27,0,6.06,266.66,170.03,558.51,-1,-1,-1,-1
28,0,5.14,263.62,206.78,565.11,-1,-1,-1,-1
29,0,20.36,261.41,222.30,563.46,-1,-1,-1,-1
30,0,39.15,260.48,255.32,560.10,-1,-1,-1,-1
31,0,56.36,260.18,275.65,563.71,-1,-1,-1,-1
32,0,91.65,265.34,257.77,557.90,-1,-1,-1,-1
33,0,117.77,267.72,245.72,554.71,-1,-1,-1,-1
34,0,147.16,259.98,227.64,562.23,-1,-1,-1,-1
35,0,171.61,249.22,221.08,575.19,-1,-1,-1,-1
36,0,191.64,249.32,243.65,571.76,-1,-1,-1,-1
37,0,208.48,252.06,263.28,565.55,-1,-1,-1,-1
38,0,230.61,253.89,273.33,561.77,-1,-1,-1,-1
39,0,252.72,257.89,277.76,557.70,-1,-1,-1,-1
40,0,273.08,264.64,270.15,547.87,-1,-1,-1,-1
41,0,289.77,266.81,259.42,543.63,-1,-1,-1,-1
42,0,305.81,259.78,246.42,543.97,-1,-1,-1,-1
43,0,313.93,254.96,248.41,546.64,-1,-1,-1,-1
44,0,322.22,252.27,251.29,548.23,-1,-1,-1,-1
45,0,331.31,250.44,252.64,550.14,-1,-1,-1,-1
46,0,345.14,250.91,247.18,554.86,-1,-1,-1,-1
47,0,357.42,251.20,242.90,564.92,-1,-1,-1,-1
48,0,366.41,251.83,241.90,571.68,-1,-1,-1,-1
49,0,373.97,251.44,245.92,575.15,-1,-1,-1,-1
50,0,385.94,255.53,244.82,570.77,-1,-1,-1,-1
51,0,390.82,249.07,253.55,577.63,-1,-1,-1,-1
52,0,396.65,246.46,271.08,579.82,-1,-1,-1,-1
53,0,411.95,244.67,279.93,587.00,-1,-1,-1,-1
54,0,427.63,246.17,291.99,589.54,-1,-1,-1,-1
55,0,441.36,243.79,293.25,594.10,-1,-1,-1,-1
56,0,463.64,245.80,276.26,596.68,-1,-1,-1,-1
57,0,486.89,246.79,250.89,599.72,-1,-1,-1,-1
58,0,499.35,248.61,236.83,596.98,-1,-1,-1,-1
59,0,517.91,238.14,215.18,612.36,-1,-1,-1,-1
60,0,535.41,227.55,200.60,626.79,-1,-1,-1,-1
61,0,561.63,225.04,192.65,639.70,-1,-1,-1,-1
62,0,572.83,229.71,204.13,628.46,-1,-1,-1,-1
63,0,573.60,234.97,231.73,621.25,-1,-1,-1,-1
64,0,579.48,232.75,250.98,626.48,-1,-1,-1,-1
65,0,586.55,227.99,263.08,640.03,-1,-1,-1,-1
66,0,591.81,214.16,266.79,665.10,-1,-1,-1,-1
67,0,599.47,209.89,259.22,674.45,-1,-1,-1,-1
68,0,609.73,210.54,255.49,675.45,-1,-1,-1,-1
69,0,634.88,215.66,251.53,671.94,-1,-1,-1,-1
70,0,667.30,196.78,238.50,709.65,-1,-1,-1,-1
71,0,695.01,200.61,224.26,710.71,-1,-1,-1,-1
72,0,694.33,206.62,237.66,703.61,-1,-1,-1,-1
73,0,704.09,212.92,246.60,697.53,-1,-1,-1,-1
74,0,720.02,207.38,256.53,715.06,-1,-1,-1,-1
75,0,732.56,202.07,287.51,740.74,-1,-1,-1,-1
76,0,745.90,194.79,328.38,774.31,-1,-1,-1,-1
77,0,759.37,188.93,355.07,785.51,-1,-1,-1,-1
78,0,780.85,192.66,368.74,779.74,-1,-1,-1,-1
79,0,819.87,201.58,343.64,778.06,-1,-1,-1,-1
80,0,857.82,207.70,298.58,777.17,-1,-1,-1,-1
81,0,884.08,214.45,268.10,770.64,-1,-1,-1,-1
82,0,905.41,195.26,244.13,810.78,-1,-1,-1,-1
83,0,924.77,197.20,242.85,802.46,-1,-1,-1,-1
84,0,944.78,187.58,271.20,805.40,-1,-1,-1,-1
85,0,952.47,202.97,315.92,780.10,-1,-1,-1,-1
86,0,957.63,209.13,375.83,773.63,-1,-1,-1,-1
87,0,976.89,194.21,389.43,789.07,-1,-1,-1,-1
88,0,1007.35,186.38,373.60,797.94,-1,-1,-1,-1
89,0,1044.71,188.81,337.67,794.38,-1,-1,-1,-1
90,0,1092.10,173.52,299.35,811.84,-1,-1,-1,-1
91,0,1147.91,166.07,269.74,818.12,-1,-1,-1,-1
92,0,1186.41,156.06,294.13,841.30,-1,-1,-1,-1
93,0,1219.29,148.88,330.34,861.24,-1,-1,-1,-1
94,0,1255.07,148.77,338.31,863.91,-1,-1,-1,-1
95,0,1285.26,157.00,346.39,851.68,-1,-1,-1,-1
96,0,1304.87,172.96,350.97,824.98,-1,-1,-1,-1
97,0,1331.22,178.64,335.47,821.37,-1,-1,-1,-1
98,0,1347.40,172.82,317.76,837.51,-1,-1,-1,-1
99,0,1353.47,175.75,310.94,832.38,-1,-1,-1,-1
100,0,1360.53,169.45,311.87,844.04,-1,-1,-1,-1
101,0,1367.96,165.73,329.14,846.68,-1,-1,-1,-1
102,0,1377.31,172.80,341.43,835.57,-1,-1,-1,-1
102,2,21.42,242.18,267.62,571.44,-1,-1,-1,-1
103,0,1381.09,178.76,355.69,817.58,-1,-1,-1,-1
103,2,31.46,241.08,255.22,569.93,-1,-1,-1,-1
104,0,1393.80,172.50,345.22,821.25,-1,-1,-1,-1
104,2,42.38,234.56,249.76,575.22,-1,-1,-1,-1
105,0,1402.20,178.28,324.96,797.43,-1,-1,-1,-1
105,2,56.39,230.71,239.55,580.19,-1,-1,-1,-1
106,0,1416.22,181.94,297.87,782.17,-1,-1,-1,-1
106,2,63.40,229.20,250.42,578.51,-1,-1,-1,-1
107,0,1432.01,180.68,275.13,775.39,-1,-1,-1,-1
107,2,81.62,231.47,275.81,573.38,-1,-1,-1,-1
108,0,1454.11,185.78,247.23,756.76,-1,-1,-1,-1
108,2,99.13,242.44,296.33,556.28,-1,-1,-1,-1
109,0,1450.07,186.25,254.46,764.12,-1,-1,-1,-1
109,2,134.10,245.62,280.77,554.00,-1,-1,-1,-1
110,0,1442.28,185.76,254.98,759.36,-1,-1,-1,-1
110,2,166.39,249.15,259.96,549.52,-1,-1,-1,-1
111,0,1418.87,185.57,270.99,763.03,-1,-1,-1,-1
111,2,194.59,250.40,236.10,546.91,-1,-1,-1,-1
112,0,1399.90,184.85,277.23,757.72,-1,-1,-1,-1
112,2,215.26,230.77,224.57,569.71,-1,-1,-1,-1
113,0,1388.44,190.15,276.90,731.10,-1,-1,-1,-1
113,2,238.94,226.47,221.30,576.03,-1,-1,-1,-1
114,0,1382.91,193.57,268.75,711.77,-1,-1,-1,-1
114,2,257.53,220.08,223.65,587.33,-1,-1,-1,-1
115,0,1372.26,196.46,268.06,699.66,-1,-1,-1,-1
115,2,277.38,223.43,238.23,578.31,-1,-1,-1,-1
116,0,1362.34,196.93,270.91,694.10,-1,-1,-1,-1
116,2,294.25,224.24,254.59,573.81,-1,-1,-1,-1
117,0,1343.70,194.90,276.98,693.36,-1,-1,-1,-1
117,2,310.37,229.15,272.54,565.76,-1,-1,-1,-1
118,0,1320.35,199.00,285.54,686.89,-1,-1,-1,-1
118,2,329.66,234.65,262.78,558.91,-1,-1,-1,-1
119,0,1307.60,203.36,289.39,679.99,-1,-1,-1,-1
119,2,342.80,239.28,258.97,554.61,-1,-1,-1,-1
120,0,1296.23,204.01,301.91,683.87,-1,-1,-1,-1
120,2,349.60,238.05,267.88,554.43,-1,-1,-1,-1
121,0,1288.76,201.29,279.26,689.85,-1,-1,-1,-1
121,2,365.45,236.04,249.93,555.71,-1,-1,-1,-1
122,0,1281.62,183.68,241.05,714.61,-1,-1,-1,-1
122,2,377.77,232.85,251.07,556.58,-1,-1,-1,-1
123,0,1262.98,168.09,229.61,743.46,-1,-1,-1,-1
123,2,401.48,231.95,241.50,554.99,-1,-1,-1,-1
124,0,1247.84,168.10,222.57,738.25,-1,-1,-1,-1
124,2,414.99,230.46,240.14,552.82,-1,-1,-1,-1
125,0,1226.25,174.47,214.73,735.71,-1,-1,-1,-1
125,2,435.45,231.02,243.34,556.11,-1,-1,-1,-1
126,0,1189.68,179.21,231.49,730.18,-1,-1,-1,-1
126,2,454.97,235.25,243.77,555.54,-1,-1,-1,-1
127,0,1152.46,171.21,258.42,753.26,-1,-1,-1,-1
127,2,484.85,233.22,226.17,565.98,-1,-1,-1,-1
128,0,1138.16,183.68,262.43,742.37,-1,-1,-1,-1
128,2,504.71,229.88,214.29,575.13,-1,-1,-1,-1
129,0,1130.56,194.76,264.38,726.47,-1,-1,-1,-1
129,2,526.32,229.14,209.00,569.02,-1,-1,-1,-1
130,0,1117.88,196.48,267.35,726.19,-1,-1,-1,-1
130,2,548.09,224.65,201.93,570.43,-1,-1,-1,-1
131,0,1099.01,191.23,274.13,744.18,-1,-1,-1,-1
131,2,568.14,214.38,202.36,582.57,-1,-1,-1,-1
132,0,1072.82,187.15,302.07,761.65,-1,-1,-1,-1
132,2,586.28,218.03,211.53,574.54,-1,-1,-1,-1
133,0,1051.24,180.84,328.16,781.57,-1,-1,-1,-1
133,2,596.94,219.10,235.40,578.55,-1,-1,-1,-1
134,0,1020.47,174.07,364.84,811.26,-1,-1,-1,-1
134,2,615.01,220.62,243.02,582.01,-1,-1,-1,-1
135,0,992.44,172.00,388.81,830.45,-1,-1,-1,-1
135,2,632.76,226.10,240.92,577.79,-1,-1,-1,-1
136,0,967.61,178.06,391.09,815.94,-1,-1,-1,-1
136,2,647.28,222.68,241.82,585.30,-1,-1,-1,-1
137,0,950.47,176.13,371.31,858.50,-1,-1,-1,-1
137,2,656.14,216.34,243.58,589.29,-1,-1,-1,-1
138,0,940.17,172.68,354.40,872.56,-1,-1,-1,-1
138,2,661.08,216.11,247.45,578.44,-1,-1,-1,-1
139,0,939.63,178.17,324.99,860.86,-1,-1,-1,-1
139,2,668.99,216.48,246.15,573.99,-1,-1,-1,-1
140,0,947.36,172.72,293.74,874.36,-1,-1,-1,-1
140,2,700.70,210.01,222.70,577.92,-1,-1,-1,-1
141,0,954.11,160.80,261.27,887.37,-1,-1,-1,-1
141,2,723.77,217.59,221.29,565.43,-1,-1,-1,-1
142,0,941.95,149.17,253.97,910.07,-1,-1,-1,-1
142,2,751.28,216.11,215.93,570.60,-1,-1,-1,-1
143,0,899.91,152.03,288.08,920.52,-1,-1,-1,-1
143,2,778.72,214.36,205.47,577.88,-1,-1,-1,-1
144,0,846.01,149.95,339.34,927.71,-1,-1,-1,-1
144,2,796.93,217.81,201.83,570.52,-1,-1,-1,-1
145,0,824.68,164.92,343.32,908.25,-1,-1,-1,-1
145,2,817.77,220.14,183.68,556.68,-1,-1,-1,-1
146,0,819.48,159.12,331.13,918.29,-1,-1,-1,-1
146,2,835.98,222.51,181.45,549.92,-1,-1,-1,-1
147,0,822.58,154.86,299.86,926.74,-1,-1,-1,-1
147,2,854.20,224.88,179.21,543.17,-1,-1,-1,-1
148,0,819.11,153.44,285.44,922.20,-1,-1,-1,-1
148,2,872.41,227.25,176.97,536.41,-1,-1,-1,-1
149,0,799.32,143.63,296.10,931.39,-1,-1,-1,-1
149,2,890.63,229.62,174.74,529.65,-1,-1,-1,-1
150,0,766.43,145.43,317.78,923.99,-1,-1,-1,-1
151,0,743.38,152.93,322.52,907.96,-1,-1,-1,-1
151,2,941.67,225.63,176.86,529.45,-1,-1,-1,-1
152,0,723.50,150.10,297.05,909.68,-1,-1,-1,-1
152,2,952.99,222.75,190.69,542.51,-1,-1,-1,-1
153,0,693.56,156.19,298.54,909.86,-1,-1,-1,-1
153,2,961.16,213.07,201.62,561.60,-1,-1,-1,-1
154,0,664.29,148.51,316.44,924.41,-1,-1,-1,-1
154,2,976.03,218.33,197.87,548.93,-1,-1,-1,-1
155,0,619.63,150.66,353.24,922.92,-1,-1,-1,-1
155,2,996.67,215.74,180.81,553.19,-1,-1,-1,-1
156,0,562.54,144.03,373.18,932.95,-1,-1,-1,-1
156,2,1019.24,216.53,164.89,548.80,-1,-1,-1,-1
157,0,505.74,133.91,386.37,942.11,-1,-1,-1,-1
157,2,1041.53,207.52,165.09,559.37,-1,-1,-1,-1
158,0,453.42,127.78,404.91,946.05,-1,-1,-1,-1
158,2,1061.41,200.36,169.41,572.67,-1,-1,-1,-1
159,0,412.84,136.60,425.66,931.71,-1,-1,-1,-1
159,2,1077.19,212.66,181.02,553.21,-1,-1,-1,-1
160,0,389.83,136.41,437.63,931.89,-1,-1,-1,-1
160,2,1087.28,216.40,200.31,543.56,-1,-1,-1,-1
161,0,371.46,135.34,450.42,934.42,-1,-1,-1,-1
161,2,1094.93,204.39,220.34,564.60,-1,-1,-1,-1
162,0,367.82,134.45,448.20,939.12,-1,-1,-1,-1
162,2,1099.75,203.55,239.68,566.84,-1,-1,-1,-1
163,0,374.77,137.38,439.70,936.66,-1,-1,-1,-1
163,2,1106.83,211.66,244.70,556.21,-1,-1,-1,-1
164,0,397.39,139.15,416.60,934.21,-1,-1,-1,-1
164,2,1141.07,212.94,211.16,549.04,-1,-1,-1,-1
165,0,430.14,140.91,383.46,933.59,-1,-1,-1,-1
165,2,1174.85,204.67,181.67,558.27,-1,-1,-1,-1
166,0,460.61,143.11,354.55,931.72,-1,-1,-1,-1
166,2,1197.56,200.94,176.39,562.29,-1,-1,-1,-1
167,0,484.38,145.14,334.33,928.99,-1,-1,-1,-1
167,2,1208.06,192.06,185.28,576.73,-1,-1,-1,-1
168,0,505.54,149.20,317.12,919.48,-1,-1,-1,-1
168,2,1213.65,196.04,217.93,575.77,-1,-1,-1,-1
169,0,529.18,155.48,299.25,909.29,-1,-1,-1,-1
169,2,1223.35,198.37,259.50,576.12,-1,-1,-1,-1
170,0,546.97,164.21,288.65,891.82,-1,-1,-1,-1
170,2,1237.49,192.82,266.95,592.89,-1,-1,-1,-1
171,0,564.80,174.68,280.86,874.76,-1,-1,-1,-1
171,2,1253.49,183.55,262.29,615.13,-1,-1,-1,-1
172,0,583.83,176.66,262.43,872.95,-1,-1,-1,-1
172,2,1270.65,184.57,246.54,614.18,-1,-1,-1,-1
173,0,590.38,174.03,255.73,873.46,-1,-1,-1,-1
173,2,1281.20,190.16,238.29,608.17,-1,-1,-1,-1
174,0,592.77,170.18,247.53,864.79,-1,-1,-1,-1
174,2,1288.86,188.35,232.65,611.29,-1,-1,-1,-1
175,0,594.92,171.08,247.41,864.93,-1,-1,-1,-1
175,2,1299.92,200.31,232.65,593.15,-1,-1,-1,-1
176,0,592.78,174.09,271.33,855.45,-1,-1,-1,-1
176,2,1313.01,201.18,238.31,592.69,-1,-1,-1,-1
177,0,593.61,179.57,302.99,829.36,-1,-1,-1,-1
177,2,1326.26,197.39,248.27,603.64,-1,-1,-1,-1
178,0,594.54,185.59,324.74,807.36,-1,-1,-1,-1
178,2,1339.34,184.13,272.09,631.42,-1,-1,-1,-1
179,0,596.17,191.79,329.03,793.24,-1,-1,-1,-1
179,2,1344.30,179.14,288.20,648.67,-1,-1,-1,-1
180,0,591.99,197.02,339.19,778.09,-1,-1,-1,-1
180,2,1350.03,179.08,307.03,655.42,-1,-1,-1,-1
181,0,591.07,201.52,325.83,764.77,-1,-1,-1,-1
181,2,1354.93,174.99,297.87,673.21,-1,-1,-1,-1
182,0,584.81,206.58,312.59,742.75,-1,-1,-1,-1
182,2,1350.90,173.08,313.72,682.82,-1,-1,-1,-1
183,0,585.42,203.82,278.71,731.17,-1,-1,-1,-1
183,2,1349.43,173.44,325.72,686.88,-1,-1,-1,-1
184,0,584.53,200.77,261.06,722.92,-1,-1,-1,-1
184,2,1343.73,174.17,338.26,688.19,-1,-1,-1,-1
185,0,593.54,200.66,225.44,722.06,-1,-1,-1,-1
185,2,1363.62,172.42,311.76,695.99,-1,-1,-1,-1
186,0,604.77,205.38,198.70,709.70,-1,-1,-1,-1
186,2,1379.97,168.37,298.23,715.41,-1,-1,-1,-1
187,0,602.02,204.02,212.18,705.31,-1,-1,-1,-1
187,2,1387.52,163.23,290.71,741.73,-1,-1,-1,-1
188,0,610.87,211.58,210.40,688.23,-1,-1,-1,-1
188,2,1393.83,164.04,285.39,750.56,-1,-1,-1,-1
189,0,611.99,213.80,224.60,681.69,-1,-1,-1,-1
189,2,1401.31,169.18,279.47,752.34,-1,-1,-1,-1
189,3,12.27,257.76,238.25,552.86,-1,-1,-1,-1
190,0,612.35,217.22,241.00,663.80,-1,-1,-1,-1
190,2,1414.28,169.49,257.55,755.53,-1,-1,-1,-1
190,3,13.38,249.43,240.62,578.23,-1,-1,-1,-1
191,0,608.34,219.53,268.32,654.38,-1,-1,-1,-1
191,2,1414.50,165.61,243.16,760.99,-1,-1,-1,-1
191,3,19.13,246.38,238.05,585.95,-1,-1,-1,-1
192,0,603.68,228.45,284.27,639.80,-1,-1,-1,-1
192,2,1405.77,155.44,237.86,771.37,-1,-1,-1,-1
192,3,20.97,245.57,238.27,584.43,-1,-1,-1,-1
193,0,603.29,227.56,298.06,639.09,-1,-1,-1,-1
193,2,1393.68,159.36,241.06,753.29,-1,-1,-1,-1
193,3,26.19,246.01,239.30,577.59,-1,-1,-1,-1
194,0,620.45,230.85,304.36,633.82,-1,-1,-1,-1
194,2,1369.03,161.13,254.56,749.92,-1,-1,-1,-1
194,3,33.08,243.36,243.38,582.88,-1,-1,-1,-1
195,0,651.91,234.14,283.16,624.50,-1,-1,-1,-1
195,2,1328.59,163.38,283.16,745.14,-1,-1,-1,-1
195,3,45.89,240.72,242.57,587.32,-1,-1,-1,-1
196,0,681.07,237.38,259.91,613.39,-1,-1,-1,-1
196,2,1290.30,164.60,313.39,749.71,-1,-1,-1,-1
196,3,57.83,241.16,249.40,588.46,-1,-1,-1,-1
197,0,740.55,237.33,212.74,605.65,-1,-1,-1,-1
197,2,1268.38,170.85,329.87,744.79,-1,-1,-1,-1
197,3,70.86,250.51,249.08,577.29,-1,-1,-1,-1
198,0,778.33,230.33,185.61,593.74,-1,-1,-1,-1
198,2,1253.57,175.69,325.18,740.78,-1,-1,-1,-1
198,3,85.12,258.83,242.87,566.67,-1,-1,-1,-1
199,0,797.54,227.09,204.96,596.08,-1,-1,-1,-1
199,2,1245.07,173.19,295.94,742.94,-1,-1,-1,-1
199,3,93.50,251.99,240.80,577.12,-1,-1,-1,-1
200,0,813.05,231.31,228.65,576.23,-1,-1,-1,-1
200,2,1228.93,163.06,260.63,749.70,-1,-1,-1,-1
200,3,104.48,254.11,234.04,574.36,-1,-1,-1,-1
201,0,827.83,229.62,243.83,577.47,-1,-1,-1,-1
201,2,1207.76,153.91,252.87,763.44,-1,-1,-1,-1
201,3,109.25,248.98,233.62,583.30,-1,-1,-1,-1
202,0,842.23,231.60,254.47,572.88,-1,-1,-1,-1
202,2,1178.66,151.18,246.68,770.51,-1,-1,-1,-1
202,3,112.81,244.84,237.74,594.85,-1,-1,-1,-1
203,0,858.73,235.90,258.25,571.70,-1,-1,-1,-1
203,2,1129.63,151.89,276.65,771.18,-1,-1,-1,-1
203,3,116.45,243.03,252.01,600.51,-1,-1,-1,-1
204,0,883.77,233.73,248.37,574.69,-1,-1,-1,-1
204,2,1097.93,149.16,291.69,770.11,-1,-1,-1,-1
204,3,124.98,240.16,253.27,604.13,-1,-1,-1,-1
205,0,906.06,233.61,237.56,570.63,-1,-1,-1,-1
205,2,1078.98,156.57,307.57,766.39,-1,-1,-1,-1
205,3,130.84,238.40,248.18,604.12,-1,-1,-1,-1
206,0,940.04,234.91,211.48,580.76,-1,-1,-1,-1
206,2,1054.45,160.35,322.76,763.81,-1,-1,-1,-1
206,3,134.18,235.44,242.43,619.62,-1,-1,-1,-1
207,0,974.79,228.69,183.01,568.71,-1,-1,-1,-1
207,2,1046.46,161.05,315.86,772.80,-1,-1,-1,-1
207,3,137.20,236.58,235.63,634.09,-1,-1,-1,-1
208,0,994.92,228.05,181.94,565.41,-1,-1,-1,-1
208,2,1002.60,154.17,327.56,781.63,-1,-1,-1,-1
208,3,138.54,236.35,232.33,642.52,-1,-1,-1,-1
209,0,1015.04,227.41,180.87,562.10,-1,-1,-1,-1
209,2,967.87,153.21,313.15,773.96,-1,-1,-1,-1
209,3,140.40,236.16,227.95,652.53,-1,-1,-1,-1
210,0,1035.17,226.77,179.80,558.79,-1,-1,-1,-1
210,2,963.56,160.93,287.49,734.19,-1,-1,-1,-1
210,3,141.64,232.56,225.93,664.33,-1,-1,-1,-1
211,0,1055.29,226.14,178.73,555.49,-1,-1,-1,-1
211,2,939.82,160.55,311.47,744.75,-1,-1,-1,-1
211,3,138.90,233.26,228.03,665.34,-1,-1,-1,-1
212,2,908.60,172.09,347.34,728.00,-1,-1,-1,-1
212,3,134.01,237.11,230.54,655.76,-1,-1,-1,-1
213,0,1108.24,225.93,197.63,582.50,-1,-1,-1,-1
213,2,874.01,176.37,372.46,733.53,-1,-1,-1,-1
213,3,131.17,231.29,231.57,664.16,-1,-1,-1,-1
214,0,1104.68,214.72,228.81,597.17,-1,-1,-1,-1
214,2,851.59,167.38,352.52,758.36,-1,-1,-1,-1
214,3,124.91,223.93,236.34,675.82,-1,-1,-1,-1
215,0,1112.76,209.43,245.25,600.26,-1,-1,-1,-1
215,2,834.52,175.10,338.91,743.56,-1,-1,-1,-1
215,3,115.14,220.75,245.98,693.84,-1,-1,-1,-1
216,0,1124.86,207.48,251.15,599.95,-1,-1,-1,-1
216,2,820.25,174.07,328.01,748.47,-1,-1,-1,-1
216,3,107.34,223.06,255.55,702.50,-1,-1,-1,-1
217,0,1137.71,207.70,247.84,602.03,-1,-1,-1,-1
217,2,821.18,174.13,290.55,744.33,-1,-1,-1,-1
217,3,101.02,226.85,262.03,701.62,-1,-1,-1,-1
218,0,1153.60,214.15,248.14,590.41,-1,-1,-1,-1
218,2,807.91,180.13,261.94,727.07,-1,-1,-1,-1
218,3,89.98,227.56,272.24,712.23,-1,-1,-1,-1
219,0,1174.85,214.57,257.99,590.81,-1,-1,-1,-1
219,2,775.44,170.09,254.69,757.00,-1,-1,-1,-1
219,3,76.57,226.39,284.57,721.88,-1,-1,-1,-1
220,0,1190.26,209.22,262.99,601.35,-1,-1,-1,-1
220,2,743.56,172.56,267.08,751.61,-1,-1,-1,-1
220,3,65.43,223.36,295.73,731.11,-1,-1,-1,-1
221,0,1206.02,212.53,252.35,599.70,-1,-1,-1,-1
221,2,703.28,173.81,296.87,747.54,-1,-1,-1,-1
221,3,48.45,213.76,312.40,754.65,-1,-1,-1,-1
222,0,1216.14,213.47,247.41,597.76,-1,-1,-1,-1
222,2,667.85,173.79,325.44,747.96,-1,-1,-1,-1
222,3,37.38,209.54,320.47,762.03,-1,-1,-1,-1
223,0,1231.53,222.40,234.46,585.85,-1,-1,-1,-1
223,2,631.27,168.61,349.62,752.28,-1,-1,-1,-1
223,3,31.74,206.90,325.26,769.17,-1,-1,-1,-1
224,0,1254.18,221.20,212.03,593.30,-1,-1,-1,-1
224,2,611.76,169.22,355.45,752.74,-1,-1,-1,-1
224,3,30.45,202.03,321.94,784.30,-1,-1,-1,-1
225,0,1265.83,218.15,200.80,603.19,-1,-1,-1,-1
225,2,599.95,171.12,335.22,748.66,-1,-1,-1,-1
225,3,36.62,197.64,308.79,801.14,-1,-1,-1,-1
226,0,1268.93,216.84,204.88,609.59,-1,-1,-1,-1
226,2,579.84,172.93,311.65,744.68,-1,-1,-1,-1
226,3,45.37,192.06,295.91,818.98,-1,-1,-1,-1
227,0,1261.25,215.31,225.35,614.90,-1,-1,-1,-1
227,2,570.23,177.29,270.28,744.43,-1,-1,-1,-1
227,3,58.60,187.59,288.45,842.16,-1,-1,-1,-1
228,0,1254.00,216.70,242.20,617.86,-1,-1,-1,-1
228,2,555.85,171.68,254.52,748.47,-1,-1,-1,-1
228,3,67.99,187.56,283.53,850.57,-1,-1,-1,-1
229,0,1244.46,215.51,260.21,619.98,-1,-1,-1,-1
229,2,532.59,169.96,251.70,750.07,-1,-1,-1,-1
229,3,80.85,188.59,272.24,844.96,-1,-1,-1,-1
230,0,1238.47,218.80,270.16,614.70,-1,-1,-1,-1
230,2,511.40,172.36,251.96,742.62,-1,-1,-1,-1
230,3,97.98,189.56,262.39,845.64,-1,-1,-1,-1
231,0,1235.25,215.92,266.42,619.51,-1,-1,-1,-1
231,2,473.51,175.03,283.97,737.63,-1,-1,-1,-1
231,3,113.09,182.10,254.73,849.59,-1,-1,-1,-1
232,0,1233.01,217.71,251.85,622.98,-1,-1,-1,-1
232,2,433.14,177.20,317.80,741.00,-1,-1,-1,-1
232,3,127.13,178.24,252.79,848.29,-1,-1,-1,-1
233,0,1226.45,212.44,234.35,647.07,-1,-1,-1,-1
233,2,409.24,175.46,337.21,749.96,-1,-1,-1,-1
233,3,143.03,174.48,251.28,856.24,-1,-1,-1,-1
234,0,1225.63,211.12,211.96,654.29,-1,-1,-1,-1
234,2,404.39,182.13,321.49,743.99,-1,-1,-1,-1
234,3,151.40,175.67,262.05,859.75,-1,-1,-1,-1
235,0,1223.89,213.67,201.14,654.12,-1,-1,-1,-1
235,2,382.87,188.52,314.16,729.63,-1,-1,-1,-1
235,3,162.35,164.74,268.20,889.70,-1,-1,-1,-1
236,0,1212.22,213.26,204.14,662.75,-1,-1,-1,-1
236,2,365.49,191.67,291.30,721.40,-1,-1,-1,-1
236,3,179.83,173.48,269.35,875.75,-1,-1,-1,-1
237,0,1195.09,214.99,215.07,670.59,-1,-1,-1,-1
237,2,332.13,183.55,304.22,776.32,-1,-1,-1,-1
237,3,184.53,171.58,321.19,887.34,-1,-1,-1,-1
238,0,1171.17,209.39,222.32,683.07,-1,-1,-1,-1
238,2,312.60,187.85,317.58,754.73,-1,-1,-1,-1
238,3,188.23,166.63,372.19,903.86,-1,-1,-1,-1
239,0,1152.23,203.75,226.44,691.61,-1,-1,-1,-1
239,2,290.35,188.72,318.52,756.97,-1,-1,-1,-1
239,3,184.30,164.96,412.39,904.72,-1,-1,-1,-1
240,0,1137.63,202.50,227.57,692.60,-1,-1,-1,-1
240,2,268.10,189.58,319.47,759.21,-1,-1,-1,-1
240,3,192.35,169.83,403.26,903.26,-1,-1,-1,-1
241,0,1128.54,196.45,214.76,702.15,-1,-1,-1,-1
241,2,245.86,190.45,320.41,761.45,-1,-1,-1,-1
241,3,189.54,154.03,399.41,919.37,-1,-1,-1,-1
242,0,1112.02,195.72,218.31,696.81,-1,-1,-1,-1
242,2,223.61,191.32,321.35,763.69,-1,-1,-1,-1
242,3,184.24,158.60,398.25,911.80,-1,-1,-1,-1
243,0,1088.28,192.55,235.74,706.88,-1,-1,-1,-1
243,3,191.42,145.71,383.85,932.62,-1,-1,-1,-1
244,0,1069.41,199.23,252.84,696.90,-1,-1,-1,-1
244,3,192.02,141.71,385.97,935.12,-1,-1,-1,-1
245,0,1048.15,195.20,272.27,701.73,-1,-1,-1,-1
245,3,196.43,138.20,382.65,933.63,-1,-1,-1,-1
246,0,1040.60,198.77,253.65,691.09,-1,-1,-1,-1
246,3,178.67,128.56,411.01,938.31,-1,-1,-1,-1
247,0,1030.81,207.33,233.15,675.73,-1,-1,-1,-1
247,3,153.22,131.81,443.26,926.08,-1,-1,-1,-1
248,0,1012.29,215.03,216.92,657.14,-1,-1,-1,-1
248,3,138.83,138.66,463.71,911.31,-1,-1,-1,-1
249,0,999.15,207.13,212.60,664.89,-1,-1,-1,-1
249,3,139.07,135.44,464.65,920.26,-1,-1,-1,-1
250,0,983.83,208.63,204.44,668.76,-1,-1,-1,-1
250,2,115.23,157.94,311.38,841.84,-1,-1,-1,-1
250,3,140.75,134.52,464.29,919.50,-1,-1,-1,-1
251,0,961.85,206.94,212.39,670.98,-1,-1,-1,-1
251,2,101.40,161.20,311.91,846.56,-1,-1,-1,-1
251,3,142.43,133.60,463.93,918.74,-1,-1,-1,-1
252,0,927.87,203.89,232.85,671.87,-1,-1,-1,-1
252,2,94.76,157.35,301.10,865.58,-1,-1,-1,-1
252,3,144.11,132.68,463.57,917.99,-1,-1,-1,-1
253,0,913.73,199.98,236.81,677.71,-1,-1,-1,-1
253,2,88.93,161.65,295.66,858.54,-1,-1,-1,-1
253,3,145.78,131.76,463.22,917.23,-1,-1,-1,-1
254,0,906.11,207.84,230.96,669.08,-1,-1,-1,-1
254,2,67.58,152.64,314.81,885.42,-1,-1,-1,-1
254,5,335.10,119.52,396.76,947.66,-1,-1,-1,-1
255,0,902.77,214.27,217.95,659.21,-1,-1,-1,-1
255,2,48.95,155.22,335.35,888.89,-1,-1,-1,-1
255,5,334.28,111.18,418.27,959.84,-1,-1,-1,-1
256,0,892.42,221.01,210.38,643.14,-1,-1,-1,-1
256,2,40.66,148.75,335.77,902.10,-1,-1,-1,-1
256,5,338.44,95.98,439.30,975.34,-1,-1,-1,-1
257,0,883.01,214.99,195.33,652.23,-1,-1,-1,-1
257,2,40.50,140.97,332.89,917.85,-1,-1,-1,-1
257,5,345.91,93.69,451.57,978.21,-1,-1,-1,-1
258,0,872.25,211.26,186.58,660.41,-1,-1,-1,-1
258,2,33.77,136.49,343.77,929.60,-1,-1,-1,-1
258,5,372.21,96.43,439.20,972.44,-1,-1,-1,-1
259,0,859.52,220.22,187.24,647.16,-1,-1,-1,-1
259,2,47.06,134.33,326.55,942.68,-1,-1,-1,-1
259,5,402.45,95.43,420.83,970.39,-1,-1,-1,-1
260,0,851.17,223.57,190.66,642.79,-1,-1,-1,-1
260,2,57.22,135.70,315.52,940.26,-1,-1,-1,-1
260,5,420.69,84.48,424.49,984.76,-1,-1,-1,-1
261,0,849.62,224.26,185.85,646.31,-1,-1,-1,-1
261,2,70.49,139.12,298.50,933.53,-1,-1,-1,-1
261,5,452.91,68.66,400.12,1000.46,-1,-1,-1,-1
262,0,846.22,229.67,184.52,636.26,-1,-1,-1,-1
262,2,85.55,134.14,290.06,944.50,-1,-1,-1,-1
262,5,490.81,52.87,388.62,1017.72,-1,-1,-1,-1
263,0,836.69,236.98,184.45,620.09,-1,-1,-1,-1
263,2,101.71,142.02,286.23,922.09,-1,-1,-1,-1
263,5,530.39,44.56,390.55,1024.22,-1,-1,-1,-1
264,0,831.05,234.00,192.23,622.80,-1,-1,-1,-1
264,2,118.06,148.36,279.77,911.30,-1,-1,-1,-1
264,5,573.82,43.60,393.08,1027.12,-1,-1,-1,-1
265,0,822.43,236.31,190.87,618.43,-1,-1,-1,-1
265,2,135.70,141.04,278.75,918.74,-1,-1,-1,-1
265,5,615.40,118.44,404.17,931.44,-1,-1,-1,-1
266,0,813.82,238.62,189.51,614.06,-1,-1,-1,-1
266,2,149.88,139.19,284.10,910.89,-1,-1,-1,-1
266,5,649.56,81.67,422.53,979.47,-1,-1,-1,-1
267,0,805.20,240.93,188.15,609.69,-1,-1,-1,-1
267,2,156.63,140.59,282.76,906.64,-1,-1,-1,-1
267,3,161.58,125.15,372.45,942.62,-1,-1,-1,-1
267,5,707.65,69.20,412.45,994.40,-1,-1,-1,-1
268,0,796.59,243.24,186.79,605.32,-1,-1,-1,-1
268,2,163.38,142.00,281.41,902.40,-1,-1,-1,-1
268,3,176.19,126.58,382.83,942.11,-1,-1,-1,-1
268,5,765.29,62.39,400.46,1002.37,-1,-1,-1,-1
269,2,170.13,143.40,280.07,898.15,-1,-1,-1,-1
269,3,195.81,123.02,393.69,948.03,-1,-1,-1,-1
269,5,808.03,60.71,393.74,1007.63,-1,-1,-1,-1
270,0,815.33,265.82,129.98,576.28,-1,-1,-1,-1
270,2,176.88,144.81,278.72,893.91,-1,-1,-1,-1
270,3,216.57,133.85,406.31,934.28,-1,-1,-1,-1
270,5,826.11,49.52,410.63,1018.36,-1,-1,-1,-1
271,0,804.92,244.84,164.43,614.59,-1,-1,-1,-1
271,3,242.97,124.04,406.54,947.96,-1,-1,-1,-1
271,5,857.94,41.54,422.56,1030.54,-1,-1,-1,-1
272,0,798.45,228.20,176.03,651.10,-1,-1,-1,-1
272,3,284.88,111.98,352.38,951.95,-1,-1,-1,-1
272,5,927.53,15.59,385.35,1059.14,-1,-1,-1,-1
273,0,792.05,227.93,185.23,653.83,-1,-1,-1,-1
273,3,309.53,94.94,325.62,974.14,-1,-1,-1,-1
273,5,969.12,15.23,376.06,1062.83,-1,-1,-1,-1
274,0,784.51,227.71,199.68,660.24,-1,-1,-1,-1
274,3,336.06,91.85,315.80,969.54,-1,-1,-1,-1
274,5,983.98,20.85,395.34,1055.29,-1,-1,-1,-1
275,0,772.08,230.18,213.00,659.51,-1,-1,-1,-1
275,3,360.74,81.73,319.62,979.94,-1,-1,-1,-1
275,5,1028.42,21.99,385.05,1047.35,-1,-1,-1,-1
276,0,752.84,231.77,227.08,661.05,-1,-1,-1,-1
276,3,388.08,78.78,342.16,992.04,-1,-1,-1,-1
276,5,1068.15,33.66,379.13,1035.26,-1,-1,-1,-1
277,0,733.19,221.67,236.82,679.69,-1,-1,-1,-1
277,3,419.23,84.25,357.08,989.58,-1,-1,-1,-1
277,5,1108.18,42.10,373.59,1027.54,-1,-1,-1,-1
278,0,714.94,221.99,245.21,680.70,-1,-1,-1,-1
278,3,453.48,100.98,382.61,970.96,-1,-1,-1,-1
278,5,1143.73,47.86,372.62,1019.98,-1,-1,-1,-1
279,0,705.23,212.55,241.24,694.70,-1,-1,-1,-1
279,3,490.79,82.56,353.44,996.33,-1,-1,-1,-1
279,5,1169.47,53.33,387.21,1014.73,-1,-1,-1,-1
280,0,697.99,199.64,238.94,715.69,-1,-1,-1,-1
280,3,520.38,95.92,341.30,973.13,-1,-1,-1,-1
280,5,1190.44,66.66,414.18,998.94,-1,-1,-1,-1
281,0,687.10,192.63,243.71,730.00,-1,-1,-1,-1
281,3,544.86,110.73,353.49,945.06,-1,-1,-1,-1
281,5,1213.73,69.23,440.16,1003.65,-1,-1,-1,-1
282,0,676.21,185.62,248.48,744.31,-1,-1,-1,-1
282,3,581.94,108.08,322.77,960.27,-1,-1,-1,-1
282,5,1233.41,74.62,467.19,992.26,-1,-1,-1,-1
283,0,665.32,178.61,253.25,758.62,-1,-1,-1,-1
283,3,622.05,109.29,286.51,953.46,-1,-1,-1,-1
283,5,1250.82,72.10,488.84,997.89,-1,-1,-1,-1
284,0,654.43,171.60,258.02,772.93,-1,-1,-1,-1
284,3,647.58,96.87,285.76,959.76,-1,-1,-1,-1
284,5,1271.96,75.95,501.49,996.39,-1,-1,-1,-1
285,3,650.04,97.08,317.73,961.06,-1,-1,-1,-1
285,5,1293.13,74.00,500.51,1003.72,-1,-1,-1,-1
286,3,640.83,109.43,361.13,951.42,-1,-1,-1,-1
286,5,1305.15,73.33,501.84,1004.12,-1,-1,-1,-1
287,3,631.69,109.18,406.45,945.57,-1,-1,-1,-1
287,5,1326.57,87.97,489.34,977.52,-1,-1,-1,-1
288,3,693.44,155.01,352.94,903.40,-1,-1,-1,-1
288,5,1345.37,100.26,466.01,958.97,-1,-1,-1,-1
289,3,723.26,131.58,333.36,934.47,-1,-1,-1,-1
289,5,1353.97,95.76,453.15,970.60,-1,-1,-1,-1
290,3,766.88,117.15,303.31,949.66,-1,-1,-1,-1
290,5,1359.07,103.14,442.04,961.09,-1,-1,-1,-1
291,3,818.29,113.35,265.31,951.43,-1,-1,-1,-1
291,5,1354.40,98.99,447.10,969.74,-1,-1,-1,-1
292,3,867.14,108.90,248.65,941.17,-1,-1,-1,-1
292,5,1370.14,99.28,425.99,976.67,-1,-1,-1,-1
292,6,452.69,199.49,333.84,825.14,-1,-1,-1,-1
293,3,903.83,88.20,260.93,968.67,-1,-1,-1,-1
293,5,1376.04,109.64,431.41,965.59,-1,-1,-1,-1
293,6,428.23,204.32,360.22,827.30,-1,-1,-1,-1
294,3,935.78,96.98,294.04,960.58,-1,-1,-1,-1
294,5,1390.97,100.07,409.42,980.38,-1,-1,-1,-1
294,6,394.83,196.18,402.96,844.30,-1,-1,-1,-1
295,3,963.60,109.16,325.15,944.76,-1,-1,-1,-1
295,5,1400.20,104.66,404.55,964.64,-1,-1,-1,-1
295,6,380.05,187.72,418.70,862.32,-1,-1,-1,-1
296,3,991.08,98.46,339.85,955.65,-1,-1,-1,-1
296,5,1407.92,108.92,395.21,959.43,-1,-1,-1,-1
296,6,373.30,183.98,420.75,871.80,-1,-1,-1,-1
297,3,1016.15,97.85,340.95,946.32,-1,-1,-1,-1
297,5,1414.19,124.70,386.80,937.04,-1,-1,-1,-1
297,6,375.25,182.20,403.89,876.08,-1,-1,-1,-1
298,3,1050.30,101.77,325.55,943.79,-1,-1,-1,-1
298,5,1418.72,138.05,385.63,909.17,-1,-1,-1,-1
298,6,385.87,183.45,358.56,871.40,-1,-1,-1,-1
299,3,1080.60,100.79,307.28,949.68,-1,-1,-1,-1
299,5,1423.27,131.57,384.65,933.95,-1,-1,-1,-1
299,6,402.44,184.23,312.48,869.28,-1,-1,-1,-1
300,3,1109.25,87.57,308.55,966.75,-1,-1,-1,-1
300,5,1425.97,136.60,387.36,927.37,-1,-1,-1,-1
300,6,416.73,190.81,279.04,856.92,-1,-1,-1,-1
301,3,1129.57,92.78,312.86,962.95,-1,-1,-1,-1
301,5,1427.74,136.35,380.48,922.81,-1,-1,-1,-1
301,6,425.95,188.58,264.28,860.85,-1,-1,-1,-1
302,3,1146.99,82.81,331.19,983.75,-1,-1,-1,-1
302,5,1429.60,136.89,377.83,909.97,-1,-1,-1,-1
302,6,433.22,189.57,254.78,858.21,-1,-1,-1,-1
303,3,1165.97,75.56,339.43,999.01,-1,-1,-1,-1
303,5,1435.71,133.34,368.32,903.79,-1,-1,-1,-1
303,6,441.19,180.16,251.72,876.74,-1,-1,-1,-1
304,3,1183.31,87.52,354.92,989.57,-1,-1,-1,-1
304,5,1439.87,138.51,354.46,879.49,-1,-1,-1,-1
304,6,453.74,183.58,243.53,869.39,-1,-1,-1,-1
305,3,1208.32,99.78,359.89,977.83,-1,-1,-1,-1
305,5,1447.38,149.30,335.88,869.92,-1,-1,-1,-1
305,6,462.78,189.44,242.96,862.69,-1,-1,-1,-1
306,3,1224.71,122.53,378.75,946.30,-1,-1,-1,-1
306,5,1462.95,140.07,308.51,890.07,-1,-1,-1,-1
306,6,474.27,188.83,248.63,864.35,-1,-1,-1,-1
307,3,1237.85,125.82,422.44,940.44,-1,-1,-1,-1
307,5,1464.97,138.92,309.04,891.62,-1,-1,-1,-1
307,6,476.34,188.23,274.14,867.36,-1,-1,-1,-1
308,3,1257.61,136.71,441.05,927.30,-1,-1,-1,-1
308,5,1466.98,137.77,309.57,893.16,-1,-1,-1,-1
308,6,480.59,188.21,291.68,872.96,-1,-1,-1,-1
309,3,1283.24,124.80,446.33,939.21,-1,-1,-1,-1
309,5,1468.99,136.63,310.10,894.70,-1,-1,-1,-1
309,6,482.21,192.05,310.77,871.12,-1,-1,-1,-1
310,3,1302.25,111.65,462.57,953.40,-1,-1,-1,-1
310,5,1471.00,135.48,310.64,896.25,-1,-1,-1,-1
310,6,482.86,191.21,320.07,882.58,-1,-1,-1,-1
311,3,1321.80,106.56,468.43,944.37,-1,-1,-1,-1
311,6,477.27,189.26,335.45,890.22,-1,-1,-1,-1
312,3,1342.19,100.54,494.20,940.48,-1,-1,-1,-1
312,6,464.32,188.09,354.74,892.63,-1,-1,-1,-1
313,3,1355.22,100.88,513.48,941.45,-1,-1,-1,-1
313,6,452.49,188.74,366.28,890.60,-1,-1,-1,-1
314,3,1373.70,98.22,505.08,951.63,-1,-1,-1,-1
314,6,433.40,183.83,382.92,897.76,-1,-1,-1,-1
315,3,1384.14,118.88,494.95,936.65,-1,-1,-1,-1
315,6,416.43,186.92,391.29,890.06,-1,-1,-1,-1
316,3,1391.45,125.10,490.39,925.41,-1,-1,-1,-1
316,6,413.32,192.54,387.50,871.02,-1,-1,-1,-1
317,3,1398.03,140.85,472.01,868.27,-1,-1,-1,-1
317,6,416.15,187.07,377.66,875.29,-1,-1,-1,-1
318,3,1399.96,117.59,486.74,918.82,-1,-1,-1,-1
318,6,428.90,188.89,357.68,857.74,-1,-1,-1,-1
319,3,1407.41,115.11,456.82,926.66,-1,-1,-1,-1
319,6,443.16,186.32,339.01,853.59,-1,-1,-1,-1
320,3,1413.20,116.96,447.00,920.44,-1,-1,-1,-1
320,6,453.14,185.45,328.67,848.24,-1,-1,-1,-1
321,3,1457.11,123.65,376.39,910.44,-1,-1,-1,-1
321,6,464.23,184.15,321.54,845.01,-1,-1,-1,-1
322,3,1492.32,112.21,331.73,935.04,-1,-1,-1,-1
322,6,476.43,184.96,311.74,838.28,-1,-1,-1,-1
322,9,1334.46,180.52,259.75,702.62,-1,-1,-1,-1
323,3,1501.32,108.01,334.68,943.37,-1,-1,-1,-1
323,5,1524.24,114.11,286.76,929.29,-1,-1,-1,-1
323,6,489.52,187.75,300.15,827.80,-1,-1,-1,-1
323,9,1326.69,192.92,269.87,678.77,-1,-1,-1,-1
324,3,1510.32,103.81,337.64,951.71,-1,-1,-1,-1
324,5,1531.15,125.94,277.77,913.41,-1,-1,-1,-1
324,6,500.69,198.28,292.55,805.66,-1,-1,-1,-1
324,9,1320.70,195.40,267.10,655.89,-1,-1,-1,-1
325,3,1519.31,99.61,340.59,960.04,-1,-1,-1,-1
325,5,1546.26,136.56,257.24,870.56,-1,-1,-1,-1
325,6,512.03,205.57,283.90,784.56,-1,-1,-1,-1
325,9,1310.06,196.38,307.42,644.26,-1,-1,-1,-1
326,3,1528.31,95.41,343.55,968.37,-1,-1,-1,-1
326,5,1553.63,137.41,245.60,850.56,-1,-1,-1,-1
326,6,522.48,215.55,277.46,743.94,-1,-1,-1,-1
326,9,1303.29,196.67,272.51,633.64,-1,-1,-1,-1
327,5,1537.85,129.99,260.73,853.77,-1,-1,-1,-1
327,6,532.64,215.06,272.41,724.32,-1,-1,-1,-1
327,9,1289.79,200.05,250.26,626.60,-1,-1,-1,-1
328,5,1514.81,128.41,278.90,829.25,-1,-1,-1,-1
328,6,539.61,206.75,271.97,723.11,-1,-1,-1,-1
328,9,1272.25,203.82,247.60,617.08,-1,-1,-1,-1
329,5,1489.35,127.49,298.40,824.89,-1,-1,-1,-1
329,6,545.50,206.61,269.81,717.83,-1,-1,-1,-1
329,9,1263.22,201.96,232.05,620.48,-1,-1,-1,-1
330,5,1472.35,130.00,310.96,819.47,-1,-1,-1,-1
330,6,550.24,207.50,268.00,714.00,-1,-1,-1,-1
330,9,1257.42,203.57,226.90,619.14,-1,-1,-1,-1
331,5,1459.42,132.80,315.92,806.06,-1,-1,-1,-1
331,6,554.27,216.70,270.66,700.58,-1,-1,-1,-1
331,9,1254.66,197.92,218.37,624.81,-1,-1,-1,-1
332,5,1451.76,134.78,315.60,803.78,-1,-1,-1,-1
332,6,561.66,227.20,270.20,691.45,-1,-1,-1,-1
332,9,1251.22,194.03,209.63,632.40,-1,-1,-1,-1
333,5,1430.86,140.13,326.63,794.74,-1,-1,-1,-1
333,6,573.14,229.35,256.62,684.41,-1,-1,-1,-1
333,9,1246.31,206.48,187.22,613.24,-1,-1,-1,-1
334,5,1422.50,141.27,304.36,788.14,-1,-1,-1,-1
334,6,593.70,230.80,236.67,670.90,-1,-1,-1,-1
334,9,1232.32,214.97,176.32,592.60,-1,-1,-1,-1
335,5,1412.50,147.29,292.26,769.19,-1,-1,-1,-1
335,6,613.62,225.32,210.35,668.96,-1,-1,-1,-1
335,9,1210.57,212.81,182.18,587.34,-1,-1,-1,-1
336,5,1411.64,141.51,254.08,771.81,-1,-1,-1,-1
336,6,631.53,229.36,192.01,654.67,-1,-1,-1,-1
336,9,1181.09,208.51,199.39,590.62,-1,-1,-1,-1
337,5,1411.79,140.96,234.72,773.14,-1,-1,-1,-1
337,6,643.65,229.69,182.51,652.48,-1,-1,-1,-1
337,9,1161.58,208.37,208.77,588.47,-1,-1,-1,-1
338,5,1394.94,140.72,238.83,769.38,-1,-1,-1,-1
338,6,650.52,229.62,183.77,637.70,-1,-1,-1,-1
338,9,1146.04,202.31,217.84,594.28,-1,-1,-1,-1
339,5,1367.03,145.13,254.56,762.16,-1,-1,-1,-1
339,6,654.18,222.67,193.32,645.59,-1,-1,-1,-1
339,9,1131.67,213.01,229.26,571.10,-1,-1,-1,-1
340,5,1327.80,148.40,287.84,759.75,-1,-1,-1,-1
340,6,659.98,220.64,197.26,649.40,-1,-1,-1,-1
340,9,1122.32,209.93,230.96,577.14,-1,-1,-1,-1
341,5,1285.93,147.80,321.24,772.17,-1,-1,-1,-1
341,6,667.34,222.29,204.70,642.05,-1,-1,-1,-1
341,9,1111.28,214.90,234.75,570.33,-1,-1,-1,-1
342,5,1264.97,148.61,336.23,786.79,-1,-1,-1,-1
342,6,675.21,221.45,210.24,645.80,-1,-1,-1,-1
342,9,1103.83,219.13,236.80,568.53,-1,-1,-1,-1
343,5,1255.39,145.48,341.05,791.94,-1,-1,-1,-1
343,6,684.79,219.67,217.90,648.36,-1,-1,-1,-1
343,9,1091.63,212.90,234.86,588.64,-1,-1,-1,-1
344,5,1251.05,153.89,322.41,781.55,-1,-1,-1,-1
344,6,695.69,218.89,218.70,648.20,-1,-1,-1,-1
344,9,1086.60,211.48,212.09,582.94,-1,-1,-1,-1
345,5,1250.18,161.78,257.75,766.08,-1,-1,-1,-1
345,6,710.86,216.86,214.71,654.17,-1,-1,-1,-1
345,9,1074.79,216.24,199.72,581.45,-1,-1,-1,-1
346,5,1230.47,158.53,226.12,756.11,-1,-1,-1,-1
346,6,724.47,223.23,223.25,645.03,-1,-1,-1,-1
346,9,1064.08,206.92,187.18,591.93,-1,-1,-1,-1
347,5,1207.66,162.67,213.57,758.49,-1,-1,-1,-1
347,6,733.51,222.18,231.02,647.85,-1,-1,-1,-1
347,9,1053.75,205.22,178.60,593.23,-1,-1,-1,-1
348,5,1188.90,156.49,210.83,778.44,-1,-1,-1,-1
348,6,747.04,221.80,238.65,651.67,-1,-1,-1,-1
348,9,1047.79,211.38,162.27,581.39,-1,-1,-1,-1
349,5,1129.27,147.54,263.97,797.28,-1,-1,-1,-1
349,6,765.88,222.91,235.29,649.98,-1,-1,-1,-1
349,9,1036.36,206.41,162.23,593.30,-1,-1,-1,-1
350,5,1086.30,138.71,304.32,815.50,-1,-1,-1,-1
350,6,780.69,228.95,233.82,644.01,-1,-1,-1,-1
350,9,1022.98,202.18,171.62,613.66,-1,-1,-1,-1
351,5,1060.21,145.02,326.44,809.13,-1,-1,-1,-1
351,6,793.15,225.44,223.88,647.64,-1,-1,-1,-1
351,9,1014.09,207.16,176.81,601.03,-1,-1,-1,-1
352,5,1029.57,155.54,342.49,794.86,-1,-1,-1,-1
352,6,796.91,222.35,227.14,648.64,-1,-1,-1,-1
352,9,1011.78,213.47,167.95,602.60,-1,-1,-1,-1
353,5,1027.05,158.69,314.20,789.84,-1,-1,-1,-1
353,6,814.98,233.97,205.18,625.58,-1,-1,-1,-1
353,9,1008.50,219.18,151.98,589.28,-1,-1,-1,-1
354,5,1010.80,157.33,296.19,792.23,-1,-1,-1,-1
354,6,840.45,222.62,196.65,634.96,-1,-1,-1,-1
354,9,997.63,222.38,145.00,571.14,-1,-1,-1,-1
355,5,1012.42,162.92,259.75,773.92,-1,-1,-1,-1
355,6,859.05,217.15,206.48,646.48,-1,-1,-1,-1
355,9,995.84,214.73,150.52,596.52,-1,-1,-1,-1
356,5,1013.02,165.68,240.43,758.11,-1,-1,-1,-1
356,6,873.79,206.85,214.62,667.31,-1,-1,-1,-1
356,9,985.50,213.12,151.72,601.31,-1,-1,-1,-1
357,5,936.38,161.21,304.53,760.42,-1,-1,-1,-1
357,6,886.66,200.41,218.19,678.39,-1,-1,-1,-1
357,9,975.16,211.51,152.92,606.10,-1,-1,-1,-1
358,5,894.81,154.14,330.00,773.81,-1,-1,-1,-1
358,6,899.53,193.97,221.75,689.48,-1,-1,-1,-1
358,9,964.82,209.90,154.12,610.89,-1,-1,-1,-1
359,5,874.29,160.03,325.47,764.25,-1,-1,-1,-1
359,6,912.40,187.54,225.31,700.57,-1,-1,-1,-1
359,9,954.48,208.30,155.32,615.68,-1,-1,-1,-1
360,5,853.40,156.46,333.16,775.10,-1,-1,-1,-1
360,6,925.26,181.10,228.88,711.66,-1,-1,-1,-1
361,5,844.02,157.53,339.79,784.41,-1,-1,-1,-1
362,5,831.12,153.56,343.94,795.38,-1,-1,-1,-1
363,5,806.53,162.87,361.46,787.79,-1,-1,-1,-1
364,5,799.49,166.77,358.61,785.76,-1,-1,-1,-1
365,5,789.00,180.88,362.57,747.53,-1,-1,-1,-1
366,5,775.94,186.86,347.35,748.15,-1,-1,-1,-1
367,5,747.97,175.02,304.41,744.11,-1,-1,-1,-1
368,5,729.40,177.18,275.58,696.25,-1,-1,-1,-1
369,5,712.80,167.03,281.42,727.83,-1,-1,-1,-1
369,10,989.50,220.66,227.19,641.06,-1,-1,-1,-1
370,5,695.82,163.03,274.34,744.29,-1,-1,-1,-1
370,10,1011.73,223.34,211.08,628.58,-1,-1,-1,-1
371,5,657.76,155.97,320.99,785.81,-1,-1,-1,-1
371,10,1040.90,221.46,189.05,632.15,-1,-1,-1,-1
372,5,636.97,155.18,344.24,808.75,-1,-1,-1,-1
372,10,1052.87,215.67,186.87,644.29,-1,-1,-1,-1
373,5,631.70,150.08,346.06,840.21,-1,-1,-1,-1
373,10,1059.48,217.24,195.37,633.23,-1,-1,-1,-1
374,5,630.85,146.51,320.57,848.84,-1,-1,-1,-1
374,10,1071.90,216.91,198.26,628.85,-1,-1,-1,-1
375,5,605.13,153.22,308.15,836.94,-1,-1,-1,-1
375,10,1074.54,227.83,214.87,611.92,-1,-1,-1,-1
376,5,582.92,158.52,280.84,826.72,-1,-1,-1,-1
376,10,1085.35,222.71,211.83,623.57,-1,-1,-1,-1
377,5,556.55,160.39,279.44,824.65,-1,-1,-1,-1
377,10,1097.01,221.42,210.91,625.99,-1,-1,-1,-1
378,5,531.22,174.87,291.55,807.78,-1,-1,-1,-1
378,10,1106.18,226.29,218.43,619.39,-1,-1,-1,-1
379,5,491.48,180.47,318.47,800.81,-1,-1,-1,-1
379,10,1111.47,220.65,224.82,628.21,-1,-1,-1,-1
380,5,457.85,185.17,335.86,782.87,-1,-1,-1,-1
380,10,1109.70,220.23,238.38,624.81,-1,-1,-1,-1
381,5,444.62,179.17,345.26,796.75,-1,-1,-1,-1
381,10,1112.47,226.92,241.08,616.97,-1,-1,-1,-1
382,5,407.09,182.81,372.25,794.11,-1,-1,-1,-1
382,10,1112.73,228.37,253.85,624.98,-1,-1,-1,-1
383,5,372.14,179.85,408.99,807.86,-1,-1,-1,-1
383,10,1116.89,225.46,258.96,636.97,-1,-1,-1,-1
384,5,363.83,181.01,385.00,810.92,-1,-1,-1,-1
384,10,1122.30,217.04,255.37,660.43,-1,-1,-1,-1
385,5,350.05,184.45,377.01,804.50,-1,-1,-1,-1
385,10,1127.22,219.61,253.42,656.82,-1,-1,-1,-1
386,5,339.06,174.41,324.12,815.95,-1,-1,-1,-1
386,10,1136.06,215.98,247.69,660.57,-1,-1,-1,-1
386,11,574.73,213.67,196.13,655.63,-1,-1,-1,-1
387,5,309.90,177.93,317.83,798.36,-1,-1,-1,-1
387,10,1148.80,212.48,243.70,671.93,-1,-1,-1,-1
387,11,558.39,211.39,200.55,659.59,-1,-1,-1,-1
388,5,280.45,177.69,324.14,795.16,-1,-1,-1,-1
388,10,1161.15,205.37,241.95,689.18,-1,-1,-1,-1
388,11,543.19,215.89,212.40,654.61,-1,-1,-1,-1
389,5,258.53,177.24,333.80,797.50,-1,-1,-1,-1
389,10,1176.08,201.27,236.53,694.46,-1,-1,-1,-1
389,11,531.73,221.23,223.50,646.86,-1,-1,-1,-1
390,5,236.80,185.76,336.10,787.50,-1,-1,-1,-1
390,10,1189.29,195.15,233.80,703.09,-1,-1,-1,-1
390,11,525.69,224.75,229.70,645.35,-1,-1,-1,-1
391,5,211.27,184.90,357.00,798.98,-1,-1,-1,-1
391,10,1198.26,190.29,234.52,711.49,-1,-1,-1,-1
391,11,522.93,227.72,235.95,648.23,-1,-1,-1,-1
392,5,199.90,186.57,359.51,806.50,-1,-1,-1,-1
392,10,1206.63,177.12,234.49,741.20,-1,-1,-1,-1
392,11,518.66,221.72,251.96,663.32,-1,-1,-1,-1
393,5,185.98,190.82,359.72,801.35,-1,-1,-1,-1
393,10,1208.65,180.76,240.76,751.39,-1,-1,-1,-1
393,11,521.90,223.92,258.33,665.06,-1,-1,-1,-1
394,5,168.00,186.71,349.90,805.11,-1,-1,-1,-1
394,10,1208.27,180.10,246.49,769.88,-1,-1,-1,-1
394,11,533.86,218.85,254.96,674.32,-1,-1,-1,-1
395,5,159.43,189.50,327.93,794.19,-1,-1,-1,-1
395,10,1203.16,181.24,254.27,790.40,-1,-1,-1,-1
395,11,554.42,221.39,236.64,670.83,-1,-1,-1,-1
396,5,149.57,184.86,310.05,800.30,-1,-1,-1,-1
396,10,1198.67,182.32,258.90,805.37,-1,-1,-1,-1
396,11,566.74,218.90,233.62,668.61,-1,-1,-1,-1
397,5,139.49,183.60,309.68,805.65,-1,-1,-1,-1
397,10,1193.28,185.51,265.79,810.09,-1,-1,-1,-1
397,11,575.14,220.24,232.92,667.03,-1,-1,-1,-1
398,5,126.74,179.86,307.32,806.71,-1,-1,-1,-1
398,10,1188.53,187.02,269.45,808.77,-1,-1,-1,-1
398,11,594.34,221.00,227.78,665.53,-1,-1,-1,-1
399,5,113.61,187.19,307.11,796.61,-1,-1,-1,-1
399,10,1183.24,185.93,284.97,811.66,-1,-1,-1,-1
399,11,617.28,217.28,222.34,671.41,-1,-1,-1,-1
400,5,104.81,193.90,306.81,787.56,-1,-1,-1,-1
400,10,1174.79,187.88,303.71,812.11,-1,-1,-1,-1
400,11,637.64,215.51,217.73,677.15,-1,-1,-1,-1
401,5,100.63,198.64,305.04,779.61,-1,-1,-1,-1
401,10,1167.24,177.70,320.43,846.92,-1,-1,-1,-1
401,11,658.13,209.38,209.60,691.11,-1,-1,-1,-1
402,5,102.88,203.03,297.59,765.49,-1,-1,-1,-1
402,10,1158.59,164.91,338.63,881.13,-1,-1,-1,-1
402,11,673.37,207.08,217.89,693.81,-1,-1,-1,-1
403,5,108.18,205.65,292.44,743.16,-1,-1,-1,-1
403,10,1150.91,159.89,350.06,905.76,-1,-1,-1,-1
403,11,686.20,212.75,236.26,683.34,-1,-1,-1,-1
404,5,118.83,207.06,281.85,719.59,-1,-1,-1,-1
404,10,1147.60,169.58,349.17,889.91,-1,-1,-1,-1
404,11,692.61,217.26,258.02,676.93,-1,-1,-1,-1
405,5,133.70,205.81,268.03,710.46,-1,-1,-1,-1
405,10,1152.24,163.83,328.09,897.16,-1,-1,-1,-1
405,11,700.32,222.29,270.55,671.96,-1,-1,-1,-1
406,5,144.85,206.20,257.28,703.65,-1,-1,-1,-1
406,10,1154.05,158.78,301.90,892.12,-1,-1,-1,-1
406,11,716.48,213.13,256.86,682.90,-1,-1,-1,-1
407,5,164.21,200.32,235.33,704.66,-1,-1,-1,-1
407,10,1159.24,155.48,267.31,897.44,-1,-1,-1,-1
407,11,726.31,205.14,253.47,687.94,-1,-1,-1,-1
408,5,184.20,203.43,219.86,682.98,-1,-1,-1,-1
408,10,1132.35,148.85,286.63,910.49,-1,-1,-1,-1
408,11,758.55,195.09,225.62,709.20,-1,-1,-1,-1
409,5,205.21,202.91,209.14,669.11,-1,-1,-1,-1
409,10,1118.17,150.74,282.42,913.25,-1,-1,-1,-1
409,11,785.54,185.55,207.41,724.27,-1,-1,-1,-1
410,5,221.15,202.56,206.93,661.90,-1,-1,-1,-1
410,10,1090.00,152.69,305.87,917.80,-1,-1,-1,-1
410,11,814.36,195.01,202.29,705.61,-1,-1,-1,-1
411,5,234.77,207.40,209.55,649.67,-1,-1,-1,-1
411,10,1064.80,155.22,321.87,914.96,-1,-1,-1,-1
411,11,844.12,188.57,185.00,711.80,-1,-1,-1,-1
412,5,241.61,201.82,228.64,664.65,-1,-1,-1,-1
412,10,1042.31,151.71,323.34,914.60,-1,-1,-1,-1
412,11,854.95,185.76,198.99,710.17,-1,-1,-1,-1
413,5,253.12,199.24,234.59,668.12,-1,-1,-1,-1
413,10,1029.58,151.01,307.33,913.18,-1,-1,-1,-1
413,11,858.89,194.08,217.46,702.72,-1,-1,-1,-1
414,5,284.68,209.72,208.70,648.13,-1,-1,-1,-1
414,10,955.53,171.63,353.03,884.04,-1,-1,-1,-1
414,11,865.70,198.31,219.75,698.31,-1,-1,-1,-1
415,5,312.63,215.32,206.87,630.28,-1,-1,-1,-1
415,10,900.28,165.08,372.88,890.18,-1,-1,-1,-1
415,11,881.11,199.95,218.67,694.88,-1,-1,-1,-1
416,5,336.13,217.41,215.39,618.56,-1,-1,-1,-1
416,10,894.54,166.01,350.97,890.50,-1,-1,-1,-1
416,11,896.52,201.59,217.59,691.45,-1,-1,-1,-1
417,5,356.28,212.99,222.93,613.12,-1,-1,-1,-1
417,10,901.80,158.34,315.83,899.23,-1,-1,-1,-1
417,11,911.93,203.24,216.52,688.02,-1,-1,-1,-1
418,5,377.06,218.06,227.48,599.75,-1,-1,-1,-1
418,10,889.77,171.10,308.83,868.18,-1,-1,-1,-1
418,11,927.35,204.88,215.44,684.59,-1,-1,-1,-1
419,5,385.81,213.14,250.42,611.80,-1,-1,-1,-1
419,10,872.72,179.97,320.69,850.97,-1,-1,-1,-1
420,5,393.62,216.51,256.12,603.72,-1,-1,-1,-1
420,10,862.89,190.22,322.22,825.50,-1,-1,-1,-1
421,5,398.86,207.28,276.62,616.96,-1,-1,-1,-1
421,10,852.19,195.15,332.85,812.09,-1,-1,-1,-1
422,5,411.50,204.84,279.69,621.56,-1,-1,-1,-1
422,10,830.90,189.07,370.49,808.48,-1,-1,-1,-1
423,5,426.60,207.64,269.16,616.80,-1,-1,-1,-1
423,10,826.67,198.86,352.28,779.86,-1,-1,-1,-1
423,11,1019.70,208.16,259.14,663.71,-1,-1,-1,-1
424,5,457.21,215.31,243.67,611.04,-1,-1,-1,-1
424,10,823.38,204.36,304.08,757.65,-1,-1,-1,-1
424,11,1032.92,204.83,286.93,667.21,-1,-1,-1,-1
425,5,491.50,219.30,213.77,598.61,-1,-1,-1,-1
425,10,813.96,194.65,264.87,766.65,-1,-1,-1,-1
425,11,1049.03,200.42,296.54,671.67,-1,-1,-1,-1
426,5,519.53,217.46,194.81,593.10,-1,-1,-1,-1
426,10,799.60,203.29,244.93,732.60,-1,-1,-1,-1
426,11,1056.04,202.90,294.92,665.15,-1,-1,-1,-1
427,5,541.02,214.49,191.34,594.66,-1,-1,-1,-1
427,10,789.03,202.07,236.58,732.02,-1,-1,-1,-1
427,11,1065.04,205.97,291.39,657.46,-1,-1,-1,-1
428,5,556.19,201.28,200.81,618.68,-1,-1,-1,-1
428,10,781.29,198.64,231.87,739.62,-1,-1,-1,-1
428,11,1104.70,193.57,255.18,671.29,-1,-1,-1,-1
429,5,574.10,205.89,203.12,607.84,-1,-1,-1,-1
429,10,773.23,187.29,238.14,763.75,-1,-1,-1,-1
429,11,1125.36,190.20,240.76,667.70,-1,-1,-1,-1
430,5,591.12,210.26,204.37,594.66,-1,-1,-1,-1
430,10,758.51,194.65,250.54,756.51,-1,-1,-1,-1
430,11,1162.29,184.32,211.66,674.78,-1,-1,-1,-1
431,5,595.79,211.12,215.92,595.60,-1,-1,-1,-1
431,10,741.81,203.01,263.00,747.70,-1,-1,-1,-1
431,11,1192.07,183.96,202.62,669.80,-1,-1,-1,-1
432,5,596.60,212.71,222.50,600.68,-1,-1,-1,-1
432,10,731.69,212.72,259.52,723.04,-1,-1,-1,-1
432,11,1216.19,177.48,200.47,671.19,-1,-1,-1,-1
433,5,598.47,208.68,223.33,607.26,-1,-1,-1,-1
433,10,724.75,210.44,268.92,722.94,-1,-1,-1,-1
433,11,1230.02,182.84,204.33,661.57,-1,-1,-1,-1
434,5,622.15,229.52,196.86,578.95,-1,-1,-1,-1
434,10,702.12,208.80,298.89,717.70,-1,-1,-1,-1
434,11,1236.34,181.65,235.07,664.88,-1,-1,-1,-1
435,5,636.41,235.21,193.44,568.90,-1,-1,-1,-1
435,10,684.88,213.98,323.17,711.43,-1,-1,-1,-1
435,11,1249.61,180.94,255.12,670.19,-1,-1,-1,-1
436,5,650.67,240.90,190.02,558.85,-1,-1,-1,-1
436,10,683.67,208.88,319.82,726.91,-1,-1,-1,-1
436,11,1250.22,182.78,271.45,666.60,-1,-1,-1,-1
437,5,664.93,246.58,186.60,548.81,-1,-1,-1,-1
437,10,675.20,200.20,316.60,747.44,-1,-1,-1,-1
437,11,1260.15,184.06,277.52,665.88,-1,-1,-1,-1
438,5,679.20,252.27,183.18,538.76,-1,-1,-1,-1
438,10,674.12,199.78,301.53,748.04,-1,-1,-1,-1
438,11,1273.67,179.27,268.22,670.68,-1,-1,-1,-1
439,10,676.70,196.64,283.01,750.18,-1,-1,-1,-1
439,11,1305.83,181.89,240.63,667.84,-1,-1,-1,-1
440,10,685.59,197.19,262.36,752.36,-1,-1,-1,-1
440,11,1342.55,177.74,210.61,666.71,-1,-1,-1,-1
441,10,691.67,194.03,252.18,757.43,-1,-1,-1,-1
441,11,1375.39,172.60,194.40,678.67,-1,-1,-1,-1
442,10,700.10,193.76,247.77,757.49,-1,-1,-1,-1
442,11,1395.38,177.78,196.94,676.52,-1,-1,-1,-1
443,10,698.32,201.09,253.37,753.96,-1,-1,-1,-1
443,11,1409.29,180.15,214.83,675.57,-1,-1,-1,-1
444,10,688.07,190.09,287.66,783.81,-1,-1,-1,-1
444,11,1416.54,177.15,244.44,691.17,-1,-1,-1,-1
445,10,686.70,191.58,277.26,792.49,-1,-1,-1,-1
445,11,1422.69,179.96,257.28,690.64,-1,-1,-1,-1
446,10,686.04,190.36,267.02,809.94,-1,-1,-1,-1
446,11,1425.42,182.19,273.70,693.77,-1,-1,-1,-1
447,10,687.86,189.66,254.84,826.07,-1,-1,-1,-1
447,11,1439.34,183.19,268.09,702.22,-1,-1,-1,-1
448,10,690.04,183.54,241.26,840.58,-1,-1,-1,-1
448,11,1461.00,187.80,257.62,707.46,-1,-1,-1,-1
449,10,679.62,183.55,253.05,841.46,-1,-1,-1,-1
449,11,1483.66,189.92,252.42,701.24,-1,-1,-1,-1
449,13,902.79,210.33,188.97,535.84,-1,-1,-1,-1
450,10,665.35,185.08,262.38,846.10,-1,-1,-1,-1
450,11,1500.61,184.26,254.23,713.08,-1,-1,-1,-1
450,13,916.52,214.22,195.55,520.49,-1,-1,-1,-1
451,10,653.53,195.76,261.65,841.65,-1,-1,-1,-1
451,11,1511.99,182.35,255.13,710.81,-1,-1,-1,-1
451,13,921.31,213.89,205.05,511.60,-1,-1,-1,-1
452,10,636.34,193.56,257.30,851.21,-1,-1,-1,-1
452,11,1519.41,180.35,267.46,723.48,-1,-1,-1,-1
452,13,935.65,212.35,205.28,521.89,-1,-1,-1,-1
453,10,616.40,196.54,268.53,843.85,-1,-1,-1,-1
453,11,1523.57,175.98,290.95,741.71,-1,-1,-1,-1
453,13,941.44,204.68,215.38,547.98,-1,-1,-1,-1
454,10,591.72,193.26,286.68,851.64,-1,-1,-1,-1
454,11,1530.75,174.87,303.36,762.47,-1,-1,-1,-1
454,13,948.89,208.98,229.29,551.77,-1,-1,-1,-1
455,10,556.76,180.78,316.73,881.59,-1,-1,-1,-1
455,11,1535.35,172.00,316.34,780.14,-1,-1,-1,-1
455,13,974.10,216.80,216.29,547.83,-1,-1,-1,-1
456,10,515.78,179.55,352.85,887.72,-1,-1,-1,-1
456,11,1543.13,169.34,326.03,792.71,-1,-1,-1,-1
456,13,997.05,218.29,204.18,540.86,-1,-1,-1,-1
457,10,486.35,179.32,364.99,891.01,-1,-1,-1,-1
457,11,1550.34,166.36,334.31,803.52,-1,-1,-1,-1
457,13,1010.25,212.10,197.14,549.00,-1,-1,-1,-1
458,10,464.37,182.56,373.26,877.90,-1,-1,-1,-1
458,11,1557.73,162.17,336.18,819.00,-1,-1,-1,-1
458,13,1032.29,217.18,185.47,543.08,-1,-1,-1,-1
459,10,441.92,184.32,380.04,874.36,-1,-1,-1,-1
459,11,1562.18,158.79,333.63,826.52,-1,-1,-1,-1
459,13,1056.37,214.05,176.21,547.30,-1,-1,-1,-1
460,10,431.55,182.75,369.60,877.56,-1,-1,-1,-1
460,11,1573.75,151.86,320.59,840.40,-1,-1,-1,-1
460,13,1071.44,210.62,180.53,546.26,-1,-1,-1,-1
461,10,415.10,174.92,362.34,897.16,-1,-1,-1,-1
461,11,1583.95,147.10,308.38,850.62,-1,-1,-1,-1
461,13,1083.09,210.19,191.97,545.93,-1,-1,-1,-1
462,10,400.16,175.40,350.18,894.09,-1,-1,-1,-1
462,11,1589.01,151.45,299.40,848.78,-1,-1,-1,-1
462,13,1090.57,200.55,210.62,563.01,-1,-1,-1,-1
463,10,384.40,172.13,337.88,903.35,-1,-1,-1,-1
463,11,1591.98,151.81,292.19,856.86,-1,-1,-1,-1
463,13,1091.12,201.27,238.24,565.80,-1,-1,-1,-1
464,10,372.59,175.59,331.22,898.70,-1,-1,-1,-1
464,11,1592.82,143.97,284.66,877.75,-1,-1,-1,-1
464,13,1092.06,203.65,255.85,565.14,-1,-1,-1,-1
465,10,353.45,173.05,328.43,899.18,-1,-1,-1,-1
465,11,1590.30,145.42,272.64,882.19,-1,-1,-1,-1
465,13,1100.81,206.55,257.89,561.26,-1,-1,-1,-1
466,10,347.73,177.59,321.87,882.41,-1,-1,-1,-1
466,11,1583.04,145.99,273.70,893.10,-1,-1,-1,-1
466,13,1124.33,203.12,235.01,564.85,-1,-1,-1,-1
467,10,340.32,185.44,320.46,867.32,-1,-1,-1,-1
467,11,1570.99,143.94,277.47,905.61,-1,-1,-1,-1
467,13,1151.07,201.18,214.99,568.87,-1,-1,-1,-1
468,10,335.01,193.53,315.55,858.10,-1,-1,-1,-1
468,11,1553.41,138.73,288.15,915.07,-1,-1,-1,-1
468,13,1164.54,197.14,213.62,574.83,-1,-1,-1,-1
469,10,331.95,191.31,307.92,865.38,-1,-1,-1,-1
469,11,1536.56,145.33,293.50,906.86,-1,-1,-1,-1
469,13,1180.49,194.56,216.25,577.84,-1,-1,-1,-1
470,10,328.87,197.81,305.02,844.77,-1,-1,-1,-1
470,11,1514.40,138.75,304.78,922.99,-1,-1,-1,-1
470,13,1196.59,193.92,221.97,579.64,-1,-1,-1,-1
471,10,328.68,195.47,301.59,840.53,-1,-1,-1,-1
471,11,1485.51,134.47,324.41,925.56,-1,-1,-1,-1
471,13,1212.55,193.74,226.19,573.56,-1,-1,-1,-1
472,10,325.67,195.60,302.50,827.39,-1,-1,-1,-1
472,11,1451.89,130.25,343.23,941.30,-1,-1,-1,-1
472,13,1234.11,196.38,232.36,567.78,-1,-1,-1,-1
473,10,324.96,194.86,298.74,817.73,-1,-1,-1,-1
473,11,1430.33,127.88,346.24,947.27,-1,-1,-1,-1
473,13,1249.22,200.24,240.11,570.66,-1,-1,-1,-1
474,10,323.28,193.06,300.73,816.15,-1,-1,-1,-1
474,11,1410.16,133.60,346.41,942.55,-1,-1,-1,-1
474,13,1258.36,194.53,247.08,583.43,-1,-1,-1,-1
475,10,324.62,195.15,298.38,811.03,-1,-1,-1,-1
475,11,1376.67,129.96,359.51,946.76,-1,-1,-1,-1
475,13,1271.24,195.48,232.77,584.63,-1,-1,-1,-1
476,10,327.45,198.34,294.86,803.46,-1,-1,-1,-1
476,11,1344.00,137.09,374.57,927.73,-1,-1,-1,-1
476,13,1297.02,208.09,192.52,549.90,-1,-1,-1,-1
477,10,342.87,201.96,281.22,792.75,-1,-1,-1,-1
477,11,1320.83,131.52,378.86,940.70,-1,-1,-1,-1
477,13,1312.82,214.07,188.15,537.41,-1,-1,-1,-1
478,10,354.93,204.24,278.35,782.32,-1,-1,-1,-1
478,11,1315.36,127.04,357.11,948.99,-1,-1,-1,-1
478,13,1328.62,220.04,183.78,524.91,-1,-1,-1,-1
479,10,372.29,216.97,267.78,752.13,-1,-1,-1,-1
479,11,1300.10,135.47,339.06,927.59,-1,-1,-1,-1
479,13,1344.42,226.01,179.41,512.42,-1,-1,-1,-1
480,10,388.42,222.75,252.61,725.48,-1,-1,-1,-1
480,11,1291.22,126.64,317.57,943.85,-1,-1,-1,-1
480,13,1360.22,231.99,175.04,499.93,-1,-1,-1,-1
481,10,407.93,218.07,235.85,721.02,-1,-1,-1,-1
481,11,1267.44,123.76,336.18,948.77,-1,-1,-1,-1
482,10,420.30,213.49,236.45,718.25,-1,-1,-1,-1
482,11,1225.73,139.99,420.15,905.67,-1,-1,-1,-1
483,10,427.91,217.20,270.72,700.43,-1,-1,-1,-1
483,11,1194.86,134.24,439.03,924.71,-1,-1,-1,-1
484,10,438.78,228.24,302.62,681.84,-1,-1,-1,-1
484,11,1179.24,134.73,438.57,923.68,-1,-1,-1,-1
485,10,454.09,226.41,300.36,679.71,-1,-1,-1,-1
485,11,1163.62,135.23,438.11,922.66,-1,-1,-1,-1
486,10,464.33,218.34,296.47,688.91,-1,-1,-1,-1
486,11,1148.00,135.72,437.65,921.63,-1,-1,-1,-1
487,10,471.06,207.79,297.39,697.49,-1,-1,-1,-1
487,11,1068.45,139.34,415.98,935.02,-1,-1,-1,-1
487,14,1328.63,185.74,348.59,648.57,-1,-1,-1,-1
488,10,493.09,212.82,275.66,682.90,-1,-1,-1,-1
488,11,1042.59,151.35,398.45,920.36,-1,-1,-1,-1
488,14,1293.16,181.66,377.82,659.35,-1,-1,-1,-1
489,10,530.44,211.64,237.15,680.86,-1,-1,-1,-1
489,11,1032.00,149.14,359.43,919.32,-1,-1,-1,-1
489,14,1290.71,179.63,343.04,664.35,-1,-1,-1,-1
490,10,567.44,192.39,209.57,703.92,-1,-1,-1,-1
490,11,1013.94,148.31,326.03,915.63,-1,-1,-1,-1
490,14,1308.58,174.21,295.93,667.90,-1,-1,-1,-1
491,10,596.74,196.74,202.29,696.75,-1,-1,-1,-1
491,11,963.16,138.82,303.33,919.81,-1,-1,-1,-1
491,14,1297.36,167.95,298.52,678.96,-1,-1,-1,-1
492,10,625.02,202.39,215.32,692.50,-1,-1,-1,-1
492,11,909.82,124.72,304.02,945.96,-1,-1,-1,-1
492,14,1289.53,162.97,306.19,688.74,-1,-1,-1,-1
493,10,636.91,216.56,258.21,673.46,-1,-1,-1,-1
493,11,867.16,123.38,318.16,951.94,-1,-1,-1,-1
493,14,1286.99,160.72,301.31,695.89,-1,-1,-1,-1
494,10,650.84,213.25,265.14,683.07,-1,-1,-1,-1
494,11,824.35,134.64,343.43,938.10,-1,-1,-1,-1
494,14,1306.38,159.37,267.51,718.64,-1,-1,-1,-1
495,10,663.80,214.35,254.05,679.14,-1,-1,-1,-1
495,11,785.27,145.18,373.54,922.99,-1,-1,-1,-1
495,14,1326.95,159.12,236.52,739.02,-1,-1,-1,-1
496,10,690.31,211.83,222.21,680.98,-1,-1,-1,-1
496,11,748.51,141.64,388.78,930.53,-1,-1,-1,-1
496,14,1327.33,155.33,235.45,756.05,-1,-1,-1,-1
497,10,707.34,211.12,222.06,680.51,-1,-1,-1,-1
497,11,717.21,141.74,394.48,931.15,-1,-1,-1,-1
497,14,1316.85,155.89,246.25,759.45,-1,-1,-1,-1
498,10,724.37,210.40,221.90,680.04,-1,-1,-1,-1
498,11,709.68,136.36,362.41,932.71,-1,-1,-1,-1
498,14,1305.52,156.67,256.05,764.42,-1,-1,-1,-1
499,10,741.40,209.69,221.74,679.58,-1,-1,-1,-1
499,11,699.03,132.57,345.85,939.26,-1,-1,-1,-1
499,14,1295.03,161.66,262.75,751.18,-1,-1,-1,-1
500,10,758.43,208.97,221.58,679.11,-1,-1,-1,-1
500,11,686.24,134.56,328.87,918.06,-1,-1,-1,-1
500,14,1288.59,165.71,265.75,749.93,-1,-1,-1,-1
501,11,664.57,138.33,353.77,898.31,-1,-1,-1,-1
501,14,1276.03,167.23,271.85,749.37,-1,-1,-1,-1
502,10,821.47,210.16,247.60,680.87,-1,-1,-1,-1
502,11,628.10,132.04,396.83,908.84,-1,-1,-1,-1
502,14,1267.28,165.13,265.41,743.19,-1,-1,-1,-1
503,10,841.15,214.98,236.04,679.61,-1,-1,-1,-1
503,11,608.72,130.49,404.64,911.98,-1,-1,-1,-1
503,14,1258.37,167.46,265.25,729.10,-1,-1,-1,-1
504,10,846.14,224.69,248.75,670.11,-1,-1,-1,-1
504,11,589.64,126.15,358.89,926.93,-1,-1,-1,-1
504,14,1243.06,168.37,273.63,725.14,-1,-1,-1,-1
505,10,853.87,214.99,250.60,688.01,-1,-1,-1,-1
505,11,552.61,139.56,357.14,920.90,-1,-1,-1,-1
505,14,1212.36,159.90,303.84,753.84,-1,-1,-1,-1
506,10,857.45,219.90,256.92,677.29,-1,-1,-1,-1
506,11,512.60,150.03,376.08,912.03,-1,-1,-1,-1
506,14,1200.48,158.32,303.51,764.23,-1,-1,-1,-1
507,10,862.15,226.60,258.64,676.90,-1,-1,-1,-1
507,11,472.56,155.18,396.00,900.57,-1,-1,-1,-1
507,14,1190.16,164.17,293.54,762.46,-1,-1,-1,-1
508,10,866.75,230.04,254.32,676.72,-1,-1,-1,-1
508,11,445.30,152.86,399.34,907.68,-1,-1,-1,-1
508,14,1186.04,166.07,263.18,761.20,-1,-1,-1,-1
509,10,880.13,213.46,239.51,709.82,-1,-1,-1,-1
509,11,421.27,154.90,391.00,903.85,-1,-1,-1,-1
509,14,1166.01,164.75,253.15,754.87,-1,-1,-1,-1
510,10,897.06,216.57,233.46,701.20,-1,-1,-1,-1
510,11,401.18,154.45,372.66,899.67,-1,-1,-1,-1
510,14,1145.02,160.34,243.70,759.36,-1,-1,-1,-1
511,10,915.80,215.66,230.97,695.27,-1,-1,-1,-1
511,11,385.88,152.07,359.66,896.63,-1,-1,-1,-1
511,14,1129.31,156.95,229.86,765.88,-1,-1,-1,-1
512,10,933.22,203.91,238.95,729.20,-1,-1,-1,-1
512,11,374.78,153.07,344.25,891.90,-1,-1,-1,-1
512,14,1083.26,152.99,260.04,768.04,-1,-1,-1,-1
513,10,944.26,205.39,235.43,710.69,-1,-1,-1,-1
513,11,365.09,148.87,341.09,889.06,-1,-1,-1,-1
513,14,1064.80,149.64,259.16,763.59,-1,-1,-1,-1
514,10,963.97,210.29,199.82,676.58,-1,-1,-1,-1
514,11,359.95,155.47,329.71,873.12,-1,-1,-1,-1
514,14,1037.71,145.68,273.60,767.29,-1,-1,-1,-1
515,10,981.68,220.44,167.79,598.92,-1,-1,-1,-1
515,11,360.66,153.92,307.83,876.45,-1,-1,-1,-1
515,14,1008.13,150.90,303.02,775.22,-1,-1,-1,-1
516,10,997.71,235.02,156.29,557.92,-1,-1,-1,-1
516,11,359.65,156.84,290.39,871.34,-1,-1,-1,-1
516,14,987.59,148.88,320.87,788.73,-1,-1,-1,-1
517,10,1013.73,249.60,144.80,516.92,-1,-1,-1,-1
517,11,357.78,160.90,278.71,863.58,-1,-1,-1,-1
517,14,976.01,147.13,327.81,799.41,-1,-1,-1,-1
518,10,1029.75,264.17,133.30,475.92,-1,-1,-1,-1
518,11,354.16,173.26,270.92,855.70,-1,-1,-1,-1
518,14,971.73,154.81,322.49,794.87,-1,-1,-1,-1
519,10,1045.78,278.75,121.81,434.92,-1,-1,-1,-1
519,11,346.64,172.28,265.36,879.32,-1,-1,-1,-1
519,14,963.59,152.56,278.98,804.12,-1,-1,-1,-1
520,11,334.64,177.70,258.78,877.32,-1,-1,-1,-1
520,14,931.90,153.97,281.95,808.51,-1,-1,-1,-1
521,11,321.12,179.24,261.65,864.15,-1,-1,-1,-1
521,14,906.83,156.31,283.86,809.51,-1,-1,-1,-1
522,11,311.47,180.92,260.63,853.68,-1,-1,-1,-1
522,14,890.49,158.14,303.11,806.96,-1,-1,-1,-1
523,11,303.80,177.25,257.55,843.79,-1,-1,-1,-1
523,14,874.98,159.85,325.62,806.27,-1,-1,-1,-1
524,11,296.96,178.23,256.12,833.91,-1,-1,-1,-1
524,14,859.23,161.71,325.72,806.53,-1,-1,-1,-1
525,11,284.88,182.26,261.19,819.03,-1,-1,-1,-1
525,14,837.21,153.68,311.08,800.80,-1,-1,-1,-1
526,11,276.81,187.66,264.28,805.79,-1,-1,-1,-1
526,14,812.35,153.05,305.85,796.08,-1,-1,-1,-1
527,11,266.39,189.76,271.16,798.38,-1,-1,-1,-1
527,14,799.42,146.21,305.49,815.67,-1,-1,-1,-1
528,11,252.82,193.64,274.26,790.59,-1,-1,-1,-1
528,14,760.69,158.28,335.26,800.54,-1,-1,-1,-1
528,17,1038.77,215.18,220.58,660.16,-1,-1,-1,-1
529,11,237.50,196.29,281.94,786.98,-1,-1,-1,-1
529,14,738.20,166.74,335.88,796.35,-1,-1,-1,-1
529,17,1051.26,208.48,221.01,670.81,-1,-1,-1,-1
530,11,229.93,200.28,283.98,780.24,-1,-1,-1,-1
530,14,734.44,167.95,318.66,785.81,-1,-1,-1,-1
530,17,1051.07,211.45,246.28,658.77,-1,-1,-1,-1
531,11,221.76,203.55,288.28,764.84,-1,-1,-1,-1
531,14,721.07,172.36,323.93,761.09,-1,-1,-1,-1
531,17,1057.65,214.89,258.82,649.69,-1,-1,-1,-1
532,11,214.92,202.57,289.96,759.17,-1,-1,-1,-1
532,14,705.97,155.55,331.75,808.04,-1,-1,-1,-1
532,17,1073.01,208.18,260.14,660.57,-1,-1,-1,-1
533,11,208.07,200.77,290.87,752.17,-1,-1,-1,-1
533,14,697.19,155.11,304.27,804.23,-1,-1,-1,-1
533,17,1083.35,211.44,274.25,648.98,-1,-1,-1,-1
534,11,205.90,197.67,289.17,749.82,-1,-1,-1,-1
534,14,689.15,150.85,295.03,814.48,-1,-1,-1,-1
534,17,1099.95,214.42,272.83,639.39,-1,-1,-1,-1
535,11,210.81,197.10,277.12,745.60,-1,-1,-1,-1
535,14,679.20,160.58,306.42,797.57,-1,-1,-1,-1
535,17,1119.27,215.47,258.60,635.50,-1,-1,-1,-1
536,11,224.29,198.40,249.31,745.13,-1,-1,-1,-1
536,14,665.19,154.86,329.65,798.67,-1,-1,-1,-1
536,17,1136.66,224.99,250.54,621.34,-1,-1,-1,-1
537,11,234.59,196.64,230.41,737.79,-1,-1,-1,-1
537,14,664.53,157.23,289.68,793.00,-1,-1,-1,-1
537,17,1149.81,221.95,245.38,627.57,-1,-1,-1,-1
538,11,241.91,191.16,215.20,739.00,-1,-1,-1,-1
538,14,652.34,157.51,294.06,799.50,-1,-1,-1,-1
538,17,1167.33,199.19,239.80,670.73,-1,-1,-1,-1
539,11,238.08,194.17,218.15,739.09,-1,-1,-1,-1
539,14,636.37,163.28,301.78,788.85,-1,-1,-1,-1
539,17,1177.65,204.37,245.05,661.76,-1,-1,-1,-1
540,11,247.34,200.11,217.69,719.16,-1,-1,-1,-1
540,14,621.04,168.28,299.80,775.70,-1,-1,-1,-1
540,17,1185.56,203.69,252.37,681.75,-1,-1,-1,-1
541,11,254.15,204.50,222.49,703.77,-1,-1,-1,-1
541,14,606.90,173.60,297.13,764.15,-1,-1,-1,-1
541,17,1192.07,206.29,255.58,689.87,-1,-1,-1,-1
542,11,262.32,204.96,218.54,710.80,-1,-1,-1,-1
542,14,592.89,192.21,282.44,644.35,-1,-1,-1,-1
542,17,1194.78,200.89,265.19,716.67,-1,-1,-1,-1
543,11,269.49,207.92,218.29,701.66,-1,-1,-1,-1
543,14,556.17,171.55,306.37,723.10,-1,-1,-1,-1
543,17,1193.87,204.59,277.40,722.80,-1,-1,-1,-1
544,11,276.62,201.13,212.84,704.13,-1,-1,-1,-1
544,14,534.17,157.35,310.66,766.24,-1,-1,-1,-1
544,17,1197.02,207.55,279.08,729.00,-1,-1,-1,-1
545,11,286.25,206.64,202.88,690.72,-1,-1,-1,-1
545,14,511.82,164.62,314.13,773.51,-1,-1,-1,-1
545,17,1193.63,203.09,282.85,740.96,-1,-1,-1,-1
546,11,292.89,213.22,205.66,674.00,-1,-1,-1,-1
546,14,478.45,170.19,332.50,774.86,-1,-1,-1,-1
546,17,1186.52,197.81,290.83,746.65,-1,-1,-1,-1
547,11,297.46,218.36,206.44,667.98,-1,-1,-1,-1
547,14,455.86,176.17,347.55,778.89,-1,-1,-1,-1
547,17,1183.14,194.81,291.70,747.65,-1,-1,-1,-1
548,11,302.79,220.14,212.49,668.41,-1,-1,-1,-1
548,14,444.40,186.74,345.73,769.33,-1,-1,-1,-1
548,17,1171.42,192.23,305.27,755.79,-1,-1,-1,-1
549,11,312.75,221.14,239.81,672.93,-1,-1,-1,-1
549,14,372.55,186.46,406.67,773.12,-1,-1,-1,-1
549,17,1164.65,185.36,315.09,782.95,-1,-1,-1,-1
550,11,320.22,221.44,239.48,671.99,-1,-1,-1,-1
550,14,347.08,191.46,400.50,767.63,-1,-1,-1,-1
550,17,1158.21,183.75,324.01,794.79,-1,-1,-1,-1
551,11,327.69,221.73,239.15,671.05,-1,-1,-1,-1
551,14,333.74,198.82,372.80,762.63,-1,-1,-1,-1
551,17,1149.08,173.76,341.73,839.18,-1,-1,-1,-1
552,11,335.16,222.02,238.82,670.11,-1,-1,-1,-1
552,14,339.56,195.00,322.15,782.73,-1,-1,-1,-1
552,17,1143.13,177.43,351.32,855.59,-1,-1,-1,-1
553,11,342.63,222.31,238.49,669.17,-1,-1,-1,-1
553,14,339.60,190.98,298.09,787.54,-1,-1,-1,-1
553,17,1142.45,181.39,350.89,860.76,-1,-1,-1,-1
554,14,328.51,191.66,302.30,775.63,-1,-1,-1,-1
554,17,1142.57,174.40,347.30,875.00,-1,-1,-1,-1
555,14,310.64,198.67,323.27,761.27,-1,-1,-1,-1
555,17,1149.39,162.95,317.41,885.68,-1,-1,-1,-1
556,14,293.15,195.54,348.53,762.09,-1,-1,-1,-1
556,17,1147.29,162.87,299.58,884.70,-1,-1,-1,-1
557,14,278.82,195.51,362.52,759.83,-1,-1,-1,-1
557,17,1134.59,150.46,293.97,898.55,-1,-1,-1,-1
558,14,267.19,194.26,320.10,759.36,-1,-1,-1,-1
558,17,1117.27,147.57,292.08,906.69,-1,-1,-1,-1
559,14,257.62,197.08,289.35,754.10,-1,-1,-1,-1
559,17,1099.19,153.59,295.98,902.98,-1,-1,-1,-1
560,14,242.18,195.78,285.32,752.04,-1,-1,-1,-1
560,17,1078.82,158.80,295.76,902.59,-1,-1,-1,-1
561,14,227.54,196.71,277.39,749.90,-1,-1,-1,-1
561,17,1058.18,165.36,313.78,903.46,-1,-1,-1,-1
561,18,481.00,233.54,241.38,582.28,-1,-1,-1,-1
562,14,199.73,192.38,284.94,753.01,-1,-1,-1,-1
562,17,1042.12,170.79,314.96,897.46,-1,-1,-1,-1
562,18,497.19,233.27,225.10,576.55,-1,-1,-1,-1
563,14,167.21,184.33,312.06,765.77,-1,-1,-1,-1
563,17,1027.89,160.48,309.57,912.12,-1,-1,-1,-1
563,18,511.50,233.51,211.00,569.50,-1,-1,-1,-1
564,14,131.00,176.93,346.50,775.84,-1,-1,-1,-1
564,17,1019.96,155.86,287.53,913.96,-1,-1,-1,-1
564,18,539.72,237.61,193.01,554.89,-1,-1,-1,-1
565,14,108.81,171.67,366.01,787.06,-1,-1,-1,-1
565,17,1005.64,165.49,277.92,895.97,-1,-1,-1,-1
565,18,555.59,230.84,187.03,561.97,-1,-1,-1,-1
566,14,100.98,164.85,363.70,817.82,-1,-1,-1,-1
566,17,1001.11,158.71,257.74,907.07,-1,-1,-1,-1
566,18,569.48,232.47,194.99,558.42,-1,-1,-1,-1
567,14,101.95,161.75,350.63,838.77,-1,-1,-1,-1
567,17,989.47,160.78,247.24,905.58,-1,-1,-1,-1
567,18,581.34,234.14,202.14,553.88,-1,-1,-1,-1
568,14,84.00,159.31,365.57,859.75,-1,-1,-1,-1
568,17,969.92,163.67,247.71,903.11,-1,-1,-1,-1
568,18,591.86,234.23,217.01,553.61,-1,-1,-1,-1
569,14,43.85,158.63,396.77,867.79,-1,-1,-1,-1
569,17,950.04,165.76,255.49,904.70,-1,-1,-1,-1
569,18,606.35,235.11,227.18,550.93,-1,-1,-1,-1
570,14,12.70,158.03,412.33,874.50,-1,-1,-1,-1
570,17,921.28,163.52,268.93,906.82,-1,-1,-1,-1
570,18,610.71,239.22,236.89,545.48,-1,-1,-1,-1
571,14,-1.57,159.85,404.72,870.07,-1,-1,-1,-1
571,17,897.24,164.60,285.27,911.31,-1,-1,-1,-1
571,18,615.59,242.65,239.37,540.65,-1,-1,-1,-1
572,14,3.50,152.24,374.47,884.56,-1,-1,-1,-1
572,17,858.63,162.22,316.19,916.53,-1,-1,-1,-1
572,18,624.89,243.40,237.73,543.67,-1,-1,-1,-1
573,14,5.54,144.15,352.06,903.48,-1,-1,-1,-1
573,17,814.67,168.68,347.27,910.87,-1,-1,-1,-1
573,18,639.68,237.99,225.59,554.85,-1,-1,-1,-1
574,14,-0.49,152.02,350.00,885.36,-1,-1,-1,-1
574,17,744.57,174.61,406.58,895.89,-1,-1,-1,-1
574,18,667.46,243.32,198.56,543.77,-1,-1,-1,-1
575,14,-6.71,155.56,371.73,882.80,-1,-1,-1,-1
575,17,721.77,178.27,414.55,884.57,-1,-1,-1,-1
575,18,697.66,248.90,178.17,531.97,-1,-1,-1,-1
576,14,-10.90,138.49,383.10,913.87,-1,-1,-1,-1
576,17,716.68,175.20,388.29,891.34,-1,-1,-1,-1
576,18,719.84,244.60,153.41,534.72,-1,-1,-1,-1
577,14,-11.77,139.81,389.91,924.03,-1,-1,-1,-1
577,17,713.51,176.88,369.41,890.45,-1,-1,-1,-1
577,18,732.82,245.27,152.70,532.27,-1,-1,-1,-1
578,14,-7.88,154.57,376.69,900.01,-1,-1,-1,-1
578,17,718.31,189.85,344.01,871.62,-1,-1,-1,-1
578,18,745.79,245.94,151.99,529.82,-1,-1,-1,-1
579,14,-2.90,148.88,362.05,919.28,-1,-1,-1,-1
579,17,717.60,191.62,325.58,872.58,-1,-1,-1,-1
579,18,758.77,246.61,151.28,527.37,-1,-1,-1,-1
580,14,-6.23,145.83,370.55,927.76,-1,-1,-1,-1
580,17,715.08,196.16,315.28,866.09,-1,-1,-1,-1
580,18,771.75,247.29,150.57,524.91,-1,-1,-1,-1
581,14,-7.51,141.18,380.04,929.63,-1,-1,-1,-1
581,17,713.35,201.30,298.27,847.88,-1,-1,-1,-1
582,14,-7.42,144.05,398.00,909.55,-1,-1,-1,-1
582,17,702.05,203.47,291.98,838.38,-1,-1,-1,-1
583,14,-3.22,144.04,399.21,897.66,-1,-1,-1,-1
583,17,692.55,205.50,288.28,830.46,-1,-1,-1,-1
584,14,-0.07,133.61,402.96,918.75,-1,-1,-1,-1
584,17,682.73,199.65,285.64,841.40,-1,-1,-1,-1
585,14,2.30,117.73,396.46,934.84,-1,-1,-1,-1
585,17,665.64,203.38,307.48,821.62,-1,-1,-1,-1
586,14,10.69,111.84,388.85,946.51,-1,-1,-1,-1
586,17,643.52,212.33,337.19,802.33,-1,-1,-1,-1
586,18,868.73,235.48,138.75,528.04,-1,-1,-1,-1
587,14,28.90,110.63,382.52,951.49,-1,-1,-1,-1
587,17,635.66,215.27,319.68,787.20,-1,-1,-1,-1
587,18,871.92,230.46,158.73,554.79,-1,-1,-1,-1
588,14,42.38,106.15,394.87,959.90,-1,-1,-1,-1
588,17,622.67,225.17,308.82,764.89,-1,-1,-1,-1
588,18,882.26,232.98,170.79,553.27,-1,-1,-1,-1
589,14,66.03,102.54,374.00,964.64,-1,-1,-1,-1
589,17,609.51,227.79,305.64,751.09,-1,-1,-1,-1
589,18,890.10,235.83,196.83,549.75,-1,-1,-1,-1
590,14,103.55,94.40,368.66,974.19,-1,-1,-1,-1
590,17,595.05,224.28,295.04,747.24,-1,-1,-1,-1
590,18,897.78,236.47,214.33,547.61,-1,-1,-1,-1
591,14,136.54,99.41,383.85,960.55,-1,-1,-1,-1
591,17,578.71,220.32,274.41,736.02,-1,-1,-1,-1
591,18,903.03,236.73,222.67,548.44,-1,-1,-1,-1
592,14,169.75,122.29,393.66,930.52,-1,-1,-1,-1
592,17,553.28,211.26,277.78,749.33,-1,-1,-1,-1
592,18,910.89,236.43,222.50,549.67,-1,-1,-1,-1
593,14,203.45,107.99,405.77,954.97,-1,-1,-1,-1
593,17,536.48,209.07,279.82,744.87,-1,-1,-1,-1
593,18,931.54,229.44,208.77,561.49,-1,-1,-1,-1
594,14,228.15,158.93,431.82,881.21,-1,-1,-1,-1
594,17,523.75,210.48,284.96,733.56,-1,-1,-1,-1
594,18,943.83,249.72,206.60,534.85,-1,-1,-1,-1
595,14,261.49,173.56,451.52,869.14,-1,-1,-1,-1
595,17,500.49,221.91,304.98,705.55,-1,-1,-1,-1
595,18,961.67,241.48,198.64,544.59,-1,-1,-1,-1
596,14,291.45,131.23,447.82,932.35,-1,-1,-1,-1
596,17,482.05,208.97,321.53,723.62,-1,-1,-1,-1
596,18,984.72,236.57,183.00,544.43,-1,-1,-1,-1
597,14,329.09,115.42,408.33,962.21,-1,-1,-1,-1
597,17,491.49,208.34,305.17,692.32,-1,-1,-1,-1
597,18,1002.03,228.14,183.57,556.22,-1,-1,-1,-1
598,14,372.20,108.30,343.07,972.98,-1,-1,-1,-1
598,17,528.19,212.28,262.57,673.36,-1,-1,-1,-1
598,18,1018.26,217.83,193.41,573.83,-1,-1,-1,-1
599,14,410.44,121.98,351.01,933.85,-1,-1,-1,-1
599,17,552.97,243.97,230.74,624.25,-1,-1,-1,-1
599,18,1031.04,219.21,211.24,576.59,-1,-1,-1,-1
600,14,432.37,113.63,355.10,940.77,-1,-1,-1,-1
600,17,553.09,255.54,219.57,594.02,-1,-1,-1,-1
600,18,1040.12,224.11,217.84,574.30,-1,-1,-1,-1
601,14,465.07,110.97,343.66,924.87,-1,-1,-1,-1
601,17,553.20,267.11,208.40,563.80,-1,-1,-1,-1
601,18,1046.32,229.33,217.80,572.23,-1,-1,-1,-1
602,14,501.31,90.09,335.78,946.93,-1,-1,-1,-1
602,17,553.32,278.68,197.24,533.57,-1,-1,-1,-1
602,18,1051.80,228.97,214.05,573.05,-1,-1,-1,-1
603,14,529.85,64.00,345.50,999.68,-1,-1,-1,-1
603,17,553.43,290.24,186.07,503.35,-1,-1,-1,-1
603,18,1066.49,222.74,208.31,573.98,-1,-1,-1,-1
604,14,553.69,136.19,372.26,916.48,-1,-1,-1,-1
604,18,1077.00,220.86,215.46,575.54,-1,-1,-1,-1
605,14,566.60,153.64,380.05,906.08,-1,-1,-1,-1
605,18,1089.53,220.61,215.86,575.62,-1,-1,-1,-1
606,14,580.02,109.85,371.43,966.65,-1,-1,-1,-1
606,18,1102.49,215.49,216.17,588.97,-1,-1,-1,-1
607,14,629.00,82.00,324.92,1004.04,-1,-1,-1,-1
607,18,1116.13,213.86,215.28,590.26,-1,-1,-1,-1
608,14,666.11,70.47,311.19,1009.12,-1,-1,-1,-1
608,18,1134.02,207.76,209.59,592.67,-1,-1,-1,-1
609,14,708.52,96.18,298.17,969.07,-1,-1,-1,-1
609,18,1153.33,207.15,201.07,596.10,-1,-1,-1,-1
610,14,739.09,78.12,291.95,991.76,-1,-1,-1,-1
610,18,1164.81,215.33,203.05,582.71,-1,-1,-1,-1
610,19,483.47,240.41,212.63,626.32,-1,-1,-1,-1
611,14,765.09,88.05,305.20,966.76,-1,-1,-1,-1
611,18,1177.18,211.84,211.00,589.85,-1,-1,-1,-1
611,19,462.67,246.56,230.91,608.80,-1,-1,-1,-1
612,14,795.67,87.36,310.77,937.01,-1,-1,-1,-1
612,18,1183.84,208.65,228.44,597.36,-1,-1,-1,-1
612,19,438.63,242.25,250.29,612.78,-1,-1,-1,-1
613,14,831.98,66.31,314.31,980.54,-1,-1,-1,-1
613,18,1189.62,216.90,248.21,587.65,-1,-1,-1,-1
613,19,407.03,238.43,279.99,624.53,-1,-1,-1,-1
614,14,856.18,88.93,317.21,957.32,-1,-1,-1,-1
614,18,1195.20,210.37,250.03,595.63,-1,-1,-1,-1
614,19,391.77,237.77,291.29,630.90,-1,-1,-1,-1
615,14,877.60,74.51,328.53,978.24,-1,-1,-1,-1
615,18,1209.92,210.57,242.12,594.72,-1,-1,-1,-1
615,19,381.33,236.71,294.77,637.45,-1,-1,-1,-1
616,14,905.61,119.03,339.54,936.90,-1,-1,-1,-1
616,18,1241.00,210.73,204.64,590.33,-1,-1,-1,-1
616,19,373.96,237.77,289.32,640.78,-1,-1,-1,-1
617,14,938.60,119.77,320.87,933.89,-1,-1,-1,-1
617,18,1265.26,217.41,181.99,577.69,-1,-1,-1,-1
617,19,365.95,232.23,276.58,652.58,-1,-1,-1,-1
618,14,964.57,97.37,299.63,971.42,-1,-1,-1,-1
618,18,1276.94,215.32,173.73,581.86,-1,-1,-1,-1
618,19,356.48,225.44,272.83,664.63,-1,-1,-1,-1
619,14,992.16,101.43,293.33,963.06,-1,-1,-1,-1
619,18,1297.40,211.53,165.91,595.95,-1,-1,-1,-1
619,19,350.26,221.18,263.11,673.11,-1,-1,-1,-1
620,14,1021.67,91.81,323.72,983.87,-1,-1,-1,-1
620,18,1313.24,221.57,175.83,585.58,-1,-1,-1,-1
620,19,338.20,220.68,268.13,678.09,-1,-1,-1,-1
621,14,1055.03,100.09,359.84,956.68,-1,-1,-1,-1
621,18,1329.71,210.85,193.57,608.95,-1,-1,-1,-1
621,19,327.98,225.63,273.11,676.66,-1,-1,-1,-1
622,14,1082.68,101.71,403.30,869.20,-1,-1,-1,-1
622,18,1344.24,183.89,199.95,649.52,-1,-1,-1,-1
622,19,320.83,223.71,283.64,693.75,-1,-1,-1,-1
623,14,1115.87,92.42,407.30,915.21,-1,-1,-1,-1
623,18,1366.87,184.91,188.82,651.61,-1,-1,-1,-1
623,19,321.00,220.08,290.35,715.01,-1,-1,-1,-1
624,14,1137.78,71.50,430.64,971.64,-1,-1,-1,-1
624,18,1380.88,178.11,192.85,665.54,-1,-1,-1,-1
624,19,328.78,222.70,295.14,719.96,-1,-1,-1,-1
625,14,1146.92,68.77,443.40,989.40,-1,-1,-1,-1
625,18,1395.18,187.48,170.33,635.70,-1,-1,-1,-1
625,19,337.15,223.17,296.71,723.45,-1,-1,-1,-1
626,14,1179.57,62.82,421.63,1005.64,-1,-1,-1,-1
626,18,1405.81,178.85,164.99,645.58,-1,-1,-1,-1
626,19,346.08,218.36,297.37,734.94,-1,-1,-1,-1
627,14,1197.47,69.92,423.17,1006.29,-1,-1,-1,-1
627,18,1418.90,176.28,165.78,648.73,-1,-1,-1,-1
627,19,355.59,220.61,303.06,733.45,-1,-1,-1,-1
628,14,1221.65,90.78,434.02,985.13,-1,-1,-1,-1
628,18,1431.98,173.71,166.58,651.88,-1,-1,-1,-1
628,19,364.36,215.69,310.89,744.18,-1,-1,-1,-1
629,14,1251.49,92.35,427.81,984.83,-1,-1,-1,-1
629,18,1445.07,171.15,167.37,655.03,-1,-1,-1,-1
629,19,371.56,210.26,320.50,763.45,-1,-1,-1,-1
630,14,1291.60,111.08,422.98,940.11,-1,-1,-1,-1
630,18,1458.16,168.58,168.16,658.19,-1,-1,-1,-1
630,19,378.21,204.24,328.45,788.65,-1,-1,-1,-1
631,14,1314.26,111.34,424.19,934.17,-1,-1,-1,-1
631,19,386.07,204.83,331.50,790.14,-1,-1,-1,-1
632,14,1319.20,124.26,465.62,893.66,-1,-1,-1,-1
632,19,394.61,202.34,331.20,818.74,-1,-1,-1,-1
633,14,1338.02,107.72,507.78,899.47,-1,-1,-1,-1
633,19,405.51,203.90,327.06,840.20,-1,-1,-1,-1