30,0,3.59,263.18,162.41,590.80,-1,-1,-1,-1
31,0,3.96,256.58,183.31,603.35,-1,-1,-1,-1
32,0,6.40,253.39,216.97,601.14,-1,-1,-1,-1
33,0,11.99,258.24,237.70,591.32,-1,-1,-1,-1
34,0,13.24,261.46,285.41,578.23,-1,-1,-1,-1
35,0,27.32,261.23,309.27,575.67,-1,-1,-1,-1
36,0,42.32,264.07,316.63,572.58,-1,-1,-1,-1
37,0,53.14,268.77,311.40,567.39,-1,-1,-1,-1
38,0,70.80,270.41,297.24,567.41,-1,-1,-1,-1
39,0,84.18,254.05,278.38,590.44,-1,-1,-1,-1
40,0,95.36,244.56,266.80,603.80,-1,-1,-1,-1
41,0,102.09,241.94,264.98,612.81,-1,-1,-1,-1
42,0,112.22,244.13,257.50,619.39,-1,-1,-1,-1
43,0,119.20,242.02,253.98,634.58,-1,-1,-1,-1
44,0,128.40,248.08,250.26,630.11,-1,-1,-1,-1
45,0,128.31,252.60,256.07,636.16,-1,-1,-1,-1
46,0,130.38,251.84,258.68,648.82,-1,-1,-1,-1
47,0,126.29,248.16,270.70,659.63,-1,-1,-1,-1
48,0,124.40,245.61,279.68,663.36,-1,-1,-1,-1
49,0,118.33,236.69,294.02,677.80,-1,-1,-1,-1
50,0,114.36,229.67,304.35,688.56,-1,-1,-1,-1
51,0,110.73,231.94,312.02,688.97,-1,-1,-1,-1
52,0,105.79,224.29,325.46,712.50,-1,-1,-1,-1
53,0,103.99,222.69,333.14,724.64,-1,-1,-1,-1
54,0,104.83,226.90,335.54,731.78,-1,-1,-1,-1
55,0,107.03,223.73,335.13,755.63,-1,-1,-1,-1
56,0,111.68,219.63,331.85,770.34,-1,-1,-1,-1
57,0,116.93,219.08,329.58,773.28,-1,-1,-1,-1
58,0,122.49,216.83,324.41,776.26,-1,-1,-1,-1
59,0,123.62,213.88,326.09,795.95,-1,-1,-1,-1
60,0,125.08,209.43,326.07,822.79,-1,-1,-1,-1
61,0,124.32,203.11,332.51,852.70,-1,-1,-1,-1
62,0,123.63,200.11,339.39,865.09,-1,-1,-1,-1
63,0,122.24,204.28,348.71,862.08,-1,-1,-1,-1
64,0,121.01,205.50,356.16,863.77,-1,-1,-1,-1
65,0,122.11,193.04,363.19,879.42,-1,-1,-1,-1
66,0,116.78,181.44,377.29,891.06,-1,-1,-1,-1
67,0,113.45,165.73,387.61,910.35,-1,-1,-1,-1
68,0,113.98,158.23,396.80,921.06,-1,-1,-1,-1
69,0,118.57,157.26,398.43,920.46,-1,-1,-1,-1
70,0,129.89,156.22,397.17,919.53,-1,-1,-1,-1
71,0,144.45,152.43,392.60,922.83,-1,-1,-1,-1
72,0,172.71,166.94,381.16,903.51,-1,-1,-1,-1
73,0,200.46,169.82,363.85,900.62,-1,-1,-1,-1
74,0,222.91,159.41,367.87,913.15,-1,-1,-1,-1
75,0,249.79,145.07,379.68,934.23,-1,-1,-1,-1
76,0,275.55,130.95,413.33,950.91,-1,-1,-1,-1
77,0,298.56,126.48,441.30,951.69,-1,-1,-1,-1
78,0,331.61,120.47,455.79,955.20,-1,-1,-1,-1
79,0,356.09,117.04,470.16,952.38,-1,-1,-1,-1
80,0,392.91,109.70,464.98,962.98,-1,-1,-1,-1
81,0,428.78,118.67,466.26,943.44,-1,-1,-1,-1
82,0,461.65,116.74,454.52,948.74,-1,-1,-1,-1
83,0,495.22,123.22,427.28,936.02,-1,-1,-1,-1
84,0,535.02,106.29,381.47,958.39,-1,-1,-1,-1
85,0,561.05,90.36,361.32,979.75,-1,-1,-1,-1
86,0,596.79,83.22,358.08,976.48,-1,-1,-1,-1
87,0,645.95,86.87,324.69,967.83,-1,-1,-1,-1
88,0,675.80,83.88,357.46,981.19,-1,-1,-1,-1
89,0,711.67,88.71,353.03,980.67,-1,-1,-1,-1
90,0,744.31,91.40,366.28,981.29,-1,-1,-1,-1
91,0,793.61,106.35,367.18,957.38,-1,-1,-1,-1
92,0,860.24,92.55,345.32,976.94,-1,-1,-1,-1
93,0,905.69,85.85,340.13,981.29,-1,-1,-1,-1
94,0,949.58,77.41,332.19,980.11,-1,-1,-1,-1
95,0,1005.26,61.47,316.19,1010.17,-1,-1,-1,-1
96,0,1037.24,53.17,361.99,1025.05,-1,-1,-1,-1
97,0,1066.82,69.79,375.97,1003.41,-1,-1,-1,-1
98,0,1102.53,90.84,375.88,982.21,-1,-1,-1,-1
99,0,1136.12,98.28,374.43,975.10,-1,-1,-1,-1
100,0,1164.37,98.67,391.29,974.94,-1,-1,-1,-1
101,0,1192.39,95.41,395.11,982.07,-1,-1,-1,-1
102,0,1224.17,100.54,400.24,971.62,-1,-1,-1,-1
103,0,1263.13,106.25,405.43,954.96,-1,-1,-1,-1
104,0,1296.23,96.16,414.16,976.44,-1,-1,-1,-1
105,0,1316.58,95.05,443.76,973.49,-1,-1,-1,-1
106,0,1323.35,100.26,466.87,967.92,-1,-1,-1,-1
107,0,1320.56,109.30,496.95,948.87,-1,-1,-1,-1
108,0,1326.67,107.55,508.79,955.66,-1,-1,-1,-1
109,0,1338.49,115.41,523.46,940.32,-1,-1,-1,-1
110,0,1364.43,136.90,501.57,922.43,-1,-1,-1,-1
111,0,1394.17,132.73,476.88,935.83,-1,-1,-1,-1
112,0,1423.87,132.37,451.60,942.29,-1,-1,-1,-1
113,0,1444.54,131.75,433.69,942.88,-1,-1,-1,-1
114,0,1455.43,133.72,418.90,932.64,-1,-1,-1,-1
115,0,1464.73,132.32,405.99,929.92,-1,-1,-1,-1
116,0,1468.44,130.08,400.06,930.87,-1,-1,-1,-1
117,0,1476.64,136.32,389.23,916.51,-1,-1,-1,-1
118,0,1482.89,148.94,381.88,905.01,-1,-1,-1,-1
119,0,1493.99,159.16,364.14,892.06,-1,-1,-1,-1
120,0,1495.13,157.29,353.49,882.74,-1,-1,-1,-1
121,0,1499.56,161.08,338.46,868.15,-1,-1,-1,-1
122,0,1494.15,163.41,333.44,845.07,-1,-1,-1,-1
123,0,1486.52,169.26,330.84,821.19,-1,-1,-1,-1
124,0,1479.02,170.18,326.30,800.97,-1,-1,-1,-1
125,0,1472.60,178.79,319.27,779.02,-1,-1,-1,-1
125,1,-0.04,237.00,209.98,600.02,-1,-1,-1,-1
126,0,1462.33,189.67,308.55,758.17,-1,-1,-1,-1
126,1,1.48,228.51,220.28,614.52,-1,-1,-1,-1
127,0,1452.80,195.75,294.53,746.26,-1,-1,-1,-1
127,1,2.96,221.32,228.84,616.34,-1,-1,-1,-1
128,0,1441.68,200.50,282.27,726.15,-1,-1,-1,-1
128,1,0.80,223.95,243.36,617.13,-1,-1,-1,-1
129,0,1429.61,199.25,274.65,715.02,-1,-1,-1,-1
129,1,1.91,229.74,251.46,612.05,-1,-1,-1,-1
130,0,1413.22,191.17,266.27,713.00,-1,-1,-1,-1
130,1,7.62,235.70,255.35,613.23,-1,-1,-1,-1
131,0,1397.69,202.28,255.84,691.13,-1,-1,-1,-1
131,1,11.49,237.64,258.90,619.17,-1,-1,-1,-1
132,0,1382.59,200.64,251.77,691.43,-1,-1,-1,-1
132,1,17.26,231.31,263.50,637.64,-1,-1,-1,-1
133,0,1365.68,198.43,245.93,693.20,-1,-1,-1,-1
133,1,23.35,224.25,270.68,654.69,-1,-1,-1,-1
134,0,1347.16,205.63,249.64,681.09,-1,-1,-1,-1
134,1,26.70,218.94,277.91,664.82,-1,-1,-1,-1
135,0,1328.66,205.66,251.68,674.52,-1,-1,-1,-1
135,1,30.31,219.57,292.85,658.74,-1,-1,-1,-1
136,0,1305.64,198.62,258.64,684.28,-1,-1,-1,-1
136,1,31.96,215.65,311.83,666.23,-1,-1,-1,-1
137,0,1287.90,206.39,264.74,663.25,-1,-1,-1,-1
137,1,34.52,211.78,327.05,680.80,-1,-1,-1,-1
138,0,1275.67,210.36,261.59,658.61,-1,-1,-1,-1
138,1,44.03,212.05,327.77,689.98,-1,-1,-1,-1
139,0,1266.77,212.29,255.72,643.42,-1,-1,-1,-1
139,1,49.60,208.69,329.25,702.09,-1,-1,-1,-1
140,0,1266.81,214.03,224.69,624.08,-1,-1,-1,-1
140,1,57.61,205.91,325.82,714.66,-1,-1,-1,-1
141,0,1264.00,211.09,202.38,621.06,-1,-1,-1,-1
141,1,65.64,202.47,317.26,723.21,-1,-1,-1,-1
142,0,1248.90,217.99,193.41,599.85,-1,-1,-1,-1
142,1,70.30,196.80,315.44,730.79,-1,-1,-1,-1
143,0,1238.88,218.06,186.48,602.44,-1,-1,-1,-1
143,1,74.35,192.86,313.18,735.89,-1,-1,-1,-1
144,0,1194.99,219.05,224.88,595.79,-1,-1,-1,-1
144,1,83.62,180.09,309.86,767.37,-1,-1,-1,-1
145,0,1154.57,222.07,262.16,590.89,-1,-1,-1,-1
145,1,88.76,174.91,309.88,791.54,-1,-1,-1,-1
146,0,1134.11,215.28,282.45,600.57,-1,-1,-1,-1
146,1,91.89,167.77,310.34,822.52,-1,-1,-1,-1
147,0,1126.63,220.11,268.16,593.03,-1,-1,-1,-1
147,1,90.03,166.41,317.90,841.02,-1,-1,-1,-1
148,0,1129.78,229.34,233.05,574.66,-1,-1,-1,-1
148,1,87.22,165.08,324.17,865.19,-1,-1,-1,-1
149,0,1114.74,234.66,208.83,561.45,-1,-1,-1,-1
149,1,81.84,163.37,333.49,870.72,-1,-1,-1,-1
150,0,1097.40,227.38,178.31,570.54,-1,-1,-1,-1
150,1,74.64,157.19,347.17,887.33,-1,-1,-1,-1
151,0,1060.17,230.04,195.58,563.38,-1,-1,-1,-1
151,1,67.50,145.05,361.50,911.32,-1,-1,-1,-1
152,0,1026.64,227.48,221.29,565.39,-1,-1,-1,-1
152,1,51.05,130.99,389.83,936.54,-1,-1,-1,-1
153,0,1005.55,229.09,235.96,564.17,-1,-1,-1,-1
153,1,44.54,126.84,405.43,945.61,-1,-1,-1,-1
154,0,981.14,230.61,256.57,561.80,-1,-1,-1,-1
154,1,48.87,129.08,410.75,942.08,-1,-1,-1,-1
155,0,959.36,246.99,271.49,543.87,-1,-1,-1,-1
155,1,56.00,133.60,410.89,935.99,-1,-1,-1,-1
156,0,965.20,234.27,223.18,562.44,-1,-1,-1,-1
156,1,72.99,135.57,401.88,933.32,-1,-1,-1,-1
157,0,963.00,229.47,204.34,567.47,-1,-1,-1,-1
157,1,82.71,133.68,401.87,935.90,-1,-1,-1,-1
158,0,950.57,234.55,197.65,552.06,-1,-1,-1,-1
158,1,97.52,125.45,392.73,945.20,-1,-1,-1,-1
159,0,929.23,236.97,195.05,545.03,-1,-1,-1,-1
159,1,110.39,118.32,388.07,956.02,-1,-1,-1,-1
160,0,911.77,239.80,183.85,539.45,-1,-1,-1,-1
160,1,128.74,105.35,381.48,974.03,-1,-1,-1,-1
161,0,884.59,230.12,194.98,554.63,-1,-1,-1,-1
161,1,140.46,101.80,382.50,967.53,-1,-1,-1,-1
162,0,834.88,234.69,237.69,547.46,-1,-1,-1,-1
162,1,162.06,97.29,374.52,964.77,-1,-1,-1,-1
163,0,806.25,240.78,258.50,541.44,-1,-1,-1,-1
163,1,169.84,101.54,382.40,952.29,-1,-1,-1,-1
164,0,795.80,248.07,257.34,533.34,-1,-1,-1,-1
164,1,179.33,88.84,407.17,971.26,-1,-1,-1,-1
165,0,793.96,254.24,247.23,529.71,-1,-1,-1,-1
165,1,196.16,99.04,409.51,948.57,-1,-1,-1,-1
166,0,788.41,249.32,221.33,539.40,-1,-1,-1,-1
166,1,216.39,98.32,406.90,950.83,-1,-1,-1,-1
167,0,782.74,243.77,200.15,547.97,-1,-1,-1,-1
167,1,240.80,84.22,399.70,968.84,-1,-1,-1,-1
168,0,769.10,243.75,179.02,551.69,-1,-1,-1,-1
168,1,268.95,65.14,407.81,994.68,-1,-1,-1,-1
169,0,738.83,250.33,183.33,542.65,-1,-1,-1,-1
169,1,304.21,50.98,415.23,1022.03,-1,-1,-1,-1
170,0,706.29,251.22,205.41,539.80,-1,-1,-1,-1
170,1,357.20,53.21,411.05,1021.69,-1,-1,-1,-1
171,0,689.24,242.74,210.33,564.97,-1,-1,-1,-1
171,1,412.26,84.81,414.46,981.53,-1,-1,-1,-1
172,0,668.38,239.21,213.86,574.45,-1,-1,-1,-1
172,1,471.25,131.18,412.54,926.79,-1,-1,-1,-1
173,0,647.52,235.67,217.39,583.93,-1,-1,-1,-1
173,1,517.62,154.42,412.87,903.08,-1,-1,-1,-1
174,0,626.65,232.13,220.92,593.40,-1,-1,-1,-1
174,1,575.28,135.46,419.47,926.91,-1,-1,-1,-1
175,0,605.79,228.59,224.45,602.88,-1,-1,-1,-1
175,1,611.30,101.63,419.40,967.45,-1,-1,-1,-1
176,0,596.83,248.14,156.28,554.32,-1,-1,-1,-1
176,1,633.40,96.76,435.01,965.04,-1,-1,-1,-1
177,0,571.00,241.22,174.80,570.80,-1,-1,-1,-1
177,1,727.91,65.08,346.16,1002.36,-1,-1,-1,-1
178,0,540.58,235.73,195.36,587.46,-1,-1,-1,-1
178,1,763.82,52.36,353.02,1022.26,-1,-1,-1,-1
179,0,518.66,240.29,209.12,587.58,-1,-1,-1,-1
179,1,799.73,39.64,359.88,1042.16,-1,-1,-1,-1
180,0,483.08,233.57,241.50,607.78,-1,-1,-1,-1
180,1,851.52,49.61,387.34,1021.65,-1,-1,-1,-1
181,0,446.07,235.48,278.41,612.07,-1,-1,-1,-1
181,1,906.76,41.86,388.58,1035.55,-1,-1,-1,-1
182,0,422.84,241.68,290.39,611.02,-1,-1,-1,-1
182,1,950.62,58.82,395.28,1015.03,-1,-1,-1,-1
183,0,406.70,239.88,287.97,621.35,-1,-1,-1,-1
183,1,994.86,67.31,396.21,1001.34,-1,-1,-1,-1
184,0,405.75,237.98,254.24,631.36,-1,-1,-1,-1
184,1,1050.16,70.23,394.06,992.67,-1,-1,-1,-1
185,0,399.24,234.69,222.96,634.85,-1,-1,-1,-1
185,1,1090.32,48.28,408.05,1021.07,-1,-1,-1,-1
186,0,393.68,229.55,208.56,650.71,-1,-1,-1,-1
186,1,1126.85,31.03,417.19,1041.64,-1,-1,-1,-1
187,0,380.34,228.07,198.79,652.64,-1,-1,-1,-1
187,1,1154.86,40.94,429.34,1029.12,-1,-1,-1,-1
188,0,356.02,230.29,208.72,650.62,-1,-1,-1,-1
188,1,1198.21,38.08,430.33,1031.50,-1,-1,-1,-1
189,0,306.64,229.00,256.27,664.87,-1,-1,-1,-1
189,1,1175.15,47.51,498.47,1020.87,-1,-1,-1,-1
190,0,274.23,220.80,280.69,690.06,-1,-1,-1,-1
190,1,1214.97,47.71,497.44,1018.73,-1,-1,-1,-1
191,0,267.24,213.51,280.87,714.52,-1,-1,-1,-1
191,1,1244.72,67.87,534.50,988.67,-1,-1,-1,-1
192,0,254.46,219.79,292.32,715.28,-1,-1,-1,-1
192,1,1293.98,60.72,471.48,996.63,-1,-1,-1,-1
193,0,242.00,225.44,297.92,712.96,-1,-1,-1,-1
193,1,1329.15,67.98,447.95,980.32,-1,-1,-1,-1
194,0,226.03,230.27,287.55,709.86,-1,-1,-1,-1
194,1,1354.27,65.65,439.45,993.73,-1,-1,-1,-1
195,0,196.12,228.46,301.53,714.76,-1,-1,-1,-1
195,1,1384.39,61.31,414.32,999.73,-1,-1,-1,-1
196,0,143.55,221.43,350.12,725.86,-1,-1,-1,-1
196,1,1406.25,56.84,393.75,1010.32,-1,-1,-1,-1
197,0,96.02,222.89,392.04,735.83,-1,-1,-1,-1
197,1,1421.73,60.80,380.79,1004.93,-1,-1,-1,-1
198,0,67.85,221.62,418.09,749.23,-1,-1,-1,-1
198,1,1430.38,62.74,376.51,1011.09,-1,-1,-1,-1
199,0,35.63,210.31,443.08,791.67,-1,-1,-1,-1
199,1,1436.22,74.82,385.16,999.61,-1,-1,-1,-1
200,0,23.02,213.16,440.77,804.40,-1,-1,-1,-1
200,1,1449.79,82.43,373.66,985.34,-1,-1,-1,-1
201,0,16.89,213.08,434.15,806.23,-1,-1,-1,-1
201,1,1467.13,91.15,367.72,974.07,-1,-1,-1,-1
202,0,20.89,210.33,412.80,823.17,-1,-1,-1,-1
202,1,1480.44,95.90,368.89,961.43,-1,-1,-1,-1
203,0,23.08,208.34,396.45,840.33,-1,-1,-1,-1
203,1,1489.13,101.22,370.89,948.02,-1,-1,-1,-1
204,0,17.91,203.23,375.95,851.80,-1,-1,-1,-1
204,1,1500.73,104.89,370.06,923.07,-1,-1,-1,-1
205,0,12.14,208.04,370.01,843.15,-1,-1,-1,-1
205,1,1505.34,98.95,371.06,931.09,-1,-1,-1,-1
206,0,6.27,193.26,359.67,872.48,-1,-1,-1,-1
206,1,1504.71,112.94,378.27,894.37,-1,-1,-1,-1
207,0,1.55,185.57,359.66,886.44,-1,-1,-1,-1
207,1,1510.51,119.52,367.67,877.27,-1,-1,-1,-1
208,0,-1.48,185.61,355.75,890.52,-1,-1,-1,-1
208,1,1512.46,127.20,363.14,868.66,-1,-1,-1,-1
209,0,-5.50,187.14,348.04,888.75,-1,-1,-1,-1
209,1,1515.19,141.26,349.99,835.08,-1,-1,-1,-1
210,0,-6.64,185.84,339.46,889.81,-1,-1,-1,-1
210,1,1522.90,146.53,319.56,791.72,-1,-1,-1,-1
211,0,-7.56,185.38,331.32,887.50,-1,-1,-1,-1
211,1,1522.03,146.28,305.87,786.10,-1,-1,-1,-1
212,0,-8.38,177.64,328.17,895.58,-1,-1,-1,-1
212,1,1518.35,148.15,299.14,775.79,-1,-1,-1,-1
213,0,-7.64,178.53,323.69,894.51,-1,-1,-1,-1
213,1,1513.95,150.10,292.51,767.55,-1,-1,-1,-1
214,0,-7.56,178.72,332.04,894.69,-1,-1,-1,-1
214,1,1507.83,150.51,288.60,762.98,-1,-1,-1,-1
215,0,-6.43,166.66,341.75,906.82,-1,-1,-1,-1
215,1,1502.78,153.44,286.54,757.62,-1,-1,-1,-1
216,0,-5.37,158.70,347.47,913.70,-1,-1,-1,-1
216,1,1494.89,154.19,281.39,752.09,-1,-1,-1,-1
217,0,-4.32,146.26,356.45,929.25,-1,-1,-1,-1
217,1,1486.95,154.32,273.21,752.09,-1,-1,-1,-1
218,0,-2.46,133.92,361.02,945.53,-1,-1,-1,-1
218,1,1479.14,159.82,265.95,735.76,-1,-1,-1,-1
219,0,-2.28,135.06,386.21,940.15,-1,-1,-1,-1
219,1,1471.45,169.71,260.27,716.41,-1,-1,-1,-1
220,0,-0.99,128.20,400.66,949.92,-1,-1,-1,-1
220,1,1467.26,176.02,254.83,696.83,-1,-1,-1,-1
221,0,2.26,121.15,411.87,954.33,-1,-1,-1,-1
221,1,1463.75,172.85,243.02,678.55,-1,-1,-1,-1
222,0,1.91,108.78,454.13,966.66,-1,-1,-1,-1
222,1,1462.64,171.74,226.22,667.90,-1,-1,-1,-1
223,0,6.01,97.94,487.80,975.75,-1,-1,-1,-1
223,1,1463.56,175.78,207.87,653.23,-1,-1,-1,-1
224,0,10.43,88.03,527.53,986.83,-1,-1,-1,-1
224,1,1452.35,175.45,200.54,643.69,-1,-1,-1,-1
225,0,17.96,79.66,532.80,996.59,-1,-1,-1,-1
225,1,1425.10,172.44,215.31,643.82,-1,-1,-1,-1
226,0,25.50,71.29,538.07,1006.36,-1,-1,-1,-1
226,1,1392.24,171.71,240.49,637.91,-1,-1,-1,-1
227,0,33.03,62.92,543.34,1016.12,-1,-1,-1,-1
227,1,1376.32,173.54,247.98,631.20,-1,-1,-1,-1
228,0,40.56,54.55,548.61,1025.89,-1,-1,-1,-1
228,1,1369.99,181.95,233.78,616.04,-1,-1,-1,-1
229,0,89.05,255.33,189.07,442.53,-1,-1,-1,-1
229,1,1367.45,188.44,209.63,596.19,-1,-1,-1,-1
230,0,68.58,241.04,203.92,541.53,-1,-1,-1,-1
230,1,1363.72,187.32,182.05,589.84,-1,-1,-1,-1
231,0,67.81,226.49,226.52,595.09,-1,-1,-1,-1
231,1,1344.40,185.61,171.21,592.07,-1,-1,-1,-1
232,0,66.60,220.15,253.68,624.13,-1,-1,-1,-1
232,1,1309.65,188.04,186.60,586.72,-1,-1,-1,-1
233,0,77.92,220.13,271.89,648.86,-1,-1,-1,-1
233,1,1281.29,181.67,202.22,595.05,-1,-1,-1,-1
234,0,95.63,224.03,270.52,658.09,-1,-1,-1,-1
234,1,1240.18,191.89,239.28,577.55,-1,-1,-1,-1
235,0,108.83,220.60,270.94,681.79,-1,-1,-1,-1
235,1,1219.48,205.15,254.63,562.03,-1,-1,-1,-1
236,0,116.29,219.52,274.05,694.90,-1,-1,-1,-1
236,1,1205.19,206.40,260.96,560.72,-1,-1,-1,-1
236,6,499.33,52.21,400.48,1008.30,-1,-1,-1,-1
237,0,123.94,221.23,283.14,696.98,-1,-1,-1,-1
237,1,1198.86,206.60,248.08,560.53,-1,-1,-1,-1
237,6,570.48,40.84,373.71,1032.65,-1,-1,-1,-1
238,0,131.07,220.25,287.78,698.65,-1,-1,-1,-1
238,1,1199.00,216.55,213.23,538.98,-1,-1,-1,-1
238,6,624.36,29.24,374.46,1033.31,-1,-1,-1,-1
239,0,135.24,216.80,289.95,707.41,-1,-1,-1,-1
239,1,1196.00,214.41,170.52,535.70,-1,-1,-1,-1
239,6,692.68,16.08,369.81,1036.83,-1,-1,-1,-1
240,0,138.68,209.91,291.66,725.02,-1,-1,-1,-1
240,1,1182.00,220.46,160.48,527.79,-1,-1,-1,-1
240,6,743.83,17.19,372.43,1027.02,-1,-1,-1,-1
241,0,140.42,208.32,294.66,743.85,-1,-1,-1,-1
241,1,1159.98,221.40,158.62,521.04,-1,-1,-1,-1
241,6,785.13,16.73,394.65,1029.10,-1,-1,-1,-1
242,0,146.91,210.53,292.28,757.95,-1,-1,-1,-1
242,1,1135.72,213.57,171.11,535.14,-1,-1,-1,-1
242,6,842.34,36.18,403.46,1015.29,-1,-1,-1,-1
243,0,148.96,211.62,297.15,776.33,-1,-1,-1,-1
243,1,1117.00,211.91,171.66,536.89,-1,-1,-1,-1
243,6,903.38,34.45,411.95,1021.94,-1,-1,-1,-1
244,0,150.33,213.87,300.23,789.78,-1,-1,-1,-1
244,1,1098.29,210.25,172.21,538.63,-1,-1,-1,-1
244,6,942.85,30.45,424.66,1030.58,-1,-1,-1,-1
245,0,149.83,214.36,304.62,798.35,-1,-1,-1,-1
245,1,1079.58,208.59,172.75,540.38,-1,-1,-1,-1
245,6,994.87,34.03,438.08,1033.45,-1,-1,-1,-1
246,0,149.05,209.17,307.10,811.83,-1,-1,-1,-1
246,1,1060.86,206.93,173.30,542.12,-1,-1,-1,-1
246,6,1045.99,65.44,465.19,1004.90,-1,-1,-1,-1
247,0,147.02,201.34,311.14,825.04,-1,-1,-1,-1
247,6,1103.90,73.69,460.50,994.76,-1,-1,-1,-1
248,0,142.42,195.51,321.41,830.58,-1,-1,-1,-1
248,6,1161.82,81.94,455.80,984.61,-1,-1,-1,-1
249,0,135.78,185.62,335.31,846.90,-1,-1,-1,-1
249,1,1009.23,232.48,139.22,528.11,-1,-1,-1,-1
249,6,1219.74,90.19,451.11,974.46,-1,-1,-1,-1
250,0,133.77,176.17,346.80,871.43,-1,-1,-1,-1
250,1,977.39,225.99,158.98,526.28,-1,-1,-1,-1
250,6,1277.66,98.44,446.41,964.32,-1,-1,-1,-1
251,0,137.75,171.72,349.41,888.16,-1,-1,-1,-1
251,1,945.86,227.32,181.54,521.42,-1,-1,-1,-1
252,0,144.71,169.59,348.44,891.67,-1,-1,-1,-1
252,1,913.20,228.06,210.77,518.94,-1,-1,-1,-1
253,0,148.86,174.91,352.45,883.52,-1,-1,-1,-1
253,1,889.46,233.52,228.51,511.94,-1,-1,-1,-1
254,0,157.33,172.85,351.86,890.43,-1,-1,-1,-1
254,1,873.29,249.77,238.16,493.10,-1,-1,-1,-1
255,0,161.33,169.49,358.46,898.65,-1,-1,-1,-1
255,1,868.67,247.43,226.01,494.52,-1,-1,-1,-1
255,6,1339.21,70.34,530.64,1008.51,-1,-1,-1,-1
256,0,161.65,165.51,373.22,905.76,-1,-1,-1,-1
256,1,865.73,228.65,214.99,521.43,-1,-1,-1,-1
256,6,1367.11,64.50,525.75,1016.61,-1,-1,-1,-1
257,0,166.51,162.57,382.07,905.47,-1,-1,-1,-1
257,1,861.33,219.36,189.69,538.94,-1,-1,-1,-1
257,6,1387.90,67.03,516.09,1007.76,-1,-1,-1,-1
258,0,173.09,148.45,387.48,924.13,-1,-1,-1,-1
258,1,852.25,215.85,163.89,542.20,-1,-1,-1,-1
258,6,1406.09,72.32,507.73,1002.17,-1,-1,-1,-1
259,0,185.35,136.49,392.79,935.93,-1,-1,-1,-1
259,1,819.04,218.58,181.88,534.04,-1,-1,-1,-1
259,6,1426.33,89.17,485.20,974.92,-1,-1,-1,-1
260,0,197.40,137.52,391.96,928.51,-1,-1,-1,-1
260,1,773.60,224.27,212.62,530.70,-1,-1,-1,-1
260,6,1437.33,97.97,474.26,966.63,-1,-1,-1,-1
261,0,210.54,148.38,392.63,905.63,-1,-1,-1,-1
261,1,731.93,225.76,245.26,535.35,-1,-1,-1,-1
261,6,1445.91,113.08,468.86,950.14,-1,-1,-1,-1
262,0,226.69,141.55,394.09,918.13,-1,-1,-1,-1
262,1,701.39,227.33,267.73,543.52,-1,-1,-1,-1
262,6,1448.60,106.01,461.15,965.38,-1,-1,-1,-1
263,0,246.84,137.71,391.73,931.49,-1,-1,-1,-1
263,1,688.26,220.06,253.51,561.34,-1,-1,-1,-1
263,6,1441.69,103.73,468.83,973.87,-1,-1,-1,-1
264,0,271.01,128.50,386.90,946.30,-1,-1,-1,-1
264,1,680.45,217.85,237.69,568.19,-1,-1,-1,-1
264,6,1438.37,103.35,459.55,977.34,-1,-1,-1,-1
265,0,296.51,116.90,385.15,957.18,-1,-1,-1,-1
265,1,679.50,218.13,206.76,571.19,-1,-1,-1,-1
265,6,1427.38,100.14,447.68,981.06,-1,-1,-1,-1
266,0,331.84,109.45,382.63,954.89,-1,-1,-1,-1
266,1,681.11,214.07,177.21,585.66,-1,-1,-1,-1
266,6,1417.12,115.60,437.69,957.71,-1,-1,-1,-1
267,0,357.18,100.11,390.51,962.65,-1,-1,-1,-1
267,1,680.27,215.85,159.74,585.68,-1,-1,-1,-1
267,6,1407.97,114.57,428.44,959.13,-1,-1,-1,-1
268,0,390.81,95.46,402.65,968.24,-1,-1,-1,-1
268,1,677.58,219.44,146.15,579.19,-1,-1,-1,-1
268,6,1406.51,125.90,410.59,941.31,-1,-1,-1,-1
269,0,434.16,82.85,385.88,989.27,-1,-1,-1,-1
269,1,661.51,220.64,146.29,579.81,-1,-1,-1,-1
269,6,1401.72,134.72,389.75,928.61,-1,-1,-1,-1
270,0,472.28,104.34,379.43,963.39,-1,-1,-1,-1
270,1,645.44,221.83,146.43,580.43,-1,-1,-1,-1
270,6,1397.15,145.51,374.58,903.84,-1,-1,-1,-1
271,0,515.35,86.98,364.40,985.13,-1,-1,-1,-1
271,1,629.38,223.03,146.57,581.05,-1,-1,-1,-1
271,6,1393.99,159.36,350.81,877.58,-1,-1,-1,-1
272,0,548.39,83.39,368.92,992.99,-1,-1,-1,-1
272,1,613.31,224.22,146.70,581.67,-1,-1,-1,-1
272,6,1388.31,164.01,338.15,865.86,-1,-1,-1,-1
273,0,571.75,61.59,374.89,1020.56,-1,-1,-1,-1
273,6,1383.03,166.95,320.54,850.65,-1,-1,-1,-1
274,0,573.99,49.70,398.05,1034.01,-1,-1,-1,-1
274,1,557.29,220.92,133.36,601.97,-1,-1,-1,-1
274,6,1375.47,168.15,312.70,843.98,-1,-1,-1,-1
275,0,591.45,50.96,409.19,1024.28,-1,-1,-1,-1
275,1,529.19,221.57,174.09,603.10,-1,-1,-1,-1
275,6,1369.51,168.23,297.37,844.21,-1,-1,-1,-1
276,0,675.22,62.76,355.81,1004.45,-1,-1,-1,-1
276,1,501.11,219.82,199.43,610.89,-1,-1,-1,-1
276,6,1360.01,174.90,290.75,830.41,-1,-1,-1,-1
277,0,730.47,58.11,352.47,1005.17,-1,-1,-1,-1
277,1,455.53,211.04,250.57,634.88,-1,-1,-1,-1
277,6,1350.75,181.56,286.61,809.34,-1,-1,-1,-1
278,0,784.93,48.72,336.94,1019.75,-1,-1,-1,-1
278,1,419.96,205.88,284.77,654.60,-1,-1,-1,-1
278,6,1339.84,189.21,286.00,778.01,-1,-1,-1,-1
279,0,830.38,53.78,331.57,1007.89,-1,-1,-1,-1
279,1,389.84,208.46,311.24,656.39,-1,-1,-1,-1
279,6,1329.16,196.32,282.84,765.42,-1,-1,-1,-1
280,0,874.23,45.71,315.09,1026.07,-1,-1,-1,-1
280,1,373.31,207.68,316.50,666.83,-1,-1,-1,-1
280,6,1319.04,199.57,274.75,742.43,-1,-1,-1,-1
281,0,905.05,45.79,328.36,1018.96,-1,-1,-1,-1
281,1,368.76,208.72,300.99,661.04,-1,-1,-1,-1
281,6,1312.41,198.48,259.82,728.27,-1,-1,-1,-1
282,0,935.14,47.03,351.15,1017.39,-1,-1,-1,-1
282,1,383.15,203.27,266.39,674.15,-1,-1,-1,-1
282,6,1306.84,203.75,242.81,712.33,-1,-1,-1,-1
283,0,983.27,32.23,343.39,1038.40,-1,-1,-1,-1
283,1,383.57,201.20,254.18,685.13,-1,-1,-1,-1
283,6,1299.69,195.93,229.82,707.59,-1,-1,-1,-1
284,0,1018.65,20.16,356.59,1048.07,-1,-1,-1,-1
284,1,380.53,194.84,252.42,699.16,-1,-1,-1,-1
284,6,1292.74,196.60,224.49,692.04,-1,-1,-1,-1
285,0,1053.32,25.40,409.54,1032.70,-1,-1,-1,-1
285,1,373.77,193.85,253.27,704.84,-1,-1,-1,-1
285,6,1269.65,169.18,235.01,728.46,-1,-1,-1,-1
286,0,1101.34,17.81,413.16,1052.25,-1,-1,-1,-1
286,1,367.30,191.71,254.89,717.73,-1,-1,-1,-1
286,6,1255.58,159.64,237.55,736.37,-1,-1,-1,-1
287,0,1133.55,15.64,456.47,1051.37,-1,-1,-1,-1
287,1,359.80,188.81,260.23,734.61,-1,-1,-1,-1
287,6,1241.52,150.10,240.09,744.29,-1,-1,-1,-1
288,0,1177.35,11.52,458.24,1055.39,-1,-1,-1,-1
288,1,352.69,193.85,265.73,735.00,-1,-1,-1,-1
288,6,1227.45,140.56,242.63,752.20,-1,-1,-1,-1
289,0,1208.04,141.04,476.53,904.13,-1,-1,-1,-1
289,1,347.14,195.83,268.68,743.22,-1,-1,-1,-1
289,6,1213.38,131.02,245.17,760.12,-1,-1,-1,-1
290,0,1265.21,171.64,450.22,854.12,-1,-1,-1,-1
290,1,338.66,194.81,273.85,757.62,-1,-1,-1,-1
291,0,1322.39,202.23,423.90,804.12,-1,-1,-1,-1
291,1,324.49,185.55,278.49,785.22,-1,-1,-1,-1
291,6,1198.41,256.14,149.60,576.49,-1,-1,-1,-1
292,0,1379.56,232.83,397.58,754.11,-1,-1,-1,-1
292,1,306.24,188.12,292.29,789.31,-1,-1,-1,-1
292,6,1167.45,219.06,173.24,619.62,-1,-1,-1,-1
293,0,1315.58,65.28,515.97,1011.79,-1,-1,-1,-1
293,1,295.23,182.11,304.39,796.93,-1,-1,-1,-1
293,6,1136.32,217.02,191.04,618.88,-1,-1,-1,-1
294,0,1359.85,53.41,492.62,1015.54,-1,-1,-1,-1
294,1,281.73,180.38,318.28,803.06,-1,-1,-1,-1
294,6,1106.99,217.06,212.04,617.23,-1,-1,-1,-1
295,0,1388.09,44.55,496.98,1021.86,-1,-1,-1,-1
295,1,270.02,169.74,334.90,823.86,-1,-1,-1,-1
295,6,1077.08,210.67,238.75,627.42,-1,-1,-1,-1
296,0,1418.52,43.67,481.42,1025.31,-1,-1,-1,-1
296,1,262.34,161.31,346.40,860.21,-1,-1,-1,-1
296,6,1061.93,216.17,247.66,620.03,-1,-1,-1,-1
297,0,1441.01,46.32,472.94,1026.59,-1,-1,-1,-1
297,1,258.07,158.18,350.18,876.74,-1,-1,-1,-1
297,6,1046.20,224.21,256.28,609.98,-1,-1,-1,-1
298,0,1456.02,52.77,472.08,1012.59,-1,-1,-1,-1
298,1,261.27,159.77,344.73,881.87,-1,-1,-1,-1
298,6,1039.29,230.13,239.56,599.33,-1,-1,-1,-1
299,0,1476.96,55.62,461.24,1016.71,-1,-1,-1,-1
299,1,267.88,155.83,335.53,889.66,-1,-1,-1,-1
299,6,1035.07,237.19,208.18,573.14,-1,-1,-1,-1
300,0,1498.12,76.20,441.56,983.77,-1,-1,-1,-1
300,1,271.01,151.37,332.80,895.63,-1,-1,-1,-1
300,6,1018.49,227.99,192.59,580.15,-1,-1,-1,-1
301,0,1514.11,73.91,423.07,990.88,-1,-1,-1,-1
301,1,272.04,138.25,336.53,918.49,-1,-1,-1,-1
301,6,1001.59,233.36,177.02,564.07,-1,-1,-1,-1
302,0,1521.61,65.80,418.36,1008.66,-1,-1,-1,-1
302,1,274.75,134.75,339.49,929.41,-1,-1,-1,-1
302,6,988.33,234.81,170.52,567.74,-1,-1,-1,-1
303,0,1528.89,79.02,407.46,987.24,-1,-1,-1,-1
303,1,283.99,134.02,336.19,932.87,-1,-1,-1,-1
303,6,962.53,226.51,193.77,583.41,-1,-1,-1,-1
304,0,1541.45,80.92,393.94,988.37,-1,-1,-1,-1
304,1,288.97,131.78,344.43,936.72,-1,-1,-1,-1
304,6,928.66,229.23,228.14,574.64,-1,-1,-1,-1
305,0,1557.06,85.57,376.83,986.49,-1,-1,-1,-1
305,1,297.14,129.47,348.62,942.94,-1,-1,-1,-1
305,6,901.85,230.61,250.69,571.50,-1,-1,-1,-1
306,0,1568.76,91.34,364.12,979.63,-1,-1,-1,-1
306,1,311.47,128.65,339.91,942.72,-1,-1,-1,-1
306,6,880.14,230.60,260.82,581.45,-1,-1,-1,-1
307,0,1575.20,95.40,356.95,973.47,-1,-1,-1,-1
307,1,317.56,130.96,350.90,935.86,-1,-1,-1,-1
307,6,872.54,230.78,241.49,582.68,-1,-1,-1,-1
308,0,1577.84,94.97,353.63,975.67,-1,-1,-1,-1
308,1,330.37,119.39,348.55,940.17,-1,-1,-1,-1
308,6,864.88,233.68,221.62,574.49,-1,-1,-1,-1
309,0,1582.66,94.40,346.35,971.15,-1,-1,-1,-1
309,1,345.62,120.82,343.92,932.74,-1,-1,-1,-1
309,6,851.10,234.75,198.17,575.78,-1,-1,-1,-1
310,0,1582.91,99.88,344.12,955.13,-1,-1,-1,-1
310,1,364.51,107.26,349.73,954.63,-1,-1,-1,-1
310,6,835.34,235.46,184.38,568.83,-1,-1,-1,-1
311,0,1582.53,111.38,336.68,938.72,-1,-1,-1,-1
311,1,390.71,94.33,351.21,977.48,-1,-1,-1,-1
311,6,802.37,232.06,201.26,579.05,-1,-1,-1,-1
312,0,1575.88,117.57,337.08,931.31,-1,-1,-1,-1
312,1,417.75,79.12,349.22,995.00,-1,-1,-1,-1
312,6,769.38,227.25,221.76,595.37,-1,-1,-1,-1
313,0,1573.43,126.45,331.15,919.65,-1,-1,-1,-1
313,1,440.40,85.56,350.50,982.47,-1,-1,-1,-1
313,6,746.90,235.41,235.92,586.24,-1,-1,-1,-1
314,0,1561.30,137.09,332.06,890.52,-1,-1,-1,-1
314,1,469.39,81.90,342.84,988.89,-1,-1,-1,-1
314,6,740.61,239.33,236.16,588.94,-1,-1,-1,-1
315,0,1546.89,140.33,341.05,883.52,-1,-1,-1,-1
315,1,500.20,101.15,343.08,967.73,-1,-1,-1,-1
315,6,739.61,228.69,210.13,604.66,-1,-1,-1,-1
316,0,1538.80,151.70,336.43,860.17,-1,-1,-1,-1
316,1,522.73,94.84,372.40,977.52,-1,-1,-1,-1
316,6,721.17,225.81,212.76,612.25,-1,-1,-1,-1
317,0,1529.16,159.01,324.96,847.13,-1,-1,-1,-1
317,1,551.67,81.44,350.81,990.01,-1,-1,-1,-1
317,6,702.72,222.93,215.39,619.84,-1,-1,-1,-1
318,0,1513.64,164.09,323.82,833.78,-1,-1,-1,-1
318,1,595.86,78.74,311.71,986.61,-1,-1,-1,-1
318,6,684.28,220.05,218.02,627.43,-1,-1,-1,-1
319,0,1508.22,168.25,301.04,819.20,-1,-1,-1,-1
319,1,624.78,69.83,295.41,977.41,-1,-1,-1,-1
319,6,665.83,217.17,220.65,635.02,-1,-1,-1,-1
320,0,1497.66,170.28,288.39,811.68,-1,-1,-1,-1
320,1,623.73,92.02,338.07,944.45,-1,-1,-1,-1
321,0,1483.75,170.33,280.77,808.21,-1,-1,-1,-1
321,1,610.54,73.71,395.11,977.41,-1,-1,-1,-1
321,6,583.57,236.70,187.07,632.56,-1,-1,-1,-1
322,0,1468.69,176.89,274.92,799.23,-1,-1,-1,-1
322,1,679.56,75.28,362.67,982.37,-1,-1,-1,-1
322,6,539.64,230.44,243.75,653.61,-1,-1,-1,-1
323,0,1453.30,186.07,259.80,756.86,-1,-1,-1,-1
323,1,736.66,100.72,353.68,957.77,-1,-1,-1,-1
323,6,511.69,230.97,274.26,664.21,-1,-1,-1,-1
324,0,1439.57,179.46,239.71,741.32,-1,-1,-1,-1
324,1,787.79,109.13,342.96,951.67,-1,-1,-1,-1
324,6,494.82,231.48,285.79,672.28,-1,-1,-1,-1
325,0,1427.62,171.10,230.50,734.46,-1,-1,-1,-1
325,1,821.00,94.84,339.70,973.12,-1,-1,-1,-1
325,6,487.02,230.75,288.94,682.23,-1,-1,-1,-1
326,0,1410.64,156.65,222.92,750.01,-1,-1,-1,-1
326,1,844.81,92.16,345.63,968.36,-1,-1,-1,-1
326,6,483.03,226.38,277.85,694.28,-1,-1,-1,-1
327,0,1390.20,164.76,221.98,730.33,-1,-1,-1,-1
327,1,873.28,73.80,338.31,989.19,-1,-1,-1,-1
327,6,481.52,223.11,270.09,705.28,-1,-1,-1,-1
328,0,1366.84,169.16,227.95,710.72,-1,-1,-1,-1
328,1,924.87,68.17,321.20,987.85,-1,-1,-1,-1
328,6,476.66,220.70,263.69,704.82,-1,-1,-1,-1
329,0,1325.99,171.22,262.68,706.03,-1,-1,-1,-1
329,1,971.34,61.44,316.99,997.43,-1,-1,-1,-1
329,6,464.04,215.89,268.05,722.06,-1,-1,-1,-1
330,0,1292.82,178.98,288.23,699.22,-1,-1,-1,-1
330,1,996.03,74.90,369.17,979.57,-1,-1,-1,-1
330,6,439.96,212.01,282.98,743.76,-1,-1,-1,-1
331,0,1277.95,194.36,286.47,670.09,-1,-1,-1,-1
331,1,1036.15,144.89,454.31,841.50,-1,-1,-1,-1
331,6,434.94,215.22,276.21,753.78,-1,-1,-1,-1
332,0,1263.33,200.66,279.09,652.80,-1,-1,-1,-1
332,1,1120.67,183.72,409.76,769.19,-1,-1,-1,-1
332,6,421.05,217.75,281.39,762.05,-1,-1,-1,-1
333,0,1248.71,206.96,271.71,635.52,-1,-1,-1,-1
333,1,1114.69,97.40,475.42,927.59,-1,-1,-1,-1
333,6,401.46,215.89,292.32,778.30,-1,-1,-1,-1
334,0,1234.08,213.26,264.34,618.23,-1,-1,-1,-1
334,1,1131.95,79.00,495.69,974.28,-1,-1,-1,-1
334,6,381.13,213.30,304.12,794.23,-1,-1,-1,-1
335,0,1219.46,219.56,256.96,600.94,-1,-1,-1,-1
335,1,1147.50,71.22,512.41,993.07,-1,-1,-1,-1
335,6,358.40,206.62,322.24,809.02,-1,-1,-1,-1
336,1,1178.82,69.04,480.10,989.80,-1,-1,-1,-1
336,6,333.17,208.78,341.66,808.74,-1,-1,-1,-1
337,1,1204.10,88.03,433.31,972.14,-1,-1,-1,-1
337,6,317.96,209.85,351.69,808.39,-1,-1,-1,-1
338,1,1208.12,62.31,412.44,1014.34,-1,-1,-1,-1
338,6,305.36,205.93,364.21,819.40,-1,-1,-1,-1
339,0,1135.26,214.34,172.50,595.69,-1,-1,-1,-1
339,1,1191.15,56.05,432.74,1016.38,-1,-1,-1,-1
339,6,298.29,198.76,366.45,843.55,-1,-1,-1,-1
340,0,1107.00,210.55,213.94,608.46,-1,-1,-1,-1
340,1,1209.07,53.46,419.07,1024.89,-1,-1,-1,-1
340,6,296.72,196.12,362.33,856.03,-1,-1,-1,-1
341,0,1076.82,209.06,252.87,614.37,-1,-1,-1,-1
341,1,1221.09,70.38,410.93,1003.61,-1,-1,-1,-1
341,6,299.45,203.11,360.36,857.13,-1,-1,-1,-1
342,0,1062.59,211.63,262.72,615.63,-1,-1,-1,-1
342,1,1250.27,81.04,392.36,994.66,-1,-1,-1,-1
342,6,306.94,208.56,354.94,848.36,-1,-1,-1,-1
343,0,1057.31,209.81,244.02,619.82,-1,-1,-1,-1
343,1,1274.97,85.59,377.41,982.42,-1,-1,-1,-1
343,6,319.83,203.94,349.08,856.62,-1,-1,-1,-1
344,0,1051.58,218.06,207.33,598.09,-1,-1,-1,-1
344,1,1299.12,92.44,368.79,975.36,-1,-1,-1,-1
344,6,331.66,196.30,347.48,870.13,-1,-1,-1,-1
345,0,1038.22,207.73,167.67,607.24,-1,-1,-1,-1
345,1,1319.64,100.16,367.58,959.95,-1,-1,-1,-1
345,6,339.04,188.02,357.31,887.74,-1,-1,-1,-1
346,0,1018.80,208.13,162.50,599.52,-1,-1,-1,-1
346,1,1332.26,102.32,365.88,949.94,-1,-1,-1,-1
346,6,346.35,183.48,364.77,895.69,-1,-1,-1,-1
347,0,998.31,204.47,167.99,608.29,-1,-1,-1,-1
347,1,1342.31,108.38,369.35,939.12,-1,-1,-1,-1
347,6,351.55,179.53,379.06,896.83,-1,-1,-1,-1
348,0,959.30,207.03,203.64,605.86,-1,-1,-1,-1
348,1,1343.62,104.33,378.69,929.31,-1,-1,-1,-1
348,6,362.44,183.64,390.08,889.46,-1,-1,-1,-1
349,0,915.87,215.39,246.54,593.57,-1,-1,-1,-1
349,1,1344.94,99.72,387.85,926.14,-1,-1,-1,-1
349,6,371.77,184.31,403.93,881.22,-1,-1,-1,-1
350,0,887.42,219.29,271.34,596.05,-1,-1,-1,-1
350,1,1354.78,104.40,374.46,910.48,-1,-1,-1,-1
350,6,383.86,183.63,409.02,884.65,-1,-1,-1,-1
351,0,872.58,226.71,276.14,589.58,-1,-1,-1,-1
351,1,1361.79,111.52,358.81,883.24,-1,-1,-1,-1
351,6,396.17,181.61,410.95,891.36,-1,-1,-1,-1
352,0,866.15,232.64,264.27,573.47,-1,-1,-1,-1
352,1,1363.82,118.36,343.77,870.95,-1,-1,-1,-1
352,6,413.30,177.15,409.37,892.81,-1,-1,-1,-1
353,0,856.48,230.04,237.29,564.00,-1,-1,-1,-1
353,1,1363.69,123.59,334.51,862.45,-1,-1,-1,-1
353,6,438.20,176.74,390.02,885.19,-1,-1,-1,-1
354,0,847.07,241.71,197.40,547.42,-1,-1,-1,-1
354,1,1363.48,122.96,321.28,861.86,-1,-1,-1,-1
354,6,468.21,158.16,372.22,912.22,-1,-1,-1,-1
355,0,839.17,236.08,161.16,554.70,-1,-1,-1,-1
355,1,1363.08,132.09,312.92,843.87,-1,-1,-1,-1
355,6,491.02,145.96,361.68,931.82,-1,-1,-1,-1
356,0,821.08,228.91,143.90,567.14,-1,-1,-1,-1
356,1,1360.39,136.49,303.95,833.01,-1,-1,-1,-1
356,6,519.45,138.75,354.68,935.24,-1,-1,-1,-1
357,0,805.39,229.66,138.70,561.75,-1,-1,-1,-1
357,1,1353.39,133.40,301.34,828.27,-1,-1,-1,-1
357,6,546.65,137.48,364.87,939.06,-1,-1,-1,-1
358,0,783.90,229.20,138.55,561.23,-1,-1,-1,-1
358,1,1348.64,134.20,297.22,831.37,-1,-1,-1,-1
358,6,571.95,128.15,365.45,944.89,-1,-1,-1,-1
359,0,762.41,228.75,138.39,560.72,-1,-1,-1,-1
359,1,1342.67,137.06,300.32,822.19,-1,-1,-1,-1
359,6,597.48,125.52,361.32,949.46,-1,-1,-1,-1
360,0,740.92,228.30,138.24,560.21,-1,-1,-1,-1
360,1,1336.74,140.33,295.35,817.07,-1,-1,-1,-1
360,6,635.83,132.85,343.29,940.36,-1,-1,-1,-1
361,0,719.43,227.84,138.08,559.69,-1,-1,-1,-1
361,1,1331.72,147.28,281.98,795.27,-1,-1,-1,-1
361,6,659.64,113.79,353.06,965.54,-1,-1,-1,-1
362,1,1323.70,150.30,275.87,785.42,-1,-1,-1,-1
362,6,672.43,120.82,380.00,955.81,-1,-1,-1,-1
363,0,676.49,233.70,140.69,560.97,-1,-1,-1,-1
363,1,1316.53,155.57,268.04,776.32,-1,-1,-1,-1
363,6,688.74,111.71,396.41,967.43,-1,-1,-1,-1
364,0,653.80,227.67,159.78,579.99,-1,-1,-1,-1
364,1,1311.62,164.34,251.82,751.29,-1,-1,-1,-1
364,6,720.19,106.23,396.40,964.67,-1,-1,-1,-1
365,0,627.18,228.85,171.75,577.56,-1,-1,-1,-1
365,1,1308.01,172.85,234.16,726.43,-1,-1,-1,-1
365,6,804.26,100.92,328.10,957.70,-1,-1,-1,-1
366,0,610.07,221.43,170.82,592.71,-1,-1,-1,-1
366,1,1304.00,168.69,222.43,720.03,-1,-1,-1,-1
366,6,852.84,107.23,318.71,956.79,-1,-1,-1,-1
367,0,580.54,221.16,186.37,602.98,-1,-1,-1,-1
367,1,1300.50,170.48,203.50,712.71,-1,-1,-1,-1
367,6,892.18,140.79,329.40,916.04,-1,-1,-1,-1
368,0,542.91,225.89,217.95,600.96,-1,-1,-1,-1
368,1,1286.79,166.33,200.02,715.17,-1,-1,-1,-1
368,6,929.73,137.39,322.26,925.25,-1,-1,-1,-1
369,0,504.05,227.98,256.76,606.41,-1,-1,-1,-1
369,1,1259.63,160.53,215.21,721.24,-1,-1,-1,-1
369,6,953.08,133.67,340.77,930.94,-1,-1,-1,-1
370,0,480.49,227.52,274.50,619.60,-1,-1,-1,-1
370,1,1255.09,164.79,208.72,711.94,-1,-1,-1,-1
370,6,985.27,159.21,338.42,902.55,-1,-1,-1,-1
371,0,469.79,228.74,275.93,626.12,-1,-1,-1,-1
371,1,1252.43,162.09,201.67,724.52,-1,-1,-1,-1
371,6,1017.76,148.62,339.62,921.68,-1,-1,-1,-1
372,0,460.50,231.79,272.36,628.67,-1,-1,-1,-1
372,1,1241.79,159.22,202.44,727.38,-1,-1,-1,-1
372,6,1052.35,122.18,359.52,958.80,-1,-1,-1,-1
373,0,456.40,230.77,256.64,632.19,-1,-1,-1,-1
373,1,1231.14,156.35,203.21,730.24,-1,-1,-1,-1
373,6,1091.33,116.69,372.11,902.22,-1,-1,-1,-1
374,0,450.89,227.58,231.31,642.85,-1,-1,-1,-1
374,1,1220.49,153.47,203.98,733.09,-1,-1,-1,-1
374,6,1122.42,96.49,413.01,951.97,-1,-1,-1,-1
375,0,444.66,226.13,219.51,639.46,-1,-1,-1,-1
375,1,1209.84,150.60,204.75,735.95,-1,-1,-1,-1
375,6,1146.63,91.48,447.85,964.94,-1,-1,-1,-1
376,0,434.72,224.59,212.80,640.21,-1,-1,-1,-1
376,6,1167.31,87.68,477.86,950.87,-1,-1,-1,-1
377,0,417.57,225.45,216.22,638.09,-1,-1,-1,-1
377,6,1176.66,95.46,504.38,963.26,-1,-1,-1,-1
378,0,399.72,222.42,223.92,648.19,-1,-1,-1,-1
378,6,1167.25,96.10,535.71,974.42,-1,-1,-1,-1
379,0,377.25,219.56,238.95,675.05,-1,-1,-1,-1
379,1,1098.36,182.35,193.27,638.57,-1,-1,-1,-1
379,6,1196.67,91.72,540.27,982.66,-1,-1,-1,-1
380,0,358.81,219.43,249.26,689.75,-1,-1,-1,-1
380,1,1073.31,184.96,211.90,631.01,-1,-1,-1,-1
380,6,1195.93,107.00,522.34,954.29,-1,-1,-1,-1
381,0,346.51,219.78,254.54,703.36,-1,-1,-1,-1
381,1,1045.94,189.24,237.35,634.58,-1,-1,-1,-1
381,6,1244.42,111.16,457.58,959.72,-1,-1,-1,-1
382,0,329.16,219.61,265.73,715.11,-1,-1,-1,-1
382,1,1028.55,198.32,248.97,628.01,-1,-1,-1,-1
382,6,1282.49,123.63,419.18,949.36,-1,-1,-1,-1
383,0,311.56,219.10,274.36,724.74,-1,-1,-1,-1
383,1,1021.69,207.82,240.39,612.04,-1,-1,-1,-1
383,6,1310.93,122.60,402.01,951.23,-1,-1,-1,-1
384,0,294.61,218.87,282.34,729.07,-1,-1,-1,-1
384,1,1022.40,201.31,202.33,619.60,-1,-1,-1,-1
384,6,1336.63,124.30,388.23,953.41,-1,-1,-1,-1
385,0,283.85,217.21,283.29,734.73,-1,-1,-1,-1
385,1,1018.29,199.47,179.48,617.47,-1,-1,-1,-1
385,6,1350.05,133.72,381.81,942.39,-1,-1,-1,-1
386,0,271.50,209.97,286.60,748.77,-1,-1,-1,-1
386,1,1002.75,203.52,171.58,608.63,-1,-1,-1,-1
386,6,1370.17,139.41,378.47,933.44,-1,-1,-1,-1
387,0,250.16,205.12,301.41,765.24,-1,-1,-1,-1
387,1,982.11,210.86,171.40,590.11,-1,-1,-1,-1
387,6,1384.98,141.48,381.36,934.77,-1,-1,-1,-1
388,0,236.32,198.17,309.09,790.22,-1,-1,-1,-1
388,1,954.92,198.97,186.28,609.33,-1,-1,-1,-1
388,6,1398.00,147.41,386.32,929.79,-1,-1,-1,-1
389,0,226.27,193.29,314.66,818.45,-1,-1,-1,-1
389,1,919.69,200.73,218.15,602.86,-1,-1,-1,-1
389,6,1413.73,153.88,381.02,922.33,-1,-1,-1,-1
390,0,218.77,192.16,320.54,842.99,-1,-1,-1,-1
390,1,881.39,199.31,250.62,607.50,-1,-1,-1,-1
390,6,1428.85,145.67,370.76,933.08,-1,-1,-1,-1
391,0,216.10,190.75,321.88,857.37,-1,-1,-1,-1
391,1,862.58,208.61,257.23,593.39,-1,-1,-1,-1
391,6,1437.51,145.20,373.92,920.43,-1,-1,-1,-1
392,0,214.87,194.72,323.09,864.59,-1,-1,-1,-1
392,1,852.42,204.99,256.24,601.43,-1,-1,-1,-1
392,6,1428.49,136.71,391.37,927.36,-1,-1,-1,-1
393,0,213.23,190.28,331.06,876.85,-1,-1,-1,-1
393,1,847.23,200.23,249.07,606.74,-1,-1,-1,-1
393,6,1425.59,133.61,389.47,923.51,-1,-1,-1,-1
394,0,214.28,186.57,333.50,878.94,-1,-1,-1,-1
394,1,843.29,195.14,233.74,614.36,-1,-1,-1,-1
394,6,1420.20,133.64,393.65,914.19,-1,-1,-1,-1
395,0,211.83,178.35,342.41,891.01,-1,-1,-1,-1
395,1,842.92,193.85,192.63,626.77,-1,-1,-1,-1
395,6,1416.08,142.34,394.29,894.26,-1,-1,-1,-1
396,0,211.44,173.21,348.63,896.56,-1,-1,-1,-1
396,1,818.27,203.40,188.12,608.31,-1,-1,-1,-1
396,6,1417.82,150.60,382.27,871.44,-1,-1,-1,-1
397,0,213.43,164.74,350.63,912.44,-1,-1,-1,-1
397,1,788.98,208.89,196.03,596.82,-1,-1,-1,-1
397,6,1422.79,156.18,359.20,853.11,-1,-1,-1,-1
398,0,220.77,159.82,349.79,922.56,-1,-1,-1,-1
398,1,751.26,217.49,220.86,585.63,-1,-1,-1,-1
398,6,1426.90,164.98,329.68,843.97,-1,-1,-1,-1
399,0,219.38,160.37,357.25,912.57,-1,-1,-1,-1
399,1,724.65,222.53,235.21,580.27,-1,-1,-1,-1
399,6,1426.88,168.52,314.73,837.09,-1,-1,-1,-1
400,0,220.14,163.67,362.16,911.68,-1,-1,-1,-1
400,1,700.80,231.94,254.33,577.18,-1,-1,-1,-1
400,6,1425.29,178.08,297.04,798.85,-1,-1,-1,-1
401,0,220.29,170.30,368.82,896.36,-1,-1,-1,-1
401,1,692.71,220.44,250.36,597.13,-1,-1,-1,-1
401,6,1417.63,173.25,285.99,788.70,-1,-1,-1,-1
402,0,222.95,164.37,374.60,896.16,-1,-1,-1,-1
402,1,682.04,212.67,248.83,610.95,-1,-1,-1,-1
402,6,1404.24,174.37,282.20,770.64,-1,-1,-1,-1
403,0,233.21,157.80,368.63,905.43,-1,-1,-1,-1
403,1,672.42,222.06,233.54,598.21,-1,-1,-1,-1
403,6,1388.66,181.28,271.93,749.11,-1,-1,-1,-1
404,0,238.37,147.83,374.18,926.44,-1,-1,-1,-1
404,1,662.99,211.72,203.64,609.64,-1,-1,-1,-1
404,6,1371.47,177.48,272.65,756.11,-1,-1,-1,-1
405,0,247.10,131.87,377.94,942.96,-1,-1,-1,-1
405,1,646.51,204.19,192.19,624.91,-1,-1,-1,-1
405,6,1359.71,179.85,264.19,755.21,-1,-1,-1,-1
406,0,258.47,118.31,387.02,952.70,-1,-1,-1,-1
406,1,622.21,196.70,199.99,638.66,-1,-1,-1,-1
406,6,1333.73,189.28,276.98,730.79,-1,-1,-1,-1
407,0,275.72,113.75,391.46,956.58,-1,-1,-1,-1
407,1,611.94,199.51,196.73,631.66,-1,-1,-1,-1
407,6,1318.18,207.14,270.37,686.76,-1,-1,-1,-1
408,0,293.46,119.93,389.90,947.49,-1,-1,-1,-1
408,1,605.94,203.72,198.54,621.12,-1,-1,-1,-1
408,6,1305.04,202.97,268.54,685.52,-1,-1,-1,-1
409,0,313.72,112.55,423.16,959.18,-1,-1,-1,-1
409,1,597.62,211.15,199.76,605.16,-1,-1,-1,-1
409,6,1295.58,201.02,263.21,684.08,-1,-1,-1,-1
410,0,351.65,108.99,412.77,958.73,-1,-1,-1,-1
410,1,584.51,195.98,197.84,623.36,-1,-1,-1,-1
410,6,1298.92,199.68,237.99,674.77,-1,-1,-1,-1
411,0,386.04,111.13,376.95,952.80,-1,-1,-1,-1
411,1,569.35,193.44,198.81,626.47,-1,-1,-1,-1
411,6,1298.91,202.26,218.75,651.78,-1,-1,-1,-1
412,0,426.79,101.51,343.75,969.35,-1,-1,-1,-1
412,1,554.20,190.90,199.78,629.57,-1,-1,-1,-1
412,6,1291.12,196.66,206.67,653.52,-1,-1,-1,-1
413,0,450.41,91.41,333.59,980.22,-1,-1,-1,-1
413,1,539.04,188.36,200.75,632.67,-1,-1,-1,-1
413,6,1283.14,195.29,201.57,654.18,-1,-1,-1,-1
414,0,474.52,90.83,338.65,977.11,-1,-1,-1,-1
414,1,523.89,185.82,201.72,635.77,-1,-1,-1,-1
414,6,1263.06,194.58,211.70,653.60,-1,-1,-1,-1
415,0,487.58,83.01,366.77,985.37,-1,-1,-1,-1
415,6,1213.20,189.08,255.61,656.31,-1,-1,-1,-1
416,0,479.53,74.95,421.10,987.67,-1,-1,-1,-1
416,1,446.23,195.40,222.60,671.81,-1,-1,-1,-1
416,6,1184.66,197.94,283.36,639.09,-1,-1,-1,-1
417,0,548.62,62.15,387.86,1006.48,-1,-1,-1,-1
417,1,417.41,180.52,233.52,702.45,-1,-1,-1,-1
417,6,1176.45,208.71,284.25,628.00,-1,-1,-1,-1
418,0,613.32,57.92,374.05,1017.21,-1,-1,-1,-1
418,1,408.25,185.90,236.83,711.28,-1,-1,-1,-1
418,6,1167.98,204.48,274.82,631.39,-1,-1,-1,-1
419,0,680.51,55.28,354.47,1014.62,-1,-1,-1,-1
419,1,401.87,191.98,237.40,717.13,-1,-1,-1,-1
419,6,1162.46,214.21,250.04,608.88,-1,-1,-1,-1
420,0,722.00,68.90,352.07,993.25,-1,-1,-1,-1
420,1,387.08,191.34,252.54,728.55,-1,-1,-1,-1
420,6,1155.20,210.16,227.25,613.85,-1,-1,-1,-1
421,0,772.08,53.58,337.87,1019.44,-1,-1,-1,-1
421,1,370.59,194.06,262.98,730.24,-1,-1,-1,-1
421,6,1139.65,213.50,204.63,606.41,-1,-1,-1,-1
422,0,811.29,62.76,344.76,998.87,-1,-1,-1,-1
422,1,351.02,195.48,268.01,731.19,-1,-1,-1,-1
422,6,1112.65,212.34,197.80,613.42,-1,-1,-1,-1
423,0,857.48,47.10,362.32,1025.97,-1,-1,-1,-1
423,1,330.11,196.33,275.02,734.54,-1,-1,-1,-1
423,6,1108.31,207.48,177.63,612.75,-1,-1,-1,-1
424,0,907.42,45.49,359.83,1024.29,-1,-1,-1,-1
424,1,298.20,183.92,297.85,759.29,-1,-1,-1,-1
424,6,1090.18,206.13,177.46,612.26,-1,-1,-1,-1
425,0,942.26,47.15,360.08,1017.47,-1,-1,-1,-1
425,1,273.47,179.13,317.79,776.49,-1,-1,-1,-1
425,6,1072.05,204.77,177.30,611.76,-1,-1,-1,-1
426,0,973.10,19.35,387.74,1057.37,-1,-1,-1,-1
426,1,249.41,182.20,340.05,789.88,-1,-1,-1,-1
426,6,1053.92,203.41,177.13,611.26,-1,-1,-1,-1
427,0,1003.16,36.07,442.63,1025.25,-1,-1,-1,-1
427,1,241.99,165.74,335.52,839.79,-1,-1,-1,-1
427,6,1035.79,202.06,176.97,610.77,-1,-1,-1,-1
428,0,1046.89,35.63,441.06,1021.55,-1,-1,-1,-1
428,1,233.75,171.68,343.27,845.38,-1,-1,-1,-1
429,0,1090.62,35.18,439.49,1017.85,-1,-1,-1,-1
429,1,239.21,173.65,332.33,847.84,-1,-1,-1,-1
429,6,1017.64,224.05,136.79,562.99,-1,-1,-1,-1
430,0,1134.35,34.73,437.92,1014.15,-1,-1,-1,-1
430,1,244.87,172.88,323.38,850.28,-1,-1,-1,-1
430,6,1004.71,229.63,138.98,558.86,-1,-1,-1,-1
431,0,1164.36,38.74,475.27,1035.57,-1,-1,-1,-1
431,1,250.68,167.68,316.42,857.99,-1,-1,-1,-1
431,6,979.33,239.23,154.14,551.77,-1,-1,-1,-1
432,0,1212.86,36.84,458.21,1041.39,-1,-1,-1,-1
432,1,247.33,166.93,320.84,852.47,-1,-1,-1,-1
432,6,954.48,241.72,167.82,552.87,-1,-1,-1,-1
433,0,1244.21,53.99,457.12,1013.00,-1,-1,-1,-1
433,1,250.39,159.29,319.00,866.30,-1,-1,-1,-1
433,6,924.96,237.48,193.97,551.84,-1,-1,-1,-1
434,0,1278.38,58.76,449.22,1009.29,-1,-1,-1,-1
434,1,251.00,152.51,322.93,886.49,-1,-1,-1,-1
434,6,887.35,234.22,229.23,559.38,-1,-1,-1,-1
435,0,1306.13,60.11,451.59,1003.82,-1,-1,-1,-1
435,1,251.25,149.36,328.99,892.82,-1,-1,-1,-1
435,6,867.29,234.89,237.97,559.77,-1,-1,-1,-1
436,0,1325.06,53.85,461.47,1015.55,-1,-1,-1,-1
436,1,252.33,147.98,332.42,902.25,-1,-1,-1,-1
436,6,856.35,241.06,240.17,554.49,-1,-1,-1,-1
437,0,1351.78,60.00,453.40,1008.60,-1,-1,-1,-1
437,1,254.17,144.67,338.71,918.11,-1,-1,-1,-1
437,6,850.73,238.88,233.79,559.71,-1,-1,-1,-1
438,0,1375.45,56.37,463.22,1016.24,-1,-1,-1,-1
438,1,254.77,143.34,347.93,925.19,-1,-1,-1,-1
438,6,843.49,234.31,214.12,566.11,-1,-1,-1,-1
439,0,1395.69,56.15,477.43,1019.13,-1,-1,-1,-1
439,1,258.45,142.32,347.94,928.54,-1,-1,-1,-1
439,6,841.38,225.92,178.22,585.11,-1,-1,-1,-1
440,0,1418.57,71.16,468.12,990.09,-1,-1,-1,-1
440,1,267.26,137.89,342.17,938.89,-1,-1,-1,-1
440,6,824.23,228.75,173.80,577.82,-1,-1,-1,-1
441,0,1436.19,85.94,464.82,979.84,-1,-1,-1,-1
441,1,275.40,134.94,341.39,937.43,-1,-1,-1,-1
441,6,795.99,230.25,183.80,572.95,-1,-1,-1,-1
442,0,1450.70,103.42,463.62,961.71,-1,-1,-1,-1
442,1,288.72,131.93,341.55,935.67,-1,-1,-1,-1
442,6,763.46,240.28,202.55,557.04,-1,-1,-1,-1
443,0,1467.82,104.79,453.04,966.51,-1,-1,-1,-1
443,1,307.26,129.48,348.97,936.66,-1,-1,-1,-1
443,6,749.22,234.68,204.42,574.78,-1,-1,-1,-1
444,0,1484.05,104.12,442.90,968.06,-1,-1,-1,-1
444,1,329.77,122.73,353.25,945.43,-1,-1,-1,-1
444,6,741.09,231.75,202.77,587.11,-1,-1,-1,-1
445,0,1499.86,105.44,429.84,970.22,-1,-1,-1,-1
445,1,353.22,124.03,374.26,951.02,-1,-1,-1,-1
445,6,730.62,233.54,206.02,590.97,-1,-1,-1,-1
446,0,1506.44,109.04,425.44,968.66,-1,-1,-1,-1
446,1,385.15,125.42,354.05,953.00,-1,-1,-1,-1
446,6,716.17,233.92,210.00,591.36,-1,-1,-1,-1
447,0,1512.87,117.28,414.80,954.25,-1,-1,-1,-1
447,1,418.24,132.23,331.07,942.31,-1,-1,-1,-1
447,6,698.42,233.05,208.46,595.19,-1,-1,-1,-1
448,0,1520.81,136.35,391.64,914.01,-1,-1,-1,-1
448,1,456.08,130.46,305.26,945.87,-1,-1,-1,-1
448,6,690.62,236.66,203.45,591.14,-1,-1,-1,-1
449,0,1516.04,144.07,377.03,900.51,-1,-1,-1,-1
449,1,484.91,114.77,337.11,963.66,-1,-1,-1,-1
449,6,689.43,225.05,198.84,605.39,-1,-1,-1,-1
450,0,1508.86,143.57,373.00,906.15,-1,-1,-1,-1
450,1,513.13,105.26,341.95,976.28,-1,-1,-1,-1
450,6,686.85,226.28,198.77,603.30,-1,-1,-1,-1
451,0,1501.54,153.62,364.04,880.56,-1,-1,-1,-1
451,1,534.99,99.44,359.20,972.23,-1,-1,-1,-1
451,6,674.84,225.37,199.66,606.06,-1,-1,-1,-1
452,0,1494.68,154.41,340.19,873.81,-1,-1,-1,-1
452,1,577.09,93.15,324.04,983.44,-1,-1,-1,-1
452,6,662.84,224.46,200.55,608.81,-1,-1,-1,-1
453,0,1479.11,153.36,326.01,879.30,-1,-1,-1,-1
453,1,605.05,89.60,317.47,986.51,-1,-1,-1,-1
453,6,650.84,223.55,201.45,611.57,-1,-1,-1,-1
454,0,1467.15,166.04,304.11,851.30,-1,-1,-1,-1
454,1,612.78,101.76,329.54,966.05,-1,-1,-1,-1
454,6,638.84,222.65,202.34,614.32,-1,-1,-1,-1
455,0,1449.42,165.56,293.57,844.65,-1,-1,-1,-1
455,1,614.29,128.94,344.47,920.34,-1,-1,-1,-1
456,0,1432.46,161.42,296.91,853.15,-1,-1,-1,-1
456,1,621.53,129.42,349.10,921.89,-1,-1,-1,-1
457,0,1418.13,166.14,284.98,844.53,-1,-1,-1,-1
457,1,621.75,115.23,365.57,942.60,-1,-1,-1,-1
457,6,584.70,236.24,230.03,645.05,-1,-1,-1,-1
458,0,1407.98,173.36,277.19,823.48,-1,-1,-1,-1
458,1,679.02,98.32,318.36,972.37,-1,-1,-1,-1
458,6,577.05,225.26,226.53,662.47,-1,-1,-1,-1
459,0,1392.54,178.64,271.39,804.44,-1,-1,-1,-1
459,1,752.40,93.50,279.59,976.82,-1,-1,-1,-1
459,6,561.28,221.01,240.29,677.48,-1,-1,-1,-1
460,0,1379.98,184.86,278.92,793.48,-1,-1,-1,-1
460,1,801.11,100.84,269.26,938.11,-1,-1,-1,-1
460,6,547.97,224.39,253.68,673.31,-1,-1,-1,-1
461,0,1362.19,177.75,287.00,816.95,-1,-1,-1,-1
461,1,838.70,101.27,296.95,937.88,-1,-1,-1,-1
461,6,533.69,226.27,266.31,669.12,-1,-1,-1,-1
462,0,1349.63,192.22,282.73,786.51,-1,-1,-1,-1
462,1,869.81,103.54,344.40,943.48,-1,-1,-1,-1
462,6,522.42,227.29,273.99,680.12,-1,-1,-1,-1
463,0,1334.86,208.96,255.61,724.28,-1,-1,-1,-1
463,1,894.42,103.66,386.03,957.56,-1,-1,-1,-1
463,6,511.42,228.84,276.83,690.77,-1,-1,-1,-1
464,0,1315.86,200.43,231.56,710.66,-1,-1,-1,-1
464,1,918.82,103.00,407.14,957.81,-1,-1,-1,-1
464,6,499.27,226.52,280.83,700.51,-1,-1,-1,-1
465,0,1303.13,198.43,217.42,696.05,-1,-1,-1,-1
465,1,945.96,105.96,401.15,965.58,-1,-1,-1,-1
465,6,484.54,223.62,290.28,706.10,-1,-1,-1,-1
466,0,1287.51,190.20,206.10,702.40,-1,-1,-1,-1
466,1,969.86,107.37,404.06,969.97,-1,-1,-1,-1
466,6,469.27,219.68,303.24,715.59,-1,-1,-1,-1
467,0,1263.44,192.70,210.32,688.80,-1,-1,-1,-1
467,1,994.10,116.87,395.49,952.32,-1,-1,-1,-1
467,6,462.02,216.74,301.23,719.27,-1,-1,-1,-1
468,0,1247.15,199.64,205.40,658.96,-1,-1,-1,-1
468,1,1026.57,125.15,344.89,933.37,-1,-1,-1,-1
468,6,458.21,218.98,295.83,723.77,-1,-1,-1,-1
469,0,1220.86,179.49,231.84,698.97,-1,-1,-1,-1
469,1,1045.44,120.61,343.38,941.82,-1,-1,-1,-1
469,6,457.15,215.99,292.94,738.21,-1,-1,-1,-1
470,0,1201.68,171.69,233.93,705.31,-1,-1,-1,-1
470,1,1055.13,114.28,362.14,951.10,-1,-1,-1,-1
470,6,459.42,209.61,290.28,761.11,-1,-1,-1,-1
471,0,1182.50,163.89,236.02,711.65,-1,-1,-1,-1
471,1,1075.81,102.64,362.86,973.41,-1,-1,-1,-1
471,6,467.01,209.66,284.91,773.51,-1,-1,-1,-1
472,0,1163.31,156.08,238.10,717.99,-1,-1,-1,-1
472,1,1100.48,105.79,347.39,968.51,-1,-1,-1,-1
472,6,474.19,205.41,286.82,785.73,-1,-1,-1,-1
473,0,1144.13,148.28,240.19,724.32,-1,-1,-1,-1
473,1,1118.67,134.14,342.62,933.71,-1,-1,-1,-1
473,6,482.01,204.33,289.84,792.83,-1,-1,-1,-1
474,1,1121.07,137.92,354.01,925.63,-1,-1,-1,-1
474,6,491.45,200.65,296.97,800.82,-1,-1,-1,-1
475,0,1103.74,278.05,154.90,533.30,-1,-1,-1,-1
475,1,1115.49,137.94,379.88,925.40,-1,-1,-1,-1
475,6,498.76,196.63,316.10,810.41,-1,-1,-1,-1
476,0,1075.19,230.28,169.23,593.67,-1,-1,-1,-1
476,1,1145.91,134.68,362.49,917.08,-1,-1,-1,-1
476,6,504.86,190.24,340.43,834.11,-1,-1,-1,-1
477,0,1052.42,227.54,186.03,597.50,-1,-1,-1,-1
477,1,1173.50,122.31,350.23,935.00,-1,-1,-1,-1
477,6,511.89,185.07,344.40,858.85,-1,-1,-1,-1
478,0,1028.50,214.48,212.81,605.88,-1,-1,-1,-1
478,1,1180.24,102.93,365.66,962.32,-1,-1,-1,-1
478,6,517.70,185.59,352.72,863.93,-1,-1,-1,-1
479,0,1004.10,215.73,237.22,606.41,-1,-1,-1,-1
479,1,1186.14,112.02,378.03,942.00,-1,-1,-1,-1
479,6,530.98,189.94,335.35,866.66,-1,-1,-1,-1
480,0,976.12,230.00,264.23,587.59,-1,-1,-1,-1
480,1,1195.62,117.22,373.95,921.32,-1,-1,-1,-1
480,6,543.74,194.47,310.50,863.94,-1,-1,-1,-1
481,0,960.25,242.84,269.20,578.37,-1,-1,-1,-1
481,1,1198.98,122.76,374.08,904.32,-1,-1,-1,-1
481,6,559.21,188.03,282.63,878.86,-1,-1,-1,-1
482,0,956.41,238.16,256.80,589.35,-1,-1,-1,-1
482,1,1204.92,122.53,367.17,910.95,-1,-1,-1,-1
482,6,568.85,175.75,260.41,899.22,-1,-1,-1,-1
483,0,953.16,237.81,234.50,585.18,-1,-1,-1,-1
483,1,1207.10,133.14,354.39,886.59,-1,-1,-1,-1
483,6,577.98,174.66,265.54,893.77,-1,-1,-1,-1
484,0,937.09,234.49,212.42,568.82,-1,-1,-1,-1
484,1,1212.78,136.75,339.11,878.88,-1,-1,-1,-1
484,6,590.76,173.98,275.37,882.60,-1,-1,-1,-1
485,0,921.59,224.64,188.50,577.93,-1,-1,-1,-1
485,1,1219.43,133.81,319.39,879.17,-1,-1,-1,-1
485,6,605.81,178.95,276.44,879.07,-1,-1,-1,-1
486,0,892.70,224.89,186.85,567.78,-1,-1,-1,-1
486,1,1224.06,132.92,305.57,869.30,-1,-1,-1,-1
486,6,619.82,177.87,293.35,888.93,-1,-1,-1,-1
487,0,868.00,218.76,195.17,580.51,-1,-1,-1,-1
487,1,1224.17,130.74,299.80,870.28,-1,-1,-1,-1
487,6,631.26,175.68,310.34,896.65,-1,-1,-1,-1
488,0,857.91,220.28,192.69,570.03,-1,-1,-1,-1
488,1,1222.98,134.88,297.65,856.31,-1,-1,-1,-1
488,6,637.65,174.70,356.41,903.59,-1,-1,-1,-1
489,0,854.44,230.26,186.66,545.00,-1,-1,-1,-1
489,1,1220.78,147.60,296.07,822.35,-1,-1,-1,-1
489,6,660.01,172.26,354.31,909.12,-1,-1,-1,-1
490,0,839.18,233.85,182.48,532.82,-1,-1,-1,-1
490,1,1216.01,147.18,292.94,821.53,-1,-1,-1,-1
490,6,681.48,164.76,351.47,918.71,-1,-1,-1,-1
491,0,823.92,237.44,178.31,520.65,-1,-1,-1,-1
491,1,1210.81,151.18,297.07,812.90,-1,-1,-1,-1
491,6,699.14,163.09,347.15,915.26,-1,-1,-1,-1
492,0,808.66,241.03,174.13,508.47,-1,-1,-1,-1
492,1,1205.66,154.60,293.75,799.83,-1,-1,-1,-1
492,6,724.88,162.76,320.52,908.98,-1,-1,-1,-1
493,0,793.40,244.61,169.95,496.29,-1,-1,-1,-1
493,1,1202.20,156.00,290.29,794.51,-1,-1,-1,-1
493,6,747.38,160.90,301.48,899.05,-1,-1,-1,-1
494,1,1198.93,162.80,285.35,778.45,-1,-1,-1,-1
494,6,755.14,170.22,315.69,878.56,-1,-1,-1,-1
495,1,1197.85,168.66,272.80,759.81,-1,-1,-1,-1
495,6,747.54,164.50,347.86,891.90,-1,-1,-1,-1
496,0,727.80,228.14,161.90,575.80,-1,-1,-1,-1
496,1,1195.25,168.55,264.77,756.40,-1,-1,-1,-1
496,6,752.30,175.54,358.32,880.73,-1,-1,-1,-1
497,0,702.58,225.65,170.94,585.16,-1,-1,-1,-1
497,1,1196.54,175.03,247.15,729.54,-1,-1,-1,-1
497,6,804.61,178.45,361.29,889.57,-1,-1,-1,-1
498,0,675.42,223.62,185.50,593.49,-1,-1,-1,-1
498,1,1195.23,173.48,234.49,726.23,-1,-1,-1,-1
498,6,846.60,169.65,355.49,907.32,-1,-1,-1,-1
499,0,623.86,222.46,232.43,609.34,-1,-1,-1,-1
499,1,1189.47,168.92,228.83,729.39,-1,-1,-1,-1
499,6,873.65,167.70,349.55,912.98,-1,-1,-1,-1
500,0,592.39,222.61,258.75,620.80,-1,-1,-1,-1
500,1,1188.24,173.75,214.41,715.82,-1,-1,-1,-1
500,6,891.83,167.49,362.08,912.35,-1,-1,-1,-1
501,0,581.11,226.16,263.46,623.67,-1,-1,-1,-1
501,1,1185.16,176.78,208.57,710.32,-1,-1,-1,-1
501,6,906.47,163.74,370.05,917.78,-1,-1,-1,-1
502,0,576.01,230.80,258.86,624.95,-1,-1,-1,-1
502,1,1172.28,185.70,211.95,691.87,-1,-1,-1,-1
502,6,929.07,160.87,384.49,912.95,-1,-1,-1,-1
503,0,564.68,240.31,256.97,619.60,-1,-1,-1,-1
503,1,1166.94,186.12,208.95,684.89,-1,-1,-1,-1
503,6,964.35,168.36,344.14,901.93,-1,-1,-1,-1
504,0,554.05,240.41,246.93,619.35,-1,-1,-1,-1
504,1,1146.19,175.20,229.89,716.76,-1,-1,-1,-1
504,6,991.08,161.05,353.05,909.24,-1,-1,-1,-1
505,0,539.29,234.98,239.36,629.90,-1,-1,-1,-1
505,1,1145.64,205.68,217.66,557.15,-1,-1,-1,-1
505,6,1006.91,163.90,371.02,899.73,-1,-1,-1,-1
506,0,519.36,231.75,240.27,638.58,-1,-1,-1,-1
506,1,1150.65,228.55,193.28,494.74,-1,-1,-1,-1
506,6,1019.23,158.58,382.62,901.10,-1,-1,-1,-1
507,0,494.42,222.31,250.30,657.68,-1,-1,-1,-1
507,1,1155.66,251.43,168.90,432.33,-1,-1,-1,-1
507,6,1030.11,155.02,382.43,901.43,-1,-1,-1,-1
508,0,468.54,213.67,265.17,684.68,-1,-1,-1,-1
508,1,1160.67,274.31,144.52,369.92,-1,-1,-1,-1
508,6,1044.79,156.65,377.32,898.45,-1,-1,-1,-1
509,0,451.76,209.71,266.35,708.76,-1,-1,-1,-1
509,1,1165.69,297.18,120.14,307.52,-1,-1,-1,-1
509,6,1056.36,155.88,375.59,893.09,-1,-1,-1,-1
510,0,438.86,212.08,270.65,714.36,-1,-1,-1,-1
510,6,1064.31,160.08,375.47,882.39,-1,-1,-1,-1
511,0,434.36,217.37,268.58,714.88,-1,-1,-1,-1
511,6,1063.99,167.17,380.09,883.32,-1,-1,-1,-1
512,0,434.34,218.30,264.14,731.37,-1,-1,-1,-1
512,6,1061.75,175.99,381.44,855.47,-1,-1,-1,-1
513,0,431.56,221.93,264.31,736.66,-1,-1,-1,-1
513,1,1014.14,335.81,170.48,478.99,-1,-1,-1,-1
513,6,1049.42,169.97,393.49,852.04,-1,-1,-1,-1
514,0,428.63,218.32,265.50,745.95,-1,-1,-1,-1
514,1,998.38,347.15,167.85,471.60,-1,-1,-1,-1
514,6,1064.65,170.62,373.56,839.87,-1,-1,-1,-1
515,0,426.66,218.51,265.50,745.63,-1,-1,-1,-1
515,1,982.62,358.49,165.21,464.21,-1,-1,-1,-1
515,6,1074.14,171.50,361.57,839.11,-1,-1,-1,-1
516,0,422.92,212.86,265.14,750.69,-1,-1,-1,-1
516,1,966.87,369.83,162.58,456.82,-1,-1,-1,-1
516,6,1087.30,166.46,352.96,847.01,-1,-1,-1,-1
517,0,417.05,206.36,272.73,759.45,-1,-1,-1,-1
517,1,951.11,381.18,159.95,449.43,-1,-1,-1,-1
517,6,1105.62,161.77,330.83,855.50,-1,-1,-1,-1
518,0,412.27,201.07,278.63,772.47,-1,-1,-1,-1
518,6,1120.22,166.72,326.20,848.23,-1,-1,-1,-1
518,9,961.55,191.54,196.07,641.68,-1,-1,-1,-1
519,0,406.17,194.55,287.68,797.58,-1,-1,-1,-1
519,6,1133.29,168.75,320.61,844.60,-1,-1,-1,-1
519,9,933.63,197.13,196.27,617.67,-1,-1,-1,-1
520,0,402.39,192.37,292.78,811.18,-1,-1,-1,-1
520,6,1139.12,173.03,318.32,834.74,-1,-1,-1,-1
520,9,928.35,198.58,189.54,616.37,-1,-1,-1,-1
521,0,396.80,191.62,302.97,818.18,-1,-1,-1,-1
521,6,1152.69,182.81,304.97,807.71,-1,-1,-1,-1
521,9,909.89,202.12,198.16,618.76,-1,-1,-1,-1
522,0,393.07,189.65,313.28,846.60,-1,-1,-1,-1
522,6,1160.62,184.76,294.20,793.51,-1,-1,-1,-1
522,9,879.45,207.68,228.06,615.94,-1,-1,-1,-1
523,0,392.87,196.15,319.46,853.65,-1,-1,-1,-1
523,6,1167.16,188.33,286.13,779.30,-1,-1,-1,-1
523,9,865.27,208.59,236.88,621.37,-1,-1,-1,-1
524,0,395.12,191.95,322.59,865.11,-1,-1,-1,-1
524,6,1172.01,187.51,278.16,771.40,-1,-1,-1,-1
524,9,849.01,208.26,248.02,621.43,-1,-1,-1,-1
525,0,402.26,190.81,318.54,871.28,-1,-1,-1,-1
525,6,1174.42,188.51,271.75,763.72,-1,-1,-1,-1
525,9,839.22,211.98,253.01,623.51,-1,-1,-1,-1
526,0,411.65,187.26,312.32,875.38,-1,-1,-1,-1
526,6,1173.87,187.97,263.99,759.61,-1,-1,-1,-1
526,9,839.14,211.51,223.41,617.00,-1,-1,-1,-1
527,0,423.08,179.19,308.70,884.98,-1,-1,-1,-1
527,6,1173.44,186.55,254.79,758.06,-1,-1,-1,-1
527,9,827.49,208.33,204.22,623.43,-1,-1,-1,-1
528,0,435.28,176.24,303.21,877.20,-1,-1,-1,-1
528,6,1170.49,178.32,247.70,768.76,-1,-1,-1,-1
528,9,813.52,199.16,191.26,642.02,-1,-1,-1,-1
529,0,447.22,167.14,294.76,888.62,-1,-1,-1,-1
529,6,1163.85,176.47,247.53,766.32,-1,-1,-1,-1
529,9,801.33,198.93,188.06,637.86,-1,-1,-1,-1
530,0,461.73,150.65,300.89,917.81,-1,-1,-1,-1
530,6,1159.16,192.34,247.18,729.94,-1,-1,-1,-1
530,9,785.73,195.09,192.00,642.91,-1,-1,-1,-1
531,0,479.53,149.82,314.60,920.18,-1,-1,-1,-1
531,6,1159.64,200.05,238.36,704.24,-1,-1,-1,-1
531,9,762.31,192.94,207.00,640.15,-1,-1,-1,-1
532,0,502.59,148.25,316.20,924.44,-1,-1,-1,-1
532,6,1159.15,190.96,230.25,716.24,-1,-1,-1,-1
532,9,750.85,202.65,206.58,626.28,-1,-1,-1,-1
533,0,523.49,150.96,330.07,923.67,-1,-1,-1,-1
533,6,1156.38,196.63,222.43,694.32,-1,-1,-1,-1
533,9,749.83,209.01,194.66,623.31,-1,-1,-1,-1
534,0,537.90,151.17,343.43,923.36,-1,-1,-1,-1
534,6,1148.20,192.01,217.76,694.25,-1,-1,-1,-1
534,9,737.20,211.76,193.34,619.10,-1,-1,-1,-1
535,0,562.04,151.87,331.09,919.00,-1,-1,-1,-1
535,6,1139.85,193.27,211.46,694.03,-1,-1,-1,-1
535,9,724.58,214.51,192.03,614.89,-1,-1,-1,-1
536,0,578.74,149.67,317.50,919.83,-1,-1,-1,-1
536,6,1130.13,194.04,211.17,694.84,-1,-1,-1,-1
536,9,711.95,217.26,190.71,610.68,-1,-1,-1,-1
537,0,597.28,143.88,307.71,922.23,-1,-1,-1,-1
537,6,1110.08,197.53,219.78,680.18,-1,-1,-1,-1
537,9,699.32,220.02,189.39,606.47,-1,-1,-1,-1
538,0,611.34,142.13,302.17,923.56,-1,-1,-1,-1
538,6,1090.43,203.23,229.00,674.62,-1,-1,-1,-1
539,0,631.71,151.68,311.87,907.78,-1,-1,-1,-1
539,6,1077.34,211.04,234.05,663.04,-1,-1,-1,-1
540,0,643.38,151.42,321.43,905.34,-1,-1,-1,-1
540,6,1065.47,210.27,241.44,667.04,-1,-1,-1,-1
541,0,607.38,150.41,390.49,886.34,-1,-1,-1,-1
541,6,1059.17,212.69,239.24,661.07,-1,-1,-1,-1
542,0,693.12,139.93,327.75,921.00,-1,-1,-1,-1
542,6,1055.56,217.25,227.24,647.54,-1,-1,-1,-1
542,9,562.32,201.55,276.09,687.39,-1,-1,-1,-1
543,0,744.48,157.87,308.51,908.02,-1,-1,-1,-1
543,6,1056.17,218.15,209.26,632.35,-1,-1,-1,-1
543,9,552.29,200.97,271.48,690.10,-1,-1,-1,-1
544,0,775.87,150.04,326.21,918.12,-1,-1,-1,-1
544,6,1055.32,219.16,192.45,619.13,-1,-1,-1,-1
544,9,552.48,196.55,257.72,695.07,-1,-1,-1,-1
545,0,794.30,147.55,361.74,910.66,-1,-1,-1,-1
545,6,1050.03,211.72,179.22,635.18,-1,-1,-1,-1
545,9,558.37,197.44,240.36,700.71,-1,-1,-1,-1
546,0,813.15,149.98,386.13,919.13,-1,-1,-1,-1
546,6,1055.99,204.76,159.19,635.40,-1,-1,-1,-1
546,9,554.62,193.35,241.69,711.82,-1,-1,-1,-1
547,0,846.50,140.42,381.64,912.65,-1,-1,-1,-1
547,6,1047.56,202.04,159.17,635.47,-1,-1,-1,-1
547,9,548.42,191.54,245.89,714.77,-1,-1,-1,-1
548,0,868.17,127.35,394.88,935.37,-1,-1,-1,-1
548,6,1039.12,199.32,159.15,635.54,-1,-1,-1,-1
548,9,543.16,193.33,248.40,716.02,-1,-1,-1,-1
549,0,888.56,116.96,406.12,945.36,-1,-1,-1,-1
549,6,1030.69,196.59,159.13,635.61,-1,-1,-1,-1
549,9,536.94,192.86,253.50,718.88,-1,-1,-1,-1
550,0,932.65,112.45,394.30,955.66,-1,-1,-1,-1
550,6,1022.25,193.87,159.11,635.67,-1,-1,-1,-1
550,9,530.23,188.81,258.82,728.57,-1,-1,-1,-1
551,0,954.35,105.69,441.05,958.82,-1,-1,-1,-1
551,9,521.33,184.90,266.09,743.15,-1,-1,-1,-1
552,0,963.58,92.97,483.71,979.13,-1,-1,-1,-1
552,6,951.72,256.03,185.73,563.28,-1,-1,-1,-1
552,9,513.80,183.75,270.85,758.80,-1,-1,-1,-1
553,0,989.97,91.09,494.66,977.27,-1,-1,-1,-1
553,6,941.59,256.51,171.58,569.99,-1,-1,-1,-1
553,9,506.75,180.30,276.89,773.42,-1,-1,-1,-1
554,0,1032.57,93.31,479.42,977.72,-1,-1,-1,-1
554,6,919.75,232.55,170.56,602.58,-1,-1,-1,-1
554,9,499.38,182.01,282.27,771.61,-1,-1,-1,-1
555,0,1087.90,102.62,446.25,971.48,-1,-1,-1,-1
555,6,902.91,223.40,167.71,614.23,-1,-1,-1,-1
555,9,493.04,180.46,285.61,772.33,-1,-1,-1,-1
556,0,1132.71,112.06,419.62,961.33,-1,-1,-1,-1
556,6,878.22,223.19,186.67,613.62,-1,-1,-1,-1
556,9,488.51,182.25,289.17,773.61,-1,-1,-1,-1
557,0,1166.53,121.65,393.64,949.26,-1,-1,-1,-1
557,6,835.13,220.91,226.67,620.97,-1,-1,-1,-1
557,9,486.08,175.06,289.82,792.09,-1,-1,-1,-1
558,0,1195.45,130.04,373.47,937.34,-1,-1,-1,-1
558,6,807.43,220.65,246.47,623.21,-1,-1,-1,-1
558,9,484.99,166.57,291.28,816.06,-1,-1,-1,-1
559,0,1219.10,125.78,361.29,948.88,-1,-1,-1,-1
559,6,790.76,223.18,250.12,619.65,-1,-1,-1,-1
559,9,485.18,166.92,292.76,830.47,-1,-1,-1,-1
560,0,1235.67,136.33,362.82,930.59,-1,-1,-1,-1
560,6,783.08,223.75,240.12,620.48,-1,-1,-1,-1
560,9,490.64,165.47,290.91,845.69,-1,-1,-1,-1
561,0,1249.91,136.74,355.70,916.79,-1,-1,-1,-1
561,6,781.80,222.15,230.11,625.73,-1,-1,-1,-1
561,9,496.80,167.02,289.90,853.76,-1,-1,-1,-1
562,0,1262.21,138.67,355.68,906.72,-1,-1,-1,-1
562,6,780.64,220.11,209.29,627.21,-1,-1,-1,-1
562,9,505.76,164.75,288.67,864.83,-1,-1,-1,-1
563,0,1272.34,138.19,361.82,916.85,-1,-1,-1,-1
563,6,770.75,222.17,195.93,619.82,-1,-1,-1,-1
563,9,516.91,161.84,287.55,872.33,-1,-1,-1,-1
564,0,1281.55,134.53,361.09,921.26,-1,-1,-1,-1
564,6,763.39,220.29,179.46,628.30,-1,-1,-1,-1
564,9,530.64,156.46,281.74,887.42,-1,-1,-1,-1
565,0,1287.48,142.11,358.20,907.45,-1,-1,-1,-1
565,6,760.39,219.90,164.47,633.33,-1,-1,-1,-1
565,9,539.35,152.56,307.72,894.85,-1,-1,-1,-1
566,0,1294.67,153.37,353.04,891.58,-1,-1,-1,-1
566,6,751.77,215.74,163.31,638.68,-1,-1,-1,-1
566,9,552.33,151.55,339.56,902.34,-1,-1,-1,-1
567,0,1297.45,153.19,348.86,888.78,-1,-1,-1,-1
567,6,737.97,213.75,164.38,643.01,-1,-1,-1,-1
567,9,562.92,147.39,360.11,899.48,-1,-1,-1,-1
568,0,1301.59,155.36,341.66,893.28,-1,-1,-1,-1
568,6,724.17,211.76,165.45,647.33,-1,-1,-1,-1
568,9,578.01,141.83,358.39,906.45,-1,-1,-1,-1
569,0,1306.55,157.72,333.61,893.70,-1,-1,-1,-1
569,6,710.37,209.77,166.51,651.66,-1,-1,-1,-1
569,9,593.28,129.52,345.43,939.89,-1,-1,-1,-1
570,0,1311.41,166.41,320.54,869.18,-1,-1,-1,-1
570,6,696.57,207.77,167.58,655.99,-1,-1,-1,-1
570,9,609.98,138.93,329.04,926.03,-1,-1,-1,-1
571,0,1315.84,169.02,304.40,853.67,-1,-1,-1,-1
571,9,630.01,142.50,310.94,921.93,-1,-1,-1,-1
572,0,1318.89,165.69,289.01,844.82,-1,-1,-1,-1
572,9,641.71,145.47,299.34,921.85,-1,-1,-1,-1
573,0,1315.45,171.84,278.89,815.35,-1,-1,-1,-1
573,9,637.35,145.85,313.05,926.48,-1,-1,-1,-1
574,0,1315.41,173.34,265.83,790.49,-1,-1,-1,-1
574,9,628.09,147.25,342.12,919.49,-1,-1,-1,-1
575,0,1315.70,175.83,249.01,770.87,-1,-1,-1,-1
575,6,604.33,215.04,206.12,682.15,-1,-1,-1,-1
575,9,620.29,142.60,379.84,920.97,-1,-1,-1,-1
576,0,1311.80,177.69,240.96,755.15,-1,-1,-1,-1
576,6,575.88,207.98,234.02,695.02,-1,-1,-1,-1
576,9,671.84,177.95,343.37,881.72,-1,-1,-1,-1
577,0,1301.27,176.28,238.85,757.69,-1,-1,-1,-1
577,6,564.84,211.89,244.04,695.20,-1,-1,-1,-1
577,9,728.79,156.02,335.60,918.58,-1,-1,-1,-1
578,0,1282.98,178.90,248.35,756.35,-1,-1,-1,-1
578,6,559.89,212.06,250.31,703.45,-1,-1,-1,-1
578,9,762.45,147.53,357.46,926.61,-1,-1,-1,-1
579,0,1270.18,188.94,249.79,733.88,-1,-1,-1,-1
579,6,550.62,212.17,258.95,713.50,-1,-1,-1,-1
579,9,781.57,134.24,385.71,946.88,-1,-1,-1,-1
580,0,1252.73,196.12,256.86,715.02,-1,-1,-1,-1
580,6,537.18,209.48,271.31,726.09,-1,-1,-1,-1
580,9,805.05,135.47,391.87,940.86,-1,-1,-1,-1
581,0,1241.10,198.86,258.73,702.07,-1,-1,-1,-1
581,6,529.59,209.82,271.33,732.22,-1,-1,-1,-1
581,9,839.01,134.91,372.83,944.24,-1,-1,-1,-1
582,0,1229.93,198.09,253.43,686.14,-1,-1,-1,-1
582,6,518.16,213.65,281.24,729.63,-1,-1,-1,-1
582,9,882.48,132.15,316.17,942.58,-1,-1,-1,-1
583,0,1215.92,197.05,237.05,672.77,-1,-1,-1,-1
583,6,509.72,214.48,292.27,730.29,-1,-1,-1,-1
583,9,920.70,125.22,279.78,946.53,-1,-1,-1,-1
584,0,1204.64,200.01,219.47,660.49,-1,-1,-1,-1
584,6,508.60,217.80,291.32,728.56,-1,-1,-1,-1
584,9,956.64,129.18,259.88,930.83,-1,-1,-1,-1
585,0,1195.57,192.54,208.85,672.89,-1,-1,-1,-1
585,6,508.07,218.29,290.84,732.45,-1,-1,-1,-1
585,9,982.12,118.38,249.03,939.50,-1,-1,-1,-1
586,0,1175.62,185.72,204.74,682.46,-1,-1,-1,-1
586,6,511.15,214.87,285.84,747.87,-1,-1,-1,-1
586,9,1003.33,117.46,258.78,950.97,-1,-1,-1,-1
587,0,1174.06,186.40,180.66,691.44,-1,-1,-1,-1
587,6,516.21,211.59,276.96,762.66,-1,-1,-1,-1
587,9,1018.49,124.56,294.69,943.63,-1,-1,-1,-1
588,0,1159.32,181.59,182.00,696.76,-1,-1,-1,-1
588,6,519.28,209.00,273.59,774.79,-1,-1,-1,-1
588,9,1030.12,124.57,337.40,944.83,-1,-1,-1,-1
589,0,1144.58,176.77,183.35,702.08,-1,-1,-1,-1
589,6,524.28,207.39,269.13,785.23,-1,-1,-1,-1
589,9,1047.85,115.60,339.99,956.41,-1,-1,-1,-1
590,0,1129.85,171.96,184.69,707.41,-1,-1,-1,-1
590,6,529.03,208.38,265.20,787.94,-1,-1,-1,-1
590,9,1059.08,115.81,340.47,951.12,-1,-1,-1,-1
591,0,1115.11,167.15,186.03,712.73,-1,-1,-1,-1
591,6,532.67,204.94,266.45,792.92,-1,-1,-1,-1
591,9,1076.31,122.88,320.81,934.82,-1,-1,-1,-1
592,6,535.90,203.22,271.32,793.94,-1,-1,-1,-1
592,9,1089.59,129.62,320.31,921.46,-1,-1,-1,-1
593,6,538.74,196.84,282.80,804.14,-1,-1,-1,-1
593,9,1092.59,154.16,348.92,887.64,-1,-1,-1,-1
594,6,544.11,188.91,294.99,821.88,-1,-1,-1,-1
594,9,1094.90,153.02,370.21,876.47,-1,-1,-1,-1
595,6,549.04,179.85,307.26,845.52,-1,-1,-1,-1
595,9,1100.77,154.66,386.40,878.05,-1,-1,-1,-1
596,6,553.56,177.97,319.26,861.19,-1,-1,-1,-1
596,9,1135.08,140.40,365.63,902.69,-1,-1,-1,-1
597,6,562.36,175.90,322.99,860.88,-1,-1,-1,-1
597,9,1147.02,134.21,373.86,900.32,-1,-1,-1,-1
598,0,985.08,212.33,205.25,599.32,-1,-1,-1,-1
598,6,573.47,181.21,322.40,870.22,-1,-1,-1,-1
598,9,1166.04,130.19,359.93,898.88,-1,-1,-1,-1
599,0,953.88,216.52,232.13,597.18,-1,-1,-1,-1
599,6,583.87,179.68,329.64,876.37,-1,-1,-1,-1
599,9,1180.03,134.87,347.35,879.83,-1,-1,-1,-1
600,0,921.45,226.57,261.02,585.65,-1,-1,-1,-1
600,6,596.70,180.46,312.22,872.04,-1,-1,-1,-1
600,9,1189.11,134.43,337.25,897.15,-1,-1,-1,-1
601,0,910.22,224.93,266.03,588.29,-1,-1,-1,-1
601,6,603.20,180.08,301.38,882.08,-1,-1,-1,-1
601,9,1195.18,132.64,328.48,912.93,-1,-1,-1,-1
602,0,902.78,234.94,267.88,571.16,-1,-1,-1,-1
602,6,608.95,169.75,285.13,900.74,-1,-1,-1,-1
602,9,1201.82,127.43,322.73,916.61,-1,-1,-1,-1
603,0,899.64,233.95,250.39,570.69,-1,-1,-1,-1
603,6,616.91,159.45,279.60,920.72,-1,-1,-1,-1
603,9,1206.98,140.95,321.15,868.19,-1,-1,-1,-1
604,0,900.15,227.05,216.81,570.27,-1,-1,-1,-1
604,6,627.49,149.53,289.59,933.77,-1,-1,-1,-1
604,9,1212.78,137.70,315.12,867.74,-1,-1,-1,-1
605,0,894.88,224.92,163.36,571.14,-1,-1,-1,-1
605,6,640.36,145.48,295.99,936.68,-1,-1,-1,-1
605,9,1215.01,138.14,311.24,865.25,-1,-1,-1,-1
606,0,875.56,219.58,147.35,577.95,-1,-1,-1,-1
606,6,654.50,156.75,312.20,920.43,-1,-1,-1,-1
606,9,1216.81,143.18,310.98,853.88,-1,-1,-1,-1
607,0,859.98,222.04,141.46,574.35,-1,-1,-1,-1
607,6,668.68,165.96,330.29,908.94,-1,-1,-1,-1
607,9,1215.32,141.22,310.45,857.01,-1,-1,-1,-1
608,0,841.56,221.01,141.32,573.96,-1,-1,-1,-1
608,6,680.04,150.66,347.33,929.62,-1,-1,-1,-1
608,9,1216.20,148.36,311.77,836.36,-1,-1,-1,-1
609,0,823.15,219.98,141.18,573.56,-1,-1,-1,-1
609,6,703.16,152.92,324.58,919.63,-1,-1,-1,-1
609,9,1218.28,155.43,306.40,819.46,-1,-1,-1,-1
610,0,804.73,218.95,141.04,573.16,-1,-1,-1,-1
610,6,721.12,156.64,315.12,910.09,-1,-1,-1,-1
610,9,1220.67,163.52,299.77,795.85,-1,-1,-1,-1
611,0,786.32,217.92,140.90,572.77,-1,-1,-1,-1
611,6,728.20,143.23,311.30,928.24,-1,-1,-1,-1
611,9,1224.23,167.95,282.79,778.17,-1,-1,-1,-1
612,6,728.52,159.73,322.41,913.92,-1,-1,-1,-1
612,9,1226.24,172.16,266.07,755.43,-1,-1,-1,-1
613,6,728.37,163.20,330.99,909.43,-1,-1,-1,-1
613,9,1227.47,173.49,253.48,738.08,-1,-1,-1,-1
614,0,705.38,169.51,329.89,892.99,-1,-1,-1,-1
614,6,740.01,223.26,226.19,705.31,-1,-1,-1,-1
614,9,1224.86,176.65,242.35,721.36,-1,-1,-1,-1
615,0,693.49,201.66,276.90,773.93,-1,-1,-1,-1
615,6,816.17,180.76,200.48,681.77,-1,-1,-1,-1
615,9,1223.59,177.63,225.56,713.79,-1,-1,-1,-1
616,0,678.99,234.75,215.88,661.72,-1,-1,-1,-1
616,6,837.39,196.87,182.93,622.18,-1,-1,-1,-1
616,9,1210.18,174.46,224.93,717.40,-1,-1,-1,-1
617,0,644.41,237.70,205.66,622.03,-1,-1,-1,-1
617,6,858.61,212.98,165.38,562.59,-1,-1,-1,-1
617,9,1190.54,174.78,236.76,715.22,-1,-1,-1,-1
618,0,612.68,231.50,210.32,619.41,-1,-1,-1,-1
618,6,879.82,229.09,147.84,502.99,-1,-1,-1,-1
618,9,1177.04,160.86,243.26,742.37,-1,-1,-1,-1
619,0,572.27,226.55,232.23,633.99,-1,-1,-1,-1
619,6,901.04,245.20,130.31,443.40,-1,-1,-1,-1
619,9,1167.95,155.34,247.37,749.65,-1,-1,-1,-1
620,0,539.08,221.00,252.99,651.29,-1,-1,-1,-1
620,9,1155.65,162.47,249.96,736.99,-1,-1,-1,-1
621,0,520.58,225.62,264.91,653.75,-1,-1,-1,-1
621,6,938.11,147.69,361.81,925.14,-1,-1,-1,-1
621,9,1147.20,165.88,230.46,725.15,-1,-1,-1,-1
622,0,509.43,227.91,271.20,660.18,-1,-1,-1,-1
622,6,947.73,143.68,389.68,948.39,-1,-1,-1,-1
622,9,1135.32,163.61,223.17,724.11,-1,-1,-1,-1
623,0,504.91,218.72,263.21,681.00,-1,-1,-1,-1
623,6,977.71,142.06,370.35,950.17,-1,-1,-1,-1
623,9,1125.92,163.15,222.10,720.66,-1,-1,-1,-1
624,0,504.50,220.49,247.42,680.29,-1,-1,-1,-1
624,6,1008.73,149.21,359.42,932.59,-1,-1,-1,-1
624,9,1116.53,162.69,221.03,717.20,-1,-1,-1,-1
625,0,501.41,221.24,232.89,681.99,-1,-1,-1,-1
625,6,1028.73,153.12,370.24,927.05,-1,-1,-1,-1
625,9,1107.13,162.23,219.96,713.75,-1,-1,-1,-1
626,0,494.97,215.23,223.82,696.84,-1,-1,-1,-1
626,6,1036.54,148.33,381.73,923.35,-1,-1,-1,-1
626,9,1097.73,161.78,218.89,710.29,-1,-1,-1,-1
627,0,481.44,213.69,225.47,695.57,-1,-1,-1,-1
627,6,1049.89,160.22,390.32,903.40,-1,-1,-1,-1
628,0,468.25,212.43,230.01,696.57,-1,-1,-1,-1
628,6,1054.38,165.73,401.09,895.11,-1,-1,-1,-1
629,0,450.48,209.63,241.46,714.51,-1,-1,-1,-1
629,6,1058.72,169.90,398.96,884.93,-1,-1,-1,-1
630,0,438.03,206.88,246.83,733.08,-1,-1,-1,-1
630,6,1055.26,165.74,403.97,894.86,-1,-1,-1,-1
630,9,1034.83,191.48,134.44,631.79,-1,-1,-1,-1
631,0,422.36,205.44,259.71,748.26,-1,-1,-1,-1
631,6,1070.38,171.71,381.02,891.59,-1,-1,-1,-1
631,9,1020.43,206.18,153.94,612.49,-1,-1,-1,-1
632,0,410.70,202.94,269.50,767.69,-1,-1,-1,-1
632,6,1090.18,161.82,352.34,890.78,-1,-1,-1,-1
632,9,992.75,202.69,169.89,614.26,-1,-1,-1,-1
633,0,404.32,200.26,274.69,787.12,-1,-1,-1,-1
633,6,1097.76,159.78,338.62,879.73,-1,-1,-1,-1
633,9,973.70,193.71,180.58,636.30,-1,-1,-1,-1
634,0,396.39,201.86,283.34,792.03,-1,-1,-1,-1
634,6,1114.73,158.59,316.92,866.80,-1,-1,-1,-1
634,9,954.33,191.56,188.87,641.89,-1,-1,-1,-1
635,0,386.05,193.14,291.22,805.14,-1,-1,-1,-1
635,6,1121.35,157.71,313.13,865.05,-1,-1,-1,-1
635,9,934.12,193.08,199.72,630.68,-1,-1,-1,-1
636,0,375.89,195.73,305.33,808.92,-1,-1,-1,-1
636,6,1128.53,158.80,310.63,859.88,-1,-1,-1,-1
636,9,907.82,193.94,214.91,637.56,-1,-1,-1,-1
637,0,363.56,192.29,320.51,819.83,-1,-1,-1,-1
637,6,1136.76,165.49,305.77,839.80,-1,-1,-1,-1
637,9,880.28,205.17,247.49,625.38,-1,-1,-1,-1
638,0,356.80,183.64,321.71,835.31,-1,-1,-1,-1
638,6,1136.92,168.15,313.37,837.50,-1,-1,-1,-1
638,9,868.91,207.42,253.57,626.91,-1,-1,-1,-1
639,0,351.30,181.02,325.34,847.20,-1,-1,-1,-1
639,6,1141.80,173.51,313.89,833.13,-1,-1,-1,-1
639,9,860.97,204.91,247.77,632.22,-1,-1,-1,-1
640,0,347.64,179.65,327.30,863.91,-1,-1,-1,-1
640,6,1152.46,174.31,302.29,820.96,-1,-1,-1,-1
640,9,850.71,204.68,248.07,632.47,-1,-1,-1,-1
641,0,348.11,176.74,327.53,879.32,-1,-1,-1,-1
641,6,1161.32,180.01,301.42,797.56,-1,-1,-1,-1
641,9,849.15,201.40,219.56,641.13,-1,-1,-1,-1
642,0,354.71,171.11,322.35,893.30,-1,-1,-1,-1
642,6,1174.57,173.95,290.02,798.37,-1,-1,-1,-1
642,9,834.64,198.27,202.78,645.73,-1,-1,-1,-1
643,0,365.06,175.87,317.30,884.10,-1,-1,-1,-1
643,6,1186.57,178.59,277.75,779.22,-1,-1,-1,-1
643,9,822.15,195.78,189.02,653.39,-1,-1,-1,-1
644,0,376.37,177.98,311.88,879.54,-1,-1,-1,-1
644,6,1196.06,178.23,266.06,771.13,-1,-1,-1,-1
644,9,803.01,199.79,195.36,644.46,-1,-1,-1,-1
645,0,392.31,177.19,311.97,877.57,-1,-1,-1,-1
645,6,1202.45,181.57,255.59,751.36,-1,-1,-1,-1
645,9,780.73,202.46,207.71,636.65,-1,-1,-1,-1
646,0,407.66,174.91,315.80,878.41,-1,-1,-1,-1
646,6,1203.99,186.05,244.90,737.47,-1,-1,-1,-1
646,9,742.28,210.21,243.18,626.07,-1,-1,-1,-1
647,0,420.88,165.57,321.28,903.25,-1,-1,-1,-1
647,6,1198.09,189.05,237.38,725.77,-1,-1,-1,-1
647,9,724.68,206.05,249.01,640.57,-1,-1,-1,-1
648,0,433.44,162.37,339.39,911.48,-1,-1,-1,-1
648,6,1190.00,192.89,234.94,713.02,-1,-1,-1,-1
648,9,713.07,217.42,245.47,622.35,-1,-1,-1,-1
649,0,446.75,172.15,350.43,900.07,-1,-1,-1,-1
649,6,1176.73,180.11,240.70,736.50,-1,-1,-1,-1
649,9,708.85,207.14,237.64,637.07,-1,-1,-1,-1
650,0,461.30,164.62,374.41,912.02,-1,-1,-1,-1
650,6,1168.64,189.39,245.66,718.19,-1,-1,-1,-1
650,9,700.94,201.31,229.95,652.44,-1,-1,-1,-1
651,0,475.35,139.40,397.90,941.29,-1,-1,-1,-1
651,6,1160.82,192.59,244.06,708.62,-1,-1,-1,-1
651,9,696.81,195.59,202.06,650.62,-1,-1,-1,-1
652,0,499.22,129.20,396.12,952.70,-1,-1,-1,-1
652,6,1146.38,197.29,245.90,691.17,-1,-1,-1,-1
652,9,681.47,193.28,203.26,654.51,-1,-1,-1,-1
653,0,521.06,125.90,403.14,956.84,-1,-1,-1,-1
653,6,1126.50,202.84,240.71,677.67,-1,-1,-1,-1
653,9,666.14,190.98,204.47,658.40,-1,-1,-1,-1
654,0,543.03,127.99,397.76,947.42,-1,-1,-1,-1
654,6,1109.27,203.14,238.65,673.29,-1,-1,-1,-1
654,9,650.80,188.67,205.67,662.29,-1,-1,-1,-1
655,0,569.06,139.53,378.27,930.31,-1,-1,-1,-1
655,6,1079.94,200.14,246.41,681.59,-1,-1,-1,-1
655,9,635.46,186.36,206.87,666.17,-1,-1,-1,-1
656,0,590.16,130.46,369.97,941.35,-1,-1,-1,-1
656,6,1063.87,204.24,244.35,677.95,-1,-1,-1,-1
657,0,601.21,133.97,375.74,935.20,-1,-1,-1,-1
657,6,1050.12,208.83,241.75,667.02,-1,-1,-1,-1
657,9,571.94,199.61,208.58,668.10,-1,-1,-1,-1
658,0,611.85,139.20,375.98,930.30,-1,-1,-1,-1
658,6,1038.28,210.27,244.31,661.97,-1,-1,-1,-1
658,9,556.34,184.30,257.03,700.99,-1,-1,-1,-1
659,0,681.18,141.72,320.03,921.32,-1,-1,-1,-1
659,6,1029.99,206.43,247.32,659.89,-1,-1,-1,-1
659,9,559.98,192.12,231.81,694.59,-1,-1,-1,-1
660,0,748.38,125.15,291.04,932.98,-1,-1,-1,-1
660,6,1031.61,208.20,234.93,658.05,-1,-1,-1,-1
660,9,556.22,195.27,222.41,697.39,-1,-1,-1,-1
661,0,792.95,106.61,296.38,961.55,-1,-1,-1,-1
661,6,1035.17,212.96,215.54,648.86,-1,-1,-1,-1
661,9,544.42,189.54,224.93,710.02,-1,-1,-1,-1
662,0,827.16,90.42,336.52,982.59,-1,-1,-1,-1
662,6,1040.91,214.80,185.45,623.60,-1,-1,-1,-1
662,9,531.75,182.75,234.27,724.74,-1,-1,-1,-1
663,0,861.05,89.45,354.66,981.28,-1,-1,-1,-1
663,6,1052.63,226.91,154.12,596.03,-1,-1,-1,-1
663,9,520.62,187.02,240.07,726.75,-1,-1,-1,-1
664,0,874.20,95.92,403.31,974.06,-1,-1,-1,-1
664,6,1046.30,234.39,148.97,576.25,-1,-1,-1,-1
664,9,512.48,191.39,244.53,729.76,-1,-1,-1,-1
665,0,898.71,112.62,426.58,950.35,-1,-1,-1,-1
665,6,1039.96,241.88,143.82,556.47,-1,-1,-1,-1
665,9,504.13,190.87,248.03,744.99,-1,-1,-1,-1
666,0,923.56,110.21,412.58,957.15,-1,-1,-1,-1
666,6,1033.62,249.36,138.68,536.69,-1,-1,-1,-1
666,9,491.24,187.35,255.62,753.50,-1,-1,-1,-1
667,0,945.99,118.40,403.88,951.81,-1,-1,-1,-1
667,6,1027.28,256.84,133.53,516.90,-1,-1,-1,-1
667,9,476.12,189.51,267.82,765.67,-1,-1,-1,-1
668,0,945.79,122.85,413.38,935.10,-1,-1,-1,-1
668,9,460.36,191.97,278.67,767.00,-1,-1,-1,-1
669,0,978.97,121.01,383.33,944.74,-1,-1,-1,-1
669,6,936.95,225.45,219.53,605.41,-1,-1,-1,-1
669,9,445.29,188.77,292.45,773.96,-1,-1,-1,-1
670,0,1003.17,127.70,362.47,938.98,-1,-1,-1,-1
670,6,922.93,219.17,227.78,615.59,-1,-1,-1,-1
670,9,435.82,185.76,299.97,781.58,-1,-1,-1,-1
671,0,1068.59,121.42,325.44,952.26,-1,-1,-1,-1
671,6,917.46,220.92,211.51,606.99,-1,-1,-1,-1
671,9,425.37,181.48,309.65,794.40,-1,-1,-1,-1
672,0,1111.34,113.30,318.90,955.21,-1,-1,-1,-1
672,6,912.48,229.28,186.00,587.46,-1,-1,-1,-1
672,9,415.83,177.14,316.09,808.04,-1,-1,-1,-1
673,0,1138.55,102.76,316.97,968.23,-1,-1,-1,-1
673,6,903.61,228.15,178.63,592.18,-1,-1,-1,-1
673,9,412.03,173.26,315.66,817.98,-1,-1,-1,-1