34,0,4.19,258.45,250.31,576.43,-1,-1,-1,-1
35,0,4.23,246.20,250.79,590.41,-1,-1,-1,-1
36,0,4.83,241.06,247.24,597.00,-1,-1,-1,-1
37,0,13.61,244.89,240.83,589.89,-1,-1,-1,-1
38,0,25.66,242.40,224.84,591.06,-1,-1,-1,-1
39,0,42.41,243.48,213.54,587.51,-1,-1,-1,-1
40,0,55.65,248.45,244.26,583.38,-1,-1,-1,-1
41,0,70.66,252.68,270.75,576.38,-1,-1,-1,-1
42,0,95.75,261.47,263.93,565.23,-1,-1,-1,-1
43,0,121.20,264.01,250.79,560.01,-1,-1,-1,-1
44,0,147.89,260.88,226.72,568.07,-1,-1,-1,-1
45,0,169.08,262.12,212.45,567.66,-1,-1,-1,-1
46,0,183.72,260.40,206.25,562.44,-1,-1,-1,-1
47,0,201.34,247.80,206.58,582.93,-1,-1,-1,-1
48,0,210.26,245.05,220.88,582.36,-1,-1,-1,-1
49,0,222.06,244.47,249.23,582.86,-1,-1,-1,-1
50,0,237.53,242.00,272.02,589.10,-1,-1,-1,-1
51,0,254.81,250.66,276.52,578.93,-1,-1,-1,-1
52,0,271.93,258.90,269.73,569.32,-1,-1,-1,-1
53,0,288.43,262.01,258.04,567.03,-1,-1,-1,-1
54,0,302.97,259.90,248.01,571.81,-1,-1,-1,-1
55,0,309.41,255.02,253.92,581.05,-1,-1,-1,-1
56,0,314.53,249.30,257.35,592.61,-1,-1,-1,-1
57,0,316.46,250.91,265.81,595.55,-1,-1,-1,-1
58,0,317.55,248.32,271.82,613.77,-1,-1,-1,-1
59,0,316.46,246.91,280.75,617.59,-1,-1,-1,-1
60,0,317.29,247.39,281.72,618.82,-1,-1,-1,-1
61,0,318.20,247.21,281.08,625.48,-1,-1,-1,-1
62,0,317.17,244.92,281.47,634.45,-1,-1,-1,-1
63,0,314.01,241.81,283.59,643.47,-1,-1,-1,-1
64,0,313.35,239.39,279.20,651.43,-1,-1,-1,-1
65,0,308.75,237.88,283.74,656.41,-1,-1,-1,-1
66,0,308.40,234.14,284.90,662.01,-1,-1,-1,-1
67,0,309.70,232.50,288.93,666.77,-1,-1,-1,-1
68,0,316.05,231.77,301.66,673.33,-1,-1,-1,-1
69,0,324.84,231.24,306.10,676.77,-1,-1,-1,-1
70,0,339.55,230.78,297.28,687.01,-1,-1,-1,-1
71,0,352.48,231.05,295.35,689.82,-1,-1,-1,-1
72,0,366.42,228.95,289.54,694.75,-1,-1,-1,-1
73,0,376.10,226.27,288.11,703.64,-1,-1,-1,-1
74,0,383.26,222.75,295.26,710.39,-1,-1,-1,-1
75,0,388.79,216.22,308.51,727.82,-1,-1,-1,-1
76,0,395.59,209.46,317.33,754.04,-1,-1,-1,-1
77,0,400.53,206.72,325.85,774.51,-1,-1,-1,-1
78,0,403.00,205.99,333.35,791.18,-1,-1,-1,-1
79,0,404.65,209.49,339.88,803.19,-1,-1,-1,-1
80,0,406.23,208.69,345.55,820.28,-1,-1,-1,-1
81,0,409.38,206.94,343.53,828.97,-1,-1,-1,-1
82,0,416.64,206.43,332.92,829.05,-1,-1,-1,-1
83,0,425.74,203.16,319.14,832.71,-1,-1,-1,-1
84,0,438.75,197.25,302.52,840.63,-1,-1,-1,-1
85,0,447.36,193.04,297.42,845.66,-1,-1,-1,-1
86,0,460.63,192.08,311.87,853.98,-1,-1,-1,-1
87,0,478.30,187.27,324.77,862.52,-1,-1,-1,-1
88,0,503.42,187.15,318.43,865.24,-1,-1,-1,-1
89,0,521.98,186.98,314.62,867.87,-1,-1,-1,-1
90,0,542.58,180.36,297.55,877.05,-1,-1,-1,-1
91,0,558.24,173.60,293.25,888.40,-1,-1,-1,-1
92,0,591.29,168.42,273.41,897.45,-1,-1,-1,-1
93,0,622.83,174.58,269.91,881.29,-1,-1,-1,-1
94,0,652.50,177.63,273.68,876.49,-1,-1,-1,-1
95,0,672.19,174.11,315.99,889.48,-1,-1,-1,-1
96,0,689.55,169.79,326.53,892.07,-1,-1,-1,-1
97,0,708.32,180.92,326.45,875.28,-1,-1,-1,-1
98,0,726.19,186.15,316.08,868.78,-1,-1,-1,-1
99,0,761.57,182.21,276.24,844.22,-1,-1,-1,-1
100,0,777.52,176.90,270.17,837.38,-1,-1,-1,-1
101,0,795.14,168.39,278.38,865.57,-1,-1,-1,-1
102,0,807.74,158.28,292.01,897.85,-1,-1,-1,-1
103,0,816.81,170.19,310.75,884.20,-1,-1,-1,-1
104,0,822.27,167.58,318.30,901.36,-1,-1,-1,-1
105,0,823.35,176.05,324.48,893.38,-1,-1,-1,-1
106,0,824.00,184.95,336.07,870.73,-1,-1,-1,-1
107,0,828.65,181.94,328.84,876.94,-1,-1,-1,-1
108,0,831.33,194.04,328.66,836.13,-1,-1,-1,-1
109,0,834.12,193.50,321.28,822.42,-1,-1,-1,-1
109,1,17.09,246.89,244.87,566.12,-1,-1,-1,-1
110,0,837.28,193.82,313.18,811.81,-1,-1,-1,-1
110,1,23.68,234.42,246.12,589.52,-1,-1,-1,-1
111,0,841.13,193.68,308.12,805.26,-1,-1,-1,-1
111,1,32.31,235.61,242.66,578.39,-1,-1,-1,-1
112,0,845.85,196.46,298.26,794.96,-1,-1,-1,-1
112,1,50.25,231.68,223.82,580.47,-1,-1,-1,-1
113,0,850.00,203.73,290.40,774.86,-1,-1,-1,-1
113,1,68.64,230.12,218.93,582.96,-1,-1,-1,-1
114,0,852.48,207.07,283.78,765.74,-1,-1,-1,-1
114,1,85.70,225.20,221.86,586.95,-1,-1,-1,-1
115,0,852.27,214.78,281.44,752.68,-1,-1,-1,-1
115,1,102.41,226.20,241.79,585.20,-1,-1,-1,-1
116,0,854.56,218.19,271.80,741.22,-1,-1,-1,-1
116,1,120.46,229.47,273.42,579.03,-1,-1,-1,-1
117,0,853.89,220.71,266.52,722.51,-1,-1,-1,-1
117,1,147.85,234.15,273.99,576.29,-1,-1,-1,-1
118,0,850.90,219.24,260.29,704.87,-1,-1,-1,-1
118,1,169.18,233.97,271.99,580.79,-1,-1,-1,-1
119,0,846.84,214.06,254.12,700.60,-1,-1,-1,-1
119,1,196.92,241.55,256.21,568.51,-1,-1,-1,-1
120,0,841.00,208.90,254.31,699.77,-1,-1,-1,-1
120,1,219.15,233.29,242.80,576.06,-1,-1,-1,-1
121,0,838.42,210.84,248.42,686.84,-1,-1,-1,-1
121,1,244.24,231.97,221.55,571.93,-1,-1,-1,-1
122,0,832.83,202.48,242.93,689.17,-1,-1,-1,-1
122,1,268.12,231.51,206.13,568.84,-1,-1,-1,-1
123,0,825.35,202.25,240.77,683.63,-1,-1,-1,-1
123,1,281.39,230.95,218.68,564.35,-1,-1,-1,-1
124,0,822.30,210.76,237.72,668.74,-1,-1,-1,-1
124,1,294.91,229.64,235.11,567.71,-1,-1,-1,-1
125,0,815.12,219.39,235.69,652.45,-1,-1,-1,-1
125,1,308.61,236.63,258.99,556.61,-1,-1,-1,-1
126,0,804.45,232.93,241.08,626.49,-1,-1,-1,-1
126,1,330.33,237.49,268.61,557.87,-1,-1,-1,-1
127,0,799.59,236.80,237.11,612.17,-1,-1,-1,-1
127,1,356.58,239.32,259.71,556.82,-1,-1,-1,-1
128,0,794.92,229.76,236.00,623.01,-1,-1,-1,-1
128,1,377.58,239.18,250.41,557.39,-1,-1,-1,-1
129,0,793.07,230.27,233.57,615.74,-1,-1,-1,-1
129,1,404.40,236.11,225.11,557.35,-1,-1,-1,-1
130,0,792.58,232.20,231.39,610.17,-1,-1,-1,-1
130,1,426.99,230.69,202.48,564.58,-1,-1,-1,-1
131,0,795.89,230.23,226.09,611.79,-1,-1,-1,-1
131,1,449.71,224.44,191.41,574.21,-1,-1,-1,-1
132,0,799.68,233.10,222.98,606.33,-1,-1,-1,-1
132,1,462.00,219.95,192.05,581.87,-1,-1,-1,-1
133,0,804.92,234.51,217.44,606.18,-1,-1,-1,-1
133,1,477.98,215.10,206.05,585.58,-1,-1,-1,-1
134,0,814.35,243.62,208.79,592.81,-1,-1,-1,-1
134,1,492.11,220.00,237.44,576.00,-1,-1,-1,-1
135,0,825.88,248.49,198.79,584.06,-1,-1,-1,-1
135,1,510.48,217.84,249.95,578.70,-1,-1,-1,-1
136,0,831.89,251.76,196.24,573.02,-1,-1,-1,-1
136,1,526.76,223.12,250.97,575.06,-1,-1,-1,-1
137,0,837.74,251.76,195.90,565.67,-1,-1,-1,-1
137,1,541.64,225.27,248.60,572.17,-1,-1,-1,-1
138,0,846.05,243.67,192.48,571.12,-1,-1,-1,-1
138,1,564.17,229.21,227.52,563.29,-1,-1,-1,-1
139,0,854.10,244.09,189.70,564.89,-1,-1,-1,-1
139,1,590.72,224.35,202.70,565.32,-1,-1,-1,-1
140,0,861.21,247.48,189.02,555.36,-1,-1,-1,-1
140,1,609.91,215.93,188.29,574.00,-1,-1,-1,-1
141,0,871.14,248.73,183.31,549.59,-1,-1,-1,-1
141,1,631.67,212.27,174.20,578.86,-1,-1,-1,-1
142,0,885.06,237.84,185.49,561.55,-1,-1,-1,-1
142,1,644.13,217.09,186.17,574.23,-1,-1,-1,-1
143,0,890.96,242.03,196.34,549.97,-1,-1,-1,-1
143,1,653.64,223.87,207.99,563.10,-1,-1,-1,-1
144,0,903.31,243.39,193.45,542.59,-1,-1,-1,-1
144,1,666.66,222.72,217.07,567.91,-1,-1,-1,-1
145,0,911.21,247.41,188.06,533.16,-1,-1,-1,-1
145,1,684.95,221.44,211.50,570.11,-1,-1,-1,-1
146,0,931.70,247.36,165.00,526.77,-1,-1,-1,-1
146,1,704.07,227.39,208.37,564.64,-1,-1,-1,-1
147,0,946.96,244.70,156.33,521.82,-1,-1,-1,-1
147,1,726.27,229.54,195.42,561.49,-1,-1,-1,-1
148,0,960.51,233.76,150.73,543.11,-1,-1,-1,-1
148,1,757.36,221.10,163.32,573.17,-1,-1,-1,-1
149,0,969.18,232.78,167.44,543.79,-1,-1,-1,-1
149,1,783.27,210.62,143.93,584.55,-1,-1,-1,-1
150,0,978.35,233.43,182.93,544.99,-1,-1,-1,-1
150,1,795.69,209.14,158.15,585.05,-1,-1,-1,-1
151,0,983.27,235.02,202.54,546.31,-1,-1,-1,-1
151,1,803.12,210.57,178.55,581.80,-1,-1,-1,-1
152,0,990.25,235.25,215.86,555.09,-1,-1,-1,-1
152,1,817.72,215.14,192.61,573.43,-1,-1,-1,-1
153,0,1000.69,234.02,222.24,555.96,-1,-1,-1,-1
153,1,820.94,212.74,220.16,573.87,-1,-1,-1,-1
154,0,1006.81,231.39,224.36,566.19,-1,-1,-1,-1
154,1,823.40,219.03,239.19,564.08,-1,-1,-1,-1
155,0,1011.13,227.27,229.16,581.04,-1,-1,-1,-1
155,1,842.40,225.63,220.72,548.57,-1,-1,-1,-1
156,0,1014.61,220.48,231.60,598.11,-1,-1,-1,-1
156,1,872.69,224.67,186.92,542.54,-1,-1,-1,-1
157,0,1022.06,224.38,223.32,595.53,-1,-1,-1,-1
157,1,907.69,228.84,154.27,528.86,-1,-1,-1,-1
158,0,1022.29,228.73,225.99,593.02,-1,-1,-1,-1
158,1,930.27,222.01,143.79,532.76,-1,-1,-1,-1
159,0,1003.82,223.91,254.93,613.73,-1,-1,-1,-1
159,1,942.10,226.37,150.28,530.69,-1,-1,-1,-1
160,0,1006.17,228.64,256.56,615.32,-1,-1,-1,-1
160,1,955.66,226.92,140.52,519.03,-1,-1,-1,-1
161,0,1010.33,223.15,250.81,636.96,-1,-1,-1,-1
161,1,957.72,225.42,166.94,531.51,-1,-1,-1,-1
162,0,1011.48,224.48,255.86,647.71,-1,-1,-1,-1
162,1,977.86,224.57,157.66,535.06,-1,-1,-1,-1
163,0,1025.39,229.99,249.21,642.56,-1,-1,-1,-1
163,1,980.56,233.26,164.43,520.04,-1,-1,-1,-1
164,0,1029.37,232.19,268.91,649.19,-1,-1,-1,-1
164,1,994.59,235.86,162.74,514.71,-1,-1,-1,-1
165,0,1038.79,227.13,281.39,659.56,-1,-1,-1,-1
165,1,1008.62,238.45,161.06,509.39,-1,-1,-1,-1
166,0,1051.26,215.53,294.09,680.13,-1,-1,-1,-1
166,1,1022.65,241.04,159.38,504.06,-1,-1,-1,-1
167,0,1067.18,206.80,302.10,704.15,-1,-1,-1,-1
167,1,1036.69,243.63,157.70,498.74,-1,-1,-1,-1
168,0,1074.85,196.51,313.00,731.61,-1,-1,-1,-1
169,0,1082.32,193.15,314.77,746.98,-1,-1,-1,-1
170,0,1086.13,210.63,321.27,693.77,-1,-1,-1,-1
171,0,1090.16,210.77,320.23,707.98,-1,-1,-1,-1
172,0,1090.15,193.21,322.39,759.10,-1,-1,-1,-1
173,0,1093.90,186.84,307.87,789.79,-1,-1,-1,-1
174,0,1090.80,180.38,307.39,813.84,-1,-1,-1,-1
175,0,1085.71,178.81,313.02,819.18,-1,-1,-1,-1
176,0,1079.37,179.45,324.35,819.33,-1,-1,-1,-1
177,0,1074.71,173.10,343.91,842.39,-1,-1,-1,-1
177,1,1293.99,220.24,135.55,530.82,-1,-1,-1,-1
178,0,1074.06,172.40,350.32,855.36,-1,-1,-1,-1
178,1,1305.23,211.43,162.28,543.32,-1,-1,-1,-1
179,0,1077.27,166.54,349.81,875.91,-1,-1,-1,-1
179,1,1318.76,206.43,177.41,541.76,-1,-1,-1,-1
180,0,1080.60,173.97,345.99,878.88,-1,-1,-1,-1
180,1,1329.01,208.15,195.97,527.27,-1,-1,-1,-1
181,0,1083.11,184.35,340.47,866.17,-1,-1,-1,-1
181,1,1339.16,222.11,198.44,514.23,-1,-1,-1,-1
182,0,1091.85,184.55,318.23,871.07,-1,-1,-1,-1
182,1,1349.31,212.28,200.61,533.78,-1,-1,-1,-1
183,0,1098.56,187.57,296.60,852.23,-1,-1,-1,-1
183,1,1359.95,200.21,194.60,559.40,-1,-1,-1,-1
184,0,1096.71,176.53,290.59,867.16,-1,-1,-1,-1
184,1,1369.29,191.88,185.69,574.57,-1,-1,-1,-1
185,0,1092.62,163.00,277.99,892.60,-1,-1,-1,-1
185,1,1376.82,193.99,188.94,564.12,-1,-1,-1,-1
186,0,1080.50,161.22,277.71,892.85,-1,-1,-1,-1
186,1,1384.09,192.91,194.56,567.77,-1,-1,-1,-1
187,0,1066.26,163.06,282.97,886.78,-1,-1,-1,-1
187,1,1390.57,189.56,215.08,580.43,-1,-1,-1,-1
188,0,1062.33,160.90,274.55,889.53,-1,-1,-1,-1
188,1,1399.32,186.77,237.96,596.38,-1,-1,-1,-1
189,0,1056.58,169.08,271.49,873.35,-1,-1,-1,-1
189,1,1410.98,193.09,246.49,588.92,-1,-1,-1,-1
190,0,1045.41,170.40,279.37,866.31,-1,-1,-1,-1
190,1,1423.79,187.56,237.28,607.12,-1,-1,-1,-1
191,0,1036.31,173.02,275.42,871.34,-1,-1,-1,-1
191,1,1435.97,185.72,234.09,614.81,-1,-1,-1,-1
192,0,1019.97,180.82,266.77,857.68,-1,-1,-1,-1
192,1,1447.63,190.54,239.68,611.04,-1,-1,-1,-1
193,0,1007.35,185.56,259.34,848.57,-1,-1,-1,-1
193,1,1458.15,191.76,242.62,610.99,-1,-1,-1,-1
194,0,993.70,187.18,259.99,835.96,-1,-1,-1,-1
194,1,1466.33,187.47,248.27,619.90,-1,-1,-1,-1
195,0,978.64,190.89,265.57,823.42,-1,-1,-1,-1
195,1,1476.72,180.15,248.53,634.88,-1,-1,-1,-1
196,0,965.44,199.14,266.10,801.24,-1,-1,-1,-1
196,1,1489.52,179.24,244.47,642.98,-1,-1,-1,-1
197,0,950.94,207.01,270.64,781.59,-1,-1,-1,-1
197,1,1497.37,185.07,246.47,638.77,-1,-1,-1,-1
198,0,940.87,211.65,273.91,774.16,-1,-1,-1,-1
198,1,1505.32,185.67,240.71,644.61,-1,-1,-1,-1
199,0,932.95,213.41,268.77,768.48,-1,-1,-1,-1
199,1,1510.92,176.45,233.16,668.76,-1,-1,-1,-1
200,0,924.36,217.25,268.06,751.26,-1,-1,-1,-1
200,1,1510.64,170.28,232.07,684.11,-1,-1,-1,-1
201,0,915.58,215.19,269.67,739.83,-1,-1,-1,-1
201,1,1509.25,168.86,231.09,688.33,-1,-1,-1,-1
202,0,910.60,214.86,268.00,724.75,-1,-1,-1,-1
202,1,1506.28,170.46,225.09,684.77,-1,-1,-1,-1
203,0,907.18,221.38,266.32,689.04,-1,-1,-1,-1
203,1,1502.19,171.66,225.95,686.06,-1,-1,-1,-1
204,0,905.53,208.66,262.27,698.52,-1,-1,-1,-1
204,1,1485.42,172.52,241.51,685.42,-1,-1,-1,-1
205,0,906.80,213.88,256.32,677.04,-1,-1,-1,-1
205,1,1465.37,166.13,261.67,700.80,-1,-1,-1,-1
206,0,903.33,207.92,256.26,679.64,-1,-1,-1,-1
206,1,1451.33,162.31,269.44,717.11,-1,-1,-1,-1
207,0,902.06,211.66,254.14,671.12,-1,-1,-1,-1
207,1,1424.35,168.16,300.61,709.34,-1,-1,-1,-1
208,0,903.10,213.32,250.22,662.57,-1,-1,-1,-1
208,1,1410.24,172.29,300.29,707.91,-1,-1,-1,-1
209,0,906.58,212.68,244.57,661.32,-1,-1,-1,-1
209,1,1400.94,174.80,295.67,705.53,-1,-1,-1,-1
210,0,910.17,216.28,241.22,650.49,-1,-1,-1,-1
210,1,1409.88,170.73,257.60,719.48,-1,-1,-1,-1
210,2,1.06,241.78,174.90,581.65,-1,-1,-1,-1
211,0,916.98,216.13,235.14,651.93,-1,-1,-1,-1
211,1,1411.26,166.94,230.16,727.96,-1,-1,-1,-1
211,2,2.53,244.03,166.63,568.91,-1,-1,-1,-1
212,0,922.12,224.36,232.04,621.55,-1,-1,-1,-1
212,1,1409.53,154.94,207.64,746.00,-1,-1,-1,-1
212,2,2.63,247.28,166.47,559.54,-1,-1,-1,-1
213,0,930.38,230.78,229.92,596.73,-1,-1,-1,-1
213,1,1395.39,159.07,195.30,735.40,-1,-1,-1,-1
213,2,2.59,248.88,170.75,551.66,-1,-1,-1,-1
214,0,930.27,229.56,231.73,586.32,-1,-1,-1,-1
214,1,1371.67,153.00,203.03,744.55,-1,-1,-1,-1
214,2,8.02,251.71,185.54,549.13,-1,-1,-1,-1
215,0,931.64,232.74,231.91,573.40,-1,-1,-1,-1
215,1,1322.02,146.18,243.07,752.22,-1,-1,-1,-1
215,2,13.23,246.27,205.60,557.04,-1,-1,-1,-1
216,0,932.58,229.91,232.05,577.29,-1,-1,-1,-1
216,1,1286.13,153.78,268.26,737.29,-1,-1,-1,-1
216,2,15.82,251.89,228.01,544.07,-1,-1,-1,-1
217,0,931.40,226.87,232.52,583.81,-1,-1,-1,-1
217,1,1257.93,163.03,287.61,720.55,-1,-1,-1,-1
217,2,24.53,253.72,256.06,544.02,-1,-1,-1,-1
218,0,934.79,231.02,226.92,579.29,-1,-1,-1,-1
218,1,1241.66,169.51,290.52,711.39,-1,-1,-1,-1
218,2,37.78,240.31,272.98,560.16,-1,-1,-1,-1
219,0,938.19,231.25,222.29,583.91,-1,-1,-1,-1
219,1,1233.37,168.25,287.53,716.47,-1,-1,-1,-1
219,2,46.69,245.34,289.49,552.88,-1,-1,-1,-1
220,0,942.89,238.85,214.45,567.97,-1,-1,-1,-1
220,1,1226.35,169.93,272.85,713.08,-1,-1,-1,-1
220,2,61.25,247.74,293.21,549.85,-1,-1,-1,-1
221,0,951.43,235.07,200.24,576.00,-1,-1,-1,-1
221,1,1218.14,165.07,241.38,716.39,-1,-1,-1,-1
221,2,80.69,255.34,276.08,539.67,-1,-1,-1,-1
222,0,961.93,231.66,186.64,580.02,-1,-1,-1,-1
222,1,1206.30,162.68,211.90,719.91,-1,-1,-1,-1
222,2,99.08,252.20,262.85,548.26,-1,-1,-1,-1
223,0,966.37,233.14,184.24,566.39,-1,-1,-1,-1
223,1,1185.07,147.56,201.18,748.69,-1,-1,-1,-1
223,2,118.51,249.19,245.22,556.14,-1,-1,-1,-1
224,0,967.21,230.32,186.08,562.40,-1,-1,-1,-1
224,1,1163.46,142.67,201.97,762.50,-1,-1,-1,-1
224,2,136.12,246.70,230.28,561.97,-1,-1,-1,-1
225,0,967.55,233.89,184.72,550.55,-1,-1,-1,-1
225,1,1105.43,155.51,266.92,746.39,-1,-1,-1,-1
225,2,151.74,250.27,221.69,551.18,-1,-1,-1,-1
226,0,968.10,235.56,185.62,540.30,-1,-1,-1,-1
226,1,1052.90,160.32,314.26,741.47,-1,-1,-1,-1
226,2,165.53,252.69,213.75,542.59,-1,-1,-1,-1
227,0,969.65,242.48,179.13,525.64,-1,-1,-1,-1
227,1,1027.79,156.88,326.86,747.18,-1,-1,-1,-1
227,2,176.17,246.28,213.26,553.04,-1,-1,-1,-1
228,0,972.36,246.15,175.18,514.10,-1,-1,-1,-1
228,1,996.46,155.54,339.46,751.20,-1,-1,-1,-1
228,2,186.96,244.24,217.24,558.26,-1,-1,-1,-1
229,0,975.07,249.82,171.23,502.55,-1,-1,-1,-1
229,1,982.97,162.84,330.45,740.91,-1,-1,-1,-1
229,2,195.15,243.08,222.94,563.20,-1,-1,-1,-1
230,0,977.77,253.49,167.29,491.00,-1,-1,-1,-1
230,1,992.20,166.49,275.47,735.87,-1,-1,-1,-1
230,2,205.40,242.77,229.93,569.44,-1,-1,-1,-1
231,0,980.48,257.16,163.34,479.45,-1,-1,-1,-1
231,1,996.24,167.81,236.00,734.36,-1,-1,-1,-1
231,2,212.40,244.20,235.07,567.78,-1,-1,-1,-1
232,1,970.01,176.67,255.27,728.43,-1,-1,-1,-1
232,2,228.67,251.11,225.25,556.36,-1,-1,-1,-1
233,0,1070.89,226.29,157.50,542.03,-1,-1,-1,-1
233,1,929.26,181.87,294.00,725.59,-1,-1,-1,-1
233,2,240.12,253.82,217.60,551.70,-1,-1,-1,-1
234,0,1080.97,221.01,192.60,557.27,-1,-1,-1,-1
234,1,885.85,182.64,309.47,721.26,-1,-1,-1,-1
234,2,248.98,253.17,214.24,551.72,-1,-1,-1,-1
235,0,1092.19,214.75,215.76,574.01,-1,-1,-1,-1
235,1,853.79,180.54,322.63,726.71,-1,-1,-1,-1
235,2,254.54,246.99,215.11,558.74,-1,-1,-1,-1
236,0,1098.51,213.43,250.60,585.82,-1,-1,-1,-1
236,1,836.24,187.14,313.65,714.00,-1,-1,-1,-1
236,2,257.96,244.10,222.02,560.16,-1,-1,-1,-1
237,0,1112.20,213.39,255.40,598.99,-1,-1,-1,-1
237,1,826.88,185.51,287.47,711.40,-1,-1,-1,-1
237,2,259.54,245.31,235.30,554.57,-1,-1,-1,-1
238,0,1122.82,213.43,253.98,609.70,-1,-1,-1,-1
238,1,822.31,178.88,256.79,720.31,-1,-1,-1,-1
238,2,263.51,245.43,242.15,560.14,-1,-1,-1,-1
239,0,1142.04,216.29,237.11,609.55,-1,-1,-1,-1
239,1,816.79,183.78,217.68,713.80,-1,-1,-1,-1
239,2,269.92,245.24,242.95,569.01,-1,-1,-1,-1
240,0,1161.02,217.15,220.28,609.02,-1,-1,-1,-1
240,1,800.91,182.97,203.47,710.59,-1,-1,-1,-1
240,2,275.15,243.27,241.17,577.27,-1,-1,-1,-1
241,0,1181.93,223.35,202.35,596.07,-1,-1,-1,-1
241,1,784.92,176.24,193.54,729.46,-1,-1,-1,-1
241,2,281.38,241.46,239.38,582.65,-1,-1,-1,-1
242,0,1198.23,217.55,204.41,609.33,-1,-1,-1,-1
242,1,741.55,165.51,231.79,754.16,-1,-1,-1,-1
242,2,291.33,242.19,228.55,578.03,-1,-1,-1,-1
243,0,1210.75,210.18,217.23,628.78,-1,-1,-1,-1
243,1,707.00,170.38,245.57,745.29,-1,-1,-1,-1
243,2,293.12,235.62,232.18,592.43,-1,-1,-1,-1
244,0,1220.32,207.42,230.13,643.29,-1,-1,-1,-1
244,1,677.28,175.27,263.06,741.05,-1,-1,-1,-1
244,2,294.63,233.94,233.61,599.31,-1,-1,-1,-1
245,0,1227.14,208.40,248.58,653.39,-1,-1,-1,-1
245,1,657.38,185.91,273.95,728.13,-1,-1,-1,-1
245,2,292.15,228.23,240.57,608.92,-1,-1,-1,-1
246,0,1235.68,207.50,254.95,667.76,-1,-1,-1,-1
246,1,640.61,198.40,282.18,714.84,-1,-1,-1,-1
246,2,294.11,228.85,236.45,616.01,-1,-1,-1,-1
247,0,1242.96,207.26,260.00,685.09,-1,-1,-1,-1
247,1,631.57,192.35,265.41,732.05,-1,-1,-1,-1
247,2,293.03,229.05,235.39,622.65,-1,-1,-1,-1
248,0,1247.22,210.03,267.18,692.95,-1,-1,-1,-1
248,1,625.46,189.22,241.71,735.12,-1,-1,-1,-1
248,2,292.89,232.56,231.59,625.64,-1,-1,-1,-1
249,0,1256.28,209.91,264.39,700.91,-1,-1,-1,-1
249,1,610.24,179.60,225.11,751.95,-1,-1,-1,-1
249,2,288.89,241.56,232.20,618.86,-1,-1,-1,-1
250,0,1264.89,207.35,256.34,706.24,-1,-1,-1,-1
250,1,588.87,181.19,212.33,753.36,-1,-1,-1,-1
250,2,281.53,240.83,236.25,633.18,-1,-1,-1,-1
251,0,1273.60,193.98,251.98,735.08,-1,-1,-1,-1
251,1,558.04,175.31,223.31,759.67,-1,-1,-1,-1
251,2,263.72,233.13,256.31,659.65,-1,-1,-1,-1
252,0,1280.89,185.62,256.67,751.75,-1,-1,-1,-1
252,1,512.81,177.58,258.43,750.16,-1,-1,-1,-1
252,2,253.06,222.51,263.06,692.05,-1,-1,-1,-1
253,0,1284.76,189.54,273.11,746.00,-1,-1,-1,-1
253,1,480.47,174.77,283.97,751.95,-1,-1,-1,-1
253,2,246.05,221.44,262.05,693.35,-1,-1,-1,-1
254,0,1287.93,185.64,305.75,764.22,-1,-1,-1,-1
254,1,461.49,184.22,292.47,738.50,-1,-1,-1,-1
254,2,238.41,216.46,254.44,708.72,-1,-1,-1,-1
255,0,1303.37,184.29,298.57,776.37,-1,-1,-1,-1
255,1,452.11,185.90,293.32,737.12,-1,-1,-1,-1
255,2,225.41,219.41,253.51,704.85,-1,-1,-1,-1
256,0,1315.43,184.92,297.76,793.92,-1,-1,-1,-1
256,1,454.17,184.97,271.16,738.48,-1,-1,-1,-1
256,2,213.99,218.21,248.36,707.31,-1,-1,-1,-1
257,0,1325.48,186.72,302.30,798.18,-1,-1,-1,-1
257,1,453.62,180.66,239.73,743.50,-1,-1,-1,-1
257,2,195.82,216.47,251.94,721.85,-1,-1,-1,-1
258,0,1336.83,182.29,309.22,807.00,-1,-1,-1,-1
258,1,439.09,194.35,227.53,720.85,-1,-1,-1,-1
258,2,181.03,210.65,247.84,750.37,-1,-1,-1,-1
259,0,1347.66,179.22,324.01,815.68,-1,-1,-1,-1
259,1,419.42,185.79,221.22,732.59,-1,-1,-1,-1
259,2,166.85,207.25,248.27,785.41,-1,-1,-1,-1
260,0,1355.97,169.49,344.03,840.49,-1,-1,-1,-1
260,1,398.80,182.35,225.00,742.42,-1,-1,-1,-1
260,2,150.33,207.91,258.66,801.88,-1,-1,-1,-1
261,0,1361.93,157.07,356.97,878.68,-1,-1,-1,-1
261,1,379.63,178.83,233.49,748.38,-1,-1,-1,-1
261,2,131.73,207.31,273.41,815.59,-1,-1,-1,-1
262,0,1367.59,156.61,360.31,895.80,-1,-1,-1,-1
262,1,356.44,187.01,256.88,734.82,-1,-1,-1,-1
262,2,119.03,202.46,276.45,828.35,-1,-1,-1,-1
263,0,1371.56,160.46,356.13,902.33,-1,-1,-1,-1
263,1,337.17,193.12,273.00,724.49,-1,-1,-1,-1
263,2,104.03,200.74,282.03,832.89,-1,-1,-1,-1
264,0,1373.70,161.97,349.66,911.08,-1,-1,-1,-1
264,1,318.33,196.69,291.67,727.39,-1,-1,-1,-1
264,2,91.76,195.84,287.98,843.90,-1,-1,-1,-1
265,0,1372.61,159.47,341.82,917.28,-1,-1,-1,-1
265,1,311.53,195.09,291.56,728.00,-1,-1,-1,-1
265,2,75.01,194.09,297.85,837.33,-1,-1,-1,-1
266,0,1368.10,163.54,339.41,913.04,-1,-1,-1,-1
266,1,307.17,198.70,284.40,728.15,-1,-1,-1,-1
266,2,59.64,182.28,306.93,866.39,-1,-1,-1,-1
267,0,1364.10,161.18,338.94,915.74,-1,-1,-1,-1
267,1,295.24,190.58,279.88,739.09,-1,-1,-1,-1
267,2,45.56,173.68,316.14,884.42,-1,-1,-1,-1
268,0,1361.73,157.60,328.54,915.48,-1,-1,-1,-1
268,1,285.49,193.35,258.65,733.38,-1,-1,-1,-1
268,2,27.59,175.13,334.92,880.18,-1,-1,-1,-1
269,0,1355.80,161.89,322.78,900.41,-1,-1,-1,-1
269,1,259.69,189.38,244.22,746.56,-1,-1,-1,-1
269,2,8.78,175.43,375.80,880.25,-1,-1,-1,-1
270,0,1347.68,150.80,310.72,915.06,-1,-1,-1,-1
270,1,238.40,188.87,230.99,744.75,-1,-1,-1,-1
270,2,4.40,171.58,361.56,884.74,-1,-1,-1,-1
271,0,1333.05,141.54,305.09,927.95,-1,-1,-1,-1
271,1,218.46,185.20,232.95,753.75,-1,-1,-1,-1
271,2,-3.73,166.64,366.57,895.11,-1,-1,-1,-1
272,0,1312.43,125.45,308.96,953.61,-1,-1,-1,-1
272,1,205.66,182.31,239.19,753.63,-1,-1,-1,-1
272,2,-7.14,161.92,364.54,900.88,-1,-1,-1,-1
273,0,1281.75,140.68,334.63,931.56,-1,-1,-1,-1
273,1,180.86,177.10,264.56,761.55,-1,-1,-1,-1
273,2,-6.03,165.55,347.36,897.97,-1,-1,-1,-1
274,0,1273.06,140.85,323.29,931.90,-1,-1,-1,-1
274,1,162.79,173.17,281.28,764.73,-1,-1,-1,-1
274,2,-9.63,170.48,356.97,891.34,-1,-1,-1,-1
275,0,1253.54,150.88,326.97,917.52,-1,-1,-1,-1
275,1,146.68,170.34,282.86,769.01,-1,-1,-1,-1
275,2,-10.17,183.30,384.31,876.85,-1,-1,-1,-1
276,0,1231.11,150.54,318.80,915.02,-1,-1,-1,-1
276,1,149.75,171.22,258.55,776.86,-1,-1,-1,-1
276,2,-2.51,171.82,370.00,894.86,-1,-1,-1,-1
277,0,1215.34,147.13,276.36,915.01,-1,-1,-1,-1
277,1,134.57,168.67,260.42,782.45,-1,-1,-1,-1
277,2,-3.96,171.89,376.73,889.58,-1,-1,-1,-1
278,0,1178.49,140.89,268.83,920.63,-1,-1,-1,-1
278,1,119.38,166.12,262.28,788.05,-1,-1,-1,-1
278,2,-0.64,160.30,361.13,903.04,-1,-1,-1,-1
279,0,1133.42,148.78,276.88,908.65,-1,-1,-1,-1
279,1,104.19,163.57,264.15,793.64,-1,-1,-1,-1
279,2,0.51,144.35,350.13,924.67,-1,-1,-1,-1
280,0,1069.77,140.90,315.47,923.90,-1,-1,-1,-1
280,1,89.01,161.03,266.01,799.23,-1,-1,-1,-1
280,2,-0.04,142.75,344.13,919.86,-1,-1,-1,-1
281,0,1001.58,133.76,365.20,939.84,-1,-1,-1,-1
281,2,-0.83,130.00,344.03,932.76,-1,-1,-1,-1
282,0,952.01,143.92,400.71,931.69,-1,-1,-1,-1
282,2,-1.27,109.62,346.74,962.54,-1,-1,-1,-1
283,0,918.32,148.68,418.10,925.20,-1,-1,-1,-1
283,2,-2.92,88.70,354.36,991.28,-1,-1,-1,-1
284,0,912.19,164.65,385.74,905.80,-1,-1,-1,-1
284,2,-5.00,86.67,367.46,992.63,-1,-1,-1,-1
285,0,896.54,163.63,343.53,901.57,-1,-1,-1,-1
285,2,-5.90,83.53,385.41,991.10,-1,-1,-1,-1
286,0,880.89,161.78,294.74,903.53,-1,-1,-1,-1
286,2,-2.67,84.75,393.49,980.01,-1,-1,-1,-1
287,0,849.34,160.79,280.29,902.81,-1,-1,-1,-1
287,2,1.48,85.12,407.81,979.22,-1,-1,-1,-1
288,0,785.12,162.39,317.66,905.60,-1,-1,-1,-1
288,2,5.58,81.18,417.82,981.71,-1,-1,-1,-1
289,0,743.30,170.05,333.04,895.80,-1,-1,-1,-1
289,2,7.54,83.90,424.68,977.65,-1,-1,-1,-1
290,0,715.09,177.61,337.00,881.79,-1,-1,-1,-1
290,2,3.64,71.66,447.05,1000.20,-1,-1,-1,-1
291,0,715.17,187.99,314.79,865.75,-1,-1,-1,-1
291,2,5.78,66.74,461.02,1010.07,-1,-1,-1,-1
292,0,703.18,191.63,309.02,864.07,-1,-1,-1,-1
292,1,0.35,160.57,203.01,880.41,-1,-1,-1,-1
292,2,18.79,74.35,457.95,994.30,-1,-1,-1,-1
293,0,683.82,189.34,300.00,861.74,-1,-1,-1,-1
293,1,-11.10,160.02,204.55,887.21,-1,-1,-1,-1
293,2,14.53,67.91,484.61,1006.77,-1,-1,-1,-1
294,0,663.02,186.37,296.32,854.39,-1,-1,-1,-1
294,1,-22.55,159.48,206.10,894.02,-1,-1,-1,-1
294,2,77.51,68.78,431.98,1003.05,-1,-1,-1,-1
295,0,637.02,188.27,306.16,834.39,-1,-1,-1,-1
295,1,-12.94,137.54,244.61,922.87,-1,-1,-1,-1
295,2,137.17,62.54,400.18,1004.85,-1,-1,-1,-1
296,0,615.31,192.59,312.89,826.36,-1,-1,-1,-1
296,1,-12.64,141.30,265.45,917.70,-1,-1,-1,-1
296,2,181.40,57.09,417.00,1009.36,-1,-1,-1,-1
297,0,603.80,191.79,316.53,825.49,-1,-1,-1,-1
297,1,-10.32,137.47,274.47,924.84,-1,-1,-1,-1
297,2,219.28,33.95,440.80,1043.36,-1,-1,-1,-1
298,0,599.42,196.16,314.93,814.33,-1,-1,-1,-1
298,1,-7.09,125.49,276.67,943.58,-1,-1,-1,-1
298,2,244.98,22.67,447.90,1060.15,-1,-1,-1,-1
299,0,605.62,206.93,301.84,796.30,-1,-1,-1,-1
299,1,-7.97,110.54,295.05,965.50,-1,-1,-1,-1
299,2,307.35,58.65,470.04,998.90,-1,-1,-1,-1
300,0,630.85,225.42,260.77,729.13,-1,-1,-1,-1
300,1,-5.93,106.99,302.59,965.95,-1,-1,-1,-1
300,2,365.96,65.47,457.36,992.41,-1,-1,-1,-1
301,0,657.19,242.13,220.97,579.69,-1,-1,-1,-1
301,1,-3.66,90.27,308.59,984.08,-1,-1,-1,-1
301,2,416.46,69.76,461.78,983.12,-1,-1,-1,-1
302,0,666.39,272.45,187.18,491.05,-1,-1,-1,-1
302,1,3.29,96.11,308.35,967.65,-1,-1,-1,-1
302,2,465.02,75.76,439.58,987.84,-1,-1,-1,-1
303,0,675.60,302.77,153.39,402.41,-1,-1,-1,-1
303,1,6.66,96.19,317.48,965.65,-1,-1,-1,-1
303,2,504.32,78.61,426.04,985.39,-1,-1,-1,-1
304,0,684.80,333.09,119.60,313.77,-1,-1,-1,-1
304,1,7.41,88.57,335.09,973.83,-1,-1,-1,-1
304,2,539.37,80.69,426.35,986.15,-1,-1,-1,-1
305,0,694.01,363.41,85.81,225.13,-1,-1,-1,-1
305,1,12.59,83.43,351.64,968.12,-1,-1,-1,-1
305,2,569.23,75.29,424.26,989.25,-1,-1,-1,-1
306,1,14.47,77.76,386.93,974.58,-1,-1,-1,-1
306,2,594.63,68.57,422.64,999.69,-1,-1,-1,-1
307,1,13.48,72.15,467.01,981.02,-1,-1,-1,-1
307,2,620.32,73.40,419.19,999.37,-1,-1,-1,-1
308,1,37.94,76.33,492.64,979.70,-1,-1,-1,-1
308,2,629.44,90.69,435.55,976.91,-1,-1,-1,-1
309,1,86.57,66.68,449.90,995.59,-1,-1,-1,-1
309,2,636.09,99.63,449.72,967.99,-1,-1,-1,-1
310,0,587.79,238.98,197.72,610.98,-1,-1,-1,-1
310,1,119.56,61.93,433.36,998.41,-1,-1,-1,-1
310,2,656.18,98.96,443.85,973.83,-1,-1,-1,-1
311,0,576.10,235.24,208.34,617.52,-1,-1,-1,-1
311,1,150.61,55.47,392.05,1005.63,-1,-1,-1,-1
311,2,673.26,100.41,435.65,972.54,-1,-1,-1,-1
312,0,566.03,232.14,220.16,625.59,-1,-1,-1,-1
312,1,170.33,45.48,396.15,1022.79,-1,-1,-1,-1
312,2,704.28,113.15,411.44,958.71,-1,-1,-1,-1
313,0,559.89,230.19,225.36,629.46,-1,-1,-1,-1
313,1,204.35,36.12,396.88,1029.73,-1,-1,-1,-1
313,2,725.85,123.26,399.32,951.60,-1,-1,-1,-1
314,0,557.19,232.30,224.48,627.83,-1,-1,-1,-1
314,1,242.35,12.95,399.23,1064.50,-1,-1,-1,-1
314,2,745.66,123.87,380.09,951.42,-1,-1,-1,-1
315,0,555.87,233.21,221.22,628.45,-1,-1,-1,-1
315,1,282.31,14.51,407.79,1062.33,-1,-1,-1,-1
315,2,762.67,129.42,373.18,936.20,-1,-1,-1,-1
316,0,565.94,243.52,205.57,605.38,-1,-1,-1,-1
316,1,315.02,15.28,420.39,1062.45,-1,-1,-1,-1
316,2,772.90,129.72,369.11,936.03,-1,-1,-1,-1
317,0,579.27,273.36,182.33,490.51,-1,-1,-1,-1
317,1,362.48,21.12,404.93,1055.76,-1,-1,-1,-1
317,2,786.48,131.88,355.89,935.31,-1,-1,-1,-1
318,0,586.27,296.77,161.15,433.55,-1,-1,-1,-1
318,1,405.25,40.95,396.32,1032.15,-1,-1,-1,-1
318,2,794.04,140.86,347.12,925.86,-1,-1,-1,-1
319,0,593.26,320.18,139.98,376.59,-1,-1,-1,-1
319,1,460.47,59.10,360.65,1004.58,-1,-1,-1,-1
319,2,802.85,150.71,336.22,916.68,-1,-1,-1,-1
320,0,600.25,343.59,118.80,319.63,-1,-1,-1,-1
320,1,520.37,85.78,306.77,977.35,-1,-1,-1,-1
320,2,806.20,160.52,327.78,900.91,-1,-1,-1,-1
321,0,607.24,366.99,97.63,262.67,-1,-1,-1,-1
321,1,551.38,61.08,295.65,1007.77,-1,-1,-1,-1
321,2,808.41,168.29,321.66,879.14,-1,-1,-1,-1
322,1,560.37,66.15,312.35,916.75,-1,-1,-1,-1
322,2,812.65,173.14,313.18,861.71,-1,-1,-1,-1
323,0,516.29,251.14,171.72,566.34,-1,-1,-1,-1
323,1,635.00,71.54,259.01,819.20,-1,-1,-1,-1
323,2,813.63,172.57,308.55,858.48,-1,-1,-1,-1
324,0,492.98,247.32,205.67,576.05,-1,-1,-1,-1
324,1,681.49,53.12,336.29,933.63,-1,-1,-1,-1
324,2,819.72,177.84,304.76,847.94,-1,-1,-1,-1
325,0,483.23,243.00,219.29,583.91,-1,-1,-1,-1
325,1,708.31,40.86,365.57,985.24,-1,-1,-1,-1
325,2,825.82,183.10,300.97,837.41,-1,-1,-1,-1
326,0,476.55,239.93,219.44,589.04,-1,-1,-1,-1
326,1,730.69,46.69,382.48,996.72,-1,-1,-1,-1
326,2,831.92,188.37,297.18,826.88,-1,-1,-1,-1
327,0,469.79,237.73,211.30,594.17,-1,-1,-1,-1
327,1,760.72,49.22,374.06,1008.77,-1,-1,-1,-1
327,2,838.02,193.64,293.39,816.34,-1,-1,-1,-1
328,0,458.50,242.96,204.50,583.10,-1,-1,-1,-1
328,1,801.05,41.05,344.08,1029.10,-1,-1,-1,-1
329,0,442.65,245.72,204.72,580.56,-1,-1,-1,-1
329,1,831.28,44.88,338.67,1025.83,-1,-1,-1,-1
330,0,410.36,243.68,229.85,591.39,-1,-1,-1,-1
330,1,842.08,53.63,367.67,1014.05,-1,-1,-1,-1
331,0,378.21,245.05,256.75,598.49,-1,-1,-1,-1
331,1,854.71,64.06,389.53,998.21,-1,-1,-1,-1
332,0,361.84,240.52,266.16,614.35,-1,-1,-1,-1
332,1,860.85,64.80,433.63,984.69,-1,-1,-1,-1
333,0,355.89,236.22,259.66,635.37,-1,-1,-1,-1
333,1,862.87,71.66,481.68,981.14,-1,-1,-1,-1
333,2,835.08,190.80,231.52,739.96,-1,-1,-1,-1
334,0,334.97,239.59,276.81,639.37,-1,-1,-1,-1
334,1,947.87,54.51,451.57,1008.04,-1,-1,-1,-1
334,2,830.57,189.39,220.44,732.40,-1,-1,-1,-1
335,0,312.58,239.27,288.23,643.95,-1,-1,-1,-1
335,1,1015.73,55.72,453.19,999.99,-1,-1,-1,-1
335,2,828.75,204.34,239.36,700.17,-1,-1,-1,-1
336,0,297.77,238.91,293.61,645.98,-1,-1,-1,-1
336,1,1073.94,81.39,428.70,971.88,-1,-1,-1,-1
336,2,830.01,207.62,242.36,683.25,-1,-1,-1,-1
337,0,277.36,235.28,312.85,658.08,-1,-1,-1,-1
337,1,1117.77,70.79,390.04,985.79,-1,-1,-1,-1
337,2,831.35,210.36,241.72,675.45,-1,-1,-1,-1
338,0,261.47,231.43,321.77,674.31,-1,-1,-1,-1
338,1,1147.85,72.65,371.04,984.10,-1,-1,-1,-1
338,2,834.32,210.67,236.81,674.05,-1,-1,-1,-1
339,0,250.26,225.68,324.73,700.75,-1,-1,-1,-1
339,1,1179.41,73.23,343.83,985.81,-1,-1,-1,-1
339,2,838.18,236.23,232.08,621.03,-1,-1,-1,-1
340,0,239.12,219.13,329.54,725.41,-1,-1,-1,-1
340,1,1215.05,49.83,313.94,1021.14,-1,-1,-1,-1
340,2,844.77,239.93,225.41,610.86,-1,-1,-1,-1
341,0,232.60,220.17,327.28,739.37,-1,-1,-1,-1
341,1,1241.78,44.96,305.30,1029.66,-1,-1,-1,-1
341,2,850.66,234.77,218.97,612.86,-1,-1,-1,-1
342,0,229.42,224.36,317.42,743.65,-1,-1,-1,-1
342,1,1262.47,49.10,310.30,1024.53,-1,-1,-1,-1
342,2,853.74,235.96,218.29,585.71,-1,-1,-1,-1
343,0,223.75,225.05,317.56,747.71,-1,-1,-1,-1
343,1,1279.36,54.51,315.72,1012.60,-1,-1,-1,-1
343,2,858.32,229.79,216.51,580.70,-1,-1,-1,-1
344,0,219.51,225.15,311.61,749.71,-1,-1,-1,-1
344,1,1296.22,56.96,338.40,1013.55,-1,-1,-1,-1
344,2,867.46,215.05,207.05,602.28,-1,-1,-1,-1
345,0,212.00,223.63,314.80,754.46,-1,-1,-1,-1
345,1,1317.73,63.31,341.90,1010.88,-1,-1,-1,-1
345,2,873.63,214.14,202.95,591.13,-1,-1,-1,-1
346,0,202.77,217.96,322.29,773.56,-1,-1,-1,-1
346,1,1338.89,67.30,337.62,1006.47,-1,-1,-1,-1
346,2,881.73,206.48,198.62,600.14,-1,-1,-1,-1
347,0,192.20,211.71,331.81,799.29,-1,-1,-1,-1
347,1,1350.34,64.30,354.41,1013.93,-1,-1,-1,-1
347,2,894.25,202.35,192.39,604.72,-1,-1,-1,-1
348,0,179.29,210.58,345.98,811.41,-1,-1,-1,-1
348,1,1369.93,73.59,368.18,991.90,-1,-1,-1,-1
348,2,904.44,201.06,190.80,606.14,-1,-1,-1,-1
349,0,166.88,217.74,363.78,803.33,-1,-1,-1,-1
349,1,1401.02,75.88,369.85,983.13,-1,-1,-1,-1
349,2,915.22,205.33,187.63,608.55,-1,-1,-1,-1
350,0,157.27,214.12,381.96,822.85,-1,-1,-1,-1
350,1,1417.24,85.99,407.40,961.91,-1,-1,-1,-1
350,2,925.36,217.02,180.71,585.99,-1,-1,-1,-1
351,0,148.97,207.20,396.75,841.52,-1,-1,-1,-1
351,1,1437.39,92.24,422.46,953.12,-1,-1,-1,-1
351,2,933.21,224.44,186.35,570.75,-1,-1,-1,-1
352,0,145.30,196.79,402.38,865.12,-1,-1,-1,-1
352,1,1460.16,97.83,425.69,951.97,-1,-1,-1,-1
352,2,943.33,227.37,183.75,559.17,-1,-1,-1,-1
353,0,145.63,184.49,399.18,885.23,-1,-1,-1,-1
353,1,1482.31,96.94,416.01,958.47,-1,-1,-1,-1
353,2,960.59,223.50,177.05,557.02,-1,-1,-1,-1
354,0,154.38,182.14,385.70,891.62,-1,-1,-1,-1
354,1,1502.59,98.38,397.63,960.86,-1,-1,-1,-1
354,2,980.64,219.01,164.82,563.19,-1,-1,-1,-1
355,0,164.41,179.47,371.18,894.77,-1,-1,-1,-1
355,1,1514.39,102.39,392.58,942.33,-1,-1,-1,-1
355,2,997.26,218.14,157.71,560.71,-1,-1,-1,-1
356,0,174.57,182.27,362.53,893.83,-1,-1,-1,-1
356,1,1522.59,99.54,387.67,950.21,-1,-1,-1,-1
356,2,1010.29,221.95,156.33,552.06,-1,-1,-1,-1
357,0,194.15,185.65,343.42,892.02,-1,-1,-1,-1
357,1,1528.70,101.42,381.56,947.45,-1,-1,-1,-1
357,2,1020.84,223.78,163.42,549.63,-1,-1,-1,-1
358,0,211.21,190.12,339.10,878.65,-1,-1,-1,-1
358,1,1533.18,109.66,374.50,933.19,-1,-1,-1,-1
358,2,1022.59,225.69,190.65,548.27,-1,-1,-1,-1
359,0,233.93,183.05,326.70,886.86,-1,-1,-1,-1
359,1,1535.32,113.08,367.87,922.51,-1,-1,-1,-1
359,2,1028.25,227.63,199.75,542.25,-1,-1,-1,-1
360,0,254.33,177.74,326.07,892.61,-1,-1,-1,-1
360,1,1540.32,115.17,354.44,912.17,-1,-1,-1,-1
360,2,1037.50,230.24,197.85,535.85,-1,-1,-1,-1
361,0,270.41,167.99,327.86,903.39,-1,-1,-1,-1
361,1,1540.98,117.60,351.56,906.30,-1,-1,-1,-1
361,2,1044.86,226.65,194.64,537.55,-1,-1,-1,-1
362,0,289.37,161.91,324.30,912.04,-1,-1,-1,-1
362,1,1542.42,121.89,336.52,889.10,-1,-1,-1,-1
362,2,1065.13,224.19,173.32,539.02,-1,-1,-1,-1
363,0,309.91,152.21,320.49,924.40,-1,-1,-1,-1
363,1,1542.53,125.77,322.56,876.90,-1,-1,-1,-1
363,2,1084.33,225.10,163.58,531.89,-1,-1,-1,-1
364,0,333.76,148.54,316.55,926.23,-1,-1,-1,-1
364,1,1540.96,137.56,311.54,850.87,-1,-1,-1,-1
364,2,1099.46,222.07,162.13,537.14,-1,-1,-1,-1
365,0,366.31,160.43,291.12,906.44,-1,-1,-1,-1
365,1,1539.81,147.26,296.31,830.35,-1,-1,-1,-1
365,2,1108.18,214.67,170.78,552.58,-1,-1,-1,-1
366,0,397.20,161.22,261.51,900.50,-1,-1,-1,-1
366,1,1541.39,143.87,272.04,823.32,-1,-1,-1,-1
366,2,1115.99,215.78,182.34,556.89,-1,-1,-1,-1
367,0,411.81,157.80,284.23,906.49,-1,-1,-1,-1
367,1,1539.35,143.27,250.22,815.45,-1,-1,-1,-1
367,2,1119.27,219.22,201.95,556.35,-1,-1,-1,-1
368,0,443.81,142.67,285.06,932.09,-1,-1,-1,-1
368,1,1530.82,138.27,242.23,817.92,-1,-1,-1,-1
368,2,1126.89,221.45,209.83,555.50,-1,-1,-1,-1
369,0,469.66,144.78,297.89,928.40,-1,-1,-1,-1
369,1,1505.89,135.54,257.34,813.95,-1,-1,-1,-1
369,2,1129.25,222.27,218.05,559.46,-1,-1,-1,-1
370,0,482.51,152.27,326.85,917.31,-1,-1,-1,-1
370,1,1477.04,153.24,277.53,783.26,-1,-1,-1,-1
370,2,1135.62,216.53,213.21,571.47,-1,-1,-1,-1
371,0,498.96,166.98,338.95,902.38,-1,-1,-1,-1
371,1,1460.59,146.12,283.87,789.21,-1,-1,-1,-1
371,2,1140.27,218.67,209.77,570.73,-1,-1,-1,-1
372,0,502.44,168.87,363.09,903.91,-1,-1,-1,-1
372,1,1447.08,157.21,292.56,771.46,-1,-1,-1,-1
372,2,1154.75,222.19,197.20,563.48,-1,-1,-1,-1
373,0,519.22,170.47,363.78,906.03,-1,-1,-1,-1
373,1,1439.10,149.00,289.55,782.08,-1,-1,-1,-1
373,2,1167.80,221.57,192.16,566.27,-1,-1,-1,-1
374,0,542.49,180.28,346.86,894.29,-1,-1,-1,-1
374,1,1435.50,141.05,268.56,796.67,-1,-1,-1,-1
374,2,1184.83,217.87,184.88,570.74,-1,-1,-1,-1
375,0,571.37,180.01,327.14,887.37,-1,-1,-1,-1
375,1,1436.79,136.08,234.01,802.75,-1,-1,-1,-1
375,2,1203.11,213.32,176.33,579.90,-1,-1,-1,-1
376,0,596.90,178.84,311.91,882.88,-1,-1,-1,-1
376,1,1420.70,129.07,227.53,815.76,-1,-1,-1,-1
376,2,1217.52,209.45,176.72,583.13,-1,-1,-1,-1
377,0,618.19,175.18,303.25,885.30,-1,-1,-1,-1
377,1,1406.15,123.41,221.04,830.00,-1,-1,-1,-1
377,2,1228.94,206.05,176.76,589.25,-1,-1,-1,-1
378,0,637.86,170.36,316.20,889.92,-1,-1,-1,-1
378,1,1385.69,132.99,225.52,804.67,-1,-1,-1,-1
378,2,1236.84,201.74,187.61,599.84,-1,-1,-1,-1
379,0,661.43,171.91,315.65,888.85,-1,-1,-1,-1
379,1,1352.65,137.52,242.28,794.53,-1,-1,-1,-1
379,2,1247.55,198.31,189.25,605.44,-1,-1,-1,-1
380,0,685.91,177.35,300.94,873.53,-1,-1,-1,-1
380,1,1302.93,138.66,279.56,793.23,-1,-1,-1,-1
380,2,1257.22,194.44,185.97,617.83,-1,-1,-1,-1
381,0,708.15,190.70,282.75,840.10,-1,-1,-1,-1
381,1,1264.31,138.39,306.39,792.45,-1,-1,-1,-1
381,2,1266.81,190.17,188.74,627.07,-1,-1,-1,-1
382,0,729.82,199.65,263.37,810.45,-1,-1,-1,-1
382,1,1252.54,140.19,308.71,793.48,-1,-1,-1,-1
382,2,1276.40,185.90,191.51,636.32,-1,-1,-1,-1
383,0,743.26,200.37,257.88,796.38,-1,-1,-1,-1
383,1,1250.38,140.05,288.99,794.13,-1,-1,-1,-1
383,2,1285.99,181.63,194.28,645.57,-1,-1,-1,-1
384,0,754.54,209.90,261.26,766.34,-1,-1,-1,-1
384,1,1248.56,153.32,271.85,775.49,-1,-1,-1,-1
384,2,1295.58,177.35,197.06,654.81,-1,-1,-1,-1
385,0,761.73,206.51,262.54,758.85,-1,-1,-1,-1
385,1,1242.63,156.14,271.21,768.40,-1,-1,-1,-1
386,0,765.12,207.95,268.46,745.52,-1,-1,-1,-1
386,1,1225.36,157.87,295.46,757.07,-1,-1,-1,-1
387,0,773.73,206.79,259.38,737.40,-1,-1,-1,-1
387,1,1212.81,155.74,265.79,763.51,-1,-1,-1,-1
387,2,1355.31,192.76,204.26,632.90,-1,-1,-1,-1
388,0,770.78,211.84,266.19,723.38,-1,-1,-1,-1
388,1,1181.11,144.13,257.77,792.01,-1,-1,-1,-1
388,2,1360.08,185.76,222.00,652.92,-1,-1,-1,-1
389,0,765.64,214.09,273.16,723.48,-1,-1,-1,-1
389,1,1142.73,140.00,271.03,807.52,-1,-1,-1,-1
389,2,1366.11,185.99,236.36,666.98,-1,-1,-1,-1
390,0,766.01,213.33,276.96,721.98,-1,-1,-1,-1
390,1,1095.23,171.41,307.12,769.10,-1,-1,-1,-1
390,2,1374.93,185.72,246.33,680.05,-1,-1,-1,-1
391,0,774.38,214.67,269.66,708.61,-1,-1,-1,-1
391,1,1063.84,166.07,318.42,781.94,-1,-1,-1,-1
391,2,1382.76,186.07,253.22,691.35,-1,-1,-1,-1
392,0,782.12,217.41,261.90,687.47,-1,-1,-1,-1
392,1,1049.82,178.59,320.75,769.97,-1,-1,-1,-1
392,2,1390.74,189.80,253.77,691.17,-1,-1,-1,-1
393,0,794.27,219.66,247.49,666.58,-1,-1,-1,-1
393,1,1051.25,166.40,283.14,783.97,-1,-1,-1,-1
393,2,1397.20,193.52,252.66,686.12,-1,-1,-1,-1
394,0,807.80,219.25,230.82,654.39,-1,-1,-1,-1
394,1,1037.87,155.38,261.85,797.16,-1,-1,-1,-1
394,2,1408.20,196.31,247.64,687.11,-1,-1,-1,-1
395,0,818.77,216.55,220.47,647.10,-1,-1,-1,-1
395,1,1022.12,148.32,231.18,803.42,-1,-1,-1,-1
395,2,1415.67,191.60,248.69,701.94,-1,-1,-1,-1
396,0,831.79,210.76,211.34,649.15,-1,-1,-1,-1
396,1,999.80,147.88,213.44,807.55,-1,-1,-1,-1
396,2,1423.75,185.74,252.26,716.84,-1,-1,-1,-1
397,0,845.41,215.62,200.37,639.13,-1,-1,-1,-1
397,1,940.77,146.56,267.20,811.75,-1,-1,-1,-1
397,2,1429.21,182.78,260.49,721.73,-1,-1,-1,-1
398,0,856.73,212.39,193.45,644.24,-1,-1,-1,-1
398,1,881.26,148.71,325.34,804.17,-1,-1,-1,-1
398,2,1438.38,181.31,261.89,723.66,-1,-1,-1,-1
399,0,863.68,209.68,192.90,642.49,-1,-1,-1,-1
399,1,857.82,146.83,334.63,812.04,-1,-1,-1,-1
399,2,1446.28,173.35,268.24,739.87,-1,-1,-1,-1
400,0,870.62,206.98,192.34,640.73,-1,-1,-1,-1
400,1,847.52,150.19,328.35,807.34,-1,-1,-1,-1
400,2,1453.44,173.15,273.57,746.89,-1,-1,-1,-1
401,0,877.57,204.27,191.79,638.98,-1,-1,-1,-1
401,1,834.84,153.89,322.39,807.03,-1,-1,-1,-1
401,2,1458.21,165.70,283.28,776.72,-1,-1,-1,-1
402,0,884.52,201.56,191.23,637.23,-1,-1,-1,-1
402,1,833.86,170.48,287.62,789.44,-1,-1,-1,-1
402,2,1464.69,163.98,291.95,797.14,-1,-1,-1,-1
403,1,824.19,174.79,272.43,786.78,-1,-1,-1,-1
403,2,1470.38,165.34,297.00,807.50,-1,-1,-1,-1
404,1,806.84,180.31,273.95,772.01,-1,-1,-1,-1
404,2,1476.75,163.95,305.52,824.83,-1,-1,-1,-1
405,0,927.45,234.82,172.60,586.80,-1,-1,-1,-1
405,1,785.39,174.56,288.37,769.96,-1,-1,-1,-1
405,2,1486.54,160.41,311.41,841.08,-1,-1,-1,-1
406,0,938.91,233.93,166.53,580.62,-1,-1,-1,-1
406,1,759.50,164.76,259.86,785.22,-1,-1,-1,-1
406,2,1493.95,159.17,321.73,849.98,-1,-1,-1,-1
407,0,948.04,238.30,161.43,569.62,-1,-1,-1,-1
407,1,715.01,159.60,279.23,802.95,-1,-1,-1,-1
407,2,1499.65,158.05,335.51,855.10,-1,-1,-1,-1
408,0,959.00,242.36,153.09,558.00,-1,-1,-1,-1
408,1,662.50,167.88,317.28,794.58,-1,-1,-1,-1
408,2,1504.87,156.15,350.33,861.61,-1,-1,-1,-1
409,0,966.64,248.10,149.53,539.81,-1,-1,-1,-1
409,1,640.00,173.25,321.88,791.70,-1,-1,-1,-1
409,2,1510.15,156.41,361.15,864.90,-1,-1,-1,-1
410,0,974.24,247.15,147.50,529.69,-1,-1,-1,-1
410,1,620.67,175.85,332.58,793.54,-1,-1,-1,-1
410,2,1516.22,152.81,366.01,875.02,-1,-1,-1,-1
411,0,983.26,245.75,148.92,521.31,-1,-1,-1,-1
411,1,620.67,172.26,310.78,802.02,-1,-1,-1,-1
411,2,1522.13,147.33,371.82,894.65,-1,-1,-1,-1
412,0,989.21,234.48,157.68,536.33,-1,-1,-1,-1
412,1,613.25,174.38,287.50,798.72,-1,-1,-1,-1
412,2,1525.58,146.32,377.97,911.98,-1,-1,-1,-1
413,0,995.57,235.06,169.45,536.26,-1,-1,-1,-1
413,1,599.07,158.27,256.51,824.92,-1,-1,-1,-1
413,2,1533.42,146.76,372.74,916.90,-1,-1,-1,-1
414,0,997.41,232.26,186.59,544.06,-1,-1,-1,-1
414,1,565.46,156.05,250.44,822.73,-1,-1,-1,-1
414,2,1544.49,142.79,363.27,930.67,-1,-1,-1,-1
415,0,1006.88,232.72,186.97,546.40,-1,-1,-1,-1
415,1,541.01,157.44,247.02,818.97,-1,-1,-1,-1
415,2,1550.14,148.76,360.31,918.83,-1,-1,-1,-1
416,0,1010.36,231.11,192.59,553.66,-1,-1,-1,-1
416,1,501.42,156.28,267.39,823.72,-1,-1,-1,-1
416,2,1553.03,140.19,364.82,931.08,-1,-1,-1,-1
417,0,1017.14,231.22,191.77,557.09,-1,-1,-1,-1
417,1,462.20,163.53,289.89,807.18,-1,-1,-1,-1
417,2,1553.77,135.84,370.52,933.59,-1,-1,-1,-1
418,0,1024.04,234.81,186.67,556.68,-1,-1,-1,-1
418,1,423.36,170.32,318.88,796.95,-1,-1,-1,-1
418,2,1557.95,123.16,366.31,954.12,-1,-1,-1,-1
419,0,1030.01,230.13,184.12,561.90,-1,-1,-1,-1
419,1,401.87,180.34,331.72,790.06,-1,-1,-1,-1
419,2,1559.31,109.60,367.19,969.70,-1,-1,-1,-1
420,0,1033.72,225.54,189.14,569.61,-1,-1,-1,-1
420,1,391.18,190.23,329.06,775.26,-1,-1,-1,-1
420,2,1556.85,100.57,369.30,972.06,-1,-1,-1,-1
421,0,1038.09,223.36,196.39,574.76,-1,-1,-1,-1
421,1,378.68,188.22,306.19,774.09,-1,-1,-1,-1
421,2,1555.67,95.14,370.97,977.67,-1,-1,-1,-1
422,0,1043.06,221.69,203.38,588.33,-1,-1,-1,-1
422,1,371.80,184.25,265.30,771.10,-1,-1,-1,-1
422,2,1556.93,91.81,368.83,981.79,-1,-1,-1,-1
423,0,1049.83,215.91,211.08,608.69,-1,-1,-1,-1
423,1,358.24,181.98,242.79,770.74,-1,-1,-1,-1
423,2,1557.04,87.32,368.01,982.81,-1,-1,-1,-1
424,0,1057.55,213.62,215.78,622.01,-1,-1,-1,-1
424,1,335.87,174.04,237.34,803.07,-1,-1,-1,-1
424,2,1553.82,94.79,370.91,961.28,-1,-1,-1,-1
425,0,1063.88,215.44,226.62,626.99,-1,-1,-1,-1
425,1,309.20,178.70,250.75,795.71,-1,-1,-1,-1
425,2,1554.11,88.71,368.87,970.67,-1,-1,-1,-1
426,0,1070.74,213.87,239.61,635.41,-1,-1,-1,-1
426,1,277.72,181.89,273.51,787.51,-1,-1,-1,-1
426,2,1552.43,69.19,369.49,1003.34,-1,-1,-1,-1
427,0,1078.19,213.48,247.49,639.59,-1,-1,-1,-1
427,1,256.86,187.44,282.89,775.89,-1,-1,-1,-1
427,2,1548.64,60.82,372.03,1013.41,-1,-1,-1,-1
428,0,1085.27,208.41,252.12,652.65,-1,-1,-1,-1
428,1,238.36,183.90,296.59,779.93,-1,-1,-1,-1
428,2,1546.16,55.37,373.33,1016.58,-1,-1,-1,-1
429,0,1088.67,207.79,258.47,653.03,-1,-1,-1,-1
429,1,216.66,186.92,315.50,775.54,-1,-1,-1,-1
429,2,1540.28,48.42,377.91,1019.60,-1,-1,-1,-1
430,0,1098.58,193.27,252.17,688.14,-1,-1,-1,-1
430,1,196.70,184.75,311.39,775.60,-1,-1,-1,-1
430,2,1539.29,40.44,379.72,1030.60,-1,-1,-1,-1
431,0,1104.00,196.48,254.24,690.28,-1,-1,-1,-1
431,1,174.74,191.08,310.33,761.15,-1,-1,-1,-1
431,2,1534.83,35.24,383.94,1033.42,-1,-1,-1,-1
432,0,1108.81,202.97,256.78,689.57,-1,-1,-1,-1
432,1,154.86,187.94,309.19,762.16,-1,-1,-1,-1
432,2,1532.75,29.42,386.07,1037.63,-1,-1,-1,-1
433,0,1112.31,205.01,258.31,701.30,-1,-1,-1,-1
433,1,138.16,183.82,310.64,765.85,-1,-1,-1,-1
433,2,1525.45,30.81,394.63,1029.60,-1,-1,-1,-1
434,0,1116.08,199.32,262.57,722.73,-1,-1,-1,-1
434,1,118.88,187.98,321.60,760.43,-1,-1,-1,-1
434,2,1521.83,30.37,397.20,1031.78,-1,-1,-1,-1
435,0,1124.43,198.97,258.11,726.52,-1,-1,-1,-1
435,1,105.30,188.15,327.99,762.82,-1,-1,-1,-1
435,2,1511.72,32.16,408.44,1028.53,-1,-1,-1,-1
436,0,1130.94,199.83,258.37,725.68,-1,-1,-1,-1
436,1,101.78,194.39,327.04,755.34,-1,-1,-1,-1
436,2,1503.49,43.44,416.56,1014.10,-1,-1,-1,-1
437,0,1138.90,199.83,259.07,724.91,-1,-1,-1,-1
437,1,108.90,199.46,306.68,743.87,-1,-1,-1,-1
437,2,1486.33,73.19,429.01,976.82,-1,-1,-1,-1
438,0,1147.90,191.54,259.59,742.62,-1,-1,-1,-1
438,1,119.54,205.33,287.65,724.46,-1,-1,-1,-1
438,2,1457.90,44.82,445.58,1025.49,-1,-1,-1,-1
439,0,1156.79,181.45,267.19,770.25,-1,-1,-1,-1
439,1,132.48,205.60,268.76,715.30,-1,-1,-1,-1
439,2,1427.00,33.58,464.16,1032.48,-1,-1,-1,-1
440,0,1170.20,182.77,264.01,774.16,-1,-1,-1,-1
440,1,153.28,204.87,243.32,704.91,-1,-1,-1,-1
440,2,1404.06,12.25,469.82,1064.98,-1,-1,-1,-1
441,0,1188.29,181.93,251.61,784.65,-1,-1,-1,-1
441,1,164.31,205.16,236.95,690.65,-1,-1,-1,-1
441,2,1387.16,12.62,447.20,1060.46,-1,-1,-1,-1
442,0,1202.68,189.14,243.83,768.27,-1,-1,-1,-1
442,1,174.77,205.93,240.91,679.55,-1,-1,-1,-1
442,2,1324.00,7.82,468.41,1064.43,-1,-1,-1,-1
443,0,1214.01,180.43,252.73,775.82,-1,-1,-1,-1
443,1,182.49,205.13,249.92,669.70,-1,-1,-1,-1
443,2,1268.56,23.28,473.37,1036.07,-1,-1,-1,-1
444,0,1224.39,179.99,253.59,778.54,-1,-1,-1,-1
444,1,195.45,204.33,257.42,665.34,-1,-1,-1,-1
444,2,1245.27,9.25,438.57,1059.23,-1,-1,-1,-1
445,0,1234.77,179.56,254.45,781.26,-1,-1,-1,-1
445,1,205.78,216.19,271.53,640.02,-1,-1,-1,-1
445,2,1227.63,1.87,405.58,1070.25,-1,-1,-1,-1
446,0,1245.14,179.12,255.31,783.97,-1,-1,-1,-1
446,1,219.38,221.03,274.15,628.26,-1,-1,-1,-1
446,2,1197.29,-2.08,394.45,1077.27,-1,-1,-1,-1
447,0,1255.52,178.68,256.17,786.69,-1,-1,-1,-1
447,1,238.76,213.15,261.19,634.14,-1,-1,-1,-1
447,2,1167.69,-1.71,409.37,1074.14,-1,-1,-1,-1
448,1,256.74,206.99,242.51,641.16,-1,-1,-1,-1
448,2,1133.17,12.18,452.23,1054.58,-1,-1,-1,-1
449,1,276.83,218.42,223.01,605.38,-1,-1,-1,-1
449,2,1092.02,29.00,494.23,1029.43,-1,-1,-1,-1
450,1,297.75,220.34,194.66,586.79,-1,-1,-1,-1
450,2,1070.15,37.10,486.92,1014.13,-1,-1,-1,-1
451,0,1301.17,155.41,341.93,901.14,-1,-1,-1,-1
451,1,309.68,219.86,192.14,590.77,-1,-1,-1,-1
451,2,1010.75,10.49,416.21,1056.28,-1,-1,-1,-1
452,0,1304.98,162.20,358.86,900.97,-1,-1,-1,-1
452,1,320.55,219.28,197.63,594.16,-1,-1,-1,-1
452,2,948.75,2.00,405.54,1073.82,-1,-1,-1,-1
453,0,1312.74,168.62,359.11,897.88,-1,-1,-1,-1
453,1,329.76,223.20,227.73,587.89,-1,-1,-1,-1
453,2,881.80,0.76,416.67,1067.28,-1,-1,-1,-1
454,0,1319.25,165.69,357.46,906.21,-1,-1,-1,-1
454,1,338.74,226.92,251.38,584.50,-1,-1,-1,-1
454,2,826.46,9.25,413.53,1054.40,-1,-1,-1,-1
455,0,1327.18,146.68,350.16,937.61,-1,-1,-1,-1
455,1,360.48,223.70,239.59,589.65,-1,-1,-1,-1
455,2,774.35,16.63,422.85,1037.08,-1,-1,-1,-1
456,0,1341.36,136.15,335.87,953.16,-1,-1,-1,-1
456,1,379.85,235.70,233.02,566.62,-1,-1,-1,-1
456,2,727.68,13.29,424.52,1041.31,-1,-1,-1,-1
457,0,1353.08,130.66,322.05,956.30,-1,-1,-1,-1
457,1,396.66,243.53,219.32,549.58,-1,-1,-1,-1
457,2,691.68,5.07,424.60,1060.13,-1,-1,-1,-1
458,0,1367.99,131.61,296.38,953.67,-1,-1,-1,-1
458,1,430.75,238.22,180.86,553.41,-1,-1,-1,-1
458,2,662.99,5.89,404.30,1060.18,-1,-1,-1,-1
459,0,1367.82,134.89,290.85,936.39,-1,-1,-1,-1
459,1,454.96,229.89,167.20,569.06,-1,-1,-1,-1
459,2,630.29,12.67,388.00,1045.55,-1,-1,-1,-1
460,0,1369.31,130.97,280.89,936.87,-1,-1,-1,-1
460,1,473.25,227.08,160.63,568.03,-1,-1,-1,-1
460,2,589.90,7.81,384.50,1059.85,-1,-1,-1,-1
461,0,1371.40,131.58,273.91,931.20,-1,-1,-1,-1
461,1,493.92,230.11,138.16,555.66,-1,-1,-1,-1
461,2,535.59,15.97,397.71,1042.70,-1,-1,-1,-1
462,0,1371.15,133.48,267.65,931.75,-1,-1,-1,-1
462,1,508.32,230.57,137.01,551.10,-1,-1,-1,-1
462,2,484.68,19.74,406.64,1036.93,-1,-1,-1,-1
463,0,1359.99,136.23,277.71,927.11,-1,-1,-1,-1
463,1,522.71,231.04,135.86,546.54,-1,-1,-1,-1
463,2,450.62,18.09,406.12,1041.95,-1,-1,-1,-1
464,0,1328.80,141.52,308.78,917.68,-1,-1,-1,-1
464,1,537.11,231.51,134.70,541.98,-1,-1,-1,-1
464,2,419.53,20.22,403.01,1045.61,-1,-1,-1,-1
465,0,1294.73,137.02,341.61,932.63,-1,-1,-1,-1
465,1,551.50,231.98,133.55,537.42,-1,-1,-1,-1
465,2,381.60,20.25,414.10,1051.45,-1,-1,-1,-1
466,0,1260.98,150.67,366.86,907.36,-1,-1,-1,-1
466,2,343.80,24.68,424.40,1048.96,-1,-1,-1,-1
467,0,1241.42,147.84,370.22,920.35,-1,-1,-1,-1
467,2,308.73,35.34,439.97,1037.38,-1,-1,-1,-1
468,0,1231.60,142.62,361.60,933.53,-1,-1,-1,-1
468,1,639.18,195.97,147.94,591.19,-1,-1,-1,-1
468,2,265.79,51.07,476.99,1017.05,-1,-1,-1,-1
469,0,1227.30,139.17,344.46,938.83,-1,-1,-1,-1
469,1,649.70,208.67,172.46,583.17,-1,-1,-1,-1
469,2,229.34,60.91,485.66,1006.95,-1,-1,-1,-1
470,0,1225.61,128.01,329.41,954.86,-1,-1,-1,-1
470,1,660.25,221.39,203.34,565.33,-1,-1,-1,-1
470,2,196.82,63.97,466.46,1004.17,-1,-1,-1,-1
471,0,1224.01,127.28,314.99,955.81,-1,-1,-1,-1
471,1,675.29,228.87,209.90,552.99,-1,-1,-1,-1
471,2,163.98,63.81,457.63,1004.42,-1,-1,-1,-1
472,0,1216.68,138.53,305.14,925.15,-1,-1,-1,-1
472,1,679.87,235.50,226.38,541.85,-1,-1,-1,-1
472,2,128.53,68.46,466.40,998.77,-1,-1,-1,-1
473,0,1189.75,156.19,317.84,882.67,-1,-1,-1,-1
473,1,692.37,235.72,232.18,544.14,-1,-1,-1,-1
473,2,93.83,70.27,476.23,995.88,-1,-1,-1,-1
474,0,1161.30,167.01,328.02,860.77,-1,-1,-1,-1
474,1,707.63,236.81,225.43,547.55,-1,-1,-1,-1
474,2,60.15,64.77,486.62,1007.66,-1,-1,-1,-1
475,0,1143.05,171.60,332.48,848.37,-1,-1,-1,-1
475,1,741.73,230.25,184.98,554.33,-1,-1,-1,-1
475,2,28.03,72.42,500.84,995.42,-1,-1,-1,-1
476,0,1131.11,170.54,333.94,838.78,-1,-1,-1,-1
476,1,773.78,211.75,155.31,575.97,-1,-1,-1,-1
476,2,10.34,80.66,496.49,985.91,-1,-1,-1,-1
477,0,1125.99,167.98,315.42,835.07,-1,-1,-1,-1
477,1,794.68,205.71,148.77,585.51,-1,-1,-1,-1
477,2,0.23,83.32,488.12,986.46,-1,-1,-1,-1
478,0,1115.48,176.80,293.97,806.43,-1,-1,-1,-1
478,1,806.05,211.81,169.99,565.56,-1,-1,-1,-1
478,2,-7.86,93.93,481.19,977.37,-1,-1,-1,-1
479,0,1097.45,177.52,280.68,800.07,-1,-1,-1,-1
479,1,822.13,210.24,172.59,573.24,-1,-1,-1,-1
479,2,-12.58,103.58,475.70,971.34,-1,-1,-1,-1
480,0,1071.84,178.35,271.16,795.65,-1,-1,-1,-1
480,1,824.30,217.63,207.86,561.30,-1,-1,-1,-1
480,2,-14.59,105.91,463.60,969.74,-1,-1,-1,-1
481,0,1038.84,181.77,277.53,791.12,-1,-1,-1,-1
481,1,830.52,219.53,227.45,557.40,-1,-1,-1,-1
481,2,-14.31,112.20,453.14,959.84,-1,-1,-1,-1
482,0,1010.07,187.66,286.15,785.24,-1,-1,-1,-1
482,1,840.35,224.05,232.73,546.01,-1,-1,-1,-1
482,2,-8.76,122.49,437.49,943.19,-1,-1,-1,-1
483,0,990.91,196.77,283.91,768.55,-1,-1,-1,-1
483,1,871.39,215.47,200.18,558.59,-1,-1,-1,-1
483,2,-5.58,122.06,424.18,950.79,-1,-1,-1,-1
484,0,960.94,202.66,300.49,757.81,-1,-1,-1,-1
484,1,887.49,213.73,200.77,560.22,-1,-1,-1,-1
484,2,-9.13,122.16,425.16,952.34,-1,-1,-1,-1
485,0,945.60,209.70,298.41,739.55,-1,-1,-1,-1
485,1,903.60,211.99,201.36,561.85,-1,-1,-1,-1
485,2,-9.76,125.81,422.85,947.78,-1,-1,-1,-1
486,0,951.23,219.93,272.08,710.84,-1,-1,-1,-1
486,1,919.70,210.24,201.95,563.48,-1,-1,-1,-1
486,2,-8.85,126.19,418.70,948.14,-1,-1,-1,-1
487,0,956.15,229.97,249.85,676.87,-1,-1,-1,-1
487,1,935.80,208.50,202.54,565.10,-1,-1,-1,-1
487,2,-7.88,130.56,412.75,940.40,-1,-1,-1,-1
488,0,957.40,217.05,235.53,684.05,-1,-1,-1,-1
488,2,-3.94,141.30,405.64,926.37,-1,-1,-1,-1
489,0,959.29,214.94,223.73,673.02,-1,-1,-1,-1
489,2,-1.77,151.82,397.16,911.01,-1,-1,-1,-1
490,0,953.01,194.37,226.46,697.35,-1,-1,-1,-1
490,2,-1.62,164.98,397.38,898.62,-1,-1,-1,-1
491,0,936.73,186.62,249.94,701.88,-1,-1,-1,-1
491,2,0.68,168.27,391.48,897.99,-1,-1,-1,-1
492,0,937.37,201.26,258.38,664.59,-1,-1,-1,-1
492,2,-0.00,175.45,396.60,892.74,-1,-1,-1,-1
493,0,932.14,214.49,260.48,640.32,-1,-1,-1,-1
493,1,1072.94,223.29,142.50,544.61,-1,-1,-1,-1
493,2,2.49,179.82,395.18,888.50,-1,-1,-1,-1
494,0,926.12,215.11,256.21,635.14,-1,-1,-1,-1
494,1,1080.79,206.78,142.33,560.56,-1,-1,-1,-1
494,2,7.66,178.60,388.21,887.82,-1,-1,-1,-1
495,0,928.08,219.76,224.16,623.16,-1,-1,-1,-1
495,1,1085.41,203.91,157.52,565.30,-1,-1,-1,-1
495,2,13.83,176.55,375.59,877.38,-1,-1,-1,-1
496,0,921.80,228.10,194.78,594.34,-1,-1,-1,-1
496,1,1095.94,204.54,171.47,559.27,-1,-1,-1,-1
496,2,23.16,174.30,364.65,878.84,-1,-1,-1,-1
497,0,908.44,235.87,179.32,545.47,-1,-1,-1,-1
497,1,1122.12,201.26,168.04,569.55,-1,-1,-1,-1
497,2,38.83,170.31,351.60,888.12,-1,-1,-1,-1
498,0,900.64,214.02,175.04,610.38,-1,-1,-1,-1
498,1,1132.55,202.88,187.15,564.53,-1,-1,-1,-1
498,2,51.42,173.87,341.33,881.48,-1,-1,-1,-1
499,0,887.07,216.20,183.80,614.61,-1,-1,-1,-1
499,1,1134.31,206.52,213.81,553.98,-1,-1,-1,-1
499,2,62.04,175.06,334.08,882.80,-1,-1,-1,-1
500,0,880.85,225.10,187.62,605.74,-1,-1,-1,-1
500,1,1138.63,209.03,230.91,546.78,-1,-1,-1,-1
500,2,70.58,173.67,331.95,888.40,-1,-1,-1,-1
501,0,878.70,227.99,186.38,604.96,-1,-1,-1,-1
501,1,1149.33,213.59,236.37,541.28,-1,-1,-1,-1
501,2,86.07,173.25,320.41,889.38,-1,-1,-1,-1
502,0,870.05,232.97,185.59,600.57,-1,-1,-1,-1
502,1,1174.30,213.74,213.69,538.66,-1,-1,-1,-1
502,2,102.76,187.60,308.75,853.44,-1,-1,-1,-1
503,0,858.34,227.77,197.85,624.35,-1,-1,-1,-1
503,1,1197.79,220.04,189.54,525.55,-1,-1,-1,-1
503,2,115.63,198.49,302.21,819.39,-1,-1,-1,-1
504,0,846.28,224.90,217.92,643.63,-1,-1,-1,-1
504,1,1224.85,212.72,159.89,530.61,-1,-1,-1,-1
504,2,125.71,198.03,299.77,811.88,-1,-1,-1,-1
505,0,833.76,226.16,245.24,649.64,-1,-1,-1,-1
505,1,1240.76,203.37,156.71,542.60,-1,-1,-1,-1
505,2,135.75,199.05,298.39,790.78,-1,-1,-1,-1
506,0,826.04,231.30,264.65,623.94,-1,-1,-1,-1
506,1,1245.80,203.53,180.30,545.65,-1,-1,-1,-1
506,2,143.36,197.86,293.70,777.54,-1,-1,-1,-1
507,0,820.35,239.21,278.04,571.49,-1,-1,-1,-1
507,1,1250.65,203.86,199.91,548.85,-1,-1,-1,-1
507,2,149.15,199.25,292.64,761.86,-1,-1,-1,-1
508,0,817.00,228.11,282.45,606.37,-1,-1,-1,-1
508,1,1250.45,203.42,232.44,553.56,-1,-1,-1,-1
508,2,164.98,202.57,280.43,751.01,-1,-1,-1,-1
509,0,817.67,220.42,276.75,646.43,-1,-1,-1,-1
509,1,1254.72,209.67,245.74,546.58,-1,-1,-1,-1
509,2,173.03,202.33,281.76,751.94,-1,-1,-1,-1
510,0,811.76,214.44,280.41,675.07,-1,-1,-1,-1
510,1,1271.34,206.43,237.77,561.18,-1,-1,-1,-1
510,2,183.67,204.82,271.74,745.13,-1,-1,-1,-1
511,0,806.15,206.00,272.46,698.65,-1,-1,-1,-1
511,1,1287.80,202.80,227.68,573.20,-1,-1,-1,-1
511,2,193.94,206.33,269.01,739.01,-1,-1,-1,-1
512,0,802.32,203.80,261.01,707.02,-1,-1,-1,-1
512,1,1303.17,202.63,218.41,576.93,-1,-1,-1,-1
512,2,204.29,209.75,265.34,733.07,-1,-1,-1,-1
513,0,795.88,199.64,250.20,716.17,-1,-1,-1,-1
513,1,1316.08,202.54,212.95,577.21,-1,-1,-1,-1
513,2,212.07,213.74,266.07,724.56,-1,-1,-1,-1
514,0,781.02,197.60,250.61,738.88,-1,-1,-1,-1
514,1,1326.58,197.34,212.04,587.00,-1,-1,-1,-1
514,2,222.25,219.19,263.27,714.66,-1,-1,-1,-1
515,0,765.00,194.09,256.53,760.38,-1,-1,-1,-1
515,1,1333.15,194.08,216.89,595.12,-1,-1,-1,-1
515,2,229.87,221.68,259.62,699.71,-1,-1,-1,-1
516,0,750.03,192.95,259.59,774.76,-1,-1,-1,-1
516,1,1340.58,197.12,224.97,595.89,-1,-1,-1,-1
516,2,239.88,226.01,254.32,675.15,-1,-1,-1,-1
517,0,741.47,193.49,253.46,790.07,-1,-1,-1,-1
517,1,1345.09,195.81,246.82,604.31,-1,-1,-1,-1
517,2,253.42,222.64,242.21,666.61,-1,-1,-1,-1
518,0,724.00,190.59,264.09,807.98,-1,-1,-1,-1
518,1,1348.52,192.55,259.96,612.31,-1,-1,-1,-1
518,2,262.69,217.44,239.19,659.10,-1,-1,-1,-1
519,0,710.72,188.14,269.24,818.29,-1,-1,-1,-1
519,1,1356.62,192.07,259.19,618.11,-1,-1,-1,-1
519,2,268.30,219.44,236.65,650.66,-1,-1,-1,-1
520,0,694.60,191.33,273.64,814.44,-1,-1,-1,-1
520,1,1361.25,188.44,270.20,632.48,-1,-1,-1,-1
520,2,276.48,216.75,233.24,649.88,-1,-1,-1,-1
521,0,678.19,198.53,268.22,804.46,-1,-1,-1,-1
521,1,1368.92,183.51,284.20,642.78,-1,-1,-1,-1
521,2,284.16,213.31,238.29,650.83,-1,-1,-1,-1
522,0,648.70,195.08,282.16,812.48,-1,-1,-1,-1
522,1,1382.10,179.42,280.12,652.06,-1,-1,-1,-1
522,2,294.94,222.56,243.68,640.53,-1,-1,-1,-1
523,0,616.42,182.50,311.81,837.53,-1,-1,-1,-1
523,1,1395.32,182.07,270.94,644.73,-1,-1,-1,-1
523,2,309.99,224.50,246.13,639.30,-1,-1,-1,-1
524,0,594.05,173.16,323.41,869.39,-1,-1,-1,-1
524,1,1404.10,187.02,264.57,632.10,-1,-1,-1,-1
524,2,325.21,227.06,239.85,632.95,-1,-1,-1,-1
525,0,574.38,173.53,329.73,885.15,-1,-1,-1,-1
525,1,1408.74,177.17,255.84,655.17,-1,-1,-1,-1
525,2,342.05,230.34,228.42,624.97,-1,-1,-1,-1
526,0,557.85,178.95,332.83,880.90,-1,-1,-1,-1
526,1,1419.05,173.78,239.55,672.96,-1,-1,-1,-1
526,2,357.56,230.21,216.30,625.06,-1,-1,-1,-1
527,0,550.01,184.06,316.58,872.98,-1,-1,-1,-1
527,1,1420.38,155.83,233.17,711.84,-1,-1,-1,-1
527,2,371.83,226.79,209.72,623.49,-1,-1,-1,-1
528,0,538.11,181.68,304.65,881.11,-1,-1,-1,-1
528,1,1421.09,159.85,227.33,708.64,-1,-1,-1,-1
528,2,384.96,221.32,205.80,620.13,-1,-1,-1,-1
529,0,538.72,177.94,285.47,889.42,-1,-1,-1,-1
529,1,1414.65,164.70,227.32,708.85,-1,-1,-1,-1
529,2,396.96,222.53,198.31,608.92,-1,-1,-1,-1
530,0,480.13,175.64,330.11,895.30,-1,-1,-1,-1
530,1,1408.52,149.54,222.11,735.19,-1,-1,-1,-1
530,2,416.16,215.86,182.38,611.51,-1,-1,-1,-1
531,0,444.55,157.98,332.02,916.89,-1,-1,-1,-1
531,1,1396.70,157.03,227.28,725.26,-1,-1,-1,-1
531,2,426.91,213.64,181.62,609.03,-1,-1,-1,-1
532,0,435.72,156.31,318.55,909.80,-1,-1,-1,-1
532,1,1387.96,167.87,218.42,703.03,-1,-1,-1,-1
532,2,437.65,211.43,180.86,606.54,-1,-1,-1,-1
533,0,423.76,153.09,314.12,914.42,-1,-1,-1,-1
533,1,1380.19,171.58,208.27,693.26,-1,-1,-1,-1
533,2,448.40,209.21,180.10,604.06,-1,-1,-1,-1
534,0,430.72,153.62,294.57,914.48,-1,-1,-1,-1
534,1,1360.39,166.36,210.07,703.81,-1,-1,-1,-1
534,2,459.14,206.99,179.34,601.57,-1,-1,-1,-1
535,0,429.28,158.94,290.15,898.44,-1,-1,-1,-1
535,1,1329.76,163.19,228.95,716.70,-1,-1,-1,-1
536,0,426.57,162.18,291.12,898.22,-1,-1,-1,-1
536,1,1302.83,160.55,245.61,722.16,-1,-1,-1,-1
537,0,422.69,172.62,289.64,878.26,-1,-1,-1,-1
537,1,1268.26,163.78,274.26,725.06,-1,-1,-1,-1
538,0,420.26,171.97,288.11,876.23,-1,-1,-1,-1
538,1,1254.99,165.68,270.99,723.87,-1,-1,-1,-1
539,0,419.91,175.34,286.29,870.91,-1,-1,-1,-1
539,1,1246.24,167.58,275.44,730.27,-1,-1,-1,-1
540,0,418.19,173.15,287.68,876.17,-1,-1,-1,-1
540,1,1239.68,165.30,269.27,740.23,-1,-1,-1,-1
541,0,413.40,182.06,298.21,870.20,-1,-1,-1,-1
541,1,1231.28,161.97,250.50,737.10,-1,-1,-1,-1
542,0,406.52,189.74,310.56,862.94,-1,-1,-1,-1
542,1,1223.53,162.91,225.79,730.69,-1,-1,-1,-1
543,0,393.89,200.54,331.31,850.02,-1,-1,-1,-1
543,1,1208.94,163.14,206.11,736.72,-1,-1,-1,-1
543,2,592.70,251.68,151.47,519.65,-1,-1,-1,-1
544,0,390.33,212.97,335.06,831.29,-1,-1,-1,-1
544,1,1188.31,157.93,204.15,742.86,-1,-1,-1,-1
544,2,598.82,249.56,151.40,525.76,-1,-1,-1,-1
545,0,382.71,210.28,337.61,845.44,-1,-1,-1,-1
545,1,1146.36,152.41,235.53,747.52,-1,-1,-1,-1
545,2,592.00,239.94,176.09,546.97,-1,-1,-1,-1
546,0,363.17,209.14,347.23,847.24,-1,-1,-1,-1
546,1,1103.73,156.38,270.07,740.01,-1,-1,-1,-1
546,2,591.87,237.21,187.05,555.71,-1,-1,-1,-1
547,0,340.89,211.82,364.09,849.69,-1,-1,-1,-1
547,1,1079.72,161.61,274.39,732.88,-1,-1,-1,-1
547,2,593.42,236.88,192.35,561.15,-1,-1,-1,-1
548,0,323.14,206.76,378.65,859.20,-1,-1,-1,-1
548,1,1066.14,168.28,281.66,724.26,-1,-1,-1,-1
548,2,598.46,238.01,190.50,563.55,-1,-1,-1,-1
549,0,317.81,200.71,366.20,868.09,-1,-1,-1,-1
549,1,1062.29,162.11,263.69,731.31,-1,-1,-1,-1
549,2,603.47,236.15,190.03,569.69,-1,-1,-1,-1
550,0,314.76,190.71,368.51,884.07,-1,-1,-1,-1
550,1,1057.96,169.54,253.83,719.39,-1,-1,-1,-1
550,2,609.28,236.19,185.97,571.10,-1,-1,-1,-1
551,0,324.90,189.64,363.73,883.90,-1,-1,-1,-1
551,1,1053.53,159.48,220.23,731.30,-1,-1,-1,-1
551,2,614.55,234.48,183.75,577.47,-1,-1,-1,-1
552,0,341.14,194.20,358.32,871.49,-1,-1,-1,-1
552,1,1037.12,166.88,205.54,719.77,-1,-1,-1,-1
552,2,619.14,234.83,184.14,574.08,-1,-1,-1,-1
553,0,367.99,202.59,334.31,850.60,-1,-1,-1,-1
553,1,1010.25,170.88,207.07,724.74,-1,-1,-1,-1
553,2,620.91,234.90,195.21,570.12,-1,-1,-1,-1
554,0,390.61,209.19,318.28,835.07,-1,-1,-1,-1
554,1,963.19,171.31,237.86,727.41,-1,-1,-1,-1
554,2,624.42,231.73,204.54,574.24,-1,-1,-1,-1
555,0,400.08,206.19,321.91,828.40,-1,-1,-1,-1
555,1,908.39,177.14,286.92,720.22,-1,-1,-1,-1
555,2,631.80,228.56,211.98,585.66,-1,-1,-1,-1
556,0,406.58,203.04,323.84,828.98,-1,-1,-1,-1
556,1,883.94,174.80,297.23,724.58,-1,-1,-1,-1
556,2,636.94,227.73,211.32,592.30,-1,-1,-1,-1
557,0,411.88,209.81,332.92,813.51,-1,-1,-1,-1
557,1,871.71,168.49,299.42,739.51,-1,-1,-1,-1
557,2,649.92,231.60,202.64,588.86,-1,-1,-1,-1
558,0,438.09,210.27,311.12,806.08,-1,-1,-1,-1
558,1,859.66,174.50,292.54,735.69,-1,-1,-1,-1
558,2,658.74,234.88,196.78,588.82,-1,-1,-1,-1
559,0,482.28,201.89,268.22,805.55,-1,-1,-1,-1
559,1,866.71,174.86,243.97,739.11,-1,-1,-1,-1
559,2,665.29,234.06,194.49,596.08,-1,-1,-1,-1
560,0,510.27,195.79,283.01,812.74,-1,-1,-1,-1
560,1,862.23,174.36,200.74,737.27,-1,-1,-1,-1
560,2,669.87,232.20,192.92,605.02,-1,-1,-1,-1
561,0,533.71,192.84,294.33,810.51,-1,-1,-1,-1
561,1,845.41,174.81,192.31,735.82,-1,-1,-1,-1
561,2,676.39,229.43,188.27,601.34,-1,-1,-1,-1
562,0,555.57,196.85,299.55,796.47,-1,-1,-1,-1
562,1,821.64,176.85,197.34,735.57,-1,-1,-1,-1
562,2,681.92,229.24,188.80,603.07,-1,-1,-1,-1
563,0,577.88,197.18,292.79,792.72,-1,-1,-1,-1
563,1,796.02,184.66,206.34,721.80,-1,-1,-1,-1
563,2,687.45,229.06,189.33,604.80,-1,-1,-1,-1
564,0,597.18,186.67,283.67,804.13,-1,-1,-1,-1
564,1,769.54,180.81,225.85,731.54,-1,-1,-1,-1
564,2,692.98,228.87,189.85,606.53,-1,-1,-1,-1
565,0,615.13,182.30,284.43,806.34,-1,-1,-1,-1
565,1,686.95,170.09,313.61,774.99,-1,-1,-1,-1
565,2,698.51,228.68,190.38,608.26,-1,-1,-1,-1
566,0,633.08,177.93,285.19,808.55,-1,-1,-1,-1
566,1,636.56,166.05,359.30,806.15,-1,-1,-1,-1
567,0,651.03,173.57,285.96,810.75,-1,-1,-1,-1
567,1,614.49,162.12,360.16,840.56,-1,-1,-1,-1
568,0,668.98,169.20,286.72,812.96,-1,-1,-1,-1
568,1,615.91,175.30,317.44,843.90,-1,-1,-1,-1
569,1,627.41,180.37,269.67,842.77,-1,-1,-1,-1
570,1,630.19,174.56,251.05,870.27,-1,-1,-1,-1
571,1,608.13,177.48,275.84,864.03,-1,-1,-1,-1
572,1,576.65,181.27,322.21,849.93,-1,-1,-1,-1
573,1,533.80,181.13,383.55,841.81,-1,-1,-1,-1
574,1,503.94,176.64,433.68,850.99,-1,-1,-1,-1
575,0,626.08,192.49,363.81,811.69,-1,-1,-1,-1
575,1,511.52,199.23,326.22,761.30,-1,-1,-1,-1
576,0,625.17,195.00,360.96,807.81,-1,-1,-1,-1
576,1,497.43,209.43,289.25,711.87,-1,-1,-1,-1
577,0,638.35,188.10,353.71,821.59,-1,-1,-1,-1
577,1,482.61,193.71,264.38,718.43,-1,-1,-1,-1
578,0,653.20,214.18,281.23,739.58,-1,-1,-1,-1
578,1,472.60,183.39,224.64,720.42,-1,-1,-1,-1
578,2,768.89,200.33,256.33,766.16,-1,-1,-1,-1
579,0,655.61,225.23,228.15,683.57,-1,-1,-1,-1
579,1,451.07,172.95,205.88,728.20,-1,-1,-1,-1
579,2,780.26,208.10,257.30,755.24,-1,-1,-1,-1
580,0,644.95,219.22,230.49,682.18,-1,-1,-1,-1
580,1,432.68,165.88,193.86,742.01,-1,-1,-1,-1
580,2,808.47,220.52,235.98,741.63,-1,-1,-1,-1
581,0,638.72,212.55,228.28,687.46,-1,-1,-1,-1
581,1,396.29,161.56,218.61,749.44,-1,-1,-1,-1
581,2,825.02,220.19,242.67,740.87,-1,-1,-1,-1
582,0,630.77,206.08,232.66,705.58,-1,-1,-1,-1
582,1,358.72,166.68,247.13,745.81,-1,-1,-1,-1
582,2,836.71,213.56,261.74,751.11,-1,-1,-1,-1
583,0,627.25,200.17,232.40,716.59,-1,-1,-1,-1
583,1,309.55,163.50,298.16,764.87,-1,-1,-1,-1
583,2,852.90,207.77,260.59,748.65,-1,-1,-1,-1
584,0,620.68,193.57,236.99,735.81,-1,-1,-1,-1
584,1,282.58,163.04,319.68,784.04,-1,-1,-1,-1
584,2,872.29,213.15,245.34,726.78,-1,-1,-1,-1
585,0,617.50,189.00,238.03,746.79,-1,-1,-1,-1
585,1,272.01,165.13,313.64,795.91,-1,-1,-1,-1
585,2,888.89,215.85,235.28,708.24,-1,-1,-1,-1
586,0,615.72,182.90,239.67,760.14,-1,-1,-1,-1
586,1,264.08,170.16,295.88,794.65,-1,-1,-1,-1
586,2,903.88,219.59,232.76,689.73,-1,-1,-1,-1
587,0,612.69,183.59,245.16,758.82,-1,-1,-1,-1
587,1,253.83,175.79,285.75,791.50,-1,-1,-1,-1
587,2,913.73,226.42,233.61,672.78,-1,-1,-1,-1
588,0,610.41,182.23,250.53,770.73,-1,-1,-1,-1
588,1,234.83,176.34,277.87,796.10,-1,-1,-1,-1
588,2,920.54,229.89,243.39,660.77,-1,-1,-1,-1
589,0,608.76,182.35,254.84,785.84,-1,-1,-1,-1
589,1,214.16,174.55,279.73,809.69,-1,-1,-1,-1
589,2,926.62,224.96,249.98,660.09,-1,-1,-1,-1
590,0,606.90,183.28,257.45,798.20,-1,-1,-1,-1
590,1,186.82,174.81,299.30,819.39,-1,-1,-1,-1
590,2,934.63,219.37,252.24,660.16,-1,-1,-1,-1
591,0,601.71,185.73,265.60,809.86,-1,-1,-1,-1
591,1,159.00,174.46,322.20,831.19,-1,-1,-1,-1
591,2,939.83,212.98,254.55,666.53,-1,-1,-1,-1
592,0,595.72,183.72,274.92,832.99,-1,-1,-1,-1
592,1,140.21,165.89,328.62,857.21,-1,-1,-1,-1
592,2,944.71,210.44,254.18,669.76,-1,-1,-1,-1
593,0,587.92,187.56,284.54,837.67,-1,-1,-1,-1
593,1,118.43,161.58,341.11,880.50,-1,-1,-1,-1
593,2,953.26,216.17,250.69,658.13,-1,-1,-1,-1
594,0,576.00,183.07,299.21,855.43,-1,-1,-1,-1
594,1,102.99,158.89,348.31,890.34,-1,-1,-1,-1
594,2,961.65,222.43,247.82,640.81,-1,-1,-1,-1
595,0,564.14,176.78,310.50,857.51,-1,-1,-1,-1
595,1,90.73,153.30,355.97,897.93,-1,-1,-1,-1
595,2,978.49,223.48,233.75,624.22,-1,-1,-1,-1
596,0,554.90,174.55,319.84,865.00,-1,-1,-1,-1
596,1,83.97,152.78,358.27,897.40,-1,-1,-1,-1
596,2,989.52,229.79,226.04,606.50,-1,-1,-1,-1
597,0,543.94,174.08,330.66,868.13,-1,-1,-1,-1
597,1,77.39,152.27,365.13,896.49,-1,-1,-1,-1
597,2,1004.23,227.22,214.22,601.91,-1,-1,-1,-1
598,0,536.80,170.59,335.20,877.78,-1,-1,-1,-1
598,1,77.28,145.45,366.20,910.23,-1,-1,-1,-1
598,2,1022.36,220.46,200.27,609.47,-1,-1,-1,-1
599,0,530.62,164.15,339.39,895.66,-1,-1,-1,-1
599,1,76.16,130.29,368.30,936.41,-1,-1,-1,-1
599,2,1037.81,217.51,197.39,608.99,-1,-1,-1,-1
600,0,527.96,164.89,340.62,894.09,-1,-1,-1,-1
600,1,72.47,122.45,376.37,950.61,-1,-1,-1,-1
600,2,1046.63,217.58,213.97,604.54,-1,-1,-1,-1
601,0,527.32,164.22,338.52,895.40,-1,-1,-1,-1
601,1,68.70,122.14,385.25,950.73,-1,-1,-1,-1
601,2,1061.13,224.03,212.35,589.62,-1,-1,-1,-1
602,0,528.18,165.13,338.84,901.16,-1,-1,-1,-1
602,1,67.19,123.20,388.83,948.70,-1,-1,-1,-1
602,2,1069.97,222.66,218.27,590.57,-1,-1,-1,-1
603,0,533.21,159.40,337.08,908.79,-1,-1,-1,-1
603,1,64.74,122.60,390.65,945.06,-1,-1,-1,-1
603,2,1071.66,233.69,230.74,574.35,-1,-1,-1,-1
604,0,540.58,149.68,333.79,923.21,-1,-1,-1,-1
604,1,67.16,122.81,388.13,942.66,-1,-1,-1,-1
604,2,1090.21,224.42,212.40,588.37,-1,-1,-1,-1
605,0,547.01,143.82,333.76,931.54,-1,-1,-1,-1
605,1,69.94,114.86,386.72,953.22,-1,-1,-1,-1
605,2,1105.20,216.67,199.65,592.52,-1,-1,-1,-1
606,0,551.75,138.01,343.38,937.13,-1,-1,-1,-1
606,1,73.69,112.39,388.97,954.38,-1,-1,-1,-1
606,2,1126.16,214.99,177.33,593.49,-1,-1,-1,-1
607,0,557.86,137.11,354.40,936.18,-1,-1,-1,-1
607,1,79.30,109.10,395.37,950.22,-1,-1,-1,-1
607,2,1143.45,215.14,162.25,594.95,-1,-1,-1,-1
608,0,563.33,133.09,363.86,944.58,-1,-1,-1,-1
608,1,91.88,94.30,397.69,974.59,-1,-1,-1,-1
608,2,1153.40,218.28,160.21,584.66,-1,-1,-1,-1
609,0,568.73,122.59,378.07,957.76,-1,-1,-1,-1
609,1,109.23,89.60,400.04,977.19,-1,-1,-1,-1
609,2,1157.97,220.50,171.61,576.94,-1,-1,-1,-1
610,0,577.87,114.83,382.89,966.49,-1,-1,-1,-1
610,1,141.99,80.06,375.22,993.04,-1,-1,-1,-1
610,2,1166.90,221.02,176.05,577.19,-1,-1,-1,-1
611,0,590.31,111.30,380.45,966.78,-1,-1,-1,-1
611,1,176.34,75.38,345.00,998.23,-1,-1,-1,-1
611,2,1172.08,224.57,190.94,572.10,-1,-1,-1,-1
612,0,604.40,128.16,378.51,931.26,-1,-1,-1,-1
612,1,214.05,79.43,316.51,985.56,-1,-1,-1,-1
612,2,1179.41,224.25,197.20,573.03,-1,-1,-1,-1
613,0,629.98,118.95,368.40,940.45,-1,-1,-1,-1
613,1,245.25,80.29,299.72,984.63,-1,-1,-1,-1
613,2,1185.46,225.70,197.23,569.37,-1,-1,-1,-1
614,0,654.57,104.20,353.56,961.98,-1,-1,-1,-1
614,1,279.65,78.11,284.32,982.61,-1,-1,-1,-1
614,2,1189.09,228.17,200.03,563.92,-1,-1,-1,-1
615,0,672.68,87.70,348.49,984.13,-1,-1,-1,-1
615,1,296.29,75.87,296.99,984.87,-1,-1,-1,-1
615,2,1192.21,229.03,201.66,563.65,-1,-1,-1,-1
616,0,694.61,80.86,341.89,984.20,-1,-1,-1,-1
616,1,318.46,83.11,310.71,977.37,-1,-1,-1,-1
616,2,1194.26,228.70,202.56,563.18,-1,-1,-1,-1
617,0,727.40,75.45,325.38,989.22,-1,-1,-1,-1
617,1,347.88,85.27,324.78,974.70,-1,-1,-1,-1
617,2,1195.65,228.67,204.96,563.14,-1,-1,-1,-1
618,0,767.24,67.46,310.37,990.79,-1,-1,-1,-1
618,1,381.11,86.57,335.67,970.01,-1,-1,-1,-1
618,2,1201.62,231.01,201.33,564.51,-1,-1,-1,-1
619,0,798.31,59.90,311.64,1005.81,-1,-1,-1,-1
619,1,398.05,86.84,379.77,970.62,-1,-1,-1,-1
619,2,1202.56,240.22,205.11,547.38,-1,-1,-1,-1
620,0,823.27,59.70,342.68,1008.84,-1,-1,-1,-1
620,1,430.40,89.37,400.66,961.51,-1,-1,-1,-1
620,2,1213.76,242.43,199.09,542.72,-1,-1,-1,-1
621,0,837.40,132.28,413.10,918.59,-1,-1,-1,-1
621,1,475.13,84.83,366.53,976.40,-1,-1,-1,-1
621,2,1231.51,242.06,184.61,538.82,-1,-1,-1,-1
622,0,868.97,80.18,436.10,995.12,-1,-1,-1,-1
622,1,510.36,91.10,339.36,963.82,-1,-1,-1,-1
622,2,1240.41,244.79,178.29,525.50,-1,-1,-1,-1
623,0,900.63,60.10,445.91,1023.94,-1,-1,-1,-1
623,1,541.91,76.28,316.77,979.66,-1,-1,-1,-1
623,2,1248.36,246.64,171.83,511.49,-1,-1,-1,-1
624,0,942.27,68.33,435.25,1013.86,-1,-1,-1,-1
624,1,570.29,74.52,305.03,982.74,-1,-1,-1,-1
624,2,1254.31,249.49,176.92,502.18,-1,-1,-1,-1
625,0,993.52,53.46,388.91,1030.02,-1,-1,-1,-1
625,1,597.99,72.81,307.70,989.54,-1,-1,-1,-1
625,2,1264.88,240.40,174.69,530.64,-1,-1,-1,-1
626,0,1033.45,55.56,385.22,1014.72,-1,-1,-1,-1
626,1,622.18,77.52,321.26,988.69,-1,-1,-1,-1
626,2,1274.49,240.44,171.66,491.93,-1,-1,-1,-1
627,0,1080.16,59.20,361.15,1002.53,-1,-1,-1,-1
627,1,651.26,88.51,328.87,974.49,-1,-1,-1,-1
627,2,1284.17,243.24,166.95,478.43,-1,-1,-1,-1
628,0,1113.39,51.06,351.98,1015.19,-1,-1,-1,-1
628,1,682.30,142.34,323.49,909.03,-1,-1,-1,-1
628,2,1293.85,246.03,162.24,464.93,-1,-1,-1,-1
629,0,1138.66,36.70,356.57,1033.32,-1,-1,-1,-1
629,1,710.23,154.23,321.62,900.22,-1,-1,-1,-1
629,2,1303.53,248.83,157.52,451.44,-1,-1,-1,-1
630,0,1161.89,44.89,369.00,1015.39,-1,-1,-1,-1
630,1,739.18,186.43,314.94,862.39,-1,-1,-1,-1
630,2,1313.21,251.63,152.81,437.94,-1,-1,-1,-1
631,0,1189.69,39.81,377.32,1025.05,-1,-1,-1,-1
631,1,774.36,166.86,301.99,884.16,-1,-1,-1,-1
632,0,1221.35,35.58,372.36,1036.78,-1,-1,-1,-1
632,1,817.35,107.69,272.42,970.84,-1,-1,-1,-1
633,0,1240.31,53.03,385.30,1010.95,-1,-1,-1,-1
633,1,845.23,89.46,274.83,992.24,-1,-1,-1,-1
634,0,1262.08,62.01,399.94,997.99,-1,-1,-1,-1
634,1,861.71,79.45,301.67,997.41,-1,-1,-1,-1
635,0,1281.10,66.74,421.50,993.53,-1,-1,-1,-1
635,1,899.58,60.42,300.89,1019.53,-1,-1,-1,-1
636,0,1305.83,63.05,445.60,1005.51,-1,-1,-1,-1
636,1,933.22,57.57,304.35,1017.95,-1,-1,-1,-1
636,2,1288.26,236.87,139.26,523.49,-1,-1,-1,-1
637,0,1321.62,98.15,468.79,962.44,-1,-1,-1,-1
637,1,961.28,59.76,303.90,1005.24,-1,-1,-1,-1
637,2,1285.63,244.15,144.94,519.79,-1,-1,-1,-1
638,0,1356.33,83.15,467.59,989.25,-1,-1,-1,-1
638,1,983.05,51.55,307.33,1014.50,-1,-1,-1,-1
638,2,1282.86,234.71,160.25,548.17,-1,-1,-1,-1
639,0,1387.83,66.04,485.42,1012.85,-1,-1,-1,-1
639,1,996.51,73.46,325.49,979.64,-1,-1,-1,-1
639,2,1280.28,232.81,184.22,553.40,-1,-1,-1,-1
640,0,1422.83,48.44,484.34,1034.74,-1,-1,-1,-1
640,1,1025.72,64.40,309.48,1001.71,-1,-1,-1,-1
640,2,1284.01,218.65,194.47,584.95,-1,-1,-1,-1
641,0,1447.15,52.58,477.04,1024.31,-1,-1,-1,-1
641,1,1053.07,59.54,302.42,1013.97,-1,-1,-1,-1
641,2,1290.55,208.01,194.14,611.13,-1,-1,-1,-1
642,0,1466.94,61.27,469.47,1010.69,-1,-1,-1,-1
642,1,1082.16,72.51,314.95,992.33,-1,-1,-1,-1
642,2,1295.44,210.69,196.37,593.29,-1,-1,-1,-1
643,0,1484.71,76.98,458.94,987.95,-1,-1,-1,-1
643,1,1119.61,77.03,330.76,969.22,-1,-1,-1,-1
643,2,1298.92,208.72,197.95,598.09,-1,-1,-1,-1
644,0,1499.77,90.92,445.07,970.40,-1,-1,-1,-1
644,1,1155.41,81.44,330.69,970.76,-1,-1,-1,-1
644,2,1302.39,206.76,199.53,602.89,-1,-1,-1,-1
645,0,1515.97,102.54,427.06,958.44,-1,-1,-1,-1
645,1,1181.30,65.37,335.57,999.88,-1,-1,-1,-1
645,2,1305.87,204.79,201.10,607.69,-1,-1,-1,-1
646,0,1530.15,100.27,410.96,963.34,-1,-1,-1,-1
646,1,1210.17,62.85,331.73,989.96,-1,-1,-1,-1
646,2,1309.35,202.83,202.68,612.49,-1,-1,-1,-1
647,0,1539.60,97.55,398.61,972.47,-1,-1,-1,-1
647,1,1234.37,73.52,338.09,964.36,-1,-1,-1,-1
648,0,1546.22,88.78,391.77,986.66,-1,-1,-1,-1
648,1,1248.53,74.48,353.70,967.42,-1,-1,-1,-1
649,0,1560.88,96.23,372.28,970.43,-1,-1,-1,-1
649,1,1243.67,87.92,377.69,955.99,-1,-1,-1,-1
649,2,1234.92,235.69,156.70,577.04,-1,-1,-1,-1
650,0,1572.01,101.60,359.69,964.32,-1,-1,-1,-1
650,1,1255.59,80.55,386.36,964.44,-1,-1,-1,-1
650,2,1203.65,223.59,175.00,596.11,-1,-1,-1,-1
651,0,1577.47,102.10,353.79,961.83,-1,-1,-1,-1
651,1,1298.07,70.75,359.56,981.86,-1,-1,-1,-1
651,2,1185.36,219.46,181.50,610.24,-1,-1,-1,-1
652,0,1597.69,113.90,329.47,938.84,-1,-1,-1,-1
652,1,1329.93,55.48,355.66,1015.02,-1,-1,-1,-1
652,2,1161.11,217.07,200.62,615.70,-1,-1,-1,-1
653,0,1617.98,120.72,304.39,923.06,-1,-1,-1,-1
653,1,1356.23,53.76,370.72,1022.06,-1,-1,-1,-1
653,2,1112.84,220.51,254.98,614.41,-1,-1,-1,-1
654,0,1641.40,122.25,277.41,917.70,-1,-1,-1,-1
654,1,1387.48,79.81,360.11,988.92,-1,-1,-1,-1
654,2,1083.22,222.15,277.46,612.67,-1,-1,-1,-1
655,0,1665.11,129.15,248.99,908.08,-1,-1,-1,-1
655,1,1409.00,76.99,371.82,997.10,-1,-1,-1,-1
655,2,1064.72,224.17,279.85,611.55,-1,-1,-1,-1
656,0,1672.37,143.81,242.54,879.10,-1,-1,-1,-1
656,1,1424.60,80.27,401.17,991.15,-1,-1,-1,-1
656,2,1059.46,235.00,244.24,597.79,-1,-1,-1,-1
657,0,1682.82,153.48,237.37,860.57,-1,-1,-1,-1
657,1,1438.74,90.41,435.61,980.05,-1,-1,-1,-1
657,2,1050.56,232.20,207.21,599.11,-1,-1,-1,-1
658,0,1693.27,163.15,232.20,842.05,-1,-1,-1,-1
658,1,1457.67,82.58,450.57,988.85,-1,-1,-1,-1
658,2,1029.44,224.18,185.19,618.15,-1,-1,-1,-1
659,0,1703.72,172.82,227.04,823.53,-1,-1,-1,-1
659,1,1482.62,71.14,440.15,1008.00,-1,-1,-1,-1
659,2,1004.77,236.14,189.81,599.51,-1,-1,-1,-1
660,0,1714.16,182.48,221.87,805.01,-1,-1,-1,-1
660,1,1514.50,74.27,419.44,1001.46,-1,-1,-1,-1
660,2,969.54,237.06,212.21,599.34,-1,-1,-1,-1
661,1,1546.73,71.19,387.02,1001.08,-1,-1,-1,-1
661,2,930.40,234.71,245.36,603.40,-1,-1,-1,-1
662,1,1563.33,62.24,372.66,993.62,-1,-1,-1,-1
662,2,895.86,235.22,274.85,602.62,-1,-1,-1,-1
663,1,1576.95,68.78,356.98,977.50,-1,-1,-1,-1
663,2,879.36,237.07,279.14,599.01,-1,-1,-1,-1
664,1,1583.14,70.78,352.11,971.20,-1,-1,-1,-1
664,2,872.98,231.72,262.52,612.81,-1,-1,-1,-1
665,1,1578.03,86.64,360.64,961.67,-1,-1,-1,-1
665,2,871.46,228.57,238.30,614.46,-1,-1,-1,-1
666,0,1572.43,172.74,165.57,560.24,-1,-1,-1,-1
666,1,1580.37,93.78,356.40,948.28,-1,-1,-1,-1
666,2,869.98,226.75,197.35,613.49,-1,-1,-1,-1