23,1,0.00,374.53,77.54,504.29,1,-1,-1,-1
24,1,-1.76,335.32,92.27,526.81,1,-1,-1,-1
25,1,-0.16,324.95,98.19,539.92,1,-1,-1,-1
26,1,3.98,315.42,104.32,553.78,1,-1,-1,-1
27,1,10.49,310.93,105.65,568.21,1,-1,-1,-1
28,1,12.65,307.74,106.77,582.35,1,-1,-1,-1
29,1,17.14,306.04,113.30,601.63,1,-1,-1,-1
30,1,21.55,310.37,121.96,603.12,1,-1,-1,-1
31,1,26.02,300.70,124.09,618.19,1,-1,-1,-1
32,1,25.08,307.13,137.19,606.26,1,-1,-1,-1
33,1,18.13,308.05,161.83,615.31,1,-1,-1,-1
34,1,19.75,315.04,189.90,606.51,1,-1,-1,-1
35,1,23.89,271.99,191.29,602.95,1,-1,-1,-1
36,1,36.30,270.41,188.45,597.93,1,-1,-1,-1
37,1,39.66,272.09,187.82,595.11,1,-1,-1,-1
38,1,20.00,266.00,281.00,592.00,1,-1,-1,-1
39,1,23.51,260.16,272.02,603.63,1,-1,-1,-1
40,1,23.67,250.71,278.09,618.17,1,-1,-1,-1
41,1,24.67,256.45,286.74,616.99,1,-1,-1,-1
42,1,34.52,255.41,275.90,629.39,1,-1,-1,-1
43,1,32.99,247.07,281.32,645.04,1,-1,-1,-1
44,1,38.25,253.45,280.28,645.35,1,-1,-1,-1
45,1,37.13,253.58,283.48,652.46,1,-1,-1,-1
46,1,36.57,247.75,280.86,670.95,1,-1,-1,-1
47,1,32.80,246.79,292.14,675.76,1,-1,-1,-1
48,1,29.58,242.26,294.75,680.46,1,-1,-1,-1
49,1,25.66,238.29,303.21,687.97,1,-1,-1,-1
50,1,24.02,236.92,308.11,691.48,1,-1,-1,-1
51,1,25.73,232.71,321.05,704.01,1,-1,-1,-1
52,1,27.30,234.48,331.98,715.93,1,-1,-1,-1
53,1,32.59,232.35,337.57,726.83,1,-1,-1,-1
54,1,41.49,230.49,336.34,738.76,1,-1,-1,-1
55,1,44.02,224.60,340.17,749.19,1,-1,-1,-1
56,1,50.50,221.71,335.61,750.85,1,-1,-1,-1
57,1,56.66,222.12,332.31,755.39,1,-1,-1,-1
58,1,59.07,222.22,335.56,763.54,1,-1,-1,-1
59,1,64.10,216.81,334.92,781.72,1,-1,-1,-1
60,1,64.44,211.72,336.15,796.12,1,-1,-1,-1
61,1,59.46,209.27,352.28,830.95,1,-1,-1,-1
62,1,56.49,208.87,363.55,840.36,1,-1,-1,-1
63,1,51.88,205.90,365.59,839.18,1,-1,-1,-1
64,1,48.76,209.51,371.27,846.52,1,-1,-1,-1
65,1,45.03,205.03,375.39,850.57,1,-1,-1,-1
66,1,44.83,203.01,383.04,849.95,1,-1,-1,-1
67,1,44.39,193.09,393.16,874.00,1,-1,-1,-1
68,1,44.73,188.76,407.25,884.19,1,-1,-1,-1
69,1,48.59,184.80,403.73,895.08,1,-1,-1,-1
70,1,43.12,177.50,415.44,903.29,1,-1,-1,-1
71,1,68.39,185.36,399.06,903.20,1,-1,-1,-1
72,1,84.87,190.83,390.55,899.56,1,-1,-1,-1
73,1,103.89,188.96,391.99,901.93,1,-1,-1,-1
74,1,131.13,186.10,385.27,899.44,1,-1,-1,-1
75,1,151.30,182.03,386.83,909.78,1,-1,-1,-1
76,1,158.37,171.68,385.92,919.64,1,-1,-1,-1
77,1,177.44,168.68,380.38,918.02,1,-1,-1,-1
78,1,195.28,167.34,425.61,916.76,1,-1,-1,-1
79,1,206.78,168.19,443.87,909.66,1,-1,-1,-1
80,1,226.65,159.78,452.90,929.14,1,-1,-1,-1
81,1,243.03,164.38,429.18,924.59,1,-1,-1,-1
82,1,244.81,179.25,428.81,908.56,1,-1,-1,-1
83,1,263.71,173.38,421.08,910.98,1,-1,-1,-1
84,1,298.93,152.28,404.05,935.53,1,-1,-1,-1
85,1,332.73,143.66,399.76,937.83,1,-1,-1,-1
86,1,357.63,135.88,405.88,938.60,1,-1,-1,-1
87,1,376.74,137.17,404.47,935.47,1,-1,-1,-1
88,1,391.93,151.40,398.89,922.35,1,-1,-1,-1
89,1,423.55,147.84,390.54,929.95,1,-1,-1,-1
90,1,463.57,154.64,407.88,933.48,1,-1,-1,-1
91,1,515.87,149.52,397.27,933.61,1,-1,-1,-1
92,1,540.62,150.40,392.76,937.01,1,-1,-1,-1
93,1,597.35,169.28,379.62,910.97,1,-1,-1,-1
94,1,638.32,144.12,364.33,939.10,1,-1,-1,-1
95,1,686.18,216.58,362.03,850.28,1,-1,-1,-1
96,1,725.00,164.21,384.41,896.56,1,-1,-1,-1
97,1,749.98,141.16,389.30,931.22,1,-1,-1,-1
98,1,779.74,138.42,404.95,936.88,1,-1,-1,-1
99,1,819.31,326.00,422.44,735.39,1,-1,-1,-1
100,1,874.60,382.27,378.43,707.45,1,-1,-1,-1
101,1,913.00,106.00,363.00,957.00,1,-1,-1,-1
102,1,953.70,94.37,350.00,967.89,1,-1,-1,-1
103,2,0.66,356.47,121.26,453.45,1,-1,-1,-1
103,1,1004.84,82.42,342.01,977.19,1,-1,-1,-1
104,2,5.37,327.75,122.44,492.05,1,-1,-1,-1
104,1,1044.34,81.91,357.71,973.28,1,-1,-1,-1
105,2,8.95,295.11,128.63,537.06,1,-1,-1,-1
105,1,1074.07,76.89,372.52,994.82,1,-1,-1,-1
106,2,10.93,275.89,146.01,566.62,1,-1,-1,-1
106,1,1100.18,77.86,413.82,977.90,1,-1,-1,-1
107,2,14.04,274.86,160.98,571.79,1,-1,-1,-1
107,1,1102.68,83.86,450.08,978.70,1,-1,-1,-1
108,2,19.60,271.68,188.81,577.23,1,-1,-1,-1
108,1,1128.93,97.17,457.64,958.74,1,-1,-1,-1
109,2,27.18,268.54,193.70,581.89,1,-1,-1,-1
109,1,1171.90,105.25,469.65,960.68,1,-1,-1,-1
110,2,31.13,272.82,201.71,588.39,1,-1,-1,-1
110,1,1225.98,108.26,455.17,963.83,1,-1,-1,-1
111,2,34.49,250.88,210.33,602.23,1,-1,-1,-1
111,1,1260.83,118.67,436.98,952.19,1,-1,-1,-1
112,2,24.84,235.39,212.97,612.35,1,-1,-1,-1
112,1,1285.44,106.39,413.88,965.85,1,-1,-1,-1
113,2,11.73,214.33,213.07,609.26,1,-1,-1,-1
113,1,1309.71,106.20,399.58,954.20,1,-1,-1,-1
114,2,26.07,212.68,220.65,615.00,1,-1,-1,-1
114,1,1337.18,101.59,403.54,962.13,1,-1,-1,-1
115,2,23.80,213.60,232.73,613.55,1,-1,-1,-1
115,1,1362.83,99.82,398.95,965.52,1,-1,-1,-1
116,2,35.56,216.65,236.41,615.51,1,-1,-1,-1
116,1,1384.06,94.28,394.80,975.29,1,-1,-1,-1
117,2,56.73,212.19,237.12,629.76,1,-1,-1,-1
117,1,1396.35,104.87,394.95,960.73,1,-1,-1,-1
118,2,63.49,204.99,234.58,640.45,1,-1,-1,-1
118,1,1422.92,116.23,393.52,951.11,1,-1,-1,-1
119,2,68.21,177.59,228.51,644.27,1,-1,-1,-1
119,1,1441.14,104.05,386.96,956.34,1,-1,-1,-1
120,2,68.00,207.00,292.00,661.00,1,-1,-1,-1
120,1,1444.57,95.20,386.49,965.04,1,-1,-1,-1
121,2,79.18,210.43,287.27,661.98,1,-1,-1,-1
121,1,1440.60,97.50,386.53,972.24,1,-1,-1,-1
122,2,81.22,205.73,285.53,673.76,1,-1,-1,-1
122,1,1435.78,96.08,388.80,965.60,1,-1,-1,-1
123,2,88.34,203.53,288.52,687.16,1,-1,-1,-1
123,1,1421.34,106.72,386.94,956.15,1,-1,-1,-1
124,2,93.00,201.80,292.51,695.56,1,-1,-1,-1
124,1,1403.42,116.40,388.91,944.96,1,-1,-1,-1
125,2,93.45,200.40,296.93,709.68,1,-1,-1,-1
125,1,1393.52,117.23,394.79,948.38,1,-1,-1,-1
126,2,94.96,197.56,299.71,726.73,1,-1,-1,-1
126,1,1380.06,126.76,378.58,941.55,1,-1,-1,-1
127,2,95.20,191.66,307.85,737.67,1,-1,-1,-1
127,1,1376.82,125.92,361.01,936.89,1,-1,-1,-1
128,2,95.00,189.86,310.67,744.07,1,-1,-1,-1
128,1,1366.67,120.72,360.54,936.96,1,-1,-1,-1
129,2,95.81,186.29,315.72,751.59,1,-1,-1,-1
129,1,1354.13,125.35,359.69,934.02,1,-1,-1,-1
130,2,92.77,185.55,321.60,754.45,1,-1,-1,-1
130,1,1336.27,117.87,348.73,929.61,1,-1,-1,-1
131,2,92.56,180.72,327.37,765.25,1,-1,-1,-1
131,1,1330.56,117.31,331.12,928.79,1,-1,-1,-1
132,2,96.18,182.55,336.55,780.44,1,-1,-1,-1
132,1,1314.58,118.76,330.83,926.76,1,-1,-1,-1
133,2,100.55,179.40,344.42,795.81,1,-1,-1,-1
133,1,1307.43,123.85,324.93,915.69,1,-1,-1,-1
134,2,105.20,179.55,348.75,807.68,1,-1,-1,-1
134,1,1299.44,129.05,320.85,913.68,1,-1,-1,-1
135,2,104.64,175.94,352.78,818.08,1,-1,-1,-1
135,1,1294.44,128.49,318.89,915.33,1,-1,-1,-1
136,2,115.96,170.92,349.05,825.84,1,-1,-1,-1
136,1,1288.71,134.26,314.43,907.83,1,-1,-1,-1
137,2,132.77,167.90,338.34,830.04,1,-1,-1,-1
137,1,1285.08,133.89,309.13,890.29,1,-1,-1,-1
138,2,138.91,163.78,342.29,840.65,1,-1,-1,-1
138,1,1287.24,122.13,299.29,884.38,1,-1,-1,-1
139,2,146.68,153.78,348.76,855.85,1,-1,-1,-1
139,1,1282.19,127.77,299.46,862.31,1,-1,-1,-1
140,2,156.88,152.19,346.56,865.88,1,-1,-1,-1
140,1,1279.39,143.17,289.87,828.07,1,-1,-1,-1
141,2,161.43,148.24,355.52,875.98,1,-1,-1,-1
141,1,1274.15,146.37,276.22,813.07,1,-1,-1,-1
142,2,168.33,150.16,357.97,900.24,1,-1,-1,-1
142,1,1261.31,153.58,274.94,791.93,1,-1,-1,-1
143,2,178.04,150.40,369.96,894.11,1,-1,-1,-1
143,1,1244.58,157.63,274.85,773.67,1,-1,-1,-1
144,2,189.40,149.17,361.13,896.54,1,-1,-1,-1
144,1,1256.00,182.00,247.00,745.00,1,-1,-1,-1
145,2,198.12,141.84,362.96,905.44,1,-1,-1,-1
145,1,1244.65,168.87,250.14,779.12,1,-1,-1,-1
146,2,204.94,132.92,378.51,919.07,1,-1,-1,-1
146,1,1229.03,178.14,251.90,754.46,1,-1,-1,-1
147,2,224.08,133.57,381.53,928.67,1,-1,-1,-1
147,1,1209.81,181.08,243.22,728.79,1,-1,-1,-1
148,2,234.07,130.84,403.08,937.63,1,-1,-1,-1
148,1,1189.54,192.13,234.06,707.62,1,-1,-1,-1
149,2,254.67,126.25,392.05,943.53,1,-1,-1,-1
149,1,1186.94,191.65,222.58,707.91,1,-1,-1,-1
150,2,276.93,122.08,403.88,959.93,1,-1,-1,-1
150,1,1161.11,187.20,229.85,706.67,1,-1,-1,-1
151,2,337.00,106.00,366.00,967.00,1,-1,-1,-1
151,1,1147.68,186.85,226.04,707.01,1,-1,-1,-1
152,2,368.09,113.34,347.17,972.23,1,-1,-1,-1
152,1,1136.67,191.21,229.06,701.93,1,-1,-1,-1
153,2,399.82,113.76,331.93,968.17,1,-1,-1,-1
153,1,1116.92,197.00,237.75,688.75,1,-1,-1,-1
154,2,437.30,123.33,324.54,956.62,1,-1,-1,-1
154,1,1106.13,203.96,234.40,678.28,1,-1,-1,-1
155,2,463.81,107.33,317.78,966.99,1,-1,-1,-1
155,1,1100.23,208.06,231.52,669.17,1,-1,-1,-1
156,2,501.95,93.84,310.62,957.85,1,-1,-1,-1
156,1,1096.63,206.35,214.24,658.88,1,-1,-1,-1
157,2,533.30,83.24,325.60,976.20,1,-1,-1,-1
157,1,1091.79,199.92,200.18,653.88,1,-1,-1,-1
158,2,550.33,101.58,329.23,975.50,1,-1,-1,-1
158,1,1089.80,204.11,193.12,643.51,1,-1,-1,-1
159,2,574.16,103.17,350.07,976.04,1,-1,-1,-1
159,1,1071.05,207.08,192.71,638.87,1,-1,-1,-1
160,2,592.41,115.83,369.76,967.52,1,-1,-1,-1
160,1,1047.81,210.66,209.01,634.81,1,-1,-1,-1
161,2,645.21,143.80,352.88,945.56,1,-1,-1,-1
161,1,1024.00,208.71,221.96,632.03,1,-1,-1,-1
162,2,658.50,150.83,361.52,943.82,1,-1,-1,-1
162,1,1014.23,214.67,227.70,618.61,1,-1,-1,-1
163,2,697.27,121.11,340.60,940.77,1,-1,-1,-1
163,1,1007.36,218.26,229.11,621.08,1,-1,-1,-1
164,2,761.54,107.46,311.60,947.86,1,-1,-1,-1
164,1,988.82,219.89,229.11,615.55,1,-1,-1,-1
165,2,804.74,73.40,353.85,970.00,1,-1,-1,-1
165,1,999.24,220.56,164.57,565.94,1,-1,-1,-1
166,2,823.76,73.97,352.24,953.90,1,-1,-1,-1
167,2,834.05,75.18,368.69,937.19,1,-1,-1,-1
168,2,869.57,95.77,384.85,939.52,1,-1,-1,-1
169,3,854.08,225.73,143.22,489.04,1,-1,-1,-1
169,2,881.46,97.91,417.59,946.06,1,-1,-1,-1
170,3,864.52,208.85,171.93,556.42,1,-1,-1,-1
170,2,892.32,114.87,441.95,943.56,1,-1,-1,-1
171,3,851.36,246.15,200.25,539.44,1,-1,-1,-1
171,2,909.51,108.60,436.53,947.19,1,-1,-1,-1
172,3,808.85,222.66,215.75,567.63,1,-1,-1,-1
172,2,999.16,103.92,366.01,945.31,1,-1,-1,-1
173,3,782.19,237.14,229.16,587.27,1,-1,-1,-1
173,2,1037.84,103.29,343.35,968.27,1,-1,-1,-1
174,3,775.36,231.76,220.37,600.05,1,-1,-1,-1
174,2,1062.51,80.62,345.60,963.88,1,-1,-1,-1
175,3,780.24,227.94,203.02,605.47,1,-1,-1,-1
175,2,1084.67,74.45,347.36,965.57,1,-1,-1,-1
176,3,780.54,223.27,194.63,608.54,1,-1,-1,-1
176,2,1095.33,69.20,356.09,977.97,1,-1,-1,-1
177,3,776.91,234.13,174.79,597.21,1,-1,-1,-1
177,2,1115.31,87.22,359.36,973.76,1,-1,-1,-1
178,3,733.42,218.69,180.66,610.46,1,-1,-1,-1
178,2,1137.43,80.65,357.40,970.70,1,-1,-1,-1
179,4,0.00,392.58,119.11,444.13,1,-1,-1,-1
179,3,705.04,226.05,187.77,620.81,1,-1,-1,-1
179,2,1155.42,81.78,353.03,976.89,1,-1,-1,-1
180,4,3.03,342.80,124.91,509.67,1,-1,-1,-1
180,3,668.98,223.30,203.62,633.96,1,-1,-1,-1
180,2,1177.74,63.10,351.65,992.00,1,-1,-1,-1
181,4,-0.04,343.39,131.21,521.27,1,-1,-1,-1
181,3,661.19,228.81,212.96,632.64,1,-1,-1,-1
181,2,1189.69,87.83,351.26,981.85,1,-1,-1,-1
182,4,5.32,319.21,140.79,549.32,1,-1,-1,-1
182,3,626.27,232.72,226.09,650.14,1,-1,-1,-1
182,2,1204.71,89.55,357.61,952.73,1,-1,-1,-1
183,4,13.34,306.03,141.99,577.17,1,-1,-1,-1
183,3,615.03,227.61,221.34,656.89,1,-1,-1,-1
183,2,1223.20,90.37,363.26,925.70,1,-1,-1,-1
184,4,14.08,300.50,154.66,598.72,1,-1,-1,-1
184,3,611.41,226.89,210.46,662.23,1,-1,-1,-1
184,2,1232.88,89.36,369.48,915.40,1,-1,-1,-1
185,4,13.80,296.68,170.06,602.78,1,-1,-1,-1
185,3,581.62,217.94,209.00,674.66,1,-1,-1,-1
185,2,1232.07,96.87,373.84,911.39,1,-1,-1,-1
186,4,17.56,292.12,182.24,611.28,1,-1,-1,-1
186,3,578.15,220.01,198.83,673.24,1,-1,-1,-1
186,2,1226.02,97.68,385.27,915.93,1,-1,-1,-1
187,4,17.29,285.02,191.45,613.99,1,-1,-1,-1
187,3,573.23,218.41,197.33,668.47,1,-1,-1,-1
187,2,1228.29,101.50,384.97,913.56,1,-1,-1,-1
188,4,12.32,270.29,206.40,622.97,1,-1,-1,-1
188,3,557.73,215.50,199.33,657.91,1,-1,-1,-1
188,2,1250.93,112.09,359.78,915.21,1,-1,-1,-1
189,4,9.75,259.47,231.67,615.45,1,-1,-1,-1
189,3,524.91,238.08,234.45,664.97,1,-1,-1,-1
189,2,1263.95,97.63,336.88,914.49,1,-1,-1,-1
190,4,13.72,260.76,241.00,606.92,1,-1,-1,-1
190,3,502.97,239.45,246.71,675.92,1,-1,-1,-1
190,2,1268.24,100.35,337.39,848.90,1,-1,-1,-1
191,4,17.41,262.04,237.38,609.62,1,-1,-1,-1
191,3,506.78,232.02,228.59,692.40,1,-1,-1,-1
191,2,1280.52,112.94,315.82,849.11,1,-1,-1,-1
192,4,16.86,271.11,229.59,597.36,1,-1,-1,-1
192,3,481.41,225.60,233.95,699.15,1,-1,-1,-1
192,2,1287.58,112.05,312.84,838.88,1,-1,-1,-1
193,4,19.68,264.35,221.42,605.61,1,-1,-1,-1
193,3,494.19,222.21,230.57,714.03,1,-1,-1,-1
193,2,1292.59,116.42,306.11,819.43,1,-1,-1,-1
194,4,19.09,255.79,226.18,617.50,1,-1,-1,-1
194,3,491.92,224.64,233.02,718.98,1,-1,-1,-1
194,2,1295.70,115.71,300.67,816.18,1,-1,-1,-1
195,4,33.89,258.90,220.10,609.87,1,-1,-1,-1
195,3,471.50,219.13,238.12,725.94,1,-1,-1,-1
195,2,1297.29,118.94,297.15,811.06,1,-1,-1,-1
196,4,41.95,256.71,216.78,610.61,1,-1,-1,-1
196,3,427.38,217.01,240.21,731.89,1,-1,-1,-1
196,2,1293.04,117.36,288.57,819.52,1,-1,-1,-1
197,4,49.04,257.42,210.75,618.06,1,-1,-1,-1
197,3,430.00,203.00,292.00,749.00,1,-1,-1,-1
197,2,1293.65,127.72,290.00,808.04,1,-1,-1,-1
198,4,35.36,259.76,213.95,628.71,1,-1,-1,-1
198,3,419.27,213.57,292.98,758.90,1,-1,-1,-1
198,2,1292.71,132.79,279.47,789.72,1,-1,-1,-1
199,4,28.57,260.05,213.83,641.07,1,-1,-1,-1
199,3,407.49,213.00,310.52,778.27,1,-1,-1,-1
199,2,1288.63,131.54,274.55,765.44,1,-1,-1,-1
200,4,25.34,255.66,218.39,653.51,1,-1,-1,-1
200,3,403.18,209.15,311.41,795.00,1,-1,-1,-1
200,2,1284.50,141.08,264.84,743.19,1,-1,-1,-1
201,4,23.00,256.54,219.47,662.87,1,-1,-1,-1
201,3,405.30,212.09,311.13,803.26,1,-1,-1,-1
201,2,1282.70,142.34,247.22,730.88,1,-1,-1,-1
202,4,19.87,254.21,227.08,680.20,1,-1,-1,-1
202,3,409.54,204.85,307.95,810.90,1,-1,-1,-1
202,2,1269.05,138.06,246.15,719.65,1,-1,-1,-1
203,4,16.13,255.34,231.55,682.05,1,-1,-1,-1
203,3,415.46,201.25,305.30,819.79,1,-1,-1,-1
203,2,1258.26,155.10,250.18,716.32,1,-1,-1,-1
204,4,15.39,254.71,235.96,681.14,1,-1,-1,-1
204,3,417.70,198.12,307.18,825.36,1,-1,-1,-1
204,2,1241.95,149.10,259.66,710.80,1,-1,-1,-1
205,4,22.98,248.57,241.79,683.40,1,-1,-1,-1
205,3,423.59,198.29,306.88,829.87,1,-1,-1,-1
205,2,1229.49,167.31,269.97,702.61,1,-1,-1,-1
206,4,18.46,245.00,242.42,684.62,1,-1,-1,-1
206,3,428.51,193.77,309.26,847.47,1,-1,-1,-1
206,2,1221.85,166.57,270.64,708.66,1,-1,-1,-1
207,4,28.31,241.52,243.29,686.38,1,-1,-1,-1
207,3,430.67,190.51,316.64,857.72,1,-1,-1,-1
207,2,1209.67,157.83,267.29,716.55,1,-1,-1,-1
208,4,24.18,237.16,242.73,690.75,1,-1,-1,-1
208,3,430.87,187.62,326.59,870.85,1,-1,-1,-1
208,2,1199.50,164.86,249.96,693.60,1,-1,-1,-1
209,4,19.60,241.03,248.14,693.69,1,-1,-1,-1
209,3,431.60,188.77,333.33,873.87,1,-1,-1,-1
209,2,1188.80,163.76,233.85,677.55,1,-1,-1,-1
210,4,24.27,241.02,245.51,700.16,1,-1,-1,-1
210,3,430.12,187.05,331.17,887.69,1,-1,-1,-1
210,2,1171.96,155.40,224.26,674.85,1,-1,-1,-1
211,4,21.09,245.94,246.62,704.10,1,-1,-1,-1
211,3,428.46,181.71,335.18,891.75,1,-1,-1,-1
211,2,1155.91,152.94,217.82,670.83,1,-1,-1,-1
212,4,18.32,249.61,244.00,707.00,1,-1,-1,-1
212,3,431.13,183.95,337.39,894.40,1,-1,-1,-1
212,2,1142.91,153.51,224.69,668.35,1,-1,-1,-1
213,4,22.77,251.73,243.41,705.52,1,-1,-1,-1
213,3,441.36,179.69,334.19,898.30,1,-1,-1,-1
213,2,1132.20,158.88,220.90,664.84,1,-1,-1,-1
214,4,-17.49,292.07,178.50,666.00,1,-1,-1,-1
214,3,448.42,179.30,347.44,896.08,1,-1,-1,-1
214,2,1108.55,161.69,238.46,664.06,1,-1,-1,-1
214,1,65.00,204.00,301.00,760.00,1,-1,-1,-1
215,3,472.76,172.42,340.21,903.66,1,-1,-1,-1
215,2,1095.01,172.44,244.22,665.57,1,-1,-1,-1
215,1,74.80,203.26,300.50,762.66,1,-1,-1,-1
216,3,491.57,170.87,346.77,909.77,1,-1,-1,-1
216,2,1079.60,172.88,252.00,663.48,1,-1,-1,-1
216,1,82.93,203.04,303.62,763.18,1,-1,-1,-1
217,3,516.36,168.41,340.06,910.59,1,-1,-1,-1
217,2,1073.81,182.36,232.88,651.94,1,-1,-1,-1
217,1,92.46,204.07,305.09,767.28,1,-1,-1,-1
218,3,523.66,174.24,344.39,911.16,1,-1,-1,-1
218,2,1066.99,181.22,230.12,639.56,1,-1,-1,-1
218,1,95.32,202.76,306.97,775.25,1,-1,-1,-1
219,3,549.05,179.70,339.36,905.37,1,-1,-1,-1
219,2,1052.72,192.46,212.44,622.70,1,-1,-1,-1
219,1,98.18,202.53,311.06,785.50,1,-1,-1,-1
220,3,567.94,172.33,331.78,915.54,1,-1,-1,-1
220,2,1036.51,181.99,206.43,623.62,1,-1,-1,-1
220,1,102.26,199.21,310.65,814.58,1,-1,-1,-1
221,3,593.69,173.56,342.48,916.71,1,-1,-1,-1
221,2,1010.08,178.28,208.41,615.74,1,-1,-1,-1
221,1,100.47,197.20,323.19,828.87,1,-1,-1,-1
222,3,630.23,187.72,335.99,903.29,1,-1,-1,-1
222,2,991.21,195.98,219.34,613.71,1,-1,-1,-1
222,1,100.89,198.37,329.50,834.57,1,-1,-1,-1
223,3,666.55,179.59,324.32,905.90,1,-1,-1,-1
223,2,961.35,197.50,248.10,600.62,1,-1,-1,-1
223,1,98.60,193.90,334.91,852.86,1,-1,-1,-1
224,3,716.49,166.24,304.53,917.22,1,-1,-1,-1
224,2,956.94,199.79,244.74,608.11,1,-1,-1,-1
224,1,98.08,188.83,341.04,861.32,1,-1,-1,-1
225,3,752.00,136.00,246.00,918.00,1,-1,-1,-1
225,2,960.82,203.26,236.63,609.18,1,-1,-1,-1
225,1,96.45,183.64,345.96,869.64,1,-1,-1,-1
226,3,771.08,138.31,266.51,917.92,1,-1,-1,-1
226,2,944.00,200.00,219.00,606.00,1,-1,-1,-1
226,1,95.53,183.61,358.06,874.75,1,-1,-1,-1
227,3,791.96,137.71,306.62,933.34,1,-1,-1,-1
227,2,947.73,198.76,219.00,606.00,1,-1,-1,-1
227,1,91.93,178.04,372.16,880.07,1,-1,-1,-1
228,3,818.53,149.11,322.10,942.17,1,-1,-1,-1
228,2,960.48,219.80,215.04,595.05,1,-1,-1,-1
228,1,86.10,172.46,389.24,885.19,1,-1,-1,-1
229,3,843.58,168.83,308.41,916.91,1,-1,-1,-1
229,1,85.94,168.01,401.38,896.88,1,-1,-1,-1
230,3,853.22,146.02,293.32,925.47,1,-1,-1,-1
230,1,86.02,167.91,407.08,905.09,1,-1,-1,-1
231,4,858.00,191.00,123.00,603.00,1,-1,-1,-1
231,3,865.65,140.25,302.45,936.57,1,-1,-1,-1
231,1,99.96,167.75,395.21,907.85,1,-1,-1,-1
232,4,835.94,191.56,168.62,606.25,1,-1,-1,-1
232,3,945.09,132.44,245.82,923.71,1,-1,-1,-1
232,1,111.06,168.88,395.64,904.82,1,-1,-1,-1
233,4,809.52,192.09,190.03,613.50,1,-1,-1,-1
233,3,993.64,123.42,256.35,927.25,1,-1,-1,-1
233,1,139.10,177.30,376.65,902.20,1,-1,-1,-1
234,4,797.06,200.89,194.38,613.24,1,-1,-1,-1
234,3,1029.21,115.17,255.65,944.35,1,-1,-1,-1
234,1,161.19,180.67,373.70,897.18,1,-1,-1,-1
235,4,788.56,198.58,179.66,622.39,1,-1,-1,-1
235,3,1058.53,100.90,261.78,952.47,1,-1,-1,-1
235,1,181.18,171.06,372.49,915.49,1,-1,-1,-1
236,4,773.16,200.80,167.53,623.48,1,-1,-1,-1
236,3,1069.89,106.95,321.18,972.55,1,-1,-1,-1
236,1,197.24,167.55,372.58,924.41,1,-1,-1,-1
237,4,758.84,211.65,162.82,608.92,1,-1,-1,-1
237,3,1085.61,133.88,341.58,960.12,1,-1,-1,-1
237,1,212.19,167.94,376.28,930.05,1,-1,-1,-1
238,4,744.46,194.49,160.74,618.90,1,-1,-1,-1
238,3,1112.41,132.85,354.46,965.75,1,-1,-1,-1
238,1,222.63,163.83,393.69,935.07,1,-1,-1,-1
239,4,720.69,187.09,172.80,629.41,1,-1,-1,-1
239,3,1136.88,154.38,355.65,926.63,1,-1,-1,-1
239,1,242.08,162.86,406.51,934.71,1,-1,-1,-1
240,4,703.63,191.43,178.13,632.13,1,-1,-1,-1
240,3,1159.36,142.68,317.22,935.41,1,-1,-1,-1
240,1,260.82,164.17,410.49,936.11,1,-1,-1,-1
241,4,679.08,193.31,184.40,646.11,1,-1,-1,-1
241,3,1175.32,132.71,310.99,939.77,1,-1,-1,-1
241,1,287.05,156.18,395.21,951.69,1,-1,-1,-1
242,4,676.90,197.27,176.30,646.84,1,-1,-1,-1
242,3,1201.35,126.93,295.98,936.29,1,-1,-1,-1
242,1,303.18,164.52,393.99,949.73,1,-1,-1,-1
243,4,676.76,198.01,170.75,650.30,1,-1,-1,-1
243,3,1204.87,127.64,294.04,935.16,1,-1,-1,-1
243,1,316.91,161.78,385.11,954.77,1,-1,-1,-1
244,4,669.83,197.61,164.64,654.57,1,-1,-1,-1
244,3,1222.82,123.82,286.39,944.00,1,-1,-1,-1
244,1,353.60,157.60,382.68,961.39,1,-1,-1,-1
245,4,662.16,184.18,157.51,646.01,1,-1,-1,-1
245,3,1228.81,130.62,296.30,935.84,1,-1,-1,-1
245,1,384.30,152.73,378.28,964.66,1,-1,-1,-1
246,4,664.71,197.50,138.98,570.12,1,-1,-1,-1
246,3,1247.62,137.55,307.36,935.28,1,-1,-1,-1
246,1,418.82,155.23,383.58,971.22,1,-1,-1,-1
247,3,1271.10,150.81,290.04,921.31,1,-1,-1,-1
247,2,674.00,228.00,130.00,536.00,1,-1,-1,-1
247,1,452.72,147.77,380.44,977.57,1,-1,-1,-1
248,3,1286.77,144.15,288.92,917.63,1,-1,-1,-1
248,2,674.97,211.51,130.00,536.00,1,-1,-1,-1
248,1,499.48,147.79,385.20,980.59,1,-1,-1,-1
249,3,1310.09,133.39,288.10,927.99,1,-1,-1,-1
249,2,662.68,191.40,132.44,546.05,1,-1,-1,-1
249,1,529.48,147.77,397.22,976.80,1,-1,-1,-1
250,3,1328.00,135.00,327.00,927.00,1,-1,-1,-1
250,1,551.48,132.86,390.01,978.99,1,-1,-1,-1
251,4,546.00,179.00,107.00,756.00,1,-1,-1,-1
251,3,1332.49,139.23,329.75,929.16,1,-1,-1,-1
251,1,553.23,145.56,395.04,991.83,1,-1,-1,-1
252,4,546.00,178.72,133.05,756.30,1,-1,-1,-1
252,3,1325.79,144.30,338.29,915.47,1,-1,-1,-1
252,1,559.88,147.50,404.92,976.68,1,-1,-1,-1
253,4,548.20,170.94,157.64,750.49,1,-1,-1,-1
253,3,1344.66,147.53,318.25,906.20,1,-1,-1,-1
253,1,637.66,184.11,369.82,964.12,1,-1,-1,-1
254,4,542.27,166.13,169.52,754.36,1,-1,-1,-1
254,3,1343.41,145.34,317.26,900.42,1,-1,-1,-1
254,1,696.88,151.51,353.69,979.52,1,-1,-1,-1
255,4,516.47,167.21,184.90,755.43,1,-1,-1,-1
255,3,1340.76,147.79,316.02,894.92,1,-1,-1,-1
255,1,752.51,170.43,336.62,992.44,1,-1,-1,-1
256,4,458.00,183.00,274.00,764.00,1,-1,-1,-1
256,3,1344.70,150.37,306.91,889.37,1,-1,-1,-1
256,1,793.25,152.75,336.61,1015.52,1,-1,-1,-1
257,4,439.12,178.08,292.18,772.20,1,-1,-1,-1
257,3,1334.36,157.58,308.75,876.37,1,-1,-1,-1
257,1,821.77,154.16,358.72,1013.31,1,-1,-1,-1
258,4,433.33,175.52,294.57,779.81,1,-1,-1,-1
258,3,1330.45,163.89,293.95,851.68,1,-1,-1,-1
258,1,861.71,152.86,368.33,1018.07,1,-1,-1,-1
259,4,425.58,171.63,301.03,795.55,1,-1,-1,-1
259,3,1324.51,166.20,283.82,826.42,1,-1,-1,-1
259,1,900.86,145.79,375.86,1016.70,1,-1,-1,-1
260,4,420.48,172.36,306.76,815.40,1,-1,-1,-1
260,3,1318.03,168.92,271.12,804.56,1,-1,-1,-1
260,1,937.78,160.20,385.51,998.02,1,-1,-1,-1
261,4,422.69,168.30,303.46,830.02,1,-1,-1,-1
261,3,1303.20,170.83,270.20,797.96,1,-1,-1,-1
261,1,979.34,126.22,385.05,1010.51,1,-1,-1,-1
262,4,424.63,168.86,303.75,842.00,1,-1,-1,-1
262,3,1300.67,172.33,264.63,794.00,1,-1,-1,-1
262,1,1018.67,99.88,385.73,1009.79,1,-1,-1,-1
263,4,426.89,161.75,304.56,846.53,1,-1,-1,-1
263,3,1298.54,174.42,255.65,791.17,1,-1,-1,-1
263,1,1052.45,93.12,378.54,1006.44,1,-1,-1,-1
264,4,432.39,159.71,304.38,848.77,1,-1,-1,-1
264,3,1308.30,179.85,233.91,739.70,1,-1,-1,-1
264,1,1080.36,92.50,399.12,1006.23,1,-1,-1,-1
265,4,432.56,156.48,306.20,859.77,1,-1,-1,-1
265,3,1232.43,198.70,260.93,739.70,1,-1,-1,-1
265,1,1131.40,124.84,387.94,1012.89,1,-1,-1,-1
266,4,434.54,152.85,309.58,872.35,1,-1,-1,-1
266,1,1157.39,138.13,376.73,995.71,1,-1,-1,-1
267,4,440.41,148.18,309.68,882.51,1,-1,-1,-1
267,1,1196.88,120.89,382.38,1018.17,1,-1,-1,-1
268,4,442.99,148.18,316.17,895.32,1,-1,-1,-1
268,1,1213.11,117.99,428.86,1019.40,1,-1,-1,-1
269,4,446.31,147.32,320.08,894.81,1,-1,-1,-1
269,1,1242.77,114.44,435.36,1021.05,1,-1,-1,-1
270,4,451.84,147.02,320.64,897.11,1,-1,-1,-1
270,1,1262.11,110.33,454.66,1022.82,1,-1,-1,-1
271,5,1247.22,271.40,154.29,585.54,1,-1,-1,-1
271,4,455.59,148.19,328.76,902.67,1,-1,-1,-1
271,1,1271.76,112.37,480.63,1015.66,1,-1,-1,-1
272,5,1227.56,228.49,183.44,621.87,1,-1,-1,-1
272,4,463.22,150.69,324.91,901.42,1,-1,-1,-1
272,1,1302.01,110.38,461.16,1011.97,1,-1,-1,-1
273,5,1209.87,224.98,219.51,641.69,1,-1,-1,-1
273,4,468.48,144.28,325.02,921.51,1,-1,-1,-1
273,1,1341.46,116.72,433.34,992.84,1,-1,-1,-1
274,5,1189.58,211.81,228.88,657.76,1,-1,-1,-1
274,4,480.84,141.30,324.54,918.17,1,-1,-1,-1
274,1,1372.23,122.35,420.95,987.37,1,-1,-1,-1
275,5,1171.49,215.79,217.35,648.72,1,-1,-1,-1
275,4,495.77,132.55,326.75,934.57,1,-1,-1,-1
275,1,1384.35,121.68,413.48,984.26,1,-1,-1,-1
276,5,1155.12,217.70,203.62,630.90,1,-1,-1,-1
276,4,509.83,122.06,332.61,949.65,1,-1,-1,-1
276,1,1418.00,86.00,398.00,979.00,1,-1,-1,-1
277,5,1131.17,221.55,190.86,619.52,1,-1,-1,-1
277,4,523.27,124.87,339.33,963.25,1,-1,-1,-1
277,1,1427.44,90.27,398.25,991.64,1,-1,-1,-1
278,5,1119.06,213.78,188.24,632.87,1,-1,-1,-1
278,4,542.00,102.00,338.00,968.00,1,-1,-1,-1
278,1,1432.07,91.40,395.76,993.59,1,-1,-1,-1
279,5,1101.56,218.50,187.58,629.30,1,-1,-1,-1
279,4,562.57,105.86,326.48,971.96,1,-1,-1,-1
279,1,1441.12,92.45,400.16,991.58,1,-1,-1,-1
280,5,1081.18,207.77,200.02,645.52,1,-1,-1,-1
280,4,585.99,106.93,314.99,968.45,1,-1,-1,-1
280,1,1450.18,98.37,394.72,988.93,1,-1,-1,-1
281,5,1059.15,212.87,217.74,639.08,1,-1,-1,-1
281,4,606.71,114.04,315.71,962.28,1,-1,-1,-1
281,1,1449.85,102.13,399.46,980.33,1,-1,-1,-1
282,5,1046.53,226.41,222.25,618.87,1,-1,-1,-1
282,4,629.72,112.10,316.28,959.98,1,-1,-1,-1
282,1,1457.38,111.83,394.62,966.06,1,-1,-1,-1
283,5,1041.18,227.43,208.62,619.15,1,-1,-1,-1
283,4,660.15,119.14,302.38,955.91,1,-1,-1,-1
283,1,1466.71,117.49,382.55,955.64,1,-1,-1,-1
284,5,1039.88,229.09,199.36,613.96,1,-1,-1,-1
284,4,687.81,107.37,301.21,957.26,1,-1,-1,-1
284,1,1475.97,112.52,373.54,948.55,1,-1,-1,-1
285,5,1028.19,221.76,179.55,608.64,1,-1,-1,-1
285,4,719.34,104.43,307.23,948.48,1,-1,-1,-1
285,1,1478.58,110.77,365.01,941.24,1,-1,-1,-1
286,5,1020.30,218.29,158.94,605.43,1,-1,-1,-1
286,4,749.06,93.88,319.84,971.42,1,-1,-1,-1
286,1,1476.62,105.22,366.07,932.39,1,-1,-1,-1
287,5,1008.69,224.37,148.44,584.74,1,-1,-1,-1
287,4,775.68,107.24,331.27,960.48,1,-1,-1,-1
287,1,1474.22,105.72,356.83,917.17,1,-1,-1,-1
288,5,998.95,228.89,156.82,595.70,1,-1,-1,-1
288,4,806.32,121.71,328.23,962.76,1,-1,-1,-1
288,1,1474.89,107.88,348.91,908.46,1,-1,-1,-1
289,4,812.75,127.79,333.15,953.91,1,-1,-1,-1
289,1,1474.86,119.35,341.17,887.46,1,-1,-1,-1
290,4,827.82,112.46,330.93,943.79,1,-1,-1,-1
290,1,1472.06,126.33,326.08,873.59,1,-1,-1,-1
291,4,847.90,139.34,337.91,932.14,1,-1,-1,-1
291,2,918.00,92.00,234.00,748.00,1,-1,-1,-1
291,1,1464.72,122.92,312.37,867.47,1,-1,-1,-1
292,4,858.09,92.88,345.82,958.52,1,-1,-1,-1
292,2,934.08,99.31,234.00,748.00,1,-1,-1,-1
292,1,1453.97,134.14,308.98,865.19,1,-1,-1,-1
293,5,870.00,242.00,137.00,559.00,1,-1,-1,-1
293,4,882.52,91.03,357.49,945.47,1,-1,-1,-1
293,2,973.53,89.08,234.00,748.00,1,-1,-1,-1
293,1,1439.35,139.58,310.31,839.01,1,-1,-1,-1
294,5,862.93,240.81,152.72,570.23,1,-1,-1,-1
294,4,894.74,92.51,354.50,965.62,1,-1,-1,-1
294,1,1432.17,146.32,304.41,814.69,1,-1,-1,-1
295,5,855.42,237.21,153.01,569.96,1,-1,-1,-1
295,4,958.96,87.60,344.31,967.46,1,-1,-1,-1
295,1,1424.18,151.38,292.26,785.96,1,-1,-1,-1
296,5,839.57,237.51,140.10,583.93,1,-1,-1,-1
296,4,998.58,90.06,350.75,958.82,1,-1,-1,-1
296,1,1414.59,154.55,280.12,761.42,1,-1,-1,-1
297,5,813.83,241.46,159.59,586.85,1,-1,-1,-1
297,4,1034.82,96.27,322.40,953.04,1,-1,-1,-1
297,1,1398.69,170.89,280.28,740.14,1,-1,-1,-1
298,5,777.76,240.72,186.14,593.65,1,-1,-1,-1
298,4,1055.31,85.99,336.80,955.57,1,-1,-1,-1
298,1,1384.27,170.26,278.77,732.50,1,-1,-1,-1
299,5,759.21,235.77,194.35,604.02,1,-1,-1,-1
299,4,1075.89,98.27,353.18,942.64,1,-1,-1,-1
299,1,1369.14,173.23,280.06,719.70,1,-1,-1,-1
300,5,753.58,233.20,194.17,611.48,1,-1,-1,-1
300,4,1097.81,103.94,365.38,940.07,1,-1,-1,-1
300,1,1358.00,183.00,245.00,695.00,1,-1,-1,-1
301,5,741.86,243.47,193.17,604.26,1,-1,-1,-1
301,4,1120.49,113.33,361.50,928.97,1,-1,-1,-1
301,1,1357.23,179.16,236.97,700.07,1,-1,-1,-1
302,5,724.19,238.52,185.52,610.27,1,-1,-1,-1
302,4,1141.60,116.64,341.47,935.00,1,-1,-1,-1
302,1,1354.64,192.51,218.80,663.85,1,-1,-1,-1
303,5,701.17,247.04,194.33,604.85,1,-1,-1,-1
303,4,1142.00,107.00,366.00,951.00,1,-1,-1,-1
303,1,1351.35,193.67,200.62,631.17,1,-1,-1,-1
304,5,684.20,236.32,182.80,609.60,1,-1,-1,-1
304,4,1149.05,118.45,368.68,925.51,1,-1,-1,-1
304,1,1354.55,198.99,203.91,632.12,1,-1,-1,-1
305,5,657.68,231.75,192.19,619.26,1,-1,-1,-1
305,4,1158.34,110.21,375.67,952.75,1,-1,-1,-1
305,1,1352.06,199.53,227.01,643.97,1,-1,-1,-1
306,5,650.65,234.54,195.13,621.26,1,-1,-1,-1
306,4,1158.97,111.01,367.00,960.22,1,-1,-1,-1
306,1,1351.29,197.57,231.27,656.04,1,-1,-1,-1
307,5,645.55,233.29,195.09,635.10,1,-1,-1,-1
307,4,1169.46,111.87,361.32,949.38,1,-1,-1,-1
307,1,1342.20,176.20,235.60,668.34,1,-1,-1,-1
308,5,625.65,229.76,208.98,648.17,1,-1,-1,-1
308,4,1179.56,108.81,358.58,955.76,1,-1,-1,-1
309,5,612.74,230.03,216.31,657.42,1,-1,-1,-1
309,4,1187.68,115.83,358.07,946.38,1,-1,-1,-1
310,5,607.01,229.29,207.03,665.15,1,-1,-1,-1
310,4,1201.31,118.27,356.40,948.67,1,-1,-1,-1
311,6,1234.79,201.42,88.12,117.91,1,-1,-1,-1
311,5,601.78,228.69,206.67,667.58,1,-1,-1,-1
311,4,1205.39,125.80,356.97,933.27,1,-1,-1,-1
312,6,1215.96,206.75,88.00,117.00,1,-1,-1,-1
312,5,593.67,225.00,205.85,677.67,1,-1,-1,-1
312,4,1188.01,120.29,380.10,934.02,1,-1,-1,-1
312,2,1103.00,203.00,220.00,605.00,1,-1,-1,-1
313,6,1190.55,209.65,88.00,117.00,1,-1,-1,-1
313,5,587.69,223.55,198.99,686.46,1,-1,-1,-1
313,4,1208.27,121.56,359.35,932.48,1,-1,-1,-1
313,2,1103.99,203.62,210.45,600.54,1,-1,-1,-1
314,5,574.32,218.84,205.17,699.62,1,-1,-1,-1
314,4,1224.68,120.49,351.76,918.37,1,-1,-1,-1
314,2,1103.53,212.50,208.65,596.64,1,-1,-1,-1
315,5,561.64,227.60,215.68,698.75,1,-1,-1,-1
315,4,1229.86,122.64,351.33,899.78,1,-1,-1,-1
315,2,1094.22,207.69,216.91,600.11,1,-1,-1,-1
316,5,557.13,228.96,216.95,698.90,1,-1,-1,-1
316,4,1236.05,124.18,343.07,886.11,1,-1,-1,-1
316,2,1086.92,206.53,217.73,612.05,1,-1,-1,-1
317,5,549.95,230.14,215.63,708.80,1,-1,-1,-1
317,4,1242.02,133.06,331.57,876.04,1,-1,-1,-1
317,2,1070.43,215.28,210.70,611.66,1,-1,-1,-1
318,5,545.82,228.72,218.88,725.58,1,-1,-1,-1
318,4,1243.01,135.48,316.68,865.52,1,-1,-1,-1
318,2,1048.84,222.21,193.29,594.15,1,-1,-1,-1
319,5,538.75,226.38,221.21,737.75,1,-1,-1,-1
319,4,1237.70,137.83,313.16,848.57,1,-1,-1,-1
319,2,1020.38,217.43,187.48,595.21,1,-1,-1,-1
320,5,531.40,222.27,223.04,748.74,1,-1,-1,-1
320,4,1235.86,140.74,300.56,837.16,1,-1,-1,-1
320,2,987.53,207.52,198.39,601.89,1,-1,-1,-1
321,5,524.75,218.34,228.41,758.32,1,-1,-1,-1
321,4,1227.17,141.75,297.69,815.68,1,-1,-1,-1
321,2,967.82,213.49,213.33,602.32,1,-1,-1,-1
322,5,524.67,214.91,229.69,764.87,1,-1,-1,-1
322,4,1222.44,145.76,293.89,804.81,1,-1,-1,-1
322,2,947.21,214.35,230.32,602.95,1,-1,-1,-1
323,5,526.25,205.64,232.98,779.17,1,-1,-1,-1
323,4,1215.29,147.56,293.26,798.30,1,-1,-1,-1
323,2,924.87,223.04,240.01,589.90,1,-1,-1,-1
324,5,526.51,197.56,234.58,794.72,1,-1,-1,-1
324,4,1204.26,148.11,294.89,791.45,1,-1,-1,-1
324,2,909.27,227.16,243.45,589.81,1,-1,-1,-1
325,5,529.15,194.27,238.12,806.77,1,-1,-1,-1
325,4,1197.21,145.02,292.74,793.21,1,-1,-1,-1
325,2,892.94,230.69,249.72,586.08,1,-1,-1,-1
326,5,534.14,193.87,241.64,821.16,1,-1,-1,-1
326,4,1189.16,145.32,290.26,789.06,1,-1,-1,-1
326,2,882.62,226.26,235.79,592.77,1,-1,-1,-1
327,5,539.09,191.56,242.41,831.98,1,-1,-1,-1
327,4,1185.62,148.13,289.84,782.26,1,-1,-1,-1
327,2,877.25,224.52,229.34,597.13,1,-1,-1,-1
328,5,546.31,196.06,243.77,831.07,1,-1,-1,-1
328,4,1182.04,147.81,282.27,773.16,1,-1,-1,-1
328,2,867.24,238.28,212.96,584.66,1,-1,-1,-1
329,5,560.30,195.36,239.45,844.02,1,-1,-1,-1
329,4,1180.65,144.71,270.24,770.58,1,-1,-1,-1
329,2,848.78,226.86,196.41,593.60,1,-1,-1,-1
330,5,576.92,192.54,233.35,848.42,1,-1,-1,-1
330,4,1176.26,154.67,267.24,762.08,1,-1,-1,-1
330,2,835.41,235.85,185.62,595.52,1,-1,-1,-1
331,5,593.90,196.76,232.83,851.35,1,-1,-1,-1
331,4,1172.85,159.41,260.81,752.52,1,-1,-1,-1
331,2,795.33,231.00,214.59,596.41,1,-1,-1,-1
332,5,609.80,179.11,234.89,860.26,1,-1,-1,-1
332,4,1168.68,163.90,255.39,739.71,1,-1,-1,-1
332,2,796.60,230.67,217.00,592.33,1,-1,-1,-1
333,5,618.59,184.44,237.63,859.94,1,-1,-1,-1
333,4,1173.04,169.05,246.13,734.77,1,-1,-1,-1
333,2,796.64,227.76,209.52,591.41,1,-1,-1,-1
334,5,649.00,183.10,241.94,858.14,1,-1,-1,-1
334,4,1162.30,164.43,247.73,730.05,1,-1,-1,-1
334,2,766.18,250.63,215.06,591.41,1,-1,-1,-1
335,5,656.37,178.78,255.65,856.68,1,-1,-1,-1
335,4,1152.41,168.46,246.56,725.59,1,-1,-1,-1
336,5,678.99,193.13,250.67,861.41,1,-1,-1,-1
336,4,1142.23,167.57,244.54,721.12,1,-1,-1,-1
337,5,688.66,183.32,242.19,880.78,1,-1,-1,-1
337,4,1127.49,164.84,247.44,719.55,1,-1,-1,-1
338,5,693.56,189.93,251.81,869.22,1,-1,-1,-1
338,4,1119.79,171.24,250.25,714.26,1,-1,-1,-1
339,5,694.28,194.46,247.09,849.34,1,-1,-1,-1
339,4,1108.02,179.51,254.42,702.03,1,-1,-1,-1
339,2,677.00,225.00,118.00,608.00,1,-1,-1,-1
340,5,717.85,161.79,227.36,874.10,1,-1,-1,-1
340,4,1099.08,182.81,255.37,698.28,1,-1,-1,-1
340,2,668.75,221.68,129.54,605.12,1,-1,-1,-1
341,5,739.36,164.86,221.14,854.37,1,-1,-1,-1
341,4,1087.47,180.39,260.04,710.67,1,-1,-1,-1
341,2,634.85,219.30,155.56,622.88,1,-1,-1,-1
342,5,784.00,172.00,245.00,871.00,1,-1,-1,-1
342,4,1088.07,184.76,260.52,701.17,1,-1,-1,-1
342,2,621.75,209.31,162.97,636.23,1,-1,-1,-1
343,5,793.33,156.22,247.09,885.11,1,-1,-1,-1
343,4,1067.19,185.17,259.46,697.01,1,-1,-1,-1
343,2,585.13,217.77,184.93,646.48,1,-1,-1,-1
344,5,807.65,156.72,253.78,898.82,1,-1,-1,-1
344,4,1059.59,186.15,242.86,689.53,1,-1,-1,-1
344,2,546.62,217.33,211.16,648.95,1,-1,-1,-1
345,5,819.05,150.63,283.12,921.39,1,-1,-1,-1
345,4,1043.30,183.26,231.85,683.32,1,-1,-1,-1
345,2,545.51,218.86,203.67,656.37,1,-1,-1,-1
346,5,838.65,169.02,298.99,909.87,1,-1,-1,-1
346,4,1039.21,180.33,227.07,685.26,1,-1,-1,-1
346,2,536.82,215.93,203.85,665.30,1,-1,-1,-1
347,5,854.16,146.81,317.36,937.84,1,-1,-1,-1
347,4,1061.00,210.00,163.00,647.00,1,-1,-1,-1
347,2,527.82,201.59,189.34,690.61,1,-1,-1,-1
348,5,889.87,142.61,310.41,936.21,1,-1,-1,-1
348,4,1064.86,234.52,152.05,610.46,1,-1,-1,-1
348,2,496.00,220.00,253.00,673.00,1,-1,-1,-1
349,5,921.51,155.00,305.67,934.63,1,-1,-1,-1
349,4,1042.92,209.17,156.68,621.90,1,-1,-1,-1
349,2,466.48,222.70,249.96,677.08,1,-1,-1,-1
350,5,956.30,159.93,277.58,909.45,1,-1,-1,-1
350,2,454.26,219.03,255.99,683.98,1,-1,-1,-1
351,5,973.60,147.47,276.64,932.39,1,-1,-1,-1
351,2,431.67,215.50,264.15,693.90,1,-1,-1,-1
352,5,986.72,143.08,290.78,931.37,1,-1,-1,-1
352,2,408.78,210.78,276.05,714.52,1,-1,-1,-1
353,7,949.48,187.65,151.96,645.55,1,-1,-1,-1
353,5,1022.43,143.92,278.48,925.87,1,-1,-1,-1
353,2,394.41,205.39,282.90,743.93,1,-1,-1,-1
354,7,934.49,180.58,157.75,644.15,1,-1,-1,-1
354,5,1004.73,149.74,306.95,906.93,1,-1,-1,-1
354,2,380.96,201.51,284.11,762.69,1,-1,-1,-1
355,7,911.64,175.25,169.99,659.47,1,-1,-1,-1
355,5,1050.66,151.32,304.73,914.29,1,-1,-1,-1
355,2,374.12,200.03,283.48,780.33,1,-1,-1,-1
356,7,904.50,175.75,166.30,656.33,1,-1,-1,-1
356,5,1055.39,149.95,328.42,914.97,1,-1,-1,-1
356,2,366.99,191.95,287.73,805.47,1,-1,-1,-1
357,7,887.99,174.96,175.25,662.73,1,-1,-1,-1
357,5,1092.40,147.86,304.11,919.61,1,-1,-1,-1
357,2,366.00,197.19,287.95,808.16,1,-1,-1,-1
358,7,865.93,178.39,187.16,663.10,1,-1,-1,-1
358,5,1097.35,150.22,312.67,922.63,1,-1,-1,-1
358,2,364.34,192.14,282.83,814.80,1,-1,-1,-1
359,7,849.44,188.83,202.09,653.26,1,-1,-1,-1
359,5,1129.98,160.38,303.68,912.97,1,-1,-1,-1
359,2,358.75,194.84,282.55,817.50,1,-1,-1,-1
360,7,842.31,192.27,207.16,657.52,1,-1,-1,-1
360,5,1161.01,147.04,283.33,931.37,1,-1,-1,-1
360,2,354.16,189.24,287.99,822.88,1,-1,-1,-1
361,7,839.21,186.66,197.99,672.44,1,-1,-1,-1
361,5,1182.47,145.75,288.21,935.36,1,-1,-1,-1
361,2,343.35,181.25,296.65,833.60,1,-1,-1,-1
362,7,832.25,191.15,199.88,666.68,1,-1,-1,-1
362,5,1200.10,145.04,290.86,934.36,1,-1,-1,-1
362,2,338.35,178.26,301.77,845.50,1,-1,-1,-1
363,7,828.24,196.36,182.59,659.72,1,-1,-1,-1
363,5,1222.06,140.21,282.58,935.84,1,-1,-1,-1
363,2,333.17,176.05,308.69,862.19,1,-1,-1,-1
364,7,811.29,186.07,168.92,661.21,1,-1,-1,-1
364,3,1222.00,134.00,313.00,944.00,1,-1,-1,-1
364,2,325.01,177.92,318.64,871.41,1,-1,-1,-1
365,7,789.79,174.09,169.29,670.81,1,-1,-1,-1
365,3,1216.53,137.43,323.07,939.36,1,-1,-1,-1
365,2,321.76,182.91,323.98,865.72,1,-1,-1,-1
366,7,769.74,168.16,174.51,686.08,1,-1,-1,-1
366,3,1224.35,149.24,325.55,924.13,1,-1,-1,-1
366,2,321.34,189.04,325.27,874.06,1,-1,-1,-1
367,7,758.48,173.91,175.50,677.36,1,-1,-1,-1
367,3,1226.27,151.13,322.98,923.45,1,-1,-1,-1
367,2,323.23,189.15,325.24,875.66,1,-1,-1,-1
368,7,742.73,170.75,183.00,686.89,1,-1,-1,-1
368,3,1234.64,152.79,305.62,915.87,1,-1,-1,-1
368,2,328.98,183.24,326.70,893.05,1,-1,-1,-1
369,7,716.26,174.74,203.83,688.53,1,-1,-1,-1
369,3,1241.11,150.28,299.02,897.05,1,-1,-1,-1
369,2,334.26,178.53,331.67,894.38,1,-1,-1,-1
370,7,707.35,183.31,209.02,693.83,1,-1,-1,-1
370,3,1244.93,151.96,291.01,872.57,1,-1,-1,-1
370,2,342.51,175.01,331.78,901.67,1,-1,-1,-1
371,7,703.53,193.91,203.68,695.06,1,-1,-1,-1
371,3,1248.84,156.57,281.20,856.70,1,-1,-1,-1
371,2,356.69,164.01,328.56,923.82,1,-1,-1,-1
372,7,695.30,182.41,193.45,708.99,1,-1,-1,-1
372,3,1253.28,160.19,276.76,836.70,1,-1,-1,-1
372,2,372.43,168.63,336.97,920.03,1,-1,-1,-1
373,7,687.67,186.39,192.08,708.47,1,-1,-1,-1
373,3,1253.72,164.84,274.45,828.51,1,-1,-1,-1
373,2,381.18,171.51,341.75,917.92,1,-1,-1,-1
374,7,676.11,183.57,183.37,709.51,1,-1,-1,-1
374,3,1257.26,165.83,269.87,826.40,1,-1,-1,-1
374,2,400.01,159.11,348.14,928.61,1,-1,-1,-1
375,7,661.00,194.00,205.00,701.00,1,-1,-1,-1
375,3,1258.51,169.01,268.28,819.40,1,-1,-1,-1
375,2,416.87,159.85,355.43,926.39,1,-1,-1,-1
376,7,663.14,192.43,195.21,601.75,1,-1,-1,-1
376,3,1257.97,174.84,270.03,812.97,1,-1,-1,-1
376,2,451.60,170.65,363.83,920.50,1,-1,-1,-1
377,7,669.19,212.66,175.98,601.75,1,-1,-1,-1
377,3,1257.91,177.86,269.19,797.14,1,-1,-1,-1
377,2,471.85,168.73,367.79,935.34,1,-1,-1,-1
378,7,661.14,211.51,175.98,601.75,1,-1,-1,-1
378,3,1257.61,177.15,262.97,792.55,1,-1,-1,-1
378,2,510.76,150.05,356.24,948.84,1,-1,-1,-1
379,3,1254.88,179.44,258.85,770.16,1,-1,-1,-1
379,2,534.64,145.45,345.64,949.33,1,-1,-1,-1
380,3,1253.55,176.29,253.08,776.79,1,-1,-1,-1
380,2,558.17,143.84,344.79,945.91,1,-1,-1,-1
381,3,1249.17,172.52,254.22,760.82,1,-1,-1,-1
381,2,578.51,141.20,338.99,943.78,1,-1,-1,-1
382,3,1245.47,174.72,249.81,746.52,1,-1,-1,-1
382,2,585.22,163.95,364.61,930.41,1,-1,-1,-1
383,7,536.00,183.00,207.00,765.00,1,-1,-1,-1
383,3,1238.56,176.17,243.49,733.46,1,-1,-1,-1
383,2,590.46,148.48,404.12,946.34,1,-1,-1,-1
384,7,536.27,172.07,219.30,764.52,1,-1,-1,-1
384,3,1233.37,169.92,234.54,741.56,1,-1,-1,-1
384,2,685.39,132.99,354.32,967.89,1,-1,-1,-1
385,7,528.28,172.39,233.01,765.13,1,-1,-1,-1
385,3,1217.57,189.67,243.12,713.43,1,-1,-1,-1
385,2,680.76,154.22,380.64,941.88,1,-1,-1,-1
386,7,523.46,175.11,237.18,767.52,1,-1,-1,-1
386,3,1215.70,196.05,242.49,700.37,1,-1,-1,-1
386,1,729.00,146.00,396.00,907.00,1,-1,-1,-1
387,7,515.97,173.34,238.10,782.21,1,-1,-1,-1
387,3,1206.30,194.98,242.49,702.64,1,-1,-1,-1
387,1,760.69,136.55,382.87,938.90,1,-1,-1,-1
388,7,505.41,168.77,249.18,808.94,1,-1,-1,-1
388,3,1191.14,199.56,238.36,686.44,1,-1,-1,-1
388,1,801.35,130.76,364.70,951.23,1,-1,-1,-1
389,7,497.61,170.15,256.64,815.89,1,-1,-1,-1
389,3,1178.72,194.45,228.56,678.75,1,-1,-1,-1
389,1,797.99,128.14,385.61,954.15,1,-1,-1,-1
390,7,486.92,172.51,261.42,816.84,1,-1,-1,-1
390,3,1165.96,196.12,219.43,671.08,1,-1,-1,-1
390,1,875.07,112.01,358.88,985.22,1,-1,-1,-1
391,7,479.50,168.77,268.35,824.77,1,-1,-1,-1
391,3,1167.45,195.00,207.74,666.30,1,-1,-1,-1
391,1,939.60,106.99,375.31,991.49,1,-1,-1,-1
392,7,471.41,163.72,271.72,837.70,1,-1,-1,-1
392,3,1163.71,188.69,192.17,661.43,1,-1,-1,-1
392,1,991.54,108.01,386.06,982.99,1,-1,-1,-1
393,7,467.96,155.49,274.21,853.37,1,-1,-1,-1
393,1,1020.24,76.39,400.22,1008.34,1,-1,-1,-1
394,7,465.54,149.27,277.80,861.66,1,-1,-1,-1
394,1,1046.27,103.30,421.95,983.53,1,-1,-1,-1
395,7,466.26,150.34,281.17,871.24,1,-1,-1,-1
395,1,1069.82,106.33,422.31,981.00,1,-1,-1,-1
396,7,472.28,145.52,282.31,894.51,1,-1,-1,-1
396,1,1075.79,122.68,437.65,959.62,1,-1,-1,-1
397,7,479.83,146.81,284.76,901.37,1,-1,-1,-1
397,2,1056.00,221.00,183.00,593.00,1,-1,-1,-1
397,1,1101.85,124.79,420.74,951.22,1,-1,-1,-1
398,7,485.94,143.30,282.34,911.76,1,-1,-1,-1
398,2,1058.15,226.37,195.39,608.09,1,-1,-1,-1
398,1,1117.23,117.47,416.26,957.39,1,-1,-1,-1
399,7,500.25,138.61,275.54,927.43,1,-1,-1,-1
399,2,1050.90,217.12,171.83,609.50,1,-1,-1,-1
399,1,1158.21,115.16,386.26,961.22,1,-1,-1,-1
400,7,519.68,133.42,270.61,936.27,1,-1,-1,-1
400,2,1031.18,213.92,178.87,604.46,1,-1,-1,-1
400,1,1179.38,111.54,387.96,945.21,1,-1,-1,-1
401,7,532.95,130.99,270.00,941.26,1,-1,-1,-1
401,2,1016.98,210.49,172.78,609.51,1,-1,-1,-1
401,1,1207.54,103.49,379.37,966.81,1,-1,-1,-1
402,7,546.13,129.53,266.96,941.74,1,-1,-1,-1
402,2,992.94,211.40,186.52,603.79,1,-1,-1,-1
402,1,1221.92,92.81,389.43,984.65,1,-1,-1,-1
403,7,554.06,126.24,267.55,945.40,1,-1,-1,-1
403,2,979.96,217.99,196.22,597.25,1,-1,-1,-1
403,1,1235.60,104.62,383.16,968.94,1,-1,-1,-1
404,7,571.41,123.11,272.46,938.95,1,-1,-1,-1
404,2,956.06,225.02,210.15,595.35,1,-1,-1,-1
404,1,1248.71,102.76,385.95,970.94,1,-1,-1,-1
405,7,589.48,129.29,281.61,933.81,1,-1,-1,-1
405,2,936.85,221.59,220.58,608.93,1,-1,-1,-1
405,1,1269.46,109.64,383.36,966.19,1,-1,-1,-1
406,7,602.44,138.44,281.53,925.90,1,-1,-1,-1
406,2,927.64,230.92,220.10,600.61,1,-1,-1,-1
406,1,1283.48,111.10,377.62,960.42,1,-1,-1,-1
407,7,626.70,137.02,282.32,930.71,1,-1,-1,-1
407,2,917.82,223.55,204.06,613.36,1,-1,-1,-1
407,1,1292.74,125.34,375.10,935.40,1,-1,-1,-1
408,7,643.38,136.46,294.70,939.00,1,-1,-1,-1
408,2,920.34,223.66,185.10,610.24,1,-1,-1,-1
408,1,1298.26,130.78,368.83,919.01,1,-1,-1,-1
409,7,666.64,140.75,283.25,936.55,1,-1,-1,-1
409,5,917.00,212.00,131.00,629.00,1,-1,-1,-1
409,1,1306.90,134.06,363.25,904.72,1,-1,-1,-1
410,7,696.24,144.28,292.81,925.20,1,-1,-1,-1
410,5,899.95,209.22,135.22,624.65,1,-1,-1,-1
410,1,1310.71,124.43,358.71,900.65,1,-1,-1,-1
411,7,734.09,146.61,273.81,921.17,1,-1,-1,-1
411,5,916.75,216.89,130.10,624.65,1,-1,-1,-1
411,1,1320.26,126.42,352.92,883.36,1,-1,-1,-1
412,5,834.33,170.14,192.63,776.60,1,-1,-1,-1
412,1,1321.74,127.70,347.00,874.39,1,-1,-1,-1
413,5,801.57,158.24,227.54,843.83,1,-1,-1,-1
413,1,1324.31,131.03,337.71,866.41,1,-1,-1,-1
414,5,787.00,124.00,304.00,940.00,1,-1,-1,-1
414,1,1322.89,136.59,330.68,845.79,1,-1,-1,-1
415,8,816.00,224.85,81.81,156.42,1,-1,-1,-1
415,5,776.23,133.77,336.44,940.25,1,-1,-1,-1
415,1,1322.09,146.95,320.40,819.86,1,-1,-1,-1
416,8,800.73,221.90,81.00,156.00,1,-1,-1,-1
416,5,784.77,134.76,364.29,935.24,1,-1,-1,-1
416,2,782.00,225.00,123.00,595.00,1,-1,-1,-1
416,1,1319.59,152.88,308.05,806.58,1,-1,-1,-1
417,8,785.73,218.61,81.00,156.00,1,-1,-1,-1
417,5,838.99,144.50,328.68,926.48,1,-1,-1,-1
417,2,763.63,225.95,154.45,598.27,1,-1,-1,-1
417,1,1312.28,157.49,302.52,787.83,1,-1,-1,-1
418,5,868.33,124.43,325.81,912.08,1,-1,-1,-1
418,2,738.04,234.24,160.88,601.90,1,-1,-1,-1
418,1,1306.54,157.07,300.30,776.68,1,-1,-1,-1
419,5,888.16,138.41,315.08,902.83,1,-1,-1,-1
419,2,711.34,234.73,165.19,606.30,1,-1,-1,-1
419,1,1296.13,161.63,297.59,763.11,1,-1,-1,-1
420,5,904.16,127.44,303.28,899.33,1,-1,-1,-1
420,2,700.67,230.20,167.23,616.92,1,-1,-1,-1
420,1,1291.53,163.55,294.68,745.83,1,-1,-1,-1
421,5,921.54,137.79,305.90,918.43,1,-1,-1,-1
421,2,674.57,225.76,185.46,631.47,1,-1,-1,-1
421,1,1282.72,162.91,287.40,737.60,1,-1,-1,-1
422,5,952.31,164.80,286.93,900.25,1,-1,-1,-1
422,2,653.06,225.46,199.30,643.83,1,-1,-1,-1
422,1,1274.28,164.47,277.78,734.82,1,-1,-1,-1
423,5,969.83,133.39,288.39,906.84,1,-1,-1,-1
423,2,639.28,226.08,200.22,665.49,1,-1,-1,-1
423,1,1236.18,164.08,281.24,731.95,1,-1,-1,-1
424,5,984.52,128.17,299.57,909.53,1,-1,-1,-1
424,2,632.38,218.60,197.04,689.47,1,-1,-1,-1
424,1,1226.24,166.41,276.68,724.23,1,-1,-1,-1
425,5,1006.36,140.07,305.12,920.27,1,-1,-1,-1
425,2,622.07,216.61,198.83,693.11,1,-1,-1,-1
425,1,1202.26,162.07,283.03,735.87,1,-1,-1,-1
426,5,1020.81,124.19,307.00,922.44,1,-1,-1,-1
426,2,618.95,220.80,192.69,692.82,1,-1,-1,-1
426,1,1200.94,164.34,290.78,747.14,1,-1,-1,-1
427,5,1040.09,128.36,313.44,932.25,1,-1,-1,-1
427,2,621.90,213.12,185.50,701.72,1,-1,-1,-1
427,1,1194.04,176.44,310.98,758.01,1,-1,-1,-1
428,5,1054.37,133.11,348.30,903.13,1,-1,-1,-1
428,2,614.91,217.10,186.32,695.03,1,-1,-1,-1
428,1,1189.64,182.48,275.75,705.17,1,-1,-1,-1
429,9,1226.28,192.72,143.74,511.34,1,-1,-1,-1
429,5,1067.62,144.10,325.77,917.72,1,-1,-1,-1
429,2,607.33,214.82,187.21,710.19,1,-1,-1,-1
430,9,1247.17,190.04,143.00,511.00,1,-1,-1,-1
430,5,1080.60,127.41,300.32,925.57,1,-1,-1,-1
430,2,591.53,212.42,196.82,722.75,1,-1,-1,-1
431,9,1269.35,194.86,143.00,511.00,1,-1,-1,-1
431,5,1086.14,130.64,302.45,910.38,1,-1,-1,-1
431,2,589.71,212.49,196.39,732.84,1,-1,-1,-1
432,5,1098.00,133.48,305.23,901.23,1,-1,-1,-1
432,2,580.02,211.83,197.46,746.63,1,-1,-1,-1
433,5,1108.56,127.01,315.99,904.81,1,-1,-1,-1
433,2,559.95,207.50,209.78,765.71,1,-1,-1,-1
434,5,1111.36,127.92,324.17,910.45,1,-1,-1,-1
434,2,552.45,204.83,214.89,778.82,1,-1,-1,-1
435,5,1093.05,125.17,347.74,902.62,1,-1,-1,-1
435,2,550.52,205.87,215.91,782.56,1,-1,-1,-1
436,5,1067.00,128.00,415.00,916.00,1,-1,-1,-1
436,2,539.68,197.66,228.17,801.24,1,-1,-1,-1
436,1,1013.00,238.00,201.00,557.00,1,-1,-1,-1
437,5,1091.43,133.75,403.22,906.49,1,-1,-1,-1
437,2,534.05,197.91,235.32,804.94,1,-1,-1,-1
437,1,1011.56,218.03,205.14,590.04,1,-1,-1,-1
438,5,1113.56,138.36,376.14,906.59,1,-1,-1,-1
438,2,536.71,190.97,236.89,820.25,1,-1,-1,-1
438,1,995.06,223.71,222.23,594.08,1,-1,-1,-1
439,5,1118.68,135.25,370.66,887.84,1,-1,-1,-1
439,2,539.54,183.62,244.05,842.82,1,-1,-1,-1
439,1,979.33,222.57,225.81,603.08,1,-1,-1,-1
440,5,1131.08,144.25,360.00,869.19,1,-1,-1,-1
440,2,546.68,181.67,239.95,858.27,1,-1,-1,-1
440,1,965.55,223.89,200.18,596.31,1,-1,-1,-1
441,5,1136.31,141.94,350.89,858.90,1,-1,-1,-1
441,2,550.07,179.72,235.61,860.59,1,-1,-1,-1
441,1,953.16,215.32,198.54,605.31,1,-1,-1,-1
442,5,1142.27,139.81,347.27,849.96,1,-1,-1,-1
442,2,562.86,180.25,231.18,865.85,1,-1,-1,-1
442,1,931.42,215.67,189.92,599.22,1,-1,-1,-1
443,5,1147.51,138.31,337.45,856.73,1,-1,-1,-1
443,2,576.06,177.64,233.57,872.90,1,-1,-1,-1
443,1,905.91,216.54,199.25,591.44,1,-1,-1,-1
444,5,1146.77,135.71,341.91,839.15,1,-1,-1,-1
444,2,595.67,171.79,230.19,888.98,1,-1,-1,-1
444,1,880.52,226.70,217.30,583.80,1,-1,-1,-1
445,5,1148.22,137.40,335.75,833.17,1,-1,-1,-1
445,2,610.18,168.46,231.35,900.30,1,-1,-1,-1
445,1,852.29,228.39,235.44,579.90,1,-1,-1,-1
446,5,1149.63,145.08,329.11,825.18,1,-1,-1,-1
446,2,617.64,170.58,230.41,896.61,1,-1,-1,-1
446,1,846.04,227.55,234.60,586.06,1,-1,-1,-1
447,5,1152.49,151.60,320.91,814.51,1,-1,-1,-1
447,2,631.63,166.96,237.21,902.77,1,-1,-1,-1
447,1,837.45,228.29,237.92,593.09,1,-1,-1,-1
448,5,1149.12,149.84,322.88,819.61,1,-1,-1,-1
448,2,639.61,167.99,235.69,897.07,1,-1,-1,-1
448,1,829.99,222.26,225.81,590.80,1,-1,-1,-1
449,5,1149.01,149.14,320.15,820.28,1,-1,-1,-1
449,2,653.60,171.39,245.36,890.49,1,-1,-1,-1
449,1,829.10,232.70,167.67,553.08,1,-1,-1,-1
450,5,1143.31,150.55,322.56,814.47,1,-1,-1,-1
450,2,665.57,168.45,268.51,897.40,1,-1,-1,-1
451,5,1143.25,150.77,313.90,817.85,1,-1,-1,-1
451,2,680.38,169.93,244.97,896.80,1,-1,-1,-1
452,5,1136.77,156.71,310.91,798.71,1,-1,-1,-1
452,2,707.39,169.35,231.58,902.48,1,-1,-1,-1
453,5,1139.36,158.27,302.06,784.47,1,-1,-1,-1
453,2,713.97,152.44,228.94,918.48,1,-1,-1,-1
454,5,1138.24,158.73,296.17,769.89,1,-1,-1,-1
454,2,735.17,158.69,232.91,893.47,1,-1,-1,-1
455,5,1131.77,171.86,296.60,747.02,1,-1,-1,-1
455,2,729.92,156.60,242.44,888.85,1,-1,-1,-1
455,1,650.00,202.00,202.00,657.00,1,-1,-1,-1
456,5,1133.74,167.72,277.30,749.29,1,-1,-1,-1
456,3,812.00,157.00,227.00,886.00,1,-1,-1,-1
456,2,714.42,137.37,180.42,872.78,1,-1,-1,-1
456,1,621.01,216.68,226.49,643.71,1,-1,-1,-1
457,5,1125.00,165.84,277.51,741.19,1,-1,-1,-1
457,3,809.34,157.27,243.51,882.04,1,-1,-1,-1
457,2,661.49,129.81,180.42,872.78,1,-1,-1,-1
457,1,607.32,225.76,230.67,633.08,1,-1,-1,-1
458,5,1122.78,170.35,280.42,732.79,1,-1,-1,-1
458,3,817.40,149.56,238.81,897.63,1,-1,-1,-1
458,1,602.33,225.48,234.28,637.88,1,-1,-1,-1
459,5,1113.98,180.93,278.15,716.32,1,-1,-1,-1
459,3,820.45,161.02,283.08,904.30,1,-1,-1,-1
459,1,591.01,223.89,232.56,642.73,1,-1,-1,-1
460,5,1106.90,181.89,273.04,715.02,1,-1,-1,-1
460,3,859.01,166.59,307.04,906.26,1,-1,-1,-1
460,1,581.66,217.54,218.33,647.92,1,-1,-1,-1
461,4,1116.00,178.00,224.00,712.00,1,-1,-1,-1
461,3,887.42,160.91,293.88,911.37,1,-1,-1,-1
461,1,577.16,216.41,204.51,653.02,1,-1,-1,-1
462,4,1106.66,177.11,230.42,707.93,1,-1,-1,-1
462,3,910.00,156.36,299.29,923.15,1,-1,-1,-1
462,1,554.89,208.17,197.95,662.15,1,-1,-1,-1
463,4,1082.44,174.03,235.84,723.00,1,-1,-1,-1
463,3,952.55,149.46,320.40,919.15,1,-1,-1,-1
463,1,534.95,204.59,199.04,654.14,1,-1,-1,-1
464,4,1076.61,175.47,227.46,723.00,1,-1,-1,-1
464,3,983.01,145.41,295.71,906.70,1,-1,-1,-1
464,1,506.47,215.96,203.74,662.43,1,-1,-1,-1
465,4,1030.58,155.54,261.83,824.19,1,-1,-1,-1
465,1,477.33,203.33,217.08,685.61,1,-1,-1,-1
466,4,1025.00,163.00,301.00,906.00,1,-1,-1,-1
466,1,452.86,208.20,237.42,693.37,1,-1,-1,-1
467,4,1025.84,169.10,298.11,893.61,1,-1,-1,-1
467,1,445.73,211.22,234.70,701.15,1,-1,-1,-1
468,4,1032.53,147.37,307.24,918.85,1,-1,-1,-1
468,1,441.12,200.85,223.14,737.66,1,-1,-1,-1
469,4,1010.97,153.46,387.26,918.42,1,-1,-1,-1
469,1,423.41,198.23,234.02,742.00,1,-1,-1,-1
470,5,991.00,187.00,184.00,649.00,1,-1,-1,-1
470,4,1032.81,162.05,372.78,913.75,1,-1,-1,-1
470,1,410.55,198.04,235.24,743.10,1,-1,-1,-1
471,5,987.85,187.51,189.83,652.30,1,-1,-1,-1
471,4,1035.11,163.15,359.58,913.42,1,-1,-1,-1
471,1,389.12,194.95,250.11,747.06,1,-1,-1,-1
472,5,985.73,194.51,199.11,655.21,1,-1,-1,-1
472,4,1087.32,161.92,328.18,914.56,1,-1,-1,-1
472,1,367.92,187.06,257.55,759.22,1,-1,-1,-1
473,5,977.79,198.85,199.96,657.84,1,-1,-1,-1
473,4,1117.72,158.26,325.52,916.93,1,-1,-1,-1
473,1,352.31,181.92,263.55,774.89,1,-1,-1,-1
474,5,961.25,201.58,200.06,654.66,1,-1,-1,-1
474,4,1160.53,145.86,307.32,930.80,1,-1,-1,-1
474,1,338.39,177.64,271.36,786.77,1,-1,-1,-1
475,5,943.16,189.27,190.73,647.17,1,-1,-1,-1
475,4,1180.53,151.85,313.57,929.26,1,-1,-1,-1
475,1,331.69,176.67,275.22,817.61,1,-1,-1,-1
476,5,932.99,188.89,182.87,652.96,1,-1,-1,-1
476,4,1191.77,149.32,313.55,925.74,1,-1,-1,-1
476,1,328.83,172.71,277.16,838.12,1,-1,-1,-1
477,5,916.18,187.33,185.47,664.02,1,-1,-1,-1
477,4,1210.17,149.48,307.78,927.13,1,-1,-1,-1
477,1,328.90,172.65,280.57,851.53,1,-1,-1,-1
478,5,907.88,182.14,182.10,667.91,1,-1,-1,-1
478,4,1206.80,146.17,319.15,932.26,1,-1,-1,-1
478,1,336.77,172.48,275.51,861.59,1,-1,-1,-1
479,5,884.41,183.87,202.28,670.68,1,-1,-1,-1
479,4,1213.37,150.73,317.06,925.06,1,-1,-1,-1
479,1,344.41,168.69,275.06,872.78,1,-1,-1,-1
480,5,870.41,192.24,205.32,671.49,1,-1,-1,-1
480,4,1216.86,150.93,315.38,918.75,1,-1,-1,-1
480,1,348.32,160.97,277.78,877.18,1,-1,-1,-1
481,5,860.56,195.93,213.23,667.59,1,-1,-1,-1
481,4,1226.67,163.77,306.17,903.00,1,-1,-1,-1
481,1,349.74,145.99,284.14,907.08,1,-1,-1,-1
482,5,856.74,197.38,215.46,666.18,1,-1,-1,-1
482,4,1232.05,160.46,301.30,907.14,1,-1,-1,-1
482,1,352.04,143.65,286.78,915.17,1,-1,-1,-1
483,5,851.85,199.40,214.39,665.77,1,-1,-1,-1
483,4,1237.77,152.50,293.06,910.88,1,-1,-1,-1
483,1,360.93,153.66,287.52,916.29,1,-1,-1,-1
484,5,849.24,203.10,202.16,667.63,1,-1,-1,-1
484,4,1241.21,151.87,294.53,881.00,1,-1,-1,-1
484,1,373.07,140.87,293.25,917.52,1,-1,-1,-1
485,5,831.26,190.75,193.67,668.45,1,-1,-1,-1
485,4,1245.19,154.22,288.26,862.83,1,-1,-1,-1
485,1,389.39,158.79,293.28,910.56,1,-1,-1,-1
486,5,829.01,194.08,188.03,672.19,1,-1,-1,-1
486,4,1243.12,163.31,282.72,846.60,1,-1,-1,-1
486,1,397.39,146.76,294.38,910.05,1,-1,-1,-1
487,5,816.42,195.46,190.89,673.72,1,-1,-1,-1
487,4,1244.72,162.37,276.40,828.30,1,-1,-1,-1
487,1,416.07,158.87,290.74,921.91,1,-1,-1,-1
488,5,798.83,191.83,190.79,680.44,1,-1,-1,-1
488,4,1246.42,162.37,269.06,827.15,1,-1,-1,-1
488,1,446.37,177.24,293.01,918.09,1,-1,-1,-1
489,5,783.16,194.69,192.69,687.34,1,-1,-1,-1
489,4,1243.75,172.17,267.68,815.49,1,-1,-1,-1
489,1,470.65,180.43,300.82,926.19,1,-1,-1,-1
490,5,760.17,185.09,203.87,691.68,1,-1,-1,-1
490,4,1242.48,178.77,265.27,817.32,1,-1,-1,-1
490,1,496.13,168.57,298.52,940.31,1,-1,-1,-1
491,5,767.72,185.96,190.97,693.98,1,-1,-1,-1
491,4,1235.74,181.03,270.75,805.53,1,-1,-1,-1
491,1,536.50,140.37,302.24,930.16,1,-1,-1,-1
492,5,769.43,191.36,172.98,646.70,1,-1,-1,-1
492,4,1232.64,185.97,265.43,793.51,1,-1,-1,-1
492,1,565.14,132.25,312.38,950.23,1,-1,-1,-1
493,5,758.78,201.53,186.79,658.83,1,-1,-1,-1
493,4,1222.87,184.46,267.50,785.14,1,-1,-1,-1
493,1,598.25,112.26,305.13,942.96,1,-1,-1,-1
494,5,709.12,178.52,190.29,671.18,1,-1,-1,-1
494,4,1219.59,184.57,261.55,760.82,1,-1,-1,-1
494,1,638.67,113.89,300.65,946.81,1,-1,-1,-1
495,4,1219.98,182.11,258.97,756.19,1,-1,-1,-1
495,1,650.60,113.25,302.10,957.27,1,-1,-1,-1
496,4,1214.75,187.50,245.28,724.90,1,-1,-1,-1
496,1,666.45,118.80,316.50,946.86,1,-1,-1,-1
497,4,1208.54,187.19,234.15,717.80,1,-1,-1,-1
497,1,667.38,135.28,360.92,952.40,1,-1,-1,-1
498,7,660.00,179.00,175.00,715.00,1,-1,-1,-1
498,4,1200.27,185.52,227.63,715.73,1,-1,-1,-1
498,1,679.90,145.58,374.06,940.47,1,-1,-1,-1
499,7,656.01,174.85,199.28,727.77,1,-1,-1,-1
499,4,1183.45,185.85,239.75,716.18,1,-1,-1,-1
499,1,775.00,107.00,401.00,971.00,1,-1,-1,-1
500,7,647.62,179.54,211.03,731.08,1,-1,-1,-1
500,4,1179.37,195.95,238.38,695.76,1,-1,-1,-1
500,1,774.55,128.98,409.21,959.41,1,-1,-1,-1
501,7,638.99,178.63,215.68,746.59,1,-1,-1,-1
501,4,1173.87,204.08,238.63,682.00,1,-1,-1,-1
501,1,812.73,120.70,381.94,959.75,1,-1,-1,-1
502,7,625.52,173.47,218.12,762.08,1,-1,-1,-1
502,4,1168.46,205.91,242.82,678.64,1,-1,-1,-1
502,1,837.43,111.33,349.79,953.72,1,-1,-1,-1
503,7,617.76,167.45,219.10,782.22,1,-1,-1,-1
503,4,1156.39,210.82,236.36,660.88,1,-1,-1,-1
503,1,907.51,110.32,335.87,968.13,1,-1,-1,-1
504,7,613.54,165.26,222.06,782.57,1,-1,-1,-1
504,4,1175.88,210.29,215.60,648.93,1,-1,-1,-1
504,1,972.66,114.26,381.93,984.73,1,-1,-1,-1
505,7,612.28,165.87,223.58,784.34,1,-1,-1,-1
505,1,1007.75,108.07,371.29,986.60,1,-1,-1,-1
506,7,610.21,160.77,226.87,784.36,1,-1,-1,-1
506,1,1032.27,108.28,369.29,990.33,1,-1,-1,-1
507,7,605.24,160.43,232.92,793.57,1,-1,-1,-1
507,1,1049.02,113.17,388.30,980.61,1,-1,-1,-1
508,7,600.13,160.60,239.76,797.29,1,-1,-1,-1
508,1,1043.44,120.77,439.04,975.46,1,-1,-1,-1
509,7,599.21,164.15,240.76,799.48,1,-1,-1,-1
509,5,1031.00,230.00,138.00,565.00,1,-1,-1,-1
509,1,1052.57,133.41,438.20,961.32,1,-1,-1,-1
510,7,596.53,159.17,241.56,812.41,1,-1,-1,-1
510,5,1016.55,216.71,177.05,584.14,1,-1,-1,-1
510,1,1101.36,128.38,394.41,966.48,1,-1,-1,-1
511,7,591.65,159.71,244.81,834.01,1,-1,-1,-1
511,5,1023.27,227.72,184.19,597.27,1,-1,-1,-1
511,1,1119.04,126.88,395.18,963.15,1,-1,-1,-1
512,7,589.19,153.53,246.03,847.14,1,-1,-1,-1
512,5,1013.88,232.66,189.47,600.15,1,-1,-1,-1
512,1,1157.32,110.20,383.21,979.98,1,-1,-1,-1
513,7,585.70,153.61,250.45,866.41,1,-1,-1,-1
513,5,1008.58,230.13,165.24,598.23,1,-1,-1,-1
513,1,1200.02,112.09,372.76,973.78,1,-1,-1,-1
514,7,583.37,151.24,253.11,882.23,1,-1,-1,-1
514,5,1000.55,219.81,158.36,584.09,1,-1,-1,-1
514,1,1216.57,110.71,375.95,974.72,1,-1,-1,-1
515,7,582.66,152.23,257.92,884.40,1,-1,-1,-1
515,5,987.74,209.58,153.17,587.34,1,-1,-1,-1
515,1,1231.50,112.84,384.01,970.71,1,-1,-1,-1
516,7,582.54,149.49,255.06,889.70,1,-1,-1,-1
516,5,967.42,226.29,160.98,577.22,1,-1,-1,-1
516,1,1249.39,97.80,382.54,982.65,1,-1,-1,-1
517,7,587.97,149.81,257.50,899.23,1,-1,-1,-1
517,5,949.77,233.18,169.38,584.10,1,-1,-1,-1
517,1,1265.49,106.18,387.50,976.64,1,-1,-1,-1
518,7,592.24,139.73,259.66,906.01,1,-1,-1,-1
518,5,929.68,242.22,182.09,575.52,1,-1,-1,-1
518,1,1277.72,110.39,380.73,969.93,1,-1,-1,-1
519,7,599.76,138.58,266.24,912.67,1,-1,-1,-1
519,5,906.41,245.45,190.93,571.92,1,-1,-1,-1
519,1,1289.37,124.42,373.64,945.57,1,-1,-1,-1
520,7,603.07,139.97,271.64,915.69,1,-1,-1,-1
520,5,897.59,246.66,194.44,578.56,1,-1,-1,-1
520,1,1299.95,122.78,366.05,952.91,1,-1,-1,-1
521,7,617.83,141.48,270.94,920.37,1,-1,-1,-1
521,5,890.09,226.06,185.59,603.70,1,-1,-1,-1
521,1,1309.93,127.16,360.15,931.91,1,-1,-1,-1
522,7,634.47,133.83,265.85,924.72,1,-1,-1,-1
522,5,877.12,220.72,185.68,610.20,1,-1,-1,-1
522,1,1319.22,130.35,350.85,913.65,1,-1,-1,-1
523,7,651.00,144.00,305.00,921.00,1,-1,-1,-1
523,3,879.00,228.00,124.00,613.00,1,-1,-1,-1
523,1,1323.60,127.36,347.48,888.79,1,-1,-1,-1
524,7,669.57,148.26,306.45,926.68,1,-1,-1,-1
524,3,863.25,219.11,132.64,614.04,1,-1,-1,-1
524,1,1325.92,126.91,342.94,876.50,1,-1,-1,-1
525,7,675.76,145.91,308.86,930.09,1,-1,-1,-1
525,3,875.29,251.06,124.69,588.29,1,-1,-1,-1
525,1,1327.89,131.11,337.53,868.80,1,-1,-1,-1
526,7,695.15,155.30,302.27,922.49,1,-1,-1,-1
526,3,887.37,239.78,119.00,588.29,1,-1,-1,-1
526,1,1328.32,127.36,333.29,868.76,1,-1,-1,-1
527,7,717.55,131.59,282.15,920.33,1,-1,-1,-1
527,3,899.92,237.42,121.23,599.32,1,-1,-1,-1
527,1,1327.30,126.79,325.57,861.16,1,-1,-1,-1
528,7,739.53,126.80,279.91,914.00,1,-1,-1,-1
528,3,913.35,238.45,121.23,599.32,1,-1,-1,-1
528,1,1320.78,135.13,322.08,853.57,1,-1,-1,-1
529,7,749.56,131.40,288.53,927.73,1,-1,-1,-1
529,1,1317.01,145.02,318.12,839.16,1,-1,-1,-1
530,7,740.20,122.94,332.68,953.36,1,-1,-1,-1
530,1,1311.95,149.45,312.56,817.13,1,-1,-1,-1
531,7,734.76,119.99,346.15,954.60,1,-1,-1,-1
531,1,1309.18,156.33,298.36,800.10,1,-1,-1,-1
532,7,773.89,113.09,304.56,965.18,1,-1,-1,-1
532,2,704.00,215.00,155.00,627.00,1,-1,-1,-1
532,1,1307.84,162.70,291.78,790.13,1,-1,-1,-1
533,7,765.19,120.77,322.19,965.14,1,-1,-1,-1
533,2,692.31,236.34,181.23,617.72,1,-1,-1,-1
533,1,1297.48,156.76,287.20,784.63,1,-1,-1,-1
534,7,820.82,134.56,300.85,954.01,1,-1,-1,-1
534,2,662.38,232.36,188.36,617.23,1,-1,-1,-1
534,1,1293.64,156.84,279.35,755.71,1,-1,-1,-1
535,7,853.05,151.64,291.55,938.01,1,-1,-1,-1
535,2,650.38,231.43,194.72,622.75,1,-1,-1,-1
535,1,1289.46,161.55,264.76,735.44,1,-1,-1,-1
536,7,889.11,127.23,282.41,934.21,1,-1,-1,-1
536,2,639.40,227.00,211.04,642.71,1,-1,-1,-1
536,1,1282.62,164.24,252.68,720.18,1,-1,-1,-1
537,7,924.59,126.78,277.68,904.46,1,-1,-1,-1
537,2,626.52,228.39,216.11,643.02,1,-1,-1,-1
537,1,1265.87,166.26,253.54,711.60,1,-1,-1,-1
538,7,955.89,108.11,278.25,882.27,1,-1,-1,-1
538,2,611.07,232.24,212.51,648.89,1,-1,-1,-1
538,1,1246.48,178.03,267.84,702.40,1,-1,-1,-1
539,7,977.56,112.80,297.44,918.60,1,-1,-1,-1
539,2,599.59,230.16,209.09,658.72,1,-1,-1,-1
539,1,1226.64,175.95,272.19,697.46,1,-1,-1,-1
540,7,991.42,126.98,311.40,917.56,1,-1,-1,-1
540,2,590.83,227.65,209.32,668.86,1,-1,-1,-1
540,1,1216.99,176.36,275.65,690.79,1,-1,-1,-1
541,7,1013.70,128.04,297.53,914.16,1,-1,-1,-1
541,2,587.35,224.79,195.92,679.39,1,-1,-1,-1
541,1,1201.00,183.00,280.00,686.00,1,-1,-1,-1
542,7,1028.12,119.22,291.56,915.50,1,-1,-1,-1
542,2,578.92,222.78,197.13,686.41,1,-1,-1,-1
542,1,1202.85,184.61,267.45,692.72,1,-1,-1,-1
543,7,1042.98,121.70,354.02,911.10,1,-1,-1,-1
543,2,569.48,224.03,197.12,684.08,1,-1,-1,-1
543,1,1214.80,185.02,249.75,672.75,1,-1,-1,-1
544,7,1063.75,138.27,348.79,912.58,1,-1,-1,-1
544,2,554.57,224.77,207.62,682.77,1,-1,-1,-1
544,1,1212.12,186.41,274.59,672.75,1,-1,-1,-1
545,7,1086.50,126.34,327.40,913.73,1,-1,-1,-1
545,2,547.96,224.74,206.86,693.65,1,-1,-1,-1
545,1,1202.12,166.13,269.63,660.59,1,-1,-1,-1
546,7,1111.83,130.55,304.31,903.38,1,-1,-1,-1
546,2,540.88,228.40,211.97,709.31,1,-1,-1,-1
547,7,1119.07,126.38,302.97,910.32,1,-1,-1,-1
547,2,534.20,224.38,213.21,728.67,1,-1,-1,-1
548,7,1109.57,121.27,324.46,924.56,1,-1,-1,-1
548,2,519.74,222.70,215.99,739.07,1,-1,-1,-1
549,10,1040.40,250.84,160.31,552.92,1,-1,-1,-1
549,7,1071.10,117.88,352.67,918.90,1,-1,-1,-1
549,2,508.45,225.04,220.82,742.91,1,-1,-1,-1
550,10,1031.00,230.53,181.96,577.13,1,-1,-1,-1
550,7,1122.39,118.30,317.78,911.42,1,-1,-1,-1
550,2,500.17,219.75,224.88,756.43,1,-1,-1,-1
551,10,1018.70,223.07,202.16,600.22,1,-1,-1,-1
551,7,1156.00,117.00,321.00,946.00,1,-1,-1,-1
551,2,493.55,212.97,227.00,767.28,1,-1,-1,-1
552,10,993.54,226.41,224.37,597.71,1,-1,-1,-1
552,7,1159.95,115.66,325.73,952.74,1,-1,-1,-1
552,2,483.64,207.90,241.22,778.80,1,-1,-1,-1
553,10,975.19,227.46,221.62,601.98,1,-1,-1,-1
553,7,1182.43,124.61,327.82,944.72,1,-1,-1,-1
553,2,476.12,201.64,253.39,796.24,1,-1,-1,-1
554,10,955.90,227.47,207.92,605.66,1,-1,-1,-1
554,7,1205.78,119.13,319.60,934.37,1,-1,-1,-1
554,2,471.83,201.23,262.47,798.45,1,-1,-1,-1
555,10,947.79,225.09,187.22,611.55,1,-1,-1,-1
555,7,1217.74,123.18,323.76,918.48,1,-1,-1,-1
555,2,474.36,196.18,259.85,812.53,1,-1,-1,-1
556,10,925.40,227.31,182.19,609.93,1,-1,-1,-1
556,7,1228.36,122.91,324.23,897.70,1,-1,-1,-1
556,2,473.04,196.81,263.52,822.29,1,-1,-1,-1
557,10,895.55,229.38,180.95,600.45,1,-1,-1,-1
557,7,1229.22,123.25,332.34,890.54,1,-1,-1,-1
557,2,476.77,197.37,255.52,833.41,1,-1,-1,-1
558,10,864.45,236.37,201.57,598.61,1,-1,-1,-1
558,7,1239.37,122.53,326.75,888.81,1,-1,-1,-1
558,2,483.19,191.55,255.19,850.74,1,-1,-1,-1
559,10,835.90,236.65,223.16,587.65,1,-1,-1,-1
559,7,1244.81,124.46,315.97,878.46,1,-1,-1,-1
559,2,491.87,189.15,249.41,857.12,1,-1,-1,-1
560,10,809.46,236.13,245.55,602.86,1,-1,-1,-1
560,7,1248.44,132.48,305.98,862.90,1,-1,-1,-1
560,2,501.67,182.78,249.74,870.57,1,-1,-1,-1
561,10,793.53,238.05,241.37,610.51,1,-1,-1,-1
561,7,1246.47,134.98,296.51,847.38,1,-1,-1,-1
561,2,509.24,182.42,252.94,881.55,1,-1,-1,-1
562,10,787.22,237.16,248.75,615.43,1,-1,-1,-1
562,7,1248.31,141.00,287.84,831.18,1,-1,-1,-1
562,2,516.77,182.21,251.28,888.01,1,-1,-1,-1
563,10,789.48,232.37,211.52,622.39,1,-1,-1,-1
563,7,1249.32,143.02,278.91,812.52,1,-1,-1,-1
563,2,523.57,179.74,253.06,891.87,1,-1,-1,-1
564,10,780.57,222.66,184.91,634.84,1,-1,-1,-1
564,7,1243.82,141.57,274.17,806.83,1,-1,-1,-1
564,2,530.88,169.83,257.14,908.75,1,-1,-1,-1
565,10,764.13,218.27,171.73,641.94,1,-1,-1,-1
565,7,1237.43,145.73,271.48,799.75,1,-1,-1,-1
565,2,539.27,169.42,259.18,910.40,1,-1,-1,-1
566,10,764.00,208.00,147.00,641.00,1,-1,-1,-1
566,7,1235.00,147.62,271.62,789.95,1,-1,-1,-1
566,2,543.84,169.50,263.19,903.57,1,-1,-1,-1
567,10,758.29,208.98,139.37,611.24,1,-1,-1,-1
567,7,1228.15,147.09,262.93,787.94,1,-1,-1,-1
567,2,552.83,179.75,273.81,897.96,1,-1,-1,-1
568,10,757.52,216.44,132.66,516.59,1,-1,-1,-1
568,7,1222.85,154.79,262.71,781.03,1,-1,-1,-1
568,2,566.29,191.06,270.28,893.75,1,-1,-1,-1
569,10,762.52,238.21,120.69,526.28,1,-1,-1,-1
569,7,1215.48,159.13,267.56,768.90,1,-1,-1,-1
569,2,577.27,170.89,265.50,918.05,1,-1,-1,-1
570,10,739.02,224.52,122.95,536.14,1,-1,-1,-1
570,7,1208.69,165.29,262.62,757.04,1,-1,-1,-1
570,2,591.19,166.89,266.63,909.75,1,-1,-1,-1
571,7,1203.54,164.77,253.51,755.76,1,-1,-1,-1
571,2,598.26,171.16,270.43,901.93,1,-1,-1,-1
572,7,1197.58,168.90,249.36,744.21,1,-1,-1,-1
572,2,611.47,168.46,280.60,898.38,1,-1,-1,-1
573,7,1190.14,163.73,235.91,749.48,1,-1,-1,-1
573,2,630.24,160.66,284.04,919.92,1,-1,-1,-1
574,7,1187.32,173.36,222.78,726.72,1,-1,-1,-1
574,2,629.10,139.90,284.60,925.45,1,-1,-1,-1
575,10,566.00,198.00,173.00,717.00,1,-1,-1,-1
575,7,1176.79,177.72,222.73,710.81,1,-1,-1,-1
575,2,644.67,152.97,273.55,931.52,1,-1,-1,-1
576,10,546.88,199.16,191.71,729.98,1,-1,-1,-1
576,7,1160.81,173.42,224.05,704.53,1,-1,-1,-1
576,2,670.96,154.93,269.52,899.54,1,-1,-1,-1
577,10,540.13,201.74,203.90,725.39,1,-1,-1,-1
577,7,1152.24,177.52,219.72,689.41,1,-1,-1,-1
577,2,673.00,201.00,330.00,866.00,1,-1,-1,-1
578,10,515.62,199.83,219.89,728.19,1,-1,-1,-1
578,7,1127.64,180.23,236.87,682.34,1,-1,-1,-1
578,2,699.07,194.83,319.68,870.37,1,-1,-1,-1
579,10,502.56,200.12,221.42,749.18,1,-1,-1,-1
579,7,1106.32,183.26,252.49,680.23,1,-1,-1,-1
579,2,714.87,229.21,315.55,828.63,1,-1,-1,-1
580,10,489.63,200.05,227.82,764.19,1,-1,-1,-1
580,7,1101.63,192.16,249.25,667.62,1,-1,-1,-1
580,2,767.52,189.72,283.17,860.81,1,-1,-1,-1
581,10,479.98,202.71,230.67,783.01,1,-1,-1,-1
581,7,1094.94,193.05,244.08,665.55,1,-1,-1,-1
581,2,806.98,174.95,286.16,882.20,1,-1,-1,-1
582,10,476.74,199.61,232.94,798.16,1,-1,-1,-1
582,7,1086.38,192.17,240.28,666.08,1,-1,-1,-1
582,2,840.38,168.90,297.04,893.65,1,-1,-1,-1
583,10,469.60,196.21,231.65,808.21,1,-1,-1,-1
583,7,1072.00,182.00,224.00,663.00,1,-1,-1,-1
583,3,1018.00,150.00,196.00,811.00,1,-1,-1,-1
583,2,867.68,164.22,320.55,903.27,1,-1,-1,-1
584,10,464.02,191.66,231.93,818.86,1,-1,-1,-1
584,7,1057.39,185.99,224.00,663.00,1,-1,-1,-1
584,3,1004.81,145.60,196.00,811.00,1,-1,-1,-1
584,2,902.38,144.43,330.55,930.28,1,-1,-1,-1
585,10,454.50,188.45,240.64,827.28,1,-1,-1,-1
585,7,1040.12,187.31,224.00,663.00,1,-1,-1,-1
585,3,998.41,136.48,199.68,826.21,1,-1,-1,-1
585,2,934.05,164.72,318.11,937.96,1,-1,-1,-1
586,10,447.45,182.56,245.60,836.61,1,-1,-1,-1
586,2,950.62,159.70,332.54,929.76,1,-1,-1,-1
587,10,442.69,178.80,249.63,846.10,1,-1,-1,-1
587,2,972.64,131.99,337.47,947.64,1,-1,-1,-1
588,10,441.75,178.93,252.44,847.50,1,-1,-1,-1
588,5,970.00,104.00,329.00,967.00,1,-1,-1,-1
589,10,438.36,185.12,258.73,858.66,1,-1,-1,-1
589,7,936.00,178.00,224.00,665.00,1,-1,-1,-1
589,5,978.05,106.60,346.60,958.11,1,-1,-1,-1
590,10,442.37,174.69,262.49,868.40,1,-1,-1,-1
590,7,930.48,180.03,232.89,662.80,1,-1,-1,-1
590,5,1025.16,115.15,329.40,945.78,1,-1,-1,-1
591,10,443.22,177.67,275.25,869.64,1,-1,-1,-1
591,7,913.41,189.28,238.61,662.09,1,-1,-1,-1
591,5,1085.48,113.08,305.95,952.58,1,-1,-1,-1
592,10,443.80,179.12,279.41,871.92,1,-1,-1,-1
592,7,910.55,195.23,230.68,656.64,1,-1,-1,-1
592,5,1116.85,115.32,323.57,947.22,1,-1,-1,-1
593,10,450.72,181.18,282.88,880.57,1,-1,-1,-1
593,7,903.02,200.61,212.27,644.54,1,-1,-1,-1
593,5,1141.87,127.50,342.82,942.98,1,-1,-1,-1
594,10,455.69,182.78,285.33,891.34,1,-1,-1,-1
594,7,886.47,188.92,200.01,657.49,1,-1,-1,-1
594,5,1161.18,124.82,349.16,952.31,1,-1,-1,-1
595,10,463.25,177.00,276.44,905.18,1,-1,-1,-1
595,7,863.92,187.04,203.60,652.24,1,-1,-1,-1
595,5,1169.19,137.84,376.95,939.53,1,-1,-1,-1
596,10,482.10,183.33,277.99,902.63,1,-1,-1,-1
596,7,845.33,190.82,213.69,657.37,1,-1,-1,-1
596,5,1190.43,136.06,368.93,940.13,1,-1,-1,-1
597,10,503.28,169.79,269.49,917.68,1,-1,-1,-1
597,7,822.54,187.61,223.82,669.53,1,-1,-1,-1
597,5,1207.58,136.78,358.45,942.70,1,-1,-1,-1
598,10,535.47,170.64,263.05,921.08,1,-1,-1,-1
598,7,800.06,194.02,239.25,669.13,1,-1,-1,-1
598,5,1226.30,138.07,344.69,940.33,1,-1,-1,-1
599,10,548.19,173.36,268.61,931.55,1,-1,-1,-1
599,7,790.94,197.47,240.28,665.81,1,-1,-1,-1
599,5,1233.53,125.67,340.86,943.53,1,-1,-1,-1
600,10,562.91,169.68,280.67,929.49,1,-1,-1,-1
600,7,783.42,195.22,234.54,672.47,1,-1,-1,-1
600,5,1251.79,126.95,334.57,946.69,1,-1,-1,-1
601,10,585.61,166.78,262.43,939.86,1,-1,-1,-1
601,7,777.04,190.48,214.00,679.23,1,-1,-1,-1
601,5,1259.71,121.03,329.12,946.00,1,-1,-1,-1
602,10,595.98,155.85,299.46,951.77,1,-1,-1,-1
602,7,760.63,173.28,205.15,705.85,1,-1,-1,-1
602,5,1274.07,130.78,322.68,940.68,1,-1,-1,-1
603,10,623.16,155.42,288.17,954.22,1,-1,-1,-1
603,7,681.00,166.54,237.76,705.85,1,-1,-1,-1
603,5,1281.17,132.97,318.02,932.08,1,-1,-1,-1
604,10,634.36,151.24,287.69,956.19,1,-1,-1,-1
604,7,656.98,179.26,237.76,705.85,1,-1,-1,-1
604,5,1287.02,135.71,313.90,924.75,1,-1,-1,-1
605,10,659.53,152.89,279.87,948.77,1,-1,-1,-1
605,5,1293.69,143.25,312.65,909.72,1,-1,-1,-1
606,10,679.43,143.99,277.91,965.37,1,-1,-1,-1
606,5,1307.18,146.72,306.97,909.76,1,-1,-1,-1
607,10,693.19,137.96,287.17,945.03,1,-1,-1,-1
607,7,648.00,215.00,197.00,686.00,1,-1,-1,-1
607,5,1316.32,148.93,305.88,890.33,1,-1,-1,-1
608,10,731.37,107.50,246.98,942.97,1,-1,-1,-1
608,7,645.28,180.46,241.66,734.64,1,-1,-1,-1
608,5,1322.21,145.73,302.68,884.59,1,-1,-1,-1
609,7,628.78,178.74,237.38,746.22,1,-1,-1,-1
609,5,1323.92,142.21,300.66,878.52,1,-1,-1,-1
609,1,806.00,91.00,306.00,963.00,1,-1,-1,-1
610,7,629.32,177.83,233.91,750.53,1,-1,-1,-1
610,5,1323.31,142.69,299.61,869.99,1,-1,-1,-1
610,1,807.56,93.79,304.43,965.59,1,-1,-1,-1
611,7,609.94,181.93,235.01,747.32,1,-1,-1,-1
611,5,1324.46,137.90,292.02,859.38,1,-1,-1,-1
611,1,824.72,101.42,311.70,960.79,1,-1,-1,-1
612,7,591.62,177.94,234.44,760.91,1,-1,-1,-1
612,5,1321.46,144.30,287.75,841.61,1,-1,-1,-1
612,1,848.04,106.84,328.94,959.06,1,-1,-1,-1
613,7,569.06,175.82,240.03,758.33,1,-1,-1,-1
613,5,1318.96,151.50,278.29,834.28,1,-1,-1,-1
613,1,873.46,111.69,339.19,962.22,1,-1,-1,-1
614,7,557.20,173.51,243.35,760.69,1,-1,-1,-1
614,5,1316.91,154.47,277.35,817.54,1,-1,-1,-1
614,1,883.12,111.00,347.04,948.14,1,-1,-1,-1
615,7,541.50,169.97,253.04,769.93,1,-1,-1,-1
615,5,1316.75,163.76,268.04,802.24,1,-1,-1,-1
615,1,946.17,112.63,346.95,962.72,1,-1,-1,-1
616,7,523.27,168.42,278.80,807.32,1,-1,-1,-1
616,5,1306.61,165.23,268.09,801.19,1,-1,-1,-1
616,1,984.29,125.12,349.15,946.75,1,-1,-1,-1
617,7,511.30,166.83,285.83,828.56,1,-1,-1,-1
617,5,1297.02,161.52,267.08,792.34,1,-1,-1,-1
617,1,1029.33,128.18,331.49,932.30,1,-1,-1,-1
618,7,521.44,167.45,279.61,838.82,1,-1,-1,-1
618,5,1289.06,168.88,254.82,775.78,1,-1,-1,-1
618,1,1087.30,126.03,315.46,937.00,1,-1,-1,-1
619,7,517.86,164.79,283.70,847.81,1,-1,-1,-1
619,5,1224.44,148.87,263.94,775.78,1,-1,-1,-1
619,1,1147.95,114.09,334.77,951.41,1,-1,-1,-1
620,7,524.25,150.32,275.86,865.59,1,-1,-1,-1
620,1,1170.87,114.90,352.94,945.06,1,-1,-1,-1
621,7,522.97,148.40,279.33,860.94,1,-1,-1,-1
621,1,1187.72,105.20,355.86,947.33,1,-1,-1,-1
622,7,523.14,141.10,276.72,877.49,1,-1,-1,-1
622,1,1207.79,109.61,373.03,956.06,1,-1,-1,-1
623,7,527.81,138.42,279.16,887.03,1,-1,-1,-1
623,1,1230.48,119.85,390.83,963.48,1,-1,-1,-1
624,7,530.49,144.46,281.03,893.12,1,-1,-1,-1
624,1,1234.99,140.85,402.71,948.18,1,-1,-1,-1
625,7,535.63,132.67,279.49,912.09,1,-1,-1,-1
625,2,1185.00,254.00,168.00,584.00,1,-1,-1,-1
625,1,1240.86,139.18,393.44,937.40,1,-1,-1,-1
626,7,541.84,131.80,282.99,921.38,1,-1,-1,-1
626,2,1185.56,259.39,195.80,601.84,1,-1,-1,-1
626,1,1264.37,132.94,366.17,936.78,1,-1,-1,-1
627,7,547.11,131.71,280.81,926.92,1,-1,-1,-1
627,2,1180.11,218.95,198.45,646.00,1,-1,-1,-1
627,1,1304.44,112.78,342.25,941.66,1,-1,-1,-1
628,7,557.51,136.22,289.50,924.36,1,-1,-1,-1
628,2,1173.07,205.26,189.75,665.07,1,-1,-1,-1
628,1,1331.14,109.63,329.07,931.63,1,-1,-1,-1
629,7,578.11,135.02,278.18,923.67,1,-1,-1,-1
629,2,1142.27,205.31,185.14,659.46,1,-1,-1,-1
629,1,1369.70,112.63,321.31,916.69,1,-1,-1,-1
630,7,592.05,134.14,276.66,925.98,1,-1,-1,-1
630,2,1123.32,206.98,194.43,656.51,1,-1,-1,-1
630,1,1375.92,108.23,319.60,933.95,1,-1,-1,-1
631,7,616.36,128.79,272.60,934.40,1,-1,-1,-1
631,2,1096.40,206.24,211.02,651.33,1,-1,-1,-1
631,1,1383.61,111.12,328.76,938.81,1,-1,-1,-1
632,7,628.91,122.19,286.36,952.05,1,-1,-1,-1
632,2,1061.33,222.80,238.12,629.98,1,-1,-1,-1
632,1,1393.80,114.53,327.33,920.29,1,-1,-1,-1
633,7,645.65,122.04,284.03,956.42,1,-1,-1,-1
633,2,1060.13,223.26,233.42,623.64,1,-1,-1,-1
633,1,1399.30,118.46,320.68,910.65,1,-1,-1,-1
634,7,652.05,114.17,303.09,963.27,1,-1,-1,-1
634,2,1047.44,227.35,235.86,618.10,1,-1,-1,-1
634,1,1405.46,123.24,321.01,903.97,1,-1,-1,-1
635,3,688.00,113.00,364.00,962.00,1,-1,-1,-1
635,2,1041.36,228.54,208.71,616.51,1,-1,-1,-1
635,1,1410.49,133.24,314.34,895.51,1,-1,-1,-1
636,3,701.61,127.28,355.96,961.24,1,-1,-1,-1
636,2,1030.95,225.37,197.55,619.73,1,-1,-1,-1
636,1,1410.92,132.27,311.43,886.63,1,-1,-1,-1
637,3,712.31,128.83,354.07,961.88,1,-1,-1,-1
637,2,1015.93,221.91,178.91,629.64,1,-1,-1,-1
637,1,1413.02,134.00,301.26,874.42,1,-1,-1,-1
638,3,732.05,130.54,356.18,963.74,1,-1,-1,-1
638,2,1006.94,225.29,174.75,629.46,1,-1,-1,-1
638,1,1413.56,131.96,288.29,864.49,1,-1,-1,-1
639,3,763.70,124.01,356.15,961.47,1,-1,-1,-1
639,2,993.17,218.05,163.40,639.71,1,-1,-1,-1
639,1,1416.30,134.20,282.66,848.94,1,-1,-1,-1
640,3,812.72,117.46,334.24,959.47,1,-1,-1,-1
640,2,1001.00,265.00,143.00,564.00,1,-1,-1,-1
640,1,1415.71,134.85,271.70,833.95,1,-1,-1,-1
641,3,853.06,103.57,326.14,948.61,1,-1,-1,-1
641,2,1016.50,245.37,143.00,564.00,1,-1,-1,-1
641,1,1411.75,137.49,264.35,820.79,1,-1,-1,-1
642,3,865.06,110.39,350.52,963.11,1,-1,-1,-1
642,2,1046.47,227.80,143.00,564.00,1,-1,-1,-1
642,1,1401.97,137.58,260.34,804.59,1,-1,-1,-1
643,11,963.27,96.04,179.69,217.86,1,-1,-1,-1
643,3,865.81,129.90,363.14,959.70,1,-1,-1,-1
643,1,1387.15,145.91,266.16,788.93,1,-1,-1,-1
644,11,973.83,90.64,179.00,217.00,1,-1,-1,-1
644,3,860.98,130.51,373.89,954.15,1,-1,-1,-1
644,1,1375.69,151.60,266.70,776.23,1,-1,-1,-1
645,11,1000.59,93.76,179.00,217.00,1,-1,-1,-1
645,7,857.00,209.00,131.00,619.00,1,-1,-1,-1
645,3,877.82,113.48,373.13,969.86,1,-1,-1,-1
645,1,1371.12,157.63,256.54,760.66,1,-1,-1,-1
646,7,861.49,199.51,146.83,635.53,1,-1,-1,-1
646,3,923.76,127.22,355.10,956.57,1,-1,-1,-1
646,1,1360.68,161.15,253.31,745.78,1,-1,-1,-1
647,7,819.34,216.43,149.64,624.20,1,-1,-1,-1
647,3,964.81,113.87,337.12,963.18,1,-1,-1,-1
647,1,1347.53,162.36,250.17,738.58,1,-1,-1,-1
648,7,791.13,210.82,159.53,632.11,1,-1,-1,-1
648,3,987.34,116.10,336.49,970.32,1,-1,-1,-1
648,1,1329.04,163.05,247.25,732.45,1,-1,-1,-1
649,7,759.77,215.74,180.32,638.71,1,-1,-1,-1
649,3,1026.43,111.61,333.11,968.93,1,-1,-1,-1
649,1,1301.67,166.03,244.07,711.78,1,-1,-1,-1
650,7,745.86,214.44,187.12,650.35,1,-1,-1,-1
650,3,1050.91,124.31,322.81,951.22,1,-1,-1,-1
650,1,1288.76,166.95,236.82,702.39,1,-1,-1,-1
651,7,721.16,218.25,200.15,651.54,1,-1,-1,-1
651,3,1087.95,113.93,335.01,933.17,1,-1,-1,-1
651,1,1278.01,157.71,215.34,696.65,1,-1,-1,-1
652,9,1308.00,176.00,148.00,557.00,1,-1,-1,-1
652,7,705.67,218.31,205.31,661.14,1,-1,-1,-1
652,3,1110.70,100.68,359.90,927.58,1,-1,-1,-1
653,9,1325.59,168.76,148.00,557.00,1,-1,-1,-1
653,7,703.29,216.14,195.34,669.12,1,-1,-1,-1
653,3,1126.58,97.03,367.08,928.30,1,-1,-1,-1
654,9,1248.05,147.58,256.14,681.80,1,-1,-1,-1
654,7,695.48,219.36,176.15,666.25,1,-1,-1,-1
655,9,1151.00,107.00,383.00,951.00,1,-1,-1,-1
655,7,684.19,218.01,163.32,664.31,1,-1,-1,-1
