31,0,5.78,265.18,155.16,577.17,-1,-1,-1,-1
32,0,5.80,262.68,174.75,571.50,-1,-1,-1,-1
33,0,7.20,257.30,194.19,583.36,-1,-1,-1,-1
34,0,6.06,262.34,228.12,575.18,-1,-1,-1,-1
35,0,8.30,258.39,268.35,578.10,-1,-1,-1,-1
36,0,14.34,262.91,285.23,572.02,-1,-1,-1,-1
37,0,21.32,266.43,292.35,569.16,-1,-1,-1,-1
38,0,39.43,266.80,276.07,572.89,-1,-1,-1,-1
39,0,54.88,265.23,263.58,577.85,-1,-1,-1,-1
40,0,66.14,257.05,253.31,591.92,-1,-1,-1,-1
41,0,72.75,254.30,249.72,595.51,-1,-1,-1,-1
42,0,76.20,253.23,258.14,599.09,-1,-1,-1,-1
43,0,69.41,244.05,299.79,617.69,-1,-1,-1,-1
44,0,60.88,237.52,337.44,642.08,-1,-1,-1,-1
45,0,60.95,236.12,353.35,652.68,-1,-1,-1,-1
46,0,62.39,238.55,357.18,654.42,-1,-1,-1,-1
47,0,69.07,240.11,345.48,664.90,-1,-1,-1,-1
48,0,78.31,242.28,326.63,670.58,-1,-1,-1,-1
49,0,82.45,245.30,316.13,672.30,-1,-1,-1,-1
50,0,91.86,236.81,300.41,686.38,-1,-1,-1,-1
51,0,97.55,236.15,291.86,684.70,-1,-1,-1,-1
52,0,96.05,229.61,298.70,693.19,-1,-1,-1,-1
53,0,95.30,226.28,305.02,709.20,-1,-1,-1,-1
54,0,93.88,225.77,312.90,719.58,-1,-1,-1,-1
55,0,93.10,228.21,321.14,728.86,-1,-1,-1,-1
56,0,95.51,222.56,326.25,756.14,-1,-1,-1,-1
57,0,99.76,217.63,329.46,780.85,-1,-1,-1,-1
58,0,103.00,218.33,332.60,789.03,-1,-1,-1,-1
59,0,104.29,218.14,335.84,793.70,-1,-1,-1,-1
60,0,103.82,212.03,340.83,803.20,-1,-1,-1,-1
61,0,103.44,210.47,345.00,806.37,-1,-1,-1,-1
62,0,95.31,207.03,354.87,820.01,-1,-1,-1,-1
63,0,87.30,204.15,365.25,828.22,-1,-1,-1,-1
64,0,77.07,202.58,376.47,835.22,-1,-1,-1,-1
65,0,74.60,207.30,389.73,840.01,-1,-1,-1,-1
66,0,97.02,202.42,377.03,862.77,-1,-1,-1,-1
67,0,114.06,202.41,372.16,870.43,-1,-1,-1,-1
68,0,141.38,202.36,367.86,865.08,-1,-1,-1,-1
69,0,180.31,193.67,352.68,875.63,-1,-1,-1,-1
70,0,221.33,185.62,329.94,884.27,-1,-1,-1,-1
71,0,255.71,174.26,330.35,894.74,-1,-1,-1,-1
72,0,283.06,164.94,336.58,910.18,-1,-1,-1,-1
73,0,302.34,163.42,372.66,913.59,-1,-1,-1,-1
74,0,326.47,167.13,397.70,910.83,-1,-1,-1,-1
75,0,345.36,168.97,414.48,909.49,-1,-1,-1,-1
76,0,375.73,173.74,403.37,901.06,-1,-1,-1,-1
77,0,418.60,168.09,377.69,906.59,-1,-1,-1,-1
78,0,489.43,166.13,308.36,907.82,-1,-1,-1,-1
79,0,533.01,159.53,280.49,917.07,-1,-1,-1,-1
80,0,567.96,152.28,282.59,916.34,-1,-1,-1,-1
81,0,591.18,150.44,326.56,919.95,-1,-1,-1,-1
82,0,616.43,152.94,396.17,918.89,-1,-1,-1,-1
83,0,641.06,163.66,438.70,908.36,-1,-1,-1,-1
84,0,667.41,161.00,435.39,912.34,-1,-1,-1,-1
85,0,704.73,165.05,402.37,905.87,-1,-1,-1,-1
86,0,718.55,173.80,397.28,888.03,-1,-1,-1,-1
87,0,754.68,180.64,364.61,877.22,-1,-1,-1,-1
88,0,801.84,182.59,325.37,869.50,-1,-1,-1,-1
89,0,835.71,179.39,318.18,874.58,-1,-1,-1,-1
90,0,846.02,181.86,332.45,854.27,-1,-1,-1,-1
91,0,841.82,179.94,364.80,863.54,-1,-1,-1,-1
92,0,838.69,184.79,391.99,855.58,-1,-1,-1,-1
93,0,847.28,187.69,395.12,856.10,-1,-1,-1,-1
94,0,861.92,192.20,386.49,847.58,-1,-1,-1,-1
95,0,886.82,194.55,365.74,834.36,-1,-1,-1,-1
96,0,927.25,196.46,327.73,797.06,-1,-1,-1,-1
97,0,965.45,196.79,295.31,777.64,-1,-1,-1,-1
98,0,989.96,190.61,277.08,777.36,-1,-1,-1,-1
99,0,1010.58,188.38,264.98,768.51,-1,-1,-1,-1
100,0,1023.41,191.18,276.09,751.64,-1,-1,-1,-1
101,0,1035.67,194.22,277.80,735.74,-1,-1,-1,-1
102,0,1048.67,191.05,270.16,741.97,-1,-1,-1,-1
103,0,1065.44,178.85,255.60,757.32,-1,-1,-1,-1
104,0,1077.84,173.55,247.60,759.71,-1,-1,-1,-1
105,0,1085.80,171.19,243.18,762.91,-1,-1,-1,-1
106,0,1095.70,184.53,237.94,735.27,-1,-1,-1,-1
107,0,1107.71,174.47,230.17,744.65,-1,-1,-1,-1
108,0,1130.48,180.32,225.87,724.62,-1,-1,-1,-1
109,0,1153.02,187.27,218.27,705.51,-1,-1,-1,-1
110,0,1173.93,192.78,217.33,693.68,-1,-1,-1,-1
111,0,1193.98,193.04,206.46,691.48,-1,-1,-1,-1
112,0,1199.54,197.76,209.89,678.56,-1,-1,-1,-1
113,0,1210.49,200.81,199.07,676.90,-1,-1,-1,-1
114,0,1212.04,207.68,208.79,659.28,-1,-1,-1,-1
115,0,1215.42,212.32,209.74,651.84,-1,-1,-1,-1
116,0,1214.61,220.06,218.55,636.63,-1,-1,-1,-1
117,0,1214.57,218.63,231.54,632.81,-1,-1,-1,-1
118,0,1216.65,215.45,239.38,634.37,-1,-1,-1,-1
119,0,1212.09,217.70,259.80,628.10,-1,-1,-1,-1
120,0,1209.04,218.93,277.43,623.11,-1,-1,-1,-1
121,0,1210.28,218.50,286.70,621.50,-1,-1,-1,-1
122,0,1214.49,219.71,287.93,616.08,-1,-1,-1,-1
123,0,1221.11,223.23,282.95,608.97,-1,-1,-1,-1
123,1,11.57,240.51,252.86,590.95,-1,-1,-1,-1
124,0,1232.25,219.86,265.87,618.27,-1,-1,-1,-1
124,1,8.90,236.28,268.33,605.08,-1,-1,-1,-1
125,0,1240.68,227.66,252.00,601.85,-1,-1,-1,-1
125,1,9.29,236.49,281.74,602.38,-1,-1,-1,-1
126,0,1242.83,232.40,243.25,583.50,-1,-1,-1,-1
126,1,14.48,236.60,278.98,593.78,-1,-1,-1,-1
127,0,1242.64,232.01,212.80,575.17,-1,-1,-1,-1
127,1,16.69,237.35,291.58,597.13,-1,-1,-1,-1
128,0,1236.64,237.39,190.76,555.31,-1,-1,-1,-1
128,1,22.27,232.26,287.87,610.95,-1,-1,-1,-1
129,0,1221.12,237.10,192.31,544.15,-1,-1,-1,-1
129,1,29.68,228.37,278.64,626.84,-1,-1,-1,-1
130,0,1211.97,234.32,189.12,539.78,-1,-1,-1,-1
130,1,34.87,226.94,270.26,634.51,-1,-1,-1,-1
131,0,1187.24,230.51,212.47,538.05,-1,-1,-1,-1
131,1,40.21,223.84,264.95,647.83,-1,-1,-1,-1
132,0,1149.29,231.98,248.46,535.61,-1,-1,-1,-1
132,1,48.87,218.98,256.59,666.16,-1,-1,-1,-1
133,0,1106.38,234.54,285.42,533.57,-1,-1,-1,-1
133,1,49.82,218.56,264.79,675.57,-1,-1,-1,-1
134,0,1074.14,231.80,297.53,539.41,-1,-1,-1,-1
134,1,51.47,218.07,278.04,681.64,-1,-1,-1,-1
135,0,1050.69,231.96,299.72,538.75,-1,-1,-1,-1
135,1,57.85,215.65,278.16,686.08,-1,-1,-1,-1
136,0,1037.65,232.35,285.03,531.63,-1,-1,-1,-1
136,1,59.44,215.11,285.63,683.47,-1,-1,-1,-1
137,0,1028.03,230.92,257.81,526.10,-1,-1,-1,-1
137,1,53.99,210.12,308.03,691.31,-1,-1,-1,-1
138,0,1021.78,224.59,235.52,534.95,-1,-1,-1,-1
138,1,44.44,206.90,345.10,701.28,-1,-1,-1,-1
139,0,1015.80,223.93,210.87,536.06,-1,-1,-1,-1
139,1,37.97,205.75,379.34,710.33,-1,-1,-1,-1
140,0,1013.90,221.65,189.97,542.69,-1,-1,-1,-1
140,1,40.51,207.38,391.60,714.60,-1,-1,-1,-1
141,0,994.16,223.41,203.59,536.49,-1,-1,-1,-1
141,1,49.40,198.77,369.94,738.73,-1,-1,-1,-1
142,0,972.10,227.83,220.10,531.17,-1,-1,-1,-1
142,1,58.52,192.95,354.41,755.07,-1,-1,-1,-1
143,0,956.56,235.72,231.82,526.71,-1,-1,-1,-1
143,1,64.85,191.00,341.29,759.29,-1,-1,-1,-1
144,0,938.25,238.50,236.66,533.98,-1,-1,-1,-1
144,1,66.87,186.85,333.35,766.57,-1,-1,-1,-1
145,0,932.63,245.98,225.78,529.53,-1,-1,-1,-1
145,1,66.49,179.58,328.04,780.76,-1,-1,-1,-1
146,0,917.01,243.78,219.78,533.18,-1,-1,-1,-1
146,1,63.72,172.24,331.90,798.07,-1,-1,-1,-1
147,0,887.66,238.40,226.61,540.20,-1,-1,-1,-1
147,1,59.41,167.65,340.49,823.52,-1,-1,-1,-1
148,0,855.06,232.06,250.81,551.05,-1,-1,-1,-1
148,1,57.48,163.46,347.40,842.48,-1,-1,-1,-1
149,0,815.12,219.71,285.61,574.87,-1,-1,-1,-1
149,1,60.02,161.98,347.66,857.50,-1,-1,-1,-1
150,0,783.50,221.86,308.97,571.41,-1,-1,-1,-1
150,1,62.00,161.23,349.75,867.78,-1,-1,-1,-1
151,0,758.95,223.74,317.54,571.79,-1,-1,-1,-1
151,1,60.24,165.27,356.02,863.91,-1,-1,-1,-1
152,0,741.63,226.89,317.49,572.37,-1,-1,-1,-1
152,1,52.01,159.61,369.74,879.24,-1,-1,-1,-1
153,0,742.57,234.68,281.26,569.74,-1,-1,-1,-1
153,1,46.39,156.51,376.79,885.74,-1,-1,-1,-1
154,0,741.24,237.46,242.51,573.43,-1,-1,-1,-1
154,1,31.77,143.23,398.24,913.50,-1,-1,-1,-1
155,0,738.31,243.79,205.47,565.04,-1,-1,-1,-1
155,1,23.16,139.64,412.07,921.82,-1,-1,-1,-1
156,0,734.27,251.51,186.23,557.50,-1,-1,-1,-1
156,1,17.10,136.56,418.81,928.56,-1,-1,-1,-1
157,0,722.61,246.15,182.24,569.22,-1,-1,-1,-1
157,1,13.81,129.07,418.37,945.21,-1,-1,-1,-1
158,0,706.01,241.45,187.03,580.34,-1,-1,-1,-1
158,1,11.92,124.04,409.67,954.90,-1,-1,-1,-1
159,0,682.24,237.04,200.45,585.62,-1,-1,-1,-1
159,1,17.75,127.11,401.51,948.43,-1,-1,-1,-1
160,0,671.90,234.07,195.11,592.10,-1,-1,-1,-1
160,1,15.51,122.29,405.84,955.26,-1,-1,-1,-1
161,0,668.56,242.98,190.14,583.38,-1,-1,-1,-1
161,1,16.85,107.61,409.69,972.91,-1,-1,-1,-1
162,0,673.04,242.51,178.87,591.81,-1,-1,-1,-1
162,1,32.66,97.58,402.92,986.02,-1,-1,-1,-1
163,0,674.78,248.22,176.94,585.74,-1,-1,-1,-1
163,1,32.82,94.73,420.68,979.99,-1,-1,-1,-1
164,0,676.85,246.45,173.83,592.34,-1,-1,-1,-1
164,1,42.05,96.05,424.65,971.64,-1,-1,-1,-1
165,0,672.05,247.42,183.39,593.78,-1,-1,-1,-1
165,1,61.69,95.83,423.20,971.11,-1,-1,-1,-1
166,0,666.74,244.99,200.79,596.39,-1,-1,-1,-1
166,1,79.52,91.42,432.64,971.09,-1,-1,-1,-1
167,0,661.13,244.43,229.54,603.00,-1,-1,-1,-1
167,1,107.87,84.15,439.72,979.94,-1,-1,-1,-1
168,0,659.58,246.44,262.37,598.61,-1,-1,-1,-1
168,1,131.10,82.52,473.06,978.71,-1,-1,-1,-1
169,0,668.38,246.07,275.22,600.70,-1,-1,-1,-1
169,1,158.58,78.46,475.03,984.82,-1,-1,-1,-1
170,0,679.63,247.83,291.75,598.82,-1,-1,-1,-1
170,1,189.46,71.22,447.93,994.57,-1,-1,-1,-1
171,0,696.24,249.41,295.75,598.44,-1,-1,-1,-1
171,1,216.37,54.10,464.73,1016.05,-1,-1,-1,-1
172,0,712.33,251.58,294.17,591.00,-1,-1,-1,-1
172,1,260.63,43.70,455.44,1029.87,-1,-1,-1,-1
173,0,738.89,243.57,276.29,597.98,-1,-1,-1,-1
173,1,304.46,45.45,451.33,1026.19,-1,-1,-1,-1
174,0,770.29,248.55,250.10,587.50,-1,-1,-1,-1
174,1,352.13,49.30,440.94,1017.79,-1,-1,-1,-1
175,0,822.68,242.02,208.15,588.82,-1,-1,-1,-1
175,1,405.90,47.51,429.87,1021.64,-1,-1,-1,-1
176,0,860.86,230.25,187.57,605.64,-1,-1,-1,-1
176,1,464.12,53.37,409.71,1006.45,-1,-1,-1,-1
177,0,879.94,224.89,189.79,611.99,-1,-1,-1,-1
177,1,510.27,23.64,444.11,1051.13,-1,-1,-1,-1
178,0,892.54,222.20,216.09,616.37,-1,-1,-1,-1
178,1,567.21,54.41,430.17,1016.11,-1,-1,-1,-1
179,0,899.03,231.04,251.98,594.31,-1,-1,-1,-1
179,1,620.68,97.63,478.54,941.83,-1,-1,-1,-1
180,0,885.03,234.89,309.79,597.22,-1,-1,-1,-1
180,1,692.43,127.85,474.59,923.00,-1,-1,-1,-1
181,0,911.41,226.28,310.94,614.74,-1,-1,-1,-1
181,1,738.54,182.34,486.12,862.67,-1,-1,-1,-1
182,0,953.86,211.53,294.84,649.91,-1,-1,-1,-1
182,1,794.46,199.35,465.62,855.37,-1,-1,-1,-1
183,0,904.47,91.69,384.31,893.48,-1,-1,-1,-1
183,1,897.80,200.97,406.02,763.13,-1,-1,-1,-1
184,0,898.39,34.17,416.21,1014.01,-1,-1,-1,-1
184,1,1011.24,185.07,339.29,674.30,-1,-1,-1,-1
185,0,914.82,-3.80,405.73,1091.86,-1,-1,-1,-1
185,1,1090.03,207.94,303.20,602.56,-1,-1,-1,-1
186,0,918.10,3.21,450.10,1095.65,-1,-1,-1,-1
186,1,1168.82,230.81,267.11,530.82,-1,-1,-1,-1
187,0,923.36,-24.57,474.67,1155.42,-1,-1,-1,-1
187,1,1247.61,253.68,231.02,459.07,-1,-1,-1,-1
188,0,928.61,-52.36,499.25,1215.20,-1,-1,-1,-1
188,1,1326.40,276.55,194.93,387.33,-1,-1,-1,-1
189,0,933.86,-80.14,523.83,1274.97,-1,-1,-1,-1
190,0,939.12,-107.92,548.41,1334.75,-1,-1,-1,-1
191,0,1025.57,146.75,568.25,911.73,-1,-1,-1,-1
192,0,1105.29,149.92,566.81,915.46,-1,-1,-1,-1
193,0,1153.27,156.51,541.80,909.32,-1,-1,-1,-1
194,0,1191.68,168.06,522.72,889.22,-1,-1,-1,-1
195,0,1206.07,142.88,522.09,930.02,-1,-1,-1,-1
196,0,1225.86,113.77,529.10,964.42,-1,-1,-1,-1
197,0,1243.28,78.59,533.56,1011.33,-1,-1,-1,-1
198,0,1259.33,80.74,536.53,1007.20,-1,-1,-1,-1
199,0,1313.04,65.63,489.67,1019.24,-1,-1,-1,-1
200,0,1351.49,55.96,488.19,1027.23,-1,-1,-1,-1
200,3,1172.71,201.81,256.00,712.22,-1,-1,-1,-1
201,0,1378.79,60.71,480.31,1012.46,-1,-1,-1,-1
201,3,1185.13,208.59,256.06,705.54,-1,-1,-1,-1
202,0,1395.41,59.61,484.69,1014.91,-1,-1,-1,-1
202,3,1191.28,211.29,252.18,701.79,-1,-1,-1,-1
203,0,1417.30,64.00,485.13,1007.17,-1,-1,-1,-1
203,3,1193.75,217.27,252.07,692.40,-1,-1,-1,-1
204,0,1445.39,66.07,460.61,1001.41,-1,-1,-1,-1
204,3,1184.20,213.41,274.37,697.53,-1,-1,-1,-1
205,0,1464.75,66.13,453.93,1002.15,-1,-1,-1,-1
205,3,1174.62,203.24,280.10,716.08,-1,-1,-1,-1
206,0,1475.00,65.70,449.45,1002.28,-1,-1,-1,-1
206,3,1165.00,193.46,279.07,737.20,-1,-1,-1,-1
207,0,1493.05,64.33,430.81,1001.84,-1,-1,-1,-1
207,3,1150.11,191.99,291.12,742.31,-1,-1,-1,-1
208,0,1497.43,83.06,431.30,973.00,-1,-1,-1,-1
208,3,1129.72,187.61,310.08,762.00,-1,-1,-1,-1
209,0,1499.55,97.99,430.60,958.87,-1,-1,-1,-1
209,3,1107.26,187.03,325.06,773.58,-1,-1,-1,-1
210,0,1498.36,106.41,427.06,951.03,-1,-1,-1,-1
210,3,1085.45,188.89,331.37,778.97,-1,-1,-1,-1
211,0,1495.38,118.13,403.90,920.57,-1,-1,-1,-1
211,3,1081.19,184.56,304.93,792.47,-1,-1,-1,-1
212,0,1496.12,125.83,385.66,900.60,-1,-1,-1,-1
212,3,1070.74,185.29,288.35,790.28,-1,-1,-1,-1
213,0,1494.16,133.78,372.40,875.97,-1,-1,-1,-1
213,3,1061.16,185.91,258.48,783.49,-1,-1,-1,-1
214,0,1491.81,127.58,354.94,874.21,-1,-1,-1,-1
214,3,1048.47,180.36,228.80,799.92,-1,-1,-1,-1
215,0,1493.65,129.41,335.26,862.48,-1,-1,-1,-1
215,3,1013.93,177.41,234.94,796.67,-1,-1,-1,-1
216,0,1490.34,126.72,322.66,872.77,-1,-1,-1,-1
216,3,965.47,172.86,259.28,804.48,-1,-1,-1,-1
217,0,1484.24,136.62,320.36,844.27,-1,-1,-1,-1
217,3,900.77,160.68,319.42,825.03,-1,-1,-1,-1
218,0,1483.95,148.04,301.68,818.10,-1,-1,-1,-1
218,3,851.17,173.05,354.64,812.43,-1,-1,-1,-1
219,0,1483.93,156.44,278.84,779.35,-1,-1,-1,-1
219,3,823.29,180.09,356.85,803.69,-1,-1,-1,-1
220,0,1480.13,152.37,259.37,766.31,-1,-1,-1,-1
220,3,817.15,176.68,330.26,814.48,-1,-1,-1,-1
221,0,1465.09,154.48,254.22,742.53,-1,-1,-1,-1
221,3,819.93,180.58,280.50,805.05,-1,-1,-1,-1
222,0,1446.89,157.17,253.35,722.02,-1,-1,-1,-1
222,3,810.33,176.99,246.17,802.84,-1,-1,-1,-1
223,0,1430.23,146.97,247.44,728.93,-1,-1,-1,-1
223,3,769.55,172.57,274.12,822.12,-1,-1,-1,-1
224,0,1412.72,145.42,253.03,722.53,-1,-1,-1,-1
224,3,732.53,169.80,304.44,828.89,-1,-1,-1,-1
225,0,1393.31,153.12,263.85,711.01,-1,-1,-1,-1
225,3,684.51,162.01,371.65,856.99,-1,-1,-1,-1
226,0,1373.97,163.60,278.03,697.75,-1,-1,-1,-1
226,3,647.28,157.34,421.84,883.77,-1,-1,-1,-1
226,4,3.97,267.84,153.45,566.59,-1,-1,-1,-1
227,0,1350.28,171.67,277.27,679.46,-1,-1,-1,-1
227,3,626.05,158.62,435.51,883.89,-1,-1,-1,-1
227,4,5.38,266.40,152.38,568.04,-1,-1,-1,-1
228,0,1333.29,176.11,260.42,663.15,-1,-1,-1,-1
228,3,607.06,158.96,443.18,888.78,-1,-1,-1,-1
228,4,4.39,261.57,153.75,565.02,-1,-1,-1,-1
229,0,1323.50,177.61,234.35,657.16,-1,-1,-1,-1
229,3,606.67,172.09,421.21,869.76,-1,-1,-1,-1
229,4,4.10,255.51,154.43,567.70,-1,-1,-1,-1
230,0,1307.73,179.44,229.13,646.96,-1,-1,-1,-1
230,3,623.48,165.94,366.11,886.61,-1,-1,-1,-1
230,4,3.56,249.57,162.73,577.67,-1,-1,-1,-1
231,0,1283.37,182.05,238.72,639.44,-1,-1,-1,-1
231,3,640.29,163.75,325.36,897.18,-1,-1,-1,-1
231,4,0.39,245.63,188.61,588.59,-1,-1,-1,-1
232,0,1263.04,182.17,248.77,638.85,-1,-1,-1,-1
232,3,648.95,170.59,307.56,891.30,-1,-1,-1,-1
232,4,-1.79,246.20,225.65,590.45,-1,-1,-1,-1
233,0,1246.32,181.76,257.32,643.19,-1,-1,-1,-1
233,3,657.02,163.34,292.90,908.12,-1,-1,-1,-1
233,4,1.89,246.09,244.88,596.05,-1,-1,-1,-1
234,0,1221.09,187.26,275.23,626.93,-1,-1,-1,-1
234,3,654.39,158.53,296.65,915.29,-1,-1,-1,-1
234,4,4.54,245.61,261.88,605.74,-1,-1,-1,-1
235,0,1201.48,202.54,295.34,602.54,-1,-1,-1,-1
235,3,656.70,157.15,301.84,918.39,-1,-1,-1,-1
235,4,7.69,254.74,265.71,594.79,-1,-1,-1,-1
236,0,1203.62,197.28,260.21,615.77,-1,-1,-1,-1
236,3,654.47,156.63,313.40,920.78,-1,-1,-1,-1
236,4,14.01,254.02,257.93,597.38,-1,-1,-1,-1
237,0,1198.76,203.32,232.88,600.34,-1,-1,-1,-1
237,3,626.42,151.80,360.35,927.99,-1,-1,-1,-1
237,4,17.42,253.10,252.76,606.55,-1,-1,-1,-1
238,0,1192.05,197.57,191.04,597.75,-1,-1,-1,-1
238,3,598.04,155.28,405.60,916.87,-1,-1,-1,-1
238,4,20.65,250.45,248.96,614.95,-1,-1,-1,-1
239,0,1175.06,202.68,181.52,581.95,-1,-1,-1,-1
239,3,576.39,160.60,441.68,913.09,-1,-1,-1,-1
239,4,21.78,250.22,247.95,617.67,-1,-1,-1,-1
240,0,1159.54,195.86,168.90,592.19,-1,-1,-1,-1
240,3,552.20,150.91,500.07,927.35,-1,-1,-1,-1
240,4,22.19,252.87,250.21,614.24,-1,-1,-1,-1
241,0,1122.70,192.13,199.12,597.75,-1,-1,-1,-1
241,3,547.58,133.54,529.60,950.42,-1,-1,-1,-1
241,4,20.66,252.99,257.38,610.61,-1,-1,-1,-1
242,0,1087.59,196.15,229.83,588.62,-1,-1,-1,-1
242,3,579.54,127.62,506.89,954.74,-1,-1,-1,-1
242,4,21.64,248.88,261.01,617.29,-1,-1,-1,-1
243,0,1054.45,200.88,260.52,587.82,-1,-1,-1,-1
243,3,631.77,124.80,460.90,956.35,-1,-1,-1,-1
243,4,20.56,247.86,266.43,617.61,-1,-1,-1,-1
244,0,1034.95,203.00,275.24,587.08,-1,-1,-1,-1
244,3,673.68,128.14,429.95,945.56,-1,-1,-1,-1
244,4,19.84,244.80,269.88,624.94,-1,-1,-1,-1
245,0,1023.13,200.08,277.20,597.96,-1,-1,-1,-1
245,3,717.09,130.28,393.38,937.99,-1,-1,-1,-1
245,4,22.94,238.00,266.37,646.80,-1,-1,-1,-1
246,0,1035.91,208.52,228.10,586.59,-1,-1,-1,-1
246,3,753.91,161.17,373.87,901.58,-1,-1,-1,-1
246,4,22.92,235.58,270.46,661.71,-1,-1,-1,-1
247,0,1029.90,211.71,195.50,560.57,-1,-1,-1,-1
247,3,849.19,175.21,308.08,790.95,-1,-1,-1,-1
247,4,22.62,238.43,273.65,663.28,-1,-1,-1,-1
248,0,1015.18,217.25,190.87,547.30,-1,-1,-1,-1
248,3,846.77,132.22,363.73,896.45,-1,-1,-1,-1
248,4,22.45,238.70,274.37,676.38,-1,-1,-1,-1
249,0,1000.46,222.79,186.24,534.03,-1,-1,-1,-1
249,3,852.16,110.83,423.93,944.74,-1,-1,-1,-1
249,4,16.24,236.89,283.93,691.04,-1,-1,-1,-1
250,0,985.74,228.33,181.61,520.76,-1,-1,-1,-1
250,3,865.23,111.86,469.89,948.65,-1,-1,-1,-1
250,4,15.80,232.14,283.85,700.16,-1,-1,-1,-1
251,0,971.02,233.88,176.98,507.49,-1,-1,-1,-1
251,3,879.19,105.33,489.92,961.21,-1,-1,-1,-1
251,4,11.03,235.08,292.22,695.38,-1,-1,-1,-1
252,3,883.15,115.25,512.81,951.82,-1,-1,-1,-1
252,4,10.28,228.04,292.86,706.12,-1,-1,-1,-1
253,0,868.16,209.97,185.75,541.13,-1,-1,-1,-1
253,3,902.78,120.15,516.81,950.57,-1,-1,-1,-1
253,4,11.75,225.51,291.50,713.11,-1,-1,-1,-1
254,0,843.48,210.22,215.87,558.46,-1,-1,-1,-1
254,3,937.74,129.35,505.94,940.34,-1,-1,-1,-1
254,4,7.37,219.50,297.43,725.35,-1,-1,-1,-1
255,0,819.54,205.32,230.75,573.15,-1,-1,-1,-1
255,3,1000.23,130.67,464.14,943.09,-1,-1,-1,-1
255,4,7.24,213.76,294.29,744.65,-1,-1,-1,-1
256,0,805.75,209.25,221.97,571.06,-1,-1,-1,-1
256,3,1053.30,142.64,449.42,931.58,-1,-1,-1,-1
256,4,7.80,213.35,291.95,762.82,-1,-1,-1,-1
257,0,794.58,212.07,213.45,567.36,-1,-1,-1,-1
257,3,1088.23,164.40,440.76,905.11,-1,-1,-1,-1
257,4,3.84,213.40,296.93,772.77,-1,-1,-1,-1
258,0,788.41,214.02,193.88,557.49,-1,-1,-1,-1
258,3,1122.06,157.38,433.20,919.56,-1,-1,-1,-1
258,4,5.13,211.26,294.44,788.95,-1,-1,-1,-1
259,0,766.47,208.34,196.25,570.59,-1,-1,-1,-1
259,3,1156.08,160.54,425.43,916.31,-1,-1,-1,-1
259,4,4.61,211.45,298.12,807.40,-1,-1,-1,-1
260,0,734.93,203.36,214.08,583.59,-1,-1,-1,-1
260,3,1175.39,156.30,434.87,924.20,-1,-1,-1,-1
260,4,7.53,204.80,300.58,826.82,-1,-1,-1,-1
261,0,698.01,214.81,240.73,571.85,-1,-1,-1,-1
261,3,1195.47,148.07,437.65,930.60,-1,-1,-1,-1
261,4,11.74,196.53,302.46,842.40,-1,-1,-1,-1
262,0,667.55,213.98,263.23,577.15,-1,-1,-1,-1
262,3,1218.76,163.15,435.25,907.91,-1,-1,-1,-1
262,4,16.48,188.94,305.49,852.49,-1,-1,-1,-1
263,0,656.07,220.58,258.88,579.22,-1,-1,-1,-1
263,3,1253.25,151.42,415.87,924.37,-1,-1,-1,-1
263,4,25.45,187.10,300.40,851.88,-1,-1,-1,-1
264,0,652.55,221.29,229.11,580.91,-1,-1,-1,-1
264,3,1300.01,143.72,383.77,936.63,-1,-1,-1,-1
264,4,38.89,182.77,291.52,857.52,-1,-1,-1,-1
265,0,645.20,222.12,205.34,584.22,-1,-1,-1,-1
265,3,1337.30,140.95,359.92,935.24,-1,-1,-1,-1
265,4,56.25,173.78,284.76,874.48,-1,-1,-1,-1
266,0,628.71,220.91,199.47,587.98,-1,-1,-1,-1
266,3,1364.30,147.00,350.34,924.78,-1,-1,-1,-1
266,4,78.05,167.73,282.06,891.95,-1,-1,-1,-1
267,0,613.71,212.05,195.49,600.73,-1,-1,-1,-1
267,3,1385.06,159.13,340.72,903.15,-1,-1,-1,-1
267,4,90.34,163.92,306.43,901.41,-1,-1,-1,-1
268,0,593.46,215.33,202.89,595.44,-1,-1,-1,-1
268,3,1398.05,163.51,336.65,895.62,-1,-1,-1,-1
268,4,119.61,164.02,294.50,894.51,-1,-1,-1,-1
269,0,577.92,210.72,209.03,608.52,-1,-1,-1,-1
269,3,1403.36,165.01,338.66,892.50,-1,-1,-1,-1
269,4,131.00,158.65,302.16,901.44,-1,-1,-1,-1
270,0,549.29,210.18,236.13,618.48,-1,-1,-1,-1
270,3,1404.19,158.06,347.58,893.73,-1,-1,-1,-1
270,4,142.10,149.58,303.46,915.57,-1,-1,-1,-1
271,0,534.81,208.20,244.18,629.40,-1,-1,-1,-1
271,3,1401.78,153.49,363.05,901.90,-1,-1,-1,-1
271,4,148.75,152.90,313.61,914.79,-1,-1,-1,-1
272,0,522.60,216.35,246.87,621.45,-1,-1,-1,-1
272,3,1398.52,149.30,383.69,900.56,-1,-1,-1,-1
272,4,161.59,151.81,324.00,918.92,-1,-1,-1,-1
273,0,512.85,212.81,232.90,633.20,-1,-1,-1,-1
273,3,1393.08,152.66,412.38,891.50,-1,-1,-1,-1
273,4,170.59,162.82,336.69,898.07,-1,-1,-1,-1
274,0,505.66,208.21,214.47,646.86,-1,-1,-1,-1
274,3,1395.99,150.90,421.95,905.53,-1,-1,-1,-1
274,4,179.40,160.94,345.41,902.50,-1,-1,-1,-1
275,0,490.84,205.32,208.79,652.81,-1,-1,-1,-1
275,3,1397.78,170.51,428.89,866.72,-1,-1,-1,-1
275,4,177.38,162.79,364.75,903.43,-1,-1,-1,-1
276,0,476.57,200.86,197.06,657.18,-1,-1,-1,-1
276,3,1409.57,179.92,412.33,848.12,-1,-1,-1,-1
276,4,172.51,165.16,388.68,897.94,-1,-1,-1,-1
277,0,469.80,196.59,182.27,673.73,-1,-1,-1,-1
277,3,1415.11,186.54,405.59,834.04,-1,-1,-1,-1
277,4,164.46,162.35,438.52,908.29,-1,-1,-1,-1
278,0,463.15,201.41,177.42,653.37,-1,-1,-1,-1
278,3,1427.15,182.19,382.85,836.20,-1,-1,-1,-1
278,4,155.93,157.89,469.17,918.12,-1,-1,-1,-1
279,0,462.00,216.75,167.23,590.13,-1,-1,-1,-1
279,3,1441.70,182.11,345.35,817.49,-1,-1,-1,-1
279,4,148.11,162.27,495.83,901.12,-1,-1,-1,-1
280,0,459.58,214.65,159.23,581.21,-1,-1,-1,-1
280,3,1453.95,179.75,312.62,792.79,-1,-1,-1,-1
280,4,146.31,162.36,494.98,906.20,-1,-1,-1,-1
281,0,450.34,221.58,153.62,560.78,-1,-1,-1,-1
281,3,1470.42,177.98,278.82,766.73,-1,-1,-1,-1
281,4,148.43,148.36,494.69,913.10,-1,-1,-1,-1
282,0,441.09,228.50,148.00,540.35,-1,-1,-1,-1
282,3,1485.30,169.10,252.39,768.73,-1,-1,-1,-1
282,4,163.77,124.78,482.19,947.31,-1,-1,-1,-1
283,0,431.85,235.42,142.39,519.92,-1,-1,-1,-1
283,3,1489.88,181.45,237.84,734.52,-1,-1,-1,-1
283,4,204.92,109.05,438.40,971.08,-1,-1,-1,-1
284,0,422.60,242.35,136.78,499.49,-1,-1,-1,-1
284,3,1489.45,186.53,229.29,718.65,-1,-1,-1,-1
284,4,252.76,94.45,396.70,985.39,-1,-1,-1,-1
285,3,1484.66,188.54,224.75,712.37,-1,-1,-1,-1
285,4,299.38,85.91,384.65,990.40,-1,-1,-1,-1
286,3,1473.25,193.61,213.61,692.49,-1,-1,-1,-1
286,4,329.38,72.85,399.40,1005.91,-1,-1,-1,-1
287,3,1460.96,195.85,211.40,680.36,-1,-1,-1,-1
287,4,348.87,74.52,412.89,991.12,-1,-1,-1,-1
288,3,1440.28,178.05,212.36,700.29,-1,-1,-1,-1
288,4,361.43,66.05,432.68,1005.72,-1,-1,-1,-1
289,0,382.75,174.31,187.87,728.19,-1,-1,-1,-1
289,3,1413.10,178.38,233.61,695.47,-1,-1,-1,-1
289,4,400.93,73.03,412.76,999.35,-1,-1,-1,-1
290,0,377.22,171.78,198.92,740.95,-1,-1,-1,-1
290,3,1385.37,183.60,256.91,681.17,-1,-1,-1,-1
290,4,455.56,88.00,378.03,976.09,-1,-1,-1,-1
291,0,374.88,180.12,213.22,738.51,-1,-1,-1,-1
291,3,1365.62,188.86,270.94,671.05,-1,-1,-1,-1
291,4,491.48,95.17,366.81,961.85,-1,-1,-1,-1
292,0,375.59,172.14,231.74,773.16,-1,-1,-1,-1
292,3,1344.88,193.90,285.88,664.14,-1,-1,-1,-1
292,4,508.37,93.66,377.43,973.36,-1,-1,-1,-1
293,0,374.35,169.55,248.99,791.20,-1,-1,-1,-1
293,3,1322.07,200.76,307.79,655.01,-1,-1,-1,-1
293,4,517.53,83.40,394.39,984.83,-1,-1,-1,-1
294,0,377.46,163.78,258.08,823.85,-1,-1,-1,-1
294,3,1307.45,201.92,326.35,654.90,-1,-1,-1,-1
294,4,506.62,74.02,435.18,989.09,-1,-1,-1,-1
295,0,368.23,156.02,286.03,851.44,-1,-1,-1,-1
295,3,1308.34,208.34,327.96,649.19,-1,-1,-1,-1
295,4,512.11,69.95,451.68,985.45,-1,-1,-1,-1
296,0,361.37,157.09,309.10,868.88,-1,-1,-1,-1
296,3,1314.47,214.54,303.96,642.38,-1,-1,-1,-1
296,4,536.41,64.43,457.49,991.54,-1,-1,-1,-1
297,0,356.11,161.49,326.36,871.03,-1,-1,-1,-1
297,3,1316.35,215.25,287.52,640.77,-1,-1,-1,-1
297,4,580.23,59.33,443.15,993.62,-1,-1,-1,-1
298,0,349.68,166.57,333.67,867.25,-1,-1,-1,-1
298,3,1310.54,213.08,267.26,637.82,-1,-1,-1,-1
298,4,625.84,49.96,437.56,1016.27,-1,-1,-1,-1
299,0,341.47,170.94,340.68,864.15,-1,-1,-1,-1
299,3,1301.33,211.72,248.10,632.73,-1,-1,-1,-1
299,4,687.73,54.75,413.36,1014.43,-1,-1,-1,-1
300,0,330.63,166.99,349.87,880.63,-1,-1,-1,-1
300,3,1289.04,212.96,245.13,628.47,-1,-1,-1,-1
300,4,761.08,62.38,382.16,1006.01,-1,-1,-1,-1
301,0,322.24,163.10,356.46,894.48,-1,-1,-1,-1
301,3,1275.70,216.57,249.47,617.78,-1,-1,-1,-1
301,4,807.63,67.04,372.32,999.30,-1,-1,-1,-1
302,0,319.61,157.48,356.99,899.93,-1,-1,-1,-1
302,3,1257.97,216.18,255.12,612.10,-1,-1,-1,-1
302,4,845.47,70.82,365.46,993.82,-1,-1,-1,-1
303,0,314.89,144.51,368.02,922.86,-1,-1,-1,-1
303,3,1235.25,219.11,256.53,610.82,-1,-1,-1,-1
303,4,852.12,69.52,400.48,998.72,-1,-1,-1,-1
304,0,316.81,135.73,373.10,937.18,-1,-1,-1,-1
304,3,1227.14,225.01,239.82,606.63,-1,-1,-1,-1
304,4,852.78,66.27,476.90,1003.81,-1,-1,-1,-1
305,0,318.04,128.35,384.43,949.65,-1,-1,-1,-1
305,3,1205.53,237.98,255.69,588.76,-1,-1,-1,-1
305,4,887.53,65.38,477.98,1006.02,-1,-1,-1,-1
306,0,313.38,131.33,398.86,937.58,-1,-1,-1,-1
306,3,1193.51,243.93,251.20,578.41,-1,-1,-1,-1
306,4,918.50,53.40,485.86,1026.35,-1,-1,-1,-1
307,0,306.91,134.73,412.23,926.36,-1,-1,-1,-1
307,3,1181.49,249.88,246.71,568.05,-1,-1,-1,-1
307,4,980.77,60.58,425.21,1003.77,-1,-1,-1,-1
308,0,305.50,125.78,427.96,943.10,-1,-1,-1,-1
308,3,1169.47,255.83,242.22,557.69,-1,-1,-1,-1
308,4,1039.12,73.17,372.09,981.17,-1,-1,-1,-1
309,0,309.39,117.30,428.54,955.94,-1,-1,-1,-1
309,3,1157.45,261.78,237.72,547.34,-1,-1,-1,-1
309,4,1060.13,87.53,375.24,967.65,-1,-1,-1,-1
310,0,318.86,108.59,430.74,964.12,-1,-1,-1,-1
310,3,1051.14,235.83,207.43,494.13,-1,-1,-1,-1
310,4,1056.78,100.49,416.24,956.51,-1,-1,-1,-1
311,0,333.57,100.51,436.74,972.84,-1,-1,-1,-1
311,3,1001.11,225.20,230.19,535.17,-1,-1,-1,-1
311,4,1123.56,98.61,365.59,966.40,-1,-1,-1,-1
312,0,341.85,100.30,441.04,968.40,-1,-1,-1,-1
312,3,970.07,221.09,244.50,551.07,-1,-1,-1,-1
312,4,1167.22,95.91,344.17,975.94,-1,-1,-1,-1
313,0,359.23,91.13,426.08,979.29,-1,-1,-1,-1
313,3,936.58,221.33,276.06,563.17,-1,-1,-1,-1
313,4,1190.70,100.03,354.65,971.33,-1,-1,-1,-1
314,0,372.56,80.95,430.22,992.35,-1,-1,-1,-1
314,3,916.00,229.95,292.73,560.11,-1,-1,-1,-1
314,4,1205.99,99.53,371.80,977.86,-1,-1,-1,-1
315,0,389.81,78.98,413.03,992.52,-1,-1,-1,-1
315,3,913.37,242.51,274.53,549.25,-1,-1,-1,-1
315,4,1219.35,116.56,392.26,951.27,-1,-1,-1,-1
316,0,401.66,79.01,410.72,990.66,-1,-1,-1,-1
316,3,920.33,253.77,241.17,535.73,-1,-1,-1,-1
316,4,1238.43,121.26,402.70,952.39,-1,-1,-1,-1
317,0,411.19,84.51,405.27,983.27,-1,-1,-1,-1
317,3,917.16,242.01,200.76,548.87,-1,-1,-1,-1
317,4,1267.44,133.50,398.53,942.21,-1,-1,-1,-1
318,0,432.20,89.01,410.58,975.16,-1,-1,-1,-1
318,3,899.76,228.90,190.35,570.64,-1,-1,-1,-1
318,4,1298.46,150.50,393.87,920.32,-1,-1,-1,-1
319,0,443.18,89.46,419.76,971.41,-1,-1,-1,-1
319,3,856.71,228.55,227.53,563.61,-1,-1,-1,-1
319,4,1324.07,159.76,414.90,914.40,-1,-1,-1,-1
320,0,455.92,71.47,472.08,998.51,-1,-1,-1,-1
320,3,805.99,228.28,282.98,553.10,-1,-1,-1,-1
320,4,1359.58,156.76,426.00,917.30,-1,-1,-1,-1
321,0,484.78,61.83,476.56,1010.35,-1,-1,-1,-1
321,3,756.91,226.69,330.99,544.48,-1,-1,-1,-1
321,4,1391.56,147.38,429.11,933.61,-1,-1,-1,-1
322,0,516.49,51.03,455.43,1027.45,-1,-1,-1,-1
322,3,749.38,225.41,319.47,548.17,-1,-1,-1,-1
322,4,1422.59,133.01,420.50,953.26,-1,-1,-1,-1
323,0,536.82,57.42,496.85,1016.11,-1,-1,-1,-1
323,3,729.04,224.36,318.68,546.78,-1,-1,-1,-1
323,4,1451.07,140.91,388.44,928.42,-1,-1,-1,-1
324,0,563.65,101.99,521.43,960.79,-1,-1,-1,-1
324,3,708.69,223.32,317.89,545.39,-1,-1,-1,-1
324,4,1466.48,147.22,359.66,908.87,-1,-1,-1,-1
325,0,604.07,79.14,513.79,995.08,-1,-1,-1,-1
325,3,688.35,222.28,317.10,544.00,-1,-1,-1,-1
325,4,1479.70,145.31,325.93,913.66,-1,-1,-1,-1
326,0,654.51,51.56,499.48,1032.30,-1,-1,-1,-1
326,3,668.01,221.24,316.32,542.61,-1,-1,-1,-1
326,4,1486.70,141.41,307.63,926.22,-1,-1,-1,-1
327,0,692.25,78.21,507.56,993.76,-1,-1,-1,-1
327,4,1490.04,157.25,296.26,882.34,-1,-1,-1,-1
328,0,695.20,148.11,569.09,895.96,-1,-1,-1,-1
328,3,661.88,223.30,185.00,569.75,-1,-1,-1,-1
328,4,1486.52,163.93,295.82,862.14,-1,-1,-1,-1
329,0,768.98,87.46,535.99,970.30,-1,-1,-1,-1
329,3,600.59,229.45,248.08,574.95,-1,-1,-1,-1
329,4,1477.85,171.91,308.47,826.98,-1,-1,-1,-1
330,0,804.52,82.45,540.34,978.06,-1,-1,-1,-1
330,3,578.24,235.68,266.21,582.90,-1,-1,-1,-1
330,4,1468.41,169.23,326.67,819.88,-1,-1,-1,-1
331,0,840.07,77.44,544.70,985.81,-1,-1,-1,-1
331,3,564.73,243.32,276.68,585.16,-1,-1,-1,-1
331,4,1459.03,169.33,344.94,807.40,-1,-1,-1,-1
332,0,887.47,64.69,539.35,1010.92,-1,-1,-1,-1
332,3,560.56,237.70,276.74,600.05,-1,-1,-1,-1
332,4,1451.27,167.14,349.38,793.62,-1,-1,-1,-1
333,0,922.80,57.14,546.42,1024.06,-1,-1,-1,-1
333,3,562.35,236.41,256.57,610.12,-1,-1,-1,-1
333,4,1446.54,164.68,336.46,788.79,-1,-1,-1,-1
334,0,984.59,43.10,499.91,1038.42,-1,-1,-1,-1
334,3,558.67,247.07,234.68,598.11,-1,-1,-1,-1
334,4,1438.63,172.31,328.05,771.97,-1,-1,-1,-1
335,0,1038.78,41.48,448.50,1023.74,-1,-1,-1,-1
335,3,543.44,243.65,218.95,604.57,-1,-1,-1,-1
335,4,1438.54,185.78,303.50,735.73,-1,-1,-1,-1
336,0,1075.44,34.09,410.13,1031.02,-1,-1,-1,-1
336,3,520.38,233.57,224.49,625.74,-1,-1,-1,-1
336,4,1439.73,187.71,274.80,713.99,-1,-1,-1,-1
337,0,1110.97,29.81,384.87,1042.19,-1,-1,-1,-1
337,3,481.25,227.41,268.80,649.30,-1,-1,-1,-1
337,4,1429.40,191.76,266.38,687.05,-1,-1,-1,-1
338,0,1126.12,40.78,388.48,1025.62,-1,-1,-1,-1
338,3,453.89,224.37,297.48,669.13,-1,-1,-1,-1
338,4,1420.42,186.16,262.81,685.31,-1,-1,-1,-1
339,0,1136.31,55.81,411.96,1007.45,-1,-1,-1,-1
339,3,419.42,228.79,341.52,678.58,-1,-1,-1,-1
339,4,1421.87,189.99,246.33,669.85,-1,-1,-1,-1
340,0,1148.38,56.53,428.79,1010.58,-1,-1,-1,-1
340,3,392.17,229.89,365.30,694.65,-1,-1,-1,-1
340,4,1427.19,188.86,213.81,652.25,-1,-1,-1,-1
341,0,1177.48,52.84,421.42,1021.36,-1,-1,-1,-1
341,3,375.24,229.43,369.21,712.57,-1,-1,-1,-1
341,4,1421.23,190.39,208.55,636.20,-1,-1,-1,-1
342,0,1203.15,46.06,415.65,1031.33,-1,-1,-1,-1
342,3,366.46,227.25,363.63,724.89,-1,-1,-1,-1
342,4,1415.26,191.92,203.29,620.16,-1,-1,-1,-1
343,0,1219.88,57.20,427.16,1016.39,-1,-1,-1,-1
343,3,363.12,223.47,349.15,736.45,-1,-1,-1,-1
343,4,1409.29,193.46,198.03,604.11,-1,-1,-1,-1
344,0,1238.41,64.57,458.66,1010.81,-1,-1,-1,-1
344,3,360.24,223.26,331.84,733.35,-1,-1,-1,-1
344,4,1403.32,194.99,192.77,588.06,-1,-1,-1,-1
345,0,1250.39,68.64,504.92,1007.61,-1,-1,-1,-1
345,3,352.13,220.28,318.56,742.98,-1,-1,-1,-1
346,0,1279.66,72.24,503.04,1003.75,-1,-1,-1,-1
346,3,341.93,211.38,313.58,773.71,-1,-1,-1,-1
347,0,1308.93,75.84,501.15,999.89,-1,-1,-1,-1
347,3,334.92,209.51,309.72,787.03,-1,-1,-1,-1
348,0,1338.19,79.44,499.27,996.03,-1,-1,-1,-1
348,3,334.59,210.55,299.54,795.53,-1,-1,-1,-1
348,4,1244.18,195.76,223.68,598.90,-1,-1,-1,-1
349,0,1332.08,86.78,528.53,988.59,-1,-1,-1,-1
349,3,329.80,212.32,296.07,802.69,-1,-1,-1,-1
349,4,1240.10,196.77,199.26,597.67,-1,-1,-1,-1
350,0,1358.71,91.13,526.04,983.82,-1,-1,-1,-1
350,3,315.45,210.48,307.72,821.61,-1,-1,-1,-1
350,4,1220.72,195.83,198.19,594.45,-1,-1,-1,-1
351,0,1389.16,107.54,466.46,931.93,-1,-1,-1,-1
351,3,296.90,205.11,326.40,839.33,-1,-1,-1,-1
351,4,1198.54,195.52,197.94,606.32,-1,-1,-1,-1
352,0,1411.97,103.29,424.04,931.71,-1,-1,-1,-1
352,3,277.74,202.85,336.99,845.09,-1,-1,-1,-1
352,4,1162.07,198.19,219.15,604.59,-1,-1,-1,-1
353,0,1425.01,105.39,406.45,937.43,-1,-1,-1,-1
353,3,263.19,195.42,337.90,860.52,-1,-1,-1,-1
353,4,1113.78,203.78,265.93,600.22,-1,-1,-1,-1
354,0,1435.19,107.88,378.48,923.91,-1,-1,-1,-1
354,3,247.72,189.37,337.11,870.89,-1,-1,-1,-1
354,4,1078.54,208.94,294.51,595.01,-1,-1,-1,-1
355,0,1441.99,112.78,349.70,915.45,-1,-1,-1,-1
355,3,232.21,190.12,342.98,874.40,-1,-1,-1,-1
355,4,1062.16,214.96,278.78,587.69,-1,-1,-1,-1
356,0,1445.63,114.22,332.42,913.69,-1,-1,-1,-1
356,3,224.24,188.20,342.10,881.86,-1,-1,-1,-1
356,4,1054.53,208.32,245.90,601.01,-1,-1,-1,-1
357,0,1449.53,110.39,321.15,917.01,-1,-1,-1,-1
357,3,224.73,189.77,337.12,884.14,-1,-1,-1,-1
357,4,1041.23,204.81,227.86,602.75,-1,-1,-1,-1
358,0,1457.21,116.77,305.93,908.61,-1,-1,-1,-1
358,3,234.92,194.28,328.62,876.66,-1,-1,-1,-1
358,4,1030.97,205.57,214.40,602.62,-1,-1,-1,-1
359,0,1466.20,136.42,288.31,858.07,-1,-1,-1,-1
359,3,248.53,196.11,326.51,875.88,-1,-1,-1,-1
359,4,1015.38,215.61,214.37,582.78,-1,-1,-1,-1
360,0,1465.87,146.23,278.79,821.92,-1,-1,-1,-1
360,3,257.84,198.24,335.95,875.49,-1,-1,-1,-1
360,4,992.59,223.64,221.37,574.28,-1,-1,-1,-1
361,0,1459.37,146.05,277.08,809.91,-1,-1,-1,-1
361,3,267.93,197.20,344.37,874.77,-1,-1,-1,-1
361,4,963.01,216.25,231.57,593.96,-1,-1,-1,-1
362,0,1453.08,148.68,272.08,779.37,-1,-1,-1,-1
362,3,285.25,189.52,342.06,886.15,-1,-1,-1,-1
362,4,935.91,212.51,239.30,606.54,-1,-1,-1,-1
363,0,1440.79,161.78,273.04,696.18,-1,-1,-1,-1
363,3,299.16,188.89,342.50,882.00,-1,-1,-1,-1
363,4,918.71,213.41,241.44,608.31,-1,-1,-1,-1
364,0,1419.17,143.63,285.76,734.74,-1,-1,-1,-1
364,3,318.19,181.33,324.41,888.20,-1,-1,-1,-1
364,4,907.30,213.41,240.51,618.38,-1,-1,-1,-1
365,0,1396.61,140.06,296.64,739.11,-1,-1,-1,-1
365,3,338.00,170.06,305.98,906.55,-1,-1,-1,-1
365,4,905.16,213.36,208.79,616.50,-1,-1,-1,-1
366,0,1359.55,146.01,327.28,732.69,-1,-1,-1,-1
366,3,348.49,163.92,324.98,916.45,-1,-1,-1,-1
366,4,899.16,211.62,188.13,625.18,-1,-1,-1,-1
367,0,1326.03,146.84,354.46,745.95,-1,-1,-1,-1
367,3,360.50,160.91,348.33,920.61,-1,-1,-1,-1
367,4,880.69,203.58,177.22,639.44,-1,-1,-1,-1
368,0,1284.73,159.38,391.98,739.77,-1,-1,-1,-1
368,3,381.44,156.65,356.32,925.37,-1,-1,-1,-1
368,4,850.66,207.75,190.42,636.58,-1,-1,-1,-1
369,0,1260.49,173.73,396.96,717.63,-1,-1,-1,-1
369,3,395.08,159.41,369.19,920.98,-1,-1,-1,-1
369,4,818.41,210.81,208.70,641.94,-1,-1,-1,-1
370,0,1243.24,180.06,398.94,701.77,-1,-1,-1,-1
370,3,401.49,168.21,381.99,909.60,-1,-1,-1,-1
370,4,797.48,216.14,220.13,639.57,-1,-1,-1,-1
371,0,1206.03,180.54,416.95,693.72,-1,-1,-1,-1
371,3,402.51,171.30,402.02,906.31,-1,-1,-1,-1
371,4,775.46,225.89,230.84,632.18,-1,-1,-1,-1
372,0,1180.18,176.78,417.00,698.41,-1,-1,-1,-1
372,3,407.75,166.07,415.63,913.52,-1,-1,-1,-1
372,4,755.91,227.99,229.63,630.32,-1,-1,-1,-1
373,0,1171.03,173.68,396.80,699.58,-1,-1,-1,-1
373,3,413.41,160.87,480.99,913.55,-1,-1,-1,-1
373,4,754.11,265.12,200.71,587.27,-1,-1,-1,-1
374,0,1171.94,165.96,362.48,706.14,-1,-1,-1,-1
374,3,442.25,152.78,472.32,916.93,-1,-1,-1,-1
374,4,738.91,280.63,193.66,566.64,-1,-1,-1,-1
375,0,1170.08,168.31,344.06,700.26,-1,-1,-1,-1
375,3,466.12,151.14,455.33,913.96,-1,-1,-1,-1
375,4,723.70,296.14,186.61,546.01,-1,-1,-1,-1
376,0,1176.86,171.46,316.54,692.29,-1,-1,-1,-1
376,3,483.10,142.71,445.29,926.13,-1,-1,-1,-1
376,4,708.50,311.66,179.56,525.38,-1,-1,-1,-1
377,0,1183.69,179.46,296.91,674.55,-1,-1,-1,-1
377,3,493.71,132.72,457.64,939.44,-1,-1,-1,-1
377,4,693.29,327.17,172.51,504.75,-1,-1,-1,-1
378,0,1192.49,178.41,286.19,673.73,-1,-1,-1,-1
378,3,509.58,128.35,458.93,945.89,-1,-1,-1,-1
379,0,1195.85,181.91,257.86,664.35,-1,-1,-1,-1
379,3,527.92,121.71,457.96,954.11,-1,-1,-1,-1
380,0,1177.66,193.13,237.39,630.35,-1,-1,-1,-1
380,3,547.93,124.22,459.03,950.66,-1,-1,-1,-1
381,0,1156.08,190.72,231.10,627.38,-1,-1,-1,-1
381,3,563.16,131.60,459.65,943.13,-1,-1,-1,-1
382,0,1126.83,180.52,238.45,636.43,-1,-1,-1,-1
382,3,566.70,140.96,477.85,931.31,-1,-1,-1,-1
382,4,544.06,217.01,207.39,664.80,-1,-1,-1,-1
383,0,1100.29,180.54,247.84,641.07,-1,-1,-1,-1
383,3,576.52,148.21,492.42,925.66,-1,-1,-1,-1
383,4,523.75,211.35,208.99,663.24,-1,-1,-1,-1
384,0,1077.25,181.54,261.74,634.57,-1,-1,-1,-1
384,3,629.81,153.80,456.19,921.79,-1,-1,-1,-1
384,4,498.49,197.74,229.16,693.07,-1,-1,-1,-1
385,0,1068.30,184.28,261.47,629.15,-1,-1,-1,-1
385,3,661.18,144.76,446.77,930.78,-1,-1,-1,-1
385,4,477.28,195.17,252.02,711.00,-1,-1,-1,-1
386,0,1073.00,200.79,251.20,604.94,-1,-1,-1,-1
386,3,707.92,120.54,424.60,962.99,-1,-1,-1,-1
386,4,463.11,190.66,268.80,740.73,-1,-1,-1,-1
387,0,1085.38,198.19,230.55,612.84,-1,-1,-1,-1
387,3,745.40,111.99,436.10,967.24,-1,-1,-1,-1
387,4,451.78,185.13,267.24,767.81,-1,-1,-1,-1
388,0,1091.97,223.80,184.85,503.60,-1,-1,-1,-1
388,3,783.02,130.37,465.81,936.23,-1,-1,-1,-1
388,4,442.79,194.20,272.92,768.25,-1,-1,-1,-1
389,0,1089.87,243.99,165.92,452.03,-1,-1,-1,-1
389,3,831.84,138.45,454.38,928.63,-1,-1,-1,-1
389,4,440.50,202.95,267.23,767.43,-1,-1,-1,-1
390,0,1087.76,264.18,146.99,400.46,-1,-1,-1,-1
390,3,879.26,121.43,452.97,954.80,-1,-1,-1,-1
390,4,440.60,202.97,257.60,775.85,-1,-1,-1,-1
391,0,1085.66,284.37,128.06,348.89,-1,-1,-1,-1
391,3,914.27,117.19,455.60,962.21,-1,-1,-1,-1
391,4,440.42,204.00,249.35,778.09,-1,-1,-1,-1
392,0,1083.55,304.56,109.13,297.32,-1,-1,-1,-1
392,3,948.20,120.27,456.04,959.10,-1,-1,-1,-1
392,4,436.77,198.63,246.87,788.86,-1,-1,-1,-1
393,3,959.03,123.99,478.32,951.26,-1,-1,-1,-1
393,4,428.00,188.60,257.29,807.05,-1,-1,-1,-1
394,0,939.02,197.52,194.35,602.39,-1,-1,-1,-1
394,3,985.22,140.03,483.10,925.10,-1,-1,-1,-1
394,4,446.61,172.33,227.86,848.07,-1,-1,-1,-1
395,0,902.57,193.36,224.99,615.05,-1,-1,-1,-1
395,3,1042.91,124.37,450.79,950.47,-1,-1,-1,-1
395,4,457.72,169.36,213.94,869.44,-1,-1,-1,-1
396,0,874.73,198.61,236.10,613.04,-1,-1,-1,-1
396,3,1073.70,105.62,444.72,967.62,-1,-1,-1,-1
396,4,462.17,172.15,215.79,876.56,-1,-1,-1,-1
397,0,849.19,211.80,250.79,587.71,-1,-1,-1,-1
397,3,1096.56,93.92,446.02,985.00,-1,-1,-1,-1
397,4,462.81,173.86,223.37,878.03,-1,-1,-1,-1
398,0,828.33,214.71,257.23,589.61,-1,-1,-1,-1
398,3,1123.34,91.40,435.93,988.78,-1,-1,-1,-1
398,4,458.27,174.37,245.78,880.76,-1,-1,-1,-1
399,0,813.52,210.10,242.76,600.31,-1,-1,-1,-1
399,3,1146.12,95.23,426.49,980.34,-1,-1,-1,-1
399,4,450.34,165.14,273.39,897.14,-1,-1,-1,-1
400,0,793.19,207.39,237.90,603.71,-1,-1,-1,-1
400,3,1166.90,102.74,414.08,972.34,-1,-1,-1,-1
400,4,444.95,160.62,297.68,908.67,-1,-1,-1,-1
401,0,773.67,208.49,241.33,599.30,-1,-1,-1,-1
401,3,1189.88,107.61,398.23,967.99,-1,-1,-1,-1
401,4,442.96,160.90,314.25,909.34,-1,-1,-1,-1
402,0,756.11,203.89,247.14,618.22,-1,-1,-1,-1
402,3,1209.40,109.77,385.69,967.03,-1,-1,-1,-1
402,4,449.09,158.06,312.81,914.44,-1,-1,-1,-1
403,0,739.32,207.89,258.32,622.24,-1,-1,-1,-1
403,3,1222.51,117.71,381.60,953.48,-1,-1,-1,-1
403,4,456.93,157.76,321.81,920.61,-1,-1,-1,-1
404,0,724.46,210.94,266.23,623.58,-1,-1,-1,-1
404,3,1237.77,113.30,371.68,962.70,-1,-1,-1,-1
404,4,477.26,153.04,319.10,929.42,-1,-1,-1,-1
405,0,715.96,213.13,254.44,626.46,-1,-1,-1,-1
405,3,1253.04,112.91,365.45,965.46,-1,-1,-1,-1
405,4,495.27,142.21,307.75,942.78,-1,-1,-1,-1
406,0,714.28,213.86,224.12,615.90,-1,-1,-1,-1
406,3,1267.96,108.57,362.97,972.09,-1,-1,-1,-1
406,4,496.43,138.80,370.19,938.32,-1,-1,-1,-1
407,0,698.40,216.74,223.11,613.14,-1,-1,-1,-1
407,3,1279.22,116.67,368.35,960.62,-1,-1,-1,-1
407,4,509.85,146.27,380.23,922.10,-1,-1,-1,-1
408,0,682.53,219.63,222.10,610.38,-1,-1,-1,-1
408,3,1291.14,131.61,368.76,943.79,-1,-1,-1,-1
408,4,534.02,137.64,359.54,929.43,-1,-1,-1,-1
409,0,666.65,222.51,221.09,607.62,-1,-1,-1,-1
409,3,1297.87,155.09,372.51,912.77,-1,-1,-1,-1
409,4,554.74,130.61,338.72,936.08,-1,-1,-1,-1
410,0,650.78,225.40,220.09,604.86,-1,-1,-1,-1
410,3,1298.55,166.85,381.47,896.79,-1,-1,-1,-1
410,4,558.29,119.39,343.08,947.76,-1,-1,-1,-1
411,3,1324.77,162.47,357.05,908.51,-1,-1,-1,-1
411,4,556.26,109.74,364.69,959.79,-1,-1,-1,-1
412,3,1360.21,155.60,324.51,919.50,-1,-1,-1,-1
412,4,550.37,98.88,392.37,976.10,-1,-1,-1,-1
413,3,1396.86,150.95,289.59,908.35,-1,-1,-1,-1
413,4,551.96,99.34,411.42,968.95,-1,-1,-1,-1
414,3,1421.83,153.79,269.94,884.60,-1,-1,-1,-1
414,4,567.16,105.74,405.91,954.57,-1,-1,-1,-1
415,3,1433.61,148.87,281.37,884.50,-1,-1,-1,-1
415,4,574.25,106.75,419.17,956.46,-1,-1,-1,-1
416,0,556.06,199.00,189.81,699.93,-1,-1,-1,-1
416,3,1438.68,150.31,302.89,878.02,-1,-1,-1,-1
416,4,608.78,106.66,391.28,958.95,-1,-1,-1,-1
417,0,537.63,194.53,193.92,716.63,-1,-1,-1,-1
417,3,1453.32,159.19,296.68,855.68,-1,-1,-1,-1
417,4,666.75,91.98,340.18,974.29,-1,-1,-1,-1
418,0,511.90,196.84,212.29,717.10,-1,-1,-1,-1
418,3,1465.08,161.16,279.71,846.37,-1,-1,-1,-1
418,4,710.83,88.66,327.96,977.10,-1,-1,-1,-1
419,0,477.64,191.63,251.87,725.73,-1,-1,-1,-1
419,3,1468.04,153.89,269.48,852.60,-1,-1,-1,-1
419,4,742.10,78.98,344.56,991.94,-1,-1,-1,-1
420,0,447.47,184.36,288.27,746.08,-1,-1,-1,-1
420,3,1453.23,151.93,282.38,846.66,-1,-1,-1,-1
420,4,773.92,64.73,370.48,1005.92,-1,-1,-1,-1
421,0,417.50,188.24,326.16,746.46,-1,-1,-1,-1
421,3,1425.92,162.21,308.19,829.10,-1,-1,-1,-1
421,4,801.92,54.64,384.87,1019.49,-1,-1,-1,-1
422,0,403.82,196.66,331.04,738.75,-1,-1,-1,-1
422,3,1391.85,166.15,341.66,820.30,-1,-1,-1,-1
422,4,828.08,66.55,397.44,994.05,-1,-1,-1,-1
423,0,395.93,195.39,325.08,745.21,-1,-1,-1,-1
423,3,1376.97,169.48,342.32,811.24,-1,-1,-1,-1
423,4,867.68,81.32,385.10,965.45,-1,-1,-1,-1
424,0,392.30,196.45,295.29,741.86,-1,-1,-1,-1
424,3,1367.78,176.67,350.53,788.99,-1,-1,-1,-1
424,4,912.35,70.44,361.57,990.87,-1,-1,-1,-1
425,0,379.04,189.46,279.50,753.98,-1,-1,-1,-1
425,3,1367.87,179.90,351.09,790.52,-1,-1,-1,-1
425,4,952.07,86.23,347.49,973.87,-1,-1,-1,-1
426,0,368.66,189.15,270.13,750.41,-1,-1,-1,-1
426,3,1365.65,186.49,352.29,791.13,-1,-1,-1,-1
426,4,988.20,89.69,344.85,971.97,-1,-1,-1,-1
427,0,357.53,188.75,255.98,751.01,-1,-1,-1,-1
427,3,1363.88,193.57,342.57,785.37,-1,-1,-1,-1
427,4,1026.36,83.98,341.19,982.65,-1,-1,-1,-1
428,0,340.73,187.00,238.77,754.28,-1,-1,-1,-1
428,3,1375.12,198.97,298.83,776.42,-1,-1,-1,-1
428,4,1055.21,75.08,371.17,993.25,-1,-1,-1,-1
429,0,322.70,172.23,235.69,789.45,-1,-1,-1,-1
429,3,1375.25,194.25,258.96,766.77,-1,-1,-1,-1
429,4,1089.47,74.12,408.51,992.85,-1,-1,-1,-1
430,0,308.79,169.37,238.97,810.56,-1,-1,-1,-1
430,3,1369.61,195.08,213.71,745.11,-1,-1,-1,-1
430,4,1123.22,69.73,418.25,1004.92,-1,-1,-1,-1
431,0,297.50,159.58,237.28,842.18,-1,-1,-1,-1
431,3,1360.14,199.59,209.62,730.93,-1,-1,-1,-1
431,4,1152.96,76.91,416.05,996.01,-1,-1,-1,-1
432,0,286.11,162.39,242.82,847.78,-1,-1,-1,-1
432,3,1350.67,204.10,205.52,716.75,-1,-1,-1,-1
432,4,1176.10,84.84,408.52,988.09,-1,-1,-1,-1
433,0,271.21,164.04,254.17,854.00,-1,-1,-1,-1
433,3,1341.20,208.62,201.43,702.57,-1,-1,-1,-1
433,4,1202.75,91.10,406.19,980.39,-1,-1,-1,-1
434,0,248.95,154.34,276.09,877.60,-1,-1,-1,-1
434,3,1331.73,213.13,197.34,688.39,-1,-1,-1,-1
434,4,1231.06,96.73,399.84,966.54,-1,-1,-1,-1
435,0,227.83,148.44,303.84,894.58,-1,-1,-1,-1
435,4,1252.36,92.54,404.92,974.65,-1,-1,-1,-1
436,0,203.26,143.94,325.94,906.87,-1,-1,-1,-1
436,3,1239.15,238.93,143.55,595.52,-1,-1,-1,-1
436,4,1262.10,88.01,425.20,986.97,-1,-1,-1,-1
437,0,188.20,140.85,336.84,912.18,-1,-1,-1,-1
437,3,1196.53,217.56,190.49,628.50,-1,-1,-1,-1
437,4,1268.27,90.42,453.68,981.88,-1,-1,-1,-1
438,0,174.51,136.08,338.54,922.95,-1,-1,-1,-1
438,3,1167.71,217.12,204.99,621.50,-1,-1,-1,-1
438,4,1277.25,106.15,465.07,961.72,-1,-1,-1,-1
439,0,161.43,128.33,343.11,941.09,-1,-1,-1,-1
439,3,1149.33,206.33,201.65,630.61,-1,-1,-1,-1
439,4,1311.40,111.59,441.86,958.31,-1,-1,-1,-1
440,0,151.85,130.19,351.98,944.91,-1,-1,-1,-1
440,3,1132.28,199.36,203.03,635.51,-1,-1,-1,-1
440,4,1334.17,123.88,428.44,942.78,-1,-1,-1,-1
441,0,146.04,137.69,364.66,936.74,-1,-1,-1,-1
441,3,1110.05,208.27,221.91,615.24,-1,-1,-1,-1
441,4,1350.94,130.83,410.96,933.71,-1,-1,-1,-1
442,0,140.21,137.46,383.24,937.46,-1,-1,-1,-1
442,3,1087.21,201.93,240.64,629.78,-1,-1,-1,-1
442,4,1362.11,137.66,397.14,924.15,-1,-1,-1,-1
443,0,141.74,124.71,400.50,956.29,-1,-1,-1,-1
443,3,1069.79,216.67,249.56,610.49,-1,-1,-1,-1
443,4,1371.73,142.86,382.40,917.75,-1,-1,-1,-1
444,0,142.25,115.46,424.13,963.10,-1,-1,-1,-1
444,3,1052.31,230.55,260.76,596.71,-1,-1,-1,-1
444,4,1378.19,144.67,374.69,912.21,-1,-1,-1,-1
445,0,159.38,103.80,428.03,972.02,-1,-1,-1,-1
445,3,1043.12,228.70,253.63,607.17,-1,-1,-1,-1
445,4,1388.31,146.10,351.24,908.70,-1,-1,-1,-1
446,0,169.90,105.12,469.24,949.58,-1,-1,-1,-1
446,3,1027.96,225.88,244.20,610.40,-1,-1,-1,-1
446,4,1391.45,143.91,341.42,909.46,-1,-1,-1,-1
447,0,179.22,104.82,466.64,944.21,-1,-1,-1,-1
447,3,1014.11,229.84,232.88,595.13,-1,-1,-1,-1
447,4,1390.60,149.37,339.79,891.50,-1,-1,-1,-1
448,0,207.35,116.85,547.23,924.00,-1,-1,-1,-1
448,3,1001.45,232.52,225.81,582.76,-1,-1,-1,-1
448,4,1392.24,149.41,331.39,884.07,-1,-1,-1,-1
449,0,228.92,120.12,540.91,913.18,-1,-1,-1,-1
449,3,994.43,231.49,210.16,579.91,-1,-1,-1,-1
449,4,1392.46,150.56,328.69,874.31,-1,-1,-1,-1
450,0,250.49,123.40,534.59,902.35,-1,-1,-1,-1
450,3,982.93,234.82,204.91,565.32,-1,-1,-1,-1
450,4,1392.58,153.77,323.36,871.71,-1,-1,-1,-1
451,0,299.26,96.69,543.19,957.24,-1,-1,-1,-1
451,3,958.52,226.22,211.58,568.28,-1,-1,-1,-1
451,4,1393.79,156.03,318.12,862.95,-1,-1,-1,-1
452,0,338.26,81.77,544.03,974.80,-1,-1,-1,-1
452,3,933.92,235.85,214.96,560.41,-1,-1,-1,-1
452,4,1390.61,150.56,310.04,876.62,-1,-1,-1,-1
453,0,398.60,65.32,489.54,1006.52,-1,-1,-1,-1
453,3,911.15,245.60,228.49,556.78,-1,-1,-1,-1
453,4,1389.50,150.75,300.32,870.44,-1,-1,-1,-1
454,0,458.86,54.28,450.00,1020.38,-1,-1,-1,-1
454,3,901.51,245.62,236.12,560.20,-1,-1,-1,-1
454,4,1391.87,159.93,292.93,826.08,-1,-1,-1,-1
455,0,509.12,31.04,436.68,1052.35,-1,-1,-1,-1
455,3,898.66,241.10,222.27,562.95,-1,-1,-1,-1
455,4,1386.88,167.35,290.99,795.11,-1,-1,-1,-1
456,0,566.71,25.22,408.92,1058.83,-1,-1,-1,-1
456,3,888.48,238.91,219.23,566.43,-1,-1,-1,-1
456,4,1385.30,168.89,280.15,771.58,-1,-1,-1,-1
457,0,603.62,41.80,416.67,1031.12,-1,-1,-1,-1
457,3,880.89,240.75,211.46,560.00,-1,-1,-1,-1
457,4,1382.75,169.17,273.52,756.37,-1,-1,-1,-1
458,0,647.15,49.74,404.80,1014.46,-1,-1,-1,-1
458,3,864.82,236.87,210.03,572.31,-1,-1,-1,-1
458,4,1379.26,167.48,266.47,748.42,-1,-1,-1,-1
459,0,712.08,47.43,366.03,1021.11,-1,-1,-1,-1
459,3,849.92,234.77,211.68,576.84,-1,-1,-1,-1
459,4,1374.53,172.30,250.53,728.33,-1,-1,-1,-1
460,0,739.10,36.24,438.98,1026.27,-1,-1,-1,-1
460,3,835.02,232.68,213.34,581.37,-1,-1,-1,-1
460,4,1369.34,168.26,229.31,728.59,-1,-1,-1,-1
461,0,781.09,33.01,439.51,1027.46,-1,-1,-1,-1
461,3,770.46,265.45,188.56,569.76,-1,-1,-1,-1
461,4,1365.90,166.28,211.36,733.56,-1,-1,-1,-1
462,0,823.08,29.78,440.04,1028.66,-1,-1,-1,-1
462,3,734.72,260.40,197.61,587.53,-1,-1,-1,-1
462,4,1349.92,173.08,209.22,717.06,-1,-1,-1,-1
463,0,865.07,26.55,440.58,1029.85,-1,-1,-1,-1
463,3,713.61,249.81,206.63,607.90,-1,-1,-1,-1
463,4,1340.95,173.93,206.59,708.08,-1,-1,-1,-1
464,0,907.06,23.32,441.11,1031.04,-1,-1,-1,-1
464,3,700.53,241.80,215.86,619.45,-1,-1,-1,-1
464,4,1331.99,174.79,203.96,699.11,-1,-1,-1,-1
465,3,693.13,239.54,227.05,625.30,-1,-1,-1,-1
465,4,1323.02,175.64,201.33,690.13,-1,-1,-1,-1
466,3,680.89,230.25,229.24,642.34,-1,-1,-1,-1
466,4,1314.06,176.49,198.70,681.16,-1,-1,-1,-1
467,0,954.52,160.72,562.24,893.23,-1,-1,-1,-1
467,3,663.19,218.81,237.93,671.63,-1,-1,-1,-1
468,0,1001.74,178.53,547.90,870.28,-1,-1,-1,-1
468,3,645.87,211.49,239.30,694.70,-1,-1,-1,-1
469,0,1058.32,197.36,585.15,872.11,-1,-1,-1,-1
469,3,620.34,203.14,249.74,720.84,-1,-1,-1,-1
470,0,1107.77,212.43,576.03,858.33,-1,-1,-1,-1
470,3,602.73,207.45,246.12,715.60,-1,-1,-1,-1
471,0,1163.05,122.97,562.45,958.04,-1,-1,-1,-1
471,3,579.00,210.18,252.06,713.09,-1,-1,-1,-1
472,0,1187.81,132.02,562.51,930.69,-1,-1,-1,-1
472,3,568.72,202.65,244.87,732.96,-1,-1,-1,-1
473,0,1195.04,144.79,591.94,898.20,-1,-1,-1,-1
473,3,541.76,200.23,264.10,752.08,-1,-1,-1,-1
474,0,1237.25,149.71,584.31,886.44,-1,-1,-1,-1
474,3,542.18,194.70,253.95,778.65,-1,-1,-1,-1
475,0,1280.53,87.98,542.77,988.36,-1,-1,-1,-1
475,3,545.53,193.11,246.31,799.46,-1,-1,-1,-1
475,4,1151.91,193.70,180.49,640.09,-1,-1,-1,-1
476,0,1305.40,73.38,533.91,1001.13,-1,-1,-1,-1
476,3,516.88,195.85,284.37,822.42,-1,-1,-1,-1
476,4,1125.15,198.20,200.89,631.70,-1,-1,-1,-1
477,0,1319.08,81.86,543.86,981.29,-1,-1,-1,-1
477,3,469.35,196.78,345.21,846.17,-1,-1,-1,-1
477,4,1096.22,196.56,229.27,639.08,-1,-1,-1,-1
478,0,1338.73,79.42,532.26,985.38,-1,-1,-1,-1
478,3,428.31,190.00,400.11,871.84,-1,-1,-1,-1
478,4,1069.97,203.35,252.86,628.85,-1,-1,-1,-1
479,0,1353.81,79.53,508.16,982.63,-1,-1,-1,-1
479,3,412.91,179.79,446.17,901.85,-1,-1,-1,-1
479,4,1049.33,206.08,268.67,629.27,-1,-1,-1,-1
480,0,1368.52,88.34,488.28,965.08,-1,-1,-1,-1
480,3,425.16,171.82,456.73,916.69,-1,-1,-1,-1
480,4,1031.63,223.76,259.99,595.03,-1,-1,-1,-1
481,0,1384.39,93.20,450.08,954.49,-1,-1,-1,-1
481,3,458.97,168.55,439.14,921.54,-1,-1,-1,-1
481,4,1014.01,226.32,243.01,598.43,-1,-1,-1,-1
482,0,1395.28,98.74,417.03,951.41,-1,-1,-1,-1
482,3,500.33,165.10,408.24,926.13,-1,-1,-1,-1
482,4,995.97,220.54,222.81,612.15,-1,-1,-1,-1
483,0,1401.32,107.75,394.05,937.00,-1,-1,-1,-1
483,3,549.37,163.49,355.97,926.47,-1,-1,-1,-1
483,4,981.88,213.77,201.93,617.70,-1,-1,-1,-1
484,0,1403.42,114.93,382.73,926.88,-1,-1,-1,-1
484,3,582.72,171.57,321.35,909.81,-1,-1,-1,-1
484,4,953.55,208.17,205.97,625.56,-1,-1,-1,-1
485,0,1402.53,118.22,378.00,929.72,-1,-1,-1,-1
485,3,611.22,171.73,294.13,902.00,-1,-1,-1,-1
485,4,921.57,213.97,222.57,621.53,-1,-1,-1,-1
486,0,1402.95,128.05,370.74,909.54,-1,-1,-1,-1
486,3,633.88,155.60,288.62,924.87,-1,-1,-1,-1
486,4,903.17,213.91,232.83,612.29,-1,-1,-1,-1
487,0,1402.18,139.73,360.94,877.11,-1,-1,-1,-1
487,3,659.66,144.03,285.69,937.16,-1,-1,-1,-1
487,4,888.29,224.02,248.49,593.62,-1,-1,-1,-1
488,0,1400.19,141.54,352.99,863.24,-1,-1,-1,-1
488,3,679.86,157.34,331.74,912.58,-1,-1,-1,-1
488,4,879.63,236.87,228.51,564.78,-1,-1,-1,-1
489,0,1393.41,150.04,347.80,812.07,-1,-1,-1,-1
489,3,712.62,135.84,332.25,942.86,-1,-1,-1,-1
489,4,865.08,245.77,220.96,546.09,-1,-1,-1,-1
490,0,1387.52,138.55,338.16,804.08,-1,-1,-1,-1
490,3,750.06,113.33,302.40,971.33,-1,-1,-1,-1
490,4,850.54,254.68,213.41,527.40,-1,-1,-1,-1
491,0,1380.07,137.84,333.83,773.22,-1,-1,-1,-1
491,3,772.15,112.59,297.62,963.47,-1,-1,-1,-1
491,4,835.99,263.58,205.86,508.71,-1,-1,-1,-1
492,0,1374.59,130.23,331.35,782.96,-1,-1,-1,-1
492,3,772.98,121.49,337.78,948.92,-1,-1,-1,-1
492,4,821.44,272.49,198.30,490.02,-1,-1,-1,-1
493,0,1370.53,111.97,323.06,843.19,-1,-1,-1,-1
493,3,778.15,117.05,372.97,957.28,-1,-1,-1,-1
493,4,751.48,212.34,210.90,639.82,-1,-1,-1,-1
494,0,1358.29,106.07,326.63,874.49,-1,-1,-1,-1
494,3,846.67,110.12,342.27,967.53,-1,-1,-1,-1
494,4,720.65,214.51,227.27,645.37,-1,-1,-1,-1
495,0,1348.99,112.44,324.64,873.68,-1,-1,-1,-1
495,3,896.95,94.91,340.48,983.63,-1,-1,-1,-1
495,4,676.93,212.28,264.12,653.87,-1,-1,-1,-1
496,0,1339.26,129.11,314.66,844.12,-1,-1,-1,-1
496,3,949.91,100.88,353.37,967.86,-1,-1,-1,-1
496,4,652.15,218.40,278.83,648.60,-1,-1,-1,-1
497,0,1333.41,139.16,306.30,833.69,-1,-1,-1,-1
497,3,1003.65,94.49,381.35,979.37,-1,-1,-1,-1
497,4,636.26,222.98,276.99,648.02,-1,-1,-1,-1
498,0,1338.62,143.91,279.45,825.68,-1,-1,-1,-1
498,3,1041.11,84.19,419.32,987.92,-1,-1,-1,-1
498,4,624.10,225.00,266.29,644.65,-1,-1,-1,-1
499,0,1330.00,160.82,242.15,777.46,-1,-1,-1,-1
499,3,1082.32,90.18,426.72,966.30,-1,-1,-1,-1
499,4,615.54,219.72,236.01,653.64,-1,-1,-1,-1
500,0,1321.93,173.53,234.00,751.39,-1,-1,-1,-1
500,3,1125.33,92.77,425.86,968.77,-1,-1,-1,-1
500,4,595.70,214.82,212.62,660.80,-1,-1,-1,-1
501,0,1313.87,186.24,225.85,725.31,-1,-1,-1,-1
501,3,1164.33,96.70,448.14,963.02,-1,-1,-1,-1
501,4,565.00,214.55,217.55,656.43,-1,-1,-1,-1
502,0,1305.80,198.96,217.70,699.23,-1,-1,-1,-1
502,3,1207.97,93.12,451.43,960.61,-1,-1,-1,-1
502,4,525.82,214.81,242.96,654.01,-1,-1,-1,-1
503,0,1297.73,211.67,209.56,673.15,-1,-1,-1,-1
503,3,1222.89,77.80,480.01,990.85,-1,-1,-1,-1
503,4,483.37,218.36,278.30,653.76,-1,-1,-1,-1
504,0,1190.08,173.13,207.28,694.05,-1,-1,-1,-1
504,3,1229.47,71.31,512.41,1001.88,-1,-1,-1,-1
504,4,447.49,216.19,307.83,667.25,-1,-1,-1,-1
505,0,1162.44,173.19,213.25,680.65,-1,-1,-1,-1
505,3,1265.34,63.98,518.34,1013.38,-1,-1,-1,-1
505,4,430.58,218.71,315.04,668.40,-1,-1,-1,-1
506,0,1138.91,177.86,235.76,683.04,-1,-1,-1,-1
506,3,1314.00,77.14,466.61,998.82,-1,-1,-1,-1
506,4,424.73,225.77,303.99,660.11,-1,-1,-1,-1
507,0,1119.37,185.06,248.11,675.16,-1,-1,-1,-1
507,3,1359.88,91.21,438.39,984.37,-1,-1,-1,-1
507,4,418.34,230.73,289.55,659.37,-1,-1,-1,-1
508,0,1105.80,201.68,246.49,641.79,-1,-1,-1,-1
508,3,1399.02,95.56,430.34,976.45,-1,-1,-1,-1
508,4,406.94,228.53,270.57,662.54,-1,-1,-1,-1
509,0,1099.21,204.48,232.73,632.86,-1,-1,-1,-1
509,3,1444.21,93.43,394.00,981.80,-1,-1,-1,-1
509,4,388.81,219.70,267.02,685.02,-1,-1,-1,-1
510,0,1095.78,195.97,216.43,635.00,-1,-1,-1,-1
510,3,1474.98,107.92,383.52,962.32,-1,-1,-1,-1
510,4,371.24,206.81,270.87,722.27,-1,-1,-1,-1
511,0,1089.70,187.45,208.60,639.88,-1,-1,-1,-1
511,3,1503.32,111.00,365.67,952.88,-1,-1,-1,-1
511,4,357.78,208.33,270.50,728.17,-1,-1,-1,-1
512,0,1078.22,184.12,204.46,637.68,-1,-1,-1,-1
512,3,1525.24,121.61,354.44,938.87,-1,-1,-1,-1
512,4,342.90,206.87,267.00,743.82,-1,-1,-1,-1
513,0,1055.62,188.12,213.21,627.52,-1,-1,-1,-1
513,3,1553.34,111.25,329.32,951.44,-1,-1,-1,-1
513,4,332.24,207.59,259.29,753.67,-1,-1,-1,-1
514,0,1033.45,196.79,219.79,607.73,-1,-1,-1,-1
514,3,1573.65,88.62,314.26,987.99,-1,-1,-1,-1
514,4,325.22,207.82,255.20,764.22,-1,-1,-1,-1
515,0,1014.25,193.29,227.32,611.66,-1,-1,-1,-1
515,3,1586.44,102.70,310.58,967.53,-1,-1,-1,-1
515,4,313.13,205.51,273.97,770.63,-1,-1,-1,-1
516,0,993.61,201.21,239.81,601.90,-1,-1,-1,-1
516,3,1593.18,119.64,312.38,946.48,-1,-1,-1,-1
516,4,303.76,196.15,284.97,785.40,-1,-1,-1,-1
517,0,976.35,206.28,254.78,597.06,-1,-1,-1,-1
517,3,1594.61,134.91,315.82,928.94,-1,-1,-1,-1
517,4,297.71,191.00,293.26,794.06,-1,-1,-1,-1
518,0,966.45,216.03,246.95,585.31,-1,-1,-1,-1
518,3,1586.98,148.22,332.46,915.71,-1,-1,-1,-1
518,4,296.04,183.97,280.19,809.93,-1,-1,-1,-1
519,0,963.60,223.36,216.57,570.89,-1,-1,-1,-1
519,3,1569.15,142.64,358.97,930.09,-1,-1,-1,-1
519,4,289.90,171.53,273.17,842.97,-1,-1,-1,-1
520,0,942.99,221.82,203.86,566.42,-1,-1,-1,-1
520,3,1549.23,137.14,379.21,940.89,-1,-1,-1,-1
520,4,277.78,161.92,265.96,879.71,-1,-1,-1,-1
521,0,920.79,212.07,197.30,580.50,-1,-1,-1,-1
521,3,1530.79,134.05,395.15,939.37,-1,-1,-1,-1
521,4,263.19,167.93,269.06,870.02,-1,-1,-1,-1
522,0,901.99,209.49,191.65,583.64,-1,-1,-1,-1
522,3,1509.89,133.08,415.25,933.47,-1,-1,-1,-1
522,4,244.49,164.56,280.99,877.62,-1,-1,-1,-1
523,0,878.36,212.21,205.09,583.96,-1,-1,-1,-1
523,3,1492.71,139.73,424.89,916.06,-1,-1,-1,-1
523,4,225.53,166.79,297.26,877.62,-1,-1,-1,-1
524,0,858.89,213.74,215.89,584.50,-1,-1,-1,-1
524,3,1492.21,143.87,411.60,898.43,-1,-1,-1,-1
524,4,207.07,166.36,320.11,883.16,-1,-1,-1,-1
525,0,840.64,217.73,234.52,576.79,-1,-1,-1,-1
525,3,1505.96,145.56,384.99,887.77,-1,-1,-1,-1
525,4,193.90,162.76,335.22,890.99,-1,-1,-1,-1
526,0,824.82,220.12,238.75,578.94,-1,-1,-1,-1
526,3,1549.44,150.40,285.50,871.25,-1,-1,-1,-1
526,4,178.54,154.62,358.29,906.63,-1,-1,-1,-1
527,0,816.99,215.50,214.45,587.45,-1,-1,-1,-1
527,3,1551.69,160.96,255.03,848.79,-1,-1,-1,-1
527,4,162.25,146.61,383.76,922.46,-1,-1,-1,-1
528,0,812.61,211.11,187.27,598.42,-1,-1,-1,-1
528,3,1501.99,158.09,291.42,852.73,-1,-1,-1,-1
528,4,154.59,141.71,395.50,933.03,-1,-1,-1,-1
529,0,800.61,208.95,178.24,598.62,-1,-1,-1,-1
529,3,1458.92,153.95,318.09,853.66,-1,-1,-1,-1
529,4,147.10,143.61,403.07,930.09,-1,-1,-1,-1
530,0,785.69,214.98,171.20,583.49,-1,-1,-1,-1
530,3,1409.13,156.34,361.80,841.47,-1,-1,-1,-1
530,4,136.56,146.87,417.73,927.89,-1,-1,-1,-1
531,0,767.46,206.86,176.71,602.73,-1,-1,-1,-1
531,3,1378.08,151.27,382.91,841.28,-1,-1,-1,-1
531,4,129.34,153.59,428.93,911.55,-1,-1,-1,-1
532,0,736.09,202.14,203.03,618.73,-1,-1,-1,-1
532,3,1369.45,159.10,375.70,820.70,-1,-1,-1,-1
532,4,135.29,151.65,431.05,915.04,-1,-1,-1,-1
533,0,698.03,201.57,237.94,634.42,-1,-1,-1,-1
533,3,1372.86,163.18,357.47,804.05,-1,-1,-1,-1
533,4,136.90,151.98,438.91,910.86,-1,-1,-1,-1
534,0,662.80,205.69,263.34,636.98,-1,-1,-1,-1
534,3,1378.72,175.91,340.32,771.48,-1,-1,-1,-1
534,4,137.54,136.43,440.69,929.07,-1,-1,-1,-1
535,0,641.40,207.45,274.20,637.50,-1,-1,-1,-1
535,3,1387.62,182.24,324.98,757.62,-1,-1,-1,-1
535,4,138.10,125.40,460.12,946.94,-1,-1,-1,-1
536,0,620.04,201.59,274.52,656.93,-1,-1,-1,-1
536,3,1389.52,186.52,313.56,744.16,-1,-1,-1,-1
536,4,136.56,110.64,481.70,968.15,-1,-1,-1,-1
537,0,580.64,197.69,293.81,668.95,-1,-1,-1,-1
537,3,1395.39,192.54,287.96,729.51,-1,-1,-1,-1
537,4,133.94,100.29,509.73,976.22,-1,-1,-1,-1
538,0,560.87,191.43,294.71,685.11,-1,-1,-1,-1
538,3,1393.87,191.06,259.87,717.80,-1,-1,-1,-1
538,4,142.78,103.42,513.25,972.32,-1,-1,-1,-1
539,0,575.48,192.89,257.83,677.34,-1,-1,-1,-1
539,3,1375.38,182.41,251.25,719.11,-1,-1,-1,-1
539,4,152.96,100.96,523.37,968.02,-1,-1,-1,-1
540,0,586.00,197.36,233.27,663.11,-1,-1,-1,-1
540,3,1346.69,175.18,241.48,718.13,-1,-1,-1,-1
540,4,167.47,95.91,523.89,976.11,-1,-1,-1,-1
541,0,589.11,201.92,220.32,650.16,-1,-1,-1,-1
541,3,1311.83,182.69,252.59,700.37,-1,-1,-1,-1
541,4,186.95,88.45,529.07,983.21,-1,-1,-1,-1
542,0,589.95,210.24,212.57,615.78,-1,-1,-1,-1
542,3,1288.21,186.70,260.51,692.95,-1,-1,-1,-1
542,4,197.72,106.47,552.73,964.23,-1,-1,-1,-1
543,0,587.49,202.45,211.06,641.37,-1,-1,-1,-1
543,3,1280.18,197.73,254.24,677.60,-1,-1,-1,-1
543,4,229.30,102.17,530.85,962.22,-1,-1,-1,-1
544,0,577.92,201.89,211.30,642.16,-1,-1,-1,-1
544,3,1271.31,212.90,255.69,654.40,-1,-1,-1,-1
544,4,264.70,94.20,519.84,967.56,-1,-1,-1,-1
545,0,568.36,201.34,211.54,642.95,-1,-1,-1,-1
545,3,1254.02,219.48,272.84,643.98,-1,-1,-1,-1
545,4,304.10,73.66,501.86,993.54,-1,-1,-1,-1
546,0,558.79,200.79,211.78,643.74,-1,-1,-1,-1
546,3,1224.61,225.81,287.17,632.37,-1,-1,-1,-1
546,4,364.39,40.68,455.27,1035.64,-1,-1,-1,-1
547,0,549.22,200.23,212.02,644.53,-1,-1,-1,-1
547,3,1194.00,219.40,297.64,647.29,-1,-1,-1,-1
547,4,403.79,37.16,441.72,1033.50,-1,-1,-1,-1
548,3,1166.36,212.30,301.70,656.99,-1,-1,-1,-1
548,4,425.02,91.73,482.34,963.41,-1,-1,-1,-1
549,3,1150.00,206.13,298.17,666.21,-1,-1,-1,-1
549,4,455.43,80.19,489.15,976.90,-1,-1,-1,-1
550,0,435.63,162.92,236.70,774.16,-1,-1,-1,-1
550,3,1136.23,208.68,278.58,651.57,-1,-1,-1,-1
550,4,492.92,63.81,497.05,995.54,-1,-1,-1,-1
551,0,408.78,167.14,266.64,775.74,-1,-1,-1,-1
551,3,1129.82,213.69,255.77,634.86,-1,-1,-1,-1
551,4,581.26,47.27,485.87,1020.80,-1,-1,-1,-1
552,0,391.14,166.23,280.93,797.86,-1,-1,-1,-1
552,3,1117.39,215.37,260.14,625.07,-1,-1,-1,-1
552,4,659.92,26.53,486.88,1048.11,-1,-1,-1,-1
553,0,379.75,167.32,281.80,819.08,-1,-1,-1,-1
553,3,1109.31,213.01,260.58,627.95,-1,-1,-1,-1
553,4,743.97,28.68,461.94,1036.39,-1,-1,-1,-1
554,0,371.68,163.20,281.22,848.38,-1,-1,-1,-1
554,3,1099.89,215.79,265.21,618.40,-1,-1,-1,-1
554,4,812.99,24.30,472.35,1035.38,-1,-1,-1,-1
555,0,361.64,152.16,286.07,885.95,-1,-1,-1,-1
555,3,1087.00,217.12,262.46,611.98,-1,-1,-1,-1
555,4,878.77,38.32,455.40,1018.25,-1,-1,-1,-1
556,0,353.85,158.04,296.33,883.45,-1,-1,-1,-1
556,3,1074.10,218.46,259.71,605.55,-1,-1,-1,-1
556,4,928.21,41.45,430.50,1016.64,-1,-1,-1,-1
557,0,352.37,159.59,300.73,883.96,-1,-1,-1,-1
557,3,1061.21,219.80,256.96,599.12,-1,-1,-1,-1
557,4,965.45,29.30,431.92,1034.24,-1,-1,-1,-1
558,0,351.95,156.41,307.15,884.29,-1,-1,-1,-1
558,3,1048.31,221.14,254.21,592.69,-1,-1,-1,-1
558,4,988.43,27.63,446.58,1041.78,-1,-1,-1,-1
559,0,349.87,140.78,303.14,914.11,-1,-1,-1,-1
559,4,997.04,29.61,476.66,1044.85,-1,-1,-1,-1
560,0,350.60,131.63,305.45,932.73,-1,-1,-1,-1
560,3,955.10,244.52,204.50,622.21,-1,-1,-1,-1
560,4,1038.14,26.99,478.97,1049.82,-1,-1,-1,-1
561,0,350.65,135.63,306.49,932.31,-1,-1,-1,-1
561,3,927.17,231.66,220.90,643.04,-1,-1,-1,-1
561,4,1053.05,34.53,489.31,1042.95,-1,-1,-1,-1
562,0,352.36,139.26,310.54,923.31,-1,-1,-1,-1
562,3,903.79,230.92,232.83,647.07,-1,-1,-1,-1
562,4,1118.24,46.16,445.98,1029.49,-1,-1,-1,-1
563,0,351.96,133.71,316.32,932.85,-1,-1,-1,-1
563,3,885.54,226.67,239.17,649.74,-1,-1,-1,-1
563,4,1172.05,55.32,432.30,1017.68,-1,-1,-1,-1
564,0,347.32,129.53,340.18,935.73,-1,-1,-1,-1
564,3,874.74,225.64,223.15,647.20,-1,-1,-1,-1
564,4,1212.44,72.86,434.65,993.57,-1,-1,-1,-1
565,0,347.04,122.21,362.65,946.05,-1,-1,-1,-1
565,3,867.67,212.18,195.78,664.83,-1,-1,-1,-1
565,4,1241.42,80.90,448.90,984.96,-1,-1,-1,-1
566,0,349.02,123.86,377.66,935.72,-1,-1,-1,-1
566,3,856.33,215.54,185.96,661.45,-1,-1,-1,-1
566,4,1260.86,69.18,457.32,1006.76,-1,-1,-1,-1
567,0,356.53,112.32,387.18,947.28,-1,-1,-1,-1
567,3,833.77,214.54,199.74,661.45,-1,-1,-1,-1
567,4,1278.35,72.51,467.79,999.05,-1,-1,-1,-1
568,0,365.41,104.60,403.73,958.08,-1,-1,-1,-1
568,3,799.03,216.32,229.93,654.16,-1,-1,-1,-1
568,4,1280.88,81.88,493.63,988.09,-1,-1,-1,-1
569,0,365.53,103.29,433.42,958.80,-1,-1,-1,-1
569,3,762.61,215.99,257.05,659.20,-1,-1,-1,-1
569,4,1291.01,82.52,492.68,993.09,-1,-1,-1,-1
570,0,380.74,105.26,438.48,952.29,-1,-1,-1,-1
570,3,729.89,219.44,275.92,658.97,-1,-1,-1,-1
570,4,1301.00,94.09,485.77,976.96,-1,-1,-1,-1
571,0,398.03,95.52,438.03,965.47,-1,-1,-1,-1
571,3,718.37,227.70,268.67,646.66,-1,-1,-1,-1
571,4,1313.98,100.10,459.30,969.55,-1,-1,-1,-1
572,0,414.56,99.68,459.31,969.19,-1,-1,-1,-1
572,3,719.68,241.78,239.02,634.62,-1,-1,-1,-1
572,4,1325.72,107.03,431.02,967.15,-1,-1,-1,-1
573,0,442.66,92.54,476.65,981.98,-1,-1,-1,-1
573,3,702.64,248.21,235.87,626.28,-1,-1,-1,-1
573,4,1338.85,119.16,396.98,952.13,-1,-1,-1,-1
574,0,470.09,86.25,503.95,986.07,-1,-1,-1,-1
574,3,685.61,254.64,232.73,617.95,-1,-1,-1,-1
574,4,1349.01,122.60,369.49,945.48,-1,-1,-1,-1
575,0,505.70,78.24,519.44,985.70,-1,-1,-1,-1
575,3,668.58,261.07,229.58,609.61,-1,-1,-1,-1
575,4,1354.63,125.55,352.01,933.50,-1,-1,-1,-1
576,0,554.51,117.42,507.90,924.70,-1,-1,-1,-1
576,3,651.55,267.50,226.44,601.28,-1,-1,-1,-1
576,4,1357.92,116.41,342.49,945.12,-1,-1,-1,-1
577,0,577.72,73.72,507.44,988.62,-1,-1,-1,-1
577,4,1359.67,113.22,336.50,948.21,-1,-1,-1,-1
578,0,586.24,145.13,435.79,844.36,-1,-1,-1,-1
578,4,1356.73,117.81,323.54,941.26,-1,-1,-1,-1
579,0,658.70,85.74,426.16,950.58,-1,-1,-1,-1
579,3,524.31,207.34,303.28,729.94,-1,-1,-1,-1
579,4,1361.01,117.77,294.51,943.07,-1,-1,-1,-1
580,0,720.52,40.24,390.08,1027.02,-1,-1,-1,-1
580,3,497.28,213.12,317.92,728.89,-1,-1,-1,-1
580,4,1359.59,114.07,266.93,938.76,-1,-1,-1,-1
581,0,774.26,35.72,369.14,1042.10,-1,-1,-1,-1
581,3,471.15,216.16,317.63,728.05,-1,-1,-1,-1
581,4,1345.35,120.52,263.52,922.18,-1,-1,-1,-1
582,0,832.22,55.99,348.08,1017.73,-1,-1,-1,-1
582,3,451.76,214.73,294.52,732.24,-1,-1,-1,-1
582,4,1332.56,127.64,278.63,912.97,-1,-1,-1,-1
583,0,881.32,71.60,326.25,993.17,-1,-1,-1,-1
583,3,432.03,211.35,282.96,740.18,-1,-1,-1,-1
583,4,1322.25,123.58,294.43,922.85,-1,-1,-1,-1
584,0,931.22,38.35,318.13,1040.81,-1,-1,-1,-1
584,3,404.57,201.79,284.34,759.13,-1,-1,-1,-1
584,4,1310.55,131.18,318.97,916.33,-1,-1,-1,-1
585,0,967.32,26.49,334.76,1052.41,-1,-1,-1,-1
585,3,380.34,194.31,281.98,782.15,-1,-1,-1,-1
585,4,1301.66,145.27,320.32,887.35,-1,-1,-1,-1
586,0,989.21,37.22,371.92,1025.68,-1,-1,-1,-1
586,3,357.54,189.64,286.06,801.18,-1,-1,-1,-1
586,4,1295.02,152.81,301.64,857.41,-1,-1,-1,-1
587,0,1018.20,86.79,416.14,967.87,-1,-1,-1,-1
587,3,341.12,182.98,284.95,835.23,-1,-1,-1,-1
587,4,1284.99,168.27,278.63,801.38,-1,-1,-1,-1
588,0,1038.74,71.33,466.13,992.83,-1,-1,-1,-1
588,3,328.32,186.87,282.75,841.39,-1,-1,-1,-1
588,4,1281.84,183.79,265.66,764.08,-1,-1,-1,-1
589,0,1049.66,62.83,478.46,1002.25,-1,-1,-1,-1
589,3,309.50,183.55,287.80,853.53,-1,-1,-1,-1
589,4,1278.69,199.31,252.69,726.79,-1,-1,-1,-1
590,0,1076.90,57.60,464.67,1009.98,-1,-1,-1,-1
590,3,297.52,190.96,292.19,844.65,-1,-1,-1,-1
590,4,1275.54,214.84,239.72,689.49,-1,-1,-1,-1
591,0,1117.75,59.16,427.49,1010.51,-1,-1,-1,-1
591,3,283.94,182.01,299.63,870.51,-1,-1,-1,-1
591,4,1272.39,230.36,226.75,652.19,-1,-1,-1,-1
592,0,1146.17,62.33,441.50,1011.72,-1,-1,-1,-1
592,3,273.72,181.81,307.99,876.20,-1,-1,-1,-1
593,0,1180.77,63.54,451.09,1010.98,-1,-1,-1,-1
593,3,264.85,178.46,322.25,882.94,-1,-1,-1,-1
594,0,1214.79,60.40,451.80,1018.28,-1,-1,-1,-1
594,3,258.93,179.03,336.39,886.61,-1,-1,-1,-1
595,0,1240.92,100.37,449.31,962.66,-1,-1,-1,-1
595,3,246.22,178.44,363.45,892.88,-1,-1,-1,-1
595,4,1216.59,222.79,134.82,655.24,-1,-1,-1,-1
596,0,1254.52,81.46,436.40,993.78,-1,-1,-1,-1
596,3,225.32,175.41,399.69,899.93,-1,-1,-1,-1
596,4,1201.75,228.08,131.60,639.80,-1,-1,-1,-1
597,0,1251.53,87.31,450.01,984.60,-1,-1,-1,-1
597,3,195.31,169.27,442.55,910.77,-1,-1,-1,-1
597,4,1190.29,210.55,144.26,663.62,-1,-1,-1,-1
598,0,1292.09,98.77,400.47,968.73,-1,-1,-1,-1
598,3,163.42,164.54,491.60,916.48,-1,-1,-1,-1
598,4,1174.97,191.92,166.48,674.24,-1,-1,-1,-1
599,0,1320.10,101.90,365.33,968.70,-1,-1,-1,-1
599,3,139.39,163.28,529.40,910.57,-1,-1,-1,-1
599,4,1152.76,184.28,191.63,672.30,-1,-1,-1,-1
600,0,1342.33,125.83,329.01,915.48,-1,-1,-1,-1
600,3,134.86,150.67,536.88,925.88,-1,-1,-1,-1
600,4,1125.52,181.12,222.07,669.90,-1,-1,-1,-1
601,0,1351.68,137.11,307.91,886.35,-1,-1,-1,-1
601,3,154.19,139.13,505.63,940.90,-1,-1,-1,-1
601,4,1105.60,183.42,246.91,666.49,-1,-1,-1,-1
602,0,1343.79,140.39,305.22,881.92,-1,-1,-1,-1
602,3,184.55,135.39,464.81,938.03,-1,-1,-1,-1
602,4,1093.82,198.51,248.59,643.25,-1,-1,-1,-1
603,0,1334.52,128.32,300.56,887.37,-1,-1,-1,-1
603,3,234.07,131.38,407.32,945.12,-1,-1,-1,-1
603,4,1084.17,204.44,240.97,633.73,-1,-1,-1,-1
604,0,1321.41,114.93,301.76,895.34,-1,-1,-1,-1
604,3,279.21,142.56,366.37,924.30,-1,-1,-1,-1
604,4,1075.07,208.91,214.25,627.36,-1,-1,-1,-1
605,0,1313.03,112.79,299.75,885.53,-1,-1,-1,-1
605,3,311.66,140.24,347.62,926.13,-1,-1,-1,-1
605,4,1059.05,202.23,207.18,635.75,-1,-1,-1,-1
606,0,1313.46,112.02,299.39,878.44,-1,-1,-1,-1
606,3,344.14,149.67,344.80,914.74,-1,-1,-1,-1
606,4,1035.89,213.66,212.02,623.71,-1,-1,-1,-1
607,0,1325.71,120.33,277.93,862.99,-1,-1,-1,-1
607,3,376.17,127.87,350.73,948.23,-1,-1,-1,-1
607,4,1012.51,207.08,216.38,636.28,-1,-1,-1,-1
608,0,1329.88,124.93,270.00,848.85,-1,-1,-1,-1
608,3,411.07,119.36,347.93,955.24,-1,-1,-1,-1
608,4,982.69,204.96,231.47,640.68,-1,-1,-1,-1
609,0,1328.01,130.54,277.64,838.94,-1,-1,-1,-1
609,3,441.41,108.97,352.60,962.36,-1,-1,-1,-1
609,4,954.58,209.39,247.89,631.07,-1,-1,-1,-1
610,0,1325.49,129.84,268.68,844.96,-1,-1,-1,-1
610,3,483.03,98.11,331.74,963.39,-1,-1,-1,-1
610,4,930.73,208.55,259.55,630.84,-1,-1,-1,-1
611,0,1317.89,138.98,265.01,823.04,-1,-1,-1,-1
611,3,516.57,79.20,337.37,991.52,-1,-1,-1,-1
611,4,908.46,212.88,267.22,621.54,-1,-1,-1,-1
612,0,1303.10,145.04,256.91,802.49,-1,-1,-1,-1
612,3,559.20,84.63,334.79,978.13,-1,-1,-1,-1
612,4,891.63,216.76,253.19,611.08,-1,-1,-1,-1
613,0,1287.68,149.25,255.76,790.98,-1,-1,-1,-1
613,3,596.64,76.93,330.11,982.08,-1,-1,-1,-1
613,4,883.02,209.28,227.64,617.30,-1,-1,-1,-1
614,0,1253.92,150.45,273.59,786.68,-1,-1,-1,-1
614,3,634.34,73.18,361.09,989.88,-1,-1,-1,-1
614,4,889.46,213.81,168.12,596.90,-1,-1,-1,-1
615,0,1206.94,150.32,306.34,791.74,-1,-1,-1,-1
615,3,688.71,82.01,356.46,961.75,-1,-1,-1,-1
615,4,870.49,216.71,165.30,586.98,-1,-1,-1,-1
616,0,1174.50,148.40,327.40,797.37,-1,-1,-1,-1
616,3,742.11,81.43,362.56,943.87,-1,-1,-1,-1
616,4,851.53,219.60,162.49,577.05,-1,-1,-1,-1
617,0,1162.59,156.30,324.03,787.04,-1,-1,-1,-1
617,3,782.59,63.26,380.80,970.98,-1,-1,-1,-1
617,4,832.57,222.50,159.67,567.12,-1,-1,-1,-1
618,0,1150.86,170.01,322.07,763.14,-1,-1,-1,-1
618,3,824.20,56.06,382.74,975.93,-1,-1,-1,-1
618,4,751.18,227.16,175.01,582.58,-1,-1,-1,-1
619,0,1144.84,182.87,316.49,745.36,-1,-1,-1,-1
619,3,865.81,48.86,384.68,980.87,-1,-1,-1,-1
619,4,722.01,216.34,192.67,623.79,-1,-1,-1,-1
620,0,1164.46,192.34,277.40,691.87,-1,-1,-1,-1
620,3,907.41,41.66,386.62,985.82,-1,-1,-1,-1
620,4,690.50,221.46,225.03,629.98,-1,-1,-1,-1
621,0,1168.26,192.17,278.49,672.51,-1,-1,-1,-1
621,3,913.60,44.78,477.76,1019.32,-1,-1,-1,-1
621,4,669.27,230.59,236.43,617.41,-1,-1,-1,-1
622,0,1186.29,217.86,240.38,529.65,-1,-1,-1,-1
622,3,954.65,37.56,483.55,1031.60,-1,-1,-1,-1
622,4,651.60,236.52,231.44,609.30,-1,-1,-1,-1
623,0,1197.69,246.03,203.93,449.28,-1,-1,-1,-1
623,3,995.69,30.34,489.35,1043.89,-1,-1,-1,-1
623,4,637.32,241.00,217.64,600.68,-1,-1,-1,-1
624,0,1209.10,274.20,167.46,368.92,-1,-1,-1,-1
624,3,1036.73,23.12,495.14,1056.18,-1,-1,-1,-1
624,4,624.85,233.82,203.15,612.55,-1,-1,-1,-1
625,0,1220.50,302.37,130.99,288.55,-1,-1,-1,-1
625,3,1077.77,15.89,500.94,1068.46,-1,-1,-1,-1
625,4,602.25,228.51,206.01,622.54,-1,-1,-1,-1
626,0,1231.91,330.54,94.52,208.18,-1,-1,-1,-1
626,3,1104.80,57.17,507.20,1011.85,-1,-1,-1,-1
626,4,560.91,218.71,238.74,634.57,-1,-1,-1,-1
627,3,1118.39,69.76,511.79,1004.55,-1,-1,-1,-1
627,4,533.23,209.95,266.52,648.80,-1,-1,-1,-1
628,0,1058.24,182.59,223.35,651.69,-1,-1,-1,-1
628,3,1158.17,73.91,509.46,999.86,-1,-1,-1,-1
628,4,519.59,208.84,266.11,657.19,-1,-1,-1,-1
629,0,1026.92,174.71,249.32,667.39,-1,-1,-1,-1
629,3,1229.68,69.53,439.66,1000.23,-1,-1,-1,-1
629,4,514.23,206.20,256.68,665.69,-1,-1,-1,-1
630,0,1004.49,180.82,253.28,653.98,-1,-1,-1,-1
630,3,1269.67,68.13,415.17,1001.26,-1,-1,-1,-1
630,4,512.57,203.62,242.34,672.01,-1,-1,-1,-1
631,0,1005.77,185.38,219.75,639.08,-1,-1,-1,-1
631,3,1306.89,72.64,404.21,1001.65,-1,-1,-1,-1
631,4,504.77,213.49,236.15,649.40,-1,-1,-1,-1
632,0,999.85,182.51,207.76,642.48,-1,-1,-1,-1
632,3,1330.90,81.85,405.92,989.87,-1,-1,-1,-1
632,4,489.52,211.03,243.65,646.97,-1,-1,-1,-1
633,0,984.79,182.26,207.25,638.33,-1,-1,-1,-1
633,3,1354.78,91.41,405.90,981.19,-1,-1,-1,-1
633,4,461.57,208.00,263.35,653.14,-1,-1,-1,-1
634,0,962.69,191.04,221.92,619.47,-1,-1,-1,-1
634,3,1383.41,93.73,403.59,982.92,-1,-1,-1,-1
634,4,432.60,208.79,285.79,662.70,-1,-1,-1,-1
635,0,943.19,201.00,236.91,604.82,-1,-1,-1,-1
635,3,1401.88,90.39,430.38,988.40,-1,-1,-1,-1
635,4,412.69,216.68,294.17,663.53,-1,-1,-1,-1
636,0,923.73,198.39,251.31,611.75,-1,-1,-1,-1
636,3,1419.08,86.59,442.85,995.11,-1,-1,-1,-1
636,4,407.21,209.63,286.64,688.62,-1,-1,-1,-1
637,0,904.72,198.35,268.69,616.96,-1,-1,-1,-1
637,3,1428.80,86.52,462.59,995.87,-1,-1,-1,-1
637,4,405.53,204.98,278.37,708.80,-1,-1,-1,-1
638,0,890.15,202.92,267.79,608.97,-1,-1,-1,-1
638,3,1429.24,87.37,480.96,994.81,-1,-1,-1,-1
638,4,407.20,211.73,269.52,702.62,-1,-1,-1,-1
639,0,872.05,211.55,252.94,589.62,-1,-1,-1,-1
639,3,1425.12,89.30,493.32,985.80,-1,-1,-1,-1
639,4,412.59,210.99,257.98,706.05,-1,-1,-1,-1
640,0,852.50,225.77,237.63,564.58,-1,-1,-1,-1
640,3,1424.39,98.45,492.15,967.61,-1,-1,-1,-1
640,4,413.44,208.96,255.64,712.77,-1,-1,-1,-1
641,0,820.26,214.00,271.51,578.33,-1,-1,-1,-1
641,3,1430.53,112.33,476.96,952.08,-1,-1,-1,-1
641,4,416.87,200.09,250.89,734.93,-1,-1,-1,-1
642,0,793.30,205.23,303.83,593.76,-1,-1,-1,-1
642,3,1437.31,115.04,454.92,950.42,-1,-1,-1,-1
642,4,428.45,191.27,235.91,763.65,-1,-1,-1,-1
643,0,767.43,203.29,339.14,600.45,-1,-1,-1,-1
643,3,1452.13,125.67,415.06,931.61,-1,-1,-1,-1
643,4,439.29,173.95,221.37,812.72,-1,-1,-1,-1
644,0,750.17,201.43,364.73,609.55,-1,-1,-1,-1
644,3,1462.49,131.81,383.07,923.23,-1,-1,-1,-1
644,4,449.47,172.73,209.22,816.41,-1,-1,-1,-1
645,0,741.92,203.84,375.91,610.94,-1,-1,-1,-1
645,3,1460.07,129.49,374.81,929.78,-1,-1,-1,-1
645,4,457.79,168.98,205.31,833.68,-1,-1,-1,-1
646,0,740.54,210.61,362.43,603.64,-1,-1,-1,-1
646,3,1467.75,136.00,348.48,919.23,-1,-1,-1,-1
646,4,458.79,178.14,211.01,826.94,-1,-1,-1,-1
647,0,740.03,212.50,334.73,605.04,-1,-1,-1,-1
647,3,1466.14,137.82,332.65,911.98,-1,-1,-1,-1
647,4,449.32,182.74,240.20,825.52,-1,-1,-1,-1
648,0,733.00,212.59,332.58,611.04,-1,-1,-1,-1
648,3,1455.65,139.91,325.28,913.97,-1,-1,-1,-1
648,4,439.53,180.69,271.91,841.36,-1,-1,-1,-1
649,0,721.77,207.23,318.88,619.96,-1,-1,-1,-1
649,3,1441.93,138.85,325.76,911.48,-1,-1,-1,-1
649,4,428.18,181.84,302.60,844.79,-1,-1,-1,-1
650,0,709.58,209.60,316.36,613.30,-1,-1,-1,-1
650,3,1432.64,150.01,323.49,881.10,-1,-1,-1,-1
650,4,425.49,179.70,315.82,859.78,-1,-1,-1,-1
651,0,701.08,204.99,295.72,612.09,-1,-1,-1,-1
651,3,1417.76,163.60,323.71,851.81,-1,-1,-1,-1
651,4,426.75,176.41,324.10,873.20,-1,-1,-1,-1
652,0,689.85,203.14,288.55,617.84,-1,-1,-1,-1
652,3,1397.40,163.96,325.21,850.99,-1,-1,-1,-1
652,4,431.54,181.43,330.55,866.73,-1,-1,-1,-1
653,0,680.76,202.16,292.11,621.31,-1,-1,-1,-1
653,3,1370.69,168.69,334.60,824.70,-1,-1,-1,-1
653,4,444.80,172.80,325.82,889.68,-1,-1,-1,-1
654,0,665.61,195.53,301.34,661.28,-1,-1,-1,-1
654,3,1351.64,163.49,328.93,828.28,-1,-1,-1,-1
654,4,456.54,170.45,357.31,903.83,-1,-1,-1,-1
655,0,647.93,209.55,332.58,601.55,-1,-1,-1,-1
655,3,1350.45,166.00,306.31,804.34,-1,-1,-1,-1
655,4,473.05,174.83,437.56,898.56,-1,-1,-1,-1
656,0,641.91,216.72,323.88,585.70,-1,-1,-1,-1
656,3,1357.91,172.05,280.79,778.21,-1,-1,-1,-1
656,4,492.15,172.78,483.17,901.68,-1,-1,-1,-1
657,0,635.89,223.90,315.17,569.85,-1,-1,-1,-1
657,3,1362.91,174.38,264.56,763.93,-1,-1,-1,-1
657,4,519.44,160.56,466.47,917.81,-1,-1,-1,-1
658,0,629.88,231.07,306.46,554.00,-1,-1,-1,-1
658,3,1352.44,176.20,256.92,750.27,-1,-1,-1,-1
658,4,568.17,159.87,368.71,918.21,-1,-1,-1,-1
659,0,623.86,238.25,297.75,538.15,-1,-1,-1,-1
659,3,1328.92,180.23,282.89,735.28,-1,-1,-1,-1
659,4,586.58,153.45,333.64,923.68,-1,-1,-1,-1
660,3,1309.44,186.33,304.93,720.23,-1,-1,-1,-1
660,4,573.50,154.03,371.76,922.71,-1,-1,-1,-1
661,3,1297.92,190.54,315.65,708.73,-1,-1,-1,-1
661,4,569.71,152.75,401.48,922.21,-1,-1,-1,-1
662,3,1280.63,190.92,330.36,698.49,-1,-1,-1,-1
662,4,549.83,146.33,468.57,925.34,-1,-1,-1,-1
663,0,529.47,149.68,237.03,821.58,-1,-1,-1,-1
663,3,1267.57,190.73,319.17,689.84,-1,-1,-1,-1
663,4,586.77,146.12,483.81,929.39,-1,-1,-1,-1