21,0,6.62,252.98,244.46,581.83,-1,-1,-1,-1
22,0,7.57,246.76,239.09,585.96,-1,-1,-1,-1
23,0,8.31,240.63,231.99,605.55,-1,-1,-1,-1
24,0,6.90,249.17,229.87,602.22,-1,-1,-1,-1
25,0,8.15,249.69,228.18,604.54,-1,-1,-1,-1
26,0,6.83,245.69,229.72,615.18,-1,-1,-1,-1
27,0,5.72,249.30,233.90,620.21,-1,-1,-1,-1
28,0,6.06,251.27,235.76,625.65,-1,-1,-1,-1
29,0,8.57,251.08,239.53,630.46,-1,-1,-1,-1
30,0,14.28,253.23,239.46,630.07,-1,-1,-1,-1
31,0,19.87,255.90,242.02,626.67,-1,-1,-1,-1
32,0,23.12,252.60,250.85,633.33,-1,-1,-1,-1
33,0,44.26,247.69,236.15,638.15,-1,-1,-1,-1
34,0,59.34,245.19,245.27,634.64,-1,-1,-1,-1
35,0,70.76,238.51,278.69,645.02,-1,-1,-1,-1
36,0,90.38,241.08,301.05,641.67,-1,-1,-1,-1
37,0,109.29,241.49,309.05,641.63,-1,-1,-1,-1
38,0,126.87,241.12,301.60,646.55,-1,-1,-1,-1
39,0,143.90,233.06,289.46,659.59,-1,-1,-1,-1
40,0,172.77,228.94,259.90,662.14,-1,-1,-1,-1
41,0,202.91,225.85,239.73,665.15,-1,-1,-1,-1
42,0,233.86,225.31,218.20,663.64,-1,-1,-1,-1
43,0,252.82,224.40,217.32,670.62,-1,-1,-1,-1
44,0,267.41,224.07,248.27,675.79,-1,-1,-1,-1
45,0,283.65,225.91,281.17,669.86,-1,-1,-1,-1
46,0,303.94,223.86,304.22,673.63,-1,-1,-1,-1
47,0,333.78,223.43,297.33,677.74,-1,-1,-1,-1
48,0,365.48,220.66,279.09,683.20,-1,-1,-1,-1
49,0,391.89,217.12,257.80,691.06,-1,-1,-1,-1
50,0,417.09,215.10,236.60,692.65,-1,-1,-1,-1
51,0,440.59,216.54,221.51,687.51,-1,-1,-1,-1
52,0,462.24,212.05,222.22,690.67,-1,-1,-1,-1
53,0,469.59,226.01,274.67,665.41,-1,-1,-1,-1
54,0,483.17,226.70,301.46,662.45,-1,-1,-1,-1
55,0,500.48,221.14,301.04,669.43,-1,-1,-1,-1
56,0,513.25,229.11,308.31,657.53,-1,-1,-1,-1
57,0,529.48,219.25,301.01,672.39,-1,-1,-1,-1
58,0,567.09,213.41,266.80,677.67,-1,-1,-1,-1
59,0,598.55,212.37,234.69,673.63,-1,-1,-1,-1
60,0,635.52,208.96,205.42,672.62,-1,-1,-1,-1
61,0,661.47,213.06,204.56,668.26,-1,-1,-1,-1
62,0,680.59,206.63,236.91,680.66,-1,-1,-1,-1
63,0,697.15,208.13,259.42,680.09,-1,-1,-1,-1
64,0,709.31,217.79,289.80,662.78,-1,-1,-1,-1
65,0,723.73,223.31,300.67,654.38,-1,-1,-1,-1
66,0,751.72,219.43,283.79,659.46,-1,-1,-1,-1
67,0,772.19,228.93,272.62,644.84,-1,-1,-1,-1
68,0,802.72,216.39,240.45,657.78,-1,-1,-1,-1
69,0,836.62,201.94,214.29,678.29,-1,-1,-1,-1
70,0,865.08,200.33,205.15,680.01,-1,-1,-1,-1
71,0,894.07,193.57,188.03,690.69,-1,-1,-1,-1
72,0,900.52,203.21,216.41,673.46,-1,-1,-1,-1
73,0,911.42,208.79,233.90,658.60,-1,-1,-1,-1
74,0,921.31,213.09,241.95,654.78,-1,-1,-1,-1
75,0,931.23,212.56,245.43,655.23,-1,-1,-1,-1
76,0,948.96,215.19,230.27,640.69,-1,-1,-1,-1
77,0,981.61,213.79,195.99,629.70,-1,-1,-1,-1
78,0,1007.96,208.77,171.16,627.76,-1,-1,-1,-1
79,0,1025.17,206.55,174.43,628.77,-1,-1,-1,-1
80,0,1040.40,202.29,189.38,635.21,-1,-1,-1,-1
81,0,1049.15,204.58,219.93,631.82,-1,-1,-1,-1
82,0,1064.32,211.31,229.76,622.42,-1,-1,-1,-1
83,0,1068.66,208.11,249.59,629.86,-1,-1,-1,-1
84,0,1082.07,208.43,242.85,633.04,-1,-1,-1,-1
85,0,1107.65,203.58,213.10,641.74,-1,-1,-1,-1
86,0,1135.63,212.89,182.50,622.72,-1,-1,-1,-1
87,0,1151.64,215.83,170.00,617.99,-1,-1,-1,-1
88,0,1163.30,209.30,170.10,628.19,-1,-1,-1,-1
89,0,1171.37,204.93,186.65,638.05,-1,-1,-1,-1
90,0,1174.79,207.63,219.26,643.68,-1,-1,-1,-1
91,0,1181.04,208.14,247.38,657.08,-1,-1,-1,-1
92,0,1189.79,207.80,264.17,663.00,-1,-1,-1,-1
93,0,1206.24,200.25,256.60,685.96,-1,-1,-1,-1
94,0,1215.53,197.99,258.46,700.30,-1,-1,-1,-1
95,0,1228.82,197.82,258.46,708.55,-1,-1,-1,-1
96,0,1239.32,196.06,258.29,710.79,-1,-1,-1,-1
97,0,1247.08,191.10,263.14,723.44,-1,-1,-1,-1
98,0,1258.44,185.15,261.82,739.76,-1,-1,-1,-1
99,0,1264.76,179.95,265.27,761.37,-1,-1,-1,-1
100,0,1271.68,174.47,263.20,789.43,-1,-1,-1,-1
101,0,1275.47,170.07,266.01,805.62,-1,-1,-1,-1
102,0,1276.87,172.18,267.50,816.31,-1,-1,-1,-1
103,0,1277.06,170.92,269.14,830.18,-1,-1,-1,-1
104,0,1275.12,170.29,278.02,840.76,-1,-1,-1,-1
105,0,1274.20,166.00,281.17,851.06,-1,-1,-1,-1
106,0,1272.36,170.33,286.59,844.00,-1,-1,-1,-1
107,0,1266.60,162.46,296.84,866.19,-1,-1,-1,-1
108,0,1268.02,153.90,295.58,893.98,-1,-1,-1,-1
109,0,1272.95,155.49,289.48,900.22,-1,-1,-1,-1
110,0,1278.21,157.97,280.14,899.44,-1,-1,-1,-1
111,0,1274.35,160.05,272.97,895.12,-1,-1,-1,-1
112,0,1277.07,157.52,258.54,896.62,-1,-1,-1,-1
113,0,1279.29,154.86,253.12,899.87,-1,-1,-1,-1
114,0,1283.53,161.52,234.63,883.54,-1,-1,-1,-1
115,0,1271.69,153.76,242.38,894.10,-1,-1,-1,-1
116,0,1267.68,148.75,241.23,907.71,-1,-1,-1,-1
117,0,1252.07,139.71,253.24,920.98,-1,-1,-1,-1
118,0,1230.28,135.38,273.72,934.91,-1,-1,-1,-1
119,0,1215.33,142.54,284.64,924.82,-1,-1,-1,-1
120,0,1205.01,147.16,288.04,915.73,-1,-1,-1,-1
121,0,1194.41,146.81,290.92,920.37,-1,-1,-1,-1
122,0,1185.33,160.31,283.77,899.45,-1,-1,-1,-1
123,0,1175.80,159.84,268.83,892.39,-1,-1,-1,-1
124,0,1163.01,161.40,260.63,866.97,-1,-1,-1,-1
125,0,1151.10,156.73,257.59,867.91,-1,-1,-1,-1
126,0,1138.84,150.78,256.48,869.88,-1,-1,-1,-1
127,0,1121.44,153.30,259.39,855.58,-1,-1,-1,-1
128,0,1103.33,160.40,265.03,843.10,-1,-1,-1,-1
129,0,1084.57,166.72,268.99,835.59,-1,-1,-1,-1
130,0,1072.56,171.82,269.75,826.08,-1,-1,-1,-1
131,0,1062.27,178.32,270.05,812.56,-1,-1,-1,-1
132,0,1051.38,177.45,263.96,809.70,-1,-1,-1,-1
133,0,1033.60,188.45,269.45,772.82,-1,-1,-1,-1
134,0,1024.91,187.85,251.52,752.19,-1,-1,-1,-1
135,0,1018.07,185.34,237.20,748.83,-1,-1,-1,-1
136,0,1004.70,190.74,236.51,737.45,-1,-1,-1,-1
136,1,1.24,231.68,171.50,578.44,-1,-1,-1,-1
137,0,994.57,194.24,236.01,732.27,-1,-1,-1,-1
137,1,4.22,229.95,168.06,578.12,-1,-1,-1,-1
138,0,984.93,188.96,233.30,741.35,-1,-1,-1,-1
138,1,5.35,223.14,175.76,592.54,-1,-1,-1,-1
139,0,979.68,189.21,229.82,738.95,-1,-1,-1,-1
139,1,4.83,226.25,191.70,584.33,-1,-1,-1,-1
140,0,974.80,197.08,228.10,725.34,-1,-1,-1,-1
140,1,3.86,231.64,225.76,574.25,-1,-1,-1,-1
141,0,971.69,206.21,225.95,705.26,-1,-1,-1,-1
141,1,11.17,241.00,258.96,561.14,-1,-1,-1,-1
142,0,972.17,210.64,218.56,678.88,-1,-1,-1,-1
142,1,24.82,240.96,268.00,564.55,-1,-1,-1,-1
143,0,969.42,213.72,213.65,658.12,-1,-1,-1,-1
143,1,44.62,240.14,264.87,567.68,-1,-1,-1,-1
144,0,969.22,210.05,208.00,654.06,-1,-1,-1,-1
144,1,62.35,242.04,256.56,565.93,-1,-1,-1,-1
145,0,964.89,209.56,203.72,649.29,-1,-1,-1,-1
145,1,86.38,232.14,234.94,582.16,-1,-1,-1,-1
146,0,956.10,212.13,204.41,639.48,-1,-1,-1,-1
146,1,105.40,225.52,220.49,591.65,-1,-1,-1,-1
147,0,945.99,216.39,212.22,628.80,-1,-1,-1,-1
147,1,123.11,223.21,211.74,591.95,-1,-1,-1,-1
148,0,939.16,218.65,217.38,624.85,-1,-1,-1,-1
148,1,135.89,226.98,214.99,584.44,-1,-1,-1,-1
149,0,936.88,225.59,217.11,613.02,-1,-1,-1,-1
149,1,153.39,234.67,227.40,569.52,-1,-1,-1,-1
150,0,932.35,230.68,217.09,598.95,-1,-1,-1,-1
150,1,172.52,226.27,254.58,584.06,-1,-1,-1,-1
151,0,929.54,231.21,197.98,589.86,-1,-1,-1,-1
151,1,191.13,226.24,262.22,585.17,-1,-1,-1,-1
152,0,923.66,229.00,181.56,591.11,-1,-1,-1,-1
152,1,210.98,224.79,259.34,588.97,-1,-1,-1,-1
153,0,913.78,220.56,170.42,603.68,-1,-1,-1,-1
153,1,231.53,226.85,253.08,586.46,-1,-1,-1,-1
154,0,900.40,214.52,167.17,610.95,-1,-1,-1,-1
154,1,256.46,230.41,232.95,576.70,-1,-1,-1,-1
155,0,878.46,215.61,188.61,609.31,-1,-1,-1,-1
155,1,284.86,224.62,204.39,579.85,-1,-1,-1,-1
156,0,860.91,217.14,203.91,603.65,-1,-1,-1,-1
156,1,301.16,226.58,201.38,568.80,-1,-1,-1,-1
157,0,846.90,220.60,216.92,597.48,-1,-1,-1,-1
157,1,315.09,227.01,201.18,566.66,-1,-1,-1,-1
158,0,834.39,220.32,225.80,600.06,-1,-1,-1,-1
158,1,326.74,230.91,219.73,569.09,-1,-1,-1,-1
159,0,820.31,222.92,235.24,596.32,-1,-1,-1,-1
159,1,339.84,228.08,255.04,574.91,-1,-1,-1,-1
160,0,809.66,226.23,238.09,591.21,-1,-1,-1,-1
160,1,360.66,225.47,267.01,578.20,-1,-1,-1,-1
161,0,802.37,225.22,232.67,591.10,-1,-1,-1,-1
161,1,377.75,224.29,267.45,580.20,-1,-1,-1,-1
162,0,793.42,229.59,223.93,583.69,-1,-1,-1,-1
162,1,400.07,229.34,249.63,576.08,-1,-1,-1,-1
163,0,785.80,227.13,210.65,588.47,-1,-1,-1,-1
163,1,427.06,233.37,221.27,565.93,-1,-1,-1,-1
164,0,773.08,234.48,201.29,577.61,-1,-1,-1,-1
164,1,456.18,227.55,197.51,573.53,-1,-1,-1,-1
165,0,759.68,226.49,196.22,599.26,-1,-1,-1,-1
165,1,475.17,233.19,187.51,561.14,-1,-1,-1,-1
166,0,743.21,223.89,201.44,609.51,-1,-1,-1,-1
166,1,493.61,226.72,187.40,573.31,-1,-1,-1,-1
167,0,714.05,224.23,224.53,613.51,-1,-1,-1,-1
167,1,507.54,226.23,203.29,570.52,-1,-1,-1,-1
168,0,694.46,236.12,239.36,601.65,-1,-1,-1,-1
168,1,527.28,213.62,212.79,597.62,-1,-1,-1,-1
169,0,682.23,246.48,245.87,589.10,-1,-1,-1,-1
169,1,535.84,211.82,227.25,607.42,-1,-1,-1,-1
170,0,653.72,238.89,247.20,603.16,-1,-1,-1,-1
170,1,537.13,222.61,244.86,591.26,-1,-1,-1,-1
171,0,603.23,235.04,285.10,609.04,-1,-1,-1,-1
171,1,554.48,223.82,244.45,590.26,-1,-1,-1,-1
172,0,588.29,226.00,274.37,624.95,-1,-1,-1,-1
172,1,571.82,225.03,244.05,589.27,-1,-1,-1,-1
173,0,593.93,223.84,241.20,634.13,-1,-1,-1,-1
173,1,589.17,226.24,243.64,588.27,-1,-1,-1,-1
174,0,597.33,222.66,215.96,636.25,-1,-1,-1,-1
174,1,606.52,227.45,243.23,587.27,-1,-1,-1,-1
175,0,593.31,223.95,215.15,644.96,-1,-1,-1,-1
175,1,690.05,230.13,142.85,556.72,-1,-1,-1,-1
176,0,585.09,224.45,227.57,646.97,-1,-1,-1,-1
176,1,703.72,231.53,145.13,563.48,-1,-1,-1,-1
177,0,567.23,231.07,235.92,633.48,-1,-1,-1,-1
177,1,702.78,229.78,181.68,562.42,-1,-1,-1,-1
178,0,559.54,235.43,223.99,626.06,-1,-1,-1,-1
178,1,708.09,221.02,214.74,576.56,-1,-1,-1,-1
179,0,550.98,247.01,205.33,599.59,-1,-1,-1,-1
179,1,715.00,213.56,227.55,587.48,-1,-1,-1,-1
180,0,539.02,253.48,199.62,588.45,-1,-1,-1,-1
180,1,717.26,209.32,234.14,596.35,-1,-1,-1,-1
181,0,528.27,256.90,200.99,580.82,-1,-1,-1,-1
181,1,745.25,212.27,206.13,584.83,-1,-1,-1,-1
182,0,515.87,239.44,205.64,609.54,-1,-1,-1,-1
182,1,783.45,217.03,168.83,568.48,-1,-1,-1,-1
183,0,508.05,238.57,207.40,614.50,-1,-1,-1,-1
183,1,809.18,212.48,166.90,572.46,-1,-1,-1,-1
184,0,496.04,233.82,212.55,616.76,-1,-1,-1,-1
184,1,836.49,206.05,165.01,580.75,-1,-1,-1,-1
185,0,492.18,240.57,207.31,602.92,-1,-1,-1,-1
185,1,845.91,211.96,186.02,568.77,-1,-1,-1,-1
186,0,491.17,235.99,199.72,610.35,-1,-1,-1,-1
186,1,862.81,213.52,205.51,568.33,-1,-1,-1,-1
187,0,487.02,241.30,197.99,601.34,-1,-1,-1,-1
187,1,869.57,221.22,227.45,553.01,-1,-1,-1,-1
188,0,486.12,246.19,177.83,591.58,-1,-1,-1,-1
188,1,889.24,226.44,219.94,537.73,-1,-1,-1,-1
189,0,481.52,246.15,170.07,596.87,-1,-1,-1,-1
189,1,914.75,224.99,199.12,537.95,-1,-1,-1,-1
190,0,473.35,242.52,164.00,599.90,-1,-1,-1,-1
190,1,933.83,219.98,185.88,538.52,-1,-1,-1,-1
191,0,462.23,240.49,167.18,608.14,-1,-1,-1,-1
191,1,949.32,215.26,174.83,547.59,-1,-1,-1,-1
192,0,449.59,237.98,172.97,612.31,-1,-1,-1,-1
192,1,971.03,208.42,164.52,558.12,-1,-1,-1,-1
193,0,432.50,236.62,186.06,616.56,-1,-1,-1,-1
193,1,986.24,204.02,167.81,561.13,-1,-1,-1,-1
194,0,418.71,233.34,195.30,625.14,-1,-1,-1,-1
194,1,1001.07,200.61,171.35,572.57,-1,-1,-1,-1
195,0,401.96,231.82,211.66,634.05,-1,-1,-1,-1
195,1,1003.95,210.98,207.89,554.09,-1,-1,-1,-1
196,0,379.82,234.62,233.87,637.18,-1,-1,-1,-1
196,1,1016.68,207.81,218.68,558.84,-1,-1,-1,-1
197,0,357.24,215.46,248.85,678.42,-1,-1,-1,-1
197,1,1019.80,208.84,239.02,560.14,-1,-1,-1,-1
198,0,338.37,215.91,264.86,681.88,-1,-1,-1,-1
198,1,1027.64,206.38,239.86,565.02,-1,-1,-1,-1
199,0,326.93,211.06,261.89,694.36,-1,-1,-1,-1
199,1,1051.84,209.71,216.53,561.70,-1,-1,-1,-1
200,0,313.92,211.77,267.00,697.24,-1,-1,-1,-1
200,1,1085.92,210.31,181.26,561.67,-1,-1,-1,-1
201,0,305.51,210.81,263.92,710.35,-1,-1,-1,-1
201,1,1108.49,209.46,171.02,562.32,-1,-1,-1,-1
202,0,298.63,208.33,264.26,730.94,-1,-1,-1,-1
202,1,1127.09,193.56,179.62,586.66,-1,-1,-1,-1
203,0,294.46,209.65,264.50,748.31,-1,-1,-1,-1
203,1,1139.20,183.91,208.98,598.88,-1,-1,-1,-1
204,0,290.74,208.90,267.43,761.46,-1,-1,-1,-1
204,1,1147.32,184.48,246.88,599.30,-1,-1,-1,-1
205,0,287.51,212.33,275.32,764.17,-1,-1,-1,-1
205,1,1159.74,193.48,260.44,589.04,-1,-1,-1,-1
206,0,285.27,209.93,282.22,774.55,-1,-1,-1,-1
206,1,1174.10,185.81,260.66,604.97,-1,-1,-1,-1
207,0,282.83,206.83,289.12,777.86,-1,-1,-1,-1
207,1,1192.01,193.41,249.21,597.73,-1,-1,-1,-1
208,0,281.20,204.68,294.45,779.63,-1,-1,-1,-1
208,1,1210.19,194.64,232.54,591.00,-1,-1,-1,-1
209,0,280.61,194.91,294.06,801.17,-1,-1,-1,-1
209,1,1229.81,195.66,217.09,593.85,-1,-1,-1,-1
210,0,279.24,184.99,294.90,834.34,-1,-1,-1,-1
210,1,1247.27,194.40,212.22,595.90,-1,-1,-1,-1
211,0,272.54,182.12,302.33,860.04,-1,-1,-1,-1
211,1,1257.55,197.56,229.63,596.22,-1,-1,-1,-1
212,0,265.05,181.33,306.90,868.20,-1,-1,-1,-1
212,1,1261.02,195.21,266.96,602.75,-1,-1,-1,-1
213,0,258.39,182.65,309.30,869.40,-1,-1,-1,-1
213,1,1269.46,192.34,279.69,611.78,-1,-1,-1,-1
214,0,246.60,189.19,315.09,855.16,-1,-1,-1,-1
214,1,1280.89,189.15,297.74,620.86,-1,-1,-1,-1
215,0,232.16,187.94,323.69,859.97,-1,-1,-1,-1
215,1,1298.43,189.15,295.12,626.22,-1,-1,-1,-1
216,0,220.76,178.89,330.16,880.73,-1,-1,-1,-1
216,1,1318.85,197.13,277.84,619.85,-1,-1,-1,-1
217,0,213.94,171.39,326.43,896.80,-1,-1,-1,-1
217,1,1337.19,202.90,256.70,612.02,-1,-1,-1,-1
218,0,206.83,164.01,335.38,912.57,-1,-1,-1,-1
218,1,1348.54,201.91,249.04,614.24,-1,-1,-1,-1
219,0,205.09,163.78,340.14,912.62,-1,-1,-1,-1
219,1,1352.04,192.53,249.63,631.75,-1,-1,-1,-1
220,0,205.62,163.92,343.55,915.93,-1,-1,-1,-1
220,1,1355.43,182.21,250.94,651.49,-1,-1,-1,-1
221,0,215.89,163.67,336.70,917.82,-1,-1,-1,-1
221,1,1358.78,173.08,254.84,671.32,-1,-1,-1,-1
222,0,233.35,164.78,323.10,914.67,-1,-1,-1,-1
222,1,1356.80,165.40,261.58,689.04,-1,-1,-1,-1
223,0,254.56,163.97,311.65,912.16,-1,-1,-1,-1
223,1,1343.90,162.20,281.61,700.51,-1,-1,-1,-1
224,0,277.14,158.59,294.41,918.63,-1,-1,-1,-1
224,1,1332.02,160.78,297.82,715.52,-1,-1,-1,-1
225,0,293.94,163.62,299.30,907.01,-1,-1,-1,-1
225,1,1320.42,162.76,316.34,721.98,-1,-1,-1,-1
226,0,323.53,149.64,280.99,918.96,-1,-1,-1,-1
226,1,1320.39,163.72,308.87,727.38,-1,-1,-1,-1
227,0,343.45,148.24,279.04,914.72,-1,-1,-1,-1
227,1,1324.44,166.63,299.63,726.33,-1,-1,-1,-1
228,0,360.92,152.63,288.01,904.05,-1,-1,-1,-1
228,1,1344.20,171.44,266.98,717.08,-1,-1,-1,-1
229,0,381.32,152.21,281.93,896.22,-1,-1,-1,-1
229,1,1359.53,170.18,234.62,715.19,-1,-1,-1,-1
230,0,402.19,138.41,275.26,918.70,-1,-1,-1,-1
230,1,1349.57,166.16,237.56,720.03,-1,-1,-1,-1
231,0,425.29,150.70,275.11,903.03,-1,-1,-1,-1
231,1,1321.92,165.45,267.37,721.30,-1,-1,-1,-1
232,0,441.88,147.03,286.78,912.47,-1,-1,-1,-1
232,1,1300.08,164.34,287.56,724.99,-1,-1,-1,-1
233,0,456.06,154.92,286.01,910.18,-1,-1,-1,-1
233,1,1295.16,165.98,274.34,729.14,-1,-1,-1,-1
234,0,477.31,136.80,289.37,936.77,-1,-1,-1,-1
234,1,1281.45,169.34,279.79,722.60,-1,-1,-1,-1
235,0,504.34,132.29,298.55,936.29,-1,-1,-1,-1
235,1,1272.33,169.97,265.54,720.97,-1,-1,-1,-1
236,0,527.72,121.57,314.46,955.23,-1,-1,-1,-1
236,1,1261.62,161.47,250.47,732.24,-1,-1,-1,-1
237,0,557.83,118.30,321.75,961.65,-1,-1,-1,-1
237,1,1242.01,162.17,238.62,731.98,-1,-1,-1,-1
238,0,582.65,131.59,325.27,935.88,-1,-1,-1,-1
238,1,1228.93,166.83,219.85,722.16,-1,-1,-1,-1
239,0,609.85,140.51,321.99,920.98,-1,-1,-1,-1
239,1,1203.40,159.89,218.36,736.33,-1,-1,-1,-1
240,0,639.67,132.04,317.48,936.74,-1,-1,-1,-1
240,1,1163.14,159.51,244.17,737.28,-1,-1,-1,-1
241,0,667.40,138.38,318.72,926.59,-1,-1,-1,-1
241,1,1128.41,165.36,276.62,728.84,-1,-1,-1,-1
242,0,713.09,135.16,298.31,927.69,-1,-1,-1,-1
242,1,1104.87,166.99,282.86,730.02,-1,-1,-1,-1
243,0,745.29,106.96,287.40,970.27,-1,-1,-1,-1
243,1,1100.06,172.64,281.53,725.96,-1,-1,-1,-1
244,0,770.95,123.45,299.01,944.12,-1,-1,-1,-1
244,1,1092.42,171.39,274.61,727.17,-1,-1,-1,-1
245,0,797.52,124.02,324.39,943.10,-1,-1,-1,-1
245,1,1081.32,166.79,249.26,737.80,-1,-1,-1,-1
246,0,821.07,128.91,350.86,937.31,-1,-1,-1,-1
246,1,1075.35,168.24,205.73,734.42,-1,-1,-1,-1
247,0,848.85,135.91,362.01,927.49,-1,-1,-1,-1
247,1,1053.64,154.04,190.72,766.75,-1,-1,-1,-1
248,0,873.90,139.61,351.33,921.07,-1,-1,-1,-1
248,1,1044.29,161.72,177.49,755.60,-1,-1,-1,-1
249,0,893.75,162.91,364.99,902.07,-1,-1,-1,-1
249,1,1023.92,161.20,178.24,758.91,-1,-1,-1,-1
250,0,906.98,158.47,373.13,911.00,-1,-1,-1,-1
250,1,1003.55,160.67,179.00,762.21,-1,-1,-1,-1
251,0,923.62,162.68,363.90,907.58,-1,-1,-1,-1
251,1,983.18,160.14,179.75,765.52,-1,-1,-1,-1
251,2,9.91,253.99,233.64,570.25,-1,-1,-1,-1
252,0,919.51,150.22,383.19,929.00,-1,-1,-1,-1
252,1,962.82,159.62,180.51,768.83,-1,-1,-1,-1
252,2,9.17,248.22,235.53,579.05,-1,-1,-1,-1
253,0,909.83,157.40,401.52,920.31,-1,-1,-1,-1
253,2,9.08,243.28,237.70,588.55,-1,-1,-1,-1
254,0,909.82,157.20,402.69,919.55,-1,-1,-1,-1
254,1,895.73,182.43,167.69,705.15,-1,-1,-1,-1
254,2,13.09,245.53,231.54,582.61,-1,-1,-1,-1
255,0,904.93,155.83,405.18,919.70,-1,-1,-1,-1
255,1,874.20,192.34,160.73,692.95,-1,-1,-1,-1
255,2,19.28,252.12,228.32,569.29,-1,-1,-1,-1
256,0,950.48,160.91,341.51,914.03,-1,-1,-1,-1
256,1,834.59,174.31,192.38,728.03,-1,-1,-1,-1
256,2,32.55,254.39,213.13,561.17,-1,-1,-1,-1
257,0,976.55,157.79,304.45,920.89,-1,-1,-1,-1
257,1,796.81,175.96,219.82,730.23,-1,-1,-1,-1
257,2,44.08,248.63,204.08,574.01,-1,-1,-1,-1
258,0,980.85,152.66,298.29,928.66,-1,-1,-1,-1
258,1,764.46,175.50,240.46,732.07,-1,-1,-1,-1
258,2,56.05,248.82,201.21,579.73,-1,-1,-1,-1
259,0,981.94,155.56,291.66,923.81,-1,-1,-1,-1
259,1,727.99,180.10,269.09,725.40,-1,-1,-1,-1
259,2,63.50,246.18,225.18,582.57,-1,-1,-1,-1
260,0,971.72,162.89,297.15,904.79,-1,-1,-1,-1
260,1,704.17,187.98,285.92,718.19,-1,-1,-1,-1
260,2,77.43,244.93,243.54,585.52,-1,-1,-1,-1
261,0,960.93,165.64,295.51,882.52,-1,-1,-1,-1
261,1,691.70,178.27,283.75,737.57,-1,-1,-1,-1
261,2,95.99,250.52,245.09,577.34,-1,-1,-1,-1
262,0,951.91,171.22,291.62,861.84,-1,-1,-1,-1
262,1,683.49,171.27,265.11,756.25,-1,-1,-1,-1
262,2,110.91,248.26,244.60,582.33,-1,-1,-1,-1
263,0,945.37,174.20,272.65,844.81,-1,-1,-1,-1
263,1,670.67,181.53,240.24,742.71,-1,-1,-1,-1
263,2,129.52,244.24,234.56,587.13,-1,-1,-1,-1
264,0,939.31,175.85,258.90,817.01,-1,-1,-1,-1
264,1,656.45,169.22,214.35,756.02,-1,-1,-1,-1
264,2,144.37,238.74,222.86,595.10,-1,-1,-1,-1
265,0,930.31,176.18,252.88,799.23,-1,-1,-1,-1
265,1,631.61,169.54,210.14,761.20,-1,-1,-1,-1
265,2,161.03,234.60,213.33,596.81,-1,-1,-1,-1
266,0,922.17,169.99,249.18,815.19,-1,-1,-1,-1
266,1,593.85,171.22,232.69,763.24,-1,-1,-1,-1
266,2,175.61,236.96,213.07,584.42,-1,-1,-1,-1
267,0,916.44,172.61,245.68,813.85,-1,-1,-1,-1
267,1,540.11,180.27,280.87,742.17,-1,-1,-1,-1
267,2,194.09,236.87,210.09,588.05,-1,-1,-1,-1
268,0,911.60,181.56,241.52,802.30,-1,-1,-1,-1
268,1,505.35,178.88,307.16,744.71,-1,-1,-1,-1
268,2,210.42,235.46,219.92,590.60,-1,-1,-1,-1
269,0,908.50,190.31,237.30,792.21,-1,-1,-1,-1
269,1,480.30,180.09,322.86,748.41,-1,-1,-1,-1
269,2,224.40,234.52,227.46,592.04,-1,-1,-1,-1
270,0,909.27,185.38,225.71,813.95,-1,-1,-1,-1
270,1,467.31,184.69,325.20,746.04,-1,-1,-1,-1
270,2,231.73,228.02,264.57,601.26,-1,-1,-1,-1
271,0,908.17,185.86,217.87,808.52,-1,-1,-1,-1
271,1,460.57,181.76,298.80,750.01,-1,-1,-1,-1
271,2,250.98,228.79,261.62,600.73,-1,-1,-1,-1
272,0,904.32,191.60,215.10,782.89,-1,-1,-1,-1
272,1,451.36,180.30,267.55,747.95,-1,-1,-1,-1
272,2,268.86,230.08,247.94,598.61,-1,-1,-1,-1
273,0,900.23,195.70,214.35,752.48,-1,-1,-1,-1
273,1,430.75,176.69,252.82,742.45,-1,-1,-1,-1
273,2,286.58,229.72,228.90,603.65,-1,-1,-1,-1
274,0,896.63,195.16,210.67,733.91,-1,-1,-1,-1
274,1,355.21,173.83,322.40,755.39,-1,-1,-1,-1
274,2,300.86,228.52,229.84,606.11,-1,-1,-1,-1
275,0,891.54,196.79,211.36,719.14,-1,-1,-1,-1
275,1,321.63,173.74,358.31,753.42,-1,-1,-1,-1
275,2,315.15,227.33,230.78,608.58,-1,-1,-1,-1
276,0,886.70,198.81,208.35,704.54,-1,-1,-1,-1
276,1,277.63,167.70,397.90,773.21,-1,-1,-1,-1
276,2,329.44,226.13,231.72,611.05,-1,-1,-1,-1
277,0,880.39,197.60,212.62,699.52,-1,-1,-1,-1
277,1,245.49,167.71,401.77,793.27,-1,-1,-1,-1
277,2,343.73,224.93,232.65,613.52,-1,-1,-1,-1
278,0,875.09,201.61,216.71,690.25,-1,-1,-1,-1
278,1,223.37,164.66,410.70,805.11,-1,-1,-1,-1
279,0,865.57,209.11,231.39,672.37,-1,-1,-1,-1
279,1,216.44,168.39,391.15,811.03,-1,-1,-1,-1
280,0,860.25,209.47,237.49,669.93,-1,-1,-1,-1
280,1,220.30,171.11,356.23,808.67,-1,-1,-1,-1
281,0,851.17,214.82,244.14,655.92,-1,-1,-1,-1
281,1,223.63,175.01,337.56,813.08,-1,-1,-1,-1
281,2,423.17,213.27,249.33,611.92,-1,-1,-1,-1
282,0,846.87,215.98,221.84,650.34,-1,-1,-1,-1
282,1,218.12,169.82,314.98,828.51,-1,-1,-1,-1
282,2,434.80,223.22,249.14,594.54,-1,-1,-1,-1
283,0,836.17,212.89,206.23,648.30,-1,-1,-1,-1
283,1,204.92,161.50,311.24,851.13,-1,-1,-1,-1
283,2,448.91,224.36,239.78,589.84,-1,-1,-1,-1
284,0,823.27,208.36,199.86,647.66,-1,-1,-1,-1
284,1,190.56,154.18,314.36,869.07,-1,-1,-1,-1
284,2,455.71,228.93,242.95,586.14,-1,-1,-1,-1
285,0,807.52,207.22,205.84,645.83,-1,-1,-1,-1
285,1,170.80,153.66,330.17,885.37,-1,-1,-1,-1
285,2,477.12,228.84,221.37,588.72,-1,-1,-1,-1
286,0,777.95,211.39,233.92,640.11,-1,-1,-1,-1
286,1,151.12,144.05,341.28,909.25,-1,-1,-1,-1
286,2,504.82,226.77,197.40,594.00,-1,-1,-1,-1
287,0,753.83,220.27,251.24,629.03,-1,-1,-1,-1
287,1,130.93,142.81,348.99,913.85,-1,-1,-1,-1
287,2,528.77,226.98,182.67,588.62,-1,-1,-1,-1
288,0,739.08,228.16,252.48,623.56,-1,-1,-1,-1
288,1,110.23,162.73,353.57,887.66,-1,-1,-1,-1
288,2,549.23,227.18,178.94,588.81,-1,-1,-1,-1
289,0,726.21,220.42,253.91,633.31,-1,-1,-1,-1
289,1,78.79,148.94,374.99,916.39,-1,-1,-1,-1
289,2,562.28,226.56,185.61,586.53,-1,-1,-1,-1
290,0,715.66,219.61,249.04,636.89,-1,-1,-1,-1
290,1,59.05,139.25,383.63,935.05,-1,-1,-1,-1
290,2,576.76,221.48,184.72,595.63,-1,-1,-1,-1
291,0,712.94,220.38,220.48,630.52,-1,-1,-1,-1
291,1,27.15,129.29,403.78,948.85,-1,-1,-1,-1
291,2,584.22,231.80,203.64,580.92,-1,-1,-1,-1
292,0,636.05,219.49,278.24,626.14,-1,-1,-1,-1
292,1,3.38,121.05,422.23,958.50,-1,-1,-1,-1
292,2,600.67,234.28,201.96,576.12,-1,-1,-1,-1
293,0,608.18,221.83,271.89,627.81,-1,-1,-1,-1
293,1,-7.30,117.44,420.02,959.14,-1,-1,-1,-1
293,2,617.11,236.77,200.27,571.32,-1,-1,-1,-1
294,0,599.43,222.31,263.22,642.15,-1,-1,-1,-1
294,1,-13.42,109.05,415.95,968.53,-1,-1,-1,-1
294,2,633.56,239.25,198.59,566.52,-1,-1,-1,-1
295,0,605.88,217.13,241.07,655.30,-1,-1,-1,-1
295,1,-15.21,100.46,404.53,978.57,-1,-1,-1,-1
295,2,650.01,241.74,196.90,561.72,-1,-1,-1,-1
296,0,601.31,218.62,245.91,666.80,-1,-1,-1,-1
296,1,-17.94,96.89,407.80,981.01,-1,-1,-1,-1
297,0,602.45,224.96,243.68,654.78,-1,-1,-1,-1
297,1,-12.52,90.83,409.47,982.93,-1,-1,-1,-1
298,0,591.64,224.00,253.32,665.07,-1,-1,-1,-1
298,1,-5.97,90.22,414.16,978.01,-1,-1,-1,-1
298,2,723.25,230.12,170.11,574.47,-1,-1,-1,-1
299,0,582.52,219.47,242.18,675.71,-1,-1,-1,-1
299,1,15.71,89.72,410.43,973.06,-1,-1,-1,-1
299,2,743.38,233.58,187.53,573.88,-1,-1,-1,-1
300,0,575.83,214.96,206.44,681.61,-1,-1,-1,-1
300,1,46.12,82.60,398.90,976.47,-1,-1,-1,-1
300,2,754.92,231.24,205.28,571.89,-1,-1,-1,-1
301,0,561.14,212.09,198.19,686.56,-1,-1,-1,-1
301,1,61.64,77.78,408.05,982.80,-1,-1,-1,-1
301,2,774.50,233.05,196.25,566.56,-1,-1,-1,-1
302,0,545.19,208.84,197.81,695.72,-1,-1,-1,-1
302,1,82.02,64.60,409.87,1002.93,-1,-1,-1,-1
302,2,780.34,229.29,204.74,579.30,-1,-1,-1,-1
303,0,520.99,217.50,211.22,677.55,-1,-1,-1,-1
303,1,113.79,57.11,398.51,1010.20,-1,-1,-1,-1
303,2,790.92,221.00,202.00,590.82,-1,-1,-1,-1
304,0,492.82,212.94,233.34,691.85,-1,-1,-1,-1
304,1,152.05,53.22,375.52,1011.06,-1,-1,-1,-1
304,2,807.17,215.07,191.19,602.91,-1,-1,-1,-1
305,0,477.90,199.59,244.58,717.13,-1,-1,-1,-1
305,1,183.71,58.13,400.52,1004.30,-1,-1,-1,-1
305,2,825.78,217.50,179.10,598.13,-1,-1,-1,-1
306,0,487.76,225.99,223.90,682.45,-1,-1,-1,-1
306,1,219.66,56.31,429.59,1003.79,-1,-1,-1,-1
306,2,843.37,224.44,172.47,572.56,-1,-1,-1,-1
307,0,477.01,232.29,221.28,674.48,-1,-1,-1,-1
307,1,265.33,41.39,423.68,1029.55,-1,-1,-1,-1
307,2,857.78,226.62,174.95,563.68,-1,-1,-1,-1
308,0,466.26,238.59,218.65,666.51,-1,-1,-1,-1
308,1,305.83,39.98,403.34,1035.74,-1,-1,-1,-1
308,2,869.43,222.59,183.68,577.60,-1,-1,-1,-1
309,0,455.51,244.89,216.03,658.53,-1,-1,-1,-1
309,1,345.19,50.42,396.48,1017.89,-1,-1,-1,-1
309,2,876.44,222.80,206.82,573.04,-1,-1,-1,-1
310,0,444.77,251.18,213.41,650.56,-1,-1,-1,-1
310,1,391.57,108.56,391.14,947.58,-1,-1,-1,-1
310,2,890.39,222.32,221.70,580.65,-1,-1,-1,-1
311,1,424.03,149.00,400.56,901.97,-1,-1,-1,-1
311,2,901.43,224.23,224.20,580.04,-1,-1,-1,-1
312,0,391.14,225.68,176.46,721.97,-1,-1,-1,-1
312,1,439.06,110.10,424.17,956.95,-1,-1,-1,-1
312,2,910.77,218.47,228.87,599.33,-1,-1,-1,-1
313,0,367.90,209.47,199.25,748.93,-1,-1,-1,-1
313,1,480.38,124.90,424.78,934.57,-1,-1,-1,-1
313,2,918.38,217.54,230.74,609.08,-1,-1,-1,-1
314,0,346.49,221.23,221.74,732.49,-1,-1,-1,-1
314,1,543.72,150.46,400.45,906.22,-1,-1,-1,-1
314,2,925.69,225.03,229.95,604.40,-1,-1,-1,-1
315,0,339.87,224.11,225.34,726.62,-1,-1,-1,-1
315,1,593.35,225.54,398.77,819.92,-1,-1,-1,-1
315,2,950.38,227.66,203.81,592.11,-1,-1,-1,-1
316,0,323.68,222.88,241.99,730.67,-1,-1,-1,-1
316,1,656.31,179.83,353.33,881.20,-1,-1,-1,-1
316,2,969.28,217.19,189.60,608.05,-1,-1,-1,-1
317,0,313.48,221.04,251.53,733.50,-1,-1,-1,-1
317,1,701.41,142.75,316.51,920.44,-1,-1,-1,-1
317,2,980.62,215.65,186.92,609.01,-1,-1,-1,-1
318,0,297.07,218.33,268.57,739.02,-1,-1,-1,-1
318,1,739.06,95.68,308.02,978.78,-1,-1,-1,-1
318,2,989.38,203.76,189.86,631.12,-1,-1,-1,-1
319,0,287.11,213.06,285.72,748.13,-1,-1,-1,-1
319,1,771.59,69.05,315.09,996.72,-1,-1,-1,-1
319,2,1001.81,203.46,189.49,640.85,-1,-1,-1,-1
320,0,286.12,210.01,297.19,751.18,-1,-1,-1,-1
320,1,800.08,89.45,356.25,965.71,-1,-1,-1,-1
320,2,1011.03,196.42,194.68,665.44,-1,-1,-1,-1
321,0,292.41,212.43,300.86,745.21,-1,-1,-1,-1
321,1,827.36,92.26,376.23,960.40,-1,-1,-1,-1
321,2,1017.87,187.45,218.46,697.10,-1,-1,-1,-1
322,0,314.51,219.32,284.78,732.08,-1,-1,-1,-1
322,1,855.52,67.65,391.73,995.71,-1,-1,-1,-1
322,2,1044.80,186.50,201.39,708.67,-1,-1,-1,-1
323,0,334.17,222.09,272.33,725.46,-1,-1,-1,-1
323,1,873.54,68.45,407.94,989.91,-1,-1,-1,-1
323,2,1067.22,190.63,188.61,693.95,-1,-1,-1,-1
324,0,350.60,221.05,264.93,723.28,-1,-1,-1,-1
324,1,903.78,55.79,393.76,1005.27,-1,-1,-1,-1
324,2,1081.01,190.67,189.59,697.60,-1,-1,-1,-1
325,0,357.89,228.45,269.37,706.81,-1,-1,-1,-1
325,1,961.43,32.01,342.87,1036.54,-1,-1,-1,-1
325,2,1094.80,190.71,190.57,701.25,-1,-1,-1,-1
326,0,370.14,225.32,258.06,707.37,-1,-1,-1,-1
326,1,996.25,33.53,332.93,1025.78,-1,-1,-1,-1
326,2,1108.59,190.75,191.55,704.90,-1,-1,-1,-1
327,0,379.81,223.82,252.21,705.18,-1,-1,-1,-1
327,1,1026.50,18.34,334.44,1047.34,-1,-1,-1,-1
327,2,1122.38,190.79,192.53,708.55,-1,-1,-1,-1
328,0,389.54,219.54,248.34,702.23,-1,-1,-1,-1
328,1,1070.10,29.18,342.16,1023.34,-1,-1,-1,-1
329,0,424.68,224.30,215.67,690.89,-1,-1,-1,-1
329,1,1111.24,19.45,377.82,1028.16,-1,-1,-1,-1
330,0,460.04,219.18,188.20,697.86,-1,-1,-1,-1
330,1,1137.11,30.55,465.03,1015.58,-1,-1,-1,-1
331,0,482.76,222.07,192.74,690.21,-1,-1,-1,-1
331,1,1183.24,30.56,462.51,1010.02,-1,-1,-1,-1
332,0,493.85,227.64,230.47,674.41,-1,-1,-1,-1
332,1,1194.87,88.96,534.22,949.44,-1,-1,-1,-1
333,0,505.43,226.33,252.49,674.92,-1,-1,-1,-1
333,1,1231.71,132.10,469.40,905.13,-1,-1,-1,-1
333,2,1192.38,194.80,155.21,644.97,-1,-1,-1,-1
334,0,514.32,230.92,269.96,666.61,-1,-1,-1,-1
334,1,1251.67,139.09,430.46,892.76,-1,-1,-1,-1
334,2,1193.66,185.68,174.43,690.17,-1,-1,-1,-1
335,0,531.68,227.98,261.98,670.80,-1,-1,-1,-1
335,1,1263.54,99.65,433.64,956.41,-1,-1,-1,-1
335,2,1202.25,166.85,188.30,739.24,-1,-1,-1,-1
336,0,545.99,225.88,253.01,670.47,-1,-1,-1,-1
336,1,1281.12,84.65,428.41,978.57,-1,-1,-1,-1
336,2,1209.28,152.97,196.05,782.33,-1,-1,-1,-1
337,0,581.02,224.77,219.02,663.31,-1,-1,-1,-1
337,1,1295.71,70.69,433.79,993.71,-1,-1,-1,-1
337,2,1219.90,145.15,203.72,813.66,-1,-1,-1,-1
338,0,610.52,232.99,197.42,631.76,-1,-1,-1,-1
338,1,1313.10,67.57,431.64,997.90,-1,-1,-1,-1
338,2,1226.00,140.06,221.37,850.49,-1,-1,-1,-1
339,0,638.65,227.22,188.25,632.76,-1,-1,-1,-1
339,1,1332.55,61.59,442.12,1005.84,-1,-1,-1,-1
339,2,1232.32,142.61,239.73,867.77,-1,-1,-1,-1
340,0,664.40,227.59,189.19,624.14,-1,-1,-1,-1
340,1,1394.35,54.01,401.57,1014.71,-1,-1,-1,-1
340,2,1239.20,144.35,250.43,885.48,-1,-1,-1,-1
341,0,674.71,229.06,227.43,616.67,-1,-1,-1,-1
341,1,1430.77,51.96,402.00,1023.37,-1,-1,-1,-1
341,2,1242.34,153.54,265.02,894.14,-1,-1,-1,-1
342,0,687.40,221.05,245.26,625.60,-1,-1,-1,-1
342,1,1465.86,76.20,397.31,989.38,-1,-1,-1,-1
342,2,1245.99,157.36,282.62,893.72,-1,-1,-1,-1
343,0,698.86,228.90,252.00,614.81,-1,-1,-1,-1
343,1,1496.17,85.46,401.45,985.04,-1,-1,-1,-1
343,2,1252.45,153.15,289.43,906.04,-1,-1,-1,-1
344,0,714.13,230.40,239.25,610.90,-1,-1,-1,-1
344,1,1532.60,70.52,383.23,1001.60,-1,-1,-1,-1
344,2,1250.68,154.15,297.25,896.70,-1,-1,-1,-1
345,0,739.61,228.02,216.96,608.94,-1,-1,-1,-1
345,1,1561.13,69.30,384.51,1004.95,-1,-1,-1,-1
345,2,1249.29,148.72,301.57,898.65,-1,-1,-1,-1
346,0,754.11,227.83,208.43,602.01,-1,-1,-1,-1
346,1,1589.66,68.07,385.80,1008.31,-1,-1,-1,-1
346,2,1247.40,143.31,304.77,901.13,-1,-1,-1,-1
347,0,778.16,218.60,186.78,611.99,-1,-1,-1,-1
347,1,1618.19,66.85,387.08,1011.66,-1,-1,-1,-1
347,2,1248.12,132.24,309.02,925.45,-1,-1,-1,-1
348,0,802.94,212.07,171.69,625.27,-1,-1,-1,-1
348,1,1604.04,63.70,346.14,1006.94,-1,-1,-1,-1
348,2,1246.49,131.69,317.71,928.41,-1,-1,-1,-1
349,0,820.04,220.71,173.14,609.34,-1,-1,-1,-1
349,1,1605.33,81.05,333.59,982.04,-1,-1,-1,-1
349,2,1246.10,118.23,321.06,953.14,-1,-1,-1,-1
350,0,840.03,225.86,166.95,601.67,-1,-1,-1,-1
350,1,1613.53,93.74,323.28,963.50,-1,-1,-1,-1
350,2,1245.07,119.14,332.93,955.49,-1,-1,-1,-1
351,0,848.93,226.96,178.14,596.90,-1,-1,-1,-1
351,1,1618.81,92.79,310.96,962.68,-1,-1,-1,-1
351,2,1247.96,134.58,341.17,926.48,-1,-1,-1,-1
352,0,856.71,235.70,186.83,580.40,-1,-1,-1,-1
352,1,1617.64,95.14,314.65,956.01,-1,-1,-1,-1
352,2,1256.61,125.67,347.38,939.92,-1,-1,-1,-1
353,0,870.24,230.20,180.37,587.61,-1,-1,-1,-1
353,1,1623.19,94.36,307.30,958.60,-1,-1,-1,-1
353,2,1263.91,111.00,355.57,965.76,-1,-1,-1,-1
354,0,893.20,232.89,154.65,568.36,-1,-1,-1,-1
354,1,1621.41,94.13,309.53,960.90,-1,-1,-1,-1
354,2,1265.96,94.08,366.57,988.91,-1,-1,-1,-1
355,0,910.82,234.81,142.96,556.27,-1,-1,-1,-1
355,1,1621.56,89.02,303.40,968.42,-1,-1,-1,-1
355,2,1270.10,84.52,370.14,998.89,-1,-1,-1,-1
356,0,923.24,231.86,142.19,558.12,-1,-1,-1,-1
356,1,1618.35,101.71,299.02,931.08,-1,-1,-1,-1
356,2,1272.44,79.65,372.51,1001.01,-1,-1,-1,-1
357,0,927.23,230.97,165.97,555.31,-1,-1,-1,-1
357,1,1610.56,105.15,293.15,918.44,-1,-1,-1,-1
357,2,1276.73,77.06,363.10,1002.55,-1,-1,-1,-1
358,0,933.42,231.16,183.47,554.96,-1,-1,-1,-1
358,1,1597.56,107.35,293.20,900.26,-1,-1,-1,-1
358,2,1275.57,72.24,351.66,1008.01,-1,-1,-1,-1
359,0,936.26,244.77,197.25,537.05,-1,-1,-1,-1
359,1,1582.71,115.64,294.99,875.71,-1,-1,-1,-1
359,2,1267.04,85.91,347.93,982.22,-1,-1,-1,-1
360,0,936.30,238.49,210.36,548.56,-1,-1,-1,-1
360,1,1569.58,110.64,296.35,885.60,-1,-1,-1,-1
360,2,1260.51,74.90,331.89,999.72,-1,-1,-1,-1
361,0,942.06,233.32,212.33,560.98,-1,-1,-1,-1
361,1,1564.73,122.96,288.12,877.70,-1,-1,-1,-1
361,2,1242.69,71.95,323.37,997.75,-1,-1,-1,-1
362,0,951.22,229.50,205.62,567.69,-1,-1,-1,-1
362,1,1565.58,113.98,259.70,889.25,-1,-1,-1,-1
362,2,1224.28,71.63,320.77,996.79,-1,-1,-1,-1
363,0,969.80,224.43,189.53,574.75,-1,-1,-1,-1
363,1,1557.68,115.35,240.31,883.19,-1,-1,-1,-1
363,2,1207.41,70.50,307.25,993.08,-1,-1,-1,-1
364,0,997.48,226.15,159.77,575.61,-1,-1,-1,-1
364,1,1532.32,124.15,246.37,861.73,-1,-1,-1,-1
364,2,1194.39,72.65,293.09,988.63,-1,-1,-1,-1
365,0,1020.26,224.01,144.36,576.56,-1,-1,-1,-1
365,1,1504.75,129.82,242.30,844.82,-1,-1,-1,-1
365,2,1174.42,77.97,283.74,980.88,-1,-1,-1,-1
366,0,1037.00,229.11,145.10,568.68,-1,-1,-1,-1
366,1,1452.03,143.90,287.42,817.60,-1,-1,-1,-1
366,2,1131.03,80.92,298.84,970.42,-1,-1,-1,-1
367,0,1047.37,232.85,143.13,564.41,-1,-1,-1,-1
367,1,1421.28,135.03,301.78,830.80,-1,-1,-1,-1
367,2,1097.35,78.21,307.44,980.87,-1,-1,-1,-1
368,0,1059.62,234.60,142.33,561.34,-1,-1,-1,-1
368,1,1394.09,139.30,330.51,823.16,-1,-1,-1,-1
368,2,1062.57,82.84,328.71,979.94,-1,-1,-1,-1
369,0,1071.88,236.34,141.53,558.28,-1,-1,-1,-1
369,1,1366.63,137.14,339.54,828.02,-1,-1,-1,-1
369,2,1039.70,79.38,327.75,987.39,-1,-1,-1,-1
370,0,1084.13,238.08,140.73,555.21,-1,-1,-1,-1
370,1,1355.64,130.19,321.23,838.81,-1,-1,-1,-1
370,2,1004.05,90.69,356.23,974.32,-1,-1,-1,-1
371,0,1096.38,239.82,139.93,552.15,-1,-1,-1,-1
371,1,1354.90,122.98,279.09,854.89,-1,-1,-1,-1
371,2,976.65,91.71,363.62,976.44,-1,-1,-1,-1
372,1,1347.30,132.91,242.00,830.31,-1,-1,-1,-1
372,2,939.93,118.28,371.25,941.11,-1,-1,-1,-1
373,0,1134.44,218.34,154.40,586.87,-1,-1,-1,-1
373,1,1323.29,132.71,233.14,830.00,-1,-1,-1,-1
373,2,898.28,96.02,388.47,971.24,-1,-1,-1,-1
374,0,1148.26,224.37,148.42,570.14,-1,-1,-1,-1
374,1,1299.29,140.05,236.34,817.00,-1,-1,-1,-1
374,2,876.85,78.05,372.56,995.16,-1,-1,-1,-1
375,0,1165.47,230.93,135.35,554.97,-1,-1,-1,-1
375,1,1246.50,139.77,277.39,814.38,-1,-1,-1,-1
375,2,857.86,82.98,341.88,990.11,-1,-1,-1,-1
376,0,1179.05,225.81,130.85,563.10,-1,-1,-1,-1
376,1,1195.28,144.06,320.38,815.09,-1,-1,-1,-1
376,2,832.77,81.71,304.44,988.98,-1,-1,-1,-1
377,0,1192.36,225.63,130.56,561.94,-1,-1,-1,-1
377,1,1167.37,153.10,334.47,805.48,-1,-1,-1,-1
377,2,802.79,79.41,280.42,988.63,-1,-1,-1,-1
378,0,1205.67,225.45,130.26,560.79,-1,-1,-1,-1
378,1,1152.52,156.96,337.45,800.16,-1,-1,-1,-1
378,2,760.98,80.02,294.41,982.00,-1,-1,-1,-1
379,0,1218.99,225.28,129.96,559.63,-1,-1,-1,-1
379,1,1148.64,153.71,326.12,803.68,-1,-1,-1,-1
379,2,734.88,82.99,291.55,971.19,-1,-1,-1,-1
380,0,1232.30,225.10,129.66,558.47,-1,-1,-1,-1
380,1,1151.30,149.01,280.74,806.77,-1,-1,-1,-1
380,2,697.62,81.34,299.09,983.99,-1,-1,-1,-1
381,1,1134.66,140.88,275.63,813.14,-1,-1,-1,-1
381,2,660.78,99.14,321.46,957.50,-1,-1,-1,-1
382,1,1104.64,148.90,293.04,801.63,-1,-1,-1,-1
382,2,634.52,95.08,305.20,973.80,-1,-1,-1,-1
383,0,1246.64,206.77,161.50,615.51,-1,-1,-1,-1
383,1,1069.06,149.30,294.62,799.01,-1,-1,-1,-1
383,2,598.77,103.65,309.57,962.08,-1,-1,-1,-1
384,0,1249.08,206.21,172.36,612.47,-1,-1,-1,-1
384,1,1024.89,145.89,315.43,808.67,-1,-1,-1,-1
384,2,563.57,104.49,308.30,957.24,-1,-1,-1,-1
385,0,1246.73,209.26,183.35,612.92,-1,-1,-1,-1
385,1,984.63,146.13,339.81,811.90,-1,-1,-1,-1
385,2,535.64,100.71,300.33,962.02,-1,-1,-1,-1
386,0,1244.56,207.79,204.00,627.12,-1,-1,-1,-1
386,1,961.35,147.06,344.37,817.11,-1,-1,-1,-1
386,2,499.03,109.11,289.77,945.46,-1,-1,-1,-1
387,0,1245.44,210.40,226.43,637.01,-1,-1,-1,-1
387,1,943.47,147.95,341.99,827.62,-1,-1,-1,-1
387,2,459.20,111.99,289.90,935.17,-1,-1,-1,-1
388,0,1253.31,211.26,227.54,650.10,-1,-1,-1,-1
388,1,947.12,140.14,293.50,851.62,-1,-1,-1,-1
388,2,420.68,89.60,301.29,978.28,-1,-1,-1,-1
389,0,1263.27,216.02,217.93,655.82,-1,-1,-1,-1
389,1,942.92,138.46,243.76,850.70,-1,-1,-1,-1
389,2,382.70,91.10,318.75,979.03,-1,-1,-1,-1
390,0,1272.22,213.59,214.93,669.17,-1,-1,-1,-1
390,1,918.41,150.40,225.24,820.52,-1,-1,-1,-1
390,2,351.90,103.08,333.84,956.45,-1,-1,-1,-1
391,0,1278.33,210.31,217.53,677.14,-1,-1,-1,-1
391,1,895.90,137.14,219.13,855.24,-1,-1,-1,-1
391,2,332.62,104.43,341.79,956.64,-1,-1,-1,-1
392,0,1279.31,206.08,232.60,684.60,-1,-1,-1,-1
392,1,851.25,145.28,248.83,838.22,-1,-1,-1,-1
392,2,296.74,103.04,366.69,965.49,-1,-1,-1,-1
393,0,1280.19,204.66,251.40,686.11,-1,-1,-1,-1
393,1,808.07,140.57,274.70,841.76,-1,-1,-1,-1
393,2,254.97,110.77,393.40,955.67,-1,-1,-1,-1
394,0,1283.01,200.62,265.78,692.77,-1,-1,-1,-1
394,1,765.66,142.99,306.30,837.13,-1,-1,-1,-1
394,2,221.46,112.95,403.13,951.66,-1,-1,-1,-1
395,0,1290.55,195.93,272.19,710.06,-1,-1,-1,-1
395,1,737.52,152.78,326.62,826.70,-1,-1,-1,-1
395,2,185.67,119.61,424.71,942.37,-1,-1,-1,-1
396,0,1296.94,188.82,280.66,735.09,-1,-1,-1,-1
396,1,721.15,163.24,334.13,813.33,-1,-1,-1,-1
396,2,158.48,119.19,409.85,947.52,-1,-1,-1,-1
397,0,1300.67,184.79,291.32,754.02,-1,-1,-1,-1
397,1,729.36,160.45,283.60,826.20,-1,-1,-1,-1
397,2,121.76,113.62,398.55,958.13,-1,-1,-1,-1
398,0,1308.20,177.06,288.80,786.46,-1,-1,-1,-1
398,1,722.90,161.96,244.22,824.36,-1,-1,-1,-1
398,2,78.13,120.95,402.57,944.73,-1,-1,-1,-1
399,0,1312.77,176.03,287.66,798.84,-1,-1,-1,-1
399,1,702.44,171.77,227.90,807.85,-1,-1,-1,-1
399,2,52.31,138.08,390.74,915.44,-1,-1,-1,-1
400,0,1318.21,176.13,278.98,806.56,-1,-1,-1,-1
400,1,683.44,171.82,216.18,805.90,-1,-1,-1,-1
400,2,24.81,133.44,398.00,928.15,-1,-1,-1,-1
401,0,1318.05,176.62,275.31,813.16,-1,-1,-1,-1
401,1,656.89,162.46,228.81,827.24,-1,-1,-1,-1
401,2,19.93,128.96,379.56,943.59,-1,-1,-1,-1
402,0,1316.33,175.55,276.22,814.75,-1,-1,-1,-1
402,1,598.64,162.87,286.39,832.49,-1,-1,-1,-1
402,2,1.44,136.77,386.18,935.06,-1,-1,-1,-1
403,0,1313.61,166.28,277.84,826.41,-1,-1,-1,-1
403,1,562.68,165.18,314.30,831.22,-1,-1,-1,-1
403,2,-2.35,143.94,373.05,925.42,-1,-1,-1,-1
404,0,1310.70,162.73,284.37,838.28,-1,-1,-1,-1
404,1,558.49,161.45,289.78,836.62,-1,-1,-1,-1
404,2,-10.29,143.51,371.19,926.98,-1,-1,-1,-1
405,0,1309.01,155.28,288.53,864.80,-1,-1,-1,-1
405,1,540.02,158.33,301.08,844.12,-1,-1,-1,-1
405,2,-14.90,146.18,365.98,923.83,-1,-1,-1,-1
406,0,1307.10,152.73,296.17,874.91,-1,-1,-1,-1
406,1,528.24,160.12,288.46,843.07,-1,-1,-1,-1
406,2,-17.44,148.00,361.35,919.59,-1,-1,-1,-1
407,0,1309.47,149.71,300.81,886.08,-1,-1,-1,-1
407,1,513.93,169.14,261.07,823.71,-1,-1,-1,-1
407,2,-17.99,146.19,355.30,923.38,-1,-1,-1,-1
408,0,1313.04,146.43,302.20,896.72,-1,-1,-1,-1
408,1,480.98,167.40,256.44,827.70,-1,-1,-1,-1
408,2,-13.38,148.52,340.95,926.14,-1,-1,-1,-1
409,0,1308.94,145.16,314.79,906.09,-1,-1,-1,-1
409,1,442.92,170.95,271.31,827.77,-1,-1,-1,-1
409,2,-12.95,153.14,331.80,920.52,-1,-1,-1,-1
410,0,1310.70,143.65,310.78,908.26,-1,-1,-1,-1
410,1,407.20,179.24,296.33,815.23,-1,-1,-1,-1
410,2,-12.08,164.71,325.35,902.95,-1,-1,-1,-1
411,0,1306.55,148.26,307.08,896.78,-1,-1,-1,-1
411,1,378.15,183.87,315.80,808.60,-1,-1,-1,-1
411,2,-9.29,176.97,313.58,884.23,-1,-1,-1,-1
412,0,1291.44,146.04,312.25,903.92,-1,-1,-1,-1
412,1,359.05,187.93,317.84,801.79,-1,-1,-1,-1
412,2,-7.08,184.49,304.74,875.32,-1,-1,-1,-1
413,0,1259.55,144.10,338.64,912.19,-1,-1,-1,-1
413,1,345.43,193.68,315.53,788.69,-1,-1,-1,-1
413,2,-6.41,177.15,297.65,886.85,-1,-1,-1,-1
414,0,1230.36,136.36,357.04,925.69,-1,-1,-1,-1
414,1,335.73,195.17,308.96,775.31,-1,-1,-1,-1
414,2,-5.29,185.77,287.01,867.94,-1,-1,-1,-1
415,0,1224.23,135.97,344.82,932.62,-1,-1,-1,-1
415,1,327.96,193.02,302.01,767.64,-1,-1,-1,-1
415,2,-5.76,178.64,285.82,877.20,-1,-1,-1,-1
416,0,1207.91,138.90,349.75,931.48,-1,-1,-1,-1
416,1,320.29,191.53,302.46,760.15,-1,-1,-1,-1
416,2,-6.00,176.57,285.19,880.01,-1,-1,-1,-1
417,0,1199.04,127.24,346.90,949.36,-1,-1,-1,-1
417,1,318.35,191.88,292.20,750.11,-1,-1,-1,-1
417,2,-5.89,173.26,285.31,884.75,-1,-1,-1,-1
418,0,1195.35,133.21,328.54,935.41,-1,-1,-1,-1
418,1,321.71,193.37,278.03,741.47,-1,-1,-1,-1
418,2,-5.13,177.57,283.88,872.23,-1,-1,-1,-1
419,0,1195.75,141.92,296.60,917.49,-1,-1,-1,-1
419,1,324.25,191.71,269.02,739.91,-1,-1,-1,-1
419,2,-3.71,182.95,280.54,864.45,-1,-1,-1,-1
420,0,1175.21,135.81,284.99,923.34,-1,-1,-1,-1
420,1,323.85,199.32,267.63,722.22,-1,-1,-1,-1
420,2,-0.79,192.70,269.45,839.92,-1,-1,-1,-1
421,0,1163.15,140.94,247.40,912.36,-1,-1,-1,-1
421,1,323.48,208.54,265.44,695.90,-1,-1,-1,-1
421,2,-1.06,186.79,268.75,858.32,-1,-1,-1,-1
422,0,1131.06,148.47,245.11,906.53,-1,-1,-1,-1
422,1,333.17,202.19,243.58,699.23,-1,-1,-1,-1
422,2,-0.51,200.64,267.01,823.67,-1,-1,-1,-1
423,0,1100.86,156.82,256.34,896.99,-1,-1,-1,-1
423,1,335.59,198.14,240.51,703.64,-1,-1,-1,-1
423,2,-0.51,206.58,266.92,808.89,-1,-1,-1,-1
424,0,1048.99,156.09,301.53,906.03,-1,-1,-1,-1
424,1,343.90,194.37,226.14,700.13,-1,-1,-1,-1
424,2,-0.57,206.88,267.41,808.88,-1,-1,-1,-1
425,0,1020.28,160.93,316.99,899.27,-1,-1,-1,-1
425,1,352.43,196.14,214.46,690.15,-1,-1,-1,-1
425,2,2.81,207.48,263.18,801.99,-1,-1,-1,-1
426,0,996.07,161.97,331.71,898.70,-1,-1,-1,-1
426,1,364.26,195.30,202.94,685.92,-1,-1,-1,-1
426,2,7.89,205.16,257.98,800.41,-1,-1,-1,-1
427,0,981.30,160.63,332.05,901.38,-1,-1,-1,-1
427,1,377.24,202.37,198.96,666.55,-1,-1,-1,-1
427,2,9.11,202.83,268.28,790.55,-1,-1,-1,-1
428,0,970.92,158.63,327.18,906.07,-1,-1,-1,-1
428,1,387.64,200.39,199.40,665.51,-1,-1,-1,-1
428,2,7.64,198.52,288.01,786.81,-1,-1,-1,-1
429,0,979.43,149.33,274.94,907.40,-1,-1,-1,-1
429,1,399.18,203.81,203.56,651.24,-1,-1,-1,-1
429,2,13.40,194.27,293.75,782.71,-1,-1,-1,-1
430,0,967.47,140.93,261.79,911.99,-1,-1,-1,-1
430,1,411.40,205.87,204.89,647.38,-1,-1,-1,-1
430,2,18.68,190.22,298.66,778.62,-1,-1,-1,-1
431,0,945.97,135.53,267.12,924.98,-1,-1,-1,-1
431,1,426.62,212.97,197.86,630.13,-1,-1,-1,-1
431,2,28.91,189.05,300.88,776.60,-1,-1,-1,-1
432,0,918.47,131.85,288.34,937.41,-1,-1,-1,-1
432,1,443.51,216.92,187.36,614.16,-1,-1,-1,-1
432,2,43.63,185.69,282.30,777.46,-1,-1,-1,-1
433,0,902.25,135.67,301.52,933.44,-1,-1,-1,-1
433,1,455.28,214.90,182.15,611.42,-1,-1,-1,-1
433,2,49.45,185.30,274.06,776.16,-1,-1,-1,-1
434,0,882.07,133.45,324.01,936.46,-1,-1,-1,-1
434,1,476.65,207.38,174.11,618.10,-1,-1,-1,-1
434,2,52.25,186.04,265.35,777.98,-1,-1,-1,-1
435,0,889.96,136.20,301.38,933.96,-1,-1,-1,-1
435,1,498.59,216.00,179.50,601.77,-1,-1,-1,-1
435,2,52.88,190.71,269.34,772.05,-1,-1,-1,-1
436,0,896.94,136.20,287.18,936.32,-1,-1,-1,-1
436,1,516.64,214.03,188.98,600.22,-1,-1,-1,-1
436,2,51.25,194.41,277.38,771.90,-1,-1,-1,-1
437,0,905.24,152.97,276.01,896.89,-1,-1,-1,-1
437,1,527.52,220.96,213.68,586.70,-1,-1,-1,-1
437,2,52.70,192.86,279.59,776.50,-1,-1,-1,-1
438,0,911.84,159.65,274.76,878.56,-1,-1,-1,-1
438,1,535.66,225.55,228.21,581.37,-1,-1,-1,-1
438,2,52.70,194.07,283.98,778.07,-1,-1,-1,-1
439,0,925.22,163.49,274.38,875.18,-1,-1,-1,-1
439,1,552.47,219.92,224.18,595.00,-1,-1,-1,-1
439,2,54.91,199.22,288.14,769.06,-1,-1,-1,-1
440,0,935.19,162.68,281.56,878.18,-1,-1,-1,-1
440,1,561.78,217.14,226.68,595.34,-1,-1,-1,-1
440,2,59.72,197.94,289.28,774.91,-1,-1,-1,-1
441,0,948.19,163.39,280.92,876.99,-1,-1,-1,-1
441,1,586.75,216.69,206.54,588.34,-1,-1,-1,-1
441,2,65.86,200.10,290.01,775.18,-1,-1,-1,-1
442,0,960.37,158.67,276.27,896.06,-1,-1,-1,-1
442,1,620.33,222.04,175.58,573.08,-1,-1,-1,-1
442,2,70.34,195.17,292.93,794.33,-1,-1,-1,-1
443,0,962.03,156.08,288.18,911.14,-1,-1,-1,-1
443,1,642.57,222.12,160.26,567.75,-1,-1,-1,-1
443,2,73.87,194.37,296.01,803.17,-1,-1,-1,-1
444,0,965.09,160.39,289.38,905.74,-1,-1,-1,-1
444,1,657.97,225.15,168.66,563.94,-1,-1,-1,-1
444,2,86.40,193.02,291.87,815.49,-1,-1,-1,-1
445,0,966.20,156.86,289.98,915.42,-1,-1,-1,-1
445,1,676.61,222.26,169.71,567.97,-1,-1,-1,-1
445,2,95.54,190.81,290.46,824.96,-1,-1,-1,-1
446,0,962.41,155.84,290.54,914.05,-1,-1,-1,-1
446,1,679.55,225.24,200.36,560.80,-1,-1,-1,-1
446,2,105.94,189.53,286.04,831.02,-1,-1,-1,-1
447,0,956.78,159.81,290.36,903.80,-1,-1,-1,-1
447,1,687.19,221.94,222.63,566.67,-1,-1,-1,-1
447,2,115.01,189.33,280.90,832.15,-1,-1,-1,-1
448,0,942.62,163.09,294.59,899.86,-1,-1,-1,-1
448,1,695.69,221.80,241.01,565.84,-1,-1,-1,-1
448,2,126.82,193.21,271.56,827.75,-1,-1,-1,-1
449,0,927.70,168.70,297.74,893.36,-1,-1,-1,-1
449,1,716.55,220.39,229.89,565.65,-1,-1,-1,-1
449,2,133.14,193.57,274.15,824.20,-1,-1,-1,-1
450,0,914.80,170.34,295.66,890.45,-1,-1,-1,-1
450,1,739.54,216.32,214.48,563.37,-1,-1,-1,-1
450,2,144.71,192.95,271.77,822.02,-1,-1,-1,-1
451,0,890.65,172.41,313.78,882.92,-1,-1,-1,-1
451,1,785.13,216.09,161.21,551.63,-1,-1,-1,-1
451,2,160.14,190.29,273.37,824.93,-1,-1,-1,-1
452,0,883.33,176.49,317.44,877.02,-1,-1,-1,-1
452,1,810.98,216.16,139.73,543.96,-1,-1,-1,-1
452,2,173.43,182.52,282.18,834.11,-1,-1,-1,-1
453,0,870.51,183.20,321.72,862.63,-1,-1,-1,-1
453,1,828.58,216.70,137.98,537.26,-1,-1,-1,-1
453,2,189.84,177.00,306.25,842.49,-1,-1,-1,-1
454,0,861.04,191.65,305.16,840.23,-1,-1,-1,-1
454,1,846.19,217.24,136.24,530.57,-1,-1,-1,-1
454,2,203.55,183.11,339.00,833.57,-1,-1,-1,-1
455,0,849.05,185.38,291.31,842.19,-1,-1,-1,-1
455,1,863.79,217.79,134.50,523.88,-1,-1,-1,-1
455,2,221.24,196.16,367.97,815.25,-1,-1,-1,-1
456,0,836.82,186.31,281.20,835.03,-1,-1,-1,-1
456,1,881.40,218.33,132.76,517.18,-1,-1,-1,-1
456,2,246.53,197.64,367.97,811.86,-1,-1,-1,-1
457,0,828.38,187.56,276.57,827.58,-1,-1,-1,-1
457,2,267.58,189.66,351.93,819.88,-1,-1,-1,-1
458,0,822.56,190.59,275.35,822.69,-1,-1,-1,-1
458,2,283.88,193.79,343.39,813.41,-1,-1,-1,-1
459,0,824.63,190.47,262.68,825.99,-1,-1,-1,-1
459,2,308.59,189.87,312.55,810.58,-1,-1,-1,-1
460,0,825.18,195.09,255.69,812.99,-1,-1,-1,-1
460,2,331.41,188.90,294.79,806.31,-1,-1,-1,-1
461,0,824.29,210.94,251.71,782.27,-1,-1,-1,-1
461,2,366.73,182.88,264.81,809.49,-1,-1,-1,-1
462,0,823.39,215.50,257.11,775.34,-1,-1,-1,-1
462,2,387.06,181.44,259.21,803.19,-1,-1,-1,-1
463,0,827.91,214.88,240.78,759.17,-1,-1,-1,-1
463,1,1001.56,209.58,162.29,540.81,-1,-1,-1,-1
463,2,409.41,170.85,263.35,825.69,-1,-1,-1,-1
464,0,829.74,213.77,237.65,739.88,-1,-1,-1,-1
464,1,1017.82,210.67,167.30,536.74,-1,-1,-1,-1
464,2,430.29,166.67,270.70,829.44,-1,-1,-1,-1
465,0,833.05,213.81,221.43,719.30,-1,-1,-1,-1
465,1,1023.44,212.80,207.02,539.54,-1,-1,-1,-1
465,2,445.64,173.57,304.75,824.53,-1,-1,-1,-1
466,0,831.30,213.46,216.63,704.51,-1,-1,-1,-1
466,1,1028.29,216.55,236.54,541.30,-1,-1,-1,-1
466,2,465.48,183.18,335.23,810.24,-1,-1,-1,-1
467,0,830.32,219.78,212.52,684.89,-1,-1,-1,-1
467,1,1037.20,214.92,240.69,545.65,-1,-1,-1,-1
467,2,488.13,184.90,341.18,810.05,-1,-1,-1,-1
468,0,822.43,221.12,220.23,678.64,-1,-1,-1,-1
468,1,1044.90,210.37,243.02,554.76,-1,-1,-1,-1
468,2,501.99,183.11,344.18,814.11,-1,-1,-1,-1
469,0,820.36,217.95,214.68,684.50,-1,-1,-1,-1
469,1,1055.72,212.61,231.64,552.88,-1,-1,-1,-1
469,2,519.27,179.58,334.45,822.74,-1,-1,-1,-1
470,0,811.39,215.37,217.92,686.50,-1,-1,-1,-1
470,1,1099.13,207.60,177.58,561.91,-1,-1,-1,-1
470,2,547.56,173.26,304.65,829.05,-1,-1,-1,-1
471,0,799.12,226.70,230.84,654.81,-1,-1,-1,-1
471,1,1127.13,205.30,152.56,565.42,-1,-1,-1,-1
471,2,575.23,162.37,290.00,848.83,-1,-1,-1,-1
472,0,790.99,223.94,228.98,659.59,-1,-1,-1,-1
472,1,1144.81,201.00,154.56,574.48,-1,-1,-1,-1
472,2,614.00,165.28,253.61,838.72,-1,-1,-1,-1
473,0,790.11,226.91,215.56,637.86,-1,-1,-1,-1
473,1,1159.07,204.88,166.96,560.55,-1,-1,-1,-1
473,2,647.31,158.40,241.24,847.14,-1,-1,-1,-1
474,0,795.71,220.53,197.82,636.79,-1,-1,-1,-1
474,1,1167.82,199.58,196.95,564.04,-1,-1,-1,-1
474,2,673.07,163.89,260.23,830.41,-1,-1,-1,-1
475,0,791.34,219.96,195.42,629.11,-1,-1,-1,-1
475,1,1173.17,197.21,235.59,568.95,-1,-1,-1,-1
475,2,696.27,169.48,285.94,825.06,-1,-1,-1,-1
476,0,786.96,219.40,193.02,621.42,-1,-1,-1,-1
476,1,1180.05,197.59,253.16,569.23,-1,-1,-1,-1
476,2,709.22,176.05,316.71,822.69,-1,-1,-1,-1
477,0,782.59,218.83,190.62,613.73,-1,-1,-1,-1
477,1,1196.91,194.48,246.30,576.48,-1,-1,-1,-1
477,2,726.89,170.02,335.13,835.72,-1,-1,-1,-1
478,0,778.21,218.26,188.22,606.04,-1,-1,-1,-1
478,1,1218.36,194.93,226.50,576.57,-1,-1,-1,-1
478,2,742.92,168.40,336.51,841.23,-1,-1,-1,-1
479,1,1238.86,203.57,210.39,561.54,-1,-1,-1,-1
479,2,754.23,182.22,337.19,821.41,-1,-1,-1,-1
480,1,1257.32,210.97,200.02,549.08,-1,-1,-1,-1
480,2,763.93,191.24,330.75,805.74,-1,-1,-1,-1
481,0,755.78,227.64,161.75,572.69,-1,-1,-1,-1
481,1,1266.03,209.73,219.39,556.69,-1,-1,-1,-1
481,2,784.07,180.98,303.37,817.68,-1,-1,-1,-1
482,0,752.44,210.97,193.16,658.12,-1,-1,-1,-1
482,1,1278.13,201.61,225.17,572.36,-1,-1,-1,-1
482,2,799.92,174.10,288.90,825.30,-1,-1,-1,-1
483,0,748.70,224.93,185.10,612.34,-1,-1,-1,-1
483,1,1285.01,197.33,253.12,583.12,-1,-1,-1,-1
483,2,850.66,161.38,252.89,825.59,-1,-1,-1,-1
484,0,744.82,227.43,182.48,592.50,-1,-1,-1,-1
484,1,1279.58,200.84,315.26,584.10,-1,-1,-1,-1
484,2,889.15,154.35,233.79,834.69,-1,-1,-1,-1
485,0,739.48,232.78,182.56,572.62,-1,-1,-1,-1
485,1,1292.72,202.10,337.96,590.40,-1,-1,-1,-1
485,2,912.63,154.29,246.64,839.19,-1,-1,-1,-1
486,0,721.47,238.01,195.42,560.91,-1,-1,-1,-1
486,1,1315.35,199.34,330.98,604.46,-1,-1,-1,-1
486,2,927.33,157.50,288.54,842.21,-1,-1,-1,-1
487,0,706.81,239.17,204.84,557.82,-1,-1,-1,-1
487,1,1342.13,199.48,300.23,609.40,-1,-1,-1,-1
487,2,945.96,164.70,319.70,834.37,-1,-1,-1,-1
488,0,696.80,244.61,208.62,547.14,-1,-1,-1,-1
488,1,1358.47,194.59,281.37,618.14,-1,-1,-1,-1
488,2,959.61,160.02,325.68,839.13,-1,-1,-1,-1
489,0,689.39,248.67,208.70,539.29,-1,-1,-1,-1
489,1,1370.08,193.59,267.35,616.27,-1,-1,-1,-1
489,2,970.30,165.26,329.70,834.09,-1,-1,-1,-1
490,0,682.08,243.43,200.82,548.14,-1,-1,-1,-1
490,1,1379.48,188.31,251.29,620.68,-1,-1,-1,-1
490,2,986.57,166.12,318.87,837.06,-1,-1,-1,-1
491,0,678.22,251.24,183.34,535.87,-1,-1,-1,-1
491,1,1385.18,184.96,247.54,627.79,-1,-1,-1,-1
491,2,1007.64,164.12,304.80,840.63,-1,-1,-1,-1
492,0,665.61,242.17,173.07,547.84,-1,-1,-1,-1
492,1,1384.13,181.01,260.01,644.05,-1,-1,-1,-1
492,2,1053.28,165.41,257.54,838.10,-1,-1,-1,-1
493,0,655.51,242.46,162.66,548.74,-1,-1,-1,-1
493,1,1385.47,178.94,265.89,655.18,-1,-1,-1,-1
493,2,1084.13,162.72,235.66,839.24,-1,-1,-1,-1
494,0,639.34,243.73,166.78,543.83,-1,-1,-1,-1
494,1,1386.05,176.90,268.85,661.82,-1,-1,-1,-1
494,2,1118.16,153.47,220.56,851.42,-1,-1,-1,-1
495,0,621.15,248.27,176.61,538.01,-1,-1,-1,-1
495,1,1394.97,185.76,265.73,650.42,-1,-1,-1,-1
495,2,1143.70,151.91,222.54,852.29,-1,-1,-1,-1
496,0,605.90,245.49,188.88,542.24,-1,-1,-1,-1
496,1,1399.64,183.25,275.59,656.18,-1,-1,-1,-1
496,2,1160.40,143.91,243.27,870.64,-1,-1,-1,-1
497,0,596.90,242.70,194.63,546.72,-1,-1,-1,-1
497,1,1406.82,179.06,274.54,666.99,-1,-1,-1,-1
497,2,1169.85,151.71,287.19,858.09,-1,-1,-1,-1
498,0,590.43,249.17,198.58,539.47,-1,-1,-1,-1
498,1,1414.17,176.93,268.17,671.09,-1,-1,-1,-1
498,2,1181.33,147.97,310.32,866.22,-1,-1,-1,-1
499,0,586.15,250.91,198.21,540.97,-1,-1,-1,-1
499,1,1420.46,172.31,255.47,687.48,-1,-1,-1,-1
499,2,1183.57,155.29,338.60,855.19,-1,-1,-1,-1
500,0,581.46,249.99,194.87,546.01,-1,-1,-1,-1
500,1,1425.59,164.79,242.71,712.31,-1,-1,-1,-1
500,2,1194.26,154.06,347.63,860.74,-1,-1,-1,-1
501,0,571.72,243.87,196.54,554.14,-1,-1,-1,-1
501,1,1409.28,162.68,253.38,716.83,-1,-1,-1,-1
501,2,1203.78,141.71,372.17,879.07,-1,-1,-1,-1
502,0,561.19,242.04,201.40,555.73,-1,-1,-1,-1
502,1,1408.97,158.85,257.37,728.15,-1,-1,-1,-1
502,2,1234.48,142.49,378.16,870.65,-1,-1,-1,-1
503,0,554.69,246.86,204.24,545.00,-1,-1,-1,-1
503,1,1408.65,155.03,261.37,739.46,-1,-1,-1,-1
503,2,1272.07,152.14,356.69,833.33,-1,-1,-1,-1
504,0,550.86,252.61,206.15,536.69,-1,-1,-1,-1
504,1,1408.33,151.20,265.36,750.78,-1,-1,-1,-1
504,2,1329.20,150.90,302.53,821.47,-1,-1,-1,-1
505,0,552.02,250.73,203.68,544.12,-1,-1,-1,-1
505,1,1408.01,147.38,269.36,762.09,-1,-1,-1,-1
505,2,1366.28,156.72,266.09,823.39,-1,-1,-1,-1
506,0,552.33,253.76,207.06,538.16,-1,-1,-1,-1
506,2,1377.00,151.26,277.55,832.88,-1,-1,-1,-1
507,0,558.17,257.40,204.30,532.10,-1,-1,-1,-1
507,2,1375.21,155.91,311.24,833.87,-1,-1,-1,-1
508,0,564.12,256.47,199.79,532.81,-1,-1,-1,-1
508,2,1367.00,144.91,360.90,854.55,-1,-1,-1,-1
509,0,572.01,253.92,191.72,540.24,-1,-1,-1,-1
509,1,1305.08,178.73,201.19,648.75,-1,-1,-1,-1
509,2,1359.10,154.60,404.42,840.57,-1,-1,-1,-1
510,0,579.00,249.54,187.71,550.18,-1,-1,-1,-1
510,1,1248.52,164.62,238.67,721.88,-1,-1,-1,-1
510,2,1390.42,154.33,370.43,835.25,-1,-1,-1,-1
511,0,584.88,248.23,186.82,553.38,-1,-1,-1,-1
511,1,1216.01,155.14,256.04,751.70,-1,-1,-1,-1
511,2,1415.56,155.95,354.77,833.51,-1,-1,-1,-1
512,0,589.76,245.50,185.91,556.85,-1,-1,-1,-1
512,1,1195.93,154.09,265.15,757.32,-1,-1,-1,-1
512,2,1429.96,157.36,348.67,830.19,-1,-1,-1,-1
513,0,595.15,247.15,184.16,554.36,-1,-1,-1,-1
513,1,1177.06,153.47,289.36,768.68,-1,-1,-1,-1
513,2,1469.64,159.62,305.57,825.35,-1,-1,-1,-1
514,0,601.79,247.39,184.62,554.29,-1,-1,-1,-1
514,1,1172.22,159.06,286.27,762.20,-1,-1,-1,-1
514,2,1496.24,157.94,292.32,823.28,-1,-1,-1,-1
515,0,609.82,239.28,183.38,573.12,-1,-1,-1,-1
515,1,1183.06,155.62,239.94,771.13,-1,-1,-1,-1
515,2,1526.95,147.66,273.61,832.32,-1,-1,-1,-1
516,0,616.33,233.15,184.82,588.21,-1,-1,-1,-1
516,1,1177.24,148.54,211.15,782.13,-1,-1,-1,-1
516,2,1548.42,151.98,272.23,821.06,-1,-1,-1,-1
517,0,621.79,231.35,186.13,595.29,-1,-1,-1,-1
517,1,1156.34,142.26,211.89,794.93,-1,-1,-1,-1
517,2,1562.88,144.66,268.86,829.80,-1,-1,-1,-1
518,0,630.56,235.28,182.81,588.12,-1,-1,-1,-1
518,1,1130.00,143.49,215.13,791.85,-1,-1,-1,-1
518,2,1569.77,149.85,285.44,827.00,-1,-1,-1,-1
519,0,640.04,237.36,181.09,586.64,-1,-1,-1,-1
519,1,1085.30,154.42,246.75,770.40,-1,-1,-1,-1
519,2,1578.68,156.25,289.79,818.58,-1,-1,-1,-1
520,0,648.19,246.87,178.81,572.98,-1,-1,-1,-1
520,1,1032.24,164.82,294.01,753.53,-1,-1,-1,-1
520,2,1587.00,163.88,287.13,807.20,-1,-1,-1,-1
521,0,657.80,244.79,176.26,579.18,-1,-1,-1,-1
521,1,997.86,171.96,320.09,743.32,-1,-1,-1,-1
521,2,1590.16,170.39,287.75,800.05,-1,-1,-1,-1
522,0,670.39,242.67,171.96,584.14,-1,-1,-1,-1
522,1,982.66,174.64,317.12,741.74,-1,-1,-1,-1
522,2,1591.26,170.56,287.41,801.32,-1,-1,-1,-1
523,0,681.37,234.75,177.03,596.71,-1,-1,-1,-1
523,1,980.50,174.86,288.07,742.29,-1,-1,-1,-1
523,2,1590.39,179.90,284.25,763.47,-1,-1,-1,-1
524,0,694.37,229.15,179.68,602.80,-1,-1,-1,-1
524,1,974.77,172.28,252.53,744.42,-1,-1,-1,-1
524,2,1588.87,175.26,277.66,757.05,-1,-1,-1,-1
525,0,706.15,227.41,185.45,604.97,-1,-1,-1,-1
525,1,966.26,171.02,215.14,744.07,-1,-1,-1,-1
525,2,1586.12,178.78,274.43,730.69,-1,-1,-1,-1
526,0,713.60,229.69,209.91,601.91,-1,-1,-1,-1
526,1,940.22,170.88,208.92,740.89,-1,-1,-1,-1
526,2,1586.42,175.02,265.28,724.96,-1,-1,-1,-1
527,0,725.12,235.51,223.44,590.70,-1,-1,-1,-1
527,1,909.76,171.44,227.99,742.72,-1,-1,-1,-1
527,2,1584.67,172.46,263.63,727.71,-1,-1,-1,-1
528,0,741.29,227.72,214.20,602.23,-1,-1,-1,-1
528,1,869.68,169.43,263.02,744.38,-1,-1,-1,-1
528,2,1585.67,173.18,254.94,727.99,-1,-1,-1,-1
529,0,766.09,240.91,191.56,563.84,-1,-1,-1,-1
529,1,808.55,171.01,324.02,747.35,-1,-1,-1,-1
529,2,1581.36,176.60,254.28,721.38,-1,-1,-1,-1
530,0,781.77,247.43,186.19,548.05,-1,-1,-1,-1
530,1,778.33,172.26,346.95,750.51,-1,-1,-1,-1
530,2,1575.21,185.23,254.44,700.08,-1,-1,-1,-1
531,0,797.46,253.95,180.82,532.25,-1,-1,-1,-1
531,1,775.54,169.22,331.10,757.36,-1,-1,-1,-1
531,2,1570.11,193.10,252.39,681.81,-1,-1,-1,-1
532,0,813.15,260.48,175.46,516.46,-1,-1,-1,-1
532,1,777.71,163.53,300.21,772.86,-1,-1,-1,-1
532,2,1564.67,191.75,249.92,692.99,-1,-1,-1,-1
533,0,828.83,267.00,170.09,500.67,-1,-1,-1,-1
533,1,773.10,165.15,263.68,773.57,-1,-1,-1,-1
533,2,1561.98,189.84,242.49,688.13,-1,-1,-1,-1
534,1,755.68,175.76,282.20,756.57,-1,-1,-1,-1
534,2,1556.83,186.09,235.97,684.94,-1,-1,-1,-1
535,0,858.43,214.60,210.67,650.46,-1,-1,-1,-1
535,1,727.88,178.48,286.85,755.33,-1,-1,-1,-1
535,2,1550.06,185.75,234.61,669.31,-1,-1,-1,-1
536,0,871.62,219.20,222.23,652.40,-1,-1,-1,-1
536,1,695.08,179.74,267.83,751.81,-1,-1,-1,-1
536,2,1543.32,183.06,231.31,668.18,-1,-1,-1,-1
537,0,880.49,215.61,234.38,668.08,-1,-1,-1,-1
537,1,643.37,178.95,291.77,751.17,-1,-1,-1,-1
537,2,1536.51,189.66,228.91,648.23,-1,-1,-1,-1
538,0,894.32,226.55,233.29,653.92,-1,-1,-1,-1
538,1,603.22,185.77,313.78,735.96,-1,-1,-1,-1
538,2,1531.06,192.95,226.17,631.04,-1,-1,-1,-1
539,0,909.32,227.93,222.88,654.81,-1,-1,-1,-1
539,1,575.94,187.09,328.15,731.47,-1,-1,-1,-1
539,2,1524.47,185.55,223.82,641.17,-1,-1,-1,-1
540,0,923.93,219.59,213.84,664.74,-1,-1,-1,-1
540,1,555.13,193.97,335.95,725.70,-1,-1,-1,-1
540,2,1510.04,184.23,229.68,640.29,-1,-1,-1,-1
541,0,937.65,216.22,208.12,656.51,-1,-1,-1,-1
541,1,552.63,190.63,310.71,728.76,-1,-1,-1,-1
541,2,1485.10,184.45,244.49,632.89,-1,-1,-1,-1
542,0,947.68,210.40,213.36,669.71,-1,-1,-1,-1
542,1,550.42,184.22,269.80,735.84,-1,-1,-1,-1
542,2,1470.39,186.61,246.33,625.06,-1,-1,-1,-1
543,0,958.48,203.61,223.48,693.11,-1,-1,-1,-1
543,1,532.73,172.64,247.76,748.27,-1,-1,-1,-1
543,2,1463.47,193.74,240.81,613.56,-1,-1,-1,-1
544,0,965.98,200.34,271.63,708.43,-1,-1,-1,-1
544,1,519.74,175.25,218.69,742.25,-1,-1,-1,-1
544,2,1457.84,190.38,234.33,618.70,-1,-1,-1,-1
545,0,983.88,203.40,284.08,714.07,-1,-1,-1,-1
545,1,488.71,172.91,233.49,741.13,-1,-1,-1,-1
545,2,1453.81,190.02,224.42,616.93,-1,-1,-1,-1
546,0,1000.25,204.87,286.84,719.62,-1,-1,-1,-1
546,1,462.26,171.85,249.85,746.39,-1,-1,-1,-1
546,2,1448.27,196.19,218.19,604.13,-1,-1,-1,-1
547,0,1019.14,203.35,276.46,726.77,-1,-1,-1,-1
547,1,422.56,174.15,287.47,749.02,-1,-1,-1,-1
547,2,1438.76,199.50,211.97,593.77,-1,-1,-1,-1
548,0,1035.28,196.98,268.22,740.96,-1,-1,-1,-1
548,1,387.13,178.66,324.33,752.27,-1,-1,-1,-1
548,2,1424.38,195.46,214.50,597.96,-1,-1,-1,-1
549,0,1059.58,191.13,249.11,750.32,-1,-1,-1,-1
549,1,370.09,181.58,317.20,751.99,-1,-1,-1,-1
549,2,1413.99,191.75,210.88,602.21,-1,-1,-1,-1
550,0,1082.57,182.23,234.04,763.61,-1,-1,-1,-1
550,1,358.77,178.79,292.26,755.51,-1,-1,-1,-1
550,2,1404.60,194.73,198.75,594.09,-1,-1,-1,-1
551,0,1100.66,185.56,232.83,763.08,-1,-1,-1,-1
551,1,357.21,171.70,252.84,775.19,-1,-1,-1,-1
551,2,1393.84,204.32,192.97,576.59,-1,-1,-1,-1
552,0,1123.02,183.36,232.42,779.85,-1,-1,-1,-1
552,1,346.13,168.39,230.28,782.40,-1,-1,-1,-1
552,2,1379.85,198.03,195.57,584.69,-1,-1,-1,-1
553,0,1139.59,186.16,231.96,778.35,-1,-1,-1,-1
553,1,328.48,168.56,227.21,787.52,-1,-1,-1,-1
553,2,1369.38,202.47,194.95,577.54,-1,-1,-1,-1
554,0,1151.20,182.45,248.40,802.99,-1,-1,-1,-1
554,1,302.87,166.01,242.79,796.55,-1,-1,-1,-1
554,2,1351.06,200.91,208.95,578.29,-1,-1,-1,-1
555,0,1163.08,182.72,254.16,811.87,-1,-1,-1,-1
555,1,276.21,160.35,264.90,814.75,-1,-1,-1,-1
555,2,1349.97,203.49,206.24,582.22,-1,-1,-1,-1
556,0,1173.47,173.21,266.11,837.67,-1,-1,-1,-1
556,1,249.02,153.08,283.21,844.02,-1,-1,-1,-1
556,2,1356.96,209.13,192.53,568.82,-1,-1,-1,-1
557,0,1186.35,174.36,277.86,841.96,-1,-1,-1,-1
557,1,230.54,149.47,292.69,868.99,-1,-1,-1,-1
557,2,1371.57,221.46,159.47,526.25,-1,-1,-1,-1
558,0,1198.56,174.16,296.74,838.74,-1,-1,-1,-1
558,1,216.01,154.99,296.07,873.12,-1,-1,-1,-1
558,2,1367.92,230.84,152.71,503.96,-1,-1,-1,-1
559,0,1209.51,167.48,297.24,862.67,-1,-1,-1,-1
559,1,202.85,165.40,301.41,859.40,-1,-1,-1,-1
559,2,1364.26,240.22,145.94,481.66,-1,-1,-1,-1
560,0,1223.08,156.03,298.69,880.91,-1,-1,-1,-1
560,1,181.80,161.76,308.85,878.34,-1,-1,-1,-1
560,2,1360.60,249.60,139.18,459.37,-1,-1,-1,-1
561,0,1236.74,153.34,306.52,890.10,-1,-1,-1,-1
561,1,151.67,156.20,335.61,901.08,-1,-1,-1,-1
561,2,1356.94,258.97,132.42,437.08,-1,-1,-1,-1
562,0,1250.88,137.16,320.80,929.68,-1,-1,-1,-1
562,1,112.77,152.32,376.61,911.47,-1,-1,-1,-1
563,0,1259.49,136.64,349.30,937.28,-1,-1,-1,-1
563,1,84.13,145.88,401.75,925.37,-1,-1,-1,-1
564,0,1259.06,148.76,368.29,919.86,-1,-1,-1,-1
564,1,59.44,142.34,417.33,928.57,-1,-1,-1,-1
564,2,1216.72,233.21,176.28,529.86,-1,-1,-1,-1
565,0,1279.98,146.94,366.09,930.04,-1,-1,-1,-1
565,1,51.10,137.01,413.53,939.17,-1,-1,-1,-1
565,2,1199.24,226.26,179.28,546.30,-1,-1,-1,-1
566,0,1320.20,143.23,329.08,934.22,-1,-1,-1,-1
566,1,44.51,133.89,408.26,945.48,-1,-1,-1,-1
566,2,1185.40,219.04,184.13,564.71,-1,-1,-1,-1
567,0,1342.76,150.78,307.14,917.81,-1,-1,-1,-1
567,1,49.73,134.36,391.90,944.13,-1,-1,-1,-1
567,2,1176.64,218.47,191.30,567.23,-1,-1,-1,-1
568,0,1360.67,145.73,286.53,923.95,-1,-1,-1,-1
568,1,59.01,131.37,378.30,947.76,-1,-1,-1,-1
568,2,1179.14,217.68,179.00,566.77,-1,-1,-1,-1
569,0,1367.18,144.53,275.35,916.39,-1,-1,-1,-1
569,1,65.01,131.31,377.32,944.71,-1,-1,-1,-1
569,2,1184.85,210.68,157.42,576.55,-1,-1,-1,-1
570,0,1375.74,139.14,264.70,916.48,-1,-1,-1,-1
570,1,73.02,129.33,373.08,944.67,-1,-1,-1,-1
570,2,1174.64,213.70,156.77,566.42,-1,-1,-1,-1
571,0,1375.42,143.80,265.93,904.82,-1,-1,-1,-1
571,1,82.88,125.56,372.21,947.64,-1,-1,-1,-1
571,2,1164.48,209.65,150.11,573.36,-1,-1,-1,-1
572,0,1367.75,142.24,272.53,903.39,-1,-1,-1,-1
572,1,93.57,108.02,370.32,971.03,-1,-1,-1,-1
572,2,1144.65,209.49,162.23,571.25,-1,-1,-1,-1
573,0,1356.74,138.53,279.91,909.47,-1,-1,-1,-1
573,1,104.76,109.06,377.36,965.51,-1,-1,-1,-1
573,2,1109.13,214.82,196.49,563.36,-1,-1,-1,-1
574,0,1350.18,133.82,273.29,915.41,-1,-1,-1,-1
574,1,134.21,104.65,365.41,958.36,-1,-1,-1,-1
574,2,1071.75,220.79,230.55,556.97,-1,-1,-1,-1
575,0,1322.06,137.22,286.56,899.42,-1,-1,-1,-1
575,1,163.51,102.43,362.04,962.83,-1,-1,-1,-1
575,2,1051.73,229.98,243.59,545.27,-1,-1,-1,-1
576,0,1309.10,140.84,272.44,883.06,-1,-1,-1,-1
576,1,196.22,100.22,352.02,961.84,-1,-1,-1,-1
576,2,1043.25,233.04,237.56,541.85,-1,-1,-1,-1
577,0,1292.78,135.16,271.85,892.28,-1,-1,-1,-1
577,1,218.92,89.26,359.64,967.50,-1,-1,-1,-1
577,2,1040.19,232.88,229.81,544.54,-1,-1,-1,-1
578,0,1287.44,138.91,245.83,885.15,-1,-1,-1,-1
578,1,240.83,83.77,362.81,974.04,-1,-1,-1,-1
578,2,1045.97,231.42,202.36,553.63,-1,-1,-1,-1
579,0,1273.89,146.60,241.21,879.20,-1,-1,-1,-1
579,1,271.11,83.77,354.69,972.18,-1,-1,-1,-1
579,2,1040.26,223.83,184.83,557.20,-1,-1,-1,-1
580,0,1223.08,148.38,292.14,881.04,-1,-1,-1,-1
580,1,294.19,69.99,368.89,993.19,-1,-1,-1,-1
580,2,1028.77,221.66,160.73,555.41,-1,-1,-1,-1
581,0,1186.28,150.49,319.49,876.95,-1,-1,-1,-1
581,1,328.14,60.06,369.82,1007.63,-1,-1,-1,-1
581,2,1013.85,224.15,144.13,550.57,-1,-1,-1,-1
582,0,1147.50,159.48,355.58,867.68,-1,-1,-1,-1
582,1,361.17,70.03,372.32,994.69,-1,-1,-1,-1
582,2,993.48,225.39,146.85,551.02,-1,-1,-1,-1
583,0,1127.77,177.34,366.48,845.22,-1,-1,-1,-1
583,1,391.70,68.62,371.28,998.34,-1,-1,-1,-1
583,2,963.55,227.42,175.35,545.38,-1,-1,-1,-1
584,0,1114.21,181.74,370.49,841.72,-1,-1,-1,-1
584,1,428.42,74.59,371.53,993.10,-1,-1,-1,-1
584,2,932.48,226.05,202.50,547.94,-1,-1,-1,-1
585,0,1111.75,178.32,348.85,851.84,-1,-1,-1,-1
585,1,459.70,75.10,377.26,992.23,-1,-1,-1,-1
585,2,899.96,223.15,231.11,557.25,-1,-1,-1,-1
586,0,1110.34,173.34,315.54,861.68,-1,-1,-1,-1
586,1,498.05,92.47,353.14,960.63,-1,-1,-1,-1
586,2,879.40,222.04,244.50,560.60,-1,-1,-1,-1
587,0,1104.51,163.07,290.12,877.03,-1,-1,-1,-1
587,1,530.10,80.96,324.81,984.19,-1,-1,-1,-1
587,2,870.00,232.44,246.45,548.77,-1,-1,-1,-1
588,0,1091.38,160.69,259.23,873.27,-1,-1,-1,-1
588,1,567.50,85.14,292.71,975.02,-1,-1,-1,-1
588,2,868.91,235.84,229.93,543.76,-1,-1,-1,-1
589,0,1059.78,155.49,240.83,877.76,-1,-1,-1,-1
589,1,602.58,83.43,288.89,969.54,-1,-1,-1,-1
589,2,880.59,232.61,175.02,555.81,-1,-1,-1,-1
590,0,1015.16,156.95,256.42,871.88,-1,-1,-1,-1
590,1,644.83,110.01,293.91,931.12,-1,-1,-1,-1
590,2,875.97,233.15,148.99,550.74,-1,-1,-1,-1
591,0,983.24,157.83,272.85,872.90,-1,-1,-1,-1
591,1,672.63,96.92,303.58,956.34,-1,-1,-1,-1
591,2,863.99,229.63,141.16,548.35,-1,-1,-1,-1
592,0,964.05,158.19,275.94,874.91,-1,-1,-1,-1
592,1,689.93,92.52,335.85,964.53,-1,-1,-1,-1
592,2,849.14,230.04,140.79,546.99,-1,-1,-1,-1
593,0,936.85,151.00,298.54,886.08,-1,-1,-1,-1
593,1,721.97,112.98,398.98,937.94,-1,-1,-1,-1
593,2,834.29,230.44,140.42,545.63,-1,-1,-1,-1
594,0,835.47,114.35,398.72,943.70,-1,-1,-1,-1
594,1,761.28,119.42,394.88,928.22,-1,-1,-1,-1
594,2,819.44,230.85,140.05,544.27,-1,-1,-1,-1
595,0,784.01,117.82,433.94,943.42,-1,-1,-1,-1
595,1,800.59,125.86,390.77,918.50,-1,-1,-1,-1
595,2,804.59,231.26,139.67,542.91,-1,-1,-1,-1
596,0,758.21,87.90,419.73,978.14,-1,-1,-1,-1
596,1,839.90,132.30,386.66,908.78,-1,-1,-1,-1
596,2,756.83,245.42,156.81,521.06,-1,-1,-1,-1
597,0,793.38,64.44,347.44,1001.52,-1,-1,-1,-1
597,1,879.22,138.74,382.56,899.06,-1,-1,-1,-1
597,2,736.07,229.91,173.34,544.29,-1,-1,-1,-1
598,0,775.32,54.27,388.37,1009.03,-1,-1,-1,-1
598,2,730.24,229.85,160.03,554.68,-1,-1,-1,-1
599,0,804.41,122.55,266.31,879.71,-1,-1,-1,-1
599,1,823.63,73.86,482.41,985.47,-1,-1,-1,-1
599,2,726.50,225.04,144.22,562.96,-1,-1,-1,-1
600,0,747.68,156.61,283.02,852.20,-1,-1,-1,-1
600,1,937.99,48.09,413.20,1015.79,-1,-1,-1,-1
600,2,709.66,221.26,146.29,571.11,-1,-1,-1,-1
601,0,711.15,179.91,300.32,826.56,-1,-1,-1,-1
601,1,1002.82,72.19,395.37,983.96,-1,-1,-1,-1
601,2,692.82,217.49,148.35,579.25,-1,-1,-1,-1
602,0,671.65,199.47,329.18,810.84,-1,-1,-1,-1
602,1,1041.65,45.83,433.92,1019.02,-1,-1,-1,-1
602,2,675.97,213.72,150.41,587.39,-1,-1,-1,-1
603,0,659.88,215.27,326.76,801.99,-1,-1,-1,-1
603,1,1087.61,53.10,455.92,1007.93,-1,-1,-1,-1
603,2,659.13,209.94,152.47,595.53,-1,-1,-1,-1
604,0,647.36,211.42,336.19,817.04,-1,-1,-1,-1
604,1,1134.10,56.21,460.81,1005.04,-1,-1,-1,-1
605,0,638.51,197.13,335.03,844.09,-1,-1,-1,-1
605,1,1179.41,62.73,428.93,995.30,-1,-1,-1,-1
606,0,631.08,188.14,325.77,857.99,-1,-1,-1,-1
606,1,1205.93,54.44,402.05,999.90,-1,-1,-1,-1
607,0,617.13,180.33,305.87,866.56,-1,-1,-1,-1
607,1,1228.11,40.31,378.05,1024.85,-1,-1,-1,-1
608,0,594.45,197.50,296.42,831.93,-1,-1,-1,-1
608,1,1257.34,27.66,352.66,1045.56,-1,-1,-1,-1
609,0,575.77,205.89,294.40,815.44,-1,-1,-1,-1
609,1,1285.39,32.30,345.37,1034.72,-1,-1,-1,-1
610,0,569.13,207.68,286.03,809.77,-1,-1,-1,-1
610,1,1316.39,38.40,330.94,1026.57,-1,-1,-1,-1
611,0,561.48,215.55,286.34,798.33,-1,-1,-1,-1
611,1,1332.68,57.24,357.04,1000.68,-1,-1,-1,-1
612,0,564.45,218.55,275.06,779.69,-1,-1,-1,-1
612,1,1352.22,55.82,358.78,997.08,-1,-1,-1,-1
613,0,562.78,221.40,272.88,754.22,-1,-1,-1,-1
613,1,1374.14,62.90,361.30,987.95,-1,-1,-1,-1
614,0,566.62,222.16,266.68,731.15,-1,-1,-1,-1
614,1,1394.37,46.38,363.66,1020.63,-1,-1,-1,-1
614,2,525.06,237.99,132.64,558.82,-1,-1,-1,-1
615,0,586.84,218.29,238.00,723.97,-1,-1,-1,-1
615,1,1414.35,45.35,391.00,1029.23,-1,-1,-1,-1
615,2,513.55,230.28,141.44,573.05,-1,-1,-1,-1
616,0,603.38,205.38,220.20,744.29,-1,-1,-1,-1
616,1,1444.30,40.88,404.28,1039.22,-1,-1,-1,-1
616,2,484.24,233.07,170.47,569.73,-1,-1,-1,-1
617,0,611.47,202.68,213.03,749.86,-1,-1,-1,-1
617,1,1471.26,46.99,422.00,1029.63,-1,-1,-1,-1
617,2,457.50,233.23,199.33,578.70,-1,-1,-1,-1
618,0,622.32,198.33,204.55,761.12,-1,-1,-1,-1
618,1,1493.08,47.15,430.00,1026.92,-1,-1,-1,-1
618,2,440.53,229.54,217.68,595.13,-1,-1,-1,-1
619,0,631.23,204.67,197.31,748.00,-1,-1,-1,-1
619,1,1517.29,61.97,417.80,997.60,-1,-1,-1,-1
619,2,433.50,237.03,220.13,589.86,-1,-1,-1,-1
620,0,636.80,207.95,190.75,740.41,-1,-1,-1,-1
620,1,1533.90,74.78,403.33,978.04,-1,-1,-1,-1
620,2,425.54,241.80,220.08,589.55,-1,-1,-1,-1
621,0,641.48,209.56,185.79,729.21,-1,-1,-1,-1
621,1,1548.82,80.06,391.83,974.00,-1,-1,-1,-1
621,2,416.19,242.06,213.68,592.02,-1,-1,-1,-1
622,0,650.47,206.30,175.82,730.24,-1,-1,-1,-1
622,1,1567.53,82.24,369.21,976.42,-1,-1,-1,-1
622,2,405.92,234.61,194.81,592.06,-1,-1,-1,-1
623,0,652.94,207.30,178.69,724.53,-1,-1,-1,-1
623,1,1575.25,93.15,359.76,961.03,-1,-1,-1,-1
623,2,389.65,235.25,191.97,594.93,-1,-1,-1,-1
624,0,653.86,207.04,183.89,726.53,-1,-1,-1,-1
624,1,1579.30,102.92,357.33,953.46,-1,-1,-1,-1
624,2,374.35,231.34,191.29,604.23,-1,-1,-1,-1
625,0,654.00,209.36,191.73,725.90,-1,-1,-1,-1
625,1,1584.86,99.54,346.97,956.85,-1,-1,-1,-1
625,2,359.15,227.42,196.30,620.29,-1,-1,-1,-1
626,0,646.48,207.46,209.80,732.16,-1,-1,-1,-1
626,1,1588.49,94.83,344.12,964.85,-1,-1,-1,-1
626,2,345.97,228.63,201.25,631.29,-1,-1,-1,-1
627,0,642.31,210.02,221.85,729.18,-1,-1,-1,-1
627,1,1592.34,93.23,335.33,962.66,-1,-1,-1,-1
627,2,334.17,230.33,206.39,641.07,-1,-1,-1,-1
628,0,641.74,210.17,229.44,730.35,-1,-1,-1,-1
628,1,1595.15,95.83,321.88,949.75,-1,-1,-1,-1
628,2,325.31,233.69,209.59,646.14,-1,-1,-1,-1
629,0,643.26,210.79,234.09,727.05,-1,-1,-1,-1
629,1,1593.98,108.28,307.10,913.13,-1,-1,-1,-1
629,2,316.84,231.05,212.98,658.51,-1,-1,-1,-1
630,0,644.57,200.55,238.15,748.65,-1,-1,-1,-1
630,1,1583.30,108.56,302.91,910.60,-1,-1,-1,-1
630,2,310.15,229.54,212.86,666.40,-1,-1,-1,-1
631,0,645.23,192.09,240.67,768.89,-1,-1,-1,-1
631,1,1574.92,115.66,299.07,893.84,-1,-1,-1,-1
631,2,303.42,224.92,215.31,677.02,-1,-1,-1,-1
632,0,643.36,186.84,254.77,775.56,-1,-1,-1,-1
632,1,1569.98,122.21,285.02,874.28,-1,-1,-1,-1
632,2,295.04,219.70,220.19,682.59,-1,-1,-1,-1
633,0,649.93,182.62,267.11,787.95,-1,-1,-1,-1
633,1,1566.80,116.60,269.95,870.51,-1,-1,-1,-1
633,2,290.57,218.86,220.70,683.23,-1,-1,-1,-1
634,0,657.94,184.97,286.00,796.45,-1,-1,-1,-1
634,1,1552.87,110.79,262.92,879.40,-1,-1,-1,-1
634,2,285.94,213.90,221.90,686.38,-1,-1,-1,-1
635,0,668.03,192.77,300.66,792.58,-1,-1,-1,-1
635,1,1536.99,119.51,258.96,853.58,-1,-1,-1,-1
635,2,281.28,211.62,223.09,691.23,-1,-1,-1,-1
636,0,684.37,188.30,296.07,812.42,-1,-1,-1,-1
636,1,1513.19,123.64,267.23,843.07,-1,-1,-1,-1
636,2,274.15,208.66,226.84,707.37,-1,-1,-1,-1
637,0,702.07,183.65,282.14,826.43,-1,-1,-1,-1
637,1,1475.69,132.42,294.28,822.91,-1,-1,-1,-1
637,2,267.40,206.09,229.32,723.53,-1,-1,-1,-1
638,0,721.70,179.10,263.63,838.63,-1,-1,-1,-1
638,1,1455.58,138.22,305.34,810.60,-1,-1,-1,-1
638,2,256.72,204.99,234.37,737.41,-1,-1,-1,-1
639,0,737.12,177.65,257.47,845.69,-1,-1,-1,-1
639,1,1440.85,141.16,303.52,808.02,-1,-1,-1,-1
639,2,246.77,204.08,241.10,754.82,-1,-1,-1,-1
640,0,750.77,178.44,259.59,844.98,-1,-1,-1,-1
640,1,1429.93,150.06,281.36,792.57,-1,-1,-1,-1
640,2,241.74,202.36,239.85,764.65,-1,-1,-1,-1
641,0,762.38,177.43,265.33,852.79,-1,-1,-1,-1
641,1,1416.01,142.29,245.19,801.21,-1,-1,-1,-1
641,2,233.55,193.81,247.07,791.34,-1,-1,-1,-1
642,0,776.68,173.18,271.10,859.55,-1,-1,-1,-1
642,1,1393.11,133.63,228.07,807.17,-1,-1,-1,-1
642,2,222.72,189.08,252.51,806.88,-1,-1,-1,-1
643,0,790.90,171.01,273.72,861.00,-1,-1,-1,-1
643,1,1369.72,139.34,229.30,799.81,-1,-1,-1,-1
643,2,213.18,193.10,256.92,799.32,-1,-1,-1,-1
644,0,808.76,166.86,274.26,888.73,-1,-1,-1,-1
644,1,1339.60,141.18,241.09,792.79,-1,-1,-1,-1
644,2,198.12,195.99,265.04,790.11,-1,-1,-1,-1
645,0,820.03,172.76,284.42,887.41,-1,-1,-1,-1
645,1,1301.72,143.97,257.42,785.95,-1,-1,-1,-1
645,2,185.75,195.17,264.38,793.00,-1,-1,-1,-1
646,0,840.55,171.47,269.32,894.82,-1,-1,-1,-1
646,1,1254.41,140.42,298.61,790.63,-1,-1,-1,-1
646,2,163.98,192.38,277.93,804.54,-1,-1,-1,-1
647,0,857.10,173.13,260.04,888.10,-1,-1,-1,-1
647,1,1230.24,151.97,314.58,777.11,-1,-1,-1,-1
647,2,144.57,188.68,287.24,831.03,-1,-1,-1,-1
648,0,882.14,172.09,240.33,886.89,-1,-1,-1,-1
648,1,1219.71,153.02,297.11,774.02,-1,-1,-1,-1
648,2,128.69,187.53,294.68,850.19,-1,-1,-1,-1
649,0,895.52,157.36,236.45,911.19,-1,-1,-1,-1
649,1,1208.74,151.43,290.41,776.05,-1,-1,-1,-1
649,2,117.96,185.42,299.34,866.00,-1,-1,-1,-1
650,0,910.09,150.94,231.19,919.42,-1,-1,-1,-1
650,1,1205.04,153.26,253.72,771.75,-1,-1,-1,-1
650,2,105.37,185.65,306.27,876.39,-1,-1,-1,-1
651,0,918.17,142.44,243.36,929.12,-1,-1,-1,-1
651,1,1183.45,156.72,234.46,762.32,-1,-1,-1,-1
651,2,97.74,187.22,308.34,880.30,-1,-1,-1,-1
652,0,926.44,136.66,261.99,936.54,-1,-1,-1,-1
652,1,1154.90,156.51,220.99,764.25,-1,-1,-1,-1
652,2,91.95,180.84,308.24,891.74,-1,-1,-1,-1
653,0,936.95,146.51,274.99,924.59,-1,-1,-1,-1
653,1,1126.66,157.15,224.22,764.38,-1,-1,-1,-1
653,2,84.57,179.01,311.30,893.45,-1,-1,-1,-1
654,0,950.57,168.11,303.89,892.75,-1,-1,-1,-1
654,1,1115.62,208.32,221.66,698.39,-1,-1,-1,-1
654,2,69.91,176.64,324.20,889.53,-1,-1,-1,-1
655,0,958.93,160.35,351.56,899.54,-1,-1,-1,-1
655,1,1097.51,226.86,211.98,667.95,-1,-1,-1,-1
655,2,56.93,170.81,332.26,891.03,-1,-1,-1,-1
656,0,984.32,159.58,347.05,903.23,-1,-1,-1,-1
656,1,1079.40,245.39,202.31,637.52,-1,-1,-1,-1
656,2,39.82,168.60,345.76,892.43,-1,-1,-1,-1
657,0,1006.01,146.50,324.80,926.51,-1,-1,-1,-1
657,1,1061.29,263.92,192.63,607.08,-1,-1,-1,-1
657,2,25.61,154.11,354.96,918.08,-1,-1,-1,-1
658,0,1016.37,136.69,320.69,943.35,-1,-1,-1,-1
658,1,1043.18,282.45,182.96,576.64,-1,-1,-1,-1
658,2,16.04,144.93,358.15,933.16,-1,-1,-1,-1
659,0,1021.22,144.17,325.92,934.18,-1,-1,-1,-1
659,2,8.42,139.75,362.07,940.18,-1,-1,-1,-1
660,0,1011.82,150.87,351.28,921.07,-1,-1,-1,-1
660,1,956.94,168.98,164.90,777.37,-1,-1,-1,-1
660,2,3.04,138.53,361.21,938.94,-1,-1,-1,-1
661,0,986.11,149.90,388.00,924.14,-1,-1,-1,-1
661,1,917.75,160.17,185.04,788.47,-1,-1,-1,-1
661,2,-1.61,138.92,358.20,934.18,-1,-1,-1,-1
662,0,1028.67,148.37,341.21,925.76,-1,-1,-1,-1
662,1,870.36,166.82,222.55,765.50,-1,-1,-1,-1
662,2,-3.16,140.61,353.21,927.61,-1,-1,-1,-1
663,0,1052.91,154.41,320.58,915.17,-1,-1,-1,-1
663,1,818.85,171.77,276.85,752.42,-1,-1,-1,-1
663,2,-2.81,139.91,342.23,926.17,-1,-1,-1,-1
664,0,1075.87,158.30,303.90,894.60,-1,-1,-1,-1
664,1,784.79,174.84,309.80,750.59,-1,-1,-1,-1
664,2,-3.24,133.94,334.39,933.37,-1,-1,-1,-1
665,0,1086.44,159.26,300.74,882.71,-1,-1,-1,-1
665,1,772.10,180.36,314.31,743.31,-1,-1,-1,-1
665,2,-4.70,132.25,337.75,934.32,-1,-1,-1,-1
666,0,1096.43,158.26,293.93,880.17,-1,-1,-1,-1
666,1,769.20,183.52,294.89,742.09,-1,-1,-1,-1
666,2,-5.54,121.81,335.97,947.34,-1,-1,-1,-1
667,0,1104.94,155.99,284.33,873.69,-1,-1,-1,-1
667,1,770.42,181.05,249.90,747.61,-1,-1,-1,-1
667,2,-5.99,113.80,335.15,956.49,-1,-1,-1,-1
668,0,1112.81,154.59,275.94,866.52,-1,-1,-1,-1
668,1,765.95,171.98,212.54,759.43,-1,-1,-1,-1
668,2,-5.29,110.88,330.54,956.77,-1,-1,-1,-1
669,0,1115.97,156.93,270.55,868.59,-1,-1,-1,-1
669,1,739.36,176.46,213.79,746.36,-1,-1,-1,-1
669,2,-4.90,105.22,328.69,961.82,-1,-1,-1,-1
670,0,1120.53,161.75,259.74,844.23,-1,-1,-1,-1
670,1,705.28,153.88,229.24,787.13,-1,-1,-1,-1
670,2,-5.18,100.17,332.91,965.69,-1,-1,-1,-1
671,0,1118.20,161.86,253.72,831.85,-1,-1,-1,-1
671,1,662.30,160.35,262.29,779.28,-1,-1,-1,-1
671,2,-5.14,97.52,339.32,966.95,-1,-1,-1,-1
672,0,1116.13,161.69,247.09,823.96,-1,-1,-1,-1
672,1,616.79,168.08,298.32,767.37,-1,-1,-1,-1
672,2,-2.90,92.47,334.89,971.43,-1,-1,-1,-1
673,0,1106.93,167.48,246.61,815.66,-1,-1,-1,-1
673,1,591.79,179.39,314.19,757.13,-1,-1,-1,-1
673,2,-5.01,97.22,352.33,962.92,-1,-1,-1,-1
674,0,1098.01,173.27,243.03,789.59,-1,-1,-1,-1
674,1,578.94,188.82,309.09,747.73,-1,-1,-1,-1
674,2,-3.06,97.23,362.71,957.18,-1,-1,-1,-1
675,0,1088.00,171.85,239.76,780.09,-1,-1,-1,-1
675,1,574.13,195.04,285.50,737.92,-1,-1,-1,-1
675,2,-0.00,95.45,368.87,961.23,-1,-1,-1,-1
676,0,1077.14,173.08,241.40,777.69,-1,-1,-1,-1
676,1,564.27,189.68,271.85,741.82,-1,-1,-1,-1
676,2,3.01,95.51,371.84,960.20,-1,-1,-1,-1
677,0,1065.28,175.12,239.56,775.37,-1,-1,-1,-1
677,1,541.19,183.23,248.51,754.65,-1,-1,-1,-1
677,2,14.47,104.39,361.48,942.49,-1,-1,-1,-1
678,0,1044.65,180.36,243.86,768.81,-1,-1,-1,-1
678,1,503.44,177.44,245.88,763.81,-1,-1,-1,-1
678,2,29.63,100.85,349.77,947.57,-1,-1,-1,-1
679,0,1023.27,180.53,251.60,766.05,-1,-1,-1,-1
679,1,466.60,174.02,259.46,772.65,-1,-1,-1,-1
679,2,48.74,98.92,342.46,947.01,-1,-1,-1,-1
680,0,1010.20,183.84,257.44,759.88,-1,-1,-1,-1
680,1,409.73,181.10,307.01,761.77,-1,-1,-1,-1
680,2,67.69,91.86,339.60,962.10,-1,-1,-1,-1
681,0,995.07,187.44,270.10,754.18,-1,-1,-1,-1
681,1,363.17,190.33,346.67,752.72,-1,-1,-1,-1
681,2,98.27,91.01,323.10,965.81,-1,-1,-1,-1
682,0,982.04,198.29,274.28,731.62,-1,-1,-1,-1
682,1,352.78,192.70,342.60,748.69,-1,-1,-1,-1
682,2,105.98,91.53,339.55,960.64,-1,-1,-1,-1
683,0,989.75,191.59,246.90,741.15,-1,-1,-1,-1
683,1,368.69,189.23,295.36,752.26,-1,-1,-1,-1
683,2,138.58,99.59,312.20,949.02,-1,-1,-1,-1
684,0,989.96,192.57,214.57,724.53,-1,-1,-1,-1
684,1,368.81,187.07,271.30,755.57,-1,-1,-1,-1
684,2,162.16,102.79,300.78,945.80,-1,-1,-1,-1
685,0,980.54,192.69,198.12,708.99,-1,-1,-1,-1
685,1,375.68,191.16,223.13,739.50,-1,-1,-1,-1
685,2,184.42,133.99,318.04,900.88,-1,-1,-1,-1
686,0,963.90,191.97,196.68,701.60,-1,-1,-1,-1
686,1,381.28,231.23,182.78,582.64,-1,-1,-1,-1
686,2,202.55,126.07,331.52,924.51,-1,-1,-1,-1
687,0,948.86,188.37,195.03,701.44,-1,-1,-1,-1
687,1,374.46,261.02,159.44,508.30,-1,-1,-1,-1
687,2,223.31,120.70,327.56,938.90,-1,-1,-1,-1
688,0,921.01,192.60,212.47,692.47,-1,-1,-1,-1
688,1,367.64,290.82,136.11,433.96,-1,-1,-1,-1
688,2,245.97,147.45,334.76,912.44,-1,-1,-1,-1
689,0,892.68,196.07,235.21,688.64,-1,-1,-1,-1
689,1,360.82,320.62,112.78,359.62,-1,-1,-1,-1
689,2,265.70,146.29,348.65,916.32,-1,-1,-1,-1
690,0,881.60,215.19,242.71,654.50,-1,-1,-1,-1
690,1,353.99,350.42,89.46,285.28,-1,-1,-1,-1
690,2,278.60,136.32,365.81,939.43,-1,-1,-1,-1
691,0,874.87,211.07,234.33,660.05,-1,-1,-1,-1
691,1,242.67,196.34,191.26,645.99,-1,-1,-1,-1
691,2,277.05,144.89,392.14,929.67,-1,-1,-1,-1
692,0,867.78,214.16,233.93,650.45,-1,-1,-1,-1
692,1,220.77,188.36,195.51,663.35,-1,-1,-1,-1
692,2,308.76,155.95,366.44,916.31,-1,-1,-1,-1
693,0,863.14,220.66,216.00,629.92,-1,-1,-1,-1
693,1,198.82,183.13,212.68,683.71,-1,-1,-1,-1
693,2,345.09,145.87,336.09,930.51,-1,-1,-1,-1
694,0,850.54,221.15,202.81,624.70,-1,-1,-1,-1
694,1,180.84,178.30,234.70,707.69,-1,-1,-1,-1
694,2,374.97,135.20,318.93,946.20,-1,-1,-1,-1
695,0,832.09,223.02,192.32,618.60,-1,-1,-1,-1
695,1,168.76,188.39,255.90,697.52,-1,-1,-1,-1
695,2,409.35,139.14,306.14,934.41,-1,-1,-1,-1
696,0,810.83,226.31,193.67,608.04,-1,-1,-1,-1
696,1,169.16,198.62,267.15,682.32,-1,-1,-1,-1
696,2,440.59,135.60,301.76,941.25,-1,-1,-1,-1
697,0,791.41,225.19,204.08,610.79,-1,-1,-1,-1
697,1,181.90,198.49,255.90,680.30,-1,-1,-1,-1
697,2,470.85,143.04,304.11,932.36,-1,-1,-1,-1
698,0,772.54,221.68,215.49,616.88,-1,-1,-1,-1
698,1,194.18,202.61,244.00,675.68,-1,-1,-1,-1
698,2,500.47,133.07,321.14,947.30,-1,-1,-1,-1
699,0,767.02,227.94,211.45,604.54,-1,-1,-1,-1
699,1,204.35,211.47,239.00,656.32,-1,-1,-1,-1
699,2,524.45,150.58,353.71,923.56,-1,-1,-1,-1
700,0,770.83,232.01,189.58,596.16,-1,-1,-1,-1
700,1,218.33,211.01,227.12,655.55,-1,-1,-1,-1
700,2,553.53,155.13,358.76,917.72,-1,-1,-1,-1
701,0,780.28,241.77,148.88,569.66,-1,-1,-1,-1
701,1,237.22,214.98,215.38,639.15,-1,-1,-1,-1
701,2,577.02,173.41,359.66,888.86,-1,-1,-1,-1
702,0,769.94,248.26,144.77,554.04,-1,-1,-1,-1
702,1,259.39,218.85,198.86,618.93,-1,-1,-1,-1
702,2,611.30,179.11,329.25,873.70,-1,-1,-1,-1
703,0,759.60,254.75,140.66,538.43,-1,-1,-1,-1
703,1,276.40,219.58,189.04,607.20,-1,-1,-1,-1
703,2,654.36,181.23,288.53,853.97,-1,-1,-1,-1
704,0,749.26,261.24,136.55,522.81,-1,-1,-1,-1
704,1,292.96,219.98,181.84,605.17,-1,-1,-1,-1
704,2,688.53,166.92,269.19,861.30,-1,-1,-1,-1
705,0,738.92,267.73,132.44,507.19,-1,-1,-1,-1
705,1,305.47,221.93,184.35,591.51,-1,-1,-1,-1
705,2,698.59,166.33,288.01,848.51,-1,-1,-1,-1
706,1,324.57,222.62,182.23,587.68,-1,-1,-1,-1
706,2,699.10,172.92,313.27,819.53,-1,-1,-1,-1
707,0,674.13,233.06,135.47,582.43,-1,-1,-1,-1
707,1,339.70,224.73,191.63,582.75,-1,-1,-1,-1
707,2,706.41,172.28,323.71,815.00,-1,-1,-1,-1
708,0,647.07,229.95,178.49,588.98,-1,-1,-1,-1
708,1,354.44,219.21,196.22,596.46,-1,-1,-1,-1
708,2,744.70,171.84,298.44,810.08,-1,-1,-1,-1
709,0,633.71,230.83,189.25,586.92,-1,-1,-1,-1
709,1,363.94,220.42,201.21,595.83,-1,-1,-1,-1
709,2,772.06,175.71,285.36,803.46,-1,-1,-1,-1
710,0,627.04,238.99,174.39,569.66,-1,-1,-1,-1
710,1,372.05,221.79,202.16,590.05,-1,-1,-1,-1
710,2,799.80,181.50,268.77,791.65,-1,-1,-1,-1
711,0,614.82,239.27,165.95,573.33,-1,-1,-1,-1
711,1,394.34,229.70,178.21,568.06,-1,-1,-1,-1
711,2,824.62,189.14,251.28,777.53,-1,-1,-1,-1
712,0,600.89,234.23,166.10,584.13,-1,-1,-1,-1
712,1,412.04,232.31,160.07,555.10,-1,-1,-1,-1
712,2,843.01,184.53,237.87,779.69,-1,-1,-1,-1
713,0,572.28,228.44,192.43,595.21,-1,-1,-1,-1
713,1,428.44,231.36,148.67,551.06,-1,-1,-1,-1
713,2,861.87,179.16,226.68,785.27,-1,-1,-1,-1
714,0,525.16,219.28,234.75,609.77,-1,-1,-1,-1
714,1,442.13,226.13,152.45,564.24,-1,-1,-1,-1
714,2,878.59,182.81,218.86,761.63,-1,-1,-1,-1