29,1,0.00,310.49,165.77,486.46,1,-1,-1,-1
30,1,3.89,303.22,174.68,504.79,1,-1,-1,-1
31,1,11.05,290.00,174.11,523.78,1,-1,-1,-1
32,1,14.12,283.75,179.59,534.11,1,-1,-1,-1
33,1,19.20,276.04,189.70,545.83,1,-1,-1,-1
34,1,23.19,269.02,202.44,560.20,1,-1,-1,-1
35,1,11.79,262.01,214.22,573.20,1,-1,-1,-1
36,1,7.80,261.32,228.13,579.45,1,-1,-1,-1
37,1,3.93,267.47,246.06,567.02,1,-1,-1,-1
38,1,-9.60,272.15,245.23,556.80,1,-1,-1,-1
39,1,-7.09,272.27,254.08,559.23,1,-1,-1,-1
40,1,-0.29,275.03,250.92,560.63,1,-1,-1,-1
41,1,7.93,271.43,245.10,567.37,1,-1,-1,-1
42,1,6.95,268.16,245.56,572.29,1,-1,-1,-1
43,1,18.70,259.82,251.01,584.29,1,-1,-1,-1
44,2,71.50,240.48,333.38,593.28,1,-1,-1,-1
44,1,-17.40,268.74,198.37,584.29,1,-1,-1,-1
45,2,80.66,243.72,338.52,593.02,1,-1,-1,-1
45,1,-30.30,276.94,198.37,584.29,1,-1,-1,-1
46,2,92.81,246.42,351.18,592.20,1,-1,-1,-1
46,1,-26.78,285.15,198.37,584.29,1,-1,-1,-1
47,2,112.47,246.33,337.61,595.58,1,-1,-1,-1
47,1,-23.26,286.33,198.37,584.29,1,-1,-1,-1
48,2,132.48,242.70,322.25,600.85,1,-1,-1,-1
49,2,153.07,243.43,318.02,602.04,1,-1,-1,-1
50,2,173.47,244.47,314.44,602.29,1,-1,-1,-1
51,2,188.66,246.36,307.60,599.47,1,-1,-1,-1
52,2,202.37,242.52,304.17,606.95,1,-1,-1,-1
53,2,210.47,232.77,312.70,632.95,1,-1,-1,-1
54,2,212.90,232.37,320.93,646.36,1,-1,-1,-1
55,2,220.10,231.52,327.94,649.78,1,-1,-1,-1
56,2,233.17,233.92,319.46,656.55,1,-1,-1,-1
57,2,240.63,240.88,324.35,665.33,1,-1,-1,-1
58,2,244.58,238.37,330.76,677.13,1,-1,-1,-1
59,2,251.94,226.13,337.05,687.07,1,-1,-1,-1
60,2,251.82,227.38,354.98,689.54,1,-1,-1,-1
61,2,259.19,227.13,363.95,693.00,1,-1,-1,-1
62,2,278.83,220.71,363.86,699.35,1,-1,-1,-1
63,2,298.43,220.77,388.68,704.73,1,-1,-1,-1
64,2,323.63,225.82,383.31,703.29,1,-1,-1,-1
65,2,341.84,226.18,373.30,697.62,1,-1,-1,-1
66,2,374.96,221.91,344.17,703.93,1,-1,-1,-1
67,2,382.62,223.64,342.77,701.74,1,-1,-1,-1
68,2,417.81,219.38,328.07,703.30,1,-1,-1,-1
69,2,448.36,208.92,313.78,717.36,1,-1,-1,-1
70,2,467.30,194.99,329.18,739.05,1,-1,-1,-1
71,2,488.90,194.34,331.21,737.07,1,-1,-1,-1
72,2,513.72,200.85,366.39,735.51,1,-1,-1,-1
73,2,517.93,200.76,375.23,729.28,1,-1,-1,-1
74,2,542.79,203.00,372.56,737.91,1,-1,-1,-1
75,2,560.00,205.28,370.42,736.46,1,-1,-1,-1
76,2,597.73,207.35,352.01,727.66,1,-1,-1,-1
77,2,639.08,189.10,327.17,736.55,1,-1,-1,-1
78,2,664.91,195.37,318.54,738.09,1,-1,-1,-1
79,2,667.77,186.92,325.17,744.86,1,-1,-1,-1
80,2,698.63,181.64,328.25,747.86,1,-1,-1,-1
81,2,716.19,188.57,359.48,741.95,1,-1,-1,-1
82,2,738.80,196.29,376.40,736.29,1,-1,-1,-1
83,2,755.49,196.09,376.94,746.59,1,-1,-1,-1
84,2,785.42,201.68,360.89,744.25,1,-1,-1,-1
85,2,808.95,198.69,345.24,749.39,1,-1,-1,-1
86,2,839.80,194.34,337.14,753.32,1,-1,-1,-1
87,2,869.16,182.87,318.37,762.37,1,-1,-1,-1
88,2,883.20,164.61,322.99,790.90,1,-1,-1,-1
89,2,894.10,171.64,333.76,801.69,1,-1,-1,-1
90,2,917.46,161.61,332.08,822.75,1,-1,-1,-1
91,2,931.32,163.35,374.91,848.33,1,-1,-1,-1
92,2,946.30,169.02,383.00,865.12,1,-1,-1,-1
93,2,962.26,181.03,371.72,858.61,1,-1,-1,-1
94,2,965.85,150.59,361.77,878.74,1,-1,-1,-1
95,2,977.93,153.80,373.07,888.06,1,-1,-1,-1
96,2,1012.46,157.22,367.19,887.77,1,-1,-1,-1
97,2,1025.97,151.76,424.24,907.12,1,-1,-1,-1
98,2,1053.80,152.60,431.82,908.65,1,-1,-1,-1
99,2,1074.49,153.88,444.05,906.23,1,-1,-1,-1
100,2,1090.01,157.12,455.48,908.47,1,-1,-1,-1
101,2,1104.34,162.63,462.05,910.68,1,-1,-1,-1
102,2,1118.14,167.75,465.10,906.78,1,-1,-1,-1
103,2,1126.69,178.83,478.72,897.29,1,-1,-1,-1
104,2,1154.32,171.76,467.29,898.17,1,-1,-1,-1
105,2,1193.28,176.55,443.50,896.07,1,-1,-1,-1
106,2,1226.10,164.25,419.00,900.87,1,-1,-1,-1
107,2,1258.97,168.00,426.99,889.51,1,-1,-1,-1
108,2,1284.20,165.25,429.42,892.96,1,-1,-1,-1
109,2,1309.76,151.53,474.54,902.87,1,-1,-1,-1
110,2,1322.92,152.76,480.45,912.22,1,-1,-1,-1
111,2,1351.46,158.95,443.49,903.71,1,-1,-1,-1
112,2,1375.18,148.47,444.64,911.48,1,-1,-1,-1
113,2,1395.95,146.32,455.79,912.14,1,-1,-1,-1
114,2,1427.03,134.49,448.32,925.42,1,-1,-1,-1
115,2,1456.10,139.93,445.37,917.39,1,-1,-1,-1
116,2,1473.10,140.73,444.94,915.57,1,-1,-1,-1
117,2,1483.27,139.95,437.46,915.39,1,-1,-1,-1
118,2,1481.98,138.29,440.24,911.67,1,-1,-1,-1
119,2,1477.56,142.02,447.89,907.43,1,-1,-1,-1
120,2,1473.50,145.25,439.72,902.60,1,-1,-1,-1
121,2,1475.51,153.77,424.55,882.09,1,-1,-1,-1
122,2,1465.06,148.03,424.84,889.31,1,-1,-1,-1
123,2,1454.19,137.05,414.65,887.72,1,-1,-1,-1
124,2,1445.21,141.35,410.23,880.58,1,-1,-1,-1
125,2,1426.37,156.64,400.68,855.08,1,-1,-1,-1
126,2,1399.88,150.64,395.86,846.96,1,-1,-1,-1
127,2,1384.13,151.04,391.20,848.01,1,-1,-1,-1
128,2,1378.37,155.35,383.75,832.23,1,-1,-1,-1
129,2,1371.76,160.00,379.20,828.43,1,-1,-1,-1
130,2,1361.02,166.50,377.25,831.59,1,-1,-1,-1
131,2,1344.29,176.93,394.39,817.71,1,-1,-1,-1
132,2,1342.02,180.21,392.53,806.66,1,-1,-1,-1
133,2,1343.39,173.01,366.13,799.73,1,-1,-1,-1
133,1,-1.00,268.00,100.00,529.00,1,-1,-1,-1
134,2,1330.27,173.12,347.80,778.62,1,-1,-1,-1
134,1,1.74,257.58,114.34,527.81,1,-1,-1,-1
135,2,1311.77,163.52,320.06,772.41,1,-1,-1,-1
135,1,1.09,248.96,131.48,534.55,1,-1,-1,-1
136,2,1288.73,167.62,324.21,758.83,1,-1,-1,-1
136,1,7.70,260.93,160.29,547.01,1,-1,-1,-1
137,2,1274.74,176.58,336.15,750.63,1,-1,-1,-1
137,1,7.80,247.15,161.75,548.67,1,-1,-1,-1
138,2,1259.27,175.34,342.94,775.30,1,-1,-1,-1
138,1,11.55,252.80,165.87,542.22,1,-1,-1,-1
139,2,1243.46,172.58,356.47,798.66,1,-1,-1,-1
139,1,17.22,253.58,171.09,553.76,1,-1,-1,-1
140,2,1220.31,172.52,375.11,805.87,1,-1,-1,-1
140,1,24.00,230.00,223.00,583.00,1,-1,-1,-1
141,2,1197.60,171.64,390.13,824.08,1,-1,-1,-1
141,1,39.17,234.28,217.61,573.48,1,-1,-1,-1
142,2,1187.70,166.55,390.71,836.03,1,-1,-1,-1
142,1,56.13,235.95,220.76,581.45,1,-1,-1,-1
143,2,1178.68,156.00,398.75,859.34,1,-1,-1,-1
143,1,78.87,239.25,249.17,573.05,1,-1,-1,-1
144,2,1180.39,151.50,389.43,863.65,1,-1,-1,-1
144,1,107.13,238.19,245.12,573.96,1,-1,-1,-1
145,2,1186.58,141.73,372.94,873.83,1,-1,-1,-1
145,1,129.73,236.44,234.26,582.72,1,-1,-1,-1
146,2,1168.23,129.27,382.78,870.39,1,-1,-1,-1
146,1,156.11,237.73,218.51,580.81,1,-1,-1,-1
147,2,1159.53,139.75,382.75,879.60,1,-1,-1,-1
147,1,186.21,233.86,214.39,573.82,1,-1,-1,-1
148,2,1136.70,146.53,401.11,891.12,1,-1,-1,-1
148,1,209.08,224.26,220.60,574.17,1,-1,-1,-1
149,2,1116.29,147.38,408.51,900.94,1,-1,-1,-1
149,1,239.52,216.87,226.98,581.47,1,-1,-1,-1
150,2,1123.16,153.51,378.58,910.80,1,-1,-1,-1
150,1,265.51,223.31,243.10,579.74,1,-1,-1,-1
151,2,1087.47,170.37,411.90,890.08,1,-1,-1,-1
151,1,290.62,229.66,250.40,577.66,1,-1,-1,-1
152,2,1076.92,173.29,402.39,880.29,1,-1,-1,-1
152,1,314.17,233.06,249.17,575.95,1,-1,-1,-1
153,2,1064.68,161.80,390.36,885.84,1,-1,-1,-1
153,1,343.00,234.00,234.00,566.00,1,-1,-1,-1
154,2,1061.43,147.03,371.32,911.17,1,-1,-1,-1
154,1,357.94,227.95,222.61,571.30,1,-1,-1,-1
155,2,1039.23,157.62,371.02,882.97,1,-1,-1,-1
155,1,388.82,218.77,210.66,569.03,1,-1,-1,-1
156,2,1013.26,137.99,371.23,907.50,1,-1,-1,-1
156,1,410.91,218.11,210.63,569.34,1,-1,-1,-1
157,2,987.43,156.76,371.32,902.49,1,-1,-1,-1
157,1,433.61,216.21,211.10,570.05,1,-1,-1,-1
158,2,924.73,147.59,428.07,913.72,1,-1,-1,-1
158,1,454.21,213.58,226.65,573.60,1,-1,-1,-1
159,2,889.60,131.86,446.04,928.47,1,-1,-1,-1
159,1,470.28,227.75,253.73,565.02,1,-1,-1,-1
160,2,889.11,157.68,435.12,897.51,1,-1,-1,-1
160,1,500.94,226.10,243.48,575.22,1,-1,-1,-1
161,2,880.88,163.55,418.05,907.17,1,-1,-1,-1
161,1,542.34,227.43,224.28,570.39,1,-1,-1,-1
162,2,851.40,167.97,430.47,901.76,1,-1,-1,-1
162,1,584.60,214.60,209.12,575.53,1,-1,-1,-1
163,2,826.96,166.60,417.28,901.36,1,-1,-1,-1
163,1,607.42,213.62,212.03,568.34,1,-1,-1,-1
164,2,805.42,165.84,418.43,905.42,1,-1,-1,-1
164,1,630.49,215.92,221.89,571.56,1,-1,-1,-1
165,2,790.96,174.46,413.83,885.16,1,-1,-1,-1
165,1,646.08,220.47,240.71,577.97,1,-1,-1,-1
166,2,787.71,166.09,401.51,894.60,1,-1,-1,-1
166,1,667.73,222.71,230.53,578.10,1,-1,-1,-1
167,2,723.65,164.88,466.30,880.31,1,-1,-1,-1
167,1,709.39,226.38,185.72,525.44,1,-1,-1,-1
168,2,706.74,176.52,470.69,860.57,1,-1,-1,-1
168,1,720.22,226.65,178.91,517.01,1,-1,-1,-1
169,2,700.58,202.38,434.94,832.87,1,-1,-1,-1
169,1,745.48,224.63,168.33,508.23,1,-1,-1,-1
170,2,687.25,196.13,403.14,833.30,1,-1,-1,-1
170,1,745.83,219.57,210.12,508.23,1,-1,-1,-1
171,2,668.85,186.66,383.00,863.90,1,-1,-1,-1
171,1,764.41,207.55,210.12,508.23,1,-1,-1,-1
172,2,653.51,166.93,390.61,895.14,1,-1,-1,-1
173,2,642.96,172.38,404.33,893.95,1,-1,-1,-1
174,2,624.21,170.93,425.62,880.14,1,-1,-1,-1
174,1,874.00,212.00,151.00,541.00,1,-1,-1,-1
175,2,605.89,179.97,433.59,878.53,1,-1,-1,-1
175,1,887.37,228.19,166.07,532.97,1,-1,-1,-1
176,2,564.66,177.23,444.34,882.98,1,-1,-1,-1
176,1,905.81,229.23,156.54,552.94,1,-1,-1,-1
177,2,530.75,178.15,436.58,882.80,1,-1,-1,-1
177,1,933.43,216.93,141.28,553.08,1,-1,-1,-1
178,2,510.42,158.06,419.94,897.35,1,-1,-1,-1
178,1,949.50,201.44,153.29,558.87,1,-1,-1,-1
179,2,485.05,166.43,409.92,888.84,1,-1,-1,-1
179,1,966.91,190.21,170.57,565.50,1,-1,-1,-1
180,2,468.31,170.88,401.31,890.07,1,-1,-1,-1
180,1,983.88,204.67,171.99,560.48,1,-1,-1,-1
181,2,452.08,180.50,399.70,880.80,1,-1,-1,-1
181,1,993.19,216.60,197.83,550.98,1,-1,-1,-1
182,2,454.21,176.60,389.61,880.90,1,-1,-1,-1
182,1,1007.82,223.17,200.19,543.92,1,-1,-1,-1
183,2,453.08,183.74,374.39,875.76,1,-1,-1,-1
183,1,1027.11,221.80,194.57,544.72,1,-1,-1,-1
184,2,445.20,196.45,367.15,861.35,1,-1,-1,-1
184,1,1061.81,212.50,171.98,556.88,1,-1,-1,-1
185,2,434.64,191.43,361.85,858.19,1,-1,-1,-1
185,1,1079.42,212.19,174.86,551.16,1,-1,-1,-1
186,2,411.50,181.97,372.71,864.22,1,-1,-1,-1
186,1,1103.91,203.44,165.70,553.47,1,-1,-1,-1
187,2,390.81,175.09,379.32,862.19,1,-1,-1,-1
187,1,1119.88,186.77,165.85,556.51,1,-1,-1,-1
188,2,374.57,179.22,392.17,851.43,1,-1,-1,-1
188,1,1140.49,191.29,168.90,558.58,1,-1,-1,-1
189,2,374.09,184.10,392.60,835.29,1,-1,-1,-1
189,1,1156.34,193.61,180.98,563.35,1,-1,-1,-1
190,3,1164.60,201.65,176.07,232.30,1,-1,-1,-1
190,2,374.62,186.53,391.19,825.90,1,-1,-1,-1
190,1,1158.01,201.51,200.21,559.77,1,-1,-1,-1
191,3,1185.41,212.16,176.00,232.00,1,-1,-1,-1
191,2,379.48,190.41,381.91,812.79,1,-1,-1,-1
191,1,1175.64,207.33,195.16,564.20,1,-1,-1,-1
192,3,1200.13,223.05,176.00,232.00,1,-1,-1,-1
192,2,377.93,188.77,395.63,812.78,1,-1,-1,-1
192,1,1194.27,176.60,192.00,565.41,1,-1,-1,-1
193,4,0.00,285.19,138.87,529.67,1,-1,-1,-1
193,2,375.57,194.77,385.37,807.89,1,-1,-1,-1
193,1,1215.55,168.31,185.54,559.21,1,-1,-1,-1
194,4,-3.93,298.66,138.00,529.00,1,-1,-1,-1
194,2,364.62,199.33,372.90,789.89,1,-1,-1,-1
194,1,1234.33,158.86,190.45,560.49,1,-1,-1,-1
195,4,1.59,283.89,174.35,534.04,1,-1,-1,-1
195,2,362.08,206.01,359.21,772.27,1,-1,-1,-1
195,1,1254.16,166.03,193.59,570.41,1,-1,-1,-1
196,4,5.84,271.06,192.18,554.93,1,-1,-1,-1
196,2,359.23,206.94,350.09,759.42,1,-1,-1,-1
196,1,1269.56,161.49,198.93,587.13,1,-1,-1,-1
197,4,6.32,269.29,197.07,562.65,1,-1,-1,-1
197,2,354.36,202.08,344.55,754.50,1,-1,-1,-1
197,1,1273.36,160.96,230.50,593.87,1,-1,-1,-1
198,4,8.28,265.76,195.30,567.48,1,-1,-1,-1
198,2,355.34,206.48,344.16,740.69,1,-1,-1,-1
198,1,1278.02,162.93,242.67,602.67,1,-1,-1,-1
199,4,8.12,261.89,193.09,573.59,1,-1,-1,-1
199,2,361.57,207.85,339.76,730.70,1,-1,-1,-1
199,1,1284.05,165.40,246.50,606.88,1,-1,-1,-1
200,4,4.02,262.61,198.35,564.58,1,-1,-1,-1
200,2,369.38,211.59,344.91,722.98,1,-1,-1,-1
200,1,1310.53,163.96,241.93,617.72,1,-1,-1,-1
201,4,10.09,261.29,193.42,573.24,1,-1,-1,-1
201,2,381.61,214.97,347.65,713.89,1,-1,-1,-1
201,1,1316.66,159.02,253.64,621.45,1,-1,-1,-1
202,4,12.35,260.85,187.48,574.09,1,-1,-1,-1
202,2,400.31,218.03,341.47,711.40,1,-1,-1,-1
202,1,1325.55,149.74,262.05,628.17,1,-1,-1,-1
203,4,29.97,250.14,183.02,586.59,1,-1,-1,-1
203,2,423.49,215.91,331.23,702.41,1,-1,-1,-1
203,1,1351.92,146.62,250.72,636.69,1,-1,-1,-1
204,4,42.85,247.95,184.76,585.26,1,-1,-1,-1
204,2,449.38,215.52,329.66,698.46,1,-1,-1,-1
204,1,1359.57,144.78,251.33,656.33,1,-1,-1,-1
205,4,56.16,237.22,188.24,588.06,1,-1,-1,-1
205,2,455.66,220.03,329.93,690.28,1,-1,-1,-1
205,1,1361.70,143.23,258.25,660.10,1,-1,-1,-1
206,4,49.60,246.45,190.52,588.81,1,-1,-1,-1
206,2,484.66,221.44,326.09,677.08,1,-1,-1,-1
206,1,1364.68,146.36,265.63,674.09,1,-1,-1,-1
207,4,105.69,245.39,209.17,586.17,1,-1,-1,-1
207,2,503.78,227.05,310.80,676.19,1,-1,-1,-1
207,1,1380.77,142.89,241.72,696.74,1,-1,-1,-1
208,4,131.35,249.74,217.52,581.48,1,-1,-1,-1
208,2,531.30,204.85,293.54,697.85,1,-1,-1,-1
208,1,1380.98,138.34,243.79,713.48,1,-1,-1,-1
209,4,154.57,240.78,210.32,586.27,1,-1,-1,-1
209,2,540.55,199.91,304.17,703.10,1,-1,-1,-1
209,1,1380.48,139.33,238.87,708.29,1,-1,-1,-1
210,4,160.47,230.79,228.49,593.21,1,-1,-1,-1
210,2,543.54,221.51,341.16,678.76,1,-1,-1,-1
210,1,1365.37,133.03,245.95,714.29,1,-1,-1,-1
211,4,176.83,218.30,218.61,601.13,1,-1,-1,-1
211,2,553.95,220.54,378.88,674.91,1,-1,-1,-1
211,1,1345.77,113.14,263.02,722.87,1,-1,-1,-1
212,4,189.82,217.98,202.27,596.89,1,-1,-1,-1
212,2,575.20,238.89,376.10,652.99,1,-1,-1,-1
212,1,1352.26,122.00,255.43,723.85,1,-1,-1,-1
213,4,209.38,233.82,185.86,581.47,1,-1,-1,-1
213,2,594.77,239.80,366.06,647.53,1,-1,-1,-1
213,1,1351.86,120.38,255.20,735.05,1,-1,-1,-1
214,4,238.77,228.70,166.20,578.91,1,-1,-1,-1
214,2,616.50,258.49,347.18,621.88,1,-1,-1,-1
214,1,1350.42,123.90,233.75,747.92,1,-1,-1,-1
215,4,251.23,235.77,171.50,577.75,1,-1,-1,-1
215,2,651.98,231.95,318.53,640.16,1,-1,-1,-1
215,1,1344.17,131.07,226.19,764.17,1,-1,-1,-1
216,4,269.82,231.96,183.49,577.81,1,-1,-1,-1
216,2,678.39,217.42,310.28,664.85,1,-1,-1,-1
216,1,1321.75,139.38,236.42,753.87,1,-1,-1,-1
217,4,295.50,236.86,183.03,564.78,1,-1,-1,-1
217,2,703.38,215.16,308.81,666.19,1,-1,-1,-1
217,1,1320.66,141.04,214.68,761.47,1,-1,-1,-1
218,4,307.78,242.53,207.77,564.80,1,-1,-1,-1
218,2,741.83,203.16,292.61,676.38,1,-1,-1,-1
218,1,1284.64,124.83,226.91,775.64,1,-1,-1,-1
219,4,312.03,239.54,219.37,565.69,1,-1,-1,-1
219,2,755.77,205.71,292.76,678.33,1,-1,-1,-1
219,1,1272.84,124.75,224.94,777.90,1,-1,-1,-1
220,4,327.33,242.93,218.34,561.88,1,-1,-1,-1
220,2,770.17,204.46,298.99,681.26,1,-1,-1,-1
220,1,1244.34,141.57,239.56,779.32,1,-1,-1,-1
221,4,342.63,242.93,215.97,560.54,1,-1,-1,-1
221,2,781.42,210.91,308.09,671.61,1,-1,-1,-1
221,1,1218.13,161.12,241.47,772.34,1,-1,-1,-1
222,4,366.11,241.95,200.16,564.68,1,-1,-1,-1
222,2,794.51,217.29,309.44,670.67,1,-1,-1,-1
222,1,1199.23,168.68,246.72,767.35,1,-1,-1,-1
223,4,385.99,238.47,192.55,564.41,1,-1,-1,-1
223,2,815.56,214.19,304.19,668.40,1,-1,-1,-1
223,1,1182.78,177.06,240.85,767.46,1,-1,-1,-1
224,4,408.15,238.29,177.91,562.33,1,-1,-1,-1
224,2,845.79,210.19,298.20,659.73,1,-1,-1,-1
224,1,1160.87,161.57,225.90,758.55,1,-1,-1,-1
225,4,428.43,238.87,168.83,557.52,1,-1,-1,-1
225,2,872.70,204.78,291.96,653.49,1,-1,-1,-1
225,1,1124.00,156.00,208.00,756.00,1,-1,-1,-1
226,4,449.12,238.12,160.41,554.75,1,-1,-1,-1
226,2,896.37,206.63,281.32,651.34,1,-1,-1,-1
226,1,1085.48,157.35,217.38,767.27,1,-1,-1,-1
227,4,460.23,239.00,170.99,558.52,1,-1,-1,-1
227,2,909.70,216.49,267.10,646.01,1,-1,-1,-1
227,1,1083.63,159.87,231.66,775.38,1,-1,-1,-1
228,4,476.39,249.20,179.45,545.29,1,-1,-1,-1
228,2,929.46,227.73,268.11,644.65,1,-1,-1,-1
228,1,1046.74,162.77,251.07,775.83,1,-1,-1,-1
229,4,485.85,249.30,199.91,545.90,1,-1,-1,-1
229,2,952.69,217.36,357.83,713.90,1,-1,-1,-1
229,1,1042.56,176.56,213.46,775.83,1,-1,-1,-1
230,4,502.85,254.16,195.43,542.60,1,-1,-1,-1
230,1,983.04,173.06,280.16,792.55,1,-1,-1,-1
231,4,516.41,259.03,197.31,538.88,1,-1,-1,-1
231,1,971.04,161.16,265.70,787.96,1,-1,-1,-1
232,4,528.11,253.84,201.24,542.33,1,-1,-1,-1
232,2,1050.00,290.00,216.00,525.00,1,-1,-1,-1
232,1,966.06,166.83,258.53,786.18,1,-1,-1,-1
233,4,546.77,246.87,193.50,550.54,1,-1,-1,-1
233,2,1033.36,240.93,234.55,571.70,1,-1,-1,-1
233,1,943.64,162.45,204.50,773.98,1,-1,-1,-1
234,4,572.43,241.84,177.87,556.73,1,-1,-1,-1
234,2,1046.88,227.28,226.58,585.61,1,-1,-1,-1
234,1,895.56,187.89,224.34,734.25,1,-1,-1,-1
235,4,586.10,243.42,172.12,556.01,1,-1,-1,-1
235,2,1060.90,237.77,220.44,577.64,1,-1,-1,-1
235,1,875.08,164.13,213.62,750.21,1,-1,-1,-1
236,4,611.97,243.44,161.24,558.49,1,-1,-1,-1
236,2,1084.27,232.78,205.34,581.24,1,-1,-1,-1
236,1,843.83,145.55,232.48,756.98,1,-1,-1,-1
237,4,628.06,240.38,160.12,558.59,1,-1,-1,-1
237,2,1097.20,215.40,210.34,596.21,1,-1,-1,-1
237,1,801.56,139.50,261.65,777.14,1,-1,-1,-1
238,4,650.88,235.61,165.17,567.99,1,-1,-1,-1
238,2,1102.21,207.97,231.43,610.07,1,-1,-1,-1
238,1,772.08,179.80,273.70,757.00,1,-1,-1,-1
239,4,668.26,211.40,187.81,613.07,1,-1,-1,-1
239,2,1109.94,202.52,241.73,615.90,1,-1,-1,-1
239,1,719.27,170.53,282.91,760.27,1,-1,-1,-1
240,4,671.44,198.58,176.98,623.50,1,-1,-1,-1
240,2,1123.94,211.60,245.50,611.37,1,-1,-1,-1
240,1,696.74,166.69,251.81,748.68,1,-1,-1,-1
241,4,679.37,197.23,217.30,681.63,1,-1,-1,-1
241,2,1128.97,214.17,256.65,608.56,1,-1,-1,-1
242,2,1135.79,216.29,258.39,608.24,1,-1,-1,-1
242,1,669.00,156.00,261.00,791.00,1,-1,-1,-1
243,2,1145.67,216.16,254.21,607.75,1,-1,-1,-1
243,1,647.58,170.39,268.36,765.07,1,-1,-1,-1
244,2,1158.05,217.59,249.93,603.97,1,-1,-1,-1
244,1,626.16,179.93,290.65,767.88,1,-1,-1,-1
245,4,784.00,249.00,170.00,535.00,1,-1,-1,-1
245,2,1180.35,216.84,237.84,601.42,1,-1,-1,-1
245,1,576.55,204.12,304.69,744.11,1,-1,-1,-1
246,4,792.57,249.56,172.29,540.08,1,-1,-1,-1
246,2,1203.71,208.46,224.95,602.67,1,-1,-1,-1
246,1,563.13,182.80,270.42,751.45,1,-1,-1,-1
247,4,826.63,238.65,165.25,545.04,1,-1,-1,-1
247,2,1233.00,199.98,200.87,613.12,1,-1,-1,-1
247,1,532.42,175.00,274.25,756.14,1,-1,-1,-1
248,4,836.13,233.95,165.65,553.00,1,-1,-1,-1
248,2,1245.65,203.76,192.06,608.93,1,-1,-1,-1
248,1,517.86,172.57,272.48,782.90,1,-1,-1,-1
249,4,838.66,231.00,179.77,560.98,1,-1,-1,-1
249,2,1257.83,206.18,199.62,608.16,1,-1,-1,-1
249,1,491.52,163.42,251.33,774.15,1,-1,-1,-1
250,4,852.40,241.06,192.35,554.60,1,-1,-1,-1
250,2,1262.28,210.53,218.85,603.66,1,-1,-1,-1
250,1,467.75,157.32,241.38,775.04,1,-1,-1,-1
251,4,857.87,249.34,221.70,544.72,1,-1,-1,-1
251,2,1261.38,207.91,230.44,608.25,1,-1,-1,-1
251,1,439.29,150.77,248.77,772.97,1,-1,-1,-1
252,4,875.18,249.52,217.11,544.71,1,-1,-1,-1
252,2,1248.08,208.26,249.15,606.49,1,-1,-1,-1
252,1,414.61,151.29,248.03,778.90,1,-1,-1,-1
253,4,885.74,247.09,214.22,550.92,1,-1,-1,-1
253,2,1246.01,215.10,254.34,596.67,1,-1,-1,-1
253,1,381.42,155.03,279.11,784.18,1,-1,-1,-1
254,4,901.68,238.33,208.00,550.11,1,-1,-1,-1
254,2,1254.20,216.65,254.13,595.11,1,-1,-1,-1
254,1,360.65,147.22,285.87,798.52,1,-1,-1,-1
255,4,921.63,239.16,191.77,547.57,1,-1,-1,-1
255,2,1262.83,215.75,249.64,595.69,1,-1,-1,-1
255,1,339.39,147.54,298.43,802.11,1,-1,-1,-1
256,4,950.19,234.22,174.39,554.16,1,-1,-1,-1
256,2,1279.14,209.36,243.62,605.67,1,-1,-1,-1
256,1,297.63,151.06,311.76,791.02,1,-1,-1,-1
257,4,974.35,236.34,180.86,553.43,1,-1,-1,-1
257,2,1301.61,204.82,234.10,617.43,1,-1,-1,-1
257,1,269.22,149.69,316.14,785.23,1,-1,-1,-1
258,4,993.35,236.30,190.15,553.84,1,-1,-1,-1
258,2,1320.49,200.10,223.82,630.20,1,-1,-1,-1
258,1,258.97,135.59,305.15,798.34,1,-1,-1,-1
259,4,1000.15,233.48,200.09,555.99,1,-1,-1,-1
259,2,1339.03,205.47,220.23,627.71,1,-1,-1,-1
259,1,235.66,127.19,312.26,812.56,1,-1,-1,-1
260,4,1011.37,236.02,209.13,553.84,1,-1,-1,-1
260,2,1346.51,200.78,231.87,633.85,1,-1,-1,-1
260,1,223.11,123.90,302.49,844.35,1,-1,-1,-1
261,4,1021.83,235.51,213.81,554.08,1,-1,-1,-1
261,2,1351.89,204.70,241.00,633.26,1,-1,-1,-1
261,1,207.36,118.00,304.65,869.16,1,-1,-1,-1
262,4,1030.54,232.10,214.16,556.73,1,-1,-1,-1
262,2,1362.86,200.12,235.83,648.53,1,-1,-1,-1
262,1,167.76,127.56,350.35,848.92,1,-1,-1,-1
263,5,0.00,330.23,182.25,463.57,1,-1,-1,-1
263,4,1046.06,226.08,206.81,559.14,1,-1,-1,-1
263,2,1368.69,198.93,247.80,650.65,1,-1,-1,-1
263,1,158.40,136.50,350.99,849.79,1,-1,-1,-1
264,5,-2.71,282.19,182.96,503.57,1,-1,-1,-1
264,4,1066.92,225.32,194.37,560.41,1,-1,-1,-1
264,2,1377.87,194.38,257.93,662.09,1,-1,-1,-1
264,1,136.13,126.35,362.72,886.04,1,-1,-1,-1
265,5,-5.10,263.90,201.68,537.27,1,-1,-1,-1
265,4,1090.97,220.65,176.94,568.06,1,-1,-1,-1
265,2,1383.88,196.54,270.59,663.13,1,-1,-1,-1
265,1,136.59,127.53,346.00,900.59,1,-1,-1,-1
266,5,-13.30,253.09,209.19,563.18,1,-1,-1,-1
266,4,1104.47,223.69,169.30,564.17,1,-1,-1,-1
266,2,1388.40,194.31,279.54,668.54,1,-1,-1,-1
266,1,119.00,145.00,394.00,889.00,1,-1,-1,-1
267,5,-21.94,244.23,211.63,568.19,1,-1,-1,-1
267,4,1130.89,223.85,149.65,570.35,1,-1,-1,-1
267,2,1393.45,191.00,285.61,676.49,1,-1,-1,-1
267,1,63.35,133.80,444.23,899.99,1,-1,-1,-1
268,5,-22.35,251.58,196.94,564.32,1,-1,-1,-1
268,4,1140.26,227.25,165.20,576.10,1,-1,-1,-1
268,2,1403.21,185.66,294.72,686.33,1,-1,-1,-1
268,1,58.34,134.59,447.83,907.08,1,-1,-1,-1
269,5,-19.40,241.85,216.10,525.62,1,-1,-1,-1
269,4,1141.10,220.41,189.02,578.03,1,-1,-1,-1
269,2,1402.00,178.00,309.00,727.00,1,-1,-1,-1
269,1,52.96,136.22,436.52,922.10,1,-1,-1,-1
270,5,-10.28,267.79,180.68,501.94,1,-1,-1,-1
270,4,1157.67,224.91,218.92,571.95,1,-1,-1,-1
270,2,1401.39,187.41,301.87,742.57,1,-1,-1,-1
270,1,56.69,142.07,412.94,937.80,1,-1,-1,-1
271,5,6.00,240.00,157.00,419.00,1,-1,-1,-1
271,4,1174.46,221.25,214.75,578.54,1,-1,-1,-1
271,2,1396.08,187.44,311.57,756.45,1,-1,-1,-1
271,1,37.01,133.87,434.91,946.76,1,-1,-1,-1
272,6,72.65,231.88,95.48,83.64,1,-1,-1,-1
272,5,-7.04,232.17,157.00,419.00,1,-1,-1,-1
272,4,1180.74,216.19,215.89,581.76,1,-1,-1,-1
272,2,1387.29,186.41,319.09,761.30,1,-1,-1,-1
272,1,33.74,127.46,446.92,954.21,1,-1,-1,-1
273,6,75.37,236.42,93.28,81.50,1,-1,-1,-1
273,5,-6.18,203.47,157.00,419.00,1,-1,-1,-1
273,4,1195.78,208.64,210.19,591.94,1,-1,-1,-1
273,2,1379.91,182.57,326.56,767.07,1,-1,-1,-1
273,1,39.37,112.14,453.51,967.06,1,-1,-1,-1
274,6,79.91,243.93,95.03,83.03,1,-1,-1,-1
274,4,1221.80,210.17,198.56,585.42,1,-1,-1,-1
274,2,1370.56,169.58,332.22,783.15,1,-1,-1,-1
274,1,34.19,100.31,467.68,978.20,1,-1,-1,-1
275,4,1247.22,204.32,183.26,593.73,1,-1,-1,-1
275,2,1362.09,163.78,339.23,789.42,1,-1,-1,-1
275,1,45.34,98.86,459.39,976.81,1,-1,-1,-1
276,4,1272.81,205.05,168.56,592.12,1,-1,-1,-1
276,2,1356.93,164.70,343.05,804.04,1,-1,-1,-1
276,1,69.96,116.05,444.81,972.90,1,-1,-1,-1
277,4,1288.63,206.86,160.11,589.32,1,-1,-1,-1
277,2,1348.20,161.58,350.01,817.14,1,-1,-1,-1
277,1,95.17,113.94,435.50,977.94,1,-1,-1,-1
278,5,114.00,236.00,148.00,534.00,1,-1,-1,-1
278,4,1297.49,216.86,161.41,580.21,1,-1,-1,-1
278,2,1341.45,167.67,357.24,838.22,1,-1,-1,-1
278,1,124.80,110.83,429.97,977.61,1,-1,-1,-1
279,5,143.04,222.42,145.16,521.13,1,-1,-1,-1
279,4,1296.88,210.87,162.94,588.04,1,-1,-1,-1
279,2,1335.52,167.05,358.81,850.21,1,-1,-1,-1
279,1,151.24,103.88,430.44,984.69,1,-1,-1,-1
280,5,169.91,221.44,144.43,521.13,1,-1,-1,-1
280,4,1291.23,200.83,154.85,596.24,1,-1,-1,-1
280,2,1323.89,169.71,373.75,857.04,1,-1,-1,-1
280,1,175.48,94.80,443.28,990.31,1,-1,-1,-1
281,5,190.50,194.97,144.43,521.13,1,-1,-1,-1
281,4,1325.63,206.33,189.46,596.24,1,-1,-1,-1
281,2,1319.70,156.62,380.06,871.15,1,-1,-1,-1
281,1,201.58,89.95,448.92,989.97,1,-1,-1,-1
282,5,210.04,216.85,159.57,547.69,1,-1,-1,-1
282,2,1321.01,147.88,375.39,882.03,1,-1,-1,-1
282,1,228.29,81.34,463.14,997.63,1,-1,-1,-1
283,5,228.73,222.42,176.28,554.08,1,-1,-1,-1
283,2,1308.67,146.64,372.99,883.78,1,-1,-1,-1
283,1,267.22,68.61,453.38,1018.08,1,-1,-1,-1
284,5,259.12,241.06,185.88,538.18,1,-1,-1,-1
284,2,1291.14,140.86,363.47,898.35,1,-1,-1,-1
284,1,298.39,69.36,460.00,1016.80,1,-1,-1,-1
285,5,287.66,243.22,196.35,527.58,1,-1,-1,-1
285,4,1428.00,248.00,203.00,507.00,1,-1,-1,-1
285,2,1265.19,157.91,354.82,878.14,1,-1,-1,-1
285,1,323.62,74.40,467.36,1018.85,1,-1,-1,-1
286,5,306.10,250.48,235.72,531.77,1,-1,-1,-1
286,4,1423.15,247.87,191.40,516.30,1,-1,-1,-1
286,2,1227.05,166.39,380.08,867.37,1,-1,-1,-1
286,1,342.37,86.04,485.01,1008.06,1,-1,-1,-1
287,5,256.00,297.00,279.00,536.00,1,-1,-1,-1
287,4,1420.10,229.10,206.99,539.66,1,-1,-1,-1
287,2,1202.25,166.82,393.51,872.17,1,-1,-1,-1
287,1,438.62,71.98,451.28,1019.85,1,-1,-1,-1
288,5,262.02,311.44,280.88,528.15,1,-1,-1,-1
288,4,1418.26,206.79,231.63,588.06,1,-1,-1,-1
288,2,1187.59,170.03,383.19,874.78,1,-1,-1,-1
288,1,496.99,41.61,439.03,1047.02,1,-1,-1,-1
289,5,272.02,325.02,273.68,518.19,1,-1,-1,-1
289,4,1444.41,194.11,240.83,631.98,1,-1,-1,-1
289,2,1171.77,157.63,378.12,891.84,1,-1,-1,-1
289,1,542.69,33.88,440.05,1046.10,1,-1,-1,-1
290,5,281.47,329.96,275.86,510.33,1,-1,-1,-1
290,4,1451.59,187.62,255.19,642.87,1,-1,-1,-1
290,2,1153.35,160.84,378.72,894.93,1,-1,-1,-1
290,1,588.66,94.89,437.92,981.11,1,-1,-1,-1
291,5,287.89,331.86,270.33,505.16,1,-1,-1,-1
291,4,1456.66,192.49,260.85,635.37,1,-1,-1,-1
291,2,1154.04,159.64,353.11,902.93,1,-1,-1,-1
291,1,626.45,83.23,413.26,970.96,1,-1,-1,-1
292,5,298.57,325.66,263.68,508.88,1,-1,-1,-1
292,4,1459.29,194.75,267.55,637.02,1,-1,-1,-1
292,2,1137.68,159.34,333.84,887.37,1,-1,-1,-1
292,1,666.52,64.81,404.12,1001.82,1,-1,-1,-1
293,5,305.65,313.59,260.70,525.67,1,-1,-1,-1
293,4,1464.08,191.50,264.39,645.64,1,-1,-1,-1
293,2,1119.06,156.54,321.28,880.27,1,-1,-1,-1
293,1,721.23,128.94,380.10,958.54,1,-1,-1,-1
294,5,313.46,295.42,259.41,547.53,1,-1,-1,-1
294,4,1473.48,188.99,261.65,654.38,1,-1,-1,-1
294,2,1082.86,154.06,328.49,882.07,1,-1,-1,-1
294,1,794.00,71.00,342.00,973.00,1,-1,-1,-1
295,5,336.16,260.59,254.22,578.67,1,-1,-1,-1
295,4,1483.12,185.67,253.43,662.49,1,-1,-1,-1
295,2,1066.75,231.40,305.91,810.91,1,-1,-1,-1
295,1,846.61,39.34,324.84,916.40,1,-1,-1,-1
296,5,337.21,245.12,263.06,602.12,1,-1,-1,-1
296,4,1488.67,180.04,248.41,675.50,1,-1,-1,-1
296,1,887.53,24.18,367.58,978.61,1,-1,-1,-1
297,5,333.78,237.54,274.85,622.70,1,-1,-1,-1
297,4,1499.82,163.31,238.32,709.68,1,-1,-1,-1
297,1,925.15,-3.68,367.05,1024.99,1,-1,-1,-1
298,5,332.17,221.83,282.32,644.60,1,-1,-1,-1
298,4,1503.34,158.33,241.04,730.35,1,-1,-1,-1
298,1,942.54,-18.22,407.13,1033.33,1,-1,-1,-1
299,5,324.39,212.65,295.07,661.84,1,-1,-1,-1
299,4,1505.35,159.44,244.84,742.60,1,-1,-1,-1
299,1,968.91,25.20,416.21,998.74,1,-1,-1,-1
300,5,315.97,218.38,303.53,672.43,1,-1,-1,-1
300,4,1503.89,158.65,251.73,756.73,1,-1,-1,-1
300,1,969.92,42.99,413.16,1038.05,1,-1,-1,-1
301,5,313.80,223.19,304.37,673.74,1,-1,-1,-1
301,4,1495.28,168.18,261.39,745.28,1,-1,-1,-1
301,3,1139.00,32.00,378.00,677.00,1,-1,-1,-1
301,1,952.77,122.60,284.64,944.57,1,-1,-1,-1
302,5,309.94,227.76,306.70,683.89,1,-1,-1,-1
302,4,1486.62,169.67,264.87,742.31,1,-1,-1,-1
302,3,1155.10,9.14,413.08,867.82,1,-1,-1,-1
302,1,916.06,149.48,308.65,905.42,1,-1,-1,-1
303,5,306.15,228.02,307.60,699.42,1,-1,-1,-1
303,4,1475.00,159.06,297.22,742.31,1,-1,-1,-1
303,3,1220.68,-4.62,503.31,930.01,1,-1,-1,-1
303,2,929.00,187.00,268.00,832.00,1,-1,-1,-1
304,5,300.47,232.14,312.88,708.89,1,-1,-1,-1
304,4,1459.66,134.13,262.68,735.63,1,-1,-1,-1
304,3,1238.27,22.90,494.33,997.99,1,-1,-1,-1
304,2,911.07,169.47,260.58,842.70,1,-1,-1,-1
305,5,288.46,224.23,316.22,724.22,1,-1,-1,-1
305,4,1542.00,202.00,252.00,734.00,1,-1,-1,-1
305,3,1255.25,17.85,559.44,1037.02,1,-1,-1,-1
305,2,900.92,181.70,255.25,845.69,1,-1,-1,-1
306,5,275.97,206.21,324.55,749.16,1,-1,-1,-1
306,4,1561.22,194.61,252.00,734.00,1,-1,-1,-1
306,3,1295.47,20.48,584.17,1046.02,1,-1,-1,-1
306,2,886.63,169.83,258.49,860.22,1,-1,-1,-1
307,5,263.18,194.82,329.85,759.38,1,-1,-1,-1
307,4,1579.17,208.37,247.45,720.73,1,-1,-1,-1
307,3,1328.59,31.10,581.43,1025.26,1,-1,-1,-1
307,2,876.24,160.24,262.19,856.83,1,-1,-1,-1
308,5,255.68,185.67,342.24,779.26,1,-1,-1,-1
308,3,1350.53,34.80,570.95,1045.59,1,-1,-1,-1
308,2,869.10,166.13,263.74,849.84,1,-1,-1,-1
309,5,246.10,184.08,342.74,795.91,1,-1,-1,-1
309,3,1384.10,34.40,555.96,1047.03,1,-1,-1,-1
309,2,864.56,169.66,265.35,841.99,1,-1,-1,-1
310,5,227.03,184.23,353.90,798.41,1,-1,-1,-1
310,3,1430.63,44.22,544.14,1024.05,1,-1,-1,-1
310,2,861.91,173.07,261.43,846.43,1,-1,-1,-1
311,5,221.59,184.40,353.26,801.43,1,-1,-1,-1
311,3,1453.94,53.53,529.04,1016.17,1,-1,-1,-1
311,2,854.84,178.77,268.72,844.25,1,-1,-1,-1
312,5,206.07,191.91,367.04,806.89,1,-1,-1,-1
312,3,1480.46,47.39,510.20,1014.67,1,-1,-1,-1
312,2,844.05,186.00,274.21,833.15,1,-1,-1,-1
313,5,185.61,206.37,393.01,797.92,1,-1,-1,-1
313,3,1515.15,28.22,482.93,1028.87,1,-1,-1,-1
313,2,833.03,183.47,281.09,824.54,1,-1,-1,-1
314,8,1689.06,11.44,198.11,194.32,1,-1,-1,-1
314,7,1507.05,147.06,188.70,506.11,1,-1,-1,-1
314,5,172.19,225.43,399.22,789.56,1,-1,-1,-1
314,3,1503.85,53.44,500.29,1008.28,1,-1,-1,-1
314,2,826.81,191.62,285.82,809.19,1,-1,-1,-1
315,8,1700.96,19.26,198.00,194.00,1,-1,-1,-1
315,7,1517.52,157.52,188.00,506.00,1,-1,-1,-1
315,5,162.55,248.83,402.98,783.75,1,-1,-1,-1
315,3,1497.61,45.50,488.26,1008.36,1,-1,-1,-1
315,2,822.42,192.88,286.20,793.72,1,-1,-1,-1
316,8,1727.51,27.28,198.00,194.00,1,-1,-1,-1
316,7,1540.66,162.16,173.77,498.52,1,-1,-1,-1
316,5,162.14,270.88,412.05,776.90,1,-1,-1,-1
316,3,1481.03,44.49,482.51,1013.10,1,-1,-1,-1
316,2,821.18,193.28,285.55,774.95,1,-1,-1,-1
317,7,1530.67,164.93,212.83,692.90,1,-1,-1,-1
317,5,168.47,282.89,408.52,782.43,1,-1,-1,-1
317,3,1514.58,61.63,465.21,1005.53,1,-1,-1,-1
317,2,818.84,198.82,284.80,762.01,1,-1,-1,-1
318,5,178.58,272.96,408.99,784.74,1,-1,-1,-1
318,3,1580.12,52.54,409.52,1024.42,1,-1,-1,-1
318,2,818.39,205.88,281.78,748.44,1,-1,-1,-1
318,1,1511.00,124.00,229.00,891.00,1,-1,-1,-1
319,5,194.06,255.72,398.45,802.32,1,-1,-1,-1
319,3,1522.01,76.66,399.70,1010.82,1,-1,-1,-1
319,2,821.98,204.00,271.81,750.36,1,-1,-1,-1
319,1,1498.11,136.88,242.73,879.52,1,-1,-1,-1
320,5,210.63,239.89,390.46,831.05,1,-1,-1,-1
320,3,1681.00,32.00,235.00,1046.00,1,-1,-1,-1
320,2,826.58,203.84,267.34,740.34,1,-1,-1,-1
320,1,1473.37,144.30,261.81,866.41,1,-1,-1,-1
321,5,225.42,222.32,377.90,848.57,1,-1,-1,-1
321,3,1679.28,83.79,234.09,990.03,1,-1,-1,-1
321,2,842.55,213.69,253.25,721.06,1,-1,-1,-1
321,1,1451.49,146.61,259.20,864.09,1,-1,-1,-1
322,5,231.95,198.05,379.03,863.00,1,-1,-1,-1
322,3,1681.54,81.20,232.35,988.29,1,-1,-1,-1
322,2,852.04,222.55,246.63,705.90,1,-1,-1,-1
322,1,1449.87,147.58,236.17,871.96,1,-1,-1,-1
323,5,235.29,185.51,379.93,878.48,1,-1,-1,-1
323,3,1700.99,68.70,221.05,968.97,1,-1,-1,-1
323,2,863.70,223.75,244.24,674.92,1,-1,-1,-1
323,1,1409.13,155.22,265.59,864.91,1,-1,-1,-1
324,5,245.21,168.37,378.96,882.55,1,-1,-1,-1
324,3,1721.33,93.46,198.28,787.94,1,-1,-1,-1
324,2,877.66,211.00,246.39,690.52,1,-1,-1,-1
324,1,1378.82,142.78,273.76,873.02,1,-1,-1,-1
325,5,244.63,161.40,393.30,900.52,1,-1,-1,-1
325,3,1717.68,118.64,195.73,759.57,1,-1,-1,-1
325,2,904.32,205.22,251.71,695.31,1,-1,-1,-1
325,1,1353.98,156.20,278.00,867.56,1,-1,-1,-1
326,5,250.86,164.19,403.19,894.82,1,-1,-1,-1
326,3,1703.79,136.13,202.65,735.03,1,-1,-1,-1
326,2,913.48,205.03,260.24,697.12,1,-1,-1,-1
326,1,1342.63,146.71,281.19,875.23,1,-1,-1,-1
327,5,241.37,177.19,441.35,887.63,1,-1,-1,-1
327,3,1714.58,117.98,193.62,720.54,1,-1,-1,-1
327,2,927.04,217.48,264.73,681.00,1,-1,-1,-1
327,1,1315.77,153.90,289.97,878.17,1,-1,-1,-1
328,5,247.88,183.11,449.01,880.40,1,-1,-1,-1
328,3,1731.01,101.11,180.87,686.80,1,-1,-1,-1
328,2,933.59,217.27,263.18,677.68,1,-1,-1,-1
328,1,1302.27,155.14,292.26,879.88,1,-1,-1,-1
329,5,257.68,190.89,452.67,882.13,1,-1,-1,-1
329,3,1746.38,110.66,171.96,630.09,1,-1,-1,-1
329,2,947.73,222.06,258.23,668.94,1,-1,-1,-1
329,1,1284.18,166.23,298.20,866.85,1,-1,-1,-1
330,5,274.17,192.58,454.08,890.14,1,-1,-1,-1
330,3,1744.83,96.00,166.91,695.50,1,-1,-1,-1
330,2,959.08,223.80,243.98,663.33,1,-1,-1,-1
330,1,1266.50,171.28,300.19,864.78,1,-1,-1,-1
331,5,286.27,198.48,452.32,883.11,1,-1,-1,-1
331,3,1731.34,89.59,183.34,698.36,1,-1,-1,-1
331,2,976.90,224.68,237.36,662.34,1,-1,-1,-1
331,1,1259.05,172.32,266.90,867.97,1,-1,-1,-1
332,5,319.77,184.17,436.31,898.47,1,-1,-1,-1
332,3,1713.06,96.08,201.48,761.24,1,-1,-1,-1
332,2,987.26,220.98,243.76,661.28,1,-1,-1,-1
332,1,1235.68,162.97,253.77,874.93,1,-1,-1,-1
333,5,352.39,168.99,426.10,912.32,1,-1,-1,-1
333,3,1714.29,95.62,197.84,790.40,1,-1,-1,-1
333,2,987.06,221.44,255.56,657.61,1,-1,-1,-1
333,1,1210.63,174.89,249.36,870.50,1,-1,-1,-1
334,5,376.05,170.65,418.62,908.53,1,-1,-1,-1
334,3,1716.84,94.02,199.96,816.09,1,-1,-1,-1
334,2,991.77,216.92,240.07,658.89,1,-1,-1,-1
334,1,1183.52,169.28,241.11,886.35,1,-1,-1,-1
335,5,398.15,176.84,427.04,901.06,1,-1,-1,-1
335,3,1735.16,99.52,188.40,795.03,1,-1,-1,-1
335,2,996.64,221.31,237.81,653.92,1,-1,-1,-1
335,1,1132.67,179.15,267.79,886.95,1,-1,-1,-1
336,5,414.46,180.81,423.13,914.71,1,-1,-1,-1
336,3,1714.66,83.89,209.67,832.13,1,-1,-1,-1
336,2,1005.98,223.29,220.26,641.58,1,-1,-1,-1
336,1,1097.48,168.61,287.88,888.18,1,-1,-1,-1
337,5,419.44,151.33,412.56,926.05,1,-1,-1,-1
337,3,1716.75,77.44,203.35,873.31,1,-1,-1,-1
337,2,1025.96,186.59,290.09,770.10,1,-1,-1,-1
337,1,1115.97,160.08,239.35,791.00,1,-1,-1,-1
338,5,446.98,155.31,415.36,923.08,1,-1,-1,-1
338,3,1693.12,102.01,224.58,865.16,1,-1,-1,-1
338,2,1049.00,205.86,309.24,834.23,1,-1,-1,-1
338,1,1092.15,177.75,225.28,689.12,1,-1,-1,-1
339,5,464.94,157.24,437.35,918.21,1,-1,-1,-1
339,3,1666.34,118.21,242.03,859.10,1,-1,-1,-1
339,2,1001.00,288.00,136.00,498.00,1,-1,-1,-1
339,1,1057.41,192.20,271.16,807.05,1,-1,-1,-1
340,9,1594.59,529.78,265.16,432.74,1,-1,-1,-1
340,5,483.38,165.51,455.66,919.60,1,-1,-1,-1
340,3,1649.65,139.02,249.06,842.95,1,-1,-1,-1
340,2,990.74,288.93,136.00,498.00,1,-1,-1,-1
340,1,1039.24,193.56,270.65,844.26,1,-1,-1,-1
341,9,1581.06,522.57,265.00,432.00,1,-1,-1,-1
341,5,520.72,165.48,447.48,929.46,1,-1,-1,-1
341,3,1639.17,136.05,240.41,850.06,1,-1,-1,-1
341,2,978.82,281.36,138.55,507.34,1,-1,-1,-1
341,1,1016.00,186.28,263.21,862.93,1,-1,-1,-1
342,10,1789.94,433.23,128.00,539.57,1,-1,-1,-1
342,9,1577.81,523.66,265.00,432.00,1,-1,-1,-1
342,5,547.41,180.85,461.37,918.63,1,-1,-1,-1
342,3,1624.26,139.12,225.74,847.49,1,-1,-1,-1
342,1,1001.22,184.33,250.48,874.30,1,-1,-1,-1
343,10,1787.03,429.10,127.00,539.00,1,-1,-1,-1
343,5,576.17,189.62,459.43,907.40,1,-1,-1,-1
343,3,1613.12,134.13,212.60,849.57,1,-1,-1,-1
343,1,968.57,148.46,265.16,881.10,1,-1,-1,-1
344,11,937.23,165.70,201.24,530.85,1,-1,-1,-1
344,10,1791.87,420.39,127.00,539.00,1,-1,-1,-1
344,5,661.14,155.21,434.42,913.05,1,-1,-1,-1
344,3,1558.63,128.19,214.70,835.10,1,-1,-1,-1
344,2,1547.00,121.00,182.00,358.00,1,-1,-1,-1
344,1,922.50,172.71,247.42,885.13,1,-1,-1,-1
345,11,960.36,197.95,193.80,602.52,1,-1,-1,-1
345,5,652.00,4.00,524.00,1054.00,1,-1,-1,-1
345,4,1055.00,283.00,136.00,500.00,1,-1,-1,-1
345,3,1522.56,127.06,214.60,829.54,1,-1,-1,-1
345,2,1529.52,128.49,182.00,358.00,1,-1,-1,-1
346,11,943.93,138.14,224.37,591.63,1,-1,-1,-1
346,5,704.13,25.14,495.54,1044.88,1,-1,-1,-1
346,4,1029.26,256.83,151.09,552.81,1,-1,-1,-1
346,3,1488.29,130.40,220.65,819.43,1,-1,-1,-1
346,2,1500.38,132.66,182.00,358.00,1,-1,-1,-1
347,11,931.00,100.00,255.00,763.00,1,-1,-1,-1
347,5,710.61,42.62,485.59,1023.99,1,-1,-1,-1
347,4,1041.46,250.57,138.54,556.90,1,-1,-1,-1
347,3,1437.01,146.46,259.51,800.64,1,-1,-1,-1
348,11,938.62,110.66,255.00,763.00,1,-1,-1,-1
348,5,681.78,43.60,515.83,1035.70,1,-1,-1,-1
348,4,1049.08,244.84,148.74,546.84,1,-1,-1,-1
348,3,1424.58,142.18,253.95,800.19,1,-1,-1,-1
349,12,2.66,387.65,115.66,427.65,1,-1,-1,-1
349,11,955.37,109.14,255.00,763.00,1,-1,-1,-1
349,5,667.98,55.28,532.78,1030.64,1,-1,-1,-1
349,4,1076.69,278.60,148.74,546.84,1,-1,-1,-1
349,3,1405.96,146.50,244.02,800.63,1,-1,-1,-1
350,12,1.98,322.69,120.30,511.00,1,-1,-1,-1
350,5,674.71,50.56,532.22,1044.09,1,-1,-1,-1
350,3,1396.38,137.42,236.47,806.08,1,-1,-1,-1
351,12,3.75,297.48,135.75,551.84,1,-1,-1,-1
351,5,687.09,41.56,540.84,1044.59,1,-1,-1,-1
351,3,1383.10,138.48,212.24,791.10,1,-1,-1,-1
351,2,766.00,154.00,170.00,275.00,1,-1,-1,-1
352,12,6.01,281.98,164.91,586.04,1,-1,-1,-1
352,5,692.39,36.69,556.65,1060.44,1,-1,-1,-1
352,3,1372.98,139.45,182.21,786.64,1,-1,-1,-1
352,2,741.74,147.76,170.00,275.00,1,-1,-1,-1
352,1,688.00,120.00,327.00,920.00,1,-1,-1,-1
353,12,9.32,274.54,189.96,606.74,1,-1,-1,-1
353,5,742.82,40.60,558.64,1052.21,1,-1,-1,-1
353,3,1339.54,127.73,192.16,784.95,1,-1,-1,-1
353,2,720.25,145.68,170.00,275.00,1,-1,-1,-1
353,1,669.11,139.06,308.11,929.38,1,-1,-1,-1
354,12,11.23,268.48,197.27,621.01,1,-1,-1,-1
354,5,751.14,53.97,598.75,1040.08,1,-1,-1,-1
354,3,1304.36,139.56,199.57,795.39,1,-1,-1,-1
354,2,688.00,151.00,181.00,231.00,1,-1,-1,-1
354,1,652.51,147.39,343.28,910.42,1,-1,-1,-1
355,12,12.04,276.24,204.33,605.05,1,-1,-1,-1
355,5,764.09,51.99,589.93,1040.57,1,-1,-1,-1
355,4,943.00,253.00,115.00,509.00,1,-1,-1,-1
355,3,1285.35,154.04,205.66,784.77,1,-1,-1,-1
355,2,660.18,147.77,181.00,231.00,1,-1,-1,-1
355,1,609.39,146.87,377.95,910.68,1,-1,-1,-1
356,12,18.01,264.76,195.06,621.83,1,-1,-1,-1
356,5,812.81,42.26,619.94,1025.08,1,-1,-1,-1
356,4,928.16,250.38,137.35,525.28,1,-1,-1,-1
356,3,1269.00,137.00,224.00,780.00,1,-1,-1,-1
356,2,633.66,151.00,181.00,231.00,1,-1,-1,-1
356,1,587.19,162.08,370.22,901.65,1,-1,-1,-1
357,12,17.56,259.60,204.41,622.17,1,-1,-1,-1
357,4,908.22,247.76,150.21,535.86,1,-1,-1,-1
357,3,1055.05,83.30,415.27,914.00,1,-1,-1,-1
357,1,551.75,168.57,362.19,898.75,1,-1,-1,-1
358,12,24.24,253.73,205.25,623.67,1,-1,-1,-1
358,4,920.65,221.53,143.86,528.40,1,-1,-1,-1
358,3,1020.67,94.61,381.97,968.10,1,-1,-1,-1
358,1,521.55,175.21,371.14,889.26,1,-1,-1,-1
359,12,27.93,251.38,207.60,624.25,1,-1,-1,-1
359,4,884.00,239.00,200.00,555.00,1,-1,-1,-1
359,3,1011.00,11.00,438.00,1055.00,1,-1,-1,-1
359,1,514.93,164.49,331.99,900.65,1,-1,-1,-1
360,12,28.87,248.87,219.60,625.63,1,-1,-1,-1
360,4,867.28,237.48,207.67,557.60,1,-1,-1,-1
360,3,1063.02,29.28,418.40,1045.38,1,-1,-1,-1
360,1,486.90,156.43,333.27,911.21,1,-1,-1,-1
361,12,41.69,257.25,242.86,619.59,1,-1,-1,-1
361,4,833.18,243.75,230.20,552.48,1,-1,-1,-1
361,3,1084.00,34.39,419.64,1046.24,1,-1,-1,-1
361,1,462.33,147.58,319.84,916.00,1,-1,-1,-1
362,12,68.13,258.53,241.09,619.28,1,-1,-1,-1
362,5,1048.00,146.00,200.00,755.00,1,-1,-1,-1
362,4,818.17,241.58,240.87,559.26,1,-1,-1,-1
362,3,1079.94,16.69,436.56,1052.61,1,-1,-1,-1
362,1,435.93,148.27,314.97,916.12,1,-1,-1,-1
363,12,87.44,260.14,234.51,617.74,1,-1,-1,-1
363,5,1011.94,197.07,250.47,708.41,1,-1,-1,-1
363,4,815.26,254.80,227.63,556.44,1,-1,-1,-1
363,3,1073.77,10.99,457.47,1047.48,1,-1,-1,-1
363,1,412.24,143.38,317.86,910.63,1,-1,-1,-1
364,12,94.72,257.36,231.56,624.11,1,-1,-1,-1
364,5,1004.27,165.13,241.05,737.27,1,-1,-1,-1
364,4,811.89,248.94,218.42,567.88,1,-1,-1,-1
364,3,1097.22,20.49,460.05,1051.22,1,-1,-1,-1
364,1,390.10,150.10,320.88,919.12,1,-1,-1,-1
365,12,104.10,252.55,229.31,628.22,1,-1,-1,-1
365,5,977.12,169.46,260.80,749.78,1,-1,-1,-1
365,4,803.84,241.69,213.24,579.79,1,-1,-1,-1
365,3,1083.47,4.23,487.98,1054.29,1,-1,-1,-1
365,1,342.64,150.79,365.60,921.39,1,-1,-1,-1
366,12,121.08,249.63,220.90,627.41,1,-1,-1,-1
366,5,971.02,169.74,233.05,727.46,1,-1,-1,-1
366,4,791.72,232.69,212.19,594.90,1,-1,-1,-1
366,3,1076.13,4.78,512.86,1052.36,1,-1,-1,-1
366,1,325.38,149.64,365.51,923.52,1,-1,-1,-1
367,12,138.58,249.12,216.36,636.47,1,-1,-1,-1
367,5,960.47,156.53,198.50,733.44,1,-1,-1,-1
367,4,781.66,226.79,209.10,604.41,1,-1,-1,-1
367,3,1129.33,5.09,473.99,1051.44,1,-1,-1,-1
367,1,284.31,151.55,389.98,922.10,1,-1,-1,-1
368,12,146.19,260.37,208.10,631.35,1,-1,-1,-1
368,5,927.04,160.11,219.86,740.04,1,-1,-1,-1
368,4,767.74,222.46,213.34,610.98,1,-1,-1,-1
368,3,1134.43,37.74,465.72,1028.39,1,-1,-1,-1
368,1,265.16,148.24,388.56,923.59,1,-1,-1,-1
369,12,155.74,247.07,216.65,652.63,1,-1,-1,-1
369,5,903.19,160.78,217.59,758.64,1,-1,-1,-1
369,4,753.99,223.44,215.28,619.80,1,-1,-1,-1
369,3,1139.61,42.48,467.88,1032.24,1,-1,-1,-1
369,1,207.70,155.54,408.68,912.89,1,-1,-1,-1
370,12,181.71,293.43,172.50,640.50,1,-1,-1,-1
370,5,886.82,153.93,218.04,759.45,1,-1,-1,-1
370,4,748.02,208.39,223.06,629.74,1,-1,-1,-1
370,3,1158.88,30.07,458.15,1042.53,1,-1,-1,-1
370,1,186.56,170.24,380.81,898.62,1,-1,-1,-1
371,13,909.45,174.95,205.94,589.02,1,-1,-1,-1
371,12,150.39,239.26,286.50,770.87,1,-1,-1,-1
371,5,818.48,172.03,276.60,771.68,1,-1,-1,-1
371,4,749.25,217.01,227.87,613.11,1,-1,-1,-1
371,3,1190.70,30.51,429.04,1044.26,1,-1,-1,-1
372,13,887.74,178.96,205.00,589.00,1,-1,-1,-1
372,5,801.99,165.31,278.40,791.98,1,-1,-1,-1
372,4,759.06,230.97,220.94,613.11,1,-1,-1,-1
372,3,1218.25,19.18,411.30,1035.77,1,-1,-1,-1
372,1,119.00,155.00,353.00,890.00,1,-1,-1,-1
373,13,862.71,187.30,205.00,589.00,1,-1,-1,-1
373,5,788.16,178.38,274.63,789.42,1,-1,-1,-1
373,4,753.15,254.71,187.01,575.83,1,-1,-1,-1
373,3,1217.99,5.87,414.05,1067.60,1,-1,-1,-1
373,1,118.23,169.18,363.31,905.57,1,-1,-1,-1
374,5,784.82,164.30,249.17,796.19,1,-1,-1,-1
374,3,1223.14,7.62,408.54,1062.42,1,-1,-1,-1
374,1,80.55,159.90,379.72,916.51,1,-1,-1,-1
375,13,773.00,163.00,245.00,783.00,1,-1,-1,-1
375,3,1231.61,20.35,392.23,1036.21,1,-1,-1,-1
375,1,49.96,161.50,408.94,916.85,1,-1,-1,-1
376,13,745.20,159.64,266.86,786.29,1,-1,-1,-1
376,3,1236.20,24.24,384.30,1024.91,1,-1,-1,-1
376,1,36.09,161.28,411.76,920.93,1,-1,-1,-1
377,13,722.54,157.01,265.93,789.51,1,-1,-1,-1
377,12,238.00,217.00,204.00,629.00,1,-1,-1,-1
377,5,844.00,205.00,181.00,656.00,1,-1,-1,-1
377,3,1240.18,18.00,395.69,1029.67,1,-1,-1,-1
377,1,21.71,178.80,395.91,899.72,1,-1,-1,-1
378,13,691.11,151.92,278.26,792.61,1,-1,-1,-1
378,12,238.50,217.71,216.25,645.90,1,-1,-1,-1
378,5,832.22,201.63,189.83,658.04,1,-1,-1,-1
378,3,1246.40,33.58,400.28,1023.41,1,-1,-1,-1
378,1,5.83,168.82,393.64,906.43,1,-1,-1,-1
379,13,648.53,149.35,271.78,797.32,1,-1,-1,-1
379,12,233.04,214.38,234.76,660.86,1,-1,-1,-1
379,5,831.88,209.71,194.98,657.39,1,-1,-1,-1
379,3,1250.30,37.36,410.40,1025.75,1,-1,-1,-1
379,1,2.91,168.28,367.08,900.53,1,-1,-1,-1
380,13,604.54,164.32,301.10,792.03,1,-1,-1,-1
380,12,219.58,197.46,267.18,684.24,1,-1,-1,-1
380,5,831.66,213.42,213.47,662.16,1,-1,-1,-1
380,3,1256.09,48.95,417.91,1019.33,1,-1,-1,-1
380,1,-8.90,166.82,347.28,902.62,1,-1,-1,-1
381,13,592.25,187.41,296.05,773.73,1,-1,-1,-1
381,12,229.16,196.84,281.45,687.39,1,-1,-1,-1
381,5,832.28,210.33,223.74,667.71,1,-1,-1,-1
381,3,1258.64,59.64,424.46,1010.38,1,-1,-1,-1
381,1,-25.27,163.79,337.28,904.85,1,-1,-1,-1
382,13,582.60,172.02,254.96,789.81,1,-1,-1,-1
382,12,230.62,193.49,278.16,685.39,1,-1,-1,-1
382,5,846.17,209.96,219.13,672.61,1,-1,-1,-1
382,3,1267.77,76.13,408.61,989.96,1,-1,-1,-1
382,1,-35.48,169.90,337.78,899.99,1,-1,-1,-1
383,13,544.54,156.89,242.56,803.67,1,-1,-1,-1
383,12,224.50,194.83,286.56,690.43,1,-1,-1,-1
383,5,852.08,215.13,220.09,671.56,1,-1,-1,-1
383,3,1267.74,76.54,400.45,983.20,1,-1,-1,-1
383,1,-38.42,178.94,336.85,892.75,1,-1,-1,-1
384,13,496.95,160.50,241.92,807.39,1,-1,-1,-1
384,12,231.84,193.02,288.84,696.76,1,-1,-1,-1
384,5,859.88,216.83,222.13,658.30,1,-1,-1,-1
384,3,1275.30,73.75,390.26,981.09,1,-1,-1,-1
384,1,-39.31,173.92,333.74,898.03,1,-1,-1,-1
385,13,470.46,154.24,257.40,798.63,1,-1,-1,-1
385,12,242.55,178.24,274.55,724.02,1,-1,-1,-1
385,5,870.34,224.64,222.98,634.81,1,-1,-1,-1
385,3,1285.05,67.83,369.35,969.27,1,-1,-1,-1
385,1,-39.21,175.32,335.61,896.38,1,-1,-1,-1
386,13,444.96,162.49,268.88,807.19,1,-1,-1,-1
386,12,240.22,177.75,269.11,731.12,1,-1,-1,-1
386,5,876.99,229.27,223.11,636.30,1,-1,-1,-1
386,3,1286.26,67.51,370.65,947.04,1,-1,-1,-1
386,1,-37.82,185.12,330.52,884.60,1,-1,-1,-1
387,13,382.84,157.70,317.98,820.92,1,-1,-1,-1
387,12,251.21,177.70,246.52,748.51,1,-1,-1,-1
387,5,884.30,223.36,222.75,654.88,1,-1,-1,-1
387,3,1298.54,60.11,360.72,921.52,1,-1,-1,-1
387,1,-31.84,191.41,322.73,875.07,1,-1,-1,-1
388,13,362.13,170.92,324.98,831.20,1,-1,-1,-1
388,12,261.46,177.29,228.10,745.66,1,-1,-1,-1
388,5,885.72,218.56,232.33,689.23,1,-1,-1,-1
388,3,1309.54,62.42,340.34,888.72,1,-1,-1,-1
388,1,-33.39,183.93,320.57,872.26,1,-1,-1,-1
389,13,348.21,172.36,318.46,827.64,1,-1,-1,-1
389,12,232.82,189.80,246.37,759.65,1,-1,-1,-1
389,5,890.75,209.13,238.87,705.44,1,-1,-1,-1
389,3,1314.37,70.76,321.62,866.76,1,-1,-1,-1
389,1,-36.53,184.50,320.80,837.13,1,-1,-1,-1
390,13,333.79,163.98,300.34,826.93,1,-1,-1,-1
390,5,893.97,203.07,251.22,716.26,1,-1,-1,-1
390,3,1319.12,77.86,314.94,831.83,1,-1,-1,-1
390,1,-13.19,188.06,314.25,819.26,1,-1,-1,-1
391,13,317.76,172.27,298.62,816.65,1,-1,-1,-1
391,5,903.92,202.09,253.81,730.56,1,-1,-1,-1
391,3,1322.50,87.07,305.53,817.12,1,-1,-1,-1
391,1,-18.70,192.27,312.92,810.12,1,-1,-1,-1
392,13,308.35,166.59,295.97,813.19,1,-1,-1,-1
392,12,459.00,326.00,186.00,555.00,1,-1,-1,-1
392,5,914.98,197.37,259.27,745.67,1,-1,-1,-1
392,3,1322.10,100.00,299.66,812.32,1,-1,-1,-1
392,1,-5.74,195.34,312.64,798.97,1,-1,-1,-1
393,13,284.16,168.37,305.34,793.51,1,-1,-1,-1
393,12,459.21,256.77,201.94,630.79,1,-1,-1,-1
393,5,919.77,203.00,277.40,741.30,1,-1,-1,-1
393,3,1319.48,116.80,295.32,802.05,1,-1,-1,-1
393,1,-8.04,197.92,310.94,784.15,1,-1,-1,-1
394,13,265.99,157.51,286.67,812.72,1,-1,-1,-1
394,12,464.32,244.39,219.92,665.51,1,-1,-1,-1
394,5,932.81,201.32,276.63,748.80,1,-1,-1,-1
394,3,1322.36,125.74,284.50,796.06,1,-1,-1,-1
394,1,-2.70,198.84,301.19,786.09,1,-1,-1,-1
395,13,256.22,154.45,280.50,817.33,1,-1,-1,-1
395,12,454.70,229.23,247.81,693.75,1,-1,-1,-1
395,5,944.31,209.43,277.74,749.43,1,-1,-1,-1
395,3,1316.01,126.51,276.81,785.66,1,-1,-1,-1
395,1,2.18,199.14,297.55,787.78,1,-1,-1,-1
396,13,253.13,160.24,268.67,802.70,1,-1,-1,-1
396,12,457.06,219.52,257.37,711.01,1,-1,-1,-1
396,5,958.72,199.61,265.24,777.21,1,-1,-1,-1
396,3,1311.31,121.35,271.51,787.89,1,-1,-1,-1
396,1,11.15,202.40,294.69,783.65,1,-1,-1,-1
397,13,253.08,164.94,255.81,784.06,1,-1,-1,-1
397,12,465.92,218.30,263.20,718.41,1,-1,-1,-1
397,5,974.21,197.02,257.30,781.33,1,-1,-1,-1
397,3,1298.89,118.93,277.93,777.57,1,-1,-1,-1
397,1,23.15,206.17,293.46,773.53,1,-1,-1,-1
398,13,249.76,169.79,258.07,775.65,1,-1,-1,-1
398,12,469.37,214.37,267.73,722.71,1,-1,-1,-1
398,5,989.69,190.62,257.98,789.52,1,-1,-1,-1
398,3,1284.90,117.17,278.63,769.53,1,-1,-1,-1
398,1,39.71,206.18,296.84,763.71,1,-1,-1,-1
399,13,261.00,182.00,242.00,738.00,1,-1,-1,-1
399,12,475.40,207.24,263.30,729.27,1,-1,-1,-1
399,5,1003.49,177.40,251.55,808.57,1,-1,-1,-1
399,3,1273.90,121.76,275.37,748.15,1,-1,-1,-1
399,1,45.84,205.90,287.31,735.12,1,-1,-1,-1
400,13,268.57,181.17,234.80,740.88,1,-1,-1,-1
400,12,483.04,204.94,267.39,739.83,1,-1,-1,-1
400,5,1009.66,182.81,252.99,801.24,1,-1,-1,-1
400,3,1263.27,128.20,272.23,726.18,1,-1,-1,-1
400,1,61.11,213.35,279.41,717.47,1,-1,-1,-1
401,13,274.44,184.36,236.68,740.13,1,-1,-1,-1
401,12,488.92,199.82,273.67,749.16,1,-1,-1,-1
401,5,1021.88,175.55,251.51,814.34,1,-1,-1,-1
401,3,1250.01,129.70,257.56,715.75,1,-1,-1,-1
401,1,69.31,210.57,279.91,713.25,1,-1,-1,-1
402,13,286.12,185.34,228.77,730.02,1,-1,-1,-1
402,12,500.25,199.38,273.16,754.71,1,-1,-1,-1
402,5,1029.31,178.39,253.61,825.04,1,-1,-1,-1
402,3,1233.08,129.62,256.23,707.39,1,-1,-1,-1
402,1,70.84,210.01,277.36,708.54,1,-1,-1,-1
403,13,304.36,186.01,219.04,726.60,1,-1,-1,-1
403,12,503.60,196.48,281.79,762.19,1,-1,-1,-1
403,5,1039.73,183.54,242.06,838.50,1,-1,-1,-1
403,3,1237.81,128.88,242.11,701.43,1,-1,-1,-1
403,1,76.15,215.04,273.53,701.51,1,-1,-1,-1
404,13,314.80,192.34,225.41,718.33,1,-1,-1,-1
404,12,505.28,195.75,295.38,768.90,1,-1,-1,-1
404,5,1044.93,181.86,240.74,857.35,1,-1,-1,-1
404,3,1232.22,135.03,249.40,690.29,1,-1,-1,-1
404,1,75.05,212.65,280.61,702.13,1,-1,-1,-1
405,13,326.58,200.10,224.67,696.69,1,-1,-1,-1
405,12,518.09,200.35,299.05,779.46,1,-1,-1,-1
405,4,1035.00,182.00,248.00,852.00,1,-1,-1,-1
405,3,1219.74,150.66,266.71,680.34,1,-1,-1,-1
405,1,81.44,214.41,275.64,700.88,1,-1,-1,-1
406,13,340.32,208.13,220.69,679.39,1,-1,-1,-1
406,12,529.18,199.92,291.42,788.35,1,-1,-1,-1
406,4,1037.33,183.88,243.79,853.59,1,-1,-1,-1
406,3,1213.19,163.79,275.01,673.69,1,-1,-1,-1
406,1,92.47,220.44,271.49,689.60,1,-1,-1,-1
407,13,355.87,213.29,210.88,673.52,1,-1,-1,-1
407,12,540.44,200.17,287.85,789.82,1,-1,-1,-1
407,4,1038.87,186.67,241.72,850.92,1,-1,-1,-1
407,3,1206.59,169.34,287.65,674.47,1,-1,-1,-1
407,1,98.69,219.75,266.67,689.72,1,-1,-1,-1
408,13,372.94,216.68,202.03,649.28,1,-1,-1,-1
408,12,539.41,185.07,293.10,803.47,1,-1,-1,-1
408,4,1040.29,180.38,246.08,860.63,1,-1,-1,-1
408,3,1196.57,185.52,299.99,669.73,1,-1,-1,-1
408,1,107.14,225.24,267.24,680.40,1,-1,-1,-1
409,13,385.43,223.69,198.97,654.72,1,-1,-1,-1
409,12,537.14,177.37,306.02,802.14,1,-1,-1,-1
409,4,1041.10,169.66,242.31,862.21,1,-1,-1,-1
409,3,1185.55,179.61,284.74,665.14,1,-1,-1,-1
409,1,119.54,222.42,261.53,670.79,1,-1,-1,-1
410,13,395.93,200.88,197.27,651.16,1,-1,-1,-1
410,12,543.02,180.60,296.69,808.50,1,-1,-1,-1
410,4,1044.23,179.42,243.86,860.36,1,-1,-1,-1
410,3,1186.04,177.21,269.84,665.23,1,-1,-1,-1
410,1,123.04,220.34,263.99,669.54,1,-1,-1,-1
411,13,403.50,200.47,197.42,657.73,1,-1,-1,-1
411,12,539.54,177.67,310.86,811.20,1,-1,-1,-1
411,4,1052.21,157.28,241.05,887.33,1,-1,-1,-1
411,3,1182.15,168.10,262.36,664.16,1,-1,-1,-1
411,1,129.57,227.12,269.33,652.93,1,-1,-1,-1
412,13,419.79,206.44,189.52,636.22,1,-1,-1,-1
412,12,559.28,175.87,291.47,821.61,1,-1,-1,-1
412,4,1050.08,163.13,243.47,894.05,1,-1,-1,-1
412,3,1167.42,157.01,270.08,669.74,1,-1,-1,-1
412,1,143.29,227.78,254.76,642.50,1,-1,-1,-1
413,13,433.83,205.84,192.09,639.36,1,-1,-1,-1
413,12,565.59,179.75,293.41,837.82,1,-1,-1,-1
413,4,1048.36,181.50,255.15,872.27,1,-1,-1,-1
413,3,1150.51,156.05,264.17,665.52,1,-1,-1,-1
413,1,147.23,224.00,254.12,633.01,1,-1,-1,-1
414,13,456.24,198.42,188.84,637.90,1,-1,-1,-1
414,12,539.16,179.81,317.09,847.58,1,-1,-1,-1
414,4,1046.13,162.50,259.61,866.99,1,-1,-1,-1
414,3,1173.15,169.04,195.78,624.46,1,-1,-1,-1
414,1,163.73,223.33,242.30,627.45,1,-1,-1,-1
415,12,540.06,179.66,297.15,861.75,1,-1,-1,-1
415,4,1053.19,183.98,246.17,860.85,1,-1,-1,-1
415,3,1125.55,143.40,259.25,624.46,1,-1,-1,-1
415,1,177.80,226.51,233.79,621.39,1,-1,-1,-1
416,14,1109.26,153.75,191.67,332.33,1,-1,-1,-1
416,12,544.25,181.40,287.29,853.01,1,-1,-1,-1
416,4,1060.28,186.05,244.69,873.48,1,-1,-1,-1
416,1,192.40,232.56,230.95,615.58,1,-1,-1,-1
417,14,1106.61,153.84,206.22,361.78,1,-1,-1,-1
417,12,546.75,186.53,267.50,860.04,1,-1,-1,-1
417,4,1052.19,197.44,268.32,856.78,1,-1,-1,-1
417,1,203.50,232.54,219.58,612.86,1,-1,-1,-1
418,14,1090.67,133.57,208.13,361.78,1,-1,-1,-1
418,12,547.39,167.92,261.40,847.15,1,-1,-1,-1
418,4,1055.47,191.29,279.88,869.64,1,-1,-1,-1
418,1,213.72,224.31,212.92,615.48,1,-1,-1,-1
419,14,1095.09,132.68,208.13,361.78,1,-1,-1,-1
419,12,553.00,182.00,249.00,849.00,1,-1,-1,-1
419,4,1037.42,183.21,327.45,890.75,1,-1,-1,-1
419,1,229.66,230.92,213.74,601.92,1,-1,-1,-1
420,14,1103.06,128.26,208.13,361.78,1,-1,-1,-1
420,12,521.54,170.49,273.92,858.87,1,-1,-1,-1
420,4,1032.03,173.20,341.53,909.30,1,-1,-1,-1
420,1,233.22,232.36,218.29,597.16,1,-1,-1,-1
421,12,503.54,167.56,294.52,874.89,1,-1,-1,-1
421,4,1041.35,159.21,350.72,923.57,1,-1,-1,-1
421,1,234.91,230.04,225.57,588.90,1,-1,-1,-1
422,12,483.09,180.10,322.28,887.02,1,-1,-1,-1
422,4,1062.00,150.65,351.50,935.55,1,-1,-1,-1
422,2,692.00,221.00,87.00,110.00,1,-1,-1,-1
422,1,236.78,231.08,226.91,585.21,1,-1,-1,-1
423,14,1039.00,183.00,151.00,227.00,1,-1,-1,-1
423,12,472.43,170.28,332.99,906.02,1,-1,-1,-1
423,11,718.00,223.00,132.00,559.00,1,-1,-1,-1
423,4,1053.52,147.42,371.42,940.67,1,-1,-1,-1
423,2,707.78,224.40,87.00,110.00,1,-1,-1,-1
423,1,245.24,231.50,224.17,584.82,1,-1,-1,-1
424,14,1013.91,191.03,182.77,349.24,1,-1,-1,-1
424,12,461.06,173.37,335.29,903.37,1,-1,-1,-1
424,11,712.95,217.33,157.96,568.37,1,-1,-1,-1
424,4,1052.54,148.95,380.30,942.06,1,-1,-1,-1
424,2,721.08,220.38,87.00,110.00,1,-1,-1,-1
424,1,245.42,229.89,226.42,583.86,1,-1,-1,-1
425,14,979.02,185.17,233.74,491.20,1,-1,-1,-1
425,12,456.10,155.06,346.49,922.84,1,-1,-1,-1
425,11,733.06,213.65,121.25,560.36,1,-1,-1,-1
425,4,1097.40,151.94,358.88,942.60,1,-1,-1,-1
425,1,252.18,236.67,233.39,575.71,1,-1,-1,-1
426,12,460.16,149.55,330.69,928.59,1,-1,-1,-1
426,11,747.59,230.44,137.79,551.82,1,-1,-1,-1
426,4,1134.98,154.51,351.10,939.65,1,-1,-1,-1
426,3,926.00,174.00,289.00,665.00,1,-1,-1,-1
426,1,260.38,240.56,241.13,572.34,1,-1,-1,-1
427,12,450.90,144.79,346.89,932.75,1,-1,-1,-1
427,11,748.38,215.76,158.94,553.58,1,-1,-1,-1
427,4,1157.50,155.70,350.67,938.19,1,-1,-1,-1
427,3,949.11,182.53,263.27,668.87,1,-1,-1,-1
427,1,267.84,240.96,239.63,574.20,1,-1,-1,-1
428,12,457.57,136.81,331.43,941.68,1,-1,-1,-1
428,11,766.46,204.89,161.15,557.32,1,-1,-1,-1
428,4,1149.63,157.83,375.32,935.93,1,-1,-1,-1
428,3,964.98,177.48,245.69,681.07,1,-1,-1,-1
428,1,275.86,246.95,240.03,564.87,1,-1,-1,-1
429,12,465.56,138.28,320.25,943.59,1,-1,-1,-1
429,11,777.93,205.36,160.18,556.22,1,-1,-1,-1
429,4,1175.19,160.35,362.04,931.50,1,-1,-1,-1
429,3,951.58,172.82,252.10,682.70,1,-1,-1,-1
429,1,289.75,235.96,226.00,573.98,1,-1,-1,-1
430,12,458.13,124.91,325.07,960.97,1,-1,-1,-1
430,11,795.56,206.86,155.24,550.73,1,-1,-1,-1
430,4,1205.73,149.51,339.27,938.01,1,-1,-1,-1
430,3,909.27,180.75,273.97,667.25,1,-1,-1,-1
430,1,300.57,247.71,221.32,557.38,1,-1,-1,-1
431,12,457.85,128.67,323.39,959.09,1,-1,-1,-1
431,11,816.87,237.88,167.25,569.66,1,-1,-1,-1
431,4,1227.13,141.83,331.22,937.03,1,-1,-1,-1
431,3,871.24,184.99,287.55,668.67,1,-1,-1,-1
431,1,316.12,247.94,201.86,553.22,1,-1,-1,-1
432,12,461.28,130.43,320.79,952.11,1,-1,-1,-1
432,11,847.71,255.67,133.60,522.30,1,-1,-1,-1
432,4,1241.10,142.85,321.62,936.51,1,-1,-1,-1
432,3,812.51,194.18,325.99,660.99,1,-1,-1,-1
432,1,325.12,245.17,198.36,549.77,1,-1,-1,-1
433,12,457.83,138.58,315.39,941.24,1,-1,-1,-1
433,4,1256.86,144.08,313.44,929.17,1,-1,-1,-1
433,3,791.57,190.85,326.25,657.89,1,-1,-1,-1
433,1,332.69,251.05,193.68,547.37,1,-1,-1,-1
434,12,453.27,129.48,328.12,955.57,1,-1,-1,-1
434,4,1264.33,140.96,315.56,937.76,1,-1,-1,-1
434,3,783.96,205.66,323.27,648.66,1,-1,-1,-1
434,1,335.60,242.46,203.54,561.35,1,-1,-1,-1
435,12,452.84,142.49,320.30,939.67,1,-1,-1,-1
435,4,1268.71,152.59,312.97,919.39,1,-1,-1,-1
435,3,786.36,208.66,326.52,648.28,1,-1,-1,-1
435,1,356.04,296.07,180.55,489.34,1,-1,-1,-1
436,12,452.96,135.72,350.22,955.87,1,-1,-1,-1
436,4,1269.52,151.53,315.24,924.62,1,-1,-1,-1
436,3,781.06,205.10,327.74,656.04,1,-1,-1,-1
436,1,379.78,266.60,162.02,528.67,1,-1,-1,-1
437,15,385.96,232.85,155.49,282.17,1,-1,-1,-1
437,12,438.49,146.89,349.49,946.77,1,-1,-1,-1
437,4,1273.71,153.96,313.73,919.99,1,-1,-1,-1
437,3,772.28,199.15,333.74,657.90,1,-1,-1,-1
437,1,384.00,247.00,157.00,512.00,1,-1,-1,-1
438,15,393.51,244.19,155.14,316.15,1,-1,-1,-1
438,13,976.00,213.00,176.00,537.00,1,-1,-1,-1
438,12,429.81,151.38,354.76,940.40,1,-1,-1,-1
438,4,1281.42,152.38,308.28,924.34,1,-1,-1,-1
438,3,764.64,185.21,331.38,670.80,1,-1,-1,-1
438,1,394.93,238.05,157.00,512.00,1,-1,-1,-1
439,15,396.52,224.62,173.77,316.15,1,-1,-1,-1
439,13,972.72,220.43,197.92,531.25,1,-1,-1,-1
439,12,426.61,159.60,354.38,933.13,1,-1,-1,-1
439,4,1286.63,150.38,300.79,916.12,1,-1,-1,-1
439,3,761.04,183.79,290.54,676.71,1,-1,-1,-1
439,1,393.26,234.48,176.31,531.80,1,-1,-1,-1
440,15,412.45,219.31,173.77,316.15,1,-1,-1,-1
440,13,1000.00,209.16,181.07,544.03,1,-1,-1,-1
440,12,443.76,166.71,333.59,928.41,1,-1,-1,-1
440,4,1292.78,150.14,298.55,904.41,1,-1,-1,-1
440,3,751.41,183.12,261.26,681.05,1,-1,-1,-1
440,1,413.92,229.06,164.39,517.21,1,-1,-1,-1
441,15,426.86,220.06,173.77,316.15,1,-1,-1,-1
441,13,1016.36,214.54,177.37,535.64,1,-1,-1,-1
441,12,475.04,158.58,296.74,929.93,1,-1,-1,-1
441,4,1299.63,148.52,294.39,889.59,1,-1,-1,-1
441,3,722.53,186.37,254.45,683.73,1,-1,-1,-1
441,1,440.63,235.90,147.51,543.15,1,-1,-1,-1
442,13,1041.73,210.52,158.32,536.50,1,-1,-1,-1
442,12,492.38,149.40,277.86,933.94,1,-1,-1,-1
442,4,1304.83,149.35,293.11,885.28,1,-1,-1,-1
442,3,703.79,181.35,248.58,683.93,1,-1,-1,-1
442,1,451.66,231.39,144.99,544.04,1,-1,-1,-1
443,13,1058.27,204.25,163.75,537.51,1,-1,-1,-1
443,12,496.30,152.91,272.05,939.03,1,-1,-1,-1
443,4,1310.17,155.44,296.23,872.56,1,-1,-1,-1
443,3,685.40,168.55,246.88,708.07,1,-1,-1,-1
444,13,1077.68,201.17,160.94,546.52,1,-1,-1,-1
444,12,499.04,149.15,277.45,932.04,1,-1,-1,-1
444,4,1313.18,160.81,298.84,861.79,1,-1,-1,-1
444,3,668.73,166.41,251.65,702.15,1,-1,-1,-1
445,13,1089.87,194.54,173.26,560.08,1,-1,-1,-1
445,12,509.42,162.89,317.07,924.56,1,-1,-1,-1
445,4,1315.94,164.06,301.49,854.83,1,-1,-1,-1
445,3,679.79,173.88,244.00,678.40,1,-1,-1,-1
446,13,1102.70,202.00,199.86,565.88,1,-1,-1,-1
446,12,499.14,162.57,344.34,925.60,1,-1,-1,-1
446,4,1322.85,167.02,301.83,846.74,1,-1,-1,-1
446,3,721.00,186.00,177.00,513.00,1,-1,-1,-1
447,13,1115.17,211.92,211.22,559.45,1,-1,-1,-1
447,12,483.69,153.34,365.81,905.20,1,-1,-1,-1
447,4,1330.53,176.62,301.49,820.30,1,-1,-1,-1
447,3,711.51,189.46,165.97,502.09,1,-1,-1,-1
448,13,1129.01,211.68,208.01,562.67,1,-1,-1,-1
448,12,477.77,154.46,363.93,895.08,1,-1,-1,-1
448,4,1334.17,173.82,287.69,816.88,1,-1,-1,-1
448,3,694.19,190.37,149.85,362.71,1,-1,-1,-1
449,13,1144.06,203.95,198.71,570.30,1,-1,-1,-1
449,12,489.40,151.14,356.44,909.53,1,-1,-1,-1
449,4,1332.19,172.05,280.23,804.31,1,-1,-1,-1
450,13,1174.28,203.04,169.35,555.78,1,-1,-1,-1
450,12,497.93,143.59,334.55,912.02,1,-1,-1,-1
450,4,1326.33,174.48,275.24,791.57,1,-1,-1,-1
451,13,1194.83,194.40,168.93,564.81,1,-1,-1,-1
451,12,486.89,141.23,342.25,931.27,1,-1,-1,-1
451,4,1318.37,177.30,271.67,777.94,1,-1,-1,-1
452,13,1212.41,190.02,178.71,572.48,1,-1,-1,-1
452,12,485.27,132.73,326.67,944.67,1,-1,-1,-1
452,4,1292.05,179.97,275.57,770.80,1,-1,-1,-1
453,13,1229.38,190.24,170.56,578.61,1,-1,-1,-1
453,12,480.60,144.01,329.58,940.73,1,-1,-1,-1
453,4,1281.22,180.94,269.86,764.69,1,-1,-1,-1
454,13,1237.51,196.98,164.52,559.02,1,-1,-1,-1
454,12,484.36,144.11,319.73,939.75,1,-1,-1,-1
454,4,1263.97,185.17,271.37,756.54,1,-1,-1,-1
455,13,1246.79,194.83,164.04,564.73,1,-1,-1,-1
455,12,479.59,150.33,330.23,932.49,1,-1,-1,-1
455,4,1263.35,186.04,269.46,753.34,1,-1,-1,-1
456,13,1251.30,186.18,188.56,575.32,1,-1,-1,-1
456,12,494.76,141.90,316.71,941.28,1,-1,-1,-1
456,4,1254.93,189.04,268.38,750.91,1,-1,-1,-1
457,13,1274.40,193.81,192.09,586.10,1,-1,-1,-1
457,12,489.08,150.78,338.81,928.57,1,-1,-1,-1
457,4,1248.67,190.16,271.30,745.39,1,-1,-1,-1
458,15,490.00,168.00,146.00,251.00,1,-1,-1,-1
458,12,490.37,149.18,347.35,931.14,1,-1,-1,-1
458,4,1250.07,193.22,251.73,738.29,1,-1,-1,-1
458,2,618.00,147.00,178.00,178.00,1,-1,-1,-1
459,15,477.05,169.85,146.00,251.00,1,-1,-1,-1
459,12,479.23,148.66,391.31,923.61,1,-1,-1,-1
459,11,1363.00,204.00,161.00,560.00,1,-1,-1,-1
459,4,1242.40,198.29,230.22,732.49,1,-1,-1,-1
459,2,627.53,146.44,178.00,178.00,1,-1,-1,-1
459,1,426.00,171.00,210.00,709.00,1,-1,-1,-1
460,16,1254.83,196.12,152.84,577.66,1,-1,-1,-1
460,15,461.64,170.47,146.00,251.00,1,-1,-1,-1
460,12,477.97,151.69,398.33,923.04,1,-1,-1,-1
460,11,1357.17,189.82,178.46,588.46,1,-1,-1,-1
460,4,1232.15,194.02,227.78,730.87,1,-1,-1,-1
460,2,637.06,147.00,178.00,178.00,1,-1,-1,-1
460,1,432.81,180.53,210.00,709.00,1,-1,-1,-1
461,16,1249.79,191.79,152.00,577.00,1,-1,-1,-1
461,15,416.00,162.00,182.00,481.00,1,-1,-1,-1
461,12,484.29,162.70,396.32,906.16,1,-1,-1,-1
461,11,1352.91,188.25,191.21,601.47,1,-1,-1,-1
461,4,1222.07,187.78,219.30,735.51,1,-1,-1,-1
461,1,408.36,173.17,225.49,732.98,1,-1,-1,-1
462,16,1218.89,183.72,166.16,660.90,1,-1,-1,-1
462,15,402.98,165.01,182.00,481.00,1,-1,-1,-1
462,12,503.62,148.28,381.68,922.51,1,-1,-1,-1
462,11,1355.95,171.77,211.26,624.04,1,-1,-1,-1
462,1,378.23,175.10,248.46,750.71,1,-1,-1,-1
463,16,1181.20,172.84,197.68,697.61,1,-1,-1,-1
463,15,385.95,178.03,182.00,481.00,1,-1,-1,-1
463,12,558.70,142.39,342.55,935.98,1,-1,-1,-1
463,11,1360.53,177.33,228.95,631.56,1,-1,-1,-1
463,1,342.07,200.83,278.44,760.05,1,-1,-1,-1
464,16,1142.18,183.56,242.22,715.55,1,-1,-1,-1
464,12,572.86,141.23,340.33,940.84,1,-1,-1,-1
464,11,1364.33,183.08,250.19,639.63,1,-1,-1,-1
464,1,332.10,197.04,288.33,766.83,1,-1,-1,-1
465,16,1115.38,187.00,256.04,722.12,1,-1,-1,-1
465,12,583.58,126.83,346.61,957.10,1,-1,-1,-1
465,11,1377.59,180.90,245.35,650.97,1,-1,-1,-1
465,1,339.09,183.94,284.18,775.74,1,-1,-1,-1
466,16,1100.64,189.64,264.10,722.64,1,-1,-1,-1
466,12,598.12,127.46,348.39,951.21,1,-1,-1,-1
466,11,1398.26,178.85,228.29,660.50,1,-1,-1,-1
466,1,334.54,178.89,273.21,784.60,1,-1,-1,-1
467,16,1086.34,192.10,258.84,722.94,1,-1,-1,-1
467,12,615.97,137.58,355.22,937.18,1,-1,-1,-1
467,11,1397.31,177.98,255.52,659.24,1,-1,-1,-1
467,1,311.22,172.33,257.06,786.80,1,-1,-1,-1
468,16,1076.72,189.35,246.24,727.52,1,-1,-1,-1
468,12,634.09,146.85,345.15,930.55,1,-1,-1,-1
468,11,1413.53,170.25,249.70,663.88,1,-1,-1,-1
468,1,299.44,171.98,236.51,790.69,1,-1,-1,-1
469,16,1066.52,191.82,233.59,714.38,1,-1,-1,-1
469,12,649.29,141.33,333.66,947.95,1,-1,-1,-1
469,11,1426.48,165.10,237.14,676.22,1,-1,-1,-1
469,1,283.46,175.50,234.50,794.91,1,-1,-1,-1
470,16,1060.66,198.96,219.34,706.13,1,-1,-1,-1
470,12,672.49,145.05,363.89,948.25,1,-1,-1,-1
470,11,1432.32,161.87,232.98,682.92,1,-1,-1,-1
470,1,266.73,162.86,242.39,795.01,1,-1,-1,-1
471,16,1055.72,206.26,213.42,703.90,1,-1,-1,-1
471,12,680.94,145.49,363.42,945.93,1,-1,-1,-1
471,11,1436.51,160.32,233.27,701.00,1,-1,-1,-1
471,1,245.80,162.15,266.66,796.65,1,-1,-1,-1
472,16,1042.77,200.53,195.57,700.61,1,-1,-1,-1
472,12,713.76,142.49,360.63,952.14,1,-1,-1,-1
472,11,1442.67,161.12,234.49,703.01,1,-1,-1,-1
472,1,230.76,163.32,301.28,793.73,1,-1,-1,-1
473,12,748.69,151.30,364.29,930.81,1,-1,-1,-1
473,11,1447.82,165.38,244.30,702.40,1,-1,-1,-1
473,4,1044.00,195.00,176.00,715.00,1,-1,-1,-1
473,1,217.36,158.23,315.55,794.85,1,-1,-1,-1
474,12,789.72,138.59,362.56,940.71,1,-1,-1,-1
474,11,1453.19,169.96,256.33,701.18,1,-1,-1,-1
474,4,1055.69,193.70,176.00,715.00,1,-1,-1,-1
474,1,212.32,159.12,339.12,791.34,1,-1,-1,-1
475,12,852.91,130.57,321.69,946.45,1,-1,-1,-1
475,11,1454.29,163.87,265.74,712.24,1,-1,-1,-1
475,4,1046.60,192.40,176.00,715.00,1,-1,-1,-1
475,1,199.34,164.10,346.31,791.40,1,-1,-1,-1
476,12,904.83,125.74,290.96,952.83,1,-1,-1,-1
476,11,1454.85,159.92,270.84,715.98,1,-1,-1,-1
476,1,183.88,165.61,358.62,791.54,1,-1,-1,-1
477,12,924.00,119.01,291.14,934.46,1,-1,-1,-1
477,11,1454.43,149.74,252.36,724.81,1,-1,-1,-1
477,1,177.93,158.64,353.68,798.30,1,-1,-1,-1
478,12,920.00,136.00,342.00,942.00,1,-1,-1,-1
478,11,1455.68,150.75,245.68,731.81,1,-1,-1,-1
478,1,177.83,160.76,345.31,799.81,1,-1,-1,-1
479,12,932.50,179.98,403.57,900.73,1,-1,-1,-1
479,11,1454.48,156.36,241.49,744.13,1,-1,-1,-1
479,2,1084.00,106.00,141.00,246.00,1,-1,-1,-1
479,1,172.77,159.23,327.13,806.18,1,-1,-1,-1
480,12,972.14,178.83,426.60,902.52,1,-1,-1,-1
480,11,1438.59,151.82,246.51,762.91,1,-1,-1,-1
480,4,906.00,277.00,187.00,648.00,1,-1,-1,-1
480,2,1114.63,104.20,141.00,246.00,1,-1,-1,-1
480,1,171.80,155.20,318.88,819.29,1,-1,-1,-1
481,12,1022.19,156.85,425.03,922.80,1,-1,-1,-1
481,11,1434.13,159.38,235.07,758.20,1,-1,-1,-1
481,4,908.96,252.28,196.00,669.22,1,-1,-1,-1
481,2,1144.06,107.20,141.00,246.00,1,-1,-1,-1
481,1,163.63,157.99,263.82,817.20,1,-1,-1,-1
482,16,971.00,227.00,211.00,582.00,1,-1,-1,-1
482,12,1049.15,151.72,436.66,929.14,1,-1,-1,-1
482,11,1423.69,145.86,232.82,743.62,1,-1,-1,-1
482,4,902.04,243.90,194.64,678.45,1,-1,-1,-1
482,1,145.93,171.74,253.17,813.70,1,-1,-1,-1
483,16,1000.85,223.76,205.20,580.43,1,-1,-1,-1
483,12,1106.22,143.02,381.00,935.74,1,-1,-1,-1
483,11,1398.18,147.99,247.70,767.05,1,-1,-1,-1
483,4,877.51,243.89,180.80,685.16,1,-1,-1,-1
483,1,118.00,165.00,289.00,822.00,1,-1,-1,-1
484,16,1014.80,221.74,202.65,575.89,1,-1,-1,-1
484,12,1134.37,138.19,366.49,930.45,1,-1,-1,-1
484,11,1387.62,169.72,245.56,747.20,1,-1,-1,-1
484,4,856.72,232.77,196.53,699.03,1,-1,-1,-1
484,1,117.55,168.71,291.41,826.76,1,-1,-1,-1
485,16,1029.67,222.99,211.38,571.54,1,-1,-1,-1
485,12,1178.72,116.51,320.21,952.94,1,-1,-1,-1
485,11,1383.00,148.19,209.21,756.76,1,-1,-1,-1
485,4,825.59,214.60,206.02,725.15,1,-1,-1,-1
485,1,101.51,169.62,299.42,834.01,1,-1,-1,-1
486,16,1052.87,218.48,195.98,572.03,1,-1,-1,-1
486,12,1210.78,117.41,338.58,956.83,1,-1,-1,-1
486,11,1365.71,131.72,213.64,743.08,1,-1,-1,-1
486,4,793.35,228.55,229.89,723.87,1,-1,-1,-1
486,1,81.43,171.35,318.80,849.06,1,-1,-1,-1
487,16,1076.66,222.13,180.86,566.01,1,-1,-1,-1
487,12,1259.78,128.96,340.50,956.52,1,-1,-1,-1
487,4,767.41,236.85,242.02,710.20,1,-1,-1,-1
487,1,54.76,178.99,342.34,851.46,1,-1,-1,-1
488,16,1088.50,225.07,182.64,559.63,1,-1,-1,-1
488,12,1265.20,113.30,370.19,970.41,1,-1,-1,-1
488,4,760.34,226.76,239.40,735.65,1,-1,-1,-1
488,1,48.87,178.79,343.32,858.62,1,-1,-1,-1
489,16,1099.99,224.64,177.23,564.15,1,-1,-1,-1
489,12,1248.43,117.09,416.54,968.71,1,-1,-1,-1
489,4,757.80,218.48,228.15,749.44,1,-1,-1,-1
489,1,41.21,177.97,346.14,874.38,1,-1,-1,-1
490,16,1110.65,212.62,172.53,568.10,1,-1,-1,-1
490,13,1250.00,167.00,168.00,737.00,1,-1,-1,-1
490,12,1286.45,118.47,401.02,959.57,1,-1,-1,-1
490,4,747.57,213.27,225.46,768.26,1,-1,-1,-1
490,1,35.93,160.11,349.80,895.68,1,-1,-1,-1
491,16,1106.94,218.61,187.42,567.68,1,-1,-1,-1
491,13,1246.97,159.80,174.24,703.71,1,-1,-1,-1
491,12,1325.76,114.75,391.12,960.09,1,-1,-1,-1
491,4,736.80,204.91,223.09,778.69,1,-1,-1,-1
491,1,32.05,143.63,350.14,913.70,1,-1,-1,-1
492,16,1113.19,210.00,210.77,582.10,1,-1,-1,-1
492,13,1190.64,162.37,232.24,740.90,1,-1,-1,-1
492,12,1385.22,119.24,349.97,944.20,1,-1,-1,-1
492,4,719.88,207.93,233.34,777.52,1,-1,-1,-1
492,1,30.09,131.71,350.51,930.59,1,-1,-1,-1
493,16,1121.42,211.19,211.04,582.10,1,-1,-1,-1
493,13,1163.85,153.77,222.41,762.49,1,-1,-1,-1
493,12,1423.83,111.96,332.29,956.91,1,-1,-1,-1
493,4,712.04,217.83,235.10,762.98,1,-1,-1,-1
493,1,25.67,127.12,353.25,939.51,1,-1,-1,-1
494,16,1130.59,192.10,214.99,593.01,1,-1,-1,-1
494,13,1163.04,139.48,205.18,777.82,1,-1,-1,-1
494,12,1442.19,119.05,378.42,947.73,1,-1,-1,-1
494,4,703.02,213.73,239.69,764.97,1,-1,-1,-1
494,1,28.26,118.81,354.31,948.56,1,-1,-1,-1
495,13,1145.89,129.72,210.53,784.43,1,-1,-1,-1
495,12,1457.42,126.66,405.88,951.76,1,-1,-1,-1
495,4,693.80,202.19,243.15,799.19,1,-1,-1,-1
495,1,32.40,117.95,361.13,951.03,1,-1,-1,-1
496,13,1115.19,117.55,221.71,796.54,1,-1,-1,-1
496,12,1460.93,122.60,406.45,951.66,1,-1,-1,-1
496,4,682.40,196.22,232.84,810.94,1,-1,-1,-1
496,1,26.78,113.72,359.16,954.24,1,-1,-1,-1
497,13,1102.99,152.16,245.63,785.47,1,-1,-1,-1
497,12,1473.92,123.49,397.40,949.16,1,-1,-1,-1
497,4,658.46,187.17,242.75,828.72,1,-1,-1,-1
497,1,27.58,119.45,365.18,966.43,1,-1,-1,-1
498,16,1218.00,203.00,174.00,576.00,1,-1,-1,-1
498,13,1053.50,160.87,265.22,773.50,1,-1,-1,-1
498,12,1481.52,117.75,384.25,949.83,1,-1,-1,-1
498,4,613.99,193.76,257.68,817.46,1,-1,-1,-1
498,1,14.00,131.79,362.32,971.45,1,-1,-1,-1
499,16,1214.48,210.12,182.00,580.18,1,-1,-1,-1
499,13,1065.24,169.21,223.10,758.81,1,-1,-1,-1
499,12,1490.59,116.87,360.67,891.12,1,-1,-1,-1
499,4,608.66,199.37,249.45,813.71,1,-1,-1,-1
499,1,20.93,139.25,364.10,967.96,1,-1,-1,-1
500,16,1219.59,208.66,186.32,596.94,1,-1,-1,-1
500,13,1058.80,173.23,204.82,739.59,1,-1,-1,-1
500,12,1492.55,125.60,342.30,874.60,1,-1,-1,-1
500,4,601.16,201.54,246.19,815.94,1,-1,-1,-1
500,1,27.73,134.80,370.06,970.11,1,-1,-1,-1
501,16,1237.36,207.91,186.10,603.97,1,-1,-1,-1
501,13,975.30,158.32,192.53,734.53,1,-1,-1,-1
501,12,1499.48,131.47,321.84,846.91,1,-1,-1,-1
501,4,586.98,204.12,244.13,811.36,1,-1,-1,-1
501,1,37.81,119.22,371.48,986.35,1,-1,-1,-1
502,16,1241.97,212.01,194.96,607.90,1,-1,-1,-1
502,13,942.73,152.48,192.02,721.23,1,-1,-1,-1
502,12,1503.80,136.25,320.99,846.82,1,-1,-1,-1
502,4,573.74,209.74,250.14,798.12,1,-1,-1,-1
502,1,47.16,102.59,380.09,1000.32,1,-1,-1,-1
503,16,1245.57,204.45,201.23,617.09,1,-1,-1,-1
503,13,918.60,151.13,205.32,716.95,1,-1,-1,-1
503,12,1510.79,138.91,318.73,837.10,1,-1,-1,-1
503,4,558.88,207.72,258.43,803.10,1,-1,-1,-1
503,1,64.06,98.40,385.32,1001.88,1,-1,-1,-1
504,16,1248.63,206.82,209.16,616.97,1,-1,-1,-1
504,13,895.93,167.57,210.86,696.66,1,-1,-1,-1
504,12,1513.63,145.78,322.34,826.06,1,-1,-1,-1
504,4,541.44,203.13,268.41,815.32,1,-1,-1,-1
504,1,86.03,96.74,379.69,1008.80,1,-1,-1,-1
505,16,1246.89,202.83,219.78,622.81,1,-1,-1,-1
505,13,882.45,174.93,209.42,700.29,1,-1,-1,-1
505,12,1526.59,154.32,314.60,817.75,1,-1,-1,-1
505,4,512.45,203.76,293.42,816.49,1,-1,-1,-1
505,1,95.16,84.44,379.37,1014.72,1,-1,-1,-1
506,16,1246.48,201.07,222.60,635.84,1,-1,-1,-1
506,13,872.23,167.90,200.58,715.22,1,-1,-1,-1
506,12,1526.75,153.80,315.24,794.96,1,-1,-1,-1
506,4,500.43,199.68,309.15,809.50,1,-1,-1,-1
506,1,113.79,83.58,389.31,1020.12,1,-1,-1,-1
507,16,1245.91,201.52,231.65,647.65,1,-1,-1,-1
507,13,848.51,185.61,193.28,719.60,1,-1,-1,-1
507,12,1535.41,156.98,308.09,779.85,1,-1,-1,-1
507,4,517.32,201.53,294.43,801.93,1,-1,-1,-1
507,1,127.48,87.27,382.85,1021.78,1,-1,-1,-1
508,16,1241.19,200.44,238.31,656.03,1,-1,-1,-1
508,13,833.73,170.71,179.52,728.10,1,-1,-1,-1
508,12,1537.74,153.00,302.40,756.26,1,-1,-1,-1
508,4,533.27,216.29,274.55,785.41,1,-1,-1,-1
508,1,144.14,90.98,413.55,1023.12,1,-1,-1,-1
509,16,1235.54,201.09,242.82,666.08,1,-1,-1,-1
509,13,822.73,159.29,177.06,735.41,1,-1,-1,-1
509,12,1540.34,158.06,292.00,738.79,1,-1,-1,-1
509,4,542.77,219.69,259.41,772.33,1,-1,-1,-1
509,1,168.32,86.75,406.37,1028.21,1,-1,-1,-1
510,16,1232.19,198.39,245.97,678.13,1,-1,-1,-1
510,13,804.43,148.23,181.02,748.92,1,-1,-1,-1
510,12,1541.72,158.35,283.22,728.99,1,-1,-1,-1
510,4,547.99,207.51,250.25,771.84,1,-1,-1,-1
510,1,187.80,94.80,424.59,1020.70,1,-1,-1,-1
511,16,1238.18,195.85,239.98,690.58,1,-1,-1,-1
511,13,792.22,158.02,184.87,758.26,1,-1,-1,-1
511,12,1542.43,158.74,269.25,726.96,1,-1,-1,-1
511,4,545.00,201.00,254.00,758.00,1,-1,-1,-1
511,1,209.96,118.95,437.38,1007.69,1,-1,-1,-1
512,16,1241.73,188.67,238.61,698.28,1,-1,-1,-1
512,13,788.51,154.51,184.67,750.60,1,-1,-1,-1
512,12,1541.00,165.16,259.63,707.82,1,-1,-1,-1
512,4,551.65,195.42,246.55,753.24,1,-1,-1,-1
512,1,238.13,128.69,407.53,991.68,1,-1,-1,-1
513,16,1262.06,186.82,228.54,698.99,1,-1,-1,-1
513,13,775.18,141.80,187.95,757.98,1,-1,-1,-1
513,12,1530.00,172.69,247.29,683.85,1,-1,-1,-1
513,4,563.35,193.64,244.37,749.56,1,-1,-1,-1
513,1,280.09,108.40,427.22,999.74,1,-1,-1,-1
514,16,1267.18,188.04,227.01,701.09,1,-1,-1,-1
514,13,760.24,159.21,192.16,755.02,1,-1,-1,-1
514,12,1514.10,169.59,242.52,690.25,1,-1,-1,-1
514,4,567.34,203.98,257.69,727.74,1,-1,-1,-1
514,1,309.69,122.19,393.18,1016.71,1,-1,-1,-1
515,16,1268.95,183.90,224.57,710.14,1,-1,-1,-1
515,13,749.11,146.03,193.62,752.73,1,-1,-1,-1
515,12,1500.67,171.66,239.37,664.68,1,-1,-1,-1
515,4,569.53,180.98,286.46,754.93,1,-1,-1,-1
515,1,340.00,14.00,376.00,1050.00,1,-1,-1,-1
516,17,605.48,213.45,118.94,291.49,1,-1,-1,-1
516,16,1270.61,179.02,225.70,719.89,1,-1,-1,-1
516,13,754.21,154.78,174.80,766.84,1,-1,-1,-1
516,12,1487.91,167.85,230.82,667.91,1,-1,-1,-1
516,4,661.95,170.79,252.33,744.45,1,-1,-1,-1
516,1,366.56,22.96,400.61,1043.58,1,-1,-1,-1
517,17,594.68,208.89,118.00,291.00,1,-1,-1,-1
517,16,1274.96,182.65,228.91,731.23,1,-1,-1,-1
517,13,750.12,167.05,174.80,766.84,1,-1,-1,-1
517,12,1475.82,170.45,228.32,664.34,1,-1,-1,-1
517,4,683.88,172.80,254.24,748.15,1,-1,-1,-1
517,1,391.61,35.38,409.25,1035.24,1,-1,-1,-1
518,17,605.24,204.55,118.00,291.00,1,-1,-1,-1
518,16,1278.30,181.67,230.48,742.04,1,-1,-1,-1
518,13,729.67,173.87,174.80,766.84,1,-1,-1,-1
518,12,1468.50,171.52,220.62,660.29,1,-1,-1,-1
518,4,678.12,178.61,256.75,749.63,1,-1,-1,-1
518,1,419.87,39.75,370.29,1039.70,1,-1,-1,-1
519,16,1281.80,170.25,237.36,771.47,1,-1,-1,-1
519,13,693.80,176.03,192.61,694.39,1,-1,-1,-1
519,12,1454.42,174.07,217.70,643.82,1,-1,-1,-1
519,1,457.92,50.45,423.15,1032.98,1,-1,-1,-1
520,16,1280.36,177.92,241.36,768.13,1,-1,-1,-1
520,12,1449.58,181.03,214.08,636.65,1,-1,-1,-1
520,4,628.00,263.00,336.00,675.00,1,-1,-1,-1
520,1,465.27,47.21,428.87,1018.58,1,-1,-1,-1
521,16,1286.47,172.20,245.73,784.73,1,-1,-1,-1
521,12,1443.07,181.40,206.10,638.36,1,-1,-1,-1
521,4,617.10,267.67,336.00,675.00,1,-1,-1,-1
521,1,465.85,56.12,417.05,1010.23,1,-1,-1,-1
522,16,1288.44,172.66,265.91,784.25,1,-1,-1,-1
522,12,1451.00,189.00,179.00,625.00,1,-1,-1,-1
522,4,634.95,266.19,342.30,687.66,1,-1,-1,-1
522,1,467.89,52.47,415.83,1018.33,1,-1,-1,-1
523,16,1293.61,170.49,288.79,783.47,1,-1,-1,-1
523,12,1463.04,205.26,161.33,571.83,1,-1,-1,-1
523,1,468.92,46.91,431.43,1031.03,1,-1,-1,-1
524,16,1300.64,166.17,281.43,791.52,1,-1,-1,-1
524,12,1456.41,221.48,163.77,571.83,1,-1,-1,-1
524,1,466.39,83.29,453.76,1004.46,1,-1,-1,-1
525,16,1306.44,165.02,264.27,798.17,1,-1,-1,-1
525,12,1471.79,219.50,166.84,582.55,1,-1,-1,-1
525,1,497.17,94.69,430.01,993.50,1,-1,-1,-1
526,16,1311.64,160.85,264.96,810.03,1,-1,-1,-1
526,14,420.00,185.00,291.00,786.00,1,-1,-1,-1
526,12,1477.32,220.61,166.84,582.55,1,-1,-1,-1
526,1,480.57,87.34,453.48,987.67,1,-1,-1,-1
527,16,1317.38,155.87,270.60,824.02,1,-1,-1,-1
527,14,420.72,167.06,308.46,824.46,1,-1,-1,-1
527,2,468.00,150.00,155.00,298.00,1,-1,-1,-1
527,1,496.01,78.47,425.45,981.84,1,-1,-1,-1
528,16,1317.29,153.80,283.05,841.36,1,-1,-1,-1
528,14,384.06,172.79,336.76,826.97,1,-1,-1,-1
528,2,409.06,160.23,208.34,446.50,1,-1,-1,-1
528,1,531.96,83.36,393.11,989.07,1,-1,-1,-1
529,16,1318.21,152.16,296.74,843.31,1,-1,-1,-1
529,14,348.62,156.45,350.52,847.09,1,-1,-1,-1
529,13,395.00,67.00,520.00,985.00,1,-1,-1,-1
529,11,1280.00,477.00,109.00,298.00,1,-1,-1,-1
529,2,388.07,100.98,232.24,446.50,1,-1,-1,-1
529,1,614.21,66.07,381.98,1001.41,1,-1,-1,-1
530,18,599.24,240.70,154.34,593.10,1,-1,-1,-1
530,16,1313.25,149.09,300.30,876.24,1,-1,-1,-1
530,14,308.88,154.17,353.76,854.99,1,-1,-1,-1
530,13,388.02,69.33,520.00,985.00,1,-1,-1,-1
530,11,1254.46,378.43,138.36,402.52,1,-1,-1,-1
530,1,649.06,69.99,370.30,1004.79,1,-1,-1,-1
531,18,601.25,251.28,155.64,587.86,1,-1,-1,-1
531,16,1314.14,150.87,305.14,887.69,1,-1,-1,-1
531,14,275.78,143.79,356.39,861.92,1,-1,-1,-1
531,13,390.35,62.35,520.00,985.00,1,-1,-1,-1
531,11,1223.33,346.55,190.76,461.19,1,-1,-1,-1
531,1,658.10,65.46,366.65,990.29,1,-1,-1,-1
532,18,612.90,240.38,147.52,589.60,1,-1,-1,-1
532,16,1327.61,154.27,297.15,887.55,1,-1,-1,-1
532,14,270.07,137.50,353.57,878.02,1,-1,-1,-1
532,11,1179.00,210.00,264.00,579.00,1,-1,-1,-1
532,1,680.07,74.42,354.89,989.93,1,-1,-1,-1
533,18,612.92,226.73,160.47,596.07,1,-1,-1,-1
533,16,1350.21,147.28,275.97,908.20,1,-1,-1,-1
533,14,231.13,135.37,375.88,876.53,1,-1,-1,-1
533,11,1176.83,218.76,260.17,570.39,1,-1,-1,-1
533,1,674.80,55.42,362.00,992.81,1,-1,-1,-1
534,18,642.75,243.14,168.38,591.91,1,-1,-1,-1
534,16,1367.42,148.81,267.04,897.75,1,-1,-1,-1
534,14,210.63,130.66,372.42,892.18,1,-1,-1,-1
534,11,1177.12,211.85,245.25,574.39,1,-1,-1,-1
534,1,676.95,45.13,368.97,979.34,1,-1,-1,-1
535,18,658.54,256.66,162.88,579.79,1,-1,-1,-1
535,16,1391.85,137.76,261.88,889.07,1,-1,-1,-1
535,14,192.79,129.52,366.83,900.73,1,-1,-1,-1
535,11,1160.28,228.38,235.15,546.87,1,-1,-1,-1
535,1,719.47,69.29,374.22,951.83,1,-1,-1,-1
536,18,669.39,259.87,159.78,575.62,1,-1,-1,-1
536,16,1410.49,140.51,260.90,903.04,1,-1,-1,-1
536,14,147.00,129.00,397.00,921.00,1,-1,-1,-1
536,11,1148.62,216.10,209.16,550.43,1,-1,-1,-1
536,1,719.20,64.46,400.66,955.43,1,-1,-1,-1
537,18,681.54,255.23,156.87,571.71,1,-1,-1,-1
537,16,1424.17,161.46,269.29,905.12,1,-1,-1,-1
537,14,147.92,134.97,380.95,922.47,1,-1,-1,-1
537,11,1132.20,210.95,206.97,555.87,1,-1,-1,-1
537,1,758.48,87.70,384.25,952.62,1,-1,-1,-1
538,18,686.14,245.94,160.85,589.87,1,-1,-1,-1
538,16,1438.02,151.29,286.83,921.80,1,-1,-1,-1
538,14,120.74,136.56,388.48,918.56,1,-1,-1,-1
538,11,1114.41,196.22,209.66,570.42,1,-1,-1,-1
538,1,789.94,126.24,368.25,930.80,1,-1,-1,-1
539,18,678.16,235.23,178.14,606.64,1,-1,-1,-1
539,16,1447.15,166.59,294.65,908.99,1,-1,-1,-1
539,14,102.30,136.50,399.64,929.77,1,-1,-1,-1
539,11,1095.31,203.47,219.26,566.44,1,-1,-1,-1
539,1,817.37,133.80,358.07,922.36,1,-1,-1,-1
540,18,674.95,232.13,184.81,615.89,1,-1,-1,-1
540,16,1451.86,151.92,297.26,913.72,1,-1,-1,-1
540,14,79.36,131.76,408.09,932.33,1,-1,-1,-1
540,11,1084.86,206.53,224.67,576.11,1,-1,-1,-1
540,1,824.58,118.53,356.73,930.25,1,-1,-1,-1
541,16,1458.73,138.90,301.93,922.84,1,-1,-1,-1
541,14,45.17,125.83,444.66,936.62,1,-1,-1,-1
541,11,1066.18,211.77,236.90,581.59,1,-1,-1,-1
541,5,645.00,224.00,230.00,621.00,1,-1,-1,-1
541,1,841.83,112.91,335.99,929.20,1,-1,-1,-1
542,16,1461.59,142.12,316.34,916.21,1,-1,-1,-1
542,14,39.06,127.32,442.28,941.31,1,-1,-1,-1
542,11,1094.73,215.04,213.73,561.22,1,-1,-1,-1
542,5,640.63,236.54,234.47,609.02,1,-1,-1,-1
542,1,866.80,104.53,344.96,933.35,1,-1,-1,-1
543,16,1484.87,150.14,312.70,906.71,1,-1,-1,-1
543,14,29.68,130.30,441.92,943.53,1,-1,-1,-1
543,5,644.05,241.62,223.73,608.26,1,-1,-1,-1
543,1,877.91,100.39,353.54,917.41,1,-1,-1,-1
544,16,1517.48,151.37,300.50,905.47,1,-1,-1,-1
544,14,39.05,131.13,418.26,945.88,1,-1,-1,-1
544,5,646.03,240.99,215.95,610.27,1,-1,-1,-1
544,1,923.89,105.83,319.50,903.12,1,-1,-1,-1
545,16,1544.37,151.33,299.36,895.96,1,-1,-1,-1
545,14,50.32,114.73,422.77,960.73,1,-1,-1,-1
545,5,642.42,238.33,215.86,615.90,1,-1,-1,-1
545,1,969.11,100.86,304.01,902.21,1,-1,-1,-1
546,16,1557.80,143.05,297.29,905.31,1,-1,-1,-1
546,14,56.45,114.84,402.83,971.77,1,-1,-1,-1
546,5,637.96,240.62,220.24,613.11,1,-1,-1,-1
546,1,967.40,93.46,323.50,898.63,1,-1,-1,-1
547,19,1027.50,221.57,72.27,66.01,1,-1,-1,-1
547,16,1565.32,136.50,299.81,919.55,1,-1,-1,-1
547,14,65.83,111.07,432.25,963.08,1,-1,-1,-1
547,5,635.19,239.59,225.11,615.43,1,-1,-1,-1
547,1,975.69,95.65,332.78,910.06,1,-1,-1,-1
548,19,1015.36,221.09,72.00,66.00,1,-1,-1,-1
548,16,1579.21,143.15,295.88,912.57,1,-1,-1,-1
548,14,70.76,103.19,413.33,971.62,1,-1,-1,-1
548,5,632.23,241.01,234.27,620.18,1,-1,-1,-1
548,1,983.31,100.37,326.59,899.45,1,-1,-1,-1
549,19,998.63,223.91,72.00,66.00,1,-1,-1,-1
549,16,1574.54,146.23,298.05,896.35,1,-1,-1,-1
549,14,78.37,92.67,472.80,983.37,1,-1,-1,-1
549,11,921.00,357.00,217.00,407.00,1,-1,-1,-1
549,5,630.47,243.60,238.97,626.06,1,-1,-1,-1
549,1,983.81,114.11,346.96,875.41,1,-1,-1,-1
550,16,1574.00,144.39,300.91,889.88,1,-1,-1,-1
550,14,103.88,94.65,415.84,984.97,1,-1,-1,-1
550,11,920.27,307.44,222.13,467.34,1,-1,-1,-1
550,5,627.60,241.60,248.87,640.95,1,-1,-1,-1
550,1,1007.17,135.87,333.53,862.43,1,-1,-1,-1
551,16,1575.84,141.93,297.44,901.13,1,-1,-1,-1
551,14,121.03,100.69,421.23,976.61,1,-1,-1,-1
551,11,918.42,277.44,228.05,498.07,1,-1,-1,-1
551,5,630.85,235.50,250.02,656.85,1,-1,-1,-1
551,1,1027.54,147.50,321.83,842.64,1,-1,-1,-1
552,16,1574.72,137.51,299.52,908.05,1,-1,-1,-1
552,14,150.23,85.02,396.40,998.74,1,-1,-1,-1
552,11,911.58,263.94,233.90,515.18,1,-1,-1,-1
552,5,625.34,237.00,258.81,664.58,1,-1,-1,-1
552,1,1055.05,135.00,302.67,842.48,1,-1,-1,-1
553,16,1574.47,140.63,304.96,897.93,1,-1,-1,-1
553,14,173.74,90.25,405.09,994.29,1,-1,-1,-1
553,11,899.84,248.05,224.83,532.96,1,-1,-1,-1
553,5,634.03,232.40,260.38,667.73,1,-1,-1,-1
553,1,1067.21,121.87,297.93,834.01,1,-1,-1,-1
554,16,1576.59,144.85,298.54,874.93,1,-1,-1,-1
554,14,197.13,99.67,431.60,989.60,1,-1,-1,-1
554,11,869.81,229.66,227.22,538.68,1,-1,-1,-1
554,5,644.32,228.64,256.94,673.40,1,-1,-1,-1
554,1,1077.71,115.26,293.18,825.24,1,-1,-1,-1
555,16,1579.47,144.39,286.75,865.37,1,-1,-1,-1
555,14,224.38,98.53,451.47,993.13,1,-1,-1,-1
555,11,839.86,227.80,228.60,537.61,1,-1,-1,-1
555,5,644.49,215.06,273.26,694.34,1,-1,-1,-1
555,1,1087.03,119.47,287.78,799.41,1,-1,-1,-1
556,16,1589.28,140.07,271.65,859.05,1,-1,-1,-1
556,14,268.07,98.40,481.05,1000.17,1,-1,-1,-1
556,11,823.42,229.60,229.03,533.78,1,-1,-1,-1
556,5,696.07,211.48,233.59,704.68,1,-1,-1,-1
556,1,1107.89,125.23,270.32,764.96,1,-1,-1,-1
557,16,1585.77,143.13,268.19,846.49,1,-1,-1,-1
557,14,308.73,90.97,484.81,1008.02,1,-1,-1,-1
557,11,707.13,232.09,314.69,608.75,1,-1,-1,-1
557,1,1117.90,129.96,259.54,749.37,1,-1,-1,-1
558,16,1582.36,143.02,262.43,840.05,1,-1,-1,-1
558,13,377.00,70.00,446.00,992.00,1,-1,-1,-1
558,5,682.00,231.00,314.00,684.00,1,-1,-1,-1
558,1,1125.94,135.33,256.06,732.04,1,-1,-1,-1
559,16,1571.46,142.23,264.85,837.06,1,-1,-1,-1
559,13,416.28,103.46,466.97,966.65,1,-1,-1,-1
559,5,711.13,240.88,289.34,690.34,1,-1,-1,-1
559,1,1132.99,137.51,252.74,724.57,1,-1,-1,-1
560,20,511.02,62.62,326.05,630.33,1,-1,-1,-1
560,16,1571.79,144.32,254.14,824.37,1,-1,-1,-1
560,13,475.01,103.05,428.93,968.34,1,-1,-1,-1
560,5,704.80,248.34,316.91,690.34,1,-1,-1,-1
560,1,1138.88,149.56,247.04,717.71,1,-1,-1,-1
561,20,543.94,62.48,326.00,630.00,1,-1,-1,-1
561,16,1567.03,147.36,247.74,825.28,1,-1,-1,-1
561,13,526.55,88.98,430.53,983.87,1,-1,-1,-1
561,5,703.25,274.57,316.91,690.34,1,-1,-1,-1
561,1,1146.28,160.86,244.41,701.58,1,-1,-1,-1
562,20,589.68,69.85,326.00,630.00,1,-1,-1,-1
562,16,1559.74,152.84,247.50,810.57,1,-1,-1,-1
562,13,572.58,76.74,400.60,992.53,1,-1,-1,-1
562,1,1156.96,163.90,244.36,696.00,1,-1,-1,-1
563,16,1551.54,151.66,244.80,799.86,1,-1,-1,-1
563,13,610.46,59.90,402.60,1007.48,1,-1,-1,-1
563,1,1166.36,160.56,237.40,695.91,1,-1,-1,-1
564,16,1540.14,155.04,246.24,784.85,1,-1,-1,-1
564,13,645.77,80.28,410.56,1000.90,1,-1,-1,-1
564,1,1174.99,160.37,234.40,682.15,1,-1,-1,-1
565,16,1530.25,159.25,245.63,771.71,1,-1,-1,-1
565,13,672.36,74.98,425.51,1000.35,1,-1,-1,-1
565,1,1182.66,163.51,230.82,661.47,1,-1,-1,-1
566,16,1524.33,159.83,249.30,766.13,1,-1,-1,-1
566,13,678.68,68.01,432.34,1012.19,1,-1,-1,-1
566,1,1185.82,168.14,228.28,645.28,1,-1,-1,-1
567,21,646.14,248.14,218.79,578.53,1,-1,-1,-1
567,16,1516.44,159.85,248.49,763.71,1,-1,-1,-1
567,13,702.72,88.80,440.04,995.89,1,-1,-1,-1
567,1,1198.78,171.37,219.15,634.29,1,-1,-1,-1
568,21,624.86,245.48,236.31,574.60,1,-1,-1,-1
568,16,1504.12,165.23,250.30,757.45,1,-1,-1,-1
568,13,741.31,107.74,442.90,984.48,1,-1,-1,-1
568,1,1203.91,174.35,220.21,623.98,1,-1,-1,-1
569,21,617.30,241.84,228.87,579.32,1,-1,-1,-1
569,16,1495.92,157.20,246.44,760.19,1,-1,-1,-1
569,13,836.73,180.18,420.31,915.13,1,-1,-1,-1
569,5,759.00,242.00,165.00,530.00,1,-1,-1,-1
569,1,1198.19,178.20,219.71,617.67,1,-1,-1,-1
570,21,604.26,234.09,226.97,586.64,1,-1,-1,-1
570,16,1487.93,162.82,243.35,746.48,1,-1,-1,-1
570,13,886.15,164.85,406.03,900.57,1,-1,-1,-1
570,5,758.70,236.77,198.31,615.89,1,-1,-1,-1
570,1,1172.00,171.34,247.90,626.85,1,-1,-1,-1
571,21,595.01,229.60,226.16,592.23,1,-1,-1,-1
571,16,1481.13,171.01,237.56,737.43,1,-1,-1,-1
571,13,944.07,124.70,410.07,932.85,1,-1,-1,-1
571,5,753.22,216.48,245.82,681.75,1,-1,-1,-1
571,1,1164.61,145.19,241.22,651.31,1,-1,-1,-1
572,21,582.39,222.03,224.05,600.74,1,-1,-1,-1
572,16,1478.53,169.20,229.42,728.23,1,-1,-1,-1
572,13,993.13,98.70,431.69,966.00,1,-1,-1,-1
572,5,780.00,223.00,289.00,753.00,1,-1,-1,-1
572,4,1204.00,241.00,219.00,542.00,1,-1,-1,-1
573,21,574.94,223.80,208.38,601.55,1,-1,-1,-1
573,16,1464.35,164.99,233.45,723.05,1,-1,-1,-1
573,13,1049.82,113.13,442.42,959.34,1,-1,-1,-1
573,5,786.89,223.71,287.27,754.83,1,-1,-1,-1
573,4,1214.40,239.84,219.00,542.00,1,-1,-1,-1
574,21,554.42,217.21,211.31,611.02,1,-1,-1,-1
574,16,1368.52,170.86,316.45,714.81,1,-1,-1,-1
574,13,1081.56,66.35,502.34,1001.17,1,-1,-1,-1
574,5,795.70,219.86,282.61,760.27,1,-1,-1,-1
574,4,1227.11,238.69,219.00,542.00,1,-1,-1,-1
575,21,535.86,220.67,212.14,616.33,1,-1,-1,-1
575,16,1364.05,170.68,299.59,703.03,1,-1,-1,-1
575,13,1119.38,49.29,475.01,1003.15,1,-1,-1,-1
575,5,804.30,215.28,273.28,767.58,1,-1,-1,-1
576,21,513.49,225.83,216.04,608.12,1,-1,-1,-1
576,16,1446.00,175.26,222.56,710.87,1,-1,-1,-1
576,13,1141.10,61.17,456.33,992.45,1,-1,-1,-1
576,5,812.52,207.83,269.95,776.16,1,-1,-1,-1
577,21,484.37,223.42,234.92,611.07,1,-1,-1,-1
577,16,1454.69,177.37,198.80,585.87,1,-1,-1,-1
577,13,1179.30,70.36,451.28,985.81,1,-1,-1,-1
577,12,1343.00,200.00,378.00,673.00,1,-1,-1,-1
577,5,827.00,195.86,268.21,794.86,1,-1,-1,-1
578,21,454.20,228.91,254.74,610.65,1,-1,-1,-1
578,16,1152.00,193.00,167.00,580.00,1,-1,-1,-1
578,13,1229.56,76.70,453.40,981.23,1,-1,-1,-1
578,12,1373.90,167.04,384.18,723.86,1,-1,-1,-1
578,5,834.05,185.98,273.70,805.99,1,-1,-1,-1
579,21,446.30,233.25,249.09,612.36,1,-1,-1,-1
579,16,1144.56,194.88,185.12,587.23,1,-1,-1,-1
579,13,1269.05,72.14,474.23,996.32,1,-1,-1,-1
579,12,1357.57,155.05,406.56,723.86,1,-1,-1,-1
579,5,842.74,184.22,272.98,810.93,1,-1,-1,-1
580,21,438.67,233.18,248.19,619.99,1,-1,-1,-1
580,16,1116.35,190.01,206.02,583.72,1,-1,-1,-1
580,13,1301.00,55.91,466.46,1014.93,1,-1,-1,-1
580,12,1390.86,142.78,406.56,723.86,1,-1,-1,-1
580,5,849.58,187.82,276.32,811.24,1,-1,-1,-1
581,21,423.45,235.12,253.61,616.19,1,-1,-1,-1
581,16,1106.40,192.12,208.73,578.07,1,-1,-1,-1
581,13,1321.31,49.35,486.82,1022.52,1,-1,-1,-1
581,12,1417.15,141.03,406.56,723.86,1,-1,-1,-1
581,5,854.43,185.18,273.41,829.16,1,-1,-1,-1
582,21,403.64,220.67,253.02,626.94,1,-1,-1,-1
582,16,1097.02,195.38,195.75,570.85,1,-1,-1,-1
582,13,1350.70,57.64,497.79,1024.48,1,-1,-1,-1
582,5,858.68,183.94,278.82,821.86,1,-1,-1,-1
583,21,387.20,211.79,247.67,639.69,1,-1,-1,-1
583,16,1092.36,198.68,187.10,560.25,1,-1,-1,-1
583,13,1374.18,74.83,475.91,1021.45,1,-1,-1,-1
583,5,859.17,183.72,279.60,827.49,1,-1,-1,-1
584,21,360.96,208.86,258.20,641.38,1,-1,-1,-1
584,20,1347.00,170.00,182.00,659.00,1,-1,-1,-1
584,16,1090.53,199.83,177.86,559.08,1,-1,-1,-1
584,13,1397.24,82.45,476.76,1007.29,1,-1,-1,-1
584,5,863.33,179.81,271.85,847.05,1,-1,-1,-1
585,21,361.53,206.42,252.44,644.32,1,-1,-1,-1
585,20,1352.46,185.94,198.93,658.79,1,-1,-1,-1
585,16,1084.70,198.17,165.50,567.40,1,-1,-1,-1
585,13,1466.91,74.10,438.26,1006.25,1,-1,-1,-1
585,5,860.52,174.64,283.52,850.28,1,-1,-1,-1
586,21,354.09,207.75,252.03,648.87,1,-1,-1,-1
586,20,1338.71,187.91,205.78,660.47,1,-1,-1,-1
586,16,1084.85,199.57,160.56,569.64,1,-1,-1,-1
586,13,1506.44,71.71,427.88,1011.41,1,-1,-1,-1
586,5,861.90,176.40,281.70,865.81,1,-1,-1,-1
587,21,350.39,214.29,246.60,659.71,1,-1,-1,-1
587,20,1334.56,187.26,193.05,653.87,1,-1,-1,-1
587,16,1073.58,199.72,168.86,567.56,1,-1,-1,-1
587,13,1539.34,62.90,419.74,1019.52,1,-1,-1,-1
587,5,864.58,180.50,294.44,855.61,1,-1,-1,-1
588,21,348.40,219.11,245.13,668.15,1,-1,-1,-1
588,20,1315.88,191.32,181.96,649.44,1,-1,-1,-1
588,16,1062.34,200.56,176.54,562.97,1,-1,-1,-1
588,13,1552.00,40.00,363.00,1038.00,1,-1,-1,-1
588,5,870.35,178.67,288.01,864.92,1,-1,-1,-1
589,21,351.14,222.94,236.12,675.35,1,-1,-1,-1
589,20,1295.63,197.02,180.12,646.36,1,-1,-1,-1
589,16,1060.43,213.17,165.37,542.69,1,-1,-1,-1
589,13,1566.11,48.91,356.57,1026.37,1,-1,-1,-1
589,5,869.82,180.91,296.54,857.79,1,-1,-1,-1
590,21,351.63,226.66,226.34,686.74,1,-1,-1,-1
590,20,1283.17,193.03,180.19,642.34,1,-1,-1,-1
590,16,1049.22,210.01,156.26,542.69,1,-1,-1,-1
590,13,1584.38,52.04,341.55,1028.72,1,-1,-1,-1
590,5,879.00,178.92,306.19,867.95,1,-1,-1,-1
591,21,340.50,218.97,237.14,691.14,1,-1,-1,-1
591,20,1262.37,203.25,189.18,636.53,1,-1,-1,-1
591,13,1601.34,78.50,329.25,990.74,1,-1,-1,-1
591,5,893.00,175.22,297.46,866.62,1,-1,-1,-1
592,21,332.36,216.53,236.62,700.87,1,-1,-1,-1
592,20,1237.17,203.85,208.06,639.97,1,-1,-1,-1
592,13,1616.05,104.07,312.97,950.73,1,-1,-1,-1
592,5,902.03,165.38,300.88,877.53,1,-1,-1,-1
593,21,323.28,217.12,240.36,689.84,1,-1,-1,-1
593,20,1228.03,194.53,210.15,641.57,1,-1,-1,-1
593,13,1620.37,97.36,310.56,944.61,1,-1,-1,-1
593,5,902.78,170.18,323.74,888.84,1,-1,-1,-1
594,21,320.34,213.72,234.91,698.28,1,-1,-1,-1
594,20,1217.69,198.30,216.13,638.96,1,-1,-1,-1
594,13,1605.30,91.06,331.67,959.62,1,-1,-1,-1
594,5,892.56,169.71,351.96,900.63,1,-1,-1,-1
595,21,315.95,215.37,252.16,701.61,1,-1,-1,-1
595,20,1213.58,200.49,211.97,634.14,1,-1,-1,-1
595,16,846.00,193.00,197.00,613.00,1,-1,-1,-1
595,13,1597.92,83.31,342.65,963.89,1,-1,-1,-1
595,5,904.60,183.78,348.29,890.15,1,-1,-1,-1
596,21,319.89,210.38,252.42,720.20,1,-1,-1,-1
596,20,1209.67,194.39,201.58,640.30,1,-1,-1,-1
596,16,832.33,195.88,208.81,587.45,1,-1,-1,-1
596,13,1590.25,82.49,351.30,968.16,1,-1,-1,-1
596,5,932.96,178.57,323.74,898.18,1,-1,-1,-1
597,21,321.19,206.00,254.38,736.52,1,-1,-1,-1
597,20,1204.14,187.81,198.59,645.65,1,-1,-1,-1
597,16,808.03,202.85,231.59,584.05,1,-1,-1,-1
597,13,1627.83,88.13,316.55,974.21,1,-1,-1,-1
597,5,922.45,173.99,332.47,905.05,1,-1,-1,-1
598,21,313.38,208.41,266.42,750.66,1,-1,-1,-1
598,20,1181.58,195.55,200.44,626.81,1,-1,-1,-1
598,16,791.64,214.36,247.98,580.95,1,-1,-1,-1
598,13,1589.79,76.55,351.92,976.22,1,-1,-1,-1
598,5,986.00,163.00,247.00,864.00,1,-1,-1,-1
599,21,312.15,204.77,277.13,780.52,1,-1,-1,-1
599,20,1177.25,192.72,193.63,606.00,1,-1,-1,-1
599,16,783.16,217.06,260.49,583.32,1,-1,-1,-1
599,13,1604.94,87.48,336.36,974.28,1,-1,-1,-1
599,5,997.04,167.42,261.02,854.58,1,-1,-1,-1
600,21,307.18,206.89,280.58,784.25,1,-1,-1,-1
600,20,1172.25,197.11,193.58,597.96,1,-1,-1,-1
600,16,768.73,214.97,259.21,586.71,1,-1,-1,-1
600,13,1600.57,90.92,338.05,966.42,1,-1,-1,-1
600,5,1026.71,160.43,261.28,884.94,1,-1,-1,-1
601,21,301.78,204.15,286.16,783.58,1,-1,-1,-1
601,20,1129.77,212.33,168.24,609.18,1,-1,-1,-1
601,16,755.98,210.21,244.57,588.53,1,-1,-1,-1
601,13,1605.09,92.44,333.02,942.82,1,-1,-1,-1
601,5,1036.67,167.19,262.42,884.81,1,-1,-1,-1
602,21,286.41,196.48,293.35,806.91,1,-1,-1,-1
602,16,745.28,207.39,229.97,597.06,1,-1,-1,-1
602,13,1608.41,96.28,324.61,916.02,1,-1,-1,-1
602,5,1047.43,158.42,261.00,873.23,1,-1,-1,-1
603,21,285.39,199.98,291.47,806.41,1,-1,-1,-1
603,16,742.54,215.63,204.13,587.71,1,-1,-1,-1
603,13,1605.65,102.70,319.43,887.11,1,-1,-1,-1
603,5,1056.47,163.06,291.33,892.24,1,-1,-1,-1
604,21,290.99,192.59,294.87,812.94,1,-1,-1,-1
604,16,731.68,210.56,187.27,605.11,1,-1,-1,-1
604,13,1613.56,107.67,307.44,871.57,1,-1,-1,-1
604,5,1071.44,157.71,310.41,909.53,1,-1,-1,-1
605,21,293.37,186.04,296.53,823.61,1,-1,-1,-1
605,16,696.92,209.97,194.09,603.79,1,-1,-1,-1
605,13,1608.80,114.86,300.34,858.93,1,-1,-1,-1
605,5,1088.87,153.28,302.25,923.66,1,-1,-1,-1
606,21,277.57,182.95,381.91,831.40,1,-1,-1,-1
606,16,670.88,211.31,196.12,604.20,1,-1,-1,-1
606,13,1594.44,128.53,304.94,837.77,1,-1,-1,-1
606,5,1101.72,157.85,301.94,915.31,1,-1,-1,-1
607,21,270.60,189.98,393.79,848.41,1,-1,-1,-1
607,16,647.84,207.12,210.21,607.51,1,-1,-1,-1
607,15,1103.00,215.00,138.00,520.00,1,-1,-1,-1
607,13,1585.54,139.27,298.10,823.14,1,-1,-1,-1
607,5,1107.72,169.02,300.02,901.77,1,-1,-1,-1
608,21,271.95,189.83,390.93,854.22,1,-1,-1,-1
608,16,624.31,208.62,229.34,602.70,1,-1,-1,-1
608,15,1105.30,210.82,133.05,533.13,1,-1,-1,-1
608,13,1573.78,144.27,286.89,800.44,1,-1,-1,-1
608,5,1125.39,163.07,289.69,899.61,1,-1,-1,-1
609,21,231.00,172.00,420.00,863.00,1,-1,-1,-1
609,16,611.37,208.52,235.49,609.64,1,-1,-1,-1
609,15,1092.42,202.78,151.63,550.30,1,-1,-1,-1
609,13,1562.51,150.63,280.97,791.64,1,-1,-1,-1
609,5,1133.99,156.40,301.44,913.01,1,-1,-1,-1
610,21,254.73,176.38,387.56,868.13,1,-1,-1,-1
610,16,598.69,217.25,237.14,599.06,1,-1,-1,-1
610,15,1084.03,204.06,152.48,561.97,1,-1,-1,-1
610,13,1552.76,138.65,259.17,791.38,1,-1,-1,-1
610,5,1146.04,159.45,308.92,912.62,1,-1,-1,-1
611,21,266.97,173.54,397.10,871.19,1,-1,-1,-1
611,16,585.71,218.61,245.94,595.80,1,-1,-1,-1
611,15,1071.59,195.66,153.78,557.71,1,-1,-1,-1
611,13,1543.81,129.42,252.45,799.58,1,-1,-1,-1
611,5,1177.17,151.69,304.34,922.30,1,-1,-1,-1
612,21,285.16,166.72,384.84,871.65,1,-1,-1,-1
612,16,583.46,217.15,237.50,600.72,1,-1,-1,-1
612,15,1059.97,196.90,154.69,554.42,1,-1,-1,-1
612,13,1526.05,136.39,253.43,787.72,1,-1,-1,-1
612,5,1210.93,140.91,287.85,936.41,1,-1,-1,-1
613,21,303.62,155.48,389.13,902.50,1,-1,-1,-1
613,16,575.52,210.71,218.82,605.79,1,-1,-1,-1
613,15,1047.94,192.22,155.96,558.42,1,-1,-1,-1
613,13,1514.66,157.18,250.16,768.15,1,-1,-1,-1
613,5,1248.22,142.09,286.22,936.51,1,-1,-1,-1
614,21,312.09,147.19,408.99,918.53,1,-1,-1,-1
614,16,564.92,197.67,213.56,603.60,1,-1,-1,-1
614,15,1033.33,191.16,161.34,561.64,1,-1,-1,-1
614,13,1503.07,160.70,258.21,761.63,1,-1,-1,-1
614,5,1267.22,137.00,290.65,941.07,1,-1,-1,-1
615,21,324.03,151.32,420.16,918.35,1,-1,-1,-1
615,15,1018.27,194.00,171.42,557.44,1,-1,-1,-1
615,13,1530.00,152.00,149.00,505.00,1,-1,-1,-1
615,7,1490.00,163.00,228.00,729.00,1,-1,-1,-1
615,5,1278.46,141.39,291.42,928.59,1,-1,-1,-1
616,21,339.53,148.42,382.85,925.58,1,-1,-1,-1
616,15,1003.20,197.73,179.81,553.22,1,-1,-1,-1
616,13,1523.22,151.03,149.00,505.00,1,-1,-1,-1
616,7,1496.78,159.40,206.88,702.17,1,-1,-1,-1
616,5,1293.61,138.60,302.43,943.09,1,-1,-1,-1
617,21,349.42,160.92,369.55,897.99,1,-1,-1,-1
617,15,982.16,201.59,194.64,557.13,1,-1,-1,-1
617,13,1511.19,160.95,154.88,532.66,1,-1,-1,-1
617,7,1497.15,163.44,219.61,702.17,1,-1,-1,-1
617,5,1303.13,150.22,303.61,933.11,1,-1,-1,-1
618,21,360.53,169.20,365.99,880.91,1,-1,-1,-1
618,15,972.94,210.14,198.13,566.74,1,-1,-1,-1
618,13,1496.83,143.66,157.16,532.66,1,-1,-1,-1
618,7,1482.28,158.28,223.73,715.34,1,-1,-1,-1
618,5,1316.25,142.13,294.21,939.64,1,-1,-1,-1
619,21,353.29,170.88,385.45,890.85,1,-1,-1,-1
619,15,963.54,209.40,202.84,557.71,1,-1,-1,-1
619,5,1337.23,140.98,289.41,933.21,1,-1,-1,-1
620,21,340.12,168.47,418.11,901.69,1,-1,-1,-1
620,15,955.69,211.51,205.36,550.13,1,-1,-1,-1
620,5,1351.30,137.28,294.29,940.58,1,-1,-1,-1
621,21,373.70,168.31,403.05,902.85,1,-1,-1,-1
621,15,953.81,222.24,189.28,555.65,1,-1,-1,-1
621,7,326.00,199.00,235.00,616.00,1,-1,-1,-1
621,5,1350.66,132.30,316.62,945.95,1,-1,-1,-1
622,21,393.98,159.65,417.94,921.02,1,-1,-1,-1
622,15,944.71,233.32,176.81,545.21,1,-1,-1,-1
622,7,326.77,196.26,241.84,652.85,1,-1,-1,-1
622,5,1350.82,143.85,333.92,929.97,1,-1,-1,-1
623,21,439.77,142.19,405.64,942.35,1,-1,-1,-1
623,15,931.00,233.53,174.10,551.31,1,-1,-1,-1
623,13,1290.00,125.00,197.00,757.00,1,-1,-1,-1
623,7,313.38,191.26,259.73,671.17,1,-1,-1,-1
623,5,1390.35,149.41,332.98,922.23,1,-1,-1,-1
624,21,464.88,135.41,407.05,955.34,1,-1,-1,-1
624,15,923.23,229.36,166.37,542.10,1,-1,-1,-1
624,13,1288.31,150.20,199.07,738.92,1,-1,-1,-1
624,7,306.08,181.60,262.50,690.51,1,-1,-1,-1
624,5,1409.51,136.36,325.26,932.42,1,-1,-1,-1
625,21,479.05,128.80,415.48,951.51,1,-1,-1,-1
625,15,906.09,213.10,163.87,537.42,1,-1,-1,-1
625,13,1264.47,146.17,201.18,728.82,1,-1,-1,-1
625,7,309.61,179.30,256.76,697.68,1,-1,-1,-1
625,5,1428.08,134.78,312.13,930.31,1,-1,-1,-1
626,21,496.51,136.56,411.43,938.99,1,-1,-1,-1
626,15,899.18,212.51,160.07,533.36,1,-1,-1,-1
626,13,1249.32,152.09,206.22,730.88,1,-1,-1,-1
626,7,307.05,177.28,252.81,700.64,1,-1,-1,-1
626,5,1441.39,137.33,313.37,929.03,1,-1,-1,-1
627,21,518.77,141.68,428.99,937.79,1,-1,-1,-1
627,15,888.59,205.52,152.99,543.22,1,-1,-1,-1
627,13,1227.03,147.12,209.04,725.90,1,-1,-1,-1
627,7,295.95,186.57,242.41,689.58,1,-1,-1,-1
627,5,1464.31,142.97,312.41,929.84,1,-1,-1,-1
628,21,542.63,135.33,429.63,950.20,1,-1,-1,-1
628,15,872.75,216.77,158.22,550.51,1,-1,-1,-1
628,13,1194.08,145.30,215.62,722.26,1,-1,-1,-1
628,7,277.78,189.54,244.68,697.38,1,-1,-1,-1
628,5,1482.39,141.09,316.22,927.13,1,-1,-1,-1
629,21,549.00,133.88,425.79,959.44,1,-1,-1,-1
629,15,877.22,220.02,152.90,545.94,1,-1,-1,-1
629,13,1172.96,157.07,221.23,718.76,1,-1,-1,-1
629,7,259.70,181.06,242.42,712.50,1,-1,-1,-1
629,5,1489.95,141.36,319.58,924.48,1,-1,-1,-1
630,21,584.30,137.55,420.99,955.25,1,-1,-1,-1
630,15,874.14,227.10,145.77,542.04,1,-1,-1,-1
630,13,1160.69,157.07,214.69,720.36,1,-1,-1,-1
630,7,241.21,167.86,253.16,718.61,1,-1,-1,-1
630,5,1499.67,141.27,321.36,923.94,1,-1,-1,-1
631,21,616.25,121.49,408.95,985.48,1,-1,-1,-1
631,13,1141.49,164.32,207.04,723.62,1,-1,-1,-1
631,7,223.99,169.11,258.32,724.02,1,-1,-1,-1
631,5,1501.45,135.95,326.65,928.42,1,-1,-1,-1
632,21,636.11,116.49,404.59,987.41,1,-1,-1,-1
632,13,1124.12,159.54,192.54,715.86,1,-1,-1,-1
632,7,202.45,170.40,270.28,737.14,1,-1,-1,-1
632,5,1504.40,138.82,325.65,924.74,1,-1,-1,-1
633,21,664.13,125.59,385.20,988.57,1,-1,-1,-1
633,13,1092.24,152.17,200.49,719.36,1,-1,-1,-1
633,7,184.74,177.08,279.34,742.48,1,-1,-1,-1
633,5,1503.46,140.93,322.21,916.96,1,-1,-1,-1
634,21,676.26,121.49,391.06,969.85,1,-1,-1,-1
634,13,1065.26,158.31,210.39,724.50,1,-1,-1,-1
634,7,182.26,174.70,269.73,754.13,1,-1,-1,-1
634,5,1506.08,143.49,312.14,906.51,1,-1,-1,-1
635,21,694.46,129.15,399.29,971.20,1,-1,-1,-1
635,13,1041.25,167.99,216.51,725.40,1,-1,-1,-1
635,7,172.10,182.44,274.06,764.91,1,-1,-1,-1
635,5,1506.16,148.22,302.81,900.07,1,-1,-1,-1
636,21,692.39,110.60,411.14,957.05,1,-1,-1,-1
636,13,1026.51,165.29,219.55,731.15,1,-1,-1,-1
636,7,151.65,177.27,290.66,791.04,1,-1,-1,-1
636,5,1504.95,152.07,293.75,893.26,1,-1,-1,-1
637,21,736.00,171.00,391.00,874.00,1,-1,-1,-1
637,13,1008.10,170.98,216.29,721.21,1,-1,-1,-1
637,7,133.35,169.94,295.39,804.65,1,-1,-1,-1
637,5,1496.95,150.49,289.94,888.66,1,-1,-1,-1
638,21,744.72,156.57,402.11,903.03,1,-1,-1,-1
638,15,690.00,241.00,168.00,554.00,1,-1,-1,-1
638,13,1000.52,177.90,185.65,705.03,1,-1,-1,-1
638,7,115.33,167.85,305.89,809.71,1,-1,-1,-1
638,5,1480.89,143.53,304.45,885.58,1,-1,-1,-1
639,22,987.12,177.20,98.50,99.72,1,-1,-1,-1
639,21,748.30,145.54,406.88,923.70,1,-1,-1,-1
639,15,679.23,242.84,187.37,561.49,1,-1,-1,-1
639,13,1005.53,158.31,183.48,705.03,1,-1,-1,-1
639,7,97.46,169.04,313.51,815.38,1,-1,-1,-1
639,5,1470.67,153.40,296.19,866.00,1,-1,-1,-1
640,22,989.58,178.99,96.23,97.21,1,-1,-1,-1
640,21,797.79,134.10,386.33,934.05,1,-1,-1,-1
640,15,670.31,238.11,196.58,561.89,1,-1,-1,-1
640,7,82.98,167.29,316.14,813.31,1,-1,-1,-1
640,5,1459.74,152.54,293.00,862.54,1,-1,-1,-1
641,22,986.84,145.78,96.23,97.21,1,-1,-1,-1
641,21,832.23,125.09,397.81,958.97,1,-1,-1,-1
641,15,662.70,239.63,197.81,566.59,1,-1,-1,-1
641,7,69.57,167.05,318.27,813.65,1,-1,-1,-1
641,5,1444.57,151.82,298.18,852.64,1,-1,-1,-1
642,21,854.56,142.55,391.38,942.90,1,-1,-1,-1
642,15,648.75,239.76,194.13,567.03,1,-1,-1,-1
642,7,55.20,154.96,325.08,823.94,1,-1,-1,-1
642,5,1427.26,152.78,305.23,840.41,1,-1,-1,-1
643,21,852.79,136.72,412.16,953.92,1,-1,-1,-1
643,15,636.58,244.59,186.02,560.15,1,-1,-1,-1
643,13,840.00,194.00,156.00,697.00,1,-1,-1,-1
643,7,42.98,138.77,338.83,847.82,1,-1,-1,-1
643,5,1418.84,156.90,299.61,835.87,1,-1,-1,-1
644,21,897.26,143.03,382.97,948.01,1,-1,-1,-1
644,15,626.53,254.91,176.58,552.67,1,-1,-1,-1
644,13,820.26,190.91,182.06,691.83,1,-1,-1,-1
644,7,49.49,137.69,346.56,859.25,1,-1,-1,-1
644,5,1427.51,161.67,280.50,835.63,1,-1,-1,-1
645,21,918.40,129.45,381.60,961.20,1,-1,-1,-1
645,15,609.72,251.21,177.76,560.50,1,-1,-1,-1
645,13,792.72,196.11,193.68,693.01,1,-1,-1,-1
645,7,26.29,129.13,367.02,883.89,1,-1,-1,-1
645,5,1438.29,164.63,256.81,838.46,1,-1,-1,-1
646,21,953.45,118.14,367.92,978.38,1,-1,-1,-1
646,15,592.94,236.89,204.06,571.27,1,-1,-1,-1
646,13,780.78,199.31,182.90,683.89,1,-1,-1,-1
646,7,24.42,133.83,377.00,892.90,1,-1,-1,-1
646,5,1442.55,166.19,244.45,819.87,1,-1,-1,-1
647,21,1023.91,125.63,368.20,964.68,1,-1,-1,-1
647,15,573.20,232.00,227.16,581.60,1,-1,-1,-1
647,13,756.28,180.16,190.95,695.15,1,-1,-1,-1
647,7,32.45,138.82,364.59,898.27,1,-1,-1,-1
647,5,1439.70,170.52,234.55,791.56,1,-1,-1,-1
648,21,1052.20,123.94,365.05,973.49,1,-1,-1,-1
648,15,561.92,235.09,193.83,583.49,1,-1,-1,-1
648,13,703.03,168.83,208.53,706.01,1,-1,-1,-1
648,7,47.66,119.23,356.10,919.64,1,-1,-1,-1
648,5,1436.00,173.94,227.20,760.52,1,-1,-1,-1
