20,1,0.00,524.48,124.49,325.45,1,-1,-1,-1
21,1,-4.39,518.25,124.00,325.00,1,-1,-1,-1
22,1,2.30,539.11,141.53,296.90,1,-1,-1,-1
23,1,10.93,540.08,141.05,282.41,1,-1,-1,-1
24,1,13.05,483.83,140.73,330.39,1,-1,-1,-1
25,1,6.97,390.12,164.38,432.95,1,-1,-1,-1
26,1,7.51,342.72,185.53,492.21,1,-1,-1,-1
27,1,10.04,327.66,188.76,521.68,1,-1,-1,-1
28,1,11.59,326.29,194.61,525.14,1,-1,-1,-1
29,1,12.98,326.99,192.23,539.84,1,-1,-1,-1
30,1,7.52,318.57,199.52,533.65,1,-1,-1,-1
31,1,4.67,322.90,208.75,539.06,1,-1,-1,-1
32,1,7.45,327.61,220.55,545.07,1,-1,-1,-1
33,1,0.66,332.01,222.56,548.89,1,-1,-1,-1
34,1,-0.09,324.37,227.16,546.13,1,-1,-1,-1
35,1,10.71,311.72,213.09,552.97,1,-1,-1,-1
36,1,1.45,313.16,214.86,550.74,1,-1,-1,-1
37,1,-1.90,307.00,225.16,555.35,1,-1,-1,-1
38,1,2.06,307.16,230.73,557.45,1,-1,-1,-1
39,1,14.23,298.84,243.14,560.40,1,-1,-1,-1
40,1,19.80,297.50,232.54,560.36,1,-1,-1,-1
41,1,20.86,288.97,232.08,586.65,1,-1,-1,-1
42,1,27.38,294.79,217.82,592.50,1,-1,-1,-1
43,1,70.00,232.00,225.00,689.00,1,-1,-1,-1
44,1,74.03,230.14,226.60,699.16,1,-1,-1,-1
45,1,87.04,231.14,233.16,701.03,1,-1,-1,-1
46,1,107.44,230.21,252.36,701.77,1,-1,-1,-1
47,1,114.63,230.01,259.46,703.60,1,-1,-1,-1
48,1,126.83,225.42,262.80,709.41,1,-1,-1,-1
49,1,135.40,228.68,269.51,712.76,1,-1,-1,-1
50,1,140.13,223.58,266.57,722.99,1,-1,-1,-1
51,1,144.93,225.93,261.16,722.16,1,-1,-1,-1
52,1,159.22,225.17,254.67,725.96,1,-1,-1,-1
53,1,171.29,222.17,261.82,731.14,1,-1,-1,-1
54,1,178.66,218.44,262.59,735.33,1,-1,-1,-1
55,1,201.21,210.40,254.83,748.22,1,-1,-1,-1
56,1,215.53,207.94,252.64,752.12,1,-1,-1,-1
57,1,229.73,208.40,268.84,759.17,1,-1,-1,-1
58,1,246.07,205.44,293.36,760.32,1,-1,-1,-1
59,1,255.54,206.33,298.23,755.29,1,-1,-1,-1
60,1,271.76,201.74,302.71,758.20,1,-1,-1,-1
61,1,289.44,202.28,293.40,761.90,1,-1,-1,-1
62,1,295.87,202.43,289.98,768.89,1,-1,-1,-1
63,1,306.31,207.52,276.65,784.04,1,-1,-1,-1
64,1,322.96,210.79,259.68,793.74,1,-1,-1,-1
65,1,333.17,200.39,249.81,807.74,1,-1,-1,-1
66,1,332.79,197.23,260.92,815.04,1,-1,-1,-1
67,1,337.58,191.01,270.54,829.86,1,-1,-1,-1
68,1,337.43,180.57,288.23,851.39,1,-1,-1,-1
69,1,338.76,171.81,305.36,867.28,1,-1,-1,-1
70,1,335.32,172.23,319.42,889.43,1,-1,-1,-1
71,1,337.71,165.24,325.39,904.07,1,-1,-1,-1
72,1,333.02,176.88,326.94,897.70,1,-1,-1,-1
73,1,334.72,177.27,315.12,901.37,1,-1,-1,-1
74,1,331.95,174.60,316.33,900.46,1,-1,-1,-1
75,1,322.60,179.42,328.52,907.27,1,-1,-1,-1
76,1,324.39,166.19,323.68,923.67,1,-1,-1,-1
77,1,316.76,162.56,342.27,930.45,1,-1,-1,-1
78,1,324.24,170.14,346.76,923.99,1,-1,-1,-1
79,1,327.43,156.23,352.10,940.59,1,-1,-1,-1
80,1,345.38,162.01,341.82,941.58,1,-1,-1,-1
81,1,361.98,163.00,339.50,945.22,1,-1,-1,-1
82,1,391.53,167.01,330.89,938.72,1,-1,-1,-1
83,1,429.52,170.84,314.16,924.46,1,-1,-1,-1
84,1,458.39,169.85,299.42,939.15,1,-1,-1,-1
85,1,486.91,131.36,296.84,979.99,1,-1,-1,-1
86,1,510.72,128.13,280.54,984.14,1,-1,-1,-1
87,1,539.28,293.68,293.18,813.09,1,-1,-1,-1
88,1,573.01,138.72,298.14,890.52,1,-1,-1,-1
89,1,585.00,121.00,343.00,941.00,1,-1,-1,-1
90,1,618.72,124.16,348.38,946.36,1,-1,-1,-1
91,1,652.68,119.84,371.03,958.01,1,-1,-1,-1
92,1,697.78,131.89,383.52,949.46,1,-1,-1,-1
93,1,743.57,145.61,377.60,932.89,1,-1,-1,-1
94,1,783.46,129.76,379.88,941.89,1,-1,-1,-1
95,1,802.56,130.08,390.36,945.50,1,-1,-1,-1
96,1,832.15,118.63,384.92,944.20,1,-1,-1,-1
97,1,865.80,116.15,388.62,948.54,1,-1,-1,-1
98,1,892.51,121.67,382.19,942.92,1,-1,-1,-1
99,1,926.75,128.90,365.06,937.02,1,-1,-1,-1
100,1,953.45,130.72,374.97,940.30,1,-1,-1,-1
101,1,975.29,138.66,376.94,935.83,1,-1,-1,-1
102,1,1001.33,142.68,369.60,929.01,1,-1,-1,-1
103,1,1013.72,124.97,367.70,940.55,1,-1,-1,-1
104,1,1028.80,126.31,361.04,942.94,1,-1,-1,-1
105,1,1047.97,115.54,345.08,952.19,1,-1,-1,-1
106,1,1051.83,110.50,345.11,962.39,1,-1,-1,-1
107,1,1076.52,112.77,320.51,966.62,1,-1,-1,-1
108,1,1076.34,124.11,326.71,950.79,1,-1,-1,-1
109,1,1093.42,127.72,314.69,934.92,1,-1,-1,-1
110,1,1111.35,137.69,300.66,934.84,1,-1,-1,-1
111,1,1120.96,131.82,299.34,927.53,1,-1,-1,-1
112,1,1123.43,122.61,300.23,935.66,1,-1,-1,-1
113,2,0.00,359.06,80.27,440.85,1,-1,-1,-1
113,1,1171.00,122.00,244.00,941.00,1,-1,-1,-1
114,2,4.30,320.92,77.04,509.91,1,-1,-1,-1
114,1,1161.35,138.26,281.97,926.98,1,-1,-1,-1
115,2,5.20,308.86,113.34,519.60,1,-1,-1,-1
115,1,1163.53,127.73,292.72,934.66,1,-1,-1,-1
116,2,7.77,294.48,120.12,541.00,1,-1,-1,-1
116,1,1172.92,129.67,293.14,935.39,1,-1,-1,-1
117,2,12.67,290.98,131.75,547.96,1,-1,-1,-1
117,1,1179.65,133.91,299.37,927.02,1,-1,-1,-1
118,2,19.30,288.35,134.68,551.86,1,-1,-1,-1
118,1,1196.70,140.87,295.17,919.39,1,-1,-1,-1
119,2,26.34,281.25,134.26,567.22,1,-1,-1,-1
119,1,1217.74,147.00,284.71,908.89,1,-1,-1,-1
120,2,31.29,279.06,152.20,578.45,1,-1,-1,-1
120,1,1241.21,153.21,268.75,888.60,1,-1,-1,-1
121,2,34.95,270.63,161.02,588.97,1,-1,-1,-1
121,1,1256.10,155.72,261.35,882.99,1,-1,-1,-1
122,2,33.32,249.54,180.76,594.12,1,-1,-1,-1
122,1,1267.58,166.36,258.04,865.38,1,-1,-1,-1
123,2,33.74,227.38,194.69,599.39,1,-1,-1,-1
123,1,1286.80,159.84,249.60,860.00,1,-1,-1,-1
124,2,43.52,219.41,218.91,603.68,1,-1,-1,-1
124,1,1299.94,153.44,247.56,848.94,1,-1,-1,-1
125,2,54.41,224.93,221.05,601.10,1,-1,-1,-1
125,1,1305.90,156.41,244.15,835.39,1,-1,-1,-1
126,2,14.00,242.00,351.00,591.00,1,-1,-1,-1
126,1,1308.75,161.36,242.72,820.82,1,-1,-1,-1
127,2,21.16,244.47,356.90,590.93,1,-1,-1,-1
127,1,1308.66,165.25,243.14,804.01,1,-1,-1,-1
128,2,32.23,237.09,346.91,594.86,1,-1,-1,-1
128,1,1309.64,172.12,231.84,796.20,1,-1,-1,-1
129,2,46.70,233.24,330.58,598.72,1,-1,-1,-1
129,1,1305.84,178.01,229.89,781.53,1,-1,-1,-1
130,2,58.04,224.37,317.18,607.08,1,-1,-1,-1
130,1,1303.64,184.72,223.18,764.93,1,-1,-1,-1
131,2,63.00,214.17,312.10,623.33,1,-1,-1,-1
131,1,1301.23,186.90,222.00,750.81,1,-1,-1,-1
132,2,57.84,210.69,304.20,634.72,1,-1,-1,-1
132,1,1302.10,183.92,216.84,754.13,1,-1,-1,-1
133,2,74.49,218.39,299.35,645.84,1,-1,-1,-1
133,1,1294.52,183.12,222.08,738.26,1,-1,-1,-1
134,2,87.35,263.53,298.38,655.41,1,-1,-1,-1
134,1,1284.42,184.25,218.42,726.32,1,-1,-1,-1
135,2,93.72,264.93,301.32,666.03,1,-1,-1,-1
135,1,1276.28,185.02,211.28,718.15,1,-1,-1,-1
136,2,92.89,259.61,307.25,668.71,1,-1,-1,-1
136,1,1270.39,188.21,211.74,712.12,1,-1,-1,-1
137,2,92.66,220.04,311.06,677.90,1,-1,-1,-1
137,1,1263.37,189.85,208.99,710.13,1,-1,-1,-1
138,2,96.32,220.62,315.58,686.23,1,-1,-1,-1
138,1,1256.47,196.58,196.25,697.43,1,-1,-1,-1
139,2,99.44,233.96,316.70,684.73,1,-1,-1,-1
139,1,1249.16,202.48,201.42,681.95,1,-1,-1,-1
140,2,100.76,241.43,321.75,689.29,1,-1,-1,-1
140,1,1239.68,211.39,199.76,664.82,1,-1,-1,-1
141,2,107.52,247.33,315.98,704.11,1,-1,-1,-1
141,1,1236.79,213.53,195.81,651.51,1,-1,-1,-1
142,2,102.71,240.47,341.66,702.29,1,-1,-1,-1
142,1,1227.93,203.28,182.72,649.15,1,-1,-1,-1
143,2,82.99,196.87,354.86,710.72,1,-1,-1,-1
143,1,1215.61,201.09,175.74,643.17,1,-1,-1,-1
144,2,85.88,202.58,374.41,716.09,1,-1,-1,-1
144,1,1203.93,206.41,174.68,632.14,1,-1,-1,-1
145,2,80.33,192.16,396.94,728.11,1,-1,-1,-1
145,1,1184.52,203.89,178.68,627.93,1,-1,-1,-1
146,2,79.99,189.43,408.33,734.08,1,-1,-1,-1
146,1,1175.14,208.71,182.16,621.50,1,-1,-1,-1
147,2,81.07,189.49,435.01,737.65,1,-1,-1,-1
147,1,1155.65,209.59,195.81,617.87,1,-1,-1,-1
148,2,93.66,184.83,448.15,748.24,1,-1,-1,-1
148,1,1140.49,210.51,201.61,616.06,1,-1,-1,-1
149,2,100.46,181.86,448.69,756.51,1,-1,-1,-1
149,1,1127.69,217.62,203.93,604.54,1,-1,-1,-1
150,2,111.00,178.83,439.06,772.18,1,-1,-1,-1
150,1,1123.78,218.10,203.52,602.44,1,-1,-1,-1
151,2,127.10,179.06,427.27,782.10,1,-1,-1,-1
151,1,1111.76,218.93,195.19,595.61,1,-1,-1,-1
152,2,135.87,170.93,424.79,796.66,1,-1,-1,-1
152,1,1100.45,217.40,174.78,589.14,1,-1,-1,-1
153,2,134.72,166.28,434.58,806.26,1,-1,-1,-1
153,1,1089.87,215.52,157.60,581.18,1,-1,-1,-1
154,2,137.14,173.77,418.36,805.79,1,-1,-1,-1
154,1,1074.35,213.91,160.85,574.89,1,-1,-1,-1
155,2,135.70,168.76,414.41,812.22,1,-1,-1,-1
155,1,1072.46,207.23,153.19,586.24,1,-1,-1,-1
156,2,153.41,173.65,384.44,807.90,1,-1,-1,-1
156,1,1060.66,212.34,156.68,581.82,1,-1,-1,-1
157,2,161.04,170.22,381.01,816.67,1,-1,-1,-1
157,1,1042.33,217.37,170.89,578.49,1,-1,-1,-1
158,2,224.00,155.00,287.00,836.00,1,-1,-1,-1
158,1,1033.57,226.39,167.77,570.64,1,-1,-1,-1
159,2,220.16,155.03,301.16,847.99,1,-1,-1,-1
159,1,1027.10,215.14,173.77,586.20,1,-1,-1,-1
160,2,230.27,163.86,311.66,840.71,1,-1,-1,-1
160,1,1007.66,226.32,186.79,570.31,1,-1,-1,-1
161,2,245.06,163.75,291.92,841.36,1,-1,-1,-1
161,1,982.73,225.42,190.56,565.16,1,-1,-1,-1
162,2,238.00,165.58,286.61,847.75,1,-1,-1,-1
162,1,966.03,224.27,184.39,562.69,1,-1,-1,-1
163,2,232.87,160.04,287.86,851.33,1,-1,-1,-1
163,1,960.14,226.47,183.55,559.70,1,-1,-1,-1
164,2,230.76,156.27,293.08,873.45,1,-1,-1,-1
164,1,948.24,226.72,177.84,552.46,1,-1,-1,-1
165,2,226.08,151.13,306.39,880.98,1,-1,-1,-1
165,1,935.21,226.97,174.14,551.07,1,-1,-1,-1
166,2,227.61,144.32,313.12,896.70,1,-1,-1,-1
166,1,918.56,227.77,178.34,545.52,1,-1,-1,-1
167,2,226.77,145.34,319.68,898.85,1,-1,-1,-1
167,1,904.66,231.88,184.83,545.71,1,-1,-1,-1
168,2,221.06,131.79,331.49,920.26,1,-1,-1,-1
168,1,891.10,236.94,193.33,543.94,1,-1,-1,-1
169,2,223.35,131.02,345.00,926.00,1,-1,-1,-1
169,1,890.30,240.01,192.55,546.40,1,-1,-1,-1
170,2,232.68,135.53,359.10,932.39,1,-1,-1,-1
170,1,883.58,235.30,186.13,554.31,1,-1,-1,-1
171,2,244.15,134.09,372.91,938.68,1,-1,-1,-1
171,1,871.89,245.60,186.68,544.07,1,-1,-1,-1
172,2,259.43,148.24,380.37,924.56,1,-1,-1,-1
172,1,862.04,243.84,164.03,542.97,1,-1,-1,-1
173,2,270.00,150.03,378.73,922.35,1,-1,-1,-1
173,1,854.92,250.21,155.48,530.38,1,-1,-1,-1
174,2,286.82,143.74,380.25,925.70,1,-1,-1,-1
174,1,837.02,242.67,155.13,528.23,1,-1,-1,-1
175,2,301.54,134.56,385.08,929.75,1,-1,-1,-1
175,1,816.78,246.60,161.79,535.48,1,-1,-1,-1
176,2,312.18,116.37,387.54,946.82,1,-1,-1,-1
176,1,800.38,248.76,159.16,540.31,1,-1,-1,-1
177,2,323.32,111.54,399.78,971.12,1,-1,-1,-1
177,1,760.77,253.02,192.05,538.79,1,-1,-1,-1
178,2,335.86,96.65,404.94,985.73,1,-1,-1,-1
178,1,752.96,242.52,187.89,551.83,1,-1,-1,-1
179,2,342.18,103.52,402.68,981.94,1,-1,-1,-1
179,1,748.94,242.46,179.11,555.12,1,-1,-1,-1
180,2,355.79,87.20,419.70,998.69,1,-1,-1,-1
180,1,725.86,242.19,177.44,569.53,1,-1,-1,-1
181,3,718.90,238.13,168.69,560.36,1,-1,-1,-1
181,2,373.97,87.84,419.06,1015.55,1,-1,-1,-1
182,3,725.39,262.30,138.00,528.82,1,-1,-1,-1
182,2,386.88,62.32,419.09,1042.05,1,-1,-1,-1
183,3,733.63,253.51,158.65,528.82,1,-1,-1,-1
183,2,401.79,68.84,428.80,1031.11,1,-1,-1,-1
184,3,761.16,252.49,158.65,528.82,1,-1,-1,-1
184,2,423.65,67.26,433.32,1022.60,1,-1,-1,-1
185,3,778.49,255.55,158.65,528.82,1,-1,-1,-1
185,2,448.78,53.80,414.28,1035.82,1,-1,-1,-1
186,2,474.37,51.01,418.46,1048.10,1,-1,-1,-1
187,2,511.47,39.12,421.99,1054.42,1,-1,-1,-1
188,2,535.29,31.88,416.48,1067.21,1,-1,-1,-1
189,3,533.00,367.00,195.00,441.00,1,-1,-1,-1
189,2,559.75,34.89,419.65,1080.62,1,-1,-1,-1
190,3,547.58,371.86,195.00,441.00,1,-1,-1,-1
190,2,585.41,32.21,418.00,1080.31,1,-1,-1,-1
191,3,549.64,289.95,221.24,523.60,1,-1,-1,-1
191,2,625.92,39.93,419.36,1076.99,1,-1,-1,-1
192,3,525.40,276.57,221.68,541.25,1,-1,-1,-1
192,2,668.20,41.99,420.10,1072.38,1,-1,-1,-1
193,3,493.64,258.95,206.00,562.32,1,-1,-1,-1
193,2,698.00,22.76,430.43,1081.03,1,-1,-1,-1
194,2,732.42,14.64,432.30,1090.65,1,-1,-1,-1
194,1,503.00,231.00,174.00,609.00,1,-1,-1,-1
195,2,747.00,5.00,481.00,1063.00,1,-1,-1,-1
195,1,474.43,233.24,193.86,615.42,1,-1,-1,-1
196,2,772.59,13.49,491.57,1060.44,1,-1,-1,-1
196,1,446.40,244.29,217.91,610.92,1,-1,-1,-1
197,2,816.38,14.32,490.07,1048.94,1,-1,-1,-1
197,1,424.97,243.44,219.25,619.00,1,-1,-1,-1
198,2,851.66,30.50,494.55,1042.20,1,-1,-1,-1
198,1,417.64,240.20,208.84,626.41,1,-1,-1,-1
199,2,906.69,30.58,487.72,1061.10,1,-1,-1,-1
199,1,396.67,245.95,212.55,624.55,1,-1,-1,-1
200,2,919.74,28.34,506.23,1065.08,1,-1,-1,-1
200,1,397.01,239.21,201.60,637.39,1,-1,-1,-1
201,2,957.18,27.44,497.23,1068.48,1,-1,-1,-1
201,1,382.52,231.82,190.50,653.01,1,-1,-1,-1
202,2,989.28,24.52,482.65,1071.62,1,-1,-1,-1
202,1,366.67,227.96,195.50,647.45,1,-1,-1,-1
203,2,1024.13,26.82,476.20,1051.41,1,-1,-1,-1
203,1,350.54,238.06,199.28,650.10,1,-1,-1,-1
204,2,1049.83,29.19,467.30,1045.24,1,-1,-1,-1
204,1,324.00,236.99,218.21,659.03,1,-1,-1,-1
205,2,1088.83,28.90,443.87,1046.80,1,-1,-1,-1
205,1,305.53,236.40,232.31,672.47,1,-1,-1,-1
206,2,1107.42,26.94,435.98,1062.04,1,-1,-1,-1
206,1,299.99,237.46,223.21,686.06,1,-1,-1,-1
207,2,1121.69,23.72,431.50,1069.08,1,-1,-1,-1
207,1,289.57,230.48,223.54,708.86,1,-1,-1,-1
208,2,1131.13,25.68,449.39,1072.15,1,-1,-1,-1
208,1,268.23,226.93,238.80,720.28,1,-1,-1,-1
209,2,1134.60,32.12,458.27,1064.61,1,-1,-1,-1
209,1,252.17,219.05,248.95,739.74,1,-1,-1,-1
210,2,1137.58,25.24,462.28,1061.92,1,-1,-1,-1
210,1,241.26,217.05,263.13,743.51,1,-1,-1,-1
211,2,1128.64,27.12,475.82,1055.79,1,-1,-1,-1
211,1,235.31,214.63,274.46,746.94,1,-1,-1,-1
212,2,1145.22,26.35,468.75,1057.19,1,-1,-1,-1
212,1,229.27,211.65,273.41,751.04,1,-1,-1,-1
213,2,1141.67,22.90,482.60,1057.32,1,-1,-1,-1
213,1,216.03,209.54,279.37,768.00,1,-1,-1,-1
214,2,1151.53,36.80,479.37,1036.00,1,-1,-1,-1
214,1,213.73,212.01,275.71,777.12,1,-1,-1,-1
215,2,1164.83,49.40,465.81,1018.42,1,-1,-1,-1
215,1,216.88,213.10,265.32,787.12,1,-1,-1,-1
216,2,1164.82,55.82,466.87,1014.87,1,-1,-1,-1
216,1,220.40,212.77,254.43,794.30,1,-1,-1,-1
217,4,0.84,255.75,197.32,565.11,1,-1,-1,-1
217,2,1177.65,61.46,446.97,1006.58,1,-1,-1,-1
217,1,228.23,213.25,244.66,793.42,1,-1,-1,-1
218,4,5.68,261.50,207.68,569.80,1,-1,-1,-1
218,2,1183.84,68.96,444.42,1008.27,1,-1,-1,-1
218,1,226.48,214.49,245.63,793.65,1,-1,-1,-1
219,4,9.69,265.88,206.27,567.69,1,-1,-1,-1
219,2,1183.98,71.20,452.73,998.93,1,-1,-1,-1
219,1,229.59,208.42,245.39,800.03,1,-1,-1,-1
220,4,12.61,256.92,193.77,575.59,1,-1,-1,-1
220,2,1192.96,70.47,447.64,1006.60,1,-1,-1,-1
220,1,239.58,201.72,239.63,808.02,1,-1,-1,-1
221,4,15.20,262.38,207.18,572.35,1,-1,-1,-1
221,2,1202.81,60.52,448.68,1008.11,1,-1,-1,-1
221,1,243.71,197.92,252.09,816.74,1,-1,-1,-1
222,4,13.71,259.70,200.38,570.52,1,-1,-1,-1
222,2,1207.58,58.51,468.58,1029.88,1,-1,-1,-1
222,1,254.53,194.73,247.53,823.61,1,-1,-1,-1
223,4,16.83,257.47,207.22,585.15,1,-1,-1,-1
223,2,1213.93,79.28,481.47,1015.24,1,-1,-1,-1
223,1,258.67,189.83,254.67,843.19,1,-1,-1,-1
224,4,17.63,249.91,213.26,591.37,1,-1,-1,-1
224,2,1220.83,87.21,445.89,989.35,1,-1,-1,-1
224,1,266.76,193.39,268.16,852.23,1,-1,-1,-1
225,4,18.07,249.68,218.41,594.96,1,-1,-1,-1
225,2,1236.10,101.89,430.13,956.38,1,-1,-1,-1
225,1,272.45,196.13,274.54,855.58,1,-1,-1,-1
226,4,21.76,243.98,225.04,609.72,1,-1,-1,-1
226,2,1253.98,105.81,427.54,934.37,1,-1,-1,-1
226,1,281.49,187.10,280.69,873.04,1,-1,-1,-1
227,4,25.30,247.04,231.16,613.73,1,-1,-1,-1
227,2,1266.68,115.63,440.20,920.87,1,-1,-1,-1
227,1,283.26,179.93,282.92,885.90,1,-1,-1,-1
228,4,32.80,246.17,230.75,619.52,1,-1,-1,-1
228,2,1278.74,110.98,411.54,924.24,1,-1,-1,-1
228,1,286.93,178.72,291.04,892.99,1,-1,-1,-1
229,4,41.53,242.94,227.64,625.47,1,-1,-1,-1
229,2,1284.24,102.44,397.58,929.96,1,-1,-1,-1
229,1,291.68,172.83,286.26,906.58,1,-1,-1,-1
230,4,46.01,240.46,228.16,625.80,1,-1,-1,-1
230,2,1283.37,96.72,388.92,938.06,1,-1,-1,-1
230,1,294.05,175.23,284.91,902.79,1,-1,-1,-1
231,4,59.14,236.29,228.32,637.23,1,-1,-1,-1
231,2,1281.28,97.77,373.15,929.23,1,-1,-1,-1
231,1,306.57,181.96,276.00,896.28,1,-1,-1,-1
232,4,69.78,234.22,230.19,630.82,1,-1,-1,-1
232,2,1279.21,102.51,358.56,921.33,1,-1,-1,-1
232,1,317.53,170.84,272.19,910.63,1,-1,-1,-1
233,4,68.21,236.12,233.02,629.41,1,-1,-1,-1
233,2,1273.04,111.27,338.83,918.18,1,-1,-1,-1
233,1,327.11,173.76,275.84,908.84,1,-1,-1,-1
234,4,81.25,234.64,236.35,635.46,1,-1,-1,-1
234,2,1250.93,123.14,348.50,901.79,1,-1,-1,-1
234,1,332.67,177.33,282.83,907.51,1,-1,-1,-1
235,4,92.64,229.69,238.53,640.86,1,-1,-1,-1
235,2,1246.61,128.15,337.66,890.58,1,-1,-1,-1
235,1,341.93,177.11,290.26,915.08,1,-1,-1,-1
236,4,98.68,228.45,239.29,648.75,1,-1,-1,-1
236,2,1229.29,135.72,326.35,867.23,1,-1,-1,-1
236,1,356.47,179.64,293.09,904.92,1,-1,-1,-1
237,4,103.46,230.32,250.72,654.31,1,-1,-1,-1
237,2,1221.59,132.40,320.65,845.06,1,-1,-1,-1
237,1,361.36,181.73,298.02,910.84,1,-1,-1,-1
238,4,105.89,225.12,249.52,667.84,1,-1,-1,-1
238,2,1208.72,126.84,308.62,826.56,1,-1,-1,-1
238,1,378.42,177.42,304.58,911.48,1,-1,-1,-1
239,4,110.39,230.59,254.19,671.40,1,-1,-1,-1
239,2,1194.09,132.22,312.51,804.66,1,-1,-1,-1
239,1,392.73,174.89,326.33,913.17,1,-1,-1,-1
240,4,117.22,230.26,252.53,679.31,1,-1,-1,-1
240,2,1182.50,143.40,311.02,791.81,1,-1,-1,-1
240,1,414.01,165.67,340.86,925.22,1,-1,-1,-1
241,4,127.81,229.74,254.53,686.42,1,-1,-1,-1
241,2,1169.60,157.14,306.51,775.87,1,-1,-1,-1
241,1,441.73,172.03,342.41,916.81,1,-1,-1,-1
242,4,132.03,226.52,249.73,691.05,1,-1,-1,-1
242,2,1162.20,161.05,303.99,773.31,1,-1,-1,-1
242,1,442.02,177.65,353.61,918.76,1,-1,-1,-1
243,4,131.90,222.86,252.26,697.50,1,-1,-1,-1
243,2,1155.36,162.79,308.24,764.64,1,-1,-1,-1
243,1,449.50,158.12,355.91,936.56,1,-1,-1,-1
244,4,140.43,218.47,252.05,706.71,1,-1,-1,-1
244,2,1142.57,165.57,308.29,764.29,1,-1,-1,-1
244,1,465.52,182.81,360.07,910.90,1,-1,-1,-1
245,4,144.53,216.31,251.80,709.15,1,-1,-1,-1
245,2,1135.23,171.57,294.00,745.97,1,-1,-1,-1
245,1,486.66,180.06,360.40,909.89,1,-1,-1,-1
246,4,147.29,211.60,254.66,718.38,1,-1,-1,-1
246,2,1129.76,161.51,290.23,743.37,1,-1,-1,-1
246,1,529.28,175.13,346.19,912.03,1,-1,-1,-1
247,4,154.28,204.14,259.85,739.25,1,-1,-1,-1
247,2,1129.60,162.39,285.62,728.01,1,-1,-1,-1
247,1,584.27,159.38,332.18,926.99,1,-1,-1,-1
248,4,178.90,208.92,254.05,747.90,1,-1,-1,-1
248,2,1128.68,171.06,277.46,699.39,1,-1,-1,-1
248,1,635.26,160.32,308.85,925.32,1,-1,-1,-1
249,4,184.16,209.34,259.32,748.85,1,-1,-1,-1
249,2,1128.76,175.62,274.18,688.35,1,-1,-1,-1
249,1,666.00,161.37,303.30,928.15,1,-1,-1,-1
250,4,195.39,215.24,258.52,759.56,1,-1,-1,-1
250,2,1127.39,179.50,272.30,681.77,1,-1,-1,-1
250,1,682.61,163.20,305.30,926.49,1,-1,-1,-1
251,4,205.52,211.51,256.57,754.83,1,-1,-1,-1
251,2,1128.79,181.47,267.85,673.71,1,-1,-1,-1
251,1,718.01,155.45,302.53,928.84,1,-1,-1,-1
252,4,217.42,213.29,246.21,769.55,1,-1,-1,-1
252,2,1128.19,181.54,261.52,668.28,1,-1,-1,-1
252,1,753.84,161.95,299.64,915.16,1,-1,-1,-1
253,4,208.31,201.37,255.27,768.88,1,-1,-1,-1
253,2,1128.92,188.37,258.75,665.24,1,-1,-1,-1
253,1,771.00,136.00,331.00,921.00,1,-1,-1,-1
254,4,208.58,204.95,260.50,776.12,1,-1,-1,-1
254,2,1127.05,188.28,255.20,664.16,1,-1,-1,-1
254,1,789.45,135.57,328.34,938.17,1,-1,-1,-1
255,4,212.32,210.08,269.55,784.04,1,-1,-1,-1
255,2,1128.17,178.32,247.11,662.20,1,-1,-1,-1
255,1,822.74,135.78,333.43,945.83,1,-1,-1,-1
256,4,218.66,196.90,277.69,804.62,1,-1,-1,-1
256,2,1127.92,173.78,245.10,652.11,1,-1,-1,-1
256,1,851.50,150.25,343.37,937.28,1,-1,-1,-1
257,4,221.25,189.83,281.64,817.40,1,-1,-1,-1
257,2,1130.45,181.49,231.64,631.11,1,-1,-1,-1
257,1,870.51,125.25,339.18,948.95,1,-1,-1,-1
258,4,215.14,187.95,289.14,813.84,1,-1,-1,-1
258,2,1138.92,186.65,215.70,629.95,1,-1,-1,-1
258,1,895.24,132.27,348.56,941.27,1,-1,-1,-1
259,4,217.11,191.70,286.97,824.56,1,-1,-1,-1
259,2,1135.38,189.78,222.33,644.40,1,-1,-1,-1
259,1,906.21,139.64,351.68,935.50,1,-1,-1,-1
260,4,215.84,188.46,293.62,843.87,1,-1,-1,-1
260,3,1157.00,185.00,145.00,572.00,1,-1,-1,-1
260,1,934.41,138.09,358.70,942.39,1,-1,-1,-1
261,4,209.71,191.96,304.70,852.16,1,-1,-1,-1
261,3,1147.57,167.18,145.00,572.00,1,-1,-1,-1
261,1,961.24,120.65,366.98,956.64,1,-1,-1,-1
262,4,205.50,200.27,314.31,860.75,1,-1,-1,-1
262,1,978.15,123.72,385.98,955.84,1,-1,-1,-1
263,4,216.86,194.63,311.89,867.47,1,-1,-1,-1
263,1,1011.10,129.09,363.90,952.19,1,-1,-1,-1
264,4,217.99,203.43,314.29,859.90,1,-1,-1,-1
264,1,1049.82,143.27,355.90,943.98,1,-1,-1,-1
265,4,223.33,187.64,312.07,864.55,1,-1,-1,-1
265,3,1070.00,198.00,122.00,587.00,1,-1,-1,-1
265,1,1091.06,135.72,354.24,949.12,1,-1,-1,-1
266,4,225.44,192.23,320.39,870.32,1,-1,-1,-1
266,3,1070.26,194.88,136.96,551.91,1,-1,-1,-1
266,1,1099.93,131.57,380.72,952.63,1,-1,-1,-1
267,4,231.55,180.00,323.75,890.84,1,-1,-1,-1
267,3,1027.00,201.00,188.00,589.00,1,-1,-1,-1
267,1,1148.65,138.15,353.34,948.17,1,-1,-1,-1
268,4,238.38,177.73,330.90,893.38,1,-1,-1,-1
268,3,1017.65,207.12,202.36,587.26,1,-1,-1,-1
268,1,1194.51,133.69,330.02,954.71,1,-1,-1,-1
269,4,248.68,183.56,349.38,888.25,1,-1,-1,-1
269,3,992.92,207.66,219.79,588.78,1,-1,-1,-1
269,1,1233.44,123.50,314.46,952.61,1,-1,-1,-1
270,4,267.87,189.17,345.06,886.14,1,-1,-1,-1
270,3,977.84,204.84,218.52,606.26,1,-1,-1,-1
270,1,1258.06,127.75,301.83,947.32,1,-1,-1,-1
271,4,287.97,181.36,336.06,890.41,1,-1,-1,-1
271,3,953.08,209.42,224.81,603.74,1,-1,-1,-1
271,1,1276.08,122.42,292.98,962.46,1,-1,-1,-1
272,4,311.21,190.61,318.76,889.68,1,-1,-1,-1
272,3,936.80,213.46,212.82,592.41,1,-1,-1,-1
272,1,1295.59,129.58,284.28,940.10,1,-1,-1,-1
273,4,329.02,191.29,318.11,891.65,1,-1,-1,-1
273,3,919.68,211.09,210.98,584.80,1,-1,-1,-1
273,1,1325.00,124.00,244.00,938.00,1,-1,-1,-1
274,4,359.35,199.16,306.04,884.69,1,-1,-1,-1
274,3,899.42,208.09,206.75,587.00,1,-1,-1,-1
274,1,1325.37,135.90,239.53,922.18,1,-1,-1,-1
275,4,377.74,190.47,305.66,899.68,1,-1,-1,-1
275,3,881.75,198.28,205.31,596.73,1,-1,-1,-1
275,1,1326.72,125.89,245.89,920.50,1,-1,-1,-1
276,4,392.34,188.88,304.04,892.40,1,-1,-1,-1
276,3,863.07,200.24,210.72,593.27,1,-1,-1,-1
276,1,1326.67,127.31,242.57,911.31,1,-1,-1,-1
277,4,414.21,179.07,295.10,900.33,1,-1,-1,-1
277,3,848.59,195.63,216.00,602.24,1,-1,-1,-1
277,1,1331.84,130.70,242.85,893.39,1,-1,-1,-1
278,4,428.01,176.21,292.66,905.78,1,-1,-1,-1
278,3,838.98,201.45,216.90,599.58,1,-1,-1,-1
278,1,1336.46,143.89,239.89,871.04,1,-1,-1,-1
279,4,454.11,177.90,288.39,905.96,1,-1,-1,-1
279,3,830.97,214.72,210.40,588.75,1,-1,-1,-1
279,1,1340.45,149.17,235.55,865.47,1,-1,-1,-1
280,4,469.80,169.02,288.47,920.54,1,-1,-1,-1
280,3,816.18,216.30,207.23,594.04,1,-1,-1,-1
280,1,1338.23,149.48,232.77,863.30,1,-1,-1,-1
281,4,485.24,170.51,297.77,915.02,1,-1,-1,-1
281,3,808.18,215.59,184.06,601.36,1,-1,-1,-1
281,1,1337.37,166.49,231.06,832.42,1,-1,-1,-1
282,4,519.45,174.61,288.94,910.76,1,-1,-1,-1
282,3,789.05,230.23,176.36,594.54,1,-1,-1,-1
282,1,1334.57,168.50,229.16,808.93,1,-1,-1,-1
283,4,532.47,167.48,306.45,926.88,1,-1,-1,-1
283,3,777.85,230.77,166.70,598.13,1,-1,-1,-1
283,1,1333.31,172.36,231.06,798.18,1,-1,-1,-1
284,4,543.21,179.23,333.90,911.53,1,-1,-1,-1
284,3,774.90,209.01,153.73,586.96,1,-1,-1,-1
284,1,1331.66,173.82,231.14,777.06,1,-1,-1,-1
285,5,771.52,211.11,138.11,183.03,1,-1,-1,-1
285,4,554.78,180.65,333.64,905.14,1,-1,-1,-1
285,3,744.08,173.51,183.96,576.36,1,-1,-1,-1
285,1,1330.12,173.73,223.82,757.55,1,-1,-1,-1
286,5,763.00,204.37,135.51,179.69,1,-1,-1,-1
286,4,566.51,170.76,348.35,913.25,1,-1,-1,-1
286,1,1323.61,183.54,206.56,737.75,1,-1,-1,-1
287,5,755.06,212.44,138.05,183.06,1,-1,-1,-1
287,4,586.50,161.05,350.24,923.88,1,-1,-1,-1
287,1,1315.97,184.07,201.16,718.95,1,-1,-1,-1
288,4,610.37,156.60,349.76,928.04,1,-1,-1,-1
288,1,1312.36,183.93,201.56,715.95,1,-1,-1,-1
289,4,636.85,156.73,352.42,924.15,1,-1,-1,-1
289,1,1303.76,188.62,204.94,710.89,1,-1,-1,-1
290,4,657.78,154.84,364.28,922.29,1,-1,-1,-1
290,1,1294.83,193.50,194.56,697.85,1,-1,-1,-1
291,6,585.68,249.02,187.01,566.60,1,-1,-1,-1
291,4,669.68,148.79,358.52,933.40,1,-1,-1,-1
291,1,1286.68,187.61,189.36,695.58,1,-1,-1,-1
292,6,570.64,233.19,206.33,589.73,1,-1,-1,-1
292,4,682.97,157.30,359.68,912.85,1,-1,-1,-1
292,1,1282.87,186.51,192.51,693.78,1,-1,-1,-1
293,6,552.60,211.04,232.67,615.88,1,-1,-1,-1
293,4,760.57,169.91,331.52,922.22,1,-1,-1,-1
293,1,1283.86,175.90,198.35,695.28,1,-1,-1,-1
294,6,536.64,206.81,239.00,631.40,1,-1,-1,-1
294,4,781.85,178.89,326.41,919.13,1,-1,-1,-1
294,1,1279.04,189.70,202.98,668.36,1,-1,-1,-1
295,6,518.80,214.55,248.56,638.74,1,-1,-1,-1
295,4,847.87,174.98,303.05,913.97,1,-1,-1,-1
295,1,1274.99,201.03,197.98,646.83,1,-1,-1,-1
296,6,499.67,212.26,255.00,645.45,1,-1,-1,-1
296,4,879.39,153.83,290.12,952.19,1,-1,-1,-1
296,1,1262.85,205.09,202.34,635.50,1,-1,-1,-1
297,6,491.89,205.81,252.17,658.84,1,-1,-1,-1
297,4,904.02,156.15,291.04,940.62,1,-1,-1,-1
297,1,1258.77,205.88,197.24,628.69,1,-1,-1,-1
298,6,473.23,192.84,254.97,667.09,1,-1,-1,-1
298,4,918.82,162.74,326.42,945.11,1,-1,-1,-1
298,1,1249.20,211.94,185.41,616.80,1,-1,-1,-1
299,6,457.08,189.32,259.35,675.85,1,-1,-1,-1
299,4,950.80,158.74,347.38,946.08,1,-1,-1,-1
299,1,1232.42,211.43,189.17,609.37,1,-1,-1,-1
300,6,443.73,193.98,254.03,682.02,1,-1,-1,-1
300,5,1216.00,215.00,215.00,545.00,1,-1,-1,-1
300,4,976.47,164.42,352.55,921.47,1,-1,-1,-1
301,6,435.92,188.55,254.96,685.36,1,-1,-1,-1
301,5,1216.60,217.45,210.34,535.62,1,-1,-1,-1
301,4,994.25,146.56,347.94,944.21,1,-1,-1,-1
302,6,409.32,186.69,263.79,692.94,1,-1,-1,-1
302,5,1225.15,205.47,195.95,574.55,1,-1,-1,-1
302,4,1025.59,170.01,350.19,914.87,1,-1,-1,-1
303,6,400.89,183.01,266.23,699.97,1,-1,-1,-1
303,4,1055.41,179.40,351.35,913.98,1,-1,-1,-1
304,6,378.60,191.99,270.38,720.46,1,-1,-1,-1
304,4,1090.00,163.65,352.09,930.79,1,-1,-1,-1
305,6,363.93,199.12,286.30,731.90,1,-1,-1,-1
305,4,1133.84,161.26,338.36,923.81,1,-1,-1,-1
306,6,341.04,194.99,307.14,754.38,1,-1,-1,-1
306,4,1155.50,162.72,343.19,924.31,1,-1,-1,-1
307,6,329.40,185.71,316.15,766.78,1,-1,-1,-1
307,4,1167.25,163.60,350.92,928.44,1,-1,-1,-1
308,6,326.00,183.52,317.06,772.05,1,-1,-1,-1
308,4,1174.94,159.17,360.86,932.71,1,-1,-1,-1
308,1,1133.00,212.00,123.00,589.00,1,-1,-1,-1
309,6,333.60,177.89,304.51,779.37,1,-1,-1,-1
309,4,1207.60,142.56,352.97,945.91,1,-1,-1,-1
309,1,1121.94,226.12,152.27,578.96,1,-1,-1,-1
310,6,352.71,176.70,290.56,790.76,1,-1,-1,-1
310,4,1254.08,155.66,338.28,932.05,1,-1,-1,-1
310,1,1104.09,232.55,173.17,580.67,1,-1,-1,-1
311,6,366.17,177.59,279.92,787.86,1,-1,-1,-1
311,4,1284.93,144.66,345.47,939.05,1,-1,-1,-1
311,1,1095.23,226.27,178.25,585.10,1,-1,-1,-1
312,6,374.89,178.11,274.35,801.30,1,-1,-1,-1
312,4,1319.96,171.41,348.28,907.55,1,-1,-1,-1
312,1,1085.17,227.90,168.81,587.34,1,-1,-1,-1
313,6,370.92,173.81,283.84,817.40,1,-1,-1,-1
313,4,1348.63,169.45,347.14,918.76,1,-1,-1,-1
313,1,1078.56,229.37,149.28,584.42,1,-1,-1,-1
314,6,371.66,172.63,285.27,820.64,1,-1,-1,-1
314,4,1373.85,172.81,334.38,906.85,1,-1,-1,-1
314,1,1081.01,233.91,124.33,595.37,1,-1,-1,-1
315,6,358.23,173.38,282.18,850.74,1,-1,-1,-1
315,4,1397.82,170.58,333.25,917.81,1,-1,-1,-1
315,1,1055.67,214.90,133.98,580.01,1,-1,-1,-1
316,6,360.74,166.24,295.81,863.19,1,-1,-1,-1
316,4,1410.93,175.67,343.51,907.64,1,-1,-1,-1
316,1,1022.91,228.13,138.21,580.02,1,-1,-1,-1
317,6,347.50,159.12,297.84,858.83,1,-1,-1,-1
317,4,1432.50,167.81,355.85,911.17,1,-1,-1,-1
317,1,983.20,232.28,167.39,589.05,1,-1,-1,-1
318,6,354.57,163.45,295.34,862.49,1,-1,-1,-1
318,4,1460.62,163.27,353.74,916.61,1,-1,-1,-1
318,1,950.24,227.90,189.21,593.70,1,-1,-1,-1
319,6,361.63,157.57,292.90,883.38,1,-1,-1,-1
319,4,1444.00,82.00,418.00,993.00,1,-1,-1,-1
319,1,940.59,229.99,191.50,598.21,1,-1,-1,-1
320,6,368.89,155.07,294.39,887.51,1,-1,-1,-1
320,4,1452.86,99.51,421.29,986.22,1,-1,-1,-1
320,1,938.90,229.46,184.47,605.33,1,-1,-1,-1
321,6,371.89,162.28,291.46,901.30,1,-1,-1,-1
321,4,1465.81,106.55,411.11,976.11,1,-1,-1,-1
321,1,927.21,227.21,183.52,604.48,1,-1,-1,-1
322,6,374.98,167.61,283.62,883.72,1,-1,-1,-1
322,4,1480.54,111.11,397.19,969.77,1,-1,-1,-1
322,1,905.49,226.72,187.29,584.82,1,-1,-1,-1
323,6,386.49,160.91,283.63,891.08,1,-1,-1,-1
323,4,1485.93,109.72,392.02,966.74,1,-1,-1,-1
323,1,893.15,239.29,174.42,563.94,1,-1,-1,-1
324,4,1489.88,123.92,385.11,951.82,1,-1,-1,-1
324,2,423.00,123.00,283.00,950.00,1,-1,-1,-1
324,1,884.41,242.66,169.73,574.14,1,-1,-1,-1
325,4,1490.49,116.62,373.90,952.01,1,-1,-1,-1
325,2,435.10,121.89,283.48,956.63,1,-1,-1,-1
325,1,872.92,233.74,165.33,599.47,1,-1,-1,-1
326,4,1490.65,110.42,368.72,952.18,1,-1,-1,-1
326,2,453.31,112.95,289.52,958.04,1,-1,-1,-1
326,1,853.57,238.45,172.21,609.06,1,-1,-1,-1
327,4,1487.78,111.45,368.30,936.68,1,-1,-1,-1
327,2,471.17,106.77,292.32,945.80,1,-1,-1,-1
327,1,819.04,246.32,181.15,611.22,1,-1,-1,-1
328,4,1487.30,101.73,362.66,939.80,1,-1,-1,-1
328,2,502.62,105.92,292.68,941.42,1,-1,-1,-1
328,1,801.26,251.55,180.11,623.68,1,-1,-1,-1
329,4,1483.25,105.42,362.23,927.97,1,-1,-1,-1
329,2,522.97,85.34,286.95,959.73,1,-1,-1,-1
329,1,793.44,239.71,175.64,631.32,1,-1,-1,-1
330,4,1483.78,110.01,351.72,915.40,1,-1,-1,-1
330,2,539.97,68.27,291.76,980.40,1,-1,-1,-1
330,1,787.86,235.16,162.41,633.34,1,-1,-1,-1
331,4,1483.77,111.37,349.48,921.18,1,-1,-1,-1
331,2,554.45,64.60,296.04,989.37,1,-1,-1,-1
331,1,768.00,242.00,224.00,610.00,1,-1,-1,-1
332,4,1474.80,116.59,346.34,901.19,1,-1,-1,-1
332,2,578.74,57.66,313.42,992.72,1,-1,-1,-1
332,1,781.83,240.74,224.00,610.00,1,-1,-1,-1
333,4,1471.33,124.59,340.65,890.27,1,-1,-1,-1
333,2,614.28,84.82,297.94,990.56,1,-1,-1,-1
333,1,805.72,249.54,224.00,610.00,1,-1,-1,-1
334,4,1464.56,130.18,330.69,873.00,1,-1,-1,-1
334,2,648.52,93.55,305.39,974.04,1,-1,-1,-1
335,4,1454.53,144.80,324.02,851.01,1,-1,-1,-1
335,2,673.44,79.94,351.86,979.10,1,-1,-1,-1
336,4,1445.68,146.98,313.49,834.18,1,-1,-1,-1
336,3,642.00,261.00,138.00,672.00,1,-1,-1,-1
336,2,671.72,117.76,383.45,941.32,1,-1,-1,-1
337,4,1436.26,148.88,312.76,822.42,1,-1,-1,-1
337,3,626.24,251.04,170.66,699.97,1,-1,-1,-1
337,2,702.48,147.25,399.64,902.84,1,-1,-1,-1
338,4,1431.57,151.24,306.71,790.70,1,-1,-1,-1
338,3,604.38,253.39,194.34,703.73,1,-1,-1,-1
338,2,749.70,90.32,390.48,941.63,1,-1,-1,-1
339,4,1428.60,157.60,300.25,764.73,1,-1,-1,-1
339,3,597.24,259.65,194.26,709.42,1,-1,-1,-1
339,2,769.00,176.00,502.00,902.00,1,-1,-1,-1
340,4,1420.11,159.28,293.04,746.28,1,-1,-1,-1
340,3,595.10,241.45,184.57,725.41,1,-1,-1,-1
340,2,788.64,177.79,510.45,894.33,1,-1,-1,-1
341,4,1409.76,164.36,286.33,728.13,1,-1,-1,-1
341,3,594.19,231.15,165.70,757.64,1,-1,-1,-1
341,2,816.03,157.39,521.06,913.16,1,-1,-1,-1
342,4,1393.65,172.52,285.50,715.32,1,-1,-1,-1
342,3,580.21,213.28,171.73,773.05,1,-1,-1,-1
342,2,863.48,132.35,504.88,938.40,1,-1,-1,-1
343,4,1374.87,175.08,287.87,704.64,1,-1,-1,-1
343,3,554.69,219.58,188.44,760.50,1,-1,-1,-1
343,2,898.51,122.94,501.03,971.42,1,-1,-1,-1
344,4,1347.08,179.38,295.95,693.93,1,-1,-1,-1
344,3,532.98,214.20,193.44,780.38,1,-1,-1,-1
344,2,924.15,114.97,487.67,977.67,1,-1,-1,-1
345,4,1340.73,185.70,288.60,687.90,1,-1,-1,-1
345,3,518.63,219.49,202.72,776.89,1,-1,-1,-1
345,2,947.27,102.67,477.65,983.26,1,-1,-1,-1
346,4,1332.65,186.08,289.25,684.61,1,-1,-1,-1
346,3,510.56,216.44,203.91,790.28,1,-1,-1,-1
346,2,961.65,101.76,474.38,986.50,1,-1,-1,-1
347,4,1315.77,190.21,292.41,681.92,1,-1,-1,-1
347,3,502.91,219.30,202.34,804.66,1,-1,-1,-1
347,2,984.63,113.23,474.45,967.95,1,-1,-1,-1
348,4,1333.00,186.00,220.00,691.00,1,-1,-1,-1
348,3,495.49,217.72,208.81,835.84,1,-1,-1,-1
348,2,1017.05,124.64,475.31,956.29,1,-1,-1,-1
349,4,1330.06,191.74,189.98,672.97,1,-1,-1,-1
349,3,483.89,214.26,215.12,854.65,1,-1,-1,-1
349,2,1045.88,123.19,472.27,956.72,1,-1,-1,-1
350,4,1339.57,226.12,214.26,672.97,1,-1,-1,-1
350,3,477.35,205.86,215.39,861.37,1,-1,-1,-1
350,2,1083.44,118.91,457.24,964.15,1,-1,-1,-1
351,4,1366.37,248.61,218.28,685.59,1,-1,-1,-1
351,3,469.68,197.02,219.38,884.77,1,-1,-1,-1
351,2,1113.06,113.46,457.72,971.03,1,-1,-1,-1
352,4,1382.49,277.13,222.37,698.44,1,-1,-1,-1
352,3,470.21,198.80,223.22,901.43,1,-1,-1,-1
352,2,1150.29,107.27,449.77,975.79,1,-1,-1,-1
353,3,460.10,201.01,235.29,909.40,1,-1,-1,-1
353,2,1163.57,108.82,458.68,965.53,1,-1,-1,-1
354,3,450.57,204.71,238.49,906.43,1,-1,-1,-1
354,2,1175.48,115.87,466.15,948.48,1,-1,-1,-1
355,4,1172.00,196.00,189.00,615.00,1,-1,-1,-1
355,3,458.83,212.69,238.43,896.15,1,-1,-1,-1
355,2,1203.10,109.39,455.06,955.47,1,-1,-1,-1
356,4,1164.75,204.24,191.40,615.41,1,-1,-1,-1
356,3,484.73,220.83,222.50,890.25,1,-1,-1,-1
356,2,1239.06,114.79,439.08,946.92,1,-1,-1,-1
357,4,1157.32,202.95,208.36,612.31,1,-1,-1,-1
357,3,490.98,228.11,222.97,881.71,1,-1,-1,-1
357,2,1252.29,107.56,440.15,954.12,1,-1,-1,-1
358,4,1139.92,207.02,223.99,618.39,1,-1,-1,-1
358,3,527.19,211.62,200.00,904.66,1,-1,-1,-1
358,2,1256.36,127.20,430.09,923.03,1,-1,-1,-1
359,4,1121.50,210.42,209.90,611.10,1,-1,-1,-1
359,3,540.55,195.02,220.66,933.23,1,-1,-1,-1
359,2,1276.37,114.40,419.40,940.09,1,-1,-1,-1
360,4,1101.94,212.66,206.48,617.55,1,-1,-1,-1
360,3,547.57,175.48,239.51,951.24,1,-1,-1,-1
360,2,1274.15,108.90,409.84,951.06,1,-1,-1,-1
361,4,1084.05,210.11,197.26,617.94,1,-1,-1,-1
361,3,556.78,170.15,266.63,950.50,1,-1,-1,-1
361,2,1283.59,125.83,410.95,945.93,1,-1,-1,-1
362,4,1076.67,211.74,191.88,629.81,1,-1,-1,-1
362,3,558.37,183.03,281.54,933.36,1,-1,-1,-1
362,2,1335.00,99.00,285.00,927.00,1,-1,-1,-1
363,4,1052.21,219.95,203.65,622.41,1,-1,-1,-1
363,3,572.86,164.14,287.90,952.44,1,-1,-1,-1
363,2,1328.58,96.33,288.42,922.70,1,-1,-1,-1
364,4,1019.91,223.51,226.88,603.41,1,-1,-1,-1
364,3,585.85,170.40,302.32,946.98,1,-1,-1,-1
364,2,1318.01,97.16,289.12,927.06,1,-1,-1,-1
365,4,991.73,222.46,253.00,606.92,1,-1,-1,-1
365,3,618.03,169.88,295.37,952.05,1,-1,-1,-1
365,2,1311.24,91.48,291.11,923.88,1,-1,-1,-1
366,4,979.33,220.21,233.83,600.44,1,-1,-1,-1
366,3,677.85,172.67,280.02,960.75,1,-1,-1,-1
366,2,1293.88,96.61,303.65,908.58,1,-1,-1,-1
367,3,722.19,151.90,276.46,975.71,1,-1,-1,-1
367,2,1281.77,100.46,308.52,897.19,1,-1,-1,-1
367,1,809.00,195.00,364.00,736.00,1,-1,-1,-1
368,3,776.86,235.06,200.37,975.71,1,-1,-1,-1
368,2,1271.88,109.70,309.97,865.10,1,-1,-1,-1
368,1,759.25,154.40,376.07,841.34,1,-1,-1,-1
369,2,1273.62,114.32,300.21,842.94,1,-1,-1,-1
369,1,746.25,139.63,392.17,895.39,1,-1,-1,-1
370,2,1279.51,123.05,283.41,823.03,1,-1,-1,-1
370,1,752.81,125.81,409.40,921.67,1,-1,-1,-1
371,2,1274.79,124.23,278.92,807.71,1,-1,-1,-1
371,1,770.47,135.06,405.36,921.57,1,-1,-1,-1
372,2,1274.47,126.56,269.46,795.85,1,-1,-1,-1
372,1,788.96,132.65,425.26,941.98,1,-1,-1,-1
373,4,756.00,211.00,218.00,631.00,1,-1,-1,-1
373,2,1274.47,135.51,259.06,783.86,1,-1,-1,-1
373,1,816.45,167.90,428.88,914.11,1,-1,-1,-1
374,4,744.54,223.48,228.80,614.93,1,-1,-1,-1
374,2,1280.12,148.96,245.02,779.63,1,-1,-1,-1
374,1,845.78,136.62,431.30,930.35,1,-1,-1,-1
375,4,734.55,229.33,233.22,616.69,1,-1,-1,-1
375,2,1282.88,147.98,241.16,766.37,1,-1,-1,-1
375,1,852.56,136.80,452.24,931.71,1,-1,-1,-1
376,4,709.77,234.08,245.37,614.96,1,-1,-1,-1
376,2,1283.34,166.16,232.24,742.17,1,-1,-1,-1
376,1,891.74,132.82,453.15,932.45,1,-1,-1,-1
377,4,694.77,227.29,199.22,615.05,1,-1,-1,-1
377,2,1293.26,182.58,215.40,708.70,1,-1,-1,-1
377,1,920.64,129.83,455.44,945.87,1,-1,-1,-1
378,4,675.17,232.50,226.31,614.51,1,-1,-1,-1
378,2,1296.61,190.61,205.70,694.44,1,-1,-1,-1
378,1,955.91,133.45,461.02,935.59,1,-1,-1,-1
379,4,661.01,220.01,198.16,632.09,1,-1,-1,-1
379,2,1293.80,196.76,213.59,703.27,1,-1,-1,-1
379,1,1032.00,128.58,427.34,949.16,1,-1,-1,-1
380,7,1278.46,132.25,164.86,326.50,1,-1,-1,-1
380,4,640.22,213.85,199.65,645.34,1,-1,-1,-1
380,1,1066.35,124.39,446.06,952.55,1,-1,-1,-1
381,7,1273.39,140.50,161.04,320.11,1,-1,-1,-1
381,4,593.73,211.82,205.94,647.77,1,-1,-1,-1
381,1,1093.37,117.60,475.87,952.77,1,-1,-1,-1
382,7,1284.95,165.95,164.06,326.11,1,-1,-1,-1
382,4,563.79,216.23,230.22,645.71,1,-1,-1,-1
382,1,1117.31,131.88,441.25,948.81,1,-1,-1,-1
383,4,531.33,219.74,246.32,652.48,1,-1,-1,-1
383,1,1128.72,136.42,436.81,949.25,1,-1,-1,-1
384,8,1324.04,114.38,167.75,227.34,1,-1,-1,-1
384,4,506.21,226.41,261.63,653.28,1,-1,-1,-1
384,1,1167.95,157.19,380.20,892.36,1,-1,-1,-1
385,8,1337.21,112.38,167.00,227.00,1,-1,-1,-1
385,6,1177.00,178.00,194.00,630.00,1,-1,-1,-1
385,4,492.59,227.15,254.81,656.18,1,-1,-1,-1
385,1,1222.96,123.49,358.21,830.47,1,-1,-1,-1
386,8,1352.65,110.53,167.00,227.00,1,-1,-1,-1
386,6,1169.83,184.46,203.82,640.32,1,-1,-1,-1
386,4,481.15,215.44,254.70,668.36,1,-1,-1,-1
386,1,1255.00,134.00,302.00,862.00,1,-1,-1,-1
387,6,1154.25,184.16,213.76,642.57,1,-1,-1,-1
387,4,456.93,219.58,264.64,667.42,1,-1,-1,-1
387,1,1286.18,122.31,302.81,907.30,1,-1,-1,-1
388,6,1131.68,188.60,229.97,645.15,1,-1,-1,-1
388,4,444.88,215.11,252.35,680.29,1,-1,-1,-1
388,1,1314.08,101.41,309.20,950.68,1,-1,-1,-1
389,6,1113.44,191.33,237.90,639.03,1,-1,-1,-1
389,4,430.80,203.53,241.69,700.46,1,-1,-1,-1
389,1,1327.11,94.48,329.40,962.56,1,-1,-1,-1
390,6,1096.46,197.17,243.70,635.17,1,-1,-1,-1
390,4,417.67,204.40,237.84,713.04,1,-1,-1,-1
390,1,1340.01,99.42,339.88,966.45,1,-1,-1,-1
391,6,1080.46,203.31,245.57,629.01,1,-1,-1,-1
391,4,404.66,206.85,240.51,721.72,1,-1,-1,-1
391,1,1368.88,90.89,344.65,981.06,1,-1,-1,-1
392,6,1063.55,205.12,244.93,623.18,1,-1,-1,-1
392,4,389.36,208.78,243.25,728.42,1,-1,-1,-1
392,1,1376.81,100.03,349.71,971.01,1,-1,-1,-1
393,6,1047.55,204.07,248.83,622.46,1,-1,-1,-1
393,4,388.30,201.65,234.99,744.13,1,-1,-1,-1
393,1,1404.17,102.00,335.37,968.54,1,-1,-1,-1
394,6,1032.28,206.99,233.23,618.47,1,-1,-1,-1
394,4,383.53,204.63,234.80,743.61,1,-1,-1,-1
394,1,1433.69,96.83,325.39,962.87,1,-1,-1,-1
395,6,1007.78,211.19,227.08,605.55,1,-1,-1,-1
395,4,367.40,192.60,238.64,755.21,1,-1,-1,-1
395,1,1469.48,97.09,307.47,959.12,1,-1,-1,-1
396,6,987.95,197.66,215.72,617.32,1,-1,-1,-1
396,4,345.55,193.89,265.37,761.87,1,-1,-1,-1
396,1,1493.03,92.14,309.77,950.06,1,-1,-1,-1
397,6,966.25,207.92,203.35,581.44,1,-1,-1,-1
397,4,315.29,188.51,288.58,764.07,1,-1,-1,-1
397,1,1503.46,97.10,306.22,941.46,1,-1,-1,-1
398,6,947.20,212.72,199.02,561.45,1,-1,-1,-1
398,4,300.42,187.62,292.07,769.65,1,-1,-1,-1
398,1,1506.28,108.04,323.03,937.61,1,-1,-1,-1
399,6,923.75,218.43,205.77,582.03,1,-1,-1,-1
399,4,285.09,183.56,299.44,781.47,1,-1,-1,-1
399,1,1529.00,145.00,347.00,926.00,1,-1,-1,-1
400,6,902.25,222.60,229.28,594.63,1,-1,-1,-1
400,4,277.63,179.78,301.05,797.79,1,-1,-1,-1
400,1,1504.12,152.21,358.21,919.23,1,-1,-1,-1
401,6,893.00,216.25,245.28,610.60,1,-1,-1,-1
401,4,272.18,174.71,299.75,813.93,1,-1,-1,-1
401,1,1500.23,152.96,360.62,912.07,1,-1,-1,-1
402,6,884.42,222.37,230.65,613.80,1,-1,-1,-1
402,4,269.83,176.81,294.65,820.55,1,-1,-1,-1
402,1,1485.67,157.72,360.91,898.70,1,-1,-1,-1
403,6,868.56,223.20,211.63,615.63,1,-1,-1,-1
403,4,287.35,188.16,289.98,830.81,1,-1,-1,-1
403,1,1461.09,154.85,370.93,897.15,1,-1,-1,-1
404,6,854.38,222.39,190.80,628.84,1,-1,-1,-1
404,4,285.31,187.01,283.25,843.26,1,-1,-1,-1
404,1,1444.60,157.72,362.93,878.39,1,-1,-1,-1
405,6,834.99,218.63,191.71,637.57,1,-1,-1,-1
405,4,299.39,189.59,275.33,849.71,1,-1,-1,-1
405,1,1427.70,160.03,343.59,855.61,1,-1,-1,-1
406,6,803.98,207.66,195.55,639.20,1,-1,-1,-1
406,4,291.13,190.15,279.17,871.34,1,-1,-1,-1
406,1,1411.27,160.74,341.43,854.47,1,-1,-1,-1
407,6,774.70,195.05,208.85,635.10,1,-1,-1,-1
407,4,304.40,185.36,271.95,874.06,1,-1,-1,-1
407,1,1400.46,170.85,335.30,838.11,1,-1,-1,-1
408,6,757.30,205.01,210.94,636.43,1,-1,-1,-1
408,4,302.72,178.30,290.89,875.31,1,-1,-1,-1
408,1,1401.88,172.52,320.38,824.57,1,-1,-1,-1
409,6,747.91,203.33,219.42,640.94,1,-1,-1,-1
409,4,306.43,166.51,300.24,904.29,1,-1,-1,-1
409,1,1412.91,176.62,300.34,807.14,1,-1,-1,-1
410,6,740.96,203.30,206.78,635.87,1,-1,-1,-1
410,4,314.41,164.35,316.64,928.17,1,-1,-1,-1
410,1,1412.67,183.76,280.01,788.18,1,-1,-1,-1
411,6,722.81,201.76,218.14,636.54,1,-1,-1,-1
411,4,323.54,142.10,332.52,953.35,1,-1,-1,-1
411,1,1412.85,188.05,258.47,767.36,1,-1,-1,-1
412,6,707.39,200.50,209.85,632.03,1,-1,-1,-1
412,4,344.99,152.27,339.00,937.75,1,-1,-1,-1
412,1,1413.45,173.46,244.67,768.06,1,-1,-1,-1
413,6,691.56,197.01,201.58,638.28,1,-1,-1,-1
413,4,358.31,154.75,350.19,932.66,1,-1,-1,-1
413,1,1387.04,169.48,251.21,757.62,1,-1,-1,-1
414,4,373.72,149.75,350.11,945.84,1,-1,-1,-1
414,2,695.00,215.00,203.00,631.00,1,-1,-1,-1
414,1,1378.00,171.47,250.53,750.20,1,-1,-1,-1
415,4,408.57,157.15,353.13,933.58,1,-1,-1,-1
415,2,686.01,205.12,194.47,625.39,1,-1,-1,-1
415,1,1358.43,174.07,251.86,741.55,1,-1,-1,-1
416,7,711.00,208.00,118.00,214.00,1,-1,-1,-1
416,4,446.90,172.39,355.28,924.59,1,-1,-1,-1
416,2,693.63,213.65,201.19,625.39,1,-1,-1,-1
416,1,1335.28,189.15,264.45,716.98,1,-1,-1,-1
417,7,702.65,205.47,115.87,210.13,1,-1,-1,-1
417,4,496.80,157.29,333.51,930.85,1,-1,-1,-1
417,2,699.79,229.68,201.19,625.39,1,-1,-1,-1
417,1,1295.83,191.26,294.20,708.24,1,-1,-1,-1
418,4,545.13,151.27,315.35,925.32,1,-1,-1,-1
418,1,1284.71,206.26,299.90,695.87,1,-1,-1,-1
419,4,551.20,140.87,316.66,904.06,1,-1,-1,-1
419,1,1271.29,211.30,282.78,683.98,1,-1,-1,-1
420,9,559.92,211.03,166.88,630.93,1,-1,-1,-1
420,4,577.75,154.64,322.12,930.36,1,-1,-1,-1
420,1,1263.90,207.20,282.46,679.06,1,-1,-1,-1
421,9,540.59,196.21,190.34,645.99,1,-1,-1,-1
421,4,629.65,139.07,339.93,958.90,1,-1,-1,-1
421,1,1253.62,206.53,265.10,672.24,1,-1,-1,-1
422,9,516.97,201.21,227.84,647.26,1,-1,-1,-1
422,4,647.88,147.90,382.91,948.52,1,-1,-1,-1
422,1,1241.08,203.84,244.07,673.41,1,-1,-1,-1
423,9,503.68,198.11,225.24,648.49,1,-1,-1,-1
423,4,656.82,163.22,381.00,938.19,1,-1,-1,-1
423,1,1214.84,209.80,230.49,663.72,1,-1,-1,-1
424,9,490.03,192.82,228.19,659.89,1,-1,-1,-1
424,4,695.52,173.12,387.51,929.71,1,-1,-1,-1
424,1,1180.25,200.61,241.17,665.81,1,-1,-1,-1
425,9,480.96,188.80,230.08,670.65,1,-1,-1,-1
425,4,748.77,161.81,382.06,942.64,1,-1,-1,-1
425,1,1168.94,200.92,247.03,659.34,1,-1,-1,-1
426,9,464.14,182.12,241.83,678.14,1,-1,-1,-1
426,4,797.49,161.75,376.13,939.44,1,-1,-1,-1
426,1,1129.00,199.00,256.00,647.00,1,-1,-1,-1
427,9,449.02,181.43,247.18,708.78,1,-1,-1,-1
427,4,873.48,151.38,320.80,938.09,1,-1,-1,-1
427,1,1122.45,203.67,259.48,647.27,1,-1,-1,-1
428,9,443.82,181.84,242.17,718.90,1,-1,-1,-1
428,4,930.56,148.38,293.96,943.64,1,-1,-1,-1
428,1,1131.30,203.12,236.43,652.53,1,-1,-1,-1
429,9,433.48,174.15,253.08,727.14,1,-1,-1,-1
429,4,971.18,123.90,317.39,950.03,1,-1,-1,-1
429,1,1120.55,167.43,229.65,711.68,1,-1,-1,-1
430,9,425.52,164.16,250.87,742.84,1,-1,-1,-1
430,4,1004.10,143.73,318.14,948.60,1,-1,-1,-1
430,1,1087.55,163.21,281.59,711.68,1,-1,-1,-1
431,9,421.07,162.80,251.86,750.08,1,-1,-1,-1
431,4,1008.27,138.54,328.85,960.47,1,-1,-1,-1
432,9,432.29,164.64,232.96,748.62,1,-1,-1,-1
432,4,1023.59,140.35,356.71,955.03,1,-1,-1,-1
433,6,362.00,166.00,311.00,769.00,1,-1,-1,-1
433,4,1041.35,153.83,374.69,941.08,1,-1,-1,-1
433,3,1078.00,222.00,139.00,553.00,1,-1,-1,-1
434,6,357.30,165.74,310.96,772.52,1,-1,-1,-1
434,4,1053.05,176.73,383.28,923.00,1,-1,-1,-1
434,3,1075.98,214.87,167.94,568.73,1,-1,-1,-1
435,6,342.20,163.68,322.06,778.16,1,-1,-1,-1
435,4,1080.78,178.93,383.09,919.21,1,-1,-1,-1
435,3,1068.31,219.13,174.18,588.63,1,-1,-1,-1
436,6,348.59,164.22,318.33,782.88,1,-1,-1,-1
436,4,1138.74,163.01,356.19,935.47,1,-1,-1,-1
436,3,1034.51,221.46,194.91,597.16,1,-1,-1,-1
437,6,345.26,163.00,316.52,817.51,1,-1,-1,-1
437,4,1205.01,159.99,326.78,944.40,1,-1,-1,-1
437,3,1018.51,220.34,198.52,599.53,1,-1,-1,-1
438,6,345.91,156.07,318.23,833.41,1,-1,-1,-1
438,4,1260.16,153.07,317.24,942.49,1,-1,-1,-1
438,3,1008.05,228.59,198.66,593.16,1,-1,-1,-1
439,6,344.38,161.73,318.08,831.79,1,-1,-1,-1
439,4,1313.74,136.33,328.66,955.16,1,-1,-1,-1
439,3,1000.67,231.21,210.71,588.70,1,-1,-1,-1
440,6,339.86,166.00,326.33,832.66,1,-1,-1,-1
440,4,1335.41,129.90,363.63,955.57,1,-1,-1,-1
440,3,988.32,229.45,208.31,589.25,1,-1,-1,-1
441,6,342.18,160.80,325.88,842.51,1,-1,-1,-1
441,4,1349.44,137.66,359.28,952.88,1,-1,-1,-1
441,3,985.06,218.43,168.28,603.51,1,-1,-1,-1
442,6,334.73,152.93,337.84,856.40,1,-1,-1,-1
442,4,1357.35,138.99,370.10,941.53,1,-1,-1,-1
442,3,961.27,216.69,157.73,613.82,1,-1,-1,-1
443,6,329.54,152.41,345.90,872.13,1,-1,-1,-1
443,4,1388.28,126.81,347.60,953.44,1,-1,-1,-1
443,3,948.30,221.46,154.28,596.09,1,-1,-1,-1
444,6,329.34,145.53,349.79,890.41,1,-1,-1,-1
444,4,1405.48,139.50,332.56,944.96,1,-1,-1,-1
444,3,933.46,215.63,160.43,596.90,1,-1,-1,-1
445,6,330.93,150.47,345.73,898.66,1,-1,-1,-1
445,4,1411.39,141.79,323.51,937.54,1,-1,-1,-1
445,3,902.37,215.78,181.06,595.31,1,-1,-1,-1
446,6,331.88,145.22,342.35,918.26,1,-1,-1,-1
446,4,1409.83,140.39,325.05,936.23,1,-1,-1,-1
446,3,886.71,223.25,190.87,600.15,1,-1,-1,-1
447,6,341.61,149.58,339.09,925.31,1,-1,-1,-1
447,4,1403.74,138.19,324.80,924.20,1,-1,-1,-1
447,3,872.50,221.03,200.43,604.51,1,-1,-1,-1
448,6,348.58,150.37,350.79,926.30,1,-1,-1,-1
448,4,1401.99,140.29,320.84,916.12,1,-1,-1,-1
448,3,852.67,225.30,207.85,608.94,1,-1,-1,-1
449,6,373.04,139.72,353.49,928.49,1,-1,-1,-1
449,4,1399.29,128.33,324.56,915.11,1,-1,-1,-1
449,3,832.83,232.37,212.56,605.12,1,-1,-1,-1
450,6,391.85,115.04,361.48,948.41,1,-1,-1,-1
450,4,1396.68,121.48,317.05,918.84,1,-1,-1,-1
450,3,820.93,232.82,201.02,605.66,1,-1,-1,-1
451,6,418.43,104.85,333.48,955.41,1,-1,-1,-1
451,4,1396.36,131.27,310.23,902.62,1,-1,-1,-1
451,3,804.72,235.08,198.59,605.60,1,-1,-1,-1
452,6,446.59,94.82,350.27,955.56,1,-1,-1,-1
452,4,1403.57,131.07,296.27,902.57,1,-1,-1,-1
452,3,778.73,220.48,211.51,634.33,1,-1,-1,-1
453,6,472.79,157.40,381.57,919.39,1,-1,-1,-1
453,4,1390.95,140.54,310.28,880.39,1,-1,-1,-1
453,3,752.04,222.92,207.03,636.81,1,-1,-1,-1
454,6,496.32,146.84,371.23,933.95,1,-1,-1,-1
454,4,1382.41,156.96,302.34,857.77,1,-1,-1,-1
454,3,763.12,237.90,177.55,618.81,1,-1,-1,-1
455,7,646.00,92.00,264.00,299.00,1,-1,-1,-1
455,6,572.00,153.00,363.00,901.00,1,-1,-1,-1
455,4,1366.79,157.13,290.80,835.62,1,-1,-1,-1
456,7,664.60,89.34,264.00,299.00,1,-1,-1,-1
456,6,590.56,126.09,361.38,945.71,1,-1,-1,-1
456,4,1358.86,161.00,271.51,818.70,1,-1,-1,-1
457,7,695.17,84.36,259.23,293.60,1,-1,-1,-1
457,6,586.35,122.07,395.48,957.41,1,-1,-1,-1
457,4,1345.26,160.57,261.01,809.58,1,-1,-1,-1
458,6,620.67,145.85,393.60,924.15,1,-1,-1,-1
458,4,1330.16,144.56,248.51,828.30,1,-1,-1,-1
459,9,609.00,221.00,195.00,677.00,1,-1,-1,-1
459,6,630.06,126.41,399.20,915.59,1,-1,-1,-1
459,4,1304.71,155.32,262.11,793.94,1,-1,-1,-1
460,9,611.93,215.99,211.22,674.01,1,-1,-1,-1
460,6,679.60,121.83,365.37,938.85,1,-1,-1,-1
460,4,1287.23,163.50,268.39,769.51,1,-1,-1,-1
461,9,596.16,218.69,212.00,659.03,1,-1,-1,-1
461,6,724.48,117.82,353.85,949.56,1,-1,-1,-1
461,4,1275.63,167.71,271.07,758.52,1,-1,-1,-1
462,9,574.57,218.43,213.08,660.73,1,-1,-1,-1
462,6,771.83,126.17,377.05,946.43,1,-1,-1,-1
462,4,1262.52,177.03,272.27,742.59,1,-1,-1,-1
463,9,547.39,222.16,229.49,652.94,1,-1,-1,-1
463,6,792.28,131.07,374.48,945.02,1,-1,-1,-1
463,4,1251.74,183.71,272.57,738.19,1,-1,-1,-1
464,9,520.49,235.65,248.16,641.63,1,-1,-1,-1
464,6,809.64,133.99,409.85,935.88,1,-1,-1,-1
464,4,1245.00,193.39,266.15,722.92,1,-1,-1,-1
465,9,514.59,233.48,243.59,649.74,1,-1,-1,-1
465,6,846.68,115.44,406.34,956.46,1,-1,-1,-1
465,4,1236.56,196.12,263.03,706.37,1,-1,-1,-1
466,9,506.52,234.83,244.97,655.84,1,-1,-1,-1
466,6,881.23,132.32,400.36,932.12,1,-1,-1,-1
466,4,1202.76,201.48,254.16,671.70,1,-1,-1,-1
467,9,499.68,230.38,231.48,662.11,1,-1,-1,-1
467,6,922.33,132.92,385.78,915.48,1,-1,-1,-1
467,4,1205.00,211.00,257.00,649.00,1,-1,-1,-1
468,9,495.69,229.84,229.79,674.71,1,-1,-1,-1
468,6,942.72,145.61,390.19,928.97,1,-1,-1,-1
468,4,1207.12,204.80,246.04,654.31,1,-1,-1,-1
469,9,492.60,228.23,212.33,680.23,1,-1,-1,-1
469,6,980.60,160.61,408.71,915.31,1,-1,-1,-1
469,4,1216.64,202.46,218.66,632.26,1,-1,-1,-1
470,9,487.03,232.40,190.99,671.91,1,-1,-1,-1
470,8,1044.00,99.00,131.00,178.00,1,-1,-1,-1
470,6,1002.92,146.44,387.23,919.51,1,-1,-1,-1
470,4,1201.81,211.86,245.85,620.83,1,-1,-1,-1
471,9,465.49,231.28,180.14,688.51,1,-1,-1,-1
471,8,1066.77,95.61,131.00,178.00,1,-1,-1,-1
471,6,1007.00,142.00,371.00,926.00,1,-1,-1,-1
472,8,1088.57,94.16,131.00,178.00,1,-1,-1,-1
472,6,1037.47,108.42,377.53,953.30,1,-1,-1,-1
472,3,454.00,208.00,181.00,724.00,1,-1,-1,-1
473,6,1043.08,116.78,401.86,961.93,1,-1,-1,-1
473,3,445.55,213.13,187.47,736.30,1,-1,-1,-1
474,6,1049.50,120.66,396.50,949.11,1,-1,-1,-1
474,3,439.57,219.60,198.04,740.56,1,-1,-1,-1
475,6,1064.95,130.91,385.75,945.46,1,-1,-1,-1
475,4,1075.00,210.00,182.00,580.00,1,-1,-1,-1
475,3,409.21,224.92,222.80,744.74,1,-1,-1,-1
476,6,1097.80,131.61,369.49,944.96,1,-1,-1,-1
476,4,1077.88,222.31,179.69,569.31,1,-1,-1,-1
476,3,398.30,228.85,231.52,748.43,1,-1,-1,-1
477,6,1109.85,142.85,371.03,932.53,1,-1,-1,-1
477,4,1070.42,223.85,167.67,548.51,1,-1,-1,-1
477,3,381.72,217.56,235.31,764.58,1,-1,-1,-1
478,6,1157.11,139.01,350.45,935.63,1,-1,-1,-1
478,4,1050.55,213.05,169.03,563.16,1,-1,-1,-1
478,3,370.89,209.13,243.77,783.88,1,-1,-1,-1
479,6,1166.87,135.51,376.36,935.00,1,-1,-1,-1
479,4,1024.85,218.82,177.54,573.67,1,-1,-1,-1
479,3,358.91,204.01,248.78,795.35,1,-1,-1,-1
480,6,1186.09,109.42,381.37,952.04,1,-1,-1,-1
480,4,1001.87,228.30,189.19,563.90,1,-1,-1,-1
480,3,341.85,198.73,265.23,812.22,1,-1,-1,-1
481,6,1205.03,108.02,381.20,956.52,1,-1,-1,-1
481,4,988.75,226.67,196.40,557.45,1,-1,-1,-1
481,3,334.93,195.53,271.62,829.41,1,-1,-1,-1
482,6,1221.72,100.50,375.23,953.21,1,-1,-1,-1
482,4,954.97,235.30,220.08,555.13,1,-1,-1,-1
482,3,329.17,198.54,274.87,839.83,1,-1,-1,-1
483,6,1236.96,96.88,370.80,951.28,1,-1,-1,-1
483,4,949.06,232.90,215.72,555.59,1,-1,-1,-1
483,3,322.56,195.14,282.97,856.56,1,-1,-1,-1
484,6,1254.11,95.27,358.91,944.08,1,-1,-1,-1
484,4,924.16,233.67,224.92,554.24,1,-1,-1,-1
484,3,315.37,190.67,280.63,869.99,1,-1,-1,-1
485,6,1269.33,100.74,349.09,935.13,1,-1,-1,-1
485,4,914.93,237.57,215.17,553.59,1,-1,-1,-1
485,3,299.47,195.74,301.96,869.07,1,-1,-1,-1
486,6,1287.30,117.18,351.53,908.83,1,-1,-1,-1
486,4,900.92,233.77,203.03,552.08,1,-1,-1,-1
486,3,297.67,194.12,294.80,872.20,1,-1,-1,-1
487,6,1299.75,124.53,342.61,897.42,1,-1,-1,-1
487,4,894.15,232.71,201.53,550.47,1,-1,-1,-1
487,3,289.53,184.57,316.49,878.46,1,-1,-1,-1
488,6,1314.06,120.21,337.62,882.93,1,-1,-1,-1
488,4,872.88,229.15,191.58,555.35,1,-1,-1,-1
488,3,300.06,179.94,312.61,885.57,1,-1,-1,-1
489,6,1323.88,127.81,332.31,867.96,1,-1,-1,-1
489,4,847.00,228.83,180.77,557.60,1,-1,-1,-1
489,3,303.55,173.16,327.26,896.37,1,-1,-1,-1
490,6,1335.20,134.20,320.94,842.73,1,-1,-1,-1
490,4,816.93,231.68,186.03,555.66,1,-1,-1,-1
490,3,312.73,172.84,333.11,901.89,1,-1,-1,-1
491,6,1344.46,130.17,310.71,833.71,1,-1,-1,-1
491,4,794.47,231.61,200.38,556.81,1,-1,-1,-1
491,3,316.70,181.46,333.25,890.62,1,-1,-1,-1
492,6,1346.01,140.95,303.33,829.25,1,-1,-1,-1
492,4,761.18,234.26,221.18,554.20,1,-1,-1,-1
492,3,320.50,185.68,339.15,895.99,1,-1,-1,-1
493,6,1350.93,144.79,291.35,831.25,1,-1,-1,-1
493,4,744.24,240.36,239.21,556.58,1,-1,-1,-1
493,3,346.24,184.07,345.93,912.62,1,-1,-1,-1
494,6,1356.21,149.15,275.23,818.98,1,-1,-1,-1
494,4,737.26,239.35,226.46,565.29,1,-1,-1,-1
494,3,367.79,179.31,334.69,919.49,1,-1,-1,-1
495,6,1356.32,159.32,273.65,802.55,1,-1,-1,-1
495,4,729.90,231.07,212.73,572.26,1,-1,-1,-1
495,3,409.40,176.53,329.86,919.48,1,-1,-1,-1
496,6,1351.68,157.50,276.04,796.62,1,-1,-1,-1
496,4,714.57,225.94,205.29,581.87,1,-1,-1,-1
496,3,445.95,177.18,327.53,917.70,1,-1,-1,-1
497,6,1344.88,147.89,274.05,769.36,1,-1,-1,-1
497,4,715.62,204.53,186.01,592.78,1,-1,-1,-1
497,3,473.61,169.70,339.70,924.29,1,-1,-1,-1
498,6,1334.74,152.97,275.77,753.46,1,-1,-1,-1
498,3,491.23,182.53,325.55,908.39,1,-1,-1,-1
499,6,1300.88,156.11,300.86,737.57,1,-1,-1,-1
499,3,509.73,161.66,336.31,923.48,1,-1,-1,-1
500,6,1284.81,153.72,315.20,725.25,1,-1,-1,-1
500,3,538.86,158.39,341.84,924.62,1,-1,-1,-1
501,6,1268.86,162.57,330.22,715.01,1,-1,-1,-1
501,3,578.37,164.66,320.23,919.89,1,-1,-1,-1
502,6,1269.02,174.61,323.57,701.79,1,-1,-1,-1
502,4,490.00,218.00,270.00,631.00,1,-1,-1,-1
502,3,555.99,169.90,367.43,925.77,1,-1,-1,-1
503,6,1267.44,179.84,310.89,694.48,1,-1,-1,-1
503,4,485.95,226.11,286.97,628.75,1,-1,-1,-1
503,3,613.50,174.15,319.34,917.88,1,-1,-1,-1
504,6,1246.97,179.78,299.25,688.22,1,-1,-1,-1
504,4,472.62,225.55,280.62,637.09,1,-1,-1,-1
504,3,624.71,167.79,305.17,919.15,1,-1,-1,-1
505,6,1241.60,177.24,287.27,693.04,1,-1,-1,-1
505,4,463.60,220.65,285.90,640.12,1,-1,-1,-1
505,3,709.00,138.00,301.00,920.00,1,-1,-1,-1
506,6,1218.79,175.39,278.75,686.72,1,-1,-1,-1
506,4,474.68,220.41,255.04,645.51,1,-1,-1,-1
506,3,772.25,141.44,265.57,917.65,1,-1,-1,-1
507,6,1196.99,180.27,260.15,671.13,1,-1,-1,-1
507,4,472.25,210.36,246.24,652.03,1,-1,-1,-1
507,3,774.07,121.43,291.06,942.40,1,-1,-1,-1
508,6,1176.35,179.51,251.44,670.48,1,-1,-1,-1
508,4,464.32,196.77,246.63,664.95,1,-1,-1,-1
508,3,781.72,127.33,335.99,936.46,1,-1,-1,-1
509,6,1155.17,179.76,256.42,675.48,1,-1,-1,-1
509,4,446.25,194.09,256.68,681.25,1,-1,-1,-1
509,3,813.08,138.99,336.55,924.33,1,-1,-1,-1
510,6,1153.03,171.39,252.46,668.83,1,-1,-1,-1
510,4,432.16,196.63,261.28,690.60,1,-1,-1,-1
510,3,836.78,198.42,424.40,875.59,1,-1,-1,-1
511,7,1150.00,176.00,266.00,657.00,1,-1,-1,-1
511,4,422.78,204.05,262.15,706.01,1,-1,-1,-1
511,3,881.96,171.87,402.45,877.23,1,-1,-1,-1
512,7,1122.25,179.00,290.52,659.47,1,-1,-1,-1
512,4,414.54,205.44,267.70,716.79,1,-1,-1,-1
512,3,894.23,156.13,438.20,897.82,1,-1,-1,-1
513,7,1115.94,184.62,273.50,618.77,1,-1,-1,-1
513,4,415.71,200.03,262.79,733.04,1,-1,-1,-1
513,3,860.00,153.00,589.00,876.00,1,-1,-1,-1
514,7,1104.25,194.17,250.52,618.77,1,-1,-1,-1
514,4,413.96,190.69,262.82,746.88,1,-1,-1,-1
514,3,874.74,143.34,586.25,900.61,1,-1,-1,-1
515,4,411.44,185.15,265.64,761.60,1,-1,-1,-1
515,3,892.79,142.09,579.73,921.05,1,-1,-1,-1
516,4,406.79,175.57,263.36,773.48,1,-1,-1,-1
516,3,914.13,135.08,562.37,932.94,1,-1,-1,-1
517,4,398.75,170.25,264.22,784.60,1,-1,-1,-1
517,3,937.74,164.90,540.09,897.15,1,-1,-1,-1
518,10,1021.00,199.47,143.13,184.54,1,-1,-1,-1
518,9,987.00,278.00,173.00,514.00,1,-1,-1,-1
518,4,393.39,181.75,271.98,799.56,1,-1,-1,-1
518,3,953.99,153.80,524.37,907.16,1,-1,-1,-1
519,10,1007.19,193.38,143.00,184.00,1,-1,-1,-1
519,9,1002.61,292.68,166.72,496.01,1,-1,-1,-1
519,4,382.04,180.10,281.04,798.34,1,-1,-1,-1
519,3,964.72,149.51,530.38,903.35,1,-1,-1,-1
520,10,992.30,190.81,143.00,184.00,1,-1,-1,-1
520,9,969.07,275.06,211.90,510.81,1,-1,-1,-1
520,4,371.88,178.86,289.47,814.84,1,-1,-1,-1
520,3,971.75,153.78,564.86,905.24,1,-1,-1,-1
521,9,959.10,237.69,220.17,549.30,1,-1,-1,-1
521,4,366.82,178.12,297.42,809.42,1,-1,-1,-1
521,3,1008.24,145.32,560.71,912.32,1,-1,-1,-1
522,9,931.00,219.72,223.58,571.98,1,-1,-1,-1
522,4,351.55,177.61,310.06,817.37,1,-1,-1,-1
522,3,1041.76,156.41,541.55,906.16,1,-1,-1,-1
523,6,913.00,196.00,232.00,603.00,1,-1,-1,-1
523,4,336.82,169.02,325.91,852.45,1,-1,-1,-1
523,3,1061.68,150.84,544.85,910.57,1,-1,-1,-1
524,6,897.46,202.73,226.44,585.99,1,-1,-1,-1
524,4,327.26,163.04,338.64,872.31,1,-1,-1,-1
524,3,1119.87,144.11,502.92,912.12,1,-1,-1,-1
525,6,883.56,188.74,217.51,599.73,1,-1,-1,-1
525,4,326.66,160.86,340.12,874.88,1,-1,-1,-1
525,3,1132.79,142.87,513.97,903.39,1,-1,-1,-1
526,6,857.49,190.03,223.99,598.82,1,-1,-1,-1
526,4,324.98,168.82,337.11,871.79,1,-1,-1,-1
526,3,1152.53,139.15,516.69,914.08,1,-1,-1,-1
527,6,836.64,188.55,226.73,604.44,1,-1,-1,-1
527,4,312.90,167.57,345.49,882.76,1,-1,-1,-1
527,3,1171.43,138.16,509.11,904.27,1,-1,-1,-1
528,6,819.55,194.50,234.52,606.09,1,-1,-1,-1
528,4,304.26,159.61,349.97,899.42,1,-1,-1,-1
528,3,1180.14,144.58,505.21,894.36,1,-1,-1,-1
529,6,789.57,208.97,254.27,599.10,1,-1,-1,-1
529,4,285.55,157.86,366.54,909.16,1,-1,-1,-1
529,3,1191.81,148.60,508.10,890.48,1,-1,-1,-1
530,6,765.45,205.74,260.38,608.54,1,-1,-1,-1
530,4,318.51,146.11,345.52,931.69,1,-1,-1,-1
530,3,1211.77,150.00,483.06,892.83,1,-1,-1,-1
531,6,745.91,215.38,260.64,606.69,1,-1,-1,-1
531,4,336.65,147.36,349.39,939.17,1,-1,-1,-1
531,3,1210.92,152.61,498.44,891.08,1,-1,-1,-1
532,6,735.19,218.27,243.63,612.90,1,-1,-1,-1
532,4,348.24,150.52,363.74,944.28,1,-1,-1,-1
532,3,1211.65,156.63,494.44,890.19,1,-1,-1,-1
533,6,723.09,221.37,225.70,614.84,1,-1,-1,-1
533,4,361.67,156.41,372.44,942.22,1,-1,-1,-1
533,3,1211.68,153.82,480.31,885.66,1,-1,-1,-1
534,6,715.77,220.12,208.21,627.61,1,-1,-1,-1
534,4,351.70,147.48,388.32,943.24,1,-1,-1,-1
534,3,1217.69,149.03,467.00,874.35,1,-1,-1,-1
535,6,679.16,214.63,216.48,637.94,1,-1,-1,-1
535,4,353.59,144.66,408.29,935.37,1,-1,-1,-1
535,3,1216.10,145.53,454.74,845.00,1,-1,-1,-1
536,6,676.00,222.41,208.78,629.71,1,-1,-1,-1
536,4,349.07,126.13,416.32,940.73,1,-1,-1,-1
536,3,1223.76,148.61,446.46,833.02,1,-1,-1,-1
537,6,686.80,217.37,184.83,605.94,1,-1,-1,-1
537,4,344.64,123.76,424.46,940.32,1,-1,-1,-1
537,3,1230.18,156.19,434.75,819.46,1,-1,-1,-1
538,6,677.84,197.08,188.06,563.10,1,-1,-1,-1
538,4,363.35,130.41,439.89,931.40,1,-1,-1,-1
538,3,1236.52,154.99,425.43,813.26,1,-1,-1,-1
539,6,649.25,185.92,212.74,552.93,1,-1,-1,-1
539,4,413.82,118.06,434.23,948.58,1,-1,-1,-1
539,3,1240.23,162.12,419.36,797.78,1,-1,-1,-1
540,4,482.81,116.30,412.54,957.88,1,-1,-1,-1
540,3,1251.13,169.55,405.32,792.23,1,-1,-1,-1
541,4,500.48,98.12,399.83,956.82,1,-1,-1,-1
541,3,1251.51,174.00,400.83,784.99,1,-1,-1,-1
542,4,507.22,110.65,399.87,956.55,1,-1,-1,-1
542,3,1255.02,179.27,393.50,776.35,1,-1,-1,-1
543,4,507.14,101.00,412.83,955.82,1,-1,-1,-1
543,3,1258.72,169.34,384.67,783.87,1,-1,-1,-1
544,6,531.00,183.00,193.00,536.00,1,-1,-1,-1
544,4,542.07,114.57,462.99,959.09,1,-1,-1,-1
544,3,1258.81,160.26,381.09,787.02,1,-1,-1,-1
545,6,534.10,184.38,209.12,624.08,1,-1,-1,-1
545,4,616.34,126.27,452.19,955.06,1,-1,-1,-1
545,3,1261.03,167.37,377.52,766.84,1,-1,-1,-1
546,6,533.96,171.42,236.36,674.12,1,-1,-1,-1
546,4,655.97,125.65,461.34,951.20,1,-1,-1,-1
546,3,1266.50,167.03,364.80,752.09,1,-1,-1,-1
547,6,531.62,164.89,248.41,737.72,1,-1,-1,-1
547,4,725.78,116.88,423.01,959.11,1,-1,-1,-1
547,3,1263.46,173.71,365.95,720.69,1,-1,-1,-1
548,6,522.08,163.96,265.47,760.05,1,-1,-1,-1
548,4,776.00,107.00,430.00,965.00,1,-1,-1,-1
548,3,1269.26,176.11,348.30,711.47,1,-1,-1,-1
549,6,518.33,173.79,258.93,772.18,1,-1,-1,-1
549,4,802.48,111.26,414.74,962.80,1,-1,-1,-1
549,3,1258.30,184.04,350.59,694.46,1,-1,-1,-1
550,6,517.75,167.88,254.27,785.89,1,-1,-1,-1
550,4,850.17,100.67,394.47,974.04,1,-1,-1,-1
550,3,1251.98,190.16,341.91,680.98,1,-1,-1,-1
551,6,510.40,156.46,256.18,785.73,1,-1,-1,-1
551,4,893.53,93.12,402.98,987.71,1,-1,-1,-1
551,3,1227.56,198.21,356.55,666.04,1,-1,-1,-1
552,6,507.22,143.31,254.70,799.38,1,-1,-1,-1
552,4,926.31,103.92,422.29,980.02,1,-1,-1,-1
552,3,1223.66,200.26,351.18,656.32,1,-1,-1,-1
553,6,496.11,125.64,286.91,820.26,1,-1,-1,-1
553,4,965.95,96.60,429.03,983.68,1,-1,-1,-1
553,3,1224.98,200.01,340.13,654.26,1,-1,-1,-1
554,6,523.00,161.00,279.00,815.00,1,-1,-1,-1
554,4,995.49,89.28,431.71,993.45,1,-1,-1,-1
554,3,1223.02,197.78,336.55,654.66,1,-1,-1,-1
555,6,505.95,157.65,297.00,834.83,1,-1,-1,-1
555,4,1028.98,108.78,439.58,977.44,1,-1,-1,-1
555,3,1210.30,193.14,329.71,651.17,1,-1,-1,-1
556,6,490.18,159.28,332.59,844.98,1,-1,-1,-1
556,4,1059.59,99.20,433.49,978.09,1,-1,-1,-1
557,6,483.90,159.91,333.97,874.08,1,-1,-1,-1
557,4,1103.15,104.86,420.71,973.05,1,-1,-1,-1
558,6,475.59,151.87,353.36,895.02,1,-1,-1,-1
558,4,1148.64,108.93,406.27,977.47,1,-1,-1,-1
559,6,476.19,154.94,359.68,903.26,1,-1,-1,-1
559,4,1162.20,97.89,413.88,988.71,1,-1,-1,-1
560,6,474.08,136.40,358.88,914.36,1,-1,-1,-1
560,4,1169.36,94.64,433.23,980.47,1,-1,-1,-1
561,9,1106.00,229.00,219.00,584.00,1,-1,-1,-1
561,6,481.09,134.61,348.59,915.67,1,-1,-1,-1
561,4,1156.43,94.79,470.87,981.05,1,-1,-1,-1
562,9,1082.44,227.51,228.78,591.84,1,-1,-1,-1
562,6,497.39,124.21,352.56,936.15,1,-1,-1,-1
562,4,1214.51,80.10,438.42,996.63,1,-1,-1,-1
563,9,1063.17,226.46,252.09,601.15,1,-1,-1,-1
563,6,522.99,106.13,349.81,948.46,1,-1,-1,-1
563,4,1243.08,82.17,427.91,984.20,1,-1,-1,-1
564,9,1050.76,230.31,257.21,596.15,1,-1,-1,-1
564,6,541.96,102.24,350.84,944.92,1,-1,-1,-1
564,4,1272.38,89.56,408.75,972.79,1,-1,-1,-1
565,9,1047.26,227.51,235.77,601.31,1,-1,-1,-1
565,6,554.05,99.19,342.16,944.16,1,-1,-1,-1
565,4,1288.10,93.46,400.07,969.33,1,-1,-1,-1
566,9,1045.89,223.03,218.54,602.55,1,-1,-1,-1
566,6,569.67,99.24,332.03,943.83,1,-1,-1,-1
566,4,1290.34,105.36,399.81,951.50,1,-1,-1,-1
567,9,1032.26,214.82,198.05,600.14,1,-1,-1,-1
567,6,593.21,95.59,308.75,942.90,1,-1,-1,-1
567,4,1307.96,117.41,380.72,936.98,1,-1,-1,-1
568,9,1015.17,208.61,191.02,598.91,1,-1,-1,-1
568,6,617.59,87.85,298.62,952.21,1,-1,-1,-1
568,4,1311.03,111.95,371.51,926.75,1,-1,-1,-1
569,9,986.92,222.47,199.51,587.64,1,-1,-1,-1
569,6,646.46,84.71,279.70,958.83,1,-1,-1,-1
569,4,1317.93,102.16,370.87,939.27,1,-1,-1,-1
570,9,965.36,224.24,212.48,583.14,1,-1,-1,-1
570,6,658.44,83.98,299.24,967.89,1,-1,-1,-1
570,4,1322.41,101.97,370.59,929.51,1,-1,-1,-1
571,9,947.59,221.59,221.04,593.74,1,-1,-1,-1
571,6,664.39,81.02,320.43,974.90,1,-1,-1,-1
571,4,1320.34,102.98,370.21,923.22,1,-1,-1,-1
572,9,927.77,221.97,219.82,584.16,1,-1,-1,-1
572,6,706.01,78.67,321.19,988.84,1,-1,-1,-1
572,4,1317.24,106.00,368.15,907.70,1,-1,-1,-1
573,9,947.34,232.11,199.40,568.57,1,-1,-1,-1
573,6,755.19,84.73,332.45,984.86,1,-1,-1,-1
573,4,1315.86,112.25,361.35,901.58,1,-1,-1,-1
574,6,780.29,72.63,353.26,995.22,1,-1,-1,-1
574,4,1308.14,114.78,362.43,894.74,1,-1,-1,-1
575,6,809.51,57.14,353.06,1008.75,1,-1,-1,-1
575,4,1304.43,124.27,360.85,883.07,1,-1,-1,-1
576,6,811.59,63.41,385.30,1016.69,1,-1,-1,-1
576,4,1302.69,133.21,356.57,863.10,1,-1,-1,-1
577,6,835.07,69.55,400.46,1013.29,1,-1,-1,-1
577,4,1306.22,147.90,342.74,855.05,1,-1,-1,-1
578,11,822.90,453.34,184.26,384.60,1,-1,-1,-1
578,6,839.31,104.31,425.73,973.86,1,-1,-1,-1
578,4,1298.83,150.45,332.25,847.51,1,-1,-1,-1
579,11,801.99,344.79,205.41,506.28,1,-1,-1,-1
579,6,823.00,192.00,514.00,833.00,1,-1,-1,-1
579,4,1291.71,143.93,333.47,830.63,1,-1,-1,-1
580,11,800.00,210.00,219.00,641.00,1,-1,-1,-1
580,6,874.38,186.35,483.98,865.10,1,-1,-1,-1
580,4,1290.23,145.64,321.69,792.98,1,-1,-1,-1
581,11,786.75,219.15,226.16,645.73,1,-1,-1,-1
581,6,922.80,195.55,502.38,872.24,1,-1,-1,-1
581,4,1301.61,146.82,296.51,766.53,1,-1,-1,-1
582,11,755.56,223.81,255.39,641.14,1,-1,-1,-1
582,6,967.38,162.60,515.62,898.17,1,-1,-1,-1
582,4,1283.48,159.41,293.78,739.03,1,-1,-1,-1
583,11,743.39,223.45,264.59,642.44,1,-1,-1,-1
583,6,988.15,167.68,503.90,900.52,1,-1,-1,-1
583,4,1315.00,184.00,221.00,697.00,1,-1,-1,-1
584,11,716.97,231.50,248.24,638.78,1,-1,-1,-1
584,6,1001.60,159.80,509.59,908.78,1,-1,-1,-1
584,4,1316.94,184.41,210.71,739.13,1,-1,-1,-1
585,11,693.80,224.62,243.69,650.27,1,-1,-1,-1
585,6,1038.46,149.05,514.94,920.54,1,-1,-1,-1
585,4,1323.87,175.38,224.15,684.93,1,-1,-1,-1
586,11,676.75,226.99,223.87,664.50,1,-1,-1,-1
586,8,1185.00,79.00,159.00,199.00,1,-1,-1,-1
586,6,1068.41,140.58,509.41,932.35,1,-1,-1,-1
586,4,1342.30,193.03,217.17,684.93,1,-1,-1,-1
587,11,664.41,230.06,216.70,668.42,1,-1,-1,-1
587,8,1211.43,86.31,159.00,199.00,1,-1,-1,-1
587,6,1098.02,122.71,508.34,961.56,1,-1,-1,-1
587,4,1402.77,234.69,217.17,684.93,1,-1,-1,-1
588,11,639.53,232.03,226.88,674.63,1,-1,-1,-1
588,8,1245.74,93.62,159.00,199.00,1,-1,-1,-1
588,6,1126.13,109.26,512.81,985.37,1,-1,-1,-1
589,11,608.80,227.84,249.34,695.51,1,-1,-1,-1
589,6,1156.68,120.86,517.01,972.34,1,-1,-1,-1
590,11,600.86,228.88,252.30,709.32,1,-1,-1,-1
590,6,1160.22,114.67,515.79,969.82,1,-1,-1,-1
591,11,577.75,227.34,246.77,710.89,1,-1,-1,-1
591,6,1168.76,114.67,521.93,970.65,1,-1,-1,-1
591,4,1218.00,184.00,139.00,638.00,1,-1,-1,-1
592,11,548.59,223.64,242.79,714.54,1,-1,-1,-1
592,6,1193.17,106.84,494.96,961.80,1,-1,-1,-1
592,4,1202.12,177.14,152.71,657.72,1,-1,-1,-1
593,11,528.23,219.38,226.36,718.18,1,-1,-1,-1
593,6,1213.31,105.51,509.94,968.53,1,-1,-1,-1
593,4,1175.89,178.31,170.47,649.11,1,-1,-1,-1
594,11,505.38,212.33,229.10,726.67,1,-1,-1,-1
594,6,1223.67,106.55,482.90,936.00,1,-1,-1,-1
594,4,1146.38,180.32,194.82,646.12,1,-1,-1,-1
595,11,470.39,214.96,255.75,733.10,1,-1,-1,-1
595,6,1235.46,116.23,433.43,910.68,1,-1,-1,-1
595,4,1122.19,189.78,207.62,644.54,1,-1,-1,-1
596,11,454.83,216.46,257.87,744.83,1,-1,-1,-1
596,6,1235.81,113.81,406.35,903.04,1,-1,-1,-1
596,4,1114.66,179.54,194.92,660.57,1,-1,-1,-1
597,11,439.74,221.40,257.91,752.35,1,-1,-1,-1
597,6,1243.89,129.36,400.18,895.52,1,-1,-1,-1
597,4,1088.25,195.36,207.58,648.20,1,-1,-1,-1
598,11,422.12,218.39,254.38,754.04,1,-1,-1,-1
598,6,1257.17,131.30,389.47,901.36,1,-1,-1,-1
598,4,1074.65,202.39,191.94,638.01,1,-1,-1,-1
599,11,392.59,211.37,252.46,756.34,1,-1,-1,-1
599,6,1247.23,129.23,398.84,916.56,1,-1,-1,-1
599,4,1058.95,209.07,189.00,628.12,1,-1,-1,-1
600,11,382.34,211.26,257.16,764.96,1,-1,-1,-1
600,6,1241.09,133.59,407.05,897.93,1,-1,-1,-1
600,4,1049.59,209.71,184.16,625.45,1,-1,-1,-1
601,11,366.51,209.83,263.06,774.87,1,-1,-1,-1
601,6,1245.20,129.89,393.47,886.78,1,-1,-1,-1
601,4,1030.87,200.47,174.90,633.34,1,-1,-1,-1
602,11,355.86,209.01,278.09,794.42,1,-1,-1,-1
602,6,1219.06,133.32,404.40,883.42,1,-1,-1,-1
602,4,1008.52,213.62,162.35,623.22,1,-1,-1,-1
603,11,344.71,204.16,294.84,812.12,1,-1,-1,-1
603,6,1199.63,140.83,421.38,881.97,1,-1,-1,-1
603,4,980.19,206.30,173.08,623.16,1,-1,-1,-1
604,6,1181.13,146.50,436.84,866.94,1,-1,-1,-1
604,4,959.88,208.60,183.35,610.24,1,-1,-1,-1
604,3,329.00,186.00,327.00,840.00,1,-1,-1,-1
605,6,1173.98,149.21,436.15,854.78,1,-1,-1,-1
605,4,937.61,212.23,195.82,597.06,1,-1,-1,-1
605,3,335.81,199.14,328.21,842.90,1,-1,-1,-1
606,6,1170.46,147.26,426.26,840.04,1,-1,-1,-1
606,4,907.63,219.90,214.08,589.53,1,-1,-1,-1
606,3,344.01,198.14,328.27,853.59,1,-1,-1,-1
607,6,1168.62,149.73,412.48,831.29,1,-1,-1,-1
607,4,886.25,227.13,217.15,577.37,1,-1,-1,-1
607,3,353.23,193.61,323.00,865.80,1,-1,-1,-1
608,6,1170.26,153.18,402.68,813.57,1,-1,-1,-1
608,4,873.80,226.54,222.71,571.75,1,-1,-1,-1
608,3,354.46,187.95,325.05,876.42,1,-1,-1,-1
609,6,1164.36,172.88,393.26,800.03,1,-1,-1,-1
609,4,852.36,233.24,221.34,558.62,1,-1,-1,-1
609,3,366.06,185.49,319.11,884.69,1,-1,-1,-1
610,6,1160.62,169.50,384.22,788.26,1,-1,-1,-1
610,4,833.23,230.61,204.43,560.58,1,-1,-1,-1
610,3,377.85,179.86,314.72,888.76,1,-1,-1,-1
611,4,810.02,230.50,192.26,564.23,1,-1,-1,-1
611,3,396.46,185.74,316.25,889.89,1,-1,-1,-1
611,2,1205.00,153.00,250.00,783.00,1,-1,-1,-1
612,4,786.85,228.90,195.26,560.50,1,-1,-1,-1
612,3,414.92,187.68,312.72,887.47,1,-1,-1,-1
612,2,1200.32,144.57,235.74,773.12,1,-1,-1,-1
613,4,765.82,220.24,199.01,569.44,1,-1,-1,-1
613,3,431.24,191.34,307.61,885.04,1,-1,-1,-1
613,2,1175.95,135.42,241.36,762.36,1,-1,-1,-1
614,4,764.91,225.47,192.58,568.35,1,-1,-1,-1
614,3,441.27,198.19,307.42,882.57,1,-1,-1,-1
614,2,1167.46,137.40,242.21,754.89,1,-1,-1,-1
615,4,753.01,223.65,189.19,572.44,1,-1,-1,-1
615,3,467.88,190.67,304.09,893.17,1,-1,-1,-1
615,2,1150.74,145.45,248.95,757.17,1,-1,-1,-1
616,4,761.55,231.56,174.67,566.97,1,-1,-1,-1
616,3,499.53,180.77,315.31,911.67,1,-1,-1,-1
616,2,1135.84,155.82,263.04,751.87,1,-1,-1,-1
617,4,762.48,232.10,161.94,561.82,1,-1,-1,-1
617,3,526.01,194.16,308.27,895.72,1,-1,-1,-1
617,2,1131.66,160.53,262.50,739.52,1,-1,-1,-1
618,4,757.56,237.14,154.44,562.02,1,-1,-1,-1
618,3,542.39,178.37,320.60,904.22,1,-1,-1,-1
618,2,1132.38,168.38,254.03,731.30,1,-1,-1,-1
619,4,791.01,248.28,124.74,572.55,1,-1,-1,-1
619,3,566.57,157.92,330.50,932.22,1,-1,-1,-1
619,2,1125.38,171.53,263.12,725.18,1,-1,-1,-1
620,3,589.22,158.83,327.91,931.38,1,-1,-1,-1
620,2,1106.64,177.21,255.43,718.44,1,-1,-1,-1
621,3,613.81,149.48,353.81,942.24,1,-1,-1,-1
621,2,1105.30,182.43,240.27,705.79,1,-1,-1,-1
622,4,596.00,239.00,156.00,549.00,1,-1,-1,-1
622,3,621.16,185.87,393.70,908.34,1,-1,-1,-1
622,2,1105.01,179.33,212.19,699.23,1,-1,-1,-1
623,4,579.35,235.92,171.76,554.26,1,-1,-1,-1
623,3,646.94,200.70,376.01,891.45,1,-1,-1,-1
623,2,1088.60,170.82,220.93,705.47,1,-1,-1,-1
624,4,552.10,234.47,200.93,567.05,1,-1,-1,-1
624,3,684.60,217.26,351.73,871.24,1,-1,-1,-1
624,2,1076.76,172.76,210.20,692.99,1,-1,-1,-1
625,4,522.63,229.69,221.25,583.13,1,-1,-1,-1
625,3,739.96,181.32,333.29,913.75,1,-1,-1,-1
625,2,1047.87,162.76,220.55,690.53,1,-1,-1,-1
626,4,496.01,238.60,236.11,585.74,1,-1,-1,-1
626,3,771.28,173.95,338.11,914.18,1,-1,-1,-1
626,2,1038.84,163.01,220.30,690.30,1,-1,-1,-1
627,9,821.00,170.00,271.00,874.00,1,-1,-1,-1
627,4,485.38,240.43,237.97,588.55,1,-1,-1,-1
627,2,1030.90,159.51,226.14,689.40,1,-1,-1,-1
628,9,850.27,173.32,272.32,879.49,1,-1,-1,-1
628,4,470.23,243.18,238.72,603.12,1,-1,-1,-1
628,2,1032.08,165.42,217.88,675.25,1,-1,-1,-1
629,9,862.74,149.48,294.65,912.30,1,-1,-1,-1
629,4,461.07,241.50,229.14,604.83,1,-1,-1,-1
629,2,1017.11,167.03,223.23,716.91,1,-1,-1,-1
630,9,901.68,131.16,305.80,940.49,1,-1,-1,-1
630,4,448.14,236.25,212.84,614.82,1,-1,-1,-1
630,2,978.76,158.86,233.19,730.35,1,-1,-1,-1
631,9,907.66,125.01,314.29,944.83,1,-1,-1,-1
631,4,445.56,234.69,201.36,615.56,1,-1,-1,-1
632,9,933.08,137.87,329.78,931.71,1,-1,-1,-1
632,4,435.09,224.37,201.02,632.07,1,-1,-1,-1
633,9,951.13,156.47,344.63,923.88,1,-1,-1,-1
633,4,425.25,225.91,199.97,642.97,1,-1,-1,-1
634,9,952.60,140.51,346.43,943.17,1,-1,-1,-1
634,7,938.00,202.00,170.00,571.00,1,-1,-1,-1
634,4,413.38,237.09,206.94,643.13,1,-1,-1,-1
635,9,987.68,112.39,338.32,970.52,1,-1,-1,-1
635,7,927.57,195.92,179.55,574.87,1,-1,-1,-1
635,4,397.26,237.25,208.91,646.07,1,-1,-1,-1
636,9,1019.26,123.94,327.58,957.27,1,-1,-1,-1
636,7,916.67,198.55,188.59,584.75,1,-1,-1,-1
636,4,386.05,235.89,212.49,655.72,1,-1,-1,-1
637,9,1089.78,129.75,290.05,941.21,1,-1,-1,-1
637,7,891.86,189.59,202.07,600.64,1,-1,-1,-1
637,4,379.73,224.24,208.10,682.32,1,-1,-1,-1
638,9,1123.72,133.74,285.93,937.46,1,-1,-1,-1
638,7,866.72,196.02,215.22,601.06,1,-1,-1,-1
638,4,377.57,218.70,199.76,701.64,1,-1,-1,-1
639,9,1173.03,123.80,260.43,944.22,1,-1,-1,-1
639,7,848.81,204.21,230.31,604.85,1,-1,-1,-1
639,4,375.52,207.86,209.30,721.54,1,-1,-1,-1
640,9,1188.90,125.38,269.93,924.18,1,-1,-1,-1
640,7,834.12,208.93,220.90,600.52,1,-1,-1,-1
640,4,365.60,199.98,205.83,730.80,1,-1,-1,-1
641,9,1205.11,125.85,272.26,922.60,1,-1,-1,-1
641,7,827.81,213.76,207.08,599.87,1,-1,-1,-1
641,4,358.60,205.81,201.89,739.99,1,-1,-1,-1
642,9,1212.52,135.70,278.11,916.48,1,-1,-1,-1
642,7,813.02,215.92,185.54,593.60,1,-1,-1,-1
642,4,351.28,210.67,200.59,750.71,1,-1,-1,-1
643,9,1217.58,142.24,288.83,927.57,1,-1,-1,-1
643,7,793.33,197.18,179.88,610.20,1,-1,-1,-1
643,4,337.81,199.95,208.77,774.18,1,-1,-1,-1
644,9,1231.55,138.78,295.22,937.32,1,-1,-1,-1
644,7,769.61,192.12,181.47,612.48,1,-1,-1,-1
644,4,320.95,200.84,224.75,766.25,1,-1,-1,-1
645,9,1252.88,135.78,299.74,947.07,1,-1,-1,-1
645,7,750.88,193.89,185.78,613.46,1,-1,-1,-1
645,4,306.21,203.23,240.89,780.20,1,-1,-1,-1
646,9,1274.01,123.04,301.66,952.82,1,-1,-1,-1
646,7,719.55,202.90,204.64,601.38,1,-1,-1,-1
646,4,296.73,203.27,247.94,791.25,1,-1,-1,-1
647,9,1295.65,126.77,306.43,949.27,1,-1,-1,-1
647,7,701.25,210.56,212.11,601.19,1,-1,-1,-1
647,4,286.75,203.06,258.45,816.08,1,-1,-1,-1
648,9,1306.36,134.92,299.53,929.54,1,-1,-1,-1
648,7,700.90,217.71,211.64,592.49,1,-1,-1,-1
648,4,277.47,195.12,269.04,836.15,1,-1,-1,-1
649,9,1329.51,126.83,292.56,942.66,1,-1,-1,-1
649,7,687.74,219.38,207.75,594.04,1,-1,-1,-1
649,4,269.82,199.98,273.00,839.11,1,-1,-1,-1
650,9,1333.08,127.45,305.04,935.77,1,-1,-1,-1
650,7,679.32,225.27,194.21,593.31,1,-1,-1,-1
650,4,259.56,196.92,278.11,852.84,1,-1,-1,-1
651,9,1339.66,130.65,310.09,925.40,1,-1,-1,-1
651,7,667.32,222.53,203.00,594.27,1,-1,-1,-1
651,4,251.86,194.16,277.08,856.51,1,-1,-1,-1
652,9,1350.89,138.21,307.85,913.24,1,-1,-1,-1
652,7,643.76,212.17,242.87,595.90,1,-1,-1,-1
652,4,239.10,187.33,281.99,853.85,1,-1,-1,-1
653,9,1359.24,144.22,316.29,902.21,1,-1,-1,-1
653,7,631.08,214.14,257.63,595.10,1,-1,-1,-1
653,4,250.27,189.23,288.12,852.49,1,-1,-1,-1
654,9,1356.31,146.30,328.78,893.03,1,-1,-1,-1
654,7,615.18,216.17,255.57,599.91,1,-1,-1,-1
654,4,277.83,195.37,288.08,856.55,1,-1,-1,-1
655,9,1346.60,140.62,332.04,885.23,1,-1,-1,-1
655,7,600.80,216.81,255.74,605.63,1,-1,-1,-1
655,4,303.74,195.27,290.59,875.55,1,-1,-1,-1
656,9,1343.94,140.54,334.59,881.77,1,-1,-1,-1
656,4,320.46,193.96,299.54,878.03,1,-1,-1,-1
656,2,575.00,219.00,302.00,606.00,1,-1,-1,-1
657,9,1343.49,142.75,340.35,863.06,1,-1,-1,-1
657,4,358.97,194.02,293.80,876.29,1,-1,-1,-1
657,2,567.02,219.67,271.88,619.76,1,-1,-1,-1
658,9,1354.20,145.29,339.09,850.23,1,-1,-1,-1
658,4,364.69,207.07,304.48,868.02,1,-1,-1,-1
658,2,558.71,207.66,264.17,619.24,1,-1,-1,-1
659,9,1368.19,146.96,329.93,840.60,1,-1,-1,-1
659,4,368.75,216.89,307.06,858.00,1,-1,-1,-1
659,2,565.46,206.51,251.44,598.64,1,-1,-1,-1
660,9,1380.53,159.26,318.01,820.47,1,-1,-1,-1
660,4,400.23,228.64,307.25,860.59,1,-1,-1,-1
660,2,571.10,212.80,234.21,526.81,1,-1,-1,-1
661,9,1375.33,162.72,309.96,812.15,1,-1,-1,-1
661,4,441.25,207.87,280.11,874.97,1,-1,-1,-1
661,2,539.48,218.62,262.53,526.81,1,-1,-1,-1
662,9,1364.31,171.25,305.77,806.81,1,-1,-1,-1
662,4,483.25,194.56,263.26,877.32,1,-1,-1,-1
663,9,1357.21,174.29,296.69,797.35,1,-1,-1,-1
663,4,483.21,177.89,262.26,872.22,1,-1,-1,-1
664,9,1349.55,221.39,285.68,729.96,1,-1,-1,-1
664,4,467.91,139.93,287.78,876.30,1,-1,-1,-1
665,11,505.00,131.00,373.00,942.00,1,-1,-1,-1
665,9,1343.28,195.56,272.20,732.35,1,-1,-1,-1
665,4,454.62,174.95,203.67,763.08,1,-1,-1,-1
666,11,537.58,138.40,355.08,937.18,1,-1,-1,-1
666,9,1338.41,191.30,271.79,743.33,1,-1,-1,-1
666,7,449.00,170.00,202.00,764.00,1,-1,-1,-1
667,11,566.76,132.40,369.18,956.88,1,-1,-1,-1
667,9,1329.55,220.71,266.13,701.74,1,-1,-1,-1
667,7,445.68,175.82,210.93,747.55,1,-1,-1,-1
668,11,604.37,150.18,365.78,945.94,1,-1,-1,-1
668,9,1319.97,197.32,253.79,707.22,1,-1,-1,-1
668,7,434.14,183.29,212.30,743.61,1,-1,-1,-1
669,11,624.69,128.01,387.03,968.32,1,-1,-1,-1
669,9,1310.24,192.78,251.84,716.87,1,-1,-1,-1
669,7,418.98,190.53,212.01,744.92,1,-1,-1,-1
670,11,669.12,126.47,384.30,973.00,1,-1,-1,-1
670,9,1300.17,191.95,245.11,709.35,1,-1,-1,-1
670,7,408.21,193.57,208.76,743.98,1,-1,-1,-1
671,11,694.98,138.82,386.55,953.16,1,-1,-1,-1
671,9,1293.00,198.54,235.81,702.08,1,-1,-1,-1
671,7,393.95,173.20,211.05,741.95,1,-1,-1,-1
672,11,716.94,137.43,372.79,955.96,1,-1,-1,-1
672,9,1284.77,194.23,239.55,700.05,1,-1,-1,-1
672,7,384.86,167.58,217.34,754.19,1,-1,-1,-1
673,11,757.25,127.34,370.57,973.47,1,-1,-1,-1
673,9,1269.27,196.30,239.99,706.78,1,-1,-1,-1
673,7,384.89,178.46,206.41,763.22,1,-1,-1,-1
674,11,805.65,132.95,369.86,973.60,1,-1,-1,-1
674,9,1257.23,200.84,237.64,686.20,1,-1,-1,-1
674,7,387.30,157.70,205.45,776.95,1,-1,-1,-1
675,11,842.17,136.82,357.87,974.52,1,-1,-1,-1
675,9,1246.31,213.91,227.98,662.74,1,-1,-1,-1
675,7,376.54,168.06,219.58,790.78,1,-1,-1,-1
