34,0,4.42,260.26,249.51,574.60,-1,-1,-1,-1
35,0,4.09,248.24,250.26,589.17,-1,-1,-1,-1
36,0,4.34,243.30,246.93,596.26,-1,-1,-1,-1
37,0,13.90,247.38,240.58,589.28,-1,-1,-1,-1
38,0,25.94,244.09,224.90,591.22,-1,-1,-1,-1
39,0,43.79,244.94,213.63,587.77,-1,-1,-1,-1
40,0,47.76,238.14,214.23,589.45,-1,-1,-1,-1
41,0,51.72,231.34,214.83,591.12,-1,-1,-1,-1
42,0,55.69,224.53,215.43,592.80,-1,-1,-1,-1
43,0,59.66,217.73,216.03,594.47,-1,-1,-1,-1
44,1,147.51,263.47,227.44,568.71,-1,-1,-1,-1
45,1,166.78,264.29,212.73,567.92,-1,-1,-1,-1
46,1,179.99,260.46,206.28,562.33,-1,-1,-1,-1
47,1,198.91,247.01,206.87,583.68,-1,-1,-1,-1
48,1,208.25,244.38,220.83,582.18,-1,-1,-1,-1
49,1,222.63,244.41,249.12,582.58,-1,-1,-1,-1
50,1,239.11,242.26,272.03,589.10,-1,-1,-1,-1
51,1,255.24,251.91,276.27,578.40,-1,-1,-1,-1
52,1,270.57,260.16,269.57,568.96,-1,-1,-1,-1
53,1,285.86,262.64,258.10,567.14,-1,-1,-1,-1
54,1,299.92,259.81,248.20,572.25,-1,-1,-1,-1
55,1,306.45,254.52,254.14,581.55,-1,-1,-1,-1
56,1,311.47,248.75,257.51,592.97,-1,-1,-1,-1
57,1,313.69,251.17,265.73,595.37,-1,-1,-1,-1
58,1,314.79,249.15,271.96,614.06,-1,-1,-1,-1
59,1,314.07,247.16,280.61,617.29,-1,-1,-1,-1
60,1,315.07,247.37,281.53,618.39,-1,-1,-1,-1
61,1,316.25,247.25,281.05,625.41,-1,-1,-1,-1
62,1,315.43,244.76,281.53,634.57,-1,-1,-1,-1
63,1,312.47,241.47,283.65,643.60,-1,-1,-1,-1
64,1,312.08,239.05,279.22,651.45,-1,-1,-1,-1
65,1,308.00,237.51,283.69,656.29,-1,-1,-1,-1
66,1,308.56,233.41,284.87,661.93,-1,-1,-1,-1
67,1,310.91,232.01,288.90,666.71,-1,-1,-1,-1
68,1,319.30,231.71,301.68,673.37,-1,-1,-1,-1
69,1,328.40,231.21,306.07,676.71,-1,-1,-1,-1
70,1,342.62,231.23,297.37,687.20,-1,-1,-1,-1
71,1,355.37,231.32,295.30,689.72,-1,-1,-1,-1
72,1,368.63,228.79,289.52,694.71,-1,-1,-1,-1
73,1,377.30,226.10,288.16,703.77,-1,-1,-1,-1
74,1,384.17,222.34,295.28,710.42,-1,-1,-1,-1
75,1,389.59,215.96,308.68,728.20,-1,-1,-1,-1
76,1,396.01,210.02,317.59,754.65,-1,-1,-1,-1
77,1,400.41,208.07,325.91,774.64,-1,-1,-1,-1
78,1,402.04,207.62,333.25,790.94,-1,-1,-1,-1
79,1,403.16,211.42,339.69,802.73,-1,-1,-1,-1
80,1,404.51,209.93,345.50,820.15,-1,-1,-1,-1
81,1,407.40,206.88,343.40,828.65,-1,-1,-1,-1
82,1,414.82,205.27,332.71,828.53,-1,-1,-1,-1
83,1,424.24,201.30,319.08,832.56,-1,-1,-1,-1
84,1,438.04,195.15,302.59,840.82,-1,-1,-1,-1
85,1,447.40,191.25,297.47,845.79,-1,-1,-1,-1
86,1,463.53,191.46,311.95,854.18,-1,-1,-1,-1
87,1,482.74,186.65,324.83,862.68,-1,-1,-1,-1
88,1,507.62,187.07,318.38,865.11,-1,-1,-1,-1
89,1,524.49,187.10,314.58,867.73,-1,-1,-1,-1
90,1,543.10,179.90,297.61,877.22,-1,-1,-1,-1
91,1,557.99,173.14,293.33,888.64,-1,-1,-1,-1
92,1,592.37,168.22,273.44,897.51,-1,-1,-1,-1
93,1,625.60,174.77,269.63,880.36,-1,-1,-1,-1
94,1,655.56,177.97,273.59,876.20,-1,-1,-1,-1
95,1,676.20,174.58,316.21,890.09,-1,-1,-1,-1
96,1,690.44,169.63,326.61,892.28,-1,-1,-1,-1
97,1,707.01,181.85,326.21,874.63,-1,-1,-1,-1
98,1,722.88,186.89,316.03,868.63,-1,-1,-1,-1
99,1,758.31,180.17,276.06,843.68,-1,-1,-1,-1
100,1,774.21,174.80,270.25,837.63,-1,-1,-1,-1
101,1,793.40,168.33,278.86,867.07,-1,-1,-1,-1
102,1,806.54,159.61,292.46,899.22,-1,-1,-1,-1
103,1,816.18,173.09,310.33,883.01,-1,-1,-1,-1
104,1,820.01,169.84,318.27,901.25,-1,-1,-1,-1
105,1,819.96,178.07,324.20,892.60,-1,-1,-1,-1
106,1,821.09,185.41,335.66,869.67,-1,-1,-1,-1
107,1,825.38,181.38,328.97,877.30,-1,-1,-1,-1
108,1,828.99,192.67,328.26,835.12,-1,-1,-1,-1
109,1,831.89,191.47,321.34,822.55,-1,-1,-1,-1
110,1,835.55,192.21,313.37,812.30,-1,-1,-1,-1
111,1,840.29,192.74,308.33,805.80,-1,-1,-1,-1
111,3,20.67,233.13,244.80,581.43,-1,-1,-1,-1
112,1,845.44,196.27,298.34,795.16,-1,-1,-1,-1
112,3,41.11,229.94,224.81,582.19,-1,-1,-1,-1
113,1,850.07,204.01,290.29,774.57,-1,-1,-1,-1
113,3,62.86,229.48,219.36,583.79,-1,-1,-1,-1
114,1,852.59,207.50,283.82,765.83,-1,-1,-1,-1
114,3,82.41,224.56,222.03,587.30,-1,-1,-1,-1
115,1,852.45,215.73,281.45,752.68,-1,-1,-1,-1
115,3,102.19,226.37,241.74,585.04,-1,-1,-1,-1
116,1,854.66,218.66,271.82,741.26,-1,-1,-1,-1
116,3,122.96,230.00,273.24,578.66,-1,-1,-1,-1
117,1,853.95,220.36,266.44,722.30,-1,-1,-1,-1
117,3,149.87,235.20,273.92,576.15,-1,-1,-1,-1
118,1,850.57,218.00,260.25,704.74,-1,-1,-1,-1
118,3,169.25,234.76,272.08,581.01,-1,-1,-1,-1
119,1,846.26,212.88,254.26,700.98,-1,-1,-1,-1
119,3,196.09,242.38,256.03,568.13,-1,-1,-1,-1
120,1,840.69,208.24,254.47,700.21,-1,-1,-1,-1
120,3,217.03,232.52,242.94,576.40,-1,-1,-1,-1
121,1,838.48,210.97,248.36,686.66,-1,-1,-1,-1
121,3,241.64,231.10,221.52,571.89,-1,-1,-1,-1
122,1,832.54,202.20,243.03,689.44,-1,-1,-1,-1
122,3,265.88,230.87,206.10,568.76,-1,-1,-1,-1
123,1,825.07,202.78,240.75,683.58,-1,-1,-1,-1
123,3,280.13,230.37,218.64,564.26,-1,-1,-1,-1
124,1,822.83,212.38,237.56,668.29,-1,-1,-1,-1
124,3,294.51,229.55,235.20,567.93,-1,-1,-1,-1
125,1,815.38,221.05,235.55,652.08,-1,-1,-1,-1
125,3,309.40,237.27,258.84,556.30,-1,-1,-1,-1
126,1,804.70,234.46,240.91,626.02,-1,-1,-1,-1
126,3,331.46,238.03,268.67,558.01,-1,-1,-1,-1
127,1,799.91,237.17,237.16,612.29,-1,-1,-1,-1
127,3,356.96,239.82,259.75,556.92,-1,-1,-1,-1
128,1,795.40,229.50,236.38,624.02,-1,-1,-1,-1
128,3,376.63,239.39,250.45,557.50,-1,-1,-1,-1
129,1,794.18,230.07,233.63,615.91,-1,-1,-1,-1
129,3,402.60,235.64,225.11,557.38,-1,-1,-1,-1
130,1,794.06,232.34,231.37,610.11,-1,-1,-1,-1
130,3,424.50,230.06,202.56,564.82,-1,-1,-1,-1
131,1,797.65,230.29,226.14,611.92,-1,-1,-1,-1
131,3,448.24,223.91,191.49,574.47,-1,-1,-1,-1
132,1,801.69,233.49,222.93,606.17,-1,-1,-1,-1
132,3,460.38,219.76,192.06,581.92,-1,-1,-1,-1
133,1,806.74,235.04,217.45,606.19,-1,-1,-1,-1
133,3,478.42,214.74,205.97,585.38,-1,-1,-1,-1
134,1,816.36,244.56,208.64,592.37,-1,-1,-1,-1
134,3,494.72,220.36,237.16,575.33,-1,-1,-1,-1
135,1,827.77,248.93,198.74,583.89,-1,-1,-1,-1
135,3,512.55,217.94,249.93,578.67,-1,-1,-1,-1
136,1,833.14,251.50,196.20,572.93,-1,-1,-1,-1
136,3,527.08,223.96,250.94,574.99,-1,-1,-1,-1
137,1,838.60,250.92,195.94,565.78,-1,-1,-1,-1
137,3,540.61,225.82,248.60,572.17,-1,-1,-1,-1
138,1,846.65,242.24,192.66,571.65,-1,-1,-1,-1
138,3,562.44,229.45,227.45,563.13,-1,-1,-1,-1
139,1,854.61,243.32,189.69,564.88,-1,-1,-1,-1
139,3,589.23,223.64,202.79,565.58,-1,-1,-1,-1
140,1,861.55,247.32,188.93,555.11,-1,-1,-1,-1
140,3,608.35,214.82,188.45,574.49,-1,-1,-1,-1
141,1,871.30,248.69,183.29,549.52,-1,-1,-1,-1
141,3,630.81,211.77,174.25,579.05,-1,-1,-1,-1
142,1,886.22,237.06,185.69,562.14,-1,-1,-1,-1
142,3,644.43,217.76,186.05,573.89,-1,-1,-1,-1
143,1,892.00,242.16,196.21,549.59,-1,-1,-1,-1
143,3,654.78,224.75,207.79,562.57,-1,-1,-1,-1
144,1,903.90,243.53,193.35,542.32,-1,-1,-1,-1
144,3,667.39,223.17,217.14,568.12,-1,-1,-1,-1
145,1,910.54,247.82,187.99,532.98,-1,-1,-1,-1
145,3,685.15,221.56,211.57,570.31,-1,-1,-1,-1
146,1,931.08,247.34,165.01,526.80,-1,-1,-1,-1
146,3,704.44,228.08,208.31,564.49,-1,-1,-1,-1
147,1,946.71,244.21,156.37,521.94,-1,-1,-1,-1
147,3,726.31,229.82,195.38,561.42,-1,-1,-1,-1
148,1,960.24,233.49,151.00,544.09,-1,-1,-1,-1
148,3,757.09,220.37,163.45,573.65,-1,-1,-1,-1
149,1,970.20,233.25,167.44,543.78,-1,-1,-1,-1
149,3,783.14,209.27,144.02,584.95,-1,-1,-1,-1
150,1,979.72,234.40,182.84,544.74,-1,-1,-1,-1
150,3,796.31,208.56,158.08,584.81,-1,-1,-1,-1
151,1,984.14,236.19,202.46,546.09,-1,-1,-1,-1
151,3,803.66,210.57,178.41,581.37,-1,-1,-1,-1
152,1,990.46,236.60,215.91,555.21,-1,-1,-1,-1
152,3,818.84,215.50,192.45,572.98,-1,-1,-1,-1
153,1,1000.60,234.52,222.18,555.81,-1,-1,-1,-1
153,3,821.28,212.55,220.18,573.93,-1,-1,-1,-1
154,1,1005.32,231.79,224.44,566.37,-1,-1,-1,-1
154,3,822.62,219.45,239.11,563.91,-1,-1,-1,-1
155,1,1009.04,227.67,229.29,581.37,-1,-1,-1,-1
155,3,840.91,225.86,220.59,548.27,-1,-1,-1,-1
156,1,1012.08,220.57,231.71,598.40,-1,-1,-1,-1
156,3,871.63,224.14,186.97,542.69,-1,-1,-1,-1
157,1,1019.49,224.89,223.08,594.88,-1,-1,-1,-1
157,3,907.86,228.43,154.25,528.83,-1,-1,-1,-1
158,1,1019.72,229.19,225.78,592.46,-1,-1,-1,-1
158,3,930.65,221.08,143.93,533.29,-1,-1,-1,-1
159,1,1000.52,224.18,255.14,614.25,-1,-1,-1,-1
159,3,942.24,226.88,150.34,530.93,-1,-1,-1,-1
160,1,1004.42,229.32,256.51,615.18,-1,-1,-1,-1
160,3,954.68,226.77,140.44,518.74,-1,-1,-1,-1
161,1,1009.05,223.38,251.01,637.47,-1,-1,-1,-1
161,3,957.36,226.13,167.10,532.04,-1,-1,-1,-1
162,1,1011.21,225.06,255.87,647.73,-1,-1,-1,-1
162,3,977.97,225.30,157.70,535.21,-1,-1,-1,-1
163,1,1027.09,230.16,248.93,641.84,-1,-1,-1,-1
163,3,979.35,234.30,164.19,519.32,-1,-1,-1,-1
164,1,1032.12,232.15,268.86,649.06,-1,-1,-1,-1
164,3,993.69,236.83,162.49,513.97,-1,-1,-1,-1
165,1,1041.99,225.99,281.48,659.77,-1,-1,-1,-1
165,3,1008.04,239.35,160.79,508.61,-1,-1,-1,-1
166,1,1054.78,213.62,294.35,680.71,-1,-1,-1,-1
166,3,1022.38,241.88,159.09,503.26,-1,-1,-1,-1
167,1,1070.72,205.63,302.34,704.70,-1,-1,-1,-1
167,3,1036.73,244.41,157.39,497.90,-1,-1,-1,-1
168,1,1076.67,195.88,313.17,732.02,-1,-1,-1,-1
169,1,1082.26,193.33,314.62,746.62,-1,-1,-1,-1
170,1,1085.48,209.72,319.84,690.69,-1,-1,-1,-1
171,1,1088.01,210.53,320.30,708.14,-1,-1,-1,-1
172,1,1087.05,193.10,323.30,761.22,-1,-1,-1,-1
173,1,1089.95,187.96,308.31,790.92,-1,-1,-1,-1
174,1,1086.95,181.51,307.41,813.90,-1,-1,-1,-1
175,1,1082.78,179.19,312.62,818.13,-1,-1,-1,-1
176,1,1077.63,179.18,323.94,818.30,-1,-1,-1,-1
177,1,1074.66,172.82,344.01,842.65,-1,-1,-1,-1
178,1,1074.54,172.60,350.37,855.48,-1,-1,-1,-1
179,1,1078.03,166.52,349.95,876.25,-1,-1,-1,-1
180,1,1081.34,175.08,345.83,878.47,-1,-1,-1,-1
181,1,1083.56,185.01,340.11,865.25,-1,-1,-1,-1
181,4,1329.41,224.64,197.91,512.92,-1,-1,-1,-1
182,1,1091.62,184.15,318.25,871.12,-1,-1,-1,-1
182,4,1339.46,213.17,200.83,534.39,-1,-1,-1,-1
183,1,1098.02,185.71,296.43,851.72,-1,-1,-1,-1
183,4,1349.41,200.80,194.95,560.42,-1,-1,-1,-1
184,1,1095.84,174.11,290.86,867.94,-1,-1,-1,-1
184,4,1358.47,192.31,185.77,574.81,-1,-1,-1,-1
185,1,1090.86,161.11,278.36,893.78,-1,-1,-1,-1
185,4,1368.31,194.18,188.55,562.98,-1,-1,-1,-1
186,1,1078.43,160.35,277.65,892.66,-1,-1,-1,-1
186,4,1377.85,193.27,194.42,567.37,-1,-1,-1,-1
187,1,1064.55,162.83,282.77,886.11,-1,-1,-1,-1
187,4,1387.22,190.26,215.17,580.68,-1,-1,-1,-1
188,1,1061.65,160.80,274.50,889.36,-1,-1,-1,-1
188,4,1398.22,188.01,238.13,596.81,-1,-1,-1,-1
189,1,1056.80,169.60,271.31,872.73,-1,-1,-1,-1
189,4,1410.35,194.48,246.23,588.31,-1,-1,-1,-1
190,1,1046.01,170.45,279.34,866.23,-1,-1,-1,-1
190,4,1421.71,188.30,237.42,607.49,-1,-1,-1,-1
191,1,1036.41,173.89,275.59,871.85,-1,-1,-1,-1
191,4,1433.99,186.13,234.11,614.87,-1,-1,-1,-1
192,1,1018.48,181.76,266.72,857.49,-1,-1,-1,-1
192,4,1446.71,191.10,239.49,610.57,-1,-1,-1,-1
193,1,1006.15,186.07,259.32,848.49,-1,-1,-1,-1
193,4,1457.29,191.76,242.54,610.78,-1,-1,-1,-1
194,1,993.39,186.73,259.96,835.85,-1,-1,-1,-1
194,4,1465.37,186.87,248.38,620.16,-1,-1,-1,-1
195,1,979.02,190.42,265.56,823.38,-1,-1,-1,-1
195,4,1475.71,179.30,248.72,635.38,-1,-1,-1,-1
196,1,966.10,198.84,266.00,800.94,-1,-1,-1,-1
196,4,1488.75,179.14,244.50,643.06,-1,-1,-1,-1
197,1,951.76,206.86,270.61,781.50,-1,-1,-1,-1
197,4,1496.54,185.62,246.26,638.25,-1,-1,-1,-1
198,1,942.21,211.84,274.06,774.57,-1,-1,-1,-1
198,4,1503.83,186.04,240.69,644.55,-1,-1,-1,-1
199,1,934.11,213.50,268.92,768.90,-1,-1,-1,-1
199,4,1508.70,176.28,233.41,669.48,-1,-1,-1,-1
200,1,925.68,216.99,268.00,751.10,-1,-1,-1,-1
200,4,1507.96,169.98,232.16,684.38,-1,-1,-1,-1
201,1,916.88,214.19,269.66,739.81,-1,-1,-1,-1
201,4,1506.61,168.60,230.94,687.91,-1,-1,-1,-1
202,1,912.10,213.77,267.96,724.64,-1,-1,-1,-1
202,4,1503.37,170.10,224.87,684.09,-1,-1,-1,-1
203,1,908.91,220.22,266.04,688.30,-1,-1,-1,-1
203,4,1500.07,171.43,225.87,685.81,-1,-1,-1,-1
204,1,906.78,207.35,262.60,699.38,-1,-1,-1,-1
204,4,1483.18,172.18,241.48,685.35,-1,-1,-1,-1
205,1,908.35,213.86,256.26,676.88,-1,-1,-1,-1
205,4,1463.25,165.63,261.88,701.39,-1,-1,-1,-1
206,1,904.27,208.09,256.44,680.14,-1,-1,-1,-1
206,4,1449.64,162.48,269.64,717.65,-1,-1,-1,-1
207,1,902.91,212.96,254.15,671.14,-1,-1,-1,-1
207,4,1423.19,168.72,300.34,708.71,-1,-1,-1,-1
208,1,903.97,214.57,250.18,662.45,-1,-1,-1,-1
208,4,1409.03,172.85,300.13,707.55,-1,-1,-1,-1
209,1,907.50,213.83,244.62,661.45,-1,-1,-1,-1
209,4,1400.53,174.90,295.60,705.38,-1,-1,-1,-1
210,1,911.23,217.39,241.14,650.26,-1,-1,-1,-1
210,4,1410.20,170.59,257.79,720.02,-1,-1,-1,-1
210,5,1.10,243.46,174.38,579.93,-1,-1,-1,-1
211,1,918.09,217.17,235.22,652.13,-1,-1,-1,-1
211,4,1411.73,166.53,230.26,728.25,-1,-1,-1,-1
211,5,2.32,245.59,166.23,567.53,-1,-1,-1,-1
212,1,923.26,224.63,231.71,620.65,-1,-1,-1,-1
212,4,1409.99,153.69,207.77,746.45,-1,-1,-1,-1
212,5,2.48,248.52,166.35,559.13,-1,-1,-1,-1
213,1,931.66,230.49,229.74,596.26,-1,-1,-1,-1
213,4,1394.76,158.55,195.09,734.58,-1,-1,-1,-1
213,5,2.69,249.71,170.82,551.88,-1,-1,-1,-1
214,1,930.30,228.78,231.85,586.62,-1,-1,-1,-1
214,4,1370.76,152.24,203.02,744.53,-1,-1,-1,-1
214,5,9.60,252.74,185.74,549.71,-1,-1,-1,-1
215,1,931.23,232.45,232.03,573.70,-1,-1,-1,-1
215,4,1319.60,145.27,243.10,752.33,-1,-1,-1,-1
215,5,15.72,246.80,205.92,557.91,-1,-1,-1,-1
216,1,931.81,230.00,232.35,578.01,-1,-1,-1,-1
216,4,1284.76,153.92,268.00,736.59,-1,-1,-1,-1
216,5,18.54,252.76,227.96,543.95,-1,-1,-1,-1
217,1,930.25,227.41,232.76,584.41,-1,-1,-1,-1
217,4,1258.15,163.56,287.38,719.98,-1,-1,-1,-1
217,5,28.22,254.66,256.16,544.23,-1,-1,-1,-1
218,1,933.93,232.32,226.87,579.15,-1,-1,-1,-1
218,4,1243.17,170.07,290.52,711.41,-1,-1,-1,-1
218,5,41.14,239.74,273.34,560.92,-1,-1,-1,-1
219,1,937.54,232.54,222.31,583.94,-1,-1,-1,-1
219,4,1236.06,168.47,287.79,717.13,-1,-1,-1,-1
219,5,49.09,245.92,289.33,552.56,-1,-1,-1,-1
220,1,942.48,239.88,214.18,567.25,-1,-1,-1,-1
220,4,1228.76,170.08,272.95,713.34,-1,-1,-1,-1
220,5,62.52,248.37,293.07,549.59,-1,-1,-1,-1
221,1,951.06,235.31,200.32,576.24,-1,-1,-1,-1
221,4,1218.55,164.54,241.48,716.69,-1,-1,-1,-1
221,5,80.31,256.22,275.89,539.29,-1,-1,-1,-1
222,1,962.05,231.45,186.71,580.22,-1,-1,-1,-1
222,4,1205.43,162.39,211.95,720.08,-1,-1,-1,-1
222,5,97.93,252.41,263.05,548.66,-1,-1,-1,-1
223,1,966.71,232.40,184.07,565.85,-1,-1,-1,-1
223,4,1183.71,147.00,201.43,749.63,-1,-1,-1,-1
223,5,116.95,249.16,245.39,556.54,-1,-1,-1,-1
224,1,967.23,229.22,186.05,562.29,-1,-1,-1,-1
224,4,1163.19,143.10,202.00,762.60,-1,-1,-1,-1
224,5,134.45,246.53,230.34,562.11,-1,-1,-1,-1
225,1,967.11,233.32,184.65,550.34,-1,-1,-1,-1
225,4,1105.17,157.42,266.43,745.02,-1,-1,-1,-1
225,5,150.52,249.94,221.45,550.56,-1,-1,-1,-1
226,1,967.70,235.05,185.60,540.24,-1,-1,-1,-1
226,4,1052.05,161.52,313.98,740.83,-1,-1,-1,-1
226,5,164.32,252.09,213.59,542.19,-1,-1,-1,-1
227,1,968.93,242.59,179.09,525.53,-1,-1,-1,-1
227,4,1028.49,156.92,326.93,747.35,-1,-1,-1,-1
227,5,175.07,245.37,213.44,553.50,-1,-1,-1,-1
228,1,971.48,246.15,175.25,514.28,-1,-1,-1,-1
228,4,996.85,155.39,339.57,751.46,-1,-1,-1,-1
228,5,186.51,243.82,217.35,558.56,-1,-1,-1,-1
229,1,974.04,249.71,171.41,503.03,-1,-1,-1,-1
229,4,984.58,163.16,330.31,740.60,-1,-1,-1,-1
229,5,194.74,243.08,222.98,563.31,-1,-1,-1,-1
230,1,976.60,253.27,167.56,491.79,-1,-1,-1,-1
230,4,994.00,166.57,275.44,735.78,-1,-1,-1,-1
230,5,205.53,243.20,229.95,569.49,-1,-1,-1,-1
231,1,979.15,256.82,163.72,480.54,-1,-1,-1,-1
231,4,998.33,167.61,236.05,734.51,-1,-1,-1,-1
231,5,212.06,244.50,234.94,567.49,-1,-1,-1,-1
232,4,971.87,177.35,255.27,728.44,-1,-1,-1,-1
232,5,228.52,251.49,225.01,555.78,-1,-1,-1,-1
233,4,929.96,182.41,294.03,725.69,-1,-1,-1,-1
233,5,239.37,253.78,217.55,551.57,-1,-1,-1,-1
234,4,883.64,182.21,309.48,721.29,-1,-1,-1,-1
234,5,247.98,252.70,214.32,551.93,-1,-1,-1,-1
235,4,852.24,179.92,322.78,727.05,-1,-1,-1,-1
235,5,253.37,245.98,215.29,559.20,-1,-1,-1,-1
236,4,835.95,186.83,313.47,713.62,-1,-1,-1,-1
236,5,257.06,243.25,222.07,560.28,-1,-1,-1,-1
237,4,827.01,184.56,287.46,711.38,-1,-1,-1,-1
237,5,259.20,244.84,235.18,554.30,-1,-1,-1,-1
237,6,1115.60,220.10,255.85,600.11,-1,-1,-1,-1
238,4,822.99,177.74,256.95,720.77,-1,-1,-1,-1
238,5,263.23,245.68,242.22,560.29,-1,-1,-1,-1
238,6,1121.28,219.94,254.09,609.98,-1,-1,-1,-1
239,4,816.93,183.75,217.63,713.61,-1,-1,-1,-1
239,5,269.64,246.02,243.07,569.29,-1,-1,-1,-1
239,6,1138.97,221.26,236.92,609.06,-1,-1,-1,-1
240,4,801.11,182.60,203.43,710.45,-1,-1,-1,-1
240,5,274.53,243.91,241.23,577.43,-1,-1,-1,-1
240,6,1157.54,220.05,220.12,608.58,-1,-1,-1,-1
241,4,785.37,176.24,193.72,730.14,-1,-1,-1,-1
241,5,280.92,241.79,239.35,582.58,-1,-1,-1,-1
241,6,1179.08,225.02,202.14,595.42,-1,-1,-1,-1
242,4,741.52,165.61,232.04,754.95,-1,-1,-1,-1
242,5,290.96,242.06,228.36,577.55,-1,-1,-1,-1
242,6,1196.97,218.19,204.58,609.83,-1,-1,-1,-1
243,4,706.39,171.13,245.27,744.39,-1,-1,-1,-1
243,5,292.55,235.22,232.30,592.73,-1,-1,-1,-1
243,6,1210.61,210.73,217.53,629.60,-1,-1,-1,-1
244,4,677.61,176.21,262.81,740.36,-1,-1,-1,-1
244,5,293.94,233.94,233.64,599.39,-1,-1,-1,-1
244,6,1220.16,208.62,230.27,643.66,-1,-1,-1,-1
245,4,659.20,187.08,273.72,727.51,-1,-1,-1,-1
245,5,291.29,227.86,240.60,609.00,-1,-1,-1,-1
245,6,1227.00,210.20,248.55,653.28,-1,-1,-1,-1
246,4,643.00,199.64,282.07,714.55,-1,-1,-1,-1
246,5,293.16,229.34,236.42,615.95,-1,-1,-1,-1
246,6,1234.63,209.27,254.94,667.72,-1,-1,-1,-1
247,4,632.89,192.38,265.75,732.99,-1,-1,-1,-1
247,5,291.95,229.72,235.35,622.55,-1,-1,-1,-1
247,6,1241.22,209.18,260.03,685.15,-1,-1,-1,-1
248,4,626.25,188.49,241.83,735.50,-1,-1,-1,-1
248,5,291.90,233.53,231.51,625.44,-1,-1,-1,-1
248,6,1245.05,211.67,267.06,692.61,-1,-1,-1,-1
249,4,609.62,178.43,225.28,752.53,-1,-1,-1,-1
249,5,287.91,242.75,232.02,618.38,-1,-1,-1,-1
249,6,1254.14,210.55,264.29,700.63,-1,-1,-1,-1
250,4,587.00,180.99,212.27,753.12,-1,-1,-1,-1
250,5,280.35,241.56,236.41,633.60,-1,-1,-1,-1
250,6,1262.51,206.76,256.26,706.01,-1,-1,-1,-1
251,4,556.24,174.46,223.26,759.50,-1,-1,-1,-1
251,5,262.19,233.32,256.67,660.56,-1,-1,-1,-1
251,6,1271.66,192.63,252.24,735.81,-1,-1,-1,-1
252,4,510.95,176.89,258.20,749.49,-1,-1,-1,-1
252,5,251.71,222.50,263.40,692.92,-1,-1,-1,-1
252,6,1280.14,184.28,256.75,751.94,-1,-1,-1,-1
253,4,480.14,174.01,283.94,751.88,-1,-1,-1,-1
253,5,245.25,220.91,261.72,692.47,-1,-1,-1,-1
253,6,1285.32,188.99,272.79,745.10,-1,-1,-1,-1
254,4,462.80,184.62,292.30,738.09,-1,-1,-1,-1
254,5,237.12,215.78,254.31,708.36,-1,-1,-1,-1
254,6,1290.09,185.58,305.81,764.36,-1,-1,-1,-1
255,4,454.71,186.15,293.38,737.27,-1,-1,-1,-1
255,5,223.97,218.76,253.21,704.02,-1,-1,-1,-1
255,6,1304.74,184.63,298.62,776.48,-1,-1,-1,-1
256,4,456.98,184.94,271.28,738.81,-1,-1,-1,-1
256,5,212.66,217.18,248.25,707.01,-1,-1,-1,-1
256,6,1316.21,186.16,297.87,794.18,-1,-1,-1,-1
257,4,454.95,180.27,239.85,743.88,-1,-1,-1,-1
257,5,194.39,216.14,252.09,722.26,-1,-1,-1,-1
257,6,1326.16,187.51,302.19,797.87,-1,-1,-1,-1
258,4,438.97,195.11,227.29,720.08,-1,-1,-1,-1
258,5,179.73,211.05,248.15,751.32,-1,-1,-1,-1
258,6,1337.75,181.84,309.18,806.87,-1,-1,-1,-1
259,4,418.08,185.31,221.37,733.09,-1,-1,-1,-1
259,5,166.44,209.13,248.57,786.35,-1,-1,-1,-1
259,6,1349.17,178.51,324.01,815.66,-1,-1,-1,-1
260,4,397.78,182.30,225.16,742.94,-1,-1,-1,-1
260,5,151.23,209.81,258.57,801.60,-1,-1,-1,-1
260,6,1357.41,168.72,344.28,841.10,-1,-1,-1,-1
261,4,379.56,178.82,233.53,748.53,-1,-1,-1,-1
261,5,133.25,208.30,273.21,814.98,-1,-1,-1,-1
261,6,1362.05,157.00,357.39,879.68,-1,-1,-1,-1
262,4,357.51,187.71,256.62,734.07,-1,-1,-1,-1
262,5,120.73,201.86,276.29,827.86,-1,-1,-1,-1
262,6,1366.31,157.84,360.23,895.57,-1,-1,-1,-1
263,4,338.47,193.67,272.82,724.01,-1,-1,-1,-1
263,5,105.56,199.38,281.84,832.34,-1,-1,-1,-1
263,6,1368.72,161.97,355.79,901.46,-1,-1,-1,-1
264,4,319.65,197.48,291.76,727.64,-1,-1,-1,-1
264,5,93.55,194.10,287.96,843.85,-1,-1,-1,-1
264,6,1369.97,162.90,349.46,910.52,-1,-1,-1,-1
265,4,313.14,194.99,291.66,728.25,-1,-1,-1,-1
265,5,76.46,191.72,297.67,836.83,-1,-1,-1,-1
265,6,1368.34,159.03,341.72,916.97,-1,-1,-1,-1
266,4,308.49,199.09,284.45,728.28,-1,-1,-1,-1
266,5,60.68,180.60,307.25,867.29,-1,-1,-1,-1
266,6,1364.18,162.91,339.26,912.60,-1,-1,-1,-1
267,4,295.07,189.88,280.04,739.51,-1,-1,-1,-1
267,5,46.80,172.56,316.31,884.91,-1,-1,-1,-1
267,6,1361.20,159.83,338.96,915.78,-1,-1,-1,-1
268,4,283.68,193.09,258.54,733.06,-1,-1,-1,-1
268,5,29.14,174.69,334.66,879.50,-1,-1,-1,-1
268,6,1359.25,155.73,328.58,915.57,-1,-1,-1,-1
269,4,255.08,189.35,244.32,746.87,-1,-1,-1,-1
269,5,11.97,175.25,375.61,879.80,-1,-1,-1,-1
269,6,1353.87,160.40,322.65,900.02,-1,-1,-1,-1
270,4,234.07,188.64,230.91,744.50,-1,-1,-1,-1
270,5,5.51,171.13,361.56,884.72,-1,-1,-1,-1
270,6,1345.39,149.02,310.98,915.79,-1,-1,-1,-1
271,4,216.32,185.02,232.98,753.86,-1,-1,-1,-1
271,5,-2.70,166.41,366.70,895.44,-1,-1,-1,-1
271,6,1330.53,140.28,305.32,928.59,-1,-1,-1,-1
272,4,206.49,181.74,239.13,753.43,-1,-1,-1,-1
272,5,-6.01,161.65,364.59,901.00,-1,-1,-1,-1
272,6,1310.00,124.41,309.24,954.42,-1,-1,-1,-1
273,4,182.42,176.53,264.59,761.65,-1,-1,-1,-1
273,5,-5.51,166.18,347.25,897.69,-1,-1,-1,-1
273,6,1280.32,142.35,334.14,930.17,-1,-1,-1,-1
274,4,164.97,172.63,281.26,764.68,-1,-1,-1,-1
274,5,-8.01,171.33,356.83,890.99,-1,-1,-1,-1
274,6,1272.84,141.93,323.16,931.49,-1,-1,-1,-1
275,4,148.93,169.98,282.82,768.93,-1,-1,-1,-1
275,5,-6.35,184.86,384.12,876.41,-1,-1,-1,-1
275,6,1253.65,152.31,326.81,917.03,-1,-1,-1,-1
276,4,151.62,171.94,258.57,776.91,-1,-1,-1,-1
276,5,-0.74,171.54,370.35,895.71,-1,-1,-1,-1
276,6,1230.02,150.91,318.87,915.18,-1,-1,-1,-1
277,4,136.24,169.52,260.42,782.45,-1,-1,-1,-1
277,5,-2.83,171.48,376.73,889.56,-1,-1,-1,-1
277,6,1212.39,146.75,276.49,915.38,-1,-1,-1,-1
278,4,120.86,167.10,262.26,787.99,-1,-1,-1,-1
278,5,-1.30,159.09,361.31,903.51,-1,-1,-1,-1
278,6,1174.70,140.21,268.99,921.10,-1,-1,-1,-1
279,4,105.48,164.69,264.11,793.54,-1,-1,-1,-1
279,5,-0.93,142.89,350.38,925.33,-1,-1,-1,-1
279,6,1129.97,149.37,276.80,908.32,-1,-1,-1,-1
280,4,90.10,162.27,265.96,799.08,-1,-1,-1,-1
280,5,-1.36,142.21,343.89,919.23,-1,-1,-1,-1
280,6,1066.51,141.01,315.68,924.48,-1,-1,-1,-1
281,5,-1.69,129.04,344.02,932.75,-1,-1,-1,-1
281,6,999.24,134.03,365.42,940.39,-1,-1,-1,-1
282,5,-1.66,108.56,346.99,963.25,-1,-1,-1,-1
282,6,952.88,145.73,400.44,931.05,-1,-1,-1,-1
283,5,-2.76,87.78,354.54,991.79,-1,-1,-1,-1
283,6,921.80,149.86,417.85,924.65,-1,-1,-1,-1
284,5,-3.98,87.58,367.12,991.73,-1,-1,-1,-1
284,6,917.01,166.30,385.44,905.09,-1,-1,-1,-1
285,5,-4.12,84.46,385.05,990.17,-1,-1,-1,-1
285,6,898.91,163.31,343.59,901.69,-1,-1,-1,-1
286,5,-1.05,85.55,393.16,979.20,-1,-1,-1,-1
286,6,881.55,160.98,294.91,904.04,-1,-1,-1,-1
287,5,3.23,86.18,407.80,979.21,-1,-1,-1,-1
287,6,849.55,159.95,280.40,903.11,-1,-1,-1,-1
288,5,6.69,81.79,417.97,982.07,-1,-1,-1,-1
288,6,784.08,162.31,317.76,905.85,-1,-1,-1,-1
289,5,7.59,85.00,424.73,977.76,-1,-1,-1,-1
289,6,744.00,170.55,332.93,895.47,-1,-1,-1,-1
290,5,3.22,72.07,447.48,1001.17,-1,-1,-1,-1
290,6,717.85,177.86,336.83,881.34,-1,-1,-1,-1
291,5,5.65,67.45,461.16,1010.36,-1,-1,-1,-1
291,6,720.88,188.33,314.69,865.43,-1,-1,-1,-1
292,5,19.36,75.52,457.50,993.33,-1,-1,-1,-1
292,6,708.62,191.73,309.16,864.41,-1,-1,-1,-1
293,5,14.45,68.31,484.70,1006.95,-1,-1,-1,-1
293,6,687.09,188.44,300.13,862.09,-1,-1,-1,-1
294,5,81.96,69.08,431.89,1002.85,-1,-1,-1,-1
294,6,665.15,184.76,296.34,854.42,-1,-1,-1,-1
295,5,143.98,61.83,400.18,1004.86,-1,-1,-1,-1
295,6,638.64,186.53,305.99,833.90,-1,-1,-1,-1
296,5,189.67,56.36,417.06,1009.52,-1,-1,-1,-1
296,6,616.71,192.09,312.91,826.39,-1,-1,-1,-1
297,5,226.21,32.31,441.29,1044.52,-1,-1,-1,-1
297,6,606.17,191.60,316.68,825.87,-1,-1,-1,-1
298,5,248.63,21.31,448.19,1060.83,-1,-1,-1,-1
298,6,602.70,196.43,314.92,814.27,-1,-1,-1,-1
298,9,4.70,124.19,275.04,939.15,-1,-1,-1,-1
299,5,315.18,60.36,469.32,997.37,-1,-1,-1,-1
299,6,609.51,207.92,301.71,795.94,-1,-1,-1,-1
299,9,3.11,107.66,294.09,962.78,-1,-1,-1,-1
300,5,369.48,66.58,457.32,992.31,-1,-1,-1,-1
300,6,635.29,224.64,260.12,727.30,-1,-1,-1,-1
300,9,3.11,104.22,301.80,963.59,-1,-1,-1,-1
301,5,417.69,70.11,461.90,983.37,-1,-1,-1,-1
301,6,628.81,239.62,247.09,690.84,-1,-1,-1,-1
301,9,3.07,86.10,308.34,983.32,-1,-1,-1,-1
302,5,462.58,76.84,439.91,988.58,-1,-1,-1,-1
302,6,622.33,254.59,234.05,654.39,-1,-1,-1,-1
302,9,8.99,93.70,307.92,966.34,-1,-1,-1,-1
303,5,499.54,79.13,426.17,985.69,-1,-1,-1,-1
303,6,615.85,269.56,221.01,617.93,-1,-1,-1,-1
303,9,11.20,94.61,317.39,965.37,-1,-1,-1,-1
304,5,534.33,80.94,426.43,986.34,-1,-1,-1,-1
304,6,609.37,284.54,207.97,581.47,-1,-1,-1,-1
304,9,11.19,86.85,335.25,974.31,-1,-1,-1,-1
305,5,563.44,74.29,424.32,989.39,-1,-1,-1,-1
305,9,16.50,81.34,351.65,968.15,-1,-1,-1,-1
306,5,588.34,67.42,422.77,999.99,-1,-1,-1,-1
306,9,18.89,76.52,387.08,974.97,-1,-1,-1,-1
307,5,614.46,73.65,419.09,999.14,-1,-1,-1,-1
307,9,21.07,71.51,467.15,981.34,-1,-1,-1,-1
308,5,623.52,92.05,435.08,975.87,-1,-1,-1,-1
308,9,45.70,77.26,492.56,979.59,-1,-1,-1,-1
309,5,630.33,100.46,449.60,967.74,-1,-1,-1,-1
309,9,91.32,66.89,450.09,996.03,-1,-1,-1,-1
310,5,651.77,98.85,444.10,974.37,-1,-1,-1,-1
310,9,122.00,61.86,433.30,998.30,-1,-1,-1,-1
311,5,669.47,99.91,435.77,972.82,-1,-1,-1,-1
311,9,148.95,55.22,392.03,1005.59,-1,-1,-1,-1
312,5,702.44,113.59,411.30,958.37,-1,-1,-1,-1
312,9,168.87,45.26,396.27,1023.11,-1,-1,-1,-1
313,5,724.58,123.88,399.29,951.53,-1,-1,-1,-1
313,9,205.38,35.42,396.83,1029.60,-1,-1,-1,-1
314,5,744.04,123.38,380.19,951.68,-1,-1,-1,-1
314,9,244.87,11.59,399.53,1065.31,-1,-1,-1,-1
314,11,568.83,235.60,224.05,626.77,-1,-1,-1,-1
315,5,761.91,128.39,373.07,935.91,-1,-1,-1,-1
315,9,286.44,15.11,407.49,1061.56,-1,-1,-1,-1
315,11,565.10,235.90,221.02,627.92,-1,-1,-1,-1
316,5,771.74,128.60,369.20,936.27,-1,-1,-1,-1
316,9,318.00,16.39,420.11,1061.75,-1,-1,-1,-1
316,11,575.51,244.93,205.20,604.26,-1,-1,-1,-1
317,5,785.28,131.22,355.98,935.55,-1,-1,-1,-1
317,9,364.43,22.59,404.70,1055.17,-1,-1,-1,-1
317,11,587.58,266.72,181.00,486.92,-1,-1,-1,-1
318,5,792.54,141.07,347.05,925.68,-1,-1,-1,-1
318,9,406.10,43.45,396.01,1031.34,-1,-1,-1,-1
318,11,596.43,287.01,160.60,432.05,-1,-1,-1,-1
319,5,801.59,151.36,336.15,916.50,-1,-1,-1,-1
319,9,460.27,60.87,360.46,1004.07,-1,-1,-1,-1
319,11,605.27,307.31,140.21,377.17,-1,-1,-1,-1
320,5,804.71,160.79,327.66,900.59,-1,-1,-1,-1
320,9,518.85,88.13,306.74,977.26,-1,-1,-1,-1
320,11,614.12,327.60,119.81,322.29,-1,-1,-1,-1
321,5,807.24,167.59,321.53,878.76,-1,-1,-1,-1
321,9,548.00,59.00,296.22,1009.68,-1,-1,-1,-1
321,11,622.96,347.90,99.41,267.42,-1,-1,-1,-1
322,5,812.03,171.88,313.16,861.67,-1,-1,-1,-1
322,9,555.76,59.66,311.40,913.98,-1,-1,-1,-1
323,5,813.20,171.31,308.74,859.02,-1,-1,-1,-1
323,9,634.97,63.85,258.35,817.12,-1,-1,-1,-1
324,5,821.30,176.73,304.99,848.60,-1,-1,-1,-1
324,9,677.11,83.08,238.08,752.98,-1,-1,-1,-1
325,5,829.40,182.15,301.25,838.18,-1,-1,-1,-1
325,9,719.26,102.32,217.80,688.84,-1,-1,-1,-1
326,5,837.50,187.57,297.50,827.75,-1,-1,-1,-1
326,9,761.40,121.55,197.52,624.70,-1,-1,-1,-1
327,5,845.60,192.99,293.75,817.33,-1,-1,-1,-1
327,9,803.55,140.78,177.24,560.56,-1,-1,-1,-1
327,12,474.83,236.64,210.76,592.80,-1,-1,-1,-1
328,12,457.65,241.88,204.16,582.18,-1,-1,-1,-1
328,13,771.47,47.13,341.62,1020.11,-1,-1,-1,-1
329,12,439.20,245.17,204.75,580.66,-1,-1,-1,-1
329,13,805.73,46.48,336.47,1018.55,-1,-1,-1,-1
330,12,405.01,243.79,230.18,592.24,-1,-1,-1,-1
330,13,820.28,52.67,366.11,1009.54,-1,-1,-1,-1
331,12,372.90,246.07,257.02,599.11,-1,-1,-1,-1
331,13,836.27,61.58,388.72,996.07,-1,-1,-1,-1
332,12,358.81,241.33,266.44,615.00,-1,-1,-1,-1
332,13,846.88,59.62,433.39,984.16,-1,-1,-1,-1
333,12,354.72,237.51,259.90,635.95,-1,-1,-1,-1
333,13,851.68,68.07,481.90,981.63,-1,-1,-1,-1
334,12,334.23,241.22,276.63,638.96,-1,-1,-1,-1
334,13,877.62,70.65,478.97,975.63,-1,-1,-1,-1
335,12,311.16,239.93,288.02,643.50,-1,-1,-1,-1
335,13,903.56,73.24,476.03,969.62,-1,-1,-1,-1
336,12,297.10,238.77,293.44,645.61,-1,-1,-1,-1
336,13,929.50,75.82,473.09,963.62,-1,-1,-1,-1
337,12,277.22,234.90,312.94,658.26,-1,-1,-1,-1
337,13,1073.62,58.06,388.11,996.35,-1,-1,-1,-1
337,14,834.88,212.30,241.70,675.52,-1,-1,-1,-1
338,12,261.47,231.32,321.95,674.70,-1,-1,-1,-1
338,13,1119.36,66.19,369.77,988.64,-1,-1,-1,-1
338,14,836.90,212.86,236.94,674.48,-1,-1,-1,-1
339,12,250.57,226.19,325.03,701.41,-1,-1,-1,-1
339,13,1160.61,69.88,343.10,987.45,-1,-1,-1,-1
339,14,840.77,239.16,231.52,619.54,-1,-1,-1,-1
340,12,239.82,219.72,329.69,725.75,-1,-1,-1,-1
340,13,1203.45,46.03,313.93,1022.91,-1,-1,-1,-1
340,14,846.81,241.38,225.49,611.05,-1,-1,-1,-1
341,12,233.73,221.44,327.12,738.99,-1,-1,-1,-1
341,13,1235.38,43.20,305.03,1029.47,-1,-1,-1,-1
341,14,852.22,235.01,219.28,613.73,-1,-1,-1,-1
342,12,230.49,225.46,317.09,742.86,-1,-1,-1,-1
342,13,1259.71,48.99,309.84,1023.28,-1,-1,-1,-1
342,14,855.23,234.84,218.17,585.38,-1,-1,-1,-1
343,12,225.00,225.05,317.34,747.18,-1,-1,-1,-1
343,13,1278.21,54.61,315.30,1011.36,-1,-1,-1,-1
343,14,859.52,228.43,216.62,581.00,-1,-1,-1,-1
344,12,220.30,224.32,311.50,749.43,-1,-1,-1,-1
344,13,1297.54,57.32,338.30,1013.30,-1,-1,-1,-1
344,14,868.43,214.23,207.45,603.45,-1,-1,-1,-1
345,12,212.61,222.40,314.82,754.51,-1,-1,-1,-1
345,13,1319.43,64.20,341.88,1010.86,-1,-1,-1,-1
345,14,874.72,214.12,202.83,590.75,-1,-1,-1,-1
346,12,203.16,216.99,322.56,774.21,-1,-1,-1,-1
346,13,1340.03,67.79,337.62,1006.49,-1,-1,-1,-1
346,14,882.83,206.84,198.67,600.28,-1,-1,-1,-1
347,12,192.34,211.49,332.14,800.07,-1,-1,-1,-1
347,13,1351.37,64.15,354.56,1014.39,-1,-1,-1,-1
347,14,895.91,203.30,192.39,604.69,-1,-1,-1,-1
348,12,179.43,210.84,345.95,811.35,-1,-1,-1,-1
348,13,1372.31,73.38,367.92,991.23,-1,-1,-1,-1
348,14,906.16,202.44,190.74,605.93,-1,-1,-1,-1
349,12,167.51,218.11,363.31,802.30,-1,-1,-1,-1
349,13,1404.47,75.16,369.79,983.02,-1,-1,-1,-1
349,14,916.65,207.73,187.58,608.39,-1,-1,-1,-1
350,12,158.12,214.27,382.05,823.06,-1,-1,-1,-1
350,13,1421.38,85.64,407.24,961.58,-1,-1,-1,-1
350,14,926.14,219.09,180.41,585.02,-1,-1,-1,-1
351,12,149.78,206.73,396.93,841.90,-1,-1,-1,-1
351,13,1440.02,92.17,422.54,953.35,-1,-1,-1,-1
351,14,934.07,225.51,186.22,570.36,-1,-1,-1,-1
352,12,145.92,195.88,402.58,865.57,-1,-1,-1,-1
352,13,1461.31,98.34,425.91,952.51,-1,-1,-1,-1
352,14,943.72,227.35,183.78,559.24,-1,-1,-1,-1
353,12,146.02,182.96,399.23,885.34,-1,-1,-1,-1
353,13,1481.56,97.20,416.27,959.12,-1,-1,-1,-1
353,14,961.42,222.57,177.21,557.50,-1,-1,-1,-1
354,12,155.28,181.36,385.45,891.04,-1,-1,-1,-1
354,13,1500.16,98.73,397.71,961.07,-1,-1,-1,-1
354,14,981.52,218.30,165.02,563.87,-1,-1,-1,-1
355,12,165.41,178.70,370.94,894.17,-1,-1,-1,-1
355,13,1511.43,101.77,392.24,941.57,-1,-1,-1,-1
355,14,997.98,217.76,157.75,560.82,-1,-1,-1,-1
356,12,175.88,182.22,362.36,893.37,-1,-1,-1,-1
356,13,1519.13,98.99,387.76,950.46,-1,-1,-1,-1
356,14,1010.68,222.10,156.25,551.76,-1,-1,-1,-1
357,12,196.00,185.91,343.36,891.82,-1,-1,-1,-1
357,13,1525.21,101.22,381.54,947.43,-1,-1,-1,-1
357,14,1021.21,224.11,163.40,549.57,-1,-1,-1,-1
358,12,213.78,189.89,338.96,878.26,-1,-1,-1,-1
358,13,1529.99,109.90,374.30,932.72,-1,-1,-1,-1
358,14,1023.05,226.13,190.67,548.31,-1,-1,-1,-1
359,12,236.36,182.08,326.91,887.39,-1,-1,-1,-1
359,13,1532.48,112.80,367.77,922.29,-1,-1,-1,-1
359,14,1027.81,227.78,199.71,542.13,-1,-1,-1,-1
360,12,256.93,176.89,326.26,893.09,-1,-1,-1,-1
360,13,1538.10,114.52,354.42,912.14,-1,-1,-1,-1
360,14,1036.37,230.27,197.82,535.74,-1,-1,-1,-1
361,12,272.08,166.97,328.04,903.84,-1,-1,-1,-1
361,13,1539.64,117.22,351.62,906.49,-1,-1,-1,-1
361,14,1043.09,226.11,194.72,537.77,-1,-1,-1,-1
362,12,290.33,161.55,324.37,912.20,-1,-1,-1,-1
362,13,1541.05,121.32,336.44,888.90,-1,-1,-1,-1
362,14,1063.92,223.70,173.38,539.20,-1,-1,-1,-1
363,12,310.49,151.86,320.55,924.53,-1,-1,-1,-1
363,13,1541.35,125.38,322.54,876.89,-1,-1,-1,-1
363,14,1084.36,224.69,163.52,531.67,-1,-1,-1,-1
364,12,334.57,148.66,316.44,925.87,-1,-1,-1,-1
364,13,1540.27,137.71,311.39,850.48,-1,-1,-1,-1
364,14,1099.91,221.86,162.20,537.35,-1,-1,-1,-1
365,12,366.66,161.89,290.79,905.35,-1,-1,-1,-1
365,13,1539.29,147.53,296.28,830.27,-1,-1,-1,-1
365,14,1108.50,214.59,170.96,553.14,-1,-1,-1,-1
366,12,396.32,161.87,261.46,900.27,-1,-1,-1,-1
366,13,1540.87,143.02,272.19,823.80,-1,-1,-1,-1
366,14,1116.41,216.65,182.33,556.85,-1,-1,-1,-1
367,12,411.89,158.16,284.41,906.98,-1,-1,-1,-1
367,13,1538.73,142.56,250.34,815.84,-1,-1,-1,-1
367,14,1119.59,220.41,201.82,555.97,-1,-1,-1,-1
368,12,445.17,142.37,285.44,933.26,-1,-1,-1,-1
368,13,1530.41,137.73,242.39,818.46,-1,-1,-1,-1
368,14,1126.80,222.27,209.72,555.19,-1,-1,-1,-1
369,12,471.60,145.50,297.82,928.12,-1,-1,-1,-1
369,13,1505.03,135.23,257.36,814.02,-1,-1,-1,-1
369,14,1128.05,222.84,218.05,559.47,-1,-1,-1,-1
370,12,483.39,153.59,326.60,916.56,-1,-1,-1,-1
370,13,1476.18,154.73,277.16,782.23,-1,-1,-1,-1
370,14,1133.60,216.34,213.35,571.84,-1,-1,-1,-1
371,12,498.22,169.13,338.72,901.76,-1,-1,-1,-1
371,13,1460.61,146.23,284.00,789.61,-1,-1,-1,-1
371,14,1138.04,218.74,209.70,570.55,-1,-1,-1,-1
372,12,499.70,169.92,363.20,904.17,-1,-1,-1,-1
372,13,1448.51,158.37,292.45,771.21,-1,-1,-1,-1
372,14,1153.69,222.04,197.04,563.03,-1,-1,-1,-1
373,12,516.13,171.01,363.95,906.43,-1,-1,-1,-1
373,13,1440.77,149.04,289.79,782.75,-1,-1,-1,-1
373,14,1167.74,221.19,192.18,566.32,-1,-1,-1,-1
374,12,539.26,181.02,346.79,894.08,-1,-1,-1,-1
374,13,1436.52,141.11,268.80,797.39,-1,-1,-1,-1
374,14,1185.71,217.08,184.95,570.96,-1,-1,-1,-1
375,12,569.10,179.26,327.13,887.31,-1,-1,-1,-1
375,13,1437.24,136.23,234.03,802.82,-1,-1,-1,-1
375,14,1204.43,212.64,176.44,580.23,-1,-1,-1,-1
376,12,595.11,177.55,311.95,882.97,-1,-1,-1,-1
376,13,1420.27,129.32,227.56,815.84,-1,-1,-1,-1
376,14,1219.06,208.67,176.72,583.12,-1,-1,-1,-1
377,12,616.63,173.88,303.38,885.63,-1,-1,-1,-1
377,13,1405.76,124.06,221.04,830.02,-1,-1,-1,-1
377,14,1229.78,205.58,176.77,589.26,-1,-1,-1,-1
378,12,638.12,169.25,316.32,890.23,-1,-1,-1,-1
378,13,1385.58,133.67,225.09,803.13,-1,-1,-1,-1
378,14,1237.57,201.64,187.66,600.00,-1,-1,-1,-1
379,12,662.02,171.78,315.65,888.80,-1,-1,-1,-1
379,13,1351.55,137.84,242.10,793.95,-1,-1,-1,-1
379,14,1247.85,198.25,189.23,605.35,-1,-1,-1,-1
380,12,685.57,177.34,300.73,872.90,-1,-1,-1,-1
380,13,1300.63,138.79,279.63,793.44,-1,-1,-1,-1
380,14,1256.59,194.78,186.01,617.96,-1,-1,-1,-1
381,12,706.85,190.71,282.41,839.05,-1,-1,-1,-1
381,13,1262.86,138.30,306.52,792.82,-1,-1,-1,-1
381,14,1266.03,190.61,188.74,627.04,-1,-1,-1,-1
382,12,728.10,199.02,263.24,810.00,-1,-1,-1,-1
382,13,1254.16,140.52,308.83,793.82,-1,-1,-1,-1
382,14,1275.47,186.45,191.48,636.12,-1,-1,-1,-1
383,12,741.40,199.27,258.03,796.79,-1,-1,-1,-1
383,13,1253.04,140.21,289.05,794.31,-1,-1,-1,-1
383,14,1284.91,182.28,194.21,645.20,-1,-1,-1,-1
384,12,753.33,209.26,261.27,766.33,-1,-1,-1,-1
384,13,1251.80,154.35,271.63,774.87,-1,-1,-1,-1
384,14,1294.35,178.12,196.94,654.27,-1,-1,-1,-1
385,12,760.13,205.54,262.77,759.49,-1,-1,-1,-1
385,13,1246.17,156.21,271.17,768.30,-1,-1,-1,-1
386,12,763.45,207.52,268.59,745.85,-1,-1,-1,-1
386,13,1228.77,157.11,295.43,757.02,-1,-1,-1,-1
387,12,771.93,206.62,259.49,737.69,-1,-1,-1,-1
387,13,1212.07,155.19,265.98,764.09,-1,-1,-1,-1
387,14,1356.50,193.04,204.24,632.82,-1,-1,-1,-1
388,12,768.70,212.51,266.17,723.30,-1,-1,-1,-1
388,13,1177.15,143.77,258.17,793.27,-1,-1,-1,-1
388,14,1360.25,185.73,222.15,653.36,-1,-1,-1,-1
389,12,763.40,215.42,273.28,723.80,-1,-1,-1,-1
389,13,1138.44,140.47,271.15,807.88,-1,-1,-1,-1
389,14,1365.80,186.60,236.47,667.28,-1,-1,-1,-1
390,12,764.72,214.35,277.04,722.16,-1,-1,-1,-1
390,13,1092.20,174.87,306.24,766.91,-1,-1,-1,-1
390,14,1374.48,186.68,246.36,680.12,-1,-1,-1,-1
391,12,774.25,215.03,269.52,708.22,-1,-1,-1,-1
391,13,1062.07,166.71,318.44,782.02,-1,-1,-1,-1
391,14,1381.82,187.11,253.18,691.25,-1,-1,-1,-1
392,12,782.47,217.07,261.68,686.86,-1,-1,-1,-1
392,13,1051.28,179.48,320.63,769.70,-1,-1,-1,-1
392,14,1389.19,190.48,253.58,690.64,-1,-1,-1,-1
393,12,794.97,218.93,247.37,666.23,-1,-1,-1,-1
393,13,1053.00,164.79,283.38,784.66,-1,-1,-1,-1
393,14,1395.20,193.45,252.45,685.56,-1,-1,-1,-1
394,12,808.58,218.56,230.89,654.55,-1,-1,-1,-1
394,13,1038.59,153.12,262.05,797.77,-1,-1,-1,-1
394,14,1406.69,196.05,247.61,687.04,-1,-1,-1,-1
395,12,819.65,215.99,220.61,647.48,-1,-1,-1,-1
395,13,1021.14,146.32,231.19,803.48,-1,-1,-1,-1
395,14,1414.45,190.95,248.90,702.52,-1,-1,-1,-1
396,12,833.04,210.51,211.54,649.73,-1,-1,-1,-1
396,13,998.20,147.25,213.38,807.35,-1,-1,-1,-1
396,14,1423.19,184.93,252.44,717.35,-1,-1,-1,-1
397,12,846.77,216.65,200.36,639.06,-1,-1,-1,-1
397,13,939.02,146.42,267.14,811.55,-1,-1,-1,-1
397,14,1429.09,181.86,260.45,721.61,-1,-1,-1,-1
398,12,857.82,213.42,193.56,644.56,-1,-1,-1,-1
398,13,880.13,148.59,325.11,803.64,-1,-1,-1,-1
398,14,1438.56,180.44,261.78,723.33,-1,-1,-1,-1
399,12,865.14,210.99,192.92,642.44,-1,-1,-1,-1
399,13,859.02,146.97,334.69,812.21,-1,-1,-1,-1
399,14,1446.69,172.42,268.34,740.14,-1,-1,-1,-1
400,12,872.46,208.57,192.28,640.32,-1,-1,-1,-1
400,13,850.71,150.58,328.27,807.18,-1,-1,-1,-1
400,14,1453.82,173.15,273.56,746.83,-1,-1,-1,-1
401,12,879.78,206.14,191.64,638.20,-1,-1,-1,-1
401,13,838.04,154.61,322.38,807.03,-1,-1,-1,-1
401,14,1458.35,166.42,283.55,777.44,-1,-1,-1,-1
402,12,887.10,203.72,190.99,636.08,-1,-1,-1,-1
402,13,836.32,172.27,287.42,788.91,-1,-1,-1,-1
402,14,1465.10,165.56,292.03,797.35,-1,-1,-1,-1
403,13,825.97,175.55,272.47,786.91,-1,-1,-1,-1
403,14,1470.45,166.95,296.83,807.06,-1,-1,-1,-1
404,13,808.28,180.02,273.89,771.86,-1,-1,-1,-1
404,14,1477.04,165.21,305.46,824.66,-1,-1,-1,-1
405,12,928.34,235.76,172.60,586.72,-1,-1,-1,-1
405,13,786.71,172.80,288.48,770.27,-1,-1,-1,-1
405,14,1487.32,160.86,311.37,840.98,-1,-1,-1,-1
406,12,939.17,233.99,166.57,580.70,-1,-1,-1,-1
406,13,756.34,163.12,260.15,786.10,-1,-1,-1,-1
406,14,1494.89,159.03,321.62,849.66,-1,-1,-1,-1
407,12,947.90,238.27,161.44,569.60,-1,-1,-1,-1
407,13,711.05,159.34,279.48,803.68,-1,-1,-1,-1
407,14,1500.54,157.31,335.38,854.75,-1,-1,-1,-1
408,12,958.66,242.19,153.10,557.97,-1,-1,-1,-1
408,13,659.08,169.00,317.00,793.90,-1,-1,-1,-1
408,14,1505.57,155.11,350.28,861.49,-1,-1,-1,-1
409,12,966.14,247.73,149.49,539.62,-1,-1,-1,-1
409,13,639.56,174.44,321.66,791.19,-1,-1,-1,-1
409,14,1510.34,155.50,361.11,864.80,-1,-1,-1,-1
410,12,973.80,246.19,147.55,529.81,-1,-1,-1,-1
410,13,622.59,176.68,332.52,793.44,-1,-1,-1,-1
410,14,1515.71,151.85,366.11,875.25,-1,-1,-1,-1
411,12,983.35,244.75,148.99,521.51,-1,-1,-1,-1
411,13,623.88,172.25,310.88,802.29,-1,-1,-1,-1
411,14,1521.37,146.87,372.06,895.23,-1,-1,-1,-1
412,12,989.49,233.53,157.96,537.23,-1,-1,-1,-1
412,13,615.35,174.24,287.43,798.54,-1,-1,-1,-1
412,14,1524.45,146.91,378.11,912.30,-1,-1,-1,-1
413,12,996.38,235.43,169.50,536.38,-1,-1,-1,-1
413,13,598.38,156.90,256.77,825.75,-1,-1,-1,-1
413,14,1532.13,147.15,372.60,916.54,-1,-1,-1,-1
414,12,997.98,233.07,186.65,544.19,-1,-1,-1,-1
414,13,562.52,154.97,250.32,822.36,-1,-1,-1,-1
414,14,1543.42,142.76,363.25,930.63,-1,-1,-1,-1
415,12,1007.18,233.88,186.91,546.21,-1,-1,-1,-1
415,13,539.31,157.01,246.85,818.43,-1,-1,-1,-1
415,14,1549.14,148.52,359.96,917.93,-1,-1,-1,-1
416,12,1009.85,232.20,192.58,553.62,-1,-1,-1,-1
416,13,499.90,156.24,267.37,823.69,-1,-1,-1,-1
416,14,1552.17,138.83,364.90,931.27,-1,-1,-1,-1
417,12,1016.37,232.20,191.73,556.92,-1,-1,-1,-1
417,13,461.38,163.71,289.65,806.54,-1,-1,-1,-1
417,14,1552.97,134.36,370.54,933.64,-1,-1,-1,-1
418,12,1022.91,235.90,186.59,556.40,-1,-1,-1,-1
418,13,423.50,170.73,318.78,796.74,-1,-1,-1,-1
418,14,1556.94,121.62,366.57,954.77,-1,-1,-1,-1
419,12,1028.88,229.99,184.13,561.91,-1,-1,-1,-1
419,13,403.87,181.51,331.76,790.19,-1,-1,-1,-1
419,14,1558.41,107.90,367.32,970.04,-1,-1,-1,-1
420,12,1033.00,225.06,189.20,569.77,-1,-1,-1,-1
420,13,394.27,191.08,329.02,775.19,-1,-1,-1,-1
420,14,1555.69,98.95,369.15,971.66,-1,-1,-1,-1
421,12,1038.00,223.07,196.40,574.78,-1,-1,-1,-1
421,13,379.80,187.73,306.34,774.49,-1,-1,-1,-1
421,14,1554.75,94.58,370.87,977.39,-1,-1,-1,-1
422,12,1043.31,222.17,203.49,588.61,-1,-1,-1,-1
422,13,371.43,182.91,265.39,771.40,-1,-1,-1,-1
422,14,1556.41,92.09,368.76,981.60,-1,-1,-1,-1
423,12,1050.60,216.48,211.25,609.15,-1,-1,-1,-1
423,13,357.66,180.93,242.86,770.97,-1,-1,-1,-1
423,14,1556.77,87.56,367.95,982.64,-1,-1,-1,-1
424,12,1058.47,214.40,215.79,622.01,-1,-1,-1,-1
424,13,335.05,174.49,237.71,804.30,-1,-1,-1,-1
424,14,1553.67,95.51,370.59,960.44,-1,-1,-1,-1
425,12,1065.12,216.30,226.45,626.51,-1,-1,-1,-1
425,13,309.60,179.65,250.55,795.08,-1,-1,-1,-1
425,14,1554.00,89.14,369.05,971.14,-1,-1,-1,-1
426,12,1072.18,214.11,239.52,635.15,-1,-1,-1,-1
426,13,278.50,182.30,273.22,786.69,-1,-1,-1,-1
426,14,1552.24,68.99,370.02,1004.76,-1,-1,-1,-1
427,12,1079.16,213.25,247.40,639.34,-1,-1,-1,-1
427,13,258.29,187.60,282.66,775.28,-1,-1,-1,-1
427,14,1548.58,61.11,372.10,1013.61,-1,-1,-1,-1
428,12,1085.44,207.73,252.20,652.85,-1,-1,-1,-1
428,13,240.43,183.39,296.68,780.18,-1,-1,-1,-1
428,14,1546.36,55.82,373.16,1016.11,-1,-1,-1,-1
429,12,1088.04,206.91,258.38,652.80,-1,-1,-1,-1
429,13,218.72,186.82,315.52,775.62,-1,-1,-1,-1
429,14,1540.27,48.52,377.75,1019.15,-1,-1,-1,-1
430,12,1097.44,192.32,252.55,689.16,-1,-1,-1,-1
430,13,196.78,184.27,311.45,775.78,-1,-1,-1,-1
430,14,1539.81,40.72,379.73,1030.63,-1,-1,-1,-1
431,12,1102.98,196.75,254.10,689.88,-1,-1,-1,-1
431,13,173.93,190.99,310.17,760.78,-1,-1,-1,-1
431,14,1535.25,35.57,383.88,1033.25,-1,-1,-1,-1
432,12,1107.86,203.92,256.54,688.93,-1,-1,-1,-1
432,13,153.93,187.38,309.27,762.38,-1,-1,-1,-1
432,14,1533.34,29.69,386.04,1037.55,-1,-1,-1,-1
433,12,1111.09,206.04,258.34,701.34,-1,-1,-1,-1
433,13,138.01,183.24,310.77,766.21,-1,-1,-1,-1
433,14,1525.80,31.44,394.47,1029.17,-1,-1,-1,-1
434,12,1115.16,199.62,262.78,723.27,-1,-1,-1,-1
434,13,119.52,188.33,321.55,760.34,-1,-1,-1,-1
434,14,1522.08,31.32,397.23,1031.84,-1,-1,-1,-1
435,12,1123.97,198.68,258.04,726.28,-1,-1,-1,-1
435,13,106.64,188.66,328.02,762.93,-1,-1,-1,-1
435,14,1511.63,33.21,408.44,1028.52,-1,-1,-1,-1
436,12,1130.85,199.06,258.21,725.22,-1,-1,-1,-1
436,13,104.39,195.32,326.92,755.09,-1,-1,-1,-1
436,14,1503.43,45.21,416.41,1013.73,-1,-1,-1,-1
437,12,1139.28,198.68,258.98,724.63,-1,-1,-1,-1
437,13,111.75,199.91,306.53,743.52,-1,-1,-1,-1
437,14,1485.35,76.38,428.57,975.83,-1,-1,-1,-1
438,12,1148.47,190.19,259.79,743.17,-1,-1,-1,-1
438,13,122.67,205.06,287.46,724.00,-1,-1,-1,-1
438,14,1454.72,44.13,446.47,1027.55,-1,-1,-1,-1
439,12,1158.01,180.70,267.52,771.14,-1,-1,-1,-1
439,13,135.37,204.75,268.79,715.39,-1,-1,-1,-1
439,14,1423.33,31.85,464.40,1033.02,-1,-1,-1,-1
440,12,1171.68,182.95,263.90,773.82,-1,-1,-1,-1
440,13,156.29,203.72,243.37,705.08,-1,-1,-1,-1
440,14,1400.72,10.15,470.20,1065.85,-1,-1,-1,-1
441,12,1189.57,182.41,251.54,784.40,-1,-1,-1,-1
441,13,166.83,203.99,236.95,690.66,-1,-1,-1,-1
441,14,1383.32,12.10,446.79,1059.50,-1,-1,-1,-1
442,12,1203.58,189.18,243.49,767.16,-1,-1,-1,-1
442,13,177.23,205.20,240.94,679.64,-1,-1,-1,-1
442,14,1316.12,7.43,468.12,1063.76,-1,-1,-1,-1
443,12,1215.25,178.95,252.77,775.89,-1,-1,-1,-1
443,13,184.40,204.55,249.96,669.82,-1,-1,-1,-1
443,14,1260.44,24.21,472.71,1034.62,-1,-1,-1,-1
444,12,1225.14,178.43,253.81,779.10,-1,-1,-1,-1
444,13,197.36,204.29,257.51,665.59,-1,-1,-1,-1
444,14,1240.24,8.81,438.90,1060.01,-1,-1,-1,-1
445,12,1235.03,177.91,254.86,782.31,-1,-1,-1,-1
445,13,207.56,217.18,271.29,639.48,-1,-1,-1,-1
445,14,1226.11,1.51,405.81,1070.86,-1,-1,-1,-1
446,12,1244.92,177.38,255.90,785.52,-1,-1,-1,-1
446,13,220.07,221.87,274.13,628.25,-1,-1,-1,-1
446,14,1197.55,-1.97,394.52,1077.44,-1,-1,-1,-1
447,12,1254.81,176.86,256.94,788.73,-1,-1,-1,-1
447,13,238.32,213.01,261.46,634.81,-1,-1,-1,-1
447,14,1171.46,-1.38,409.23,1073.77,-1,-1,-1,-1
448,13,255.09,206.97,242.73,641.76,-1,-1,-1,-1
448,14,1139.82,13.64,451.85,1053.69,-1,-1,-1,-1
449,13,275.30,218.72,222.53,604.09,-1,-1,-1,-1
449,14,1097.83,30.58,493.88,1028.71,-1,-1,-1,-1
450,13,295.64,219.91,194.50,586.34,-1,-1,-1,-1
450,14,1077.63,38.04,486.97,1014.25,-1,-1,-1,-1
451,12,1302.26,156.22,341.99,901.24,-1,-1,-1,-1
451,13,308.01,220.17,192.34,591.40,-1,-1,-1,-1
451,14,1057.44,45.50,480.05,999.78,-1,-1,-1,-1
452,12,1304.99,163.18,358.52,900.09,-1,-1,-1,-1
452,13,319.68,220.06,197.84,594.78,-1,-1,-1,-1
452,14,1037.24,52.96,473.13,985.31,-1,-1,-1,-1
453,12,1311.37,169.20,358.81,897.11,-1,-1,-1,-1
453,13,331.16,224.33,227.72,587.89,-1,-1,-1,-1
453,14,1017.05,60.42,466.22,970.84,-1,-1,-1,-1
454,12,1316.71,165.09,357.47,906.24,-1,-1,-1,-1
454,13,340.25,228.14,251.34,584.44,-1,-1,-1,-1
455,12,1323.93,144.47,350.53,938.58,-1,-1,-1,-1
455,13,360.87,224.19,239.67,589.87,-1,-1,-1,-1
455,16,777.66,19.36,420.48,1032.86,-1,-1,-1,-1
456,12,1338.78,134.04,335.97,953.40,-1,-1,-1,-1
456,13,379.89,236.56,232.67,565.77,-1,-1,-1,-1
456,16,733.36,14.36,423.71,1039.96,-1,-1,-1,-1
457,12,1350.81,128.86,321.89,955.78,-1,-1,-1,-1
457,13,395.37,243.84,219.14,549.14,-1,-1,-1,-1
457,16,701.19,6.04,424.58,1060.32,-1,-1,-1,-1
458,12,1365.74,130.84,296.19,953.01,-1,-1,-1,-1
458,13,429.65,237.49,181.02,553.92,-1,-1,-1,-1
458,16,672.95,7.20,404.16,1059.92,-1,-1,-1,-1
459,12,1365.19,134.00,290.60,935.53,-1,-1,-1,-1
459,13,454.42,229.17,167.48,570.00,-1,-1,-1,-1
459,16,638.97,13.80,387.70,1044.78,-1,-1,-1,-1
460,12,1366.83,130.04,280.95,937.01,-1,-1,-1,-1
460,13,472.72,226.45,160.63,568.04,-1,-1,-1,-1
460,16,596.54,8.68,384.66,1060.31,-1,-1,-1,-1
461,12,1369.81,131.24,273.98,931.37,-1,-1,-1,-1
461,13,492.47,229.75,138.01,555.02,-1,-1,-1,-1
461,16,540.00,16.83,397.50,1042.15,-1,-1,-1,-1
462,12,1369.93,134.10,267.78,932.12,-1,-1,-1,-1
462,13,506.41,230.19,136.83,550.37,-1,-1,-1,-1
462,16,487.74,20.33,406.60,1036.83,-1,-1,-1,-1
463,12,1358.80,137.11,277.77,927.22,-1,-1,-1,-1
463,13,520.34,230.63,135.66,545.72,-1,-1,-1,-1
463,16,454.96,18.33,406.29,1042.39,-1,-1,-1,-1
464,12,1326.36,142.51,308.74,917.53,-1,-1,-1,-1
464,13,534.27,231.07,134.49,541.07,-1,-1,-1,-1
464,16,424.37,20.96,403.14,1045.95,-1,-1,-1,-1
465,12,1291.77,137.87,341.87,933.33,-1,-1,-1,-1
465,13,548.20,231.51,133.32,536.42,-1,-1,-1,-1
465,16,386.18,20.96,414.19,1051.69,-1,-1,-1,-1
466,12,1258.01,151.99,366.52,906.50,-1,-1,-1,-1
466,16,347.75,25.51,424.31,1048.76,-1,-1,-1,-1
467,12,1239.29,148.63,370.43,920.86,-1,-1,-1,-1
467,16,312.85,36.46,439.74,1036.83,-1,-1,-1,-1
468,12,1230.98,142.93,361.85,934.14,-1,-1,-1,-1
468,16,269.84,52.27,476.67,1016.40,-1,-1,-1,-1
469,12,1227.90,139.12,344.49,938.89,-1,-1,-1,-1
469,16,231.31,61.51,485.64,1006.95,-1,-1,-1,-1
470,12,1227.42,127.16,329.51,955.12,-1,-1,-1,-1
470,16,195.96,63.63,466.65,1004.60,-1,-1,-1,-1
471,12,1226.48,127.06,314.87,955.40,-1,-1,-1,-1
471,16,162.75,62.85,457.83,1004.89,-1,-1,-1,-1
472,12,1218.78,138.38,304.66,923.63,-1,-1,-1,-1
472,16,128.34,67.82,466.42,998.84,-1,-1,-1,-1
472,17,673.22,239.96,225.50,539.63,-1,-1,-1,-1
473,12,1190.09,156.00,317.38,881.34,-1,-1,-1,-1
473,16,94.26,69.53,476.23,995.91,-1,-1,-1,-1
473,17,685.89,238.50,232.03,543.75,-1,-1,-1,-1
474,12,1160.45,166.84,328.05,860.83,-1,-1,-1,-1
474,16,60.85,63.84,486.85,1008.16,-1,-1,-1,-1
474,17,700.67,239.21,225.51,547.73,-1,-1,-1,-1
475,12,1142.97,171.22,332.77,849.09,-1,-1,-1,-1
475,16,29.61,72.28,500.56,994.92,-1,-1,-1,-1
475,17,735.78,230.67,185.10,554.67,-1,-1,-1,-1
476,12,1132.22,169.59,334.23,839.50,-1,-1,-1,-1
476,16,12.74,80.98,496.26,985.50,-1,-1,-1,-1
476,17,769.60,210.00,155.52,576.73,-1,-1,-1,-1
477,12,1127.06,167.15,315.67,835.69,-1,-1,-1,-1
477,16,3.35,83.48,488.17,986.59,-1,-1,-1,-1
477,17,791.77,205.08,148.79,585.54,-1,-1,-1,-1
478,12,1115.56,176.49,293.78,805.88,-1,-1,-1,-1
478,16,-4.34,94.75,481.11,977.24,-1,-1,-1,-1
478,17,805.11,211.73,169.59,564.22,-1,-1,-1,-1
479,12,1096.46,177.41,280.76,800.26,-1,-1,-1,-1
479,16,-8.89,104.55,475.68,971.34,-1,-1,-1,-1
479,17,820.96,210.76,172.58,573.20,-1,-1,-1,-1
480,12,1069.74,178.62,271.28,795.96,-1,-1,-1,-1
480,16,-11.59,105.91,463.67,969.92,-1,-1,-1,-1
480,17,823.68,218.67,207.72,560.91,-1,-1,-1,-1
481,12,1036.70,182.67,277.60,791.30,-1,-1,-1,-1
481,16,-11.57,111.91,453.06,959.70,-1,-1,-1,-1
481,17,829.43,220.14,227.46,557.43,-1,-1,-1,-1
482,12,1009.16,189.07,286.16,785.23,-1,-1,-1,-1
482,16,-6.22,122.26,437.31,942.82,-1,-1,-1,-1
482,17,838.63,224.37,232.68,545.91,-1,-1,-1,-1
483,12,991.48,198.05,283.75,768.10,-1,-1,-1,-1
483,16,-4.13,121.62,424.42,951.35,-1,-1,-1,-1
483,17,869.85,215.02,200.44,559.32,-1,-1,-1,-1
484,12,961.85,203.43,300.44,757.66,-1,-1,-1,-1
484,16,-8.31,121.55,425.30,952.67,-1,-1,-1,-1
484,17,885.67,213.34,201.03,560.96,-1,-1,-1,-1
485,12,947.49,209.86,298.31,739.29,-1,-1,-1,-1
485,16,-9.20,125.43,422.79,947.68,-1,-1,-1,-1
485,17,901.49,211.66,201.62,562.60,-1,-1,-1,-1
486,12,954.69,219.60,271.90,710.36,-1,-1,-1,-1
486,16,-8.65,125.69,418.69,948.14,-1,-1,-1,-1
486,17,917.31,209.98,202.21,564.24,-1,-1,-1,-1
487,12,959.86,229.04,249.70,676.46,-1,-1,-1,-1
487,16,-8.12,130.23,412.62,940.12,-1,-1,-1,-1
487,17,933.14,208.31,202.81,565.87,-1,-1,-1,-1
488,12,960.37,215.06,235.89,685.08,-1,-1,-1,-1
488,16,-4.10,141.66,405.44,925.94,-1,-1,-1,-1
489,12,962.21,213.49,223.86,673.39,-1,-1,-1,-1
489,16,-2.48,152.21,397.03,910.72,-1,-1,-1,-1
490,12,955.13,192.65,226.88,698.60,-1,-1,-1,-1
490,16,-2.30,165.89,397.37,898.62,-1,-1,-1,-1
491,12,938.57,186.15,250.00,702.02,-1,-1,-1,-1
491,16,-0.25,168.47,391.68,898.47,-1,-1,-1,-1
492,12,940.78,202.44,257.67,662.74,-1,-1,-1,-1
492,16,-0.56,175.76,396.70,892.97,-1,-1,-1,-1
493,12,933.64,216.21,260.13,639.45,-1,-1,-1,-1
493,16,2.05,179.75,395.21,888.61,-1,-1,-1,-1
493,17,1072.80,223.53,142.51,544.61,-1,-1,-1,-1
494,12,925.80,215.99,256.34,635.47,-1,-1,-1,-1
494,16,7.18,177.69,388.26,887.96,-1,-1,-1,-1
494,17,1080.20,206.21,142.43,560.95,-1,-1,-1,-1
495,12,926.15,220.55,224.28,623.45,-1,-1,-1,-1
495,16,13.09,174.64,375.46,877.10,-1,-1,-1,-1
495,17,1084.69,203.76,157.53,565.31,-1,-1,-1,-1
496,12,918.40,228.32,194.68,593.98,-1,-1,-1,-1
496,16,22.85,172.92,364.70,878.99,-1,-1,-1,-1
496,17,1095.98,204.43,171.36,558.88,-1,-1,-1,-1
497,12,905.06,234.45,179.05,544.60,-1,-1,-1,-1
497,16,39.51,169.64,351.77,888.55,-1,-1,-1,-1
497,17,1123.52,201.49,168.10,569.73,-1,-1,-1,-1
498,12,898.90,214.11,175.76,612.84,-1,-1,-1,-1
498,16,52.27,173.96,341.22,881.20,-1,-1,-1,-1
498,17,1133.76,203.15,187.05,564.24,-1,-1,-1,-1
499,12,886.77,218.12,183.94,615.01,-1,-1,-1,-1
499,16,62.57,175.51,334.06,882.75,-1,-1,-1,-1
499,17,1134.46,206.63,213.63,553.54,-1,-1,-1,-1
500,12,882.29,227.79,187.36,604.88,-1,-1,-1,-1
500,16,70.88,174.11,332.01,888.56,-1,-1,-1,-1
500,17,1137.93,209.00,230.85,546.64,-1,-1,-1,-1
501,12,880.76,229.78,186.25,604.49,-1,-1,-1,-1
501,16,86.58,173.56,320.40,889.33,-1,-1,-1,-1
501,17,1148.45,213.90,236.40,541.36,-1,-1,-1,-1
502,12,871.01,234.17,185.51,600.26,-1,-1,-1,-1
502,16,103.61,187.82,308.26,852.06,-1,-1,-1,-1
502,17,1173.48,213.67,213.77,538.88,-1,-1,-1,-1
503,12,859.08,228.64,198.12,625.16,-1,-1,-1,-1
503,16,116.02,197.86,301.90,818.54,-1,-1,-1,-1
503,17,1196.84,220.17,189.47,525.36,-1,-1,-1,-1
504,12,847.59,225.88,218.13,644.22,-1,-1,-1,-1
504,16,125.45,196.99,299.96,812.40,-1,-1,-1,-1
504,17,1224.02,211.85,160.03,531.03,-1,-1,-1,-1
505,12,835.92,226.92,245.14,649.36,-1,-1,-1,-1
505,16,135.38,197.58,298.48,791.02,-1,-1,-1,-1
505,17,1240.43,202.38,156.90,543.23,-1,-1,-1,-1
506,12,828.61,230.03,263.99,622.36,-1,-1,-1,-1
506,16,142.27,196.58,293.84,777.91,-1,-1,-1,-1
506,17,1246.29,203.77,180.32,545.70,-1,-1,-1,-1
507,12,822.39,235.63,277.14,569.66,-1,-1,-1,-1
507,16,147.88,198.57,292.71,762.04,-1,-1,-1,-1
507,17,1251.07,204.63,199.86,548.72,-1,-1,-1,-1
508,12,817.26,226.44,283.09,607.75,-1,-1,-1,-1
508,16,164.42,202.87,280.51,751.22,-1,-1,-1,-1
508,17,1251.04,204.28,232.39,553.47,-1,-1,-1,-1
509,12,817.08,221.02,277.68,648.60,-1,-1,-1,-1
509,16,172.60,203.27,281.95,752.45,-1,-1,-1,-1
509,17,1254.51,210.80,245.51,546.09,-1,-1,-1,-1
510,12,810.66,216.18,280.85,676.12,-1,-1,-1,-1
510,16,182.90,206.03,271.76,745.18,-1,-1,-1,-1
510,17,1270.92,207.23,237.92,561.56,-1,-1,-1,-1
511,12,803.78,207.27,272.47,698.66,-1,-1,-1,-1
511,16,193.64,207.39,268.98,738.93,-1,-1,-1,-1
511,17,1287.21,203.26,227.81,573.53,-1,-1,-1,-1
512,12,799.68,204.65,260.64,706.01,-1,-1,-1,-1
512,16,204.12,210.92,265.31,732.96,-1,-1,-1,-1
512,17,1302.55,202.95,218.35,576.77,-1,-1,-1,-1
513,12,792.93,199.59,249.92,715.36,-1,-1,-1,-1
513,16,211.92,214.72,266.00,724.39,-1,-1,-1,-1
513,17,1315.45,202.42,212.82,576.87,-1,-1,-1,-1
514,12,777.70,198.46,250.65,738.94,-1,-1,-1,-1
514,16,222.21,220.08,263.21,714.49,-1,-1,-1,-1
514,17,1325.95,196.73,212.07,587.11,-1,-1,-1,-1
515,12,762.24,194.98,256.61,760.58,-1,-1,-1,-1
515,16,229.41,221.58,259.53,699.46,-1,-1,-1,-1
515,17,1332.48,193.58,216.93,595.22,-1,-1,-1,-1
516,12,747.88,193.66,259.56,774.63,-1,-1,-1,-1
516,16,239.59,225.14,254.15,674.70,-1,-1,-1,-1
516,17,1340.53,197.35,224.89,595.67,-1,-1,-1,-1
517,12,740.24,194.32,253.44,789.97,-1,-1,-1,-1
517,16,253.11,221.31,242.30,666.85,-1,-1,-1,-1
517,17,1345.96,196.02,246.84,604.40,-1,-1,-1,-1
518,12,723.30,190.84,264.12,808.02,-1,-1,-1,-1
518,16,262.49,215.96,239.32,659.45,-1,-1,-1,-1
518,17,1348.79,192.37,260.00,612.41,-1,-1,-1,-1
519,12,710.74,187.58,269.18,818.08,-1,-1,-1,-1
519,16,267.66,219.23,236.72,650.86,-1,-1,-1,-1
519,17,1356.22,192.08,259.17,618.09,-1,-1,-1,-1
520,12,694.48,190.37,273.43,813.77,-1,-1,-1,-1
520,16,276.03,216.88,233.36,650.20,-1,-1,-1,-1
520,17,1361.01,188.55,270.31,632.75,-1,-1,-1,-1
521,12,677.17,197.59,268.03,803.84,-1,-1,-1,-1
521,16,284.47,213.67,238.38,651.08,-1,-1,-1,-1
521,17,1369.69,183.19,284.21,642.83,-1,-1,-1,-1
522,12,646.87,193.59,282.29,812.82,-1,-1,-1,-1
522,16,296.19,224.41,243.56,640.22,-1,-1,-1,-1
522,17,1382.62,179.01,280.08,651.99,-1,-1,-1,-1
523,12,615.32,180.67,312.21,838.59,-1,-1,-1,-1
523,16,311.81,226.00,246.13,639.30,-1,-1,-1,-1
523,17,1395.34,181.65,270.64,644.03,-1,-1,-1,-1
524,12,593.68,172.65,323.82,870.47,-1,-1,-1,-1
524,16,326.37,228.03,239.80,632.82,-1,-1,-1,-1
524,17,1403.37,186.51,264.28,631.43,-1,-1,-1,-1
525,12,574.67,174.55,329.71,885.09,-1,-1,-1,-1
525,16,342.59,230.91,228.36,624.81,-1,-1,-1,-1
525,17,1406.71,176.52,256.16,656.01,-1,-1,-1,-1
526,12,558.90,179.87,332.41,879.76,-1,-1,-1,-1
526,16,357.40,230.44,216.36,625.24,-1,-1,-1,-1
526,17,1417.12,174.17,239.80,673.67,-1,-1,-1,-1
527,12,551.05,184.18,316.24,872.01,-1,-1,-1,-1
527,16,371.64,226.25,209.76,623.60,-1,-1,-1,-1
527,17,1417.89,155.62,233.56,713.03,-1,-1,-1,-1
528,12,538.60,181.12,304.69,881.19,-1,-1,-1,-1
528,16,384.80,220.05,205.79,620.11,-1,-1,-1,-1
528,17,1418.88,160.73,227.01,707.61,-1,-1,-1,-1
529,12,540.53,177.04,285.59,889.76,-1,-1,-1,-1
529,16,396.37,221.68,198.21,608.60,-1,-1,-1,-1
529,17,1412.06,165.93,227.03,707.92,-1,-1,-1,-1
530,12,477.66,174.85,330.20,895.51,-1,-1,-1,-1
530,16,415.84,214.86,182.46,611.74,-1,-1,-1,-1
530,17,1405.72,148.90,222.24,735.61,-1,-1,-1,-1
531,12,440.76,155.77,332.27,917.55,-1,-1,-1,-1
531,16,426.35,212.72,181.71,609.26,-1,-1,-1,-1
531,17,1394.39,157.32,227.04,724.47,-1,-1,-1,-1
532,12,435.51,154.72,318.35,909.21,-1,-1,-1,-1
532,16,436.87,210.57,180.96,606.78,-1,-1,-1,-1
532,17,1385.69,167.94,218.10,701.98,-1,-1,-1,-1
533,12,425.33,152.37,314.07,914.25,-1,-1,-1,-1
533,16,447.39,208.43,180.21,604.30,-1,-1,-1,-1
533,17,1378.47,171.00,208.24,693.15,-1,-1,-1,-1
534,12,434.90,153.78,294.53,914.32,-1,-1,-1,-1
534,16,457.91,206.29,179.46,601.82,-1,-1,-1,-1
534,17,1358.34,165.48,210.34,704.67,-1,-1,-1,-1
535,12,434.01,159.19,289.97,897.83,-1,-1,-1,-1
535,17,1327.58,162.99,229.24,717.57,-1,-1,-1,-1
536,12,430.87,163.01,291.19,898.36,-1,-1,-1,-1
536,17,1301.51,160.40,245.69,722.40,-1,-1,-1,-1
537,12,425.96,173.60,289.53,877.88,-1,-1,-1,-1
537,17,1267.42,164.52,274.21,724.92,-1,-1,-1,-1
538,12,422.60,172.13,288.23,876.56,-1,-1,-1,-1
538,17,1255.62,166.15,270.87,723.54,-1,-1,-1,-1
539,12,421.83,175.70,286.40,871.18,-1,-1,-1,-1
539,17,1248.99,168.31,275.45,730.29,-1,-1,-1,-1
540,12,419.58,173.36,287.86,876.68,-1,-1,-1,-1
540,17,1242.63,165.62,269.35,740.45,-1,-1,-1,-1
541,12,414.65,183.42,298.21,870.14,-1,-1,-1,-1
541,17,1232.77,161.01,250.39,736.78,-1,-1,-1,-1
542,12,407.21,191.06,310.49,862.72,-1,-1,-1,-1
542,17,1223.87,161.94,225.67,730.29,-1,-1,-1,-1
543,12,393.90,201.75,331.18,849.67,-1,-1,-1,-1
543,16,592.79,251.97,151.48,519.64,-1,-1,-1,-1
543,17,1208.05,162.94,206.17,736.92,-1,-1,-1,-1
544,12,390.05,213.75,334.90,830.89,-1,-1,-1,-1
544,16,598.51,249.56,151.47,526.00,-1,-1,-1,-1
544,17,1187.62,157.27,204.24,743.13,-1,-1,-1,-1
545,12,381.27,210.35,337.95,846.29,-1,-1,-1,-1
545,16,591.06,239.83,176.24,547.42,-1,-1,-1,-1
545,17,1145.16,151.54,235.58,747.64,-1,-1,-1,-1
546,12,360.07,208.58,347.38,847.60,-1,-1,-1,-1
546,16,590.54,237.53,187.02,555.61,-1,-1,-1,-1
546,17,1102.82,156.36,269.92,739.61,-1,-1,-1,-1
547,12,337.54,211.74,364.13,849.79,-1,-1,-1,-1
547,16,591.88,237.47,192.23,560.81,-1,-1,-1,-1
547,17,1079.74,162.09,274.27,732.57,-1,-1,-1,-1
548,12,320.61,206.04,378.74,859.41,-1,-1,-1,-1
548,16,597.08,238.59,190.37,563.15,-1,-1,-1,-1
548,17,1068.63,169.00,281.59,724.09,-1,-1,-1,-1
549,12,315.78,199.63,366.23,868.17,-1,-1,-1,-1
549,16,602.47,236.32,189.99,569.57,-1,-1,-1,-1
549,17,1064.98,161.75,263.86,731.79,-1,-1,-1,-1
550,12,314.88,189.42,368.61,884.30,-1,-1,-1,-1
550,16,608.50,236.16,185.92,570.93,-1,-1,-1,-1
550,17,1061.28,169.91,253.75,719.17,-1,-1,-1,-1
551,12,327.86,188.94,363.54,883.41,-1,-1,-1,-1
551,16,614.04,234.33,183.79,577.56,-1,-1,-1,-1
551,17,1054.52,158.69,220.40,731.84,-1,-1,-1,-1
552,12,345.97,193.86,357.97,870.61,-1,-1,-1,-1
552,16,619.02,234.37,184.07,573.85,-1,-1,-1,-1
552,17,1036.75,167.23,205.45,719.42,-1,-1,-1,-1
553,12,372.96,202.35,334.00,849.79,-1,-1,-1,-1
553,16,621.43,234.21,195.15,569.93,-1,-1,-1,-1
553,17,1008.86,172.05,207.13,724.92,-1,-1,-1,-1
554,12,394.59,208.97,318.22,834.88,-1,-1,-1,-1
554,16,625.25,230.97,204.61,574.44,-1,-1,-1,-1
554,17,960.67,172.03,237.91,727.55,-1,-1,-1,-1
555,12,402.38,205.10,322.07,828.79,-1,-1,-1,-1
555,16,633.18,228.42,212.16,586.14,-1,-1,-1,-1
555,17,906.06,177.83,286.80,719.92,-1,-1,-1,-1
556,12,407.12,202.26,324.10,829.62,-1,-1,-1,-1
556,16,637.41,228.07,211.37,592.46,-1,-1,-1,-1
556,17,883.81,174.70,297.28,724.72,-1,-1,-1,-1
557,12,412.00,209.99,332.88,813.39,-1,-1,-1,-1
557,16,650.68,232.23,202.52,588.49,-1,-1,-1,-1
557,17,873.96,168.14,299.63,740.05,-1,-1,-1,-1
558,12,438.65,210.25,311.16,806.14,-1,-1,-1,-1
558,16,658.99,235.56,196.71,588.62,-1,-1,-1,-1
558,17,862.24,175.07,292.41,735.38,-1,-1,-1,-1
559,12,483.97,200.88,268.33,805.86,-1,-1,-1,-1
559,16,665.17,234.44,194.55,596.26,-1,-1,-1,-1
559,17,868.67,175.13,243.93,739.00,-1,-1,-1,-1
560,12,514.16,195.46,283.19,813.22,-1,-1,-1,-1
560,16,669.34,232.39,193.01,605.27,-1,-1,-1,-1
560,17,862.19,173.95,200.70,737.05,-1,-1,-1,-1
561,12,537.03,192.89,294.32,810.46,-1,-1,-1,-1
561,16,675.90,228.49,188.18,601.03,-1,-1,-1,-1
561,17,845.37,174.30,192.29,735.70,-1,-1,-1,-1
562,12,557.30,197.42,299.34,795.88,-1,-1,-1,-1
562,16,681.61,228.17,188.72,602.77,-1,-1,-1,-1
562,17,821.57,176.68,197.36,735.58,-1,-1,-1,-1
563,12,577.45,197.84,292.77,792.62,-1,-1,-1,-1
563,16,687.33,227.84,189.26,604.51,-1,-1,-1,-1
563,17,796.05,184.74,206.23,721.38,-1,-1,-1,-1
564,12,594.94,186.56,283.88,804.69,-1,-1,-1,-1
564,16,693.04,227.52,189.79,606.24,-1,-1,-1,-1
564,17,770.18,180.49,226.01,732.02,-1,-1,-1,-1
565,12,615.17,178.63,337.57,800.94,-1,-1,-1,-1
565,16,698.76,227.20,190.33,607.98,-1,-1,-1,-1
565,17,750.12,181.02,226.32,733.03,-1,-1,-1,-1
566,12,624.21,174.58,365.76,809.02,-1,-1,-1,-1
566,17,730.05,181.56,226.63,734.03,-1,-1,-1,-1
567,12,634.16,168.45,359.85,835.09,-1,-1,-1,-1
567,17,709.99,182.10,226.94,735.03,-1,-1,-1,-1
568,12,650.47,160.18,365.38,847.87,-1,-1,-1,-1
568,17,647.52,186.34,277.70,822.60,-1,-1,-1,-1
569,12,666.79,151.90,370.91,860.65,-1,-1,-1,-1
569,17,644.55,182.35,254.21,836.73,-1,-1,-1,-1
570,12,683.11,143.63,376.44,873.43,-1,-1,-1,-1
570,17,640.32,173.14,245.94,871.63,-1,-1,-1,-1
571,12,699.43,135.35,381.97,886.20,-1,-1,-1,-1
571,17,613.87,174.12,274.67,866.84,-1,-1,-1,-1
572,17,579.93,177.46,322.30,852.21,-1,-1,-1,-1
573,17,534.76,177.58,384.06,843.60,-1,-1,-1,-1
574,17,504.66,174.22,434.44,852.75,-1,-1,-1,-1
575,17,488.73,175.97,435.64,855.03,-1,-1,-1,-1
576,17,472.80,177.72,436.83,857.31,-1,-1,-1,-1
577,17,456.86,179.48,438.03,859.59,-1,-1,-1,-1
578,16,769.09,200.44,256.34,766.17,-1,-1,-1,-1
578,17,440.93,181.23,439.22,861.87,-1,-1,-1,-1
579,16,780.83,208.40,257.01,754.39,-1,-1,-1,-1
579,19,452.30,168.68,208.30,739.63,-1,-1,-1,-1
580,16,810.06,220.92,235.85,741.23,-1,-1,-1,-1
580,19,436.28,167.24,195.40,749.09,-1,-1,-1,-1
581,16,827.30,219.37,242.77,741.16,-1,-1,-1,-1
581,19,400.92,165.79,219.44,752.69,-1,-1,-1,-1
582,16,839.15,212.09,262.00,751.84,-1,-1,-1,-1
582,19,363.78,173.21,247.27,746.37,-1,-1,-1,-1
582,20,630.21,205.99,235.53,715.90,-1,-1,-1,-1
583,16,854.21,205.68,260.64,748.78,-1,-1,-1,-1
583,19,314.03,170.39,298.34,765.42,-1,-1,-1,-1
583,20,629.33,202.67,234.17,722.64,-1,-1,-1,-1
584,16,872.31,211.70,245.10,726.04,-1,-1,-1,-1
584,19,288.33,170.34,319.74,784.25,-1,-1,-1,-1
584,20,623.63,198.24,237.96,739.01,-1,-1,-1,-1
585,16,888.19,214.59,235.14,707.82,-1,-1,-1,-1
585,19,278.53,171.89,313.48,795.55,-1,-1,-1,-1
585,20,621.25,194.08,238.29,747.64,-1,-1,-1,-1
586,16,903.21,218.79,232.72,689.62,-1,-1,-1,-1
586,19,269.64,175.33,295.52,793.72,-1,-1,-1,-1
586,20,619.89,187.47,239.66,760.08,-1,-1,-1,-1
587,16,912.63,226.50,233.65,672.89,-1,-1,-1,-1
587,19,258.50,179.37,285.48,790.76,-1,-1,-1,-1
587,20,616.93,187.65,244.86,757.86,-1,-1,-1,-1
588,16,919.56,230.20,243.50,661.07,-1,-1,-1,-1
588,19,237.06,178.31,277.84,796.02,-1,-1,-1,-1
588,20,614.20,186.11,250.45,770.42,-1,-1,-1,-1
589,16,925.39,224.85,250.21,660.69,-1,-1,-1,-1
589,19,215.63,175.86,279.88,810.12,-1,-1,-1,-1
589,20,612.02,186.37,254.87,785.88,-1,-1,-1,-1
590,16,933.42,219.21,252.41,660.59,-1,-1,-1,-1
590,19,188.26,175.88,299.38,819.64,-1,-1,-1,-1
590,20,609.43,186.96,257.46,798.17,-1,-1,-1,-1
591,16,938.30,213.18,254.70,666.93,-1,-1,-1,-1
591,19,160.47,175.34,322.25,831.36,-1,-1,-1,-1
591,20,603.56,189.08,265.59,809.78,-1,-1,-1,-1
592,16,942.98,211.35,254.20,669.81,-1,-1,-1,-1
592,19,141.58,166.12,328.83,857.79,-1,-1,-1,-1
592,20,596.94,186.51,275.05,833.34,-1,-1,-1,-1
593,16,952.14,217.73,250.44,657.48,-1,-1,-1,-1
593,19,119.69,162.23,341.21,880.79,-1,-1,-1,-1
593,20,588.59,189.60,284.41,837.24,-1,-1,-1,-1
594,16,960.99,223.59,247.54,640.10,-1,-1,-1,-1
594,19,104.86,158.96,348.10,889.86,-1,-1,-1,-1
594,20,575.91,183.74,299.24,855.50,-1,-1,-1,-1
595,16,978.54,223.43,233.62,623.87,-1,-1,-1,-1
595,19,93.19,152.22,355.73,897.37,-1,-1,-1,-1
595,20,563.57,175.29,310.36,857.07,-1,-1,-1,-1
596,16,989.50,229.96,226.00,606.39,-1,-1,-1,-1
596,19,86.82,151.57,358.00,896.77,-1,-1,-1,-1
596,20,554.45,173.30,319.79,864.86,-1,-1,-1,-1
597,16,1004.36,226.91,214.38,602.35,-1,-1,-1,-1
597,19,80.30,151.04,364.98,896.15,-1,-1,-1,-1
597,20,543.48,173.09,330.61,867.99,-1,-1,-1,-1
598,16,1022.91,220.20,200.53,610.27,-1,-1,-1,-1
598,19,80.19,144.28,366.36,910.66,-1,-1,-1,-1
598,20,536.48,169.73,335.27,877.96,-1,-1,-1,-1
599,16,1039.09,217.58,197.48,609.24,-1,-1,-1,-1
599,19,78.50,128.83,368.64,937.32,-1,-1,-1,-1
599,20,530.54,163.59,339.58,896.15,-1,-1,-1,-1
600,16,1048.62,218.05,213.92,604.37,-1,-1,-1,-1
600,19,74.43,121.71,376.42,950.79,-1,-1,-1,-1
600,20,528.58,164.54,340.48,893.73,-1,-1,-1,-1
601,16,1062.61,224.93,212.14,589.04,-1,-1,-1,-1
601,19,70.25,122.17,384.98,950.11,-1,-1,-1,-1
601,20,528.15,163.83,338.42,895.13,-1,-1,-1,-1
602,16,1070.55,223.23,218.32,590.69,-1,-1,-1,-1
602,19,68.04,123.50,388.56,948.10,-1,-1,-1,-1
602,20,529.43,165.33,338.86,901.19,-1,-1,-1,-1
603,16,1071.28,235.04,230.60,573.99,-1,-1,-1,-1
603,19,64.64,122.53,390.48,944.71,-1,-1,-1,-1
603,20,535.03,158.86,337.15,908.96,-1,-1,-1,-1
604,16,1089.48,224.46,212.65,589.06,-1,-1,-1,-1
604,19,66.93,122.78,388.09,942.61,-1,-1,-1,-1
604,20,542.65,148.73,333.94,923.60,-1,-1,-1,-1
605,16,1104.37,215.93,199.76,592.83,-1,-1,-1,-1
605,19,69.60,114.40,386.92,953.75,-1,-1,-1,-1
605,20,549.11,143.15,333.79,931.57,-1,-1,-1,-1
606,16,1125.61,214.84,177.32,593.43,-1,-1,-1,-1
606,19,73.81,112.25,389.00,954.50,-1,-1,-1,-1
606,20,554.12,137.37,343.33,936.95,-1,-1,-1,-1
607,16,1143.07,215.57,162.22,594.82,-1,-1,-1,-1
607,19,80.18,108.63,395.27,950.03,-1,-1,-1,-1
607,20,560.36,136.97,354.26,935.80,-1,-1,-1,-1
608,16,1153.06,218.59,160.08,584.13,-1,-1,-1,-1
608,19,93.41,93.69,398.01,975.40,-1,-1,-1,-1
608,20,565.10,133.24,363.90,944.66,-1,-1,-1,-1
609,16,1157.88,220.60,171.53,576.67,-1,-1,-1,-1
609,19,111.89,89.54,399.98,977.08,-1,-1,-1,-1
609,20,570.25,122.15,378.20,958.08,-1,-1,-1,-1
610,16,1167.02,221.21,176.11,577.37,-1,-1,-1,-1
610,19,144.82,80.26,375.28,993.23,-1,-1,-1,-1
610,20,578.89,114.46,382.93,966.57,-1,-1,-1,-1
611,16,1172.58,224.98,190.95,572.14,-1,-1,-1,-1
611,19,178.63,75.89,344.91,997.97,-1,-1,-1,-1
611,20,590.86,111.18,380.32,966.45,-1,-1,-1,-1
612,16,1179.61,224.43,197.28,573.24,-1,-1,-1,-1
612,19,216.41,80.25,316.23,984.66,-1,-1,-1,-1
612,20,605.11,129.18,377.89,929.74,-1,-1,-1,-1
613,16,1184.81,225.79,197.23,569.37,-1,-1,-1,-1
613,19,246.78,81.18,299.67,984.43,-1,-1,-1,-1
613,20,631.20,118.61,368.57,940.90,-1,-1,-1,-1
614,16,1188.00,228.22,200.00,563.82,-1,-1,-1,-1
614,19,281.06,78.37,284.34,982.66,-1,-1,-1,-1
614,20,655.25,103.48,354.01,963.17,-1,-1,-1,-1
615,16,1190.88,229.07,201.69,563.74,-1,-1,-1,-1
615,19,296.61,76.13,297.08,985.14,-1,-1,-1,-1
615,20,672.76,86.90,348.82,985.04,-1,-1,-1,-1
616,16,1192.80,228.55,202.60,563.27,-1,-1,-1,-1
616,19,319.13,84.34,310.68,977.26,-1,-1,-1,-1
616,20,695.06,80.44,341.75,983.76,-1,-1,-1,-1
617,16,1194.37,228.54,204.98,563.20,-1,-1,-1,-1
617,19,349.58,86.15,324.80,974.74,-1,-1,-1,-1
617,20,728.77,75.71,325.27,988.83,-1,-1,-1,-1
618,16,1200.88,231.39,201.36,564.58,-1,-1,-1,-1
618,19,383.19,86.92,335.66,970.02,-1,-1,-1,-1
618,20,770.04,67.29,310.29,990.43,-1,-1,-1,-1
619,16,1202.09,240.70,204.88,546.75,-1,-1,-1,-1
619,19,399.80,87.07,379.83,970.81,-1,-1,-1,-1
619,20,800.99,60.55,311.75,1006.09,-1,-1,-1,-1
620,16,1214.25,242.35,199.07,542.68,-1,-1,-1,-1
620,19,432.28,89.29,400.56,961.32,-1,-1,-1,-1
620,20,827.08,61.24,342.65,1008.71,-1,-1,-1,-1
621,16,1232.76,241.43,184.66,538.96,-1,-1,-1,-1
621,19,473.88,84.95,366.76,977.04,-1,-1,-1,-1
621,20,843.29,140.17,411.53,915.14,-1,-1,-1,-1
622,16,1241.16,243.92,178.23,525.32,-1,-1,-1,-1
622,19,506.87,91.48,339.20,963.37,-1,-1,-1,-1
622,20,871.49,79.37,437.16,997.57,-1,-1,-1,-1
623,16,1248.62,245.57,171.78,511.33,-1,-1,-1,-1
623,19,537.34,74.88,316.93,980.16,-1,-1,-1,-1
623,20,901.12,58.28,446.63,1025.62,-1,-1,-1,-1
624,16,1254.89,248.89,176.95,502.27,-1,-1,-1,-1
624,19,566.13,74.05,305.04,982.76,-1,-1,-1,-1
624,20,941.93,68.84,434.88,1013.04,-1,-1,-1,-1
625,16,1265.48,240.57,175.13,531.97,-1,-1,-1,-1
625,19,595.55,73.04,307.71,989.55,-1,-1,-1,-1
625,20,990.76,52.19,388.91,1030.00,-1,-1,-1,-1
626,16,1275.43,238.33,171.12,490.38,-1,-1,-1,-1
626,19,621.12,78.62,321.16,988.39,-1,-1,-1,-1
626,20,1031.79,54.52,384.85,1013.74,-1,-1,-1,-1
627,16,1285.14,241.31,166.43,476.92,-1,-1,-1,-1
627,19,651.27,89.93,328.63,973.78,-1,-1,-1,-1
627,20,1078.31,58.63,360.95,1001.94,-1,-1,-1,-1
628,16,1294.85,244.29,161.73,463.47,-1,-1,-1,-1
628,19,682.19,147.15,322.73,906.90,-1,-1,-1,-1
628,20,1110.41,50.39,352.22,1015.83,-1,-1,-1,-1
629,16,1304.56,247.28,157.03,450.02,-1,-1,-1,-1
629,19,709.37,155.95,321.76,900.62,-1,-1,-1,-1
629,20,1135.23,35.58,356.89,1034.21,-1,-1,-1,-1
630,16,1314.27,250.26,152.34,436.56,-1,-1,-1,-1
630,19,738.12,188.15,314.94,862.39,-1,-1,-1,-1
630,20,1159.17,45.33,368.74,1014.63,-1,-1,-1,-1
631,19,773.45,164.15,302.60,885.96,-1,-1,-1,-1
631,20,1187.78,40.16,377.41,1025.26,-1,-1,-1,-1
632,19,816.35,101.17,273.54,974.77,-1,-1,-1,-1
632,20,1219.53,36.27,372.52,1037.19,-1,-1,-1,-1
633,19,845.04,85.03,274.85,992.29,-1,-1,-1,-1
633,20,1238.34,55.08,384.89,1009.87,-1,-1,-1,-1
634,19,862.11,76.64,301.13,995.60,-1,-1,-1,-1
634,20,1260.76,63.36,399.77,997.58,-1,-1,-1,-1
635,19,901.38,57.95,300.64,1018.65,-1,-1,-1,-1
635,20,1280.28,67.42,421.60,993.77,-1,-1,-1,-1
636,19,935.11,56.88,303.99,1016.70,-1,-1,-1,-1
636,20,1306.36,63.10,445.98,1006.39,-1,-1,-1,-1
637,19,961.52,59.87,303.56,1004.11,-1,-1,-1,-1
637,20,1321.66,100.97,468.13,961.13,-1,-1,-1,-1
638,19,981.61,51.57,307.40,1014.73,-1,-1,-1,-1
638,20,1356.48,82.62,468.12,990.40,-1,-1,-1,-1
639,19,994.60,75.76,325.16,978.66,-1,-1,-1,-1
639,20,1389.29,63.86,485.96,1014.02,-1,-1,-1,-1
640,19,1023.36,65.64,309.83,1002.85,-1,-1,-1,-1
640,20,1423.82,45.68,484.59,1035.32,-1,-1,-1,-1
640,21,1293.71,217.96,195.31,587.66,-1,-1,-1,-1
641,19,1051.33,60.63,302.70,1014.88,-1,-1,-1,-1
641,20,1445.55,51.58,476.48,1023.16,-1,-1,-1,-1
641,21,1298.96,207.86,194.60,612.63,-1,-1,-1,-1
642,19,1083.18,74.30,314.71,991.56,-1,-1,-1,-1
642,20,1463.52,61.42,468.93,1009.56,-1,-1,-1,-1
642,21,1302.73,208.26,195.87,591.80,-1,-1,-1,-1
643,19,1123.20,77.00,330.50,968.45,-1,-1,-1,-1
643,20,1480.51,77.95,458.51,987.06,-1,-1,-1,-1
643,21,1319.82,216.23,175.00,583.50,-1,-1,-1,-1
644,19,1157.75,82.05,330.83,971.18,-1,-1,-1,-1
644,20,1495.20,91.96,444.97,970.21,-1,-1,-1,-1
644,21,1327.05,216.74,174.81,582.86,-1,-1,-1,-1
645,19,1181.51,64.81,336.07,1001.35,-1,-1,-1,-1
645,20,1511.83,103.43,427.18,958.75,-1,-1,-1,-1
645,21,1334.27,217.24,174.62,582.23,-1,-1,-1,-1
646,19,1209.45,61.84,331.61,989.61,-1,-1,-1,-1
646,20,1526.61,99.91,411.34,964.24,-1,-1,-1,-1
646,21,1341.50,217.75,174.43,581.59,-1,-1,-1,-1
647,19,1233.43,73.40,337.68,963.20,-1,-1,-1,-1
647,20,1536.42,97.04,398.95,973.29,-1,-1,-1,-1
647,21,1348.73,218.25,174.24,580.95,-1,-1,-1,-1
648,19,1246.51,74.76,353.75,967.59,-1,-1,-1,-1
648,20,1543.72,87.69,392.01,987.26,-1,-1,-1,-1
649,19,1239.17,89.58,377.65,955.91,-1,-1,-1,-1
649,20,1559.69,95.85,371.94,969.53,-1,-1,-1,-1
650,19,1252.01,80.43,386.58,965.04,-1,-1,-1,-1
650,20,1571.57,101.61,359.52,963.84,-1,-1,-1,-1
651,19,1297.52,70.18,359.85,982.67,-1,-1,-1,-1
651,20,1577.20,101.68,353.77,961.77,-1,-1,-1,-1
652,19,1330.97,55.06,356.03,1016.09,-1,-1,-1,-1
652,20,1598.75,113.90,329.26,938.22,-1,-1,-1,-1
653,19,1358.99,54.29,370.56,1021.63,-1,-1,-1,-1
653,20,1619.44,120.38,304.36,922.89,-1,-1,-1,-1
653,22,1108.71,219.03,255.52,615.87,-1,-1,-1,-1
654,19,1389.40,82.66,359.32,986.76,-1,-1,-1,-1
654,20,1643.25,121.65,277.55,918.09,-1,-1,-1,-1
654,22,1079.66,220.80,277.69,613.27,-1,-1,-1,-1
655,19,1410.07,77.65,371.78,997.01,-1,-1,-1,-1
655,20,1667.00,129.21,249.09,908.31,-1,-1,-1,-1
655,22,1062.23,223.19,279.95,611.81,-1,-1,-1,-1
656,19,1425.82,80.15,401.15,991.13,-1,-1,-1,-1
656,20,1673.33,144.18,242.42,878.56,-1,-1,-1,-1
656,22,1056.32,235.16,244.09,597.45,-1,-1,-1,-1
657,19,1440.06,90.70,435.54,979.93,-1,-1,-1,-1
657,20,1696.05,158.45,218.94,726.25,-1,-1,-1,-1
657,22,1046.56,231.02,207.29,599.34,-1,-1,-1,-1
658,19,1457.87,81.29,450.83,989.48,-1,-1,-1,-1
658,20,1716.75,186.97,196.19,650.82,-1,-1,-1,-1
658,22,1024.55,223.08,185.46,619.03,-1,-1,-1,-1
659,19,1481.16,69.52,440.52,1008.92,-1,-1,-1,-1
659,20,1737.44,215.50,173.45,575.38,-1,-1,-1,-1
659,22,1002.20,236.33,189.57,598.74,-1,-1,-1,-1
660,19,1513.03,73.63,419.26,1001.09,-1,-1,-1,-1
660,20,1758.14,244.02,150.70,499.94,-1,-1,-1,-1
660,22,967.94,236.80,212.17,599.24,-1,-1,-1,-1
661,19,1544.41,70.23,386.90,1000.79,-1,-1,-1,-1
661,20,1778.83,272.55,127.96,424.51,-1,-1,-1,-1
661,22,929.71,234.05,245.45,603.64,-1,-1,-1,-1
662,19,1559.91,59.78,372.50,993.22,-1,-1,-1,-1
662,22,896.26,234.70,274.86,602.66,-1,-1,-1,-1
663,19,1573.02,67.97,356.78,976.98,-1,-1,-1,-1
663,22,881.19,236.69,279.08,598.89,-1,-1,-1,-1
664,19,1579.28,70.61,352.12,971.26,-1,-1,-1,-1
664,22,875.00,231.38,262.73,613.31,-1,-1,-1,-1
665,19,1574.13,88.86,360.66,961.76,-1,-1,-1,-1
665,22,873.73,227.97,238.29,614.44,-1,-1,-1,-1
666,19,1577.33,95.09,356.37,948.24,-1,-1,-1,-1
666,22,870.57,226.12,197.28,613.25,-1,-1,-1,-1