27,0,4.00,266.56,154.37,597.92,-1,-1,-1,-1
28,0,4.75,267.82,158.90,595.33,-1,-1,-1,-1
29,0,4.40,261.74,163.61,606.08,-1,-1,-1,-1
30,0,2.85,261.54,174.81,597.35,-1,-1,-1,-1
31,0,4.12,261.37,179.46,592.00,-1,-1,-1,-1
32,0,4.22,261.20,201.87,599.32,-1,-1,-1,-1
33,0,5.07,259.99,224.56,601.49,-1,-1,-1,-1
34,0,5.52,259.17,257.84,606.56,-1,-1,-1,-1
35,0,7.30,254.89,279.10,612.24,-1,-1,-1,-1
36,0,12.90,263.65,278.53,601.94,-1,-1,-1,-1
37,0,13.75,262.30,285.06,606.89,-1,-1,-1,-1
38,0,20.31,259.75,284.97,609.76,-1,-1,-1,-1
39,0,24.11,255.27,284.09,618.85,-1,-1,-1,-1
40,0,26.91,249.61,285.82,629.44,-1,-1,-1,-1
41,0,29.93,243.81,286.00,642.32,-1,-1,-1,-1
42,0,32.34,242.41,283.83,650.59,-1,-1,-1,-1
43,0,36.47,238.15,280.24,668.96,-1,-1,-1,-1
44,0,39.72,238.24,279.39,675.55,-1,-1,-1,-1
45,0,39.26,241.22,281.29,677.42,-1,-1,-1,-1
46,0,40.87,235.50,273.80,710.78,-1,-1,-1,-1
47,0,34.94,234.64,280.78,715.74,-1,-1,-1,-1
48,0,28.99,234.56,286.11,717.95,-1,-1,-1,-1
49,0,22.53,235.04,295.10,716.81,-1,-1,-1,-1
50,0,17.55,233.74,305.84,719.06,-1,-1,-1,-1
51,0,14.00,229.37,317.54,728.83,-1,-1,-1,-1
52,0,12.86,223.91,330.61,745.57,-1,-1,-1,-1
53,0,15.38,222.77,334.42,757.34,-1,-1,-1,-1
54,0,17.00,217.93,337.76,780.32,-1,-1,-1,-1
55,0,18.48,213.42,341.54,798.86,-1,-1,-1,-1
56,0,22.51,206.00,335.60,818.60,-1,-1,-1,-1
57,0,25.25,202.23,331.77,824.79,-1,-1,-1,-1
58,0,27.89,198.01,325.72,833.06,-1,-1,-1,-1
59,0,31.52,196.57,323.55,845.45,-1,-1,-1,-1
60,0,35.59,192.51,321.45,861.67,-1,-1,-1,-1
61,0,39.17,188.15,321.87,874.86,-1,-1,-1,-1
62,0,39.65,184.66,328.84,883.16,-1,-1,-1,-1
63,0,38.14,188.11,340.55,879.62,-1,-1,-1,-1
64,0,37.10,188.83,346.21,881.56,-1,-1,-1,-1
65,0,34.44,179.58,351.29,895.71,-1,-1,-1,-1
66,0,28.32,176.01,355.28,892.98,-1,-1,-1,-1
67,0,25.92,163.75,365.76,908.95,-1,-1,-1,-1
68,0,21.96,158.89,374.36,906.70,-1,-1,-1,-1
69,0,17.85,151.32,380.89,915.48,-1,-1,-1,-1
70,0,17.94,141.96,385.54,926.75,-1,-1,-1,-1
71,0,30.38,136.52,381.91,930.43,-1,-1,-1,-1
72,0,56.54,132.35,365.34,936.04,-1,-1,-1,-1
73,0,69.64,127.60,371.14,942.54,-1,-1,-1,-1
74,0,92.88,132.97,365.35,929.98,-1,-1,-1,-1
75,0,129.96,126.07,347.74,942.25,-1,-1,-1,-1
76,0,157.98,117.34,344.64,955.07,-1,-1,-1,-1
77,0,180.62,108.18,352.93,961.30,-1,-1,-1,-1
78,0,194.13,111.01,387.12,952.63,-1,-1,-1,-1
79,0,224.50,90.80,414.60,983.52,-1,-1,-1,-1
80,0,244.94,88.39,475.80,984.51,-1,-1,-1,-1
81,0,283.43,97.30,491.90,968.22,-1,-1,-1,-1
82,0,322.68,87.41,477.00,986.44,-1,-1,-1,-1
83,0,375.79,73.09,410.11,1003.04,-1,-1,-1,-1
84,0,419.59,56.21,368.88,1018.39,-1,-1,-1,-1
85,0,456.63,49.02,357.71,1024.32,-1,-1,-1,-1
86,0,482.59,40.59,361.16,1034.18,-1,-1,-1,-1
87,0,522.91,93.82,371.42,957.90,-1,-1,-1,-1
88,0,568.10,105.81,388.62,952.14,-1,-1,-1,-1
89,0,606.56,132.89,399.22,920.03,-1,-1,-1,-1
90,0,647.42,146.26,417.41,911.57,-1,-1,-1,-1
91,0,705.82,124.14,397.00,937.97,-1,-1,-1,-1
92,0,760.64,105.70,380.88,954.73,-1,-1,-1,-1
93,0,814.26,99.75,357.92,948.87,-1,-1,-1,-1
94,0,834.70,119.24,361.77,915.14,-1,-1,-1,-1
95,0,864.36,105.47,358.06,943.54,-1,-1,-1,-1
96,0,887.87,94.91,372.74,968.04,-1,-1,-1,-1
97,0,920.71,87.55,366.52,981.58,-1,-1,-1,-1
98,0,948.81,95.73,368.79,975.43,-1,-1,-1,-1
99,0,979.02,92.33,376.16,976.09,-1,-1,-1,-1
100,0,1009.29,93.43,384.36,975.52,-1,-1,-1,-1
101,0,1043.14,98.38,385.23,971.88,-1,-1,-1,-1
102,0,1084.07,111.47,381.85,948.27,-1,-1,-1,-1
103,0,1125.62,105.07,386.16,954.36,-1,-1,-1,-1
104,0,1137.69,90.52,418.30,970.21,-1,-1,-1,-1
105,0,1142.55,77.22,464.97,996.48,-1,-1,-1,-1
106,0,1166.09,76.32,488.74,1001.51,-1,-1,-1,-1
107,0,1192.50,96.49,512.55,974.81,-1,-1,-1,-1
108,0,1226.34,110.81,497.58,960.45,-1,-1,-1,-1
109,0,1260.67,121.01,476.55,950.81,-1,-1,-1,-1
110,0,1298.71,110.49,440.84,963.99,-1,-1,-1,-1
111,0,1342.89,104.01,405.70,970.90,-1,-1,-1,-1
112,0,1371.27,124.08,396.36,943.55,-1,-1,-1,-1
113,0,1390.82,126.99,394.18,933.90,-1,-1,-1,-1
114,0,1409.84,118.25,398.47,953.52,-1,-1,-1,-1
115,0,1432.99,125.29,380.56,946.68,-1,-1,-1,-1
116,0,1451.60,133.80,379.33,940.78,-1,-1,-1,-1
117,0,1471.47,121.46,373.80,956.28,-1,-1,-1,-1
118,0,1489.20,120.82,370.99,958.13,-1,-1,-1,-1
119,0,1501.27,121.61,372.53,953.86,-1,-1,-1,-1
120,0,1521.39,121.42,365.92,946.12,-1,-1,-1,-1
121,0,1527.07,119.81,370.58,949.02,-1,-1,-1,-1
122,0,1542.46,118.89,356.53,954.62,-1,-1,-1,-1
123,0,1545.63,129.64,356.86,930.55,-1,-1,-1,-1
124,0,1547.96,132.67,350.39,924.44,-1,-1,-1,-1
124,3,6.11,244.02,258.78,578.65,-1,-1,-1,-1
125,0,1550.41,131.81,342.91,924.85,-1,-1,-1,-1
125,3,8.38,238.43,253.66,590.61,-1,-1,-1,-1
126,0,1550.19,137.40,333.40,908.05,-1,-1,-1,-1
126,3,13.64,235.94,251.02,596.49,-1,-1,-1,-1
127,0,1550.10,139.44,322.14,903.91,-1,-1,-1,-1
127,3,19.77,231.84,248.34,599.51,-1,-1,-1,-1
128,0,1547.75,150.31,307.38,882.73,-1,-1,-1,-1
128,3,28.50,225.52,245.79,615.38,-1,-1,-1,-1
129,0,1542.11,158.52,296.50,853.46,-1,-1,-1,-1
129,3,36.90,223.15,243.90,629.00,-1,-1,-1,-1
130,0,1535.56,156.24,288.03,853.19,-1,-1,-1,-1
130,3,44.84,221.63,246.75,643.10,-1,-1,-1,-1
131,0,1526.87,161.37,283.26,834.20,-1,-1,-1,-1
131,3,47.15,222.90,253.05,651.57,-1,-1,-1,-1
132,0,1516.15,168.65,284.63,812.87,-1,-1,-1,-1
132,3,51.79,221.03,256.73,658.34,-1,-1,-1,-1
133,0,1505.26,170.42,289.59,800.27,-1,-1,-1,-1
133,3,54.65,220.31,262.18,659.36,-1,-1,-1,-1
134,0,1497.45,175.18,293.56,798.60,-1,-1,-1,-1
134,3,57.31,221.32,268.85,654.82,-1,-1,-1,-1
135,0,1484.15,183.17,321.77,788.89,-1,-1,-1,-1
135,3,59.50,223.41,276.26,647.49,-1,-1,-1,-1
136,0,1477.82,191.02,331.94,776.84,-1,-1,-1,-1
136,3,58.14,221.72,287.05,653.77,-1,-1,-1,-1
137,0,1470.13,194.67,341.52,760.75,-1,-1,-1,-1
137,3,60.45,213.32,297.52,672.58,-1,-1,-1,-1
138,0,1464.68,193.37,347.65,750.36,-1,-1,-1,-1
138,3,65.23,213.15,297.52,681.59,-1,-1,-1,-1
139,0,1466.45,198.19,339.98,729.34,-1,-1,-1,-1
139,3,75.78,211.52,291.67,688.05,-1,-1,-1,-1
140,0,1467.92,200.62,325.45,717.55,-1,-1,-1,-1
140,3,83.68,206.04,294.24,699.34,-1,-1,-1,-1
141,0,1471.32,201.79,302.43,698.18,-1,-1,-1,-1
141,3,89.44,201.64,301.01,707.20,-1,-1,-1,-1
142,0,1468.13,201.45,289.96,683.99,-1,-1,-1,-1
142,3,100.58,194.48,300.01,719.60,-1,-1,-1,-1
143,0,1449.69,204.97,293.03,674.02,-1,-1,-1,-1
143,3,107.11,189.34,302.93,738.50,-1,-1,-1,-1
144,0,1422.60,203.79,303.66,674.25,-1,-1,-1,-1
144,3,113.65,185.85,307.02,760.22,-1,-1,-1,-1
145,0,1415.30,209.17,285.04,655.58,-1,-1,-1,-1
145,3,120.01,185.97,311.95,781.72,-1,-1,-1,-1
146,0,1408.58,207.89,274.48,657.69,-1,-1,-1,-1
146,3,121.49,185.01,323.18,800.74,-1,-1,-1,-1
147,0,1395.65,206.23,268.82,660.37,-1,-1,-1,-1
147,3,124.09,183.78,329.00,810.36,-1,-1,-1,-1
148,0,1388.59,205.84,254.34,653.49,-1,-1,-1,-1
148,3,124.49,188.51,336.30,791.65,-1,-1,-1,-1
149,0,1382.74,204.41,233.03,642.06,-1,-1,-1,-1
149,3,127.40,180.35,331.28,805.44,-1,-1,-1,-1
150,0,1372.99,206.86,224.64,637.20,-1,-1,-1,-1
150,3,123.85,175.06,333.03,818.69,-1,-1,-1,-1
151,0,1362.45,211.15,213.92,629.51,-1,-1,-1,-1
151,3,121.43,162.77,334.61,843.15,-1,-1,-1,-1
152,0,1341.17,211.08,216.40,626.10,-1,-1,-1,-1
152,3,114.50,154.20,350.82,871.65,-1,-1,-1,-1
153,0,1309.13,219.56,229.60,604.19,-1,-1,-1,-1
153,3,115.43,152.68,357.99,884.16,-1,-1,-1,-1
154,0,1286.53,221.80,234.27,602.28,-1,-1,-1,-1
154,3,120.66,154.79,357.42,888.03,-1,-1,-1,-1
155,0,1265.97,220.95,241.44,605.57,-1,-1,-1,-1
155,3,131.07,160.98,354.78,876.78,-1,-1,-1,-1
156,0,1249.37,222.65,247.61,601.41,-1,-1,-1,-1
156,3,144.46,147.78,350.36,896.92,-1,-1,-1,-1
157,0,1240.75,219.20,235.55,597.23,-1,-1,-1,-1
157,3,155.94,141.16,349.20,910.33,-1,-1,-1,-1
158,0,1243.86,221.23,212.68,583.88,-1,-1,-1,-1
158,3,163.75,128.75,359.15,933.28,-1,-1,-1,-1
159,0,1247.71,218.06,189.78,585.10,-1,-1,-1,-1
159,3,180.65,118.51,359.82,950.25,-1,-1,-1,-1
160,0,1239.18,213.79,181.67,583.33,-1,-1,-1,-1
160,3,202.38,117.98,375.22,953.61,-1,-1,-1,-1
161,0,1206.07,214.84,207.12,571.63,-1,-1,-1,-1
161,3,216.46,119.63,392.26,945.82,-1,-1,-1,-1
162,0,1179.53,221.33,227.90,564.25,-1,-1,-1,-1
162,3,243.70,119.32,401.59,951.18,-1,-1,-1,-1
163,0,1160.80,224.03,241.86,559.89,-1,-1,-1,-1
163,3,257.24,116.68,415.65,952.53,-1,-1,-1,-1
164,0,1150.90,226.13,249.77,559.81,-1,-1,-1,-1
164,3,268.12,103.93,407.70,965.77,-1,-1,-1,-1
165,0,1145.63,225.18,241.56,564.67,-1,-1,-1,-1
165,3,282.20,94.16,408.01,969.89,-1,-1,-1,-1
166,0,1152.34,223.26,199.66,562.82,-1,-1,-1,-1
166,3,296.47,91.97,419.40,973.90,-1,-1,-1,-1
167,0,1145.52,223.33,176.43,558.99,-1,-1,-1,-1
167,3,319.11,79.45,427.37,991.48,-1,-1,-1,-1
168,0,1128.16,219.74,161.75,566.01,-1,-1,-1,-1
168,3,351.93,80.06,423.28,991.69,-1,-1,-1,-1
169,0,1107.01,218.91,168.52,565.65,-1,-1,-1,-1
169,3,381.45,86.28,417.95,984.98,-1,-1,-1,-1
170,0,1070.49,221.44,194.89,560.63,-1,-1,-1,-1
170,3,423.24,81.75,393.49,983.96,-1,-1,-1,-1
171,0,1042.67,227.91,213.22,552.42,-1,-1,-1,-1
171,3,470.87,73.55,365.44,996.42,-1,-1,-1,-1
172,0,1021.06,237.88,230.15,539.13,-1,-1,-1,-1
172,3,511.61,82.21,354.83,984.78,-1,-1,-1,-1
173,0,1005.70,231.20,243.60,554.10,-1,-1,-1,-1
173,3,562.42,61.20,330.24,1013.98,-1,-1,-1,-1
174,0,997.14,235.53,241.02,548.53,-1,-1,-1,-1
174,3,607.45,37.85,339.17,1044.45,-1,-1,-1,-1
175,0,995.00,236.07,233.40,549.89,-1,-1,-1,-1
175,3,635.95,43.33,366.31,1030.50,-1,-1,-1,-1
176,0,978.00,233.70,221.90,539.97,-1,-1,-1,-1
176,3,684.85,54.85,396.05,999.98,-1,-1,-1,-1
177,0,978.95,254.26,189.99,511.49,-1,-1,-1,-1
177,3,727.60,55.94,395.79,1002.40,-1,-1,-1,-1
178,0,966.97,261.94,184.60,496.98,-1,-1,-1,-1
178,3,765.43,63.14,413.66,990.20,-1,-1,-1,-1
179,0,954.99,269.63,179.22,482.46,-1,-1,-1,-1
179,3,803.51,68.92,412.33,986.14,-1,-1,-1,-1
180,0,943.01,277.31,173.83,467.94,-1,-1,-1,-1
180,3,863.76,70.77,374.56,985.88,-1,-1,-1,-1
181,0,931.03,285.00,168.44,453.43,-1,-1,-1,-1
181,3,897.68,58.14,362.86,1003.58,-1,-1,-1,-1
182,3,921.95,33.16,363.96,1040.41,-1,-1,-1,-1
183,3,951.05,26.51,396.92,1038.94,-1,-1,-1,-1
184,0,860.63,239.11,189.95,547.69,-1,-1,-1,-1
184,3,1011.17,18.66,410.95,1033.32,-1,-1,-1,-1
185,0,849.30,239.16,179.95,549.17,-1,-1,-1,-1
185,3,1062.66,33.24,423.81,1021.09,-1,-1,-1,-1
186,0,840.99,240.11,162.15,549.50,-1,-1,-1,-1
186,3,1106.92,32.80,422.57,1018.11,-1,-1,-1,-1
187,0,816.38,225.40,173.26,577.72,-1,-1,-1,-1
187,3,1151.18,32.36,421.33,1015.12,-1,-1,-1,-1
188,0,788.42,227.73,186.58,572.86,-1,-1,-1,-1
188,3,1195.44,31.91,420.09,1012.13,-1,-1,-1,-1
189,0,747.03,232.60,219.74,564.65,-1,-1,-1,-1
189,3,1232.45,41.17,458.50,1002.52,-1,-1,-1,-1
190,0,712.07,241.49,247.66,552.39,-1,-1,-1,-1
190,3,1269.49,50.84,483.95,1004.86,-1,-1,-1,-1
191,0,689.74,242.19,259.53,557.08,-1,-1,-1,-1
191,3,1300.45,44.39,455.59,1017.01,-1,-1,-1,-1
192,0,678.70,233.40,254.94,572.13,-1,-1,-1,-1
192,3,1334.16,34.74,434.36,1033.19,-1,-1,-1,-1
193,0,671.83,238.70,252.67,568.28,-1,-1,-1,-1
193,3,1347.05,24.41,428.36,1047.09,-1,-1,-1,-1
194,0,668.47,236.71,237.39,572.14,-1,-1,-1,-1
194,3,1367.55,30.26,418.59,1044.49,-1,-1,-1,-1
195,0,663.76,240.13,217.22,567.97,-1,-1,-1,-1
195,3,1385.68,50.74,419.18,1023.31,-1,-1,-1,-1
196,0,654.46,235.87,191.39,575.83,-1,-1,-1,-1
196,3,1407.75,69.22,417.72,994.00,-1,-1,-1,-1
197,0,629.95,230.05,196.86,591.39,-1,-1,-1,-1
197,3,1430.06,67.14,416.74,1001.98,-1,-1,-1,-1
198,0,592.87,235.39,226.36,594.72,-1,-1,-1,-1
198,3,1466.94,64.73,419.42,1010.01,-1,-1,-1,-1
199,0,559.28,235.85,248.94,605.20,-1,-1,-1,-1
199,3,1493.90,68.74,423.35,1004.27,-1,-1,-1,-1
200,0,538.52,241.70,257.28,606.20,-1,-1,-1,-1
200,3,1501.03,69.02,433.41,1003.20,-1,-1,-1,-1
200,6,4.80,243.77,177.73,602.52,-1,-1,-1,-1
201,0,524.34,243.22,252.76,609.85,-1,-1,-1,-1
201,3,1512.67,68.22,427.67,1003.99,-1,-1,-1,-1
201,6,7.20,241.52,218.00,602.55,-1,-1,-1,-1
202,0,516.53,239.32,238.61,619.01,-1,-1,-1,-1
202,3,1533.17,80.59,407.01,983.22,-1,-1,-1,-1
202,6,8.32,240.94,252.44,601.36,-1,-1,-1,-1
203,0,517.10,238.10,214.58,621.89,-1,-1,-1,-1
203,3,1544.87,87.42,394.55,979.57,-1,-1,-1,-1
203,6,11.36,245.15,272.51,592.98,-1,-1,-1,-1
204,0,510.86,229.10,201.58,634.09,-1,-1,-1,-1
204,3,1553.19,102.22,384.08,939.53,-1,-1,-1,-1
204,6,15.81,249.86,285.18,590.03,-1,-1,-1,-1
205,0,501.46,229.27,202.11,633.34,-1,-1,-1,-1
205,3,1566.40,101.23,357.14,929.60,-1,-1,-1,-1
205,6,21.17,240.50,283.00,603.43,-1,-1,-1,-1
206,0,471.80,230.10,224.20,644.20,-1,-1,-1,-1
206,3,1566.75,106.32,360.57,920.10,-1,-1,-1,-1
206,6,28.08,239.75,274.58,604.94,-1,-1,-1,-1
207,0,431.45,224.31,259.27,669.86,-1,-1,-1,-1
207,3,1569.38,104.25,350.79,933.19,-1,-1,-1,-1
207,6,35.15,239.38,269.01,605.31,-1,-1,-1,-1
208,0,420.57,222.58,256.56,685.80,-1,-1,-1,-1
208,3,1561.84,109.50,352.78,925.72,-1,-1,-1,-1
208,6,45.26,238.31,259.26,605.08,-1,-1,-1,-1
209,0,417.07,229.90,250.90,680.54,-1,-1,-1,-1
209,3,1555.10,115.38,347.83,905.98,-1,-1,-1,-1
209,6,57.53,235.36,248.16,609.45,-1,-1,-1,-1
210,0,406.79,228.00,254.06,682.67,-1,-1,-1,-1
210,3,1547.48,124.49,344.49,895.48,-1,-1,-1,-1
210,6,66.13,233.91,243.03,611.62,-1,-1,-1,-1
211,0,400.33,220.50,253.20,702.30,-1,-1,-1,-1
211,3,1539.75,134.94,344.91,877.23,-1,-1,-1,-1
211,6,75.62,235.43,240.12,611.59,-1,-1,-1,-1
212,0,377.10,209.68,266.04,721.43,-1,-1,-1,-1
212,3,1533.33,135.82,340.38,874.97,-1,-1,-1,-1
212,6,79.86,238.30,248.43,611.53,-1,-1,-1,-1
213,0,358.01,213.35,268.99,713.95,-1,-1,-1,-1
213,3,1531.03,152.12,335.67,846.31,-1,-1,-1,-1
213,6,85.42,237.18,254.19,624.73,-1,-1,-1,-1
214,0,335.38,211.42,289.33,722.31,-1,-1,-1,-1
214,3,1528.45,147.47,330.97,837.15,-1,-1,-1,-1
214,6,91.87,237.75,254.17,632.17,-1,-1,-1,-1
215,0,319.47,209.05,299.97,741.87,-1,-1,-1,-1
215,3,1526.12,151.72,315.28,806.67,-1,-1,-1,-1
215,6,100.55,237.22,249.70,639.69,-1,-1,-1,-1
216,0,303.80,213.99,313.43,748.49,-1,-1,-1,-1
216,3,1526.43,156.35,293.43,781.28,-1,-1,-1,-1
216,6,107.81,238.74,240.15,640.32,-1,-1,-1,-1
217,0,295.29,216.06,313.12,758.67,-1,-1,-1,-1
217,3,1525.64,160.17,279.40,759.10,-1,-1,-1,-1
217,6,109.11,236.00,235.13,641.07,-1,-1,-1,-1
218,0,288.84,222.57,309.23,760.92,-1,-1,-1,-1
218,3,1525.32,162.21,258.09,739.59,-1,-1,-1,-1
218,6,109.73,232.33,235.51,649.74,-1,-1,-1,-1
219,0,287.92,220.06,300.88,773.48,-1,-1,-1,-1
219,3,1515.50,149.88,245.79,748.15,-1,-1,-1,-1
219,6,110.79,233.33,238.10,648.80,-1,-1,-1,-1
220,0,286.50,211.70,295.46,791.04,-1,-1,-1,-1
220,3,1493.72,127.83,252.09,778.22,-1,-1,-1,-1
220,6,111.24,230.94,237.86,650.55,-1,-1,-1,-1
221,0,284.88,209.96,291.86,792.86,-1,-1,-1,-1
221,3,1491.13,144.66,241.32,751.15,-1,-1,-1,-1
221,6,112.20,228.91,235.61,649.87,-1,-1,-1,-1
222,0,284.97,206.92,291.10,792.39,-1,-1,-1,-1
222,3,1486.66,162.06,229.47,717.59,-1,-1,-1,-1
222,6,111.78,221.39,241.42,658.37,-1,-1,-1,-1
223,0,286.06,202.15,292.86,800.16,-1,-1,-1,-1
223,3,1473.45,164.55,224.47,709.76,-1,-1,-1,-1
223,6,115.80,218.43,237.69,666.62,-1,-1,-1,-1
224,0,280.70,197.57,301.43,827.48,-1,-1,-1,-1
224,3,1465.04,169.16,211.43,696.23,-1,-1,-1,-1
224,6,118.67,216.12,234.04,669.11,-1,-1,-1,-1
225,0,278.00,191.64,305.46,854.93,-1,-1,-1,-1
225,3,1454.50,173.37,199.85,682.64,-1,-1,-1,-1
225,6,126.87,219.89,226.84,665.15,-1,-1,-1,-1
226,0,272.53,190.37,310.72,864.17,-1,-1,-1,-1
226,3,1440.34,174.01,195.65,680.25,-1,-1,-1,-1
226,6,136.41,223.45,213.70,653.47,-1,-1,-1,-1
227,0,262.86,194.01,317.54,863.88,-1,-1,-1,-1
227,3,1418.48,173.28,203.37,676.57,-1,-1,-1,-1
227,6,141.98,217.69,208.97,655.32,-1,-1,-1,-1
228,0,253.88,190.41,320.04,870.75,-1,-1,-1,-1
228,3,1389.91,176.39,219.81,665.12,-1,-1,-1,-1
228,6,148.06,215.22,200.40,645.49,-1,-1,-1,-1
229,0,236.27,189.80,333.16,869.91,-1,-1,-1,-1
229,3,1356.76,188.30,241.66,638.36,-1,-1,-1,-1
229,6,157.06,211.14,185.60,637.19,-1,-1,-1,-1
230,0,219.80,189.12,344.99,866.21,-1,-1,-1,-1
230,3,1335.45,191.74,243.81,631.50,-1,-1,-1,-1
230,6,157.61,213.83,178.38,644.21,-1,-1,-1,-1
231,0,214.45,184.36,343.97,877.42,-1,-1,-1,-1
231,3,1323.65,196.56,238.91,622.77,-1,-1,-1,-1
231,6,163.14,222.20,162.22,583.21,-1,-1,-1,-1
232,0,211.71,174.02,345.43,898.80,-1,-1,-1,-1
232,3,1322.55,194.95,217.99,612.51,-1,-1,-1,-1
232,6,167.95,232.02,150.35,543.24,-1,-1,-1,-1
233,0,204.78,174.30,358.91,895.56,-1,-1,-1,-1
233,3,1321.59,196.19,201.00,600.07,-1,-1,-1,-1
233,6,168.63,220.44,154.26,559.24,-1,-1,-1,-1
234,0,211.66,173.07,355.95,897.71,-1,-1,-1,-1
234,3,1311.88,205.76,190.87,576.90,-1,-1,-1,-1
234,6,168.94,207.49,162.69,590.81,-1,-1,-1,-1
235,0,228.10,158.42,346.18,917.48,-1,-1,-1,-1
235,3,1296.10,209.56,189.95,563.62,-1,-1,-1,-1
235,6,161.85,203.37,187.03,598.36,-1,-1,-1,-1
236,0,242.30,156.92,342.27,923.03,-1,-1,-1,-1
236,3,1280.77,203.76,196.21,571.60,-1,-1,-1,-1
236,6,152.06,184.62,204.49,717.16,-1,-1,-1,-1
236,7,2.85,226.73,135.33,576.72,-1,-1,-1,-1
237,0,279.69,154.46,323.92,922.66,-1,-1,-1,-1
237,3,1247.19,199.09,233.14,579.68,-1,-1,-1,-1
237,6,134.39,170.43,262.76,800.03,-1,-1,-1,-1
237,7,2.14,229.35,138.39,562.66,-1,-1,-1,-1
238,0,308.92,151.35,320.63,921.31,-1,-1,-1,-1
238,3,1226.13,202.14,247.98,574.35,-1,-1,-1,-1
238,6,125.06,163.50,307.76,846.44,-1,-1,-1,-1
238,7,1.90,227.38,145.30,580.41,-1,-1,-1,-1
239,0,336.07,142.67,320.32,931.17,-1,-1,-1,-1
239,3,1216.15,201.60,238.61,573.88,-1,-1,-1,-1
239,6,127.80,166.77,313.15,852.62,-1,-1,-1,-1
239,7,2.16,228.06,150.51,576.24,-1,-1,-1,-1
240,0,357.60,149.16,341.95,910.62,-1,-1,-1,-1
240,3,1206.80,195.03,219.11,579.21,-1,-1,-1,-1
240,6,132.53,174.50,318.68,855.18,-1,-1,-1,-1
240,7,2.07,231.88,160.82,567.68,-1,-1,-1,-1
241,0,394.87,134.51,331.65,930.96,-1,-1,-1,-1
241,3,1204.20,198.79,179.92,567.16,-1,-1,-1,-1
241,6,137.93,173.40,318.85,869.68,-1,-1,-1,-1
241,7,3.04,230.20,165.97,569.18,-1,-1,-1,-1
242,0,415.09,128.78,391.96,933.41,-1,-1,-1,-1
242,3,1186.98,193.74,169.77,574.73,-1,-1,-1,-1
242,6,138.14,171.29,333.02,884.10,-1,-1,-1,-1
242,7,2.94,224.69,168.50,590.41,-1,-1,-1,-1
243,0,438.85,139.98,415.42,916.86,-1,-1,-1,-1
243,3,1157.71,192.62,179.28,574.98,-1,-1,-1,-1
243,6,143.06,166.32,339.19,900.55,-1,-1,-1,-1
243,7,2.48,227.90,170.16,591.86,-1,-1,-1,-1
244,0,470.38,138.75,418.52,925.36,-1,-1,-1,-1
244,3,1127.58,194.32,197.10,570.56,-1,-1,-1,-1
244,6,149.69,164.02,338.28,910.85,-1,-1,-1,-1
244,7,2.63,229.83,168.89,590.18,-1,-1,-1,-1
245,0,497.37,133.84,391.28,930.81,-1,-1,-1,-1
245,3,1105.51,203.74,214.46,554.45,-1,-1,-1,-1
245,6,159.79,165.12,333.81,910.11,-1,-1,-1,-1
245,7,4.57,228.26,157.24,583.99,-1,-1,-1,-1
246,0,523.32,111.79,344.61,957.80,-1,-1,-1,-1
246,3,1085.83,213.61,231.30,543.87,-1,-1,-1,-1
246,6,174.56,165.48,325.90,906.21,-1,-1,-1,-1
246,7,4.00,232.13,151.85,568.71,-1,-1,-1,-1
247,0,556.91,91.66,299.08,971.06,-1,-1,-1,-1
247,3,1072.53,214.28,235.95,543.57,-1,-1,-1,-1
247,6,183.04,164.20,329.89,907.32,-1,-1,-1,-1
247,7,2.71,228.86,150.32,573.71,-1,-1,-1,-1
248,0,579.65,89.79,303.22,975.26,-1,-1,-1,-1
248,3,1067.29,213.98,218.75,545.55,-1,-1,-1,-1
248,6,193.57,161.19,335.51,902.55,-1,-1,-1,-1
248,7,1.30,229.78,161.14,568.77,-1,-1,-1,-1
249,0,608.88,76.71,302.14,997.88,-1,-1,-1,-1
249,3,1066.64,218.82,191.93,535.18,-1,-1,-1,-1
249,6,202.62,156.22,343.84,914.91,-1,-1,-1,-1
249,7,1.54,227.55,168.15,577.18,-1,-1,-1,-1
250,0,640.34,93.72,302.27,977.39,-1,-1,-1,-1
250,3,1054.80,231.87,164.80,514.70,-1,-1,-1,-1
250,6,208.89,151.40,358.91,923.33,-1,-1,-1,-1
250,7,1.65,224.70,174.76,588.48,-1,-1,-1,-1
251,0,672.70,193.96,313.50,853.29,-1,-1,-1,-1
251,3,1036.21,222.55,153.91,528.39,-1,-1,-1,-1
251,6,216.11,148.01,371.17,925.74,-1,-1,-1,-1
251,7,1.91,217.95,184.62,603.75,-1,-1,-1,-1
252,0,695.63,231.21,347.00,815.74,-1,-1,-1,-1
252,3,1015.54,227.51,161.66,523.36,-1,-1,-1,-1
252,6,222.58,145.38,384.74,923.47,-1,-1,-1,-1
252,7,3.25,215.87,185.91,611.32,-1,-1,-1,-1
253,0,724.26,166.57,346.98,896.44,-1,-1,-1,-1
253,3,1001.01,234.28,167.49,514.27,-1,-1,-1,-1
253,6,231.48,142.28,389.28,920.82,-1,-1,-1,-1
253,7,3.24,216.19,193.67,614.24,-1,-1,-1,-1
254,0,745.87,157.67,381.33,904.20,-1,-1,-1,-1
254,3,985.01,237.57,165.72,508.87,-1,-1,-1,-1
254,6,244.89,137.83,380.20,930.21,-1,-1,-1,-1
254,7,4.18,215.31,196.18,617.93,-1,-1,-1,-1
255,0,799.48,124.10,313.12,946.39,-1,-1,-1,-1
255,3,969.00,240.86,163.95,503.47,-1,-1,-1,-1
255,6,251.42,134.58,382.39,932.64,-1,-1,-1,-1
255,7,4.89,215.42,194.45,614.05,-1,-1,-1,-1
256,0,825.51,102.38,346.78,961.11,-1,-1,-1,-1
256,3,952.99,244.16,162.19,498.08,-1,-1,-1,-1
256,6,261.32,128.16,382.64,938.25,-1,-1,-1,-1
256,7,8.00,214.21,194.31,606.58,-1,-1,-1,-1
257,0,851.79,89.01,353.87,980.75,-1,-1,-1,-1
257,3,936.99,247.45,160.42,492.68,-1,-1,-1,-1
257,6,268.83,118.11,388.32,946.28,-1,-1,-1,-1
257,7,10.58,213.92,196.36,604.98,-1,-1,-1,-1
258,0,884.76,79.12,333.39,999.02,-1,-1,-1,-1
258,6,283.84,106.34,380.30,956.63,-1,-1,-1,-1
258,7,10.54,211.10,201.84,615.75,-1,-1,-1,-1
259,0,907.14,99.37,339.32,975.05,-1,-1,-1,-1
259,6,290.67,92.90,393.18,973.44,-1,-1,-1,-1
259,7,10.19,215.97,208.95,617.27,-1,-1,-1,-1
260,0,905.04,122.51,371.04,944.63,-1,-1,-1,-1
260,6,307.96,98.63,403.37,971.27,-1,-1,-1,-1
260,7,11.62,223.70,215.73,618.39,-1,-1,-1,-1
261,0,943.02,117.01,357.51,953.63,-1,-1,-1,-1
261,3,823.70,214.01,196.03,556.02,-1,-1,-1,-1
261,6,338.09,84.55,394.79,992.89,-1,-1,-1,-1
261,7,6.86,235.93,228.51,623.58,-1,-1,-1,-1
262,0,981.13,129.01,354.32,944.34,-1,-1,-1,-1
262,3,802.23,229.75,211.37,539.01,-1,-1,-1,-1
262,6,359.19,79.03,398.96,994.83,-1,-1,-1,-1
262,7,5.71,242.92,239.87,617.47,-1,-1,-1,-1
263,0,1010.29,118.58,342.48,959.97,-1,-1,-1,-1
263,3,793.19,233.17,217.34,536.71,-1,-1,-1,-1
263,6,389.15,76.30,387.27,997.11,-1,-1,-1,-1
263,7,6.15,242.56,245.20,626.61,-1,-1,-1,-1
264,0,1034.68,124.05,349.64,954.54,-1,-1,-1,-1
264,3,788.82,220.54,213.01,559.13,-1,-1,-1,-1
264,6,421.85,77.51,372.73,991.41,-1,-1,-1,-1
264,7,7.39,240.14,248.84,638.20,-1,-1,-1,-1
265,0,1053.38,124.30,354.42,952.62,-1,-1,-1,-1
265,3,787.69,219.89,203.49,559.11,-1,-1,-1,-1
265,6,447.95,75.29,361.45,994.94,-1,-1,-1,-1
265,7,9.05,234.26,251.55,652.47,-1,-1,-1,-1
266,0,1068.67,131.99,356.57,939.29,-1,-1,-1,-1
266,3,791.52,221.93,166.57,548.82,-1,-1,-1,-1
266,6,480.12,89.51,343.79,975.66,-1,-1,-1,-1
266,7,12.48,226.58,249.34,666.21,-1,-1,-1,-1
267,0,1089.42,132.75,364.79,942.80,-1,-1,-1,-1
267,3,777.23,222.72,166.11,547.37,-1,-1,-1,-1
267,6,510.71,78.13,359.33,988.61,-1,-1,-1,-1
267,7,11.10,220.57,256.44,674.42,-1,-1,-1,-1
268,0,1124.85,116.74,368.20,958.70,-1,-1,-1,-1
268,3,762.93,223.50,165.66,545.92,-1,-1,-1,-1
268,6,535.05,68.64,371.10,997.64,-1,-1,-1,-1
268,7,12.71,212.35,261.10,683.43,-1,-1,-1,-1
269,0,1148.16,110.37,390.54,966.06,-1,-1,-1,-1
269,3,748.64,224.29,165.21,544.47,-1,-1,-1,-1
269,6,559.32,60.32,402.26,1000.92,-1,-1,-1,-1
269,7,11.80,204.42,273.64,690.05,-1,-1,-1,-1
270,0,1164.22,113.62,394.77,959.23,-1,-1,-1,-1
270,3,734.35,225.08,164.75,543.01,-1,-1,-1,-1
270,6,588.08,35.47,426.19,1036.49,-1,-1,-1,-1
270,7,12.48,198.38,284.28,693.30,-1,-1,-1,-1
271,0,1208.60,122.90,368.95,952.14,-1,-1,-1,-1
271,6,622.83,51.03,443.69,1020.87,-1,-1,-1,-1
271,7,11.07,190.91,305.25,705.00,-1,-1,-1,-1
272,0,1210.59,125.58,388.87,947.28,-1,-1,-1,-1
272,6,647.15,51.56,462.14,1018.61,-1,-1,-1,-1
272,7,13.08,184.61,319.81,715.07,-1,-1,-1,-1
273,0,1227.59,128.88,377.82,947.07,-1,-1,-1,-1
273,6,690.53,46.02,448.29,1024.61,-1,-1,-1,-1
273,7,23.36,179.89,318.90,731.85,-1,-1,-1,-1
274,0,1264.55,124.57,349.92,953.65,-1,-1,-1,-1
274,6,764.41,48.34,389.66,1006.33,-1,-1,-1,-1
274,7,31.65,172.67,318.17,757.83,-1,-1,-1,-1
275,0,1291.37,127.03,329.48,944.83,-1,-1,-1,-1
275,6,839.71,25.38,344.24,1033.82,-1,-1,-1,-1
275,7,38.01,169.08,318.91,769.37,-1,-1,-1,-1
276,0,1306.37,125.84,320.99,942.46,-1,-1,-1,-1
276,6,894.46,17.17,335.30,1048.96,-1,-1,-1,-1
276,7,48.11,164.93,313.06,774.84,-1,-1,-1,-1
277,0,1310.60,121.48,320.44,950.71,-1,-1,-1,-1
277,6,933.58,14.40,343.68,1047.97,-1,-1,-1,-1
277,7,54.44,161.16,312.59,779.40,-1,-1,-1,-1
277,9,578.33,218.51,176.83,587.95,-1,-1,-1,-1
278,0,1311.72,128.48,320.73,943.07,-1,-1,-1,-1
278,6,974.03,3.07,361.67,1062.64,-1,-1,-1,-1
278,7,62.00,156.99,314.91,789.35,-1,-1,-1,-1
278,9,550.12,216.20,194.30,602.81,-1,-1,-1,-1
279,0,1317.92,137.02,321.70,916.84,-1,-1,-1,-1
279,6,1014.78,3.58,403.18,1069.17,-1,-1,-1,-1
279,7,69.24,147.22,324.71,816.03,-1,-1,-1,-1
279,9,514.31,213.03,229.47,604.96,-1,-1,-1,-1
280,0,1333.13,142.04,311.71,885.76,-1,-1,-1,-1
280,6,1054.27,15.99,462.98,1039.82,-1,-1,-1,-1
280,7,78.69,141.80,329.30,843.74,-1,-1,-1,-1
280,9,495.70,220.47,242.46,599.27,-1,-1,-1,-1
281,0,1368.83,165.47,275.84,822.97,-1,-1,-1,-1
281,6,1094.42,26.30,494.18,1022.04,-1,-1,-1,-1
281,7,87.91,137.80,334.23,877.29,-1,-1,-1,-1
281,9,488.37,220.02,236.36,606.04,-1,-1,-1,-1
282,0,1393.41,164.94,258.98,796.15,-1,-1,-1,-1
282,6,1139.12,35.25,496.94,1011.91,-1,-1,-1,-1
282,7,93.15,134.67,340.97,906.90,-1,-1,-1,-1
282,9,478.26,217.01,218.90,611.92,-1,-1,-1,-1
283,0,1423.31,156.22,244.14,784.20,-1,-1,-1,-1
283,6,1179.25,46.32,490.52,1003.61,-1,-1,-1,-1
283,7,96.74,130.52,347.39,928.10,-1,-1,-1,-1
283,9,464.91,222.74,194.67,601.20,-1,-1,-1,-1
284,0,1452.98,161.39,225.82,743.40,-1,-1,-1,-1
284,6,1212.07,52.64,483.74,995.94,-1,-1,-1,-1
284,7,98.65,123.59,351.37,947.09,-1,-1,-1,-1
284,9,444.61,211.03,188.85,618.81,-1,-1,-1,-1
285,0,1474.38,169.22,216.30,712.10,-1,-1,-1,-1
285,6,1248.34,49.23,461.48,1006.06,-1,-1,-1,-1
285,7,89.38,114.12,370.46,969.31,-1,-1,-1,-1
285,9,422.96,214.78,193.70,623.47,-1,-1,-1,-1
286,0,1495.77,177.05,206.79,680.80,-1,-1,-1,-1
286,6,1283.20,56.63,435.35,1001.72,-1,-1,-1,-1
286,7,88.17,107.48,375.68,978.00,-1,-1,-1,-1
286,9,406.34,215.34,201.52,635.70,-1,-1,-1,-1
287,0,1517.17,184.88,197.27,649.50,-1,-1,-1,-1
287,6,1311.71,49.64,422.87,1015.45,-1,-1,-1,-1
287,7,86.76,103.98,388.84,976.27,-1,-1,-1,-1
287,9,396.15,214.49,207.25,636.74,-1,-1,-1,-1
288,0,1538.56,192.71,187.76,618.20,-1,-1,-1,-1
288,6,1339.88,34.38,417.07,1038.06,-1,-1,-1,-1
288,7,93.25,94.48,403.04,988.35,-1,-1,-1,-1
288,9,390.49,216.39,205.87,629.91,-1,-1,-1,-1
289,6,1361.70,38.96,418.30,1031.53,-1,-1,-1,-1
289,7,102.81,99.54,414.22,983.17,-1,-1,-1,-1
289,9,387.77,213.69,198.20,623.66,-1,-1,-1,-1
290,6,1387.29,42.02,426.79,1030.75,-1,-1,-1,-1
290,7,122.70,96.78,407.18,984.51,-1,-1,-1,-1
290,9,394.47,221.34,169.28,592.53,-1,-1,-1,-1
291,6,1403.92,55.19,451.30,1013.28,-1,-1,-1,-1
291,7,148.60,97.56,395.31,979.63,-1,-1,-1,-1
291,9,384.23,227.62,165.12,577.97,-1,-1,-1,-1
292,6,1421.88,54.07,458.87,1015.45,-1,-1,-1,-1
292,7,179.86,88.59,367.91,984.12,-1,-1,-1,-1
292,9,373.99,233.90,160.96,563.41,-1,-1,-1,-1
293,6,1447.73,69.27,454.10,988.56,-1,-1,-1,-1
293,7,210.75,78.22,349.63,988.27,-1,-1,-1,-1
293,9,363.75,240.18,156.81,548.85,-1,-1,-1,-1
294,6,1476.01,73.60,436.98,982.88,-1,-1,-1,-1
294,7,233.83,58.74,352.24,1018.02,-1,-1,-1,-1
294,9,353.52,246.47,152.65,534.29,-1,-1,-1,-1
295,6,1505.36,69.73,417.31,990.52,-1,-1,-1,-1
295,7,254.84,40.64,378.01,1034.00,-1,-1,-1,-1
296,6,1524.99,67.35,403.46,995.67,-1,-1,-1,-1
296,7,261.18,38.16,431.42,1028.77,-1,-1,-1,-1
296,10,1320.29,171.03,241.92,728.47,-1,-1,-1,-1
297,6,1538.32,60.19,395.83,1009.51,-1,-1,-1,-1
297,7,265.44,35.17,488.57,1029.51,-1,-1,-1,-1
297,10,1306.64,178.72,252.16,717.83,-1,-1,-1,-1
298,6,1553.28,55.51,381.20,1016.96,-1,-1,-1,-1
298,7,286.06,29.82,490.56,1033.61,-1,-1,-1,-1
298,10,1288.52,195.99,255.92,678.28,-1,-1,-1,-1
299,6,1564.18,52.19,369.40,1018.85,-1,-1,-1,-1
299,7,306.67,24.46,492.54,1037.72,-1,-1,-1,-1
299,10,1279.47,197.44,242.06,675.63,-1,-1,-1,-1
300,6,1574.65,59.60,352.61,1009.51,-1,-1,-1,-1
300,7,397.64,5.81,464.87,1067.21,-1,-1,-1,-1
300,10,1267.73,211.41,242.76,646.84,-1,-1,-1,-1
301,6,1578.52,67.83,344.19,999.83,-1,-1,-1,-1
301,7,460.73,2.98,406.18,1073.15,-1,-1,-1,-1
301,10,1265.97,205.12,223.95,654.05,-1,-1,-1,-1
301,11,167.02,180.74,303.53,786.11,-1,-1,-1,-1
302,6,1581.69,82.93,336.40,977.59,-1,-1,-1,-1
302,7,507.43,15.13,392.68,1049.36,-1,-1,-1,-1
302,10,1266.02,207.84,203.06,636.07,-1,-1,-1,-1
302,11,145.36,176.76,325.54,810.15,-1,-1,-1,-1
303,6,1582.02,87.52,333.32,980.37,-1,-1,-1,-1
303,7,546.47,15.54,402.85,1048.86,-1,-1,-1,-1
303,10,1263.81,205.69,184.86,627.71,-1,-1,-1,-1
303,11,118.78,174.82,355.85,835.71,-1,-1,-1,-1
304,6,1580.10,100.99,329.57,967.45,-1,-1,-1,-1
304,7,591.36,38.07,407.42,1027.03,-1,-1,-1,-1
304,10,1250.29,213.56,186.01,607.72,-1,-1,-1,-1
304,11,107.50,174.88,366.75,850.80,-1,-1,-1,-1
305,6,1570.61,103.34,334.76,965.50,-1,-1,-1,-1
305,7,630.82,50.91,415.98,1016.91,-1,-1,-1,-1
305,10,1224.26,216.72,202.13,599.07,-1,-1,-1,-1
305,11,107.26,172.54,365.49,862.18,-1,-1,-1,-1
306,6,1561.51,112.19,337.24,947.52,-1,-1,-1,-1
306,7,675.59,95.29,434.29,965.31,-1,-1,-1,-1
306,10,1190.07,216.58,232.86,597.34,-1,-1,-1,-1
306,11,107.99,171.36,365.54,863.77,-1,-1,-1,-1
307,6,1551.76,117.02,335.90,940.35,-1,-1,-1,-1
307,7,730.37,86.09,412.89,978.26,-1,-1,-1,-1
307,10,1172.01,210.77,244.29,604.34,-1,-1,-1,-1
307,11,118.51,165.87,358.50,870.33,-1,-1,-1,-1
308,6,1542.16,122.94,339.53,934.74,-1,-1,-1,-1
308,7,780.00,96.17,387.13,965.59,-1,-1,-1,-1
308,10,1162.58,212.18,248.90,602.38,-1,-1,-1,-1
308,11,126.30,155.15,354.86,888.45,-1,-1,-1,-1
309,6,1535.30,129.10,338.18,918.67,-1,-1,-1,-1
309,7,828.58,42.03,363.65,1030.83,-1,-1,-1,-1
309,10,1148.27,218.36,251.88,589.82,-1,-1,-1,-1
309,11,136.31,147.81,350.53,902.67,-1,-1,-1,-1
310,6,1530.56,135.90,334.06,909.61,-1,-1,-1,-1
310,7,869.63,13.99,355.90,1069.96,-1,-1,-1,-1
310,10,1149.32,211.36,225.56,596.05,-1,-1,-1,-1
310,11,144.41,138.91,347.97,924.26,-1,-1,-1,-1
311,6,1525.73,141.98,326.84,896.35,-1,-1,-1,-1
311,7,897.94,4.80,381.82,1071.59,-1,-1,-1,-1
311,10,1152.68,221.09,174.99,574.22,-1,-1,-1,-1
311,11,146.52,136.46,351.20,928.24,-1,-1,-1,-1
312,6,1523.74,147.60,315.03,882.90,-1,-1,-1,-1
312,7,935.78,12.69,399.76,1056.91,-1,-1,-1,-1
312,10,1140.68,223.97,172.01,564.44,-1,-1,-1,-1
312,11,153.00,132.47,350.03,936.48,-1,-1,-1,-1
313,6,1520.67,157.77,304.37,860.56,-1,-1,-1,-1
313,7,972.38,6.46,419.27,1065.53,-1,-1,-1,-1
313,10,1128.67,226.85,169.04,554.67,-1,-1,-1,-1
313,11,153.83,129.78,358.53,945.89,-1,-1,-1,-1
314,6,1518.93,164.28,292.17,847.75,-1,-1,-1,-1
314,7,1013.35,81.61,421.70,973.93,-1,-1,-1,-1
314,10,1116.66,229.73,166.06,544.90,-1,-1,-1,-1
314,11,148.87,125.82,370.66,952.07,-1,-1,-1,-1
315,6,1516.02,169.58,278.10,813.88,-1,-1,-1,-1
315,7,1022.63,41.74,442.47,1028.84,-1,-1,-1,-1
315,10,1104.66,232.61,163.09,535.13,-1,-1,-1,-1
315,11,145.72,113.15,382.46,970.00,-1,-1,-1,-1
316,6,1508.89,178.07,265.29,770.23,-1,-1,-1,-1
316,7,1061.38,29.82,439.99,1041.53,-1,-1,-1,-1
316,11,149.59,113.76,381.16,958.65,-1,-1,-1,-1
317,6,1498.74,169.79,254.35,766.62,-1,-1,-1,-1
317,7,1123.68,19.71,405.70,1058.62,-1,-1,-1,-1
317,11,152.55,109.23,383.32,954.37,-1,-1,-1,-1
318,6,1502.04,171.24,230.91,736.12,-1,-1,-1,-1
318,7,1175.57,16.68,402.69,1051.52,-1,-1,-1,-1
318,11,152.84,102.55,390.63,960.75,-1,-1,-1,-1
319,6,1513.15,182.86,200.02,613.22,-1,-1,-1,-1
319,7,1209.44,20.98,426.13,1031.30,-1,-1,-1,-1
319,11,155.45,98.19,410.86,965.70,-1,-1,-1,-1
320,6,1521.15,179.48,176.91,604.52,-1,-1,-1,-1
320,7,1221.03,24.58,462.75,1014.81,-1,-1,-1,-1
320,11,163.18,90.53,417.25,975.11,-1,-1,-1,-1
320,12,970.51,238.00,179.55,550.43,-1,-1,-1,-1
321,6,1520.11,187.76,164.92,563.55,-1,-1,-1,-1
321,7,1233.08,21.65,478.69,1019.93,-1,-1,-1,-1
321,11,188.30,96.00,401.85,963.89,-1,-1,-1,-1
321,12,952.86,231.75,158.63,558.14,-1,-1,-1,-1
322,6,1519.08,196.04,152.93,522.59,-1,-1,-1,-1
322,7,1262.02,20.00,467.91,1026.87,-1,-1,-1,-1
322,11,217.30,92.87,388.25,977.93,-1,-1,-1,-1
322,12,924.64,234.16,167.88,549.62,-1,-1,-1,-1
323,6,1518.04,204.32,140.93,481.62,-1,-1,-1,-1
323,7,1291.20,13.85,463.33,1035.06,-1,-1,-1,-1
323,11,239.87,94.58,380.24,972.41,-1,-1,-1,-1
323,12,884.52,233.94,204.01,549.80,-1,-1,-1,-1
324,6,1517.01,212.61,128.94,440.65,-1,-1,-1,-1
324,7,1334.76,1.70,444.95,1064.12,-1,-1,-1,-1
324,11,265.18,98.59,371.52,960.71,-1,-1,-1,-1
324,12,838.22,233.51,252.62,554.99,-1,-1,-1,-1
325,7,1374.39,24.65,420.24,1037.71,-1,-1,-1,-1
325,11,288.83,80.43,369.09,989.75,-1,-1,-1,-1
325,12,818.62,226.66,261.07,568.37,-1,-1,-1,-1
326,7,1391.88,30.97,427.46,1030.58,-1,-1,-1,-1
326,11,312.34,67.72,368.91,998.55,-1,-1,-1,-1
326,12,808.08,236.48,254.35,561.11,-1,-1,-1,-1
327,7,1399.85,17.05,420.43,1057.15,-1,-1,-1,-1
327,11,338.94,62.81,375.42,999.71,-1,-1,-1,-1
327,12,805.58,242.37,222.39,555.78,-1,-1,-1,-1
328,7,1409.29,23.92,428.87,1053.40,-1,-1,-1,-1
328,11,365.65,63.22,392.75,1006.13,-1,-1,-1,-1
328,12,809.03,233.99,174.24,572.13,-1,-1,-1,-1
329,7,1424.19,34.73,417.59,1040.91,-1,-1,-1,-1
329,11,397.60,70.94,393.74,994.88,-1,-1,-1,-1
329,12,800.06,233.48,149.25,567.18,-1,-1,-1,-1
330,7,1438.59,51.08,408.13,1017.78,-1,-1,-1,-1
330,11,433.86,65.19,397.81,1008.80,-1,-1,-1,-1
330,12,773.67,234.51,161.11,563.88,-1,-1,-1,-1
331,7,1444.81,65.18,408.27,1003.59,-1,-1,-1,-1
331,11,471.60,74.34,403.97,1000.21,-1,-1,-1,-1
331,12,760.71,239.51,166.44,555.36,-1,-1,-1,-1
331,13,1278.03,203.93,248.26,630.43,-1,-1,-1,-1
332,7,1466.52,72.62,391.53,987.12,-1,-1,-1,-1
332,11,509.98,71.26,407.97,994.43,-1,-1,-1,-1
332,12,743.99,241.77,165.26,551.41,-1,-1,-1,-1
332,13,1268.71,214.37,251.89,615.64,-1,-1,-1,-1
333,7,1485.42,78.22,373.19,964.46,-1,-1,-1,-1
333,11,556.24,54.16,383.83,1014.25,-1,-1,-1,-1
333,12,727.26,244.03,164.07,547.47,-1,-1,-1,-1
333,13,1263.61,220.21,244.64,604.10,-1,-1,-1,-1
334,7,1502.42,74.86,352.60,951.29,-1,-1,-1,-1
334,11,600.73,44.27,384.37,1025.46,-1,-1,-1,-1
334,12,710.54,246.29,162.88,543.52,-1,-1,-1,-1
334,13,1260.38,210.12,221.70,611.16,-1,-1,-1,-1
335,7,1510.33,76.72,343.81,929.43,-1,-1,-1,-1
335,11,637.47,57.53,386.17,1001.50,-1,-1,-1,-1
335,12,693.81,248.55,161.69,539.58,-1,-1,-1,-1
335,13,1256.21,206.00,180.63,604.31,-1,-1,-1,-1
336,7,1516.83,87.51,325.41,900.54,-1,-1,-1,-1
336,11,662.27,83.45,407.28,969.09,-1,-1,-1,-1
336,13,1237.76,202.10,172.08,603.48,-1,-1,-1,-1
337,7,1511.10,92.01,322.87,874.91,-1,-1,-1,-1
337,11,691.30,113.22,422.53,939.23,-1,-1,-1,-1
337,13,1214.00,207.40,167.69,590.15,-1,-1,-1,-1
338,7,1502.28,97.29,317.91,866.04,-1,-1,-1,-1
338,11,768.59,95.14,402.22,955.18,-1,-1,-1,-1
338,13,1189.26,209.81,176.89,579.61,-1,-1,-1,-1
338,14,5.03,231.47,194.47,624.16,-1,-1,-1,-1
339,7,1492.20,109.94,310.06,851.39,-1,-1,-1,-1
339,11,847.83,79.11,383.72,989.97,-1,-1,-1,-1
339,13,1169.03,208.33,182.77,583.00,-1,-1,-1,-1
339,14,7.51,234.16,224.21,627.29,-1,-1,-1,-1
340,7,1478.41,119.10,285.42,817.77,-1,-1,-1,-1
340,11,922.91,76.25,400.01,985.92,-1,-1,-1,-1
340,13,1153.07,208.78,181.65,579.40,-1,-1,-1,-1
340,14,9.01,235.95,229.69,628.52,-1,-1,-1,-1
340,15,511.07,227.96,279.82,625.47,-1,-1,-1,-1
341,7,1467.48,121.25,266.22,801.34,-1,-1,-1,-1
341,11,976.47,59.80,389.34,994.62,-1,-1,-1,-1
341,13,1137.10,209.23,180.52,575.81,-1,-1,-1,-1
341,14,10.27,235.69,235.21,628.33,-1,-1,-1,-1
341,15,475.49,225.70,303.86,641.76,-1,-1,-1,-1
342,7,1449.44,111.36,259.81,803.60,-1,-1,-1,-1
342,11,1022.81,36.40,383.51,1029.22,-1,-1,-1,-1
342,13,1121.14,209.69,179.40,572.21,-1,-1,-1,-1
342,14,12.00,235.82,239.26,622.35,-1,-1,-1,-1
342,15,447.43,226.54,325.17,655.83,-1,-1,-1,-1
343,7,1432.79,106.07,247.04,807.40,-1,-1,-1,-1
343,11,1060.51,29.09,388.29,1046.49,-1,-1,-1,-1
343,13,1105.17,210.14,178.27,568.61,-1,-1,-1,-1
343,14,15.75,233.19,239.88,623.92,-1,-1,-1,-1
343,15,444.40,228.20,299.20,662.35,-1,-1,-1,-1
344,7,1405.90,106.77,256.93,803.57,-1,-1,-1,-1
344,11,1095.93,89.20,388.66,974.78,-1,-1,-1,-1
344,14,20.56,229.00,244.63,628.38,-1,-1,-1,-1
344,15,451.55,225.23,259.59,672.14,-1,-1,-1,-1
345,7,1389.70,119.22,259.68,786.60,-1,-1,-1,-1
345,11,1096.20,149.11,433.82,908.31,-1,-1,-1,-1
345,14,26.88,228.93,256.49,626.16,-1,-1,-1,-1
345,15,453.45,226.83,227.98,675.12,-1,-1,-1,-1
346,7,1386.13,130.81,248.77,777.38,-1,-1,-1,-1
346,11,1146.08,114.01,401.94,955.32,-1,-1,-1,-1
346,13,1043.91,220.37,160.35,538.33,-1,-1,-1,-1
346,14,33.18,217.17,282.46,642.20,-1,-1,-1,-1
346,15,447.86,227.31,213.22,671.62,-1,-1,-1,-1
347,7,1408.09,136.83,205.31,767.73,-1,-1,-1,-1
347,11,1186.02,94.51,408.13,974.64,-1,-1,-1,-1
347,13,1021.94,222.75,175.42,540.77,-1,-1,-1,-1
347,14,46.94,226.26,294.67,628.92,-1,-1,-1,-1
347,15,434.40,223.81,211.77,679.34,-1,-1,-1,-1
348,7,1399.17,141.09,202.75,758.19,-1,-1,-1,-1
348,11,1228.89,65.36,396.49,1009.22,-1,-1,-1,-1
348,13,989.33,229.03,208.28,535.58,-1,-1,-1,-1
348,14,59.64,231.84,301.44,623.17,-1,-1,-1,-1
348,15,403.26,213.28,236.36,711.70,-1,-1,-1,-1
349,7,1390.24,145.34,200.20,748.66,-1,-1,-1,-1
349,11,1258.16,56.59,412.39,1014.24,-1,-1,-1,-1
349,13,959.18,233.44,233.00,533.63,-1,-1,-1,-1
349,14,69.17,231.21,300.18,625.78,-1,-1,-1,-1
349,15,374.73,213.46,255.43,726.48,-1,-1,-1,-1
350,7,1381.32,149.60,197.65,739.13,-1,-1,-1,-1
350,11,1284.46,45.84,441.87,1032.22,-1,-1,-1,-1
350,13,949.46,235.52,233.35,535.41,-1,-1,-1,-1
350,14,79.57,228.58,293.30,631.91,-1,-1,-1,-1
350,15,362.11,216.89,262.67,731.13,-1,-1,-1,-1
351,7,1372.39,153.86,195.09,729.60,-1,-1,-1,-1
351,11,1307.80,38.64,468.53,1038.61,-1,-1,-1,-1
351,13,941.03,238.66,232.73,533.10,-1,-1,-1,-1
351,14,91.22,227.18,283.19,633.56,-1,-1,-1,-1
351,15,344.64,215.40,273.78,748.82,-1,-1,-1,-1
352,11,1344.96,30.72,473.73,1050.09,-1,-1,-1,-1
352,13,932.96,237.26,217.73,534.05,-1,-1,-1,-1
352,14,104.87,224.94,267.40,639.90,-1,-1,-1,-1
352,15,325.06,214.28,289.74,753.09,-1,-1,-1,-1
353,11,1317.02,134.64,578.04,905.46,-1,-1,-1,-1
353,13,923.46,237.87,189.06,530.64,-1,-1,-1,-1
353,14,117.63,225.25,251.57,637.92,-1,-1,-1,-1
353,15,309.38,215.74,288.71,757.95,-1,-1,-1,-1
354,11,1368.84,104.05,547.40,959.39,-1,-1,-1,-1
354,13,904.40,234.43,179.05,533.63,-1,-1,-1,-1
354,14,126.18,215.34,242.90,653.32,-1,-1,-1,-1
354,15,289.49,215.60,291.06,760.34,-1,-1,-1,-1
355,11,1397.40,94.24,520.03,969.23,-1,-1,-1,-1
355,13,883.37,230.67,162.93,537.67,-1,-1,-1,-1
355,14,132.63,212.77,228.94,663.68,-1,-1,-1,-1
355,15,269.79,212.11,307.32,766.85,-1,-1,-1,-1
356,11,1423.43,86.25,485.20,977.15,-1,-1,-1,-1
356,13,851.80,227.17,186.21,542.77,-1,-1,-1,-1
356,14,140.94,213.04,197.54,663.04,-1,-1,-1,-1
356,15,247.44,207.85,330.31,779.85,-1,-1,-1,-1
357,11,1432.39,87.08,464.70,971.98,-1,-1,-1,-1
357,13,804.09,228.12,233.29,546.90,-1,-1,-1,-1
357,14,140.55,209.01,192.03,680.46,-1,-1,-1,-1
357,15,223.62,204.46,349.52,811.94,-1,-1,-1,-1
357,17,1216.39,158.89,248.62,659.52,-1,-1,-1,-1
358,11,1436.52,84.26,445.56,981.11,-1,-1,-1,-1
358,13,776.21,232.57,259.91,546.15,-1,-1,-1,-1
358,14,144.42,225.32,174.12,602.06,-1,-1,-1,-1
358,15,205.86,205.95,367.90,829.33,-1,-1,-1,-1
358,17,1210.42,159.00,221.95,649.09,-1,-1,-1,-1
359,11,1443.74,78.89,421.17,988.73,-1,-1,-1,-1
359,13,768.30,232.89,256.64,554.73,-1,-1,-1,-1
359,14,144.95,229.03,159.03,553.93,-1,-1,-1,-1
359,15,194.57,205.94,364.26,845.37,-1,-1,-1,-1
359,17,1195.99,166.59,194.53,637.87,-1,-1,-1,-1
360,11,1442.83,88.53,416.00,972.08,-1,-1,-1,-1
360,13,764.61,238.18,246.33,551.17,-1,-1,-1,-1
360,14,137.47,218.05,167.92,603.42,-1,-1,-1,-1
360,15,199.32,203.08,344.92,859.09,-1,-1,-1,-1
360,17,1162.72,156.02,193.13,644.57,-1,-1,-1,-1
361,11,1448.47,94.03,400.46,954.09,-1,-1,-1,-1
361,13,761.12,236.82,220.89,558.12,-1,-1,-1,-1
361,14,131.96,207.80,177.80,629.57,-1,-1,-1,-1
361,15,202.72,200.34,337.16,862.28,-1,-1,-1,-1
361,17,1121.07,159.48,213.09,634.40,-1,-1,-1,-1
362,11,1451.73,103.68,391.70,942.59,-1,-1,-1,-1
362,13,759.15,233.85,188.53,566.21,-1,-1,-1,-1
362,14,127.41,202.08,184.26,652.80,-1,-1,-1,-1
362,15,206.22,199.71,333.15,863.27,-1,-1,-1,-1
362,17,1084.47,159.04,241.81,629.34,-1,-1,-1,-1
363,11,1462.25,112.56,373.02,931.45,-1,-1,-1,-1
363,13,751.05,225.64,164.29,576.03,-1,-1,-1,-1
363,14,123.02,188.01,191.88,716.26,-1,-1,-1,-1
363,15,216.63,197.38,324.24,869.48,-1,-1,-1,-1
363,17,1052.24,161.34,269.18,626.62,-1,-1,-1,-1
364,11,1471.72,115.66,364.25,915.07,-1,-1,-1,-1
364,13,733.08,228.78,154.56,568.65,-1,-1,-1,-1
364,14,116.64,189.94,204.49,726.37,-1,-1,-1,-1
364,15,220.25,196.26,324.37,871.70,-1,-1,-1,-1
364,17,1039.00,162.57,278.31,627.65,-1,-1,-1,-1
365,11,1480.88,118.98,356.70,904.35,-1,-1,-1,-1
365,13,708.38,228.42,164.90,570.91,-1,-1,-1,-1
365,14,113.24,188.64,211.85,736.19,-1,-1,-1,-1
365,15,225.16,193.07,324.10,878.93,-1,-1,-1,-1
365,17,1041.50,174.69,262.87,620.26,-1,-1,-1,-1
366,11,1479.75,119.73,361.19,900.76,-1,-1,-1,-1
366,13,673.77,231.70,195.24,566.78,-1,-1,-1,-1
366,14,112.41,195.38,209.08,721.00,-1,-1,-1,-1
366,15,228.23,189.06,328.50,883.18,-1,-1,-1,-1
366,17,1047.55,177.96,222.70,613.97,-1,-1,-1,-1
367,11,1487.26,125.44,356.14,887.85,-1,-1,-1,-1
367,13,633.95,232.63,235.60,567.14,-1,-1,-1,-1
367,14,116.74,200.83,208.58,686.27,-1,-1,-1,-1
367,15,231.90,179.23,339.07,896.91,-1,-1,-1,-1
367,17,1040.29,191.85,193.82,586.55,-1,-1,-1,-1
368,11,1492.18,135.39,341.65,855.71,-1,-1,-1,-1
368,13,607.09,233.54,257.01,573.23,-1,-1,-1,-1
368,14,123.60,206.15,204.80,693.01,-1,-1,-1,-1
368,15,232.64,176.86,344.44,898.56,-1,-1,-1,-1
368,17,1017.08,195.06,181.34,578.52,-1,-1,-1,-1
369,11,1494.52,140.28,326.60,836.50,-1,-1,-1,-1
369,13,588.68,235.32,269.00,578.66,-1,-1,-1,-1
369,14,130.28,225.03,197.47,672.42,-1,-1,-1,-1
369,15,241.82,158.13,335.79,924.29,-1,-1,-1,-1
369,17,987.61,190.42,192.67,585.59,-1,-1,-1,-1
370,11,1493.44,143.21,305.87,819.82,-1,-1,-1,-1
370,13,583.78,233.92,261.65,585.15,-1,-1,-1,-1
370,14,133.10,212.36,211.12,704.95,-1,-1,-1,-1
370,15,245.08,145.02,348.98,938.63,-1,-1,-1,-1
370,17,958.09,188.13,210.39,589.93,-1,-1,-1,-1
371,11,1489.14,151.52,289.13,796.19,-1,-1,-1,-1
371,13,586.25,230.64,237.64,586.47,-1,-1,-1,-1
371,14,137.61,196.40,225.11,735.15,-1,-1,-1,-1
371,15,257.41,138.65,358.21,938.03,-1,-1,-1,-1
371,17,924.09,188.64,239.21,593.66,-1,-1,-1,-1
372,11,1480.26,152.43,272.58,784.41,-1,-1,-1,-1
372,13,579.64,234.28,219.00,579.93,-1,-1,-1,-1
372,14,146.01,177.85,227.70,749.49,-1,-1,-1,-1
372,15,268.65,137.74,377.51,931.13,-1,-1,-1,-1
372,17,909.43,191.61,249.27,592.04,-1,-1,-1,-1
373,11,1470.01,157.47,260.84,774.30,-1,-1,-1,-1
373,13,573.42,229.47,190.05,585.17,-1,-1,-1,-1
373,14,149.46,167.07,254.71,783.49,-1,-1,-1,-1
373,15,298.48,131.59,365.69,939.72,-1,-1,-1,-1
373,17,907.17,187.00,244.41,599.14,-1,-1,-1,-1
374,11,1455.57,159.57,258.84,760.68,-1,-1,-1,-1
374,13,565.55,223.07,169.65,595.98,-1,-1,-1,-1
374,14,156.77,156.48,262.87,824.30,-1,-1,-1,-1
374,15,325.93,128.11,356.37,943.49,-1,-1,-1,-1
374,17,912.51,178.92,213.51,608.50,-1,-1,-1,-1
375,11,1437.07,162.74,254.89,746.10,-1,-1,-1,-1
375,13,548.39,220.62,171.23,601.54,-1,-1,-1,-1
375,14,157.53,153.83,285.96,859.23,-1,-1,-1,-1
375,15,355.93,153.62,351.60,908.13,-1,-1,-1,-1
375,17,907.52,184.78,191.75,596.11,-1,-1,-1,-1
376,11,1426.72,166.67,245.23,740.92,-1,-1,-1,-1
376,13,531.24,218.17,172.81,607.10,-1,-1,-1,-1
376,14,163.98,152.98,310.59,880.28,-1,-1,-1,-1
376,15,385.43,145.95,338.80,905.25,-1,-1,-1,-1
376,17,885.75,180.50,189.57,605.65,-1,-1,-1,-1
377,11,1410.51,170.18,245.11,728.17,-1,-1,-1,-1
377,13,514.08,215.72,174.39,612.66,-1,-1,-1,-1
377,14,176.91,158.82,314.56,885.74,-1,-1,-1,-1
377,15,419.92,135.65,329.17,922.97,-1,-1,-1,-1
377,17,861.12,179.49,180.94,607.19,-1,-1,-1,-1
378,11,1394.23,166.64,246.28,722.80,-1,-1,-1,-1
378,13,496.92,213.27,175.98,618.22,-1,-1,-1,-1
378,14,185.38,167.47,330.55,888.42,-1,-1,-1,-1
378,15,458.05,109.47,316.38,964.70,-1,-1,-1,-1
378,17,826.67,181.30,201.71,604.06,-1,-1,-1,-1
379,11,1381.81,170.50,245.04,710.04,-1,-1,-1,-1
379,13,486.62,229.47,144.47,585.78,-1,-1,-1,-1
379,14,189.20,163.17,344.00,912.08,-1,-1,-1,-1
379,15,485.66,130.95,320.44,931.34,-1,-1,-1,-1
379,17,791.36,181.97,225.21,604.52,-1,-1,-1,-1
380,11,1361.44,176.57,249.24,694.94,-1,-1,-1,-1
380,13,470.00,219.49,152.50,632.00,-1,-1,-1,-1
380,14,193.63,156.78,350.26,921.09,-1,-1,-1,-1
380,15,536.26,118.61,297.47,916.98,-1,-1,-1,-1
380,17,783.30,184.98,221.81,597.69,-1,-1,-1,-1
381,11,1349.09,179.95,239.63,682.47,-1,-1,-1,-1
381,13,458.92,222.17,166.78,625.22,-1,-1,-1,-1
381,14,199.47,153.89,353.07,923.54,-1,-1,-1,-1
381,15,579.98,113.15,302.77,936.82,-1,-1,-1,-1
381,17,789.67,193.36,206.99,594.91,-1,-1,-1,-1
382,11,1346.19,183.75,226.15,662.48,-1,-1,-1,-1
382,13,458.43,222.66,163.05,612.76,-1,-1,-1,-1
382,14,203.84,147.67,354.65,924.52,-1,-1,-1,-1
382,15,612.80,109.05,322.15,950.67,-1,-1,-1,-1
382,17,747.14,157.06,244.08,639.88,-1,-1,-1,-1
383,11,1343.20,181.49,212.56,655.58,-1,-1,-1,-1
383,13,459.43,227.55,150.61,556.09,-1,-1,-1,-1
383,14,202.43,132.97,384.28,941.99,-1,-1,-1,-1
383,15,649.61,123.59,342.32,923.82,-1,-1,-1,-1
383,17,726.87,147.21,250.72,657.28,-1,-1,-1,-1
384,11,1328.81,177.18,210.83,661.60,-1,-1,-1,-1
384,13,451.53,232.49,148.11,522.76,-1,-1,-1,-1
384,14,211.59,127.85,384.87,952.08,-1,-1,-1,-1
384,15,672.27,126.79,402.52,930.67,-1,-1,-1,-1
384,17,706.61,137.35,257.36,674.68,-1,-1,-1,-1
385,11,1314.64,171.14,208.92,666.30,-1,-1,-1,-1
385,13,443.84,242.56,139.98,494.07,-1,-1,-1,-1
385,14,219.78,127.07,389.14,955.27,-1,-1,-1,-1
385,15,722.66,138.89,400.34,923.50,-1,-1,-1,-1
385,17,686.35,127.49,264.00,692.09,-1,-1,-1,-1
386,11,1292.51,169.43,220.12,665.49,-1,-1,-1,-1
386,13,436.16,252.64,131.85,465.38,-1,-1,-1,-1
386,14,227.52,128.10,388.19,952.24,-1,-1,-1,-1
386,15,760.29,141.69,398.83,919.98,-1,-1,-1,-1
386,17,666.09,117.63,270.65,709.49,-1,-1,-1,-1
387,11,1263.38,178.60,241.30,649.50,-1,-1,-1,-1
387,13,428.48,262.71,123.73,436.69,-1,-1,-1,-1
387,14,247.41,126.22,385.46,950.27,-1,-1,-1,-1
387,15,835.56,113.30,301.23,941.04,-1,-1,-1,-1
388,11,1236.87,177.21,268.58,648.73,-1,-1,-1,-1
388,13,420.79,272.78,115.60,408.00,-1,-1,-1,-1
388,14,271.26,126.55,383.95,944.55,-1,-1,-1,-1
388,15,872.20,98.86,296.75,963.01,-1,-1,-1,-1
388,17,659.57,186.42,219.89,605.86,-1,-1,-1,-1
389,11,1226.13,183.36,271.72,640.50,-1,-1,-1,-1
389,14,292.44,117.82,384.15,950.77,-1,-1,-1,-1
389,15,915.85,91.68,300.74,972.12,-1,-1,-1,-1
389,17,645.17,198.94,229.66,592.59,-1,-1,-1,-1
390,11,1226.37,160.18,244.61,678.64,-1,-1,-1,-1
390,14,312.79,109.61,384.60,958.94,-1,-1,-1,-1
390,15,961.32,78.33,317.70,994.80,-1,-1,-1,-1
390,17,648.27,200.31,218.48,594.52,-1,-1,-1,-1
391,11,1216.33,175.20,253.58,647.04,-1,-1,-1,-1
391,14,324.79,103.65,389.08,957.41,-1,-1,-1,-1
391,15,989.69,89.55,383.00,969.18,-1,-1,-1,-1
391,17,635.33,200.81,223.71,585.33,-1,-1,-1,-1
392,11,1205.15,176.19,251.32,641.26,-1,-1,-1,-1
392,14,348.52,109.82,396.64,955.31,-1,-1,-1,-1
392,15,1024.78,86.83,391.59,969.00,-1,-1,-1,-1
392,17,631.13,197.53,197.71,571.27,-1,-1,-1,-1
393,11,1193.97,177.18,249.07,635.48,-1,-1,-1,-1
393,14,393.07,110.41,370.95,955.54,-1,-1,-1,-1
393,15,1033.45,103.80,519.93,923.99,-1,-1,-1,-1
393,17,618.84,201.40,194.27,561.32,-1,-1,-1,-1
394,11,1182.79,178.17,246.81,629.70,-1,-1,-1,-1
394,14,416.31,92.68,375.26,976.68,-1,-1,-1,-1
394,15,1085.22,111.00,508.98,904.46,-1,-1,-1,-1
394,17,606.55,205.28,190.82,551.37,-1,-1,-1,-1
395,11,1171.61,179.16,244.55,623.92,-1,-1,-1,-1
395,14,446.25,86.22,372.25,989.00,-1,-1,-1,-1
395,15,1102.62,92.24,538.83,968.01,-1,-1,-1,-1
395,17,594.26,209.15,187.38,541.43,-1,-1,-1,-1
395,21,232.74,192.30,267.90,769.44,-1,-1,-1,-1
396,14,475.76,80.16,360.10,994.43,-1,-1,-1,-1
396,15,1132.70,93.90,517.48,977.35,-1,-1,-1,-1
396,17,581.97,213.03,183.94,531.48,-1,-1,-1,-1
396,21,216.78,193.71,284.40,778.67,-1,-1,-1,-1
397,14,502.62,86.36,348.18,988.48,-1,-1,-1,-1
397,15,1149.75,98.14,497.74,973.27,-1,-1,-1,-1
397,21,208.50,193.77,288.97,796.75,-1,-1,-1,-1
398,14,511.06,80.97,359.46,987.28,-1,-1,-1,-1
398,15,1198.93,108.12,433.15,965.27,-1,-1,-1,-1
398,21,203.10,193.45,290.91,827.96,-1,-1,-1,-1
399,14,544.05,78.04,343.87,989.89,-1,-1,-1,-1
399,15,1239.09,97.51,398.21,980.25,-1,-1,-1,-1
399,21,190.90,188.03,299.45,861.31,-1,-1,-1,-1
400,14,581.27,75.01,336.42,992.46,-1,-1,-1,-1
400,15,1274.69,106.00,370.91,970.03,-1,-1,-1,-1
400,21,182.80,188.23,300.61,869.61,-1,-1,-1,-1
401,14,613.23,80.92,345.41,985.90,-1,-1,-1,-1
401,15,1297.85,103.09,380.34,976.29,-1,-1,-1,-1
401,21,177.00,193.93,298.97,862.77,-1,-1,-1,-1
402,14,657.54,76.39,355.13,986.91,-1,-1,-1,-1
402,15,1319.89,109.34,376.26,968.93,-1,-1,-1,-1
402,21,172.64,196.25,294.41,858.79,-1,-1,-1,-1
402,23,442.98,183.84,219.14,646.33,-1,-1,-1,-1
403,14,705.64,127.89,343.94,927.07,-1,-1,-1,-1
403,15,1345.17,119.36,360.75,953.30,-1,-1,-1,-1
403,21,160.79,193.81,301.18,859.16,-1,-1,-1,-1
403,23,427.41,187.00,198.60,637.70,-1,-1,-1,-1
404,14,755.37,159.71,334.61,888.85,-1,-1,-1,-1
404,15,1368.62,122.57,360.24,952.71,-1,-1,-1,-1
404,21,152.60,177.08,302.72,890.23,-1,-1,-1,-1
404,23,403.36,182.55,194.85,645.30,-1,-1,-1,-1
405,14,781.48,103.16,362.74,966.64,-1,-1,-1,-1
405,15,1391.00,129.57,361.64,947.45,-1,-1,-1,-1
405,21,147.06,171.97,305.18,899.61,-1,-1,-1,-1
405,23,388.57,184.40,200.86,649.63,-1,-1,-1,-1
405,24,989.70,202.80,205.03,560.49,-1,-1,-1,-1
406,14,811.51,86.34,374.95,985.34,-1,-1,-1,-1
406,15,1410.07,120.52,362.50,954.91,-1,-1,-1,-1
406,21,141.91,159.17,312.31,922.97,-1,-1,-1,-1
406,23,370.28,190.84,223.91,648.99,-1,-1,-1,-1
406,24,981.26,199.52,205.69,562.29,-1,-1,-1,-1
407,14,844.35,69.08,367.12,1008.80,-1,-1,-1,-1
407,15,1414.09,121.05,373.64,946.87,-1,-1,-1,-1
407,21,133.25,159.08,322.05,925.98,-1,-1,-1,-1
407,23,356.39,194.41,243.63,649.94,-1,-1,-1,-1
407,24,972.81,196.23,206.35,564.09,-1,-1,-1,-1
408,14,874.66,74.43,363.86,1001.02,-1,-1,-1,-1
408,15,1414.93,122.79,379.70,937.94,-1,-1,-1,-1
408,21,130.97,161.47,320.73,923.29,-1,-1,-1,-1
408,23,349.13,191.33,241.72,651.73,-1,-1,-1,-1
408,24,964.36,192.94,207.01,565.89,-1,-1,-1,-1
409,14,891.71,77.38,368.28,990.36,-1,-1,-1,-1
409,15,1412.84,131.85,385.53,926.12,-1,-1,-1,-1
409,21,121.93,163.27,338.82,920.63,-1,-1,-1,-1
409,23,342.99,199.70,235.70,624.57,-1,-1,-1,-1
409,24,955.92,189.66,207.67,567.69,-1,-1,-1,-1
410,14,929.06,66.18,362.68,1009.63,-1,-1,-1,-1
410,15,1410.80,140.13,382.60,912.86,-1,-1,-1,-1
410,21,117.18,168.92,348.27,913.34,-1,-1,-1,-1
410,23,341.68,199.32,198.05,602.93,-1,-1,-1,-1
411,14,943.10,49.84,396.99,1024.87,-1,-1,-1,-1
411,15,1419.45,149.99,362.50,891.40,-1,-1,-1,-1
411,21,114.97,180.27,358.10,894.31,-1,-1,-1,-1
411,23,332.98,205.26,193.06,587.73,-1,-1,-1,-1
412,14,992.02,62.48,402.45,1005.10,-1,-1,-1,-1
412,15,1421.76,133.02,348.78,922.76,-1,-1,-1,-1
412,21,110.87,179.41,362.32,889.18,-1,-1,-1,-1
412,23,324.28,211.20,188.07,572.53,-1,-1,-1,-1
413,14,1045.86,69.62,396.39,986.22,-1,-1,-1,-1
413,15,1433.29,142.16,326.70,898.58,-1,-1,-1,-1
413,21,108.15,168.36,374.01,904.26,-1,-1,-1,-1
413,23,315.58,217.14,183.08,557.33,-1,-1,-1,-1
414,14,1108.35,72.79,394.67,985.12,-1,-1,-1,-1
414,15,1441.25,154.22,298.98,857.43,-1,-1,-1,-1
414,21,110.40,143.51,384.12,934.06,-1,-1,-1,-1
414,23,306.89,223.08,178.09,542.14,-1,-1,-1,-1
414,25,781.25,236.53,197.29,535.39,-1,-1,-1,-1
415,14,1146.88,86.03,393.74,972.41,-1,-1,-1,-1
415,15,1443.46,154.85,281.52,841.93,-1,-1,-1,-1
415,21,123.19,128.97,383.84,948.61,-1,-1,-1,-1
415,25,757.17,225.63,186.86,554.08,-1,-1,-1,-1
416,14,1183.17,92.53,386.44,970.75,-1,-1,-1,-1
416,15,1455.75,159.43,256.10,820.54,-1,-1,-1,-1
416,21,138.02,119.41,386.41,949.29,-1,-1,-1,-1
416,25,728.70,236.22,188.45,539.03,-1,-1,-1,-1
417,14,1221.86,87.41,370.30,979.96,-1,-1,-1,-1
417,15,1468.37,157.72,234.03,809.75,-1,-1,-1,-1
417,21,147.37,118.13,392.79,949.38,-1,-1,-1,-1
417,25,687.90,227.71,218.65,548.25,-1,-1,-1,-1
418,14,1241.74,80.22,404.86,991.90,-1,-1,-1,-1
418,15,1493.82,181.99,202.13,690.18,-1,-1,-1,-1
418,21,169.30,132.75,384.82,930.19,-1,-1,-1,-1
418,25,651.87,225.16,245.00,555.76,-1,-1,-1,-1
419,14,1278.36,88.19,410.76,981.19,-1,-1,-1,-1
419,15,1506.64,203.45,184.43,629.75,-1,-1,-1,-1
419,21,207.74,125.47,356.70,943.93,-1,-1,-1,-1
419,25,623.83,230.76,257.85,553.81,-1,-1,-1,-1
420,14,1311.84,87.31,416.79,983.78,-1,-1,-1,-1
420,15,1519.45,224.92,166.73,569.31,-1,-1,-1,-1
420,21,240.68,119.47,351.63,948.74,-1,-1,-1,-1
420,25,593.75,234.22,271.30,556.31,-1,-1,-1,-1
421,14,1337.49,89.77,457.33,979.79,-1,-1,-1,-1
421,15,1532.27,246.38,149.02,508.87,-1,-1,-1,-1
421,21,270.67,107.71,345.99,963.54,-1,-1,-1,-1
421,25,596.78,223.02,246.60,577.52,-1,-1,-1,-1
422,14,1365.67,91.86,460.28,977.70,-1,-1,-1,-1
422,15,1545.09,267.84,131.32,448.44,-1,-1,-1,-1
422,21,299.56,104.66,363.53,957.77,-1,-1,-1,-1
422,25,574.63,219.54,250.92,587.63,-1,-1,-1,-1
422,27,49.60,133.98,310.99,876.05,-1,-1,-1,-1
423,14,1390.80,95.57,458.83,979.06,-1,-1,-1,-1
423,21,316.14,95.55,396.97,965.44,-1,-1,-1,-1
423,25,552.48,216.05,255.24,597.73,-1,-1,-1,-1
423,27,39.45,137.39,328.82,884.91,-1,-1,-1,-1
424,14,1403.47,114.88,473.56,948.90,-1,-1,-1,-1
424,21,339.87,95.25,437.73,956.24,-1,-1,-1,-1
424,25,530.33,212.57,259.56,607.83,-1,-1,-1,-1
424,27,40.12,129.94,338.36,907.83,-1,-1,-1,-1
425,14,1412.41,103.92,472.45,964.37,-1,-1,-1,-1
425,21,377.73,82.46,461.63,978.24,-1,-1,-1,-1
425,25,508.19,209.09,263.88,617.93,-1,-1,-1,-1
425,27,34.89,129.93,353.91,914.05,-1,-1,-1,-1
426,14,1415.20,108.12,462.33,955.11,-1,-1,-1,-1
426,21,421.46,59.78,454.51,1007.07,-1,-1,-1,-1
426,27,34.02,126.40,359.72,916.30,-1,-1,-1,-1
427,14,1417.34,98.90,452.41,962.28,-1,-1,-1,-1
427,21,467.83,84.61,444.02,978.54,-1,-1,-1,-1
427,27,38.14,122.66,359.90,924.10,-1,-1,-1,-1
428,14,1426.16,96.14,434.80,969.35,-1,-1,-1,-1
428,21,500.79,91.77,431.32,978.57,-1,-1,-1,-1
428,27,46.09,110.35,360.86,949.23,-1,-1,-1,-1
429,14,1422.97,99.37,437.21,968.33,-1,-1,-1,-1
429,21,533.89,87.80,399.13,986.35,-1,-1,-1,-1
429,27,50.03,108.46,363.71,953.32,-1,-1,-1,-1
430,14,1439.60,113.86,411.56,936.57,-1,-1,-1,-1
430,21,603.39,64.39,335.72,1011.11,-1,-1,-1,-1
430,27,51.70,100.70,367.32,967.57,-1,-1,-1,-1
431,14,1447.13,122.52,397.04,918.67,-1,-1,-1,-1
431,21,655.26,48.43,314.42,1023.49,-1,-1,-1,-1
431,25,417.32,222.91,211.50,604.24,-1,-1,-1,-1
431,27,45.55,93.23,377.42,982.86,-1,-1,-1,-1
431,30,1315.92,203.73,206.21,642.96,-1,-1,-1,-1
432,14,1459.08,139.57,384.83,895.45,-1,-1,-1,-1
432,21,706.25,45.83,316.80,1019.11,-1,-1,-1,-1
432,25,402.89,218.09,217.38,620.69,-1,-1,-1,-1
432,27,42.28,90.73,389.18,988.13,-1,-1,-1,-1
432,30,1291.89,207.19,205.10,634.04,-1,-1,-1,-1
433,14,1468.12,150.40,375.39,879.11,-1,-1,-1,-1
433,21,753.29,32.62,346.31,1034.72,-1,-1,-1,-1
433,25,390.29,215.63,219.74,633.02,-1,-1,-1,-1
433,27,37.84,82.97,402.95,998.90,-1,-1,-1,-1
433,30,1259.92,208.88,213.41,633.46,-1,-1,-1,-1
434,14,1474.66,156.36,362.46,866.85,-1,-1,-1,-1
434,21,790.48,37.74,394.74,1028.96,-1,-1,-1,-1
434,25,378.49,212.11,224.73,649.81,-1,-1,-1,-1
434,27,29.23,72.53,419.86,1008.34,-1,-1,-1,-1
434,30,1230.69,209.99,226.47,628.93,-1,-1,-1,-1
435,14,1477.87,152.02,355.22,851.14,-1,-1,-1,-1
435,21,835.89,47.99,410.00,1014.59,-1,-1,-1,-1
435,25,369.90,220.96,223.14,616.29,-1,-1,-1,-1
435,27,24.16,69.39,438.46,1012.74,-1,-1,-1,-1
435,30,1204.75,215.53,245.19,625.74,-1,-1,-1,-1
436,14,1475.10,152.70,349.56,819.06,-1,-1,-1,-1
436,21,875.53,51.31,452.78,1014.75,-1,-1,-1,-1
436,25,368.56,220.39,216.66,621.19,-1,-1,-1,-1
436,27,20.06,65.75,459.98,1009.86,-1,-1,-1,-1
436,30,1191.92,227.79,249.07,596.00,-1,-1,-1,-1
437,14,1475.73,151.21,335.40,808.44,-1,-1,-1,-1
437,21,919.37,50.03,464.61,1023.13,-1,-1,-1,-1
437,25,365.50,223.31,199.80,603.28,-1,-1,-1,-1
437,27,17.78,68.89,482.39,1001.56,-1,-1,-1,-1
437,30,1200.26,232.69,198.67,562.55,-1,-1,-1,-1
438,14,1469.95,145.68,329.43,800.73,-1,-1,-1,-1
438,21,961.59,76.14,453.01,994.64,-1,-1,-1,-1
438,25,358.78,230.74,182.33,538.99,-1,-1,-1,-1
438,27,30.96,66.02,471.92,1001.33,-1,-1,-1,-1
438,30,1209.90,240.59,162.37,508.25,-1,-1,-1,-1
439,14,1468.31,149.59,317.23,778.24,-1,-1,-1,-1
439,21,996.40,88.65,436.04,972.26,-1,-1,-1,-1
439,25,350.42,242.93,171.40,506.70,-1,-1,-1,-1
439,27,53.90,63.53,453.34,1000.19,-1,-1,-1,-1
439,30,1202.00,253.76,150.78,471.95,-1,-1,-1,-1
440,14,1463.29,148.58,304.35,784.12,-1,-1,-1,-1
440,21,1036.54,78.84,406.74,988.32,-1,-1,-1,-1
440,25,342.05,255.12,160.48,474.41,-1,-1,-1,-1
440,27,78.95,53.05,436.10,1011.87,-1,-1,-1,-1
440,30,1194.09,266.94,139.18,435.65,-1,-1,-1,-1
441,14,1459.49,151.48,291.09,784.63,-1,-1,-1,-1
441,21,1074.67,63.72,394.48,1001.84,-1,-1,-1,-1
441,25,333.69,267.31,149.56,442.12,-1,-1,-1,-1
441,27,107.88,44.61,409.69,1020.03,-1,-1,-1,-1
441,30,1186.19,280.11,127.59,399.35,-1,-1,-1,-1
442,14,1455.69,162.26,274.65,758.20,-1,-1,-1,-1
442,21,1104.25,74.59,393.01,993.51,-1,-1,-1,-1
442,25,325.33,279.50,138.63,409.84,-1,-1,-1,-1
442,27,139.00,27.58,389.08,1043.38,-1,-1,-1,-1
442,30,1178.29,293.28,115.99,363.05,-1,-1,-1,-1
443,14,1457.45,171.76,249.85,714.10,-1,-1,-1,-1
443,21,1134.81,71.11,400.61,997.78,-1,-1,-1,-1
443,27,179.60,14.27,367.13,1062.65,-1,-1,-1,-1
444,14,1465.36,174.47,216.66,657.50,-1,-1,-1,-1
444,21,1128.97,72.20,459.05,997.75,-1,-1,-1,-1
444,27,209.03,9.74,365.44,1058.04,-1,-1,-1,-1
445,14,1459.09,176.11,195.72,619.15,-1,-1,-1,-1
445,21,1163.66,83.62,453.22,982.28,-1,-1,-1,-1
445,27,220.60,8.96,394.18,1047.83,-1,-1,-1,-1
446,14,1457.32,186.21,183.40,580.18,-1,-1,-1,-1
446,21,1201.06,94.40,445.86,977.57,-1,-1,-1,-1
446,27,237.33,5.15,394.19,1047.82,-1,-1,-1,-1
447,14,1455.55,196.32,171.08,541.20,-1,-1,-1,-1
447,21,1240.77,86.66,435.11,983.82,-1,-1,-1,-1
447,27,254.07,1.33,394.20,1047.81,-1,-1,-1,-1
448,14,1453.78,206.42,158.76,502.22,-1,-1,-1,-1
448,21,1278.27,82.53,424.07,994.52,-1,-1,-1,-1
448,27,270.80,-2.48,394.20,1047.81,-1,-1,-1,-1
448,32,1030.45,226.19,180.36,556.93,-1,-1,-1,-1
449,14,1452.01,216.52,146.44,463.25,-1,-1,-1,-1
449,21,1307.97,88.42,420.53,984.24,-1,-1,-1,-1
449,27,287.53,-6.29,394.21,1047.80,-1,-1,-1,-1
449,32,1008.48,225.37,171.31,554.79,-1,-1,-1,-1
450,21,1330.33,82.87,429.52,995.20,-1,-1,-1,-1
450,32,989.20,222.84,157.91,561.03,-1,-1,-1,-1
451,21,1343.13,92.12,440.58,986.50,-1,-1,-1,-1
451,32,946.36,228.18,194.68,552.58,-1,-1,-1,-1
451,34,102.48,169.88,346.25,845.44,-1,-1,-1,-1
452,21,1362.73,98.83,439.01,975.12,-1,-1,-1,-1
452,32,907.70,234.69,228.15,544.49,-1,-1,-1,-1
452,34,110.57,176.22,337.36,845.87,-1,-1,-1,-1
453,21,1392.98,99.72,421.91,971.44,-1,-1,-1,-1
453,32,877.66,242.36,251.63,533.22,-1,-1,-1,-1
453,34,118.96,173.84,332.69,853.36,-1,-1,-1,-1
454,21,1424.01,106.23,396.24,956.27,-1,-1,-1,-1
454,32,867.92,244.02,239.66,539.83,-1,-1,-1,-1
454,34,131.02,166.83,327.05,867.68,-1,-1,-1,-1
454,35,562.27,20.02,454.27,1044.81,-1,-1,-1,-1
455,21,1443.82,128.95,381.02,934.09,-1,-1,-1,-1
455,32,851.58,244.34,239.13,538.64,-1,-1,-1,-1
455,34,135.48,160.14,338.18,876.97,-1,-1,-1,-1
455,35,590.44,24.56,452.94,1041.77,-1,-1,-1,-1
456,21,1466.54,128.51,365.51,938.44,-1,-1,-1,-1
456,32,835.25,244.65,238.61,537.44,-1,-1,-1,-1
456,34,145.73,151.76,343.25,894.73,-1,-1,-1,-1
456,35,639.78,138.95,515.23,921.27,-1,-1,-1,-1
456,36,1245.97,191.51,203.68,617.76,-1,-1,-1,-1
457,21,1477.31,124.25,361.00,947.57,-1,-1,-1,-1
457,32,818.91,244.97,238.08,536.25,-1,-1,-1,-1
457,34,151.55,143.57,352.70,914.24,-1,-1,-1,-1
457,35,690.44,174.38,490.75,877.49,-1,-1,-1,-1
457,36,1224.14,203.23,218.07,591.29,-1,-1,-1,-1
458,21,1485.78,121.72,360.68,956.30,-1,-1,-1,-1
458,32,802.58,245.28,237.56,535.06,-1,-1,-1,-1
458,34,157.88,132.43,359.83,933.87,-1,-1,-1,-1
458,35,711.68,53.81,511.01,1007.60,-1,-1,-1,-1
458,36,1209.46,200.01,225.43,594.32,-1,-1,-1,-1
459,21,1496.37,129.80,350.22,936.76,-1,-1,-1,-1
459,34,164.24,128.03,361.66,944.98,-1,-1,-1,-1
459,35,766.69,67.47,458.05,980.75,-1,-1,-1,-1
459,36,1197.25,200.04,230.45,597.06,-1,-1,-1,-1
460,21,1506.32,130.21,343.85,925.47,-1,-1,-1,-1
460,34,163.77,134.24,371.20,936.30,-1,-1,-1,-1
460,35,790.60,35.95,422.20,1021.31,-1,-1,-1,-1
460,36,1173.39,207.27,253.27,586.84,-1,-1,-1,-1
461,21,1512.67,138.32,341.24,908.78,-1,-1,-1,-1
461,34,169.67,127.08,370.92,951.07,-1,-1,-1,-1
461,35,811.08,13.24,413.61,1050.20,-1,-1,-1,-1
461,36,1158.92,204.83,251.32,592.98,-1,-1,-1,-1
462,21,1512.06,134.36,345.00,926.28,-1,-1,-1,-1
462,32,703.35,234.70,242.05,579.78,-1,-1,-1,-1
462,34,173.46,123.85,371.14,948.94,-1,-1,-1,-1
462,35,859.37,1.11,415.68,1066.25,-1,-1,-1,-1
462,36,1157.01,208.68,215.62,579.19,-1,-1,-1,-1
463,21,1514.12,143.32,342.08,905.42,-1,-1,-1,-1
463,32,687.77,234.15,225.12,592.29,-1,-1,-1,-1
463,34,177.92,114.02,371.33,954.02,-1,-1,-1,-1
463,35,914.97,-2.23,413.86,1068.57,-1,-1,-1,-1
463,36,1143.94,210.96,213.43,573.30,-1,-1,-1,-1
464,21,1515.16,148.67,341.41,898.33,-1,-1,-1,-1
464,32,682.37,236.19,192.86,585.86,-1,-1,-1,-1
464,34,175.67,107.67,394.20,954.70,-1,-1,-1,-1
464,35,961.73,17.19,422.94,1044.45,-1,-1,-1,-1
464,36,1130.87,213.24,211.24,567.42,-1,-1,-1,-1
465,21,1517.27,154.50,332.64,887.92,-1,-1,-1,-1
465,32,673.85,237.79,168.52,586.59,-1,-1,-1,-1
465,34,173.95,98.19,421.48,971.75,-1,-1,-1,-1
465,35,1011.87,75.86,414.95,979.42,-1,-1,-1,-1
465,36,1117.80,215.52,209.05,561.53,-1,-1,-1,-1
466,21,1518.06,160.36,321.30,872.73,-1,-1,-1,-1
466,32,651.36,243.10,170.73,580.69,-1,-1,-1,-1
466,34,181.53,94.43,433.69,978.09,-1,-1,-1,-1
466,35,1053.61,32.67,393.46,1037.91,-1,-1,-1,-1
466,36,1104.73,217.80,206.86,555.64,-1,-1,-1,-1
467,21,1513.32,170.75,314.53,842.10,-1,-1,-1,-1
467,32,617.61,232.93,191.55,597.00,-1,-1,-1,-1
467,34,204.81,91.64,424.59,981.07,-1,-1,-1,-1
467,35,1062.44,17.72,427.15,1057.27,-1,-1,-1,-1
468,21,1508.91,169.69,305.37,824.22,-1,-1,-1,-1
468,32,586.89,234.00,210.41,598.09,-1,-1,-1,-1
468,34,232.66,108.28,406.03,960.67,-1,-1,-1,-1
468,35,1094.38,17.12,430.83,1061.20,-1,-1,-1,-1
469,21,1506.63,170.03,292.83,795.89,-1,-1,-1,-1
469,32,573.40,234.51,217.33,600.77,-1,-1,-1,-1
469,34,256.90,105.39,392.39,964.76,-1,-1,-1,-1
469,35,1138.46,6.90,405.69,1071.05,-1,-1,-1,-1
469,36,1002.41,222.78,237.38,552.74,-1,-1,-1,-1
470,21,1514.80,169.76,264.18,752.95,-1,-1,-1,-1
470,32,575.18,275.02,212.68,550.13,-1,-1,-1,-1
470,34,284.58,107.80,388.23,957.84,-1,-1,-1,-1
470,35,1174.04,6.40,425.49,1057.72,-1,-1,-1,-1
470,36,978.19,226.22,243.55,553.31,-1,-1,-1,-1
471,21,1526.19,165.81,231.77,735.92,-1,-1,-1,-1
471,32,572.25,256.04,209.45,577.37,-1,-1,-1,-1
471,34,313.75,112.61,402.57,953.27,-1,-1,-1,-1
471,35,1198.31,9.40,448.90,1038.73,-1,-1,-1,-1
471,36,968.15,225.26,221.90,555.44,-1,-1,-1,-1
472,21,1530.94,167.19,204.77,736.22,-1,-1,-1,-1
472,32,557.33,257.60,209.68,578.02,-1,-1,-1,-1
472,34,345.54,83.86,390.01,982.06,-1,-1,-1,-1
472,35,1203.89,4.82,487.02,1045.76,-1,-1,-1,-1
472,36,943.98,225.32,202.72,554.20,-1,-1,-1,-1
473,21,1529.94,168.16,200.83,722.08,-1,-1,-1,-1
473,32,542.41,259.15,209.91,578.66,-1,-1,-1,-1
473,34,379.24,77.90,381.72,982.41,-1,-1,-1,-1
473,35,1207.03,11.99,509.17,1031.20,-1,-1,-1,-1
473,36,923.30,237.22,185.15,541.80,-1,-1,-1,-1
474,21,1528.94,169.13,196.89,707.94,-1,-1,-1,-1
474,32,527.50,260.71,210.14,579.30,-1,-1,-1,-1
474,34,411.42,71.83,392.19,999.80,-1,-1,-1,-1
474,35,1231.81,23.14,507.99,1024.14,-1,-1,-1,-1
474,36,893.19,236.73,199.53,544.06,-1,-1,-1,-1
475,21,1527.94,170.10,192.96,693.79,-1,-1,-1,-1
475,32,512.58,262.27,210.37,579.94,-1,-1,-1,-1
475,34,445.94,64.97,404.25,1007.07,-1,-1,-1,-1
475,35,1266.99,14.99,481.97,1042.53,-1,-1,-1,-1
475,36,870.14,234.54,215.49,545.46,-1,-1,-1,-1
476,21,1526.94,171.07,189.02,679.65,-1,-1,-1,-1
476,34,449.70,54.99,426.42,1018.54,-1,-1,-1,-1
476,35,1312.99,25.33,446.29,1034.42,-1,-1,-1,-1
476,36,832.97,236.99,251.54,548.06,-1,-1,-1,-1
477,34,479.41,65.76,414.82,986.80,-1,-1,-1,-1
477,35,1354.01,17.91,414.01,1050.84,-1,-1,-1,-1
477,36,824.84,239.62,245.61,539.00,-1,-1,-1,-1
478,34,508.95,57.19,433.75,1001.65,-1,-1,-1,-1
478,35,1373.42,17.85,406.93,1057.56,-1,-1,-1,-1
478,36,822.57,241.43,229.21,526.72,-1,-1,-1,-1
479,34,568.06,41.69,409.19,1030.37,-1,-1,-1,-1
479,35,1386.27,34.36,407.95,1040.89,-1,-1,-1,-1
479,36,825.90,239.50,181.51,505.37,-1,-1,-1,-1
480,34,616.17,45.81,400.70,1017.16,-1,-1,-1,-1
480,35,1397.85,31.97,407.45,1042.47,-1,-1,-1,-1
480,36,809.68,244.07,176.78,492.19,-1,-1,-1,-1
480,41,349.37,216.98,283.68,712.36,-1,-1,-1,-1
481,34,663.81,37.47,383.70,1028.73,-1,-1,-1,-1
481,35,1387.70,38.00,426.61,1036.66,-1,-1,-1,-1
481,36,793.45,248.64,172.05,479.01,-1,-1,-1,-1
481,41,354.02,216.59,280.94,713.84,-1,-1,-1,-1
482,34,722.42,67.80,362.53,996.89,-1,-1,-1,-1
482,35,1401.41,57.12,426.88,1009.22,-1,-1,-1,-1
482,36,777.23,253.20,167.32,465.83,-1,-1,-1,-1
482,41,358.19,218.15,268.82,717.41,-1,-1,-1,-1
483,34,749.66,92.10,378.56,965.67,-1,-1,-1,-1
483,35,1416.98,57.75,418.58,1005.41,-1,-1,-1,-1
483,36,761.00,257.77,162.58,452.65,-1,-1,-1,-1
483,41,366.23,223.49,249.95,716.52,-1,-1,-1,-1
484,34,749.42,152.37,421.66,900.63,-1,-1,-1,-1
484,35,1440.67,73.88,396.97,987.79,-1,-1,-1,-1
484,41,369.36,219.04,241.08,729.78,-1,-1,-1,-1
485,34,828.77,144.68,377.59,904.06,-1,-1,-1,-1
485,35,1454.61,84.24,390.06,970.02,-1,-1,-1,-1
485,41,362.54,212.70,246.60,758.91,-1,-1,-1,-1
486,34,891.74,66.75,368.43,996.25,-1,-1,-1,-1
486,35,1466.26,76.33,378.53,969.04,-1,-1,-1,-1
486,41,355.69,212.64,248.47,775.49,-1,-1,-1,-1
486,42,1313.51,199.72,210.12,635.68,-1,-1,-1,-1
487,34,950.59,52.37,343.64,1008.52,-1,-1,-1,-1
487,35,1477.52,64.64,363.91,973.49,-1,-1,-1,-1
487,41,343.02,209.44,258.50,796.35,-1,-1,-1,-1
487,42,1310.07,203.78,187.11,611.89,-1,-1,-1,-1
488,34,990.73,40.30,330.64,1023.91,-1,-1,-1,-1
488,35,1485.04,67.65,345.37,956.89,-1,-1,-1,-1
488,41,325.88,210.36,270.76,810.72,-1,-1,-1,-1
488,42,1297.26,209.98,178.55,590.83,-1,-1,-1,-1
488,43,638.51,232.55,228.23,591.40,-1,-1,-1,-1
489,34,1031.13,50.09,346.14,1014.54,-1,-1,-1,-1
489,35,1486.02,85.01,327.87,927.51,-1,-1,-1,-1
489,41,309.20,202.54,277.23,824.13,-1,-1,-1,-1
489,42,1278.49,203.26,168.25,599.76,-1,-1,-1,-1
489,43,631.96,229.41,202.07,599.25,-1,-1,-1,-1
490,34,1069.43,43.28,351.93,1026.14,-1,-1,-1,-1
490,35,1489.75,89.10,304.85,920.75,-1,-1,-1,-1
490,41,291.39,191.33,288.89,847.28,-1,-1,-1,-1
490,42,1269.44,198.90,157.94,618.33,-1,-1,-1,-1
490,43,613.50,232.75,187.26,593.32,-1,-1,-1,-1
491,34,1103.17,45.20,365.43,1022.63,-1,-1,-1,-1
491,35,1488.76,87.58,289.56,936.88,-1,-1,-1,-1
491,41,273.85,183.14,301.22,863.07,-1,-1,-1,-1
491,42,1257.14,195.88,159.43,624.16,-1,-1,-1,-1
491,43,599.62,229.30,177.78,598.13,-1,-1,-1,-1
492,34,1137.71,54.98,370.17,1004.09,-1,-1,-1,-1
492,35,1472.13,93.59,293.01,923.40,-1,-1,-1,-1
492,41,256.86,178.72,321.11,867.76,-1,-1,-1,-1
492,42,1244.85,192.85,160.92,630.00,-1,-1,-1,-1
492,43,577.97,215.90,181.91,630.50,-1,-1,-1,-1
493,34,1170.85,55.58,352.85,1002.54,-1,-1,-1,-1
493,35,1457.81,95.65,288.09,905.29,-1,-1,-1,-1
493,41,243.24,177.06,339.81,875.80,-1,-1,-1,-1
493,42,1232.55,189.82,162.40,635.83,-1,-1,-1,-1
493,43,550.76,212.32,201.26,643.41,-1,-1,-1,-1
494,34,1182.77,145.55,378.07,901.41,-1,-1,-1,-1
494,35,1451.36,100.86,269.69,878.98,-1,-1,-1,-1
494,41,237.97,176.96,344.71,884.69,-1,-1,-1,-1
494,42,1220.26,186.80,163.89,641.66,-1,-1,-1,-1
494,43,536.02,210.17,205.04,659.71,-1,-1,-1,-1
495,34,1190.75,106.18,420.25,954.38,-1,-1,-1,-1
495,35,1440.10,107.68,254.94,815.75,-1,-1,-1,-1
495,41,237.93,177.32,346.74,888.32,-1,-1,-1,-1
495,43,522.13,215.43,211.85,660.13,-1,-1,-1,-1
496,34,1235.92,71.48,399.75,1006.32,-1,-1,-1,-1
496,35,1442.19,113.02,232.25,787.54,-1,-1,-1,-1
496,41,244.86,179.30,346.02,887.49,-1,-1,-1,-1
496,43,514.71,213.42,207.32,667.23,-1,-1,-1,-1
497,34,1277.77,73.82,410.23,996.89,-1,-1,-1,-1
497,35,1440.15,123.66,222.44,754.31,-1,-1,-1,-1
497,41,260.01,179.01,336.95,889.10,-1,-1,-1,-1
497,43,512.08,213.63,194.11,671.58,-1,-1,-1,-1
498,34,1312.83,56.99,409.95,1008.45,-1,-1,-1,-1
498,35,1438.11,134.29,212.63,721.09,-1,-1,-1,-1
498,41,274.12,186.09,334.42,879.94,-1,-1,-1,-1
498,43,504.46,207.52,180.82,676.33,-1,-1,-1,-1
499,34,1329.15,48.96,441.72,1017.63,-1,-1,-1,-1
499,35,1436.07,144.93,202.81,687.87,-1,-1,-1,-1
499,41,288.31,187.93,337.59,873.24,-1,-1,-1,-1
499,43,500.99,232.03,166.60,572.95,-1,-1,-1,-1
499,44,1088.79,212.46,170.79,564.55,-1,-1,-1,-1
500,34,1329.46,94.42,527.51,955.65,-1,-1,-1,-1
500,35,1434.03,155.57,193.01,654.65,-1,-1,-1,-1
500,41,302.68,172.21,340.03,897.96,-1,-1,-1,-1
500,43,493.92,249.23,155.03,533.18,-1,-1,-1,-1
500,44,1057.63,217.03,185.85,556.40,-1,-1,-1,-1
501,34,1363.97,94.81,537.27,951.76,-1,-1,-1,-1
501,41,314.93,157.56,343.53,918.23,-1,-1,-1,-1
501,43,486.85,266.44,143.46,493.41,-1,-1,-1,-1
501,44,1031.65,223.81,204.35,547.75,-1,-1,-1,-1
502,34,1385.77,92.64,535.31,960.97,-1,-1,-1,-1
502,41,328.17,155.79,341.37,917.07,-1,-1,-1,-1
502,43,479.78,283.65,131.89,453.64,-1,-1,-1,-1
502,44,1010.43,230.15,222.49,541.98,-1,-1,-1,-1
503,34,1393.66,103.89,523.14,944.05,-1,-1,-1,-1
503,41,337.49,141.92,353.25,935.51,-1,-1,-1,-1
503,43,472.71,300.85,120.32,413.87,-1,-1,-1,-1
503,44,993.61,230.99,239.32,544.52,-1,-1,-1,-1
504,34,1400.87,105.89,493.53,947.80,-1,-1,-1,-1
504,41,352.78,134.08,368.89,941.12,-1,-1,-1,-1
504,44,977.17,234.28,246.75,545.11,-1,-1,-1,-1
505,34,1417.56,108.82,437.48,948.20,-1,-1,-1,-1
505,41,366.84,139.83,373.35,922.93,-1,-1,-1,-1
505,44,979.41,227.44,211.49,557.80,-1,-1,-1,-1
506,34,1431.36,99.49,398.09,965.03,-1,-1,-1,-1
506,41,372.76,155.27,378.77,899.14,-1,-1,-1,-1
506,44,970.41,220.67,198.93,567.87,-1,-1,-1,-1
507,34,1443.99,99.33,373.99,971.97,-1,-1,-1,-1
507,41,401.86,144.91,359.66,918.14,-1,-1,-1,-1
507,44,949.86,224.20,189.10,559.93,-1,-1,-1,-1
507,45,1268.19,145.99,253.07,683.18,-1,-1,-1,-1
508,34,1454.31,105.64,357.20,961.80,-1,-1,-1,-1
508,41,432.22,147.61,343.57,918.01,-1,-1,-1,-1
508,44,929.07,230.68,170.66,545.05,-1,-1,-1,-1
508,45,1263.61,153.30,256.62,675.02,-1,-1,-1,-1
509,34,1464.59,109.57,339.00,947.90,-1,-1,-1,-1
509,41,463.19,118.37,342.97,960.06,-1,-1,-1,-1
509,44,894.32,231.76,197.01,547.96,-1,-1,-1,-1
509,45,1254.53,153.02,267.95,676.34,-1,-1,-1,-1
510,34,1465.99,117.36,339.37,927.05,-1,-1,-1,-1
510,41,490.09,103.41,355.55,974.08,-1,-1,-1,-1
510,44,853.77,233.45,223.70,547.64,-1,-1,-1,-1
510,45,1248.46,152.61,265.95,671.33,-1,-1,-1,-1
510,46,264.26,173.75,297.76,817.69,-1,-1,-1,-1
511,34,1472.73,126.35,337.16,905.86,-1,-1,-1,-1
511,41,524.13,107.62,342.79,963.94,-1,-1,-1,-1
511,44,822.81,233.70,248.04,551.52,-1,-1,-1,-1
511,45,1238.24,155.12,262.94,664.96,-1,-1,-1,-1
511,46,251.92,174.47,326.44,838.13,-1,-1,-1,-1
512,34,1479.03,127.58,345.90,899.08,-1,-1,-1,-1
512,41,542.96,102.68,344.73,969.39,-1,-1,-1,-1
512,44,804.14,239.11,262.00,539.61,-1,-1,-1,-1
512,45,1230.54,160.08,241.00,651.33,-1,-1,-1,-1
512,46,245.13,174.19,340.46,852.39,-1,-1,-1,-1
513,34,1485.19,125.72,353.32,885.24,-1,-1,-1,-1
513,41,572.01,139.33,392.54,925.83,-1,-1,-1,-1
513,44,806.08,235.18,229.08,538.90,-1,-1,-1,-1
513,45,1225.05,161.48,206.57,644.29,-1,-1,-1,-1
513,46,241.90,173.95,350.20,859.62,-1,-1,-1,-1
514,34,1486.78,131.80,360.95,864.34,-1,-1,-1,-1
514,41,605.96,149.13,396.11,911.60,-1,-1,-1,-1
514,44,788.64,236.47,227.86,536.00,-1,-1,-1,-1
514,45,1216.42,160.30,179.14,646.80,-1,-1,-1,-1
514,46,240.32,174.98,360.46,858.69,-1,-1,-1,-1
515,34,1485.69,138.76,363.57,841.31,-1,-1,-1,-1
515,41,634.58,155.88,390.65,899.00,-1,-1,-1,-1
515,44,771.20,237.75,226.63,533.09,-1,-1,-1,-1
515,45,1196.45,158.61,176.12,646.50,-1,-1,-1,-1
515,46,240.45,163.64,370.28,891.69,-1,-1,-1,-1
516,34,1478.56,146.59,369.52,824.61,-1,-1,-1,-1
516,41,725.42,183.92,317.08,866.41,-1,-1,-1,-1
516,44,753.76,239.04,225.40,530.19,-1,-1,-1,-1
516,45,1167.61,156.32,194.91,646.60,-1,-1,-1,-1
516,46,245.04,159.46,382.26,903.85,-1,-1,-1,-1
517,34,1476.06,149.52,363.62,810.47,-1,-1,-1,-1
517,41,758.87,195.79,309.89,846.76,-1,-1,-1,-1
517,44,736.33,240.32,224.17,527.29,-1,-1,-1,-1
517,45,1132.33,167.90,226.99,628.41,-1,-1,-1,-1
517,46,238.07,147.57,403.81,918.42,-1,-1,-1,-1
518,34,1474.89,156.07,350.20,797.73,-1,-1,-1,-1
518,41,807.01,125.16,281.54,841.80,-1,-1,-1,-1
518,44,717.31,210.99,188.07,596.08,-1,-1,-1,-1
518,45,1109.52,170.69,239.54,624.93,-1,-1,-1,-1
518,46,241.54,134.86,403.39,939.87,-1,-1,-1,-1
519,34,1479.02,160.77,322.08,773.19,-1,-1,-1,-1
519,41,848.07,129.34,282.41,860.56,-1,-1,-1,-1
519,44,671.81,213.57,228.36,605.71,-1,-1,-1,-1
519,45,1092.95,173.86,253.93,622.30,-1,-1,-1,-1
519,46,247.48,128.33,398.89,952.94,-1,-1,-1,-1
520,34,1481.49,167.67,297.84,755.16,-1,-1,-1,-1
520,41,871.97,118.59,313.65,910.78,-1,-1,-1,-1
520,44,632.64,219.79,262.18,602.17,-1,-1,-1,-1
520,45,1090.56,170.18,240.73,624.69,-1,-1,-1,-1
520,46,253.10,127.07,398.69,945.61,-1,-1,-1,-1
521,34,1477.27,168.59,290.01,752.00,-1,-1,-1,-1
521,41,900.25,150.84,337.29,872.93,-1,-1,-1,-1
521,44,617.39,226.51,267.63,594.47,-1,-1,-1,-1
521,45,1095.24,175.04,209.16,609.95,-1,-1,-1,-1
521,46,261.55,123.34,387.97,948.28,-1,-1,-1,-1
522,34,1469.79,169.49,284.59,745.72,-1,-1,-1,-1
522,41,937.53,122.82,331.66,924.14,-1,-1,-1,-1
522,44,608.91,226.40,268.96,604.14,-1,-1,-1,-1
522,45,1082.62,177.77,206.69,602.74,-1,-1,-1,-1
522,46,271.83,123.68,378.39,948.07,-1,-1,-1,-1
523,34,1461.42,170.35,278.81,733.13,-1,-1,-1,-1
523,41,961.63,124.57,338.38,930.39,-1,-1,-1,-1
523,44,602.94,230.73,262.72,602.68,-1,-1,-1,-1
523,45,1070.00,180.50,204.23,595.53,-1,-1,-1,-1
523,46,278.99,125.89,377.38,942.52,-1,-1,-1,-1
524,34,1454.35,169.75,274.66,735.28,-1,-1,-1,-1
524,41,989.64,111.75,337.29,957.37,-1,-1,-1,-1
524,44,603.27,233.21,241.69,603.01,-1,-1,-1,-1
524,45,1057.38,183.22,201.76,588.32,-1,-1,-1,-1
524,46,285.90,122.37,375.77,942.45,-1,-1,-1,-1
525,34,1447.19,176.47,268.58,719.51,-1,-1,-1,-1
525,41,1011.65,105.92,352.38,962.94,-1,-1,-1,-1
525,44,610.60,228.35,198.29,606.61,-1,-1,-1,-1
525,45,1044.77,185.95,199.29,581.11,-1,-1,-1,-1
525,46,291.23,112.90,387.01,949.45,-1,-1,-1,-1
526,34,1437.04,179.51,263.74,718.03,-1,-1,-1,-1
526,41,1040.08,121.76,371.65,937.67,-1,-1,-1,-1
526,44,594.47,228.93,198.99,608.75,-1,-1,-1,-1
526,46,294.07,103.91,416.42,962.56,-1,-1,-1,-1
527,34,1425.27,184.70,260.30,706.68,-1,-1,-1,-1
527,41,1105.97,119.30,323.04,939.48,-1,-1,-1,-1
527,44,578.34,229.52,199.69,610.89,-1,-1,-1,-1
527,45,951.38,209.74,248.89,565.98,-1,-1,-1,-1
527,46,314.14,95.29,409.70,980.24,-1,-1,-1,-1
528,34,1421.94,197.90,253.48,653.25,-1,-1,-1,-1
528,41,1147.02,102.08,393.94,963.91,-1,-1,-1,-1
528,44,562.22,230.11,200.39,613.03,-1,-1,-1,-1
528,45,938.81,207.09,250.63,570.50,-1,-1,-1,-1
528,46,339.82,87.77,421.46,990.22,-1,-1,-1,-1
529,34,1432.66,204.47,231.46,614.56,-1,-1,-1,-1
529,41,1188.94,103.81,416.49,963.07,-1,-1,-1,-1
529,44,546.09,230.69,201.09,615.16,-1,-1,-1,-1
529,45,928.82,207.89,254.09,575.63,-1,-1,-1,-1
529,46,376.15,96.60,412.70,966.49,-1,-1,-1,-1
530,34,1433.70,189.48,228.39,626.54,-1,-1,-1,-1
530,41,1226.78,114.81,418.00,942.76,-1,-1,-1,-1
530,45,925.27,205.52,242.49,583.00,-1,-1,-1,-1
530,46,407.77,91.96,405.59,968.34,-1,-1,-1,-1
531,34,1443.88,205.06,203.29,510.16,-1,-1,-1,-1
531,41,1257.03,118.75,413.21,936.00,-1,-1,-1,-1
531,45,917.15,201.54,227.98,587.62,-1,-1,-1,-1
531,46,423.43,100.49,428.55,959.12,-1,-1,-1,-1
532,34,1450.19,222.39,180.25,452.32,-1,-1,-1,-1
532,41,1279.22,120.59,421.19,924.71,-1,-1,-1,-1
532,45,911.06,189.18,199.35,599.74,-1,-1,-1,-1
532,46,448.00,122.00,432.15,930.82,-1,-1,-1,-1
533,34,1456.51,239.71,157.20,394.48,-1,-1,-1,-1
533,41,1310.86,105.30,409.54,958.75,-1,-1,-1,-1
533,45,895.28,190.36,179.37,601.57,-1,-1,-1,-1
533,46,468.20,111.16,437.10,952.79,-1,-1,-1,-1
534,34,1462.82,257.04,134.15,336.63,-1,-1,-1,-1
534,41,1338.15,110.76,396.71,949.24,-1,-1,-1,-1
534,44,438.15,218.80,201.74,673.87,-1,-1,-1,-1
534,45,872.57,193.93,174.81,591.20,-1,-1,-1,-1
534,46,533.81,104.81,390.19,965.41,-1,-1,-1,-1
535,34,1469.13,274.36,111.10,278.79,-1,-1,-1,-1
535,41,1359.15,112.59,388.44,954.21,-1,-1,-1,-1
535,44,417.62,217.45,209.96,679.92,-1,-1,-1,-1
535,45,858.05,202.39,173.90,583.09,-1,-1,-1,-1
535,46,577.20,128.09,393.86,938.33,-1,-1,-1,-1
536,41,1368.78,113.91,388.15,960.36,-1,-1,-1,-1
536,44,398.72,219.07,214.07,686.94,-1,-1,-1,-1
536,45,840.66,205.00,172.65,578.91,-1,-1,-1,-1
536,46,637.55,130.31,363.51,937.41,-1,-1,-1,-1
537,41,1365.15,114.85,409.38,960.08,-1,-1,-1,-1
537,44,379.42,215.69,220.32,701.36,-1,-1,-1,-1
537,45,823.26,207.62,171.41,574.73,-1,-1,-1,-1
537,46,681.71,139.83,357.90,927.30,-1,-1,-1,-1
538,41,1371.78,118.29,420.21,957.44,-1,-1,-1,-1
538,44,358.51,213.57,231.45,720.47,-1,-1,-1,-1
538,45,805.87,210.23,170.16,570.55,-1,-1,-1,-1
538,46,731.64,135.36,345.72,936.65,-1,-1,-1,-1
539,41,1402.03,123.95,396.37,951.60,-1,-1,-1,-1
539,44,335.67,209.49,246.02,739.11,-1,-1,-1,-1
539,45,788.47,212.84,168.91,566.37,-1,-1,-1,-1
539,46,769.10,159.77,346.83,906.79,-1,-1,-1,-1
540,41,1433.03,114.18,364.29,966.04,-1,-1,-1,-1
540,44,321.02,211.35,251.03,745.83,-1,-1,-1,-1
540,46,791.26,135.63,367.84,931.23,-1,-1,-1,-1
540,52,1279.96,192.69,184.98,608.48,-1,-1,-1,-1
541,41,1456.69,123.89,351.45,954.42,-1,-1,-1,-1
541,44,300.76,210.93,265.11,757.33,-1,-1,-1,-1
541,46,805.91,120.65,396.26,952.01,-1,-1,-1,-1
541,52,1263.29,199.05,177.89,597.31,-1,-1,-1,-1
542,41,1470.99,132.09,348.05,939.89,-1,-1,-1,-1
542,44,288.30,209.75,268.07,760.42,-1,-1,-1,-1
542,46,853.49,127.62,384.08,939.03,-1,-1,-1,-1
542,52,1241.60,198.52,184.79,598.09,-1,-1,-1,-1
543,41,1476.77,140.64,348.28,922.05,-1,-1,-1,-1
543,44,263.08,206.80,286.27,770.86,-1,-1,-1,-1
543,46,899.77,110.15,359.00,957.18,-1,-1,-1,-1
543,52,1216.61,202.40,199.35,591.61,-1,-1,-1,-1
544,41,1474.12,138.59,355.01,910.40,-1,-1,-1,-1
544,44,244.28,194.21,296.32,789.79,-1,-1,-1,-1
544,46,925.07,95.14,361.51,966.65,-1,-1,-1,-1
544,52,1200.54,209.71,205.38,584.27,-1,-1,-1,-1
545,41,1458.38,138.20,374.86,907.80,-1,-1,-1,-1
545,44,221.44,192.71,315.00,795.37,-1,-1,-1,-1
545,46,980.00,81.93,353.20,985.05,-1,-1,-1,-1
545,52,1204.26,250.01,190.89,535.54,-1,-1,-1,-1
545,53,601.95,182.32,256.87,653.31,-1,-1,-1,-1
546,41,1450.74,138.44,371.34,906.19,-1,-1,-1,-1
546,44,204.30,184.07,324.71,813.02,-1,-1,-1,-1
546,46,1017.14,59.24,354.65,1016.73,-1,-1,-1,-1
546,52,1197.47,265.61,182.58,512.22,-1,-1,-1,-1
546,53,583.73,186.31,268.75,651.45,-1,-1,-1,-1
547,41,1451.09,147.53,350.06,896.11,-1,-1,-1,-1
547,44,187.35,171.04,330.59,862.43,-1,-1,-1,-1
547,46,1056.55,91.92,351.37,975.46,-1,-1,-1,-1
547,52,1190.69,281.22,174.28,488.91,-1,-1,-1,-1
547,53,575.32,187.86,247.04,658.14,-1,-1,-1,-1
548,41,1453.01,156.42,326.59,865.87,-1,-1,-1,-1
548,44,184.39,165.77,317.27,896.96,-1,-1,-1,-1
548,46,1088.45,126.42,375.66,936.01,-1,-1,-1,-1
548,52,1183.90,296.82,165.97,465.59,-1,-1,-1,-1
548,53,569.63,182.25,223.68,659.82,-1,-1,-1,-1
549,41,1450.10,159.91,304.26,854.44,-1,-1,-1,-1
549,44,179.38,179.06,316.40,882.23,-1,-1,-1,-1
549,46,1115.99,109.26,409.24,946.75,-1,-1,-1,-1
549,52,1177.12,312.42,157.67,442.27,-1,-1,-1,-1
549,53,557.23,186.21,193.76,653.78,-1,-1,-1,-1
550,41,1453.25,177.24,281.85,815.25,-1,-1,-1,-1
550,44,180.03,186.04,308.43,871.26,-1,-1,-1,-1
550,46,1120.42,116.61,461.30,940.22,-1,-1,-1,-1
550,53,532.07,183.93,186.17,650.91,-1,-1,-1,-1
551,41,1464.74,185.31,240.08,770.10,-1,-1,-1,-1
551,44,182.30,173.36,304.57,894.89,-1,-1,-1,-1
551,46,1152.48,109.28,476.29,949.17,-1,-1,-1,-1
551,53,499.41,186.53,195.35,650.83,-1,-1,-1,-1
552,41,1473.24,182.61,211.05,737.21,-1,-1,-1,-1
552,44,186.09,159.28,306.78,921.68,-1,-1,-1,-1
552,46,1196.89,96.34,455.01,964.37,-1,-1,-1,-1
552,53,463.75,176.89,218.48,675.65,-1,-1,-1,-1
553,41,1475.29,193.37,201.50,703.84,-1,-1,-1,-1
553,44,188.89,161.32,317.71,917.31,-1,-1,-1,-1
553,46,1239.18,96.51,424.76,960.89,-1,-1,-1,-1
553,53,441.72,174.28,236.54,685.63,-1,-1,-1,-1
554,41,1477.34,204.13,191.94,670.48,-1,-1,-1,-1
554,44,188.15,160.32,333.36,913.39,-1,-1,-1,-1
554,46,1274.18,109.99,405.08,952.23,-1,-1,-1,-1
554,53,436.53,177.83,234.03,679.09,-1,-1,-1,-1
555,41,1479.39,214.89,182.38,637.11,-1,-1,-1,-1
555,44,191.89,157.07,342.72,913.64,-1,-1,-1,-1
555,46,1303.59,102.45,387.98,969.52,-1,-1,-1,-1
555,53,429.36,179.85,237.96,673.15,-1,-1,-1,-1
555,54,990.36,224.32,215.12,536.41,-1,-1,-1,-1
556,41,1481.44,225.66,172.83,603.74,-1,-1,-1,-1
556,44,187.05,155.86,359.56,911.21,-1,-1,-1,-1
556,46,1327.81,103.41,378.33,957.38,-1,-1,-1,-1
556,53,422.60,175.85,224.71,682.39,-1,-1,-1,-1
556,54,976.40,218.37,194.64,542.67,-1,-1,-1,-1
557,44,183.47,156.45,392.48,904.74,-1,-1,-1,-1
557,46,1343.86,102.26,381.34,965.48,-1,-1,-1,-1
557,53,406.26,175.25,225.87,685.91,-1,-1,-1,-1
557,54,954.75,215.44,182.87,542.68,-1,-1,-1,-1
558,44,193.02,159.25,386.02,899.08,-1,-1,-1,-1
558,46,1346.14,124.06,398.57,936.51,-1,-1,-1,-1
558,53,389.93,174.64,227.03,689.43,-1,-1,-1,-1
558,54,932.59,218.50,180.10,548.60,-1,-1,-1,-1
559,44,198.85,161.82,381.80,890.98,-1,-1,-1,-1
559,46,1344.04,121.89,411.64,938.14,-1,-1,-1,-1
559,53,373.60,174.04,228.19,692.94,-1,-1,-1,-1
559,54,899.14,223.25,198.40,540.14,-1,-1,-1,-1
560,44,212.36,155.21,370.86,896.03,-1,-1,-1,-1
560,46,1374.00,120.31,391.62,943.11,-1,-1,-1,-1
560,53,357.26,173.44,229.36,696.46,-1,-1,-1,-1
560,54,864.78,219.94,224.87,543.51,-1,-1,-1,-1
561,44,231.37,131.97,359.39,933.87,-1,-1,-1,-1
561,46,1407.26,113.38,377.71,952.30,-1,-1,-1,-1
561,54,835.66,223.65,248.41,538.90,-1,-1,-1,-1
562,44,242.28,120.09,367.42,950.86,-1,-1,-1,-1
562,46,1432.64,111.00,370.88,951.53,-1,-1,-1,-1
562,54,821.19,229.73,250.89,534.61,-1,-1,-1,-1
563,44,250.44,104.29,389.31,968.33,-1,-1,-1,-1
563,46,1439.33,98.80,390.52,965.19,-1,-1,-1,-1
563,54,820.79,220.22,213.55,551.07,-1,-1,-1,-1
564,44,269.82,108.48,409.41,963.20,-1,-1,-1,-1
564,46,1458.35,106.08,389.55,956.70,-1,-1,-1,-1
564,54,812.45,215.85,196.01,561.43,-1,-1,-1,-1
564,55,1255.99,181.93,224.68,676.23,-1,-1,-1,-1
565,44,316.29,116.07,398.07,949.22,-1,-1,-1,-1
565,46,1464.78,114.09,400.32,938.46,-1,-1,-1,-1
565,54,797.59,217.92,162.22,558.01,-1,-1,-1,-1
565,55,1219.43,203.59,256.83,641.36,-1,-1,-1,-1
566,44,368.63,95.48,387.46,980.55,-1,-1,-1,-1
566,46,1470.41,125.43,396.55,911.24,-1,-1,-1,-1
566,54,757.31,237.79,182.13,533.01,-1,-1,-1,-1
566,55,1206.04,215.98,260.64,619.36,-1,-1,-1,-1
567,44,409.88,98.81,378.49,975.21,-1,-1,-1,-1
567,46,1466.49,141.44,396.80,883.97,-1,-1,-1,-1
567,53,197.96,130.22,281.19,854.16,-1,-1,-1,-1
567,54,730.23,233.49,196.49,535.83,-1,-1,-1,-1
567,55,1197.37,219.81,243.86,610.73,-1,-1,-1,-1
568,44,454.44,93.83,367.27,984.09,-1,-1,-1,-1
568,46,1460.57,151.76,393.63,863.91,-1,-1,-1,-1
568,53,178.75,123.14,292.16,890.87,-1,-1,-1,-1
568,54,714.19,233.39,206.48,531.32,-1,-1,-1,-1
568,55,1187.91,214.36,223.59,613.07,-1,-1,-1,-1
569,44,495.22,91.65,372.62,976.53,-1,-1,-1,-1
569,46,1456.88,150.24,379.91,863.27,-1,-1,-1,-1
569,53,163.35,117.29,305.08,916.60,-1,-1,-1,-1
569,54,695.07,235.79,204.88,527.21,-1,-1,-1,-1
569,55,1173.18,209.85,200.31,613.37,-1,-1,-1,-1
570,44,550.18,79.62,333.83,996.09,-1,-1,-1,-1
570,46,1454.94,149.67,354.86,840.62,-1,-1,-1,-1
570,53,149.33,117.38,315.24,929.83,-1,-1,-1,-1
570,54,675.95,238.19,203.28,523.09,-1,-1,-1,-1
570,55,1144.91,209.70,193.90,611.77,-1,-1,-1,-1
571,44,595.17,70.35,312.14,1001.93,-1,-1,-1,-1
571,46,1445.05,149.10,344.42,831.25,-1,-1,-1,-1
571,53,132.34,118.26,329.37,942.42,-1,-1,-1,-1
571,54,656.83,240.59,201.68,518.97,-1,-1,-1,-1
571,55,1108.12,211.26,209.90,605.32,-1,-1,-1,-1
572,44,623.95,79.63,336.84,962.21,-1,-1,-1,-1
572,46,1437.89,145.00,331.60,828.35,-1,-1,-1,-1
572,53,113.90,119.36,348.38,952.63,-1,-1,-1,-1
572,54,637.71,242.99,200.08,514.86,-1,-1,-1,-1
572,55,1078.32,208.93,228.38,605.20,-1,-1,-1,-1
573,44,622.65,85.75,399.08,966.34,-1,-1,-1,-1
573,46,1426.71,151.70,326.59,808.25,-1,-1,-1,-1
573,53,96.87,107.97,362.48,971.60,-1,-1,-1,-1
573,55,1054.48,215.74,246.71,600.77,-1,-1,-1,-1
574,44,686.81,53.42,377.83,1017.86,-1,-1,-1,-1
574,46,1415.08,151.23,322.90,803.79,-1,-1,-1,-1
574,53,80.28,102.25,377.59,975.48,-1,-1,-1,-1
574,55,1028.75,229.47,271.28,579.78,-1,-1,-1,-1
575,44,737.47,70.90,373.65,993.63,-1,-1,-1,-1
575,46,1404.15,157.35,321.48,792.37,-1,-1,-1,-1
575,53,62.51,95.56,396.30,988.05,-1,-1,-1,-1
575,55,1018.60,233.69,272.07,574.71,-1,-1,-1,-1
576,44,782.99,80.92,359.34,980.97,-1,-1,-1,-1
576,46,1394.20,162.65,317.46,779.79,-1,-1,-1,-1
576,53,53.17,93.93,414.59,991.21,-1,-1,-1,-1
576,55,1029.92,241.42,234.86,562.83,-1,-1,-1,-1
577,44,819.02,89.51,366.12,964.86,-1,-1,-1,-1
577,46,1386.95,167.75,310.55,763.60,-1,-1,-1,-1
577,53,54.63,82.10,417.77,1004.71,-1,-1,-1,-1
577,54,489.21,224.07,257.58,608.27,-1,-1,-1,-1
577,55,1016.27,246.93,230.75,552.96,-1,-1,-1,-1
578,44,854.54,84.89,357.93,963.03,-1,-1,-1,-1
578,46,1378.37,171.21,307.36,748.41,-1,-1,-1,-1
578,53,59.78,78.39,415.22,1006.25,-1,-1,-1,-1
578,54,475.06,212.80,254.48,627.31,-1,-1,-1,-1
578,55,1002.62,252.44,226.64,543.10,-1,-1,-1,-1
579,44,901.52,67.74,340.23,984.07,-1,-1,-1,-1
579,46,1375.64,174.04,295.34,720.99,-1,-1,-1,-1
579,53,67.27,74.95,408.68,1009.00,-1,-1,-1,-1
579,54,466.08,212.69,237.77,623.46,-1,-1,-1,-1
579,55,988.98,257.94,222.53,533.23,-1,-1,-1,-1
580,44,937.00,65.08,375.61,990.22,-1,-1,-1,-1
580,46,1375.03,169.86,279.89,713.31,-1,-1,-1,-1
580,53,86.93,69.13,391.57,1010.02,-1,-1,-1,-1
580,54,458.67,216.35,208.51,616.70,-1,-1,-1,-1
580,55,975.33,263.45,218.42,523.36,-1,-1,-1,-1
581,44,966.71,48.74,403.23,1022.79,-1,-1,-1,-1
581,46,1368.37,173.21,273.07,691.69,-1,-1,-1,-1
581,53,102.20,66.10,397.14,1011.63,-1,-1,-1,-1
581,54,449.12,215.04,181.09,625.15,-1,-1,-1,-1
582,44,973.20,51.82,477.45,1013.00,-1,-1,-1,-1
582,46,1370.68,178.31,260.41,678.85,-1,-1,-1,-1
582,53,123.41,79.43,387.48,989.55,-1,-1,-1,-1
582,54,434.75,206.70,185.86,644.58,-1,-1,-1,-1
583,44,1019.00,60.03,482.71,982.49,-1,-1,-1,-1
583,46,1371.24,177.09,241.29,677.89,-1,-1,-1,-1
583,53,149.89,70.18,389.80,1003.50,-1,-1,-1,-1
583,54,423.76,220.22,189.40,592.12,-1,-1,-1,-1
583,55,896.01,254.08,243.61,538.15,-1,-1,-1,-1
584,44,1080.50,69.25,476.04,964.50,-1,-1,-1,-1
584,46,1370.26,185.21,222.52,659.88,-1,-1,-1,-1
584,53,169.58,59.54,417.46,1016.41,-1,-1,-1,-1
584,54,407.84,227.78,184.37,576.40,-1,-1,-1,-1
584,55,871.77,247.38,261.16,548.52,-1,-1,-1,-1
585,44,1123.64,54.49,478.99,1005.64,-1,-1,-1,-1
585,46,1364.18,188.20,218.13,646.87,-1,-1,-1,-1
585,53,198.15,48.36,412.28,1030.31,-1,-1,-1,-1
585,54,391.92,235.35,179.34,560.69,-1,-1,-1,-1
585,55,864.26,246.35,262.02,549.51,-1,-1,-1,-1
586,44,1160.30,60.12,467.88,1010.87,-1,-1,-1,-1
586,46,1358.09,191.18,213.75,633.85,-1,-1,-1,-1
586,53,220.83,50.65,412.51,1016.06,-1,-1,-1,-1
586,54,376.00,242.91,174.31,544.98,-1,-1,-1,-1
586,55,867.21,238.23,221.75,561.96,-1,-1,-1,-1
587,44,1207.67,61.43,428.30,1010.35,-1,-1,-1,-1
587,46,1352.00,194.17,209.36,620.83,-1,-1,-1,-1
587,53,233.62,51.05,440.31,1013.88,-1,-1,-1,-1
587,54,360.08,250.48,169.28,529.26,-1,-1,-1,-1
587,55,864.34,234.79,188.91,567.05,-1,-1,-1,-1
588,44,1246.17,61.17,399.09,1016.25,-1,-1,-1,-1
588,46,1345.91,197.15,204.97,607.82,-1,-1,-1,-1
588,53,252.73,47.10,459.29,1020.22,-1,-1,-1,-1
588,55,856.07,225.72,161.17,586.67,-1,-1,-1,-1
589,44,1284.60,54.87,376.73,1023.24,-1,-1,-1,-1
589,53,280.87,34.33,458.47,1030.57,-1,-1,-1,-1
589,55,821.73,230.99,182.05,572.19,-1,-1,-1,-1
590,44,1305.23,57.92,384.13,1017.69,-1,-1,-1,-1
590,53,291.21,31.58,478.95,1034.02,-1,-1,-1,-1
590,55,786.26,238.10,210.13,556.73,-1,-1,-1,-1
591,44,1318.06,54.18,404.09,1023.93,-1,-1,-1,-1
591,53,290.43,29.09,485.87,1031.97,-1,-1,-1,-1
591,55,747.56,239.04,245.80,558.49,-1,-1,-1,-1
592,44,1334.07,55.59,416.70,1019.75,-1,-1,-1,-1
592,53,350.80,21.04,453.89,1038.26,-1,-1,-1,-1
592,55,733.59,246.30,250.12,550.72,-1,-1,-1,-1
593,44,1380.93,64.57,396.22,1005.02,-1,-1,-1,-1
593,53,413.76,15.17,419.50,1041.91,-1,-1,-1,-1
593,55,729.59,253.13,235.83,534.19,-1,-1,-1,-1
593,61,218.06,183.97,270.63,806.67,-1,-1,-1,-1
594,44,1412.51,71.51,411.02,997.70,-1,-1,-1,-1
594,53,469.44,10.01,412.38,1050.87,-1,-1,-1,-1
594,55,714.75,258.12,231.51,524.38,-1,-1,-1,-1
594,61,217.94,189.76,252.10,806.39,-1,-1,-1,-1
595,44,1446.74,76.53,397.92,992.25,-1,-1,-1,-1
595,53,515.42,31.90,413.11,1029.12,-1,-1,-1,-1
595,55,699.91,263.10,227.19,514.58,-1,-1,-1,-1
595,61,192.53,185.64,268.53,815.26,-1,-1,-1,-1
595,62,1181.20,197.37,213.98,614.47,-1,-1,-1,-1
596,44,1474.57,86.80,393.77,970.57,-1,-1,-1,-1
596,53,563.55,53.32,412.59,1009.15,-1,-1,-1,-1
596,55,685.07,268.09,222.87,504.78,-1,-1,-1,-1
596,61,168.14,183.52,278.52,822.38,-1,-1,-1,-1
596,62,1153.51,206.60,239.99,600.71,-1,-1,-1,-1
597,44,1493.87,98.66,388.76,963.63,-1,-1,-1,-1
597,53,602.03,40.30,409.12,1030.94,-1,-1,-1,-1
597,55,670.23,273.08,218.55,494.97,-1,-1,-1,-1
597,61,140.01,180.68,298.48,828.40,-1,-1,-1,-1
597,62,1124.18,212.88,258.77,595.29,-1,-1,-1,-1
598,44,1511.16,99.18,386.91,967.70,-1,-1,-1,-1
598,53,623.12,41.60,423.01,1028.29,-1,-1,-1,-1
598,61,102.14,172.61,338.84,840.60,-1,-1,-1,-1
598,62,1113.86,203.04,260.50,605.06,-1,-1,-1,-1
599,44,1526.77,91.46,387.44,984.74,-1,-1,-1,-1
599,53,666.72,104.17,396.52,953.70,-1,-1,-1,-1
599,61,78.87,171.43,362.27,848.83,-1,-1,-1,-1
599,62,1112.18,205.37,241.19,602.63,-1,-1,-1,-1
600,44,1537.85,87.61,383.10,989.20,-1,-1,-1,-1
600,53,737.30,61.70,342.03,1014.56,-1,-1,-1,-1
600,61,45.22,169.55,400.46,878.08,-1,-1,-1,-1
600,62,1107.35,210.07,208.25,590.81,-1,-1,-1,-1
601,44,1545.93,85.50,374.69,991.95,-1,-1,-1,-1
601,53,792.64,32.42,313.72,1029.39,-1,-1,-1,-1
601,61,12.42,174.59,436.09,877.24,-1,-1,-1,-1
601,62,1104.29,202.40,165.65,599.37,-1,-1,-1,-1
602,44,1554.20,86.83,373.32,988.22,-1,-1,-1,-1
602,53,818.44,11.98,330.42,1057.05,-1,-1,-1,-1
602,61,7.11,174.22,436.68,876.26,-1,-1,-1,-1
602,62,1085.27,201.54,168.27,594.78,-1,-1,-1,-1
603,44,1565.86,89.40,356.83,986.79,-1,-1,-1,-1
603,53,849.18,5.63,365.82,1061.42,-1,-1,-1,-1
603,61,29.39,166.23,409.40,885.37,-1,-1,-1,-1
603,62,1083.42,206.48,149.70,561.52,-1,-1,-1,-1
603,63,535.64,238.89,244.32,603.87,-1,-1,-1,-1
604,44,1574.63,93.85,343.28,984.31,-1,-1,-1,-1
604,53,878.72,2.06,390.54,1065.05,-1,-1,-1,-1
604,61,49.34,153.98,395.48,898.11,-1,-1,-1,-1
604,62,1070.35,211.36,145.71,546.57,-1,-1,-1,-1
604,63,534.10,247.52,215.18,593.61,-1,-1,-1,-1
605,44,1572.26,112.81,345.00,958.62,-1,-1,-1,-1
605,53,914.70,7.70,409.30,1059.99,-1,-1,-1,-1
605,61,69.33,143.84,385.94,916.47,-1,-1,-1,-1
605,62,1057.28,216.24,141.72,531.61,-1,-1,-1,-1
605,63,532.66,231.63,186.50,620.82,-1,-1,-1,-1
606,44,1580.78,122.79,328.24,943.90,-1,-1,-1,-1
606,53,948.90,0.84,414.82,1074.25,-1,-1,-1,-1
606,61,88.13,140.03,374.60,920.34,-1,-1,-1,-1
606,62,1044.21,221.11,137.74,516.66,-1,-1,-1,-1
606,63,514.68,240.39,182.39,606.00,-1,-1,-1,-1
607,44,1583.00,125.87,320.35,934.23,-1,-1,-1,-1
607,53,983.56,4.89,407.99,1072.38,-1,-1,-1,-1
607,61,110.24,143.01,358.66,914.03,-1,-1,-1,-1
607,62,1031.14,225.99,133.75,501.70,-1,-1,-1,-1
607,63,485.48,236.00,198.76,621.73,-1,-1,-1,-1
608,44,1581.80,126.13,317.93,921.37,-1,-1,-1,-1
608,53,1002.22,16.83,404.28,1046.82,-1,-1,-1,-1
608,61,127.41,136.46,351.93,929.49,-1,-1,-1,-1
608,63,441.61,238.19,236.36,625.35,-1,-1,-1,-1
609,44,1581.64,127.85,314.87,907.50,-1,-1,-1,-1
609,53,1060.75,45.84,375.61,1010.87,-1,-1,-1,-1
609,61,139.86,127.15,347.16,949.31,-1,-1,-1,-1
609,63,423.78,234.39,245.56,639.54,-1,-1,-1,-1
610,44,1577.20,129.49,312.97,891.97,-1,-1,-1,-1
610,53,1115.06,30.01,354.57,1030.29,-1,-1,-1,-1
610,61,144.28,127.71,362.97,946.79,-1,-1,-1,-1
610,63,411.65,238.63,252.31,635.90,-1,-1,-1,-1
611,44,1576.42,141.27,312.36,858.99,-1,-1,-1,-1
611,53,1138.16,35.08,386.32,1027.25,-1,-1,-1,-1
611,61,152.17,123.56,388.67,949.56,-1,-1,-1,-1
611,63,423.88,236.33,224.10,638.13,-1,-1,-1,-1
612,44,1573.11,153.96,316.79,839.52,-1,-1,-1,-1
612,53,1166.68,26.23,394.01,1035.86,-1,-1,-1,-1
612,61,157.34,123.51,422.92,940.04,-1,-1,-1,-1
612,63,426.34,241.47,177.24,613.97,-1,-1,-1,-1
613,44,1563.92,163.02,320.32,827.49,-1,-1,-1,-1
613,53,1191.38,33.87,386.55,1031.34,-1,-1,-1,-1
613,61,178.61,109.86,411.69,952.38,-1,-1,-1,-1
613,63,413.90,245.85,174.84,605.68,-1,-1,-1,-1
614,44,1566.07,177.81,298.16,785.57,-1,-1,-1,-1
614,53,1197.50,35.51,413.79,1038.01,-1,-1,-1,-1
614,61,194.50,95.32,408.04,968.60,-1,-1,-1,-1
614,63,401.46,250.22,172.44,597.39,-1,-1,-1,-1
614,64,831.01,226.34,227.42,552.02,-1,-1,-1,-1
615,44,1569.14,169.38,275.68,805.37,-1,-1,-1,-1
615,53,1223.09,49.71,402.80,1017.80,-1,-1,-1,-1
615,61,211.13,100.80,427.57,963.38,-1,-1,-1,-1
615,63,389.03,254.60,170.05,589.10,-1,-1,-1,-1
615,64,802.85,233.29,250.52,545.86,-1,-1,-1,-1
616,44,1562.68,168.36,260.29,791.20,-1,-1,-1,-1
616,53,1261.47,43.71,371.59,1023.79,-1,-1,-1,-1
616,61,224.15,98.25,449.86,963.37,-1,-1,-1,-1
616,63,376.59,258.98,167.65,580.81,-1,-1,-1,-1
616,64,792.99,233.18,247.19,549.01,-1,-1,-1,-1
617,44,1573.18,173.60,225.66,744.50,-1,-1,-1,-1
617,53,1290.27,46.42,379.41,1020.99,-1,-1,-1,-1
617,61,247.21,109.92,450.73,949.65,-1,-1,-1,-1
617,64,789.21,223.04,238.00,563.15,-1,-1,-1,-1
618,44,1569.30,180.42,205.68,660.59,-1,-1,-1,-1
618,53,1313.25,49.99,392.85,1015.00,-1,-1,-1,-1
618,61,247.72,147.53,472.97,911.27,-1,-1,-1,-1
618,64,787.42,215.99,210.70,574.14,-1,-1,-1,-1
619,44,1572.31,201.86,172.69,580.18,-1,-1,-1,-1
619,53,1324.54,56.25,393.14,1007.18,-1,-1,-1,-1
619,61,303.90,130.29,433.50,936.69,-1,-1,-1,-1
619,64,773.60,213.43,186.63,579.49,-1,-1,-1,-1
620,44,1574.61,222.68,153.70,516.38,-1,-1,-1,-1
620,53,1341.54,52.86,381.13,1013.75,-1,-1,-1,-1
620,61,383.49,126.51,369.11,939.79,-1,-1,-1,-1
620,64,755.88,215.50,180.26,576.69,-1,-1,-1,-1
621,44,1576.90,243.49,134.70,452.57,-1,-1,-1,-1
621,53,1351.94,56.12,380.48,1011.42,-1,-1,-1,-1
621,61,441.78,119.34,332.43,944.15,-1,-1,-1,-1
621,64,740.88,225.83,167.54,561.85,-1,-1,-1,-1
622,44,1579.19,264.30,115.71,388.77,-1,-1,-1,-1
622,53,1357.74,57.03,384.04,1005.24,-1,-1,-1,-1
622,61,485.88,100.61,335.57,967.12,-1,-1,-1,-1
622,64,723.51,228.67,166.14,557.14,-1,-1,-1,-1
623,44,1581.48,285.12,96.71,324.96,-1,-1,-1,-1
623,53,1372.31,66.88,376.42,987.57,-1,-1,-1,-1
623,61,544.56,115.34,331.46,943.72,-1,-1,-1,-1
623,64,706.14,231.51,164.74,552.44,-1,-1,-1,-1
623,65,250.67,211.07,278.68,763.48,-1,-1,-1,-1
624,53,1386.04,76.55,371.68,974.57,-1,-1,-1,-1
624,61,587.13,106.99,363.63,945.02,-1,-1,-1,-1
624,64,688.77,234.35,163.34,547.73,-1,-1,-1,-1
624,65,242.62,206.94,283.65,786.29,-1,-1,-1,-1
625,53,1399.55,101.79,367.64,946.58,-1,-1,-1,-1
625,61,613.71,68.21,401.16,1001.80,-1,-1,-1,-1
625,64,671.40,237.19,161.93,543.02,-1,-1,-1,-1
625,65,235.90,207.64,283.63,792.03,-1,-1,-1,-1
626,53,1406.48,90.32,372.55,947.84,-1,-1,-1,-1
626,61,643.32,103.22,413.48,959.75,-1,-1,-1,-1
626,65,229.11,213.56,285.23,802.76,-1,-1,-1,-1
627,53,1410.73,86.38,372.24,933.93,-1,-1,-1,-1
627,61,653.53,91.53,453.60,975.70,-1,-1,-1,-1
627,65,221.27,217.96,288.52,802.14,-1,-1,-1,-1
628,53,1425.26,107.19,366.50,900.32,-1,-1,-1,-1
628,61,707.71,129.41,430.46,928.71,-1,-1,-1,-1
628,65,206.63,220.18,300.20,810.74,-1,-1,-1,-1
629,53,1431.07,91.04,359.43,920.37,-1,-1,-1,-1
629,61,774.23,113.85,380.40,942.26,-1,-1,-1,-1
629,64,581.66,215.51,187.04,604.81,-1,-1,-1,-1
629,65,188.62,215.03,314.71,823.49,-1,-1,-1,-1
630,53,1437.44,81.47,352.74,924.95,-1,-1,-1,-1
630,61,821.86,84.70,342.95,972.80,-1,-1,-1,-1
630,64,562.96,214.35,186.57,610.91,-1,-1,-1,-1
630,65,173.84,202.86,324.04,840.36,-1,-1,-1,-1
630,66,1279.23,198.98,213.80,618.68,-1,-1,-1,-1