25,1,0.00,366.77,86.91,476.94,1,-1,-1,-1
26,1,-3.29,378.86,92.74,459.87,1,-1,-1,-1
27,1,-1.59,343.36,100.37,490.11,1,-1,-1,-1
28,1,2.89,320.81,111.66,518.20,1,-1,-1,-1
29,1,7.24,317.78,120.65,525.00,1,-1,-1,-1
30,1,13.39,300.79,119.07,545.01,1,-1,-1,-1
31,1,20.46,299.06,124.28,559.99,1,-1,-1,-1
32,1,26.28,288.58,129.10,566.35,1,-1,-1,-1
33,1,26.26,269.56,144.74,570.34,1,-1,-1,-1
34,1,28.45,263.75,155.33,584.64,1,-1,-1,-1
35,1,26.01,265.67,177.38,581.25,1,-1,-1,-1
36,1,29.22,261.12,200.12,585.88,1,-1,-1,-1
37,1,33.78,270.20,200.60,576.98,1,-1,-1,-1
38,1,39.68,274.45,200.82,572.85,1,-1,-1,-1
39,1,54.56,271.88,185.86,579.83,1,-1,-1,-1
40,1,82.82,266.36,181.09,585.51,1,-1,-1,-1
41,1,97.88,256.96,176.68,597.37,1,-1,-1,-1
42,1,108.25,261.80,176.76,595.28,1,-1,-1,-1
43,1,71.00,254.00,261.00,597.00,1,-1,-1,-1
44,1,78.98,246.59,292.73,611.10,1,-1,-1,-1
45,1,69.61,246.56,312.41,630.49,1,-1,-1,-1
46,1,68.31,245.36,316.62,639.65,1,-1,-1,-1
47,1,68.08,247.33,317.34,643.46,1,-1,-1,-1
48,1,75.19,247.92,308.27,654.69,1,-1,-1,-1
49,1,82.57,245.15,299.19,661.58,1,-1,-1,-1
50,1,84.17,244.41,298.41,665.28,1,-1,-1,-1
51,1,94.32,232.27,289.74,678.26,1,-1,-1,-1
52,1,96.31,230.54,290.50,678.44,1,-1,-1,-1
53,1,96.41,227.34,299.13,686.94,1,-1,-1,-1
54,1,96.69,231.93,303.65,700.78,1,-1,-1,-1
55,1,94.40,233.49,310.67,710.13,1,-1,-1,-1
56,1,94.25,237.07,316.94,719.16,1,-1,-1,-1
57,1,97.78,233.47,320.25,742.49,1,-1,-1,-1
58,1,97.92,226.48,325.59,763.76,1,-1,-1,-1
59,1,97.53,223.65,331.56,772.61,1,-1,-1,-1
60,1,94.72,221.32,335.94,780.18,1,-1,-1,-1
61,1,95.70,213.51,341.13,791.41,1,-1,-1,-1
62,1,94.39,213.14,345.55,796.98,1,-1,-1,-1
63,1,89.29,210.60,353.68,810.30,1,-1,-1,-1
64,1,87.98,203.79,361.64,818.77,1,-1,-1,-1
65,1,84.31,202.16,369.45,826.39,1,-1,-1,-1
66,1,96.69,211.44,378.49,832.26,1,-1,-1,-1
67,1,128.23,206.21,365.09,851.89,1,-1,-1,-1
68,1,134.07,204.26,369.00,859.37,1,-1,-1,-1
69,1,166.10,201.62,369.22,857.66,1,-1,-1,-1
70,1,196.93,193.35,358.44,868.44,1,-1,-1,-1
71,1,224.60,188.15,346.88,876.86,1,-1,-1,-1
72,1,251.58,176.78,356.06,886.58,1,-1,-1,-1
73,1,264.40,173.93,362.92,900.19,1,-1,-1,-1
74,1,288.17,180.39,391.82,902.18,1,-1,-1,-1
75,1,336.00,173.00,411.00,904.00,1,-1,-1,-1
76,1,337.86,177.51,417.54,905.53,1,-1,-1,-1
77,1,379.96,182.26,404.16,900.76,1,-1,-1,-1
78,1,425.38,174.92,385.79,905.91,1,-1,-1,-1
79,1,492.78,168.76,338.57,906.99,1,-1,-1,-1
80,1,509.96,159.21,337.47,914.23,1,-1,-1,-1
81,1,542.40,150.62,349.38,913.81,1,-1,-1,-1
82,1,570.49,154.63,384.39,917.24,1,-1,-1,-1
83,1,604.98,157.90,427.71,917.01,1,-1,-1,-1
84,1,615.64,167.91,440.76,909.60,1,-1,-1,-1
85,1,639.72,161.80,423.83,913.05,1,-1,-1,-1
86,1,681.59,167.86,398.82,907.87,1,-1,-1,-1
87,1,690.55,171.50,404.17,894.14,1,-1,-1,-1
88,1,740.78,174.10,376.86,885.43,1,-1,-1,-1
89,1,788.46,171.72,353.05,878.10,1,-1,-1,-1
90,1,815.14,164.95,357.19,879.95,1,-1,-1,-1
91,1,818.45,167.73,371.05,862.42,1,-1,-1,-1
92,1,818.52,173.23,389.51,867.92,1,-1,-1,-1
93,1,810.00,187.00,409.00,852.00,1,-1,-1,-1
94,1,833.05,192.06,403.55,855.35,1,-1,-1,-1
95,1,853.34,190.10,396.34,849.80,1,-1,-1,-1
96,1,878.44,189.39,381.39,839.98,1,-1,-1,-1
97,1,915.42,179.33,355.96,811.34,1,-1,-1,-1
98,1,944.52,181.66,335.03,795.00,1,-1,-1,-1
99,1,959.94,181.86,325.42,791.02,1,-1,-1,-1
100,1,974.97,184.56,319.80,780.40,1,-1,-1,-1
101,1,988.08,186.00,329.94,764.32,1,-1,-1,-1
102,1,999.64,191.58,324.43,749.37,1,-1,-1,-1
103,1,1013.71,192.91,313.66,750.73,1,-1,-1,-1
104,1,1031.90,182.20,303.50,759.44,1,-1,-1,-1
105,1,1040.91,179.10,303.20,759.06,1,-1,-1,-1
106,1,1046.10,180.12,302.08,760.93,1,-1,-1,-1
107,1,1060.00,191.16,299.98,739.74,1,-1,-1,-1
108,1,1079.51,181.31,290.74,746.99,1,-1,-1,-1
109,1,1104.28,186.74,291.27,730.87,1,-1,-1,-1
110,1,1120.87,192.67,283.36,715.94,1,-1,-1,-1
111,1,1138.47,195.11,281.52,705.35,1,-1,-1,-1
112,1,1149.29,191.78,270.16,701.09,1,-1,-1,-1
113,1,1149.71,199.55,275.08,688.59,1,-1,-1,-1
114,1,1160.28,204.25,262.24,684.89,1,-1,-1,-1
115,1,1164.77,209.25,272.43,669.18,1,-1,-1,-1
116,2,0.69,452.39,105.62,379.09,1,-1,-1,-1
116,1,1174.94,212.58,266.83,661.49,1,-1,-1,-1
117,2,2.56,440.31,105.00,379.00,1,-1,-1,-1
117,1,1179.92,217.11,271.79,647.67,1,-1,-1,-1
118,2,7.82,388.93,112.33,431.75,1,-1,-1,-1
118,1,1188.53,213.19,276.42,642.27,1,-1,-1,-1
119,2,8.06,373.85,116.00,450.25,1,-1,-1,-1
119,1,1193.78,211.66,277.06,640.86,1,-1,-1,-1
120,2,23.20,327.20,139.36,505.18,1,-1,-1,-1
120,1,1192.66,214.73,290.48,633.84,1,-1,-1,-1
121,2,25.36,290.10,177.87,533.93,1,-1,-1,-1
121,1,1195.48,216.23,296.93,628.46,1,-1,-1,-1
122,2,17.06,240.52,198.21,560.76,1,-1,-1,-1
122,1,1199.91,216.32,297.69,625.85,1,-1,-1,-1
123,2,16.00,241.85,207.51,573.63,1,-1,-1,-1
123,1,1202.61,216.05,295.08,620.45,1,-1,-1,-1
124,2,26.78,245.82,205.50,579.58,1,-1,-1,-1
124,1,1205.14,218.80,289.55,614.00,1,-1,-1,-1
125,2,19.88,244.70,216.67,588.67,1,-1,-1,-1
125,1,1211.44,216.96,275.24,619.92,1,-1,-1,-1
126,2,16.10,245.79,222.36,581.77,1,-1,-1,-1
126,1,1210.87,224.22,270.71,606.08,1,-1,-1,-1
127,2,16.06,243.06,216.99,577.64,1,-1,-1,-1
127,1,1209.35,225.24,265.58,591.93,1,-1,-1,-1
128,2,15.35,243.02,228.54,584.02,1,-1,-1,-1
128,1,1202.49,226.84,240.44,584.42,1,-1,-1,-1
129,2,13.94,235.60,221.06,593.21,1,-1,-1,-1
129,1,1193.24,229.74,230.35,567.51,1,-1,-1,-1
130,2,24.56,238.83,214.02,600.28,1,-1,-1,-1
130,1,1183.27,232.73,234.33,556.66,1,-1,-1,-1
131,2,28.55,237.84,209.86,600.60,1,-1,-1,-1
131,1,1179.40,233.11,228.39,550.32,1,-1,-1,-1
132,2,30.54,234.53,208.27,609.26,1,-1,-1,-1
132,1,1157.17,235.41,246.51,546.05,1,-1,-1,-1
133,2,37.63,234.84,202.90,619.38,1,-1,-1,-1
133,1,1122.55,242.56,267.14,541.68,1,-1,-1,-1
134,2,37.64,241.17,211.98,620.59,1,-1,-1,-1
134,1,1088.79,245.62,284.76,538.19,1,-1,-1,-1
135,2,44.60,235.09,220.40,623.35,1,-1,-1,-1
135,1,1067.43,243.51,282.05,541.17,1,-1,-1,-1
136,2,53.12,231.79,216.75,625.90,1,-1,-1,-1
136,1,1056.20,242.17,280.30,539.54,1,-1,-1,-1
137,2,42.93,231.83,223.05,623.30,1,-1,-1,-1
137,1,1043.58,238.88,267.68,533.65,1,-1,-1,-1
138,2,46.00,204.00,321.00,693.00,1,-1,-1,-1
138,1,1030.57,234.15,249.20,529.25,1,-1,-1,-1
139,2,41.54,203.07,343.83,698.48,1,-1,-1,-1
139,1,1023.70,233.27,237.93,535.43,1,-1,-1,-1
140,2,40.98,206.68,360.91,704.90,1,-1,-1,-1
140,1,1011.14,234.26,226.12,535.58,1,-1,-1,-1
141,2,45.24,210.07,361.54,708.69,1,-1,-1,-1
141,1,1010.63,233.30,216.73,540.53,1,-1,-1,-1
142,2,47.31,202.32,340.61,728.56,1,-1,-1,-1
142,1,984.27,233.68,235.32,535.76,1,-1,-1,-1
143,2,56.33,195.01,338.88,742.41,1,-1,-1,-1
143,1,963.07,243.44,243.85,532.27,1,-1,-1,-1
144,2,57.54,190.50,336.53,747.67,1,-1,-1,-1
144,1,950.21,251.84,247.66,529.06,1,-1,-1,-1
145,2,56.39,184.83,336.01,756.28,1,-1,-1,-1
145,1,923.76,250.79,247.05,534.29,1,-1,-1,-1
146,2,57.41,179.46,336.22,769.96,1,-1,-1,-1
146,1,920.17,253.62,237.72,530.33,1,-1,-1,-1
147,2,56.11,175.97,343.92,785.71,1,-1,-1,-1
147,1,896.41,245.66,235.36,533.03,1,-1,-1,-1
148,2,50.45,179.88,352.95,807.90,1,-1,-1,-1
148,1,865.92,238.06,243.16,538.25,1,-1,-1,-1
149,2,49.99,173.10,360.51,825.15,1,-1,-1,-1
149,1,842.89,233.21,261.61,546.63,1,-1,-1,-1
150,2,47.37,173.32,362.63,840.16,1,-1,-1,-1
150,1,809.66,225.05,283.90,565.54,1,-1,-1,-1
151,2,45.41,166.24,368.01,851.98,1,-1,-1,-1
151,1,791.68,230.68,294.88,563.03,1,-1,-1,-1
152,2,41.08,166.18,375.64,852.90,1,-1,-1,-1
152,1,772.28,235.16,295.55,565.75,1,-1,-1,-1
153,2,31.25,159.75,385.73,868.51,1,-1,-1,-1
153,1,757.18,240.70,293.95,568.21,1,-1,-1,-1
154,2,27.02,155.46,390.43,876.08,1,-1,-1,-1
154,1,750.67,249.40,265.66,567.65,1,-1,-1,-1
155,2,16.68,144.27,407.33,900.05,1,-1,-1,-1
155,1,736.63,249.15,245.32,571.48,1,-1,-1,-1
156,2,12.40,146.94,416.47,908.37,1,-1,-1,-1
156,1,727.14,249.34,228.66,565.54,1,-1,-1,-1
157,2,8.81,144.46,420.11,916.66,1,-1,-1,-1
157,1,724.81,253.80,223.38,560.32,1,-1,-1,-1
158,2,12.15,140.40,419.79,932.67,1,-1,-1,-1
158,1,711.82,242.17,224.48,568.98,1,-1,-1,-1
159,2,12.66,134.54,416.42,942.82,1,-1,-1,-1
159,1,693.13,237.72,231.23,577.03,1,-1,-1,-1
160,2,26.42,139.57,415.34,940.61,1,-1,-1,-1
160,1,672.49,232.81,242.23,581.00,1,-1,-1,-1
161,2,23.75,136.07,421.58,948.81,1,-1,-1,-1
161,1,668.91,234.41,234.72,586.70,1,-1,-1,-1
162,2,30.46,120.74,424.89,964.27,1,-1,-1,-1
162,1,667.52,245.12,233.91,580.92,1,-1,-1,-1
163,2,49.19,109.87,421.27,975.83,1,-1,-1,-1
163,1,671.83,243.40,225.20,588.66,1,-1,-1,-1
164,2,44.13,104.43,440.39,972.94,1,-1,-1,-1
164,1,669.21,245.65,228.94,584.58,1,-1,-1,-1
165,2,59.86,113.12,438.57,969.07,1,-1,-1,-1
165,1,667.05,243.98,226.21,590.38,1,-1,-1,-1
166,2,80.09,119.49,435.78,970.38,1,-1,-1,-1
166,1,660.09,244.93,236.13,591.79,1,-1,-1,-1
167,2,86.65,117.48,444.11,971.03,1,-1,-1,-1
167,1,660.21,242.00,247.62,594.24,1,-1,-1,-1
168,2,119.88,111.11,446.85,977.99,1,-1,-1,-1
168,1,664.81,242.92,266.07,599.78,1,-1,-1,-1
169,2,136.55,109.59,472.83,977.03,1,-1,-1,-1
169,1,671.65,242.50,284.69,596.83,1,-1,-1,-1
170,2,171.00,78.00,475.00,987.00,1,-1,-1,-1
170,1,681.00,244.26,284.76,599.21,1,-1,-1,-1
171,2,190.37,76.97,452.36,992.46,1,-1,-1,-1
171,1,695.89,245.48,294.66,598.21,1,-1,-1,-1
172,2,224.95,59.30,475.29,1008.40,1,-1,-1,-1
172,1,714.74,249.70,292.73,598.29,1,-1,-1,-1
173,2,274.72,58.96,465.63,1019.33,1,-1,-1,-1
173,1,731.35,248.98,290.39,592.76,1,-1,-1,-1
174,2,316.12,62.50,468.07,1017.96,1,-1,-1,-1
174,1,760.16,242.08,274.99,598.05,1,-1,-1,-1
175,2,359.78,65.03,461.73,1014.09,1,-1,-1,-1
175,1,783.84,244.89,260.72,589.60,1,-1,-1,-1
176,2,411.35,62.92,455.49,1019.01,1,-1,-1,-1
176,1,832.94,234.46,232.88,590.58,1,-1,-1,-1
177,2,463.28,61.46,444.04,1008.30,1,-1,-1,-1
177,1,852.71,230.37,228.72,602.97,1,-1,-1,-1
178,2,494.74,33.38,475.26,1042.62,1,-1,-1,-1
178,1,881.00,223.00,189.00,611.00,1,-1,-1,-1
179,2,535.10,72.09,459.74,1014.04,1,-1,-1,-1
179,1,899.63,233.95,210.03,613.09,1,-1,-1,-1
180,2,650.00,121.00,508.00,908.00,1,-1,-1,-1
180,1,910.18,216.58,229.02,590.58,1,-1,-1,-1
181,2,695.01,112.63,494.99,919.29,1,-1,-1,-1
181,1,857.00,240.00,347.00,601.00,1,-1,-1,-1
182,2,716.84,148.44,513.75,892.15,1,-1,-1,-1
182,1,898.73,234.57,329.12,613.10,1,-1,-1,-1
183,2,772.77,165.13,486.01,889.67,1,-1,-1,-1
183,1,941.58,237.42,314.18,634.14,1,-1,-1,-1
184,2,821.07,12.51,463.86,962.16,1,-1,-1,-1
184,1,914.85,172.95,374.79,682.65,1,-1,-1,-1
185,2,849.04,-0.95,471.38,988.83,1,-1,-1,-1
185,1,971.61,136.79,357.86,672.63,1,-1,-1,-1
186,3,928.69,250.34,282.35,515.25,1,-1,-1,-1
186,2,882.21,-15.45,459.11,1019.47,1,-1,-1,-1
187,3,943.56,222.41,287.29,524.66,1,-1,-1,-1
187,2,935.91,40.79,511.96,1028.30,1,-1,-1,-1
188,3,957.82,187.49,292.67,534.49,1,-1,-1,-1
188,2,960.77,9.86,547.30,1051.64,1,-1,-1,-1
189,2,977.55,63.14,603.32,986.90,1,-1,-1,-1
190,2,1027.21,102.08,601.77,936.45,1,-1,-1,-1
191,2,1071.32,35.44,544.15,992.85,1,-1,-1,-1
192,2,1082.08,115.25,568.67,936.55,1,-1,-1,-1
193,2,1130.36,109.51,547.59,931.25,1,-1,-1,-1
194,2,1161.15,111.49,532.51,933.60,1,-1,-1,-1
195,2,1186.75,124.67,519.93,910.74,1,-1,-1,-1
196,4,1324.18,26.17,180.03,222.40,1,-1,-1,-1
196,2,1195.20,99.94,515.50,933.77,1,-1,-1,-1
197,4,1350.16,21.84,180.00,222.00,1,-1,-1,-1
197,3,1163.00,236.00,209.00,624.00,1,-1,-1,-1
197,2,1205.16,72.93,530.77,965.11,1,-1,-1,-1
198,4,1377.33,18.68,180.00,222.00,1,-1,-1,-1
198,3,1162.79,217.61,242.37,646.56,1,-1,-1,-1
198,2,1233.96,54.80,534.23,996.12,1,-1,-1,-1
199,3,1166.95,216.58,249.47,670.49,1,-1,-1,-1
199,2,1266.35,64.38,547.61,999.61,1,-1,-1,-1
200,3,1173.09,210.60,245.50,685.23,1,-1,-1,-1
200,2,1329.99,44.36,512.72,1017.66,1,-1,-1,-1
201,3,1189.34,213.03,234.79,693.58,1,-1,-1,-1
201,2,1349.33,43.22,526.29,1020.68,1,-1,-1,-1
202,3,1197.37,217.32,242.87,693.88,1,-1,-1,-1
202,2,1354.78,50.19,527.34,1018.93,1,-1,-1,-1
203,3,1199.85,214.75,242.85,701.97,1,-1,-1,-1
203,2,1361.51,55.76,528.69,1017.61,1,-1,-1,-1
204,3,1198.23,217.39,243.58,694.41,1,-1,-1,-1
204,2,1382.62,54.83,532.72,1019.62,1,-1,-1,-1
205,3,1188.37,211.50,260.69,698.15,1,-1,-1,-1
205,2,1470.04,48.55,508.48,1009.79,1,-1,-1,-1
206,3,1170.44,202.31,260.57,718.51,1,-1,-1,-1
206,2,1455.00,67.00,450.00,1004.00,1,-1,-1,-1
207,3,1160.68,194.78,260.57,738.16,1,-1,-1,-1
207,2,1456.93,67.96,448.56,1003.70,1,-1,-1,-1
208,3,1142.33,198.48,271.23,737.57,1,-1,-1,-1
208,2,1477.75,66.96,434.70,1002.92,1,-1,-1,-1
209,3,1121.21,201.80,283.13,752.44,1,-1,-1,-1
209,2,1477.89,85.94,441.04,980.54,1,-1,-1,-1
210,3,1098.05,202.87,291.37,762.19,1,-1,-1,-1
210,2,1480.75,94.07,436.67,969.53,1,-1,-1,-1
211,3,1083.09,202.56,293.63,768.38,1,-1,-1,-1
211,2,1480.70,96.26,431.45,961.75,1,-1,-1,-1
212,3,1078.09,196.75,271.58,781.48,1,-1,-1,-1
212,2,1479.91,98.67,412.42,936.23,1,-1,-1,-1
213,3,1059.34,192.92,268.84,782.06,1,-1,-1,-1
213,2,1484.38,101.04,399.69,918.39,1,-1,-1,-1
214,3,1041.89,188.22,250.75,779.54,1,-1,-1,-1
214,2,1482.96,104.04,390.69,896.04,1,-1,-1,-1
215,3,1027.55,180.79,235.21,794.01,1,-1,-1,-1
215,2,1480.14,98.61,375.02,889.97,1,-1,-1,-1
216,3,990.94,169.15,251.74,792.39,1,-1,-1,-1
216,2,1481.96,103.78,362.56,876.50,1,-1,-1,-1
217,3,948.49,179.64,269.62,799.82,1,-1,-1,-1
217,2,1476.71,107.00,354.67,880.33,1,-1,-1,-1
218,3,901.03,168.87,312.01,816.69,1,-1,-1,-1
218,2,1471.30,113.02,357.25,855.15,1,-1,-1,-1
219,3,864.14,185.18,323.20,807.53,1,-1,-1,-1
219,2,1467.16,127.56,338.72,833.68,1,-1,-1,-1
220,3,848.00,189.36,314.39,803.10,1,-1,-1,-1
220,2,1461.08,131.32,318.64,794.43,1,-1,-1,-1
221,5,0.00,338.79,87.00,483.79,1,-1,-1,-1
221,3,843.13,185.91,291.31,812.42,1,-1,-1,-1
221,2,1451.49,130.20,304.26,783.77,1,-1,-1,-1
222,5,-1.35,331.98,98.93,488.15,1,-1,-1,-1
222,3,831.68,185.83,261.05,805.35,1,-1,-1,-1
222,2,1432.92,137.21,303.44,762.55,1,-1,-1,-1
223,5,2.80,317.16,110.24,508.13,1,-1,-1,-1
223,3,810.23,176.13,250.15,811.75,1,-1,-1,-1
223,2,1418.39,143.52,299.63,742.74,1,-1,-1,-1
224,5,3.55,302.01,116.35,525.51,1,-1,-1,-1
224,3,769.90,182.25,281.80,822.60,1,-1,-1,-1
224,2,1407.38,143.93,289.84,742.57,1,-1,-1,-1
225,5,4.91,293.99,122.45,536.67,1,-1,-1,-1
225,3,753.33,181.68,298.59,825.58,1,-1,-1,-1
225,2,1394.63,149.35,295.53,733.11,1,-1,-1,-1
226,5,9.38,285.21,124.84,550.98,1,-1,-1,-1
226,3,720.81,178.82,344.41,847.07,1,-1,-1,-1
226,2,1377.79,164.04,300.42,721.03,1,-1,-1,-1
227,5,11.45,283.51,125.06,556.58,1,-1,-1,-1
227,3,696.17,178.26,366.21,868.44,1,-1,-1,-1
227,2,1359.76,173.60,306.09,708.41,1,-1,-1,-1
228,5,17.12,284.61,124.83,560.59,1,-1,-1,-1
228,3,679.78,176.75,364.27,869.94,1,-1,-1,-1
228,2,1333.05,173.92,298.67,692.16,1,-1,-1,-1
229,5,18.25,278.12,126.86,560.63,1,-1,-1,-1
229,3,665.57,175.38,367.95,877.48,1,-1,-1,-1
229,2,1317.37,178.31,282.00,677.19,1,-1,-1,-1
230,5,20.56,273.91,127.19,564.48,1,-1,-1,-1
230,3,664.80,186.65,350.11,866.08,1,-1,-1,-1
230,2,1309.79,176.90,262.35,669.41,1,-1,-1,-1
231,5,24.53,270.42,133.96,573.21,1,-1,-1,-1
231,3,675.34,177.90,310.45,881.50,1,-1,-1,-1
231,2,1293.16,172.66,264.17,658.39,1,-1,-1,-1
232,5,29.78,266.71,152.90,582.38,1,-1,-1,-1
232,3,682.14,169.43,296.82,890.73,1,-1,-1,-1
232,2,1271.39,174.44,270.99,649.70,1,-1,-1,-1
233,5,30.90,264.53,175.20,584.69,1,-1,-1,-1
233,3,675.72,171.79,296.85,887.23,1,-1,-1,-1
233,2,1255.96,175.15,274.03,646.45,1,-1,-1,-1
234,5,31.85,263.09,179.81,590.47,1,-1,-1,-1
234,3,671.29,166.90,289.94,901.67,1,-1,-1,-1
234,2,1244.43,177.59,276.67,647.33,1,-1,-1,-1
235,5,31.26,261.25,188.05,599.28,1,-1,-1,-1
235,3,661.53,164.42,299.66,908.12,1,-1,-1,-1
235,2,1220.68,184.24,288.32,633.01,1,-1,-1,-1
236,5,32.37,268.26,186.52,591.92,1,-1,-1,-1
236,3,660.73,162.41,306.71,920.45,1,-1,-1,-1
236,2,1206.88,203.35,296.91,613.68,1,-1,-1,-1
237,5,38.44,265.64,179.27,595.53,1,-1,-1,-1
237,3,654.24,163.94,316.47,927.48,1,-1,-1,-1
237,2,1202.59,198.92,257.30,621.37,1,-1,-1,-1
238,5,48.42,264.21,177.49,603.29,1,-1,-1,-1
238,3,626.73,162.09,351.01,932.79,1,-1,-1,-1
238,2,1184.39,198.58,247.95,607.29,1,-1,-1,-1
239,5,57.28,255.88,177.36,615.85,1,-1,-1,-1
239,3,610.86,169.00,372.70,921.90,1,-1,-1,-1
239,2,1188.00,186.00,166.00,600.00,1,-1,-1,-1
240,5,60.43,256.24,177.75,615.78,1,-1,-1,-1
240,3,604.21,176.83,389.00,924.06,1,-1,-1,-1
240,2,1176.30,194.40,171.59,588.38,1,-1,-1,-1
241,5,67.63,253.58,180.14,612.81,1,-1,-1,-1
241,3,601.45,169.72,425.23,936.10,1,-1,-1,-1
241,2,1157.09,185.48,162.30,595.28,1,-1,-1,-1
242,5,66.01,245.87,186.41,616.22,1,-1,-1,-1
242,3,621.10,158.22,429.66,948.21,1,-1,-1,-1
242,2,1125.68,182.45,191.40,598.29,1,-1,-1,-1
243,5,70.89,241.81,187.50,624.54,1,-1,-1,-1
243,3,661.27,162.90,401.14,942.86,1,-1,-1,-1
243,2,1102.15,189.90,206.81,590.42,1,-1,-1,-1
244,5,15.00,245.00,269.00,616.00,1,-1,-1,-1
244,3,704.56,164.16,371.79,944.10,1,-1,-1,-1
244,2,1082.62,198.46,221.78,589.68,1,-1,-1,-1
245,5,19.09,242.35,270.20,622.03,1,-1,-1,-1
245,3,724.77,164.93,361.81,936.33,1,-1,-1,-1
245,2,1076.68,202.67,224.00,588.72,1,-1,-1,-1
246,5,21.49,239.85,266.94,639.28,1,-1,-1,-1
246,3,744.89,165.10,342.59,935.46,1,-1,-1,-1
246,2,1061.80,203.58,219.09,591.26,1,-1,-1,-1
247,5,18.38,239.76,274.51,651.33,1,-1,-1,-1
247,3,767.05,187.60,338.89,910.27,1,-1,-1,-1
247,2,1057.38,211.72,180.82,584.61,1,-1,-1,-1
248,5,15.46,241.59,278.41,653.89,1,-1,-1,-1
248,3,861.78,168.36,295.12,837.58,1,-1,-1,-1
248,2,1030.82,203.44,169.77,566.70,1,-1,-1,-1
249,5,14.08,242.29,279.05,666.50,1,-1,-1,-1
249,3,852.45,127.31,338.65,895.92,1,-1,-1,-1
249,2,1012.05,203.80,159.73,577.33,1,-1,-1,-1
250,5,8.21,235.92,289.11,679.99,1,-1,-1,-1
250,3,850.00,109.00,459.00,966.00,1,-1,-1,-1
251,5,10.26,226.56,288.85,689.18,1,-1,-1,-1
251,3,870.71,122.74,473.48,948.51,1,-1,-1,-1
252,5,5.11,229.10,297.88,687.89,1,-1,-1,-1
252,3,880.82,114.71,473.65,953.09,1,-1,-1,-1
253,5,5.78,224.02,296.17,698.82,1,-1,-1,-1
253,3,887.59,120.11,487.41,945.31,1,-1,-1,-1
254,5,5.15,223.50,297.01,705.97,1,-1,-1,-1
254,3,922.64,120.66,483.57,946.37,1,-1,-1,-1
254,2,857.00,207.00,185.00,542.00,1,-1,-1,-1
255,5,0.82,217.45,303.74,717.12,1,-1,-1,-1
255,3,964.57,125.68,474.43,940.12,1,-1,-1,-1
255,2,848.72,212.80,209.14,555.68,1,-1,-1,-1
256,5,0.67,220.08,301.39,733.68,1,-1,-1,-1
256,3,1028.19,122.77,446.97,952.01,1,-1,-1,-1
256,2,829.48,212.60,213.98,566.82,1,-1,-1,-1
257,5,1.16,222.28,303.70,749.52,1,-1,-1,-1
257,3,1068.07,131.81,450.95,947.85,1,-1,-1,-1
257,2,813.97,214.12,203.97,565.51,1,-1,-1,-1
258,5,-5.01,221.09,311.82,759.46,1,-1,-1,-1
258,3,1083.58,151.71,444.22,921.14,1,-1,-1,-1
258,2,801.83,213.83,200.25,564.28,1,-1,-1,-1
259,5,-0.88,220.19,310.67,775.06,1,-1,-1,-1
259,3,1114.05,141.26,438.31,936.10,1,-1,-1,-1
259,2,792.10,214.43,187.43,558.11,1,-1,-1,-1
260,5,-1.00,220.44,317.71,792.36,1,-1,-1,-1
260,3,1152.43,144.65,437.16,934.55,1,-1,-1,-1
260,2,763.34,209.25,194.16,568.63,1,-1,-1,-1
261,5,4.28,204.91,322.17,810.50,1,-1,-1,-1
261,3,1175.78,139.71,442.53,932.08,1,-1,-1,-1
261,2,732.49,209.99,209.20,578.69,1,-1,-1,-1
262,5,5.16,192.81,326.81,825.84,1,-1,-1,-1
262,3,1195.96,132.78,444.87,941.20,1,-1,-1,-1
262,2,702.07,223.24,226.14,569.66,1,-1,-1,-1
263,5,5.68,184.39,332.20,837.26,1,-1,-1,-1
263,3,1221.76,145.99,444.44,926.09,1,-1,-1,-1
263,2,680.11,221.14,235.85,574.99,1,-1,-1,-1
264,5,9.16,185.07,330.10,840.54,1,-1,-1,-1
264,3,1254.32,130.48,426.27,939.98,1,-1,-1,-1
264,2,673.24,229.54,225.95,577.16,1,-1,-1,-1
265,5,21.81,180.90,325.77,848.56,1,-1,-1,-1
265,3,1295.99,124.99,404.55,940.84,1,-1,-1,-1
265,2,660.30,222.89,203.59,578.96,1,-1,-1,-1
266,5,39.25,175.62,324.68,864.33,1,-1,-1,-1
266,3,1316.05,121.83,399.60,944.47,1,-1,-1,-1
266,2,644.47,218.26,193.86,581.98,1,-1,-1,-1
267,5,56.64,174.88,327.70,879.90,1,-1,-1,-1
267,3,1335.21,130.08,396.46,930.94,1,-1,-1,-1
267,2,620.59,211.78,196.95,585.32,1,-1,-1,-1
268,5,65.84,174.41,351.48,889.35,1,-1,-1,-1
268,3,1349.88,145.11,389.27,912.21,1,-1,-1,-1
268,2,600.75,202.03,195.91,595.65,1,-1,-1,-1
269,5,88.29,173.17,336.78,886.67,1,-1,-1,-1
269,3,1359.21,145.34,385.01,904.84,1,-1,-1,-1
269,2,576.66,209.42,204.66,591.95,1,-1,-1,-1
270,5,89.00,172.20,346.64,894.95,1,-1,-1,-1
270,3,1361.89,145.40,385.91,900.31,1,-1,-1,-1
270,2,568.80,207.33,207.09,603.23,1,-1,-1,-1
271,5,102.22,164.84,346.88,907.71,1,-1,-1,-1
271,3,1366.51,127.74,391.10,899.06,1,-1,-1,-1
271,2,545.64,210.06,228.69,611.74,1,-1,-1,-1
272,5,115.48,171.28,357.25,908.49,1,-1,-1,-1
272,3,1370.10,130.24,404.15,911.88,1,-1,-1,-1
272,2,541.07,211.87,227.99,621.33,1,-1,-1,-1
273,5,137.57,166.97,363.08,913.55,1,-1,-1,-1
273,3,1373.80,126.42,414.63,905.31,1,-1,-1,-1
273,2,531.31,220.02,229.27,616.47,1,-1,-1,-1
274,5,145.29,171.40,371.36,899.01,1,-1,-1,-1
274,3,1377.33,130.08,430.09,895.87,1,-1,-1,-1
274,2,497.13,214.08,218.79,633.24,1,-1,-1,-1
275,5,153.72,167.62,372.27,903.58,1,-1,-1,-1
275,3,1384.14,133.70,426.91,905.30,1,-1,-1,-1
275,2,509.00,204.00,201.00,651.00,1,-1,-1,-1
276,5,149.52,169.12,385.83,904.23,1,-1,-1,-1
276,3,1387.96,149.22,431.19,874.18,1,-1,-1,-1
276,2,493.86,201.47,202.22,650.88,1,-1,-1,-1
277,5,148.01,169.97,399.26,899.78,1,-1,-1,-1
277,3,1402.80,154.15,411.18,860.34,1,-1,-1,-1
277,2,473.69,201.63,194.67,653.05,1,-1,-1,-1
278,5,152.44,168.70,431.49,907.46,1,-1,-1,-1
278,3,1407.99,157.19,407.52,847.82,1,-1,-1,-1
278,2,470.10,202.89,186.56,666.18,1,-1,-1,-1
279,5,159.38,171.34,441.68,914.61,1,-1,-1,-1
279,3,1421.76,153.03,387.41,846.37,1,-1,-1,-1
279,2,465.26,192.99,189.33,650.82,1,-1,-1,-1
280,5,130.00,160.00,510.00,888.00,1,-1,-1,-1
280,3,1428.77,149.03,363.63,828.99,1,-1,-1,-1
280,2,451.90,199.90,183.78,611.62,1,-1,-1,-1
281,5,137.03,160.77,502.64,899.47,1,-1,-1,-1
281,3,1435.05,144.32,345.24,807.89,1,-1,-1,-1
281,2,446.01,194.27,173.45,600.51,1,-1,-1,-1
282,5,146.97,138.36,505.38,908.14,1,-1,-1,-1
282,3,1447.68,149.73,323.42,785.41,1,-1,-1,-1
282,2,432.36,185.08,188.89,611.77,1,-1,-1,-1
283,5,169.76,122.78,496.39,936.16,1,-1,-1,-1
283,3,1456.24,148.32,306.10,782.62,1,-1,-1,-1
283,2,439.23,183.05,192.43,623.24,1,-1,-1,-1
284,5,204.42,112.78,471.57,955.58,1,-1,-1,-1
284,3,1452.48,160.23,301.90,752.54,1,-1,-1,-1
284,2,446.24,178.47,196.04,634.93,1,-1,-1,-1
285,5,242.77,99.68,457.24,968.80,1,-1,-1,-1
285,3,1449.85,169.29,292.79,736.90,1,-1,-1,-1
285,2,466.18,171.23,199.71,646.83,1,-1,-1,-1
286,5,284.79,95.98,464.83,976.05,1,-1,-1,-1
286,3,1474.00,190.00,225.00,718.00,1,-1,-1,-1
286,2,476.06,161.25,203.46,658.96,1,-1,-1,-1
287,5,308.45,84.08,483.07,991.96,1,-1,-1,-1
287,3,1458.29,191.96,217.29,703.56,1,-1,-1,-1
287,2,502.09,153.74,207.27,671.32,1,-1,-1,-1
288,5,312.94,85.54,493.88,983.62,1,-1,-1,-1
288,3,1452.16,194.76,216.72,692.94,1,-1,-1,-1
288,2,504.21,148.81,211.16,683.91,1,-1,-1,-1
289,5,329.34,79.79,504.58,998.21,1,-1,-1,-1
289,3,1433.42,176.83,215.65,705.04,1,-1,-1,-1
289,2,542.26,152.06,215.12,696.73,1,-1,-1,-1
289,1,338.00,160.00,192.00,447.00,1,-1,-1,-1
290,5,371.84,92.00,486.23,995.11,1,-1,-1,-1
290,3,1413.88,180.08,233.68,698.53,1,-1,-1,-1
290,1,365.11,173.66,189.54,588.35,1,-1,-1,-1
291,5,417.43,105.30,464.64,979.23,1,-1,-1,-1
291,3,1392.17,186.12,245.23,686.47,1,-1,-1,-1
291,1,349.46,154.54,225.95,657.65,1,-1,-1,-1
292,5,435.09,107.32,462.43,969.46,1,-1,-1,-1
292,3,1385.02,191.40,248.25,678.05,1,-1,-1,-1
292,1,395.00,195.00,217.00,723.00,1,-1,-1,-1
293,5,457.34,100.05,471.32,977.24,1,-1,-1,-1
293,3,1363.71,196.35,254.84,671.50,1,-1,-1,-1
293,1,398.57,170.43,229.24,755.40,1,-1,-1,-1
294,5,473.18,85.84,483.08,984.47,1,-1,-1,-1
294,3,1346.62,202.53,266.93,662.92,1,-1,-1,-1
294,1,395.64,169.93,241.29,772.60,1,-1,-1,-1
295,5,472.00,64.00,459.00,988.00,1,-1,-1,-1
295,3,1337.78,203.61,273.86,661.00,1,-1,-1,-1
295,1,393.95,161.65,245.84,802.13,1,-1,-1,-1
296,5,505.19,64.27,459.91,984.55,1,-1,-1,-1
296,3,1336.85,211.38,268.78,654.82,1,-1,-1,-1
296,1,380.81,159.47,269.61,827.51,1,-1,-1,-1
297,5,551.03,62.79,459.02,989.44,1,-1,-1,-1
297,3,1330.35,214.47,248.03,648.17,1,-1,-1,-1
297,1,369.96,158.94,283.07,845.53,1,-1,-1,-1
298,5,602.02,61.39,446.55,991.24,1,-1,-1,-1
298,3,1323.57,211.97,240.94,645.56,1,-1,-1,-1
298,1,366.10,158.08,292.89,852.39,1,-1,-1,-1
299,5,641.42,62.03,446.43,1009.10,1,-1,-1,-1
299,3,1305.87,210.39,229.03,641.95,1,-1,-1,-1
299,1,353.61,157.98,295.60,855.10,1,-1,-1,-1
300,5,692.16,68.10,432.34,1007.95,1,-1,-1,-1
300,3,1291.67,206.94,219.22,636.92,1,-1,-1,-1
300,1,349.61,160.87,300.25,857.28,1,-1,-1,-1
301,5,757.84,73.61,415.26,1003.22,1,-1,-1,-1
301,3,1278.79,206.88,221.96,632.69,1,-1,-1,-1
301,1,342.51,156.96,305.95,872.80,1,-1,-1,-1
302,5,784.81,77.55,416.36,999.69,1,-1,-1,-1
302,3,1268.93,208.89,225.81,623.57,1,-1,-1,-1
302,1,340.74,153.32,310.15,885.16,1,-1,-1,-1
303,5,813.81,80.51,413.25,996.21,1,-1,-1,-1
303,3,1252.75,211.65,227.88,618.20,1,-1,-1,-1
303,1,338.69,147.72,310.22,891.03,1,-1,-1,-1
304,5,820.21,66.94,442.92,999.86,1,-1,-1,-1
304,3,1229.42,216.63,226.29,615.83,1,-1,-1,-1
304,1,339.26,137.84,319.91,910.91,1,-1,-1,-1
305,5,845.49,61.82,494.41,1003.24,1,-1,-1,-1
305,3,1227.00,230.00,230.00,606.00,1,-1,-1,-1
305,1,345.21,130.94,322.98,923.88,1,-1,-1,-1
306,5,899.60,62.03,501.83,1013.95,1,-1,-1,-1
306,3,1209.61,241.62,248.31,593.84,1,-1,-1,-1
306,1,343.03,126.81,332.57,936.15,1,-1,-1,-1
307,5,926.76,59.28,479.09,1022.21,1,-1,-1,-1
307,3,1216.93,253.17,221.31,583.10,1,-1,-1,-1
307,1,339.96,130.38,342.72,929.65,1,-1,-1,-1
308,5,974.30,62.67,432.38,1004.94,1,-1,-1,-1
308,3,1223.01,247.09,221.31,583.10,1,-1,-1,-1
308,1,339.52,137.21,349.63,924.52,1,-1,-1,-1
309,5,1015.83,70.49,404.50,988.38,1,-1,-1,-1
309,1,347.45,127.15,360.28,947.71,1,-1,-1,-1
310,5,1021.02,78.98,419.65,977.73,1,-1,-1,-1
310,1,350.30,124.73,355.77,953.87,1,-1,-1,-1
311,5,1025.17,86.22,449.43,967.55,1,-1,-1,-1
311,4,1025.00,222.00,205.00,492.00,1,-1,-1,-1
311,1,363.19,116.64,357.98,958.83,1,-1,-1,-1
312,5,1110.50,84.82,392.45,972.49,1,-1,-1,-1
312,4,998.72,226.23,223.90,524.62,1,-1,-1,-1
312,1,377.50,107.36,365.63,974.88,1,-1,-1,-1
313,5,1129.35,71.01,391.30,977.34,1,-1,-1,-1
313,4,984.32,225.79,235.15,540.82,1,-1,-1,-1
313,1,369.61,110.13,367.10,968.06,1,-1,-1,-1
314,5,1139.59,76.89,407.30,972.21,1,-1,-1,-1
314,4,959.77,235.46,258.98,552.40,1,-1,-1,-1
314,1,389.16,103.25,353.06,975.82,1,-1,-1,-1
315,5,1161.28,71.95,416.99,976.85,1,-1,-1,-1
315,4,941.72,245.33,264.88,552.24,1,-1,-1,-1
315,1,400.41,95.10,361.86,985.90,1,-1,-1,-1
316,5,1185.31,91.79,429.06,956.14,1,-1,-1,-1
316,4,929.37,249.08,244.34,541.60,1,-1,-1,-1
316,1,405.36,95.83,348.09,986.66,1,-1,-1,-1
317,5,1214.69,95.20,427.75,957.11,1,-1,-1,-1
317,4,932.54,254.34,221.96,530.91,1,-1,-1,-1
317,1,407.35,102.44,352.16,986.74,1,-1,-1,-1
318,5,1245.95,106.14,421.08,948.37,1,-1,-1,-1
318,4,917.14,231.27,198.23,544.86,1,-1,-1,-1
318,1,426.24,95.98,351.72,991.76,1,-1,-1,-1
319,5,1275.76,119.62,421.19,939.55,1,-1,-1,-1
319,4,889.99,224.64,204.73,563.23,1,-1,-1,-1
319,1,442.90,99.57,356.13,981.92,1,-1,-1,-1
320,5,1304.95,125.91,437.99,937.76,1,-1,-1,-1
320,4,847.21,225.51,240.93,558.07,1,-1,-1,-1
320,1,444.32,97.14,360.68,976.95,1,-1,-1,-1
321,5,1341.41,113.41,435.44,930.91,1,-1,-1,-1
321,4,812.78,224.52,274.15,552.05,1,-1,-1,-1
321,1,485.00,76.49,402.00,1005.06,1,-1,-1,-1
322,5,1362.75,106.63,431.89,937.71,1,-1,-1,-1
322,3,736.00,221.00,361.00,541.00,1,-1,-1,-1
322,1,508.67,74.86,389.02,1008.27,1,-1,-1,-1
323,5,1382.44,98.98,424.36,949.55,1,-1,-1,-1
323,3,745.70,218.88,334.03,542.02,1,-1,-1,-1
323,1,525.62,69.33,370.75,1019.63,1,-1,-1,-1
324,5,1390.38,109.24,404.07,928.62,1,-1,-1,-1
324,3,681.39,239.78,405.01,570.70,1,-1,-1,-1
324,1,572.73,65.33,415.01,1020.41,1,-1,-1,-1
325,6,685.47,41.73,200.92,233.85,1,-1,-1,-1
325,5,1398.48,114.41,387.75,915.02,1,-1,-1,-1
325,3,673.63,216.86,380.82,570.70,1,-1,-1,-1
325,1,599.29,105.33,421.08,975.49,1,-1,-1,-1
326,6,716.01,42.04,200.00,233.00,1,-1,-1,-1
326,5,1410.48,115.58,365.83,918.32,1,-1,-1,-1
326,3,663.22,206.46,380.82,570.70,1,-1,-1,-1
326,1,631.06,78.03,401.66,998.29,1,-1,-1,-1
327,6,749.39,46.81,200.00,233.00,1,-1,-1,-1
327,5,1417.57,115.48,361.48,926.65,1,-1,-1,-1
327,1,677.32,47.38,396.49,1034.36,1,-1,-1,-1
328,5,1425.39,123.70,359.98,891.50,1,-1,-1,-1
328,1,707.37,72.67,408.33,997.16,1,-1,-1,-1
329,5,1433.24,126.40,356.76,876.29,1,-1,-1,-1
329,4,665.00,226.00,163.00,570.00,1,-1,-1,-1
329,1,701.52,129.98,452.75,924.30,1,-1,-1,-1
330,5,1434.15,126.33,363.90,847.74,1,-1,-1,-1
330,4,621.52,235.25,222.08,572.70,1,-1,-1,-1
330,1,782.10,77.47,393.67,970.84,1,-1,-1,-1
331,5,1425.54,126.08,368.52,838.20,1,-1,-1,-1
331,4,614.32,244.65,219.85,578.67,1,-1,-1,-1
331,1,841.20,40.98,423.21,999.34,1,-1,-1,-1
332,5,1421.52,127.94,374.91,824.06,1,-1,-1,-1
332,4,605.02,248.02,223.47,580.87,1,-1,-1,-1
332,1,861.16,59.88,418.76,1020.74,1,-1,-1,-1
333,5,1418.34,130.40,369.45,809.20,1,-1,-1,-1
333,4,592.17,238.05,220.51,593.21,1,-1,-1,-1
333,1,912.39,57.15,418.02,1007.72,1,-1,-1,-1
334,5,1413.53,134.70,353.87,801.40,1,-1,-1,-1
334,4,584.57,236.57,205.54,601.93,1,-1,-1,-1
334,1,953.16,62.45,409.37,1016.90,1,-1,-1,-1
335,5,1404.61,145.66,349.07,784.98,1,-1,-1,-1
335,4,563.76,243.82,195.92,593.93,1,-1,-1,-1
335,1,1010.40,49.83,390.14,1018.61,1,-1,-1,-1
336,5,1404.49,155.27,328.96,754.66,1,-1,-1,-1
336,4,541.59,235.50,190.92,606.48,1,-1,-1,-1
336,1,1063.53,41.93,361.38,1014.01,1,-1,-1,-1
337,5,1403.82,156.14,306.76,734.76,1,-1,-1,-1
337,4,513.00,223.00,226.00,635.00,1,-1,-1,-1
337,1,1091.61,36.45,342.30,1014.75,1,-1,-1,-1
338,5,1389.38,158.44,304.08,709.93,1,-1,-1,-1
338,4,484.29,225.03,260.12,645.80,1,-1,-1,-1
338,1,1123.81,50.57,339.05,1039.81,1,-1,-1,-1
339,5,1414.00,179.00,265.00,695.00,1,-1,-1,-1
339,4,472.19,226.52,270.43,658.42,1,-1,-1,-1
339,1,1135.99,49.50,350.79,1026.22,1,-1,-1,-1
340,5,1421.34,185.33,252.28,682.09,1,-1,-1,-1
340,4,443.73,231.13,298.84,665.92,1,-1,-1,-1
340,1,1150.39,64.44,370.65,1022.71,1,-1,-1,-1
341,5,1432.39,185.48,228.69,666.47,1,-1,-1,-1
341,4,420.32,232.91,306.27,680.80,1,-1,-1,-1
341,1,1165.61,52.37,376.97,1029.51,1,-1,-1,-1
342,5,1401.97,175.05,258.89,678.97,1,-1,-1,-1
342,4,408.37,232.35,304.47,697.51,1,-1,-1,-1
342,1,1200.46,61.14,363.10,1029.35,1,-1,-1,-1
343,5,1360.85,145.28,258.89,678.97,1,-1,-1,-1
343,4,401.59,226.43,301.66,710.03,1,-1,-1,-1
343,1,1223.34,49.86,360.04,1032.34,1,-1,-1,-1
344,4,392.93,220.18,294.26,722.39,1,-1,-1,-1
344,1,1241.86,76.70,371.44,1018.64,1,-1,-1,-1
345,4,382.95,216.43,287.55,723.25,1,-1,-1,-1
345,1,1269.25,72.45,392.38,1014.17,1,-1,-1,-1
346,4,371.52,215.62,282.94,734.10,1,-1,-1,-1
346,2,1265.00,236.00,137.00,553.00,1,-1,-1,-1
346,1,1283.23,69.99,419.55,1011.20,1,-1,-1,-1
347,4,360.78,210.22,284.31,760.27,1,-1,-1,-1
347,2,1252.88,241.25,157.16,559.42,1,-1,-1,-1
347,1,1285.30,74.62,436.67,1004.89,1,-1,-1,-1
348,4,354.47,208.81,286.76,772.26,1,-1,-1,-1
348,2,1243.01,237.33,160.63,570.12,1,-1,-1,-1
348,1,1268.33,70.35,454.85,1003.56,1,-1,-1,-1
349,4,351.83,209.24,282.24,781.78,1,-1,-1,-1
349,2,1245.76,231.19,184.16,584.82,1,-1,-1,-1
349,1,1305.58,88.42,428.41,994.31,1,-1,-1,-1
350,4,341.28,208.29,284.70,790.71,1,-1,-1,-1
350,2,1258.89,214.18,167.43,597.75,1,-1,-1,-1
350,1,1338.02,93.47,416.98,991.34,1,-1,-1,-1
351,4,322.34,209.68,296.93,808.57,1,-1,-1,-1
351,2,1230.00,202.00,171.00,604.00,1,-1,-1,-1
351,1,1325.43,95.26,437.42,974.89,1,-1,-1,-1
352,4,303.18,204.81,311.23,824.99,1,-1,-1,-1
352,2,1204.86,190.59,184.15,606.61,1,-1,-1,-1
352,1,1399.52,105.64,371.52,948.56,1,-1,-1,-1
353,4,280.05,199.43,316.73,832.19,1,-1,-1,-1
353,2,1165.56,199.72,201.34,604.53,1,-1,-1,-1
353,1,1418.37,99.17,344.07,944.50,1,-1,-1,-1
354,4,267.03,189.67,315.87,847.50,1,-1,-1,-1
354,2,1129.89,209.39,232.67,601.02,1,-1,-1,-1
354,1,1431.37,100.41,340.67,945.46,1,-1,-1,-1
355,4,253.99,184.02,317.57,858.42,1,-1,-1,-1
355,2,1107.77,215.77,241.36,597.06,1,-1,-1,-1
355,1,1433.25,99.29,323.32,932.22,1,-1,-1,-1
356,4,243.22,186.87,327.58,872.12,1,-1,-1,-1
356,2,1090.09,219.07,219.67,591.32,1,-1,-1,-1
356,1,1440.20,105.82,306.92,923.82,1,-1,-1,-1
357,4,242.37,187.95,325.00,876.80,1,-1,-1,-1
357,2,1081.38,210.23,196.26,600.81,1,-1,-1,-1
357,1,1446.37,106.92,300.31,920.45,1,-1,-1,-1
358,4,249.55,192.51,322.21,878.95,1,-1,-1,-1
358,2,1062.05,203.57,193.03,601.36,1,-1,-1,-1
358,1,1453.00,101.54,295.63,921.00,1,-1,-1,-1
359,4,265.69,198.39,317.70,874.35,1,-1,-1,-1
359,2,1051.80,202.44,187.93,601.26,1,-1,-1,-1
359,1,1461.73,109.18,286.79,912.96,1,-1,-1,-1
360,4,280.78,203.05,318.25,875.01,1,-1,-1,-1
360,2,1034.47,208.87,192.35,586.37,1,-1,-1,-1
360,1,1465.96,118.68,276.99,873.64,1,-1,-1,-1
361,4,281.25,199.23,329.59,883.51,1,-1,-1,-1
361,2,1009.39,215.71,196.78,580.25,1,-1,-1,-1
361,1,1462.27,123.42,270.49,845.35,1,-1,-1,-1
362,4,284.53,196.75,332.07,879.07,1,-1,-1,-1
362,2,981.05,207.15,201.45,594.05,1,-1,-1,-1
362,1,1461.34,123.03,267.54,831.71,1,-1,-1,-1
363,4,298.87,195.58,326.57,885.78,1,-1,-1,-1
363,2,957.68,207.92,205.54,602.63,1,-1,-1,-1
363,1,1455.09,125.29,261.79,803.44,1,-1,-1,-1
364,4,304.12,197.33,328.56,881.43,1,-1,-1,-1
364,2,950.45,211.25,205.75,603.66,1,-1,-1,-1
364,1,1444.56,130.68,260.81,736.57,1,-1,-1,-1
365,4,319.25,195.41,313.23,886.25,1,-1,-1,-1
365,2,935.25,218.53,204.69,612.33,1,-1,-1,-1
365,1,1429.84,130.12,259.09,752.23,1,-1,-1,-1
366,4,336.42,184.20,304.25,900.48,1,-1,-1,-1
366,2,918.59,217.98,180.70,611.82,1,-1,-1,-1
366,1,1406.37,131.86,265.74,749.82,1,-1,-1,-1
367,4,348.23,176.24,330.57,916.88,1,-1,-1,-1
367,2,901.23,207.20,173.78,619.95,1,-1,-1,-1
367,1,1376.56,143.27,286.03,740.43,1,-1,-1,-1
368,4,367.18,174.12,343.45,917.14,1,-1,-1,-1
368,2,874.95,211.03,172.29,632.06,1,-1,-1,-1
368,1,1359.09,149.92,297.22,747.89,1,-1,-1,-1
369,4,387.76,171.74,343.00,920.54,1,-1,-1,-1
369,2,849.89,203.41,187.91,630.79,1,-1,-1,-1
369,1,1329.91,163.47,319.22,741.18,1,-1,-1,-1
370,4,400.33,178.74,351.73,917.89,1,-1,-1,-1
370,2,824.96,212.99,198.92,636.73,1,-1,-1,-1
370,1,1314.24,164.74,311.70,723.84,1,-1,-1,-1
371,4,396.67,184.60,361.31,918.97,1,-1,-1,-1
371,2,817.63,208.79,203.29,636.25,1,-1,-1,-1
371,1,1307.92,164.53,310.65,711.50,1,-1,-1,-1
372,4,401.43,181.63,374.34,921.51,1,-1,-1,-1
372,2,787.06,216.01,210.38,637.84,1,-1,-1,-1
372,1,1270.42,164.12,322.94,703.79,1,-1,-1,-1
373,5,753.00,223.00,229.00,630.00,1,-1,-1,-1
373,4,409.32,174.13,376.34,920.39,1,-1,-1,-1
373,1,1253.10,165.57,315.53,704.95,1,-1,-1,-1
374,5,751.02,254.93,207.28,598.01,1,-1,-1,-1
374,4,438.51,162.84,427.37,925.30,1,-1,-1,-1
374,1,1249.79,162.25,298.43,703.56,1,-1,-1,-1
375,5,718.19,224.72,217.37,598.01,1,-1,-1,-1
375,4,483.01,154.75,401.04,930.52,1,-1,-1,-1
375,1,1247.23,156.84,276.08,706.99,1,-1,-1,-1
376,5,699.58,215.29,221.45,609.22,1,-1,-1,-1
376,4,506.02,151.64,390.94,929.66,1,-1,-1,-1
376,1,1242.82,162.19,272.31,701.44,1,-1,-1,-1
377,5,696.21,221.26,225.60,620.64,1,-1,-1,-1
377,4,515.58,148.49,384.64,931.18,1,-1,-1,-1
377,1,1240.22,164.42,255.50,695.17,1,-1,-1,-1
378,4,525.80,143.72,400.54,946.24,1,-1,-1,-1
378,1,1231.07,171.82,247.75,681.45,1,-1,-1,-1
379,4,544.58,147.49,398.05,948.51,1,-1,-1,-1
379,1,1229.49,178.72,243.13,679.93,1,-1,-1,-1
380,4,565.88,139.45,396.29,951.43,1,-1,-1,-1
380,1,1215.49,184.28,223.13,671.28,1,-1,-1,-1
381,4,589.86,153.46,398.33,948.45,1,-1,-1,-1
381,1,1157.00,192.00,227.00,617.00,1,-1,-1,-1
382,4,601.31,154.88,398.56,943.03,1,-1,-1,-1
382,1,1149.50,190.35,228.80,625.92,1,-1,-1,-1
383,4,620.95,159.29,412.76,934.58,1,-1,-1,-1
383,2,542.00,212.00,205.00,665.00,1,-1,-1,-1
383,1,1124.09,178.80,237.61,636.45,1,-1,-1,-1
384,4,645.77,164.02,421.12,939.05,1,-1,-1,-1
384,2,531.05,202.90,204.89,655.77,1,-1,-1,-1
384,1,1106.57,185.78,244.11,640.66,1,-1,-1,-1
385,4,703.23,163.68,384.89,930.97,1,-1,-1,-1
385,2,510.59,197.79,223.28,687.85,1,-1,-1,-1
385,1,1094.22,185.18,252.94,635.63,1,-1,-1,-1
386,4,726.37,151.39,386.48,934.51,1,-1,-1,-1
386,2,501.48,203.93,237.25,699.43,1,-1,-1,-1
386,1,1092.62,188.57,247.95,631.63,1,-1,-1,-1
387,4,774.45,131.02,367.45,948.67,1,-1,-1,-1
387,2,489.16,203.84,245.40,723.53,1,-1,-1,-1
387,1,1091.20,203.41,239.54,613.03,1,-1,-1,-1
388,4,816.57,128.26,385.32,946.16,1,-1,-1,-1
388,2,469.79,197.09,242.03,746.86,1,-1,-1,-1
388,1,1094.48,201.46,222.38,617.85,1,-1,-1,-1
389,4,860.32,147.93,405.73,921.25,1,-1,-1,-1
389,2,463.45,204.14,250.60,750.09,1,-1,-1,-1
389,1,1078.02,205.03,194.48,532.56,1,-1,-1,-1
390,4,892.10,155.86,385.86,916.75,1,-1,-1,-1
390,2,454.58,203.74,246.14,754.62,1,-1,-1,-1
390,1,1065.34,217.24,192.39,522.94,1,-1,-1,-1
391,4,930.07,138.82,389.25,944.42,1,-1,-1,-1
391,2,452.28,196.08,241.31,765.48,1,-1,-1,-1
392,4,948.75,135.43,395.57,953.29,1,-1,-1,-1
392,2,449.46,193.65,239.40,770.24,1,-1,-1,-1
393,4,982.95,144.61,396.72,952.90,1,-1,-1,-1
393,2,441.45,188.55,240.78,781.00,1,-1,-1,-1
394,4,991.75,141.10,415.23,949.08,1,-1,-1,-1
394,2,435.51,186.11,251.42,796.90,1,-1,-1,-1
395,4,1031.54,151.22,412.63,930.83,1,-1,-1,-1
395,2,456.64,177.11,225.57,830.64,1,-1,-1,-1
395,1,937.00,197.00,190.00,603.00,1,-1,-1,-1
396,4,1091.30,129.90,384.20,958.68,1,-1,-1,-1
396,2,458.90,172.34,228.66,848.85,1,-1,-1,-1
396,1,909.82,196.42,211.49,601.03,1,-1,-1,-1
397,4,1111.91,113.45,389.07,963.62,1,-1,-1,-1
397,2,458.33,175.95,237.57,857.84,1,-1,-1,-1
397,1,883.71,207.57,212.85,598.28,1,-1,-1,-1
398,4,1125.66,112.02,391.35,970.79,1,-1,-1,-1
398,2,454.64,174.77,245.07,863.79,1,-1,-1,-1
398,1,866.71,208.67,222.76,583.23,1,-1,-1,-1
399,4,1146.26,116.16,382.63,967.91,1,-1,-1,-1
399,2,451.55,163.34,262.19,870.39,1,-1,-1,-1
399,1,850.69,213.95,223.31,588.86,1,-1,-1,-1
400,4,1163.93,122.35,378.91,961.63,1,-1,-1,-1
400,2,440.58,156.34,281.33,894.56,1,-1,-1,-1
400,1,833.34,207.21,209.69,598.35,1,-1,-1,-1
401,4,1177.39,126.81,372.77,960.00,1,-1,-1,-1
401,2,439.07,152.88,293.20,901.77,1,-1,-1,-1
401,1,811.22,199.48,211.35,601.20,1,-1,-1,-1
402,4,1198.48,128.73,364.14,959.87,1,-1,-1,-1
402,2,440.04,155.51,302.73,911.07,1,-1,-1,-1
402,1,792.10,200.08,216.14,598.21,1,-1,-1,-1
403,4,1212.04,131.02,358.86,960.44,1,-1,-1,-1
403,3,762.00,203.00,250.00,628.00,1,-1,-1,-1
403,2,450.20,157.51,298.34,920.92,1,-1,-1,-1
404,4,1224.37,135.47,359.53,950.05,1,-1,-1,-1
404,3,748.47,208.76,256.58,623.87,1,-1,-1,-1
404,2,462.28,154.99,307.67,929.48,1,-1,-1,-1
405,4,1240.52,132.84,352.73,961.83,1,-1,-1,-1
405,3,730.25,209.50,258.96,622.33,1,-1,-1,-1
405,2,485.65,148.63,303.97,938.93,1,-1,-1,-1
406,4,1254.12,132.24,350.24,959.69,1,-1,-1,-1
406,3,718.26,210.18,246.93,624.06,1,-1,-1,-1
406,2,499.46,146.62,296.91,951.33,1,-1,-1,-1
407,4,1269.07,127.35,349.98,963.73,1,-1,-1,-1
407,3,706.29,206.60,226.95,616.17,1,-1,-1,-1
407,2,515.06,144.38,352.46,949.72,1,-1,-1,-1
408,4,1281.49,139.31,355.06,952.45,1,-1,-1,-1
408,3,608.07,175.85,315.62,763.90,1,-1,-1,-1
409,4,1294.36,150.18,354.60,944.58,1,-1,-1,-1
409,2,539.00,127.00,347.00,935.00,1,-1,-1,-1
410,4,1300.00,168.34,356.97,923.23,1,-1,-1,-1
410,2,550.68,133.11,336.21,937.22,1,-1,-1,-1
411,4,1310.93,174.59,360.13,910.75,1,-1,-1,-1
411,2,552.55,121.60,346.32,944.78,1,-1,-1,-1
412,4,1345.59,168.78,334.19,916.82,1,-1,-1,-1
412,2,560.86,115.12,363.53,953.67,1,-1,-1,-1
413,4,1372.92,160.12,315.37,922.27,1,-1,-1,-1
413,2,558.85,109.00,380.59,966.84,1,-1,-1,-1
414,4,1397.33,153.36,298.22,911.51,1,-1,-1,-1
414,2,572.31,115.79,389.47,962.39,1,-1,-1,-1
415,4,1408.58,147.54,291.90,892.84,1,-1,-1,-1
415,2,587.16,123.79,379.68,953.71,1,-1,-1,-1
416,5,590.00,211.00,149.00,238.00,1,-1,-1,-1
416,4,1414.91,149.15,304.12,891.74,1,-1,-1,-1
416,2,597.81,128.57,391.11,956.69,1,-1,-1,-1
417,5,566.48,209.23,166.47,469.34,1,-1,-1,-1
417,4,1417.42,151.04,317.47,885.01,1,-1,-1,-1
417,2,636.22,126.18,364.63,958.89,1,-1,-1,-1
418,5,517.92,244.17,209.07,538.53,1,-1,-1,-1
418,4,1427.48,156.27,304.90,866.33,1,-1,-1,-1
418,2,692.49,109.92,331.56,970.60,1,-1,-1,-1
419,5,507.00,199.00,221.00,709.00,1,-1,-1,-1
419,4,1430.35,158.84,290.14,857.45,1,-1,-1,-1
419,2,745.00,89.00,319.00,974.00,1,-1,-1,-1
420,5,475.49,202.76,247.97,717.72,1,-1,-1,-1
420,4,1431.00,155.55,284.92,859.55,1,-1,-1,-1
420,2,765.58,85.48,336.30,985.59,1,-1,-1,-1
421,5,452.26,204.77,266.40,735.20,1,-1,-1,-1
421,4,1417.87,156.83,298.51,852.48,1,-1,-1,-1
421,2,797.82,73.70,353.62,997.00,1,-1,-1,-1
422,5,428.82,211.09,287.56,737.09,1,-1,-1,-1
422,4,1399.71,170.40,314.26,837.44,1,-1,-1,-1
422,2,813.64,70.82,358.82,1008.83,1,-1,-1,-1
423,5,412.35,220.59,281.04,733.76,1,-1,-1,-1
423,4,1380.27,175.34,331.39,829.29,1,-1,-1,-1
423,2,842.56,84.95,366.40,990.87,1,-1,-1,-1
424,5,401.55,219.60,274.79,740.95,1,-1,-1,-1
424,4,1379.07,177.22,320.18,820.43,1,-1,-1,-1
424,2,884.80,95.48,352.12,972.12,1,-1,-1,-1
425,5,390.02,208.78,253.70,739.60,1,-1,-1,-1
425,4,1380.17,181.49,325.21,801.46,1,-1,-1,-1
425,2,931.08,81.60,332.94,991.29,1,-1,-1,-1
426,5,372.62,177.27,251.90,756.82,1,-1,-1,-1
426,4,1383.29,186.85,319.92,800.04,1,-1,-1,-1
426,2,967.97,95.98,331.68,977.00,1,-1,-1,-1
427,5,367.07,158.40,249.63,751.07,1,-1,-1,-1
427,4,1376.03,191.77,319.76,797.73,1,-1,-1,-1
427,2,1009.55,92.35,335.18,984.69,1,-1,-1,-1
428,5,352.44,155.76,240.53,750.80,1,-1,-1,-1
428,4,1363.13,196.33,310.81,791.06,1,-1,-1,-1
428,2,1042.65,86.07,333.89,996.77,1,-1,-1,-1
429,5,333.34,156.45,230.92,753.12,1,-1,-1,-1
429,4,1355.46,192.18,277.49,782.65,1,-1,-1,-1
429,2,1083.13,79.59,357.79,997.20,1,-1,-1,-1
430,5,324.55,150.52,233.39,780.17,1,-1,-1,-1
430,4,1365.00,179.00,236.00,765.00,1,-1,-1,-1
430,2,1119.22,67.97,378.35,993.22,1,-1,-1,-1
431,5,307.90,220.99,240.52,796.61,1,-1,-1,-1
431,4,1351.82,180.50,212.26,751.60,1,-1,-1,-1
431,2,1153.33,74.34,374.23,1001.44,1,-1,-1,-1
432,5,295.86,210.67,240.44,823.18,1,-1,-1,-1
432,4,1341.32,177.88,236.21,765.69,1,-1,-1,-1
432,2,1167.81,85.07,370.62,994.30,1,-1,-1,-1
433,5,286.31,211.32,249.28,829.74,1,-1,-1,-1
433,4,1349.92,178.43,240.64,780.05,1,-1,-1,-1
433,2,1181.66,93.60,364.93,989.14,1,-1,-1,-1
434,5,272.51,200.56,258.52,839.08,1,-1,-1,-1
434,4,1368.12,178.99,245.15,794.67,1,-1,-1,-1
434,2,1214.52,94.82,364.89,983.70,1,-1,-1,-1
435,5,250.11,165.71,274.49,861.60,1,-1,-1,-1
435,2,1250.77,98.12,359.91,972.95,1,-1,-1,-1
436,5,237.60,153.95,293.13,878.09,1,-1,-1,-1
436,2,1279.28,87.47,364.14,978.18,1,-1,-1,-1
437,5,213.96,142.27,304.86,891.13,1,-1,-1,-1
437,2,1283.98,85.15,382.08,995.41,1,-1,-1,-1
437,1,1223.00,235.00,139.00,594.00,1,-1,-1,-1
438,5,204.74,130.46,309.07,898.96,1,-1,-1,-1
438,2,1295.54,87.02,401.06,995.26,1,-1,-1,-1
438,1,1195.20,208.85,178.60,621.42,1,-1,-1,-1
439,5,195.67,123.81,308.69,910.99,1,-1,-1,-1
439,2,1310.15,103.62,402.27,982.41,1,-1,-1,-1
439,1,1183.46,213.10,181.06,625.71,1,-1,-1,-1
440,5,186.63,116.29,313.64,928.10,1,-1,-1,-1
440,2,1348.64,100.98,375.74,971.72,1,-1,-1,-1
440,1,1164.81,198.09,173.05,631.23,1,-1,-1,-1
441,5,188.26,115.88,321.86,933.62,1,-1,-1,-1
441,2,1361.17,108.19,370.34,954.90,1,-1,-1,-1
441,1,1147.78,199.92,176.92,639.98,1,-1,-1,-1
442,5,193.97,117.81,330.77,930.37,1,-1,-1,-1
442,2,1371.97,112.28,357.88,944.67,1,-1,-1,-1
442,1,1125.03,213.95,191.21,621.24,1,-1,-1,-1
443,5,193.53,115.69,342.18,933.69,1,-1,-1,-1
443,2,1379.21,115.82,350.33,934.49,1,-1,-1,-1
443,1,1106.81,212.68,199.26,630.79,1,-1,-1,-1
444,5,203.36,102.71,353.43,958.40,1,-1,-1,-1
444,2,1385.31,119.94,340.86,926.97,1,-1,-1,-1
444,1,1087.10,226.56,201.04,614.59,1,-1,-1,-1
445,5,206.08,97.35,367.55,960.10,1,-1,-1,-1
445,2,1394.57,121.18,337.75,920.28,1,-1,-1,-1
445,1,1068.82,231.75,206.76,604.05,1,-1,-1,-1
446,5,229.30,86.28,363.73,966.29,1,-1,-1,-1
446,2,1397.46,119.50,319.85,915.39,1,-1,-1,-1
446,1,1058.95,227.98,195.92,610.64,1,-1,-1,-1
447,5,199.00,100.00,491.00,932.00,1,-1,-1,-1
447,2,1397.78,114.87,318.08,914.03,1,-1,-1,-1
447,1,1036.57,222.05,190.65,611.63,1,-1,-1,-1
448,5,214.14,93.67,530.33,965.63,1,-1,-1,-1
448,2,1397.27,119.19,319.59,898.72,1,-1,-1,-1
448,1,1022.99,224.73,184.70,598.98,1,-1,-1,-1
449,5,230.12,111.59,544.26,943.26,1,-1,-1,-1
449,2,1397.34,119.75,311.34,891.92,1,-1,-1,-1
449,1,1011.13,230.27,181.72,589.37,1,-1,-1,-1
450,5,252.21,100.75,535.76,962.32,1,-1,-1,-1
450,2,1397.01,121.57,310.58,882.82,1,-1,-1,-1
450,1,1003.82,228.61,170.07,586.16,1,-1,-1,-1
451,5,267.59,102.97,548.22,942.32,1,-1,-1,-1
451,2,1399.45,129.11,305.51,878.92,1,-1,-1,-1
451,1,991.81,228.19,170.28,573.60,1,-1,-1,-1
452,5,306.35,104.68,518.39,953.00,1,-1,-1,-1
452,2,1399.98,132.16,302.12,870.27,1,-1,-1,-1
452,1,965.73,221.67,175.83,574.11,1,-1,-1,-1
453,5,339.14,92.95,521.82,966.34,1,-1,-1,-1
453,2,1395.76,132.31,295.33,878.82,1,-1,-1,-1
453,1,943.69,241.14,176.22,566.28,1,-1,-1,-1
454,5,394.58,81.04,479.78,992.00,1,-1,-1,-1
454,2,1394.57,131.32,290.97,872.34,1,-1,-1,-1
454,1,929.04,252.99,185.35,562.09,1,-1,-1,-1
455,5,446.10,68.28,471.17,1004.10,1,-1,-1,-1
455,2,1397.89,133.34,287.72,838.00,1,-1,-1,-1
455,1,924.65,246.25,186.65,563.27,1,-1,-1,-1
456,5,492.05,56.44,475.94,1032.19,1,-1,-1,-1
456,2,1389.37,139.27,284.66,814.25,1,-1,-1,-1
456,1,917.43,242.13,172.79,564.14,1,-1,-1,-1
457,3,595.00,30.00,386.00,1048.00,1,-1,-1,-1
457,2,1390.05,141.17,272.88,793.35,1,-1,-1,-1
457,1,900.82,233.78,174.55,566.05,1,-1,-1,-1
458,3,609.49,58.36,401.97,1027.36,1,-1,-1,-1
458,2,1390.16,144.05,267.12,777.04,1,-1,-1,-1
458,1,894.01,241.10,170.73,566.07,1,-1,-1,-1
459,3,647.00,60.15,388.69,1017.57,1,-1,-1,-1
459,2,1383.54,145.66,260.24,765.70,1,-1,-1,-1
459,1,879.70,246.21,169.49,567.73,1,-1,-1,-1
460,3,713.40,61.12,358.94,1023.31,1,-1,-1,-1
460,2,1373.76,153.03,247.48,745.65,1,-1,-1,-1
461,3,744.10,37.42,430.80,1026.71,1,-1,-1,-1
461,2,1354.81,160.32,231.42,741.31,1,-1,-1,-1
462,3,758.29,27.66,469.93,1056.58,1,-1,-1,-1
462,2,1349.03,163.09,222.04,741.10,1,-1,-1,-1
462,1,732.00,282.00,182.00,567.00,1,-1,-1,-1
463,4,1337.00,179.00,208.00,709.00,1,-1,-1,-1
463,3,796.58,56.78,486.37,1015.06,1,-1,-1,-1
463,1,725.87,271.62,192.10,581.40,1,-1,-1,-1
464,4,1310.90,167.12,215.89,700.04,1,-1,-1,-1
464,3,861.58,40.41,494.79,1028.34,1,-1,-1,-1
464,1,714.93,252.72,198.60,598.48,1,-1,-1,-1
465,4,1302.16,168.04,213.35,689.04,1,-1,-1,-1
465,3,875.85,31.47,522.17,1051.23,1,-1,-1,-1
465,1,707.78,251.99,205.47,608.56,1,-1,-1,-1
466,4,1285.00,181.00,206.00,711.00,1,-1,-1,-1
466,3,907.07,38.18,516.03,1046.80,1,-1,-1,-1
466,1,704.05,243.39,213.34,615.09,1,-1,-1,-1
467,4,1299.99,214.23,196.94,656.36,1,-1,-1,-1
467,3,947.86,97.48,499.56,986.21,1,-1,-1,-1
467,1,691.15,235.37,212.85,630.83,1,-1,-1,-1
468,4,1323.92,185.75,193.73,668.66,1,-1,-1,-1
468,3,1002.19,126.27,473.66,938.42,1,-1,-1,-1
468,1,669.63,226.21,223.24,661.90,1,-1,-1,-1
469,4,1331.81,143.86,190.23,656.58,1,-1,-1,-1
469,3,1019.00,76.00,572.00,991.00,1,-1,-1,-1
469,1,649.59,222.26,224.09,679.20,1,-1,-1,-1
470,3,1058.03,137.39,585.98,933.26,1,-1,-1,-1
470,1,622.42,222.72,234.81,701.44,1,-1,-1,-1
471,3,1113.53,62.50,558.19,992.70,1,-1,-1,-1
471,1,605.52,224.87,232.09,699.76,1,-1,-1,-1
472,6,1287.00,22.00,178.00,228.00,1,-1,-1,-1
472,3,1141.47,76.44,558.62,985.40,1,-1,-1,-1
472,1,586.24,226.15,239.14,702.81,1,-1,-1,-1
473,6,1312.44,23.93,174.01,222.34,1,-1,-1,-1
473,3,1147.40,108.16,559.72,940.89,1,-1,-1,-1
473,1,581.82,220.20,232.12,721.84,1,-1,-1,-1
474,6,1338.16,29.53,173.58,222.34,1,-1,-1,-1
474,5,1164.00,200.00,154.00,609.00,1,-1,-1,-1
474,3,1164.23,123.54,575.74,909.82,1,-1,-1,-1
474,1,555.85,220.63,252.65,739.11,1,-1,-1,-1
475,6,1353.70,36.37,173.58,222.34,1,-1,-1,-1
475,5,1169.13,203.52,162.15,623.94,1,-1,-1,-1
475,3,1195.52,114.29,555.64,945.87,1,-1,-1,-1
475,1,574.92,210.28,240.64,762.25,1,-1,-1,-1
476,6,1364.27,41.96,173.58,222.34,1,-1,-1,-1
476,5,1155.13,203.14,168.92,632.07,1,-1,-1,-1
476,3,1238.47,90.70,529.25,978.22,1,-1,-1,-1
476,1,568.21,205.78,243.40,788.20,1,-1,-1,-1
477,5,1126.06,209.38,186.00,631.14,1,-1,-1,-1
477,3,1252.46,86.63,541.78,984.20,1,-1,-1,-1
477,1,524.38,211.46,280.91,813.44,1,-1,-1,-1
478,3,1267.92,100.47,555.04,970.07,1,-1,-1,-1
478,2,1088.00,196.00,247.00,644.00,1,-1,-1,-1
478,1,472.13,216.29,319.71,830.45,1,-1,-1,-1
479,3,1291.64,97.82,541.79,977.73,1,-1,-1,-1
479,2,1063.76,201.84,257.23,633.90,1,-1,-1,-1
479,1,469.91,200.23,350.01,859.86,1,-1,-1,-1
480,3,1300.12,91.81,528.33,978.37,1,-1,-1,-1
480,2,1047.97,204.74,261.24,632.76,1,-1,-1,-1
480,1,489.52,192.12,370.49,877.98,1,-1,-1,-1
481,3,1313.98,95.45,520.71,966.85,1,-1,-1,-1
481,2,1026.62,217.78,249.52,605.67,1,-1,-1,-1
481,1,493.58,187.41,364.08,880.06,1,-1,-1,-1
482,3,1326.14,96.96,493.55,959.86,1,-1,-1,-1
482,2,1007.54,218.71,233.69,606.55,1,-1,-1,-1
482,1,529.94,189.47,347.68,881.27,1,-1,-1,-1
483,3,1332.56,97.60,476.37,957.08,1,-1,-1,-1
483,2,990.67,211.07,221.62,614.85,1,-1,-1,-1
483,1,554.25,195.95,329.30,885.70,1,-1,-1,-1
484,3,1338.13,99.90,467.21,944.92,1,-1,-1,-1
484,2,976.31,203.91,212.09,617.23,1,-1,-1,-1
484,1,579.33,192.78,297.39,885.90,1,-1,-1,-1
485,3,1345.40,110.09,461.86,935.85,1,-1,-1,-1
485,2,949.16,206.02,222.19,622.54,1,-1,-1,-1
485,1,585.03,212.27,286.48,874.21,1,-1,-1,-1
486,3,1349.40,114.42,458.57,936.05,1,-1,-1,-1
486,2,922.15,219.88,235.21,619.37,1,-1,-1,-1
486,1,599.23,207.83,275.75,875.38,1,-1,-1,-1
487,3,1350.10,117.08,454.08,918.58,1,-1,-1,-1
487,2,905.92,220.45,238.29,613.06,1,-1,-1,-1
487,1,632.58,197.24,279.04,895.03,1,-1,-1,-1
488,3,1350.91,122.25,444.46,892.62,1,-1,-1,-1
488,2,900.00,228.00,259.00,585.00,1,-1,-1,-1
488,1,660.18,172.48,277.71,895.29,1,-1,-1,-1
489,3,1354.37,120.84,434.08,879.59,1,-1,-1,-1
489,2,882.00,231.84,239.55,570.44,1,-1,-1,-1
489,1,696.22,194.11,315.12,872.05,1,-1,-1,-1
490,3,1349.93,122.37,428.99,837.63,1,-1,-1,-1
490,2,881.66,228.14,252.55,570.44,1,-1,-1,-1
490,1,710.09,174.05,302.50,905.69,1,-1,-1,-1
491,3,1350.87,118.44,411.15,826.28,1,-1,-1,-1
491,2,865.31,231.91,252.55,570.44,1,-1,-1,-1
491,1,738.50,164.01,276.87,916.08,1,-1,-1,-1
492,3,1347.25,124.15,407.04,797.47,1,-1,-1,-1
492,2,861.54,235.69,252.55,570.44,1,-1,-1,-1
492,1,749.49,169.10,282.22,899.24,1,-1,-1,-1
493,3,1344.79,123.55,397.19,798.43,1,-1,-1,-1
493,1,752.76,178.74,317.01,894.04,1,-1,-1,-1
494,3,1336.95,122.14,388.14,839.29,1,-1,-1,-1
494,2,745.00,212.00,203.00,644.00,1,-1,-1,-1
494,1,774.54,171.06,334.10,906.72,1,-1,-1,-1
495,3,1311.91,120.72,404.00,859.79,1,-1,-1,-1
495,2,722.48,216.27,217.27,639.75,1,-1,-1,-1
495,1,835.47,160.21,297.64,911.17,1,-1,-1,-1
496,5,929.00,83.00,337.00,989.00,1,-1,-1,-1
496,3,1301.86,125.72,402.32,850.52,1,-1,-1,-1
496,2,700.75,214.99,201.66,639.75,1,-1,-1,-1
496,1,661.90,157.58,278.28,750.95,1,-1,-1,-1
497,5,977.69,97.31,348.09,971.10,1,-1,-1,-1
497,3,1331.00,142.00,306.00,819.00,1,-1,-1,-1
497,2,671.93,216.24,201.66,639.75,1,-1,-1,-1
497,1,657.17,202.94,260.95,688.51,1,-1,-1,-1
498,5,1028.15,94.22,367.90,987.63,1,-1,-1,-1
498,3,1326.19,146.94,301.53,817.65,1,-1,-1,-1
498,2,646.27,225.97,238.39,642.85,1,-1,-1,-1
498,1,626.93,207.25,221.00,688.51,1,-1,-1,-1
499,5,1056.35,78.82,389.13,988.89,1,-1,-1,-1
499,3,1326.26,145.94,285.05,821.54,1,-1,-1,-1
499,2,632.66,225.10,231.08,642.45,1,-1,-1,-1
499,1,617.43,211.32,221.00,688.51,1,-1,-1,-1
500,5,1093.11,81.77,383.51,969.97,1,-1,-1,-1
500,3,1290.91,150.38,265.06,789.24,1,-1,-1,-1
500,2,611.45,221.15,202.51,642.45,1,-1,-1,-1
500,1,613.57,211.42,218.82,673.59,1,-1,-1,-1
501,5,1140.29,89.96,378.54,971.56,1,-1,-1,-1
501,3,1287.04,151.96,294.88,789.24,1,-1,-1,-1
501,2,577.47,202.28,202.51,642.45,1,-1,-1,-1
501,1,587.99,211.07,206.68,668.14,1,-1,-1,-1
502,5,1181.92,98.98,396.82,966.39,1,-1,-1,-1
502,3,1324.68,166.69,294.88,789.24,1,-1,-1,-1
502,1,547.81,208.22,217.07,659.64,1,-1,-1,-1
503,5,1224.41,92.54,391.90,963.88,1,-1,-1,-1
503,1,517.76,214.20,235.10,655.94,1,-1,-1,-1
504,5,1235.29,74.88,412.97,986.12,1,-1,-1,-1
504,1,483.12,219.13,255.40,654.94,1,-1,-1,-1
505,5,1246.54,72.72,432.43,993.76,1,-1,-1,-1
505,2,1171.00,166.00,206.00,695.00,1,-1,-1,-1
505,1,460.14,220.51,268.14,664.76,1,-1,-1,-1
506,5,1242.11,89.94,458.29,983.30,1,-1,-1,-1
506,2,1159.61,167.51,212.54,688.49,1,-1,-1,-1
506,1,455.70,222.16,265.63,665.27,1,-1,-1,-1
507,5,1331.52,89.80,390.97,987.92,1,-1,-1,-1
507,2,1144.75,173.20,228.02,689.90,1,-1,-1,-1
507,1,450.84,227.09,255.08,659.44,1,-1,-1,-1
508,5,1374.32,91.34,379.61,982.30,1,-1,-1,-1
508,2,1127.73,177.11,230.82,682.20,1,-1,-1,-1
508,1,437.56,228.50,246.34,659.64,1,-1,-1,-1
509,5,1403.76,90.42,380.80,978.60,1,-1,-1,-1
509,2,1113.82,184.82,225.09,655.52,1,-1,-1,-1
509,1,419.45,217.73,237.29,668.43,1,-1,-1,-1
510,5,1442.96,91.30,352.90,983.14,1,-1,-1,-1
510,2,1106.74,184.75,211.14,646.48,1,-1,-1,-1
510,1,400.09,210.91,241.07,688.81,1,-1,-1,-1
511,5,1468.10,97.80,356.50,967.83,1,-1,-1,-1
511,2,1102.98,173.72,200.07,644.80,1,-1,-1,-1
511,1,381.89,203.88,247.61,719.78,1,-1,-1,-1
512,5,1497.00,91.35,343.37,960.34,1,-1,-1,-1
512,2,1095.02,166.06,197.91,645.42,1,-1,-1,-1
512,1,370.18,209.49,248.04,718.75,1,-1,-1,-1
513,5,1516.03,98.07,338.59,948.44,1,-1,-1,-1
513,2,1077.24,170.72,198.57,647.42,1,-1,-1,-1
513,1,355.25,212.91,246.02,731.44,1,-1,-1,-1
514,5,1541.16,85.45,319.00,955.98,1,-1,-1,-1
514,2,1051.57,175.25,205.49,635.28,1,-1,-1,-1
514,1,344.40,211.91,243.03,740.97,1,-1,-1,-1
515,5,1556.45,70.08,314.48,982.05,1,-1,-1,-1
515,2,1031.62,187.13,206.81,617.91,1,-1,-1,-1
515,1,336.94,213.60,243.92,751.93,1,-1,-1,-1
516,5,1565.31,96.13,319.99,963.94,1,-1,-1,-1
516,2,1018.62,195.81,208.56,618.59,1,-1,-1,-1
516,1,325.11,215.95,262.24,759.76,1,-1,-1,-1
517,5,1578.27,108.06,321.27,949.85,1,-1,-1,-1
517,2,1004.70,209.71,216.02,608.94,1,-1,-1,-1
517,1,310.44,208.01,266.74,774.05,1,-1,-1,-1
518,5,1585.30,117.24,321.92,937.42,1,-1,-1,-1
518,2,993.92,217.22,223.10,603.55,1,-1,-1,-1
518,1,302.23,205.88,272.11,783.17,1,-1,-1,-1
519,5,1584.29,121.39,332.47,926.55,1,-1,-1,-1
519,2,980.79,227.23,211.44,592.97,1,-1,-1,-1
519,1,293.27,203.61,260.44,798.06,1,-1,-1,-1
520,5,1575.38,113.36,346.67,935.19,1,-1,-1,-1
520,2,971.43,224.16,188.15,580.49,1,-1,-1,-1
520,1,281.18,201.45,260.75,826.25,1,-1,-1,-1
521,5,1561.24,110.96,355.20,941.16,1,-1,-1,-1
521,2,945.53,206.50,185.14,575.10,1,-1,-1,-1
521,1,260.34,174.23,260.99,857.46,1,-1,-1,-1
522,5,1553.36,115.95,362.31,938.60,1,-1,-1,-1
522,2,926.24,197.71,182.13,583.43,1,-1,-1,-1
522,1,248.60,167.72,269.20,848.48,1,-1,-1,-1
523,5,1544.33,120.96,373.57,933.98,1,-1,-1,-1
523,2,908.09,198.28,180.33,583.86,1,-1,-1,-1
523,1,234.09,162.26,279.28,861.98,1,-1,-1,-1
524,5,1534.77,131.81,374.98,920.91,1,-1,-1,-1
524,2,888.69,205.46,192.98,583.32,1,-1,-1,-1
524,1,218.71,167.65,289.22,861.38,1,-1,-1,-1
525,5,1531.60,127.12,360.10,907.44,1,-1,-1,-1
525,2,873.16,209.45,197.58,583.65,1,-1,-1,-1
525,1,205.60,168.74,303.04,866.86,1,-1,-1,-1
526,5,1541.74,123.81,340.60,898.12,1,-1,-1,-1
526,2,862.57,213.03,209.38,577.87,1,-1,-1,-1
526,1,199.17,167.08,308.14,871.38,1,-1,-1,-1
527,5,1559.51,122.40,266.94,883.50,1,-1,-1,-1
527,2,840.65,222.35,206.59,579.69,1,-1,-1,-1
527,1,190.49,163.99,321.96,881.05,1,-1,-1,-1
528,5,1538.55,127.28,270.31,864.04,1,-1,-1,-1
528,2,828.51,222.27,185.36,585.99,1,-1,-1,-1
528,1,182.56,163.72,334.94,887.94,1,-1,-1,-1
529,5,1486.93,126.18,305.73,863.64,1,-1,-1,-1
529,2,828.78,217.80,171.43,594.26,1,-1,-1,-1
529,1,198.10,170.32,336.22,891.09,1,-1,-1,-1
530,5,1465.86,127.76,315.24,860.96,1,-1,-1,-1
530,2,816.04,207.21,173.85,594.56,1,-1,-1,-1
530,1,181.49,169.58,338.93,886.16,1,-1,-1,-1
531,5,1437.76,133.94,341.46,849.02,1,-1,-1,-1
531,2,789.45,207.32,171.45,583.90,1,-1,-1,-1
531,1,165.09,173.76,349.26,887.21,1,-1,-1,-1
532,5,1425.34,138.56,346.25,855.01,1,-1,-1,-1
532,2,768.79,201.33,176.59,599.24,1,-1,-1,-1
532,1,181.98,180.17,354.36,876.21,1,-1,-1,-1
533,5,1425.15,142.98,332.22,833.58,1,-1,-1,-1
533,2,740.99,203.24,198.00,611.80,1,-1,-1,-1
533,1,175.67,175.32,353.32,885.22,1,-1,-1,-1
534,5,1425.94,146.53,316.94,817.59,1,-1,-1,-1
534,2,711.82,209.75,219.43,624.61,1,-1,-1,-1
534,1,175.89,177.82,358.68,880.07,1,-1,-1,-1
535,5,1421.55,155.44,306.62,789.96,1,-1,-1,-1
535,2,690.90,206.26,230.48,627.80,1,-1,-1,-1
535,1,169.08,160.13,357.26,895.30,1,-1,-1,-1
536,5,1422.11,160.24,295.05,775.75,1,-1,-1,-1
536,2,682.55,199.14,232.48,630.51,1,-1,-1,-1
536,1,163.48,156.57,371.48,901.86,1,-1,-1,-1
537,5,1405.54,162.36,287.71,761.17,1,-1,-1,-1
537,2,663.62,189.11,228.14,641.95,1,-1,-1,-1
537,1,151.08,151.95,382.18,912.03,1,-1,-1,-1
538,5,1404.32,169.37,267.80,745.73,1,-1,-1,-1
538,2,619.72,179.99,244.82,649.84,1,-1,-1,-1
538,1,147.77,146.32,397.55,911.09,1,-1,-1,-1
539,5,1389.89,163.65,250.06,732.68,1,-1,-1,-1
539,2,605.73,171.64,242.29,668.76,1,-1,-1,-1
539,1,157.63,154.43,392.41,906.88,1,-1,-1,-1
540,5,1362.59,154.20,248.92,729.63,1,-1,-1,-1
540,2,622.91,169.88,215.50,666.86,1,-1,-1,-1
540,1,171.41,152.43,400.61,906.75,1,-1,-1,-1
541,5,1332.04,154.98,242.65,725.43,1,-1,-1,-1
541,4,615.00,195.00,218.00,653.00,1,-1,-1,-1
541,1,191.23,149.68,398.24,915.18,1,-1,-1,-1
542,5,1304.89,176.61,253.83,709.33,1,-1,-1,-1
542,4,605.48,199.66,215.83,649.36,1,-1,-1,-1
542,1,214.10,145.00,401.86,917.66,1,-1,-1,-1
543,5,1300.80,182.02,254.66,701.86,1,-1,-1,-1
543,4,599.80,202.78,213.63,626.08,1,-1,-1,-1
543,1,222.13,168.94,419.35,900.72,1,-1,-1,-1
544,5,1297.60,188.58,245.95,688.14,1,-1,-1,-1
544,4,594.89,203.19,210.08,643.85,1,-1,-1,-1
544,1,256.72,145.44,395.97,907.24,1,-1,-1,-1
545,5,1284.49,195.19,247.11,668.49,1,-1,-1,-1
545,4,601.77,187.87,189.40,485.86,1,-1,-1,-1
545,1,310.80,143.50,393.36,911.44,1,-1,-1,-1
546,5,1260.19,199.04,257.56,657.79,1,-1,-1,-1
546,4,604.02,242.52,159.27,477.08,1,-1,-1,-1
546,1,369.67,129.95,380.89,928.90,1,-1,-1,-1
547,5,1225.34,205.19,261.88,645.67,1,-1,-1,-1
547,1,427.14,111.49,346.61,951.71,1,-1,-1,-1
548,5,1176.00,213.00,306.00,660.00,1,-1,-1,-1
548,1,458.61,119.12,349.94,933.64,1,-1,-1,-1
549,6,591.00,23.00,219.00,305.00,1,-1,-1,-1
549,5,1155.37,210.49,304.98,661.24,1,-1,-1,-1
549,1,439.00,149.00,501.00,917.00,1,-1,-1,-1
550,6,611.52,22.18,219.00,305.00,1,-1,-1,-1
550,5,1151.73,209.08,300.58,665.11,1,-1,-1,-1
550,1,454.35,111.12,499.19,955.16,1,-1,-1,-1
551,6,661.59,23.00,219.00,305.00,1,-1,-1,-1
551,5,1133.78,214.02,286.99,652.42,1,-1,-1,-1
551,2,422.00,165.00,235.00,776.00,1,-1,-1,-1
551,1,501.01,87.91,512.36,982.11,1,-1,-1,-1
552,5,1127.35,219.34,272.94,640.17,1,-1,-1,-1
552,2,411.37,179.15,255.95,768.49,1,-1,-1,-1
552,1,610.87,90.05,506.51,1007.19,1,-1,-1,-1
553,5,1113.42,224.17,280.97,632.46,1,-1,-1,-1
553,2,398.96,186.32,259.68,785.48,1,-1,-1,-1
553,1,675.14,78.45,521.78,1040.93,1,-1,-1,-1
554,3,1120.00,210.00,262.00,634.00,1,-1,-1,-1
554,2,389.77,181.43,258.13,803.23,1,-1,-1,-1
554,1,739.49,92.83,505.29,1029.43,1,-1,-1,-1
555,3,1103.39,212.86,265.60,624.70,1,-1,-1,-1
555,2,384.33,171.07,259.86,828.63,1,-1,-1,-1
555,1,810.81,66.70,519.89,1030.60,1,-1,-1,-1
556,3,1089.47,211.50,258.16,624.70,1,-1,-1,-1
556,2,375.67,156.70,267.46,861.37,1,-1,-1,-1
556,1,853.05,72.37,504.08,1019.17,1,-1,-1,-1
557,3,1088.13,218.21,258.16,624.70,1,-1,-1,-1
557,2,372.93,158.17,278.59,862.41,1,-1,-1,-1
557,1,878.50,69.84,486.64,1019.05,1,-1,-1,-1
558,3,1101.04,180.32,263.00,636.41,1,-1,-1,-1
558,2,368.72,153.27,280.84,869.04,1,-1,-1,-1
558,1,916.02,55.70,494.81,1032.29,1,-1,-1,-1
559,2,361.92,145.42,286.30,874.36,1,-1,-1,-1
559,1,938.64,59.38,509.06,1037.55,1,-1,-1,-1
560,2,353.35,133.80,281.65,900.82,1,-1,-1,-1
560,1,952.87,61.30,530.18,1040.25,1,-1,-1,-1
561,5,941.00,251.00,195.00,623.00,1,-1,-1,-1
561,2,355.10,129.16,288.17,917.49,1,-1,-1,-1
561,1,972.13,68.90,555.00,1028.90,1,-1,-1,-1
562,5,928.01,230.48,212.32,638.16,1,-1,-1,-1
562,2,354.21,134.96,290.87,919.82,1,-1,-1,-1
562,1,1030.33,72.71,527.64,1034.56,1,-1,-1,-1
563,5,911.96,237.57,218.90,641.05,1,-1,-1,-1
563,2,354.02,137.25,297.63,925.21,1,-1,-1,-1
563,1,1104.01,81.68,493.47,1028.67,1,-1,-1,-1
564,5,890.23,232.03,221.16,644.28,1,-1,-1,-1
564,2,350.17,133.23,299.80,931.20,1,-1,-1,-1
564,1,1154.28,83.41,493.82,1021.50,1,-1,-1,-1
565,5,876.28,231.57,207.10,643.77,1,-1,-1,-1
565,2,349.89,129.42,317.95,932.91,1,-1,-1,-1
565,1,1188.97,93.13,498.45,1003.51,1,-1,-1,-1
566,5,865.28,220.32,189.42,658.48,1,-1,-1,-1
566,2,353.62,127.48,329.04,941.17,1,-1,-1,-1
566,1,1209.28,97.48,504.91,995.89,1,-1,-1,-1
567,5,854.27,229.18,192.37,656.51,1,-1,-1,-1
567,2,355.44,130.01,335.24,933.74,1,-1,-1,-1
567,1,1213.87,85.31,509.23,1019.25,1,-1,-1,-1
568,5,832.78,222.08,206.60,658.09,1,-1,-1,-1
568,2,363.45,111.04,337.80,943.73,1,-1,-1,-1
568,1,1233.15,86.86,515.19,1006.13,1,-1,-1,-1
569,5,799.28,221.04,227.04,653.70,1,-1,-1,-1
569,2,379.72,110.88,351.90,961.41,1,-1,-1,-1
569,1,1237.09,93.09,529.96,994.69,1,-1,-1,-1
570,5,768.81,222.63,239.44,658.33,1,-1,-1,-1
570,2,387.06,109.07,373.21,967.26,1,-1,-1,-1
570,1,1252.20,90.75,518.36,996.68,1,-1,-1,-1
571,5,742.54,229.58,246.69,658.31,1,-1,-1,-1
571,2,409.00,117.87,366.79,956.84,1,-1,-1,-1
571,1,1262.62,101.22,513.47,982.78,1,-1,-1,-1
572,4,727.00,232.00,264.00,639.00,1,-1,-1,-1
572,2,427.43,106.49,366.19,973.69,1,-1,-1,-1
572,1,1273.83,104.00,491.11,976.27,1,-1,-1,-1
573,4,725.42,244.53,243.30,635.11,1,-1,-1,-1
573,2,452.39,120.10,382.87,970.91,1,-1,-1,-1
573,1,1284.59,115.00,474.38,973.05,1,-1,-1,-1
574,4,706.57,243.20,262.39,635.11,1,-1,-1,-1
574,2,492.86,116.22,389.87,978.61,1,-1,-1,-1
574,1,1292.72,122.78,454.83,960.05,1,-1,-1,-1
575,4,683.37,241.84,262.39,635.11,1,-1,-1,-1
575,2,521.05,112.48,407.32,981.15,1,-1,-1,-1
575,1,1302.66,116.94,439.65,953.52,1,-1,-1,-1
576,2,553.06,111.21,412.11,981.57,1,-1,-1,-1
576,1,1303.73,116.79,432.18,942.57,1,-1,-1,-1
577,6,768.00,50.00,183.00,252.00,1,-1,-1,-1
577,4,580.00,149.00,501.00,890.00,1,-1,-1,-1
577,1,1307.15,109.52,426.37,949.31,1,-1,-1,-1
578,6,778.22,45.23,183.00,252.00,1,-1,-1,-1
578,4,561.71,91.46,502.92,959.09,1,-1,-1,-1
578,1,1305.89,110.32,425.70,949.65,1,-1,-1,-1
579,6,808.90,41.82,183.00,252.00,1,-1,-1,-1
579,4,556.90,80.71,540.07,982.53,1,-1,-1,-1
579,2,522.00,195.00,386.00,747.00,1,-1,-1,-1
579,1,1293.35,112.61,417.20,943.24,1,-1,-1,-1
580,4,657.09,84.76,481.24,994.93,1,-1,-1,-1
580,2,504.81,203.04,346.97,739.60,1,-1,-1,-1
580,1,1293.92,113.90,396.09,944.25,1,-1,-1,-1
581,4,684.50,61.40,460.07,1030.93,1,-1,-1,-1
581,2,474.42,217.87,350.95,727.32,1,-1,-1,-1
581,1,1285.84,102.90,383.05,940.50,1,-1,-1,-1
582,5,465.00,218.00,315.00,722.00,1,-1,-1,-1
582,4,808.00,57.00,345.00,1021.00,1,-1,-1,-1
582,1,1271.60,113.79,388.01,927.59,1,-1,-1,-1
583,5,439.49,214.33,297.04,727.00,1,-1,-1,-1
583,4,854.18,68.38,337.16,1002.76,1,-1,-1,-1
583,1,1271.34,124.32,393.58,911.77,1,-1,-1,-1
584,5,429.37,208.88,295.85,734.51,1,-1,-1,-1
584,4,877.69,65.79,325.83,989.91,1,-1,-1,-1
584,1,1320.00,119.00,305.00,932.00,1,-1,-1,-1
585,5,402.15,199.74,301.89,750.34,1,-1,-1,-1
585,4,929.27,26.23,322.91,1028.84,1,-1,-1,-1
585,1,1316.35,131.77,319.60,922.52,1,-1,-1,-1
586,5,381.48,196.57,302.42,769.45,1,-1,-1,-1
586,4,956.67,24.78,344.70,1038.90,1,-1,-1,-1
586,1,1303.50,140.15,312.16,898.21,1,-1,-1,-1
587,5,362.33,195.89,310.26,785.97,1,-1,-1,-1
587,4,979.16,39.79,371.03,1020.62,1,-1,-1,-1
587,1,1292.18,140.50,294.10,874.16,1,-1,-1,-1
588,5,349.64,195.80,311.41,815.34,1,-1,-1,-1
588,4,1026.39,74.30,394.25,980.69,1,-1,-1,-1
588,1,1279.16,146.93,278.55,829.72,1,-1,-1,-1
589,5,334.37,195.91,316.00,822.61,1,-1,-1,-1
589,4,1054.79,15.91,341.08,672.59,1,-1,-1,-1
589,1,1160.07,101.31,386.73,923.00,1,-1,-1,-1
590,5,312.55,186.48,323.22,836.79,1,-1,-1,-1
590,3,1348.00,254.00,171.00,521.00,1,-1,-1,-1
590,1,1103.38,109.89,394.45,966.27,1,-1,-1,-1
591,5,303.62,193.76,328.60,834.11,1,-1,-1,-1
591,3,1357.30,242.63,171.00,521.00,1,-1,-1,-1
591,1,1056.00,53.00,455.00,1013.00,1,-1,-1,-1
592,5,289.55,185.97,333.26,857.98,1,-1,-1,-1
592,3,1341.80,220.92,171.00,521.00,1,-1,-1,-1
592,1,1096.59,57.02,429.23,1010.63,1,-1,-1,-1
593,5,280.14,184.96,342.30,864.74,1,-1,-1,-1
593,1,1129.86,52.61,451.69,1010.75,1,-1,-1,-1
594,5,269.31,182.17,353.08,872.89,1,-1,-1,-1
594,1,1163.71,46.19,455.25,1010.11,1,-1,-1,-1
595,5,262.93,185.46,362.03,878.38,1,-1,-1,-1
595,1,1186.62,48.87,452.71,1015.91,1,-1,-1,-1
596,7,1218.79,222.72,124.22,656.00,1,-1,-1,-1
596,5,248.81,184.52,380.95,885.58,1,-1,-1,-1
596,1,1194.45,91.92,451.93,973.24,1,-1,-1,-1
597,7,1221.60,206.78,126.33,668.30,1,-1,-1,-1
597,5,227.73,181.03,403.42,892.95,1,-1,-1,-1
597,1,1202.51,60.40,433.47,995.79,1,-1,-1,-1
598,7,1208.49,202.44,137.61,670.34,1,-1,-1,-1
598,5,206.85,179.22,428.39,903.00,1,-1,-1,-1
598,1,1201.11,84.86,452.68,987.22,1,-1,-1,-1
599,7,1203.11,193.48,152.96,674.73,1,-1,-1,-1
599,5,192.03,176.65,456.62,908.96,1,-1,-1,-1
599,1,1252.04,87.05,407.62,974.71,1,-1,-1,-1
600,7,1169.31,212.79,166.83,671.57,1,-1,-1,-1
600,5,186.67,175.17,473.42,906.17,1,-1,-1,-1
600,1,1268.58,107.78,391.52,973.97,1,-1,-1,-1
601,7,1142.69,211.04,183.69,669.58,1,-1,-1,-1
601,5,193.46,164.91,467.77,919.68,1,-1,-1,-1
601,1,1284.85,114.62,373.82,932.10,1,-1,-1,-1
602,7,1127.60,206.97,195.59,673.42,1,-1,-1,-1
602,5,214.96,156.04,442.12,932.34,1,-1,-1,-1
602,1,1299.03,107.58,356.05,900.28,1,-1,-1,-1
603,7,1116.75,211.37,188.88,652.69,1,-1,-1,-1
603,5,237.76,152.15,421.83,931.31,1,-1,-1,-1
603,1,1295.95,106.45,352.67,888.38,1,-1,-1,-1
604,7,1100.51,202.00,181.11,643.64,1,-1,-1,-1
604,5,276.56,153.96,388.21,938.84,1,-1,-1,-1
604,1,1287.66,131.25,346.07,885.53,1,-1,-1,-1
605,7,1072.97,207.15,161.92,642.56,1,-1,-1,-1
605,5,304.03,160.74,375.40,924.35,1,-1,-1,-1
605,1,1283.67,116.96,347.01,886.34,1,-1,-1,-1
606,7,1065.59,190.63,162.61,643.44,1,-1,-1,-1
606,5,321.62,156.32,370.16,927.23,1,-1,-1,-1
606,1,1284.29,130.79,344.85,875.28,1,-1,-1,-1
607,7,1046.33,207.34,169.62,636.59,1,-1,-1,-1
607,5,350.31,166.50,374.25,918.67,1,-1,-1,-1
607,1,1289.76,125.94,346.67,876.18,1,-1,-1,-1
608,7,1028.95,192.64,171.10,647.07,1,-1,-1,-1
608,5,381.14,143.84,377.44,943.66,1,-1,-1,-1
608,1,1295.43,120.84,329.96,867.06,1,-1,-1,-1
609,7,982.17,198.85,182.45,650.49,1,-1,-1,-1
609,5,409.83,138.43,377.68,948.13,1,-1,-1,-1
609,1,1288.59,131.88,328.37,856.94,1,-1,-1,-1
610,7,968.09,205.89,191.26,643.35,1,-1,-1,-1
610,5,436.59,133.48,383.54,954.59,1,-1,-1,-1
610,1,1287.32,134.15,334.78,848.44,1,-1,-1,-1
611,7,953.61,205.34,195.59,643.70,1,-1,-1,-1
611,5,482.80,126.54,366.88,956.96,1,-1,-1,-1
611,1,1279.31,133.72,322.84,850.99,1,-1,-1,-1
612,7,936.23,213.28,197.09,630.57,1,-1,-1,-1
612,5,510.39,118.32,378.28,980.41,1,-1,-1,-1
612,1,1270.19,134.09,323.04,832.05,1,-1,-1,-1
613,7,922.58,216.56,183.80,625.36,1,-1,-1,-1
613,5,554.54,123.37,379.03,970.98,1,-1,-1,-1
613,1,1249.14,125.75,314.17,815.10,1,-1,-1,-1
614,7,886.00,199.00,212.00,624.00,1,-1,-1,-1
614,5,578.79,118.00,375.14,976.90,1,-1,-1,-1
614,1,1242.34,127.87,312.06,804.06,1,-1,-1,-1
615,7,880.66,210.27,172.83,605.32,1,-1,-1,-1
615,5,629.12,111.31,402.89,984.63,1,-1,-1,-1
615,1,1212.07,124.22,324.17,797.72,1,-1,-1,-1
616,7,830.13,189.10,209.51,616.67,1,-1,-1,-1
616,5,683.82,111.41,391.38,964.13,1,-1,-1,-1
616,1,1174.67,125.35,343.43,798.46,1,-1,-1,-1
617,7,821.47,190.34,209.51,616.67,1,-1,-1,-1
617,5,732.01,109.01,394.75,952.00,1,-1,-1,-1
617,1,1161.45,122.19,349.81,800.18,1,-1,-1,-1
618,5,769.93,108.89,404.46,971.47,1,-1,-1,-1
618,1,1162.65,128.21,340.72,790.55,1,-1,-1,-1
619,8,731.42,231.46,177.80,583.92,1,-1,-1,-1
619,5,730.00,57.00,553.00,1012.00,1,-1,-1,-1
619,1,1152.34,143.33,338.82,771.76,1,-1,-1,-1
620,8,721.15,218.27,189.80,614.58,1,-1,-1,-1
620,5,746.62,57.82,569.85,998.33,1,-1,-1,-1
620,1,1151.00,187.00,316.00,743.00,1,-1,-1,-1
621,8,697.38,224.24,214.05,619.66,1,-1,-1,-1
621,5,785.04,49.68,583.85,996.92,1,-1,-1,-1
621,1,1165.13,175.54,288.06,708.18,1,-1,-1,-1
622,8,673.97,228.91,214.59,612.06,1,-1,-1,-1
622,5,875.10,55.87,520.16,1009.09,1,-1,-1,-1
622,1,1163.11,176.17,293.73,693.10,1,-1,-1,-1
623,8,652.51,230.06,207.27,608.63,1,-1,-1,-1
623,5,892.74,70.69,591.37,981.31,1,-1,-1,-1
623,1,1172.00,182.28,261.30,584.67,1,-1,-1,-1
624,8,638.30,229.04,197.52,603.39,1,-1,-1,-1
624,5,917.57,69.37,612.86,998.02,1,-1,-1,-1
624,1,1184.30,198.78,244.17,574.10,1,-1,-1,-1
625,8,625.55,225.17,188.76,612.42,1,-1,-1,-1
625,5,969.68,64.77,604.11,1010.17,1,-1,-1,-1
626,8,602.47,228.62,196.55,619.64,1,-1,-1,-1
626,5,1016.87,67.38,564.18,1010.49,1,-1,-1,-1
627,8,562.77,225.80,223.03,628.88,1,-1,-1,-1
627,5,1079.05,66.39,531.71,1009.62,1,-1,-1,-1
628,8,547.87,220.12,236.35,640.45,1,-1,-1,-1
628,5,1095.45,70.64,533.49,1006.18,1,-1,-1,-1
629,8,536.47,220.60,228.77,648.05,1,-1,-1,-1
629,5,1092.73,76.88,556.69,1000.34,1,-1,-1,-1
629,2,1062.00,181.00,212.00,651.00,1,-1,-1,-1
630,8,531.44,217.74,222.59,656.48,1,-1,-1,-1
630,5,1199.62,62.24,480.15,1000.77,1,-1,-1,-1
630,2,1040.64,179.48,230.57,644.84,1,-1,-1,-1
631,8,524.88,210.36,215.35,663.42,1,-1,-1,-1
631,5,1232.61,62.64,474.15,1001.90,1,-1,-1,-1
631,2,1017.32,188.19,225.72,627.60,1,-1,-1,-1
632,8,509.80,213.92,216.30,647.97,1,-1,-1,-1
632,5,1266.97,71.23,472.61,1002.18,1,-1,-1,-1
632,2,1019.70,180.69,201.93,628.32,1,-1,-1,-1
633,8,492.06,208.82,223.08,648.27,1,-1,-1,-1
633,5,1282.70,75.99,477.54,993.06,1,-1,-1,-1
633,2,1010.17,175.12,202.95,638.02,1,-1,-1,-1
634,8,462.76,209.36,236.56,653.37,1,-1,-1,-1
634,5,1310.26,83.06,475.04,986.34,1,-1,-1,-1
634,2,989.84,172.97,207.61,637.65,1,-1,-1,-1
635,8,439.33,215.40,248.91,660.48,1,-1,-1,-1
635,5,1342.56,79.99,471.26,986.85,1,-1,-1,-1
635,2,968.62,184.80,219.64,624.41,1,-1,-1,-1
636,8,424.06,222.78,249.35,660.97,1,-1,-1,-1
636,5,1361.76,73.85,498.46,999.12,1,-1,-1,-1
636,2,953.25,198.93,225.93,613.52,1,-1,-1,-1
637,8,423.92,211.82,242.15,686.96,1,-1,-1,-1
637,5,1384.00,69.71,498.07,998.71,1,-1,-1,-1
637,2,935.05,202.68,231.11,617.26,1,-1,-1,-1
638,8,421.64,211.52,239.14,700.04,1,-1,-1,-1
638,5,1395.07,69.38,514.91,1005.92,1,-1,-1,-1
638,2,919.59,206.89,240.60,619.44,1,-1,-1,-1
639,8,420.85,215.97,236.55,694.74,1,-1,-1,-1
639,5,1398.53,69.96,520.70,999.48,1,-1,-1,-1
639,2,903.07,211.95,234.53,611.91,1,-1,-1,-1
640,8,422.60,214.25,230.22,699.65,1,-1,-1,-1
640,5,1391.41,70.02,528.69,999.42,1,-1,-1,-1
640,2,875.90,212.09,222.41,596.66,1,-1,-1,-1
641,8,420.55,212.32,232.71,706.68,1,-1,-1,-1
641,5,1394.51,79.97,524.76,989.13,1,-1,-1,-1
641,2,854.08,219.74,213.11,577.14,1,-1,-1,-1
642,8,423.12,197.34,230.28,725.29,1,-1,-1,-1
642,5,1404.13,94.77,505.80,969.27,1,-1,-1,-1
642,2,830.33,204.33,243.67,590.18,1,-1,-1,-1
643,8,435.83,200.78,221.71,749.01,1,-1,-1,-1
643,5,1407.22,93.59,486.98,962.57,1,-1,-1,-1
643,2,811.05,201.25,258.45,597.01,1,-1,-1,-1
644,8,440.97,172.69,217.41,789.62,1,-1,-1,-1
644,5,1420.78,100.84,459.75,944.19,1,-1,-1,-1
644,2,791.40,204.23,276.83,599.10,1,-1,-1,-1
645,8,445.09,166.10,215.91,786.34,1,-1,-1,-1
645,5,1426.70,104.24,441.20,934.79,1,-1,-1,-1
645,2,780.10,210.60,286.75,605.20,1,-1,-1,-1
646,8,445.38,167.03,219.27,809.22,1,-1,-1,-1
646,5,1424.67,102.66,441.15,936.67,1,-1,-1,-1
646,2,774.47,212.22,286.83,600.92,1,-1,-1,-1
647,8,437.22,171.23,228.72,810.74,1,-1,-1,-1
647,5,1429.91,106.48,422.60,925.91,1,-1,-1,-1
647,2,766.68,216.77,272.57,593.60,1,-1,-1,-1
648,8,429.72,168.16,251.57,815.77,1,-1,-1,-1
648,5,1419.01,104.63,415.19,918.72,1,-1,-1,-1
648,2,755.61,215.97,255.47,599.85,1,-1,-1,-1
649,8,423.99,171.83,269.28,831.81,1,-1,-1,-1
649,5,1406.53,107.37,411.94,918.59,1,-1,-1,-1
649,2,737.89,214.01,263.07,606.97,1,-1,-1,-1
650,8,415.09,177.38,286.11,836.74,1,-1,-1,-1
650,5,1397.59,105.37,414.32,915.12,1,-1,-1,-1
650,1,715.00,200.00,309.00,623.00,1,-1,-1,-1
651,8,415.13,179.22,288.21,850.56,1,-1,-1,-1
651,5,1393.21,114.94,411.72,890.83,1,-1,-1,-1
651,1,705.54,204.12,311.19,614.75,1,-1,-1,-1
652,8,413.57,179.31,292.53,862.75,1,-1,-1,-1
652,5,1381.26,127.49,407.33,867.93,1,-1,-1,-1
652,1,695.65,196.91,293.97,613.08,1,-1,-1,-1
653,8,423.95,178.57,296.99,859.64,1,-1,-1,-1
653,5,1365.15,126.91,402.17,864.32,1,-1,-1,-1
653,1,685.59,199.39,293.98,617.10,1,-1,-1,-1
654,8,441.61,173.39,291.06,879.76,1,-1,-1,-1
654,5,1341.24,131.69,407.93,840.88,1,-1,-1,-1
654,1,678.09,199.06,299.83,619.52,1,-1,-1,-1
655,8,469.04,176.50,319.75,889.71,1,-1,-1,-1
655,5,1334.36,135.34,394.09,839.89,1,-1,-1,-1
655,1,661.50,201.06,305.84,650.45,1,-1,-1,-1
656,8,501.09,185.09,374.13,881.35,1,-1,-1,-1
656,5,1336.68,137.40,377.09,818.08,1,-1,-1,-1
656,1,645.15,197.39,330.27,600.93,1,-1,-1,-1
657,8,514.39,179.05,387.66,887.62,1,-1,-1,-1
657,5,1342.61,143.75,358.21,795.57,1,-1,-1,-1
657,1,628.10,210.36,298.05,600.93,1,-1,-1,-1
658,8,531.77,165.58,359.72,899.38,1,-1,-1,-1
658,5,1337.96,146.52,346.71,781.18,1,-1,-1,-1
658,1,618.41,211.75,298.05,600.93,1,-1,-1,-1
659,8,558.62,175.44,285.98,893.82,1,-1,-1,-1
659,5,1347.00,173.00,255.00,752.00,1,-1,-1,-1
659,1,608.72,199.29,298.05,600.93,1,-1,-1,-1
660,8,556.42,145.58,288.07,899.11,1,-1,-1,-1
660,5,1329.76,182.43,278.63,743.84,1,-1,-1,-1
661,8,548.00,154.00,394.00,919.00,1,-1,-1,-1
661,5,1313.49,188.44,287.22,732.13,1,-1,-1,-1
662,8,558.02,157.55,406.60,919.79,1,-1,-1,-1
662,5,1305.56,191.16,287.18,721.35,1,-1,-1,-1
663,8,552.47,151.36,452.02,923.08,1,-1,-1,-1
663,5,1284.37,190.49,293.83,710.74,1,-1,-1,-1
664,8,617.81,159.97,444.12,926.77,1,-1,-1,-1
664,5,1268.35,190.35,278.27,701.13,1,-1,-1,-1
664,2,533.00,151.00,212.00,824.00,1,-1,-1,-1
