43,0,8.11,260.03,258.82,590.93,-1,-1,-1,-1
44,0,7.33,253.61,262.63,599.91,-1,-1,-1,-1
45,0,9.62,258.32,262.97,587.73,-1,-1,-1,-1
46,0,13.38,254.62,261.93,590.06,-1,-1,-1,-1
47,0,16.85,251.55,258.12,599.78,-1,-1,-1,-1
48,0,28.69,244.99,242.36,615.00,-1,-1,-1,-1
49,0,35.42,246.65,234.79,613.73,-1,-1,-1,-1
50,0,43.54,249.06,224.21,614.98,-1,-1,-1,-1
51,0,44.97,245.18,225.21,633.20,-1,-1,-1,-1
52,0,43.11,248.33,237.85,636.91,-1,-1,-1,-1
53,0,43.74,249.81,248.98,641.21,-1,-1,-1,-1
54,0,39.37,256.99,262.81,633.39,-1,-1,-1,-1
55,0,33.93,251.80,288.50,642.61,-1,-1,-1,-1
56,0,24.38,245.38,327.47,656.40,-1,-1,-1,-1
57,0,19.22,241.77,354.08,666.82,-1,-1,-1,-1
58,0,24.35,238.26,364.04,677.51,-1,-1,-1,-1
59,0,52.12,238.21,332.62,688.83,-1,-1,-1,-1
60,0,89.25,237.35,282.98,694.76,-1,-1,-1,-1
61,0,111.12,237.63,257.92,696.17,-1,-1,-1,-1
62,0,133.86,238.16,243.31,696.53,-1,-1,-1,-1
63,0,145.28,226.95,254.47,722.57,-1,-1,-1,-1
64,0,138.98,220.18,301.57,738.39,-1,-1,-1,-1
65,0,140.36,212.49,345.86,760.88,-1,-1,-1,-1
66,0,131.49,214.96,391.48,763.86,-1,-1,-1,-1
67,0,131.99,219.68,409.50,768.06,-1,-1,-1,-1
68,0,143.73,218.78,410.17,782.87,-1,-1,-1,-1
69,0,151.94,215.93,406.85,798.40,-1,-1,-1,-1
70,0,173.78,203.57,369.91,825.51,-1,-1,-1,-1
71,0,192.84,193.33,337.81,854.74,-1,-1,-1,-1
72,0,208.67,184.01,309.34,876.97,-1,-1,-1,-1
73,0,217.02,179.12,294.60,891.25,-1,-1,-1,-1
74,0,221.96,184.20,294.14,880.02,-1,-1,-1,-1
75,0,232.22,183.54,290.82,876.07,-1,-1,-1,-1
76,0,240.38,181.83,296.19,879.45,-1,-1,-1,-1
77,0,256.86,180.66,289.64,877.68,-1,-1,-1,-1
78,0,273.88,171.54,277.57,885.72,-1,-1,-1,-1
79,0,280.10,159.84,287.34,904.45,-1,-1,-1,-1
80,0,278.64,160.21,315.40,902.69,-1,-1,-1,-1
81,0,263.11,162.32,371.39,905.43,-1,-1,-1,-1
82,0,242.72,147.24,448.63,926.28,-1,-1,-1,-1
83,0,224.18,148.73,536.83,920.89,-1,-1,-1,-1
84,0,237.29,145.89,539.16,924.85,-1,-1,-1,-1
85,0,250.41,143.05,541.49,928.82,-1,-1,-1,-1
86,0,267.55,142.16,566.21,930.25,-1,-1,-1,-1
87,0,331.63,143.40,483.31,923.70,-1,-1,-1,-1
88,0,394.95,139.55,410.35,926.42,-1,-1,-1,-1
89,0,436.41,129.80,391.07,935.86,-1,-1,-1,-1
90,0,478.19,106.40,389.51,969.74,-1,-1,-1,-1
91,0,498.96,117.32,451.84,957.59,-1,-1,-1,-1
92,0,527.68,113.75,453.96,962.07,-1,-1,-1,-1
93,0,556.41,110.17,456.07,966.54,-1,-1,-1,-1
94,0,585.13,106.59,458.19,971.02,-1,-1,-1,-1
95,0,632.45,141.86,559.98,863.18,-1,-1,-1,-1
96,0,705.00,113.84,497.88,924.72,-1,-1,-1,-1
97,0,752.28,118.52,469.19,935.67,-1,-1,-1,-1
98,0,793.09,110.27,444.48,951.63,-1,-1,-1,-1
99,0,831.26,104.17,437.44,963.39,-1,-1,-1,-1
100,0,856.76,111.13,448.94,960.09,-1,-1,-1,-1
101,0,887.39,122.92,448.46,946.19,-1,-1,-1,-1
102,0,913.77,123.98,444.86,950.48,-1,-1,-1,-1
103,0,939.53,126.03,445.14,947.38,-1,-1,-1,-1
104,0,960.37,125.68,439.30,946.40,-1,-1,-1,-1
105,0,972.10,130.88,448.05,934.01,-1,-1,-1,-1
106,0,1007.41,118.77,423.86,952.43,-1,-1,-1,-1
107,0,1043.45,124.51,400.15,943.89,-1,-1,-1,-1
108,0,1091.62,128.87,361.93,933.52,-1,-1,-1,-1
109,0,1124.89,134.25,341.25,927.63,-1,-1,-1,-1
110,0,1153.56,149.73,328.59,906.31,-1,-1,-1,-1
111,0,1176.22,147.74,315.26,917.81,-1,-1,-1,-1
112,0,1191.66,142.47,309.03,926.79,-1,-1,-1,-1
113,0,1197.38,141.74,316.78,918.02,-1,-1,-1,-1
114,0,1200.30,134.24,319.12,929.77,-1,-1,-1,-1
115,0,1200.17,135.79,331.88,922.47,-1,-1,-1,-1
116,0,1211.02,138.44,325.23,911.98,-1,-1,-1,-1
117,0,1218.63,145.52,335.53,889.53,-1,-1,-1,-1
118,0,1231.42,168.74,334.71,843.54,-1,-1,-1,-1
119,0,1250.39,184.43,324.75,796.08,-1,-1,-1,-1
120,0,1273.54,185.45,303.21,788.89,-1,-1,-1,-1
121,0,1288.64,193.90,279.70,763.23,-1,-1,-1,-1
122,0,1292.44,185.43,258.66,762.58,-1,-1,-1,-1
123,0,1296.28,188.99,242.76,740.80,-1,-1,-1,-1
124,0,1308.50,182.24,215.04,742.77,-1,-1,-1,-1
125,0,1317.03,165.92,199.48,764.68,-1,-1,-1,-1
126,0,1312.89,161.79,215.68,773.33,-1,-1,-1,-1
127,0,1300.75,170.60,254.30,762.75,-1,-1,-1,-1
128,0,1287.72,183.35,299.70,752.68,-1,-1,-1,-1
129,0,1269.89,195.73,341.54,729.49,-1,-1,-1,-1
130,0,1248.78,204.29,375.97,709.48,-1,-1,-1,-1
131,0,1234.76,204.37,388.21,700.17,-1,-1,-1,-1
132,0,1229.88,207.50,372.80,677.99,-1,-1,-1,-1
133,0,1224.19,211.38,357.77,657.23,-1,-1,-1,-1
134,0,1227.18,221.10,313.38,632.58,-1,-1,-1,-1
135,0,1236.43,218.48,253.52,627.80,-1,-1,-1,-1
136,0,1236.89,212.32,221.40,642.13,-1,-1,-1,-1
137,0,1229.51,212.49,214.57,639.65,-1,-1,-1,-1
138,0,1194.53,212.88,234.13,630.66,-1,-1,-1,-1
139,0,1160.26,209.56,244.87,617.73,-1,-1,-1,-1
140,0,1122.48,199.29,258.34,627.06,-1,-1,-1,-1
141,0,1095.40,196.43,270.57,622.62,-1,-1,-1,-1
142,0,1075.10,200.55,278.51,610.63,-1,-1,-1,-1
143,0,1064.38,199.76,278.09,615.55,-1,-1,-1,-1
143,1,7.22,236.48,232.15,600.13,-1,-1,-1,-1
144,0,1059.47,208.42,273.84,604.20,-1,-1,-1,-1
144,1,11.32,244.14,260.75,586.85,-1,-1,-1,-1
145,0,1058.44,220.92,262.97,590.50,-1,-1,-1,-1
145,1,14.72,245.87,285.21,582.48,-1,-1,-1,-1
146,0,1059.14,222.33,250.89,592.29,-1,-1,-1,-1
146,1,18.08,254.73,293.20,570.25,-1,-1,-1,-1
147,0,1055.33,226.74,248.45,587.20,-1,-1,-1,-1
147,1,22.75,249.39,300.81,579.85,-1,-1,-1,-1
148,0,1055.40,223.96,217.03,590.74,-1,-1,-1,-1
148,1,30.75,247.09,302.63,582.57,-1,-1,-1,-1
149,0,1049.96,226.79,196.70,586.32,-1,-1,-1,-1
149,1,37.49,249.21,299.29,575.88,-1,-1,-1,-1
150,0,1036.05,229.98,172.81,577.30,-1,-1,-1,-1
150,1,49.18,237.50,282.19,596.36,-1,-1,-1,-1
151,0,1015.54,231.30,162.29,574.08,-1,-1,-1,-1
151,1,59.67,226.87,269.86,616.38,-1,-1,-1,-1
152,0,979.00,230.13,188.95,570.05,-1,-1,-1,-1
152,1,70.59,219.31,261.13,634.03,-1,-1,-1,-1
153,0,940.75,231.01,219.74,580.14,-1,-1,-1,-1
153,1,82.14,215.19,249.94,648.52,-1,-1,-1,-1
154,0,917.74,238.25,235.90,571.25,-1,-1,-1,-1
154,1,92.26,218.79,241.55,652.05,-1,-1,-1,-1
155,0,901.66,238.83,243.79,567.70,-1,-1,-1,-1
155,1,96.42,218.01,243.26,659.02,-1,-1,-1,-1
156,0,880.28,235.61,248.20,574.59,-1,-1,-1,-1
156,1,96.34,215.29,252.32,667.29,-1,-1,-1,-1
157,0,849.11,227.96,263.64,590.97,-1,-1,-1,-1
157,1,96.42,215.82,255.44,667.97,-1,-1,-1,-1
158,0,816.84,224.23,273.83,606.94,-1,-1,-1,-1
158,1,94.63,210.07,259.68,678.53,-1,-1,-1,-1
159,0,788.84,222.81,274.99,608.96,-1,-1,-1,-1
159,1,92.08,208.92,268.29,683.81,-1,-1,-1,-1
160,0,768.52,221.34,267.79,617.19,-1,-1,-1,-1
160,1,91.02,204.48,269.31,692.45,-1,-1,-1,-1
161,0,756.26,220.20,254.36,626.02,-1,-1,-1,-1
161,1,90.99,200.71,280.70,703.03,-1,-1,-1,-1
162,0,735.89,219.75,269.65,633.66,-1,-1,-1,-1
162,1,95.47,196.44,279.10,719.92,-1,-1,-1,-1
163,0,720.04,222.58,283.04,637.03,-1,-1,-1,-1
163,1,99.46,197.28,273.23,726.65,-1,-1,-1,-1
164,0,710.95,224.72,272.09,644.71,-1,-1,-1,-1
164,1,98.92,200.60,278.58,727.91,-1,-1,-1,-1
165,0,689.31,215.17,273.89,668.32,-1,-1,-1,-1
165,1,94.30,195.83,284.48,736.97,-1,-1,-1,-1
166,0,663.03,215.64,278.25,665.52,-1,-1,-1,-1
166,1,83.70,184.82,307.83,754.63,-1,-1,-1,-1
167,0,635.49,211.88,270.81,677.17,-1,-1,-1,-1
167,1,86.08,181.85,309.95,757.28,-1,-1,-1,-1
168,0,609.74,206.21,269.20,682.65,-1,-1,-1,-1
168,1,88.03,180.39,319.36,760.48,-1,-1,-1,-1
169,0,593.07,204.27,268.24,684.64,-1,-1,-1,-1
169,1,89.59,177.55,325.50,764.36,-1,-1,-1,-1
170,0,582.44,210.96,264.59,667.48,-1,-1,-1,-1
170,1,86.28,173.09,338.48,775.28,-1,-1,-1,-1
171,0,571.61,215.45,265.23,663.85,-1,-1,-1,-1
171,1,81.74,166.41,354.86,793.25,-1,-1,-1,-1
172,0,565.03,220.51,263.74,660.04,-1,-1,-1,-1
172,1,90.02,163.96,359.07,802.87,-1,-1,-1,-1
173,0,558.06,221.51,262.60,665.41,-1,-1,-1,-1
173,1,103.24,170.23,368.52,799.17,-1,-1,-1,-1
174,0,550.29,218.60,263.05,677.48,-1,-1,-1,-1
174,1,123.35,173.06,361.93,796.48,-1,-1,-1,-1
175,0,539.89,221.75,256.34,677.78,-1,-1,-1,-1
175,1,133.89,173.58,376.02,793.36,-1,-1,-1,-1
176,0,528.99,219.84,244.04,678.18,-1,-1,-1,-1
176,1,149.72,161.03,368.10,815.99,-1,-1,-1,-1
177,0,520.94,216.31,230.03,685.19,-1,-1,-1,-1
177,1,145.30,155.82,398.33,821.25,-1,-1,-1,-1
178,0,509.44,210.78,217.41,693.49,-1,-1,-1,-1
178,1,158.18,155.15,403.39,827.14,-1,-1,-1,-1
179,0,495.83,212.04,215.94,702.66,-1,-1,-1,-1
179,1,186.80,155.04,359.60,841.25,-1,-1,-1,-1
180,0,481.10,215.49,219.30,696.50,-1,-1,-1,-1
180,1,204.01,159.07,338.33,857.37,-1,-1,-1,-1
181,0,471.14,221.98,220.21,682.55,-1,-1,-1,-1
181,1,230.81,156.82,301.97,879.26,-1,-1,-1,-1
182,0,456.17,225.76,228.88,674.20,-1,-1,-1,-1
182,1,256.75,159.04,288.02,895.01,-1,-1,-1,-1
183,0,450.69,213.95,222.69,693.15,-1,-1,-1,-1
183,1,266.75,165.55,302.92,892.31,-1,-1,-1,-1
184,0,437.71,211.75,224.23,698.00,-1,-1,-1,-1
184,1,276.78,154.99,345.95,905.73,-1,-1,-1,-1
185,0,424.74,209.56,225.77,702.86,-1,-1,-1,-1
185,1,292.01,152.09,350.20,905.37,-1,-1,-1,-1
186,0,411.76,207.36,227.31,707.72,-1,-1,-1,-1
186,1,311.54,145.87,341.52,912.99,-1,-1,-1,-1
187,0,398.79,205.17,228.86,712.57,-1,-1,-1,-1
187,1,334.30,133.68,337.50,935.14,-1,-1,-1,-1
188,1,352.28,144.80,327.64,924.62,-1,-1,-1,-1
189,1,352.50,135.76,342.50,942.89,-1,-1,-1,-1
190,1,331.38,135.35,388.11,942.90,-1,-1,-1,-1
191,0,242.11,232.31,312.19,700.49,-1,-1,-1,-1
191,1,345.01,152.09,382.55,912.75,-1,-1,-1,-1
192,0,210.48,229.71,325.88,714.99,-1,-1,-1,-1
192,1,433.71,128.01,308.95,932.87,-1,-1,-1,-1
193,0,204.05,227.13,325.81,730.86,-1,-1,-1,-1
193,1,470.03,101.17,333.59,974.69,-1,-1,-1,-1
194,0,206.11,215.91,322.70,765.72,-1,-1,-1,-1
194,1,511.21,72.52,349.38,1013.31,-1,-1,-1,-1
195,0,205.36,219.88,319.96,771.39,-1,-1,-1,-1
195,1,550.34,69.95,369.28,1014.23,-1,-1,-1,-1
196,0,194.89,224.32,328.86,771.50,-1,-1,-1,-1
196,1,584.37,82.95,378.92,989.90,-1,-1,-1,-1
197,0,168.48,223.14,356.99,777.60,-1,-1,-1,-1
197,1,629.62,96.29,372.00,958.75,-1,-1,-1,-1
198,0,136.24,217.11,385.16,789.84,-1,-1,-1,-1
198,1,670.64,86.27,380.57,971.42,-1,-1,-1,-1
199,0,109.03,212.60,389.81,800.87,-1,-1,-1,-1
199,1,691.11,83.90,423.90,971.33,-1,-1,-1,-1
200,0,92.81,206.23,374.38,821.74,-1,-1,-1,-1
200,1,714.30,72.97,456.52,981.22,-1,-1,-1,-1
201,0,76.97,202.66,361.11,842.82,-1,-1,-1,-1
201,1,745.94,66.03,475.43,994.58,-1,-1,-1,-1
202,0,54.69,202.66,370.12,850.73,-1,-1,-1,-1
202,1,794.15,63.50,469.70,1003.81,-1,-1,-1,-1
203,0,34.00,204.81,382.93,854.86,-1,-1,-1,-1
203,1,841.41,74.70,479.61,990.68,-1,-1,-1,-1
204,0,24.84,201.92,387.02,868.22,-1,-1,-1,-1
204,1,905.19,68.31,466.77,1005.36,-1,-1,-1,-1
205,0,8.91,197.59,402.31,876.16,-1,-1,-1,-1
205,1,974.37,69.39,456.88,1007.76,-1,-1,-1,-1
206,0,5.19,192.41,401.49,888.42,-1,-1,-1,-1
206,1,1010.64,80.12,483.77,977.94,-1,-1,-1,-1
207,0,-3.64,186.89,413.70,895.83,-1,-1,-1,-1
207,1,1045.97,67.37,494.68,989.82,-1,-1,-1,-1
208,0,8.89,192.97,394.98,879.99,-1,-1,-1,-1
208,1,1081.75,62.97,494.75,996.16,-1,-1,-1,-1
209,0,33.39,202.22,369.11,861.77,-1,-1,-1,-1
209,1,1112.39,64.58,499.48,997.53,-1,-1,-1,-1
210,0,70.78,195.88,332.43,877.39,-1,-1,-1,-1
210,1,1155.91,79.86,486.04,987.47,-1,-1,-1,-1
211,0,117.86,205.87,288.54,866.58,-1,-1,-1,-1
211,1,1206.12,94.12,457.81,976.92,-1,-1,-1,-1
212,0,131.87,212.37,298.61,856.55,-1,-1,-1,-1
212,1,1248.33,103.95,443.84,970.33,-1,-1,-1,-1
213,0,121.24,207.62,338.70,862.75,-1,-1,-1,-1
213,1,1278.96,107.83,433.59,962.56,-1,-1,-1,-1
214,0,116.84,203.75,364.01,870.09,-1,-1,-1,-1
214,1,1310.13,106.27,414.52,966.50,-1,-1,-1,-1
215,0,107.46,204.23,401.06,862.68,-1,-1,-1,-1
215,1,1329.43,99.89,407.50,972.94,-1,-1,-1,-1
216,0,118.00,195.62,419.02,871.77,-1,-1,-1,-1
216,1,1351.48,100.37,382.69,966.27,-1,-1,-1,-1
217,0,107.03,182.23,475.27,892.32,-1,-1,-1,-1
217,1,1373.14,103.65,351.84,967.62,-1,-1,-1,-1
218,0,114.11,170.10,511.56,906.93,-1,-1,-1,-1
218,1,1392.38,114.92,330.19,947.34,-1,-1,-1,-1
218,3,2.31,258.02,151.76,579.86,-1,-1,-1,-1
219,0,142.04,162.32,521.28,916.10,-1,-1,-1,-1
219,1,1405.66,134.72,313.67,896.66,-1,-1,-1,-1
219,3,3.34,251.27,156.93,594.15,-1,-1,-1,-1
220,0,175.34,166.01,518.82,905.18,-1,-1,-1,-1
220,1,1409.69,144.91,309.38,865.00,-1,-1,-1,-1
220,3,1.50,245.31,172.83,600.83,-1,-1,-1,-1
221,0,220.90,154.96,490.05,921.71,-1,-1,-1,-1
221,1,1418.48,154.86,293.40,820.00,-1,-1,-1,-1
221,3,1.91,241.63,196.57,606.04,-1,-1,-1,-1
222,0,264.08,151.34,466.84,924.67,-1,-1,-1,-1
222,1,1426.26,151.73,274.97,806.68,-1,-1,-1,-1
222,3,2.75,240.67,227.96,611.55,-1,-1,-1,-1
223,0,304.89,146.87,446.76,931.39,-1,-1,-1,-1
223,1,1426.86,146.11,269.01,797.81,-1,-1,-1,-1
223,3,3.62,240.27,262.24,617.86,-1,-1,-1,-1
224,0,337.33,148.08,437.77,929.44,-1,-1,-1,-1
224,1,1433.05,141.41,258.44,793.74,-1,-1,-1,-1
224,3,11.02,245.77,277.57,611.32,-1,-1,-1,-1
225,0,357.51,138.35,449.42,939.81,-1,-1,-1,-1
225,1,1440.26,140.01,250.84,789.45,-1,-1,-1,-1
225,3,19.46,241.95,274.74,618.62,-1,-1,-1,-1
226,0,375.97,130.06,465.83,950.20,-1,-1,-1,-1
226,1,1439.96,145.52,251.64,775.81,-1,-1,-1,-1
226,3,29.03,242.68,263.23,616.44,-1,-1,-1,-1
227,0,391.84,121.68,476.92,956.13,-1,-1,-1,-1
227,1,1444.74,159.19,248.59,745.45,-1,-1,-1,-1
227,3,35.42,240.69,259.02,619.03,-1,-1,-1,-1
228,0,404.32,121.89,506.42,955.87,-1,-1,-1,-1
228,1,1447.39,170.64,246.77,727.03,-1,-1,-1,-1
228,3,42.96,237.37,256.50,624.78,-1,-1,-1,-1
229,0,412.97,121.80,535.80,955.94,-1,-1,-1,-1
229,1,1452.43,170.90,242.83,723.43,-1,-1,-1,-1
229,3,49.18,239.82,254.71,616.50,-1,-1,-1,-1
230,0,427.32,121.83,547.47,955.97,-1,-1,-1,-1
230,1,1452.67,173.94,242.27,713.12,-1,-1,-1,-1
230,3,53.70,239.14,255.34,616.01,-1,-1,-1,-1
231,0,451.12,119.68,548.18,957.15,-1,-1,-1,-1
231,1,1454.98,172.61,236.44,710.52,-1,-1,-1,-1
231,3,56.31,235.45,264.88,624.09,-1,-1,-1,-1
232,0,474.92,117.54,548.90,958.33,-1,-1,-1,-1
232,1,1456.50,170.05,233.71,713.47,-1,-1,-1,-1
232,3,61.73,233.76,268.26,633.98,-1,-1,-1,-1
233,0,526.15,129.90,532.45,940.04,-1,-1,-1,-1
233,1,1451.64,167.67,241.43,716.18,-1,-1,-1,-1
233,3,65.90,230.05,270.47,653.74,-1,-1,-1,-1
234,0,581.56,126.02,498.95,946.88,-1,-1,-1,-1
234,1,1450.65,167.73,232.94,710.43,-1,-1,-1,-1
234,3,71.40,229.64,272.10,664.96,-1,-1,-1,-1
235,0,655.53,127.66,439.99,941.18,-1,-1,-1,-1
235,1,1445.64,171.44,231.96,702.15,-1,-1,-1,-1
235,3,73.65,230.20,273.46,677.89,-1,-1,-1,-1
236,0,737.89,123.50,371.79,937.05,-1,-1,-1,-1
236,1,1436.78,176.97,231.89,689.05,-1,-1,-1,-1
236,3,75.31,228.88,272.04,689.27,-1,-1,-1,-1
237,0,812.19,123.55,314.85,924.49,-1,-1,-1,-1
237,1,1427.52,191.19,220.34,658.93,-1,-1,-1,-1
237,3,77.49,227.98,269.55,694.32,-1,-1,-1,-1
238,0,854.15,126.44,317.48,918.10,-1,-1,-1,-1
238,1,1408.74,188.78,215.49,653.09,-1,-1,-1,-1
238,3,79.27,225.01,268.78,701.84,-1,-1,-1,-1
239,0,897.71,112.05,311.94,951.54,-1,-1,-1,-1
239,1,1382.84,190.85,227.14,642.14,-1,-1,-1,-1
239,3,80.64,224.63,268.49,700.04,-1,-1,-1,-1
240,0,927.52,109.56,337.29,963.25,-1,-1,-1,-1
240,1,1352.97,191.42,245.26,637.27,-1,-1,-1,-1
240,3,86.38,219.85,274.03,704.47,-1,-1,-1,-1
241,0,963.67,101.98,344.08,977.37,-1,-1,-1,-1
241,1,1325.84,202.42,267.69,620.82,-1,-1,-1,-1
241,3,88.80,214.05,277.09,712.87,-1,-1,-1,-1
242,0,1008.62,108.42,319.75,971.19,-1,-1,-1,-1
242,1,1291.54,199.48,297.15,624.79,-1,-1,-1,-1
242,3,95.74,207.58,265.03,726.13,-1,-1,-1,-1
243,0,1045.02,117.21,320.77,961.34,-1,-1,-1,-1
243,1,1276.47,206.17,280.30,612.19,-1,-1,-1,-1
243,3,101.59,206.11,260.77,736.70,-1,-1,-1,-1
244,0,1070.17,114.99,321.70,965.15,-1,-1,-1,-1
244,1,1265.62,207.40,237.10,596.66,-1,-1,-1,-1
244,3,107.97,197.57,260.75,763.14,-1,-1,-1,-1
245,0,1104.76,113.94,307.80,966.92,-1,-1,-1,-1
245,1,1248.86,211.18,232.49,585.04,-1,-1,-1,-1
245,3,110.34,201.90,268.11,765.92,-1,-1,-1,-1
246,0,1135.01,121.28,292.21,952.91,-1,-1,-1,-1
246,1,1232.10,214.96,227.88,573.43,-1,-1,-1,-1
246,3,106.03,201.41,280.74,774.46,-1,-1,-1,-1
247,0,1148.22,121.29,307.41,949.87,-1,-1,-1,-1
247,1,1215.33,218.74,223.27,561.81,-1,-1,-1,-1
247,3,95.83,198.50,298.12,785.38,-1,-1,-1,-1
248,0,1146.83,135.68,370.36,930.98,-1,-1,-1,-1
248,1,1198.57,222.52,218.66,550.19,-1,-1,-1,-1
248,3,83.27,196.94,327.28,784.44,-1,-1,-1,-1
249,0,1149.12,136.50,408.78,932.95,-1,-1,-1,-1
249,3,81.56,196.69,345.92,784.57,-1,-1,-1,-1
250,0,1153.49,147.79,416.70,920.90,-1,-1,-1,-1
250,1,1126.76,208.06,168.99,563.49,-1,-1,-1,-1
250,3,79.95,186.75,366.46,800.64,-1,-1,-1,-1
251,0,1171.42,144.44,419.41,929.69,-1,-1,-1,-1
251,1,1101.23,207.72,179.32,560.68,-1,-1,-1,-1
251,3,84.06,176.75,371.41,815.26,-1,-1,-1,-1
252,0,1210.01,148.16,391.58,924.54,-1,-1,-1,-1
252,1,1089.67,208.66,161.07,553.04,-1,-1,-1,-1
252,3,102.35,173.69,366.30,821.71,-1,-1,-1,-1
253,0,1261.49,154.35,354.14,915.70,-1,-1,-1,-1
253,1,1071.08,206.01,151.88,543.69,-1,-1,-1,-1
253,3,124.74,168.49,362.31,852.12,-1,-1,-1,-1
254,0,1291.29,149.46,354.32,920.60,-1,-1,-1,-1
254,1,1036.82,198.75,178.14,556.06,-1,-1,-1,-1
254,3,147.05,155.99,350.84,892.44,-1,-1,-1,-1
255,0,1275.61,151.05,476.31,924.27,-1,-1,-1,-1
255,1,993.86,207.84,217.24,554.21,-1,-1,-1,-1
255,3,174.59,158.27,318.36,901.49,-1,-1,-1,-1
256,0,1305.11,151.80,476.96,925.50,-1,-1,-1,-1
256,1,967.45,207.25,216.95,564.74,-1,-1,-1,-1
256,3,185.01,160.46,324.33,902.92,-1,-1,-1,-1
257,0,1306.01,176.97,548.58,862.16,-1,-1,-1,-1
257,1,943.99,210.67,203.43,560.66,-1,-1,-1,-1
257,3,177.47,155.38,347.10,910.16,-1,-1,-1,-1
258,0,1354.00,178.82,500.89,853.61,-1,-1,-1,-1
258,1,915.76,207.43,191.14,572.76,-1,-1,-1,-1
258,3,173.06,151.06,372.60,915.34,-1,-1,-1,-1
259,0,1396.40,182.95,432.41,832.92,-1,-1,-1,-1
259,1,883.44,204.90,193.73,582.31,-1,-1,-1,-1
259,3,167.23,148.57,399.12,921.10,-1,-1,-1,-1
260,0,1427.39,176.31,361.52,835.20,-1,-1,-1,-1
260,1,851.88,208.65,208.43,570.46,-1,-1,-1,-1
260,3,163.83,154.05,415.78,912.78,-1,-1,-1,-1
261,0,1444.15,173.18,308.61,823.65,-1,-1,-1,-1
261,1,826.78,209.55,220.12,563.15,-1,-1,-1,-1
261,3,173.89,155.94,410.32,912.28,-1,-1,-1,-1
262,0,1451.35,178.38,265.00,805.10,-1,-1,-1,-1
262,1,798.78,220.25,236.53,546.43,-1,-1,-1,-1
262,3,186.78,158.21,402.10,909.50,-1,-1,-1,-1
263,0,1447.21,184.45,239.77,791.89,-1,-1,-1,-1
263,1,786.46,225.26,236.57,542.41,-1,-1,-1,-1
263,3,200.27,159.33,394.25,903.60,-1,-1,-1,-1
263,5,2.51,228.26,142.63,579.86,-1,-1,-1,-1
264,0,1434.03,187.72,234.04,776.43,-1,-1,-1,-1
264,1,774.19,227.99,234.84,545.64,-1,-1,-1,-1
264,3,215.85,150.99,385.01,921.10,-1,-1,-1,-1
264,5,2.20,230.22,150.15,575.56,-1,-1,-1,-1
265,0,1423.16,188.27,228.66,758.41,-1,-1,-1,-1
265,1,765.62,229.45,222.93,547.54,-1,-1,-1,-1
265,3,231.10,145.04,374.40,930.98,-1,-1,-1,-1
265,5,2.87,233.63,152.81,570.41,-1,-1,-1,-1
266,0,1407.56,192.30,231.15,745.77,-1,-1,-1,-1
266,1,754.10,234.24,193.82,535.63,-1,-1,-1,-1
266,3,251.10,133.86,360.18,946.80,-1,-1,-1,-1
266,5,2.63,226.35,157.23,583.65,-1,-1,-1,-1
267,0,1392.87,202.27,230.22,711.80,-1,-1,-1,-1
267,1,729.04,233.08,188.93,532.30,-1,-1,-1,-1
267,3,264.35,125.07,362.53,958.70,-1,-1,-1,-1
267,5,1.52,223.78,179.45,591.02,-1,-1,-1,-1
268,0,1386.16,194.35,218.86,699.54,-1,-1,-1,-1
268,1,706.19,229.45,186.18,533.81,-1,-1,-1,-1
268,3,276.41,119.33,369.89,959.17,-1,-1,-1,-1
268,5,2.05,222.26,196.77,593.54,-1,-1,-1,-1
269,0,1376.83,187.88,208.84,687.11,-1,-1,-1,-1
269,1,675.56,225.61,197.72,544.05,-1,-1,-1,-1
269,3,286.55,106.58,377.42,975.34,-1,-1,-1,-1
269,5,5.26,224.10,202.25,588.58,-1,-1,-1,-1
270,0,1360.45,182.96,208.05,690.55,-1,-1,-1,-1
270,1,650.38,221.60,211.94,562.51,-1,-1,-1,-1
270,3,285.79,109.53,400.44,961.39,-1,-1,-1,-1
270,5,7.52,227.57,208.40,584.03,-1,-1,-1,-1
271,0,1334.64,180.36,222.26,690.61,-1,-1,-1,-1
271,1,627.78,221.26,221.17,572.57,-1,-1,-1,-1
271,3,284.57,103.33,429.43,968.49,-1,-1,-1,-1
271,5,9.45,228.77,210.86,581.99,-1,-1,-1,-1
272,0,1296.97,192.77,252.04,665.39,-1,-1,-1,-1
272,1,618.24,230.41,202.15,559.50,-1,-1,-1,-1
272,3,279.30,100.21,481.73,975.04,-1,-1,-1,-1
272,5,10.80,229.24,203.87,578.49,-1,-1,-1,-1
273,0,1260.82,194.75,281.33,660.34,-1,-1,-1,-1
273,1,597.42,232.34,202.09,559.33,-1,-1,-1,-1
273,3,293.50,103.20,488.67,958.84,-1,-1,-1,-1
273,5,11.55,232.75,207.72,570.84,-1,-1,-1,-1
274,0,1238.91,197.03,298.92,660.46,-1,-1,-1,-1
274,1,576.59,234.28,202.03,559.17,-1,-1,-1,-1
274,3,321.35,101.62,487.27,961.46,-1,-1,-1,-1
274,5,12.38,225.50,211.89,586.76,-1,-1,-1,-1
275,0,1225.45,200.68,304.76,655.34,-1,-1,-1,-1
275,1,555.77,236.22,201.98,559.00,-1,-1,-1,-1
275,3,363.46,81.13,478.96,990.66,-1,-1,-1,-1
275,5,9.83,221.94,221.93,589.21,-1,-1,-1,-1
276,0,1215.63,203.80,292.93,648.91,-1,-1,-1,-1
276,1,534.94,238.16,201.92,558.83,-1,-1,-1,-1
276,3,425.24,82.97,430.82,982.75,-1,-1,-1,-1
276,5,13.86,219.90,215.76,592.22,-1,-1,-1,-1
277,0,1209.54,204.09,272.04,647.98,-1,-1,-1,-1
277,3,447.25,121.97,416.71,934.85,-1,-1,-1,-1
277,5,12.78,218.86,218.92,600.39,-1,-1,-1,-1
278,0,1193.75,203.25,250.36,646.15,-1,-1,-1,-1
278,3,428.40,84.27,477.53,990.89,-1,-1,-1,-1
278,5,12.16,220.01,221.92,598.26,-1,-1,-1,-1
279,0,1149.64,198.02,261.40,651.15,-1,-1,-1,-1
279,1,385.91,208.42,270.17,662.22,-1,-1,-1,-1
279,3,460.24,62.28,474.33,1015.43,-1,-1,-1,-1
279,5,12.48,219.74,225.10,597.44,-1,-1,-1,-1
280,0,1095.96,197.73,286.87,653.55,-1,-1,-1,-1
280,1,363.02,220.73,270.21,649.29,-1,-1,-1,-1
280,3,545.90,44.07,421.49,1039.53,-1,-1,-1,-1
280,5,17.60,219.53,219.43,597.76,-1,-1,-1,-1
281,0,1047.64,204.66,308.96,642.33,-1,-1,-1,-1
281,1,347.38,222.75,254.07,651.09,-1,-1,-1,-1
281,3,604.06,29.68,441.64,1055.95,-1,-1,-1,-1
281,5,21.81,221.30,212.94,589.19,-1,-1,-1,-1
282,0,1014.23,214.53,324.38,630.10,-1,-1,-1,-1
282,1,318.82,219.37,262.99,656.70,-1,-1,-1,-1
282,3,669.71,100.02,430.88,961.71,-1,-1,-1,-1
282,5,23.18,225.17,208.67,575.83,-1,-1,-1,-1
283,0,1026.56,220.56,284.53,622.09,-1,-1,-1,-1
283,1,286.05,209.81,284.36,665.94,-1,-1,-1,-1
283,3,741.18,78.22,414.59,992.76,-1,-1,-1,-1
283,5,23.97,226.92,208.22,575.97,-1,-1,-1,-1
284,0,1050.11,232.53,223.66,602.68,-1,-1,-1,-1
284,1,255.17,194.41,306.16,682.76,-1,-1,-1,-1
284,3,788.76,68.29,443.91,996.46,-1,-1,-1,-1
284,5,19.70,223.00,224.08,576.39,-1,-1,-1,-1
285,0,1032.36,239.87,218.78,589.55,-1,-1,-1,-1
285,1,239.79,189.90,298.40,684.21,-1,-1,-1,-1
285,3,837.18,59.17,427.54,999.82,-1,-1,-1,-1
285,5,23.11,221.66,227.62,580.28,-1,-1,-1,-1
286,0,1014.61,247.21,213.89,576.42,-1,-1,-1,-1
286,1,230.63,186.82,286.82,689.21,-1,-1,-1,-1
286,3,868.05,58.51,432.82,1000.28,-1,-1,-1,-1
286,5,26.37,217.38,238.60,600.44,-1,-1,-1,-1
287,0,996.85,254.55,209.01,563.29,-1,-1,-1,-1
287,1,223.81,188.22,273.04,704.01,-1,-1,-1,-1
287,3,886.77,54.06,438.15,1010.28,-1,-1,-1,-1
287,5,29.84,217.22,241.25,609.86,-1,-1,-1,-1
288,0,979.10,261.88,204.13,550.16,-1,-1,-1,-1
288,1,213.94,187.74,278.27,729.43,-1,-1,-1,-1
288,3,908.87,50.46,445.52,1019.87,-1,-1,-1,-1
288,5,29.85,223.58,239.71,607.25,-1,-1,-1,-1
289,1,205.84,179.93,284.82,772.20,-1,-1,-1,-1
289,3,926.06,52.65,452.98,1006.73,-1,-1,-1,-1
289,5,25.63,231.09,242.44,603.25,-1,-1,-1,-1
290,1,186.75,175.98,296.34,793.92,-1,-1,-1,-1
290,3,927.32,55.19,487.50,1007.04,-1,-1,-1,-1
290,5,21.25,238.69,240.74,606.84,-1,-1,-1,-1
291,1,178.21,175.77,304.49,794.92,-1,-1,-1,-1
291,3,958.92,54.62,487.07,1006.09,-1,-1,-1,-1
291,5,23.44,230.84,233.06,629.87,-1,-1,-1,-1
292,0,879.32,239.01,260.23,595.65,-1,-1,-1,-1
292,1,165.27,173.60,319.10,800.45,-1,-1,-1,-1
292,3,984.26,77.01,467.51,982.00,-1,-1,-1,-1
292,5,23.60,224.79,236.77,645.77,-1,-1,-1,-1
293,0,877.94,230.57,240.51,604.85,-1,-1,-1,-1
293,1,141.12,170.38,349.49,799.72,-1,-1,-1,-1
293,3,1048.60,65.97,422.34,1003.75,-1,-1,-1,-1
293,5,25.22,220.31,230.03,654.39,-1,-1,-1,-1
294,0,872.58,229.81,205.42,607.82,-1,-1,-1,-1
294,1,107.77,163.32,400.26,820.02,-1,-1,-1,-1
294,3,1114.10,71.13,366.72,996.41,-1,-1,-1,-1
294,5,26.15,204.80,241.64,716.58,-1,-1,-1,-1
295,0,854.95,234.20,195.75,595.16,-1,-1,-1,-1
295,1,82.16,157.17,431.68,851.39,-1,-1,-1,-1
295,3,1180.38,78.39,331.56,978.35,-1,-1,-1,-1
295,5,31.73,212.34,213.25,678.23,-1,-1,-1,-1
296,0,815.36,228.23,220.67,602.67,-1,-1,-1,-1
296,1,71.14,157.32,438.55,861.18,-1,-1,-1,-1
296,3,1217.57,83.63,331.39,974.81,-1,-1,-1,-1
296,5,28.59,226.65,201.22,596.37,-1,-1,-1,-1
297,0,757.44,230.03,272.79,609.77,-1,-1,-1,-1
297,1,48.91,158.16,458.16,879.13,-1,-1,-1,-1
297,3,1245.58,84.86,346.17,984.27,-1,-1,-1,-1
297,5,32.57,238.33,180.69,500.30,-1,-1,-1,-1
298,0,705.20,227.34,319.30,623.91,-1,-1,-1,-1
298,1,45.76,161.18,456.85,880.80,-1,-1,-1,-1
298,3,1260.64,91.59,394.73,976.84,-1,-1,-1,-1
298,5,29.29,214.52,185.56,550.95,-1,-1,-1,-1
299,0,667.21,227.75,349.36,635.60,-1,-1,-1,-1
299,1,59.90,150.56,438.58,907.75,-1,-1,-1,-1
299,3,1270.77,96.01,443.59,976.81,-1,-1,-1,-1
299,5,27.56,205.53,189.54,574.45,-1,-1,-1,-1
300,0,644.89,232.04,356.60,635.89,-1,-1,-1,-1
300,1,41.44,141.06,459.95,928.21,-1,-1,-1,-1
300,3,1298.60,89.37,450.51,990.14,-1,-1,-1,-1
300,5,24.63,197.29,191.71,581.03,-1,-1,-1,-1
301,0,644.41,229.84,321.65,641.16,-1,-1,-1,-1
301,1,33.01,137.32,473.53,933.62,-1,-1,-1,-1
301,3,1326.57,99.45,443.16,980.25,-1,-1,-1,-1
301,5,36.35,192.89,185.49,619.49,-1,-1,-1,-1
302,0,651.89,226.06,279.70,646.06,-1,-1,-1,-1
302,1,44.00,146.20,458.28,922.56,-1,-1,-1,-1
302,3,1365.90,105.73,406.30,973.97,-1,-1,-1,-1
302,5,30.33,194.63,223.60,647.31,-1,-1,-1,-1
303,0,661.69,220.27,235.54,653.30,-1,-1,-1,-1
303,1,52.26,147.34,451.94,919.09,-1,-1,-1,-1
303,3,1406.73,107.75,358.19,969.06,-1,-1,-1,-1
303,5,38.63,191.66,225.68,667.20,-1,-1,-1,-1
304,0,660.39,218.96,206.19,657.29,-1,-1,-1,-1
304,1,58.09,150.28,455.16,910.83,-1,-1,-1,-1
304,3,1448.35,97.40,310.41,984.25,-1,-1,-1,-1
304,5,41.60,192.13,229.04,675.97,-1,-1,-1,-1
305,0,639.91,213.66,209.47,678.28,-1,-1,-1,-1
305,1,82.80,143.10,460.66,924.97,-1,-1,-1,-1
305,3,1468.12,102.31,304.91,978.46,-1,-1,-1,-1
305,5,46.21,180.56,233.23,708.52,-1,-1,-1,-1
306,0,590.99,221.08,257.37,679.74,-1,-1,-1,-1
306,1,119.45,138.13,442.27,920.48,-1,-1,-1,-1
306,3,1477.06,91.67,319.05,992.03,-1,-1,-1,-1
306,5,47.27,162.18,251.29,769.39,-1,-1,-1,-1
307,0,558.24,220.14,287.16,694.45,-1,-1,-1,-1
307,1,97.53,127.47,497.38,920.82,-1,-1,-1,-1
307,3,1482.13,96.43,337.58,978.27,-1,-1,-1,-1
307,5,40.46,149.95,298.36,813.70,-1,-1,-1,-1
308,0,553.54,230.86,282.95,679.80,-1,-1,-1,-1
308,1,113.44,109.30,499.45,926.99,-1,-1,-1,-1
308,3,1479.04,112.28,365.93,946.93,-1,-1,-1,-1
308,5,35.58,141.67,326.69,848.71,-1,-1,-1,-1
309,0,551.26,241.85,277.00,664.26,-1,-1,-1,-1
309,1,195.82,101.70,445.06,939.93,-1,-1,-1,-1
309,3,1474.14,121.91,397.87,932.87,-1,-1,-1,-1
309,5,38.46,137.65,325.01,879.52,-1,-1,-1,-1
310,0,537.81,248.89,273.95,656.96,-1,-1,-1,-1
310,1,246.98,80.91,494.33,975.40,-1,-1,-1,-1
310,3,1473.12,124.01,411.06,926.74,-1,-1,-1,-1
310,5,35.40,144.14,343.31,894.74,-1,-1,-1,-1
311,0,524.35,255.94,270.90,649.65,-1,-1,-1,-1
311,1,304.82,57.70,468.75,1014.13,-1,-1,-1,-1
311,3,1477.40,132.24,411.29,919.67,-1,-1,-1,-1
311,5,26.23,160.12,369.05,884.15,-1,-1,-1,-1
312,0,510.90,262.98,267.85,642.35,-1,-1,-1,-1
312,1,350.43,63.35,458.95,999.95,-1,-1,-1,-1
312,3,1486.80,133.40,394.98,913.50,-1,-1,-1,-1
312,5,18.15,170.13,397.34,881.93,-1,-1,-1,-1
313,0,497.44,270.02,264.81,635.04,-1,-1,-1,-1
313,1,414.50,46.64,408.12,1023.87,-1,-1,-1,-1
313,3,1510.48,139.16,346.74,896.55,-1,-1,-1,-1
313,5,10.23,171.67,440.98,886.65,-1,-1,-1,-1
314,1,465.77,51.95,396.43,1014.53,-1,-1,-1,-1
314,3,1536.51,148.18,302.10,869.55,-1,-1,-1,-1
314,5,10.28,167.96,468.58,894.56,-1,-1,-1,-1
315,0,447.69,219.43,214.55,739.54,-1,-1,-1,-1
315,1,507.16,50.01,413.19,1011.93,-1,-1,-1,-1
315,3,1559.96,151.16,264.37,853.70,-1,-1,-1,-1
315,5,10.76,157.71,482.98,902.21,-1,-1,-1,-1
316,0,408.49,217.24,253.30,736.39,-1,-1,-1,-1
316,1,597.42,44.87,378.62,1025.50,-1,-1,-1,-1
316,3,1559.51,155.32,260.00,831.23,-1,-1,-1,-1
316,5,14.64,133.36,483.52,931.88,-1,-1,-1,-1
317,0,381.27,217.54,273.58,738.44,-1,-1,-1,-1
317,1,658.29,36.29,386.41,1040.26,-1,-1,-1,-1
317,3,1540.12,154.46,269.64,829.30,-1,-1,-1,-1
317,5,16.01,114.63,475.62,948.36,-1,-1,-1,-1
318,0,375.12,216.84,281.88,741.13,-1,-1,-1,-1
318,1,720.43,116.75,375.85,936.67,-1,-1,-1,-1
318,3,1518.66,168.83,280.43,800.78,-1,-1,-1,-1
318,5,17.95,95.47,482.56,981.90,-1,-1,-1,-1
319,0,387.93,218.96,273.00,736.77,-1,-1,-1,-1
319,1,774.46,67.69,373.50,1008.27,-1,-1,-1,-1
319,3,1506.27,170.46,281.32,783.54,-1,-1,-1,-1
319,5,25.07,94.82,483.91,982.92,-1,-1,-1,-1
320,0,390.39,225.23,282.03,729.62,-1,-1,-1,-1
320,1,818.58,47.14,372.97,1031.66,-1,-1,-1,-1
320,3,1507.97,176.95,262.45,752.40,-1,-1,-1,-1
320,5,39.63,94.71,475.80,981.15,-1,-1,-1,-1
321,0,381.71,231.69,298.51,724.13,-1,-1,-1,-1
321,1,873.29,33.03,371.98,1050.99,-1,-1,-1,-1
321,3,1504.90,171.42,243.54,748.54,-1,-1,-1,-1
321,5,53.95,95.80,485.32,977.91,-1,-1,-1,-1
322,0,353.86,216.38,331.37,771.98,-1,-1,-1,-1
322,1,912.77,41.62,395.87,1034.92,-1,-1,-1,-1
322,3,1489.79,162.88,243.36,756.84,-1,-1,-1,-1
322,5,76.85,106.74,505.42,966.59,-1,-1,-1,-1
323,0,341.43,209.92,339.65,791.28,-1,-1,-1,-1
323,1,957.13,42.05,420.60,1019.98,-1,-1,-1,-1
323,3,1477.16,164.61,232.54,738.40,-1,-1,-1,-1
323,5,100.78,131.46,538.47,937.21,-1,-1,-1,-1
324,0,329.00,203.45,347.94,810.59,-1,-1,-1,-1
324,1,995.16,30.68,447.54,1033.97,-1,-1,-1,-1
324,3,1462.80,164.36,232.69,724.89,-1,-1,-1,-1
324,5,152.99,124.44,513.69,951.23,-1,-1,-1,-1
325,0,316.56,196.99,356.23,829.89,-1,-1,-1,-1
325,1,1023.19,31.32,480.72,1025.67,-1,-1,-1,-1
325,3,1439.48,164.36,246.95,723.56,-1,-1,-1,-1
325,5,195.41,133.93,503.84,939.71,-1,-1,-1,-1
326,0,304.13,190.52,364.51,849.20,-1,-1,-1,-1
326,1,1054.73,58.73,505.70,992.39,-1,-1,-1,-1
326,3,1417.11,166.25,263.60,730.86,-1,-1,-1,-1
326,5,222.04,125.75,507.68,946.68,-1,-1,-1,-1
327,1,1095.18,53.92,513.40,1004.07,-1,-1,-1,-1
327,3,1406.38,171.80,256.69,724.96,-1,-1,-1,-1
327,5,241.10,107.63,507.41,967.59,-1,-1,-1,-1
328,0,234.50,225.14,248.72,759.22,-1,-1,-1,-1
328,1,1134.44,68.51,508.72,991.97,-1,-1,-1,-1
328,3,1394.40,171.57,255.63,721.97,-1,-1,-1,-1
328,5,243.76,83.76,533.69,983.66,-1,-1,-1,-1
329,0,192.18,228.56,352.11,761.20,-1,-1,-1,-1
329,1,1180.32,48.79,476.41,1026.12,-1,-1,-1,-1
329,3,1382.43,171.34,254.58,718.98,-1,-1,-1,-1
329,5,263.25,74.08,540.41,995.98,-1,-1,-1,-1
330,0,177.62,215.38,333.75,786.99,-1,-1,-1,-1
330,1,1222.20,55.63,464.59,1020.28,-1,-1,-1,-1
330,3,1370.45,171.11,253.52,715.99,-1,-1,-1,-1
330,5,282.74,64.41,547.14,1008.30,-1,-1,-1,-1
331,0,159.34,201.78,325.48,820.26,-1,-1,-1,-1
331,1,1266.20,57.65,482.24,1014.58,-1,-1,-1,-1
331,3,1358.47,170.88,252.47,713.00,-1,-1,-1,-1
331,5,302.23,54.74,553.87,1020.62,-1,-1,-1,-1
332,0,144.02,196.95,329.33,841.54,-1,-1,-1,-1
332,1,1296.08,57.96,493.75,996.73,-1,-1,-1,-1
332,3,1289.23,220.36,165.84,607.84,-1,-1,-1,-1
332,5,321.72,45.06,560.60,1032.93,-1,-1,-1,-1
333,0,131.39,195.04,344.83,856.89,-1,-1,-1,-1
333,1,1312.50,60.15,509.60,995.90,-1,-1,-1,-1
333,3,1250.23,208.05,187.13,608.72,-1,-1,-1,-1
334,0,127.29,198.21,354.11,850.20,-1,-1,-1,-1
334,1,1370.81,64.42,457.80,980.10,-1,-1,-1,-1
334,3,1219.99,208.70,202.77,614.33,-1,-1,-1,-1
335,0,125.28,195.49,363.03,856.86,-1,-1,-1,-1
335,1,1402.79,65.92,431.04,985.42,-1,-1,-1,-1
335,3,1188.41,207.46,234.97,620.26,-1,-1,-1,-1
336,0,125.52,191.62,375.00,860.94,-1,-1,-1,-1
336,1,1411.22,53.59,442.46,1011.88,-1,-1,-1,-1
336,3,1174.13,214.47,246.90,610.87,-1,-1,-1,-1
336,5,653.55,11.45,507.68,1068.93,-1,-1,-1,-1
337,0,127.43,184.98,391.60,877.90,-1,-1,-1,-1
337,1,1419.08,75.47,438.12,975.85,-1,-1,-1,-1
337,3,1165.71,217.67,262.88,604.12,-1,-1,-1,-1
337,5,722.20,20.20,474.05,1054.25,-1,-1,-1,-1
338,0,130.98,175.88,399.84,896.81,-1,-1,-1,-1
338,1,1437.80,88.66,413.41,948.37,-1,-1,-1,-1
338,3,1168.77,220.78,219.21,587.87,-1,-1,-1,-1
338,5,771.54,7.50,483.69,1070.48,-1,-1,-1,-1
339,0,135.27,181.59,423.65,893.83,-1,-1,-1,-1
339,1,1450.94,103.62,399.74,926.10,-1,-1,-1,-1
339,3,1155.60,217.82,215.91,563.90,-1,-1,-1,-1
339,5,817.85,0.30,487.27,1078.34,-1,-1,-1,-1
340,0,147.04,178.62,444.15,895.19,-1,-1,-1,-1
340,1,1458.21,96.63,396.20,946.67,-1,-1,-1,-1
340,3,1141.95,221.97,209.62,547.46,-1,-1,-1,-1
340,5,864.16,-6.91,490.85,1086.20,-1,-1,-1,-1
341,0,147.93,184.58,475.21,887.94,-1,-1,-1,-1
341,1,1472.09,92.69,372.29,945.67,-1,-1,-1,-1
341,3,1128.31,226.13,203.33,531.01,-1,-1,-1,-1
341,5,910.47,-14.11,494.43,1094.06,-1,-1,-1,-1
342,0,151.96,179.81,501.04,889.01,-1,-1,-1,-1
342,1,1479.39,95.97,356.23,938.69,-1,-1,-1,-1
342,3,1114.66,230.28,197.04,514.56,-1,-1,-1,-1
342,5,956.78,-21.32,498.02,1101.92,-1,-1,-1,-1
343,0,165.18,170.07,517.66,898.99,-1,-1,-1,-1
343,1,1485.12,96.37,348.51,945.92,-1,-1,-1,-1
343,3,1101.01,234.43,190.74,498.11,-1,-1,-1,-1
344,0,191.56,153.02,511.60,925.52,-1,-1,-1,-1
344,1,1500.44,112.29,319.96,919.90,-1,-1,-1,-1
345,0,219.55,146.68,497.86,930.73,-1,-1,-1,-1
345,1,1521.20,129.57,282.79,890.69,-1,-1,-1,-1
346,0,253.25,136.30,465.18,939.91,-1,-1,-1,-1
346,1,1520.50,144.87,276.13,844.83,-1,-1,-1,-1
346,3,983.92,268.29,160.56,496.60,-1,-1,-1,-1
347,0,301.32,148.97,417.48,921.63,-1,-1,-1,-1
347,1,1525.38,164.72,257.96,781.46,-1,-1,-1,-1
347,3,965.83,248.94,178.21,530.30,-1,-1,-1,-1
348,0,344.19,154.29,382.56,916.35,-1,-1,-1,-1
348,1,1536.78,176.88,231.50,688.94,-1,-1,-1,-1
348,3,940.46,238.05,199.69,549.22,-1,-1,-1,-1
349,0,384.12,150.74,357.98,922.09,-1,-1,-1,-1
349,1,1545.16,172.12,208.90,633.74,-1,-1,-1,-1
349,3,909.32,226.09,229.21,568.08,-1,-1,-1,-1
350,0,428.98,151.02,343.49,922.27,-1,-1,-1,-1
350,1,1541.56,148.03,223.94,730.59,-1,-1,-1,-1
350,3,876.76,227.13,250.07,564.91,-1,-1,-1,-1
351,0,443.21,158.68,420.80,910.30,-1,-1,-1,-1
351,1,1526.20,135.67,237.80,778.63,-1,-1,-1,-1
351,3,842.79,228.36,255.85,567.56,-1,-1,-1,-1
351,5,1263.04,93.77,486.69,970.59,-1,-1,-1,-1
352,0,468.02,141.58,456.04,933.83,-1,-1,-1,-1
352,1,1521.22,118.69,247.00,808.81,-1,-1,-1,-1
352,3,822.73,240.50,247.06,540.88,-1,-1,-1,-1
352,5,1281.38,72.39,481.37,986.35,-1,-1,-1,-1
353,0,494.31,125.93,479.97,955.62,-1,-1,-1,-1
353,1,1516.23,101.70,256.21,839.00,-1,-1,-1,-1
353,3,822.22,250.62,215.18,525.45,-1,-1,-1,-1
353,5,1307.11,26.81,451.19,1054.45,-1,-1,-1,-1
354,0,518.42,126.42,478.71,953.35,-1,-1,-1,-1
354,1,1511.25,84.71,265.41,869.18,-1,-1,-1,-1
354,3,821.41,249.97,191.53,510.15,-1,-1,-1,-1
354,5,1331.06,28.25,446.82,1037.30,-1,-1,-1,-1
355,0,539.75,131.36,468.47,940.02,-1,-1,-1,-1
355,1,1506.26,67.73,274.61,899.36,-1,-1,-1,-1
355,3,818.03,242.78,178.58,516.99,-1,-1,-1,-1
355,5,1361.52,12.39,415.16,1044.87,-1,-1,-1,-1
356,0,561.20,132.09,462.17,942.17,-1,-1,-1,-1
356,3,819.45,245.18,161.65,488.39,-1,-1,-1,-1
356,5,1383.11,17.13,408.20,1032.69,-1,-1,-1,-1
357,0,582.13,176.33,457.40,887.85,-1,-1,-1,-1
357,3,817.96,245.59,155.56,453.09,-1,-1,-1,-1
357,5,1380.88,23.63,428.76,1028.62,-1,-1,-1,-1
358,0,594.38,168.43,461.00,902.42,-1,-1,-1,-1
358,1,1403.39,198.93,135.61,592.46,-1,-1,-1,-1
358,3,808.14,251.56,147.18,428.69,-1,-1,-1,-1
358,5,1371.51,44.57,459.62,1009.22,-1,-1,-1,-1
359,0,617.92,148.59,441.44,927.14,-1,-1,-1,-1
359,1,1348.32,208.80,159.74,584.18,-1,-1,-1,-1
359,3,798.33,257.54,138.81,404.29,-1,-1,-1,-1
359,5,1379.23,50.83,468.44,1008.09,-1,-1,-1,-1
360,0,634.90,138.04,436.09,940.54,-1,-1,-1,-1
360,1,1313.14,194.20,195.03,606.40,-1,-1,-1,-1
360,3,788.51,263.51,130.43,379.89,-1,-1,-1,-1
360,5,1428.71,65.37,435.86,1000.75,-1,-1,-1,-1
361,0,644.24,131.60,436.47,945.91,-1,-1,-1,-1
361,1,1289.97,195.44,207.67,600.43,-1,-1,-1,-1
361,3,778.69,269.49,122.05,355.49,-1,-1,-1,-1
361,5,1456.08,67.50,426.02,1006.60,-1,-1,-1,-1
362,0,673.72,123.95,415.54,955.30,-1,-1,-1,-1
362,1,1267.48,194.31,225.10,594.39,-1,-1,-1,-1
362,5,1479.67,74.98,408.86,1002.99,-1,-1,-1,-1
363,0,709.88,113.20,393.39,968.93,-1,-1,-1,-1
363,1,1243.50,199.59,238.50,586.75,-1,-1,-1,-1
363,3,710.99,223.93,149.63,556.23,-1,-1,-1,-1
363,5,1511.33,60.17,386.06,1024.61,-1,-1,-1,-1
364,0,775.41,99.07,339.65,985.29,-1,-1,-1,-1
364,1,1217.22,191.28,244.91,592.78,-1,-1,-1,-1
364,3,689.75,222.47,156.08,565.43,-1,-1,-1,-1
364,5,1532.12,59.72,374.41,1022.15,-1,-1,-1,-1
365,0,836.13,107.29,300.57,959.65,-1,-1,-1,-1
365,1,1198.60,184.04,238.79,605.02,-1,-1,-1,-1
365,3,667.85,220.41,165.32,582.10,-1,-1,-1,-1
365,5,1547.13,114.27,368.62,947.80,-1,-1,-1,-1
366,0,888.80,112.34,283.29,939.36,-1,-1,-1,-1
366,1,1162.99,189.62,253.80,598.24,-1,-1,-1,-1
366,3,649.85,227.66,170.68,576.88,-1,-1,-1,-1
366,5,1555.12,79.25,347.99,983.57,-1,-1,-1,-1
367,0,925.85,129.47,344.61,923.49,-1,-1,-1,-1
367,1,1149.80,195.72,243.23,584.51,-1,-1,-1,-1
367,3,631.07,231.37,182.24,580.59,-1,-1,-1,-1
367,5,1569.19,80.35,347.64,982.56,-1,-1,-1,-1
368,0,963.06,124.55,372.75,933.62,-1,-1,-1,-1
368,1,1153.53,201.74,204.77,558.18,-1,-1,-1,-1
368,3,613.18,234.34,194.34,582.07,-1,-1,-1,-1
368,5,1578.37,127.30,321.96,923.60,-1,-1,-1,-1
368,9,14.28,254.26,270.63,592.42,-1,-1,-1,-1
369,0,999.19,117.77,370.51,942.36,-1,-1,-1,-1
369,1,1136.21,206.97,199.15,542.87,-1,-1,-1,-1
369,3,592.29,228.07,208.24,599.11,-1,-1,-1,-1
369,5,1574.26,130.36,317.15,929.17,-1,-1,-1,-1
369,9,20.47,241.54,267.93,610.42,-1,-1,-1,-1
370,0,1030.48,116.09,370.13,950.16,-1,-1,-1,-1
370,1,1118.90,212.20,193.54,527.57,-1,-1,-1,-1
370,3,574.48,224.58,215.85,608.20,-1,-1,-1,-1
370,5,1565.41,114.93,317.98,951.55,-1,-1,-1,-1
370,9,19.61,231.75,277.02,635.93,-1,-1,-1,-1
371,0,1057.38,120.92,361.64,944.59,-1,-1,-1,-1
371,1,1101.58,217.43,187.93,512.27,-1,-1,-1,-1
371,3,554.69,229.06,223.43,599.00,-1,-1,-1,-1
371,5,1563.37,123.72,276.41,922.90,-1,-1,-1,-1
371,9,17.56,224.17,290.93,661.81,-1,-1,-1,-1
372,0,1058.57,119.03,384.97,950.66,-1,-1,-1,-1
372,1,1084.27,222.66,182.32,496.97,-1,-1,-1,-1
372,3,540.88,231.99,223.75,598.19,-1,-1,-1,-1
372,5,1545.05,131.98,279.01,887.58,-1,-1,-1,-1
372,9,22.37,224.15,302.48,673.86,-1,-1,-1,-1
373,0,1117.58,130.17,339.32,938.45,-1,-1,-1,-1
373,1,1009.79,197.89,206.77,575.28,-1,-1,-1,-1
373,3,528.97,234.64,222.11,596.41,-1,-1,-1,-1
373,5,1524.22,128.57,275.75,853.42,-1,-1,-1,-1
373,9,30.66,220.21,304.45,698.94,-1,-1,-1,-1
374,0,1156.88,125.21,325.60,949.53,-1,-1,-1,-1
374,1,974.45,197.84,223.04,577.52,-1,-1,-1,-1
374,3,514.42,237.72,223.77,603.03,-1,-1,-1,-1
374,5,1500.09,131.31,284.32,828.69,-1,-1,-1,-1
374,9,31.75,219.93,314.91,711.99,-1,-1,-1,-1
375,0,1193.83,116.04,330.92,960.07,-1,-1,-1,-1
375,1,954.47,205.07,226.43,567.58,-1,-1,-1,-1
375,3,501.87,235.40,225.32,612.89,-1,-1,-1,-1
375,5,1476.01,137.78,285.78,796.21,-1,-1,-1,-1
375,9,32.05,220.03,323.78,716.56,-1,-1,-1,-1
376,0,1225.44,118.92,315.62,955.51,-1,-1,-1,-1
376,1,938.06,214.71,225.58,553.58,-1,-1,-1,-1
376,3,490.02,235.16,224.18,621.05,-1,-1,-1,-1
376,5,1458.64,134.25,282.44,788.48,-1,-1,-1,-1
376,9,39.28,213.97,318.92,726.63,-1,-1,-1,-1
377,0,1246.83,140.82,319.48,926.45,-1,-1,-1,-1
377,1,919.48,215.27,223.11,553.43,-1,-1,-1,-1
377,3,478.25,231.99,223.13,626.99,-1,-1,-1,-1
377,5,1452.58,132.65,263.22,785.77,-1,-1,-1,-1
377,9,45.00,210.63,316.28,728.87,-1,-1,-1,-1
378,0,1261.04,138.29,342.06,933.61,-1,-1,-1,-1
378,1,907.89,220.29,209.16,537.18,-1,-1,-1,-1
378,3,460.46,228.69,235.94,636.84,-1,-1,-1,-1
378,5,1462.88,120.25,217.89,801.08,-1,-1,-1,-1
378,9,52.69,206.33,318.82,737.71,-1,-1,-1,-1
379,0,1254.07,141.96,383.72,930.60,-1,-1,-1,-1
379,1,896.54,217.54,194.51,546.52,-1,-1,-1,-1
379,3,444.65,224.82,260.62,643.56,-1,-1,-1,-1
379,5,1449.21,114.27,218.06,801.72,-1,-1,-1,-1
379,9,61.49,204.74,322.13,742.27,-1,-1,-1,-1
380,0,1221.98,150.12,437.94,922.18,-1,-1,-1,-1
380,1,880.82,206.45,188.96,569.03,-1,-1,-1,-1
380,3,433.50,223.32,280.52,644.70,-1,-1,-1,-1
380,5,1435.53,108.30,218.23,802.37,-1,-1,-1,-1
380,9,78.23,206.22,313.25,745.60,-1,-1,-1,-1
381,0,1179.67,140.87,510.43,936.23,-1,-1,-1,-1
381,1,867.07,208.50,186.24,568.87,-1,-1,-1,-1
381,3,422.52,220.08,278.91,650.87,-1,-1,-1,-1
381,5,1421.85,102.33,218.39,803.02,-1,-1,-1,-1
381,9,94.22,203.83,310.97,757.42,-1,-1,-1,-1
382,0,1194.36,140.44,512.26,939.51,-1,-1,-1,-1
382,1,850.44,211.36,191.87,568.29,-1,-1,-1,-1
382,3,408.49,218.83,266.20,658.01,-1,-1,-1,-1
382,5,1408.18,96.35,218.56,803.67,-1,-1,-1,-1
382,9,106.94,205.60,317.63,769.11,-1,-1,-1,-1
383,0,1209.05,140.02,514.09,942.78,-1,-1,-1,-1
383,1,830.64,203.69,205.69,588.51,-1,-1,-1,-1
383,3,393.75,209.14,248.80,676.45,-1,-1,-1,-1
383,9,111.33,199.56,330.75,789.69,-1,-1,-1,-1
384,0,1223.74,139.59,515.92,946.05,-1,-1,-1,-1
384,1,810.18,208.10,212.53,590.86,-1,-1,-1,-1
384,3,377.81,212.89,240.09,685.03,-1,-1,-1,-1
384,9,117.59,191.48,338.42,813.34,-1,-1,-1,-1
385,0,1238.43,139.16,517.75,949.32,-1,-1,-1,-1
385,1,801.90,203.37,193.97,600.67,-1,-1,-1,-1
385,3,370.45,204.44,228.44,705.67,-1,-1,-1,-1
385,5,1299.76,179.19,202.74,650.75,-1,-1,-1,-1
385,9,127.44,180.70,342.41,838.54,-1,-1,-1,-1
386,0,1295.78,142.39,545.51,926.19,-1,-1,-1,-1
386,1,786.37,204.59,183.58,609.05,-1,-1,-1,-1
386,3,363.19,218.95,218.44,666.25,-1,-1,-1,-1
386,5,1283.40,172.37,205.10,656.96,-1,-1,-1,-1
386,9,135.56,175.40,362.72,848.87,-1,-1,-1,-1
387,0,1368.12,151.44,435.20,895.97,-1,-1,-1,-1
387,1,759.54,206.30,191.61,605.22,-1,-1,-1,-1
387,3,362.69,220.33,206.88,659.50,-1,-1,-1,-1
387,5,1260.43,163.56,217.14,654.73,-1,-1,-1,-1
387,9,150.46,176.27,386.65,851.19,-1,-1,-1,-1
388,0,1429.91,155.11,332.74,884.48,-1,-1,-1,-1
388,1,730.68,214.92,199.85,587.68,-1,-1,-1,-1
388,3,342.35,210.91,220.18,668.82,-1,-1,-1,-1
388,5,1233.85,155.79,229.29,653.95,-1,-1,-1,-1
388,9,178.23,172.24,379.79,880.00,-1,-1,-1,-1
389,0,1446.99,153.62,312.34,894.01,-1,-1,-1,-1
389,1,711.19,209.98,201.91,593.75,-1,-1,-1,-1
389,3,329.40,210.45,220.11,668.59,-1,-1,-1,-1
389,5,1200.63,149.59,252.71,658.67,-1,-1,-1,-1
389,9,203.58,176.85,372.73,882.78,-1,-1,-1,-1
390,0,1463.76,163.65,324.67,868.35,-1,-1,-1,-1
390,1,686.17,201.47,222.74,606.90,-1,-1,-1,-1
390,3,316.45,209.99,220.03,668.35,-1,-1,-1,-1
390,5,1171.51,143.19,269.03,664.02,-1,-1,-1,-1
390,9,222.94,169.07,363.79,904.17,-1,-1,-1,-1
391,0,1479.30,168.77,316.81,857.98,-1,-1,-1,-1
391,1,667.79,210.38,232.47,587.56,-1,-1,-1,-1
391,3,303.50,209.53,219.95,668.12,-1,-1,-1,-1
391,5,1140.64,147.34,291.61,658.52,-1,-1,-1,-1
391,9,241.61,163.53,352.60,907.22,-1,-1,-1,-1
392,0,1485.14,166.54,296.45,842.82,-1,-1,-1,-1
392,1,656.44,216.97,241.66,579.93,-1,-1,-1,-1
392,3,290.54,209.06,219.87,667.89,-1,-1,-1,-1
392,5,1117.73,153.48,309.02,651.88,-1,-1,-1,-1
392,9,249.71,145.56,367.89,936.71,-1,-1,-1,-1
393,0,1481.35,163.94,287.77,837.12,-1,-1,-1,-1
393,1,636.17,223.74,249.06,574.90,-1,-1,-1,-1
393,5,1100.71,162.00,321.03,643.05,-1,-1,-1,-1
393,9,250.06,134.81,403.05,949.54,-1,-1,-1,-1
394,0,1475.90,162.21,280.84,833.86,-1,-1,-1,-1
394,1,627.07,223.36,233.31,581.14,-1,-1,-1,-1
394,5,1089.47,176.64,332.46,627.32,-1,-1,-1,-1
394,9,254.89,134.29,442.30,946.72,-1,-1,-1,-1
395,0,1465.28,168.98,264.99,813.58,-1,-1,-1,-1
395,1,619.18,227.94,185.88,563.63,-1,-1,-1,-1
395,3,228.55,181.62,208.92,770.25,-1,-1,-1,-1
395,5,1090.95,172.77,315.34,635.96,-1,-1,-1,-1
395,9,258.00,144.29,473.38,915.54,-1,-1,-1,-1
396,0,1445.88,173.82,280.62,803.64,-1,-1,-1,-1
396,1,601.51,232.52,183.19,555.50,-1,-1,-1,-1
396,3,198.23,182.88,237.14,795.94,-1,-1,-1,-1
396,5,1097.72,169.40,283.41,635.31,-1,-1,-1,-1
396,9,309.61,146.39,439.99,914.53,-1,-1,-1,-1
397,0,1431.01,180.06,301.63,796.04,-1,-1,-1,-1
397,1,583.85,237.10,180.51,547.38,-1,-1,-1,-1
397,3,176.44,190.12,255.98,795.71,-1,-1,-1,-1
397,5,1101.93,169.40,255.14,635.01,-1,-1,-1,-1
397,9,338.97,139.68,427.97,928.58,-1,-1,-1,-1
398,0,1407.38,186.78,348.42,784.10,-1,-1,-1,-1
398,1,566.19,241.67,177.82,539.26,-1,-1,-1,-1
398,3,161.70,200.00,273.23,787.09,-1,-1,-1,-1
398,5,1098.56,176.85,222.15,618.30,-1,-1,-1,-1
398,9,373.19,120.58,421.35,950.64,-1,-1,-1,-1
399,0,1380.39,194.08,392.82,764.85,-1,-1,-1,-1
399,1,548.53,246.25,175.14,531.13,-1,-1,-1,-1
399,3,150.79,192.82,281.01,821.45,-1,-1,-1,-1
399,5,1074.46,180.34,202.17,609.83,-1,-1,-1,-1
399,9,406.73,102.38,411.98,977.69,-1,-1,-1,-1
400,0,1342.59,193.13,426.56,762.03,-1,-1,-1,-1
400,1,483.66,207.27,140.10,639.19,-1,-1,-1,-1
400,3,129.71,191.48,296.33,841.13,-1,-1,-1,-1
400,5,1036.41,185.43,211.03,594.40,-1,-1,-1,-1
400,9,444.88,88.81,415.17,990.78,-1,-1,-1,-1
401,0,1330.34,204.43,375.80,713.11,-1,-1,-1,-1
401,1,434.52,213.76,195.09,645.93,-1,-1,-1,-1
401,3,90.38,192.19,326.53,852.01,-1,-1,-1,-1
401,5,956.29,184.86,276.68,590.97,-1,-1,-1,-1
401,9,453.54,79.45,463.87,1002.43,-1,-1,-1,-1
402,0,1334.34,203.01,293.82,682.17,-1,-1,-1,-1
402,1,414.45,210.42,206.56,663.07,-1,-1,-1,-1
402,3,49.73,189.84,359.48,861.13,-1,-1,-1,-1
402,5,947.26,182.71,254.19,594.32,-1,-1,-1,-1
402,9,475.67,79.12,490.25,1001.47,-1,-1,-1,-1
403,0,1341.21,198.89,233.42,679.47,-1,-1,-1,-1
403,1,388.35,211.09,226.14,662.76,-1,-1,-1,-1
403,3,16.46,184.03,392.90,873.32,-1,-1,-1,-1
403,5,930.32,193.19,259.54,584.59,-1,-1,-1,-1
403,9,550.31,98.87,434.46,972.11,-1,-1,-1,-1
404,0,1330.71,193.53,216.19,677.22,-1,-1,-1,-1
404,1,379.83,204.10,210.88,670.90,-1,-1,-1,-1
404,3,-4.27,179.59,414.91,884.33,-1,-1,-1,-1
404,5,926.51,194.91,259.28,581.47,-1,-1,-1,-1
404,9,627.08,100.71,437.92,960.04,-1,-1,-1,-1
405,0,1308.55,189.63,225.31,670.18,-1,-1,-1,-1
405,1,360.37,199.58,216.38,675.38,-1,-1,-1,-1
405,3,-12.95,174.20,425.41,897.11,-1,-1,-1,-1
405,5,908.40,197.45,257.22,576.82,-1,-1,-1,-1
405,9,727.54,108.94,403.96,946.68,-1,-1,-1,-1
406,0,1265.26,196.60,273.03,657.42,-1,-1,-1,-1
406,1,341.32,194.35,222.68,680.13,-1,-1,-1,-1
406,3,-12.88,176.34,414.26,899.33,-1,-1,-1,-1
406,5,890.28,200.00,255.17,572.18,-1,-1,-1,-1
406,9,796.11,95.47,400.15,965.50,-1,-1,-1,-1
407,0,1227.78,211.35,308.85,634.77,-1,-1,-1,-1
407,1,330.83,188.70,224.29,686.93,-1,-1,-1,-1
407,3,-13.20,171.67,410.62,910.14,-1,-1,-1,-1
407,5,872.17,202.55,253.11,567.53,-1,-1,-1,-1
407,9,836.81,72.32,415.62,1002.35,-1,-1,-1,-1
408,0,1214.91,230.32,302.05,612.28,-1,-1,-1,-1
408,1,318.68,190.11,231.92,681.89,-1,-1,-1,-1
408,3,-5.82,176.84,392.68,897.01,-1,-1,-1,-1
408,5,854.05,205.09,251.06,562.88,-1,-1,-1,-1
408,9,840.77,114.51,523.00,950.07,-1,-1,-1,-1
409,0,1218.86,238.82,271.92,597.52,-1,-1,-1,-1
409,1,299.97,189.24,256.34,689.74,-1,-1,-1,-1
409,3,12.44,181.66,349.28,885.06,-1,-1,-1,-1
409,9,877.16,90.97,527.21,985.88,-1,-1,-1,-1
410,0,1232.36,264.31,223.50,555.79,-1,-1,-1,-1
410,1,286.60,195.23,269.49,688.01,-1,-1,-1,-1
410,3,21.70,180.72,332.86,880.49,-1,-1,-1,-1
410,5,854.96,265.00,185.98,508.64,-1,-1,-1,-1
410,9,924.77,86.50,531.80,994.45,-1,-1,-1,-1
411,0,1222.47,278.70,212.09,527.43,-1,-1,-1,-1
411,1,286.99,200.24,257.16,680.97,-1,-1,-1,-1
411,3,25.16,172.92,341.26,886.78,-1,-1,-1,-1
411,5,825.78,212.73,201.92,573.94,-1,-1,-1,-1
411,9,967.85,86.90,504.63,993.90,-1,-1,-1,-1
412,0,1212.59,293.10,200.68,499.06,-1,-1,-1,-1
412,1,274.15,225.75,263.39,578.55,-1,-1,-1,-1
412,3,27.09,163.01,413.07,898.47,-1,-1,-1,-1
412,5,800.75,193.25,209.32,602.20,-1,-1,-1,-1
412,9,1033.49,90.63,456.09,980.45,-1,-1,-1,-1
413,0,1202.70,307.49,189.26,470.69,-1,-1,-1,-1
413,1,265.52,214.67,253.31,589.28,-1,-1,-1,-1
413,3,48.13,153.67,419.18,910.48,-1,-1,-1,-1
413,5,766.53,181.65,235.53,615.49,-1,-1,-1,-1
413,9,1092.88,79.09,420.20,991.13,-1,-1,-1,-1
414,0,1192.81,321.88,177.85,442.33,-1,-1,-1,-1
414,1,258.02,221.10,244.37,568.46,-1,-1,-1,-1
414,3,65.14,144.53,419.23,924.17,-1,-1,-1,-1
414,5,733.67,179.34,260.77,618.14,-1,-1,-1,-1
414,9,1149.15,119.64,397.09,932.32,-1,-1,-1,-1
415,0,1138.22,227.41,148.24,556.36,-1,-1,-1,-1
415,1,250.53,227.53,235.44,547.63,-1,-1,-1,-1
415,3,77.84,130.44,436.06,944.52,-1,-1,-1,-1
415,5,713.93,185.20,270.38,613.00,-1,-1,-1,-1
415,9,1162.00,115.12,439.94,940.48,-1,-1,-1,-1
416,0,1109.26,218.24,178.49,578.94,-1,-1,-1,-1
416,1,243.03,233.95,226.50,526.80,-1,-1,-1,-1
416,3,98.64,117.96,429.57,960.30,-1,-1,-1,-1
416,5,701.89,194.47,281.38,608.31,-1,-1,-1,-1
416,9,1199.81,131.10,456.34,929.03,-1,-1,-1,-1
417,0,1068.67,218.49,239.81,593.68,-1,-1,-1,-1
417,1,235.54,240.38,217.56,505.98,-1,-1,-1,-1
417,3,113.96,98.09,437.73,985.95,-1,-1,-1,-1
417,5,699.66,194.18,279.72,614.74,-1,-1,-1,-1
417,9,1257.93,126.48,431.57,941.20,-1,-1,-1,-1
418,0,1050.23,220.82,264.01,600.59,-1,-1,-1,-1
418,3,133.54,97.59,436.47,975.69,-1,-1,-1,-1
418,5,696.58,199.33,278.47,614.85,-1,-1,-1,-1
418,9,1299.46,114.37,426.51,960.59,-1,-1,-1,-1
419,0,1051.55,224.05,236.40,601.69,-1,-1,-1,-1
419,3,144.17,93.43,464.44,980.48,-1,-1,-1,-1
419,5,690.44,200.76,254.01,619.72,-1,-1,-1,-1
419,9,1336.69,113.99,445.38,954.44,-1,-1,-1,-1
420,0,1050.74,219.68,206.43,615.49,-1,-1,-1,-1
420,1,119.53,176.48,257.63,278.62,-1,-1,-1,-1
420,3,144.21,112.19,506.84,952.74,-1,-1,-1,-1
420,5,674.38,199.47,238.98,627.38,-1,-1,-1,-1
420,9,1370.52,93.05,458.54,978.03,-1,-1,-1,-1
421,0,1041.07,215.47,189.64,620.68,-1,-1,-1,-1
421,1,122.64,176.90,213.25,230.57,-1,-1,-1,-1
421,3,166.40,110.46,514.20,958.17,-1,-1,-1,-1
421,5,659.80,190.64,225.20,643.06,-1,-1,-1,-1
421,9,1397.59,80.49,458.02,990.78,-1,-1,-1,-1
422,0,1030.03,222.14,177.31,608.93,-1,-1,-1,-1
422,1,125.76,177.32,168.85,182.52,-1,-1,-1,-1
422,3,184.27,103.45,521.78,963.73,-1,-1,-1,-1
422,5,648.80,190.51,217.62,642.37,-1,-1,-1,-1
422,9,1426.00,85.27,453.42,974.32,-1,-1,-1,-1
423,0,1015.14,225.93,178.98,605.24,-1,-1,-1,-1
423,1,128.89,177.75,124.42,134.47,-1,-1,-1,-1
423,3,203.36,101.03,522.41,964.80,-1,-1,-1,-1
423,5,640.53,181.06,213.78,661.61,-1,-1,-1,-1
423,9,1466.16,102.78,419.27,951.93,-1,-1,-1,-1
424,0,992.67,222.37,192.96,607.48,-1,-1,-1,-1
424,1,132.04,178.17,79.98,86.42,-1,-1,-1,-1
424,3,282.62,104.99,476.82,952.56,-1,-1,-1,-1
424,5,638.63,188.54,205.39,650.56,-1,-1,-1,-1
424,9,1518.04,107.03,377.61,954.36,-1,-1,-1,-1
425,0,971.52,226.56,207.57,600.57,-1,-1,-1,-1
425,3,343.46,86.11,456.73,975.96,-1,-1,-1,-1
425,5,624.99,189.17,205.83,651.96,-1,-1,-1,-1
425,9,1563.57,105.15,322.54,965.78,-1,-1,-1,-1
425,13,106.89,117.15,356.11,964.26,-1,-1,-1,-1
426,0,956.91,233.90,213.45,590.13,-1,-1,-1,-1
426,3,396.63,67.21,425.28,997.58,-1,-1,-1,-1
426,5,611.36,189.80,206.27,653.36,-1,-1,-1,-1
426,9,1569.99,112.13,321.71,948.07,-1,-1,-1,-1
426,13,109.97,137.64,389.21,952.75,-1,-1,-1,-1
427,0,946.43,238.27,221.32,583.24,-1,-1,-1,-1
427,3,465.29,55.93,376.02,1009.76,-1,-1,-1,-1
427,5,597.73,190.43,206.71,654.76,-1,-1,-1,-1
427,9,1558.29,112.88,333.17,938.91,-1,-1,-1,-1
427,13,112.38,151.07,402.66,943.44,-1,-1,-1,-1
428,0,926.98,250.52,237.29,572.64,-1,-1,-1,-1
428,3,515.63,71.16,383.74,987.47,-1,-1,-1,-1
428,5,584.09,191.06,207.15,656.16,-1,-1,-1,-1
428,9,1540.26,116.75,352.34,918.65,-1,-1,-1,-1
428,13,106.24,152.61,420.65,945.39,-1,-1,-1,-1
429,0,926.19,247.65,224.44,582.80,-1,-1,-1,-1
429,3,547.75,56.66,416.61,1013.13,-1,-1,-1,-1
429,9,1530.21,126.69,353.71,897.55,-1,-1,-1,-1
429,13,87.75,147.13,452.99,946.42,-1,-1,-1,-1
430,0,938.92,258.73,191.52,555.95,-1,-1,-1,-1
430,3,585.03,49.27,420.73,1023.10,-1,-1,-1,-1
430,5,525.02,206.21,190.60,674.56,-1,-1,-1,-1
430,9,1520.04,129.10,358.49,887.50,-1,-1,-1,-1
430,13,93.20,142.03,460.55,945.93,-1,-1,-1,-1
431,0,930.58,265.87,187.31,543.79,-1,-1,-1,-1
431,3,622.31,41.88,424.85,1033.07,-1,-1,-1,-1
431,5,503.57,189.31,190.60,695.28,-1,-1,-1,-1
431,9,1514.14,134.47,346.60,865.91,-1,-1,-1,-1
431,13,128.56,140.88,422.77,946.92,-1,-1,-1,-1
432,0,922.24,273.01,183.11,531.63,-1,-1,-1,-1
432,3,642.98,29.53,476.78,1039.18,-1,-1,-1,-1
432,5,483.19,178.39,195.43,711.65,-1,-1,-1,-1
432,9,1513.32,136.00,319.28,857.58,-1,-1,-1,-1
432,13,141.93,131.18,438.94,958.04,-1,-1,-1,-1
433,0,913.91,280.15,178.90,519.47,-1,-1,-1,-1
433,3,693.00,26.12,462.88,1042.35,-1,-1,-1,-1
433,5,457.46,171.35,208.88,722.43,-1,-1,-1,-1
433,9,1523.30,145.44,265.05,823.78,-1,-1,-1,-1
433,13,144.36,131.94,451.49,952.16,-1,-1,-1,-1
434,0,905.57,287.29,174.69,507.31,-1,-1,-1,-1
434,3,754.89,8.52,455.42,1068.18,-1,-1,-1,-1
434,5,437.06,161.76,224.71,763.04,-1,-1,-1,-1
434,9,1520.42,156.64,234.31,767.85,-1,-1,-1,-1
434,13,136.24,122.24,477.64,955.85,-1,-1,-1,-1
435,3,802.00,9.93,474.03,1066.65,-1,-1,-1,-1
435,5,437.91,161.60,223.13,768.07,-1,-1,-1,-1
435,9,1508.97,158.63,218.01,761.77,-1,-1,-1,-1
435,13,143.33,111.99,497.15,966.44,-1,-1,-1,-1
436,3,827.58,34.31,494.83,1028.64,-1,-1,-1,-1
436,5,420.99,156.32,227.81,784.22,-1,-1,-1,-1
436,9,1469.60,154.45,241.93,758.23,-1,-1,-1,-1
436,13,174.22,107.23,500.01,957.59,-1,-1,-1,-1
437,0,817.55,256.50,213.77,570.82,-1,-1,-1,-1
437,3,858.33,49.65,490.18,1012.85,-1,-1,-1,-1
437,5,404.08,151.03,232.49,800.36,-1,-1,-1,-1
437,9,1438.27,161.13,257.57,736.63,-1,-1,-1,-1
437,13,197.68,93.38,486.79,977.36,-1,-1,-1,-1
438,0,791.03,258.59,249.67,571.27,-1,-1,-1,-1
438,3,952.24,32.30,439.57,1041.45,-1,-1,-1,-1
438,5,387.16,145.74,237.17,816.51,-1,-1,-1,-1
438,9,1416.15,163.28,263.88,724.07,-1,-1,-1,-1
438,13,218.82,85.85,474.68,983.23,-1,-1,-1,-1
439,0,769.11,258.98,270.68,566.35,-1,-1,-1,-1
439,3,1011.43,22.68,451.67,1053.89,-1,-1,-1,-1
439,5,370.24,140.45,241.85,832.65,-1,-1,-1,-1
439,9,1396.18,163.38,278.04,720.63,-1,-1,-1,-1
439,13,227.36,91.90,487.19,970.52,-1,-1,-1,-1
440,0,757.23,262.68,244.79,560.20,-1,-1,-1,-1
440,3,1059.49,17.53,455.33,1062.36,-1,-1,-1,-1
440,9,1393.57,170.88,275.48,706.42,-1,-1,-1,-1
440,13,250.76,94.55,466.32,965.80,-1,-1,-1,-1
441,0,736.07,260.26,226.92,558.71,-1,-1,-1,-1
441,3,1107.53,12.39,458.99,1070.82,-1,-1,-1,-1
441,9,1383.10,173.51,270.86,694.58,-1,-1,-1,-1
441,13,255.33,77.23,481.76,977.54,-1,-1,-1,-1
442,0,706.11,242.53,225.72,590.36,-1,-1,-1,-1
442,3,1115.10,108.64,539.91,943.26,-1,-1,-1,-1
442,9,1372.63,176.14,266.23,682.73,-1,-1,-1,-1
442,13,261.86,72.09,506.25,973.39,-1,-1,-1,-1
443,0,701.21,239.79,194.37,597.25,-1,-1,-1,-1
443,3,1174.08,129.54,521.12,910.32,-1,-1,-1,-1
443,5,259.81,166.03,242.43,801.11,-1,-1,-1,-1
443,9,1362.16,178.77,261.61,670.88,-1,-1,-1,-1
443,13,277.10,68.14,506.32,973.51,-1,-1,-1,-1
444,0,696.53,245.62,173.35,581.97,-1,-1,-1,-1
444,3,1207.62,71.10,516.59,993.94,-1,-1,-1,-1
444,5,226.67,161.18,262.32,811.96,-1,-1,-1,-1
444,9,1351.69,181.40,256.98,659.03,-1,-1,-1,-1
444,13,292.34,64.20,506.39,973.63,-1,-1,-1,-1
445,0,677.27,245.68,172.97,580.82,-1,-1,-1,-1
445,3,1250.92,61.66,501.43,1003.26,-1,-1,-1,-1
445,5,200.21,162.72,281.54,806.81,-1,-1,-1,-1
445,13,337.49,61.15,503.91,1006.69,-1,-1,-1,-1
446,0,658.01,245.74,172.60,579.67,-1,-1,-1,-1
446,3,1284.78,67.38,501.41,997.43,-1,-1,-1,-1
446,5,175.73,163.25,301.29,822.10,-1,-1,-1,-1
446,13,399.56,55.60,478.29,1010.34,-1,-1,-1,-1
447,0,638.76,245.80,172.22,578.52,-1,-1,-1,-1
447,3,1305.55,73.09,500.74,991.81,-1,-1,-1,-1
447,5,150.93,166.45,326.71,824.42,-1,-1,-1,-1
447,9,1256.99,218.60,160.70,567.09,-1,-1,-1,-1
447,13,441.53,50.02,490.95,1024.35,-1,-1,-1,-1
448,0,619.50,245.87,171.84,577.37,-1,-1,-1,-1
448,3,1344.85,74.86,500.02,990.29,-1,-1,-1,-1
448,5,124.00,163.50,360.84,846.92,-1,-1,-1,-1
448,9,1226.48,197.72,194.75,614.10,-1,-1,-1,-1
448,13,511.25,35.80,472.53,1045.25,-1,-1,-1,-1
449,3,1373.92,55.29,506.53,1019.61,-1,-1,-1,-1
449,5,98.03,155.27,390.17,869.07,-1,-1,-1,-1
449,9,1194.46,202.65,231.84,620.80,-1,-1,-1,-1
449,13,564.12,45.24,484.87,1032.09,-1,-1,-1,-1
450,0,560.31,228.10,162.90,632.44,-1,-1,-1,-1
450,3,1395.54,50.02,513.93,1023.60,-1,-1,-1,-1
450,5,80.29,151.52,402.10,878.36,-1,-1,-1,-1
450,9,1165.09,202.40,254.68,629.17,-1,-1,-1,-1
450,13,608.99,60.51,508.40,1008.07,-1,-1,-1,-1
451,0,519.38,225.26,197.94,640.84,-1,-1,-1,-1
451,3,1424.31,56.16,502.13,1012.51,-1,-1,-1,-1
451,5,67.17,138.67,401.85,896.88,-1,-1,-1,-1
451,9,1126.00,212.54,252.84,586.26,-1,-1,-1,-1
451,13,692.66,105.22,470.75,949.77,-1,-1,-1,-1
452,0,501.80,215.65,202.80,654.59,-1,-1,-1,-1
452,3,1445.95,61.35,483.89,1006.50,-1,-1,-1,-1
452,5,61.34,124.25,387.30,923.27,-1,-1,-1,-1
452,9,1116.32,213.25,224.98,579.63,-1,-1,-1,-1
452,13,749.36,154.89,529.42,900.49,-1,-1,-1,-1
453,0,471.21,220.95,234.53,647.16,-1,-1,-1,-1
453,3,1464.81,65.94,466.43,997.55,-1,-1,-1,-1
453,5,54.95,118.94,382.02,935.73,-1,-1,-1,-1
453,9,1056.91,192.94,276.09,595.16,-1,-1,-1,-1
453,13,813.35,111.94,504.40,963.53,-1,-1,-1,-1
454,0,429.85,225.12,276.90,642.41,-1,-1,-1,-1
454,3,1480.52,88.06,453.55,970.83,-1,-1,-1,-1
454,5,50.44,116.07,385.84,950.26,-1,-1,-1,-1
454,9,1030.40,188.34,276.55,596.13,-1,-1,-1,-1
454,13,909.92,102.55,434.68,940.73,-1,-1,-1,-1
455,0,405.96,222.15,290.97,650.44,-1,-1,-1,-1
455,3,1497.56,99.22,433.31,959.67,-1,-1,-1,-1
455,5,54.23,118.41,384.13,954.41,-1,-1,-1,-1
455,9,1003.89,183.74,277.00,597.10,-1,-1,-1,-1
455,13,963.95,76.15,448.50,989.62,-1,-1,-1,-1
456,0,400.81,223.67,287.27,659.67,-1,-1,-1,-1
456,3,1484.37,106.03,450.15,952.56,-1,-1,-1,-1
456,5,72.18,128.94,370.46,937.50,-1,-1,-1,-1
456,9,977.38,179.14,277.46,598.07,-1,-1,-1,-1
456,13,1023.01,71.85,465.69,992.22,-1,-1,-1,-1
457,0,404.38,224.93,273.94,666.73,-1,-1,-1,-1
457,3,1513.18,93.88,409.37,978.82,-1,-1,-1,-1
457,5,92.57,134.67,353.67,930.89,-1,-1,-1,-1
457,9,950.87,174.54,277.91,599.05,-1,-1,-1,-1
457,13,1043.24,49.96,510.25,1011.34,-1,-1,-1,-1
458,0,399.91,232.21,287.63,658.38,-1,-1,-1,-1
458,3,1512.59,105.91,408.20,956.58,-1,-1,-1,-1
458,5,114.47,127.03,360.65,946.95,-1,-1,-1,-1
458,9,997.28,213.71,174.07,596.34,-1,-1,-1,-1
458,13,1094.70,38.93,517.76,1026.21,-1,-1,-1,-1
459,0,421.74,246.70,265.36,640.16,-1,-1,-1,-1
459,3,1533.86,112.51,374.72,943.84,-1,-1,-1,-1
459,5,119.90,132.01,454.97,938.64,-1,-1,-1,-1
459,9,979.29,210.76,183.86,602.70,-1,-1,-1,-1
459,13,1149.25,8.71,503.43,1068.53,-1,-1,-1,-1
460,0,415.86,253.84,261.93,631.89,-1,-1,-1,-1
460,3,1543.79,123.24,350.53,931.39,-1,-1,-1,-1
460,5,142.10,108.70,508.08,965.70,-1,-1,-1,-1
460,9,951.05,213.10,200.14,584.05,-1,-1,-1,-1
460,13,1197.25,-8.31,515.20,1093.52,-1,-1,-1,-1
461,0,409.99,260.98,258.50,623.62,-1,-1,-1,-1
461,3,1521.49,122.34,372.35,934.43,-1,-1,-1,-1
461,5,167.38,79.23,513.58,1006.06,-1,-1,-1,-1
461,9,911.07,212.45,226.79,589.05,-1,-1,-1,-1
461,13,1217.56,18.47,485.23,1053.22,-1,-1,-1,-1
462,0,404.11,268.13,255.07,615.35,-1,-1,-1,-1
462,3,1483.16,109.46,405.19,949.64,-1,-1,-1,-1
462,5,184.92,71.32,516.77,1005.83,-1,-1,-1,-1
462,9,873.96,211.47,253.53,604.90,-1,-1,-1,-1
462,13,1252.04,78.59,464.60,974.98,-1,-1,-1,-1
463,0,398.23,275.27,251.64,607.08,-1,-1,-1,-1
463,3,1481.51,107.83,407.10,954.05,-1,-1,-1,-1
463,5,201.53,61.52,523.75,1019.32,-1,-1,-1,-1
463,9,852.55,212.03,257.73,617.72,-1,-1,-1,-1
463,13,1302.07,95.26,449.76,943.82,-1,-1,-1,-1
464,3,1479.85,106.19,409.00,958.46,-1,-1,-1,-1
464,5,218.13,51.72,530.74,1032.82,-1,-1,-1,-1
464,9,832.13,214.24,260.23,622.52,-1,-1,-1,-1
464,13,1352.10,111.93,434.92,912.67,-1,-1,-1,-1
465,3,1478.20,104.56,410.91,962.87,-1,-1,-1,-1
465,5,234.74,41.92,537.73,1046.31,-1,-1,-1,-1
465,9,811.87,214.16,244.33,622.21,-1,-1,-1,-1
465,13,1402.12,128.60,420.08,881.51,-1,-1,-1,-1
466,3,1476.55,102.92,412.81,967.29,-1,-1,-1,-1
466,5,251.34,32.12,544.72,1059.80,-1,-1,-1,-1
466,9,798.35,218.62,220.97,606.30,-1,-1,-1,-1
466,13,1452.15,145.28,405.24,850.36,-1,-1,-1,-1
467,5,317.01,225.34,173.20,556.92,-1,-1,-1,-1
467,9,773.02,220.60,216.53,598.96,-1,-1,-1,-1
468,5,293.18,221.81,160.09,550.57,-1,-1,-1,-1
468,9,753.75,221.51,212.24,588.82,-1,-1,-1,-1
469,0,290.58,198.09,228.90,810.72,-1,-1,-1,-1
469,5,298.67,243.07,141.95,488.20,-1,-1,-1,-1
469,9,740.47,221.85,212.51,572.32,-1,-1,-1,-1
470,0,274.92,190.45,258.61,838.25,-1,-1,-1,-1
470,5,304.16,264.33,123.80,425.82,-1,-1,-1,-1
470,9,754.07,219.28,175.91,574.37,-1,-1,-1,-1
471,0,264.78,183.81,291.33,856.51,-1,-1,-1,-1
471,3,1361.41,98.88,555.73,949.23,-1,-1,-1,-1
471,5,309.64,285.59,105.66,363.45,-1,-1,-1,-1
471,9,736.50,220.45,174.21,568.86,-1,-1,-1,-1
472,0,262.16,183.55,314.10,860.01,-1,-1,-1,-1
472,3,1376.59,119.73,529.80,904.18,-1,-1,-1,-1
472,5,315.13,306.85,87.53,301.08,-1,-1,-1,-1
472,9,718.93,221.62,172.51,563.36,-1,-1,-1,-1
473,0,269.94,184.40,329.92,866.24,-1,-1,-1,-1
473,3,1408.73,106.89,499.79,941.29,-1,-1,-1,-1
473,9,701.36,222.79,170.81,557.86,-1,-1,-1,-1
474,0,281.47,180.83,349.59,875.14,-1,-1,-1,-1
474,3,1435.82,101.83,473.33,954.04,-1,-1,-1,-1
474,9,683.79,223.95,169.11,552.36,-1,-1,-1,-1
475,0,283.92,179.78,385.15,877.61,-1,-1,-1,-1
475,3,1452.24,92.39,460.93,956.70,-1,-1,-1,-1
475,9,597.22,231.68,163.89,575.57,-1,-1,-1,-1
476,0,291.38,195.54,412.53,862.70,-1,-1,-1,-1
476,3,1463.95,84.32,453.27,965.49,-1,-1,-1,-1
476,9,568.11,212.84,191.55,606.09,-1,-1,-1,-1
476,18,1362.62,170.56,246.42,698.15,-1,-1,-1,-1
477,0,314.07,195.60,419.96,861.22,-1,-1,-1,-1
477,3,1479.14,97.13,439.89,960.31,-1,-1,-1,-1
477,9,555.90,207.13,191.24,629.25,-1,-1,-1,-1
477,18,1322.58,185.13,283.89,680.32,-1,-1,-1,-1
478,0,357.87,194.60,382.62,858.33,-1,-1,-1,-1
478,3,1477.10,97.18,446.53,972.43,-1,-1,-1,-1
478,9,529.12,199.73,196.58,646.89,-1,-1,-1,-1
478,18,1297.40,196.48,299.67,664.57,-1,-1,-1,-1
479,0,404.07,189.15,342.42,867.00,-1,-1,-1,-1
479,3,1523.68,102.96,388.76,966.36,-1,-1,-1,-1
479,9,502.35,192.33,201.92,664.53,-1,-1,-1,-1
479,18,1288.07,204.08,295.57,656.22,-1,-1,-1,-1
480,0,442.38,175.52,307.12,873.87,-1,-1,-1,-1
480,3,1494.51,115.95,426.63,939.81,-1,-1,-1,-1
480,9,475.58,184.93,207.27,682.17,-1,-1,-1,-1
480,18,1248.37,204.23,309.42,690.98,-1,-1,-1,-1
481,0,456.40,172.74,314.94,879.73,-1,-1,-1,-1
481,3,1497.71,132.96,419.91,888.56,-1,-1,-1,-1
481,9,448.80,177.53,212.61,699.81,-1,-1,-1,-1
481,18,1229.65,204.67,314.57,702.48,-1,-1,-1,-1
482,0,452.53,170.25,361.69,885.42,-1,-1,-1,-1
482,3,1494.68,140.73,424.06,851.67,-1,-1,-1,-1
482,9,451.68,194.08,170.62,662.98,-1,-1,-1,-1
482,18,1210.92,205.11,319.73,713.97,-1,-1,-1,-1
483,0,505.59,181.72,341.40,869.27,-1,-1,-1,-1
483,3,1495.85,142.45,419.27,829.36,-1,-1,-1,-1
483,9,411.84,201.81,193.75,650.22,-1,-1,-1,-1
483,18,1192.20,205.55,324.88,725.46,-1,-1,-1,-1
484,0,540.69,189.77,340.94,854.91,-1,-1,-1,-1
484,3,1519.75,147.20,387.48,779.96,-1,-1,-1,-1
484,9,364.10,202.61,229.41,664.87,-1,-1,-1,-1
484,18,1173.48,205.99,330.04,736.96,-1,-1,-1,-1
485,0,572.38,188.49,334.94,864.10,-1,-1,-1,-1
485,3,1545.55,153.24,346.51,739.73,-1,-1,-1,-1
485,9,294.89,196.65,286.24,703.89,-1,-1,-1,-1
485,13,1123.71,0.08,492.10,1079.95,-1,-1,-1,-1
486,0,589.15,188.80,348.10,867.95,-1,-1,-1,-1
486,3,1550.71,139.92,327.65,771.10,-1,-1,-1,-1
486,9,247.68,195.31,317.98,723.74,-1,-1,-1,-1
486,13,1081.26,19.89,552.10,1052.51,-1,-1,-1,-1
486,18,1085.27,238.34,197.51,593.80,-1,-1,-1,-1
487,0,612.91,184.03,354.00,873.84,-1,-1,-1,-1
487,3,1537.43,161.05,327.84,730.50,-1,-1,-1,-1
487,9,221.06,202.24,319.30,721.79,-1,-1,-1,-1
487,13,1134.92,12.89,458.67,1062.87,-1,-1,-1,-1
487,18,1040.97,212.30,240.20,616.61,-1,-1,-1,-1
488,0,629.74,173.58,372.59,890.46,-1,-1,-1,-1
488,3,1530.09,173.24,291.57,697.51,-1,-1,-1,-1
488,9,211.80,199.01,299.24,732.99,-1,-1,-1,-1
488,13,1174.79,11.89,419.80,1065.18,-1,-1,-1,-1
488,18,1009.74,213.22,261.40,611.65,-1,-1,-1,-1
489,0,660.65,150.73,372.00,925.27,-1,-1,-1,-1
489,3,1519.11,173.02,272.41,698.96,-1,-1,-1,-1
489,9,208.92,199.16,283.25,735.31,-1,-1,-1,-1
489,13,1208.28,25.80,392.97,1047.93,-1,-1,-1,-1
489,18,995.96,209.74,246.03,611.20,-1,-1,-1,-1
490,0,693.97,147.54,373.82,933.40,-1,-1,-1,-1
490,3,1513.02,176.36,266.96,684.95,-1,-1,-1,-1
490,9,206.95,202.12,277.76,729.55,-1,-1,-1,-1
490,13,1208.35,24.02,458.01,1049.06,-1,-1,-1,-1
490,18,996.31,208.38,207.16,605.65,-1,-1,-1,-1
491,0,742.25,138.13,344.56,934.82,-1,-1,-1,-1
491,3,1506.94,179.69,261.50,670.93,-1,-1,-1,-1
491,9,205.38,202.51,277.54,728.79,-1,-1,-1,-1
491,13,1227.59,33.93,432.10,1033.94,-1,-1,-1,-1
491,18,984.88,208.59,189.28,599.18,-1,-1,-1,-1
492,0,787.05,143.42,319.95,927.56,-1,-1,-1,-1
492,3,1500.86,183.03,256.05,656.92,-1,-1,-1,-1
492,9,193.16,190.61,292.44,773.48,-1,-1,-1,-1
492,13,1243.74,37.72,411.32,1027.85,-1,-1,-1,-1
492,18,971.05,213.45,181.99,582.45,-1,-1,-1,-1
493,0,814.31,134.80,327.10,939.79,-1,-1,-1,-1
493,3,1494.77,186.36,250.59,642.91,-1,-1,-1,-1
493,9,185.87,185.74,299.37,798.46,-1,-1,-1,-1
493,13,1259.88,43.10,398.86,1020.19,-1,-1,-1,-1
493,18,955.47,205.91,187.79,579.83,-1,-1,-1,-1
494,0,832.85,132.47,339.35,943.90,-1,-1,-1,-1
494,9,180.40,186.70,300.61,811.01,-1,-1,-1,-1
494,13,1288.91,50.12,383.73,998.43,-1,-1,-1,-1
494,18,935.34,205.22,185.58,573.00,-1,-1,-1,-1
495,0,832.82,129.14,374.51,949.56,-1,-1,-1,-1
495,9,169.20,189.30,304.74,812.53,-1,-1,-1,-1
495,13,1320.47,43.90,362.80,1003.19,-1,-1,-1,-1
495,18,915.22,204.53,183.37,566.18,-1,-1,-1,-1
496,0,851.20,138.51,401.50,927.43,-1,-1,-1,-1
496,3,1318.93,184.57,164.52,563.20,-1,-1,-1,-1
496,9,144.97,189.72,315.76,816.80,-1,-1,-1,-1
496,13,1295.97,52.32,419.53,985.38,-1,-1,-1,-1
496,18,895.09,203.84,181.15,559.35,-1,-1,-1,-1
497,0,862.43,134.59,430.95,931.22,-1,-1,-1,-1
497,3,1280.70,187.57,157.15,560.76,-1,-1,-1,-1
497,9,119.20,183.48,330.02,834.72,-1,-1,-1,-1
497,13,1315.67,64.88,409.67,978.34,-1,-1,-1,-1
497,18,851.85,219.47,158.81,568.84,-1,-1,-1,-1
498,0,889.92,127.61,434.75,938.60,-1,-1,-1,-1
498,3,1244.52,186.93,212.26,595.02,-1,-1,-1,-1
498,9,95.85,176.41,340.67,852.31,-1,-1,-1,-1
498,13,1340.92,76.35,393.97,971.24,-1,-1,-1,-1
498,18,826.76,220.94,164.25,575.39,-1,-1,-1,-1
499,0,925.65,113.55,436.96,952.88,-1,-1,-1,-1
499,3,1228.66,214.59,197.52,468.54,-1,-1,-1,-1
499,9,79.72,172.70,350.63,861.77,-1,-1,-1,-1
499,13,1355.08,91.81,392.99,938.62,-1,-1,-1,-1
499,18,802.02,210.77,173.35,608.49,-1,-1,-1,-1
500,0,953.18,96.83,434.38,972.00,-1,-1,-1,-1
500,3,1212.32,233.35,174.61,414.16,-1,-1,-1,-1
500,9,70.97,167.49,353.85,875.87,-1,-1,-1,-1
500,13,1375.24,98.29,385.51,941.51,-1,-1,-1,-1
500,18,779.96,212.08,180.83,607.82,-1,-1,-1,-1
501,0,978.53,85.80,439.52,990.24,-1,-1,-1,-1
501,3,1195.99,252.11,151.69,359.78,-1,-1,-1,-1
501,9,68.58,164.81,353.52,881.71,-1,-1,-1,-1
501,13,1388.69,101.70,382.06,944.94,-1,-1,-1,-1
501,18,767.66,211.63,182.63,606.03,-1,-1,-1,-1
502,0,998.53,95.92,444.69,970.22,-1,-1,-1,-1
502,3,1179.66,270.86,128.77,305.40,-1,-1,-1,-1
502,9,73.46,164.23,350.79,889.10,-1,-1,-1,-1
502,13,1402.45,106.79,380.65,941.46,-1,-1,-1,-1
502,18,731.91,217.74,215.47,596.58,-1,-1,-1,-1
503,0,1026.77,61.39,432.88,1011.61,-1,-1,-1,-1
503,3,1163.33,289.62,105.84,251.03,-1,-1,-1,-1
503,9,84.11,158.31,346.01,899.51,-1,-1,-1,-1
503,13,1416.21,111.87,379.24,937.98,-1,-1,-1,-1
503,18,690.22,221.66,252.47,598.77,-1,-1,-1,-1
504,0,1045.87,56.62,439.70,1001.97,-1,-1,-1,-1
504,9,95.93,151.53,345.47,908.70,-1,-1,-1,-1
504,13,1431.56,102.37,351.57,912.58,-1,-1,-1,-1
504,18,646.25,223.57,293.20,598.39,-1,-1,-1,-1
505,0,1067.72,46.55,443.31,1013.13,-1,-1,-1,-1
505,9,110.05,141.09,343.93,921.16,-1,-1,-1,-1
505,13,1444.48,98.27,341.00,898.12,-1,-1,-1,-1
505,18,613.90,221.84,313.08,607.78,-1,-1,-1,-1
506,0,1085.87,48.44,450.49,1006.77,-1,-1,-1,-1
506,9,124.13,137.89,344.27,921.25,-1,-1,-1,-1
506,13,1453.68,99.04,335.65,888.63,-1,-1,-1,-1
506,18,584.69,228.85,329.76,604.38,-1,-1,-1,-1
507,0,1100.97,49.80,459.73,1007.45,-1,-1,-1,-1
507,3,1045.42,218.30,154.01,591.30,-1,-1,-1,-1
507,9,130.57,137.64,354.06,917.70,-1,-1,-1,-1
507,13,1462.71,96.94,321.51,867.70,-1,-1,-1,-1
507,18,571.61,234.99,322.78,601.90,-1,-1,-1,-1
508,0,1135.92,56.51,456.99,1007.27,-1,-1,-1,-1
508,3,1006.70,213.85,179.75,608.53,-1,-1,-1,-1
508,9,147.08,132.83,350.15,918.13,-1,-1,-1,-1
508,13,1463.50,100.10,329.14,861.41,-1,-1,-1,-1
508,18,571.25,229.12,281.21,609.98,-1,-1,-1,-1
509,0,1164.46,77.46,474.29,979.35,-1,-1,-1,-1
509,3,975.35,214.81,197.66,612.78,-1,-1,-1,-1
509,9,164.68,118.08,345.46,944.50,-1,-1,-1,-1
509,13,1477.76,107.59,317.12,859.14,-1,-1,-1,-1
509,18,569.22,219.90,232.15,625.63,-1,-1,-1,-1
510,0,1218.72,96.95,465.62,949.13,-1,-1,-1,-1
510,3,951.36,212.13,204.74,618.71,-1,-1,-1,-1
510,9,179.90,113.54,351.91,953.66,-1,-1,-1,-1
510,13,1510.42,151.28,275.02,644.65,-1,-1,-1,-1
510,18,560.98,209.87,200.95,642.39,-1,-1,-1,-1
511,0,1281.51,85.63,441.42,965.49,-1,-1,-1,-1
511,3,922.27,210.60,229.96,617.66,-1,-1,-1,-1
511,9,189.92,121.00,369.37,939.62,-1,-1,-1,-1
511,13,1574.77,206.63,194.05,413.51,-1,-1,-1,-1
511,18,542.02,210.92,194.09,647.12,-1,-1,-1,-1
512,0,1340.07,84.57,430.34,968.65,-1,-1,-1,-1
512,3,905.53,208.47,238.48,613.33,-1,-1,-1,-1
512,9,205.00,111.79,384.28,949.78,-1,-1,-1,-1
512,13,1624.20,264.39,118.42,252.34,-1,-1,-1,-1
512,18,528.27,211.66,190.04,646.55,-1,-1,-1,-1
513,0,1377.16,68.49,461.25,992.26,-1,-1,-1,-1
513,3,889.59,210.91,255.65,604.73,-1,-1,-1,-1
513,9,207.35,101.63,436.33,965.69,-1,-1,-1,-1
513,13,1673.63,322.14,42.78,91.17,-1,-1,-1,-1
513,18,522.43,207.53,182.18,648.03,-1,-1,-1,-1
514,0,1413.26,68.86,461.31,993.31,-1,-1,-1,-1
514,3,875.93,209.05,262.59,606.31,-1,-1,-1,-1
514,9,214.38,93.43,466.95,974.05,-1,-1,-1,-1
514,13,1723.07,379.90,-32.85,-70.00,-1,-1,-1,-1
514,18,502.88,206.26,183.10,651.30,-1,-1,-1,-1
515,0,1431.84,63.86,476.42,1001.58,-1,-1,-1,-1
515,3,863.83,214.18,256.22,595.33,-1,-1,-1,-1
515,9,221.95,93.26,492.27,964.70,-1,-1,-1,-1
515,13,1772.50,437.65,-108.49,-231.17,-1,-1,-1,-1
515,18,483.33,205.00,184.01,654.58,-1,-1,-1,-1
516,0,1448.92,79.95,487.32,984.41,-1,-1,-1,-1
516,3,857.94,209.98,228.50,595.86,-1,-1,-1,-1
516,9,250.61,90.95,489.73,966.97,-1,-1,-1,-1
516,18,463.78,203.73,184.92,657.85,-1,-1,-1,-1
517,0,1463.03,96.18,485.87,967.54,-1,-1,-1,-1
517,3,839.46,210.52,207.76,587.77,-1,-1,-1,-1
517,9,295.41,91.43,478.13,975.14,-1,-1,-1,-1
517,18,444.23,202.46,185.84,661.12,-1,-1,-1,-1
518,0,1488.83,100.51,461.13,971.06,-1,-1,-1,-1
518,3,807.20,214.57,207.09,553.99,-1,-1,-1,-1
518,9,324.53,115.31,477.82,946.72,-1,-1,-1,-1
518,18,331.10,210.93,218.16,674.12,-1,-1,-1,-1
519,0,1540.11,103.97,404.02,968.05,-1,-1,-1,-1
519,3,768.39,195.82,227.10,582.07,-1,-1,-1,-1
519,9,341.94,125.23,511.39,936.94,-1,-1,-1,-1
519,18,324.96,209.45,195.47,646.39,-1,-1,-1,-1
520,0,1572.71,107.63,371.43,963.30,-1,-1,-1,-1
520,3,766.28,195.84,209.09,574.96,-1,-1,-1,-1
520,9,383.24,124.88,530.26,938.57,-1,-1,-1,-1
520,18,316.09,195.21,211.07,697.00,-1,-1,-1,-1
520,24,1345.38,147.80,295.58,718.96,-1,-1,-1,-1
521,0,1574.23,88.13,374.70,987.44,-1,-1,-1,-1
521,3,745.55,193.32,208.48,573.29,-1,-1,-1,-1
521,9,469.68,97.92,471.72,980.27,-1,-1,-1,-1
521,18,296.36,179.84,229.08,759.34,-1,-1,-1,-1
521,24,1340.93,151.73,281.27,710.31,-1,-1,-1,-1
522,0,1564.46,80.01,388.00,1001.27,-1,-1,-1,-1
522,3,724.83,190.79,207.87,571.61,-1,-1,-1,-1
522,9,534.26,99.26,449.16,972.65,-1,-1,-1,-1
522,18,277.06,177.39,255.10,791.56,-1,-1,-1,-1
522,24,1327.44,152.68,266.34,692.32,-1,-1,-1,-1
523,0,1562.59,89.87,385.00,990.27,-1,-1,-1,-1
523,3,704.11,188.26,207.26,569.94,-1,-1,-1,-1
523,9,570.41,85.14,468.20,978.73,-1,-1,-1,-1
523,18,265.02,171.17,279.04,823.28,-1,-1,-1,-1
523,24,1310.98,161.73,254.75,666.02,-1,-1,-1,-1
524,0,1581.23,123.37,357.39,931.40,-1,-1,-1,-1
524,3,683.39,185.74,206.65,568.27,-1,-1,-1,-1
524,9,626.63,78.69,468.93,992.22,-1,-1,-1,-1
524,18,262.55,171.70,282.52,840.43,-1,-1,-1,-1
524,24,1276.15,159.91,255.56,656.35,-1,-1,-1,-1
525,0,1599.09,149.93,328.42,888.93,-1,-1,-1,-1
525,3,627.90,203.02,209.80,593.18,-1,-1,-1,-1
525,9,638.44,81.21,520.07,986.44,-1,-1,-1,-1
525,18,253.41,188.41,295.43,820.51,-1,-1,-1,-1
525,24,1234.38,161.74,267.92,644.98,-1,-1,-1,-1
526,0,1607.76,156.48,319.09,883.17,-1,-1,-1,-1
526,3,588.10,199.27,225.48,601.29,-1,-1,-1,-1
526,9,731.63,100.20,465.81,962.41,-1,-1,-1,-1
526,18,242.97,197.74,305.04,809.09,-1,-1,-1,-1
526,24,1188.83,153.81,294.79,653.13,-1,-1,-1,-1
527,0,1611.75,172.85,312.70,857.92,-1,-1,-1,-1
527,3,550.78,187.80,246.00,623.46,-1,-1,-1,-1
527,9,807.81,74.41,437.03,989.32,-1,-1,-1,-1
527,18,226.11,193.85,317.73,818.01,-1,-1,-1,-1
527,24,1157.10,155.51,308.51,648.34,-1,-1,-1,-1
528,0,1618.93,162.93,304.90,871.30,-1,-1,-1,-1
528,3,522.42,184.20,264.55,637.33,-1,-1,-1,-1
528,9,886.07,81.92,399.80,981.63,-1,-1,-1,-1
528,18,215.33,184.42,319.32,839.37,-1,-1,-1,-1
528,24,1143.04,149.29,299.71,659.32,-1,-1,-1,-1
529,0,1618.10,168.31,302.48,860.59,-1,-1,-1,-1
529,3,497.83,189.76,282.14,634.88,-1,-1,-1,-1
529,9,940.53,69.80,421.63,994.52,-1,-1,-1,-1
529,18,204.43,178.14,319.11,855.89,-1,-1,-1,-1
529,24,1172.23,193.73,247.05,607.97,-1,-1,-1,-1
530,0,1610.33,149.65,301.79,892.09,-1,-1,-1,-1
530,3,473.48,201.60,309.12,629.72,-1,-1,-1,-1
530,9,980.66,67.52,446.95,999.44,-1,-1,-1,-1
530,18,192.14,178.12,323.76,860.22,-1,-1,-1,-1
530,24,1158.68,207.00,238.30,586.43,-1,-1,-1,-1
531,0,1585.30,150.39,328.23,887.47,-1,-1,-1,-1
531,3,469.44,216.80,295.71,618.09,-1,-1,-1,-1
531,9,1033.48,56.57,440.87,1006.85,-1,-1,-1,-1
531,18,181.90,168.13,332.54,891.76,-1,-1,-1,-1
531,24,1145.12,220.27,229.55,564.88,-1,-1,-1,-1
532,0,1548.24,152.51,354.06,873.77,-1,-1,-1,-1
532,3,471.65,212.55,258.37,630.59,-1,-1,-1,-1
532,9,1088.16,38.37,417.54,1035.64,-1,-1,-1,-1
532,18,172.47,174.41,348.40,886.55,-1,-1,-1,-1
532,24,1131.56,233.54,220.79,543.33,-1,-1,-1,-1
533,0,1544.44,153.90,352.29,869.44,-1,-1,-1,-1
533,3,464.83,210.25,224.88,636.79,-1,-1,-1,-1
533,9,1103.64,32.58,451.24,1043.38,-1,-1,-1,-1
533,13,1613.74,83.86,220.55,663.16,-1,-1,-1,-1
533,18,169.46,178.89,350.98,881.41,-1,-1,-1,-1
533,24,1118.01,246.81,212.04,521.78,-1,-1,-1,-1
534,0,1540.65,155.29,350.53,865.10,-1,-1,-1,-1
534,3,443.66,209.16,221.58,641.15,-1,-1,-1,-1
534,9,1177.89,26.16,397.95,1048.41,-1,-1,-1,-1
534,13,1501.97,141.48,345.60,875.42,-1,-1,-1,-1
534,18,162.60,180.54,368.99,879.81,-1,-1,-1,-1
534,24,1020.55,165.49,294.98,606.25,-1,-1,-1,-1
535,0,1536.86,156.69,348.77,860.77,-1,-1,-1,-1
535,3,422.18,210.48,238.49,632.41,-1,-1,-1,-1
535,9,1210.18,34.75,408.62,1033.02,-1,-1,-1,-1
535,13,1485.54,165.25,377.33,888.64,-1,-1,-1,-1
535,18,155.79,174.47,387.03,892.65,-1,-1,-1,-1
535,24,1020.93,159.23,259.37,611.07,-1,-1,-1,-1
536,0,1533.07,158.08,347.01,856.43,-1,-1,-1,-1
536,3,408.95,205.66,257.52,641.62,-1,-1,-1,-1
536,9,1247.13,32.92,455.27,1036.12,-1,-1,-1,-1
536,13,1465.66,164.94,404.28,952.13,-1,-1,-1,-1
536,18,147.69,164.39,408.74,912.93,-1,-1,-1,-1
536,24,1022.44,160.23,231.84,608.63,-1,-1,-1,-1
537,3,399.02,194.11,294.27,658.06,-1,-1,-1,-1
537,9,1289.91,26.08,452.14,1047.56,-1,-1,-1,-1
537,13,1445.77,164.64,431.24,1015.61,-1,-1,-1,-1
537,18,141.80,158.36,431.10,921.86,-1,-1,-1,-1
537,24,1007.57,168.83,229.85,597.22,-1,-1,-1,-1
538,3,394.56,213.72,319.39,584.46,-1,-1,-1,-1
538,9,1334.52,33.37,419.42,1031.47,-1,-1,-1,-1
538,13,1425.89,164.34,458.19,1079.10,-1,-1,-1,-1
538,18,146.26,172.42,430.66,893.75,-1,-1,-1,-1
538,24,983.44,188.51,241.53,571.55,-1,-1,-1,-1
539,3,394.04,225.01,304.19,556.56,-1,-1,-1,-1
539,9,1368.21,45.96,410.92,1022.26,-1,-1,-1,-1
539,13,1406.00,164.04,485.14,1142.58,-1,-1,-1,-1
539,18,153.46,173.59,430.89,885.49,-1,-1,-1,-1
539,24,950.67,197.68,267.39,568.78,-1,-1,-1,-1
540,3,393.52,236.30,288.98,528.66,-1,-1,-1,-1
540,9,1382.12,47.57,447.00,1016.76,-1,-1,-1,-1
540,18,170.80,159.57,429.81,906.71,-1,-1,-1,-1
540,24,903.74,215.64,317.17,553.11,-1,-1,-1,-1
541,3,393.01,247.59,273.76,500.77,-1,-1,-1,-1
541,9,1414.17,49.94,434.77,1021.10,-1,-1,-1,-1
541,13,1304.06,200.31,236.70,748.93,-1,-1,-1,-1
541,18,182.66,153.70,426.66,915.29,-1,-1,-1,-1
541,24,878.07,225.72,340.93,552.31,-1,-1,-1,-1
542,3,392.49,258.88,258.55,472.87,-1,-1,-1,-1
542,9,1445.29,69.89,428.93,989.32,-1,-1,-1,-1
542,13,1271.82,198.28,236.93,713.37,-1,-1,-1,-1
542,18,201.38,145.11,415.52,928.89,-1,-1,-1,-1
542,24,859.12,239.76,358.42,542.56,-1,-1,-1,-1
543,9,1469.97,81.36,422.10,978.07,-1,-1,-1,-1
543,13,1252.48,213.21,242.41,681.74,-1,-1,-1,-1
543,18,203.54,137.00,429.35,940.24,-1,-1,-1,-1
543,24,851.40,250.44,346.35,532.72,-1,-1,-1,-1
544,9,1482.99,86.88,431.28,978.44,-1,-1,-1,-1
544,13,1244.88,229.88,244.62,646.31,-1,-1,-1,-1
544,18,193.98,121.95,457.58,955.09,-1,-1,-1,-1
544,24,832.35,263.82,338.78,508.47,-1,-1,-1,-1
545,9,1514.13,103.91,403.66,962.34,-1,-1,-1,-1
545,13,1243.98,236.77,228.58,626.50,-1,-1,-1,-1
545,18,197.57,113.49,463.58,967.58,-1,-1,-1,-1
545,24,827.59,259.19,293.14,511.97,-1,-1,-1,-1
546,3,151.45,148.00,317.04,460.83,-1,-1,-1,-1
546,9,1547.77,104.77,351.34,969.79,-1,-1,-1,-1
546,13,1241.47,232.02,215.01,614.72,-1,-1,-1,-1
546,18,201.16,105.03,469.58,980.06,-1,-1,-1,-1
546,24,811.21,254.53,264.57,523.86,-1,-1,-1,-1
547,3,139.66,149.35,319.63,499.24,-1,-1,-1,-1
547,9,1581.76,101.28,298.08,962.36,-1,-1,-1,-1
547,13,1229.21,221.03,215.08,614.42,-1,-1,-1,-1
547,18,234.16,109.98,535.54,963.20,-1,-1,-1,-1
547,24,793.61,249.71,252.35,538.33,-1,-1,-1,-1
548,3,110.61,133.79,327.83,511.95,-1,-1,-1,-1
548,9,1592.08,122.90,292.31,934.69,-1,-1,-1,-1
548,13,1209.66,216.81,220.34,603.56,-1,-1,-1,-1
548,18,249.11,105.78,537.55,966.75,-1,-1,-1,-1
548,24,771.87,246.14,251.68,540.55,-1,-1,-1,-1
549,3,81.56,118.24,336.03,524.66,-1,-1,-1,-1
549,9,1605.43,115.91,276.40,941.61,-1,-1,-1,-1
549,13,1200.34,205.93,211.24,611.58,-1,-1,-1,-1
549,18,361.05,104.91,510.16,957.20,-1,-1,-1,-1
549,24,766.98,251.89,241.99,540.94,-1,-1,-1,-1
550,3,52.50,102.68,344.23,537.37,-1,-1,-1,-1
550,9,1596.25,129.33,292.62,922.08,-1,-1,-1,-1
550,13,1187.66,208.45,209.24,604.87,-1,-1,-1,-1
550,18,471.41,98.61,469.16,970.63,-1,-1,-1,-1
550,24,746.45,252.89,243.34,543.94,-1,-1,-1,-1
551,3,23.45,87.12,352.43,550.09,-1,-1,-1,-1
551,9,1572.42,157.82,317.07,879.87,-1,-1,-1,-1
551,13,1166.60,215.45,228.76,593.06,-1,-1,-1,-1
551,18,532.37,88.90,480.95,979.85,-1,-1,-1,-1
551,24,725.93,253.89,244.68,546.93,-1,-1,-1,-1
552,9,1550.37,155.43,331.68,883.18,-1,-1,-1,-1
552,13,1148.84,221.06,249.18,587.12,-1,-1,-1,-1
552,18,561.78,76.30,518.16,996.91,-1,-1,-1,-1
552,24,705.40,254.89,246.03,549.92,-1,-1,-1,-1
552,28,192.15,111.62,408.51,913.85,-1,-1,-1,-1
553,9,1539.97,153.15,334.04,887.74,-1,-1,-1,-1
553,13,1132.06,224.80,259.58,589.66,-1,-1,-1,-1
553,18,652.79,61.73,468.01,1009.77,-1,-1,-1,-1
553,24,684.88,255.89,247.38,552.92,-1,-1,-1,-1
553,28,191.91,103.32,407.17,921.16,-1,-1,-1,-1
554,9,1522.52,174.23,352.73,865.20,-1,-1,-1,-1
554,13,1138.84,241.85,214.55,550.41,-1,-1,-1,-1
554,18,730.22,54.14,433.59,1020.29,-1,-1,-1,-1
554,24,576.73,233.37,260.30,577.01,-1,-1,-1,-1
554,28,209.30,102.02,399.19,947.77,-1,-1,-1,-1
555,9,1499.43,154.11,372.63,891.20,-1,-1,-1,-1
555,13,1150.09,243.49,173.59,531.07,-1,-1,-1,-1
555,18,784.95,63.13,447.59,1010.87,-1,-1,-1,-1
555,24,544.78,224.61,257.28,592.10,-1,-1,-1,-1
555,28,226.41,106.40,389.64,956.68,-1,-1,-1,-1
556,9,1481.96,158.88,382.00,881.93,-1,-1,-1,-1
556,13,1140.28,250.25,167.28,511.80,-1,-1,-1,-1
556,18,824.10,74.86,462.85,998.25,-1,-1,-1,-1
556,24,529.71,201.08,241.25,637.79,-1,-1,-1,-1
556,28,249.01,112.00,367.70,957.67,-1,-1,-1,-1
557,9,1474.82,158.62,339.18,851.97,-1,-1,-1,-1
557,13,1130.47,257.01,160.97,492.53,-1,-1,-1,-1
557,18,854.57,87.81,468.31,980.65,-1,-1,-1,-1
557,24,526.51,201.39,220.37,641.14,-1,-1,-1,-1
557,28,274.65,115.07,350.40,960.76,-1,-1,-1,-1
558,9,1458.34,183.65,301.53,771.36,-1,-1,-1,-1
558,13,1120.66,263.77,154.66,473.27,-1,-1,-1,-1
558,18,897.06,100.35,449.66,963.89,-1,-1,-1,-1
558,24,528.63,198.05,208.92,630.69,-1,-1,-1,-1
558,28,284.36,113.60,420.69,964.33,-1,-1,-1,-1
559,9,1438.20,182.60,283.62,739.27,-1,-1,-1,-1
559,13,1110.85,270.53,148.36,454.00,-1,-1,-1,-1
559,18,945.30,101.26,427.94,959.07,-1,-1,-1,-1
559,24,504.56,194.92,210.34,634.98,-1,-1,-1,-1
559,28,294.61,113.16,451.51,957.80,-1,-1,-1,-1
560,9,1416.77,175.12,276.13,730.07,-1,-1,-1,-1
560,13,1014.66,246.87,161.27,496.02,-1,-1,-1,-1
560,18,1026.63,95.87,369.21,970.63,-1,-1,-1,-1
560,24,480.48,191.80,211.76,639.27,-1,-1,-1,-1
560,28,292.21,109.64,461.52,961.14,-1,-1,-1,-1
561,9,1399.10,166.83,268.31,728.87,-1,-1,-1,-1
561,13,977.76,246.56,192.32,509.04,-1,-1,-1,-1
561,18,1100.75,84.22,326.54,990.23,-1,-1,-1,-1
561,24,456.41,188.68,213.17,643.56,-1,-1,-1,-1
561,28,274.28,90.58,493.49,989.18,-1,-1,-1,-1
562,9,1383.17,158.28,269.76,734.09,-1,-1,-1,-1
562,13,951.24,240.06,207.09,528.73,-1,-1,-1,-1
562,18,1157.35,87.20,316.47,989.22,-1,-1,-1,-1
562,24,432.34,185.55,214.59,647.84,-1,-1,-1,-1
562,28,261.03,78.82,535.07,969.04,-1,-1,-1,-1
563,9,1400.00,157.75,231.12,726.55,-1,-1,-1,-1
563,13,931.19,229.41,201.25,556.12,-1,-1,-1,-1
563,18,1179.40,103.79,398.77,971.64,-1,-1,-1,-1
563,28,273.39,75.54,534.18,967.41,-1,-1,-1,-1
564,9,1385.73,153.88,229.12,720.33,-1,-1,-1,-1
564,13,910.59,222.00,195.24,575.15,-1,-1,-1,-1
564,18,1205.00,106.49,436.01,967.54,-1,-1,-1,-1
564,24,342.75,210.82,242.52,572.36,-1,-1,-1,-1
564,28,335.47,72.45,506.41,974.55,-1,-1,-1,-1
565,9,1371.47,150.02,227.12,714.11,-1,-1,-1,-1
565,13,888.46,218.34,190.42,586.83,-1,-1,-1,-1
565,18,1253.70,90.83,429.97,990.15,-1,-1,-1,-1
565,24,349.80,180.97,263.13,681.10,-1,-1,-1,-1
565,28,434.07,75.22,442.95,983.76,-1,-1,-1,-1
566,9,1357.20,146.15,225.12,707.90,-1,-1,-1,-1
566,13,876.04,226.17,168.32,577.87,-1,-1,-1,-1
566,18,1293.39,105.94,421.02,963.84,-1,-1,-1,-1
566,24,351.66,173.30,256.84,716.66,-1,-1,-1,-1
566,28,498.07,75.72,447.53,987.94,-1,-1,-1,-1
567,9,1342.93,142.29,223.12,701.68,-1,-1,-1,-1
567,13,852.18,224.93,169.68,582.58,-1,-1,-1,-1
567,18,1306.95,107.79,428.01,963.78,-1,-1,-1,-1
567,24,346.86,172.46,262.17,745.14,-1,-1,-1,-1
567,28,553.23,69.27,457.47,1003.48,-1,-1,-1,-1
568,9,1274.29,159.94,250.55,708.36,-1,-1,-1,-1
568,13,828.31,223.70,171.03,587.30,-1,-1,-1,-1
568,18,1318.32,110.45,428.05,961.40,-1,-1,-1,-1
568,24,342.42,173.97,265.99,770.46,-1,-1,-1,-1
568,28,602.35,74.28,481.05,1001.95,-1,-1,-1,-1
569,9,1260.04,180.72,229.33,662.04,-1,-1,-1,-1
569,13,804.44,222.46,172.39,592.02,-1,-1,-1,-1
569,18,1329.54,110.10,432.49,957.26,-1,-1,-1,-1
569,24,332.21,180.46,283.63,781.36,-1,-1,-1,-1
569,28,643.51,72.46,483.23,1006.47,-1,-1,-1,-1
570,9,1241.80,187.34,232.46,648.31,-1,-1,-1,-1
570,13,780.58,221.22,173.74,596.74,-1,-1,-1,-1
570,18,1400.95,108.10,367.47,957.14,-1,-1,-1,-1
570,24,319.84,192.00,303.29,775.28,-1,-1,-1,-1
570,28,684.67,70.63,485.41,1011.00,-1,-1,-1,-1
571,9,1249.33,199.91,215.84,624.07,-1,-1,-1,-1
571,13,734.18,237.43,174.91,592.89,-1,-1,-1,-1
571,18,1452.22,97.83,331.24,976.89,-1,-1,-1,-1
571,24,310.34,196.23,324.57,778.13,-1,-1,-1,-1
571,28,725.83,68.80,487.59,1015.53,-1,-1,-1,-1
572,9,1249.96,201.38,207.55,629.96,-1,-1,-1,-1
572,13,707.18,266.74,207.21,569.71,-1,-1,-1,-1
572,18,1488.27,95.20,311.39,972.63,-1,-1,-1,-1
572,24,302.44,194.17,337.70,788.72,-1,-1,-1,-1
572,28,767.00,66.98,489.77,1020.06,-1,-1,-1,-1
573,9,1245.45,220.05,199.63,600.83,-1,-1,-1,-1
573,13,674.33,251.50,235.77,596.47,-1,-1,-1,-1
573,18,1510.45,100.38,299.88,956.18,-1,-1,-1,-1
573,24,297.31,185.77,337.60,809.76,-1,-1,-1,-1
574,9,1241.91,219.43,198.76,611.31,-1,-1,-1,-1
574,13,650.46,232.51,255.58,639.26,-1,-1,-1,-1
574,18,1531.71,106.42,282.38,947.75,-1,-1,-1,-1
574,24,289.92,183.80,327.90,806.33,-1,-1,-1,-1
574,28,915.29,60.85,513.62,1014.71,-1,-1,-1,-1
575,9,1231.27,222.94,197.14,606.35,-1,-1,-1,-1
575,13,624.94,225.94,279.30,656.75,-1,-1,-1,-1
575,18,1547.12,114.43,273.33,935.95,-1,-1,-1,-1
575,24,274.92,181.67,320.01,804.20,-1,-1,-1,-1
575,28,972.60,73.68,500.90,1002.92,-1,-1,-1,-1
576,9,1220.64,226.45,195.51,601.39,-1,-1,-1,-1
576,13,597.17,224.55,302.85,671.15,-1,-1,-1,-1
576,18,1549.39,118.46,277.41,932.25,-1,-1,-1,-1
576,24,250.48,169.61,316.42,833.47,-1,-1,-1,-1
576,28,1042.07,70.17,460.19,1005.41,-1,-1,-1,-1
577,9,1210.00,229.97,193.88,596.43,-1,-1,-1,-1
577,13,577.89,221.97,301.54,683.29,-1,-1,-1,-1
577,18,1549.84,114.77,275.17,946.50,-1,-1,-1,-1
577,24,229.18,150.69,312.63,885.55,-1,-1,-1,-1
577,28,1115.77,60.83,397.66,1015.03,-1,-1,-1,-1
578,9,1199.37,233.48,192.25,591.48,-1,-1,-1,-1
578,13,558.73,231.25,302.39,674.96,-1,-1,-1,-1
578,18,1543.34,127.74,284.67,924.82,-1,-1,-1,-1
578,24,207.95,156.82,325.53,886.52,-1,-1,-1,-1
578,28,1113.99,111.41,421.75,944.67,-1,-1,-1,-1
579,9,1106.77,219.98,234.55,604.36,-1,-1,-1,-1
579,13,545.11,235.65,307.39,672.42,-1,-1,-1,-1
579,18,1536.29,136.30,291.40,900.26,-1,-1,-1,-1
579,24,193.91,153.86,337.05,903.47,-1,-1,-1,-1
579,28,1195.82,142.46,346.98,909.43,-1,-1,-1,-1
580,9,1081.01,247.65,245.32,547.11,-1,-1,-1,-1
580,13,547.97,226.83,267.99,687.07,-1,-1,-1,-1
580,18,1539.73,146.95,288.68,879.78,-1,-1,-1,-1
580,24,174.86,146.47,366.80,919.40,-1,-1,-1,-1
580,28,1194.32,104.36,388.79,961.57,-1,-1,-1,-1
581,9,1056.64,233.46,264.22,562.41,-1,-1,-1,-1
581,13,533.73,223.89,253.77,687.87,-1,-1,-1,-1
581,18,1543.91,151.18,284.66,873.84,-1,-1,-1,-1
581,24,168.76,137.18,388.77,940.31,-1,-1,-1,-1
581,28,1176.50,94.11,449.74,982.67,-1,-1,-1,-1
582,9,1040.88,221.86,267.04,576.28,-1,-1,-1,-1
582,13,511.10,216.33,247.80,698.02,-1,-1,-1,-1
582,18,1547.75,158.71,278.00,852.76,-1,-1,-1,-1
582,24,171.21,129.01,379.98,951.14,-1,-1,-1,-1
582,28,1230.83,95.48,419.91,974.24,-1,-1,-1,-1
583,9,1040.29,232.47,233.17,559.32,-1,-1,-1,-1
583,13,481.48,212.83,259.41,701.87,-1,-1,-1,-1
583,18,1564.84,163.10,249.93,847.63,-1,-1,-1,-1
583,24,163.91,123.25,408.97,961.88,-1,-1,-1,-1
583,28,1270.02,119.47,405.31,948.40,-1,-1,-1,-1
584,9,1031.66,230.67,196.03,558.34,-1,-1,-1,-1
584,13,455.73,214.39,276.18,689.44,-1,-1,-1,-1
584,18,1570.53,169.86,233.62,832.57,-1,-1,-1,-1
584,24,166.67,131.30,427.53,951.31,-1,-1,-1,-1
584,28,1295.83,124.66,418.41,942.02,-1,-1,-1,-1
585,9,1019.82,231.71,172.61,554.34,-1,-1,-1,-1
585,13,443.90,216.98,288.03,678.03,-1,-1,-1,-1
585,18,1576.17,176.33,229.96,819.58,-1,-1,-1,-1
585,24,171.61,132.42,445.00,948.35,-1,-1,-1,-1
585,28,1305.54,113.57,461.67,953.17,-1,-1,-1,-1
586,9,994.60,235.04,170.51,553.92,-1,-1,-1,-1
586,13,436.84,221.20,309.06,669.51,-1,-1,-1,-1
586,18,1581.81,182.80,226.30,806.60,-1,-1,-1,-1
586,24,187.32,145.67,432.34,923.30,-1,-1,-1,-1
586,28,1322.60,125.01,465.54,928.69,-1,-1,-1,-1
587,9,963.86,232.23,192.17,558.99,-1,-1,-1,-1
587,13,430.51,222.29,318.96,670.42,-1,-1,-1,-1
587,18,1587.45,189.27,222.64,793.61,-1,-1,-1,-1
587,24,201.20,131.33,398.06,943.29,-1,-1,-1,-1
587,28,1337.51,120.83,445.57,914.36,-1,-1,-1,-1
588,9,927.76,224.24,221.19,566.18,-1,-1,-1,-1
588,13,445.08,213.55,298.99,687.04,-1,-1,-1,-1
588,18,1593.09,195.74,218.98,780.63,-1,-1,-1,-1
588,24,212.70,109.13,385.16,971.38,-1,-1,-1,-1
588,28,1327.02,103.47,467.31,931.43,-1,-1,-1,-1
589,9,888.28,233.00,261.53,553.84,-1,-1,-1,-1
589,13,452.18,215.73,278.16,687.30,-1,-1,-1,-1
589,24,200.09,105.00,464.79,960.31,-1,-1,-1,-1
589,28,1297.26,101.09,506.07,918.17,-1,-1,-1,-1
590,9,867.09,224.49,269.60,562.20,-1,-1,-1,-1
590,13,437.98,206.73,283.62,715.63,-1,-1,-1,-1
590,24,206.03,90.97,487.16,967.37,-1,-1,-1,-1
590,28,1263.68,96.00,527.57,917.40,-1,-1,-1,-1
591,9,862.31,225.35,260.15,556.99,-1,-1,-1,-1
591,13,426.97,200.60,289.34,730.08,-1,-1,-1,-1
591,24,220.46,76.35,471.72,980.47,-1,-1,-1,-1
591,28,1238.08,98.55,535.07,900.69,-1,-1,-1,-1
592,9,861.42,223.98,227.77,555.34,-1,-1,-1,-1
592,13,415.95,194.47,295.06,744.53,-1,-1,-1,-1
592,24,226.29,65.93,496.44,994.92,-1,-1,-1,-1
592,28,1226.20,103.29,510.42,905.14,-1,-1,-1,-1
593,9,843.66,223.27,227.16,553.86,-1,-1,-1,-1
593,13,404.94,188.34,300.78,758.98,-1,-1,-1,-1
593,24,233.48,55.76,502.03,1006.09,-1,-1,-1,-1
593,28,1223.23,116.41,480.00,895.47,-1,-1,-1,-1
594,9,825.89,222.55,226.56,552.39,-1,-1,-1,-1
594,13,393.92,182.21,306.50,773.43,-1,-1,-1,-1
594,24,240.68,45.60,507.63,1017.26,-1,-1,-1,-1
594,28,1247.76,128.79,412.98,883.57,-1,-1,-1,-1
595,9,808.13,221.84,225.96,550.92,-1,-1,-1,-1
595,24,247.87,35.43,513.23,1028.43,-1,-1,-1,-1
595,28,1270.45,145.98,363.80,849.56,-1,-1,-1,-1
596,9,794.20,199.34,215.12,588.52,-1,-1,-1,-1
596,24,255.07,25.27,518.82,1039.60,-1,-1,-1,-1
596,28,1278.98,149.45,337.28,834.27,-1,-1,-1,-1
597,9,774.40,193.33,218.21,597.00,-1,-1,-1,-1
597,13,255.66,228.05,264.81,611.72,-1,-1,-1,-1
597,28,1291.00,146.50,321.90,838.15,-1,-1,-1,-1
598,9,754.60,187.31,221.30,605.47,-1,-1,-1,-1
598,13,206.84,226.35,329.46,709.87,-1,-1,-1,-1
598,28,1295.30,134.05,314.97,859.46,-1,-1,-1,-1
599,9,734.80,181.30,224.39,613.94,-1,-1,-1,-1
599,13,170.58,209.09,387.28,785.59,-1,-1,-1,-1
599,28,1293.70,141.95,326.00,808.34,-1,-1,-1,-1
600,9,715.01,175.28,227.47,622.42,-1,-1,-1,-1
600,13,150.45,203.68,404.08,826.81,-1,-1,-1,-1
600,28,1295.55,144.64,327.19,766.40,-1,-1,-1,-1
601,13,151.64,202.83,413.00,842.00,-1,-1,-1,-1
601,18,1242.18,318.33,161.08,446.96,-1,-1,-1,-1
601,24,528.11,53.82,484.79,1001.21,-1,-1,-1,-1
601,28,1290.67,145.54,329.55,751.91,-1,-1,-1,-1
602,13,189.31,210.51,366.42,835.94,-1,-1,-1,-1
602,18,1231.70,239.33,170.03,554.31,-1,-1,-1,-1
602,24,584.65,27.29,455.75,1043.31,-1,-1,-1,-1
602,28,1262.63,140.90,349.90,771.75,-1,-1,-1,-1
603,13,230.24,209.78,322.08,841.57,-1,-1,-1,-1
603,18,1206.79,225.91,175.72,565.90,-1,-1,-1,-1
603,24,630.28,26.49,431.50,1042.65,-1,-1,-1,-1
603,28,1230.76,142.64,381.26,775.30,-1,-1,-1,-1
604,13,263.88,207.30,289.92,846.24,-1,-1,-1,-1
604,18,1171.73,216.99,217.76,570.62,-1,-1,-1,-1
604,24,660.47,24.78,428.73,1041.75,-1,-1,-1,-1
604,28,1261.93,158.90,333.15,739.61,-1,-1,-1,-1
605,9,639.85,231.50,156.53,574.66,-1,-1,-1,-1
605,13,293.94,204.16,270.72,848.92,-1,-1,-1,-1
605,18,1150.98,214.56,230.96,571.87,-1,-1,-1,-1
605,24,658.19,40.76,481.61,1022.08,-1,-1,-1,-1
605,28,1298.10,169.55,292.62,708.17,-1,-1,-1,-1
606,9,607.94,222.74,179.49,597.52,-1,-1,-1,-1
606,13,314.55,207.24,296.30,845.06,-1,-1,-1,-1
606,18,1137.63,215.81,226.26,562.62,-1,-1,-1,-1
606,24,703.26,45.08,456.39,1019.63,-1,-1,-1,-1
606,28,1318.68,172.03,272.13,694.79,-1,-1,-1,-1
607,9,580.48,224.06,189.83,591.43,-1,-1,-1,-1
607,13,329.56,198.37,345.09,867.70,-1,-1,-1,-1
607,18,1134.87,210.21,211.72,565.64,-1,-1,-1,-1
607,24,749.25,75.35,445.26,983.35,-1,-1,-1,-1
607,28,1323.50,169.98,272.60,690.03,-1,-1,-1,-1
608,9,559.89,225.55,189.96,591.89,-1,-1,-1,-1
608,13,346.50,199.42,371.18,875.00,-1,-1,-1,-1
608,18,1144.13,214.27,181.17,550.21,-1,-1,-1,-1
608,24,790.58,72.46,447.51,995.25,-1,-1,-1,-1
608,28,1285.96,164.59,319.20,686.31,-1,-1,-1,-1
609,9,539.30,227.04,190.09,592.35,-1,-1,-1,-1
609,13,358.93,201.24,393.95,874.43,-1,-1,-1,-1
609,18,1130.70,212.68,179.29,544.51,-1,-1,-1,-1
609,24,831.58,86.73,451.56,980.73,-1,-1,-1,-1
609,28,1257.85,164.66,350.33,676.95,-1,-1,-1,-1
610,9,518.70,228.53,190.22,592.81,-1,-1,-1,-1
610,13,363.83,207.04,401.23,863.00,-1,-1,-1,-1
610,18,1117.27,211.08,177.41,538.81,-1,-1,-1,-1
610,24,874.51,85.00,422.54,983.08,-1,-1,-1,-1
610,28,1236.40,163.24,359.91,683.42,-1,-1,-1,-1
611,9,498.11,230.01,190.35,593.26,-1,-1,-1,-1
611,13,374.00,194.17,382.74,881.97,-1,-1,-1,-1
611,18,1103.84,209.49,175.53,533.10,-1,-1,-1,-1
611,24,910.01,69.42,395.17,1006.88,-1,-1,-1,-1
611,28,1233.95,165.81,343.07,675.13,-1,-1,-1,-1
612,13,395.92,180.68,354.39,895.51,-1,-1,-1,-1
612,18,1090.41,207.90,173.64,527.40,-1,-1,-1,-1
612,24,947.73,72.47,373.62,1000.35,-1,-1,-1,-1
612,28,1237.56,168.63,319.40,665.31,-1,-1,-1,-1
613,13,419.74,184.25,331.79,893.36,-1,-1,-1,-1
613,24,971.06,63.58,388.54,1010.01,-1,-1,-1,-1
613,28,1256.10,179.18,282.46,650.17,-1,-1,-1,-1
614,13,433.48,170.34,331.70,912.57,-1,-1,-1,-1
614,24,989.85,58.24,437.24,1020.67,-1,-1,-1,-1
614,28,1282.40,175.34,236.57,658.60,-1,-1,-1,-1
615,13,425.24,165.80,368.95,914.87,-1,-1,-1,-1
615,18,983.99,221.43,168.95,548.20,-1,-1,-1,-1
615,24,1004.16,83.83,487.29,990.50,-1,-1,-1,-1
615,28,1299.65,176.42,200.35,647.87,-1,-1,-1,-1
616,9,375.86,208.59,171.19,661.23,-1,-1,-1,-1
616,13,414.48,160.28,399.70,918.22,-1,-1,-1,-1
616,18,960.03,220.70,162.62,548.52,-1,-1,-1,-1
616,24,1038.96,120.67,485.98,943.31,-1,-1,-1,-1
616,28,1297.22,177.59,198.48,641.90,-1,-1,-1,-1
617,9,351.14,206.04,173.58,670.58,-1,-1,-1,-1
617,13,393.79,161.15,442.14,913.16,-1,-1,-1,-1
617,18,923.46,217.29,183.92,568.64,-1,-1,-1,-1
617,24,1076.02,140.50,457.82,920.65,-1,-1,-1,-1
617,28,1294.79,178.76,196.62,635.92,-1,-1,-1,-1
618,9,330.95,203.97,192.07,695.72,-1,-1,-1,-1
618,13,380.55,158.10,463.24,911.56,-1,-1,-1,-1
618,18,879.00,220.05,212.73,570.86,-1,-1,-1,-1
618,24,1091.83,120.80,446.94,952.41,-1,-1,-1,-1
618,28,1292.36,179.92,194.76,629.95,-1,-1,-1,-1
619,9,313.16,199.91,208.43,714.14,-1,-1,-1,-1
619,13,373.90,160.18,474.55,906.97,-1,-1,-1,-1
619,18,839.82,221.92,240.06,577.49,-1,-1,-1,-1
619,24,1119.56,98.45,428.06,985.58,-1,-1,-1,-1
619,28,1289.93,181.09,192.90,623.97,-1,-1,-1,-1
620,9,302.31,199.29,211.94,712.31,-1,-1,-1,-1
620,13,381.90,164.13,461.98,903.19,-1,-1,-1,-1
620,18,808.68,225.20,263.39,580.32,-1,-1,-1,-1
620,24,1163.19,90.01,391.05,991.77,-1,-1,-1,-1
621,9,294.76,196.42,213.64,713.46,-1,-1,-1,-1
621,13,410.84,166.72,431.36,905.47,-1,-1,-1,-1
621,18,801.99,234.74,252.40,571.03,-1,-1,-1,-1
621,24,1185.77,80.58,380.44,996.94,-1,-1,-1,-1
622,9,285.56,196.11,213.76,704.70,-1,-1,-1,-1
622,13,415.78,157.59,446.99,911.43,-1,-1,-1,-1
622,18,800.10,246.81,232.56,549.71,-1,-1,-1,-1
622,24,1199.00,82.83,382.09,991.38,-1,-1,-1,-1
622,28,1192.40,223.60,146.24,549.92,-1,-1,-1,-1
623,9,268.73,198.01,237.28,715.58,-1,-1,-1,-1
623,13,424.58,144.15,481.26,930.33,-1,-1,-1,-1
623,18,796.36,248.52,211.43,537.83,-1,-1,-1,-1
623,24,1206.27,93.34,384.80,981.12,-1,-1,-1,-1
623,28,1167.21,216.86,173.56,566.26,-1,-1,-1,-1
624,9,251.57,193.74,253.19,744.10,-1,-1,-1,-1
624,13,436.72,132.26,510.56,939.38,-1,-1,-1,-1
624,18,782.82,251.69,215.51,477.16,-1,-1,-1,-1
624,24,1259.37,97.87,338.97,970.91,-1,-1,-1,-1
624,28,1142.28,213.58,211.85,579.09,-1,-1,-1,-1
625,9,230.53,195.82,270.49,761.76,-1,-1,-1,-1
625,13,448.21,127.73,531.97,942.47,-1,-1,-1,-1
625,18,777.31,249.51,212.49,449.82,-1,-1,-1,-1
625,24,1291.74,87.50,320.38,984.04,-1,-1,-1,-1
625,28,1139.22,216.91,211.75,577.75,-1,-1,-1,-1
626,9,213.01,191.43,281.81,789.91,-1,-1,-1,-1
626,13,469.82,121.24,541.65,952.51,-1,-1,-1,-1
626,18,769.20,258.59,197.98,419.08,-1,-1,-1,-1
626,24,1313.81,88.03,316.15,981.76,-1,-1,-1,-1
626,28,1128.65,214.12,215.07,580.36,-1,-1,-1,-1
627,9,195.32,191.00,296.48,810.05,-1,-1,-1,-1
627,13,506.08,118.47,515.48,957.21,-1,-1,-1,-1
627,18,761.10,267.67,183.46,388.33,-1,-1,-1,-1
627,24,1322.75,95.88,325.40,966.72,-1,-1,-1,-1
627,28,1113.92,224.07,214.71,565.44,-1,-1,-1,-1
628,9,155.84,189.06,337.31,820.48,-1,-1,-1,-1
628,13,564.88,107.59,489.65,972.05,-1,-1,-1,-1
628,18,753.00,276.76,168.95,357.58,-1,-1,-1,-1
628,24,1323.10,108.24,340.09,931.85,-1,-1,-1,-1
628,28,1057.80,213.69,277.23,572.50,-1,-1,-1,-1
629,9,120.83,185.60,368.15,835.25,-1,-1,-1,-1
629,13,622.72,124.87,457.50,950.63,-1,-1,-1,-1
629,18,744.90,285.84,154.43,326.84,-1,-1,-1,-1
629,24,1314.10,115.72,362.08,906.80,-1,-1,-1,-1
629,28,1032.64,206.54,303.81,580.43,-1,-1,-1,-1
630,9,103.51,177.48,367.59,851.06,-1,-1,-1,-1
630,13,672.52,158.88,446.70,909.44,-1,-1,-1,-1
630,18,629.06,222.44,233.28,602.27,-1,-1,-1,-1
630,24,1312.54,109.42,373.93,902.34,-1,-1,-1,-1
630,28,1010.06,202.97,324.36,577.16,-1,-1,-1,-1
631,9,106.07,170.82,342.15,857.89,-1,-1,-1,-1
631,13,762.49,141.97,427.47,930.89,-1,-1,-1,-1
631,18,601.13,215.06,256.80,629.89,-1,-1,-1,-1
631,24,1325.71,109.53,362.72,880.42,-1,-1,-1,-1
631,28,994.45,191.30,343.19,606.04,-1,-1,-1,-1
632,9,123.97,169.27,307.02,865.46,-1,-1,-1,-1
632,13,843.03,107.32,421.47,976.76,-1,-1,-1,-1
632,18,588.76,214.86,252.44,641.76,-1,-1,-1,-1
632,24,1344.62,103.06,346.04,884.85,-1,-1,-1,-1
632,28,978.35,183.59,350.73,619.32,-1,-1,-1,-1
633,9,137.05,163.98,299.75,880.22,-1,-1,-1,-1
633,13,916.64,90.97,357.82,988.38,-1,-1,-1,-1
633,18,584.02,213.92,233.49,643.61,-1,-1,-1,-1
633,24,1359.58,109.03,336.81,859.52,-1,-1,-1,-1
633,28,962.25,175.87,358.27,632.61,-1,-1,-1,-1
634,9,154.18,171.15,284.01,874.34,-1,-1,-1,-1
634,13,965.58,86.96,339.22,985.01,-1,-1,-1,-1
634,18,570.80,225.01,228.23,627.65,-1,-1,-1,-1
634,24,1369.54,115.07,331.75,841.04,-1,-1,-1,-1
634,28,946.15,168.16,365.81,645.89,-1,-1,-1,-1
635,9,164.03,176.57,280.71,865.71,-1,-1,-1,-1
635,13,975.36,115.77,389.06,948.56,-1,-1,-1,-1
635,18,556.86,227.39,222.09,622.30,-1,-1,-1,-1
635,24,1373.53,116.83,327.04,831.96,-1,-1,-1,-1
635,28,930.05,160.44,373.34,659.18,-1,-1,-1,-1
636,9,165.64,225.70,304.15,819.45,-1,-1,-1,-1
636,13,989.62,116.08,434.61,947.96,-1,-1,-1,-1
636,18,530.98,227.46,224.21,624.27,-1,-1,-1,-1
636,24,1371.56,119.48,324.51,842.32,-1,-1,-1,-1
637,9,179.13,200.34,316.36,863.75,-1,-1,-1,-1
637,13,1042.17,131.65,433.17,930.00,-1,-1,-1,-1
637,18,505.83,218.19,228.10,642.36,-1,-1,-1,-1
637,24,1373.77,127.95,314.76,839.52,-1,-1,-1,-1
637,28,905.84,208.39,213.01,578.45,-1,-1,-1,-1
638,9,213.03,197.20,284.40,880.26,-1,-1,-1,-1
638,13,1081.58,126.69,465.83,937.40,-1,-1,-1,-1
638,18,483.27,212.43,240.53,655.36,-1,-1,-1,-1
638,24,1389.83,127.61,280.67,847.06,-1,-1,-1,-1
638,28,867.97,198.48,217.65,598.31,-1,-1,-1,-1
639,9,243.39,215.23,270.91,858.67,-1,-1,-1,-1
639,13,1116.63,120.46,500.58,943.62,-1,-1,-1,-1
639,18,464.53,228.89,259.08,630.45,-1,-1,-1,-1
639,24,1393.29,127.06,281.31,849.00,-1,-1,-1,-1
639,28,840.09,198.63,224.43,586.34,-1,-1,-1,-1
640,9,274.57,194.02,261.01,887.94,-1,-1,-1,-1
640,13,1163.31,112.80,483.11,960.79,-1,-1,-1,-1
640,18,435.72,213.33,284.56,690.13,-1,-1,-1,-1
640,24,1396.76,126.50,281.94,850.94,-1,-1,-1,-1
640,28,824.03,197.85,221.72,582.53,-1,-1,-1,-1
641,9,299.70,177.36,327.24,895.50,-1,-1,-1,-1
641,13,1206.64,107.64,460.32,971.27,-1,-1,-1,-1
641,18,428.90,231.99,277.43,653.69,-1,-1,-1,-1
641,24,1400.22,125.95,282.57,852.88,-1,-1,-1,-1
641,28,816.75,200.96,211.13,577.40,-1,-1,-1,-1
642,9,337.58,155.71,327.73,920.40,-1,-1,-1,-1
642,13,1237.95,105.23,445.19,975.90,-1,-1,-1,-1
642,18,413.13,237.49,276.08,650.50,-1,-1,-1,-1
642,24,1403.68,125.39,283.21,854.82,-1,-1,-1,-1
642,28,804.28,212.29,218.48,565.30,-1,-1,-1,-1
643,9,362.32,140.04,327.14,939.18,-1,-1,-1,-1
643,13,1262.68,122.18,429.08,949.86,-1,-1,-1,-1
643,18,397.36,242.99,274.74,647.31,-1,-1,-1,-1
643,28,798.54,210.58,206.76,576.05,-1,-1,-1,-1
644,9,370.76,133.55,330.68,945.69,-1,-1,-1,-1
644,13,1298.12,130.23,390.36,930.68,-1,-1,-1,-1
644,18,381.60,248.49,273.39,644.12,-1,-1,-1,-1
644,28,785.40,206.37,181.62,585.94,-1,-1,-1,-1
645,9,367.71,143.86,353.88,923.02,-1,-1,-1,-1
645,13,1292.05,128.96,400.62,935.04,-1,-1,-1,-1
645,18,365.83,253.98,272.05,640.92,-1,-1,-1,-1
645,28,747.60,212.97,205.83,573.05,-1,-1,-1,-1
646,9,362.93,123.00,393.90,942.19,-1,-1,-1,-1
646,13,1300.00,128.82,393.58,941.31,-1,-1,-1,-1
646,24,1254.07,142.55,288.98,795.20,-1,-1,-1,-1
646,28,717.58,208.30,229.40,581.47,-1,-1,-1,-1
647,9,355.14,115.24,454.28,948.38,-1,-1,-1,-1
647,13,1323.77,134.11,367.93,940.08,-1,-1,-1,-1
647,18,328.38,251.74,204.97,621.70,-1,-1,-1,-1
647,24,1216.79,166.14,283.35,729.50,-1,-1,-1,-1
647,28,699.75,196.38,240.90,597.64,-1,-1,-1,-1
648,9,354.46,109.77,499.29,955.91,-1,-1,-1,-1
648,13,1340.79,152.32,353.21,916.52,-1,-1,-1,-1
648,18,317.45,239.25,196.60,667.57,-1,-1,-1,-1
648,24,1190.91,178.28,279.91,688.84,-1,-1,-1,-1
648,28,700.22,205.05,230.92,580.42,-1,-1,-1,-1
649,9,366.70,100.03,514.51,961.86,-1,-1,-1,-1
649,13,1356.36,152.11,343.82,919.60,-1,-1,-1,-1
649,18,306.57,212.19,197.20,708.60,-1,-1,-1,-1
649,24,1186.92,179.93,271.46,686.59,-1,-1,-1,-1
649,28,703.84,211.01,220.75,558.21,-1,-1,-1,-1