22,1,1.62,253.47,237.89,582.38,-1,-1,-1,-1
23,1,2.14,247.87,231.53,604.10,-1,-1,-1,-1
24,1,1.15,257.40,229.42,600.93,-1,-1,-1,-1
25,1,3.56,256.21,228.06,604.19,-1,-1,-1,-1
26,1,2.93,250.66,229.87,615.58,-1,-1,-1,-1
27,1,2.78,254.28,234.01,620.52,-1,-1,-1,-1
28,1,3.89,255.47,235.85,625.88,-1,-1,-1,-1
29,1,7.54,254.01,239.58,630.60,-1,-1,-1,-1
30,1,14.11,255.28,239.42,629.96,-1,-1,-1,-1
31,1,20.26,257.09,241.94,626.48,-1,-1,-1,-1
32,1,23.70,252.85,250.95,633.58,-1,-1,-1,-1
33,1,45.92,247.14,236.22,638.34,-1,-1,-1,-1
34,1,62.31,244.19,245.19,634.45,-1,-1,-1,-1
35,1,75.09,237.62,278.82,645.32,-1,-1,-1,-1
36,1,95.34,241.09,300.95,641.45,-1,-1,-1,-1
37,1,112.23,241.66,308.99,641.52,-1,-1,-1,-1
38,1,126.80,241.52,301.66,646.68,-1,-1,-1,-1
39,1,141.81,232.79,289.64,660.01,-1,-1,-1,-1
40,1,170.54,228.46,259.87,662.05,-1,-1,-1,-1
41,1,201.82,225.48,239.67,664.99,-1,-1,-1,-1
42,1,233.34,225.15,218.11,663.36,-1,-1,-1,-1
43,1,252.16,224.81,217.36,670.74,-1,-1,-1,-1
44,1,268.70,224.72,248.31,675.89,-1,-1,-1,-1
45,1,286.10,226.20,281.03,669.52,-1,-1,-1,-1
46,1,306.13,223.83,304.24,673.70,-1,-1,-1,-1
47,1,334.54,223.60,297.39,677.89,-1,-1,-1,-1
48,1,364.75,220.62,279.16,683.35,-1,-1,-1,-1
49,1,389.27,217.04,257.86,691.24,-1,-1,-1,-1
50,1,413.70,214.87,236.55,692.51,-1,-1,-1,-1
51,1,437.52,216.34,221.38,687.12,-1,-1,-1,-1
52,1,460.66,211.37,222.22,690.69,-1,-1,-1,-1
53,1,470.99,226.46,274.32,664.54,-1,-1,-1,-1
54,1,484.20,226.59,301.51,662.58,-1,-1,-1,-1
55,1,499.62,220.56,301.34,670.09,-1,-1,-1,-1
56,1,511.68,229.55,308.24,657.39,-1,-1,-1,-1
57,1,526.96,218.76,301.30,673.06,-1,-1,-1,-1
58,1,565.93,212.80,266.88,677.88,-1,-1,-1,-1
59,1,597.31,211.99,234.56,673.27,-1,-1,-1,-1
60,1,635.56,208.43,205.35,672.39,-1,-1,-1,-1
61,1,662.63,213.59,204.49,668.04,-1,-1,-1,-1
62,1,683.59,206.87,237.07,681.11,-1,-1,-1,-1
63,1,699.49,208.85,259.40,680.04,-1,-1,-1,-1
64,1,711.04,218.82,289.48,662.04,-1,-1,-1,-1
65,1,723.51,224.00,300.58,654.17,-1,-1,-1,-1
66,1,750.54,219.25,283.98,659.93,-1,-1,-1,-1
67,1,770.11,229.42,272.51,644.61,-1,-1,-1,-1
68,1,800.30,215.19,240.69,658.43,-1,-1,-1,-1
69,1,835.40,200.46,214.56,679.15,-1,-1,-1,-1
70,1,865.28,200.05,205.09,679.79,-1,-1,-1,-1
71,1,894.18,193.45,188.01,690.61,-1,-1,-1,-1
72,1,900.80,204.16,216.06,672.37,-1,-1,-1,-1
73,1,911.47,209.23,233.66,657.93,-1,-1,-1,-1
74,1,920.30,213.66,242.00,654.90,-1,-1,-1,-1
75,1,929.55,212.70,245.59,655.66,-1,-1,-1,-1
76,1,947.10,214.74,230.21,640.52,-1,-1,-1,-1
77,1,980.80,212.66,195.97,629.63,-1,-1,-1,-1
78,1,1007.47,207.50,171.25,628.07,-1,-1,-1,-1
79,1,1025.73,206.11,174.53,629.14,-1,-1,-1,-1
80,1,1042.02,202.37,189.50,635.61,-1,-1,-1,-1
81,1,1051.40,205.44,219.88,631.67,-1,-1,-1,-1
82,1,1065.90,212.67,229.60,621.98,-1,-1,-1,-1
83,1,1068.63,208.86,249.69,630.11,-1,-1,-1,-1
84,1,1080.70,209.25,242.90,633.19,-1,-1,-1,-1
85,1,1105.94,203.82,213.18,641.97,-1,-1,-1,-1
86,1,1134.51,213.46,182.24,621.84,-1,-1,-1,-1
87,1,1150.37,216.04,169.95,617.79,-1,-1,-1,-1
88,1,1162.46,208.78,170.25,628.73,-1,-1,-1,-1
89,1,1171.66,204.62,186.79,638.55,-1,-1,-1,-1
90,1,1176.26,208.48,219.29,643.77,-1,-1,-1,-1
91,1,1182.92,209.52,247.46,657.30,-1,-1,-1,-1
92,1,1191.17,208.62,264.10,662.83,-1,-1,-1,-1
93,1,1206.27,200.54,256.75,686.37,-1,-1,-1,-1
94,1,1214.59,198.47,258.46,700.30,-1,-1,-1,-1
95,1,1228.18,198.21,258.33,708.18,-1,-1,-1,-1
96,1,1238.39,195.48,258.10,710.25,-1,-1,-1,-1
97,1,1246.04,190.22,263.16,723.48,-1,-1,-1,-1
98,1,1257.60,184.36,261.92,740.06,-1,-1,-1,-1
99,1,1263.65,179.88,265.42,761.80,-1,-1,-1,-1
100,1,1270.19,175.24,263.37,789.94,-1,-1,-1,-1
101,1,1273.99,170.53,265.94,805.41,-1,-1,-1,-1
102,1,1275.07,173.15,267.32,815.78,-1,-1,-1,-1
103,1,1275.19,171.44,269.05,829.91,-1,-1,-1,-1
104,1,1273.86,170.36,277.95,840.56,-1,-1,-1,-1
105,1,1273.14,165.09,281.14,850.97,-1,-1,-1,-1
106,1,1271.79,169.36,286.38,843.38,-1,-1,-1,-1
107,1,1265.97,161.34,297.05,866.79,-1,-1,-1,-1
108,1,1267.83,153.31,295.87,894.85,-1,-1,-1,-1
109,1,1273.48,155.68,289.39,899.94,-1,-1,-1,-1
110,1,1278.85,157.96,279.93,898.77,-1,-1,-1,-1
111,1,1273.62,159.47,272.79,894.55,-1,-1,-1,-1
112,1,1276.42,156.32,258.52,896.58,-1,-1,-1,-1
113,1,1279.55,153.67,253.18,900.07,-1,-1,-1,-1
114,1,1283.60,160.82,234.50,883.07,-1,-1,-1,-1
115,1,1271.13,152.64,242.53,894.65,-1,-1,-1,-1
116,1,1267.60,148.44,241.41,908.39,-1,-1,-1,-1
117,1,1251.46,139.25,253.35,921.38,-1,-1,-1,-1
118,1,1229.26,135.87,273.76,935.07,-1,-1,-1,-1
119,1,1214.85,143.80,284.36,923.91,-1,-1,-1,-1
120,1,1205.03,147.96,287.82,915.05,-1,-1,-1,-1
121,1,1194.56,147.31,290.96,920.53,-1,-1,-1,-1
122,1,1185.20,161.34,283.59,898.89,-1,-1,-1,-1
123,1,1174.85,159.39,268.85,892.45,-1,-1,-1,-1
124,1,1162.07,159.62,260.52,866.59,-1,-1,-1,-1
125,1,1150.79,155.23,257.76,868.50,-1,-1,-1,-1
126,1,1139.08,149.64,256.66,870.51,-1,-1,-1,-1
127,1,1121.56,152.94,259.32,855.37,-1,-1,-1,-1
128,1,1103.55,161.20,264.96,842.87,-1,-1,-1,-1
129,1,1084.61,168.08,269.00,835.63,-1,-1,-1,-1
130,1,1073.43,172.98,269.76,826.09,-1,-1,-1,-1
131,1,1063.69,179.20,270.00,812.44,-1,-1,-1,-1
132,1,1052.23,177.56,264.04,809.96,-1,-1,-1,-1
133,1,1034.18,188.06,269.13,771.90,-1,-1,-1,-1
134,1,1024.74,186.30,251.46,752.02,-1,-1,-1,-1
135,1,1018.13,184.31,237.40,749.46,-1,-1,-1,-1
136,1,1005.01,190.98,236.60,737.75,-1,-1,-1,-1
137,1,995.48,195.11,236.10,732.57,-1,-1,-1,-1
138,1,985.84,189.56,233.50,741.98,-1,-1,-1,-1
138,3,6.65,234.15,174.10,587.53,-1,-1,-1,-1
139,1,981.29,189.97,229.81,738.93,-1,-1,-1,-1
139,3,6.94,235.35,190.82,581.85,-1,-1,-1,-1
140,1,976.76,198.30,227.90,724.74,-1,-1,-1,-1
140,3,8.00,238.99,225.49,573.63,-1,-1,-1,-1
141,1,973.72,207.07,225.73,704.58,-1,-1,-1,-1
141,3,17.37,247.35,259.05,561.36,-1,-1,-1,-1
142,1,974.01,209.97,218.37,678.32,-1,-1,-1,-1
142,3,29.99,245.77,268.46,565.52,-1,-1,-1,-1
143,1,970.47,212.58,213.63,658.06,-1,-1,-1,-1
143,3,49.01,243.94,265.27,568.54,-1,-1,-1,-1
144,1,969.99,208.90,208.20,654.69,-1,-1,-1,-1
144,3,65.15,245.26,256.73,566.29,-1,-1,-1,-1
145,1,964.94,209.14,203.88,649.81,-1,-1,-1,-1
145,3,87.92,233.90,235.24,582.90,-1,-1,-1,-1
146,1,955.52,212.34,204.44,639.56,-1,-1,-1,-1
146,3,106.05,226.77,220.59,591.91,-1,-1,-1,-1
147,1,945.53,217.04,212.18,628.70,-1,-1,-1,-1
147,3,123.63,224.24,211.61,591.58,-1,-1,-1,-1
148,1,939.04,219.48,217.41,624.96,-1,-1,-1,-1
148,3,136.45,228.21,214.76,583.79,-1,-1,-1,-1
149,1,937.24,226.70,217.05,612.84,-1,-1,-1,-1
149,3,155.46,235.84,227.14,568.87,-1,-1,-1,-1
150,1,932.49,231.25,217.00,598.70,-1,-1,-1,-1
150,3,175.99,226.44,254.85,584.67,-1,-1,-1,-1
151,1,928.28,231.02,197.98,589.88,-1,-1,-1,-1
151,3,193.33,226.68,262.32,585.39,-1,-1,-1,-1
152,1,921.65,228.75,181.68,591.52,-1,-1,-1,-1
152,3,211.53,225.23,259.40,589.10,-1,-1,-1,-1
153,1,911.41,220.12,170.62,604.39,-1,-1,-1,-1
153,3,231.08,227.41,253.00,586.28,-1,-1,-1,-1
154,1,898.25,214.25,167.24,611.20,-1,-1,-1,-1
154,3,255.15,230.64,232.78,576.28,-1,-1,-1,-1
155,1,877.40,216.10,188.50,608.95,-1,-1,-1,-1
155,3,283.09,223.89,204.45,580.01,-1,-1,-1,-1
156,1,860.75,217.59,203.73,603.13,-1,-1,-1,-1
156,3,299.58,225.95,201.30,568.55,-1,-1,-1,-1
157,1,847.56,221.16,216.79,597.13,-1,-1,-1,-1
157,3,313.57,226.75,201.21,566.75,-1,-1,-1,-1
158,1,835.15,220.74,225.85,600.21,-1,-1,-1,-1
158,3,326.55,231.74,219.85,569.39,-1,-1,-1,-1
159,1,820.91,223.36,235.24,596.31,-1,-1,-1,-1
159,3,341.87,228.47,255.19,575.25,-1,-1,-1,-1
160,1,810.13,226.59,238.06,591.14,-1,-1,-1,-1
160,3,362.81,225.54,267.05,578.30,-1,-1,-1,-1
161,1,802.57,225.08,232.71,591.23,-1,-1,-1,-1
161,3,378.00,224.36,267.42,580.13,-1,-1,-1,-1
162,1,792.99,229.67,223.88,583.56,-1,-1,-1,-1
162,3,398.76,230.03,249.49,575.76,-1,-1,-1,-1
163,1,784.93,226.90,210.76,588.77,-1,-1,-1,-1
163,3,425.15,233.56,221.10,565.49,-1,-1,-1,-1
164,1,771.74,234.83,201.19,577.32,-1,-1,-1,-1
164,3,454.88,226.97,197.62,573.87,-1,-1,-1,-1
165,1,758.39,226.51,196.49,600.07,-1,-1,-1,-1
165,3,473.89,233.03,187.41,560.82,-1,-1,-1,-1
166,1,742.60,224.16,201.54,609.82,-1,-1,-1,-1
166,3,493.09,226.26,187.58,573.83,-1,-1,-1,-1
167,1,713.21,224.66,224.45,613.28,-1,-1,-1,-1
167,3,508.16,225.86,203.28,570.49,-1,-1,-1,-1
168,1,694.76,237.41,239.01,600.79,-1,-1,-1,-1
168,3,528.55,213.24,213.12,598.52,-1,-1,-1,-1
169,1,683.46,247.36,245.61,588.50,-1,-1,-1,-1
169,3,535.93,212.48,227.27,607.48,-1,-1,-1,-1
170,1,652.00,238.20,247.45,603.76,-1,-1,-1,-1
170,3,535.77,224.03,244.36,590.04,-1,-1,-1,-1
171,1,599.85,233.96,285.28,609.43,-1,-1,-1,-1
171,3,553.12,225.12,243.96,589.06,-1,-1,-1,-1
172,1,586.53,224.67,274.60,625.49,-1,-1,-1,-1
172,3,570.48,226.21,243.57,588.09,-1,-1,-1,-1
173,1,594.99,223.41,241.22,634.18,-1,-1,-1,-1
173,3,587.83,227.29,243.17,587.12,-1,-1,-1,-1
174,1,599.95,222.34,215.83,635.87,-1,-1,-1,-1
174,3,605.18,228.38,242.77,586.15,-1,-1,-1,-1
175,1,597.07,224.52,215.12,644.87,-1,-1,-1,-1
175,3,690.80,229.39,142.82,556.61,-1,-1,-1,-1
176,1,589.39,224.74,227.48,646.73,-1,-1,-1,-1
176,3,703.64,231.42,145.24,563.88,-1,-1,-1,-1
177,1,569.19,231.12,235.65,632.78,-1,-1,-1,-1
177,3,702.54,229.50,181.75,562.63,-1,-1,-1,-1
178,1,560.06,235.22,223.91,625.83,-1,-1,-1,-1
178,3,708.36,220.53,214.94,577.09,-1,-1,-1,-1
179,1,550.22,246.64,205.13,599.00,-1,-1,-1,-1
179,3,714.13,213.14,227.65,587.73,-1,-1,-1,-1
180,1,538.19,253.11,199.67,588.61,-1,-1,-1,-1
180,3,714.57,209.45,234.13,596.31,-1,-1,-1,-1
181,1,528.20,256.40,201.14,581.24,-1,-1,-1,-1
181,3,743.76,212.46,205.81,583.93,-1,-1,-1,-1
182,1,515.95,238.02,206.15,611.05,-1,-1,-1,-1
182,3,783.60,216.98,168.59,567.67,-1,-1,-1,-1
183,1,509.04,238.47,207.49,614.78,-1,-1,-1,-1
183,3,810.66,212.05,166.98,572.72,-1,-1,-1,-1
184,1,496.84,233.38,212.45,616.46,-1,-1,-1,-1
184,3,838.67,205.61,165.18,581.33,-1,-1,-1,-1
185,1,493.35,240.89,206.99,601.98,-1,-1,-1,-1
185,3,847.24,212.43,185.92,568.47,-1,-1,-1,-1
186,1,492.34,235.92,199.74,610.42,-1,-1,-1,-1
186,3,864.52,214.20,205.53,568.39,-1,-1,-1,-1
187,1,488.11,241.77,197.89,601.03,-1,-1,-1,-1
187,3,869.87,221.99,227.29,552.63,-1,-1,-1,-1
188,1,485.95,246.61,177.75,591.34,-1,-1,-1,-1
188,3,888.54,226.63,219.83,537.47,-1,-1,-1,-1
189,1,481.12,246.63,170.18,597.27,-1,-1,-1,-1
189,3,913.49,224.79,199.27,538.35,-1,-1,-1,-1
190,1,472.44,242.35,164.09,600.21,-1,-1,-1,-1
190,3,932.10,219.21,186.02,538.93,-1,-1,-1,-1
191,1,461.45,240.72,167.28,608.49,-1,-1,-1,-1
191,3,947.15,214.99,175.00,548.13,-1,-1,-1,-1
192,1,448.93,238.07,172.97,612.34,-1,-1,-1,-1
192,3,970.07,208.26,164.63,558.48,-1,-1,-1,-1
193,1,431.82,236.82,186.03,616.48,-1,-1,-1,-1
193,3,986.07,203.90,167.76,560.96,-1,-1,-1,-1
194,1,418.30,233.52,195.32,625.20,-1,-1,-1,-1
194,3,1001.19,201.25,171.37,572.62,-1,-1,-1,-1
195,1,401.83,232.34,211.67,634.11,-1,-1,-1,-1
195,3,1005.27,212.27,207.49,553.01,-1,-1,-1,-1
196,1,379.43,235.60,233.80,636.97,-1,-1,-1,-1
196,3,1017.50,208.15,218.67,558.82,-1,-1,-1,-1
197,1,355.79,215.25,249.28,679.59,-1,-1,-1,-1
197,3,1019.58,209.29,239.08,560.27,-1,-1,-1,-1
198,1,337.75,216.41,264.66,681.35,-1,-1,-1,-1
198,3,1026.14,206.49,239.97,565.28,-1,-1,-1,-1
199,1,326.22,211.21,261.75,694.01,-1,-1,-1,-1
199,3,1050.78,210.12,216.48,561.58,-1,-1,-1,-1
200,1,313.81,212.02,266.79,696.70,-1,-1,-1,-1
200,3,1085.84,210.48,181.26,561.65,-1,-1,-1,-1
201,1,305.67,211.38,263.93,710.38,-1,-1,-1,-1
201,3,1109.04,209.29,171.03,562.36,-1,-1,-1,-1
202,1,299.47,209.28,264.42,731.37,-1,-1,-1,-1
202,3,1128.67,192.31,179.89,587.52,-1,-1,-1,-1
203,1,296.10,211.22,264.58,748.54,-1,-1,-1,-1
203,3,1142.01,182.75,209.06,599.10,-1,-1,-1,-1
204,1,292.91,209.84,267.40,761.37,-1,-1,-1,-1
204,3,1150.52,184.54,246.66,598.77,-1,-1,-1,-1
205,1,290.23,212.77,275.13,763.64,-1,-1,-1,-1
205,3,1161.19,194.65,260.06,588.18,-1,-1,-1,-1
206,1,287.77,209.39,282.19,774.45,-1,-1,-1,-1
206,3,1173.48,186.04,260.82,605.32,-1,-1,-1,-1
207,1,284.85,205.28,289.04,777.67,-1,-1,-1,-1
207,3,1190.32,194.43,249.08,597.40,-1,-1,-1,-1
208,1,282.64,202.87,294.39,779.48,-1,-1,-1,-1
208,3,1207.83,194.64,232.44,590.73,-1,-1,-1,-1
209,1,281.05,193.23,294.30,801.82,-1,-1,-1,-1
209,3,1227.77,195.75,217.17,594.07,-1,-1,-1,-1
210,1,279.05,184.55,295.25,835.35,-1,-1,-1,-1
210,3,1246.19,194.15,212.31,596.13,-1,-1,-1,-1
211,1,271.73,183.32,302.45,860.39,-1,-1,-1,-1
211,3,1257.74,197.85,229.67,596.31,-1,-1,-1,-1
212,1,263.65,182.20,306.64,867.47,-1,-1,-1,-1
212,3,1262.25,195.15,267.07,602.99,-1,-1,-1,-1
213,1,256.78,182.88,308.96,868.46,-1,-1,-1,-1
213,3,1269.75,192.26,279.80,612.03,-1,-1,-1,-1
214,1,244.50,188.75,314.69,854.07,-1,-1,-1,-1
214,3,1281.76,189.06,297.80,620.99,-1,-1,-1,-1
215,1,229.77,187.06,323.72,860.05,-1,-1,-1,-1
215,3,1298.73,189.37,295.06,626.09,-1,-1,-1,-1
216,1,218.79,177.80,330.50,881.65,-1,-1,-1,-1
216,3,1318.14,198.02,277.59,619.27,-1,-1,-1,-1
217,1,212.40,170.48,326.65,897.40,-1,-1,-1,-1
217,3,1335.43,203.29,256.51,611.57,-1,-1,-1,-1
218,1,206.80,163.36,335.47,912.83,-1,-1,-1,-1
218,3,1346.50,201.49,249.10,614.38,-1,-1,-1,-1
219,1,206.48,163.54,339.93,912.06,-1,-1,-1,-1
219,3,1349.48,191.47,249.94,632.51,-1,-1,-1,-1
220,1,207.63,164.04,343.41,915.55,-1,-1,-1,-1
220,3,1353.00,181.13,251.20,652.17,-1,-1,-1,-1
221,1,218.67,163.75,336.62,917.61,-1,-1,-1,-1
221,3,1357.00,172.45,254.97,671.66,-1,-1,-1,-1
222,1,236.72,164.71,323.02,914.45,-1,-1,-1,-1
222,3,1354.88,165.21,261.57,689.01,-1,-1,-1,-1
223,1,258.43,163.53,311.63,912.09,-1,-1,-1,-1
223,3,1341.46,162.61,281.44,700.09,-1,-1,-1,-1
224,1,280.29,157.91,294.51,918.97,-1,-1,-1,-1
224,3,1329.56,161.93,297.72,715.28,-1,-1,-1,-1
225,1,297.30,163.58,299.19,906.69,-1,-1,-1,-1
225,3,1318.75,164.08,316.15,721.54,-1,-1,-1,-1
226,1,326.36,148.18,281.14,919.47,-1,-1,-1,-1
226,3,1319.15,164.55,308.74,727.07,-1,-1,-1,-1
227,1,345.45,147.58,279.01,914.63,-1,-1,-1,-1
227,3,1324.33,166.95,299.49,725.98,-1,-1,-1,-1
228,1,362.62,152.91,287.88,903.66,-1,-1,-1,-1
228,3,1345.47,171.15,266.82,716.65,-1,-1,-1,-1
229,1,381.65,152.18,281.87,896.05,-1,-1,-1,-1
229,3,1360.54,169.03,234.64,715.25,-1,-1,-1,-1
230,1,401.59,138.07,275.56,919.69,-1,-1,-1,-1
230,3,1349.20,164.81,237.70,720.45,-1,-1,-1,-1
231,1,425.42,152.49,274.94,902.48,-1,-1,-1,-1
231,3,1320.41,164.59,267.46,721.53,-1,-1,-1,-1
232,1,441.84,148.21,286.85,912.72,-1,-1,-1,-1
232,3,1298.56,163.91,287.64,725.18,-1,-1,-1,-1
233,1,454.42,157.03,285.97,910.08,-1,-1,-1,-1
233,3,1294.00,166.35,274.39,729.26,-1,-1,-1,-1
234,1,476.45,136.50,289.63,937.63,-1,-1,-1,-1
234,3,1280.92,169.59,279.66,722.25,-1,-1,-1,-1
235,1,505.61,131.69,298.44,935.97,-1,-1,-1,-1
235,3,1271.34,169.91,265.50,720.86,-1,-1,-1,-1
236,1,529.40,121.03,314.53,955.47,-1,-1,-1,-1
236,3,1260.31,160.63,250.62,732.67,-1,-1,-1,-1
237,1,559.93,118.42,321.67,961.40,-1,-1,-1,-1
237,3,1239.70,162.02,238.61,731.94,-1,-1,-1,-1
238,1,583.38,132.57,324.78,934.45,-1,-1,-1,-1
238,3,1227.21,166.99,219.71,721.69,-1,-1,-1,-1
239,1,609.37,141.31,321.79,920.40,-1,-1,-1,-1
239,3,1201.59,159.71,218.50,736.80,-1,-1,-1,-1
240,1,638.74,131.79,317.78,937.64,-1,-1,-1,-1
240,3,1161.59,159.62,244.18,737.30,-1,-1,-1,-1
241,1,666.62,138.72,318.72,926.61,-1,-1,-1,-1
241,3,1128.94,165.98,276.46,728.41,-1,-1,-1,-1
242,1,713.46,134.75,298.38,927.93,-1,-1,-1,-1
242,3,1105.97,167.55,282.86,730.03,-1,-1,-1,-1
243,1,744.36,104.90,287.88,971.89,-1,-1,-1,-1
243,3,1103.97,173.48,281.50,725.89,-1,-1,-1,-1
244,1,770.79,124.46,298.55,942.69,-1,-1,-1,-1
244,3,1096.15,171.41,274.67,727.31,-1,-1,-1,-1
245,1,798.65,124.59,324.22,942.59,-1,-1,-1,-1
245,3,1082.43,166.55,249.42,738.27,-1,-1,-1,-1
246,1,822.07,129.64,350.78,937.08,-1,-1,-1,-1
246,3,1074.65,168.10,205.69,734.24,-1,-1,-1,-1
247,1,848.99,136.66,361.95,927.32,-1,-1,-1,-1
247,3,1051.89,153.62,190.97,767.75,-1,-1,-1,-1
248,1,871.31,139.89,351.36,921.14,-1,-1,-1,-1
248,3,1044.98,162.40,177.29,754.74,-1,-1,-1,-1
249,1,891.47,165.32,364.87,901.78,-1,-1,-1,-1
249,3,1025.66,161.95,177.99,757.82,-1,-1,-1,-1
250,1,903.43,158.65,373.42,911.72,-1,-1,-1,-1
250,3,1006.34,161.49,178.70,760.90,-1,-1,-1,-1
251,1,919.17,162.66,363.99,907.81,-1,-1,-1,-1
251,3,987.03,161.03,179.40,763.98,-1,-1,-1,-1
251,4,9.59,254.37,233.30,569.43,-1,-1,-1,-1
252,1,913.99,148.93,383.55,929.88,-1,-1,-1,-1
252,3,967.71,160.57,180.11,767.06,-1,-1,-1,-1
252,4,8.51,247.95,235.55,579.11,-1,-1,-1,-1
253,1,903.68,157.23,401.29,919.81,-1,-1,-1,-1
253,4,8.41,242.93,237.81,588.83,-1,-1,-1,-1
254,1,904.47,156.59,402.55,919.23,-1,-1,-1,-1
254,3,895.02,181.92,167.65,704.99,-1,-1,-1,-1
254,4,12.58,245.45,231.40,582.26,-1,-1,-1,-1
255,1,900.08,154.94,405.12,919.57,-1,-1,-1,-1
255,3,874.20,192.34,160.74,693.01,-1,-1,-1,-1
255,4,19.40,252.24,228.10,568.75,-1,-1,-1,-1
256,1,949.62,160.71,341.42,913.80,-1,-1,-1,-1
256,3,834.88,173.63,192.74,729.35,-1,-1,-1,-1
256,4,33.01,254.11,213.09,561.05,-1,-1,-1,-1
257,1,976.59,157.32,304.55,921.18,-1,-1,-1,-1
257,3,797.52,176.43,219.81,730.20,-1,-1,-1,-1
257,4,44.72,248.25,204.34,574.74,-1,-1,-1,-1
258,1,980.41,151.95,298.39,928.98,-1,-1,-1,-1
258,3,765.63,175.93,240.34,731.70,-1,-1,-1,-1
258,4,57.47,249.17,201.35,580.14,-1,-1,-1,-1
259,1,980.98,155.41,291.57,923.53,-1,-1,-1,-1
259,3,729.25,180.67,268.86,724.79,-1,-1,-1,-1
259,4,66.73,246.17,225.20,582.61,-1,-1,-1,-1
260,1,970.02,162.70,296.89,904.02,-1,-1,-1,-1
260,3,706.38,188.90,285.76,717.78,-1,-1,-1,-1
260,4,81.71,244.98,243.50,585.44,-1,-1,-1,-1
261,1,958.69,164.35,295.31,881.94,-1,-1,-1,-1
261,3,694.07,178.03,284.03,738.29,-1,-1,-1,-1
261,4,99.54,251.01,244.88,576.86,-1,-1,-1,-1
262,1,950.08,170.14,291.56,861.67,-1,-1,-1,-1
262,3,685.14,171.15,265.35,756.93,-1,-1,-1,-1
262,4,112.59,248.30,244.64,582.43,-1,-1,-1,-1
263,1,943.41,173.21,272.71,844.99,-1,-1,-1,-1
263,3,670.65,182.42,239.96,741.83,-1,-1,-1,-1
263,4,129.96,243.84,234.63,587.32,-1,-1,-1,-1
264,1,938.30,174.27,258.87,816.90,-1,-1,-1,-1
264,3,655.13,168.07,214.39,756.15,-1,-1,-1,-1
264,4,143.30,238.20,222.95,595.34,-1,-1,-1,-1
265,1,930.12,174.98,252.96,799.47,-1,-1,-1,-1
265,3,629.98,169.36,210.15,761.21,-1,-1,-1,-1
265,4,159.92,233.91,213.29,596.71,-1,-1,-1,-1
266,1,922.68,170.22,249.58,816.50,-1,-1,-1,-1
266,3,592.38,171.51,232.65,763.11,-1,-1,-1,-1
266,4,175.09,236.42,212.84,583.78,-1,-1,-1,-1
267,1,917.97,174.19,245.80,814.25,-1,-1,-1,-1
267,3,538.52,180.37,280.53,741.26,-1,-1,-1,-1
267,4,194.09,236.99,210.12,588.15,-1,-1,-1,-1
268,1,913.66,183.96,241.40,801.89,-1,-1,-1,-1
268,3,505.07,178.48,307.23,744.88,-1,-1,-1,-1
268,4,211.32,235.66,219.99,590.80,-1,-1,-1,-1
269,1,910.85,192.63,237.18,791.82,-1,-1,-1,-1
269,3,481.40,180.15,323.04,748.82,-1,-1,-1,-1
269,4,224.97,234.78,227.50,592.15,-1,-1,-1,-1
270,1,911.39,187.13,225.94,814.78,-1,-1,-1,-1
270,3,469.88,185.19,325.25,746.15,-1,-1,-1,-1
270,4,233.34,227.86,264.70,601.58,-1,-1,-1,-1
271,1,910.30,186.55,217.80,808.26,-1,-1,-1,-1
271,3,462.02,181.52,298.89,750.23,-1,-1,-1,-1
271,4,251.50,229.16,261.56,600.59,-1,-1,-1,-1
272,1,906.23,191.09,214.78,781.77,-1,-1,-1,-1
272,3,451.35,179.65,267.53,747.88,-1,-1,-1,-1
272,4,267.56,230.54,247.84,598.36,-1,-1,-1,-1
273,1,901.85,193.95,214.10,751.59,-1,-1,-1,-1
273,3,429.58,175.33,252.75,742.23,-1,-1,-1,-1
273,4,284.06,230.31,228.94,603.73,-1,-1,-1,-1
274,1,897.67,193.10,210.67,733.91,-1,-1,-1,-1
274,3,351.43,173.65,322.61,755.86,-1,-1,-1,-1
274,4,297.73,229.10,229.88,606.22,-1,-1,-1,-1
275,1,892.31,195.51,211.47,719.51,-1,-1,-1,-1
275,3,321.62,173.75,358.26,753.30,-1,-1,-1,-1
275,4,311.40,227.88,230.83,608.71,-1,-1,-1,-1
276,1,887.06,198.19,208.45,704.88,-1,-1,-1,-1
276,3,277.60,168.18,398.19,773.77,-1,-1,-1,-1
276,4,325.07,226.67,231.77,611.19,-1,-1,-1,-1
277,1,880.83,197.50,212.78,700.04,-1,-1,-1,-1
277,3,244.50,169.65,402.01,793.74,-1,-1,-1,-1
277,4,338.74,225.46,232.71,613.68,-1,-1,-1,-1
278,1,875.72,202.42,216.77,690.43,-1,-1,-1,-1
278,3,224.53,165.98,410.64,804.98,-1,-1,-1,-1
279,1,866.41,210.25,231.29,672.09,-1,-1,-1,-1
279,3,218.63,170.00,390.92,810.55,-1,-1,-1,-1
280,1,860.91,210.33,237.57,670.16,-1,-1,-1,-1
280,3,223.22,171.71,355.94,808.00,-1,-1,-1,-1
281,1,851.23,215.64,244.08,655.76,-1,-1,-1,-1
281,3,227.62,175.61,337.50,812.92,-1,-1,-1,-1
281,4,423.28,212.94,249.33,611.91,-1,-1,-1,-1
282,1,845.07,216.46,221.87,650.43,-1,-1,-1,-1
282,3,220.07,169.51,315.15,828.94,-1,-1,-1,-1
282,4,434.43,223.50,248.95,594.10,-1,-1,-1,-1
283,1,833.33,212.77,206.30,648.52,-1,-1,-1,-1
283,3,205.99,160.86,311.49,851.79,-1,-1,-1,-1
283,4,447.76,224.41,239.77,589.83,-1,-1,-1,-1
284,1,820.74,207.89,199.91,647.83,-1,-1,-1,-1
284,3,191.54,153.41,314.45,869.31,-1,-1,-1,-1
284,4,453.97,229.45,243.01,586.27,-1,-1,-1,-1
285,1,806.04,207.17,205.85,645.85,-1,-1,-1,-1
285,3,171.72,154.06,330.15,885.31,-1,-1,-1,-1
285,4,475.58,229.25,221.49,589.02,-1,-1,-1,-1
286,1,776.74,212.17,233.85,639.93,-1,-1,-1,-1
286,3,151.34,143.75,341.34,909.39,-1,-1,-1,-1
286,4,504.39,226.99,197.50,594.31,-1,-1,-1,-1
287,1,753.00,221.66,251.10,628.68,-1,-1,-1,-1
287,3,130.46,142.39,348.74,913.20,-1,-1,-1,-1
287,4,529.13,226.83,182.60,588.40,-1,-1,-1,-1
288,1,738.75,229.71,252.46,623.53,-1,-1,-1,-1
288,3,109.20,163.73,352.91,886.01,-1,-1,-1,-1
288,4,550.14,227.16,178.92,588.76,-1,-1,-1,-1
289,1,726.42,220.30,254.13,633.87,-1,-1,-1,-1
289,3,76.76,148.02,375.31,917.16,-1,-1,-1,-1
289,4,562.97,226.33,185.58,586.44,-1,-1,-1,-1
290,1,716.11,219.64,249.13,637.13,-1,-1,-1,-1
290,3,57.83,137.90,383.93,935.79,-1,-1,-1,-1
290,4,576.82,221.17,184.82,595.96,-1,-1,-1,-1
291,1,712.87,220.05,220.36,630.19,-1,-1,-1,-1
291,3,25.32,127.58,403.89,949.10,-1,-1,-1,-1
291,4,584.65,232.61,203.43,580.34,-1,-1,-1,-1
292,1,630.57,218.79,278.13,625.90,-1,-1,-1,-1
292,3,2.86,119.42,422.18,958.36,-1,-1,-1,-1
292,4,601.06,235.02,201.78,575.62,-1,-1,-1,-1
293,1,604.01,221.95,271.92,627.89,-1,-1,-1,-1
293,3,-6.65,116.21,419.80,958.64,-1,-1,-1,-1
293,4,617.47,237.43,200.13,570.90,-1,-1,-1,-1
294,1,599.39,223.33,263.45,642.70,-1,-1,-1,-1
294,3,-11.87,107.86,415.94,968.49,-1,-1,-1,-1
294,4,633.88,239.84,198.47,566.19,-1,-1,-1,-1
295,1,609.42,217.52,241.21,655.68,-1,-1,-1,-1
295,3,-13.37,99.54,404.58,978.69,-1,-1,-1,-1
295,4,650.29,242.25,196.82,561.47,-1,-1,-1,-1
296,1,606.68,219.80,245.94,666.87,-1,-1,-1,-1
296,3,-15.06,96.64,407.74,980.86,-1,-1,-1,-1
297,1,608.60,225.49,243.32,653.81,-1,-1,-1,-1
297,3,-8.39,90.42,409.42,982.79,-1,-1,-1,-1
298,1,595.80,224.15,253.33,665.09,-1,-1,-1,-1
298,3,-1.49,90.29,414.04,977.72,-1,-1,-1,-1
298,4,723.67,229.97,170.12,574.49,-1,-1,-1,-1
299,1,583.83,218.91,242.27,675.97,-1,-1,-1,-1
299,3,21.34,89.98,410.37,972.90,-1,-1,-1,-1
299,4,744.30,233.79,187.53,573.87,-1,-1,-1,-1
300,1,573.96,213.85,206.45,681.64,-1,-1,-1,-1
300,3,51.98,82.39,399.01,976.74,-1,-1,-1,-1
300,4,755.46,230.96,205.26,571.83,-1,-1,-1,-1
301,1,559.08,211.05,198.16,686.49,-1,-1,-1,-1
301,3,65.90,78.08,408.21,983.17,-1,-1,-1,-1
301,4,774.01,232.90,196.20,566.44,-1,-1,-1,-1
302,1,543.75,208.17,197.83,695.81,-1,-1,-1,-1
302,3,84.92,64.71,410.18,1003.66,-1,-1,-1,-1
302,4,778.50,229.48,204.90,579.77,-1,-1,-1,-1
303,1,519.93,217.28,210.93,676.64,-1,-1,-1,-1
303,3,116.53,57.43,398.51,1010.20,-1,-1,-1,-1
303,4,788.54,220.59,202.13,591.21,-1,-1,-1,-1
304,1,491.92,212.65,233.48,692.27,-1,-1,-1,-1
304,3,154.22,53.75,375.36,1010.63,-1,-1,-1,-1
304,4,805.14,214.97,191.25,603.10,-1,-1,-1,-1
305,1,478.51,198.74,244.91,718.09,-1,-1,-1,-1
305,3,188.05,59.61,400.27,1003.67,-1,-1,-1,-1
305,4,824.60,217.89,178.91,597.51,-1,-1,-1,-1
306,1,491.14,228.15,223.36,680.80,-1,-1,-1,-1
306,3,224.89,57.16,429.52,1003.63,-1,-1,-1,-1
306,4,843.13,224.15,172.10,571.32,-1,-1,-1,-1
307,1,480.27,234.21,220.84,673.15,-1,-1,-1,-1
307,3,268.39,41.43,424.07,1030.49,-1,-1,-1,-1
307,4,858.05,226.17,174.89,563.49,-1,-1,-1,-1
308,1,469.39,240.28,218.32,665.50,-1,-1,-1,-1
308,3,305.36,40.95,403.37,1035.82,-1,-1,-1,-1
308,4,869.86,222.61,183.95,578.48,-1,-1,-1,-1
309,1,458.51,246.35,215.80,657.84,-1,-1,-1,-1
309,3,343.98,52.02,396.08,1016.85,-1,-1,-1,-1
309,4,877.54,222.79,206.88,573.20,-1,-1,-1,-1
310,1,447.64,252.41,213.27,650.19,-1,-1,-1,-1
310,3,391.43,114.31,390.11,945.08,-1,-1,-1,-1
310,4,892.01,222.92,221.84,581.02,-1,-1,-1,-1
311,3,422.58,153.20,400.28,901.34,-1,-1,-1,-1
311,4,901.64,224.99,224.18,579.98,-1,-1,-1,-1
312,1,389.57,225.97,176.48,722.07,-1,-1,-1,-1
312,3,435.05,107.75,425.45,959.81,-1,-1,-1,-1
312,4,910.07,219.17,229.09,599.90,-1,-1,-1,-1
313,1,367.78,208.65,199.43,749.63,-1,-1,-1,-1
313,3,478.45,124.00,424.81,934.62,-1,-1,-1,-1
313,4,916.89,218.52,230.77,609.16,-1,-1,-1,-1
314,1,347.88,221.63,221.41,731.37,-1,-1,-1,-1
314,3,544.38,151.38,400.11,905.46,-1,-1,-1,-1
314,4,923.83,226.48,229.70,603.74,-1,-1,-1,-1
315,1,342.58,223.78,225.19,726.15,-1,-1,-1,-1
315,3,594.67,230.83,397.63,817.56,-1,-1,-1,-1
315,4,949.49,227.48,203.54,591.32,-1,-1,-1,-1
316,1,326.09,222.20,242.06,730.91,-1,-1,-1,-1
316,3,655.14,176.85,354.31,883.63,-1,-1,-1,-1
316,4,968.81,215.92,189.75,608.54,-1,-1,-1,-1
317,1,315.90,220.19,251.63,733.80,-1,-1,-1,-1
317,3,697.22,136.31,317.36,922.89,-1,-1,-1,-1
317,4,980.26,214.71,186.94,609.09,-1,-1,-1,-1
318,1,298.72,217.59,268.69,739.34,-1,-1,-1,-1
318,3,734.85,87.81,308.71,980.98,-1,-1,-1,-1
318,4,989.08,202.71,190.07,631.83,-1,-1,-1,-1
319,1,289.24,212.33,285.84,748.45,-1,-1,-1,-1
319,3,768.59,62.46,314.84,995.92,-1,-1,-1,-1
319,4,1002.10,203.89,189.51,640.93,-1,-1,-1,-1
320,1,289.23,209.41,297.17,751.13,-1,-1,-1,-1
320,3,800.92,89.69,355.02,962.38,-1,-1,-1,-1
320,4,1011.41,197.27,194.81,665.86,-1,-1,-1,-1
321,1,296.04,212.28,300.68,744.76,-1,-1,-1,-1
321,3,826.93,93.22,375.71,959.08,-1,-1,-1,-1
321,4,1019.62,188.72,218.63,697.66,-1,-1,-1,-1
322,1,318.66,219.56,284.56,731.51,-1,-1,-1,-1
322,3,854.02,66.98,392.14,996.75,-1,-1,-1,-1
322,4,1047.17,187.96,201.23,708.12,-1,-1,-1,-1
323,1,337.50,222.11,272.30,725.37,-1,-1,-1,-1
323,3,870.31,69.13,407.85,989.68,-1,-1,-1,-1
323,4,1069.15,190.68,188.17,692.33,-1,-1,-1,-1
324,1,352.80,220.70,265.02,723.53,-1,-1,-1,-1
324,3,899.46,55.93,393.92,1005.67,-1,-1,-1,-1
324,4,1082.81,190.25,189.24,696.31,-1,-1,-1,-1
325,1,358.73,228.51,269.28,706.57,-1,-1,-1,-1
325,3,958.70,31.21,343.19,1037.51,-1,-1,-1,-1
325,4,1096.48,189.81,190.31,700.30,-1,-1,-1,-1
326,1,369.49,224.87,258.19,707.73,-1,-1,-1,-1
326,3,994.46,34.24,332.64,1024.86,-1,-1,-1,-1
326,4,1110.14,189.37,191.39,704.28,-1,-1,-1,-1
327,1,378.49,223.42,252.30,705.43,-1,-1,-1,-1
327,3,1025.33,18.61,334.53,1047.59,-1,-1,-1,-1
327,4,1123.80,188.94,192.46,708.27,-1,-1,-1,-1
328,1,388.14,218.76,248.37,702.33,-1,-1,-1,-1
328,3,1072.65,30.84,341.75,1022.10,-1,-1,-1,-1
329,1,425.15,224.43,215.58,690.61,-1,-1,-1,-1
329,3,1116.56,19.55,377.85,1028.22,-1,-1,-1,-1
330,1,461.41,219.20,188.30,698.24,-1,-1,-1,-1
330,3,1144.79,32.43,464.93,1015.37,-1,-1,-1,-1
331,1,484.91,222.57,192.70,690.05,-1,-1,-1,-1
331,3,1189.82,32.30,462.70,1010.42,-1,-1,-1,-1
332,1,496.73,228.12,230.30,673.92,-1,-1,-1,-1
332,3,1197.64,94.45,533.82,948.73,-1,-1,-1,-1
333,1,506.67,226.58,252.57,675.13,-1,-1,-1,-1
333,3,1227.76,136.35,469.24,904.81,-1,-1,-1,-1
333,4,1191.81,193.80,155.21,644.96,-1,-1,-1,-1
334,1,513.83,231.53,269.95,666.60,-1,-1,-1,-1
334,3,1244.78,139.48,430.87,893.61,-1,-1,-1,-1
334,4,1193.41,185.60,174.68,691.15,-1,-1,-1,-1
335,1,529.57,228.23,262.13,671.18,-1,-1,-1,-1
335,3,1257.04,96.13,435.08,959.59,-1,-1,-1,-1
335,4,1202.71,167.39,188.57,740.31,-1,-1,-1,-1
336,1,542.77,225.89,253.06,670.61,-1,-1,-1,-1
336,3,1275.72,81.34,428.85,979.55,-1,-1,-1,-1
336,4,1209.55,154.83,196.12,782.60,-1,-1,-1,-1
337,1,579.03,224.39,218.94,663.07,-1,-1,-1,-1
337,3,1291.97,67.44,433.61,993.29,-1,-1,-1,-1
337,4,1220.84,147.85,203.56,813.02,-1,-1,-1,-1
338,1,609.47,232.38,197.09,630.72,-1,-1,-1,-1
338,3,1310.57,65.85,431.15,996.76,-1,-1,-1,-1
338,4,1227.17,143.66,221.24,850.00,-1,-1,-1,-1
339,1,638.57,226.26,188.35,633.09,-1,-1,-1,-1
339,3,1332.47,60.31,441.79,1005.09,-1,-1,-1,-1
339,4,1233.67,146.08,239.42,866.64,-1,-1,-1,-1
340,1,665.18,227.14,189.26,624.35,-1,-1,-1,-1
340,3,1398.41,52.82,401.43,1014.37,-1,-1,-1,-1
340,4,1239.73,146.84,250.21,884.71,-1,-1,-1,-1
341,1,676.20,229.16,227.49,616.82,-1,-1,-1,-1
341,3,1435.38,51.92,401.96,1023.26,-1,-1,-1,-1
341,4,1242.10,155.76,264.84,893.51,-1,-1,-1,-1
342,1,687.57,220.94,245.50,626.23,-1,-1,-1,-1
342,3,1469.79,78.31,396.71,987.89,-1,-1,-1,-1
342,4,1245.82,157.31,282.45,893.17,-1,-1,-1,-1
343,1,697.43,230.25,251.89,614.55,-1,-1,-1,-1
343,3,1498.73,87.14,401.45,985.02,-1,-1,-1,-1
343,4,1251.76,151.40,289.52,906.31,-1,-1,-1,-1
344,1,711.09,231.45,239.21,610.79,-1,-1,-1,-1
344,3,1533.35,69.37,383.64,1002.67,-1,-1,-1,-1
344,4,1248.66,151.28,297.14,896.38,-1,-1,-1,-1
345,1,737.13,228.30,216.96,608.96,-1,-1,-1,-1
345,3,1561.71,67.82,385.05,1006.35,-1,-1,-1,-1
345,4,1246.68,145.28,301.63,898.83,-1,-1,-1,-1
346,1,751.55,227.80,208.39,601.87,-1,-1,-1,-1
346,3,1590.07,66.26,386.47,1010.02,-1,-1,-1,-1
346,4,1244.76,140.17,304.87,901.43,-1,-1,-1,-1
347,1,776.30,218.02,186.92,612.44,-1,-1,-1,-1
347,3,1618.42,64.71,387.88,1013.69,-1,-1,-1,-1
347,4,1246.29,130.19,309.36,926.47,-1,-1,-1,-1
348,1,802.33,212.14,171.82,625.78,-1,-1,-1,-1
348,3,1598.49,62.81,346.18,1007.05,-1,-1,-1,-1
348,4,1245.47,131.00,317.70,928.38,-1,-1,-1,-1
349,1,820.37,221.83,172.90,608.49,-1,-1,-1,-1
349,3,1601.15,81.55,333.34,981.30,-1,-1,-1,-1
349,4,1245.23,117.40,321.23,953.66,-1,-1,-1,-1
350,1,840.45,226.92,166.82,601.23,-1,-1,-1,-1
350,3,1610.72,94.42,323.11,963.00,-1,-1,-1,-1
350,4,1245.32,119.55,332.77,955.04,-1,-1,-1,-1
351,1,848.93,227.31,178.12,596.85,-1,-1,-1,-1
351,3,1616.14,92.51,311.07,963.02,-1,-1,-1,-1
351,4,1249.29,135.72,340.57,924.86,-1,-1,-1,-1
352,1,856.25,236.19,186.73,580.10,-1,-1,-1,-1
352,3,1615.63,94.74,314.73,956.22,-1,-1,-1,-1
352,4,1258.59,125.37,347.51,940.26,-1,-1,-1,-1
353,1,869.25,229.83,180.54,588.18,-1,-1,-1,-1
353,3,1621.99,94.05,307.44,959.01,-1,-1,-1,-1
353,4,1265.96,110.24,355.99,966.88,-1,-1,-1,-1
354,1,892.25,231.97,154.55,567.99,-1,-1,-1,-1
354,3,1620.48,94.06,309.62,961.15,-1,-1,-1,-1
354,4,1267.30,92.87,366.85,989.67,-1,-1,-1,-1
355,1,910.26,233.96,142.92,556.14,-1,-1,-1,-1
355,3,1620.65,88.64,303.48,968.68,-1,-1,-1,-1
355,4,1270.80,83.77,370.07,998.69,-1,-1,-1,-1
356,1,922.95,231.26,142.30,558.56,-1,-1,-1,-1
356,3,1617.58,101.33,298.54,929.58,-1,-1,-1,-1
356,4,1272.34,79.42,372.26,1000.35,-1,-1,-1,-1
357,1,927.78,230.72,166.04,555.54,-1,-1,-1,-1
357,3,1609.11,104.52,293.06,918.14,-1,-1,-1,-1
357,4,1275.57,77.38,362.91,1002.04,-1,-1,-1,-1
358,1,934.13,231.44,183.52,555.12,-1,-1,-1,-1
358,3,1595.95,106.25,293.19,900.22,-1,-1,-1,-1
358,4,1272.97,72.62,351.62,1007.92,-1,-1,-1,-1
359,1,936.24,246.36,197.04,536.49,-1,-1,-1,-1
359,3,1581.33,115.08,294.95,875.59,-1,-1,-1,-1
359,4,1263.80,87.36,347.57,981.20,-1,-1,-1,-1
360,1,935.28,238.89,210.55,549.06,-1,-1,-1,-1
360,3,1568.71,110.39,296.71,886.65,-1,-1,-1,-1
360,4,1256.63,75.11,332.14,1000.46,-1,-1,-1,-1
361,1,940.81,233.59,212.55,561.56,-1,-1,-1,-1
361,3,1565.08,124.86,288.22,877.98,-1,-1,-1,-1
361,4,1237.98,71.97,323.43,997.96,-1,-1,-1,-1
362,1,949.93,229.63,205.66,567.79,-1,-1,-1,-1
362,3,1565.73,114.32,259.89,889.89,-1,-1,-1,-1
362,4,1220.34,72.05,320.79,996.85,-1,-1,-1,-1
363,1,969.53,224.24,189.50,574.66,-1,-1,-1,-1
363,3,1557.29,115.71,240.24,882.95,-1,-1,-1,-1
363,4,1203.86,70.73,307.22,993.00,-1,-1,-1,-1
364,1,998.18,226.61,159.67,575.25,-1,-1,-1,-1
364,3,1531.15,124.58,246.11,860.81,-1,-1,-1,-1
364,4,1192.29,73.25,293.06,988.54,-1,-1,-1,-1
365,1,1021.70,223.92,144.29,576.28,-1,-1,-1,-1
365,3,1502.40,129.80,242.17,844.34,-1,-1,-1,-1
365,4,1172.69,78.94,283.69,980.73,-1,-1,-1,-1
366,1,1038.98,229.38,144.99,568.24,-1,-1,-1,-1
366,3,1449.70,144.32,287.26,817.14,-1,-1,-1,-1
366,4,1128.10,81.32,298.79,970.25,-1,-1,-1,-1
367,1,1047.96,233.13,143.10,564.28,-1,-1,-1,-1
367,3,1420.25,134.46,302.16,831.85,-1,-1,-1,-1
367,4,1095.47,78.70,307.64,981.50,-1,-1,-1,-1
368,1,1060.26,234.52,142.38,561.56,-1,-1,-1,-1
368,3,1395.85,139.44,330.62,823.43,-1,-1,-1,-1
368,4,1062.59,83.98,328.75,980.08,-1,-1,-1,-1
369,1,1072.56,235.90,141.67,558.84,-1,-1,-1,-1
369,3,1367.77,137.29,339.71,828.42,-1,-1,-1,-1
369,4,1040.84,79.80,327.84,987.65,-1,-1,-1,-1
370,1,1084.85,237.28,140.95,556.13,-1,-1,-1,-1
370,3,1356.97,130.02,321.39,839.25,-1,-1,-1,-1
370,4,1006.23,91.94,356.02,973.73,-1,-1,-1,-1
371,1,1097.15,238.66,140.24,553.41,-1,-1,-1,-1
371,3,1356.01,123.09,279.22,855.29,-1,-1,-1,-1
371,4,978.59,92.21,363.62,976.46,-1,-1,-1,-1
372,3,1347.75,133.42,241.59,828.92,-1,-1,-1,-1
372,4,940.43,120.20,370.80,939.97,-1,-1,-1,-1
373,1,1135.52,217.97,154.42,586.96,-1,-1,-1,-1
373,3,1322.89,132.83,233.06,829.72,-1,-1,-1,-1
373,4,897.73,94.31,388.98,972.51,-1,-1,-1,-1
374,1,1148.41,224.43,148.22,569.36,-1,-1,-1,-1
374,3,1299.78,140.46,236.25,816.68,-1,-1,-1,-1
374,4,876.85,75.54,373.00,996.31,-1,-1,-1,-1
375,1,1164.99,231.00,135.21,554.41,-1,-1,-1,-1
375,3,1245.75,139.60,277.46,814.57,-1,-1,-1,-1
375,4,857.58,82.62,341.70,989.59,-1,-1,-1,-1
376,1,1178.28,225.44,130.96,563.54,-1,-1,-1,-1
376,3,1194.58,144.68,320.52,815.45,-1,-1,-1,-1
376,4,830.74,81.26,304.27,988.43,-1,-1,-1,-1
377,1,1191.37,225.20,130.71,562.60,-1,-1,-1,-1
377,3,1168.44,154.16,334.43,805.38,-1,-1,-1,-1
377,4,800.77,78.80,280.34,988.33,-1,-1,-1,-1
378,1,1204.46,224.95,130.46,561.67,-1,-1,-1,-1
378,3,1155.46,157.40,337.45,800.16,-1,-1,-1,-1
378,4,760.64,79.47,294.31,981.68,-1,-1,-1,-1
379,1,1217.55,224.71,130.21,560.73,-1,-1,-1,-1
379,3,1152.61,153.23,326.26,804.00,-1,-1,-1,-1
379,4,736.69,82.61,291.46,970.90,-1,-1,-1,-1
380,1,1230.64,224.46,129.96,559.79,-1,-1,-1,-1
380,3,1153.56,147.98,280.83,807.01,-1,-1,-1,-1
380,4,699.12,81.81,299.29,984.66,-1,-1,-1,-1
381,3,1136.02,139.41,275.71,813.35,-1,-1,-1,-1
381,4,663.69,100.82,321.20,956.74,-1,-1,-1,-1
382,3,1105.21,149.02,292.84,801.06,-1,-1,-1,-1
382,4,635.91,95.91,305.44,974.54,-1,-1,-1,-1
383,1,1246.07,207.18,161.52,615.59,-1,-1,-1,-1
383,3,1066.83,149.24,294.56,798.84,-1,-1,-1,-1
383,4,599.80,104.54,309.51,961.87,-1,-1,-1,-1
384,1,1248.59,206.39,172.20,611.93,-1,-1,-1,-1
384,3,1021.87,145.94,315.59,809.08,-1,-1,-1,-1
384,4,563.90,104.29,308.28,957.18,-1,-1,-1,-1
385,1,1245.46,209.70,183.25,612.59,-1,-1,-1,-1
385,3,982.69,146.56,339.87,812.04,-1,-1,-1,-1
385,4,536.28,99.93,300.43,962.35,-1,-1,-1,-1
386,1,1243.62,208.50,204.10,627.42,-1,-1,-1,-1
386,3,961.39,147.85,344.40,817.18,-1,-1,-1,-1
386,4,498.25,108.87,289.63,944.98,-1,-1,-1,-1
387,1,1245.51,211.74,226.48,637.17,-1,-1,-1,-1
387,3,944.73,149.16,342.08,827.81,-1,-1,-1,-1
387,4,458.25,111.36,289.83,934.97,-1,-1,-1,-1
388,1,1253.18,212.64,227.60,650.27,-1,-1,-1,-1
388,3,948.47,140.84,293.71,852.22,-1,-1,-1,-1
388,4,420.70,88.23,301.82,980.01,-1,-1,-1,-1
389,1,1262.55,217.42,217.86,655.63,-1,-1,-1,-1
389,3,942.84,138.32,243.61,850.14,-1,-1,-1,-1
389,4,384.27,91.28,318.71,978.91,-1,-1,-1,-1
390,1,1271.74,213.94,214.95,669.25,-1,-1,-1,-1
390,3,916.97,150.01,224.79,818.89,-1,-1,-1,-1
390,4,355.17,103.96,333.35,955.06,-1,-1,-1,-1
391,1,1278.10,209.61,217.50,677.04,-1,-1,-1,-1
391,3,895.18,136.50,219.40,856.27,-1,-1,-1,-1
391,4,337.11,104.84,341.71,956.41,-1,-1,-1,-1
392,1,1279.45,204.72,232.55,684.47,-1,-1,-1,-1
392,3,850.58,145.15,248.66,837.63,-1,-1,-1,-1
392,4,299.77,103.39,366.86,965.93,-1,-1,-1,-1
393,1,1280.86,203.21,251.29,685.82,-1,-1,-1,-1
393,3,807.31,139.60,274.74,841.86,-1,-1,-1,-1
393,4,256.30,111.48,393.30,955.44,-1,-1,-1,-1
394,1,1283.74,199.16,265.78,692.77,-1,-1,-1,-1
394,3,765.69,142.52,306.28,837.09,-1,-1,-1,-1
394,4,221.67,113.03,403.11,951.61,-1,-1,-1,-1
395,1,1291.30,195.29,272.37,710.51,-1,-1,-1,-1
395,3,739.39,153.39,326.53,826.47,-1,-1,-1,-1
395,4,185.96,119.79,424.64,942.22,-1,-1,-1,-1
396,1,1297.61,188.87,280.91,735.76,-1,-1,-1,-1
396,3,724.42,164.07,334.04,813.11,-1,-1,-1,-1
396,4,157.02,119.12,410.03,947.93,-1,-1,-1,-1
397,1,1301.05,185.43,291.38,754.19,-1,-1,-1,-1
397,3,731.85,160.74,283.87,826.97,-1,-1,-1,-1
397,4,118.39,113.06,398.78,958.68,-1,-1,-1,-1
398,1,1307.77,178.21,288.96,786.91,-1,-1,-1,-1
398,3,723.43,161.94,244.27,824.53,-1,-1,-1,-1
398,4,74.63,120.92,402.34,944.19,-1,-1,-1,-1
399,1,1311.74,177.16,287.46,798.28,-1,-1,-1,-1
399,3,701.64,172.00,227.75,807.29,-1,-1,-1,-1
399,4,50.99,138.66,390.29,914.38,-1,-1,-1,-1
400,1,1316.47,176.76,278.72,805.81,-1,-1,-1,-1
400,3,682.68,171.29,216.19,805.94,-1,-1,-1,-1
400,4,25.46,133.15,398.30,928.84,-1,-1,-1,-1
401,1,1315.69,176.76,275.14,812.66,-1,-1,-1,-1
401,3,656.90,161.71,229.08,828.19,-1,-1,-1,-1
401,4,23.11,128.78,379.93,944.53,-1,-1,-1,-1
402,1,1314.21,174.72,276.10,814.39,-1,-1,-1,-1
402,3,597.53,162.95,286.45,832.65,-1,-1,-1,-1
402,4,5.52,137.33,386.06,934.76,-1,-1,-1,-1
403,1,1311.79,164.34,277.92,826.64,-1,-1,-1,-1
403,3,562.58,165.45,314.16,830.85,-1,-1,-1,-1
403,4,2.24,144.37,372.86,924.94,-1,-1,-1,-1
404,1,1309.74,161.63,284.48,838.60,-1,-1,-1,-1
404,3,559.71,161.07,289.75,836.51,-1,-1,-1,-1
404,4,-6.11,143.21,371.22,927.06,-1,-1,-1,-1
405,1,1308.59,155.10,288.78,865.56,-1,-1,-1,-1
405,3,542.27,157.98,301.10,844.17,-1,-1,-1,-1
405,4,-11.21,145.85,365.99,923.84,-1,-1,-1,-1
406,1,1307.49,152.87,296.13,874.82,-1,-1,-1,-1
406,3,529.79,160.13,288.37,842.81,-1,-1,-1,-1
406,4,-14.17,147.48,361.33,919.54,-1,-1,-1,-1
407,1,1310.74,149.89,300.73,885.85,-1,-1,-1,-1
407,3,513.28,169.23,260.80,822.87,-1,-1,-1,-1
407,4,-15.35,145.57,355.40,923.63,-1,-1,-1,-1
408,1,1314.52,146.47,302.13,896.53,-1,-1,-1,-1
408,3,478.14,167.07,256.51,827.92,-1,-1,-1,-1
408,4,-11.30,148.62,341.01,926.31,-1,-1,-1,-1
409,1,1310.00,145.39,314.73,905.95,-1,-1,-1,-1
409,3,440.30,171.22,271.40,828.04,-1,-1,-1,-1
409,4,-11.76,153.40,331.72,920.29,-1,-1,-1,-1
410,1,1311.10,143.36,310.66,907.94,-1,-1,-1,-1
410,3,406.34,179.74,296.24,814.98,-1,-1,-1,-1
410,4,-11.28,165.30,325.13,902.32,-1,-1,-1,-1
411,1,1305.70,147.83,306.85,896.11,-1,-1,-1,-1
411,3,378.75,184.08,315.80,808.58,-1,-1,-1,-1
411,4,-9.14,177.48,313.43,883.80,-1,-1,-1,-1
412,1,1289.01,145.57,312.33,904.17,-1,-1,-1,-1
412,3,360.40,187.89,317.86,801.84,-1,-1,-1,-1
412,4,-7.36,184.69,304.80,875.49,-1,-1,-1,-1
413,1,1255.79,143.92,338.80,912.62,-1,-1,-1,-1
413,3,347.50,193.41,315.47,788.54,-1,-1,-1,-1
413,4,-7.19,176.19,297.96,887.78,-1,-1,-1,-1
414,1,1226.33,135.79,357.24,926.18,-1,-1,-1,-1
414,3,338.05,194.10,308.92,775.21,-1,-1,-1,-1
414,4,-6.30,185.28,286.89,867.58,-1,-1,-1,-1
415,1,1222.12,136.23,344.83,932.67,-1,-1,-1,-1
415,3,330.24,191.55,302.08,767.80,-1,-1,-1,-1
415,4,-6.56,177.49,285.98,877.68,-1,-1,-1,-1
416,1,1206.84,139.50,349.61,931.11,-1,-1,-1,-1
416,3,322.82,190.25,302.53,760.32,-1,-1,-1,-1
416,4,-6.55,175.86,285.26,880.23,-1,-1,-1,-1
417,1,1199.19,126.60,347.03,949.72,-1,-1,-1,-1
417,3,320.68,191.05,292.21,750.13,-1,-1,-1,-1
417,4,-6.26,172.79,285.34,884.85,-1,-1,-1,-1
418,1,1195.97,133.13,328.25,934.61,-1,-1,-1,-1
418,3,324.06,193.13,278.04,741.49,-1,-1,-1,-1
418,4,-5.38,177.44,283.68,871.60,-1,-1,-1,-1
419,1,1196.08,142.04,296.35,916.71,-1,-1,-1,-1
419,3,326.43,191.74,269.11,740.15,-1,-1,-1,-1
419,4,-4.11,183.32,280.43,864.11,-1,-1,-1,-1
420,1,1173.65,135.04,285.12,923.75,-1,-1,-1,-1
420,3,325.85,200.04,267.49,721.85,-1,-1,-1,-1
420,4,-1.60,192.86,269.24,839.25,-1,-1,-1,-1
421,1,1160.48,140.80,247.39,912.33,-1,-1,-1,-1
421,3,324.91,209.05,265.21,695.29,-1,-1,-1,-1
421,4,-1.95,186.90,269.05,859.29,-1,-1,-1,-1
422,1,1128.02,149.29,245.13,906.64,-1,-1,-1,-1
422,3,333.81,201.87,243.78,699.80,-1,-1,-1,-1
422,4,-0.98,200.88,266.72,822.77,-1,-1,-1,-1
423,1,1099.67,157.88,256.34,896.99,-1,-1,-1,-1
423,3,336.11,198.14,240.73,704.29,-1,-1,-1,-1
423,4,-0.95,206.49,266.86,808.74,-1,-1,-1,-1
424,1,1048.07,156.80,301.73,906.64,-1,-1,-1,-1
424,3,344.35,194.18,226.17,700.22,-1,-1,-1,-1
424,4,-1.03,206.74,267.60,809.46,-1,-1,-1,-1
425,1,1021.29,161.47,316.97,899.20,-1,-1,-1,-1
425,3,352.95,196.38,214.36,689.82,-1,-1,-1,-1
425,4,2.61,207.12,263.27,802.28,-1,-1,-1,-1
426,1,998.55,162.04,331.72,898.72,-1,-1,-1,-1
426,3,365.10,195.56,202.91,685.83,-1,-1,-1,-1
426,4,7.96,204.64,258.07,800.68,-1,-1,-1,-1
427,1,984.59,160.32,332.10,901.51,-1,-1,-1,-1
427,3,378.86,202.96,198.80,666.03,-1,-1,-1,-1
427,4,9.95,201.84,268.23,790.39,-1,-1,-1,-1
428,1,974.56,158.26,327.23,906.22,-1,-1,-1,-1
428,3,388.99,200.61,199.48,665.75,-1,-1,-1,-1
428,4,8.91,197.50,288.02,786.82,-1,-1,-1,-1
429,1,982.05,147.53,274.92,907.35,-1,-1,-1,-1
429,3,400.70,204.00,203.52,651.11,-1,-1,-1,-1
429,4,14.68,193.42,293.75,782.72,-1,-1,-1,-1
430,1,969.16,139.11,261.79,912.01,-1,-1,-1,-1
430,3,412.44,206.40,204.96,647.59,-1,-1,-1,-1
430,4,19.60,189.63,298.66,778.62,-1,-1,-1,-1
431,1,946.98,135.08,267.20,925.28,-1,-1,-1,-1
431,3,427.10,213.60,197.78,629.87,-1,-1,-1,-1
431,4,30.06,189.30,300.90,776.66,-1,-1,-1,-1
432,1,919.46,132.43,288.39,937.60,-1,-1,-1,-1
432,3,443.49,216.99,187.31,613.98,-1,-1,-1,-1
432,4,43.67,186.14,282.34,777.59,-1,-1,-1,-1
433,1,904.52,136.89,301.34,932.88,-1,-1,-1,-1
433,3,454.48,214.59,182.26,611.78,-1,-1,-1,-1
433,4,48.33,186.21,274.06,776.16,-1,-1,-1,-1
434,1,884.58,134.06,323.93,936.23,-1,-1,-1,-1
434,3,476.76,206.77,174.29,618.74,-1,-1,-1,-1
434,4,50.15,187.44,265.37,778.04,-1,-1,-1,-1
435,1,893.20,136.94,301.30,933.71,-1,-1,-1,-1
435,3,500.40,216.64,179.38,601.36,-1,-1,-1,-1
435,4,51.34,192.33,269.26,771.81,-1,-1,-1,-1
436,1,900.50,136.72,287.19,936.37,-1,-1,-1,-1
436,3,518.33,214.17,188.99,600.27,-1,-1,-1,-1
436,4,50.04,196.04,277.37,771.90,-1,-1,-1,-1
437,1,909.12,153.38,275.60,895.55,-1,-1,-1,-1
437,3,528.97,221.60,213.57,586.40,-1,-1,-1,-1
437,4,51.78,193.73,279.66,776.71,-1,-1,-1,-1
438,1,915.26,159.30,274.69,878.34,-1,-1,-1,-1
438,3,535.35,226.35,228.23,581.41,-1,-1,-1,-1
438,4,51.99,194.81,284.00,778.12,-1,-1,-1,-1
439,1,928.81,163.39,274.59,875.83,-1,-1,-1,-1
439,3,551.12,220.28,224.45,595.72,-1,-1,-1,-1
439,4,54.80,199.73,287.99,768.67,-1,-1,-1,-1
440,1,938.39,162.53,281.83,879.02,-1,-1,-1,-1
440,3,559.43,217.06,226.72,595.43,-1,-1,-1,-1
440,4,59.94,198.05,289.35,775.11,-1,-1,-1,-1
441,1,950.62,163.37,281.04,877.38,-1,-1,-1,-1
441,3,584.97,216.25,206.41,587.95,-1,-1,-1,-1
441,4,66.45,200.29,290.03,775.23,-1,-1,-1,-1
442,1,961.42,159.16,276.52,896.87,-1,-1,-1,-1
442,3,619.51,221.83,175.40,572.46,-1,-1,-1,-1
442,4,70.78,195.40,293.17,794.99,-1,-1,-1,-1
443,1,961.85,157.04,288.29,911.49,-1,-1,-1,-1
443,3,641.58,221.70,160.25,567.70,-1,-1,-1,-1
443,4,74.18,194.76,296.05,803.28,-1,-1,-1,-1
444,1,963.63,161.28,289.14,904.98,-1,-1,-1,-1
444,3,657.77,225.28,168.71,564.11,-1,-1,-1,-1
444,4,87.53,193.52,291.88,815.51,-1,-1,-1,-1
445,1,963.69,157.03,289.93,915.25,-1,-1,-1,-1
445,3,676.64,222.22,169.84,568.40,-1,-1,-1,-1
445,4,96.54,190.92,290.41,824.81,-1,-1,-1,-1
446,1,958.81,155.38,290.42,913.65,-1,-1,-1,-1
446,3,679.58,225.44,200.32,560.70,-1,-1,-1,-1
446,4,106.68,189.30,285.95,830.73,-1,-1,-1,-1
447,1,952.74,159.29,290.17,903.23,-1,-1,-1,-1
447,3,687.16,221.97,222.74,566.94,-1,-1,-1,-1
447,4,115.21,188.74,280.78,831.78,-1,-1,-1,-1
448,1,937.79,162.80,294.55,899.75,-1,-1,-1,-1
448,3,695.50,221.91,241.01,565.82,-1,-1,-1,-1
448,4,126.85,192.77,271.42,827.34,-1,-1,-1,-1
449,1,922.96,168.76,297.74,893.36,-1,-1,-1,-1
449,3,715.86,220.32,229.86,565.58,-1,-1,-1,-1
449,4,133.10,192.61,274.09,824.03,-1,-1,-1,-1
450,1,910.64,170.13,295.72,890.63,-1,-1,-1,-1
450,3,738.70,215.58,214.43,563.24,-1,-1,-1,-1
450,4,145.06,191.79,271.78,822.07,-1,-1,-1,-1
451,1,887.18,171.91,313.78,882.93,-1,-1,-1,-1
451,3,784.97,215.15,161.09,551.20,-1,-1,-1,-1
451,4,161.51,189.21,273.46,825.21,-1,-1,-1,-1
452,1,882.26,176.33,317.45,877.07,-1,-1,-1,-1
452,3,810.43,215.49,139.69,543.82,-1,-1,-1,-1
452,4,175.26,181.23,282.34,834.57,-1,-1,-1,-1
453,1,869.91,183.10,321.62,862.39,-1,-1,-1,-1
453,3,827.80,216.06,138.02,537.40,-1,-1,-1,-1
453,4,193.50,176.22,306.34,842.76,-1,-1,-1,-1
454,1,859.71,191.30,305.00,839.79,-1,-1,-1,-1
454,3,845.16,216.63,136.35,530.97,-1,-1,-1,-1
454,4,207.92,183.53,338.78,833.02,-1,-1,-1,-1
455,1,847.37,184.11,291.49,842.72,-1,-1,-1,-1
455,3,862.53,217.20,134.68,524.55,-1,-1,-1,-1
455,4,225.48,197.42,367.61,814.46,-1,-1,-1,-1
456,1,835.65,185.54,281.28,835.27,-1,-1,-1,-1
456,3,879.89,217.77,133.01,518.12,-1,-1,-1,-1
456,4,248.57,197.99,367.99,811.90,-1,-1,-1,-1
457,1,828.74,187.17,276.59,827.64,-1,-1,-1,-1
457,4,266.26,188.87,352.20,820.50,-1,-1,-1,-1
458,1,824.30,190.89,275.37,822.76,-1,-1,-1,-1
458,4,281.07,193.81,343.39,813.41,-1,-1,-1,-1
459,1,827.13,191.08,262.78,826.30,-1,-1,-1,-1
459,4,304.90,189.07,312.55,810.58,-1,-1,-1,-1
460,1,828.10,195.58,255.58,812.62,-1,-1,-1,-1
460,4,328.53,188.28,294.77,806.25,-1,-1,-1,-1
461,1,827.05,211.87,251.41,781.32,-1,-1,-1,-1
461,4,365.55,182.07,264.88,809.71,-1,-1,-1,-1
462,1,826.12,215.96,257.16,775.49,-1,-1,-1,-1
462,4,386.33,180.88,259.16,803.03,-1,-1,-1,-1
463,1,829.53,213.85,240.80,759.23,-1,-1,-1,-1
463,3,1001.60,209.83,162.30,540.83,-1,-1,-1,-1
463,4,409.91,170.82,263.61,826.50,-1,-1,-1,-1
464,1,831.24,212.00,237.63,739.83,-1,-1,-1,-1
464,3,1017.87,210.85,167.22,536.50,-1,-1,-1,-1
464,4,431.49,166.98,270.70,829.42,-1,-1,-1,-1
465,1,833.48,212.07,221.40,719.23,-1,-1,-1,-1
465,3,1024.36,213.37,207.03,539.57,-1,-1,-1,-1
465,4,448.38,175.30,304.54,823.98,-1,-1,-1,-1
466,1,831.23,212.29,216.68,704.68,-1,-1,-1,-1
466,3,1028.72,217.57,236.55,541.33,-1,-1,-1,-1
466,4,468.89,184.96,334.91,809.49,-1,-1,-1,-1
467,1,830.23,219.80,212.52,684.90,-1,-1,-1,-1
467,3,1035.86,215.29,240.74,545.74,-1,-1,-1,-1
467,4,489.48,185.90,341.20,810.08,-1,-1,-1,-1
468,1,822.08,221.69,220.35,679.04,-1,-1,-1,-1
468,3,1042.58,210.23,243.13,554.99,-1,-1,-1,-1
468,4,500.51,183.42,344.33,814.48,-1,-1,-1,-1
469,1,819.76,218.87,214.90,685.21,-1,-1,-1,-1
469,3,1052.77,212.72,231.53,552.62,-1,-1,-1,-1
469,4,516.14,179.63,334.64,823.20,-1,-1,-1,-1
470,1,810.38,216.39,218.02,686.81,-1,-1,-1,-1
470,3,1098.18,207.21,177.63,562.04,-1,-1,-1,-1
470,4,544.24,172.62,304.72,829.24,-1,-1,-1,-1
471,1,798.51,227.79,230.41,653.62,-1,-1,-1,-1
471,3,1127.13,204.88,152.55,565.37,-1,-1,-1,-1
471,4,573.34,161.64,290.17,849.34,-1,-1,-1,-1
472,1,789.84,224.59,229.06,659.82,-1,-1,-1,-1
472,3,1145.78,200.62,154.59,574.61,-1,-1,-1,-1
472,4,613.22,165.07,253.37,837.92,-1,-1,-1,-1
473,1,789.29,226.75,215.41,637.42,-1,-1,-1,-1
473,3,1160.85,204.44,166.74,559.81,-1,-1,-1,-1
473,4,648.09,157.78,241.22,847.06,-1,-1,-1,-1
474,1,795.67,219.74,197.92,637.10,-1,-1,-1,-1
474,3,1170.04,198.62,196.97,564.07,-1,-1,-1,-1
474,4,675.97,163.65,259.99,829.64,-1,-1,-1,-1
475,1,791.36,219.22,195.54,629.49,-1,-1,-1,-1
475,3,1175.46,196.79,235.70,569.22,-1,-1,-1,-1
475,4,699.56,169.99,285.89,824.92,-1,-1,-1,-1
476,1,787.04,218.69,193.16,621.89,-1,-1,-1,-1
476,3,1180.62,197.68,253.18,569.28,-1,-1,-1,-1
476,4,710.89,177.18,316.79,822.89,-1,-1,-1,-1
477,1,782.72,218.17,190.79,614.29,-1,-1,-1,-1
477,3,1196.18,194.66,246.40,576.72,-1,-1,-1,-1
477,4,727.25,170.27,335.43,836.47,-1,-1,-1,-1
478,1,778.41,217.65,188.41,606.68,-1,-1,-1,-1
478,3,1216.88,195.31,226.46,576.48,-1,-1,-1,-1
478,4,740.96,168.63,336.63,841.52,-1,-1,-1,-1
479,3,1237.48,204.33,210.14,560.88,-1,-1,-1,-1
479,4,750.74,183.34,336.83,820.53,-1,-1,-1,-1
480,3,1256.28,211.54,199.89,548.73,-1,-1,-1,-1
480,4,759.39,191.74,330.52,805.19,-1,-1,-1,-1
481,1,755.26,227.81,161.75,572.69,-1,-1,-1,-1
481,3,1265.96,209.99,219.60,557.23,-1,-1,-1,-1
481,4,779.63,179.78,303.62,818.36,-1,-1,-1,-1
482,1,753.16,211.63,193.84,660.44,-1,-1,-1,-1
482,3,1277.97,201.25,225.50,573.19,-1,-1,-1,-1
482,4,796.47,172.73,289.10,825.86,-1,-1,-1,-1
483,1,749.36,225.78,184.25,609.54,-1,-1,-1,-1
483,3,1285.98,197.23,253.28,583.48,-1,-1,-1,-1
483,4,852.37,158.68,252.89,825.60,-1,-1,-1,-1
484,1,745.18,226.58,182.14,591.41,-1,-1,-1,-1
484,3,1281.97,201.60,315.09,583.78,-1,-1,-1,-1
484,4,892.24,152.98,233.84,834.86,-1,-1,-1,-1
485,1,739.65,231.75,182.52,572.48,-1,-1,-1,-1
485,3,1295.06,202.99,337.86,590.22,-1,-1,-1,-1
485,4,916.20,154.66,246.63,839.13,-1,-1,-1,-1
486,1,720.60,237.54,195.59,561.37,-1,-1,-1,-1
486,3,1316.32,199.98,331.09,604.65,-1,-1,-1,-1
486,4,931.66,159.06,288.48,842.04,-1,-1,-1,-1
487,1,705.85,238.98,205.12,558.57,-1,-1,-1,-1
487,3,1341.06,199.87,300.15,609.23,-1,-1,-1,-1
487,4,949.84,166.50,319.50,833.85,-1,-1,-1,-1
488,1,696.30,244.89,208.72,547.42,-1,-1,-1,-1
488,3,1355.73,194.09,281.35,618.09,-1,-1,-1,-1
488,4,959.58,160.39,325.71,839.21,-1,-1,-1,-1
489,1,689.26,249.06,208.76,539.45,-1,-1,-1,-1
489,3,1366.61,192.68,267.18,615.87,-1,-1,-1,-1
489,4,967.95,166.04,329.65,833.94,-1,-1,-1,-1
490,1,681.47,243.39,201.04,548.75,-1,-1,-1,-1
490,3,1375.58,186.94,251.27,620.62,-1,-1,-1,-1
490,4,983.12,166.70,318.93,837.22,-1,-1,-1,-1
491,1,677.45,251.97,183.22,535.53,-1,-1,-1,-1
491,3,1382.08,184.10,247.60,627.95,-1,-1,-1,-1
491,4,1004.70,164.14,304.87,840.82,-1,-1,-1,-1
492,1,663.90,241.78,173.20,548.26,-1,-1,-1,-1
492,3,1382.04,181.07,260.20,644.52,-1,-1,-1,-1
492,4,1052.36,165.34,257.51,838.01,-1,-1,-1,-1
493,1,654.11,242.62,162.66,548.72,-1,-1,-1,-1
493,3,1384.07,179.51,265.95,655.33,-1,-1,-1,-1
493,4,1083.85,162.14,235.66,839.25,-1,-1,-1,-1
494,1,638.52,243.84,166.67,543.48,-1,-1,-1,-1
494,3,1384.87,177.29,268.78,661.64,-1,-1,-1,-1
494,4,1119.29,152.38,220.66,851.83,-1,-1,-1,-1
495,1,620.88,248.74,176.50,537.70,-1,-1,-1,-1
495,3,1395.23,186.64,265.39,649.57,-1,-1,-1,-1
495,4,1145.44,151.39,222.51,852.20,-1,-1,-1,-1
496,1,606.57,245.45,188.94,542.41,-1,-1,-1,-1
496,3,1400.78,183.20,275.60,656.19,-1,-1,-1,-1
496,4,1162.17,143.74,243.39,871.08,-1,-1,-1,-1
497,1,598.48,242.52,194.71,546.94,-1,-1,-1,-1
497,3,1407.79,178.75,274.70,667.39,-1,-1,-1,-1
497,4,1172.43,152.50,286.92,857.29,-1,-1,-1,-1
498,1,592.63,249.78,198.47,539.17,-1,-1,-1,-1
498,3,1414.69,176.52,268.21,671.18,-1,-1,-1,-1
498,4,1182.19,148.22,310.33,866.24,-1,-1,-1,-1
499,1,588.21,251.44,198.22,541.00,-1,-1,-1,-1
499,3,1419.95,172.30,255.63,687.91,-1,-1,-1,-1
499,4,1182.56,155.95,338.41,854.72,-1,-1,-1,-1
500,1,582.87,250.23,194.95,546.22,-1,-1,-1,-1
500,3,1424.52,165.16,242.93,712.94,-1,-1,-1,-1
500,4,1192.21,154.34,347.72,860.96,-1,-1,-1,-1
501,1,572.23,243.31,196.63,554.41,-1,-1,-1,-1
501,3,1406.45,162.82,253.23,716.39,-1,-1,-1,-1
501,4,1202.57,140.86,372.49,879.82,-1,-1,-1,-1
502,1,561.42,241.52,201.36,555.64,-1,-1,-1,-1
502,3,1407.41,159.06,257.11,727.38,-1,-1,-1,-1
502,4,1236.17,141.83,377.96,870.21,-1,-1,-1,-1
503,1,555.34,246.69,204.01,544.41,-1,-1,-1,-1
503,3,1408.37,155.29,260.99,738.37,-1,-1,-1,-1
503,4,1273.71,151.01,356.05,831.84,-1,-1,-1,-1
504,1,551.84,252.77,206.03,536.36,-1,-1,-1,-1
504,3,1409.34,151.52,264.87,749.35,-1,-1,-1,-1
504,4,1330.64,149.38,302.49,821.35,-1,-1,-1,-1
505,1,553.30,250.74,203.83,544.54,-1,-1,-1,-1
505,3,1410.30,147.76,268.76,760.34,-1,-1,-1,-1
505,4,1365.70,157.23,266.32,824.12,-1,-1,-1,-1
506,1,554.06,253.77,207.05,538.12,-1,-1,-1,-1
506,4,1375.20,151.51,277.85,833.80,-1,-1,-1,-1
507,1,560.16,257.43,204.25,531.99,-1,-1,-1,-1
507,4,1372.89,157.34,311.34,834.14,-1,-1,-1,-1
508,1,565.70,256.16,199.85,532.97,-1,-1,-1,-1
508,4,1364.88,145.32,361.18,855.23,-1,-1,-1,-1
509,1,573.14,253.72,191.86,540.63,-1,-1,-1,-1
509,3,1300.45,177.45,201.14,648.57,-1,-1,-1,-1
509,4,1357.20,155.94,403.99,839.68,-1,-1,-1,-1
510,1,579.94,249.36,187.83,550.54,-1,-1,-1,-1
510,3,1246.86,164.54,239.03,722.99,-1,-1,-1,-1
510,4,1388.82,154.43,370.20,834.72,-1,-1,-1,-1
511,1,585.69,248.21,186.79,553.29,-1,-1,-1,-1
511,3,1215.86,155.75,256.22,752.21,-1,-1,-1,-1
511,4,1414.83,156.02,354.73,833.41,-1,-1,-1,-1
512,1,590.12,245.27,185.85,556.68,-1,-1,-1,-1
512,3,1198.01,154.95,264.91,756.62,-1,-1,-1,-1
512,4,1428.80,157.28,348.68,830.20,-1,-1,-1,-1
513,1,595.21,247.20,184.05,554.02,-1,-1,-1,-1
513,3,1181.49,154.58,289.19,768.22,-1,-1,-1,-1
513,4,1469.62,159.53,305.57,825.34,-1,-1,-1,-1
514,1,601.97,247.39,184.57,554.15,-1,-1,-1,-1
514,3,1177.44,159.92,285.96,761.37,-1,-1,-1,-1
514,4,1497.07,157.37,292.36,823.39,-1,-1,-1,-1
515,1,609.93,239.12,183.58,573.73,-1,-1,-1,-1
515,3,1186.74,155.58,239.95,771.16,-1,-1,-1,-1
515,4,1528.26,146.28,273.76,832.80,-1,-1,-1,-1
516,1,616.37,233.21,184.94,588.61,-1,-1,-1,-1
516,3,1178.62,147.71,211.24,782.47,-1,-1,-1,-1
516,4,1549.89,151.64,272.10,820.68,-1,-1,-1,-1
517,1,621.58,231.77,186.08,595.12,-1,-1,-1,-1
517,3,1156.54,141.50,211.99,795.30,-1,-1,-1,-1
517,4,1562.73,144.07,268.96,830.10,-1,-1,-1,-1
518,1,630.41,235.75,182.57,587.33,-1,-1,-1,-1
518,3,1129.07,143.14,215.04,791.51,-1,-1,-1,-1
518,4,1569.47,150.71,285.41,826.90,-1,-1,-1,-1
519,1,640.04,237.65,180.98,586.30,-1,-1,-1,-1
519,3,1083.45,154.57,246.44,769.44,-1,-1,-1,-1
519,4,1577.70,157.40,289.67,818.24,-1,-1,-1,-1
520,1,647.94,247.44,178.66,572.51,-1,-1,-1,-1
520,3,1030.27,165.13,293.85,753.12,-1,-1,-1,-1
520,4,1585.22,164.91,287.01,806.88,-1,-1,-1,-1
521,1,657.49,244.68,176.38,579.58,-1,-1,-1,-1
521,3,997.41,172.15,320.17,743.50,-1,-1,-1,-1
521,4,1587.75,171.25,287.75,800.04,-1,-1,-1,-1
522,1,670.42,242.31,172.08,584.57,-1,-1,-1,-1
522,3,983.68,174.66,317.37,742.32,-1,-1,-1,-1
522,4,1588.52,170.75,287.54,801.69,-1,-1,-1,-1
523,1,682.00,233.90,177.19,597.25,-1,-1,-1,-1
523,3,982.17,174.67,288.28,742.81,-1,-1,-1,-1
523,4,1587.65,178.81,283.87,762.43,-1,-1,-1,-1
524,1,695.36,228.23,179.70,602.87,-1,-1,-1,-1
524,3,975.48,171.75,252.65,744.77,-1,-1,-1,-1
524,4,1586.12,173.33,277.73,757.26,-1,-1,-1,-1
525,1,707.18,226.97,185.38,604.73,-1,-1,-1,-1
525,3,965.91,170.50,215.16,744.12,-1,-1,-1,-1
525,4,1584.07,176.94,274.36,730.48,-1,-1,-1,-1
526,1,715.33,229.81,209.77,601.50,-1,-1,-1,-1
526,3,939.19,170.44,208.87,740.72,-1,-1,-1,-1
526,4,1584.98,173.56,265.46,725.45,-1,-1,-1,-1
527,1,726.58,235.83,223.24,590.17,-1,-1,-1,-1
527,3,909.98,171.52,227.99,742.73,-1,-1,-1,-1
527,4,1584.05,172.21,263.89,728.44,-1,-1,-1,-1
528,1,741.02,227.24,214.36,602.68,-1,-1,-1,-1
528,3,870.22,169.33,263.03,744.40,-1,-1,-1,-1
528,4,1585.53,174.04,255.08,728.37,-1,-1,-1,-1
529,1,765.68,240.50,191.13,562.58,-1,-1,-1,-1
529,3,807.82,171.56,324.04,747.40,-1,-1,-1,-1
529,4,1581.41,177.92,254.22,721.23,-1,-1,-1,-1
530,1,780.16,246.91,185.97,547.41,-1,-1,-1,-1
530,3,779.23,173.02,346.97,750.53,-1,-1,-1,-1
530,4,1575.29,186.42,254.17,699.33,-1,-1,-1,-1
531,1,794.64,253.33,180.81,532.24,-1,-1,-1,-1
531,3,778.44,169.49,331.16,757.48,-1,-1,-1,-1
531,4,1570.24,193.94,252.24,681.39,-1,-1,-1,-1
532,1,809.12,259.74,175.65,517.06,-1,-1,-1,-1
532,3,780.69,163.73,300.36,773.24,-1,-1,-1,-1
532,4,1564.66,192.65,250.20,693.77,-1,-1,-1,-1
533,1,823.61,266.15,170.50,501.89,-1,-1,-1,-1
533,3,774.19,165.66,263.58,773.27,-1,-1,-1,-1
533,4,1562.22,189.82,242.55,688.31,-1,-1,-1,-1
534,3,758.46,176.55,281.84,755.60,-1,-1,-1,-1
534,4,1556.88,185.43,235.98,684.95,-1,-1,-1,-1
535,1,858.35,215.26,210.73,650.62,-1,-1,-1,-1
535,3,727.82,178.77,286.81,755.23,-1,-1,-1,-1
535,4,1550.35,184.64,234.44,668.83,-1,-1,-1,-1
536,1,871.86,220.69,221.81,651.17,-1,-1,-1,-1
536,3,691.09,179.42,267.86,751.90,-1,-1,-1,-1
536,4,1543.48,182.37,231.35,668.30,-1,-1,-1,-1
537,1,879.94,216.50,234.27,667.77,-1,-1,-1,-1
537,3,638.61,178.27,291.86,751.40,-1,-1,-1,-1
537,4,1536.88,189.62,228.76,647.79,-1,-1,-1,-1
538,1,893.26,227.60,232.93,652.90,-1,-1,-1,-1
538,3,600.65,185.37,313.64,735.64,-1,-1,-1,-1
538,4,1531.65,192.73,226.08,630.81,-1,-1,-1,-1
539,1,907.32,227.93,222.84,654.71,-1,-1,-1,-1
539,3,576.08,186.54,328.19,731.57,-1,-1,-1,-1
539,4,1524.84,185.29,224.09,641.96,-1,-1,-1,-1
540,1,921.81,218.10,214.01,665.26,-1,-1,-1,-1
540,3,557.01,194.30,336.01,725.82,-1,-1,-1,-1
540,4,1509.86,184.51,229.80,640.62,-1,-1,-1,-1
541,1,936.01,213.94,208.07,656.37,-1,-1,-1,-1
541,3,555.28,190.23,310.88,729.15,-1,-1,-1,-1
541,4,1483.78,184.78,244.42,632.73,-1,-1,-1,-1
542,1,946.68,209.10,213.54,670.27,-1,-1,-1,-1
542,3,551.88,183.39,269.95,736.25,-1,-1,-1,-1
542,4,1469.43,187.15,246.24,624.83,-1,-1,-1,-1
543,1,958.42,203.59,223.76,693.98,-1,-1,-1,-1
543,3,532.46,171.29,247.90,748.68,-1,-1,-1,-1
543,4,1463.55,194.82,240.70,613.28,-1,-1,-1,-1
544,1,969.39,201.18,271.73,708.68,-1,-1,-1,-1
544,3,519.05,175.13,218.54,741.75,-1,-1,-1,-1
544,4,1458.42,190.86,234.47,619.10,-1,-1,-1,-1
545,1,987.15,205.01,283.90,713.64,-1,-1,-1,-1
545,3,488.56,172.69,233.39,740.80,-1,-1,-1,-1
545,4,1454.68,190.36,224.47,617.06,-1,-1,-1,-1
546,1,1001.74,206.16,286.67,719.19,-1,-1,-1,-1
546,3,463.23,172.25,249.88,746.46,-1,-1,-1,-1
546,4,1449.32,196.77,218.06,603.75,-1,-1,-1,-1
547,1,1018.83,203.82,276.39,726.57,-1,-1,-1,-1
547,3,423.50,175.26,287.49,749.05,-1,-1,-1,-1
547,4,1439.07,199.66,211.89,593.55,-1,-1,-1,-1
548,1,1033.84,196.66,268.29,741.16,-1,-1,-1,-1
548,3,388.59,180.35,324.34,752.30,-1,-1,-1,-1
548,4,1424.21,195.14,214.64,598.35,-1,-1,-1,-1
549,1,1058.32,190.29,249.12,750.36,-1,-1,-1,-1
549,3,370.99,182.81,317.16,751.88,-1,-1,-1,-1
549,4,1413.85,191.42,211.01,602.59,-1,-1,-1,-1
550,1,1081.63,180.97,234.07,763.73,-1,-1,-1,-1
550,3,358.70,178.88,292.28,755.55,-1,-1,-1,-1
550,4,1404.05,194.80,198.66,593.83,-1,-1,-1,-1
551,1,1100.42,185.53,232.70,762.66,-1,-1,-1,-1
551,3,357.05,171.66,253.04,775.81,-1,-1,-1,-1
551,4,1393.57,204.91,192.77,575.99,-1,-1,-1,-1
552,1,1123.81,183.99,232.50,780.12,-1,-1,-1,-1
552,3,345.86,168.24,230.28,782.41,-1,-1,-1,-1
552,4,1379.74,197.71,195.71,585.13,-1,-1,-1,-1
553,1,1139.83,186.72,231.86,778.00,-1,-1,-1,-1
553,3,328.76,168.80,227.14,787.29,-1,-1,-1,-1
553,4,1369.85,202.72,194.94,577.51,-1,-1,-1,-1
554,1,1151.57,183.46,248.59,803.60,-1,-1,-1,-1
554,3,303.52,166.11,242.78,796.48,-1,-1,-1,-1
554,4,1351.59,200.83,209.01,578.45,-1,-1,-1,-1
555,1,1162.69,183.60,254.15,811.85,-1,-1,-1,-1
555,3,277.28,160.47,265.00,815.06,-1,-1,-1,-1
555,4,1351.95,204.21,206.32,582.45,-1,-1,-1,-1
556,1,1172.95,173.28,266.25,838.13,-1,-1,-1,-1
556,3,249.64,153.78,283.43,844.68,-1,-1,-1,-1
556,4,1359.93,209.52,192.37,568.33,-1,-1,-1,-1
557,1,1186.43,174.56,277.70,841.48,-1,-1,-1,-1
557,3,231.77,150.91,292.78,869.24,-1,-1,-1,-1
557,4,1374.20,220.67,159.06,524.89,-1,-1,-1,-1
558,1,1199.43,173.40,296.47,837.98,-1,-1,-1,-1
558,3,217.66,156.75,295.78,872.28,-1,-1,-1,-1
558,4,1370.09,229.58,152.51,503.29,-1,-1,-1,-1
559,1,1208.51,167.03,297.40,863.15,-1,-1,-1,-1
559,3,204.85,166.33,300.93,858.02,-1,-1,-1,-1
559,4,1365.99,238.49,145.95,481.68,-1,-1,-1,-1
560,1,1222.00,154.68,298.82,881.28,-1,-1,-1,-1
560,3,182.06,161.69,308.95,878.63,-1,-1,-1,-1
560,4,1361.88,247.40,139.39,460.07,-1,-1,-1,-1
561,1,1236.43,152.75,306.46,889.95,-1,-1,-1,-1
561,3,151.20,155.78,335.89,901.81,-1,-1,-1,-1
561,4,1357.77,256.31,132.84,438.47,-1,-1,-1,-1
562,1,1251.42,136.66,321.11,930.58,-1,-1,-1,-1
562,3,111.79,151.30,376.65,911.55,-1,-1,-1,-1
563,1,1261.00,137.09,349.10,936.76,-1,-1,-1,-1
563,3,83.37,144.43,401.76,925.41,-1,-1,-1,-1
564,1,1258.29,149.84,367.67,918.30,-1,-1,-1,-1
564,3,58.77,140.60,417.15,928.18,-1,-1,-1,-1
565,1,1279.92,147.24,366.06,929.98,-1,-1,-1,-1
565,3,51.60,135.49,413.51,939.13,-1,-1,-1,-1
565,4,1206.86,220.04,179.86,556.11,-1,-1,-1,-1
566,1,1320.87,142.54,329.13,934.37,-1,-1,-1,-1
566,3,45.63,132.78,408.23,945.39,-1,-1,-1,-1
566,4,1191.46,217.03,183.95,567.20,-1,-1,-1,-1
567,1,1342.04,150.29,306.96,917.29,-1,-1,-1,-1
567,3,52.06,133.66,391.78,943.83,-1,-1,-1,-1
567,4,1182.86,218.31,190.65,566.27,-1,-1,-1,-1
568,1,1358.65,144.63,286.65,924.35,-1,-1,-1,-1
568,3,62.32,130.64,378.30,947.75,-1,-1,-1,-1
568,4,1184.82,217.86,178.23,564.79,-1,-1,-1,-1
569,1,1363.86,143.20,275.35,916.40,-1,-1,-1,-1
569,3,68.77,130.75,377.27,944.57,-1,-1,-1,-1
569,4,1188.88,210.36,157.02,575.29,-1,-1,-1,-1
570,1,1372.70,137.67,264.76,916.71,-1,-1,-1,-1
570,3,76.34,128.78,373.10,944.70,-1,-1,-1,-1
570,4,1176.44,213.60,156.34,564.92,-1,-1,-1,-1
571,1,1372.56,143.44,265.87,904.61,-1,-1,-1,-1
571,3,85.99,125.03,372.28,947.84,-1,-1,-1,-1
571,4,1164.27,209.42,150.01,573.03,-1,-1,-1,-1
572,1,1364.64,142.01,272.58,903.56,-1,-1,-1,-1
572,3,95.94,106.69,370.65,971.91,-1,-1,-1,-1
572,4,1143.49,209.40,162.15,570.99,-1,-1,-1,-1
573,1,1353.54,138.63,280.04,909.91,-1,-1,-1,-1
573,3,107.56,109.04,377.20,965.09,-1,-1,-1,-1
573,4,1106.90,215.31,196.38,563.06,-1,-1,-1,-1
574,1,1347.05,134.00,273.38,915.71,-1,-1,-1,-1
574,3,138.03,103.98,365.19,957.78,-1,-1,-1,-1
574,4,1068.98,221.59,230.51,556.89,-1,-1,-1,-1
575,1,1317.64,137.40,286.34,898.75,-1,-1,-1,-1
575,3,167.50,102.68,362.07,962.88,-1,-1,-1,-1
575,4,1050.20,230.98,243.53,545.14,-1,-1,-1,-1
576,1,1305.20,140.84,272.26,882.49,-1,-1,-1,-1
576,3,199.60,100.59,352.02,961.84,-1,-1,-1,-1
576,4,1042.65,233.49,237.66,542.07,-1,-1,-1,-1
577,1,1290.33,135.16,272.02,892.84,-1,-1,-1,-1
577,3,221.06,88.64,359.73,967.74,-1,-1,-1,-1
577,4,1040.75,232.97,229.99,544.98,-1,-1,-1,-1
578,1,1285.96,139.64,245.84,885.18,-1,-1,-1,-1
578,3,241.38,83.89,362.90,974.26,-1,-1,-1,-1
578,4,1046.79,231.62,202.56,554.16,-1,-1,-1,-1
579,1,1273.63,148.24,241.20,879.15,-1,-1,-1,-1
579,3,271.15,84.64,354.63,972.00,-1,-1,-1,-1
579,4,1040.03,222.73,184.86,557.29,-1,-1,-1,-1
580,1,1222.00,149.71,292.22,881.26,-1,-1,-1,-1
580,3,294.24,70.24,369.12,993.79,-1,-1,-1,-1
580,4,1026.51,220.67,160.65,555.14,-1,-1,-1,-1
581,1,1185.62,151.25,319.48,876.92,-1,-1,-1,-1
581,3,328.80,60.45,369.92,1007.90,-1,-1,-1,-1
581,4,1011.06,223.89,144.03,550.21,-1,-1,-1,-1
582,1,1147.75,160.65,355.48,867.43,-1,-1,-1,-1
582,3,361.96,72.10,371.95,993.71,-1,-1,-1,-1
582,4,991.56,225.57,146.84,550.98,-1,-1,-1,-1
583,1,1129.71,179.03,366.20,844.59,-1,-1,-1,-1
583,3,391.19,69.99,371.21,998.12,-1,-1,-1,-1
583,4,962.86,227.52,175.30,545.23,-1,-1,-1,-1
584,1,1116.95,182.28,370.58,841.95,-1,-1,-1,-1
584,3,428.38,76.17,371.44,992.85,-1,-1,-1,-1
584,4,932.09,226.06,202.57,548.12,-1,-1,-1,-1
585,1,1114.34,177.98,349.17,852.63,-1,-1,-1,-1
585,3,459.12,75.86,377.28,992.28,-1,-1,-1,-1
585,4,899.63,223.37,231.28,557.66,-1,-1,-1,-1
586,1,1111.98,172.53,315.75,862.26,-1,-1,-1,-1
586,3,495.98,93.55,352.80,959.70,-1,-1,-1,-1
586,4,880.01,222.34,244.53,560.66,-1,-1,-1,-1
587,1,1105.52,161.65,290.26,877.47,-1,-1,-1,-1
587,3,525.87,80.61,325.19,985.31,-1,-1,-1,-1
587,4,872.05,233.68,246.17,548.16,-1,-1,-1,-1
588,1,1090.40,159.30,259.06,872.70,-1,-1,-1,-1
588,3,563.41,85.00,292.71,975.04,-1,-1,-1,-1
588,4,870.94,236.39,229.83,543.54,-1,-1,-1,-1
589,1,1055.96,154.22,240.75,877.48,-1,-1,-1,-1
589,3,600.95,82.52,288.87,969.45,-1,-1,-1,-1
589,4,881.21,232.80,175.18,556.34,-1,-1,-1,-1
590,1,1011.48,156.34,256.27,871.40,-1,-1,-1,-1
590,3,646.48,111.37,293.53,929.93,-1,-1,-1,-1
590,4,875.71,232.81,148.96,550.62,-1,-1,-1,-1
591,1,982.44,157.87,272.83,872.84,-1,-1,-1,-1
591,3,672.90,96.42,303.96,957.52,-1,-1,-1,-1
591,4,863.62,228.49,141.13,548.24,-1,-1,-1,-1
592,1,965.78,158.53,275.97,875.01,-1,-1,-1,-1
592,3,689.82,91.96,336.09,965.24,-1,-1,-1,-1
592,4,848.69,228.85,140.77,546.93,-1,-1,-1,-1
593,1,939.85,150.80,298.68,886.51,-1,-1,-1,-1
593,3,727.16,114.45,398.56,936.92,-1,-1,-1,-1
593,4,833.75,229.21,140.42,545.62,-1,-1,-1,-1
594,1,832.30,112.13,399.56,945.69,-1,-1,-1,-1
594,3,764.99,120.61,394.46,927.23,-1,-1,-1,-1
594,4,818.81,229.56,140.06,544.31,-1,-1,-1,-1
595,1,782.21,118.69,433.54,942.54,-1,-1,-1,-1
595,3,802.82,126.77,390.37,917.53,-1,-1,-1,-1
595,4,803.88,229.92,139.70,543.00,-1,-1,-1,-1
596,1,757.12,85.91,419.80,978.31,-1,-1,-1,-1
596,3,840.65,132.94,386.27,907.83,-1,-1,-1,-1
596,4,755.19,245.42,156.80,521.02,-1,-1,-1,-1
597,1,799.20,61.97,347.37,1001.33,-1,-1,-1,-1
597,3,878.47,139.10,382.18,898.13,-1,-1,-1,-1
597,4,735.82,229.28,173.57,545.00,-1,-1,-1,-1
598,1,784.45,53.23,388.04,1008.17,-1,-1,-1,-1
598,4,730.94,230.28,160.13,555.03,-1,-1,-1,-1
599,1,807.96,126.48,264.62,874.13,-1,-1,-1,-1
599,3,819.79,72.69,482.47,985.58,-1,-1,-1,-1
599,4,727.90,225.20,144.22,562.96,-1,-1,-1,-1
600,1,745.46,160.61,282.93,851.91,-1,-1,-1,-1
600,3,940.60,46.50,413.47,1016.45,-1,-1,-1,-1
600,4,711.32,221.65,146.19,570.73,-1,-1,-1,-1
601,1,709.81,182.36,300.75,827.75,-1,-1,-1,-1
601,3,1007.59,74.15,394.64,982.16,-1,-1,-1,-1
601,4,694.73,218.09,148.16,578.49,-1,-1,-1,-1
602,1,671.25,201.22,329.78,812.31,-1,-1,-1,-1
602,3,1046.66,44.88,434.24,1019.77,-1,-1,-1,-1
602,4,678.15,214.53,150.12,586.26,-1,-1,-1,-1
603,1,661.76,216.52,327.25,803.21,-1,-1,-1,-1
603,3,1092.79,53.91,455.69,1007.41,-1,-1,-1,-1
603,4,661.57,210.98,152.08,594.02,-1,-1,-1,-1
604,1,650.70,210.83,336.79,818.50,-1,-1,-1,-1
604,3,1136.88,57.30,460.70,1004.79,-1,-1,-1,-1
605,1,641.98,195.02,335.55,845.41,-1,-1,-1,-1
605,3,1177.36,63.86,428.82,995.04,-1,-1,-1,-1
606,1,634.02,185.74,325.79,858.05,-1,-1,-1,-1
606,3,1199.26,53.87,402.20,1000.29,-1,-1,-1,-1
607,1,617.21,177.84,305.65,865.94,-1,-1,-1,-1
607,3,1219.70,39.54,378.46,1025.95,-1,-1,-1,-1
608,1,592.81,196.60,295.62,829.69,-1,-1,-1,-1
608,3,1250.23,27.11,352.88,1046.20,-1,-1,-1,-1
609,1,574.68,205.05,294.09,814.58,-1,-1,-1,-1
609,3,1281.40,32.87,345.04,1033.72,-1,-1,-1,-1
610,1,569.66,206.63,286.10,809.98,-1,-1,-1,-1
610,3,1314.26,39.48,330.69,1025.76,-1,-1,-1,-1
611,1,563.21,215.24,286.43,798.57,-1,-1,-1,-1
611,3,1332.78,59.18,356.70,999.71,-1,-1,-1,-1
612,1,567.23,217.41,275.05,779.65,-1,-1,-1,-1
612,3,1351.74,55.80,358.86,997.31,-1,-1,-1,-1
613,1,565.51,219.63,272.79,753.97,-1,-1,-1,-1
613,3,1374.12,63.15,361.40,988.23,-1,-1,-1,-1
614,1,569.26,220.20,266.66,731.10,-1,-1,-1,-1
614,3,1394.13,45.59,364.24,1022.25,-1,-1,-1,-1
614,4,525.55,238.10,132.63,558.79,-1,-1,-1,-1
615,1,589.60,216.84,238.17,724.51,-1,-1,-1,-1
615,3,1416.56,45.61,391.15,1029.60,-1,-1,-1,-1
615,4,513.75,230.15,141.49,573.25,-1,-1,-1,-1
616,1,605.96,204.77,220.60,745.66,-1,-1,-1,-1
616,3,1447.92,40.98,404.25,1039.14,-1,-1,-1,-1
616,4,484.02,233.14,170.43,569.62,-1,-1,-1,-1
617,1,613.34,203.64,213.16,750.29,-1,-1,-1,-1
617,3,1475.09,47.46,421.62,1028.69,-1,-1,-1,-1
617,4,457.30,233.65,199.39,578.86,-1,-1,-1,-1
618,1,623.86,200.03,204.60,761.29,-1,-1,-1,-1
618,3,1494.60,46.92,429.80,1026.46,-1,-1,-1,-1
618,4,440.99,229.99,217.82,595.52,-1,-1,-1,-1
619,1,632.19,206.77,197.05,747.02,-1,-1,-1,-1
619,3,1516.52,62.10,417.36,996.56,-1,-1,-1,-1
619,4,434.64,237.95,219.94,589.35,-1,-1,-1,-1
620,1,636.59,209.51,190.59,739.80,-1,-1,-1,-1
620,3,1530.81,75.06,403.21,977.75,-1,-1,-1,-1
620,4,426.30,242.45,219.96,589.24,-1,-1,-1,-1
621,1,640.63,210.11,185.69,728.84,-1,-1,-1,-1
621,3,1545.16,80.13,392.07,974.57,-1,-1,-1,-1
621,4,415.93,241.94,213.68,592.00,-1,-1,-1,-1
622,1,649.56,206.32,175.89,730.51,-1,-1,-1,-1
622,3,1563.87,82.26,369.51,977.21,-1,-1,-1,-1
622,4,404.16,232.85,194.81,592.04,-1,-1,-1,-1
623,1,652.03,207.44,178.72,724.62,-1,-1,-1,-1
623,3,1571.54,93.55,359.73,960.93,-1,-1,-1,-1
623,4,387.72,234.42,192.01,595.04,-1,-1,-1,-1
624,1,652.88,207.50,183.96,726.82,-1,-1,-1,-1
624,3,1576.14,103.61,357.34,953.48,-1,-1,-1,-1
624,4,372.90,230.73,191.39,604.55,-1,-1,-1,-1
625,1,653.14,210.23,191.76,726.02,-1,-1,-1,-1
625,3,1582.06,98.84,347.12,957.25,-1,-1,-1,-1
625,4,358.57,227.51,196.45,620.77,-1,-1,-1,-1
626,1,645.23,208.14,209.87,732.42,-1,-1,-1,-1
626,3,1586.65,93.76,344.28,965.30,-1,-1,-1,-1
626,4,346.28,229.72,201.28,631.38,-1,-1,-1,-1
627,1,641.11,210.72,221.79,729.00,-1,-1,-1,-1
627,3,1590.92,92.07,335.28,962.53,-1,-1,-1,-1
627,4,335.15,231.72,206.35,640.95,-1,-1,-1,-1
628,1,640.85,210.57,229.42,730.28,-1,-1,-1,-1
628,3,1593.75,94.70,321.67,949.14,-1,-1,-1,-1
628,4,326.84,234.97,209.48,645.81,-1,-1,-1,-1
629,1,642.71,210.78,234.03,726.87,-1,-1,-1,-1
629,3,1592.31,107.27,306.68,911.90,-1,-1,-1,-1
629,4,318.44,231.46,212.98,658.53,-1,-1,-1,-1
630,1,643.96,200.14,238.38,749.38,-1,-1,-1,-1
630,3,1581.16,107.75,303.03,910.93,-1,-1,-1,-1
630,4,311.60,229.41,212.83,666.32,-1,-1,-1,-1
631,1,644.45,191.97,240.85,769.46,-1,-1,-1,-1
631,3,1573.55,115.43,299.12,893.96,-1,-1,-1,-1
631,4,304.79,224.15,215.32,677.05,-1,-1,-1,-1
632,1,643.28,186.54,254.68,775.27,-1,-1,-1,-1
632,3,1569.06,122.00,285.02,874.25,-1,-1,-1,-1
632,4,296.12,218.26,220.14,682.45,-1,-1,-1,-1
633,1,651.46,182.77,267.05,787.76,-1,-1,-1,-1
633,3,1566.50,115.51,270.11,871.00,-1,-1,-1,-1
633,4,291.64,217.71,220.60,682.94,-1,-1,-1,-1
634,1,660.85,186.20,285.90,796.18,-1,-1,-1,-1
634,3,1551.96,110.37,263.17,880.23,-1,-1,-1,-1
634,4,286.79,212.42,221.87,686.29,-1,-1,-1,-1
635,1,671.16,194.34,300.42,791.95,-1,-1,-1,-1
635,3,1536.23,119.80,258.74,852.86,-1,-1,-1,-1
635,4,281.85,210.80,223.11,691.32,-1,-1,-1,-1
636,1,686.23,189.12,296.22,812.83,-1,-1,-1,-1
636,3,1512.36,124.17,267.17,842.87,-1,-1,-1,-1
636,4,274.17,208.93,227.00,707.87,-1,-1,-1,-1
637,1,702.59,183.72,282.24,826.71,-1,-1,-1,-1
637,3,1474.54,133.16,294.17,822.59,-1,-1,-1,-1
637,4,267.12,207.05,229.45,723.92,-1,-1,-1,-1
638,1,721.40,178.71,263.64,838.68,-1,-1,-1,-1
638,3,1456.01,138.90,305.37,810.68,-1,-1,-1,-1
638,4,255.82,206.34,234.40,737.50,-1,-1,-1,-1
639,1,736.78,177.24,257.40,845.47,-1,-1,-1,-1
639,3,1441.85,141.93,303.70,808.47,-1,-1,-1,-1
639,4,245.91,205.72,241.13,754.89,-1,-1,-1,-1
640,1,750.82,177.82,259.45,844.51,-1,-1,-1,-1
640,3,1430.32,151.04,281.33,792.48,-1,-1,-1,-1
640,4,241.19,203.25,239.76,764.36,-1,-1,-1,-1
641,1,762.37,176.96,265.33,852.80,-1,-1,-1,-1
641,3,1414.47,142.02,245.39,801.84,-1,-1,-1,-1
641,4,233.24,194.12,247.19,791.70,-1,-1,-1,-1
642,1,777.04,172.22,271.12,859.64,-1,-1,-1,-1
642,3,1391.18,132.69,228.18,807.57,-1,-1,-1,-1
642,4,221.97,189.10,252.47,806.78,-1,-1,-1,-1
643,1,791.03,169.94,273.69,860.91,-1,-1,-1,-1
643,3,1369.52,139.84,229.20,799.45,-1,-1,-1,-1
643,4,212.56,192.82,256.57,798.26,-1,-1,-1,-1
644,1,808.98,167.33,274.52,889.58,-1,-1,-1,-1
644,3,1340.07,141.48,240.98,792.40,-1,-1,-1,-1
644,4,196.90,195.00,264.78,789.32,-1,-1,-1,-1
645,1,820.12,173.85,284.29,887.01,-1,-1,-1,-1
645,3,1301.62,144.26,257.35,785.73,-1,-1,-1,-1
645,4,184.08,194.11,264.41,793.09,-1,-1,-1,-1
646,1,839.77,171.80,269.26,894.65,-1,-1,-1,-1
646,3,1254.64,140.35,298.72,790.93,-1,-1,-1,-1
646,4,161.91,191.75,278.14,805.15,-1,-1,-1,-1
647,1,855.85,172.60,259.87,887.54,-1,-1,-1,-1
647,3,1232.63,153.17,314.44,776.75,-1,-1,-1,-1
647,4,142.58,189.32,287.60,832.08,-1,-1,-1,-1
648,1,881.29,171.04,240.28,886.72,-1,-1,-1,-1
648,3,1222.13,153.41,297.13,774.05,-1,-1,-1,-1
648,4,127.56,188.86,294.83,850.62,-1,-1,-1,-1
649,1,894.17,155.64,236.68,912.08,-1,-1,-1,-1
649,3,1211.73,151.34,290.52,776.33,-1,-1,-1,-1
649,4,118.14,186.50,299.31,865.92,-1,-1,-1,-1
650,1,908.84,149.68,231.23,919.61,-1,-1,-1,-1
650,3,1206.75,153.19,253.72,771.74,-1,-1,-1,-1
650,4,106.05,186.45,306.12,875.96,-1,-1,-1,-1
651,1,917.48,141.27,243.35,929.11,-1,-1,-1,-1
651,3,1182.89,156.56,234.38,762.07,-1,-1,-1,-1
651,4,99.07,187.44,308.13,879.72,-1,-1,-1,-1
652,1,926.69,136.02,261.94,936.38,-1,-1,-1,-1
652,3,1152.77,156.39,221.05,764.44,-1,-1,-1,-1
652,4,93.44,179.75,308.21,891.65,-1,-1,-1,-1
653,1,937.54,147.58,274.74,923.76,-1,-1,-1,-1
653,3,1125.63,157.16,224.26,764.53,-1,-1,-1,-1
653,4,86.04,177.63,311.21,893.18,-1,-1,-1,-1
654,1,953.12,170.19,303.48,891.53,-1,-1,-1,-1
654,3,1118.01,212.47,220.95,696.15,-1,-1,-1,-1
654,4,70.76,174.76,324.08,889.18,-1,-1,-1,-1
655,1,962.04,160.07,351.77,900.09,-1,-1,-1,-1
655,3,1100.39,230.27,211.55,666.56,-1,-1,-1,-1
655,4,57.19,168.70,332.26,891.05,-1,-1,-1,-1
656,1,985.94,159.47,347.31,903.92,-1,-1,-1,-1
656,3,1082.76,248.07,202.14,636.98,-1,-1,-1,-1
656,4,39.56,167.33,345.81,892.57,-1,-1,-1,-1
657,1,1004.52,145.84,325.20,927.65,-1,-1,-1,-1
657,3,1065.13,265.86,192.74,607.40,-1,-1,-1,-1
657,4,25.12,152.99,355.34,919.05,-1,-1,-1,-1
658,1,1013.24,136.22,320.86,943.86,-1,-1,-1,-1
658,3,1047.50,283.66,183.34,577.81,-1,-1,-1,-1
658,4,15.95,144.49,358.30,933.53,-1,-1,-1,-1
659,1,1017.69,145.18,325.60,933.26,-1,-1,-1,-1
659,4,9.01,139.87,361.96,939.91,-1,-1,-1,-1
660,1,1007.89,151.67,350.91,920.10,-1,-1,-1,-1
660,3,956.32,168.56,164.94,777.54,-1,-1,-1,-1
660,4,3.84,138.95,360.96,938.31,-1,-1,-1,-1
661,1,980.73,150.13,388.01,924.16,-1,-1,-1,-1
661,3,917.80,159.53,184.89,787.80,-1,-1,-1,-1
661,4,-0.94,139.37,357.99,933.63,-1,-1,-1,-1
662,1,1027.82,148.24,341.29,925.97,-1,-1,-1,-1
662,3,871.07,166.23,221.90,763.29,-1,-1,-1,-1
662,4,-2.33,141.06,353.09,927.29,-1,-1,-1,-1
663,1,1053.45,154.63,320.50,914.94,-1,-1,-1,-1
663,3,820.36,170.98,276.59,751.71,-1,-1,-1,-1
663,4,-2.29,140.24,342.27,926.28,-1,-1,-1,-1
664,1,1077.12,157.54,303.72,894.07,-1,-1,-1,-1
664,3,787.52,174.56,309.97,751.00,-1,-1,-1,-1
664,4,-2.85,133.94,334.56,933.86,-1,-1,-1,-1
665,1,1086.86,158.18,300.74,882.69,-1,-1,-1,-1
665,3,776.28,180.49,314.49,743.74,-1,-1,-1,-1
665,4,-3.60,132.55,337.81,934.49,-1,-1,-1,-1
666,1,1096.08,157.51,294.08,880.62,-1,-1,-1,-1
666,3,772.93,183.84,295.10,742.63,-1,-1,-1,-1
666,4,-4.72,121.53,336.13,947.79,-1,-1,-1,-1
667,1,1103.93,155.14,284.41,873.94,-1,-1,-1,-1
667,3,771.94,180.97,250.10,748.21,-1,-1,-1,-1
667,4,-5.21,113.60,335.21,956.65,-1,-1,-1,-1
668,1,1111.70,153.96,275.96,866.60,-1,-1,-1,-1
668,3,765.91,171.14,212.71,760.02,-1,-1,-1,-1
668,4,-4.75,111.04,330.43,956.44,-1,-1,-1,-1
669,1,1114.44,157.70,270.65,868.91,-1,-1,-1,-1
669,3,738.22,176.13,213.61,745.74,-1,-1,-1,-1
669,4,-4.47,105.31,328.64,961.68,-1,-1,-1,-1
670,1,1119.03,161.83,259.52,843.52,-1,-1,-1,-1
670,3,703.40,152.67,229.60,788.37,-1,-1,-1,-1
670,4,-4.49,100.27,332.88,965.60,-1,-1,-1,-1
671,1,1116.21,161.45,253.66,831.66,-1,-1,-1,-1
671,3,660.53,161.08,262.04,778.54,-1,-1,-1,-1
671,4,-4.24,97.86,339.27,966.82,-1,-1,-1,-1
672,1,1114.28,161.42,247.15,824.13,-1,-1,-1,-1
672,3,615.09,169.16,297.93,766.37,-1,-1,-1,-1
672,4,-2.67,92.67,334.91,971.47,-1,-1,-1,-1
673,1,1104.85,168.29,246.66,815.84,-1,-1,-1,-1
673,3,592.02,180.96,313.98,756.62,-1,-1,-1,-1
673,4,-3.94,98.16,352.18,962.53,-1,-1,-1,-1
674,1,1096.12,173.37,242.88,789.10,-1,-1,-1,-1
674,3,580.15,190.04,309.05,747.63,-1,-1,-1,-1
674,4,-1.84,97.64,362.64,956.99,-1,-1,-1,-1
675,1,1086.35,171.40,239.80,780.24,-1,-1,-1,-1
675,3,575.35,195.39,285.53,738.00,-1,-1,-1,-1
675,4,0.79,95.91,368.99,961.53,-1,-1,-1,-1
676,1,1076.17,173.40,241.54,778.16,-1,-1,-1,-1
676,3,565.20,188.62,272.07,742.40,-1,-1,-1,-1
676,4,3.24,96.00,371.89,960.32,-1,-1,-1,-1
677,1,1064.43,176.01,239.66,775.71,-1,-1,-1,-1
677,3,538.90,182.19,248.77,755.43,-1,-1,-1,-1
677,4,14.75,105.19,361.27,941.95,-1,-1,-1,-1
678,1,1043.17,181.69,243.85,768.80,-1,-1,-1,-1
678,3,499.20,176.52,245.99,764.15,-1,-1,-1,-1
678,4,30.08,100.93,349.90,947.92,-1,-1,-1,-1
679,1,1022.00,181.25,251.61,766.08,-1,-1,-1,-1
679,3,463.61,173.70,259.47,772.68,-1,-1,-1,-1
679,4,50.24,98.72,342.54,947.23,-1,-1,-1,-1
680,1,1010.54,184.51,257.39,759.75,-1,-1,-1,-1
680,3,407.30,181.56,306.67,760.93,-1,-1,-1,-1
680,4,69.62,91.75,339.82,962.74,-1,-1,-1,-1
681,1,996.40,188.04,270.07,754.07,-1,-1,-1,-1
681,3,362.43,191.32,346.40,752.15,-1,-1,-1,-1
681,4,101.08,91.40,323.11,965.83,-1,-1,-1,-1
682,1,983.49,198.84,274.04,730.99,-1,-1,-1,-1
682,3,355.15,192.89,342.57,748.62,-1,-1,-1,-1
682,4,107.60,91.67,339.38,960.16,-1,-1,-1,-1
683,1,991.63,191.11,247.09,741.74,-1,-1,-1,-1
683,3,372.83,188.61,295.50,752.62,-1,-1,-1,-1
683,4,139.83,100.30,312.00,948.41,-1,-1,-1,-1
684,1,990.53,191.46,214.48,724.26,-1,-1,-1,-1
684,3,372.58,186.46,271.41,755.88,-1,-1,-1,-1
684,4,162.65,103.26,300.76,945.74,-1,-1,-1,-1
685,1,980.21,191.26,198.04,708.71,-1,-1,-1,-1
685,3,378.01,190.43,222.97,738.99,-1,-1,-1,-1
685,4,186.77,136.17,317.58,899.60,-1,-1,-1,-1
686,1,963.30,190.96,196.71,701.72,-1,-1,-1,-1
686,3,383.68,227.13,181.20,577.59,-1,-1,-1,-1
686,4,203.62,126.38,331.96,925.75,-1,-1,-1,-1
687,1,948.52,187.73,195.14,701.85,-1,-1,-1,-1
687,3,375.69,256.27,158.63,505.69,-1,-1,-1,-1
687,4,222.83,120.38,327.94,939.98,-1,-1,-1,-1
688,1,920.43,193.01,212.47,692.46,-1,-1,-1,-1
688,3,367.70,285.41,136.06,433.79,-1,-1,-1,-1
688,4,246.35,149.81,334.41,911.48,-1,-1,-1,-1
689,1,892.45,197.06,235.23,688.71,-1,-1,-1,-1
689,3,359.70,314.55,113.50,361.89,-1,-1,-1,-1
689,4,265.97,146.33,348.69,916.43,-1,-1,-1,-1
690,1,883.38,216.91,242.34,653.52,-1,-1,-1,-1
690,3,351.71,343.70,90.95,290.00,-1,-1,-1,-1
690,4,277.71,135.25,366.18,940.38,-1,-1,-1,-1
691,1,876.31,211.38,234.52,660.57,-1,-1,-1,-1
691,3,242.47,196.36,191.27,645.99,-1,-1,-1,-1
691,4,274.22,144.62,391.93,929.17,-1,-1,-1,-1
692,1,869.72,214.25,233.99,650.60,-1,-1,-1,-1
692,3,222.60,189.99,195.93,664.77,-1,-1,-1,-1
692,4,306.58,155.99,366.15,915.59,-1,-1,-1,-1
693,1,864.09,220.47,215.88,629.56,-1,-1,-1,-1
693,3,204.48,187.76,213.02,684.80,-1,-1,-1,-1
693,4,343.59,144.19,336.26,930.99,-1,-1,-1,-1
694,1,849.98,220.76,202.88,624.91,-1,-1,-1,-1
694,3,189.35,184.39,234.85,708.14,-1,-1,-1,-1
694,4,373.97,133.12,319.14,946.81,-1,-1,-1,-1
695,1,830.31,222.84,192.39,618.82,-1,-1,-1,-1
695,3,178.65,194.17,255.39,696.11,-1,-1,-1,-1
695,4,410.03,137.89,305.92,933.76,-1,-1,-1,-1
696,1,809.30,226.23,193.66,608.01,-1,-1,-1,-1
696,3,178.85,202.29,266.63,680.98,-1,-1,-1,-1
696,4,441.84,134.66,301.76,941.27,-1,-1,-1,-1
697,1,791.15,225.25,204.20,611.15,-1,-1,-1,-1
697,3,189.19,199.48,255.81,680.07,-1,-1,-1,-1
697,4,472.63,143.25,303.98,931.97,-1,-1,-1,-1
698,1,773.10,221.73,215.62,617.28,-1,-1,-1,-1
698,3,198.89,202.89,244.04,675.77,-1,-1,-1,-1
698,4,503.09,132.32,321.32,947.82,-1,-1,-1,-1
699,1,769.01,228.49,211.28,604.07,-1,-1,-1,-1
699,3,207.23,211.19,238.90,656.02,-1,-1,-1,-1
699,4,527.76,151.78,353.37,922.68,-1,-1,-1,-1
700,1,773.12,232.42,189.48,595.84,-1,-1,-1,-1
700,3,219.51,210.08,227.27,655.97,-1,-1,-1,-1
700,4,554.80,155.70,358.72,917.60,-1,-1,-1,-1
701,1,781.82,241.78,148.69,568.93,-1,-1,-1,-1
701,3,238.10,213.71,215.36,639.07,-1,-1,-1,-1
701,4,576.08,174.43,359.41,888.24,-1,-1,-1,-1
702,1,771.30,247.96,144.68,553.71,-1,-1,-1,-1
702,3,259.81,217.29,198.79,618.70,-1,-1,-1,-1
702,4,608.60,178.87,329.28,873.76,-1,-1,-1,-1
703,1,760.79,254.14,140.67,538.50,-1,-1,-1,-1
703,3,275.90,218.12,189.09,607.35,-1,-1,-1,-1
703,4,651.81,179.74,288.56,854.07,-1,-1,-1,-1
704,1,750.27,260.33,136.67,523.28,-1,-1,-1,-1
704,3,291.95,219.34,182.00,605.67,-1,-1,-1,-1
704,4,686.50,164.26,269.49,862.26,-1,-1,-1,-1
705,1,739.76,266.51,132.66,508.07,-1,-1,-1,-1
705,3,304.36,221.38,184.34,591.48,-1,-1,-1,-1
705,4,696.34,164.62,288.03,848.58,-1,-1,-1,-1
706,3,323.95,222.55,182.30,587.88,-1,-1,-1,-1
706,4,696.14,171.95,313.00,818.82,-1,-1,-1,-1
707,1,673.03,233.07,135.49,582.54,-1,-1,-1,-1
707,3,339.48,225.12,191.67,582.86,-1,-1,-1,-1
707,4,703.36,172.02,323.80,815.24,-1,-1,-1,-1
708,1,647.86,230.01,178.49,589.01,-1,-1,-1,-1
708,3,353.68,219.72,196.43,597.12,-1,-1,-1,-1
708,4,744.11,172.09,298.56,810.42,-1,-1,-1,-1
709,1,635.49,231.07,189.13,586.55,-1,-1,-1,-1
709,3,362.13,221.33,201.19,595.77,-1,-1,-1,-1
709,4,771.93,176.85,285.42,803.61,-1,-1,-1,-1
710,1,628.17,239.35,174.16,568.93,-1,-1,-1,-1
710,3,369.29,222.37,202.02,589.63,-1,-1,-1,-1
710,4,799.73,182.90,268.72,791.50,-1,-1,-1,-1
711,1,614.96,239.55,166.01,573.55,-1,-1,-1,-1
711,3,391.77,229.97,177.94,567.18,-1,-1,-1,-1
711,4,824.08,190.57,251.21,777.29,-1,-1,-1,-1
712,1,601.01,234.13,166.28,584.74,-1,-1,-1,-1
712,3,409.50,231.96,160.00,554.85,-1,-1,-1,-1
712,4,841.61,184.82,237.98,780.07,-1,-1,-1,-1
713,1,572.13,228.19,192.59,595.69,-1,-1,-1,-1
713,3,426.48,230.82,148.76,551.37,-1,-1,-1,-1
713,4,860.58,179.15,226.82,785.74,-1,-1,-1,-1
714,1,523.00,218.70,234.88,610.12,-1,-1,-1,-1
714,3,441.29,226.05,152.69,565.13,-1,-1,-1,-1
714,4,877.64,182.35,218.63,760.83,-1,-1,-1,-1