31,0,1.74,271.95,231.14,584.89,-1,-1,-1,-1
32,0,6.18,259.87,230.32,593.98,-1,-1,-1,-1
33,0,5.61,246.73,234.26,602.87,-1,-1,-1,-1
34,0,7.71,242.69,234.92,613.73,-1,-1,-1,-1
35,0,11.27,237.88,231.76,617.20,-1,-1,-1,-1
36,0,22.27,245.98,227.60,600.35,-1,-1,-1,-1
37,0,31.43,241.70,246.29,605.48,-1,-1,-1,-1
38,0,39.43,247.47,279.20,593.96,-1,-1,-1,-1
39,0,52.48,249.06,313.34,587.79,-1,-1,-1,-1
40,0,65.66,253.42,331.21,581.61,-1,-1,-1,-1
41,0,78.74,250.36,336.20,589.22,-1,-1,-1,-1
42,0,97.38,253.23,335.23,589.21,-1,-1,-1,-1
43,0,115.90,254.71,320.41,588.85,-1,-1,-1,-1
44,0,147.73,252.52,294.54,593.40,-1,-1,-1,-1
45,0,189.84,249.95,255.85,599.61,-1,-1,-1,-1
46,0,216.99,239.70,234.72,617.33,-1,-1,-1,-1
47,0,241.76,229.49,219.43,626.19,-1,-1,-1,-1
48,0,256.66,225.66,224.35,631.88,-1,-1,-1,-1
49,0,265.41,230.25,264.12,623.25,-1,-1,-1,-1
50,0,279.54,234.92,287.03,614.87,-1,-1,-1,-1
51,0,287.66,234.96,327.35,614.58,-1,-1,-1,-1
52,0,295.38,240.95,352.09,609.76,-1,-1,-1,-1
53,0,310.13,247.20,362.84,607.12,-1,-1,-1,-1
54,0,322.68,246.26,362.34,611.98,-1,-1,-1,-1
55,0,343.71,237.14,345.63,624.95,-1,-1,-1,-1
56,0,373.66,233.60,309.25,629.53,-1,-1,-1,-1
57,0,401.52,229.52,276.55,637.02,-1,-1,-1,-1
58,0,430.18,227.25,248.29,652.60,-1,-1,-1,-1
59,0,451.70,219.15,230.22,667.42,-1,-1,-1,-1
60,0,464.99,218.36,224.63,670.54,-1,-1,-1,-1
61,0,477.93,220.67,225.88,682.81,-1,-1,-1,-1
62,0,485.98,222.66,236.28,698.07,-1,-1,-1,-1
63,0,496.11,224.21,246.44,708.22,-1,-1,-1,-1
64,0,510.65,226.47,256.84,709.30,-1,-1,-1,-1
65,0,522.13,227.29,281.84,707.77,-1,-1,-1,-1
66,0,536.86,231.32,285.51,704.90,-1,-1,-1,-1
67,0,565.11,221.60,268.20,716.08,-1,-1,-1,-1
68,0,592.06,219.12,244.91,718.31,-1,-1,-1,-1
69,0,611.19,214.72,244.84,722.50,-1,-1,-1,-1
70,0,619.04,220.41,294.39,711.92,-1,-1,-1,-1
71,0,632.40,224.85,320.63,705.35,-1,-1,-1,-1
72,0,638.94,230.00,336.79,695.90,-1,-1,-1,-1
73,0,638.03,231.85,369.90,691.70,-1,-1,-1,-1
74,0,647.54,237.21,379.84,680.80,-1,-1,-1,-1
75,0,670.51,237.56,361.75,676.80,-1,-1,-1,-1
76,0,717.30,231.36,301.17,673.31,-1,-1,-1,-1
77,0,775.54,226.98,236.19,662.47,-1,-1,-1,-1
78,0,820.21,211.35,206.81,674.55,-1,-1,-1,-1
79,0,848.38,199.63,217.21,685.93,-1,-1,-1,-1
80,0,858.53,212.61,278.87,659.32,-1,-1,-1,-1
81,0,866.23,216.09,319.22,649.87,-1,-1,-1,-1
82,0,875.08,220.07,348.11,648.61,-1,-1,-1,-1
83,0,900.73,217.66,331.81,653.31,-1,-1,-1,-1
84,0,941.16,216.74,299.13,653.47,-1,-1,-1,-1
85,0,970.97,216.72,276.73,651.10,-1,-1,-1,-1
86,0,1012.80,208.29,236.34,664.93,-1,-1,-1,-1
87,0,1049.02,204.02,207.92,669.35,-1,-1,-1,-1
88,0,1072.21,202.29,204.68,666.79,-1,-1,-1,-1
89,0,1083.30,199.88,242.15,666.67,-1,-1,-1,-1
90,0,1092.85,207.51,293.81,650.83,-1,-1,-1,-1
91,0,1107.44,215.11,319.74,639.29,-1,-1,-1,-1
92,0,1116.20,228.23,326.66,627.73,-1,-1,-1,-1
93,0,1114.92,223.44,323.94,642.29,-1,-1,-1,-1
94,0,1119.71,217.74,330.31,654.34,-1,-1,-1,-1
95,0,1131.04,212.15,331.35,660.05,-1,-1,-1,-1
96,0,1152.12,213.19,316.54,651.99,-1,-1,-1,-1
97,0,1173.69,213.87,299.95,649.00,-1,-1,-1,-1
98,0,1201.88,210.14,281.43,651.96,-1,-1,-1,-1
99,0,1232.90,211.63,252.53,650.46,-1,-1,-1,-1
100,0,1257.32,210.91,227.16,649.62,-1,-1,-1,-1
101,0,1274.89,215.24,201.01,640.78,-1,-1,-1,-1
102,0,1289.98,211.37,176.04,650.37,-1,-1,-1,-1
103,0,1302.67,214.08,164.87,643.69,-1,-1,-1,-1
104,0,1304.47,219.31,167.01,632.78,-1,-1,-1,-1
105,0,1294.85,228.96,182.33,618.03,-1,-1,-1,-1
106,0,1283.85,225.49,192.29,609.54,-1,-1,-1,-1
107,0,1276.24,220.19,198.49,610.62,-1,-1,-1,-1
108,0,1269.44,221.28,206.24,601.36,-1,-1,-1,-1
109,0,1269.51,216.68,203.42,598.85,-1,-1,-1,-1
110,0,1262.53,214.96,211.69,590.41,-1,-1,-1,-1
111,0,1251.56,219.08,218.63,578.10,-1,-1,-1,-1
112,0,1235.86,220.01,228.99,573.44,-1,-1,-1,-1
113,0,1217.15,219.93,243.67,570.27,-1,-1,-1,-1
114,0,1205.72,226.20,251.12,561.33,-1,-1,-1,-1
115,0,1198.01,232.29,255.03,553.29,-1,-1,-1,-1
116,0,1192.82,232.51,253.39,552.10,-1,-1,-1,-1
117,0,1182.80,233.92,246.78,544.79,-1,-1,-1,-1
118,0,1171.87,226.21,234.06,549.24,-1,-1,-1,-1
119,0,1156.04,225.82,223.28,539.45,-1,-1,-1,-1
120,0,1133.91,223.57,208.08,539.24,-1,-1,-1,-1
121,0,1117.09,222.30,201.12,543.44,-1,-1,-1,-1
122,0,1098.04,230.13,200.93,534.90,-1,-1,-1,-1
123,0,1078.19,228.04,211.56,540.11,-1,-1,-1,-1
124,0,1054.30,220.92,233.74,549.51,-1,-1,-1,-1
125,0,1040.31,217.21,245.36,555.91,-1,-1,-1,-1
126,0,1026.21,223.60,253.61,551.08,-1,-1,-1,-1
127,0,1020.22,232.14,252.31,548.30,-1,-1,-1,-1
128,0,1007.09,240.05,256.20,539.61,-1,-1,-1,-1
129,0,978.34,238.60,283.36,546.09,-1,-1,-1,-1
130,0,929.13,231.88,329.54,555.97,-1,-1,-1,-1
131,0,894.23,230.44,344.26,566.26,-1,-1,-1,-1
131,1,13.62,236.98,215.01,573.02,-1,-1,-1,-1
132,0,881.24,230.91,327.03,566.59,-1,-1,-1,-1
132,1,21.74,233.51,237.87,573.22,-1,-1,-1,-1
133,0,874.04,227.34,303.60,575.91,-1,-1,-1,-1
133,1,35.99,239.72,254.29,567.40,-1,-1,-1,-1
134,0,878.15,233.27,262.93,561.59,-1,-1,-1,-1
134,1,59.46,233.66,264.07,577.78,-1,-1,-1,-1
135,0,883.50,229.76,237.92,592.31,-1,-1,-1,-1
135,1,83.85,231.22,265.09,585.45,-1,-1,-1,-1
136,0,886.73,234.39,222.51,597.72,-1,-1,-1,-1
136,1,115.00,236.90,245.33,571.46,-1,-1,-1,-1
137,0,890.20,234.84,214.02,603.48,-1,-1,-1,-1
137,1,142.32,236.20,228.65,573.54,-1,-1,-1,-1
138,0,886.96,228.04,217.27,608.31,-1,-1,-1,-1
138,1,165.07,228.22,228.29,585.95,-1,-1,-1,-1
139,0,885.66,227.14,222.45,585.40,-1,-1,-1,-1
139,1,184.69,224.12,226.29,593.27,-1,-1,-1,-1
140,0,878.56,213.20,242.82,609.98,-1,-1,-1,-1
140,1,204.96,219.82,235.85,590.10,-1,-1,-1,-1
141,0,859.43,206.69,279.34,646.31,-1,-1,-1,-1
141,1,226.91,225.09,246.93,566.46,-1,-1,-1,-1
142,0,836.00,206.74,318.78,672.05,-1,-1,-1,-1
142,1,246.55,218.43,264.01,576.31,-1,-1,-1,-1
143,0,825.92,205.00,334.75,689.19,-1,-1,-1,-1
143,1,269.71,231.97,272.54,560.68,-1,-1,-1,-1
144,0,829.44,213.04,322.57,692.45,-1,-1,-1,-1
144,1,292.18,228.15,273.82,569.12,-1,-1,-1,-1
145,0,834.38,214.81,300.19,695.98,-1,-1,-1,-1
145,1,312.29,226.13,264.54,575.17,-1,-1,-1,-1
146,0,839.14,210.69,262.84,707.28,-1,-1,-1,-1
146,1,342.05,232.21,239.15,561.26,-1,-1,-1,-1
147,0,837.65,210.34,237.34,720.30,-1,-1,-1,-1
147,1,365.67,227.93,216.77,558.73,-1,-1,-1,-1
148,0,831.26,207.34,222.39,725.08,-1,-1,-1,-1
148,1,384.36,216.23,212.27,572.14,-1,-1,-1,-1
149,0,825.04,203.27,212.89,734.09,-1,-1,-1,-1
149,1,408.06,210.32,208.67,582.18,-1,-1,-1,-1
150,0,813.32,193.78,218.76,754.38,-1,-1,-1,-1
150,1,436.85,217.41,199.68,572.85,-1,-1,-1,-1
151,0,800.18,190.85,227.42,774.98,-1,-1,-1,-1
151,1,453.42,223.56,214.14,559.40,-1,-1,-1,-1
152,0,783.42,187.44,243.25,796.22,-1,-1,-1,-1
152,1,466.20,234.39,243.18,552.73,-1,-1,-1,-1
153,0,760.32,184.41,270.96,821.17,-1,-1,-1,-1
153,1,486.32,243.46,251.59,550.03,-1,-1,-1,-1
154,0,734.88,192.05,304.30,831.86,-1,-1,-1,-1
154,1,521.97,233.85,228.78,566.75,-1,-1,-1,-1
155,0,712.23,186.13,336.92,853.67,-1,-1,-1,-1
155,1,551.14,214.95,206.15,592.05,-1,-1,-1,-1
156,0,708.04,188.28,353.76,860.13,-1,-1,-1,-1
156,1,577.22,215.80,197.08,587.57,-1,-1,-1,-1
157,0,717.90,182.02,361.45,863.23,-1,-1,-1,-1
157,1,597.13,222.46,193.01,580.07,-1,-1,-1,-1
158,0,732.39,183.41,374.69,865.47,-1,-1,-1,-1
158,1,613.99,218.50,188.60,580.24,-1,-1,-1,-1
159,0,743.48,186.16,404.00,865.25,-1,-1,-1,-1
159,1,634.56,213.08,179.15,587.72,-1,-1,-1,-1
160,0,779.96,184.26,393.72,871.73,-1,-1,-1,-1
160,1,644.89,215.28,195.21,585.66,-1,-1,-1,-1
161,0,806.33,184.49,383.82,867.10,-1,-1,-1,-1
161,1,651.27,218.89,220.18,580.23,-1,-1,-1,-1
162,0,832.74,189.53,365.12,858.68,-1,-1,-1,-1
162,1,658.18,216.82,238.10,579.95,-1,-1,-1,-1
163,0,853.46,198.72,335.47,842.74,-1,-1,-1,-1
163,1,671.55,232.58,245.20,559.50,-1,-1,-1,-1
164,0,876.71,203.78,287.46,847.52,-1,-1,-1,-1
164,1,693.96,232.91,226.74,558.40,-1,-1,-1,-1
165,0,888.54,192.78,289.34,871.27,-1,-1,-1,-1
165,1,738.55,232.37,187.94,543.49,-1,-1,-1,-1
166,0,873.87,201.07,316.06,863.57,-1,-1,-1,-1
166,1,775.52,230.13,160.19,537.65,-1,-1,-1,-1
167,0,893.74,180.38,308.38,892.85,-1,-1,-1,-1
167,1,800.52,217.87,158.19,568.70,-1,-1,-1,-1
168,0,897.48,175.69,346.70,900.39,-1,-1,-1,-1
168,1,819.82,212.04,170.71,576.54,-1,-1,-1,-1
169,0,895.06,166.83,389.92,904.88,-1,-1,-1,-1
169,1,835.98,213.65,171.54,571.09,-1,-1,-1,-1
170,0,912.91,168.29,404.74,904.74,-1,-1,-1,-1
170,1,847.49,213.84,178.77,567.73,-1,-1,-1,-1
171,0,928.10,144.38,411.37,937.38,-1,-1,-1,-1
171,1,853.84,219.48,195.77,558.66,-1,-1,-1,-1
172,0,958.14,140.97,402.34,936.94,-1,-1,-1,-1
172,1,870.13,219.50,208.46,553.53,-1,-1,-1,-1
173,0,997.27,142.96,376.52,911.28,-1,-1,-1,-1
173,1,912.95,221.43,174.71,535.59,-1,-1,-1,-1
174,0,1022.09,142.54,365.36,910.32,-1,-1,-1,-1
174,1,949.22,217.88,148.04,533.81,-1,-1,-1,-1
175,0,1029.91,139.28,368.64,915.06,-1,-1,-1,-1
175,1,970.94,218.85,146.21,527.26,-1,-1,-1,-1
176,0,1052.44,136.13,356.35,919.87,-1,-1,-1,-1
176,1,992.66,219.82,144.39,520.71,-1,-1,-1,-1
177,0,1077.04,141.06,341.54,919.86,-1,-1,-1,-1
177,1,1020.07,202.13,135.33,553.71,-1,-1,-1,-1
178,0,1092.01,154.46,338.01,899.33,-1,-1,-1,-1
178,1,1035.63,199.58,136.51,557.51,-1,-1,-1,-1
179,0,1099.23,153.14,338.53,901.75,-1,-1,-1,-1
179,1,1046.72,199.95,142.55,554.98,-1,-1,-1,-1
180,0,1092.24,152.22,369.47,892.42,-1,-1,-1,-1
180,1,1057.75,210.30,145.81,524.34,-1,-1,-1,-1
181,0,1132.62,150.17,338.69,897.70,-1,-1,-1,-1
181,1,1063.63,196.84,185.77,548.52,-1,-1,-1,-1
182,0,1136.85,149.86,367.31,893.13,-1,-1,-1,-1
182,1,1087.87,200.61,174.95,545.24,-1,-1,-1,-1
183,0,1153.37,150.08,366.23,890.50,-1,-1,-1,-1
183,1,1101.62,208.53,174.53,531.25,-1,-1,-1,-1
184,0,1138.18,137.86,413.21,910.21,-1,-1,-1,-1
184,1,1120.40,201.07,155.46,533.27,-1,-1,-1,-1
185,0,1147.04,150.25,412.02,887.41,-1,-1,-1,-1
185,1,1137.98,200.31,154.78,530.93,-1,-1,-1,-1
186,0,1156.30,157.05,402.16,868.49,-1,-1,-1,-1
186,1,1155.57,199.55,154.09,528.59,-1,-1,-1,-1
187,0,1162.50,162.63,392.78,849.34,-1,-1,-1,-1
187,1,1173.15,198.79,153.40,526.24,-1,-1,-1,-1
188,0,1170.70,173.40,383.99,827.01,-1,-1,-1,-1
188,1,1190.74,198.03,152.71,523.90,-1,-1,-1,-1
189,0,1190.72,176.75,362.53,823.58,-1,-1,-1,-1
189,1,1189.77,206.19,152.69,532.78,-1,-1,-1,-1
190,0,1204.86,176.23,345.60,820.52,-1,-1,-1,-1
190,1,1199.93,212.63,152.78,528.17,-1,-1,-1,-1
191,0,1216.13,171.15,332.73,821.44,-1,-1,-1,-1
191,1,1214.69,213.80,152.27,526.43,-1,-1,-1,-1
192,0,1208.11,175.42,337.64,811.34,-1,-1,-1,-1
192,1,1229.46,214.97,151.76,524.70,-1,-1,-1,-1
193,0,1200.27,183.82,339.51,787.65,-1,-1,-1,-1
193,1,1244.22,216.15,151.26,522.96,-1,-1,-1,-1
194,0,1187.30,177.79,340.40,799.41,-1,-1,-1,-1
194,1,1258.98,217.32,150.75,521.23,-1,-1,-1,-1
195,0,1175.39,169.42,371.99,810.79,-1,-1,-1,-1
196,0,1177.25,173.79,371.39,791.15,-1,-1,-1,-1
197,0,1187.33,184.75,383.12,762.65,-1,-1,-1,-1
198,0,1184.51,187.16,409.52,744.99,-1,-1,-1,-1
199,0,1155.13,181.40,457.43,747.33,-1,-1,-1,-1
200,0,1141.01,181.52,397.81,745.33,-1,-1,-1,-1
201,0,1131.48,187.03,375.22,738.03,-1,-1,-1,-1
202,0,1126.08,187.15,358.35,735.32,-1,-1,-1,-1
203,0,1115.45,189.68,347.05,729.34,-1,-1,-1,-1
203,3,1372.34,195.60,261.81,630.52,-1,-1,-1,-1
204,0,1102.62,196.18,332.96,714.99,-1,-1,-1,-1
204,3,1381.60,185.89,267.03,640.32,-1,-1,-1,-1
205,0,1092.03,193.45,310.15,707.57,-1,-1,-1,-1
205,3,1392.60,182.22,261.44,637.81,-1,-1,-1,-1
206,0,1087.94,186.64,265.67,715.60,-1,-1,-1,-1
206,3,1403.04,177.49,255.90,642.46,-1,-1,-1,-1
207,0,1066.46,184.12,237.55,713.39,-1,-1,-1,-1
207,3,1415.31,159.22,246.24,669.96,-1,-1,-1,-1
208,0,1049.02,182.38,236.95,711.64,-1,-1,-1,-1
208,3,1437.31,157.81,219.79,684.19,-1,-1,-1,-1
209,0,1031.58,180.65,236.35,709.89,-1,-1,-1,-1
209,3,1427.89,160.61,227.17,693.52,-1,-1,-1,-1
210,0,1014.14,178.92,235.75,708.13,-1,-1,-1,-1
210,3,1406.26,152.35,246.63,727.35,-1,-1,-1,-1
211,0,996.69,177.18,235.15,706.38,-1,-1,-1,-1
211,3,1396.33,163.73,256.39,718.22,-1,-1,-1,-1
212,3,1397.70,169.30,253.50,719.69,-1,-1,-1,-1
212,4,811.38,212.73,453.79,680.34,-1,-1,-1,-1
213,3,1389.36,169.82,267.81,717.64,-1,-1,-1,-1
213,4,801.92,221.88,467.86,669.40,-1,-1,-1,-1
213,5,3.32,239.29,255.55,600.60,-1,-1,-1,-1
214,3,1376.91,181.76,294.17,703.65,-1,-1,-1,-1
214,4,798.78,217.54,459.10,670.39,-1,-1,-1,-1
214,5,11.50,229.23,243.96,612.56,-1,-1,-1,-1
215,3,1369.27,178.99,283.27,714.21,-1,-1,-1,-1
215,4,813.62,214.82,418.45,670.34,-1,-1,-1,-1
215,5,20.18,221.02,233.66,621.16,-1,-1,-1,-1
216,0,852.68,206.37,296.46,653.21,-1,-1,-1,-1
216,3,1343.71,165.34,293.92,731.30,-1,-1,-1,-1
216,4,806.78,216.44,416.45,667.12,-1,-1,-1,-1
216,5,39.07,227.44,222.34,600.33,-1,-1,-1,-1
217,0,862.03,209.96,255.84,648.47,-1,-1,-1,-1
217,3,1311.62,164.64,317.36,719.25,-1,-1,-1,-1
217,4,799.94,218.06,414.45,663.90,-1,-1,-1,-1
217,5,58.96,227.95,228.65,594.00,-1,-1,-1,-1
218,0,874.74,204.32,214.49,659.08,-1,-1,-1,-1
218,3,1282.03,155.04,339.93,734.43,-1,-1,-1,-1
218,4,793.10,219.68,412.45,660.68,-1,-1,-1,-1
218,5,68.13,219.87,228.02,592.38,-1,-1,-1,-1
219,0,871.89,205.14,194.78,663.72,-1,-1,-1,-1
219,3,1286.02,150.25,381.41,742.60,-1,-1,-1,-1
219,4,786.26,221.31,410.45,657.46,-1,-1,-1,-1
219,5,77.29,211.78,227.40,590.77,-1,-1,-1,-1
220,0,853.37,202.26,206.23,670.24,-1,-1,-1,-1
220,3,1294.43,151.12,382.90,738.24,-1,-1,-1,-1
220,5,86.46,203.70,226.77,589.15,-1,-1,-1,-1
221,0,836.59,199.85,207.61,674.79,-1,-1,-1,-1
221,3,1283.26,160.15,371.02,735.67,-1,-1,-1,-1
221,4,783.38,214.19,324.06,651.00,-1,-1,-1,-1
221,5,95.63,195.61,226.15,587.54,-1,-1,-1,-1
222,0,819.81,197.45,208.99,679.33,-1,-1,-1,-1
222,3,1274.66,162.76,317.70,731.54,-1,-1,-1,-1
222,4,764.67,211.03,339.90,656.72,-1,-1,-1,-1
222,6,154.92,247.27,281.28,580.31,-1,-1,-1,-1
223,0,803.03,195.04,210.36,683.88,-1,-1,-1,-1
223,3,1266.38,164.93,279.57,734.75,-1,-1,-1,-1
223,4,745.00,207.94,353.57,667.08,-1,-1,-1,-1
223,6,192.39,246.63,248.59,581.13,-1,-1,-1,-1
224,0,786.26,192.63,211.74,688.43,-1,-1,-1,-1
224,3,1233.60,160.44,261.37,740.07,-1,-1,-1,-1
224,4,721.11,210.32,364.45,669.31,-1,-1,-1,-1
224,6,232.05,242.08,219.98,585.77,-1,-1,-1,-1
225,3,1209.14,156.57,247.85,744.30,-1,-1,-1,-1
225,4,708.88,212.75,356.11,667.69,-1,-1,-1,-1
225,6,254.81,240.38,207.60,581.05,-1,-1,-1,-1
226,3,1182.50,156.21,238.88,743.61,-1,-1,-1,-1
226,4,694.52,216.65,322.35,663.15,-1,-1,-1,-1
226,6,274.35,242.34,196.40,575.32,-1,-1,-1,-1
227,3,1154.76,150.54,239.81,764.57,-1,-1,-1,-1
227,4,676.40,216.90,286.86,667.11,-1,-1,-1,-1
227,6,290.54,240.40,202.38,571.91,-1,-1,-1,-1
228,3,1127.35,143.63,252.47,766.27,-1,-1,-1,-1
228,4,669.67,218.71,252.89,666.56,-1,-1,-1,-1
228,6,308.96,233.08,222.68,584.96,-1,-1,-1,-1
229,3,1104.64,141.55,251.63,752.37,-1,-1,-1,-1
229,4,673.67,217.09,215.60,665.45,-1,-1,-1,-1
229,6,321.51,240.59,257.97,571.31,-1,-1,-1,-1
230,3,1084.78,144.14,261.02,747.28,-1,-1,-1,-1
230,4,652.01,211.92,222.33,673.78,-1,-1,-1,-1
230,6,335.41,250.18,271.91,561.88,-1,-1,-1,-1
231,3,1067.02,159.84,277.99,730.42,-1,-1,-1,-1
231,4,595.54,226.23,276.21,660.98,-1,-1,-1,-1
231,6,346.92,267.28,290.91,538.59,-1,-1,-1,-1
232,3,1056.84,162.88,275.58,738.74,-1,-1,-1,-1
232,4,549.98,228.77,318.78,666.41,-1,-1,-1,-1
232,6,368.95,267.78,274.20,540.45,-1,-1,-1,-1
233,3,1052.59,164.30,262.80,739.32,-1,-1,-1,-1
233,4,531.07,234.21,329.33,664.66,-1,-1,-1,-1
233,6,394.69,248.62,244.09,571.29,-1,-1,-1,-1
234,3,1053.62,162.69,224.26,748.92,-1,-1,-1,-1
234,4,527.04,240.62,330.57,670.96,-1,-1,-1,-1
234,6,421.17,251.65,217.58,558.79,-1,-1,-1,-1
235,3,1027.62,176.09,222.86,721.19,-1,-1,-1,-1
235,4,519.95,233.06,334.82,695.86,-1,-1,-1,-1
235,6,448.69,244.97,192.07,554.15,-1,-1,-1,-1
236,3,995.39,169.05,217.28,727.51,-1,-1,-1,-1
236,4,508.69,222.02,326.67,716.47,-1,-1,-1,-1
236,6,473.21,243.31,165.95,555.80,-1,-1,-1,-1
237,3,960.69,156.88,226.52,738.98,-1,-1,-1,-1
237,4,489.60,219.82,331.11,722.11,-1,-1,-1,-1
237,6,489.36,241.93,165.83,555.43,-1,-1,-1,-1
238,3,926.57,174.33,237.82,637.99,-1,-1,-1,-1
238,4,489.08,220.49,304.36,720.42,-1,-1,-1,-1
238,6,505.51,240.56,165.71,555.06,-1,-1,-1,-1
239,3,901.45,159.69,252.26,702.93,-1,-1,-1,-1
239,4,483.41,216.70,312.56,726.01,-1,-1,-1,-1
239,6,521.65,239.19,165.58,554.68,-1,-1,-1,-1
240,3,893.11,146.49,248.89,750.30,-1,-1,-1,-1
240,4,437.07,212.69,378.57,733.96,-1,-1,-1,-1
240,6,537.80,237.82,165.46,554.31,-1,-1,-1,-1
241,3,883.17,154.63,262.91,762.26,-1,-1,-1,-1
241,4,370.62,205.09,460.69,761.61,-1,-1,-1,-1
242,3,870.16,152.53,264.56,784.18,-1,-1,-1,-1
242,4,309.37,203.83,525.75,777.02,-1,-1,-1,-1
243,3,852.34,151.39,248.28,813.84,-1,-1,-1,-1
243,4,268.84,201.49,545.27,798.57,-1,-1,-1,-1
244,3,836.80,152.80,228.42,835.49,-1,-1,-1,-1
244,4,252.54,203.84,544.77,819.11,-1,-1,-1,-1
245,3,820.53,160.23,221.89,807.38,-1,-1,-1,-1
245,4,264.82,212.95,520.69,817.06,-1,-1,-1,-1
246,3,799.86,169.66,221.57,788.75,-1,-1,-1,-1
246,4,295.93,211.26,485.84,829.99,-1,-1,-1,-1
247,3,770.86,196.84,238.37,742.38,-1,-1,-1,-1
247,4,280.56,210.73,492.53,841.41,-1,-1,-1,-1
248,3,752.79,181.21,237.42,748.33,-1,-1,-1,-1
248,4,265.20,210.19,499.23,852.82,-1,-1,-1,-1
249,3,743.61,168.78,227.04,746.21,-1,-1,-1,-1
249,4,249.83,209.66,505.92,864.24,-1,-1,-1,-1
250,3,713.09,178.53,256.69,732.43,-1,-1,-1,-1
250,4,234.47,209.13,512.61,875.66,-1,-1,-1,-1
251,3,698.92,191.42,272.36,732.00,-1,-1,-1,-1
251,7,547.32,173.27,370.00,894.26,-1,-1,-1,-1
252,3,691.82,190.38,277.20,749.06,-1,-1,-1,-1
252,7,567.56,167.17,369.40,891.00,-1,-1,-1,-1
253,3,676.52,190.91,278.62,752.90,-1,-1,-1,-1
253,7,574.44,178.06,401.91,836.41,-1,-1,-1,-1
254,3,661.22,191.44,280.03,756.73,-1,-1,-1,-1
254,7,575.52,166.74,427.18,886.38,-1,-1,-1,-1
255,3,645.92,191.98,281.45,760.57,-1,-1,-1,-1
255,7,573.41,164.99,451.79,901.28,-1,-1,-1,-1
256,3,630.62,192.51,282.86,764.41,-1,-1,-1,-1
256,7,576.50,166.22,459.39,908.30,-1,-1,-1,-1
256,11,861.94,238.94,163.33,525.64,-1,-1,-1,-1
257,7,568.06,166.35,467.50,909.65,-1,-1,-1,-1
257,11,878.10,232.20,161.30,548.78,-1,-1,-1,-1
258,7,549.84,157.36,495.07,916.41,-1,-1,-1,-1
258,11,892.43,224.09,170.57,557.90,-1,-1,-1,-1
259,7,558.48,154.38,498.65,923.03,-1,-1,-1,-1
259,11,914.56,226.90,182.38,553.64,-1,-1,-1,-1
260,7,567.13,151.40,502.24,929.65,-1,-1,-1,-1
260,11,926.94,228.82,214.21,542.17,-1,-1,-1,-1
261,3,491.82,184.85,300.28,736.70,-1,-1,-1,-1
261,7,575.78,148.42,505.82,936.28,-1,-1,-1,-1
261,11,946.34,224.19,221.70,545.98,-1,-1,-1,-1
262,3,466.33,182.52,307.74,736.22,-1,-1,-1,-1
262,7,584.42,145.44,509.40,942.90,-1,-1,-1,-1
262,11,972.70,229.23,212.98,538.76,-1,-1,-1,-1
263,3,444.70,183.57,301.04,735.82,-1,-1,-1,-1
263,11,996.41,227.63,208.00,544.57,-1,-1,-1,-1
264,3,427.30,183.38,263.21,737.51,-1,-1,-1,-1
264,11,1020.36,245.78,214.28,465.51,-1,-1,-1,-1
265,3,412.04,186.96,238.32,734.43,-1,-1,-1,-1
265,11,1049.65,258.45,199.16,432.65,-1,-1,-1,-1
265,16,790.72,184.69,496.96,862.40,-1,-1,-1,-1
266,3,381.56,169.63,239.77,766.39,-1,-1,-1,-1
266,11,1078.95,271.12,184.04,399.79,-1,-1,-1,-1
266,16,796.79,196.68,543.76,855.83,-1,-1,-1,-1
267,3,344.61,162.05,252.55,788.55,-1,-1,-1,-1
267,11,1108.24,283.80,168.92,366.94,-1,-1,-1,-1
267,16,790.51,214.87,594.96,809.96,-1,-1,-1,-1
268,3,318.79,164.77,256.27,770.48,-1,-1,-1,-1
268,11,1137.53,296.47,153.80,334.08,-1,-1,-1,-1
268,16,830.98,200.66,547.64,834.22,-1,-1,-1,-1
269,3,294.98,167.72,266.67,743.05,-1,-1,-1,-1
269,16,890.02,192.65,467.81,833.95,-1,-1,-1,-1
270,3,274.82,168.66,278.28,745.81,-1,-1,-1,-1
270,16,939.39,193.00,403.35,820.05,-1,-1,-1,-1
271,3,260.35,164.57,289.19,775.32,-1,-1,-1,-1
271,16,962.52,181.16,388.39,823.39,-1,-1,-1,-1
272,3,251.80,157.49,293.24,814.14,-1,-1,-1,-1
272,16,977.80,168.08,368.03,847.55,-1,-1,-1,-1
273,3,229.14,162.65,301.35,814.22,-1,-1,-1,-1
273,16,988.82,160.90,353.53,851.96,-1,-1,-1,-1
274,3,200.58,166.68,314.77,821.61,-1,-1,-1,-1
274,16,995.79,173.28,341.19,823.55,-1,-1,-1,-1
274,21,1205.25,226.90,171.11,553.62,-1,-1,-1,-1
274,22,3.23,252.44,217.01,576.24,-1,-1,-1,-1
275,3,176.53,163.02,335.34,832.18,-1,-1,-1,-1
275,16,1001.33,175.70,325.39,821.22,-1,-1,-1,-1
275,21,1215.70,226.31,183.60,551.52,-1,-1,-1,-1
275,22,2.37,263.08,222.78,566.59,-1,-1,-1,-1
276,3,154.01,152.03,357.30,842.25,-1,-1,-1,-1
276,16,1005.26,185.02,299.92,810.69,-1,-1,-1,-1
276,21,1227.34,217.23,189.65,567.22,-1,-1,-1,-1
276,22,4.76,268.76,226.18,561.78,-1,-1,-1,-1
277,3,131.76,150.27,374.59,843.86,-1,-1,-1,-1
277,16,1003.47,191.48,293.12,798.50,-1,-1,-1,-1
277,21,1235.49,213.17,197.49,568.58,-1,-1,-1,-1
277,22,4.90,274.08,234.66,548.06,-1,-1,-1,-1
278,3,101.86,143.72,397.86,866.53,-1,-1,-1,-1
278,16,992.68,195.87,308.02,789.52,-1,-1,-1,-1
278,21,1246.62,212.89,211.33,565.40,-1,-1,-1,-1
278,22,15.23,279.49,218.67,528.16,-1,-1,-1,-1
279,3,70.52,140.45,411.04,878.64,-1,-1,-1,-1
279,16,982.19,199.71,320.48,758.71,-1,-1,-1,-1
279,21,1259.56,210.44,217.73,567.92,-1,-1,-1,-1
279,22,30.85,281.25,199.28,546.07,-1,-1,-1,-1
280,3,58.44,145.16,398.90,893.63,-1,-1,-1,-1
280,16,965.93,194.36,335.40,752.80,-1,-1,-1,-1
280,21,1261.90,205.31,244.27,575.45,-1,-1,-1,-1
280,22,41.05,285.46,190.61,543.26,-1,-1,-1,-1
281,3,55.67,146.52,381.96,911.66,-1,-1,-1,-1
281,16,941.91,198.51,346.68,728.66,-1,-1,-1,-1
281,21,1265.26,205.74,272.76,578.27,-1,-1,-1,-1
281,22,43.40,290.57,190.31,542.43,-1,-1,-1,-1
282,3,58.99,146.10,371.73,925.07,-1,-1,-1,-1
282,16,928.34,201.17,342.93,708.38,-1,-1,-1,-1
282,21,1270.78,202.54,283.93,589.12,-1,-1,-1,-1
282,22,45.75,295.68,190.02,541.59,-1,-1,-1,-1
283,3,58.08,133.06,378.22,946.47,-1,-1,-1,-1
283,16,941.77,206.38,303.53,685.73,-1,-1,-1,-1
283,21,1284.22,203.78,283.93,592.87,-1,-1,-1,-1
283,22,48.10,300.79,189.72,540.75,-1,-1,-1,-1
284,3,54.20,124.37,399.96,956.32,-1,-1,-1,-1
284,16,973.40,191.34,251.17,708.54,-1,-1,-1,-1
284,21,1296.70,200.52,277.89,591.83,-1,-1,-1,-1
284,22,50.44,305.89,189.42,539.91,-1,-1,-1,-1
285,3,53.98,130.06,419.21,935.61,-1,-1,-1,-1
285,16,979.27,201.03,236.18,690.15,-1,-1,-1,-1
285,21,1319.95,192.32,253.33,605.65,-1,-1,-1,-1
286,3,57.53,123.75,449.45,930.41,-1,-1,-1,-1
286,16,976.53,216.12,240.96,662.89,-1,-1,-1,-1
286,21,1355.34,194.44,217.75,599.11,-1,-1,-1,-1
287,3,80.41,111.08,437.52,944.00,-1,-1,-1,-1
287,16,964.57,225.59,254.18,646.37,-1,-1,-1,-1
287,21,1389.82,205.66,191.88,582.48,-1,-1,-1,-1
288,3,115.16,97.52,409.81,960.84,-1,-1,-1,-1
288,16,954.66,226.92,252.65,642.50,-1,-1,-1,-1
288,21,1413.05,201.69,202.80,592.73,-1,-1,-1,-1
289,3,131.75,87.16,399.68,979.87,-1,-1,-1,-1
289,16,940.01,231.51,257.96,623.89,-1,-1,-1,-1
289,21,1429.83,196.74,226.16,609.15,-1,-1,-1,-1
290,3,148.11,91.59,404.37,981.70,-1,-1,-1,-1
290,16,932.37,229.66,252.24,620.79,-1,-1,-1,-1
290,21,1442.44,197.10,254.13,613.96,-1,-1,-1,-1
291,3,163.51,93.96,446.34,975.41,-1,-1,-1,-1
291,16,904.89,228.95,256.13,599.34,-1,-1,-1,-1
291,21,1451.84,193.70,275.56,625.87,-1,-1,-1,-1
292,3,189.47,107.64,457.01,944.49,-1,-1,-1,-1
292,16,862.97,224.92,261.87,599.07,-1,-1,-1,-1
292,21,1459.03,193.89,287.45,634.27,-1,-1,-1,-1
293,3,215.19,99.83,434.72,958.64,-1,-1,-1,-1
293,16,813.97,221.54,280.28,596.83,-1,-1,-1,-1
293,21,1469.48,198.32,296.53,627.30,-1,-1,-1,-1
294,3,242.50,91.58,439.35,963.37,-1,-1,-1,-1
294,16,770.83,219.81,297.14,587.11,-1,-1,-1,-1
294,21,1480.92,195.38,296.73,630.24,-1,-1,-1,-1
295,3,248.49,70.04,471.04,988.79,-1,-1,-1,-1
295,16,738.18,224.87,320.80,584.58,-1,-1,-1,-1
295,21,1496.38,204.12,299.01,622.63,-1,-1,-1,-1
296,3,276.64,66.21,477.63,979.31,-1,-1,-1,-1
296,16,716.29,231.42,334.25,579.91,-1,-1,-1,-1
296,21,1514.69,203.77,301.74,625.98,-1,-1,-1,-1
297,3,326.32,56.60,477.65,985.52,-1,-1,-1,-1
297,16,720.67,235.03,323.86,581.63,-1,-1,-1,-1
297,21,1530.82,187.66,302.69,653.48,-1,-1,-1,-1
298,3,395.37,24.89,462.79,1042.01,-1,-1,-1,-1
298,16,727.78,228.41,306.39,592.43,-1,-1,-1,-1
298,21,1541.67,182.22,307.45,659.05,-1,-1,-1,-1
298,23,254.86,275.06,236.08,609.20,-1,-1,-1,-1
299,3,446.62,24.46,449.19,1045.10,-1,-1,-1,-1
299,16,745.76,231.97,274.16,585.07,-1,-1,-1,-1
299,21,1551.87,181.49,300.10,664.68,-1,-1,-1,-1
299,23,260.69,277.49,246.89,613.64,-1,-1,-1,-1
300,3,495.91,31.32,410.45,1034.05,-1,-1,-1,-1
300,16,780.66,250.42,217.44,554.82,-1,-1,-1,-1
300,21,1557.39,180.65,305.73,672.50,-1,-1,-1,-1
300,23,267.38,282.85,260.08,613.27,-1,-1,-1,-1
301,3,530.99,45.15,381.65,1025.39,-1,-1,-1,-1
301,16,798.28,247.61,179.75,554.21,-1,-1,-1,-1
301,21,1564.19,178.32,302.49,686.27,-1,-1,-1,-1
301,23,275.53,289.63,261.89,612.86,-1,-1,-1,-1
302,3,574.65,64.82,356.10,1002.53,-1,-1,-1,-1
302,16,791.48,250.86,177.17,546.26,-1,-1,-1,-1
302,21,1571.51,180.13,308.87,681.07,-1,-1,-1,-1
302,23,288.82,293.39,252.54,609.02,-1,-1,-1,-1
303,3,629.12,118.70,317.96,932.25,-1,-1,-1,-1
303,16,784.68,254.10,174.59,538.32,-1,-1,-1,-1
303,21,1582.22,180.91,300.59,689.77,-1,-1,-1,-1
303,23,297.52,298.25,254.29,599.56,-1,-1,-1,-1
304,3,650.60,97.71,339.00,927.24,-1,-1,-1,-1
304,16,777.88,257.35,172.02,530.38,-1,-1,-1,-1
304,21,1590.81,175.72,305.48,706.34,-1,-1,-1,-1
304,23,291.49,301.91,277.80,598.65,-1,-1,-1,-1
305,3,665.62,71.17,387.55,922.55,-1,-1,-1,-1
305,16,771.08,260.59,169.44,522.43,-1,-1,-1,-1
305,21,1599.24,172.98,310.34,711.74,-1,-1,-1,-1
305,23,273.81,306.54,322.53,599.02,-1,-1,-1,-1
306,3,679.75,67.17,443.62,876.80,-1,-1,-1,-1
306,21,1611.74,172.87,302.94,707.33,-1,-1,-1,-1
306,23,261.66,310.49,364.93,602.31,-1,-1,-1,-1
307,3,678.05,63.70,504.39,902.71,-1,-1,-1,-1
307,21,1622.31,165.75,297.76,720.15,-1,-1,-1,-1
307,23,257.29,305.54,389.16,635.30,-1,-1,-1,-1
308,3,757.57,41.18,464.96,969.80,-1,-1,-1,-1
308,21,1629.49,163.67,294.88,729.29,-1,-1,-1,-1
308,23,258.80,303.45,397.25,661.41,-1,-1,-1,-1
309,3,827.55,8.69,433.04,1046.01,-1,-1,-1,-1
309,21,1634.54,161.19,289.20,744.01,-1,-1,-1,-1
309,23,271.49,302.93,389.52,674.32,-1,-1,-1,-1
310,3,880.23,4.48,400.63,1068.65,-1,-1,-1,-1
310,21,1631.34,156.62,289.39,778.65,-1,-1,-1,-1
310,23,289.46,304.77,366.52,679.61,-1,-1,-1,-1
311,3,929.51,12.58,441.28,1067.78,-1,-1,-1,-1
311,21,1633.57,155.11,284.91,799.88,-1,-1,-1,-1
311,23,307.57,308.42,333.64,675.17,-1,-1,-1,-1
312,3,968.32,2.28,450.21,1089.39,-1,-1,-1,-1
312,21,1630.48,153.45,289.35,817.78,-1,-1,-1,-1
312,23,316.85,305.49,311.02,679.12,-1,-1,-1,-1
312,25,605.64,239.33,208.77,592.15,-1,-1,-1,-1
313,3,1007.12,-8.02,459.15,1111.01,-1,-1,-1,-1
313,21,1630.53,154.40,286.46,834.04,-1,-1,-1,-1
313,23,321.03,300.93,307.59,690.33,-1,-1,-1,-1
313,25,602.37,238.81,176.50,597.60,-1,-1,-1,-1
314,3,1091.83,19.57,438.37,1046.05,-1,-1,-1,-1
314,21,1627.36,155.67,285.53,838.44,-1,-1,-1,-1
314,23,323.89,293.00,306.53,708.95,-1,-1,-1,-1
314,25,586.98,239.22,167.08,589.08,-1,-1,-1,-1
315,3,1149.46,6.26,406.95,1069.61,-1,-1,-1,-1
315,21,1621.97,153.45,291.34,848.05,-1,-1,-1,-1
315,23,326.28,283.78,320.50,734.40,-1,-1,-1,-1
315,25,573.75,237.19,161.71,592.83,-1,-1,-1,-1
316,3,1191.87,0.96,374.73,1078.83,-1,-1,-1,-1
316,21,1620.43,149.44,289.86,848.60,-1,-1,-1,-1
316,23,329.04,268.76,357.40,762.84,-1,-1,-1,-1
316,25,573.74,263.81,152.26,560.65,-1,-1,-1,-1
317,3,1206.21,0.25,395.33,1072.88,-1,-1,-1,-1
317,21,1617.61,145.95,293.05,859.50,-1,-1,-1,-1
317,23,341.17,248.86,363.70,795.85,-1,-1,-1,-1
317,25,561.22,271.17,148.79,547.90,-1,-1,-1,-1
318,3,1216.52,-0.60,414.97,1073.38,-1,-1,-1,-1
318,21,1618.26,139.93,292.43,876.50,-1,-1,-1,-1
318,23,362.29,229.11,353.21,826.24,-1,-1,-1,-1
318,25,548.70,278.53,145.31,535.15,-1,-1,-1,-1
319,3,1234.84,20.78,419.57,1044.60,-1,-1,-1,-1
319,21,1616.97,128.55,296.82,904.53,-1,-1,-1,-1
319,23,365.37,200.36,369.15,864.67,-1,-1,-1,-1
319,25,536.18,285.89,141.84,522.39,-1,-1,-1,-1
320,3,1275.30,42.59,400.07,1017.88,-1,-1,-1,-1
320,21,1614.50,125.28,299.89,913.25,-1,-1,-1,-1
320,23,354.91,159.35,405.76,923.11,-1,-1,-1,-1
320,25,523.66,293.25,138.36,509.64,-1,-1,-1,-1
321,3,1321.48,119.90,457.13,934.49,-1,-1,-1,-1
321,21,1623.51,133.94,283.69,909.20,-1,-1,-1,-1
321,23,336.45,132.05,457.44,953.46,-1,-1,-1,-1
322,3,1374.45,125.42,487.30,936.28,-1,-1,-1,-1
322,21,1666.56,170.60,232.19,849.09,-1,-1,-1,-1
322,23,318.75,104.78,499.19,973.10,-1,-1,-1,-1
323,3,1414.50,120.50,485.51,947.43,-1,-1,-1,-1
323,21,1694.59,166.83,205.96,817.90,-1,-1,-1,-1
323,23,321.10,82.65,523.14,996.92,-1,-1,-1,-1
324,3,1452.25,125.06,476.35,936.66,-1,-1,-1,-1
324,21,1702.71,179.90,199.56,792.54,-1,-1,-1,-1
324,23,325.04,69.23,536.65,1005.07,-1,-1,-1,-1
325,3,1482.07,94.05,456.27,974.78,-1,-1,-1,-1
325,21,1710.83,192.97,193.16,767.17,-1,-1,-1,-1
325,23,329.29,53.43,547.19,1024.78,-1,-1,-1,-1
326,3,1518.64,62.12,421.42,1019.85,-1,-1,-1,-1
326,21,1718.94,206.04,186.76,741.81,-1,-1,-1,-1
326,23,348.69,36.69,508.28,1034.22,-1,-1,-1,-1
327,3,1546.04,23.79,403.73,1067.47,-1,-1,-1,-1
327,21,1727.06,219.11,180.36,716.45,-1,-1,-1,-1
327,23,366.09,28.34,496.63,1047.43,-1,-1,-1,-1
328,3,1568.80,24.54,382.85,1063.70,-1,-1,-1,-1
328,23,371.26,14.76,503.77,1062.45,-1,-1,-1,-1
329,3,1600.81,7.30,348.51,1080.81,-1,-1,-1,-1
329,23,376.43,1.18,510.91,1077.47,-1,-1,-1,-1
329,27,329.31,261.49,207.17,571.37,-1,-1,-1,-1
330,3,1614.33,15.05,335.13,1066.10,-1,-1,-1,-1
330,23,429.12,13.45,485.35,1060.45,-1,-1,-1,-1
330,27,339.17,256.49,223.50,572.57,-1,-1,-1,-1
331,3,1625.99,26.26,320.62,1051.58,-1,-1,-1,-1
331,23,496.65,57.90,440.39,1003.05,-1,-1,-1,-1
331,27,353.12,257.12,235.69,577.66,-1,-1,-1,-1
332,3,1623.91,26.96,316.69,1040.20,-1,-1,-1,-1
332,23,535.63,41.02,425.01,1028.95,-1,-1,-1,-1
332,27,363.47,263.47,252.19,585.88,-1,-1,-1,-1
333,3,1612.92,67.41,322.96,989.79,-1,-1,-1,-1
333,23,565.05,27.64,391.90,1044.68,-1,-1,-1,-1
333,27,376.83,262.75,270.20,602.74,-1,-1,-1,-1
334,3,1597.73,83.25,328.08,974.69,-1,-1,-1,-1
334,23,601.02,11.62,356.64,1058.07,-1,-1,-1,-1
334,27,387.73,260.17,276.19,609.00,-1,-1,-1,-1
335,3,1577.08,101.06,344.66,957.38,-1,-1,-1,-1
335,23,631.39,13.39,353.64,1052.72,-1,-1,-1,-1
335,27,395.25,257.18,286.27,618.29,-1,-1,-1,-1
336,3,1566.69,113.08,340.65,939.06,-1,-1,-1,-1
336,23,656.59,10.07,386.76,1042.85,-1,-1,-1,-1
336,27,401.84,250.59,293.13,633.09,-1,-1,-1,-1
337,3,1557.98,130.89,322.00,910.67,-1,-1,-1,-1
337,23,679.70,4.58,432.76,1061.20,-1,-1,-1,-1
337,27,406.85,245.72,297.53,648.63,-1,-1,-1,-1
338,3,1542.27,129.09,315.83,918.63,-1,-1,-1,-1
338,23,710.18,38.65,455.71,1024.21,-1,-1,-1,-1
338,27,404.72,244.98,309.35,661.44,-1,-1,-1,-1
339,3,1522.90,130.30,308.94,913.41,-1,-1,-1,-1
339,23,740.55,37.53,455.79,1029.94,-1,-1,-1,-1
339,27,395.03,239.19,330.74,689.14,-1,-1,-1,-1
340,3,1500.16,139.83,298.87,891.22,-1,-1,-1,-1
340,23,781.37,68.43,435.40,987.21,-1,-1,-1,-1
340,27,384.25,233.16,353.06,719.26,-1,-1,-1,-1
341,3,1470.47,128.45,289.49,921.97,-1,-1,-1,-1
341,23,818.06,31.39,404.50,1032.91,-1,-1,-1,-1
341,27,374.57,232.37,370.45,737.11,-1,-1,-1,-1
342,3,1437.27,128.75,292.61,923.82,-1,-1,-1,-1
342,23,841.72,29.63,368.09,1030.50,-1,-1,-1,-1
342,27,371.60,229.11,375.65,768.65,-1,-1,-1,-1
343,3,1406.78,131.93,300.21,919.12,-1,-1,-1,-1
343,23,859.73,26.18,365.36,1034.12,-1,-1,-1,-1
343,27,363.23,233.46,379.20,783.47,-1,-1,-1,-1
344,3,1378.05,137.26,316.29,910.54,-1,-1,-1,-1
344,23,875.31,27.13,366.43,1027.84,-1,-1,-1,-1
344,27,349.03,236.87,376.97,781.00,-1,-1,-1,-1
345,3,1357.69,144.33,307.60,902.44,-1,-1,-1,-1
345,23,863.53,30.93,400.03,1030.49,-1,-1,-1,-1
345,27,329.77,228.90,350.05,792.51,-1,-1,-1,-1
346,3,1344.20,143.39,281.87,899.99,-1,-1,-1,-1
346,23,840.69,40.24,428.61,1020.67,-1,-1,-1,-1
346,27,310.17,218.88,326.11,807.09,-1,-1,-1,-1
347,3,1321.76,132.52,271.77,915.67,-1,-1,-1,-1
347,23,826.77,41.18,430.24,1016.47,-1,-1,-1,-1
347,27,291.97,210.05,313.47,815.80,-1,-1,-1,-1
348,3,1304.38,143.95,262.38,898.53,-1,-1,-1,-1
348,23,817.85,54.86,422.28,1000.22,-1,-1,-1,-1
348,27,275.47,204.05,313.97,823.89,-1,-1,-1,-1
348,28,1711.49,93.68,214.28,917.21,-1,-1,-1,-1
349,3,1282.17,147.80,262.64,888.31,-1,-1,-1,-1
349,23,814.18,56.11,402.39,1007.46,-1,-1,-1,-1
349,27,268.18,198.75,322.81,834.79,-1,-1,-1,-1
349,28,1709.88,84.66,214.78,943.13,-1,-1,-1,-1
350,3,1256.46,147.92,269.21,879.58,-1,-1,-1,-1
350,23,815.06,57.07,384.89,991.03,-1,-1,-1,-1
350,27,267.74,194.86,348.34,845.35,-1,-1,-1,-1
350,28,1688.10,95.77,235.96,873.43,-1,-1,-1,-1
351,3,1242.64,152.39,265.32,879.38,-1,-1,-1,-1
351,23,819.27,51.09,367.93,1008.98,-1,-1,-1,-1
351,27,276.98,196.68,388.54,847.00,-1,-1,-1,-1
351,28,1665.96,96.99,255.97,888.82,-1,-1,-1,-1
352,3,1217.65,153.17,287.98,885.33,-1,-1,-1,-1
352,23,820.22,43.56,359.60,1029.63,-1,-1,-1,-1
352,27,288.18,200.52,425.34,848.73,-1,-1,-1,-1
352,28,1651.28,114.79,269.00,859.24,-1,-1,-1,-1
353,3,1204.52,158.59,286.58,874.12,-1,-1,-1,-1
353,23,825.42,49.41,338.48,1021.08,-1,-1,-1,-1
353,27,317.80,207.43,427.25,845.57,-1,-1,-1,-1
353,28,1632.32,120.50,280.13,852.91,-1,-1,-1,-1
354,3,1193.63,158.44,287.32,874.97,-1,-1,-1,-1
354,23,816.43,62.40,337.70,990.59,-1,-1,-1,-1
354,27,345.46,206.28,413.35,852.50,-1,-1,-1,-1
354,28,1618.04,115.28,277.37,859.49,-1,-1,-1,-1
355,3,1184.70,158.53,276.69,872.38,-1,-1,-1,-1
355,23,801.41,72.99,347.65,966.55,-1,-1,-1,-1
355,27,368.17,197.49,397.27,866.43,-1,-1,-1,-1
355,28,1602.19,135.51,279.81,802.99,-1,-1,-1,-1
356,3,1170.53,157.42,262.91,864.76,-1,-1,-1,-1
356,23,782.67,80.32,368.72,943.46,-1,-1,-1,-1
356,27,382.45,185.52,393.58,885.26,-1,-1,-1,-1
356,28,1582.92,150.46,272.88,760.28,-1,-1,-1,-1
357,3,1152.15,155.54,248.63,856.99,-1,-1,-1,-1
357,23,773.03,93.98,375.94,934.04,-1,-1,-1,-1
357,27,398.30,178.84,390.29,897.65,-1,-1,-1,-1
357,28,1560.81,177.12,274.04,725.81,-1,-1,-1,-1
358,3,1140.96,153.45,234.21,849.91,-1,-1,-1,-1
358,23,769.49,103.69,364.23,933.04,-1,-1,-1,-1
358,27,408.10,177.41,389.59,897.67,-1,-1,-1,-1
358,28,1533.81,169.57,268.68,671.78,-1,-1,-1,-1
359,3,1118.85,155.33,237.67,847.61,-1,-1,-1,-1
359,23,773.29,114.87,342.99,909.30,-1,-1,-1,-1
359,27,417.14,179.43,389.93,894.26,-1,-1,-1,-1
359,28,1505.78,146.76,275.46,691.15,-1,-1,-1,-1
360,3,1086.49,165.86,260.17,830.33,-1,-1,-1,-1
360,23,773.41,122.33,326.34,876.18,-1,-1,-1,-1
360,27,423.72,182.82,393.68,891.98,-1,-1,-1,-1
360,28,1479.44,127.03,282.12,730.86,-1,-1,-1,-1
361,3,1064.46,161.14,276.59,834.51,-1,-1,-1,-1
361,23,775.51,128.34,311.72,844.71,-1,-1,-1,-1
361,27,429.62,181.53,395.04,890.93,-1,-1,-1,-1
361,28,1463.90,124.37,283.36,733.36,-1,-1,-1,-1
362,3,1049.09,163.35,283.04,834.01,-1,-1,-1,-1
362,23,778.79,138.34,289.69,812.31,-1,-1,-1,-1
362,27,428.73,186.37,409.26,886.25,-1,-1,-1,-1
362,28,1444.33,125.73,299.31,743.34,-1,-1,-1,-1
363,3,1034.97,169.29,295.41,829.22,-1,-1,-1,-1
363,23,783.77,142.99,267.83,785.69,-1,-1,-1,-1
363,27,423.06,196.52,437.41,874.19,-1,-1,-1,-1
363,28,1409.90,134.26,337.53,745.21,-1,-1,-1,-1
364,3,1020.84,159.34,299.94,843.56,-1,-1,-1,-1
364,23,786.05,146.74,253.53,772.19,-1,-1,-1,-1
364,27,425.55,184.07,427.18,893.91,-1,-1,-1,-1
364,28,1386.27,141.33,359.55,752.08,-1,-1,-1,-1
365,3,1012.90,158.14,285.88,846.76,-1,-1,-1,-1
365,23,782.49,149.04,248.32,768.37,-1,-1,-1,-1
365,27,435.17,165.27,395.05,918.04,-1,-1,-1,-1
365,28,1370.45,151.27,335.00,743.02,-1,-1,-1,-1
365,29,11.65,240.88,236.29,629.13,-1,-1,-1,-1
366,3,995.38,164.42,272.65,835.90,-1,-1,-1,-1
366,23,784.07,141.34,236.33,773.70,-1,-1,-1,-1
366,27,446.30,180.18,375.00,899.00,-1,-1,-1,-1
366,28,1348.57,157.42,297.66,728.08,-1,-1,-1,-1
366,29,12.76,236.54,238.01,641.71,-1,-1,-1,-1
367,3,989.07,154.67,245.91,858.45,-1,-1,-1,-1
367,23,776.85,146.06,236.27,769.85,-1,-1,-1,-1
367,27,461.19,175.04,363.23,903.17,-1,-1,-1,-1
367,28,1339.64,159.41,261.16,722.84,-1,-1,-1,-1
367,29,13.39,233.22,238.37,642.01,-1,-1,-1,-1
368,3,973.82,156.34,231.12,847.86,-1,-1,-1,-1
368,23,765.45,147.02,235.38,769.79,-1,-1,-1,-1
368,27,485.52,164.28,358.67,911.94,-1,-1,-1,-1
368,28,1319.30,163.29,249.95,717.94,-1,-1,-1,-1
368,29,11.24,237.13,243.30,626.09,-1,-1,-1,-1
369,3,952.64,154.97,232.95,853.46,-1,-1,-1,-1
369,23,758.37,152.42,226.30,750.62,-1,-1,-1,-1
369,27,502.59,139.91,356.53,937.90,-1,-1,-1,-1
369,28,1296.09,162.10,249.23,716.21,-1,-1,-1,-1
369,29,7.13,237.56,255.97,622.93,-1,-1,-1,-1
370,3,915.27,159.16,259.99,843.34,-1,-1,-1,-1
370,23,759.61,199.05,202.87,678.76,-1,-1,-1,-1
370,27,511.61,128.26,402.63,951.75,-1,-1,-1,-1
370,28,1275.80,155.23,255.00,723.91,-1,-1,-1,-1
370,29,4.27,235.93,280.74,620.92,-1,-1,-1,-1
371,3,891.27,164.42,276.74,836.52,-1,-1,-1,-1
371,23,757.03,217.03,192.08,642.70,-1,-1,-1,-1
371,27,522.25,126.47,419.88,944.58,-1,-1,-1,-1
371,28,1257.82,151.55,256.25,721.59,-1,-1,-1,-1
371,29,4.42,233.81,318.23,622.78,-1,-1,-1,-1
372,3,880.33,175.30,283.71,829.85,-1,-1,-1,-1
372,23,754.45,235.01,181.30,606.64,-1,-1,-1,-1
372,27,540.12,131.00,432.58,936.83,-1,-1,-1,-1
372,28,1233.72,156.52,275.57,709.32,-1,-1,-1,-1
372,29,11.65,234.14,331.07,628.87,-1,-1,-1,-1
373,3,836.54,183.27,332.36,824.68,-1,-1,-1,-1
373,23,751.86,252.99,170.51,570.58,-1,-1,-1,-1
373,27,560.67,136.25,485.67,929.69,-1,-1,-1,-1
373,28,1201.13,159.65,320.13,715.70,-1,-1,-1,-1
373,29,22.46,227.92,322.02,641.85,-1,-1,-1,-1
374,3,820.31,187.70,330.22,819.37,-1,-1,-1,-1
374,23,749.28,270.97,159.73,534.52,-1,-1,-1,-1
374,27,601.82,156.34,485.88,902.10,-1,-1,-1,-1
374,28,1192.39,164.67,308.25,711.98,-1,-1,-1,-1
374,29,33.91,227.92,316.33,648.89,-1,-1,-1,-1
375,3,804.07,192.13,328.08,814.06,-1,-1,-1,-1
375,27,652.19,151.02,440.69,909.23,-1,-1,-1,-1
375,28,1186.53,169.00,279.54,710.44,-1,-1,-1,-1
375,29,47.05,226.88,299.61,652.88,-1,-1,-1,-1
376,3,787.84,196.56,325.94,808.75,-1,-1,-1,-1
376,27,706.28,141.52,370.52,918.27,-1,-1,-1,-1
376,28,1169.87,169.78,257.02,706.65,-1,-1,-1,-1
376,29,55.03,220.58,296.37,662.08,-1,-1,-1,-1
377,3,771.61,200.99,323.80,803.44,-1,-1,-1,-1
377,27,725.29,136.60,358.87,922.64,-1,-1,-1,-1
377,28,1146.18,167.25,235.25,719.18,-1,-1,-1,-1
377,29,61.49,216.73,300.28,671.05,-1,-1,-1,-1
378,27,744.32,142.48,360.23,908.12,-1,-1,-1,-1
378,28,1105.53,160.24,242.90,720.76,-1,-1,-1,-1
378,29,69.70,213.62,301.19,679.37,-1,-1,-1,-1
379,27,742.92,137.86,385.81,914.44,-1,-1,-1,-1
379,28,1073.42,154.01,253.94,725.37,-1,-1,-1,-1
379,29,77.72,210.39,300.06,687.55,-1,-1,-1,-1
380,27,799.39,153.86,368.62,902.65,-1,-1,-1,-1
380,28,1061.89,152.66,247.53,723.14,-1,-1,-1,-1
380,29,86.45,208.52,294.23,702.81,-1,-1,-1,-1
381,27,861.05,136.06,374.80,933.70,-1,-1,-1,-1
381,28,1061.24,157.79,231.15,713.43,-1,-1,-1,-1
381,29,98.44,210.99,280.97,713.50,-1,-1,-1,-1
382,27,888.91,130.69,378.90,943.92,-1,-1,-1,-1
382,28,1060.13,167.43,231.29,713.71,-1,-1,-1,-1
382,29,107.40,211.31,268.42,730.58,-1,-1,-1,-1
383,27,911.31,124.55,436.10,953.35,-1,-1,-1,-1
383,28,1042.32,169.18,230.70,711.86,-1,-1,-1,-1
383,29,112.08,206.70,263.85,760.93,-1,-1,-1,-1
384,3,575.46,171.18,355.31,859.27,-1,-1,-1,-1
384,27,945.54,135.66,439.34,931.91,-1,-1,-1,-1
384,28,1024.51,170.92,230.10,710.01,-1,-1,-1,-1
384,29,100.81,202.92,275.02,775.24,-1,-1,-1,-1
385,3,564.77,170.87,343.18,857.97,-1,-1,-1,-1
385,27,965.33,144.01,440.43,925.45,-1,-1,-1,-1
385,28,1006.70,172.67,229.50,708.16,-1,-1,-1,-1
385,29,93.95,197.41,279.14,794.23,-1,-1,-1,-1
386,3,559.34,163.74,320.16,872.07,-1,-1,-1,-1
386,27,983.91,138.79,460.06,931.36,-1,-1,-1,-1
386,28,988.89,174.42,228.91,706.31,-1,-1,-1,-1
386,29,80.90,196.34,293.53,795.97,-1,-1,-1,-1
387,3,528.84,162.50,336.85,872.03,-1,-1,-1,-1
387,27,994.43,125.37,520.47,950.67,-1,-1,-1,-1
387,29,68.04,193.74,306.28,794.17,-1,-1,-1,-1
388,3,506.93,161.80,307.61,881.15,-1,-1,-1,-1
388,27,1024.55,120.73,525.04,958.98,-1,-1,-1,-1
388,28,910.96,143.71,238.36,766.75,-1,-1,-1,-1
388,29,49.85,189.21,329.98,798.92,-1,-1,-1,-1
389,3,476.63,154.05,293.62,895.08,-1,-1,-1,-1
389,27,1054.67,116.08,529.62,967.28,-1,-1,-1,-1
389,28,881.97,169.94,239.32,711.90,-1,-1,-1,-1
389,29,33.68,184.54,362.52,806.92,-1,-1,-1,-1
390,3,441.74,156.22,300.26,901.00,-1,-1,-1,-1
390,27,1095.17,139.88,534.18,931.90,-1,-1,-1,-1
390,28,854.56,181.48,244.31,661.68,-1,-1,-1,-1
390,29,15.87,174.65,399.97,820.47,-1,-1,-1,-1
391,3,405.91,157.02,312.03,911.93,-1,-1,-1,-1
391,27,1150.92,118.10,491.02,954.82,-1,-1,-1,-1
391,28,825.99,169.38,267.98,712.98,-1,-1,-1,-1
391,29,15.35,178.63,412.54,814.52,-1,-1,-1,-1
392,3,375.93,169.95,332.85,894.11,-1,-1,-1,-1
392,27,1227.84,84.78,396.13,997.40,-1,-1,-1,-1
392,28,800.49,182.19,295.40,717.87,-1,-1,-1,-1
392,29,17.75,178.88,425.82,824.68,-1,-1,-1,-1
392,36,648.24,195.98,302.84,626.83,-1,-1,-1,-1
393,3,355.61,172.95,340.56,890.42,-1,-1,-1,-1
393,27,1283.42,78.25,329.90,1005.32,-1,-1,-1,-1
393,28,788.88,173.98,298.64,740.57,-1,-1,-1,-1
393,29,38.35,179.21,404.36,832.00,-1,-1,-1,-1
393,36,643.85,190.18,304.25,639.62,-1,-1,-1,-1
394,3,333.53,179.67,343.19,885.94,-1,-1,-1,-1
394,27,1314.14,76.89,307.84,1003.00,-1,-1,-1,-1
394,28,776.98,169.63,283.12,752.85,-1,-1,-1,-1
394,29,65.95,182.74,356.77,823.92,-1,-1,-1,-1
394,36,645.01,191.83,278.84,635.69,-1,-1,-1,-1
395,3,310.32,183.80,341.84,882.47,-1,-1,-1,-1
395,27,1282.79,81.04,384.57,995.25,-1,-1,-1,-1
395,28,755.49,166.14,287.86,765.44,-1,-1,-1,-1
395,29,69.06,184.02,356.98,824.37,-1,-1,-1,-1
395,36,641.32,182.79,300.70,680.39,-1,-1,-1,-1
396,3,287.12,187.94,340.49,879.00,-1,-1,-1,-1
396,27,1235.83,84.67,477.98,988.24,-1,-1,-1,-1
396,28,734.01,162.65,292.61,778.03,-1,-1,-1,-1
396,29,72.17,185.30,357.18,824.81,-1,-1,-1,-1
396,36,646.93,181.21,300.81,704.31,-1,-1,-1,-1
397,3,180.50,155.37,406.01,910.08,-1,-1,-1,-1
397,27,1259.22,83.84,477.02,986.20,-1,-1,-1,-1
397,28,712.52,159.17,297.35,790.62,-1,-1,-1,-1
397,29,75.28,186.59,357.38,825.26,-1,-1,-1,-1
397,36,656.86,174.27,289.47,727.70,-1,-1,-1,-1
398,3,162.25,161.82,400.07,887.32,-1,-1,-1,-1
398,27,1282.61,83.01,476.05,984.17,-1,-1,-1,-1
398,28,691.03,155.68,302.10,803.22,-1,-1,-1,-1
398,29,78.39,187.87,357.59,825.70,-1,-1,-1,-1
398,36,655.10,174.99,289.02,726.55,-1,-1,-1,-1
399,3,134.61,154.75,403.46,898.39,-1,-1,-1,-1
399,27,1306.00,82.17,475.09,982.14,-1,-1,-1,-1
399,36,651.77,175.17,288.35,722.10,-1,-1,-1,-1
400,3,102.14,150.95,421.95,900.49,-1,-1,-1,-1
400,27,1329.39,81.34,474.12,980.11,-1,-1,-1,-1
400,36,631.81,176.46,310.81,726.22,-1,-1,-1,-1
401,3,74.34,152.27,447.58,901.97,-1,-1,-1,-1
401,27,1290.52,93.39,526.58,976.21,-1,-1,-1,-1
401,36,601.77,183.87,346.52,717.55,-1,-1,-1,-1
402,3,51.46,150.71,477.04,911.79,-1,-1,-1,-1
402,27,1305.48,97.80,506.66,974.49,-1,-1,-1,-1
402,36,580.69,185.17,382.25,727.11,-1,-1,-1,-1
403,3,43.27,140.93,506.05,927.05,-1,-1,-1,-1
403,27,1291.59,99.42,510.99,975.20,-1,-1,-1,-1
403,36,577.68,204.20,381.06,710.11,-1,-1,-1,-1
404,3,34.92,136.23,455.87,932.59,-1,-1,-1,-1
404,27,1269.32,101.38,500.94,969.02,-1,-1,-1,-1
404,36,575.56,211.52,378.37,705.09,-1,-1,-1,-1
405,3,17.08,130.63,442.54,943.17,-1,-1,-1,-1
405,27,1256.92,114.08,472.12,959.28,-1,-1,-1,-1
405,36,573.44,218.85,375.69,700.07,-1,-1,-1,-1
406,3,1.36,119.36,446.09,959.43,-1,-1,-1,-1
406,27,1246.87,111.70,429.02,965.80,-1,-1,-1,-1
406,36,571.32,226.18,373.00,695.05,-1,-1,-1,-1
406,40,686.27,241.03,409.76,557.42,-1,-1,-1,-1
407,3,-10.09,117.81,456.29,954.11,-1,-1,-1,-1
407,27,1244.21,113.23,428.72,965.10,-1,-1,-1,-1
407,36,569.20,233.50,370.32,690.03,-1,-1,-1,-1
407,40,706.75,240.47,381.03,561.83,-1,-1,-1,-1
407,41,402.81,148.71,317.22,890.09,-1,-1,-1,-1
408,3,-13.23,109.81,450.40,958.99,-1,-1,-1,-1
408,27,1241.54,114.75,428.42,964.41,-1,-1,-1,-1
408,40,753.10,245.41,318.19,547.39,-1,-1,-1,-1
408,41,409.75,141.82,333.78,909.17,-1,-1,-1,-1
409,3,-16.14,105.48,459.92,966.05,-1,-1,-1,-1
409,27,1238.88,116.28,428.13,963.71,-1,-1,-1,-1
409,40,798.05,238.59,282.48,569.03,-1,-1,-1,-1
409,41,421.25,137.59,340.02,924.69,-1,-1,-1,-1
410,3,-16.87,107.24,468.13,962.56,-1,-1,-1,-1
410,27,1236.22,117.80,427.83,963.02,-1,-1,-1,-1
410,28,425.82,139.49,378.26,924.93,-1,-1,-1,-1
410,40,833.07,238.73,270.55,565.07,-1,-1,-1,-1
410,41,432.11,130.12,345.36,939.21,-1,-1,-1,-1
411,3,-14.84,96.79,475.98,979.82,-1,-1,-1,-1
411,28,404.79,138.01,382.38,934.95,-1,-1,-1,-1
411,40,857.76,233.80,262.91,580.68,-1,-1,-1,-1
411,41,435.32,139.69,406.35,932.26,-1,-1,-1,-1
411,44,1098.64,163.41,309.13,887.68,-1,-1,-1,-1
412,3,-6.41,78.62,488.16,1003.09,-1,-1,-1,-1
412,28,383.77,136.53,386.49,944.96,-1,-1,-1,-1
412,40,858.26,235.71,276.64,577.25,-1,-1,-1,-1
412,41,456.64,154.04,434.62,922.48,-1,-1,-1,-1
412,44,1023.39,172.16,374.02,890.89,-1,-1,-1,-1
413,3,7.62,80.21,506.04,994.86,-1,-1,-1,-1
413,28,362.75,135.05,390.60,954.98,-1,-1,-1,-1
413,40,856.55,239.94,287.93,569.91,-1,-1,-1,-1
413,41,489.06,153.34,404.36,921.90,-1,-1,-1,-1
413,44,933.32,164.59,481.74,895.17,-1,-1,-1,-1
414,3,42.02,78.70,473.44,992.15,-1,-1,-1,-1
414,28,341.72,133.57,394.71,965.00,-1,-1,-1,-1
414,40,858.02,242.36,313.43,551.42,-1,-1,-1,-1
414,41,519.43,152.15,394.09,923.51,-1,-1,-1,-1
414,44,908.67,170.51,509.58,883.54,-1,-1,-1,-1
415,3,75.16,74.92,460.98,996.30,-1,-1,-1,-1
415,40,884.72,228.67,286.01,581.99,-1,-1,-1,-1
415,41,558.98,146.47,353.29,919.34,-1,-1,-1,-1
415,44,903.52,172.12,506.49,881.91,-1,-1,-1,-1
416,3,110.40,61.10,459.47,1006.82,-1,-1,-1,-1
416,40,895.99,224.03,289.95,590.00,-1,-1,-1,-1
416,41,593.62,133.59,330.41,935.69,-1,-1,-1,-1
416,44,914.21,174.59,459.02,875.59,-1,-1,-1,-1
417,3,162.17,59.78,440.99,1008.91,-1,-1,-1,-1
417,40,907.27,219.39,293.89,598.00,-1,-1,-1,-1
417,41,621.84,133.99,312.90,935.66,-1,-1,-1,-1
417,44,943.17,187.83,382.06,841.64,-1,-1,-1,-1
418,3,198.14,73.18,434.60,992.11,-1,-1,-1,-1
418,40,918.54,214.76,297.82,606.01,-1,-1,-1,-1
418,41,632.59,126.57,333.64,944.54,-1,-1,-1,-1
418,44,962.60,197.64,303.23,814.56,-1,-1,-1,-1
419,3,227.19,64.33,443.02,996.19,-1,-1,-1,-1
419,40,929.81,210.12,301.76,614.01,-1,-1,-1,-1
419,41,652.95,134.39,356.93,920.46,-1,-1,-1,-1
419,44,966.56,208.10,280.80,752.07,-1,-1,-1,-1
420,3,258.35,148.46,457.74,901.05,-1,-1,-1,-1
420,41,680.24,124.28,367.96,939.54,-1,-1,-1,-1
420,44,964.42,211.29,257.95,677.77,-1,-1,-1,-1
421,3,277.07,200.34,470.56,854.17,-1,-1,-1,-1
421,40,965.85,187.12,266.01,702.20,-1,-1,-1,-1
421,41,710.10,119.33,357.02,954.14,-1,-1,-1,-1
421,44,957.92,229.64,237.22,623.31,-1,-1,-1,-1
422,3,285.53,102.39,495.69,980.53,-1,-1,-1,-1
422,40,974.09,178.00,274.23,723.92,-1,-1,-1,-1
422,41,735.22,123.16,371.97,948.81,-1,-1,-1,-1
422,44,969.21,197.88,196.93,660.27,-1,-1,-1,-1
423,3,296.03,58.81,515.28,1032.27,-1,-1,-1,-1
423,40,982.33,168.89,282.45,745.64,-1,-1,-1,-1
423,41,767.06,137.69,376.83,930.68,-1,-1,-1,-1
423,44,956.94,199.14,190.43,638.51,-1,-1,-1,-1
424,3,340.59,30.36,489.78,1061.46,-1,-1,-1,-1
424,40,990.58,159.78,290.67,767.36,-1,-1,-1,-1
424,41,795.53,128.13,360.15,947.93,-1,-1,-1,-1
424,44,944.67,200.40,183.93,616.75,-1,-1,-1,-1
425,3,416.33,22.39,452.05,1063.75,-1,-1,-1,-1
425,40,998.82,150.66,298.89,789.08,-1,-1,-1,-1
425,41,829.23,117.81,330.49,962.80,-1,-1,-1,-1
425,44,932.40,201.66,177.44,595.00,-1,-1,-1,-1
426,3,464.22,26.68,462.74,1041.27,-1,-1,-1,-1
426,41,852.29,109.94,336.08,972.68,-1,-1,-1,-1
426,44,920.12,202.92,170.94,573.24,-1,-1,-1,-1
426,50,1126.11,218.21,400.21,628.04,-1,-1,-1,-1
426,51,269.99,222.15,224.36,612.68,-1,-1,-1,-1
427,3,515.63,19.34,466.77,1045.94,-1,-1,-1,-1
427,41,876.74,114.95,342.93,950.26,-1,-1,-1,-1
427,50,1154.04,215.59,379.63,631.24,-1,-1,-1,-1
427,51,283.95,216.74,236.31,617.86,-1,-1,-1,-1
428,3,563.69,25.82,454.96,1036.00,-1,-1,-1,-1
428,41,894.16,102.26,371.75,966.35,-1,-1,-1,-1
428,50,1179.70,205.98,340.08,644.10,-1,-1,-1,-1
428,51,304.73,219.11,224.48,604.62,-1,-1,-1,-1
429,3,610.34,27.30,441.17,1031.70,-1,-1,-1,-1
429,41,947.24,115.20,364.70,948.41,-1,-1,-1,-1
429,50,1212.60,202.91,295.90,646.76,-1,-1,-1,-1
429,51,323.00,226.70,225.83,590.04,-1,-1,-1,-1
430,3,656.60,26.34,436.42,1027.60,-1,-1,-1,-1
430,40,1009.04,117.91,388.53,955.57,-1,-1,-1,-1
430,41,977.75,116.64,362.78,943.43,-1,-1,-1,-1
430,50,1235.26,205.38,283.15,639.33,-1,-1,-1,-1
430,51,331.25,230.37,227.85,587.56,-1,-1,-1,-1
431,3,716.37,121.09,395.71,922.96,-1,-1,-1,-1
431,40,1019.64,133.75,423.93,941.47,-1,-1,-1,-1
431,41,1008.27,118.08,360.87,938.44,-1,-1,-1,-1
431,50,1270.43,197.47,274.75,643.47,-1,-1,-1,-1
431,51,337.79,230.66,230.34,581.77,-1,-1,-1,-1
432,3,757.23,67.58,392.50,987.12,-1,-1,-1,-1
432,40,1055.64,133.20,398.01,936.58,-1,-1,-1,-1
432,41,1038.78,119.52,358.95,933.46,-1,-1,-1,-1
432,50,1295.34,202.45,292.80,610.81,-1,-1,-1,-1
432,51,344.42,228.02,231.97,580.42,-1,-1,-1,-1
433,3,770.09,72.51,400.66,979.27,-1,-1,-1,-1
433,27,1096.20,108.74,517.11,962.10,-1,-1,-1,-1
433,40,1069.05,135.30,400.17,941.66,-1,-1,-1,-1
433,41,1069.29,120.97,357.03,928.47,-1,-1,-1,-1
433,50,1308.51,199.91,310.26,606.77,-1,-1,-1,-1
433,51,354.15,233.18,223.57,569.27,-1,-1,-1,-1
434,3,750.84,51.65,458.13,1011.50,-1,-1,-1,-1
434,27,1114.03,107.21,516.37,965.60,-1,-1,-1,-1
434,40,1082.46,137.40,402.32,946.74,-1,-1,-1,-1
434,50,1331.50,201.50,305.68,597.83,-1,-1,-1,-1
434,51,369.81,231.12,212.45,569.10,-1,-1,-1,-1
435,3,764.34,33.76,480.61,1042.75,-1,-1,-1,-1
435,27,1145.80,97.09,496.60,974.99,-1,-1,-1,-1
435,40,1095.87,139.50,404.47,951.82,-1,-1,-1,-1
435,50,1354.49,203.09,301.11,588.89,-1,-1,-1,-1
435,51,402.51,228.73,189.41,563.17,-1,-1,-1,-1
436,3,848.02,25.43,420.83,1046.16,-1,-1,-1,-1
436,27,1171.71,134.31,516.93,921.49,-1,-1,-1,-1
436,40,1109.28,141.60,406.63,956.89,-1,-1,-1,-1
436,50,1377.47,204.68,296.53,579.95,-1,-1,-1,-1
436,51,431.78,227.11,176.47,561.96,-1,-1,-1,-1
437,3,913.97,6.88,388.82,1073.13,-1,-1,-1,-1
437,27,1218.10,134.81,478.68,932.55,-1,-1,-1,-1
437,50,1400.46,206.27,291.95,571.01,-1,-1,-1,-1
437,51,450.95,226.17,175.79,550.81,-1,-1,-1,-1
438,3,964.35,-1.49,368.80,1084.11,-1,-1,-1,-1
438,27,1257.31,118.47,444.14,956.52,-1,-1,-1,-1
438,51,469.61,227.91,181.37,534.88,-1,-1,-1,-1
439,3,1007.44,-4.31,351.22,1086.61,-1,-1,-1,-1
439,27,1291.67,107.20,400.73,965.43,-1,-1,-1,-1
439,51,476.60,227.88,206.20,539.12,-1,-1,-1,-1
439,57,621.10,230.20,288.63,655.23,-1,-1,-1,-1
440,3,1035.88,-1.52,370.72,1076.15,-1,-1,-1,-1
440,27,1312.22,104.40,393.60,969.29,-1,-1,-1,-1
440,51,484.78,235.76,219.07,529.06,-1,-1,-1,-1
440,57,621.48,226.14,273.69,660.63,-1,-1,-1,-1
441,3,1071.97,-4.65,371.24,1077.74,-1,-1,-1,-1
441,27,1355.29,113.76,361.92,945.87,-1,-1,-1,-1
441,51,501.64,226.71,217.83,550.26,-1,-1,-1,-1
441,57,624.54,226.18,261.56,651.25,-1,-1,-1,-1
442,3,1108.06,-7.79,371.77,1079.32,-1,-1,-1,-1
442,27,1379.12,120.31,347.22,929.87,-1,-1,-1,-1
442,51,526.16,239.28,204.51,543.04,-1,-1,-1,-1
442,57,609.41,232.71,264.55,645.90,-1,-1,-1,-1
443,3,1144.15,-10.92,372.29,1080.90,-1,-1,-1,-1
443,27,1441.58,105.26,289.08,952.09,-1,-1,-1,-1
443,51,542.41,239.54,204.50,543.00,-1,-1,-1,-1
443,57,576.58,235.55,283.62,645.21,-1,-1,-1,-1
444,3,1180.24,-14.06,372.81,1082.48,-1,-1,-1,-1
444,27,1459.61,102.12,290.10,955.51,-1,-1,-1,-1
444,51,558.66,239.80,204.49,542.95,-1,-1,-1,-1
444,57,551.84,231.28,290.89,657.98,-1,-1,-1,-1
445,27,1478.85,85.66,337.97,975.51,-1,-1,-1,-1
445,51,574.91,240.06,204.47,542.90,-1,-1,-1,-1
445,57,539.44,224.51,275.24,679.11,-1,-1,-1,-1
446,27,1499.31,78.90,341.15,984.74,-1,-1,-1,-1
446,51,591.16,240.32,204.46,542.85,-1,-1,-1,-1
446,57,527.41,220.74,275.99,685.23,-1,-1,-1,-1
447,27,1519.77,72.14,344.34,993.96,-1,-1,-1,-1
447,57,527.23,227.31,281.51,667.15,-1,-1,-1,-1
448,27,1537.58,71.23,364.06,974.33,-1,-1,-1,-1
448,50,1621.96,115.42,292.39,600.96,-1,-1,-1,-1
448,57,523.08,225.59,295.92,667.18,-1,-1,-1,-1
449,3,1300.56,35.20,497.33,1035.33,-1,-1,-1,-1
449,27,1521.29,109.19,403.19,935.54,-1,-1,-1,-1
449,50,1641.78,108.61,293.35,602.95,-1,-1,-1,-1
449,57,511.31,218.74,295.99,679.35,-1,-1,-1,-1
450,3,1338.39,39.18,494.50,1029.39,-1,-1,-1,-1
450,27,1544.53,115.86,397.12,921.44,-1,-1,-1,-1
450,41,1661.10,110.26,247.21,888.59,-1,-1,-1,-1
450,50,1661.60,101.81,294.31,604.94,-1,-1,-1,-1
450,51,686.09,238.65,207.38,536.87,-1,-1,-1,-1
450,57,491.85,220.92,304.60,684.38,-1,-1,-1,-1
451,3,1376.23,43.16,491.68,1023.46,-1,-1,-1,-1
451,27,1567.78,122.53,391.05,907.34,-1,-1,-1,-1
451,41,1661.79,117.36,267.25,882.80,-1,-1,-1,-1
451,50,1681.42,95.00,295.27,606.93,-1,-1,-1,-1
451,51,700.87,237.85,218.21,532.64,-1,-1,-1,-1
451,57,465.61,219.30,323.00,690.98,-1,-1,-1,-1
452,3,1373.22,77.15,518.66,984.44,-1,-1,-1,-1
452,27,1610.26,117.69,313.99,896.16,-1,-1,-1,-1
452,41,1691.72,118.33,265.97,878.60,-1,-1,-1,-1
452,50,1701.25,88.19,296.23,608.91,-1,-1,-1,-1
452,51,737.94,231.72,202.00,538.48,-1,-1,-1,-1
452,57,444.03,215.69,328.02,707.13,-1,-1,-1,-1
453,3,1420.95,101.23,489.85,950.18,-1,-1,-1,-1
453,27,1630.67,122.62,309.34,882.91,-1,-1,-1,-1
453,41,1721.65,119.30,264.69,874.40,-1,-1,-1,-1
453,51,776.18,227.35,183.59,540.73,-1,-1,-1,-1
453,57,427.42,209.51,319.45,724.89,-1,-1,-1,-1
454,3,1452.67,107.81,463.67,941.39,-1,-1,-1,-1
454,27,1663.66,118.90,260.14,841.34,-1,-1,-1,-1
454,41,1751.57,120.28,263.41,870.20,-1,-1,-1,-1
454,51,800.75,215.92,196.74,556.58,-1,-1,-1,-1
454,57,414.19,206.22,311.03,744.19,-1,-1,-1,-1
455,3,1461.61,83.65,454.69,986.95,-1,-1,-1,-1
455,27,1628.20,109.15,299.57,790.03,-1,-1,-1,-1
455,41,1781.50,121.25,262.13,866.00,-1,-1,-1,-1
455,51,821.77,215.29,215.60,547.51,-1,-1,-1,-1
455,57,405.43,205.23,304.99,773.68,-1,-1,-1,-1
455,61,1160.17,204.32,332.20,690.92,-1,-1,-1,-1
456,3,1466.63,103.82,467.57,948.61,-1,-1,-1,-1
456,27,1646.79,117.15,286.50,755.57,-1,-1,-1,-1
456,51,841.08,217.24,222.91,527.58,-1,-1,-1,-1
456,57,397.84,204.98,304.47,798.19,-1,-1,-1,-1
456,61,1136.24,208.47,349.61,688.40,-1,-1,-1,-1
457,3,1474.82,91.96,454.54,968.73,-1,-1,-1,-1
457,27,1665.38,125.15,273.44,721.12,-1,-1,-1,-1
457,51,859.26,216.60,223.21,520.99,-1,-1,-1,-1
457,57,395.47,208.84,305.60,812.25,-1,-1,-1,-1
457,61,1126.18,201.64,363.45,702.79,-1,-1,-1,-1
458,3,1468.00,85.70,466.86,975.29,-1,-1,-1,-1
458,27,1683.97,133.15,260.37,686.67,-1,-1,-1,-1
458,51,858.80,219.51,246.29,522.95,-1,-1,-1,-1
458,57,401.05,214.48,302.99,816.54,-1,-1,-1,-1
458,61,1118.68,190.38,382.38,717.32,-1,-1,-1,-1
459,3,1462.13,72.35,468.32,998.00,-1,-1,-1,-1
459,27,1702.55,141.15,247.30,652.21,-1,-1,-1,-1
459,51,866.65,215.86,251.36,531.25,-1,-1,-1,-1
459,57,411.98,212.34,297.55,828.69,-1,-1,-1,-1
459,61,1118.14,172.80,381.23,736.44,-1,-1,-1,-1
460,3,1453.36,66.59,481.33,1007.92,-1,-1,-1,-1
460,51,879.45,222.15,246.08,524.09,-1,-1,-1,-1
460,57,416.65,204.66,303.52,842.07,-1,-1,-1,-1
460,61,1120.91,169.16,341.98,735.32,-1,-1,-1,-1
461,3,1453.60,74.81,480.60,1000.39,-1,-1,-1,-1
461,51,922.27,228.58,212.35,517.86,-1,-1,-1,-1
461,57,417.87,202.77,321.74,839.48,-1,-1,-1,-1
461,61,1110.80,171.34,301.54,719.55,-1,-1,-1,-1
462,3,1463.58,76.02,462.92,1002.35,-1,-1,-1,-1
462,51,958.30,227.29,172.58,514.11,-1,-1,-1,-1
462,57,417.15,195.57,330.03,851.61,-1,-1,-1,-1
462,61,1081.71,174.95,287.74,714.40,-1,-1,-1,-1
463,3,1472.46,100.46,453.99,963.64,-1,-1,-1,-1
463,51,977.85,228.41,171.31,510.32,-1,-1,-1,-1
463,57,413.49,196.17,341.49,855.39,-1,-1,-1,-1
463,61,1009.34,178.15,335.57,714.28,-1,-1,-1,-1
464,3,1480.32,95.37,439.88,969.88,-1,-1,-1,-1
464,51,997.40,229.53,170.03,506.52,-1,-1,-1,-1
464,57,409.65,192.42,351.72,866.42,-1,-1,-1,-1
464,61,968.85,177.50,366.33,719.82,-1,-1,-1,-1
465,3,1479.46,95.41,444.26,966.75,-1,-1,-1,-1
465,51,1016.95,230.64,168.76,502.72,-1,-1,-1,-1
465,57,400.41,187.84,366.91,870.48,-1,-1,-1,-1
465,61,936.66,181.52,396.19,712.56,-1,-1,-1,-1
466,3,1489.49,109.17,433.87,947.66,-1,-1,-1,-1
466,51,1036.49,231.76,167.48,498.93,-1,-1,-1,-1
466,57,386.21,186.95,382.75,873.04,-1,-1,-1,-1
466,61,914.48,181.17,414.14,732.96,-1,-1,-1,-1
467,3,1503.86,99.69,417.76,971.36,-1,-1,-1,-1
467,57,376.26,184.48,391.29,882.19,-1,-1,-1,-1
467,61,924.51,181.12,383.96,752.58,-1,-1,-1,-1
468,3,1518.68,87.55,401.80,985.98,-1,-1,-1,-1
468,57,381.68,182.44,379.83,881.41,-1,-1,-1,-1
468,61,899.39,178.53,399.38,768.53,-1,-1,-1,-1
469,3,1529.88,76.99,390.09,997.09,-1,-1,-1,-1
469,57,401.65,175.24,350.01,892.03,-1,-1,-1,-1
469,61,885.33,178.92,407.17,765.06,-1,-1,-1,-1
470,3,1542.09,84.92,379.16,989.42,-1,-1,-1,-1
470,51,1122.92,208.89,196.92,548.72,-1,-1,-1,-1
470,57,415.17,171.92,338.66,894.17,-1,-1,-1,-1
470,61,868.93,165.31,397.83,787.98,-1,-1,-1,-1
471,3,1546.02,119.97,377.17,940.86,-1,-1,-1,-1
471,51,1139.52,209.01,196.30,543.89,-1,-1,-1,-1
471,57,422.20,161.25,347.36,903.37,-1,-1,-1,-1
471,61,856.57,163.05,371.72,792.01,-1,-1,-1,-1
472,3,1536.60,113.05,387.87,948.56,-1,-1,-1,-1
472,51,1163.93,203.39,180.87,555.50,-1,-1,-1,-1
472,57,437.65,166.23,353.12,904.45,-1,-1,-1,-1
472,61,855.28,169.77,312.05,778.85,-1,-1,-1,-1
473,3,1519.17,109.66,406.96,962.61,-1,-1,-1,-1
473,51,1182.23,201.87,185.27,564.08,-1,-1,-1,-1
473,57,455.21,181.88,367.11,885.88,-1,-1,-1,-1
473,61,849.90,165.44,270.38,776.56,-1,-1,-1,-1
474,3,1496.39,110.90,426.74,964.30,-1,-1,-1,-1
474,51,1202.19,198.58,186.95,558.61,-1,-1,-1,-1
474,57,489.94,193.24,385.94,876.10,-1,-1,-1,-1
474,61,819.28,156.67,279.66,796.19,-1,-1,-1,-1
475,3,1567.46,124.55,344.63,937.83,-1,-1,-1,-1
475,51,1214.68,206.30,205.25,542.56,-1,-1,-1,-1
475,57,521.51,206.24,408.40,867.14,-1,-1,-1,-1
475,61,788.02,156.67,290.37,801.23,-1,-1,-1,-1
476,3,1608.93,110.95,305.97,959.39,-1,-1,-1,-1
476,51,1219.72,212.13,230.11,534.47,-1,-1,-1,-1
476,57,541.45,190.45,436.88,888.01,-1,-1,-1,-1
476,61,746.27,153.65,310.75,821.21,-1,-1,-1,-1
477,3,1629.30,114.52,290.12,960.13,-1,-1,-1,-1
477,51,1226.82,211.52,248.22,541.51,-1,-1,-1,-1
477,57,573.12,172.52,448.11,911.37,-1,-1,-1,-1
477,61,720.41,149.45,315.36,833.41,-1,-1,-1,-1
478,3,1647.32,124.63,273.54,947.03,-1,-1,-1,-1
478,51,1237.58,206.37,245.58,556.26,-1,-1,-1,-1
478,57,595.84,164.83,454.21,918.25,-1,-1,-1,-1
478,61,694.54,145.24,319.98,845.60,-1,-1,-1,-1
478,65,1436.79,169.93,255.58,742.61,-1,-1,-1,-1
479,3,1659.71,138.61,258.71,920.93,-1,-1,-1,-1
479,51,1257.22,212.64,216.94,542.67,-1,-1,-1,-1
479,57,624.79,153.52,430.99,930.85,-1,-1,-1,-1
479,61,668.67,141.03,324.59,857.80,-1,-1,-1,-1
479,65,1426.47,165.27,214.57,733.58,-1,-1,-1,-1
480,3,1666.79,149.24,255.00,911.98,-1,-1,-1,-1
480,51,1286.41,218.56,189.92,532.67,-1,-1,-1,-1
480,57,624.78,147.68,440.77,936.25,-1,-1,-1,-1
480,61,642.81,136.82,329.20,869.99,-1,-1,-1,-1
480,65,1413.63,168.64,210.68,720.29,-1,-1,-1,-1
481,3,1678.03,137.04,239.51,925.72,-1,-1,-1,-1
481,51,1303.47,221.72,187.94,527.12,-1,-1,-1,-1
481,57,593.70,155.03,478.41,904.83,-1,-1,-1,-1
481,65,1400.79,172.00,206.79,706.99,-1,-1,-1,-1
482,3,1682.83,144.03,236.60,923.02,-1,-1,-1,-1
482,51,1320.54,224.88,185.96,521.57,-1,-1,-1,-1
482,57,585.25,154.58,498.69,906.32,-1,-1,-1,-1
482,65,1387.95,175.37,202.89,693.70,-1,-1,-1,-1
483,3,1687.15,143.86,232.30,915.19,-1,-1,-1,-1
483,51,1337.60,228.04,183.99,516.02,-1,-1,-1,-1
483,57,609.25,154.23,499.67,907.91,-1,-1,-1,-1
483,61,561.16,151.33,357.35,830.68,-1,-1,-1,-1
483,65,1375.11,178.73,199.00,680.41,-1,-1,-1,-1
483,66,1250.11,179.38,324.19,725.93,-1,-1,-1,-1
484,3,1678.41,146.93,245.29,908.16,-1,-1,-1,-1
484,51,1354.66,231.19,182.01,510.46,-1,-1,-1,-1
484,57,643.77,153.68,502.05,916.13,-1,-1,-1,-1
484,61,560.43,172.59,298.89,746.41,-1,-1,-1,-1
484,66,1242.74,186.55,333.88,716.49,-1,-1,-1,-1
485,3,1685.71,131.85,233.33,928.07,-1,-1,-1,-1
485,51,1357.35,193.04,201.73,568.58,-1,-1,-1,-1
485,57,742.45,161.51,446.61,907.71,-1,-1,-1,-1
485,61,551.86,173.57,293.63,755.15,-1,-1,-1,-1
485,66,1229.45,187.66,333.42,708.48,-1,-1,-1,-1
486,3,1691.81,132.08,227.42,917.78,-1,-1,-1,-1
486,51,1375.10,188.69,195.06,584.23,-1,-1,-1,-1
486,57,806.71,183.95,426.45,884.05,-1,-1,-1,-1
486,61,516.53,166.98,302.71,768.83,-1,-1,-1,-1
486,66,1221.84,178.89,293.65,718.11,-1,-1,-1,-1
487,3,1682.96,145.40,239.73,897.05,-1,-1,-1,-1
487,51,1384.30,194.14,198.00,591.26,-1,-1,-1,-1
487,57,854.61,155.79,391.18,923.04,-1,-1,-1,-1
487,61,472.50,162.33,322.74,771.17,-1,-1,-1,-1
487,66,1212.10,179.14,249.78,709.79,-1,-1,-1,-1
488,3,1684.22,149.87,231.66,846.89,-1,-1,-1,-1
488,51,1387.92,194.71,208.55,600.94,-1,-1,-1,-1
488,57,888.09,166.43,350.19,905.85,-1,-1,-1,-1
488,61,426.23,157.13,358.67,783.56,-1,-1,-1,-1
488,66,1189.70,175.80,220.12,711.02,-1,-1,-1,-1
489,3,1693.05,141.93,225.11,866.30,-1,-1,-1,-1
489,51,1393.62,183.86,219.20,638.15,-1,-1,-1,-1
489,57,917.90,161.10,329.01,911.04,-1,-1,-1,-1
489,61,386.88,155.55,396.43,788.20,-1,-1,-1,-1
489,66,1175.75,180.68,194.15,718.49,-1,-1,-1,-1
490,3,1694.96,147.04,225.18,863.62,-1,-1,-1,-1
490,51,1399.27,187.23,225.71,638.28,-1,-1,-1,-1
490,57,936.98,157.31,357.35,915.91,-1,-1,-1,-1
490,61,355.46,155.14,426.96,801.03,-1,-1,-1,-1
490,66,1171.46,192.93,171.03,688.77,-1,-1,-1,-1
491,3,1697.57,155.77,223.38,858.94,-1,-1,-1,-1
491,51,1396.01,186.30,251.90,641.76,-1,-1,-1,-1
491,57,969.88,137.86,362.08,942.55,-1,-1,-1,-1
491,61,328.80,159.81,442.72,811.44,-1,-1,-1,-1
491,66,1154.43,198.59,168.26,677.66,-1,-1,-1,-1
492,3,1699.26,148.65,220.09,883.26,-1,-1,-1,-1
492,51,1388.71,182.99,276.88,649.03,-1,-1,-1,-1
492,57,971.82,130.63,376.10,945.65,-1,-1,-1,-1
492,61,319.15,161.49,448.46,836.44,-1,-1,-1,-1
492,66,1137.40,204.25,165.50,666.55,-1,-1,-1,-1
493,3,1702.75,157.65,214.42,870.88,-1,-1,-1,-1
493,51,1382.72,176.85,295.00,659.69,-1,-1,-1,-1
493,57,959.97,122.58,386.66,957.20,-1,-1,-1,-1
493,61,308.75,169.70,457.92,834.71,-1,-1,-1,-1
493,66,1120.37,209.91,162.73,655.44,-1,-1,-1,-1
494,3,1704.54,165.01,214.95,868.94,-1,-1,-1,-1
494,51,1376.32,168.85,304.31,670.11,-1,-1,-1,-1
494,57,951.73,115.75,392.67,946.66,-1,-1,-1,-1
494,61,312.96,161.42,439.86,848.52,-1,-1,-1,-1
494,66,1103.34,215.57,159.96,644.32,-1,-1,-1,-1
495,3,1701.99,161.09,218.67,865.77,-1,-1,-1,-1
495,51,1378.13,160.55,290.13,681.79,-1,-1,-1,-1
495,57,932.01,124.20,420.49,933.79,-1,-1,-1,-1
495,61,317.04,154.29,403.37,852.88,-1,-1,-1,-1
496,3,1704.50,170.60,215.32,835.18,-1,-1,-1,-1
496,51,1376.70,157.91,279.88,686.29,-1,-1,-1,-1
496,57,928.32,119.75,445.26,949.46,-1,-1,-1,-1
496,61,312.75,147.97,361.59,857.03,-1,-1,-1,-1
497,3,1702.47,180.11,217.39,783.11,-1,-1,-1,-1
497,51,1380.24,156.88,265.83,699.72,-1,-1,-1,-1
497,57,933.81,117.73,463.28,954.45,-1,-1,-1,-1
497,61,297.88,143.86,323.94,862.01,-1,-1,-1,-1
498,3,1711.58,166.18,207.46,788.77,-1,-1,-1,-1
498,51,1390.00,163.19,250.12,709.22,-1,-1,-1,-1
498,57,955.66,126.16,458.97,947.04,-1,-1,-1,-1
498,61,280.02,142.89,302.70,856.31,-1,-1,-1,-1
499,3,1714.80,163.02,204.71,783.40,-1,-1,-1,-1
499,51,1392.51,164.37,251.04,733.61,-1,-1,-1,-1
499,57,970.79,131.79,451.76,943.97,-1,-1,-1,-1
499,61,262.70,139.74,305.89,863.83,-1,-1,-1,-1
500,3,1702.10,162.78,217.37,769.02,-1,-1,-1,-1
500,51,1399.96,161.60,242.27,751.51,-1,-1,-1,-1
500,57,964.28,141.23,467.15,930.76,-1,-1,-1,-1
500,61,245.19,137.86,328.51,869.34,-1,-1,-1,-1
501,3,1697.65,162.77,222.26,768.34,-1,-1,-1,-1
501,51,1397.05,159.83,240.45,758.84,-1,-1,-1,-1
501,57,947.33,137.38,478.18,939.30,-1,-1,-1,-1
501,61,230.68,144.72,349.11,863.57,-1,-1,-1,-1
502,3,1683.18,161.93,232.92,761.97,-1,-1,-1,-1
502,51,1393.30,162.97,234.86,757.21,-1,-1,-1,-1
502,57,935.19,141.69,480.39,936.46,-1,-1,-1,-1
502,61,219.54,151.57,360.20,859.33,-1,-1,-1,-1
503,3,1667.27,167.24,247.93,752.75,-1,-1,-1,-1
503,51,1371.24,161.95,247.24,760.71,-1,-1,-1,-1
503,57,918.03,138.03,483.14,934.97,-1,-1,-1,-1
503,61,219.31,165.80,359.05,831.56,-1,-1,-1,-1
504,3,1657.59,173.44,247.42,739.63,-1,-1,-1,-1
504,51,1344.24,155.62,262.20,774.20,-1,-1,-1,-1
504,57,920.41,153.09,467.24,909.82,-1,-1,-1,-1
504,61,217.53,178.94,359.17,817.06,-1,-1,-1,-1
505,3,1650.76,170.83,242.45,733.33,-1,-1,-1,-1
505,51,1320.10,150.18,279.87,770.17,-1,-1,-1,-1
505,57,942.10,149.51,439.72,921.28,-1,-1,-1,-1
505,61,221.10,181.77,350.79,817.00,-1,-1,-1,-1
506,3,1644.70,162.72,244.60,742.59,-1,-1,-1,-1
506,51,1288.03,165.17,308.87,730.68,-1,-1,-1,-1
506,57,925.73,142.38,461.66,929.26,-1,-1,-1,-1
506,61,232.22,182.55,330.23,812.19,-1,-1,-1,-1
507,3,1637.84,160.29,242.33,741.74,-1,-1,-1,-1
507,51,1274.91,172.94,320.77,721.70,-1,-1,-1,-1
507,57,947.71,142.58,429.69,929.24,-1,-1,-1,-1
507,61,246.56,184.83,311.29,802.89,-1,-1,-1,-1
507,68,847.14,204.58,171.29,637.37,-1,-1,-1,-1
508,3,1632.53,165.62,232.85,717.22,-1,-1,-1,-1
508,51,1275.80,162.58,309.44,746.85,-1,-1,-1,-1
508,57,941.04,140.93,440.62,934.27,-1,-1,-1,-1
508,61,261.34,181.52,291.86,800.14,-1,-1,-1,-1
508,68,819.03,207.98,186.11,630.71,-1,-1,-1,-1
509,3,1626.74,177.87,211.14,696.16,-1,-1,-1,-1
509,51,1259.83,170.23,313.68,742.95,-1,-1,-1,-1
509,57,954.98,145.79,421.38,926.87,-1,-1,-1,-1
509,61,273.58,190.96,276.09,752.79,-1,-1,-1,-1
509,68,778.09,199.93,217.25,644.60,-1,-1,-1,-1
510,3,1623.05,173.69,193.27,699.73,-1,-1,-1,-1
510,51,1248.02,174.04,298.93,736.20,-1,-1,-1,-1
510,57,966.72,147.20,402.94,929.44,-1,-1,-1,-1
510,61,280.93,192.35,268.78,718.51,-1,-1,-1,-1
510,68,756.71,210.50,230.33,625.30,-1,-1,-1,-1
511,3,1609.17,172.61,189.59,691.89,-1,-1,-1,-1
511,51,1232.96,181.65,260.98,720.88,-1,-1,-1,-1
511,57,982.10,145.46,402.74,931.60,-1,-1,-1,-1
511,61,283.85,192.31,269.06,697.63,-1,-1,-1,-1
511,68,742.06,210.36,237.20,631.73,-1,-1,-1,-1
512,3,1586.88,173.98,192.48,681.32,-1,-1,-1,-1
512,51,1221.26,187.00,258.13,712.98,-1,-1,-1,-1
512,57,1002.79,157.16,390.30,904.94,-1,-1,-1,-1
512,61,286.23,190.18,269.33,692.72,-1,-1,-1,-1
512,68,732.95,211.27,238.84,633.87,-1,-1,-1,-1
513,3,1546.27,177.26,218.55,668.47,-1,-1,-1,-1
513,51,1209.55,192.34,255.27,705.08,-1,-1,-1,-1
513,57,1020.05,149.40,392.28,919.18,-1,-1,-1,-1
513,61,284.48,181.84,274.29,703.27,-1,-1,-1,-1
513,68,732.29,212.41,227.89,631.46,-1,-1,-1,-1
514,3,1518.80,174.28,236.80,671.20,-1,-1,-1,-1
514,51,1197.84,197.68,252.41,697.18,-1,-1,-1,-1
514,57,1040.13,148.18,392.59,912.38,-1,-1,-1,-1
514,61,280.32,180.28,280.64,705.31,-1,-1,-1,-1
514,68,724.64,215.37,214.97,619.50,-1,-1,-1,-1
515,3,1503.34,181.20,246.57,662.37,-1,-1,-1,-1
515,51,1186.13,203.02,249.55,689.28,-1,-1,-1,-1
515,57,1055.89,139.44,395.06,900.70,-1,-1,-1,-1
515,61,276.15,184.80,284.13,698.61,-1,-1,-1,-1
515,68,728.56,208.63,192.01,633.98,-1,-1,-1,-1
516,3,1499.82,184.55,235.80,653.34,-1,-1,-1,-1
516,57,1060.78,125.52,354.30,910.96,-1,-1,-1,-1
516,61,273.38,190.97,286.29,690.12,-1,-1,-1,-1
516,68,720.49,210.85,182.65,633.59,-1,-1,-1,-1
517,3,1493.61,189.97,226.51,638.72,-1,-1,-1,-1
517,57,1029.32,113.40,357.04,932.45,-1,-1,-1,-1
517,61,271.32,198.72,284.40,682.89,-1,-1,-1,-1
517,68,716.30,216.20,175.36,626.34,-1,-1,-1,-1
518,3,1487.07,186.73,215.75,643.17,-1,-1,-1,-1
518,57,990.77,136.67,388.34,896.80,-1,-1,-1,-1
518,61,267.98,205.87,287.26,673.51,-1,-1,-1,-1
518,68,718.20,210.54,159.15,634.83,-1,-1,-1,-1
519,3,1475.09,188.71,200.98,630.84,-1,-1,-1,-1
519,57,978.94,130.77,398.78,908.12,-1,-1,-1,-1
519,61,267.81,204.92,286.05,678.82,-1,-1,-1,-1
519,68,713.61,209.26,158.51,636.66,-1,-1,-1,-1
520,3,1455.56,187.07,198.51,624.40,-1,-1,-1,-1
520,57,984.27,115.09,396.80,926.31,-1,-1,-1,-1
520,61,271.86,206.32,276.43,665.59,-1,-1,-1,-1
520,68,711.67,223.40,149.87,617.48,-1,-1,-1,-1
521,3,1439.31,183.89,191.50,629.34,-1,-1,-1,-1
521,57,973.82,121.50,411.82,934.79,-1,-1,-1,-1
521,61,273.12,210.19,270.76,651.82,-1,-1,-1,-1
521,68,707.48,212.61,148.59,630.71,-1,-1,-1,-1
522,3,1426.06,184.99,191.70,633.86,-1,-1,-1,-1
522,57,939.07,128.98,457.28,926.14,-1,-1,-1,-1
522,61,274.75,214.09,264.23,628.35,-1,-1,-1,-1
522,68,701.55,214.51,154.71,625.68,-1,-1,-1,-1
523,3,1395.87,184.48,213.08,633.78,-1,-1,-1,-1
523,57,971.04,122.12,420.15,948.36,-1,-1,-1,-1
523,61,278.97,217.27,249.77,611.20,-1,-1,-1,-1
523,68,697.35,199.68,153.73,642.06,-1,-1,-1,-1
524,3,1374.61,182.26,228.32,641.60,-1,-1,-1,-1
524,57,1004.19,123.07,398.65,947.51,-1,-1,-1,-1
524,61,282.81,213.66,238.80,611.54,-1,-1,-1,-1
524,68,697.38,196.17,146.18,634.67,-1,-1,-1,-1
525,3,1372.76,187.03,218.04,629.74,-1,-1,-1,-1
525,57,1021.09,120.34,412.45,946.79,-1,-1,-1,-1
525,61,287.47,215.13,226.62,603.55,-1,-1,-1,-1
525,68,694.33,196.43,153.02,635.09,-1,-1,-1,-1
525,71,719.83,156.73,378.20,779.21,-1,-1,-1,-1
526,3,1366.72,202.46,212.81,602.45,-1,-1,-1,-1
526,57,1035.14,113.73,426.26,951.23,-1,-1,-1,-1
526,61,291.01,213.64,220.06,604.49,-1,-1,-1,-1
526,68,688.55,194.66,153.13,635.57,-1,-1,-1,-1
526,71,698.33,148.35,397.20,803.23,-1,-1,-1,-1
527,3,1363.89,215.47,184.66,548.92,-1,-1,-1,-1
527,57,1043.63,104.34,459.67,969.70,-1,-1,-1,-1
527,61,293.15,212.12,221.42,608.11,-1,-1,-1,-1
527,68,682.76,192.90,153.25,636.06,-1,-1,-1,-1
527,71,678.90,154.31,394.79,802.75,-1,-1,-1,-1
528,3,1352.72,187.15,170.32,593.23,-1,-1,-1,-1
528,57,1063.36,107.57,441.81,966.33,-1,-1,-1,-1
528,61,296.69,206.67,219.76,615.89,-1,-1,-1,-1
528,68,676.98,191.13,153.36,636.54,-1,-1,-1,-1
528,71,673.06,166.03,363.54,791.52,-1,-1,-1,-1
529,3,1337.77,182.95,170.92,595.42,-1,-1,-1,-1
529,57,1071.02,106.66,434.66,966.60,-1,-1,-1,-1
529,61,301.64,207.03,214.79,617.60,-1,-1,-1,-1
529,68,671.20,189.37,153.47,637.02,-1,-1,-1,-1
529,71,673.07,175.96,332.68,773.14,-1,-1,-1,-1
530,3,1322.82,178.75,171.52,597.61,-1,-1,-1,-1
530,57,1082.89,122.96,420.58,949.34,-1,-1,-1,-1
530,61,308.80,209.33,213.08,614.12,-1,-1,-1,-1
530,71,673.94,168.24,258.23,778.59,-1,-1,-1,-1
531,3,1307.87,174.55,172.12,599.80,-1,-1,-1,-1
531,57,1091.36,130.09,417.51,945.23,-1,-1,-1,-1
531,61,321.03,209.98,212.62,614.45,-1,-1,-1,-1
531,71,621.59,161.42,262.63,771.87,-1,-1,-1,-1
532,3,1292.92,170.35,172.72,601.99,-1,-1,-1,-1
532,57,1105.93,126.95,409.59,948.78,-1,-1,-1,-1
532,61,330.68,208.18,217.96,615.99,-1,-1,-1,-1
532,71,572.26,163.19,293.63,775.31,-1,-1,-1,-1
533,57,1118.06,135.15,409.80,941.74,-1,-1,-1,-1
533,61,343.51,217.76,217.52,597.23,-1,-1,-1,-1
533,71,500.62,141.95,363.60,814.59,-1,-1,-1,-1
534,57,1125.61,142.80,416.10,926.13,-1,-1,-1,-1
534,61,358.37,213.08,221.12,606.39,-1,-1,-1,-1
534,71,435.18,144.01,430.48,821.36,-1,-1,-1,-1
535,57,1139.08,147.26,417.03,920.63,-1,-1,-1,-1
535,61,367.96,210.35,225.65,623.13,-1,-1,-1,-1
535,71,392.27,164.69,455.64,811.81,-1,-1,-1,-1
536,57,1158.74,145.77,410.60,929.13,-1,-1,-1,-1
536,61,374.53,207.19,228.12,629.96,-1,-1,-1,-1
536,71,364.05,172.41,448.42,815.84,-1,-1,-1,-1
537,57,1171.07,153.14,411.95,917.01,-1,-1,-1,-1
537,61,381.11,204.03,230.58,636.78,-1,-1,-1,-1
537,71,342.80,168.63,411.10,817.76,-1,-1,-1,-1
538,57,1184.94,154.72,412.28,915.31,-1,-1,-1,-1
538,61,387.68,200.88,233.05,643.60,-1,-1,-1,-1
538,71,322.93,168.05,390.42,802.43,-1,-1,-1,-1
539,3,1152.62,193.21,186.99,589.01,-1,-1,-1,-1
539,57,1191.91,160.27,416.49,907.34,-1,-1,-1,-1
539,61,394.26,197.72,235.52,650.42,-1,-1,-1,-1
539,71,305.87,156.94,393.82,839.58,-1,-1,-1,-1
540,3,1134.45,196.65,189.44,588.40,-1,-1,-1,-1
540,57,1200.26,164.75,419.74,898.68,-1,-1,-1,-1
540,71,295.50,163.66,402.46,834.21,-1,-1,-1,-1
541,3,1117.91,200.26,187.77,585.18,-1,-1,-1,-1
541,57,1190.83,160.68,446.64,912.74,-1,-1,-1,-1
541,71,285.80,158.11,397.45,838.56,-1,-1,-1,-1
542,3,1099.75,201.61,193.79,599.36,-1,-1,-1,-1
542,57,1213.38,150.74,435.40,929.17,-1,-1,-1,-1
542,71,275.61,156.43,355.52,843.61,-1,-1,-1,-1
542,75,646.14,190.91,210.81,639.98,-1,-1,-1,-1
543,3,1081.11,200.73,198.69,611.73,-1,-1,-1,-1
543,57,1239.70,145.15,422.40,937.08,-1,-1,-1,-1
543,68,551.26,215.95,173.79,572.42,-1,-1,-1,-1
543,71,264.29,144.39,333.14,886.70,-1,-1,-1,-1
543,75,653.94,189.45,203.20,645.64,-1,-1,-1,-1
544,3,1065.58,208.17,202.25,608.90,-1,-1,-1,-1
544,57,1263.76,142.22,408.36,940.08,-1,-1,-1,-1
544,68,555.09,218.17,154.21,568.44,-1,-1,-1,-1
544,71,256.68,142.05,308.05,894.90,-1,-1,-1,-1
544,75,623.55,199.27,229.77,640.65,-1,-1,-1,-1
545,3,1054.02,213.63,205.58,604.35,-1,-1,-1,-1
545,57,1275.99,137.63,403.72,939.68,-1,-1,-1,-1
545,68,565.04,225.37,140.16,552.27,-1,-1,-1,-1
545,71,242.19,137.78,307.27,909.75,-1,-1,-1,-1
545,75,592.77,210.63,253.30,626.19,-1,-1,-1,-1
546,3,1049.38,210.04,202.06,615.13,-1,-1,-1,-1
546,57,1292.77,137.76,391.68,933.01,-1,-1,-1,-1
546,68,560.61,230.16,137.44,541.56,-1,-1,-1,-1
546,71,224.16,142.15,313.74,911.36,-1,-1,-1,-1
546,75,584.94,214.81,258.48,630.01,-1,-1,-1,-1
547,3,1047.92,208.89,194.21,620.67,-1,-1,-1,-1
547,57,1301.30,145.76,386.54,914.37,-1,-1,-1,-1
547,68,556.18,234.95,134.72,530.85,-1,-1,-1,-1
547,71,205.86,131.32,324.56,929.87,-1,-1,-1,-1
547,75,579.91,213.49,273.48,633.71,-1,-1,-1,-1
548,3,1041.53,208.31,190.64,615.85,-1,-1,-1,-1
548,57,1302.80,148.61,380.92,908.20,-1,-1,-1,-1
548,68,551.76,239.74,132.00,520.13,-1,-1,-1,-1
548,71,182.51,123.85,345.31,944.30,-1,-1,-1,-1
548,75,582.46,213.36,288.51,637.99,-1,-1,-1,-1
549,3,1033.73,208.47,187.43,619.46,-1,-1,-1,-1
549,57,1302.00,161.39,375.85,889.66,-1,-1,-1,-1
549,68,547.33,244.53,129.28,509.42,-1,-1,-1,-1
549,71,161.09,122.54,370.93,947.73,-1,-1,-1,-1
549,75,577.23,221.30,310.18,634.60,-1,-1,-1,-1
550,3,1019.05,210.97,194.09,607.62,-1,-1,-1,-1
550,57,1295.95,159.59,368.55,886.76,-1,-1,-1,-1
550,71,140.11,125.70,399.38,941.06,-1,-1,-1,-1
550,75,570.99,226.95,334.38,630.28,-1,-1,-1,-1
551,3,1005.92,210.15,195.92,608.50,-1,-1,-1,-1
551,57,1283.46,159.52,371.50,871.96,-1,-1,-1,-1
551,71,121.74,126.99,416.40,940.72,-1,-1,-1,-1
551,75,551.28,227.04,363.74,632.62,-1,-1,-1,-1
552,3,991.26,211.52,201.46,613.50,-1,-1,-1,-1
552,57,1272.13,155.01,373.00,871.58,-1,-1,-1,-1
552,71,113.60,132.73,418.01,930.79,-1,-1,-1,-1
552,75,610.90,225.13,294.30,607.33,-1,-1,-1,-1
553,3,981.51,203.51,200.70,633.24,-1,-1,-1,-1
553,57,1268.38,152.66,366.85,861.41,-1,-1,-1,-1
553,71,104.83,132.52,426.51,939.79,-1,-1,-1,-1
553,75,615.71,232.00,289.06,596.49,-1,-1,-1,-1
554,3,971.31,200.64,202.16,644.74,-1,-1,-1,-1
554,57,1264.16,163.79,361.84,835.64,-1,-1,-1,-1
554,61,523.72,206.99,269.30,652.30,-1,-1,-1,-1
554,71,105.90,160.89,439.29,899.83,-1,-1,-1,-1
554,75,620.53,238.86,283.81,585.64,-1,-1,-1,-1
555,3,956.20,209.31,209.10,635.55,-1,-1,-1,-1
555,57,1267.63,166.40,347.49,826.66,-1,-1,-1,-1
555,61,508.32,204.07,287.27,659.84,-1,-1,-1,-1
555,71,118.21,183.29,456.45,874.24,-1,-1,-1,-1
555,75,625.34,245.72,278.57,574.79,-1,-1,-1,-1
556,3,946.03,200.78,210.22,658.51,-1,-1,-1,-1
556,57,1267.28,173.16,337.67,808.98,-1,-1,-1,-1
556,61,520.97,228.00,241.20,633.59,-1,-1,-1,-1
556,71,126.95,190.87,505.16,870.57,-1,-1,-1,-1
556,75,630.16,252.58,273.32,563.94,-1,-1,-1,-1
557,3,926.80,202.69,227.49,655.99,-1,-1,-1,-1
557,57,1269.03,174.80,324.48,808.67,-1,-1,-1,-1
557,61,528.61,236.28,236.51,621.27,-1,-1,-1,-1
557,71,140.16,177.69,510.91,887.51,-1,-1,-1,-1
557,78,781.14,205.84,207.46,549.76,-1,-1,-1,-1
558,3,915.66,203.33,229.64,659.72,-1,-1,-1,-1
558,57,1271.45,168.11,299.84,820.54,-1,-1,-1,-1
558,61,536.25,244.56,231.82,608.95,-1,-1,-1,-1
558,71,156.55,166.76,499.50,898.44,-1,-1,-1,-1
558,78,792.21,203.52,194.78,564.05,-1,-1,-1,-1
559,3,911.62,198.27,223.26,677.09,-1,-1,-1,-1
559,57,1274.11,165.48,280.80,828.62,-1,-1,-1,-1
559,61,543.89,252.84,227.13,596.64,-1,-1,-1,-1
559,71,169.55,150.20,482.39,918.56,-1,-1,-1,-1
559,78,806.99,214.13,178.07,548.46,-1,-1,-1,-1
560,3,908.70,198.75,220.63,675.14,-1,-1,-1,-1
560,57,1268.70,174.74,272.27,808.98,-1,-1,-1,-1
560,61,551.53,261.13,222.43,584.32,-1,-1,-1,-1
560,71,187.07,125.51,462.83,946.19,-1,-1,-1,-1
560,78,815.32,212.79,176.97,560.77,-1,-1,-1,-1
561,3,873.38,206.17,255.63,665.23,-1,-1,-1,-1
561,57,1267.72,175.68,271.10,812.69,-1,-1,-1,-1
561,71,204.48,110.21,446.38,962.23,-1,-1,-1,-1
561,78,823.31,216.25,166.85,553.42,-1,-1,-1,-1
562,3,848.28,207.25,277.74,669.16,-1,-1,-1,-1
562,57,1266.97,214.24,262.72,746.62,-1,-1,-1,-1
562,71,219.11,96.51,437.69,969.58,-1,-1,-1,-1
562,78,832.48,217.50,166.29,551.58,-1,-1,-1,-1
563,3,837.55,214.09,281.01,628.27,-1,-1,-1,-1
563,57,1264.26,204.42,255.47,757.70,-1,-1,-1,-1
563,71,237.07,79.41,432.11,994.67,-1,-1,-1,-1
563,78,841.66,218.76,165.73,549.75,-1,-1,-1,-1
564,3,832.76,209.08,277.70,612.69,-1,-1,-1,-1
564,57,1256.59,207.27,256.26,742.19,-1,-1,-1,-1
564,71,263.57,84.14,427.62,989.21,-1,-1,-1,-1
564,78,850.83,220.01,165.17,547.92,-1,-1,-1,-1
565,3,826.83,204.54,273.76,601.69,-1,-1,-1,-1
565,57,1252.68,202.02,248.56,743.11,-1,-1,-1,-1
565,71,291.76,78.04,425.50,997.07,-1,-1,-1,-1
565,78,860.00,221.27,164.62,546.09,-1,-1,-1,-1
566,3,818.19,188.10,276.98,679.12,-1,-1,-1,-1
566,57,1245.55,190.65,245.81,748.86,-1,-1,-1,-1
566,71,320.07,78.82,429.72,997.11,-1,-1,-1,-1
567,3,811.30,177.70,272.21,731.99,-1,-1,-1,-1
567,57,1242.85,186.75,235.19,744.88,-1,-1,-1,-1
567,71,388.80,82.95,378.96,993.09,-1,-1,-1,-1
568,3,792.76,177.62,279.37,757.56,-1,-1,-1,-1
568,57,1238.17,188.54,225.73,725.73,-1,-1,-1,-1
568,71,420.73,81.35,429.57,988.31,-1,-1,-1,-1
569,3,791.12,179.32,280.12,769.42,-1,-1,-1,-1
569,57,1228.42,188.52,225.73,716.44,-1,-1,-1,-1
569,71,465.95,87.25,440.55,972.86,-1,-1,-1,-1
570,3,792.72,186.43,283.26,765.17,-1,-1,-1,-1
570,57,1220.88,192.30,226.26,699.58,-1,-1,-1,-1
570,71,496.95,70.67,447.88,1001.49,-1,-1,-1,-1
571,3,783.01,184.93,287.89,777.69,-1,-1,-1,-1
571,57,1210.86,189.15,225.68,706.41,-1,-1,-1,-1
571,71,530.23,66.34,456.82,1010.78,-1,-1,-1,-1
571,80,221.34,180.57,237.52,775.97,-1,-1,-1,-1
572,3,773.29,183.44,292.52,790.21,-1,-1,-1,-1
572,57,1199.57,182.00,225.99,724.29,-1,-1,-1,-1
572,71,564.88,63.84,463.45,1010.83,-1,-1,-1,-1
572,80,187.00,195.10,269.89,759.25,-1,-1,-1,-1
573,3,763.58,181.95,297.14,802.73,-1,-1,-1,-1
573,57,1187.36,183.99,225.92,714.66,-1,-1,-1,-1
573,71,606.91,82.43,431.70,985.91,-1,-1,-1,-1
573,80,179.87,200.50,272.36,763.87,-1,-1,-1,-1
574,3,753.86,180.45,301.77,815.25,-1,-1,-1,-1
574,57,1167.26,190.80,235.33,699.93,-1,-1,-1,-1
574,71,647.33,67.32,408.14,1005.55,-1,-1,-1,-1
574,80,170.26,208.22,276.63,759.99,-1,-1,-1,-1
575,3,727.87,95.32,319.71,976.58,-1,-1,-1,-1
575,57,1132.96,195.40,260.35,691.65,-1,-1,-1,-1
575,71,676.90,64.06,409.74,1009.47,-1,-1,-1,-1
575,80,160.03,205.08,274.45,769.45,-1,-1,-1,-1
575,82,975.12,193.48,227.09,602.71,-1,-1,-1,-1
576,3,712.20,76.97,334.16,1020.81,-1,-1,-1,-1
576,57,1114.27,203.79,268.82,679.25,-1,-1,-1,-1
576,71,723.60,108.48,403.22,942.54,-1,-1,-1,-1
576,80,141.19,204.21,280.88,772.98,-1,-1,-1,-1
576,82,997.45,208.13,198.37,595.21,-1,-1,-1,-1
577,3,696.53,58.62,348.61,1065.04,-1,-1,-1,-1
577,57,1102.82,212.36,265.82,666.91,-1,-1,-1,-1
577,71,725.43,124.40,413.05,913.51,-1,-1,-1,-1
577,80,115.21,200.72,297.10,781.28,-1,-1,-1,-1
577,82,1004.43,211.17,201.26,603.88,-1,-1,-1,-1
578,3,693.24,110.32,414.10,943.17,-1,-1,-1,-1
578,57,1094.66,220.92,271.59,655.81,-1,-1,-1,-1
578,71,827.53,143.04,339.61,839.41,-1,-1,-1,-1
578,80,88.74,194.94,319.27,793.14,-1,-1,-1,-1
578,82,1011.41,214.22,204.14,612.55,-1,-1,-1,-1
579,3,689.70,115.08,412.08,938.50,-1,-1,-1,-1
579,57,1067.94,206.29,295.73,659.51,-1,-1,-1,-1
579,71,880.02,131.40,372.79,813.05,-1,-1,-1,-1
579,80,63.63,190.04,339.97,804.02,-1,-1,-1,-1
579,82,1018.38,217.26,207.03,621.21,-1,-1,-1,-1
580,3,690.12,166.55,316.72,844.75,-1,-1,-1,-1
580,57,1057.30,206.50,293.64,654.84,-1,-1,-1,-1
580,71,925.78,76.21,400.81,887.87,-1,-1,-1,-1
580,80,33.30,186.07,358.07,822.01,-1,-1,-1,-1
580,82,1025.36,220.30,209.92,629.88,-1,-1,-1,-1
581,3,683.81,179.61,293.41,824.38,-1,-1,-1,-1
581,57,1046.66,206.71,291.55,650.18,-1,-1,-1,-1
581,71,962.33,59.32,421.84,958.76,-1,-1,-1,-1
581,80,9.70,177.87,373.04,846.61,-1,-1,-1,-1
582,3,671.14,187.97,276.71,808.98,-1,-1,-1,-1
582,57,1036.02,206.93,289.47,645.51,-1,-1,-1,-1
582,71,984.88,99.82,450.11,937.06,-1,-1,-1,-1
582,80,-1.37,180.82,375.21,852.42,-1,-1,-1,-1
583,3,648.03,191.34,267.18,803.15,-1,-1,-1,-1
583,57,1025.38,207.14,287.38,640.85,-1,-1,-1,-1
583,71,991.08,57.63,471.54,1005.58,-1,-1,-1,-1
583,80,-7.32,176.96,367.87,868.92,-1,-1,-1,-1
584,3,618.31,196.21,261.90,800.74,-1,-1,-1,-1
584,71,1026.93,122.16,459.86,939.40,-1,-1,-1,-1
584,80,-12.06,171.88,368.22,880.54,-1,-1,-1,-1
585,3,590.29,189.07,252.15,819.09,-1,-1,-1,-1
585,71,1043.77,77.86,491.79,994.05,-1,-1,-1,-1
585,80,-13.58,160.92,368.69,901.27,-1,-1,-1,-1
586,3,566.92,182.35,246.70,836.81,-1,-1,-1,-1
586,57,1004.41,203.50,222.16,692.35,-1,-1,-1,-1
586,71,1074.23,94.52,522.66,973.62,-1,-1,-1,-1
586,80,-14.97,156.98,378.60,903.97,-1,-1,-1,-1
587,3,530.68,180.01,272.38,842.03,-1,-1,-1,-1
587,57,980.04,206.50,260.32,686.04,-1,-1,-1,-1
587,71,1112.74,83.16,500.40,991.01,-1,-1,-1,-1
587,80,-13.85,155.71,383.84,900.78,-1,-1,-1,-1
588,3,491.63,177.69,302.87,847.79,-1,-1,-1,-1
588,57,957.75,212.12,274.49,674.19,-1,-1,-1,-1
588,71,1143.95,79.60,468.57,999.03,-1,-1,-1,-1
588,80,-10.58,150.90,378.64,908.56,-1,-1,-1,-1
589,3,465.87,182.93,322.36,838.47,-1,-1,-1,-1
589,57,957.32,215.31,252.51,670.44,-1,-1,-1,-1
589,71,1216.60,53.59,422.42,1030.61,-1,-1,-1,-1
589,80,-5.38,148.14,378.92,918.20,-1,-1,-1,-1
589,82,1093.64,212.17,224.63,577.68,-1,-1,-1,-1
590,3,458.19,182.50,329.73,848.20,-1,-1,-1,-1
590,57,949.49,222.18,235.88,645.72,-1,-1,-1,-1
590,71,1262.52,27.61,470.26,1051.93,-1,-1,-1,-1
590,80,-6.47,149.42,386.38,913.71,-1,-1,-1,-1
590,82,1078.82,197.81,256.84,614.63,-1,-1,-1,-1
591,3,447.23,185.90,334.55,837.84,-1,-1,-1,-1
591,57,939.20,230.17,229.28,622.82,-1,-1,-1,-1
591,71,1298.87,15.37,478.98,1071.40,-1,-1,-1,-1
591,80,-5.31,153.11,386.18,913.36,-1,-1,-1,-1
591,82,1073.52,192.15,255.45,608.29,-1,-1,-1,-1
592,3,436.53,181.83,330.61,841.18,-1,-1,-1,-1
592,57,929.09,222.23,233.47,644.97,-1,-1,-1,-1
592,71,1335.22,3.13,487.69,1090.87,-1,-1,-1,-1
592,80,-3.15,154.00,386.03,909.48,-1,-1,-1,-1
592,82,1064.60,192.28,257.15,595.02,-1,-1,-1,-1
593,3,416.56,178.61,325.44,845.93,-1,-1,-1,-1
593,57,918.70,216.13,230.38,661.97,-1,-1,-1,-1
593,71,1371.57,-9.11,496.41,1110.34,-1,-1,-1,-1
593,80,-2.16,150.11,387.12,914.95,-1,-1,-1,-1
593,82,1062.08,189.39,258.96,600.95,-1,-1,-1,-1
594,3,384.96,172.12,310.05,848.60,-1,-1,-1,-1
594,57,919.11,224.27,217.60,640.93,-1,-1,-1,-1
594,71,1407.92,-21.35,505.13,1129.81,-1,-1,-1,-1
594,80,-1.35,139.49,378.83,925.92,-1,-1,-1,-1
594,82,1055.78,192.38,265.22,597.97,-1,-1,-1,-1
595,3,355.03,167.23,303.29,853.02,-1,-1,-1,-1
595,57,917.13,226.27,199.23,627.90,-1,-1,-1,-1
595,71,1393.35,40.88,477.58,1021.26,-1,-1,-1,-1
595,80,-0.55,125.28,365.87,940.20,-1,-1,-1,-1
595,82,1053.77,190.60,256.09,596.49,-1,-1,-1,-1
596,3,312.87,180.44,318.82,839.95,-1,-1,-1,-1
596,57,906.94,226.16,193.91,620.87,-1,-1,-1,-1
596,71,1443.56,38.04,469.78,1028.36,-1,-1,-1,-1
596,80,0.89,126.19,365.61,938.15,-1,-1,-1,-1
596,82,1052.91,196.17,244.74,583.15,-1,-1,-1,-1
597,3,295.22,187.24,313.85,829.38,-1,-1,-1,-1
597,57,898.34,222.95,193.16,623.80,-1,-1,-1,-1
597,71,1489.25,72.81,438.15,993.26,-1,-1,-1,-1
597,80,-0.15,118.59,377.90,936.66,-1,-1,-1,-1
597,82,1049.44,201.14,239.17,573.45,-1,-1,-1,-1
598,3,283.76,194.04,312.41,820.01,-1,-1,-1,-1
598,57,892.11,225.54,180.85,607.05,-1,-1,-1,-1
598,71,1519.03,69.87,417.60,1003.72,-1,-1,-1,-1
598,80,9.87,109.57,369.70,952.28,-1,-1,-1,-1
598,82,1044.95,198.42,228.74,573.14,-1,-1,-1,-1
599,3,286.04,188.75,303.88,831.08,-1,-1,-1,-1
599,57,881.99,224.02,179.23,613.64,-1,-1,-1,-1
599,71,1545.25,48.79,391.19,1032.19,-1,-1,-1,-1
599,80,5.53,109.83,390.82,958.03,-1,-1,-1,-1
599,82,1038.28,194.83,225.89,577.50,-1,-1,-1,-1
600,3,289.16,186.56,297.85,837.06,-1,-1,-1,-1
600,57,874.92,211.79,176.23,628.18,-1,-1,-1,-1
600,71,1558.80,36.17,384.91,1047.85,-1,-1,-1,-1
600,80,-0.14,121.49,457.58,941.05,-1,-1,-1,-1
600,82,1031.36,194.63,224.23,577.31,-1,-1,-1,-1
601,3,292.81,170.90,268.27,856.63,-1,-1,-1,-1
601,57,869.14,209.89,176.29,637.38,-1,-1,-1,-1
601,71,1580.27,36.20,363.91,1046.96,-1,-1,-1,-1
601,80,0.43,121.58,498.21,941.57,-1,-1,-1,-1
601,82,1027.74,193.65,217.24,589.97,-1,-1,-1,-1
602,3,275.98,165.81,271.30,866.39,-1,-1,-1,-1
602,57,860.35,221.27,184.63,610.07,-1,-1,-1,-1
602,71,1604.30,45.96,337.70,1034.44,-1,-1,-1,-1
602,80,4.88,119.11,515.22,947.53,-1,-1,-1,-1
602,82,1024.87,188.55,213.88,608.19,-1,-1,-1,-1
603,3,259.15,160.71,274.32,876.15,-1,-1,-1,-1
603,57,854.79,225.54,187.26,600.54,-1,-1,-1,-1
603,71,1626.35,45.58,313.45,1034.53,-1,-1,-1,-1
603,80,32.60,115.05,468.98,949.34,-1,-1,-1,-1
603,82,1021.75,181.87,215.22,631.17,-1,-1,-1,-1
604,3,242.33,155.61,277.35,885.91,-1,-1,-1,-1
604,57,846.29,223.94,193.68,605.52,-1,-1,-1,-1
604,71,1653.76,76.06,282.82,988.76,-1,-1,-1,-1
604,80,57.17,96.76,441.58,973.65,-1,-1,-1,-1
604,82,1019.09,187.64,216.35,634.57,-1,-1,-1,-1
605,3,225.50,150.52,280.37,895.67,-1,-1,-1,-1
605,57,826.91,217.80,209.65,621.29,-1,-1,-1,-1
605,71,1682.20,73.03,245.16,999.44,-1,-1,-1,-1
605,80,78.44,96.29,443.16,968.13,-1,-1,-1,-1
605,82,1017.76,186.02,214.98,648.72,-1,-1,-1,-1
606,57,800.84,218.74,232.62,622.97,-1,-1,-1,-1
606,71,1692.24,73.03,239.68,998.00,-1,-1,-1,-1
606,80,110.39,97.25,440.11,957.91,-1,-1,-1,-1
606,82,1017.58,187.54,216.58,652.31,-1,-1,-1,-1
607,57,771.59,220.11,266.59,623.88,-1,-1,-1,-1
607,71,1682.59,88.61,252.69,963.05,-1,-1,-1,-1
607,80,123.28,102.22,475.69,953.04,-1,-1,-1,-1
607,82,1018.66,175.72,213.67,670.71,-1,-1,-1,-1
608,57,756.89,223.56,276.10,623.10,-1,-1,-1,-1
608,71,1678.27,94.18,255.07,942.27,-1,-1,-1,-1
608,80,121.34,106.41,521.23,950.39,-1,-1,-1,-1
608,82,1018.06,165.72,213.93,685.80,-1,-1,-1,-1
609,3,114.13,190.11,289.61,799.90,-1,-1,-1,-1
609,57,746.87,227.53,280.75,618.77,-1,-1,-1,-1
609,71,1685.24,91.42,242.25,929.09,-1,-1,-1,-1
609,80,174.03,113.18,473.63,939.53,-1,-1,-1,-1
609,82,1017.96,164.56,217.82,689.47,-1,-1,-1,-1
610,3,88.19,194.99,280.50,779.01,-1,-1,-1,-1
610,57,748.85,235.75,274.91,613.11,-1,-1,-1,-1
610,71,1684.18,94.63,240.68,912.17,-1,-1,-1,-1
610,80,253.13,123.30,419.18,926.97,-1,-1,-1,-1
610,82,1017.77,158.29,222.16,700.05,-1,-1,-1,-1
611,3,58.72,193.43,306.78,781.07,-1,-1,-1,-1
611,57,748.82,236.89,271.82,620.50,-1,-1,-1,-1
611,71,1673.07,101.58,253.51,906.81,-1,-1,-1,-1
611,80,320.42,117.14,371.21,939.07,-1,-1,-1,-1
611,82,1012.22,169.09,236.48,674.40,-1,-1,-1,-1
612,3,35.54,192.47,319.41,784.32,-1,-1,-1,-1
612,57,751.82,231.13,259.17,629.23,-1,-1,-1,-1
612,71,1674.96,108.38,245.63,893.39,-1,-1,-1,-1
612,80,380.59,114.37,344.89,950.13,-1,-1,-1,-1
612,82,999.41,169.71,256.91,668.86,-1,-1,-1,-1
613,3,18.31,193.25,328.95,777.39,-1,-1,-1,-1
613,57,752.99,233.24,233.71,622.29,-1,-1,-1,-1
613,71,1667.62,110.07,250.58,893.48,-1,-1,-1,-1
613,80,426.34,88.71,354.91,983.18,-1,-1,-1,-1
613,82,982.21,167.04,277.38,673.16,-1,-1,-1,-1
614,3,8.86,193.03,328.78,770.76,-1,-1,-1,-1
614,57,754.18,234.52,200.60,617.46,-1,-1,-1,-1
614,71,1656.39,120.63,257.35,863.27,-1,-1,-1,-1
614,80,481.23,93.19,355.30,972.98,-1,-1,-1,-1
614,82,962.48,164.16,298.11,683.37,-1,-1,-1,-1
615,3,-1.34,189.72,328.99,774.90,-1,-1,-1,-1
615,57,745.95,236.33,199.86,615.25,-1,-1,-1,-1
615,71,1650.61,121.27,250.08,848.93,-1,-1,-1,-1
615,80,530.80,89.43,359.14,976.84,-1,-1,-1,-1
615,82,949.37,163.41,310.67,692.79,-1,-1,-1,-1
616,3,0.21,191.09,332.70,778.77,-1,-1,-1,-1
616,57,737.73,238.14,199.13,613.05,-1,-1,-1,-1
616,71,1641.72,127.05,249.30,835.56,-1,-1,-1,-1
616,80,563.02,94.03,370.59,968.28,-1,-1,-1,-1
616,82,938.15,164.45,320.19,696.72,-1,-1,-1,-1
617,3,2.87,191.32,332.33,782.39,-1,-1,-1,-1
617,57,729.50,239.94,198.40,610.84,-1,-1,-1,-1
617,71,1629.87,132.10,267.00,820.90,-1,-1,-1,-1
617,80,604.30,77.79,397.57,996.64,-1,-1,-1,-1
617,82,926.63,166.15,331.59,701.19,-1,-1,-1,-1
618,3,8.31,196.88,330.46,772.22,-1,-1,-1,-1
618,57,721.28,241.75,197.67,608.63,-1,-1,-1,-1
618,71,1621.52,127.11,279.34,834.44,-1,-1,-1,-1
618,80,644.85,88.77,400.87,985.95,-1,-1,-1,-1
618,82,919.60,160.86,328.43,711.35,-1,-1,-1,-1
619,3,19.27,207.83,321.61,753.81,-1,-1,-1,-1
619,71,1603.59,128.18,287.68,830.91,-1,-1,-1,-1
619,80,720.74,122.98,404.66,920.74,-1,-1,-1,-1
619,82,920.25,158.52,309.10,710.35,-1,-1,-1,-1
620,3,30.96,216.40,308.95,733.79,-1,-1,-1,-1
620,71,1600.25,128.46,286.63,827.89,-1,-1,-1,-1
620,80,772.49,136.18,393.24,894.72,-1,-1,-1,-1
620,82,917.90,158.25,304.89,707.28,-1,-1,-1,-1
621,3,44.64,223.75,293.00,715.44,-1,-1,-1,-1
621,71,1596.90,128.74,285.58,824.86,-1,-1,-1,-1
621,80,824.24,149.38,381.82,868.69,-1,-1,-1,-1
621,82,910.46,150.71,309.70,714.51,-1,-1,-1,-1
622,3,59.39,228.39,278.06,703.73,-1,-1,-1,-1
622,71,1593.55,129.02,284.53,821.84,-1,-1,-1,-1
622,80,820.38,84.11,388.97,960.83,-1,-1,-1,-1
622,82,904.37,148.69,311.24,718.06,-1,-1,-1,-1
623,3,68.77,232.31,272.78,686.89,-1,-1,-1,-1
623,71,1590.20,129.29,283.48,818.82,-1,-1,-1,-1
623,80,848.94,66.47,369.37,991.05,-1,-1,-1,-1
623,82,898.29,146.66,312.79,721.60,-1,-1,-1,-1
624,3,81.30,235.97,265.36,665.44,-1,-1,-1,-1
624,80,863.02,68.25,383.06,995.93,-1,-1,-1,-1
624,82,892.21,144.64,314.33,725.14,-1,-1,-1,-1
624,89,1493.33,138.78,238.75,797.30,-1,-1,-1,-1
624,90,547.09,242.62,315.03,638.41,-1,-1,-1,-1
625,3,89.92,236.27,262.86,656.34,-1,-1,-1,-1
625,80,870.38,71.43,390.56,994.68,-1,-1,-1,-1
625,82,886.12,142.62,315.87,728.69,-1,-1,-1,-1
625,89,1481.17,130.52,221.17,792.35,-1,-1,-1,-1
625,90,554.46,249.37,303.57,640.75,-1,-1,-1,-1
626,3,95.99,234.35,268.26,656.38,-1,-1,-1,-1
626,80,840.18,97.03,451.22,972.81,-1,-1,-1,-1
626,89,1455.88,133.90,211.21,765.21,-1,-1,-1,-1
626,90,548.89,252.60,307.18,646.24,-1,-1,-1,-1
627,3,100.35,231.35,277.80,659.89,-1,-1,-1,-1
627,80,819.72,105.32,502.24,958.64,-1,-1,-1,-1
627,89,1414.10,145.84,224.01,731.33,-1,-1,-1,-1
627,90,539.40,244.93,315.18,659.77,-1,-1,-1,-1
628,3,106.43,230.88,283.05,658.42,-1,-1,-1,-1
628,80,884.71,113.39,458.92,950.52,-1,-1,-1,-1
628,89,1386.71,154.29,232.90,716.89,-1,-1,-1,-1
628,90,531.43,239.99,301.38,668.08,-1,-1,-1,-1
629,3,114.79,231.33,284.58,656.61,-1,-1,-1,-1
629,80,969.00,110.75,406.68,956.47,-1,-1,-1,-1
629,89,1343.37,158.56,267.92,707.11,-1,-1,-1,-1
629,90,520.21,235.16,288.61,674.98,-1,-1,-1,-1
630,3,124.01,228.83,281.91,658.74,-1,-1,-1,-1
630,80,1034.96,84.49,357.20,992.42,-1,-1,-1,-1
630,89,1336.38,158.50,265.65,700.94,-1,-1,-1,-1
630,90,505.77,229.59,282.90,686.00,-1,-1,-1,-1
631,3,131.50,229.34,278.09,657.32,-1,-1,-1,-1
631,80,1084.49,95.31,329.79,979.76,-1,-1,-1,-1
631,82,821.22,138.37,282.60,814.26,-1,-1,-1,-1
631,89,1341.38,162.90,261.80,697.75,-1,-1,-1,-1
631,90,491.57,226.91,277.61,692.40,-1,-1,-1,-1
632,3,145.18,227.16,257.00,661.13,-1,-1,-1,-1
632,80,1096.86,94.16,446.62,973.03,-1,-1,-1,-1
632,82,828.08,137.26,261.89,836.92,-1,-1,-1,-1
632,89,1326.67,164.81,258.89,690.00,-1,-1,-1,-1
632,90,478.37,224.54,276.15,705.73,-1,-1,-1,-1
633,3,159.49,229.58,236.07,657.47,-1,-1,-1,-1
633,80,1135.92,94.65,446.08,971.81,-1,-1,-1,-1
633,82,833.23,129.06,252.94,861.59,-1,-1,-1,-1
633,89,1311.96,166.72,255.98,682.25,-1,-1,-1,-1
633,90,467.35,221.79,279.65,718.35,-1,-1,-1,-1
634,3,170.29,228.62,220.34,655.52,-1,-1,-1,-1
634,80,1139.31,133.70,520.56,866.42,-1,-1,-1,-1
634,82,845.11,114.78,234.07,875.46,-1,-1,-1,-1
634,89,1297.24,168.63,253.07,674.49,-1,-1,-1,-1
634,90,455.64,223.54,286.55,718.60,-1,-1,-1,-1
635,3,181.39,233.75,204.49,645.40,-1,-1,-1,-1
635,80,1148.77,130.78,553.52,900.53,-1,-1,-1,-1
635,82,855.94,112.68,219.73,864.38,-1,-1,-1,-1
635,89,1282.53,170.55,250.16,666.74,-1,-1,-1,-1
635,90,447.77,220.17,291.48,727.23,-1,-1,-1,-1
636,3,192.08,233.49,198.05,627.26,-1,-1,-1,-1
636,80,1176.86,117.66,545.21,940.54,-1,-1,-1,-1
636,82,863.23,107.64,212.99,891.63,-1,-1,-1,-1
636,90,443.12,214.11,289.72,741.18,-1,-1,-1,-1
637,3,201.23,234.72,195.41,606.62,-1,-1,-1,-1
637,80,1223.18,124.03,485.46,943.98,-1,-1,-1,-1
637,82,861.54,99.27,222.47,901.85,-1,-1,-1,-1
637,90,438.60,210.75,289.65,747.30,-1,-1,-1,-1
638,3,212.37,231.77,196.40,602.33,-1,-1,-1,-1
638,80,1249.15,120.81,448.63,949.66,-1,-1,-1,-1
638,82,841.93,97.21,258.09,900.97,-1,-1,-1,-1
638,90,431.32,210.95,301.04,748.37,-1,-1,-1,-1
639,3,224.00,226.60,201.76,607.76,-1,-1,-1,-1
639,80,1246.12,132.47,453.36,934.66,-1,-1,-1,-1
639,82,834.08,90.85,288.14,909.50,-1,-1,-1,-1
639,90,424.96,206.99,310.05,755.24,-1,-1,-1,-1
640,3,233.18,227.67,211.40,601.32,-1,-1,-1,-1
640,80,1263.00,117.37,418.16,960.65,-1,-1,-1,-1
640,82,816.98,84.50,326.73,920.07,-1,-1,-1,-1
640,90,415.34,210.90,321.27,749.11,-1,-1,-1,-1
641,3,243.79,226.67,222.28,599.75,-1,-1,-1,-1
641,80,1252.19,115.35,440.30,961.82,-1,-1,-1,-1
641,82,808.79,83.17,353.96,928.29,-1,-1,-1,-1
641,90,407.07,214.37,326.71,750.31,-1,-1,-1,-1
642,3,255.98,241.67,232.55,579.81,-1,-1,-1,-1
642,80,1245.29,105.98,475.54,969.12,-1,-1,-1,-1
642,82,804.25,81.14,382.53,932.17,-1,-1,-1,-1
642,90,402.12,211.60,325.68,761.98,-1,-1,-1,-1
642,93,1130.36,178.71,176.19,655.51,-1,-1,-1,-1
643,3,273.70,248.38,219.12,567.89,-1,-1,-1,-1
643,80,1241.77,92.09,497.36,978.56,-1,-1,-1,-1
643,82,803.87,83.78,399.29,944.61,-1,-1,-1,-1
643,90,380.83,204.69,343.54,784.65,-1,-1,-1,-1
643,93,1115.90,167.58,175.75,656.65,-1,-1,-1,-1
644,3,282.22,249.85,212.20,565.46,-1,-1,-1,-1
644,80,1229.30,84.28,513.17,981.99,-1,-1,-1,-1
644,82,812.55,92.80,420.29,932.93,-1,-1,-1,-1
644,90,390.82,208.60,324.28,793.96,-1,-1,-1,-1
644,93,1110.69,175.05,162.68,640.43,-1,-1,-1,-1