70,0,4.55,275.73,211.11,557.65,-1,-1,-1,-1
71,0,7.72,270.51,215.12,566.79,-1,-1,-1,-1
72,0,9.84,269.32,218.01,561.44,-1,-1,-1,-1
73,0,11.78,261.82,217.43,581.09,-1,-1,-1,-1
74,0,13.60,252.00,217.74,607.89,-1,-1,-1,-1
75,0,10.32,253.27,226.61,611.48,-1,-1,-1,-1
76,0,8.53,264.78,239.45,593.54,-1,-1,-1,-1
77,0,10.19,261.35,240.71,610.31,-1,-1,-1,-1
78,0,10.12,264.52,251.17,615.52,-1,-1,-1,-1
79,0,9.35,264.75,261.24,620.11,-1,-1,-1,-1
80,0,10.07,259.22,273.36,628.29,-1,-1,-1,-1
81,0,12.43,255.60,286.56,631.84,-1,-1,-1,-1
82,0,15.29,255.00,296.10,633.62,-1,-1,-1,-1
83,0,18.34,256.68,312.22,634.60,-1,-1,-1,-1
84,0,21.03,250.13,322.55,649.81,-1,-1,-1,-1
85,0,26.66,244.12,319.22,669.37,-1,-1,-1,-1
86,0,29.42,235.19,320.44,696.24,-1,-1,-1,-1
87,0,29.14,230.94,324.16,706.13,-1,-1,-1,-1
88,0,38.42,225.09,318.52,719.82,-1,-1,-1,-1
89,0,51.56,225.12,310.25,718.13,-1,-1,-1,-1
90,0,55.86,221.14,310.86,730.97,-1,-1,-1,-1
91,0,58.21,214.99,312.00,761.46,-1,-1,-1,-1
92,0,58.38,210.32,312.91,788.65,-1,-1,-1,-1
93,0,53.15,215.77,322.30,795.34,-1,-1,-1,-1
94,0,48.36,221.37,328.40,797.87,-1,-1,-1,-1
95,0,39.98,217.89,336.34,817.81,-1,-1,-1,-1
96,0,34.03,212.73,342.08,835.61,-1,-1,-1,-1
97,0,29.40,207.91,350.74,844.24,-1,-1,-1,-1
98,0,25.47,199.72,358.62,856.51,-1,-1,-1,-1
99,0,23.19,197.12,367.98,859.57,-1,-1,-1,-1
100,0,16.52,189.49,388.81,877.31,-1,-1,-1,-1
101,0,21.04,187.79,397.72,887.75,-1,-1,-1,-1
102,0,32.29,188.39,390.29,891.41,-1,-1,-1,-1
103,0,45.54,191.60,378.43,886.78,-1,-1,-1,-1
104,0,66.79,190.17,360.14,878.72,-1,-1,-1,-1
105,0,87.90,187.37,354.95,884.19,-1,-1,-1,-1
106,0,105.19,181.60,357.82,893.24,-1,-1,-1,-1
107,0,124.64,170.95,368.86,907.58,-1,-1,-1,-1
108,0,138.06,165.07,394.47,909.79,-1,-1,-1,-1
109,0,156.84,151.58,410.49,922.12,-1,-1,-1,-1
110,0,176.33,153.36,419.16,921.03,-1,-1,-1,-1
111,0,198.15,152.82,428.97,917.41,-1,-1,-1,-1
112,0,223.26,154.95,431.21,911.53,-1,-1,-1,-1
113,0,247.34,145.64,425.55,918.30,-1,-1,-1,-1
114,0,275.21,128.89,399.62,944.47,-1,-1,-1,-1
115,0,302.97,126.33,387.22,946.08,-1,-1,-1,-1
116,0,331.13,116.91,385.80,956.35,-1,-1,-1,-1
117,0,356.09,116.45,389.98,958.11,-1,-1,-1,-1
118,0,391.17,123.23,375.86,949.24,-1,-1,-1,-1
119,0,431.90,152.14,370.11,914.86,-1,-1,-1,-1
120,0,475.61,130.12,348.31,945.97,-1,-1,-1,-1
121,0,509.56,132.36,352.42,940.28,-1,-1,-1,-1
122,0,562.32,119.60,335.69,950.67,-1,-1,-1,-1
123,0,622.89,107.52,304.77,958.47,-1,-1,-1,-1
124,0,664.61,95.01,296.17,980.15,-1,-1,-1,-1
125,0,695.82,95.35,327.93,972.33,-1,-1,-1,-1
126,0,735.85,98.38,343.15,968.71,-1,-1,-1,-1
127,0,774.25,104.03,363.89,960.60,-1,-1,-1,-1
128,0,811.43,111.56,389.08,955.69,-1,-1,-1,-1
129,0,838.53,126.22,397.00,937.31,-1,-1,-1,-1
130,0,876.13,132.85,378.77,935.30,-1,-1,-1,-1
131,0,900.34,125.82,391.92,942.18,-1,-1,-1,-1
132,0,955.94,118.37,376.72,949.60,-1,-1,-1,-1
133,0,1009.27,110.53,383.44,965.71,-1,-1,-1,-1
134,0,1041.97,114.71,393.73,915.14,-1,-1,-1,-1
135,0,1050.20,108.32,434.53,931.08,-1,-1,-1,-1
136,0,1054.78,113.37,463.24,937.48,-1,-1,-1,-1
137,0,1064.79,115.74,485.60,937.59,-1,-1,-1,-1
138,0,1094.81,125.99,472.18,934.63,-1,-1,-1,-1
139,0,1135.34,137.73,439.60,926.16,-1,-1,-1,-1
140,0,1165.70,129.72,420.37,945.28,-1,-1,-1,-1
141,0,1196.11,114.95,395.91,967.21,-1,-1,-1,-1
142,0,1221.43,118.92,377.83,960.92,-1,-1,-1,-1
143,0,1245.78,120.20,363.22,956.89,-1,-1,-1,-1
144,0,1264.80,120.78,361.39,956.24,-1,-1,-1,-1
145,0,1283.27,128.36,357.21,947.43,-1,-1,-1,-1
146,0,1305.91,142.44,348.97,933.61,-1,-1,-1,-1
147,0,1322.03,150.28,343.09,917.48,-1,-1,-1,-1
148,0,1330.74,159.95,336.44,888.51,-1,-1,-1,-1
149,0,1329.94,159.37,337.07,882.32,-1,-1,-1,-1
150,0,1322.59,159.13,340.31,875.61,-1,-1,-1,-1
151,0,1312.64,162.65,344.98,861.24,-1,-1,-1,-1
152,0,1305.55,163.85,340.35,852.03,-1,-1,-1,-1
153,0,1303.01,169.81,326.32,831.94,-1,-1,-1,-1
154,0,1301.45,175.90,310.62,814.28,-1,-1,-1,-1
155,0,1300.83,177.19,290.25,809.56,-1,-1,-1,-1
156,0,1294.74,183.93,280.68,784.92,-1,-1,-1,-1
157,0,1290.54,188.72,271.79,773.64,-1,-1,-1,-1
158,0,1281.96,192.95,264.33,748.46,-1,-1,-1,-1
159,0,1269.84,188.55,256.41,735.97,-1,-1,-1,-1
160,0,1252.83,171.01,254.63,763.78,-1,-1,-1,-1
161,0,1243.23,188.82,245.96,731.42,-1,-1,-1,-1
162,0,1236.66,201.32,237.69,709.05,-1,-1,-1,-1
163,0,1226.32,196.35,238.96,716.82,-1,-1,-1,-1
164,0,1218.62,193.00,237.95,716.02,-1,-1,-1,-1
165,0,1210.60,199.03,234.64,701.34,-1,-1,-1,-1
166,0,1206.28,203.89,224.96,677.49,-1,-1,-1,-1
167,0,1202.18,205.03,212.26,659.71,-1,-1,-1,-1
168,0,1197.72,206.91,206.12,646.79,-1,-1,-1,-1
169,0,1196.25,196.55,193.54,654.87,-1,-1,-1,-1
170,0,1186.49,189.70,192.20,657.37,-1,-1,-1,-1
171,0,1155.02,197.85,214.94,642.11,-1,-1,-1,-1
172,0,1124.16,204.69,241.44,631.65,-1,-1,-1,-1
173,0,1110.55,210.63,253.45,624.54,-1,-1,-1,-1
174,0,1101.13,216.77,260.13,615.84,-1,-1,-1,-1
175,0,1096.07,215.38,252.31,613.69,-1,-1,-1,-1
176,0,1086.80,218.09,241.94,603.71,-1,-1,-1,-1
177,0,1070.44,223.46,217.63,589.07,-1,-1,-1,-1
178,0,1048.83,230.45,211.90,578.66,-1,-1,-1,-1
179,0,1015.12,227.27,218.42,582.32,-1,-1,-1,-1
180,0,993.77,224.70,223.64,582.07,-1,-1,-1,-1
181,0,967.24,224.90,242.14,585.51,-1,-1,-1,-1
182,0,947.37,228.10,258.58,584.44,-1,-1,-1,-1
183,0,937.53,231.49,253.30,576.68,-1,-1,-1,-1
184,0,933.59,236.49,241.90,570.59,-1,-1,-1,-1
185,0,930.40,229.28,216.15,577.33,-1,-1,-1,-1
186,0,923.01,236.52,201.45,561.30,-1,-1,-1,-1
187,0,910.23,239.75,185.94,551.25,-1,-1,-1,-1
188,0,892.26,240.00,180.97,549.44,-1,-1,-1,-1
189,0,869.85,238.63,191.73,549.57,-1,-1,-1,-1
189,1,8.27,247.03,219.64,594.09,-1,-1,-1,-1
190,0,831.38,235.10,228.72,558.44,-1,-1,-1,-1
190,1,11.36,238.75,230.72,619.56,-1,-1,-1,-1
191,0,810.39,236.55,239.93,558.60,-1,-1,-1,-1
191,1,13.65,228.23,236.72,643.99,-1,-1,-1,-1
192,0,796.60,238.89,240.10,559.84,-1,-1,-1,-1
192,1,15.20,225.96,241.40,649.33,-1,-1,-1,-1
193,0,790.80,240.16,230.06,561.94,-1,-1,-1,-1
193,1,15.95,227.13,241.33,648.04,-1,-1,-1,-1
194,0,787.09,233.47,197.58,574.36,-1,-1,-1,-1
194,1,15.76,227.42,243.28,644.45,-1,-1,-1,-1
195,0,778.42,239.58,171.55,566.37,-1,-1,-1,-1
195,1,10.43,232.76,252.91,637.90,-1,-1,-1,-1
196,0,762.96,247.10,165.34,561.91,-1,-1,-1,-1
196,1,9.39,224.74,255.79,659.12,-1,-1,-1,-1
197,0,734.47,248.91,177.52,555.76,-1,-1,-1,-1
197,1,8.62,218.40,259.33,679.17,-1,-1,-1,-1
198,0,698.11,246.91,209.16,557.53,-1,-1,-1,-1
198,1,6.26,219.64,267.76,686.52,-1,-1,-1,-1
199,0,658.26,244.17,247.17,561.76,-1,-1,-1,-1
199,1,10.11,220.28,263.39,694.74,-1,-1,-1,-1
200,0,640.52,242.59,250.35,566.26,-1,-1,-1,-1
200,1,8.27,214.32,269.20,712.51,-1,-1,-1,-1
201,0,629.96,237.97,247.70,577.57,-1,-1,-1,-1
201,1,6.67,212.81,275.62,722.71,-1,-1,-1,-1
202,0,622.99,243.05,242.74,571.96,-1,-1,-1,-1
202,1,3.71,207.25,283.31,733.44,-1,-1,-1,-1
203,0,616.55,240.63,226.61,577.96,-1,-1,-1,-1
203,1,2.26,197.75,287.45,749.91,-1,-1,-1,-1
204,0,607.31,242.80,204.02,570.16,-1,-1,-1,-1
204,1,0.82,190.79,295.03,768.16,-1,-1,-1,-1
205,0,597.51,243.07,188.64,566.22,-1,-1,-1,-1
205,1,0.53,188.03,298.47,779.61,-1,-1,-1,-1
206,0,574.97,234.77,190.39,586.53,-1,-1,-1,-1
206,1,2.42,186.75,298.54,790.98,-1,-1,-1,-1
207,0,549.27,227.22,203.69,603.44,-1,-1,-1,-1
207,1,3.78,188.72,302.84,807.86,-1,-1,-1,-1
208,0,522.24,227.44,225.07,611.13,-1,-1,-1,-1
208,1,4.83,192.56,312.29,809.64,-1,-1,-1,-1
209,0,500.11,231.50,235.69,610.69,-1,-1,-1,-1
209,1,6.96,193.53,319.43,812.25,-1,-1,-1,-1
210,0,484.55,238.71,236.55,608.54,-1,-1,-1,-1
210,1,10.71,179.76,322.63,842.92,-1,-1,-1,-1
211,0,471.31,243.46,232.44,606.11,-1,-1,-1,-1
211,1,9.32,170.16,330.66,862.33,-1,-1,-1,-1
212,0,464.08,236.19,220.35,621.43,-1,-1,-1,-1
212,1,10.68,154.47,334.84,893.92,-1,-1,-1,-1
213,0,457.10,232.61,201.34,627.00,-1,-1,-1,-1
213,1,12.76,143.87,339.59,919.09,-1,-1,-1,-1
214,0,444.58,231.29,196.18,628.61,-1,-1,-1,-1
214,1,12.67,144.06,346.04,925.16,-1,-1,-1,-1
215,0,425.45,237.67,201.09,622.46,-1,-1,-1,-1
215,1,14.06,145.87,351.02,921.33,-1,-1,-1,-1
216,0,385.12,239.29,232.43,629.23,-1,-1,-1,-1
216,1,14.36,143.68,356.22,925.64,-1,-1,-1,-1
217,0,354.11,234.82,253.26,645.27,-1,-1,-1,-1
217,1,15.04,139.78,365.98,929.31,-1,-1,-1,-1
218,0,343.00,234.48,254.64,652.48,-1,-1,-1,-1
218,1,8.91,138.80,386.11,927.30,-1,-1,-1,-1
219,0,341.16,232.82,247.76,659.93,-1,-1,-1,-1
219,1,7.33,130.88,398.37,934.14,-1,-1,-1,-1
220,0,334.91,231.96,246.64,659.80,-1,-1,-1,-1
220,1,9.16,116.69,411.59,948.39,-1,-1,-1,-1
221,0,333.83,225.33,237.10,662.39,-1,-1,-1,-1
221,1,10.49,103.45,439.34,970.96,-1,-1,-1,-1
222,0,336.23,219.54,226.02,665.96,-1,-1,-1,-1
222,1,10.20,95.88,470.75,979.94,-1,-1,-1,-1
223,0,334.31,217.89,218.88,658.06,-1,-1,-1,-1
223,1,29.00,95.57,495.28,973.81,-1,-1,-1,-1
224,0,323.89,217.85,218.48,656.85,-1,-1,-1,-1
224,1,67.51,101.58,482.48,968.29,-1,-1,-1,-1
225,0,313.47,217.81,218.07,655.65,-1,-1,-1,-1
225,1,102.33,97.19,453.28,971.90,-1,-1,-1,-1
226,0,303.05,217.77,217.66,654.45,-1,-1,-1,-1
226,1,133.03,91.92,438.42,978.43,-1,-1,-1,-1
227,0,292.64,217.73,217.26,653.25,-1,-1,-1,-1
227,1,175.94,103.71,407.84,947.24,-1,-1,-1,-1
228,1,222.15,99.51,366.14,958.18,-1,-1,-1,-1
229,1,209.36,84.24,421.59,963.86,-1,-1,-1,-1
230,1,199.55,66.12,458.48,992.16,-1,-1,-1,-1
231,1,213.30,64.24,480.73,987.96,-1,-1,-1,-1
232,0,190.45,210.14,259.73,771.05,-1,-1,-1,-1
232,1,257.09,70.66,469.36,985.37,-1,-1,-1,-1
233,0,177.84,208.13,273.97,778.46,-1,-1,-1,-1
233,1,277.41,67.55,470.45,987.60,-1,-1,-1,-1
234,0,166.52,212.29,296.61,778.91,-1,-1,-1,-1
234,1,297.73,64.45,471.54,989.82,-1,-1,-1,-1
235,0,157.56,209.31,311.18,806.70,-1,-1,-1,-1
235,1,318.05,61.34,472.63,992.05,-1,-1,-1,-1
236,0,144.78,204.24,320.71,841.16,-1,-1,-1,-1
236,1,338.37,58.23,473.72,994.27,-1,-1,-1,-1
237,0,135.59,209.41,331.04,843.03,-1,-1,-1,-1
237,3,642.29,55.97,329.05,1001.48,-1,-1,-1,-1
238,0,124.94,208.52,339.40,848.19,-1,-1,-1,-1
238,3,691.95,70.04,359.96,996.45,-1,-1,-1,-1
239,0,114.81,211.25,345.17,846.11,-1,-1,-1,-1
239,3,745.20,57.66,410.04,1018.75,-1,-1,-1,-1
240,0,99.58,204.96,364.99,855.26,-1,-1,-1,-1
240,3,792.14,59.77,475.70,1013.57,-1,-1,-1,-1
241,0,84.48,192.64,385.85,870.61,-1,-1,-1,-1
241,3,849.10,59.17,476.88,1016.06,-1,-1,-1,-1
242,0,69.46,182.22,406.57,885.25,-1,-1,-1,-1
242,3,906.07,58.56,478.05,1018.54,-1,-1,-1,-1
243,0,61.51,174.97,417.86,897.21,-1,-1,-1,-1
243,3,941.13,51.88,510.63,1028.58,-1,-1,-1,-1
244,0,57.48,176.22,425.75,900.84,-1,-1,-1,-1
244,3,984.16,66.24,487.99,1000.61,-1,-1,-1,-1
245,0,63.21,179.01,418.96,900.15,-1,-1,-1,-1
245,3,1018.13,63.07,446.17,997.44,-1,-1,-1,-1
246,0,74.33,178.60,409.68,898.24,-1,-1,-1,-1
246,3,1049.58,50.43,412.23,1020.38,-1,-1,-1,-1
247,0,97.91,173.17,391.21,905.40,-1,-1,-1,-1
247,3,1078.52,59.11,418.66,1007.30,-1,-1,-1,-1
248,0,122.31,174.45,383.10,904.72,-1,-1,-1,-1
248,3,1104.80,61.41,423.26,1001.25,-1,-1,-1,-1
249,0,148.45,152.21,383.31,930.55,-1,-1,-1,-1
249,3,1131.92,70.32,427.04,986.05,-1,-1,-1,-1
250,0,168.15,161.67,396.12,913.70,-1,-1,-1,-1
250,3,1168.50,68.06,419.90,1001.10,-1,-1,-1,-1
251,0,192.55,143.77,415.40,936.97,-1,-1,-1,-1
251,3,1212.43,63.11,403.54,1007.48,-1,-1,-1,-1
252,0,213.50,137.08,430.48,939.66,-1,-1,-1,-1
252,3,1246.68,59.33,408.31,1017.89,-1,-1,-1,-1
253,0,232.35,133.62,440.20,934.33,-1,-1,-1,-1
253,3,1274.97,64.30,414.35,1007.89,-1,-1,-1,-1
254,0,246.55,130.30,452.32,937.56,-1,-1,-1,-1
254,3,1292.84,50.37,431.71,1028.76,-1,-1,-1,-1
255,0,270.31,128.25,453.61,935.97,-1,-1,-1,-1
255,3,1305.39,51.76,459.58,1024.84,-1,-1,-1,-1
256,0,289.69,135.72,453.20,927.70,-1,-1,-1,-1
256,3,1303.88,63.73,492.46,1001.86,-1,-1,-1,-1
257,0,313.62,132.35,432.23,928.04,-1,-1,-1,-1
257,3,1314.93,83.77,497.95,971.87,-1,-1,-1,-1
258,0,339.90,121.06,398.51,945.50,-1,-1,-1,-1
258,3,1337.98,99.15,473.98,939.89,-1,-1,-1,-1
259,0,364.18,119.99,385.31,940.42,-1,-1,-1,-1
259,3,1376.04,101.45,426.52,935.73,-1,-1,-1,-1
260,0,395.64,105.22,384.69,964.55,-1,-1,-1,-1
260,3,1396.73,100.61,408.91,937.59,-1,-1,-1,-1
261,0,429.28,110.22,375.71,950.45,-1,-1,-1,-1
261,3,1416.42,88.24,386.53,964.71,-1,-1,-1,-1
262,0,469.31,98.93,360.66,968.63,-1,-1,-1,-1
262,3,1425.81,89.95,378.06,972.14,-1,-1,-1,-1
263,0,508.75,99.19,343.23,971.50,-1,-1,-1,-1
263,3,1427.55,104.27,376.95,945.86,-1,-1,-1,-1
264,0,538.59,106.45,342.14,962.69,-1,-1,-1,-1
264,3,1431.11,109.31,368.31,937.05,-1,-1,-1,-1
265,0,570.58,103.09,339.37,970.16,-1,-1,-1,-1
265,3,1435.38,112.79,359.56,925.63,-1,-1,-1,-1
266,0,617.33,105.84,319.23,964.74,-1,-1,-1,-1
266,3,1441.99,122.37,351.62,910.03,-1,-1,-1,-1
267,0,667.11,102.10,301.63,962.77,-1,-1,-1,-1
267,3,1448.70,135.32,344.55,871.94,-1,-1,-1,-1
268,0,710.15,97.15,301.93,948.54,-1,-1,-1,-1
268,3,1457.76,139.44,330.08,852.87,-1,-1,-1,-1
269,0,744.72,89.69,330.59,974.38,-1,-1,-1,-1
269,3,1458.17,138.08,326.42,843.76,-1,-1,-1,-1
270,0,782.20,90.78,358.17,981.92,-1,-1,-1,-1
270,3,1456.82,139.77,322.59,825.37,-1,-1,-1,-1
271,0,815.15,96.00,367.67,975.34,-1,-1,-1,-1
271,3,1460.30,141.58,310.66,810.18,-1,-1,-1,-1
272,0,857.60,119.77,361.73,944.72,-1,-1,-1,-1
272,3,1463.01,146.93,295.07,785.39,-1,-1,-1,-1
273,0,898.68,128.42,355.12,941.61,-1,-1,-1,-1
273,3,1463.62,151.59,282.09,766.14,-1,-1,-1,-1
274,0,931.31,127.43,357.90,937.99,-1,-1,-1,-1
274,3,1460.42,152.79,272.69,754.46,-1,-1,-1,-1
275,0,963.94,122.56,372.81,944.08,-1,-1,-1,-1
275,3,1457.48,161.22,262.43,729.79,-1,-1,-1,-1
276,0,1012.76,129.66,353.51,931.71,-1,-1,-1,-1
276,3,1451.89,163.41,246.65,720.42,-1,-1,-1,-1
277,0,1053.76,119.42,368.62,953.95,-1,-1,-1,-1
277,3,1440.36,165.64,235.71,711.45,-1,-1,-1,-1
278,0,1084.45,102.46,390.26,978.56,-1,-1,-1,-1
278,3,1430.34,164.67,229.74,706.68,-1,-1,-1,-1
279,0,1098.64,107.79,464.43,960.20,-1,-1,-1,-1
279,3,1425.87,160.23,220.38,700.54,-1,-1,-1,-1
279,4,8.12,259.63,238.83,598.11,-1,-1,-1,-1
280,0,1125.31,115.14,480.92,955.72,-1,-1,-1,-1
280,3,1425.88,170.10,207.75,660.35,-1,-1,-1,-1
280,4,12.18,252.95,238.53,611.23,-1,-1,-1,-1
281,0,1153.96,124.75,476.41,947.44,-1,-1,-1,-1
281,3,1421.31,177.12,205.01,647.20,-1,-1,-1,-1
281,4,11.50,249.55,240.25,618.09,-1,-1,-1,-1
282,0,1185.27,132.96,449.48,932.31,-1,-1,-1,-1
282,3,1406.00,177.75,215.59,654.82,-1,-1,-1,-1
282,4,12.14,244.70,243.30,619.28,-1,-1,-1,-1
283,0,1211.72,139.76,428.00,923.58,-1,-1,-1,-1
283,3,1393.93,185.22,217.29,604.46,-1,-1,-1,-1
283,4,10.38,238.14,244.83,626.51,-1,-1,-1,-1
284,0,1231.67,129.80,413.61,941.18,-1,-1,-1,-1
284,3,1390.46,192.77,208.12,578.96,-1,-1,-1,-1
284,4,8.49,236.14,252.81,639.56,-1,-1,-1,-1
285,0,1243.91,122.56,406.18,953.03,-1,-1,-1,-1
285,3,1386.99,200.32,198.95,553.47,-1,-1,-1,-1
285,4,7.94,238.99,257.60,640.50,-1,-1,-1,-1
286,0,1257.65,124.11,393.79,949.86,-1,-1,-1,-1
286,3,1383.51,207.86,189.78,527.97,-1,-1,-1,-1
286,4,11.93,244.92,254.33,642.22,-1,-1,-1,-1
287,0,1279.43,129.38,372.59,943.14,-1,-1,-1,-1
287,3,1380.04,215.41,180.62,502.48,-1,-1,-1,-1
287,4,11.55,246.35,260.33,656.81,-1,-1,-1,-1
288,0,1295.05,123.96,370.00,945.96,-1,-1,-1,-1
288,4,13.09,245.07,264.75,671.14,-1,-1,-1,-1
289,0,1301.86,133.85,371.82,925.24,-1,-1,-1,-1
289,4,12.96,246.03,268.84,678.26,-1,-1,-1,-1
290,0,1286.52,144.68,397.58,911.00,-1,-1,-1,-1
290,4,12.24,244.24,277.66,680.01,-1,-1,-1,-1
291,0,1271.12,149.23,417.70,909.56,-1,-1,-1,-1
291,4,14.55,238.34,280.97,687.27,-1,-1,-1,-1
292,0,1267.03,153.20,427.53,906.22,-1,-1,-1,-1
292,4,18.94,230.19,281.77,698.06,-1,-1,-1,-1
293,0,1292.11,152.65,403.08,906.89,-1,-1,-1,-1
293,4,19.31,223.94,288.13,709.28,-1,-1,-1,-1
294,0,1331.72,152.58,368.86,895.90,-1,-1,-1,-1
294,4,22.79,217.23,296.14,729.17,-1,-1,-1,-1
295,0,1343.96,153.41,366.65,892.77,-1,-1,-1,-1
295,4,28.57,214.72,298.44,742.77,-1,-1,-1,-1
296,0,1343.16,152.07,372.70,886.39,-1,-1,-1,-1
296,4,35.01,207.76,299.92,772.51,-1,-1,-1,-1
296,5,1184.64,198.18,171.73,585.49,-1,-1,-1,-1
297,0,1339.32,151.64,370.05,881.97,-1,-1,-1,-1
297,4,38.46,203.41,304.21,783.59,-1,-1,-1,-1
297,5,1161.89,193.88,176.55,583.79,-1,-1,-1,-1
298,0,1337.94,156.32,362.11,873.72,-1,-1,-1,-1
298,4,43.85,206.64,309.16,786.51,-1,-1,-1,-1
298,5,1132.18,192.27,199.94,587.11,-1,-1,-1,-1
299,0,1340.74,167.41,347.64,853.34,-1,-1,-1,-1
299,4,47.33,210.21,318.44,783.57,-1,-1,-1,-1
299,5,1100.52,197.54,221.00,580.04,-1,-1,-1,-1
300,0,1347.75,183.17,327.38,825.15,-1,-1,-1,-1
300,4,54.39,201.11,325.44,798.29,-1,-1,-1,-1
300,5,1075.35,210.60,245.35,562.48,-1,-1,-1,-1
301,0,1349.28,185.28,313.49,818.93,-1,-1,-1,-1
301,4,55.23,192.88,337.53,819.42,-1,-1,-1,-1
301,5,1060.33,216.41,254.22,554.52,-1,-1,-1,-1
302,0,1353.05,186.67,296.42,803.30,-1,-1,-1,-1
302,4,54.52,191.36,353.72,834.93,-1,-1,-1,-1
302,5,1058.80,212.17,224.32,563.86,-1,-1,-1,-1
303,0,1352.02,187.59,284.91,780.95,-1,-1,-1,-1
303,4,56.67,188.80,361.61,845.95,-1,-1,-1,-1
303,5,1054.21,221.28,197.92,547.77,-1,-1,-1,-1
304,0,1351.25,189.25,273.46,763.96,-1,-1,-1,-1
304,4,60.32,187.46,368.78,863.12,-1,-1,-1,-1
304,5,1045.06,223.79,170.24,544.96,-1,-1,-1,-1
305,0,1343.93,197.20,270.37,749.08,-1,-1,-1,-1
305,4,67.92,188.97,369.70,871.54,-1,-1,-1,-1
305,5,1023.29,214.58,165.70,552.23,-1,-1,-1,-1
306,0,1331.32,194.02,274.94,744.83,-1,-1,-1,-1
306,4,80.84,185.48,358.93,881.54,-1,-1,-1,-1
306,5,994.96,209.08,179.37,555.40,-1,-1,-1,-1
307,0,1323.52,194.29,271.95,743.63,-1,-1,-1,-1
307,4,90.71,182.94,355.26,884.12,-1,-1,-1,-1
307,5,969.02,218.11,196.51,545.20,-1,-1,-1,-1
308,0,1316.46,201.36,267.95,730.63,-1,-1,-1,-1
308,4,101.50,175.15,358.61,894.85,-1,-1,-1,-1
308,5,937.14,229.87,223.65,530.35,-1,-1,-1,-1
309,0,1309.30,206.29,263.66,714.66,-1,-1,-1,-1
309,4,112.11,171.93,367.18,888.27,-1,-1,-1,-1
309,5,921.50,222.32,233.30,543.16,-1,-1,-1,-1
310,0,1303.20,207.57,256.04,702.83,-1,-1,-1,-1
310,4,132.13,157.25,362.86,910.30,-1,-1,-1,-1
310,5,903.63,230.77,237.88,534.44,-1,-1,-1,-1
311,0,1295.56,204.61,251.07,695.63,-1,-1,-1,-1
311,4,152.14,148.42,360.55,924.06,-1,-1,-1,-1
311,5,894.58,235.62,229.74,524.79,-1,-1,-1,-1
312,0,1291.07,202.14,239.89,687.20,-1,-1,-1,-1
312,4,177.21,138.96,355.96,939.81,-1,-1,-1,-1
312,5,890.33,226.21,189.98,533.77,-1,-1,-1,-1
313,0,1287.86,204.07,231.88,667.48,-1,-1,-1,-1
313,4,198.75,142.45,347.38,932.88,-1,-1,-1,-1
313,5,877.85,214.40,183.39,546.76,-1,-1,-1,-1
314,0,1280.25,200.96,225.24,666.19,-1,-1,-1,-1
314,4,223.84,146.87,336.74,926.28,-1,-1,-1,-1
314,5,858.98,209.26,186.15,558.90,-1,-1,-1,-1
315,0,1276.62,194.91,213.79,666.69,-1,-1,-1,-1
315,4,248.15,148.11,329.39,920.37,-1,-1,-1,-1
315,5,839.49,202.91,186.23,576.08,-1,-1,-1,-1
316,0,1263.45,192.04,215.57,663.59,-1,-1,-1,-1
316,4,269.39,143.61,335.95,926.80,-1,-1,-1,-1
316,5,805.43,207.93,208.49,571.28,-1,-1,-1,-1
317,0,1230.42,186.38,243.44,666.26,-1,-1,-1,-1
317,4,284.95,140.41,357.36,928.04,-1,-1,-1,-1
317,5,775.78,212.37,227.54,567.84,-1,-1,-1,-1
318,0,1207.56,198.74,258.80,643.46,-1,-1,-1,-1
318,4,301.09,123.70,381.56,953.74,-1,-1,-1,-1
318,5,749.92,224.03,247.08,554.96,-1,-1,-1,-1
319,0,1197.92,202.24,264.45,637.84,-1,-1,-1,-1
319,4,322.18,109.06,406.73,970.97,-1,-1,-1,-1
319,5,737.13,230.95,237.33,553.22,-1,-1,-1,-1
320,0,1192.00,198.38,267.20,643.85,-1,-1,-1,-1
320,4,343.06,102.51,418.43,976.81,-1,-1,-1,-1
320,5,740.82,217.53,209.23,583.18,-1,-1,-1,-1
321,0,1189.28,207.34,250.44,631.72,-1,-1,-1,-1
321,4,363.94,98.31,433.45,982.24,-1,-1,-1,-1
321,5,735.53,225.00,185.15,571.52,-1,-1,-1,-1
322,0,1182.52,207.94,235.19,623.57,-1,-1,-1,-1
322,4,393.08,101.50,448.50,978.10,-1,-1,-1,-1
322,5,718.28,226.08,185.60,572.94,-1,-1,-1,-1
323,0,1171.59,209.84,216.38,618.59,-1,-1,-1,-1
323,4,428.74,106.54,413.82,965.67,-1,-1,-1,-1
323,5,701.03,227.15,186.06,574.36,-1,-1,-1,-1
324,0,1147.45,214.07,208.85,605.55,-1,-1,-1,-1
324,4,465.79,108.86,400.31,958.59,-1,-1,-1,-1
324,5,683.78,228.23,186.52,575.78,-1,-1,-1,-1
325,0,1126.20,207.71,203.74,618.73,-1,-1,-1,-1
325,4,495.03,109.13,383.63,958.09,-1,-1,-1,-1
325,5,666.53,229.30,186.98,577.20,-1,-1,-1,-1
326,0,1100.33,211.02,211.65,608.14,-1,-1,-1,-1
326,4,533.29,109.02,365.62,946.62,-1,-1,-1,-1
327,0,1077.64,216.66,225.33,601.60,-1,-1,-1,-1
327,4,570.21,97.88,343.14,949.58,-1,-1,-1,-1
328,0,1059.46,219.55,239.95,600.58,-1,-1,-1,-1
328,4,594.26,94.91,363.54,969.29,-1,-1,-1,-1
329,0,1041.39,223.10,256.65,592.45,-1,-1,-1,-1
329,4,628.19,99.06,384.96,969.28,-1,-1,-1,-1
330,0,1045.05,230.93,235.15,585.70,-1,-1,-1,-1
330,4,692.12,138.60,373.34,924.50,-1,-1,-1,-1
330,5,560.95,214.60,174.19,616.85,-1,-1,-1,-1
331,0,1043.90,223.28,209.52,591.70,-1,-1,-1,-1
331,4,744.53,101.94,389.28,967.67,-1,-1,-1,-1
331,5,537.59,205.04,180.70,628.27,-1,-1,-1,-1
332,0,1048.29,225.58,165.45,576.28,-1,-1,-1,-1
332,4,789.29,94.46,406.53,977.29,-1,-1,-1,-1
332,5,514.34,204.35,189.64,637.16,-1,-1,-1,-1
333,0,1034.99,227.85,163.41,569.25,-1,-1,-1,-1
333,4,826.58,85.30,420.80,991.28,-1,-1,-1,-1
333,5,465.86,195.98,231.25,658.59,-1,-1,-1,-1
334,0,1021.69,230.12,161.37,562.22,-1,-1,-1,-1
334,4,867.65,68.35,420.75,1010.42,-1,-1,-1,-1
334,5,435.05,203.84,255.36,652.36,-1,-1,-1,-1
335,0,1008.39,232.38,159.34,555.18,-1,-1,-1,-1
335,4,922.00,62.26,390.36,1016.89,-1,-1,-1,-1
335,5,423.38,197.63,257.85,678.59,-1,-1,-1,-1
336,0,995.09,234.65,157.30,548.15,-1,-1,-1,-1
336,4,969.09,128.17,367.65,932.78,-1,-1,-1,-1
336,5,416.55,202.19,253.85,673.49,-1,-1,-1,-1
337,4,968.96,82.50,403.67,990.81,-1,-1,-1,-1
337,5,412.27,208.03,237.04,672.79,-1,-1,-1,-1
338,0,912.06,242.70,227.87,557.52,-1,-1,-1,-1
338,4,997.92,80.29,417.63,984.03,-1,-1,-1,-1
338,5,392.01,207.96,238.34,671.71,-1,-1,-1,-1
339,0,900.60,237.47,223.59,561.90,-1,-1,-1,-1
339,4,1060.16,68.38,407.06,999.62,-1,-1,-1,-1
339,5,368.41,207.27,243.65,674.95,-1,-1,-1,-1
340,0,894.68,234.03,214.21,562.66,-1,-1,-1,-1
340,4,1113.86,61.87,401.69,1006.86,-1,-1,-1,-1
340,5,342.71,199.78,261.44,692.35,-1,-1,-1,-1
341,0,883.27,231.39,199.09,565.49,-1,-1,-1,-1
341,4,1163.03,66.23,403.72,1002.88,-1,-1,-1,-1
341,5,313.48,198.62,287.85,693.75,-1,-1,-1,-1
342,0,875.55,225.66,176.05,573.20,-1,-1,-1,-1
342,4,1193.49,74.49,405.39,992.85,-1,-1,-1,-1
342,5,289.42,192.47,312.33,720.37,-1,-1,-1,-1
343,0,858.07,232.33,163.56,565.75,-1,-1,-1,-1
343,4,1231.91,75.43,399.12,998.11,-1,-1,-1,-1
343,5,261.68,190.32,334.71,737.50,-1,-1,-1,-1
344,0,823.13,227.61,192.99,572.19,-1,-1,-1,-1
344,4,1267.76,85.66,395.20,980.57,-1,-1,-1,-1
344,5,244.61,195.30,338.49,732.93,-1,-1,-1,-1
344,7,5.91,235.05,153.37,602.26,-1,-1,-1,-1
345,0,785.87,225.01,223.97,576.46,-1,-1,-1,-1
345,4,1300.53,89.40,392.78,970.56,-1,-1,-1,-1
345,5,241.64,190.32,324.57,752.31,-1,-1,-1,-1
345,7,6.02,226.69,162.16,620.14,-1,-1,-1,-1
346,0,755.37,238.81,247.06,562.61,-1,-1,-1,-1
346,4,1320.41,99.09,406.85,959.41,-1,-1,-1,-1
346,5,240.19,187.24,315.78,765.33,-1,-1,-1,-1
346,7,6.29,218.60,177.82,633.89,-1,-1,-1,-1
347,0,733.67,248.01,260.00,556.84,-1,-1,-1,-1
347,4,1348.70,103.37,413.00,955.92,-1,-1,-1,-1
347,5,240.17,178.81,301.53,785.58,-1,-1,-1,-1
347,7,6.91,209.95,194.28,646.26,-1,-1,-1,-1
348,0,722.49,243.90,246.20,570.38,-1,-1,-1,-1
348,4,1370.36,97.13,419.90,970.68,-1,-1,-1,-1
348,5,238.97,177.79,299.37,787.48,-1,-1,-1,-1
348,7,9.58,207.40,204.23,651.24,-1,-1,-1,-1
349,0,715.74,240.84,233.91,577.93,-1,-1,-1,-1
349,4,1392.59,97.21,431.82,966.75,-1,-1,-1,-1
349,5,237.94,175.07,297.35,797.52,-1,-1,-1,-1
349,7,9.15,207.25,229.70,649.99,-1,-1,-1,-1
350,0,711.89,231.95,209.19,593.77,-1,-1,-1,-1
350,4,1405.24,98.45,452.37,968.28,-1,-1,-1,-1
350,5,234.57,165.78,300.69,838.98,-1,-1,-1,-1
350,7,7.57,210.16,256.06,644.38,-1,-1,-1,-1
351,0,693.57,232.95,195.51,590.30,-1,-1,-1,-1
351,4,1425.76,116.99,438.15,947.14,-1,-1,-1,-1
351,5,233.35,168.74,303.48,836.77,-1,-1,-1,-1
351,7,8.47,210.36,270.81,647.47,-1,-1,-1,-1
352,0,671.80,237.02,188.32,584.65,-1,-1,-1,-1
352,4,1444.19,125.27,423.03,935.98,-1,-1,-1,-1
352,5,228.81,164.44,307.73,863.00,-1,-1,-1,-1
352,7,15.11,215.10,275.69,644.02,-1,-1,-1,-1
353,0,642.42,231.52,203.94,601.48,-1,-1,-1,-1
353,4,1457.70,137.87,416.67,920.51,-1,-1,-1,-1
353,5,223.37,162.73,310.38,871.57,-1,-1,-1,-1
353,7,25.73,217.30,267.86,641.06,-1,-1,-1,-1
354,0,613.16,230.84,222.06,611.50,-1,-1,-1,-1
354,4,1470.38,142.93,406.90,918.78,-1,-1,-1,-1
354,5,217.82,163.54,313.00,881.97,-1,-1,-1,-1
354,7,32.19,204.73,265.84,667.47,-1,-1,-1,-1
355,0,591.99,228.07,233.74,621.87,-1,-1,-1,-1
355,4,1478.59,144.63,394.73,918.18,-1,-1,-1,-1
355,5,212.29,158.49,321.02,881.57,-1,-1,-1,-1
355,7,42.32,201.95,250.19,667.10,-1,-1,-1,-1
356,0,577.12,229.13,234.90,623.39,-1,-1,-1,-1
356,4,1485.40,144.28,379.57,911.64,-1,-1,-1,-1
356,5,210.34,143.98,329.02,909.45,-1,-1,-1,-1
356,7,50.75,193.29,241.52,677.72,-1,-1,-1,-1
357,0,568.27,234.58,224.03,619.36,-1,-1,-1,-1
357,4,1491.17,134.87,369.11,923.31,-1,-1,-1,-1
357,5,206.45,134.08,347.64,931.36,-1,-1,-1,-1
357,7,51.27,183.41,250.94,702.69,-1,-1,-1,-1
358,0,564.73,227.06,202.77,636.49,-1,-1,-1,-1
358,4,1492.28,131.67,364.28,926.02,-1,-1,-1,-1
358,5,207.80,131.39,364.09,938.77,-1,-1,-1,-1
358,7,57.05,179.29,246.14,722.93,-1,-1,-1,-1
359,0,558.06,231.29,194.02,631.14,-1,-1,-1,-1
359,4,1491.36,141.25,361.31,903.14,-1,-1,-1,-1
359,5,222.74,137.00,367.43,939.81,-1,-1,-1,-1
359,7,57.23,175.01,258.25,745.52,-1,-1,-1,-1
360,0,554.60,225.54,182.86,642.86,-1,-1,-1,-1
360,4,1491.04,143.84,357.00,898.61,-1,-1,-1,-1
360,5,252.41,143.87,348.90,928.16,-1,-1,-1,-1
360,7,55.21,173.94,272.73,774.07,-1,-1,-1,-1
361,0,549.81,227.51,175.42,630.96,-1,-1,-1,-1
361,4,1492.05,150.67,348.44,893.64,-1,-1,-1,-1
361,5,276.35,141.96,334.37,929.02,-1,-1,-1,-1
361,7,58.34,173.27,271.45,792.24,-1,-1,-1,-1
362,0,547.14,229.08,172.21,626.11,-1,-1,-1,-1
362,4,1494.24,162.77,341.52,874.33,-1,-1,-1,-1
362,5,291.42,128.43,371.31,943.92,-1,-1,-1,-1
362,7,51.62,177.84,281.55,793.15,-1,-1,-1,-1
363,0,562.82,235.99,149.33,621.85,-1,-1,-1,-1
363,4,1498.07,166.94,326.40,850.22,-1,-1,-1,-1
363,5,312.00,122.95,387.54,955.93,-1,-1,-1,-1
363,7,44.75,175.78,292.51,804.06,-1,-1,-1,-1
364,0,552.82,238.87,148.48,618.45,-1,-1,-1,-1
364,4,1495.77,167.79,323.20,836.83,-1,-1,-1,-1
364,5,339.60,112.97,371.52,966.34,-1,-1,-1,-1
364,7,38.04,171.03,305.11,816.39,-1,-1,-1,-1
365,0,542.81,241.74,147.63,615.06,-1,-1,-1,-1
365,4,1498.89,165.62,296.52,812.47,-1,-1,-1,-1
365,5,374.68,114.55,351.67,943.38,-1,-1,-1,-1
365,7,36.29,160.91,306.87,838.42,-1,-1,-1,-1
366,0,532.80,244.61,146.79,611.66,-1,-1,-1,-1
366,4,1496.52,165.70,276.81,779.95,-1,-1,-1,-1
366,5,408.41,117.22,340.39,933.25,-1,-1,-1,-1
366,7,31.26,156.27,321.15,846.45,-1,-1,-1,-1
367,0,522.80,247.49,145.94,608.27,-1,-1,-1,-1
367,4,1491.11,174.76,259.76,745.63,-1,-1,-1,-1
367,5,441.75,110.38,366.01,948.44,-1,-1,-1,-1
367,7,33.56,143.73,328.84,878.79,-1,-1,-1,-1
368,4,1483.52,179.80,246.33,724.13,-1,-1,-1,-1
368,5,454.22,109.41,411.68,945.37,-1,-1,-1,-1
368,7,38.11,138.29,328.24,897.09,-1,-1,-1,-1
369,0,442.50,200.82,205.63,678.91,-1,-1,-1,-1
369,4,1466.20,179.72,251.30,718.30,-1,-1,-1,-1
369,5,455.48,112.14,437.51,943.75,-1,-1,-1,-1
369,7,44.09,137.55,330.57,902.72,-1,-1,-1,-1
370,0,421.03,212.65,235.64,674.29,-1,-1,-1,-1
370,4,1455.66,193.68,247.40,689.92,-1,-1,-1,-1
370,5,550.27,106.56,352.97,945.80,-1,-1,-1,-1
370,7,53.71,134.14,335.61,914.65,-1,-1,-1,-1
371,0,404.70,218.90,246.61,671.66,-1,-1,-1,-1
371,4,1441.42,185.63,245.27,701.87,-1,-1,-1,-1
371,5,616.53,93.54,326.78,967.12,-1,-1,-1,-1
371,7,63.21,129.05,341.20,925.00,-1,-1,-1,-1
372,0,388.87,221.75,257.84,674.91,-1,-1,-1,-1
372,4,1433.53,185.72,239.65,700.03,-1,-1,-1,-1
372,5,674.96,80.99,317.81,989.38,-1,-1,-1,-1
372,7,75.01,120.16,343.51,948.83,-1,-1,-1,-1
373,0,385.09,221.78,251.73,682.72,-1,-1,-1,-1
373,4,1419.52,185.64,239.84,682.47,-1,-1,-1,-1
373,5,725.07,123.88,326.03,937.90,-1,-1,-1,-1
373,7,87.09,111.23,344.98,963.72,-1,-1,-1,-1
374,0,372.37,221.99,261.69,687.95,-1,-1,-1,-1
374,4,1400.52,185.31,243.46,666.69,-1,-1,-1,-1
374,5,761.50,95.01,355.25,981.10,-1,-1,-1,-1
374,7,99.22,106.30,344.93,973.84,-1,-1,-1,-1
375,0,384.73,221.89,242.24,690.66,-1,-1,-1,-1
375,4,1388.88,187.95,230.72,655.61,-1,-1,-1,-1
375,5,792.10,95.85,384.64,975.82,-1,-1,-1,-1
375,7,107.74,102.99,357.40,979.96,-1,-1,-1,-1
376,0,393.62,221.60,229.62,699.22,-1,-1,-1,-1
376,4,1376.23,188.81,215.38,648.06,-1,-1,-1,-1
376,5,831.09,92.22,395.48,972.06,-1,-1,-1,-1
376,7,117.35,107.73,358.82,963.33,-1,-1,-1,-1
377,0,393.99,220.13,227.25,700.40,-1,-1,-1,-1
377,4,1362.77,188.51,203.65,641.10,-1,-1,-1,-1
377,5,884.06,94.94,383.75,961.54,-1,-1,-1,-1
377,7,129.29,109.23,367.32,957.76,-1,-1,-1,-1
378,0,397.89,222.33,220.41,698.27,-1,-1,-1,-1
378,4,1347.11,188.09,205.05,642.61,-1,-1,-1,-1
378,5,956.48,97.85,312.95,949.24,-1,-1,-1,-1
378,7,143.55,110.67,391.22,949.25,-1,-1,-1,-1
379,0,401.63,219.60,211.79,700.23,-1,-1,-1,-1
379,4,1315.96,198.82,232.78,625.44,-1,-1,-1,-1
379,5,1002.40,72.28,295.82,992.86,-1,-1,-1,-1
379,7,160.90,103.07,402.21,953.15,-1,-1,-1,-1
380,0,382.12,199.30,234.98,750.14,-1,-1,-1,-1
380,4,1290.72,206.99,257.91,613.18,-1,-1,-1,-1
380,5,1033.70,75.26,312.15,987.45,-1,-1,-1,-1
380,7,182.36,92.33,401.29,969.19,-1,-1,-1,-1
381,0,373.50,190.10,241.82,772.04,-1,-1,-1,-1
381,4,1284.85,203.26,244.46,623.97,-1,-1,-1,-1
381,5,1065.90,71.58,314.31,997.44,-1,-1,-1,-1
381,7,197.55,77.85,410.15,993.30,-1,-1,-1,-1
382,0,364.88,180.89,248.66,793.94,-1,-1,-1,-1
382,4,1277.78,187.43,219.11,666.94,-1,-1,-1,-1
382,5,1090.68,68.44,357.47,1000.78,-1,-1,-1,-1
382,7,217.72,58.62,411.00,1015.35,-1,-1,-1,-1
383,0,356.26,171.68,255.50,815.85,-1,-1,-1,-1
383,4,1259.82,178.50,224.78,684.21,-1,-1,-1,-1
383,5,1113.64,66.36,377.91,1005.15,-1,-1,-1,-1
383,7,243.96,65.07,408.25,1002.87,-1,-1,-1,-1
384,0,347.65,162.48,262.34,837.75,-1,-1,-1,-1
384,4,1241.85,169.56,230.44,701.49,-1,-1,-1,-1
384,5,1149.44,72.84,352.31,999.25,-1,-1,-1,-1
384,7,267.84,52.97,423.68,1020.05,-1,-1,-1,-1
385,4,1223.89,160.63,236.11,718.77,-1,-1,-1,-1
385,5,1171.19,82.09,347.10,992.11,-1,-1,-1,-1
385,7,266.21,42.07,460.90,1036.71,-1,-1,-1,-1
386,4,1205.92,151.70,241.78,736.04,-1,-1,-1,-1
386,5,1179.13,97.71,370.11,968.65,-1,-1,-1,-1
386,7,278.67,46.86,472.13,1028.98,-1,-1,-1,-1
387,5,1181.72,94.35,405.29,979.57,-1,-1,-1,-1
387,7,269.72,46.40,506.82,1023.46,-1,-1,-1,-1
388,5,1195.51,88.91,421.97,981.73,-1,-1,-1,-1
388,7,357.41,42.26,430.20,1028.08,-1,-1,-1,-1
389,5,1243.14,97.44,407.51,956.00,-1,-1,-1,-1
389,7,433.48,28.43,386.52,1041.04,-1,-1,-1,-1
390,5,1248.58,106.63,458.59,932.22,-1,-1,-1,-1
390,7,481.12,19.83,375.08,1052.17,-1,-1,-1,-1
391,5,1266.92,102.47,497.20,952.85,-1,-1,-1,-1
391,7,541.38,13.95,349.36,1061.89,-1,-1,-1,-1
391,10,184.59,216.45,348.25,836.33,-1,-1,-1,-1
391,11,1078.65,232.26,248.51,555.67,-1,-1,-1,-1
392,5,1299.34,104.98,483.18,959.90,-1,-1,-1,-1
392,7,591.18,15.78,327.57,1061.76,-1,-1,-1,-1
392,10,187.09,209.26,349.85,842.52,-1,-1,-1,-1
392,11,1073.03,229.69,213.30,547.52,-1,-1,-1,-1
393,5,1333.74,119.65,460.96,921.08,-1,-1,-1,-1
393,7,642.74,57.62,315.74,1009.85,-1,-1,-1,-1
393,10,192.83,200.22,357.45,857.93,-1,-1,-1,-1
393,11,1061.43,219.78,183.82,564.59,-1,-1,-1,-1
394,5,1363.41,115.44,422.42,930.46,-1,-1,-1,-1
394,7,683.02,86.08,321.09,978.67,-1,-1,-1,-1
394,10,196.66,190.65,366.08,874.84,-1,-1,-1,-1
394,11,1047.57,217.84,185.19,568.79,-1,-1,-1,-1
395,5,1389.56,118.60,386.31,919.26,-1,-1,-1,-1
395,7,725.62,37.07,321.15,1042.63,-1,-1,-1,-1
395,10,197.38,185.36,374.34,887.27,-1,-1,-1,-1
395,11,1033.71,215.89,186.55,572.99,-1,-1,-1,-1
396,5,1400.28,123.36,371.02,900.66,-1,-1,-1,-1
396,7,756.44,39.81,374.07,1035.38,-1,-1,-1,-1
396,10,199.57,184.45,379.46,892.12,-1,-1,-1,-1
396,11,1020.08,225.38,145.45,566.12,-1,-1,-1,-1
397,5,1406.61,116.17,357.33,918.73,-1,-1,-1,-1
397,7,805.12,29.51,348.58,1035.95,-1,-1,-1,-1
397,10,201.40,185.04,382.03,893.05,-1,-1,-1,-1
397,11,1003.60,225.94,145.69,567.10,-1,-1,-1,-1
398,5,1409.45,127.27,349.28,890.34,-1,-1,-1,-1
398,7,843.48,13.05,352.26,1041.45,-1,-1,-1,-1
398,10,201.96,179.79,383.52,902.53,-1,-1,-1,-1
398,11,987.13,226.49,145.94,568.08,-1,-1,-1,-1
399,5,1413.03,131.57,340.88,876.05,-1,-1,-1,-1
399,7,881.71,6.33,349.84,1043.63,-1,-1,-1,-1
399,10,195.89,180.60,399.97,901.10,-1,-1,-1,-1
399,11,970.65,227.05,146.19,569.06,-1,-1,-1,-1
400,5,1418.44,133.54,334.03,866.36,-1,-1,-1,-1
400,7,908.54,14.30,369.01,1044.73,-1,-1,-1,-1
400,10,194.26,175.61,405.23,907.45,-1,-1,-1,-1
400,11,954.18,227.61,146.43,570.04,-1,-1,-1,-1
401,5,1427.02,136.99,326.59,859.14,-1,-1,-1,-1
401,7,937.64,10.74,376.20,1050.62,-1,-1,-1,-1
401,10,189.81,172.93,405.67,907.87,-1,-1,-1,-1
402,5,1437.53,146.22,314.72,822.97,-1,-1,-1,-1
402,7,985.70,21.58,370.83,1035.01,-1,-1,-1,-1
402,10,186.89,164.86,413.19,915.12,-1,-1,-1,-1
403,5,1440.53,153.42,309.20,797.00,-1,-1,-1,-1
403,7,1051.01,21.28,353.09,1040.32,-1,-1,-1,-1
403,10,186.37,159.35,409.53,918.79,-1,-1,-1,-1
404,5,1443.42,153.55,301.46,786.15,-1,-1,-1,-1
404,7,1102.14,17.93,352.38,1041.79,-1,-1,-1,-1
404,10,187.90,147.48,408.72,933.93,-1,-1,-1,-1
404,13,0.16,251.63,144.02,535.13,-1,-1,-1,-1
405,5,1451.67,154.29,283.89,775.66,-1,-1,-1,-1
405,7,1151.11,5.02,346.74,1067.75,-1,-1,-1,-1
405,10,198.23,146.40,389.97,927.44,-1,-1,-1,-1
405,13,2.10,251.58,149.80,551.23,-1,-1,-1,-1
405,14,716.55,230.11,247.84,566.00,-1,-1,-1,-1
406,5,1459.97,156.59,261.32,757.27,-1,-1,-1,-1
406,7,1183.37,1.97,389.78,1070.12,-1,-1,-1,-1
406,10,209.86,149.14,392.70,919.84,-1,-1,-1,-1
406,13,4.07,252.97,149.84,552.85,-1,-1,-1,-1
406,14,678.08,237.28,271.22,562.21,-1,-1,-1,-1
407,5,1469.29,178.29,236.62,675.76,-1,-1,-1,-1
407,7,1218.00,11.50,423.85,1049.58,-1,-1,-1,-1
407,10,235.87,155.31,375.52,909.12,-1,-1,-1,-1
407,13,3.85,244.05,150.02,572.66,-1,-1,-1,-1
407,14,658.27,239.71,274.43,575.08,-1,-1,-1,-1
408,5,1476.12,189.71,207.48,554.26,-1,-1,-1,-1
408,7,1253.05,15.59,426.20,1047.12,-1,-1,-1,-1
408,10,266.06,145.19,359.49,922.15,-1,-1,-1,-1
408,13,3.47,238.63,151.64,583.93,-1,-1,-1,-1
408,14,647.24,242.08,265.19,578.41,-1,-1,-1,-1
409,5,1491.72,215.07,178.31,476.32,-1,-1,-1,-1
409,7,1285.42,16.60,411.36,1051.34,-1,-1,-1,-1
409,10,297.98,129.48,347.11,946.94,-1,-1,-1,-1
409,13,2.89,243.69,156.13,574.38,-1,-1,-1,-1
409,14,646.15,240.26,227.69,579.08,-1,-1,-1,-1
410,5,1507.33,240.43,149.13,398.37,-1,-1,-1,-1
410,7,1316.09,16.11,391.37,1051.69,-1,-1,-1,-1
410,10,331.80,121.91,337.20,958.32,-1,-1,-1,-1
410,13,2.60,244.38,166.96,572.32,-1,-1,-1,-1
410,14,640.87,233.02,186.05,587.13,-1,-1,-1,-1
411,5,1522.94,265.79,119.95,320.43,-1,-1,-1,-1
411,7,1337.13,42.64,395.66,1007.48,-1,-1,-1,-1
411,10,365.91,142.00,331.22,931.22,-1,-1,-1,-1
411,13,3.23,245.93,176.07,570.05,-1,-1,-1,-1
411,14,632.59,227.89,157.60,593.69,-1,-1,-1,-1
412,5,1538.54,291.15,90.78,242.49,-1,-1,-1,-1
412,7,1370.93,51.36,380.66,1006.04,-1,-1,-1,-1
412,10,398.62,132.83,337.71,935.50,-1,-1,-1,-1
412,13,3.45,245.09,205.68,572.62,-1,-1,-1,-1
412,14,609.56,226.44,159.15,599.50,-1,-1,-1,-1
413,7,1384.49,53.00,388.71,1001.64,-1,-1,-1,-1
413,10,429.64,115.97,347.62,955.42,-1,-1,-1,-1
413,13,8.63,244.68,218.65,573.35,-1,-1,-1,-1
413,14,586.53,224.99,160.69,605.31,-1,-1,-1,-1
414,7,1380.79,59.92,413.37,998.34,-1,-1,-1,-1
414,10,451.52,122.39,386.33,942.27,-1,-1,-1,-1
414,13,13.66,242.20,228.45,577.96,-1,-1,-1,-1
414,14,563.50,223.55,162.23,611.12,-1,-1,-1,-1
415,7,1358.14,60.52,455.03,989.92,-1,-1,-1,-1
415,10,475.87,117.47,407.53,955.42,-1,-1,-1,-1
415,13,16.81,247.54,237.53,573.12,-1,-1,-1,-1
415,14,540.48,222.10,163.77,616.92,-1,-1,-1,-1
416,7,1348.20,93.49,481.09,957.53,-1,-1,-1,-1
416,10,479.26,159.35,442.47,902.74,-1,-1,-1,-1
416,13,17.90,246.51,243.30,577.45,-1,-1,-1,-1
417,7,1379.38,81.17,447.92,961.11,-1,-1,-1,-1
417,10,497.96,138.95,444.32,935.17,-1,-1,-1,-1
417,13,21.44,243.10,240.57,585.66,-1,-1,-1,-1
417,14,457.66,229.67,229.82,650.67,-1,-1,-1,-1
418,7,1392.75,86.92,439.95,975.69,-1,-1,-1,-1
418,10,587.99,120.08,366.97,960.93,-1,-1,-1,-1
418,13,27.08,241.32,238.86,590.06,-1,-1,-1,-1
418,14,429.43,224.15,233.80,662.61,-1,-1,-1,-1
419,7,1426.89,96.25,404.25,958.86,-1,-1,-1,-1
419,10,643.14,115.03,327.70,960.67,-1,-1,-1,-1
419,13,33.28,240.41,236.62,591.57,-1,-1,-1,-1
419,14,398.56,223.90,236.77,660.73,-1,-1,-1,-1
419,15,1299.52,187.79,214.83,626.13,-1,-1,-1,-1
420,7,1449.15,103.69,375.91,929.20,-1,-1,-1,-1
420,10,704.62,95.61,297.75,981.69,-1,-1,-1,-1
420,13,42.33,239.67,232.13,592.38,-1,-1,-1,-1
420,14,367.02,227.85,248.68,658.57,-1,-1,-1,-1
420,15,1294.14,187.68,194.80,620.71,-1,-1,-1,-1
421,7,1455.60,104.57,369.46,932.04,-1,-1,-1,-1
421,10,753.78,88.50,295.13,990.28,-1,-1,-1,-1
421,13,51.64,237.18,232.07,593.27,-1,-1,-1,-1
421,14,338.22,218.48,261.09,689.30,-1,-1,-1,-1
421,15,1279.51,186.06,186.63,615.25,-1,-1,-1,-1
422,7,1459.13,106.41,362.09,925.68,-1,-1,-1,-1
422,10,794.98,86.87,303.51,987.94,-1,-1,-1,-1
422,13,58.68,236.37,244.51,594.14,-1,-1,-1,-1
422,14,310.05,214.80,271.81,709.97,-1,-1,-1,-1
422,15,1260.54,193.82,180.78,595.82,-1,-1,-1,-1
423,7,1456.03,112.14,364.77,901.83,-1,-1,-1,-1
423,10,831.84,108.78,310.15,957.42,-1,-1,-1,-1
423,13,61.69,239.49,263.90,592.83,-1,-1,-1,-1
423,14,289.32,214.93,279.45,726.15,-1,-1,-1,-1
423,15,1229.82,204.71,202.05,577.25,-1,-1,-1,-1
424,7,1450.26,115.38,371.92,885.10,-1,-1,-1,-1
424,10,870.75,110.33,321.34,961.72,-1,-1,-1,-1
424,13,72.66,244.78,278.53,583.10,-1,-1,-1,-1
424,14,272.15,216.15,284.75,738.03,-1,-1,-1,-1
424,15,1202.72,213.09,223.28,565.73,-1,-1,-1,-1
425,7,1447.63,111.56,373.41,893.87,-1,-1,-1,-1
425,10,908.28,103.35,321.13,973.55,-1,-1,-1,-1
425,13,90.15,250.18,271.64,574.77,-1,-1,-1,-1
425,14,267.21,221.90,281.16,725.99,-1,-1,-1,-1
425,15,1190.86,198.94,226.53,596.88,-1,-1,-1,-1
426,7,1440.73,110.56,372.22,885.75,-1,-1,-1,-1
426,10,952.07,118.88,305.57,957.22,-1,-1,-1,-1
426,13,110.43,251.51,241.20,568.64,-1,-1,-1,-1
426,14,260.24,217.88,280.89,751.00,-1,-1,-1,-1
426,15,1176.52,191.66,232.27,612.05,-1,-1,-1,-1
427,7,1435.45,106.83,369.63,895.03,-1,-1,-1,-1
427,10,979.32,123.25,338.68,951.02,-1,-1,-1,-1
427,13,123.82,239.24,227.88,583.86,-1,-1,-1,-1
427,14,251.28,211.62,284.53,775.41,-1,-1,-1,-1
427,15,1163.38,184.48,224.11,633.06,-1,-1,-1,-1
428,7,1430.50,109.15,361.95,886.38,-1,-1,-1,-1
428,10,1014.79,159.37,334.20,906.56,-1,-1,-1,-1
428,13,140.38,232.08,210.77,590.05,-1,-1,-1,-1
428,14,215.96,206.20,320.94,792.19,-1,-1,-1,-1
428,15,1147.30,177.19,229.23,647.51,-1,-1,-1,-1
429,7,1427.92,121.10,341.09,850.95,-1,-1,-1,-1
429,10,1047.19,142.38,320.04,918.50,-1,-1,-1,-1
429,13,149.98,213.27,224.23,693.83,-1,-1,-1,-1
429,14,211.07,204.50,319.06,795.68,-1,-1,-1,-1
429,15,1131.23,169.90,234.36,661.97,-1,-1,-1,-1
430,7,1429.93,126.18,319.70,817.19,-1,-1,-1,-1
430,10,1072.95,131.30,318.57,933.74,-1,-1,-1,-1
430,13,152.46,194.23,239.07,739.74,-1,-1,-1,-1
430,14,195.17,186.95,334.62,839.42,-1,-1,-1,-1
430,15,1115.15,162.61,239.48,676.43,-1,-1,-1,-1
431,7,1429.32,138.05,301.30,769.94,-1,-1,-1,-1
431,10,1093.08,132.48,321.42,934.95,-1,-1,-1,-1
431,13,154.95,175.20,253.91,785.65,-1,-1,-1,-1
431,14,180.20,187.09,350.83,851.22,-1,-1,-1,-1
431,15,1099.07,155.32,244.60,690.89,-1,-1,-1,-1
432,7,1431.65,140.29,284.17,748.49,-1,-1,-1,-1
432,10,1092.50,141.51,372.05,931.52,-1,-1,-1,-1
432,13,157.43,156.17,268.76,831.57,-1,-1,-1,-1
432,14,177.75,187.37,352.13,858.89,-1,-1,-1,-1
433,7,1433.14,146.37,262.27,729.19,-1,-1,-1,-1
433,10,1073.17,141.47,429.81,931.00,-1,-1,-1,-1
433,13,159.92,137.13,283.60,877.48,-1,-1,-1,-1
433,14,176.31,192.46,354.53,850.97,-1,-1,-1,-1
434,7,1431.21,148.34,248.13,729.23,-1,-1,-1,-1
434,10,1097.67,134.61,411.03,940.99,-1,-1,-1,-1
434,14,173.38,189.26,359.22,865.71,-1,-1,-1,-1
435,7,1430.95,144.46,241.31,742.18,-1,-1,-1,-1
435,10,1150.69,120.59,363.73,960.69,-1,-1,-1,-1
435,14,169.28,182.69,355.82,881.37,-1,-1,-1,-1
436,7,1423.64,146.40,238.72,744.81,-1,-1,-1,-1
436,10,1177.05,122.68,385.56,958.23,-1,-1,-1,-1
436,14,166.75,178.71,365.87,889.30,-1,-1,-1,-1
437,7,1417.92,144.70,238.64,744.57,-1,-1,-1,-1
437,10,1211.96,124.14,383.94,948.17,-1,-1,-1,-1
437,14,169.10,165.91,366.77,906.10,-1,-1,-1,-1
438,7,1412.19,143.01,238.57,744.33,-1,-1,-1,-1
438,10,1235.35,127.46,395.20,944.01,-1,-1,-1,-1
438,14,172.64,156.60,374.97,922.00,-1,-1,-1,-1
438,18,945.95,217.23,179.35,544.59,-1,-1,-1,-1
439,7,1406.46,141.31,238.50,744.09,-1,-1,-1,-1
439,10,1255.70,126.18,393.33,946.25,-1,-1,-1,-1
439,14,180.96,155.20,368.25,918.69,-1,-1,-1,-1
439,18,923.50,222.71,184.81,537.64,-1,-1,-1,-1
440,7,1400.74,139.62,238.43,743.85,-1,-1,-1,-1
440,10,1272.36,127.36,393.60,939.08,-1,-1,-1,-1
440,14,178.61,147.54,390.61,926.77,-1,-1,-1,-1
440,18,887.03,228.76,211.60,533.13,-1,-1,-1,-1
441,10,1280.49,126.46,395.53,945.99,-1,-1,-1,-1
441,14,189.78,148.95,398.45,924.95,-1,-1,-1,-1
441,18,841.70,225.01,247.43,545.12,-1,-1,-1,-1
442,10,1292.61,131.23,388.40,939.25,-1,-1,-1,-1
442,14,199.53,153.99,404.82,916.03,-1,-1,-1,-1
442,18,817.99,227.81,259.56,553.74,-1,-1,-1,-1
443,10,1285.87,143.80,403.70,913.95,-1,-1,-1,-1
443,14,235.85,149.68,391.77,925.79,-1,-1,-1,-1
443,18,801.09,233.75,257.78,551.13,-1,-1,-1,-1
444,10,1268.75,143.03,423.54,926.34,-1,-1,-1,-1
444,14,219.88,140.05,442.39,927.97,-1,-1,-1,-1
444,18,791.20,227.33,230.20,561.20,-1,-1,-1,-1
445,10,1257.98,149.58,427.34,913.43,-1,-1,-1,-1
445,14,215.67,125.22,494.92,940.17,-1,-1,-1,-1
445,18,791.82,219.69,189.50,571.40,-1,-1,-1,-1
446,10,1267.96,152.55,405.94,901.45,-1,-1,-1,-1
446,14,229.14,120.68,520.97,919.27,-1,-1,-1,-1
446,18,781.48,214.62,164.56,584.02,-1,-1,-1,-1
447,10,1280.07,158.30,387.86,876.86,-1,-1,-1,-1
447,14,242.33,119.18,518.26,914.42,-1,-1,-1,-1
447,18,748.29,209.26,180.42,590.48,-1,-1,-1,-1
448,10,1297.03,161.57,365.60,858.38,-1,-1,-1,-1
448,14,255.53,117.69,515.55,909.57,-1,-1,-1,-1
448,18,736.31,226.00,166.97,539.67,-1,-1,-1,-1
448,20,1201.26,173.59,200.75,631.44,-1,-1,-1,-1
449,10,1323.53,167.99,338.09,843.19,-1,-1,-1,-1
449,14,268.72,116.19,512.83,904.73,-1,-1,-1,-1
449,18,735.89,235.68,157.09,498.21,-1,-1,-1,-1
449,20,1184.08,169.90,187.34,627.53,-1,-1,-1,-1
450,10,1330.84,172.72,331.60,831.71,-1,-1,-1,-1
450,14,281.92,114.69,510.12,899.88,-1,-1,-1,-1
450,18,721.47,247.15,148.59,471.26,-1,-1,-1,-1
450,20,1160.93,178.44,183.58,610.83,-1,-1,-1,-1
450,21,228.82,179.16,322.76,840.90,-1,-1,-1,-1
451,10,1336.49,178.25,323.99,824.05,-1,-1,-1,-1
451,18,707.06,258.62,140.09,444.31,-1,-1,-1,-1
451,20,1135.03,179.90,191.12,615.92,-1,-1,-1,-1
451,21,233.98,177.98,332.15,862.30,-1,-1,-1,-1
451,22,566.29,134.76,403.30,939.81,-1,-1,-1,-1
452,10,1340.13,183.08,316.62,813.37,-1,-1,-1,-1
452,18,692.64,270.08,131.59,417.36,-1,-1,-1,-1
452,20,1094.04,183.33,228.36,609.65,-1,-1,-1,-1
452,21,237.49,175.53,339.51,868.95,-1,-1,-1,-1
452,22,627.31,111.70,365.79,970.17,-1,-1,-1,-1
453,10,1339.59,186.40,315.31,797.56,-1,-1,-1,-1
453,18,678.23,281.55,123.10,390.41,-1,-1,-1,-1
453,20,1062.28,194.13,261.40,596.99,-1,-1,-1,-1
453,21,239.77,175.33,350.39,877.61,-1,-1,-1,-1
453,22,662.03,107.94,360.14,973.05,-1,-1,-1,-1
454,10,1335.53,189.28,313.59,778.37,-1,-1,-1,-1
454,20,1045.49,194.74,274.98,600.65,-1,-1,-1,-1
454,21,242.64,162.53,348.62,911.28,-1,-1,-1,-1
454,22,690.52,101.64,384.32,978.77,-1,-1,-1,-1
455,10,1330.81,190.59,308.51,763.49,-1,-1,-1,-1
455,20,1048.93,187.92,243.94,617.81,-1,-1,-1,-1
455,21,237.87,157.08,360.79,915.06,-1,-1,-1,-1
455,22,758.20,63.85,359.66,1023.27,-1,-1,-1,-1
456,10,1336.29,203.77,281.13,721.45,-1,-1,-1,-1
456,20,1033.30,186.40,246.20,623.51,-1,-1,-1,-1
456,21,242.85,138.82,365.50,942.55,-1,-1,-1,-1
456,22,791.63,49.67,368.16,1047.51,-1,-1,-1,-1
457,10,1341.36,216.19,257.86,691.88,-1,-1,-1,-1
457,20,1017.67,184.88,248.46,629.22,-1,-1,-1,-1
457,21,246.30,128.63,373.82,958.70,-1,-1,-1,-1
457,22,825.06,35.49,376.67,1071.74,-1,-1,-1,-1
458,10,1336.93,209.44,245.50,688.98,-1,-1,-1,-1
458,20,1002.03,183.36,250.72,634.92,-1,-1,-1,-1
458,21,253.94,125.34,379.76,962.78,-1,-1,-1,-1
458,22,858.49,21.31,385.16,1095.97,-1,-1,-1,-1
459,10,1330.50,201.01,241.07,700.88,-1,-1,-1,-1
459,20,986.40,181.85,252.97,640.63,-1,-1,-1,-1
459,21,269.19,132.76,383.53,944.42,-1,-1,-1,-1
459,22,891.92,7.14,393.66,1120.20,-1,-1,-1,-1
459,24,544.16,209.09,178.77,613.60,-1,-1,-1,-1
460,10,1331.78,201.31,222.30,697.59,-1,-1,-1,-1
460,20,897.05,165.42,329.21,626.23,-1,-1,-1,-1
460,21,291.04,138.72,377.65,936.78,-1,-1,-1,-1
460,22,926.34,104.26,520.73,952.95,-1,-1,-1,-1
460,24,534.56,215.14,166.06,527.06,-1,-1,-1,-1
461,10,1328.10,199.78,221.02,693.58,-1,-1,-1,-1
461,20,872.67,197.67,296.39,582.50,-1,-1,-1,-1
461,21,323.12,138.24,351.80,930.86,-1,-1,-1,-1
461,22,1055.51,93.81,457.97,973.04,-1,-1,-1,-1
461,24,527.61,223.15,154.28,489.67,-1,-1,-1,-1
462,10,1324.41,198.25,219.73,689.57,-1,-1,-1,-1
462,20,859.91,206.08,290.27,565.82,-1,-1,-1,-1
462,21,359.58,130.85,319.44,938.81,-1,-1,-1,-1
462,22,1118.42,85.55,423.63,979.00,-1,-1,-1,-1
462,24,520.65,231.17,142.49,452.29,-1,-1,-1,-1
463,10,1320.73,196.72,218.44,685.57,-1,-1,-1,-1
463,20,848.17,200.27,276.19,574.49,-1,-1,-1,-1
463,21,383.61,112.41,315.22,965.03,-1,-1,-1,-1
463,22,1167.23,63.17,419.67,1013.52,-1,-1,-1,-1
463,24,513.70,239.19,130.71,414.90,-1,-1,-1,-1
464,10,1317.04,195.19,217.16,681.56,-1,-1,-1,-1
464,20,847.66,209.24,228.10,558.08,-1,-1,-1,-1
464,21,406.99,111.50,318.75,956.67,-1,-1,-1,-1
464,22,1205.01,63.43,427.60,1013.50,-1,-1,-1,-1
464,24,506.74,247.21,118.93,377.52,-1,-1,-1,-1
465,20,828.07,211.62,201.46,555.07,-1,-1,-1,-1
465,21,423.59,118.43,335.27,945.60,-1,-1,-1,-1
465,22,1234.94,57.77,435.90,1020.84,-1,-1,-1,-1
466,20,804.16,196.09,175.71,592.11,-1,-1,-1,-1
466,21,403.74,119.29,395.30,951.73,-1,-1,-1,-1
466,22,1248.64,71.17,455.33,1006.32,-1,-1,-1,-1
467,14,509.46,96.93,332.25,977.34,-1,-1,-1,-1
467,20,766.98,194.61,197.30,594.08,-1,-1,-1,-1
467,21,419.39,118.67,395.71,952.72,-1,-1,-1,-1
467,22,1247.96,90.06,490.54,984.77,-1,-1,-1,-1
468,14,525.37,126.77,349.00,939.71,-1,-1,-1,-1
468,20,757.86,194.85,184.71,573.24,-1,-1,-1,-1
468,21,435.04,118.06,396.12,953.70,-1,-1,-1,-1
468,22,1262.84,99.44,507.36,972.11,-1,-1,-1,-1
468,26,345.17,184.34,249.50,743.16,-1,-1,-1,-1
469,14,552.82,127.51,362.96,937.00,-1,-1,-1,-1
469,20,734.67,195.73,183.37,569.10,-1,-1,-1,-1
469,21,450.69,117.45,396.53,954.68,-1,-1,-1,-1
469,22,1313.67,102.98,470.79,967.77,-1,-1,-1,-1
469,26,311.67,187.47,283.84,746.15,-1,-1,-1,-1
470,14,588.49,124.18,337.87,939.66,-1,-1,-1,-1
470,20,711.48,196.60,182.04,564.96,-1,-1,-1,-1
470,21,466.34,116.84,396.95,955.66,-1,-1,-1,-1
470,22,1367.31,110.71,430.13,957.20,-1,-1,-1,-1
470,26,272.76,193.38,320.77,745.39,-1,-1,-1,-1
471,14,613.79,108.66,331.66,959.07,-1,-1,-1,-1
471,20,688.29,197.48,180.71,560.82,-1,-1,-1,-1
471,22,1395.29,100.25,433.43,975.91,-1,-1,-1,-1
471,26,249.85,187.09,338.66,772.08,-1,-1,-1,-1
471,27,1181.88,214.46,211.87,617.14,-1,-1,-1,-1
472,14,656.74,99.62,312.61,968.05,-1,-1,-1,-1
472,20,665.09,198.36,179.37,556.68,-1,-1,-1,-1
472,22,1416.67,108.88,430.40,965.94,-1,-1,-1,-1
472,26,226.86,184.62,355.63,790.34,-1,-1,-1,-1
472,27,1176.61,211.54,189.30,604.06,-1,-1,-1,-1
473,14,673.42,82.69,337.17,974.04,-1,-1,-1,-1
473,20,659.73,217.72,151.30,580.25,-1,-1,-1,-1
473,22,1430.33,114.46,432.00,959.97,-1,-1,-1,-1
473,26,224.35,186.07,349.16,792.46,-1,-1,-1,-1
473,27,1160.13,219.69,181.94,581.94,-1,-1,-1,-1
474,14,692.53,76.49,339.47,980.68,-1,-1,-1,-1
474,20,613.30,199.23,185.88,610.05,-1,-1,-1,-1
474,22,1446.61,126.27,419.05,939.51,-1,-1,-1,-1
474,26,234.72,178.49,333.78,818.72,-1,-1,-1,-1
474,27,1138.54,227.85,183.15,573.41,-1,-1,-1,-1
475,14,711.64,70.29,341.77,987.32,-1,-1,-1,-1
475,20,569.74,190.78,223.35,627.13,-1,-1,-1,-1
475,22,1462.12,141.86,401.67,914.87,-1,-1,-1,-1
475,26,241.91,173.85,325.75,832.31,-1,-1,-1,-1
475,27,1120.39,219.43,186.01,586.57,-1,-1,-1,-1
476,14,730.75,64.09,344.07,993.95,-1,-1,-1,-1
476,20,536.72,195.61,253.12,625.15,-1,-1,-1,-1
476,22,1472.60,153.87,379.90,899.92,-1,-1,-1,-1
476,26,247.30,168.21,323.24,846.10,-1,-1,-1,-1
476,27,1110.56,223.71,189.66,580.42,-1,-1,-1,-1
477,14,749.86,57.90,346.38,1000.59,-1,-1,-1,-1
477,20,521.38,194.64,261.08,625.91,-1,-1,-1,-1
477,22,1480.19,163.11,362.49,887.56,-1,-1,-1,-1
477,26,254.50,159.38,320.59,856.56,-1,-1,-1,-1
477,27,1109.80,298.38,181.44,488.31,-1,-1,-1,-1
478,20,516.74,196.62,243.03,629.87,-1,-1,-1,-1
478,22,1480.12,159.59,348.62,882.57,-1,-1,-1,-1
478,26,260.63,149.86,314.91,886.54,-1,-1,-1,-1
478,27,1107.66,321.69,166.58,448.31,-1,-1,-1,-1
478,28,921.97,152.70,382.70,918.01,-1,-1,-1,-1
479,20,507.42,191.54,221.51,638.48,-1,-1,-1,-1
479,22,1481.20,155.75,328.97,857.38,-1,-1,-1,-1
479,26,261.80,142.58,318.88,911.86,-1,-1,-1,-1
479,27,1105.53,345.01,151.72,408.32,-1,-1,-1,-1
479,28,982.45,186.33,351.67,848.91,-1,-1,-1,-1
480,20,504.98,198.13,176.39,606.90,-1,-1,-1,-1
480,22,1473.04,158.06,319.27,837.13,-1,-1,-1,-1
480,26,262.56,143.50,349.78,909.65,-1,-1,-1,-1
480,27,1103.39,368.33,136.86,368.32,-1,-1,-1,-1
480,28,1008.59,128.48,364.85,924.35,-1,-1,-1,-1
481,20,468.85,179.65,198.42,651.96,-1,-1,-1,-1
481,22,1465.97,151.24,308.67,835.28,-1,-1,-1,-1
481,26,267.24,148.52,364.73,913.20,-1,-1,-1,-1
481,27,1101.25,391.64,122.00,328.32,-1,-1,-1,-1
481,28,1030.76,107.11,381.42,941.10,-1,-1,-1,-1
482,20,445.06,173.47,202.53,665.47,-1,-1,-1,-1
482,22,1454.45,144.41,305.88,837.42,-1,-1,-1,-1
482,26,271.03,146.18,372.48,913.10,-1,-1,-1,-1
482,28,1092.03,85.33,352.56,983.45,-1,-1,-1,-1
483,20,421.27,167.29,206.64,678.99,-1,-1,-1,-1
483,22,1443.69,146.86,307.35,833.44,-1,-1,-1,-1
483,26,277.48,147.74,375.05,913.31,-1,-1,-1,-1
483,28,1136.62,89.18,361.50,973.02,-1,-1,-1,-1
484,20,397.48,161.11,210.75,692.50,-1,-1,-1,-1
484,22,1439.83,146.02,300.05,840.45,-1,-1,-1,-1
484,26,294.07,131.65,362.01,940.91,-1,-1,-1,-1
484,28,1180.94,81.01,351.89,987.65,-1,-1,-1,-1
485,20,373.69,154.94,214.86,706.02,-1,-1,-1,-1
485,22,1454.00,160.79,270.39,813.01,-1,-1,-1,-1
485,26,305.55,130.99,359.10,937.64,-1,-1,-1,-1
485,28,1212.13,99.16,388.20,969.75,-1,-1,-1,-1
485,29,889.18,244.55,244.36,550.67,-1,-1,-1,-1
486,22,1454.12,164.78,266.56,801.55,-1,-1,-1,-1
486,26,313.51,116.73,367.24,956.49,-1,-1,-1,-1
486,28,1236.43,111.09,428.57,959.31,-1,-1,-1,-1
486,29,866.10,242.01,263.33,558.38,-1,-1,-1,-1
487,22,1454.23,168.77,262.73,790.09,-1,-1,-1,-1
487,26,320.72,124.97,379.03,946.96,-1,-1,-1,-1
487,28,1273.91,117.84,419.56,950.61,-1,-1,-1,-1
487,29,857.34,243.11,263.14,556.48,-1,-1,-1,-1
488,22,1454.35,172.76,258.90,778.63,-1,-1,-1,-1
488,26,332.69,126.94,391.95,945.94,-1,-1,-1,-1
488,28,1312.51,122.15,395.86,944.61,-1,-1,-1,-1
488,29,855.16,234.13,236.52,571.83,-1,-1,-1,-1
489,20,311.26,159.26,189.30,711.84,-1,-1,-1,-1
489,22,1454.46,176.75,255.08,767.17,-1,-1,-1,-1
489,26,340.71,118.59,394.68,957.27,-1,-1,-1,-1
489,28,1340.16,106.56,391.21,962.54,-1,-1,-1,-1
489,29,847.00,249.86,204.50,548.92,-1,-1,-1,-1
490,20,297.06,152.43,205.95,764.68,-1,-1,-1,-1
490,26,383.80,122.22,367.36,945.28,-1,-1,-1,-1
490,28,1374.18,98.02,396.60,970.83,-1,-1,-1,-1
490,29,830.03,239.56,184.01,558.80,-1,-1,-1,-1
491,20,275.31,155.83,236.96,778.04,-1,-1,-1,-1
491,26,439.71,114.61,330.22,957.07,-1,-1,-1,-1
491,28,1395.82,89.00,404.14,975.52,-1,-1,-1,-1
491,29,813.01,239.72,165.09,560.05,-1,-1,-1,-1
492,20,257.55,162.29,265.45,782.53,-1,-1,-1,-1
492,26,483.01,117.97,317.26,948.91,-1,-1,-1,-1
492,28,1391.02,90.70,451.48,972.10,-1,-1,-1,-1
492,29,789.83,237.34,177.18,568.89,-1,-1,-1,-1
493,20,243.08,164.02,281.72,802.36,-1,-1,-1,-1
493,26,529.18,118.92,310.87,934.93,-1,-1,-1,-1
493,28,1403.69,101.67,466.56,955.77,-1,-1,-1,-1
493,29,774.91,240.08,181.74,564.67,-1,-1,-1,-1
494,20,227.37,163.82,291.76,816.87,-1,-1,-1,-1
494,26,562.55,108.28,347.18,955.33,-1,-1,-1,-1
494,28,1417.13,105.47,464.92,955.14,-1,-1,-1,-1
494,29,757.12,240.39,181.97,565.39,-1,-1,-1,-1
495,20,211.03,160.43,303.34,835.39,-1,-1,-1,-1
495,26,582.02,112.18,381.65,955.15,-1,-1,-1,-1
495,28,1441.52,120.43,441.77,940.85,-1,-1,-1,-1
495,29,739.33,240.69,182.21,566.10,-1,-1,-1,-1
496,20,199.35,157.14,306.31,839.94,-1,-1,-1,-1
496,26,614.73,101.15,392.96,969.29,-1,-1,-1,-1
496,28,1457.97,135.77,424.59,921.65,-1,-1,-1,-1
496,29,721.53,240.99,182.44,566.82,-1,-1,-1,-1
497,20,183.14,149.75,318.96,853.48,-1,-1,-1,-1
497,26,656.72,156.54,387.98,903.99,-1,-1,-1,-1
497,28,1468.11,139.83,415.13,911.54,-1,-1,-1,-1
497,29,703.74,241.30,182.67,567.53,-1,-1,-1,-1
497,33,1259.66,206.00,253.82,628.35,-1,-1,-1,-1
498,20,173.83,143.78,325.15,870.97,-1,-1,-1,-1
498,26,687.33,126.79,382.29,940.77,-1,-1,-1,-1
498,28,1483.32,136.18,383.29,885.93,-1,-1,-1,-1
498,33,1247.58,204.23,229.89,622.18,-1,-1,-1,-1
499,20,157.64,142.63,343.66,889.61,-1,-1,-1,-1
499,26,751.47,115.27,331.20,957.01,-1,-1,-1,-1
499,28,1487.60,129.54,366.81,886.70,-1,-1,-1,-1
499,29,659.06,223.38,176.66,618.72,-1,-1,-1,-1
499,33,1229.55,205.96,205.61,602.95,-1,-1,-1,-1
500,20,149.78,137.03,351.12,919.23,-1,-1,-1,-1
500,26,801.57,90.33,298.44,986.39,-1,-1,-1,-1
500,28,1488.32,126.26,353.86,884.28,-1,-1,-1,-1
500,29,611.82,232.76,211.83,604.41,-1,-1,-1,-1
500,33,1202.83,206.87,193.46,596.45,-1,-1,-1,-1
501,20,146.62,134.17,351.86,932.89,-1,-1,-1,-1
501,26,857.26,90.65,280.71,959.00,-1,-1,-1,-1
501,28,1487.50,127.54,342.79,873.35,-1,-1,-1,-1
501,29,566.73,234.33,251.31,602.86,-1,-1,-1,-1
501,33,1178.18,202.84,194.10,599.31,-1,-1,-1,-1
502,20,146.90,125.15,356.05,945.80,-1,-1,-1,-1
502,26,899.42,107.20,281.91,936.44,-1,-1,-1,-1
502,28,1483.06,138.18,336.46,847.56,-1,-1,-1,-1
502,29,544.80,242.48,264.40,597.59,-1,-1,-1,-1
502,33,1148.16,204.46,216.30,596.80,-1,-1,-1,-1
503,20,150.09,124.60,359.67,943.78,-1,-1,-1,-1
503,26,922.32,83.94,324.09,968.84,-1,-1,-1,-1
503,28,1475.37,140.85,336.31,857.09,-1,-1,-1,-1
503,29,529.41,234.35,273.53,625.45,-1,-1,-1,-1
503,33,1132.22,200.20,238.73,617.25,-1,-1,-1,-1
504,20,161.27,116.10,356.12,956.93,-1,-1,-1,-1
504,26,927.69,86.25,433.32,970.94,-1,-1,-1,-1
504,28,1468.84,145.13,331.59,852.48,-1,-1,-1,-1
504,29,520.23,238.69,270.80,627.58,-1,-1,-1,-1
504,33,1114.70,196.72,241.35,624.03,-1,-1,-1,-1
505,20,168.46,112.17,362.03,968.39,-1,-1,-1,-1
505,26,961.67,81.69,492.61,982.96,-1,-1,-1,-1
505,28,1461.81,152.35,328.09,826.30,-1,-1,-1,-1
505,29,514.39,232.59,260.60,641.22,-1,-1,-1,-1
505,33,1097.17,193.24,243.98,630.82,-1,-1,-1,-1
506,20,175.86,100.55,367.59,984.67,-1,-1,-1,-1
506,26,1011.73,74.14,487.33,999.68,-1,-1,-1,-1
506,28,1460.81,152.25,316.12,826.91,-1,-1,-1,-1
506,29,512.66,229.89,234.77,645.34,-1,-1,-1,-1
506,33,1079.65,189.77,246.60,637.60,-1,-1,-1,-1
507,20,183.58,91.31,379.80,993.73,-1,-1,-1,-1
507,26,1058.33,112.08,467.69,933.85,-1,-1,-1,-1
507,28,1460.47,160.97,302.98,760.86,-1,-1,-1,-1
507,29,509.97,227.62,213.25,650.34,-1,-1,-1,-1
507,33,1062.12,186.29,249.23,644.38,-1,-1,-1,-1
508,20,186.90,92.61,430.83,975.23,-1,-1,-1,-1
508,26,1078.83,113.02,428.87,914.49,-1,-1,-1,-1
508,28,1459.05,161.21,288.37,729.13,-1,-1,-1,-1
508,29,506.50,230.32,205.44,635.32,-1,-1,-1,-1
509,20,201.84,93.12,442.42,968.41,-1,-1,-1,-1
509,26,1079.34,85.59,420.77,973.72,-1,-1,-1,-1
509,28,1454.35,167.96,280.31,708.18,-1,-1,-1,-1
509,29,512.16,243.79,185.47,611.57,-1,-1,-1,-1
510,20,219.63,94.55,443.98,959.32,-1,-1,-1,-1
510,26,1127.06,80.46,381.56,992.32,-1,-1,-1,-1
510,28,1455.61,163.86,264.24,700.13,-1,-1,-1,-1
510,29,504.11,234.13,184.32,635.00,-1,-1,-1,-1
511,20,244.48,79.94,430.34,983.87,-1,-1,-1,-1
511,26,1161.28,67.91,356.27,1009.75,-1,-1,-1,-1
511,28,1453.74,171.04,252.91,686.11,-1,-1,-1,-1
511,29,491.04,233.60,185.31,638.40,-1,-1,-1,-1
512,20,271.73,66.87,410.20,1004.88,-1,-1,-1,-1
512,26,1187.98,87.30,345.25,980.92,-1,-1,-1,-1
512,28,1444.85,170.52,245.47,702.79,-1,-1,-1,-1
512,29,477.97,233.07,186.30,641.81,-1,-1,-1,-1
513,20,301.19,56.69,404.92,1014.18,-1,-1,-1,-1
513,26,1211.20,99.48,342.70,973.31,-1,-1,-1,-1
513,28,1440.11,168.18,230.31,716.31,-1,-1,-1,-1
513,29,464.90,232.54,187.29,645.21,-1,-1,-1,-1
513,35,881.39,239.84,265.28,544.49,-1,-1,-1,-1
514,20,333.57,46.42,414.01,1022.43,-1,-1,-1,-1
514,26,1234.07,115.94,362.72,955.89,-1,-1,-1,-1
514,28,1448.84,181.36,197.34,675.30,-1,-1,-1,-1
514,29,451.84,232.01,188.28,648.62,-1,-1,-1,-1
514,35,863.98,236.23,273.57,550.99,-1,-1,-1,-1
515,20,369.90,46.77,406.02,1019.93,-1,-1,-1,-1
515,26,1261.44,121.69,360.97,944.44,-1,-1,-1,-1
515,28,1443.71,185.93,193.06,660.65,-1,-1,-1,-1
515,35,852.49,237.84,268.98,553.12,-1,-1,-1,-1
516,20,387.22,46.61,425.08,1026.80,-1,-1,-1,-1
516,26,1288.66,110.32,351.00,955.19,-1,-1,-1,-1
516,28,1438.59,190.50,188.77,646.01,-1,-1,-1,-1
516,35,849.74,231.51,228.76,555.05,-1,-1,-1,-1
517,20,394.43,60.99,448.46,1002.89,-1,-1,-1,-1
517,26,1306.36,94.72,364.90,971.42,-1,-1,-1,-1
517,28,1433.46,195.07,184.49,631.36,-1,-1,-1,-1
517,35,835.67,230.03,196.98,549.51,-1,-1,-1,-1
518,20,477.47,55.66,384.93,1000.61,-1,-1,-1,-1
518,26,1318.94,101.12,378.44,954.22,-1,-1,-1,-1
518,28,1428.34,199.64,180.20,616.71,-1,-1,-1,-1
518,29,366.35,195.27,229.63,798.66,-1,-1,-1,-1
518,35,821.59,219.59,167.39,574.53,-1,-1,-1,-1
519,20,549.72,58.65,343.08,997.82,-1,-1,-1,-1
519,26,1317.11,113.88,412.14,936.59,-1,-1,-1,-1
519,29,346.44,200.97,269.42,807.61,-1,-1,-1,-1
519,35,814.11,218.53,145.51,572.14,-1,-1,-1,-1
520,20,604.36,48.21,329.74,1009.32,-1,-1,-1,-1
520,26,1311.05,121.57,482.63,917.45,-1,-1,-1,-1
520,29,326.63,211.51,300.24,803.98,-1,-1,-1,-1
520,35,793.24,216.02,146.68,576.73,-1,-1,-1,-1
521,20,648.19,42.43,343.11,1010.79,-1,-1,-1,-1
521,26,1303.01,124.83,523.67,918.01,-1,-1,-1,-1
521,29,313.71,217.11,314.63,804.34,-1,-1,-1,-1
521,35,772.38,213.52,147.84,581.33,-1,-1,-1,-1
522,20,685.13,13.79,371.94,1058.13,-1,-1,-1,-1
522,26,1286.08,129.48,535.48,909.02,-1,-1,-1,-1
522,29,300.97,214.26,330.57,813.36,-1,-1,-1,-1
522,35,751.51,211.02,149.01,585.92,-1,-1,-1,-1
523,20,702.82,25.24,418.66,1045.43,-1,-1,-1,-1
523,26,1329.45,138.64,452.74,861.89,-1,-1,-1,-1
523,29,290.71,207.02,340.44,834.57,-1,-1,-1,-1
523,35,730.65,208.52,150.17,590.51,-1,-1,-1,-1
524,20,744.17,42.52,429.94,1027.37,-1,-1,-1,-1
524,26,1358.71,144.74,385.33,833.62,-1,-1,-1,-1
524,29,280.34,198.66,347.20,852.69,-1,-1,-1,-1
524,35,667.89,222.00,208.65,596.24,-1,-1,-1,-1
525,20,809.94,51.18,399.55,1022.56,-1,-1,-1,-1
525,26,1368.85,142.79,350.55,835.02,-1,-1,-1,-1
525,29,272.49,194.37,353.75,860.91,-1,-1,-1,-1
525,35,645.44,227.84,211.45,592.00,-1,-1,-1,-1
526,20,858.18,55.14,380.64,1010.56,-1,-1,-1,-1
526,26,1367.53,142.04,336.77,835.88,-1,-1,-1,-1
526,29,268.48,187.35,358.86,873.66,-1,-1,-1,-1
526,35,628.09,235.18,187.60,586.66,-1,-1,-1,-1
526,36,1192.34,195.23,199.11,587.89,-1,-1,-1,-1
527,20,922.73,44.64,361.64,1030.20,-1,-1,-1,-1
527,26,1360.58,144.87,331.09,822.00,-1,-1,-1,-1
527,29,272.89,184.54,359.54,883.60,-1,-1,-1,-1
527,35,604.10,230.58,186.60,602.04,-1,-1,-1,-1
527,36,1177.17,189.19,200.67,592.53,-1,-1,-1,-1
528,20,982.83,43.58,345.23,1024.36,-1,-1,-1,-1
528,26,1356.36,143.68,314.16,830.90,-1,-1,-1,-1
528,29,281.45,182.51,356.39,889.57,-1,-1,-1,-1
528,35,585.47,231.64,184.70,592.96,-1,-1,-1,-1
528,36,1162.01,183.14,202.24,597.17,-1,-1,-1,-1
529,20,1005.19,42.32,417.90,1022.98,-1,-1,-1,-1
529,26,1351.84,152.33,310.90,805.31,-1,-1,-1,-1
529,29,297.91,179.73,356.65,894.41,-1,-1,-1,-1
529,35,567.96,223.90,187.08,606.20,-1,-1,-1,-1
529,36,1146.84,177.09,203.81,601.81,-1,-1,-1,-1
530,20,1051.33,41.99,417.65,1022.35,-1,-1,-1,-1
530,26,1371.14,172.45,269.58,723.84,-1,-1,-1,-1
530,29,317.46,184.66,385.94,885.75,-1,-1,-1,-1
530,35,554.38,229.95,180.04,601.12,-1,-1,-1,-1
530,36,1131.68,171.04,205.38,606.44,-1,-1,-1,-1
531,20,1097.46,41.67,417.40,1021.71,-1,-1,-1,-1
531,26,1386.86,170.72,240.12,710.54,-1,-1,-1,-1
531,29,345.09,180.23,380.44,897.37,-1,-1,-1,-1
531,35,533.32,230.98,180.33,602.07,-1,-1,-1,-1
532,20,1143.60,41.34,417.15,1021.07,-1,-1,-1,-1
532,26,1397.00,191.83,219.20,606.82,-1,-1,-1,-1
532,29,375.29,176.38,351.01,897.88,-1,-1,-1,-1
532,35,512.25,232.02,180.61,603.02,-1,-1,-1,-1
533,20,1095.16,84.79,510.21,967.03,-1,-1,-1,-1
533,26,1408.17,213.14,196.80,544.80,-1,-1,-1,-1
533,29,402.48,162.33,348.55,915.86,-1,-1,-1,-1
533,35,491.19,233.06,180.89,603.97,-1,-1,-1,-1
534,20,1160.40,53.75,451.92,1008.31,-1,-1,-1,-1
534,26,1419.35,234.46,174.40,482.79,-1,-1,-1,-1
534,29,425.06,166.47,361.91,901.92,-1,-1,-1,-1
534,35,470.13,234.10,181.18,604.92,-1,-1,-1,-1
535,20,1217.98,41.69,403.87,1028.95,-1,-1,-1,-1
535,26,1430.53,255.78,152.00,420.77,-1,-1,-1,-1
535,29,431.13,159.87,403.39,905.48,-1,-1,-1,-1
536,20,1266.45,45.93,369.39,1021.78,-1,-1,-1,-1
536,26,1441.70,277.09,129.60,358.76,-1,-1,-1,-1
536,29,430.04,177.37,442.14,892.67,-1,-1,-1,-1
536,35,408.59,219.22,202.31,654.44,-1,-1,-1,-1
537,20,1299.59,59.71,355.11,1008.73,-1,-1,-1,-1
537,29,422.23,170.48,483.49,897.09,-1,-1,-1,-1
537,35,383.15,208.25,209.84,677.98,-1,-1,-1,-1
538,20,1317.98,82.48,362.20,968.14,-1,-1,-1,-1
538,29,477.95,171.52,436.10,891.66,-1,-1,-1,-1
538,35,353.86,202.54,225.92,714.50,-1,-1,-1,-1
539,20,1323.81,67.37,400.84,998.86,-1,-1,-1,-1
539,29,528.09,164.66,382.63,903.37,-1,-1,-1,-1
539,35,323.81,207.26,257.29,729.68,-1,-1,-1,-1
540,20,1321.69,89.15,424.79,968.35,-1,-1,-1,-1
540,29,583.59,166.27,320.89,900.21,-1,-1,-1,-1
540,35,308.36,205.37,266.94,760.95,-1,-1,-1,-1
541,20,1366.29,99.55,395.87,964.43,-1,-1,-1,-1
541,29,629.84,185.62,289.41,864.86,-1,-1,-1,-1
541,35,287.66,207.93,283.10,776.01,-1,-1,-1,-1
541,39,873.71,235.80,234.15,534.71,-1,-1,-1,-1
542,20,1396.36,108.44,397.52,939.41,-1,-1,-1,-1
542,29,653.34,192.87,284.56,850.37,-1,-1,-1,-1
542,35,272.00,211.54,291.42,780.13,-1,-1,-1,-1
542,39,877.03,292.12,213.18,472.22,-1,-1,-1,-1
543,20,1424.55,113.30,387.57,922.47,-1,-1,-1,-1
543,29,699.43,154.73,309.67,912.00,-1,-1,-1,-1
543,35,253.71,206.69,304.17,792.07,-1,-1,-1,-1
543,39,875.30,313.90,200.21,443.49,-1,-1,-1,-1
544,20,1441.78,111.21,379.16,915.15,-1,-1,-1,-1
544,29,741.72,135.70,291.46,938.27,-1,-1,-1,-1
544,35,234.98,201.66,315.30,801.76,-1,-1,-1,-1
544,39,873.57,335.69,187.24,414.75,-1,-1,-1,-1
545,20,1440.69,112.97,384.39,913.83,-1,-1,-1,-1
545,29,770.53,150.23,309.95,926.24,-1,-1,-1,-1
545,35,216.02,195.88,328.19,818.23,-1,-1,-1,-1
545,39,871.84,357.48,174.27,386.01,-1,-1,-1,-1
545,41,1203.83,192.97,187.22,635.40,-1,-1,-1,-1
546,20,1442.10,110.37,378.61,922.93,-1,-1,-1,-1
546,29,781.38,163.34,347.54,904.69,-1,-1,-1,-1
546,35,198.54,195.92,338.56,828.13,-1,-1,-1,-1
546,39,870.11,379.27,161.30,357.28,-1,-1,-1,-1
546,41,1184.29,189.69,197.07,638.23,-1,-1,-1,-1
547,20,1442.02,113.13,371.49,901.41,-1,-1,-1,-1
547,29,829.60,197.05,323.41,862.01,-1,-1,-1,-1
547,35,185.58,196.04,345.79,837.94,-1,-1,-1,-1
547,41,1163.77,198.62,213.59,618.99,-1,-1,-1,-1
548,20,1444.11,110.19,358.87,900.05,-1,-1,-1,-1
548,29,865.37,181.08,313.57,881.16,-1,-1,-1,-1
548,35,178.21,199.05,347.08,841.43,-1,-1,-1,-1
548,41,1152.88,193.88,218.65,626.42,-1,-1,-1,-1
549,20,1447.03,114.60,338.89,886.71,-1,-1,-1,-1
549,29,915.08,151.55,300.99,925.30,-1,-1,-1,-1
549,35,175.80,200.05,348.86,853.16,-1,-1,-1,-1
549,41,1142.01,197.31,202.59,616.74,-1,-1,-1,-1
550,20,1442.15,122.75,329.99,853.51,-1,-1,-1,-1
550,29,955.97,138.98,311.00,939.63,-1,-1,-1,-1
550,35,179.10,194.56,344.89,866.88,-1,-1,-1,-1
550,41,1128.63,199.78,200.87,611.51,-1,-1,-1,-1
551,20,1439.20,134.52,331.50,819.45,-1,-1,-1,-1
551,29,997.58,130.48,313.18,945.01,-1,-1,-1,-1
551,35,181.68,190.64,350.93,873.56,-1,-1,-1,-1
551,41,1115.26,202.25,199.15,606.28,-1,-1,-1,-1
551,43,631.50,224.46,262.16,613.86,-1,-1,-1,-1
552,20,1430.04,134.83,323.66,804.04,-1,-1,-1,-1
552,29,1031.63,124.06,313.77,951.22,-1,-1,-1,-1
552,35,188.98,182.00,350.60,879.13,-1,-1,-1,-1
552,41,1101.88,204.73,197.44,601.05,-1,-1,-1,-1
552,43,627.20,216.03,222.17,620.61,-1,-1,-1,-1
553,20,1424.14,135.40,329.06,802.33,-1,-1,-1,-1
553,29,1058.69,131.95,308.65,937.81,-1,-1,-1,-1
553,35,192.70,170.37,357.52,900.58,-1,-1,-1,-1
553,41,1088.51,207.20,195.72,595.82,-1,-1,-1,-1
553,43,616.82,208.08,199.15,632.23,-1,-1,-1,-1
554,20,1417.04,133.94,327.24,802.14,-1,-1,-1,-1
554,29,1072.72,132.20,350.92,936.54,-1,-1,-1,-1
554,35,202.51,163.43,354.92,912.45,-1,-1,-1,-1
554,43,599.95,212.36,182.61,625.04,-1,-1,-1,-1
555,20,1407.13,134.94,325.57,802.51,-1,-1,-1,-1
555,29,1075.84,137.38,388.43,931.58,-1,-1,-1,-1
555,35,206.14,151.87,367.61,930.32,-1,-1,-1,-1
555,43,569.65,218.59,188.50,614.11,-1,-1,-1,-1
556,20,1400.38,143.06,313.39,793.07,-1,-1,-1,-1
556,29,1091.42,140.82,379.62,928.74,-1,-1,-1,-1
556,35,216.66,147.97,381.74,925.64,-1,-1,-1,-1
556,43,535.99,209.41,208.37,625.15,-1,-1,-1,-1
557,20,1398.22,147.55,290.90,784.12,-1,-1,-1,-1
557,29,1115.69,140.77,371.40,934.11,-1,-1,-1,-1
557,35,230.69,151.69,384.19,912.91,-1,-1,-1,-1
557,41,997.60,239.60,217.82,536.23,-1,-1,-1,-1
557,43,516.19,210.87,216.73,628.00,-1,-1,-1,-1
558,20,1410.83,155.31,251.77,739.16,-1,-1,-1,-1
558,29,1145.97,135.00,384.57,943.81,-1,-1,-1,-1
558,35,241.67,151.90,426.31,907.00,-1,-1,-1,-1
558,41,982.94,227.43,214.75,550.11,-1,-1,-1,-1
558,43,518.54,214.26,199.12,617.07,-1,-1,-1,-1
559,20,1410.53,166.88,230.07,703.60,-1,-1,-1,-1
559,29,1180.12,134.97,389.55,940.64,-1,-1,-1,-1
559,35,265.51,150.15,430.17,914.74,-1,-1,-1,-1
559,41,972.55,226.67,194.49,540.01,-1,-1,-1,-1
559,43,501.30,215.66,198.16,614.07,-1,-1,-1,-1
560,20,1417.00,159.18,199.53,694.53,-1,-1,-1,-1
560,29,1206.11,128.28,391.75,944.96,-1,-1,-1,-1
560,35,294.68,145.72,411.59,920.04,-1,-1,-1,-1
560,41,954.93,219.27,183.20,552.01,-1,-1,-1,-1
560,43,484.07,217.06,197.19,611.07,-1,-1,-1,-1
561,20,1413.23,164.15,193.75,674.43,-1,-1,-1,-1
561,29,1217.90,130.43,401.08,939.37,-1,-1,-1,-1
561,35,333.30,139.90,367.04,917.93,-1,-1,-1,-1
561,41,921.12,214.26,190.36,559.85,-1,-1,-1,-1
561,43,466.83,218.46,196.22,608.08,-1,-1,-1,-1
562,20,1409.46,169.13,187.97,654.33,-1,-1,-1,-1
562,29,1220.78,127.80,423.59,946.67,-1,-1,-1,-1
562,35,367.90,114.94,340.32,954.37,-1,-1,-1,-1
562,41,887.75,206.22,206.07,574.06,-1,-1,-1,-1
562,43,449.60,219.86,195.25,605.08,-1,-1,-1,-1
563,20,1405.69,174.11,182.18,634.23,-1,-1,-1,-1
563,29,1227.25,133.34,433.57,932.91,-1,-1,-1,-1
563,35,383.71,118.27,357.07,947.93,-1,-1,-1,-1
563,41,847.91,210.42,238.49,570.35,-1,-1,-1,-1
564,20,1401.92,179.08,176.40,614.13,-1,-1,-1,-1
564,29,1242.69,134.44,432.82,933.76,-1,-1,-1,-1
564,35,369.18,128.89,426.77,935.17,-1,-1,-1,-1
564,41,815.71,208.40,266.37,572.07,-1,-1,-1,-1
565,29,1263.85,140.71,413.61,927.73,-1,-1,-1,-1
565,35,376.92,123.72,466.89,943.53,-1,-1,-1,-1
565,41,795.35,213.30,269.84,567.51,-1,-1,-1,-1
566,29,1284.29,146.92,391.02,907.68,-1,-1,-1,-1
566,35,459.85,112.97,411.70,962.96,-1,-1,-1,-1
566,41,791.17,222.53,239.10,553.91,-1,-1,-1,-1
567,29,1296.15,145.81,379.54,896.21,-1,-1,-1,-1
567,35,514.41,131.39,393.70,938.23,-1,-1,-1,-1
567,41,797.13,226.68,179.30,543.45,-1,-1,-1,-1
568,29,1288.40,148.50,387.57,879.67,-1,-1,-1,-1
568,35,561.44,116.15,405.51,954.41,-1,-1,-1,-1
568,41,777.55,230.56,176.72,535.63,-1,-1,-1,-1
569,29,1280.86,145.78,389.19,892.25,-1,-1,-1,-1
569,35,630.08,104.86,371.62,972.28,-1,-1,-1,-1
569,41,757.98,234.44,174.14,527.81,-1,-1,-1,-1
569,45,247.22,200.91,300.85,785.80,-1,-1,-1,-1
570,29,1311.84,152.67,347.39,870.42,-1,-1,-1,-1
570,35,687.51,89.91,348.30,976.95,-1,-1,-1,-1
570,41,738.40,238.33,171.56,519.99,-1,-1,-1,-1
570,45,236.08,195.65,304.82,800.87,-1,-1,-1,-1
571,29,1329.51,157.11,328.43,854.52,-1,-1,-1,-1
571,35,712.40,158.16,349.93,893.53,-1,-1,-1,-1
571,41,718.83,242.21,168.99,512.18,-1,-1,-1,-1
571,45,225.92,193.90,310.55,803.01,-1,-1,-1,-1
572,29,1339.47,158.58,323.09,851.00,-1,-1,-1,-1
572,35,689.78,112.75,414.84,949.62,-1,-1,-1,-1
572,41,667.64,259.79,224.99,534.99,-1,-1,-1,-1
572,45,217.80,189.74,311.72,808.70,-1,-1,-1,-1
572,47,1157.05,176.64,237.59,620.42,-1,-1,-1,-1
573,29,1345.14,169.48,320.42,832.09,-1,-1,-1,-1
573,35,718.54,108.01,417.71,956.17,-1,-1,-1,-1
573,41,637.32,240.73,244.99,571.10,-1,-1,-1,-1
573,45,208.45,186.42,317.37,809.28,-1,-1,-1,-1
573,47,1140.02,195.72,252.50,602.92,-1,-1,-1,-1
574,29,1351.58,178.81,310.65,816.87,-1,-1,-1,-1
574,35,807.15,109.95,396.92,952.36,-1,-1,-1,-1
574,41,620.75,240.06,256.75,579.71,-1,-1,-1,-1
574,45,199.96,186.29,322.63,823.52,-1,-1,-1,-1
574,47,1128.09,186.99,242.03,608.61,-1,-1,-1,-1
575,29,1354.26,180.60,304.16,802.32,-1,-1,-1,-1
575,35,873.60,105.57,386.47,960.67,-1,-1,-1,-1
575,41,626.51,227.98,228.93,598.08,-1,-1,-1,-1
575,45,189.89,181.49,332.16,845.62,-1,-1,-1,-1
575,47,1137.91,186.49,187.82,594.35,-1,-1,-1,-1
576,29,1356.19,178.90,298.29,792.71,-1,-1,-1,-1
576,35,920.83,100.63,387.82,970.25,-1,-1,-1,-1
576,41,628.68,218.84,191.57,608.34,-1,-1,-1,-1
576,45,181.98,175.80,342.13,864.20,-1,-1,-1,-1
576,47,1124.46,188.23,185.55,587.14,-1,-1,-1,-1
577,29,1354.16,177.32,294.73,790.38,-1,-1,-1,-1
577,35,965.25,110.91,387.00,958.95,-1,-1,-1,-1
577,41,615.65,211.90,176.59,614.60,-1,-1,-1,-1
577,45,174.94,174.29,347.46,870.29,-1,-1,-1,-1
577,47,1111.00,189.97,183.27,579.94,-1,-1,-1,-1
578,29,1358.74,171.37,279.80,784.52,-1,-1,-1,-1
578,35,997.18,108.86,402.36,959.03,-1,-1,-1,-1
578,41,596.46,208.41,176.51,621.36,-1,-1,-1,-1
578,45,164.54,168.90,357.95,882.68,-1,-1,-1,-1
578,47,1097.54,191.70,181.00,572.73,-1,-1,-1,-1
579,29,1373.08,171.66,250.56,782.05,-1,-1,-1,-1
579,35,1034.39,107.62,417.11,953.10,-1,-1,-1,-1
579,41,567.67,212.15,188.79,612.60,-1,-1,-1,-1
579,45,153.05,168.25,371.22,884.05,-1,-1,-1,-1
579,47,1084.08,193.44,178.72,565.53,-1,-1,-1,-1
580,29,1388.87,199.48,220.11,725.51,-1,-1,-1,-1
580,35,1076.93,108.00,415.93,950.37,-1,-1,-1,-1
580,41,524.86,210.71,226.12,625.50,-1,-1,-1,-1
580,45,144.70,152.06,382.19,911.33,-1,-1,-1,-1
581,29,1395.37,199.81,200.57,719.85,-1,-1,-1,-1
581,35,1071.00,94.63,511.88,960.44,-1,-1,-1,-1
581,41,497.07,211.38,242.14,639.59,-1,-1,-1,-1
581,45,137.46,145.07,389.75,931.37,-1,-1,-1,-1
581,47,993.99,202.14,241.35,570.31,-1,-1,-1,-1
582,29,1399.09,206.12,195.61,702.08,-1,-1,-1,-1
582,35,1119.99,129.12,494.21,922.24,-1,-1,-1,-1
582,41,486.11,210.59,246.68,649.36,-1,-1,-1,-1
582,45,131.36,130.44,400.11,948.04,-1,-1,-1,-1
582,47,974.54,212.25,246.02,562.85,-1,-1,-1,-1
583,29,1402.81,212.42,190.65,684.30,-1,-1,-1,-1
583,35,1164.23,122.48,477.55,940.46,-1,-1,-1,-1
583,41,484.52,214.67,229.13,641.55,-1,-1,-1,-1
583,45,130.70,132.74,409.03,939.09,-1,-1,-1,-1
583,47,967.44,202.60,220.31,570.99,-1,-1,-1,-1
584,29,1406.54,218.73,185.69,666.53,-1,-1,-1,-1
584,35,1197.11,112.38,464.79,957.61,-1,-1,-1,-1
584,41,480.13,212.78,208.10,635.58,-1,-1,-1,-1
584,45,130.00,127.81,419.94,942.48,-1,-1,-1,-1
584,47,966.10,187.44,190.92,594.27,-1,-1,-1,-1
585,29,1410.26,225.04,180.74,648.76,-1,-1,-1,-1
585,35,1231.32,97.90,445.82,981.29,-1,-1,-1,-1
585,41,472.76,209.32,188.43,641.92,-1,-1,-1,-1
585,45,141.50,129.04,420.64,938.05,-1,-1,-1,-1
585,47,946.48,195.03,174.72,586.81,-1,-1,-1,-1
586,35,1266.73,103.20,421.24,973.27,-1,-1,-1,-1
586,41,462.22,212.94,187.60,613.33,-1,-1,-1,-1
586,45,168.71,133.42,412.00,931.67,-1,-1,-1,-1
586,47,916.80,192.05,181.23,590.80,-1,-1,-1,-1
587,35,1283.48,115.09,421.37,936.07,-1,-1,-1,-1
587,41,447.89,217.53,184.28,602.48,-1,-1,-1,-1
587,45,191.45,140.72,415.48,923.94,-1,-1,-1,-1
587,47,885.08,192.55,201.00,587.35,-1,-1,-1,-1
588,35,1270.09,123.01,447.16,937.43,-1,-1,-1,-1
588,41,433.57,222.11,180.96,591.63,-1,-1,-1,-1
588,45,222.25,124.39,422.69,944.68,-1,-1,-1,-1
588,47,842.22,194.16,242.15,585.73,-1,-1,-1,-1
589,35,1285.24,119.68,441.97,936.70,-1,-1,-1,-1
589,41,419.25,226.69,177.64,580.79,-1,-1,-1,-1
589,45,251.75,104.80,417.38,974.16,-1,-1,-1,-1
589,47,812.83,196.92,270.75,583.35,-1,-1,-1,-1
590,35,1337.12,118.06,405.13,946.29,-1,-1,-1,-1
590,41,404.92,231.27,174.32,569.94,-1,-1,-1,-1
590,45,278.14,103.29,400.79,972.16,-1,-1,-1,-1
590,47,799.47,212.67,269.05,557.74,-1,-1,-1,-1
591,35,1360.81,121.09,403.93,946.62,-1,-1,-1,-1
591,45,293.15,115.24,398.81,926.78,-1,-1,-1,-1
591,47,793.03,204.52,248.42,575.70,-1,-1,-1,-1
592,35,1387.03,126.99,394.27,941.55,-1,-1,-1,-1
592,45,326.13,110.61,409.79,930.91,-1,-1,-1,-1
592,47,793.37,205.87,215.68,574.26,-1,-1,-1,-1
593,35,1403.52,134.80,398.26,932.76,-1,-1,-1,-1
593,45,356.20,102.12,418.50,939.17,-1,-1,-1,-1
593,47,779.87,204.08,181.81,577.19,-1,-1,-1,-1
593,51,1171.00,204.67,241.55,646.47,-1,-1,-1,-1
594,35,1420.76,142.37,395.61,904.92,-1,-1,-1,-1
594,45,408.54,125.39,414.55,910.34,-1,-1,-1,-1
594,47,750.96,200.85,175.63,581.22,-1,-1,-1,-1
594,51,1174.79,195.36,217.63,652.87,-1,-1,-1,-1
595,35,1435.60,146.31,390.26,905.98,-1,-1,-1,-1
595,45,464.67,120.19,403.32,935.15,-1,-1,-1,-1
595,47,739.64,199.41,162.91,577.83,-1,-1,-1,-1
595,51,1176.58,200.17,190.25,626.41,-1,-1,-1,-1
596,35,1446.87,146.64,378.08,902.99,-1,-1,-1,-1
596,45,517.14,124.83,384.72,924.82,-1,-1,-1,-1
596,47,718.36,199.12,162.90,577.81,-1,-1,-1,-1
596,51,1168.67,208.18,172.94,605.75,-1,-1,-1,-1
597,35,1451.59,145.73,371.58,890.27,-1,-1,-1,-1
597,45,568.29,107.04,359.10,951.86,-1,-1,-1,-1
597,47,697.07,198.83,162.90,577.79,-1,-1,-1,-1
597,51,1152.35,207.13,173.58,616.58,-1,-1,-1,-1
597,52,299.54,168.15,293.86,835.95,-1,-1,-1,-1
598,35,1456.25,147.74,352.82,866.91,-1,-1,-1,-1
598,45,613.02,120.83,343.26,934.41,-1,-1,-1,-1
598,47,675.79,198.55,162.89,577.77,-1,-1,-1,-1
598,51,1125.23,211.90,192.00,608.75,-1,-1,-1,-1
598,52,292.15,167.58,299.40,850.00,-1,-1,-1,-1
599,35,1456.94,146.69,335.36,852.80,-1,-1,-1,-1
599,45,625.50,137.68,372.06,916.87,-1,-1,-1,-1
599,47,654.50,198.26,162.88,577.75,-1,-1,-1,-1
599,51,1079.53,225.14,234.45,584.26,-1,-1,-1,-1
599,52,279.89,175.57,306.78,850.16,-1,-1,-1,-1
600,35,1455.59,151.43,319.09,839.55,-1,-1,-1,-1
600,45,708.35,115.14,333.58,948.40,-1,-1,-1,-1
600,47,616.89,183.36,185.00,631.92,-1,-1,-1,-1
600,51,1055.02,232.72,253.98,572.20,-1,-1,-1,-1
600,52,265.32,173.68,315.05,859.58,-1,-1,-1,-1
601,35,1453.51,153.39,308.04,832.38,-1,-1,-1,-1
601,45,763.90,105.18,320.38,961.65,-1,-1,-1,-1
601,47,608.18,185.45,174.77,633.34,-1,-1,-1,-1
601,51,1047.89,239.05,253.32,564.50,-1,-1,-1,-1
601,52,252.98,167.58,323.80,872.24,-1,-1,-1,-1
602,35,1452.40,160.78,295.33,808.52,-1,-1,-1,-1
602,45,821.97,233.47,298.80,820.37,-1,-1,-1,-1
602,47,588.77,187.08,178.11,633.29,-1,-1,-1,-1
602,51,1053.92,226.68,237.96,575.88,-1,-1,-1,-1
602,52,238.79,156.29,337.64,894.29,-1,-1,-1,-1
603,35,1452.06,171.98,280.87,768.33,-1,-1,-1,-1
603,45,857.12,176.15,347.47,891.01,-1,-1,-1,-1
603,47,559.62,191.26,192.87,632.08,-1,-1,-1,-1
603,51,1042.71,225.32,237.48,574.69,-1,-1,-1,-1
603,52,221.87,150.99,357.38,910.50,-1,-1,-1,-1
604,35,1451.24,180.79,266.27,745.41,-1,-1,-1,-1
604,45,892.64,239.01,371.66,823.55,-1,-1,-1,-1
604,47,533.52,184.04,210.47,640.55,-1,-1,-1,-1
604,51,1031.50,223.96,236.99,573.50,-1,-1,-1,-1
604,52,191.18,149.32,394.13,913.34,-1,-1,-1,-1
605,35,1446.67,182.89,254.59,736.75,-1,-1,-1,-1
605,45,929.70,168.65,384.65,906.81,-1,-1,-1,-1
605,47,522.59,179.48,212.58,650.17,-1,-1,-1,-1
605,51,1020.29,222.59,236.50,572.32,-1,-1,-1,-1
605,52,172.66,148.98,415.80,911.80,-1,-1,-1,-1
606,35,1441.47,171.90,246.87,746.09,-1,-1,-1,-1
606,45,981.19,188.38,378.45,882.35,-1,-1,-1,-1
606,47,514.28,185.78,217.83,645.57,-1,-1,-1,-1
606,51,1009.09,221.23,236.01,571.13,-1,-1,-1,-1
606,52,175.48,147.64,415.97,918.12,-1,-1,-1,-1
607,35,1434.12,173.32,234.91,727.22,-1,-1,-1,-1
607,45,990.38,148.60,408.33,926.18,-1,-1,-1,-1
607,47,503.84,188.61,220.63,635.37,-1,-1,-1,-1
607,52,188.93,147.51,425.48,922.25,-1,-1,-1,-1
608,35,1424.04,177.29,227.43,713.64,-1,-1,-1,-1
608,45,994.23,118.11,430.68,948.42,-1,-1,-1,-1
608,47,501.19,201.21,181.51,597.46,-1,-1,-1,-1
608,52,223.07,145.72,406.73,926.53,-1,-1,-1,-1
609,35,1411.08,179.75,221.79,705.69,-1,-1,-1,-1
609,45,1057.67,83.48,390.51,997.12,-1,-1,-1,-1
609,47,487.17,209.88,176.12,579.71,-1,-1,-1,-1
609,52,257.73,137.41,379.98,934.79,-1,-1,-1,-1
610,35,1397.09,175.99,216.05,714.90,-1,-1,-1,-1
610,45,1104.96,98.60,373.93,972.39,-1,-1,-1,-1
610,47,473.14,218.54,170.72,561.95,-1,-1,-1,-1
610,52,287.07,127.64,364.78,952.82,-1,-1,-1,-1
611,35,1384.57,170.39,211.37,730.03,-1,-1,-1,-1
611,45,1140.79,108.32,367.79,956.15,-1,-1,-1,-1
611,47,459.12,227.21,165.33,544.19,-1,-1,-1,-1
611,52,313.97,118.99,355.82,964.13,-1,-1,-1,-1
612,35,1370.72,178.13,212.49,714.36,-1,-1,-1,-1
612,45,1163.51,106.08,399.06,962.07,-1,-1,-1,-1
612,47,445.10,235.87,159.93,526.44,-1,-1,-1,-1
612,52,331.22,120.13,359.66,959.58,-1,-1,-1,-1
612,54,872.71,233.59,249.00,581.79,-1,-1,-1,-1
613,35,1360.70,177.93,211.43,710.81,-1,-1,-1,-1
613,45,1188.98,96.65,406.82,978.66,-1,-1,-1,-1
613,52,339.67,121.83,382.20,941.10,-1,-1,-1,-1
613,54,862.67,227.57,211.87,585.84,-1,-1,-1,-1
614,35,1350.68,177.72,210.36,707.26,-1,-1,-1,-1
614,45,1226.40,91.07,376.80,987.64,-1,-1,-1,-1
614,52,344.86,121.57,405.39,939.88,-1,-1,-1,-1
614,54,845.69,226.67,192.09,588.64,-1,-1,-1,-1
615,35,1340.66,177.52,209.30,703.72,-1,-1,-1,-1
615,45,1262.19,81.28,343.69,999.80,-1,-1,-1,-1
615,52,357.13,120.95,414.32,945.30,-1,-1,-1,-1
615,54,824.40,233.76,185.79,586.23,-1,-1,-1,-1
616,35,1330.64,177.32,208.24,700.17,-1,-1,-1,-1
616,45,1289.10,81.36,337.90,998.22,-1,-1,-1,-1
616,52,430.43,122.40,355.50,936.46,-1,-1,-1,-1
616,54,800.74,220.08,187.62,608.80,-1,-1,-1,-1
617,45,1296.02,93.51,358.15,974.20,-1,-1,-1,-1
617,52,494.93,112.79,326.53,951.54,-1,-1,-1,-1
617,54,783.91,226.93,195.37,592.53,-1,-1,-1,-1
618,45,1296.73,99.83,393.70,959.28,-1,-1,-1,-1
618,52,541.55,116.11,337.85,944.65,-1,-1,-1,-1
618,54,782.53,236.21,183.49,572.72,-1,-1,-1,-1
618,56,277.40,160.46,288.72,795.13,-1,-1,-1,-1
619,45,1337.44,104.67,365.05,958.70,-1,-1,-1,-1
619,52,592.50,102.56,331.42,954.55,-1,-1,-1,-1
619,54,768.73,240.46,180.66,563.90,-1,-1,-1,-1
619,56,266.31,154.43,287.81,803.32,-1,-1,-1,-1
620,45,1356.85,104.31,377.53,962.17,-1,-1,-1,-1
620,52,645.61,93.99,323.38,963.19,-1,-1,-1,-1
620,54,754.93,244.71,177.83,555.07,-1,-1,-1,-1
620,56,250.43,145.72,299.36,832.23,-1,-1,-1,-1
621,45,1371.11,115.63,401.00,949.36,-1,-1,-1,-1
621,52,687.00,84.69,328.68,972.58,-1,-1,-1,-1
621,54,741.13,248.95,174.99,546.25,-1,-1,-1,-1
621,56,228.62,137.60,317.16,867.34,-1,-1,-1,-1
622,45,1380.49,126.06,415.02,933.02,-1,-1,-1,-1
622,52,706.76,153.63,363.55,896.86,-1,-1,-1,-1
622,54,727.33,253.20,172.16,537.42,-1,-1,-1,-1
622,56,210.69,135.93,331.82,886.10,-1,-1,-1,-1
622,57,1118.32,212.78,286.11,593.56,-1,-1,-1,-1
623,45,1391.35,124.84,403.77,937.38,-1,-1,-1,-1
623,52,708.59,132.20,413.87,930.07,-1,-1,-1,-1
623,54,677.29,243.41,183.12,587.38,-1,-1,-1,-1
623,56,193.97,139.18,345.77,895.49,-1,-1,-1,-1
623,57,1112.69,222.65,269.12,580.69,-1,-1,-1,-1
624,45,1401.87,132.08,391.53,926.81,-1,-1,-1,-1
624,52,783.01,123.54,378.19,941.20,-1,-1,-1,-1
624,54,643.04,229.36,201.23,616.37,-1,-1,-1,-1
624,56,178.07,141.40,355.50,902.66,-1,-1,-1,-1
624,57,1109.76,239.16,231.74,549.32,-1,-1,-1,-1
625,45,1415.53,141.23,372.99,884.48,-1,-1,-1,-1
625,52,855.30,141.33,361.48,901.64,-1,-1,-1,-1
625,54,591.26,230.75,244.35,624.87,-1,-1,-1,-1
625,56,162.21,134.16,370.38,916.11,-1,-1,-1,-1
625,57,1106.01,225.30,182.38,561.63,-1,-1,-1,-1
626,45,1423.98,143.63,358.31,844.06,-1,-1,-1,-1
626,52,904.01,103.82,337.39,959.97,-1,-1,-1,-1
626,54,566.86,228.72,257.87,636.37,-1,-1,-1,-1
626,56,155.13,120.60,375.69,937.41,-1,-1,-1,-1
626,57,1086.88,215.84,166.01,563.75,-1,-1,-1,-1
627,45,1432.24,137.35,340.25,852.88,-1,-1,-1,-1
627,52,956.27,110.42,310.44,951.60,-1,-1,-1,-1
627,54,549.99,232.77,273.18,639.63,-1,-1,-1,-1
627,56,150.21,114.02,387.57,950.47,-1,-1,-1,-1
627,57,1067.18,215.59,165.45,561.86,-1,-1,-1,-1
628,45,1443.14,135.72,322.30,851.54,-1,-1,-1,-1
628,52,983.65,101.18,332.20,956.27,-1,-1,-1,-1
628,54,535.55,240.86,277.23,635.84,-1,-1,-1,-1
628,56,153.66,93.16,382.66,986.61,-1,-1,-1,-1
628,57,1047.48,215.33,164.89,559.97,-1,-1,-1,-1
629,45,1445.36,143.07,310.61,830.34,-1,-1,-1,-1
629,52,1006.65,91.40,351.16,976.25,-1,-1,-1,-1
629,54,518.20,239.17,279.78,643.67,-1,-1,-1,-1
629,56,153.36,78.62,384.77,1007.95,-1,-1,-1,-1
629,57,1027.78,215.08,164.34,558.08,-1,-1,-1,-1
630,45,1441.18,152.30,303.53,815.82,-1,-1,-1,-1
630,52,1005.73,89.78,391.76,978.49,-1,-1,-1,-1
630,54,500.25,232.41,275.70,652.97,-1,-1,-1,-1
630,56,153.12,79.02,389.82,998.69,-1,-1,-1,-1
630,57,1008.08,214.83,163.78,556.19,-1,-1,-1,-1
631,45,1424.24,159.79,307.37,813.91,-1,-1,-1,-1
631,52,1057.12,99.54,364.94,969.72,-1,-1,-1,-1
631,54,498.94,227.53,245.86,668.05,-1,-1,-1,-1
631,56,173.21,81.42,386.59,998.34,-1,-1,-1,-1
631,57,948.88,231.85,191.01,544.39,-1,-1,-1,-1
632,45,1421.48,170.24,300.55,790.37,-1,-1,-1,-1
632,52,1097.46,102.90,348.25,969.38,-1,-1,-1,-1
632,54,483.82,219.15,246.76,684.41,-1,-1,-1,-1
632,56,194.03,75.30,366.39,1001.94,-1,-1,-1,-1
632,57,932.38,234.10,183.12,535.92,-1,-1,-1,-1
633,45,1425.20,173.39,286.18,735.06,-1,-1,-1,-1
633,52,1134.63,115.27,349.69,947.02,-1,-1,-1,-1
633,54,490.58,215.27,232.31,694.39,-1,-1,-1,-1
633,56,213.85,70.10,396.52,1006.84,-1,-1,-1,-1
633,57,909.99,235.14,177.16,533.02,-1,-1,-1,-1
634,45,1432.78,173.44,267.32,694.50,-1,-1,-1,-1
634,52,1174.95,118.61,347.00,949.61,-1,-1,-1,-1
634,54,499.72,216.58,217.76,700.11,-1,-1,-1,-1
634,56,238.64,69.15,408.11,992.15,-1,-1,-1,-1
634,57,880.97,237.79,170.68,532.04,-1,-1,-1,-1
635,45,1451.76,176.45,239.49,651.03,-1,-1,-1,-1
635,52,1211.01,118.74,357.43,946.70,-1,-1,-1,-1
635,54,513.89,224.29,191.33,679.60,-1,-1,-1,-1
635,56,261.88,64.45,415.22,989.61,-1,-1,-1,-1
635,57,842.36,231.84,191.22,544.23,-1,-1,-1,-1
636,45,1468.05,174.28,215.29,636.40,-1,-1,-1,-1
636,52,1229.59,120.13,415.55,922.42,-1,-1,-1,-1
636,54,503.53,227.41,190.44,676.45,-1,-1,-1,-1
636,56,278.75,68.32,415.69,978.85,-1,-1,-1,-1
636,57,799.27,233.82,228.89,542.91,-1,-1,-1,-1
637,45,1474.34,179.24,205.70,608.08,-1,-1,-1,-1
637,52,1213.65,128.98,468.39,895.32,-1,-1,-1,-1
637,54,493.16,230.53,189.55,673.31,-1,-1,-1,-1
637,56,313.18,53.19,390.92,1012.91,-1,-1,-1,-1
637,57,764.32,236.52,256.55,545.25,-1,-1,-1,-1
638,45,1480.64,184.20,196.12,579.75,-1,-1,-1,-1
638,52,1206.15,118.56,486.14,914.29,-1,-1,-1,-1
638,54,482.80,233.66,188.65,670.16,-1,-1,-1,-1
638,56,349.81,48.64,362.03,1024.10,-1,-1,-1,-1
638,57,745.37,245.35,259.81,542.91,-1,-1,-1,-1
639,45,1486.93,189.15,186.54,551.42,-1,-1,-1,-1
639,52,1233.00,120.96,471.88,910.60,-1,-1,-1,-1
639,54,472.43,236.78,187.76,667.01,-1,-1,-1,-1
639,56,375.27,24.93,357.70,1056.54,-1,-1,-1,-1
639,57,730.97,236.80,248.22,557.14,-1,-1,-1,-1
640,45,1493.22,194.11,176.95,523.10,-1,-1,-1,-1
640,52,1266.32,121.76,433.57,883.04,-1,-1,-1,-1
640,56,390.49,27.78,371.14,1046.06,-1,-1,-1,-1
640,57,722.87,238.29,220.97,555.15,-1,-1,-1,-1
641,52,1298.49,116.45,400.67,904.52,-1,-1,-1,-1
641,56,390.41,26.70,388.93,1042.45,-1,-1,-1,-1
641,57,724.82,237.27,173.67,562.81,-1,-1,-1,-1
642,52,1323.79,112.64,384.20,919.91,-1,-1,-1,-1
642,56,393.84,35.43,417.84,1033.43,-1,-1,-1,-1
642,57,722.85,231.57,147.64,574.64,-1,-1,-1,-1
643,52,1337.37,98.95,370.98,944.31,-1,-1,-1,-1
643,56,386.97,34.31,459.26,1029.66,-1,-1,-1,-1
643,57,700.41,229.04,149.62,582.35,-1,-1,-1,-1
644,52,1336.57,102.56,369.70,935.72,-1,-1,-1,-1
644,56,438.00,33.32,457.62,1021.53,-1,-1,-1,-1
644,57,677.96,226.52,151.59,590.06,-1,-1,-1,-1
645,52,1332.19,107.87,371.78,919.15,-1,-1,-1,-1
645,56,460.05,33.74,455.37,1016.46,-1,-1,-1,-1
645,57,655.52,223.99,153.57,597.78,-1,-1,-1,-1
646,52,1344.20,108.55,360.77,914.76,-1,-1,-1,-1
646,56,482.11,34.15,453.11,1011.39,-1,-1,-1,-1
646,57,633.07,221.46,155.55,605.49,-1,-1,-1,-1
647,52,1371.11,125.65,332.67,878.15,-1,-1,-1,-1
647,56,504.16,34.57,450.86,1006.31,-1,-1,-1,-1
647,57,612.77,242.73,145.54,533.60,-1,-1,-1,-1
647,61,322.42,183.75,342.13,872.96,-1,-1,-1,-1
648,52,1387.55,133.80,321.66,852.77,-1,-1,-1,-1
648,56,526.21,34.99,448.60,1001.24,-1,-1,-1,-1
648,57,583.64,237.76,159.86,534.41,-1,-1,-1,-1
648,61,309.20,180.96,359.76,875.91,-1,-1,-1,-1
649,52,1396.37,136.15,324.09,843.63,-1,-1,-1,-1
649,57,569.54,231.93,159.74,547.82,-1,-1,-1,-1
649,61,302.73,177.71,377.29,880.18,-1,-1,-1,-1
649,62,755.99,25.50,407.14,1019.71,-1,-1,-1,-1
649,63,1182.84,211.85,255.37,588.73,-1,-1,-1,-1
650,52,1402.19,136.85,323.01,821.13,-1,-1,-1,-1
650,57,556.37,230.92,160.22,535.62,-1,-1,-1,-1
650,61,308.68,176.11,373.33,892.19,-1,-1,-1,-1
650,62,815.65,9.23,378.09,1057.95,-1,-1,-1,-1
650,63,1167.13,222.23,255.31,574.48,-1,-1,-1,-1
651,52,1405.93,137.70,321.58,804.94,-1,-1,-1,-1
651,57,537.30,231.07,159.13,531.98,-1,-1,-1,-1
651,61,322.64,178.72,380.84,891.51,-1,-1,-1,-1
651,62,856.17,2.59,369.50,1067.56,-1,-1,-1,-1
651,63,1163.64,214.84,210.28,570.79,-1,-1,-1,-1
652,52,1404.48,138.83,317.88,792.36,-1,-1,-1,-1
652,57,518.22,231.22,158.05,528.35,-1,-1,-1,-1
652,61,347.49,182.82,363.21,893.33,-1,-1,-1,-1
652,62,892.96,10.94,359.61,1065.40,-1,-1,-1,-1
652,63,1158.23,194.41,166.38,598.21,-1,-1,-1,-1
653,52,1395.35,142.13,317.46,784.73,-1,-1,-1,-1
653,57,499.15,231.37,156.96,524.71,-1,-1,-1,-1
653,61,366.36,185.97,343.82,885.03,-1,-1,-1,-1
653,62,920.49,7.66,366.39,1064.26,-1,-1,-1,-1
653,63,1137.64,187.44,168.84,607.07,-1,-1,-1,-1
654,52,1395.64,147.87,304.88,770.06,-1,-1,-1,-1
654,57,480.08,231.52,155.87,521.07,-1,-1,-1,-1
654,61,367.39,178.36,346.52,891.37,-1,-1,-1,-1
654,62,947.32,23.53,368.74,1043.56,-1,-1,-1,-1
654,63,1117.05,180.46,171.30,615.93,-1,-1,-1,-1
655,52,1395.57,151.21,286.41,762.69,-1,-1,-1,-1
655,61,349.76,172.67,377.83,899.59,-1,-1,-1,-1
655,62,982.15,35.84,382.64,1034.02,-1,-1,-1,-1
655,63,1096.46,173.48,173.76,624.79,-1,-1,-1,-1
656,52,1391.38,156.64,273.91,745.72,-1,-1,-1,-1
656,61,340.68,164.02,413.59,910.36,-1,-1,-1,-1
656,62,1011.49,40.88,400.34,1034.38,-1,-1,-1,-1
656,63,1075.87,166.50,176.23,633.64,-1,-1,-1,-1
657,52,1380.95,156.78,267.66,744.50,-1,-1,-1,-1
657,61,360.33,168.98,419.51,901.83,-1,-1,-1,-1
657,62,1017.56,48.37,420.25,1029.47,-1,-1,-1,-1
658,52,1383.92,164.10,252.36,724.80,-1,-1,-1,-1
658,61,354.84,178.06,474.17,885.35,-1,-1,-1,-1
658,62,1031.92,38.15,425.11,1043.14,-1,-1,-1,-1
659,52,1389.45,166.52,227.80,693.81,-1,-1,-1,-1
659,61,379.80,189.37,492.72,862.89,-1,-1,-1,-1
659,62,1061.99,61.52,453.98,1010.25,-1,-1,-1,-1
660,52,1394.54,169.04,205.68,671.09,-1,-1,-1,-1
660,61,445.03,179.50,455.61,875.19,-1,-1,-1,-1
660,62,1097.53,62.61,442.70,1004.22,-1,-1,-1,-1
661,52,1395.50,157.52,198.47,682.40,-1,-1,-1,-1
661,61,488.90,172.54,442.19,887.45,-1,-1,-1,-1
661,62,1141.16,65.58,424.17,996.05,-1,-1,-1,-1
661,63,966.05,216.41,172.05,560.88,-1,-1,-1,-1
662,52,1392.90,156.18,196.32,675.05,-1,-1,-1,-1
662,61,528.27,158.62,410.74,915.03,-1,-1,-1,-1
662,62,1167.29,55.54,424.16,1005.52,-1,-1,-1,-1
662,63,941.66,217.58,166.73,558.47,-1,-1,-1,-1
663,52,1390.29,154.84,194.18,667.69,-1,-1,-1,-1
663,61,562.45,165.11,370.71,910.40,-1,-1,-1,-1
663,62,1182.56,50.86,434.11,1021.86,-1,-1,-1,-1
663,63,914.99,222.06,176.58,552.23,-1,-1,-1,-1
663,65,312.09,196.08,271.49,767.97,-1,-1,-1,-1
664,52,1387.69,153.50,192.03,660.33,-1,-1,-1,-1
664,61,595.48,143.19,329.25,930.06,-1,-1,-1,-1
664,62,1195.93,64.07,448.36,976.45,-1,-1,-1,-1
664,63,888.13,233.25,192.30,533.77,-1,-1,-1,-1
664,65,300.02,191.72,273.65,788.16,-1,-1,-1,-1
665,52,1385.08,152.16,189.89,652.97,-1,-1,-1,-1
665,61,625.37,170.00,305.44,892.20,-1,-1,-1,-1
665,62,1214.97,74.53,446.62,972.72,-1,-1,-1,-1
665,63,866.89,224.72,212.80,549.78,-1,-1,-1,-1
665,65,286.20,196.76,287.01,812.15,-1,-1,-1,-1
666,61,654.54,204.20,315.18,843.92,-1,-1,-1,-1
666,62,1238.47,79.49,437.70,982.34,-1,-1,-1,-1
666,63,859.25,226.30,211.75,553.76,-1,-1,-1,-1
666,65,272.59,199.05,300.07,820.94,-1,-1,-1,-1
667,61,677.39,159.70,359.33,910.67,-1,-1,-1,-1
667,62,1269.04,108.50,416.09,955.85,-1,-1,-1,-1
667,63,841.36,226.10,212.50,555.71,-1,-1,-1,-1
667,65,256.87,196.67,315.65,829.47,-1,-1,-1,-1
668,61,713.85,142.94,335.02,927.45,-1,-1,-1,-1
668,62,1286.32,106.98,411.84,964.66,-1,-1,-1,-1
668,63,823.47,225.90,213.25,557.66,-1,-1,-1,-1
668,65,240.15,186.25,340.33,857.95,-1,-1,-1,-1
669,61,750.07,131.78,308.98,941.52,-1,-1,-1,-1
669,62,1292.04,102.04,430.71,967.83,-1,-1,-1,-1
669,63,805.58,225.70,214.00,559.61,-1,-1,-1,-1
669,65,230.41,179.85,363.34,865.72,-1,-1,-1,-1
670,61,767.99,162.72,324.84,904.03,-1,-1,-1,-1
670,62,1294.26,95.17,439.87,971.72,-1,-1,-1,-1
670,63,787.69,225.50,214.75,561.55,-1,-1,-1,-1
670,65,226.92,177.94,374.20,871.76,-1,-1,-1,-1
671,61,770.99,152.04,360.93,916.91,-1,-1,-1,-1
671,62,1303.89,105.26,437.55,957.54,-1,-1,-1,-1
671,65,234.46,172.39,361.57,886.36,-1,-1,-1,-1
672,61,828.82,143.35,325.40,920.58,-1,-1,-1,-1
672,62,1334.50,128.99,412.56,921.11,-1,-1,-1,-1
672,65,245.48,168.42,340.04,895.27,-1,-1,-1,-1
673,61,854.87,140.59,326.24,922.94,-1,-1,-1,-1
673,62,1351.86,116.53,403.06,942.17,-1,-1,-1,-1
673,65,258.14,163.03,317.49,905.38,-1,-1,-1,-1
674,61,914.63,180.11,308.06,882.25,-1,-1,-1,-1
674,62,1367.31,118.07,389.16,918.63,-1,-1,-1,-1
674,63,648.51,239.25,257.06,563.31,-1,-1,-1,-1
674,65,270.38,163.94,302.80,904.48,-1,-1,-1,-1
674,66,1170.33,196.43,239.53,607.79,-1,-1,-1,-1
675,61,950.94,157.60,354.35,913.05,-1,-1,-1,-1
675,62,1372.46,125.21,385.91,882.76,-1,-1,-1,-1
675,63,628.57,240.29,257.67,566.08,-1,-1,-1,-1
675,65,284.20,161.49,299.34,907.40,-1,-1,-1,-1
675,66,1160.35,199.09,217.35,610.61,-1,-1,-1,-1
676,61,991.92,156.23,337.86,915.67,-1,-1,-1,-1
676,62,1377.67,135.48,379.55,852.44,-1,-1,-1,-1
676,63,621.69,227.39,243.24,586.01,-1,-1,-1,-1
676,65,291.05,154.36,311.14,917.79,-1,-1,-1,-1
676,66,1149.98,197.16,218.10,612.70,-1,-1,-1,-1
677,61,1022.27,150.74,333.13,922.06,-1,-1,-1,-1
677,62,1379.70,132.39,380.34,835.63,-1,-1,-1,-1
677,63,617.63,218.25,214.45,602.86,-1,-1,-1,-1
677,65,297.32,146.58,331.06,931.69,-1,-1,-1,-1
677,66,1139.60,195.24,218.84,614.79,-1,-1,-1,-1
678,61,1049.08,143.09,341.79,934.78,-1,-1,-1,-1
678,62,1385.31,129.59,368.88,824.60,-1,-1,-1,-1
678,63,594.80,212.72,219.12,615.95,-1,-1,-1,-1
678,65,301.84,138.27,395.50,939.25,-1,-1,-1,-1
678,66,1129.22,193.31,219.59,616.88,-1,-1,-1,-1
679,61,1069.92,143.96,350.20,924.57,-1,-1,-1,-1
679,62,1393.13,122.54,348.27,820.08,-1,-1,-1,-1
679,63,571.96,207.20,223.78,629.05,-1,-1,-1,-1
679,65,319.05,133.35,403.31,941.84,-1,-1,-1,-1
679,66,1118.85,191.38,220.33,618.97,-1,-1,-1,-1
680,61,1072.22,152.51,371.48,920.02,-1,-1,-1,-1
680,62,1404.10,119.16,313.45,815.23,-1,-1,-1,-1
680,63,588.98,220.82,189.12,599.96,-1,-1,-1,-1
680,65,332.59,131.72,435.66,937.16,-1,-1,-1,-1
681,61,1066.99,153.51,403.26,912.16,-1,-1,-1,-1
681,62,1404.93,117.58,292.63,808.54,-1,-1,-1,-1
681,63,570.89,221.14,189.41,600.88,-1,-1,-1,-1
681,65,352.79,115.75,458.59,961.81,-1,-1,-1,-1
682,61,1124.71,149.41,359.74,917.71,-1,-1,-1,-1
682,62,1409.16,121.81,277.85,808.54,-1,-1,-1,-1
682,63,552.81,221.46,189.70,601.79,-1,-1,-1,-1
682,65,376.37,111.65,468.81,965.39,-1,-1,-1,-1
683,61,1163.81,124.89,356.73,953.19,-1,-1,-1,-1
683,62,1422.10,126.85,246.46,797.95,-1,-1,-1,-1
683,63,534.72,221.77,189.99,602.71,-1,-1,-1,-1
683,65,409.58,110.90,454.94,968.19,-1,-1,-1,-1
684,61,1194.28,119.42,360.79,961.88,-1,-1,-1,-1
684,62,1419.76,134.94,238.21,774.21,-1,-1,-1,-1
684,63,516.64,222.09,190.28,603.63,-1,-1,-1,-1
684,65,439.63,107.15,430.76,969.71,-1,-1,-1,-1
685,61,1214.11,134.63,392.42,933.30,-1,-1,-1,-1
685,62,1410.50,136.11,244.27,771.06,-1,-1,-1,-1
685,65,463.36,142.65,396.06,928.61,-1,-1,-1,-1
685,70,982.30,214.58,191.62,567.31,-1,-1,-1,-1
686,61,1218.28,137.97,424.74,931.55,-1,-1,-1,-1
686,62,1410.94,137.98,241.26,761.60,-1,-1,-1,-1
686,65,472.01,119.11,388.66,957.46,-1,-1,-1,-1
686,70,967.21,213.02,179.12,564.16,-1,-1,-1,-1
687,61,1232.66,132.60,432.50,934.57,-1,-1,-1,-1
687,62,1411.39,139.86,238.25,752.14,-1,-1,-1,-1
687,63,448.63,200.89,184.05,665.88,-1,-1,-1,-1
687,65,508.30,132.62,370.23,938.45,-1,-1,-1,-1
687,70,949.23,225.99,167.21,546.34,-1,-1,-1,-1
688,61,1246.37,144.43,448.46,927.34,-1,-1,-1,-1
688,62,1411.84,141.74,235.25,742.68,-1,-1,-1,-1
688,63,426.86,211.93,189.52,656.27,-1,-1,-1,-1
688,65,572.35,91.51,351.93,990.65,-1,-1,-1,-1
688,70,932.30,220.94,158.65,553.05,-1,-1,-1,-1
689,61,1269.11,145.05,434.62,929.00,-1,-1,-1,-1
689,62,1412.28,143.61,232.24,733.21,-1,-1,-1,-1
689,63,398.58,212.59,203.73,653.89,-1,-1,-1,-1
689,65,611.01,100.03,375.87,975.07,-1,-1,-1,-1
689,70,897.71,217.29,187.46,572.12,-1,-1,-1,-1
690,61,1288.81,142.33,410.26,921.43,-1,-1,-1,-1
690,63,361.32,209.63,234.60,672.74,-1,-1,-1,-1
690,65,647.37,82.86,397.36,988.77,-1,-1,-1,-1
690,70,889.19,220.54,197.58,563.73,-1,-1,-1,-1
691,61,1302.53,135.62,395.49,927.64,-1,-1,-1,-1
691,63,325.61,206.18,263.70,704.17,-1,-1,-1,-1
691,65,688.92,87.41,398.54,981.53,-1,-1,-1,-1
691,70,873.76,221.03,197.68,564.02,-1,-1,-1,-1
692,61,1303.62,136.26,394.10,926.14,-1,-1,-1,-1
692,63,300.33,205.16,283.22,725.11,-1,-1,-1,-1
692,65,733.35,75.46,415.63,993.22,-1,-1,-1,-1
692,70,858.34,221.53,197.78,564.32,-1,-1,-1,-1
693,61,1292.17,135.79,408.84,923.49,-1,-1,-1,-1
693,63,264.54,205.47,316.04,749.19,-1,-1,-1,-1
693,65,769.39,105.33,439.97,954.95,-1,-1,-1,-1
693,70,842.91,222.02,197.88,564.61,-1,-1,-1,-1
694,61,1311.12,136.68,390.61,927.03,-1,-1,-1,-1
694,63,245.78,208.18,323.19,754.32,-1,-1,-1,-1
694,65,795.52,85.60,447.02,987.21,-1,-1,-1,-1
694,70,827.49,222.51,197.98,564.91,-1,-1,-1,-1
695,61,1317.70,143.97,382.35,917.43,-1,-1,-1,-1
695,63,241.33,210.15,318.27,755.92,-1,-1,-1,-1
695,65,808.13,92.69,463.98,970.93,-1,-1,-1,-1
695,70,794.56,243.63,169.71,550.13,-1,-1,-1,-1
696,61,1297.33,152.82,410.06,898.20,-1,-1,-1,-1
696,63,242.00,209.34,312.98,757.64,-1,-1,-1,-1
696,65,872.32,81.61,406.20,980.51,-1,-1,-1,-1
696,70,759.20,236.76,177.07,559.84,-1,-1,-1,-1
697,61,1323.92,168.30,385.82,868.15,-1,-1,-1,-1
697,63,242.50,200.56,311.28,765.28,-1,-1,-1,-1
697,65,931.98,71.98,393.81,1000.69,-1,-1,-1,-1
697,70,724.20,231.93,185.30,566.57,-1,-1,-1,-1
697,71,1222.91,155.64,180.70,654.32,-1,-1,-1,-1
698,61,1357.76,176.65,350.66,843.52,-1,-1,-1,-1
698,63,246.57,194.34,310.47,771.91,-1,-1,-1,-1
698,65,989.03,86.87,387.96,979.79,-1,-1,-1,-1
698,70,680.99,224.20,214.09,576.88,-1,-1,-1,-1
698,71,1226.21,164.84,163.53,644.48,-1,-1,-1,-1
699,61,1371.99,176.54,337.85,829.40,-1,-1,-1,-1
699,63,250.69,189.39,310.78,791.63,-1,-1,-1,-1
699,65,1037.04,64.09,384.69,1013.06,-1,-1,-1,-1
699,70,639.78,214.97,239.46,596.71,-1,-1,-1,-1
699,71,1218.45,162.09,163.98,646.25,-1,-1,-1,-1
700,61,1374.12,174.83,333.22,820.28,-1,-1,-1,-1
700,63,252.44,181.58,311.81,827.40,-1,-1,-1,-1
700,65,1066.60,69.44,406.34,1001.61,-1,-1,-1,-1
700,70,608.36,216.41,261.35,592.81,-1,-1,-1,-1
700,71,1210.69,159.34,164.42,648.03,-1,-1,-1,-1
701,61,1386.22,163.40,314.28,831.70,-1,-1,-1,-1
701,63,249.07,182.99,319.30,829.26,-1,-1,-1,-1
701,65,1109.24,73.32,392.38,994.01,-1,-1,-1,-1
701,70,596.47,225.35,262.80,580.32,-1,-1,-1,-1
701,71,1202.93,156.58,164.87,649.80,-1,-1,-1,-1
702,61,1405.63,165.05,286.02,823.38,-1,-1,-1,-1
702,63,245.14,177.82,326.12,855.77,-1,-1,-1,-1
702,65,1138.23,102.99,409.73,954.87,-1,-1,-1,-1
702,70,593.87,221.65,254.47,588.34,-1,-1,-1,-1
702,71,1195.16,153.83,165.32,651.58,-1,-1,-1,-1
703,61,1413.93,164.90,284.14,817.96,-1,-1,-1,-1
703,63,235.28,176.36,336.52,860.63,-1,-1,-1,-1
703,65,1158.50,109.75,461.86,948.83,-1,-1,-1,-1
703,70,592.56,212.67,224.71,606.13,-1,-1,-1,-1
704,61,1422.22,164.74,282.26,812.54,-1,-1,-1,-1
704,63,225.33,164.59,346.05,893.92,-1,-1,-1,-1
704,65,1217.39,107.41,436.63,959.75,-1,-1,-1,-1
704,70,582.40,210.00,206.28,614.04,-1,-1,-1,-1
705,61,1430.52,164.59,280.37,807.13,-1,-1,-1,-1
705,63,214.44,163.33,359.87,896.89,-1,-1,-1,-1
705,65,1265.31,89.25,432.08,979.66,-1,-1,-1,-1
705,70,558.65,199.96,202.02,636.03,-1,-1,-1,-1
706,61,1438.81,164.44,278.49,801.71,-1,-1,-1,-1
706,63,212.43,151.46,363.38,909.96,-1,-1,-1,-1
706,65,1298.02,90.84,472.40,942.66,-1,-1,-1,-1
706,70,542.56,201.84,204.49,637.56,-1,-1,-1,-1
707,63,208.88,140.10,372.73,929.85,-1,-1,-1,-1
707,65,1330.47,90.62,497.78,913.22,-1,-1,-1,-1
707,70,531.07,208.25,208.67,636.82,-1,-1,-1,-1
707,73,999.96,182.87,208.74,605.48,-1,-1,-1,-1
708,63,209.62,132.61,385.15,941.62,-1,-1,-1,-1
708,65,1357.15,86.49,522.17,944.20,-1,-1,-1,-1
708,70,522.36,216.01,208.42,626.65,-1,-1,-1,-1
708,73,969.34,184.24,231.71,603.50,-1,-1,-1,-1
709,63,214.00,136.40,387.31,935.42,-1,-1,-1,-1
709,65,1376.94,95.02,530.71,944.52,-1,-1,-1,-1
709,70,514.75,213.31,207.76,627.10,-1,-1,-1,-1
709,73,950.37,192.30,245.24,597.92,-1,-1,-1,-1