38,1,5.63,279.42,116.02,551.67,-1,-1,-1,-1
39,1,9.46,228.02,129.99,616.33,-1,-1,-1,-1
40,1,20.52,222.04,127.50,597.57,-1,-1,-1,-1
41,1,30.44,248.24,123.72,567.82,-1,-1,-1,-1
42,1,34.59,261.58,127.12,568.69,-1,-1,-1,-1
43,1,39.95,261.47,131.95,570.99,-1,-1,-1,-1
44,1,44.99,258.07,139.28,580.24,-1,-1,-1,-1
45,1,45.95,254.86,149.16,599.50,-1,-1,-1,-1
46,1,46.02,245.66,159.99,621.13,-1,-1,-1,-1
47,1,49.99,238.68,165.19,617.17,-1,-1,-1,-1
48,1,52.92,233.57,174.38,629.92,-1,-1,-1,-1
49,1,58.09,233.72,180.56,636.28,-1,-1,-1,-1
50,1,59.40,234.12,185.56,639.10,-1,-1,-1,-1
51,1,62.09,232.55,193.84,657.05,-1,-1,-1,-1
52,1,64.65,236.88,198.26,660.26,-1,-1,-1,-1
53,1,64.88,239.18,203.27,665.31,-1,-1,-1,-1
54,1,65.16,235.60,209.78,673.02,-1,-1,-1,-1
55,1,65.80,228.41,216.65,680.11,-1,-1,-1,-1
56,1,65.54,223.20,223.72,687.13,-1,-1,-1,-1
57,1,67.05,222.16,230.78,692.02,-1,-1,-1,-1
58,1,70.81,224.75,237.36,695.19,-1,-1,-1,-1
59,1,78.58,230.47,244.14,703.55,-1,-1,-1,-1
60,1,93.69,237.62,247.66,705.12,-1,-1,-1,-1
61,1,108.72,235.40,249.83,706.93,-1,-1,-1,-1
62,1,115.80,232.01,252.49,712.00,-1,-1,-1,-1
63,1,125.45,228.03,254.47,717.03,-1,-1,-1,-1
64,1,134.99,218.99,259.83,731.21,-1,-1,-1,-1
65,1,144.25,209.36,271.07,759.68,-1,-1,-1,-1
66,1,159.44,203.38,277.63,768.94,-1,-1,-1,-1
67,1,169.56,203.66,284.60,778.88,-1,-1,-1,-1
68,1,175.35,203.97,293.98,795.40,-1,-1,-1,-1
69,1,180.31,205.10,301.98,805.68,-1,-1,-1,-1
70,1,182.54,193.12,314.57,830.58,-1,-1,-1,-1
71,1,186.97,189.84,319.31,836.30,-1,-1,-1,-1
72,1,183.50,186.08,328.96,861.24,-1,-1,-1,-1
73,1,186.48,183.29,330.03,864.38,-1,-1,-1,-1
74,1,189.70,178.88,333.55,878.31,-1,-1,-1,-1
75,1,206.40,167.37,332.76,874.06,-1,-1,-1,-1
76,1,216.83,161.40,341.91,899.87,-1,-1,-1,-1
77,1,222.22,160.74,343.18,908.71,-1,-1,-1,-1
78,1,235.10,161.64,337.76,898.79,-1,-1,-1,-1
79,1,246.41,153.66,343.18,913.92,-1,-1,-1,-1
80,1,249.20,139.22,355.15,943.80,-1,-1,-1,-1
81,1,253.82,131.26,361.05,955.27,-1,-1,-1,-1
82,1,264.12,133.47,364.96,954.75,-1,-1,-1,-1
83,1,271.28,126.28,371.62,954.71,-1,-1,-1,-1
84,1,286.47,104.24,385.69,966.83,-1,-1,-1,-1
85,1,300.72,118.62,395.21,968.25,-1,-1,-1,-1
86,1,310.76,125.09,403.78,970.41,-1,-1,-1,-1
87,1,322.49,114.88,408.52,965.53,-1,-1,-1,-1
88,1,345.50,100.77,411.50,972.07,-1,-1,-1,-1
89,1,375.17,104.54,414.98,983.65,-1,-1,-1,-1
90,1,411.38,96.13,409.90,971.91,-1,-1,-1,-1
91,1,447.23,95.62,417.90,991.65,-1,-1,-1,-1
92,1,480.41,101.58,418.63,993.33,-1,-1,-1,-1
93,1,518.08,113.02,419.56,992.16,-1,-1,-1,-1
94,1,573.06,124.80,418.75,983.78,-1,-1,-1,-1
95,1,631.69,130.76,417.00,970.98,-1,-1,-1,-1
96,1,687.50,127.49,416.10,958.49,-1,-1,-1,-1
97,1,724.83,111.57,423.68,973.12,-1,-1,-1,-1
98,1,748.45,95.68,424.51,973.13,-1,-1,-1,-1
99,1,779.37,85.70,430.86,985.46,-1,-1,-1,-1
100,1,808.54,80.47,430.10,982.82,-1,-1,-1,-1
101,1,841.77,85.39,427.91,972.30,-1,-1,-1,-1
102,1,875.91,92.97,423.41,956.58,-1,-1,-1,-1
103,1,918.72,103.28,420.32,943.49,-1,-1,-1,-1
104,1,952.96,105.92,438.82,983.26,-1,-1,-1,-1
105,1,979.29,107.88,437.94,981.51,-1,-1,-1,-1
106,1,1007.06,108.02,433.45,974.69,-1,-1,-1,-1
107,1,1036.23,101.01,431.80,974.67,-1,-1,-1,-1
108,1,1056.58,97.86,432.28,980.94,-1,-1,-1,-1
109,1,1076.55,103.27,427.50,979.81,-1,-1,-1,-1
110,1,1099.04,114.26,421.10,976.02,-1,-1,-1,-1
111,1,1119.67,125.47,407.85,954.75,-1,-1,-1,-1
112,1,1136.01,132.59,400.06,946.50,-1,-1,-1,-1
113,1,1149.55,130.82,394.93,942.55,-1,-1,-1,-1
114,1,1154.12,126.16,393.27,949.02,-1,-1,-1,-1
115,1,1164.39,132.97,386.84,941.57,-1,-1,-1,-1
116,1,1174.42,134.33,380.10,933.19,-1,-1,-1,-1
117,1,1185.00,137.55,375.50,928.13,-1,-1,-1,-1
118,1,1195.08,144.28,371.35,923.75,-1,-1,-1,-1
119,1,1209.77,150.83,356.72,890.77,-1,-1,-1,-1
120,1,1225.14,158.27,341.91,857.31,-1,-1,-1,-1
121,1,1237.95,163.66,328.87,833.07,-1,-1,-1,-1
122,1,1248.22,164.13,320.53,817.02,-1,-1,-1,-1
123,1,1255.65,159.30,309.95,797.51,-1,-1,-1,-1
124,1,1258.28,157.36,301.48,783.98,-1,-1,-1,-1
125,1,1259.84,156.36,298.22,787.85,-1,-1,-1,-1
126,1,1265.35,159.46,294.12,792.73,-1,-1,-1,-1
127,1,1275.22,165.30,288.41,786.57,-1,-1,-1,-1
128,1,1279.15,177.55,280.71,769.15,-1,-1,-1,-1
129,1,1275.15,186.91,276.49,758.91,-1,-1,-1,-1
130,1,1267.14,192.23,272.16,746.40,-1,-1,-1,-1
131,1,1261.28,190.81,265.37,726.86,-1,-1,-1,-1
132,1,1253.23,191.92,259.01,706.98,-1,-1,-1,-1
133,1,1246.75,196.20,249.88,683.39,-1,-1,-1,-1
134,1,1239.95,200.72,245.62,670.18,-1,-1,-1,-1
135,1,1231.67,203.11,244.47,665.17,-1,-1,-1,-1
136,1,1221.71,202.85,245.19,671.45,-1,-1,-1,-1
137,1,1216.64,209.62,242.31,666.66,-1,-1,-1,-1
138,1,1205.84,214.06,235.67,651.30,-1,-1,-1,-1
139,1,1188.04,212.06,234.00,643.98,-1,-1,-1,-1
139,3,6.44,242.14,112.92,605.63,-1,-1,-1,-1
140,1,1166.90,210.06,230.82,632.12,-1,-1,-1,-1
140,3,13.69,246.73,111.70,595.66,-1,-1,-1,-1
141,1,1147.17,205.69,230.15,626.43,-1,-1,-1,-1
141,3,20.75,241.29,114.07,601.46,-1,-1,-1,-1
142,1,1134.26,204.01,230.73,623.02,-1,-1,-1,-1
142,3,30.42,237.62,115.05,593.41,-1,-1,-1,-1
143,1,1117.37,204.38,232.68,622.92,-1,-1,-1,-1
143,3,37.61,231.49,118.93,594.77,-1,-1,-1,-1
144,1,1101.84,205.65,233.74,620.83,-1,-1,-1,-1
144,3,46.76,220.57,126.48,606.58,-1,-1,-1,-1
145,1,1092.30,208.97,233.60,616.22,-1,-1,-1,-1
145,3,51.27,219.40,131.87,604.91,-1,-1,-1,-1
146,1,1082.01,211.31,232.78,610.18,-1,-1,-1,-1
146,3,57.29,215.85,139.92,611.36,-1,-1,-1,-1
147,1,1070.62,214.60,230.12,601.25,-1,-1,-1,-1
147,3,63.90,217.91,147.71,614.09,-1,-1,-1,-1
148,1,1057.58,218.33,229.96,600.06,-1,-1,-1,-1
148,3,71.85,217.89,156.44,618.89,-1,-1,-1,-1
149,1,1037.92,218.54,227.49,594.78,-1,-1,-1,-1
149,3,82.22,212.56,166.27,628.15,-1,-1,-1,-1
150,1,1022.61,216.38,227.48,596.15,-1,-1,-1,-1
150,3,86.84,209.88,173.83,629.62,-1,-1,-1,-1
151,1,997.97,215.76,225.42,593.20,-1,-1,-1,-1
151,3,93.46,208.26,181.08,632.87,-1,-1,-1,-1
152,1,973.90,211.26,225.63,598.93,-1,-1,-1,-1
152,3,100.01,206.74,188.30,636.71,-1,-1,-1,-1
153,1,952.44,217.17,225.79,601.14,-1,-1,-1,-1
153,3,106.04,204.40,198.97,651.97,-1,-1,-1,-1
154,1,934.83,221.14,225.48,600.08,-1,-1,-1,-1
154,3,112.41,206.96,206.96,660.15,-1,-1,-1,-1
155,1,913.76,217.97,227.78,605.32,-1,-1,-1,-1
155,3,119.84,207.59,214.54,669.64,-1,-1,-1,-1
156,1,902.11,221.77,227.05,602.18,-1,-1,-1,-1
156,3,122.06,205.60,222.01,680.16,-1,-1,-1,-1
157,1,880.22,224.73,228.36,605.47,-1,-1,-1,-1
157,3,119.38,206.19,225.85,684.23,-1,-1,-1,-1
158,1,858.54,221.75,230.10,608.16,-1,-1,-1,-1
158,3,118.75,203.39,229.83,687.98,-1,-1,-1,-1
159,1,835.84,219.53,233.50,615.05,-1,-1,-1,-1
159,3,118.33,198.43,235.06,695.35,-1,-1,-1,-1
160,1,811.16,215.31,235.98,621.12,-1,-1,-1,-1
160,3,119.09,190.90,239.88,701.52,-1,-1,-1,-1
161,1,797.82,214.72,236.20,623.19,-1,-1,-1,-1
161,3,119.01,184.25,245.09,710.67,-1,-1,-1,-1
162,1,776.32,210.95,240.95,637.24,-1,-1,-1,-1
162,3,112.75,183.97,252.26,726.25,-1,-1,-1,-1
163,1,759.04,216.23,241.67,639.18,-1,-1,-1,-1
163,3,109.28,184.62,258.13,740.86,-1,-1,-1,-1
164,1,743.74,218.65,241.41,638.42,-1,-1,-1,-1
164,3,109.41,185.13,260.19,744.15,-1,-1,-1,-1
165,1,725.33,222.20,244.55,644.67,-1,-1,-1,-1
165,3,111.42,183.76,263.12,749.38,-1,-1,-1,-1
166,1,702.52,220.72,248.09,653.23,-1,-1,-1,-1
166,3,112.73,179.49,267.24,756.22,-1,-1,-1,-1
167,1,678.63,219.55,248.05,657.70,-1,-1,-1,-1
167,3,113.88,174.28,272.63,766.05,-1,-1,-1,-1
168,1,658.15,213.57,249.32,665.59,-1,-1,-1,-1
168,3,118.62,169.31,278.47,774.78,-1,-1,-1,-1
169,1,640.35,213.13,249.06,669.90,-1,-1,-1,-1
169,3,128.93,165.27,282.60,778.55,-1,-1,-1,-1
170,1,630.93,211.98,248.27,671.68,-1,-1,-1,-1
170,3,135.79,164.41,286.48,782.54,-1,-1,-1,-1
171,1,615.33,208.40,247.13,670.21,-1,-1,-1,-1
171,3,146.37,162.44,290.70,791.71,-1,-1,-1,-1
172,1,594.70,205.87,250.96,678.81,-1,-1,-1,-1
172,3,159.32,161.15,295.33,799.29,-1,-1,-1,-1
173,1,575.39,206.12,254.13,683.38,-1,-1,-1,-1
173,3,170.56,155.36,303.64,815.66,-1,-1,-1,-1
174,1,564.26,207.72,256.84,687.00,-1,-1,-1,-1
174,3,173.28,151.64,312.33,833.17,-1,-1,-1,-1
175,1,551.28,208.99,260.23,692.43,-1,-1,-1,-1
175,3,185.63,152.15,318.59,843.90,-1,-1,-1,-1
176,1,534.91,210.76,262.96,696.77,-1,-1,-1,-1
176,3,191.97,148.88,325.21,858.04,-1,-1,-1,-1
177,1,515.91,206.73,264.70,701.02,-1,-1,-1,-1
177,3,194.48,138.86,330.13,867.52,-1,-1,-1,-1
178,1,502.30,206.42,265.36,701.94,-1,-1,-1,-1
178,3,199.25,134.88,332.07,868.57,-1,-1,-1,-1
179,1,485.55,206.38,263.70,697.82,-1,-1,-1,-1
179,3,212.45,131.04,334.87,875.50,-1,-1,-1,-1
180,1,472.43,203.49,263.36,698.46,-1,-1,-1,-1
180,3,210.03,130.52,340.32,889.51,-1,-1,-1,-1
181,1,464.10,209.44,260.45,695.52,-1,-1,-1,-1
181,3,211.99,132.59,344.23,902.56,-1,-1,-1,-1
182,1,445.03,207.00,262.79,702.22,-1,-1,-1,-1
182,3,225.20,136.01,345.77,914.65,-1,-1,-1,-1
183,1,432.97,211.25,262.29,705.03,-1,-1,-1,-1
183,3,279.24,152.72,331.84,883.13,-1,-1,-1,-1
184,1,434.88,213.88,263.12,706.86,-1,-1,-1,-1
184,3,300.13,160.03,326.84,874.51,-1,-1,-1,-1
185,3,304.18,146.50,333.20,891.56,-1,-1,-1,-1
186,3,293.19,126.12,347.42,929.63,-1,-1,-1,-1
187,3,299.15,121.17,357.37,955.25,-1,-1,-1,-1
188,3,309.22,122.35,360.17,963.65,-1,-1,-1,-1
189,3,319.76,125.97,364.99,976.75,-1,-1,-1,-1
190,3,331.76,127.71,358.01,960.15,-1,-1,-1,-1
191,3,368.65,123.20,353.57,955.64,-1,-1,-1,-1
191,4,320.55,209.22,220.02,726.39,-1,-1,-1,-1
192,3,395.05,108.01,359.82,980.70,-1,-1,-1,-1
192,1,270.07,214.09,273.12,728.97,-1,-1,-1,-1
193,3,441.79,96.56,359.89,994.31,-1,-1,-1,-1
193,1,251.17,218.44,277.53,735.52,-1,-1,-1,-1
194,3,482.45,84.20,363.82,1007.00,-1,-1,-1,-1
194,1,232.67,215.25,286.45,754.47,-1,-1,-1,-1
195,3,513.28,76.73,370.76,1021.48,-1,-1,-1,-1
195,1,221.09,213.97,293.39,770.22,-1,-1,-1,-1
196,3,552.33,74.72,370.67,1010.24,-1,-1,-1,-1
196,1,208.12,212.29,300.81,786.04,-1,-1,-1,-1
197,3,592.05,74.48,376.64,1019.52,-1,-1,-1,-1
197,1,190.28,211.26,306.29,795.77,-1,-1,-1,-1
198,3,633.23,82.33,376.44,1016.17,-1,-1,-1,-1
198,1,168.89,205.56,308.11,797.46,-1,-1,-1,-1
199,3,679.99,79.56,377.62,1014.73,-1,-1,-1,-1
199,1,149.68,200.35,313.87,808.42,-1,-1,-1,-1
200,3,714.78,62.20,386.16,1029.18,-1,-1,-1,-1
200,1,134.14,195.33,319.39,819.36,-1,-1,-1,-1
201,3,751.14,53.04,395.06,1046.51,-1,-1,-1,-1
201,1,116.79,191.37,323.89,827.51,-1,-1,-1,-1
202,3,790.51,46.82,402.49,1059.05,-1,-1,-1,-1
202,1,95.34,188.28,335.79,860.72,-1,-1,-1,-1
203,3,855.78,46.96,390.01,1018.43,-1,-1,-1,-1
203,1,84.54,187.95,343.22,882.14,-1,-1,-1,-1
204,3,893.98,52.75,397.32,1034.30,-1,-1,-1,-1
204,1,79.79,186.40,345.54,885.87,-1,-1,-1,-1
205,3,941.42,69.16,396.31,1035.78,-1,-1,-1,-1
205,1,78.14,184.88,346.21,885.78,-1,-1,-1,-1
206,3,987.84,68.73,390.25,1023.99,-1,-1,-1,-1
206,1,77.00,179.42,349.78,893.22,-1,-1,-1,-1
207,3,1037.85,63.62,387.92,1018.11,-1,-1,-1,-1
207,1,77.87,170.91,350.32,892.79,-1,-1,-1,-1
208,3,1077.74,50.73,384.92,1003.24,-1,-1,-1,-1
208,1,78.80,166.67,354.81,902.12,-1,-1,-1,-1
209,3,1109.40,50.02,389.40,1004.31,-1,-1,-1,-1
209,1,82.69,164.68,358.77,911.29,-1,-1,-1,-1
210,3,1137.50,56.80,396.93,1017.48,-1,-1,-1,-1
210,1,92.15,168.91,359.59,913.74,-1,-1,-1,-1
211,3,1168.94,70.37,398.49,1018.61,-1,-1,-1,-1
211,1,106.12,174.49,353.84,904.89,-1,-1,-1,-1
212,3,1203.31,87.19,395.24,1008.33,-1,-1,-1,-1
212,1,123.11,174.98,348.91,895.63,-1,-1,-1,-1
213,3,1237.78,96.99,387.97,986.76,-1,-1,-1,-1
213,1,136.47,182.75,345.69,885.37,-1,-1,-1,-1
214,3,1255.94,87.74,388.71,990.84,-1,-1,-1,-1
214,1,154.86,193.87,341.42,875.24,-1,-1,-1,-1
214,5,3.91,255.38,103.67,615.97,-1,-1,-1,-1
215,3,1278.24,84.13,385.35,989.80,-1,-1,-1,-1
215,1,164.80,195.80,343.12,877.15,-1,-1,-1,-1
215,5,9.84,243.33,104.47,617.96,-1,-1,-1,-1
216,3,1295.14,85.39,383.32,990.21,-1,-1,-1,-1
216,1,173.62,191.28,347.97,885.02,-1,-1,-1,-1
216,5,17.25,244.35,104.14,609.40,-1,-1,-1,-1
217,3,1316.35,89.88,376.77,981.93,-1,-1,-1,-1
217,1,179.13,175.05,360.83,907.05,-1,-1,-1,-1
217,5,22.18,250.22,104.10,598.93,-1,-1,-1,-1
218,3,1331.17,98.88,367.88,966.14,-1,-1,-1,-1
218,1,185.50,156.14,375.18,934.50,-1,-1,-1,-1
218,5,27.02,251.29,106.24,596.40,-1,-1,-1,-1
219,3,1347.58,104.43,360.82,957.20,-1,-1,-1,-1
219,1,191.13,139.02,390.59,962.85,-1,-1,-1,-1
219,5,29.84,242.69,110.95,604.80,-1,-1,-1,-1
220,3,1363.22,118.91,349.85,938.06,-1,-1,-1,-1
220,1,206.46,133.38,398.60,973.47,-1,-1,-1,-1
220,5,32.51,233.90,116.71,614.52,-1,-1,-1,-1
221,3,1375.71,126.36,334.80,906.78,-1,-1,-1,-1
221,1,223.61,132.57,403.45,977.55,-1,-1,-1,-1
221,5,37.96,229.62,121.93,613.51,-1,-1,-1,-1
222,3,1385.23,129.92,321.80,879.43,-1,-1,-1,-1
222,1,250.18,133.08,404.08,972.83,-1,-1,-1,-1
222,5,41.85,223.41,128.21,613.35,-1,-1,-1,-1
223,3,1394.77,129.63,311.93,859.37,-1,-1,-1,-1
223,1,273.32,130.65,408.67,976.37,-1,-1,-1,-1
223,5,45.38,220.94,135.70,614.36,-1,-1,-1,-1
224,3,1405.89,127.18,301.39,835.15,-1,-1,-1,-1
224,1,299.05,126.58,411.87,977.55,-1,-1,-1,-1
224,5,49.39,222.97,143.73,615.94,-1,-1,-1,-1
225,3,1416.20,122.43,297.07,828.44,-1,-1,-1,-1
225,1,327.26,131.24,413.67,975.27,-1,-1,-1,-1
225,5,52.83,225.33,152.27,617.50,-1,-1,-1,-1
226,3,1424.31,128.83,292.19,818.83,-1,-1,-1,-1
226,1,351.27,124.59,416.18,977.56,-1,-1,-1,-1
226,5,57.34,226.18,161.22,622.24,-1,-1,-1,-1
227,3,1431.41,140.39,285.19,802.44,-1,-1,-1,-1
227,1,376.74,122.20,419.92,981.27,-1,-1,-1,-1
227,5,62.36,226.85,169.54,624.67,-1,-1,-1,-1
228,3,1439.74,156.87,273.66,770.32,-1,-1,-1,-1
228,1,401.39,101.37,420.96,978.55,-1,-1,-1,-1
228,5,68.58,225.32,177.03,625.52,-1,-1,-1,-1
229,3,1446.01,171.02,264.39,743.45,-1,-1,-1,-1
229,1,430.77,110.24,414.59,956.28,-1,-1,-1,-1
229,5,75.66,220.72,184.55,629.21,-1,-1,-1,-1
230,3,1447.83,167.15,263.06,741.75,-1,-1,-1,-1
230,1,455.22,112.69,430.09,984.83,-1,-1,-1,-1
230,5,81.59,216.84,192.21,634.75,-1,-1,-1,-1
231,3,1448.00,160.91,263.52,744.76,-1,-1,-1,-1
231,1,471.29,107.10,440.12,1000.38,-1,-1,-1,-1
231,5,83.15,212.86,199.82,641.84,-1,-1,-1,-1
232,3,1451.53,160.65,260.87,738.96,-1,-1,-1,-1
232,1,506.25,108.77,444.09,1003.77,-1,-1,-1,-1
232,5,84.73,209.95,207.70,652.29,-1,-1,-1,-1
233,3,1450.00,160.94,259.31,736.60,-1,-1,-1,-1
233,1,552.29,109.08,440.49,993.71,-1,-1,-1,-1
233,5,87.96,209.54,215.71,661.78,-1,-1,-1,-1
234,3,1448.90,162.92,256.24,729.09,-1,-1,-1,-1
234,1,597.45,106.33,441.15,994.15,-1,-1,-1,-1
234,5,89.15,209.12,226.40,681.95,-1,-1,-1,-1
235,3,1443.30,167.31,251.07,720.91,-1,-1,-1,-1
235,1,639.43,105.99,443.17,995.08,-1,-1,-1,-1
235,5,93.12,209.41,233.33,690.46,-1,-1,-1,-1
236,3,1433.19,173.58,245.04,704.96,-1,-1,-1,-1
236,1,681.30,98.60,440.36,995.30,-1,-1,-1,-1
236,5,90.38,210.60,242.51,706.46,-1,-1,-1,-1
237,3,1425.62,177.50,237.19,685.89,-1,-1,-1,-1
237,1,722.94,98.00,432.80,992.05,-1,-1,-1,-1
237,5,88.98,209.55,248.51,714.91,-1,-1,-1,-1
238,3,1410.70,183.76,229.84,665.32,-1,-1,-1,-1
238,1,765.83,100.85,423.69,983.47,-1,-1,-1,-1
238,5,91.78,204.44,253.96,721.22,-1,-1,-1,-1
239,3,1393.08,185.07,226.98,655.59,-1,-1,-1,-1
239,1,798.79,111.46,414.11,976.54,-1,-1,-1,-1
239,5,92.83,201.47,257.98,724.72,-1,-1,-1,-1
240,3,1374.41,186.27,225.39,647.18,-1,-1,-1,-1
240,1,836.24,115.34,408.21,972.57,-1,-1,-1,-1
240,5,94.39,197.66,261.22,729.42,-1,-1,-1,-1
241,3,1349.18,194.96,221.54,633.39,-1,-1,-1,-1
241,1,870.88,126.70,400.07,964.85,-1,-1,-1,-1
241,5,98.51,194.12,264.36,734.19,-1,-1,-1,-1
242,3,1328.38,197.63,221.87,629.30,-1,-1,-1,-1
242,1,915.25,127.84,386.08,936.53,-1,-1,-1,-1
242,5,100.58,190.34,267.12,738.99,-1,-1,-1,-1
243,3,1310.24,200.91,221.48,621.98,-1,-1,-1,-1
243,1,981.76,125.37,334.12,808.76,-1,-1,-1,-1
243,5,103.10,185.49,271.37,748.55,-1,-1,-1,-1
244,3,1281.25,202.83,221.75,617.42,-1,-1,-1,-1
244,1,1017.46,124.16,316.14,768.18,-1,-1,-1,-1
244,5,104.79,184.72,275.17,759.39,-1,-1,-1,-1
245,3,1247.36,199.91,219.18,606.99,-1,-1,-1,-1
245,1,1014.21,122.57,368.40,907.84,-1,-1,-1,-1
245,5,109.56,187.15,278.75,773.43,-1,-1,-1,-1
246,3,1213.80,197.86,217.17,603.78,-1,-1,-1,-1
246,1,1039.20,111.20,381.39,953.26,-1,-1,-1,-1
246,5,109.10,181.97,284.52,791.80,-1,-1,-1,-1
247,1,1065.78,108.72,379.78,966.05,-1,-1,-1,-1
247,5,109.80,178.72,286.43,796.05,-1,-1,-1,-1
248,1,1092.62,106.69,379.70,975.53,-1,-1,-1,-1
248,5,111.37,180.54,290.15,801.90,-1,-1,-1,-1
249,1,1127.57,112.89,379.85,975.25,-1,-1,-1,-1
249,5,115.78,176.69,295.16,806.63,-1,-1,-1,-1
250,1,1146.04,118.93,384.77,983.22,-1,-1,-1,-1
250,5,120.13,174.33,299.01,807.23,-1,-1,-1,-1
251,1,1174.77,112.85,386.05,983.12,-1,-1,-1,-1
251,5,122.93,163.94,307.42,820.10,-1,-1,-1,-1
251,3,1110.95,209.68,205.58,571.74,-1,-1,-1,-1
252,1,1214.06,125.49,378.31,959.67,-1,-1,-1,-1
252,5,133.01,163.73,311.64,823.26,-1,-1,-1,-1
252,3,1089.96,211.00,207.41,580.28,-1,-1,-1,-1
253,1,1246.67,125.52,374.77,953.03,-1,-1,-1,-1
253,5,140.97,161.39,316.12,828.45,-1,-1,-1,-1
253,3,1071.49,207.80,205.30,580.36,-1,-1,-1,-1
254,1,1273.69,126.68,374.26,959.40,-1,-1,-1,-1
254,5,151.64,161.23,322.03,840.48,-1,-1,-1,-1
254,3,1049.83,201.75,207.07,588.45,-1,-1,-1,-1
255,1,1294.63,124.38,373.27,957.55,-1,-1,-1,-1
255,5,159.59,160.39,334.68,874.29,-1,-1,-1,-1
255,3,1030.58,200.90,205.24,580.91,-1,-1,-1,-1
255,7,6.05,207.87,136.83,642.97,-1,-1,-1,-1
256,1,1318.90,132.28,374.76,956.40,-1,-1,-1,-1
256,5,157.52,155.99,342.92,902.12,-1,-1,-1,-1
256,3,995.68,209.29,203.47,569.99,-1,-1,-1,-1
256,7,7.22,211.97,133.53,626.03,-1,-1,-1,-1
257,1,1341.85,138.47,367.50,935.07,-1,-1,-1,-1
257,5,170.56,147.46,346.24,909.20,-1,-1,-1,-1
257,3,963.21,211.78,204.53,568.84,-1,-1,-1,-1
257,7,8.70,214.28,133.27,622.33,-1,-1,-1,-1
258,1,1352.25,148.46,367.45,933.17,-1,-1,-1,-1
258,5,178.08,140.15,345.93,903.47,-1,-1,-1,-1
258,3,933.53,214.96,203.56,565.31,-1,-1,-1,-1
258,7,10.35,211.43,136.90,635.46,-1,-1,-1,-1
259,1,1375.18,156.91,352.51,891.24,-1,-1,-1,-1
259,5,178.06,131.23,354.47,924.03,-1,-1,-1,-1
259,3,905.56,213.01,206.43,571.26,-1,-1,-1,-1
259,7,13.10,209.61,137.73,633.23,-1,-1,-1,-1
260,1,1391.43,160.53,344.25,868.74,-1,-1,-1,-1
260,5,184.02,124.60,365.14,944.01,-1,-1,-1,-1
260,3,878.21,212.81,207.32,571.90,-1,-1,-1,-1
260,7,13.18,212.48,135.67,617.24,-1,-1,-1,-1
261,1,1401.78,155.14,337.36,857.21,-1,-1,-1,-1
261,5,186.85,122.10,371.12,953.02,-1,-1,-1,-1
261,3,857.07,212.57,206.93,568.48,-1,-1,-1,-1
261,7,15.20,211.85,136.19,610.68,-1,-1,-1,-1
262,1,1403.85,150.87,331.47,850.35,-1,-1,-1,-1
262,5,191.34,122.30,375.93,957.96,-1,-1,-1,-1
262,3,834.42,212.10,207.97,568.17,-1,-1,-1,-1
262,7,15.60,210.55,138.08,609.67,-1,-1,-1,-1
263,1,1399.09,150.27,326.20,848.65,-1,-1,-1,-1
263,5,198.50,117.21,381.04,965.74,-1,-1,-1,-1
263,3,812.95,215.48,207.45,562.62,-1,-1,-1,-1
263,7,14.26,213.08,138.99,605.01,-1,-1,-1,-1
264,1,1391.25,152.21,320.94,845.51,-1,-1,-1,-1
264,5,207.04,117.81,382.53,963.68,-1,-1,-1,-1
264,3,793.53,217.47,207.79,559.17,-1,-1,-1,-1
264,7,14.67,215.82,141.17,604.42,-1,-1,-1,-1
265,1,1380.13,160.49,313.45,836.44,-1,-1,-1,-1
265,5,216.09,124.88,382.26,958.26,-1,-1,-1,-1
265,3,771.50,223.31,208.22,560.62,-1,-1,-1,-1
265,7,17.32,214.28,142.09,595.01,-1,-1,-1,-1
266,1,1374.76,169.64,305.16,822.73,-1,-1,-1,-1
266,5,221.06,123.36,384.82,961.66,-1,-1,-1,-1
266,3,758.19,226.88,208.32,561.41,-1,-1,-1,-1
266,7,18.30,210.22,145.70,596.67,-1,-1,-1,-1
267,1,1369.51,171.77,295.86,802.36,-1,-1,-1,-1
267,5,230.63,111.37,392.86,980.06,-1,-1,-1,-1
267,3,736.25,226.80,207.87,562.19,-1,-1,-1,-1
267,7,19.76,210.00,149.38,596.76,-1,-1,-1,-1
268,1,1364.99,176.70,283.27,772.63,-1,-1,-1,-1
268,5,240.43,93.55,402.44,1001.73,-1,-1,-1,-1
268,3,712.48,223.53,208.10,563.01,-1,-1,-1,-1
268,7,20.14,210.27,152.70,595.14,-1,-1,-1,-1
269,1,1356.81,181.14,272.44,748.88,-1,-1,-1,-1
269,5,253.99,88.82,400.64,989.67,-1,-1,-1,-1
269,3,686.92,217.90,212.97,575.83,-1,-1,-1,-1
269,7,20.24,209.65,156.31,594.39,-1,-1,-1,-1
270,1,1347.77,182.73,262.10,726.16,-1,-1,-1,-1
270,5,264.14,78.10,405.01,993.87,-1,-1,-1,-1
270,3,664.88,216.08,216.02,580.91,-1,-1,-1,-1
270,7,19.62,210.12,159.89,593.97,-1,-1,-1,-1
271,1,1334.29,178.15,259.59,720.81,-1,-1,-1,-1
271,5,277.92,67.80,412.88,1001.68,-1,-1,-1,-1
271,3,644.60,214.71,218.34,585.82,-1,-1,-1,-1
271,7,20.12,208.00,163.96,594.33,-1,-1,-1,-1
272,1,1319.65,183.64,255.47,709.17,-1,-1,-1,-1
272,5,294.22,63.53,418.46,1001.53,-1,-1,-1,-1
272,3,623.50,217.86,219.03,587.78,-1,-1,-1,-1
272,7,18.81,208.05,167.98,596.00,-1,-1,-1,-1
273,1,1298.03,188.11,251.91,696.28,-1,-1,-1,-1
273,5,312.33,66.02,426.50,1002.80,-1,-1,-1,-1
273,3,589.85,208.92,222.79,598.42,-1,-1,-1,-1
273,7,18.58,207.65,172.10,597.58,-1,-1,-1,-1
274,1,1275.91,189.41,250.83,689.20,-1,-1,-1,-1
274,5,328.50,56.50,435.11,1009.82,-1,-1,-1,-1
274,7,18.48,205.71,176.97,601.61,-1,-1,-1,-1
275,1,1260.25,198.84,249.24,680.83,-1,-1,-1,-1
275,5,353.54,65.65,440.45,1015.58,-1,-1,-1,-1
275,7,17.92,206.37,180.82,602.52,-1,-1,-1,-1
276,1,1242.47,205.67,248.23,674.25,-1,-1,-1,-1
276,5,389.89,68.25,435.48,998.73,-1,-1,-1,-1
276,7,17.64,210.85,182.62,596.54,-1,-1,-1,-1
277,1,1218.86,209.40,243.57,660.53,-1,-1,-1,-1
277,5,432.11,58.07,441.01,1017.51,-1,-1,-1,-1
277,7,16.98,206.33,187.98,602.96,-1,-1,-1,-1
278,1,1204.48,208.12,240.91,652.38,-1,-1,-1,-1
278,5,451.54,53.34,444.61,1030.31,-1,-1,-1,-1
278,7,16.41,204.31,191.95,605.04,-1,-1,-1,-1
279,1,1179.49,204.62,240.94,650.40,-1,-1,-1,-1
279,5,487.39,44.17,440.11,1023.16,-1,-1,-1,-1
279,7,15.89,201.63,196.59,609.61,-1,-1,-1,-1
279,3,410.42,202.97,239.79,641.26,-1,-1,-1,-1
280,1,1148.44,202.15,242.12,651.33,-1,-1,-1,-1
280,5,526.73,44.71,443.13,1040.59,-1,-1,-1,-1
280,7,15.81,199.52,200.22,611.62,-1,-1,-1,-1
280,3,387.10,213.37,242.95,645.51,-1,-1,-1,-1
281,1,1129.88,201.31,242.27,649.48,-1,-1,-1,-1
281,5,557.30,26.37,443.28,1053.28,-1,-1,-1,-1
281,7,17.06,205.70,202.42,610.18,-1,-1,-1,-1
281,3,367.25,209.25,249.30,657.93,-1,-1,-1,-1
282,1,1106.42,206.79,242.47,646.58,-1,-1,-1,-1
282,5,598.05,43.54,440.76,1053.13,-1,-1,-1,-1
282,7,18.33,208.49,203.75,605.88,-1,-1,-1,-1
282,3,340.00,207.91,253.45,665.01,-1,-1,-1,-1
283,1,1085.20,211.14,242.82,644.55,-1,-1,-1,-1
283,5,652.10,51.20,432.78,1036.41,-1,-1,-1,-1
283,7,19.66,207.49,205.73,603.92,-1,-1,-1,-1
283,3,315.13,202.32,260.01,678.24,-1,-1,-1,-1
284,1,1071.06,219.00,238.80,630.91,-1,-1,-1,-1
284,5,702.38,53.08,426.08,1026.12,-1,-1,-1,-1
284,7,21.99,207.53,206.90,599.30,-1,-1,-1,-1
284,3,294.94,191.35,267.23,693.68,-1,-1,-1,-1
285,1,1049.27,214.13,239.54,637.06,-1,-1,-1,-1
285,5,755.00,58.76,421.85,1027.58,-1,-1,-1,-1
285,7,25.93,209.04,209.57,599.84,-1,-1,-1,-1
285,3,277.55,179.45,271.31,702.56,-1,-1,-1,-1
286,1,1039.73,228.63,230.95,618.44,-1,-1,-1,-1
286,5,807.69,53.45,424.53,1036.17,-1,-1,-1,-1
286,7,30.14,209.24,215.41,609.96,-1,-1,-1,-1
286,3,261.45,170.27,275.36,714.95,-1,-1,-1,-1
287,5,853.06,44.69,422.81,1031.06,-1,-1,-1,-1
287,7,32.41,209.92,220.76,617.72,-1,-1,-1,-1
287,3,238.94,170.00,282.32,733.95,-1,-1,-1,-1
288,5,873.15,46.62,429.63,1044.83,-1,-1,-1,-1
288,7,33.10,209.80,223.88,619.29,-1,-1,-1,-1
288,3,224.30,175.29,289.69,757.73,-1,-1,-1,-1
289,5,910.16,39.86,420.81,1018.42,-1,-1,-1,-1
289,7,33.10,210.38,226.80,621.08,-1,-1,-1,-1
289,3,211.94,175.61,296.43,782.21,-1,-1,-1,-1
290,5,934.37,40.69,433.11,1043.48,-1,-1,-1,-1
290,7,31.62,212.68,229.05,621.72,-1,-1,-1,-1
290,3,206.49,172.92,297.59,788.28,-1,-1,-1,-1
291,5,965.89,33.64,433.47,1038.85,-1,-1,-1,-1
291,7,29.82,213.63,235.89,636.96,-1,-1,-1,-1
291,3,189.93,170.46,299.53,795.76,-1,-1,-1,-1
292,5,998.75,45.78,440.48,1048.99,-1,-1,-1,-1
292,7,26.03,214.33,242.51,651.24,-1,-1,-1,-1
292,3,172.76,160.96,307.18,814.97,-1,-1,-1,-1
292,1,899.03,227.93,226.11,603.53,-1,-1,-1,-1
293,5,1035.68,47.52,441.32,1050.68,-1,-1,-1,-1
293,7,23.55,210.32,248.36,666.14,-1,-1,-1,-1
293,3,164.10,155.11,310.77,825.08,-1,-1,-1,-1
293,1,889.81,228.54,226.57,603.91,-1,-1,-1,-1
294,5,1068.82,50.68,433.84,1033.96,-1,-1,-1,-1
294,7,20.45,197.20,259.91,699.75,-1,-1,-1,-1
294,3,158.72,150.46,313.76,835.18,-1,-1,-1,-1
294,1,870.72,227.30,228.28,610.30,-1,-1,-1,-1
295,5,1101.18,60.66,424.39,1014.05,-1,-1,-1,-1
295,7,15.84,191.72,262.71,712.97,-1,-1,-1,-1
295,3,147.62,147.19,322.59,859.74,-1,-1,-1,-1
295,1,848.31,214.46,235.11,633.88,-1,-1,-1,-1
296,5,1137.01,64.87,418.86,1015.63,-1,-1,-1,-1
296,7,18.08,189.28,263.95,719.32,-1,-1,-1,-1
296,3,105.87,141.88,336.17,895.14,-1,-1,-1,-1
296,1,830.60,218.59,231.82,625.57,-1,-1,-1,-1
297,5,1182.81,66.69,414.07,1014.32,-1,-1,-1,-1
297,7,16.38,179.92,267.36,729.70,-1,-1,-1,-1
297,3,90.29,140.35,343.96,910.85,-1,-1,-1,-1
297,1,808.42,222.22,231.52,621.60,-1,-1,-1,-1
298,5,1223.15,70.50,411.96,1012.08,-1,-1,-1,-1
298,7,9.09,175.82,268.83,735.38,-1,-1,-1,-1
298,3,78.82,138.45,347.82,918.30,-1,-1,-1,-1
298,1,784.86,223.80,235.92,630.72,-1,-1,-1,-1
299,5,1251.66,72.66,409.42,999.75,-1,-1,-1,-1
299,7,11.15,175.40,270.89,744.97,-1,-1,-1,-1
299,3,89.66,133.44,357.48,938.46,-1,-1,-1,-1
299,1,762.96,225.03,236.56,629.48,-1,-1,-1,-1
300,5,1273.00,72.82,411.56,999.94,-1,-1,-1,-1
300,7,9.38,183.24,266.72,740.33,-1,-1,-1,-1
300,3,103.27,125.33,366.00,961.65,-1,-1,-1,-1
300,1,742.73,225.71,237.56,629.20,-1,-1,-1,-1
301,5,1298.01,72.21,412.14,999.95,-1,-1,-1,-1
301,7,20.08,190.14,263.35,734.06,-1,-1,-1,-1
301,3,110.98,117.85,369.05,971.65,-1,-1,-1,-1
301,1,717.38,225.18,241.80,636.76,-1,-1,-1,-1
302,5,1321.74,73.47,414.49,1005.77,-1,-1,-1,-1
302,7,28.48,192.79,258.78,719.40,-1,-1,-1,-1
302,3,120.08,110.40,373.33,979.03,-1,-1,-1,-1
302,1,695.73,221.08,245.09,643.93,-1,-1,-1,-1
303,5,1347.38,79.24,408.55,995.89,-1,-1,-1,-1
303,7,34.45,198.02,252.97,704.68,-1,-1,-1,-1
303,3,127.65,108.41,374.24,979.58,-1,-1,-1,-1
303,1,679.76,215.35,248.56,656.38,-1,-1,-1,-1
304,5,1372.19,78.87,405.05,999.42,-1,-1,-1,-1
304,7,32.75,191.84,254.58,712.59,-1,-1,-1,-1
304,3,145.30,104.14,373.46,971.50,-1,-1,-1,-1
304,1,664.94,214.54,249.17,663.50,-1,-1,-1,-1
305,5,1396.34,71.48,397.34,995.07,-1,-1,-1,-1
305,7,44.91,180.66,269.01,752.11,-1,-1,-1,-1
305,3,165.67,112.52,372.99,963.46,-1,-1,-1,-1
305,1,637.56,213.13,249.46,668.87,-1,-1,-1,-1
306,5,1412.67,75.24,390.51,992.79,-1,-1,-1,-1
306,7,48.42,166.67,281.75,787.52,-1,-1,-1,-1
306,3,185.69,107.95,379.35,975.67,-1,-1,-1,-1
306,1,611.81,210.74,252.32,677.98,-1,-1,-1,-1
307,5,1432.11,90.19,383.64,982.89,-1,-1,-1,-1
307,7,52.10,153.71,294.00,818.39,-1,-1,-1,-1
307,3,208.59,101.41,385.34,992.58,-1,-1,-1,-1
307,1,582.87,212.63,259.95,694.98,-1,-1,-1,-1
308,5,1443.00,86.92,382.21,983.32,-1,-1,-1,-1
308,7,53.45,144.57,307.84,851.12,-1,-1,-1,-1
308,3,230.33,88.87,393.42,1008.99,-1,-1,-1,-1
308,1,566.11,215.37,266.34,706.86,-1,-1,-1,-1
309,5,1458.09,108.10,377.34,968.61,-1,-1,-1,-1
309,7,53.98,143.00,321.60,880.07,-1,-1,-1,-1
309,3,274.58,73.26,382.51,982.14,-1,-1,-1,-1
309,1,551.67,220.00,268.87,711.35,-1,-1,-1,-1
310,5,1465.01,119.75,374.36,960.03,-1,-1,-1,-1
310,7,48.28,140.62,333.89,906.59,-1,-1,-1,-1
310,3,296.01,59.65,389.41,1003.71,-1,-1,-1,-1
310,1,545.52,224.74,266.08,703.37,-1,-1,-1,-1
311,5,1473.66,114.08,371.22,951.87,-1,-1,-1,-1
311,7,35.54,139.26,344.82,933.09,-1,-1,-1,-1
311,3,334.70,51.36,400.01,1027.28,-1,-1,-1,-1
312,5,1490.48,121.31,361.89,927.33,-1,-1,-1,-1
312,7,34.38,139.97,353.30,952.90,-1,-1,-1,-1
312,3,371.20,36.47,395.60,1008.14,-1,-1,-1,-1
313,5,1504.20,124.71,355.82,914.71,-1,-1,-1,-1
313,7,34.52,139.39,358.93,962.04,-1,-1,-1,-1
313,3,402.66,43.01,391.71,994.02,-1,-1,-1,-1
314,5,1506.14,122.16,351.56,910.86,-1,-1,-1,-1
314,7,31.54,136.40,361.30,962.89,-1,-1,-1,-1
314,3,436.58,56.92,397.81,1013.31,-1,-1,-1,-1
315,5,1510.48,120.65,343.59,900.60,-1,-1,-1,-1
315,7,29.59,130.82,367.37,971.59,-1,-1,-1,-1
315,3,473.14,48.29,396.16,1015.00,-1,-1,-1,-1
316,5,1520.03,125.81,331.67,881.95,-1,-1,-1,-1
316,7,27.01,116.45,375.20,982.29,-1,-1,-1,-1
316,3,527.39,50.04,396.97,1019.56,-1,-1,-1,-1
317,5,1524.12,133.59,321.18,861.93,-1,-1,-1,-1
317,7,22.94,94.47,385.86,1000.15,-1,-1,-1,-1
317,3,585.77,31.21,401.99,1040.31,-1,-1,-1,-1
317,1,413.55,199.44,282.90,754.44,-1,-1,-1,-1
318,5,1522.89,140.75,313.09,846.52,-1,-1,-1,-1
318,7,19.99,74.26,395.30,1013.93,-1,-1,-1,-1
318,3,628.37,19.34,398.87,1043.79,-1,-1,-1,-1
318,1,402.38,198.56,282.05,756.16,-1,-1,-1,-1
319,5,1518.55,147.72,305.48,831.32,-1,-1,-1,-1
319,7,24.80,64.58,399.68,1015.90,-1,-1,-1,-1
319,3,677.89,19.23,401.33,1050.58,-1,-1,-1,-1
319,1,399.96,199.52,281.06,755.96,-1,-1,-1,-1
320,5,1510.54,153.34,294.42,803.65,-1,-1,-1,-1
320,7,40.94,52.19,399.36,1002.08,-1,-1,-1,-1
320,3,726.52,23.05,401.94,1053.19,-1,-1,-1,-1
320,1,397.24,199.03,282.19,758.14,-1,-1,-1,-1
321,5,1498.20,155.94,286.45,782.23,-1,-1,-1,-1
321,7,48.45,60.75,406.91,1016.18,-1,-1,-1,-1
321,3,770.19,28.24,402.97,1059.71,-1,-1,-1,-1
321,1,394.20,199.27,282.09,757.01,-1,-1,-1,-1
322,5,1485.54,157.68,281.61,769.60,-1,-1,-1,-1
322,7,67.57,71.94,408.33,1016.77,-1,-1,-1,-1
322,3,827.33,37.90,394.49,1045.53,-1,-1,-1,-1
322,1,380.02,207.32,281.62,757.57,-1,-1,-1,-1
323,5,1470.20,155.45,276.03,761.44,-1,-1,-1,-1
323,7,88.33,78.95,408.09,1012.88,-1,-1,-1,-1
323,3,881.23,32.28,390.01,1033.51,-1,-1,-1,-1
323,1,365.78,214.21,279.44,750.59,-1,-1,-1,-1
324,5,1452.39,154.87,272.66,760.83,-1,-1,-1,-1
324,7,137.32,93.44,401.34,990.27,-1,-1,-1,-1
324,3,944.42,36.52,374.98,984.32,-1,-1,-1,-1
324,1,344.09,215.37,278.44,752.79,-1,-1,-1,-1
325,5,1440.53,155.77,270.13,762.06,-1,-1,-1,-1
325,7,185.71,110.67,399.42,977.38,-1,-1,-1,-1
325,3,992.28,30.21,375.72,981.17,-1,-1,-1,-1
326,5,1424.64,162.83,264.59,749.18,-1,-1,-1,-1
326,7,220.22,100.40,407.75,991.58,-1,-1,-1,-1
326,3,1018.96,25.01,378.58,982.98,-1,-1,-1,-1
327,5,1404.55,163.75,264.57,750.87,-1,-1,-1,-1
327,7,248.83,79.19,414.60,1001.61,-1,-1,-1,-1
327,3,1044.67,24.42,405.95,1044.51,-1,-1,-1,-1
328,5,1399.12,171.55,255.54,724.27,-1,-1,-1,-1
328,7,269.32,58.09,421.61,1000.20,-1,-1,-1,-1
328,3,1086.55,15.71,410.31,1046.25,-1,-1,-1,-1
329,5,1353.53,187.31,262.34,727.82,-1,-1,-1,-1
329,7,296.81,51.78,421.31,989.13,-1,-1,-1,-1
329,3,1140.14,38.19,408.73,1026.32,-1,-1,-1,-1
330,7,336.11,21.90,433.93,1014.30,-1,-1,-1,-1
330,3,1179.93,20.22,424.25,1046.75,-1,-1,-1,-1
330,10,188.34,189.57,338.80,807.01,-1,-1,-1,-1
331,7,378.88,4.87,447.98,1041.76,-1,-1,-1,-1
331,3,1220.37,12.52,435.24,1057.66,-1,-1,-1,-1
331,10,167.73,189.18,345.46,823.01,-1,-1,-1,-1
332,7,434.35,5.88,461.70,1062.25,-1,-1,-1,-1
332,3,1291.33,23.59,435.83,1051.63,-1,-1,-1,-1
332,10,147.76,181.89,360.58,860.30,-1,-1,-1,-1
333,7,473.77,15.99,472.86,1071.80,-1,-1,-1,-1
333,3,1344.86,32.36,433.31,1042.80,-1,-1,-1,-1
333,10,137.99,181.42,372.61,890.83,-1,-1,-1,-1
333,11,1247.73,179.22,265.31,690.88,-1,-1,-1,-1
334,7,503.34,17.93,474.67,1065.28,-1,-1,-1,-1
334,3,1370.18,27.19,436.82,1052.49,-1,-1,-1,-1
334,10,141.26,188.03,374.59,896.74,-1,-1,-1,-1
334,11,1228.05,190.70,255.46,665.20,-1,-1,-1,-1
335,7,536.74,19.53,452.24,1015.63,-1,-1,-1,-1
335,3,1389.18,48.61,426.88,1027.86,-1,-1,-1,-1
335,10,143.42,185.13,378.32,907.39,-1,-1,-1,-1
335,11,1205.46,195.93,250.86,653.81,-1,-1,-1,-1
336,7,594.60,20.34,444.05,996.12,-1,-1,-1,-1
336,3,1397.49,53.32,428.48,1030.24,-1,-1,-1,-1
336,10,145.92,180.43,376.95,904.86,-1,-1,-1,-1
336,11,1193.44,203.27,245.62,640.11,-1,-1,-1,-1
337,7,661.28,26.70,440.62,990.31,-1,-1,-1,-1
337,3,1411.28,61.12,428.91,1032.60,-1,-1,-1,-1
337,10,147.82,172.99,380.31,914.64,-1,-1,-1,-1
337,11,1184.30,210.14,234.95,612.23,-1,-1,-1,-1
338,7,705.39,24.60,440.73,994.25,-1,-1,-1,-1
338,3,1421.06,85.66,418.03,1001.41,-1,-1,-1,-1
338,10,150.88,166.88,377.64,907.89,-1,-1,-1,-1
338,11,1176.38,208.53,232.26,604.60,-1,-1,-1,-1
339,7,740.96,23.30,440.64,1002.01,-1,-1,-1,-1
339,3,1432.20,91.74,413.34,990.54,-1,-1,-1,-1
339,10,147.83,151.78,385.28,928.35,-1,-1,-1,-1
339,11,1160.25,204.29,229.51,597.71,-1,-1,-1,-1
340,7,797.05,7.07,440.30,1003.87,-1,-1,-1,-1
340,3,1436.30,87.65,415.41,997.32,-1,-1,-1,-1
340,10,152.68,140.55,392.05,943.10,-1,-1,-1,-1
340,11,1144.44,197.58,224.99,584.58,-1,-1,-1,-1
341,7,860.22,25.45,451.14,1022.09,-1,-1,-1,-1
341,3,1447.31,78.42,402.80,967.23,-1,-1,-1,-1
341,10,165.35,142.85,390.10,933.51,-1,-1,-1,-1
342,7,894.59,8.22,468.51,1054.12,-1,-1,-1,-1
342,3,1453.45,76.05,396.62,952.65,-1,-1,-1,-1
342,10,176.32,129.34,394.75,941.62,-1,-1,-1,-1
343,7,924.29,1.73,475.63,1056.27,-1,-1,-1,-1
343,3,1450.05,94.04,401.29,967.68,-1,-1,-1,-1
343,10,187.61,134.62,397.83,939.86,-1,-1,-1,-1
344,7,949.49,-0.64,481.09,1060.34,-1,-1,-1,-1
344,3,1454.12,93.64,397.75,964.95,-1,-1,-1,-1
344,10,199.86,122.45,404.72,947.10,-1,-1,-1,-1
345,7,973.48,-1.41,487.70,1072.44,-1,-1,-1,-1
345,10,213.49,128.04,411.17,955.96,-1,-1,-1,-1
345,5,1468.34,109.31,341.03,948.72,-1,-1,-1,-1
346,7,1007.42,7.04,490.22,1078.85,-1,-1,-1,-1
346,10,228.53,117.45,420.62,971.82,-1,-1,-1,-1
346,5,1479.36,109.59,331.58,920.92,-1,-1,-1,-1
347,7,1046.72,15.97,486.37,1076.33,-1,-1,-1,-1
347,10,257.04,115.93,419.91,969.78,-1,-1,-1,-1
347,1,956.82,218.99,212.52,562.34,-1,-1,-1,-1
347,3,1473.73,112.59,359.67,882.69,-1,-1,-1,-1
348,7,1084.58,21.38,485.16,1077.12,-1,-1,-1,-1
348,10,281.77,114.42,424.36,982.41,-1,-1,-1,-1
348,1,958.26,218.71,213.57,567.59,-1,-1,-1,-1
348,3,1481.33,122.16,341.80,852.27,-1,-1,-1,-1
349,7,1131.96,13.05,467.76,1042.79,-1,-1,-1,-1
349,10,308.80,113.84,424.90,986.20,-1,-1,-1,-1
349,1,948.95,218.48,214.91,570.21,-1,-1,-1,-1
349,3,1486.71,121.17,332.62,842.45,-1,-1,-1,-1
350,7,1170.27,15.41,472.38,1056.48,-1,-1,-1,-1
350,10,338.76,128.04,421.34,982.56,-1,-1,-1,-1
350,1,928.56,220.33,218.39,574.25,-1,-1,-1,-1
350,3,1481.94,118.98,327.20,840.35,-1,-1,-1,-1
351,7,1203.96,27.01,469.95,1050.55,-1,-1,-1,-1
351,10,387.57,136.02,414.07,965.86,-1,-1,-1,-1
351,1,905.32,221.78,221.86,578.14,-1,-1,-1,-1
351,3,1466.97,106.19,319.30,830.18,-1,-1,-1,-1
352,7,1241.12,18.85,472.42,1059.16,-1,-1,-1,-1
352,10,433.62,141.15,405.55,945.77,-1,-1,-1,-1
352,1,880.22,227.00,220.28,570.72,-1,-1,-1,-1
353,7,1272.35,20.24,464.21,1045.19,-1,-1,-1,-1
353,10,462.86,134.55,408.77,952.68,-1,-1,-1,-1
353,1,860.40,233.02,218.18,562.25,-1,-1,-1,-1
354,7,1284.91,6.77,463.70,1050.77,-1,-1,-1,-1
354,10,489.15,126.66,402.22,932.89,-1,-1,-1,-1
354,1,839.25,231.61,221.11,572.61,-1,-1,-1,-1
355,10,506.82,120.14,400.04,922.82,-1,-1,-1,-1
355,1,820.50,229.95,216.72,560.38,-1,-1,-1,-1
355,3,1338.64,9.95,395.93,1022.69,-1,-1,-1,-1
356,10,519.90,114.87,422.08,967.09,-1,-1,-1,-1
356,1,807.16,228.69,215.55,556.68,-1,-1,-1,-1
356,3,1338.94,-1.14,398.05,1021.95,-1,-1,-1,-1
357,10,541.37,107.41,434.90,991.57,-1,-1,-1,-1
357,3,1348.00,-3.90,410.37,1048.73,-1,-1,-1,-1
358,10,558.85,106.03,439.90,998.11,-1,-1,-1,-1
358,3,1367.58,3.14,403.98,1026.31,-1,-1,-1,-1
359,10,583.41,115.29,440.19,991.71,-1,-1,-1,-1
359,7,1372.49,35.91,452.80,1026.80,-1,-1,-1,-1
360,10,610.18,111.16,437.78,984.56,-1,-1,-1,-1
360,13,1318.81,174.46,237.43,646.59,-1,-1,-1,-1
360,3,1409.68,30.80,400.44,1009.40,-1,-1,-1,-1
361,10,638.88,112.51,434.64,978.11,-1,-1,-1,-1
361,13,1301.44,182.68,233.37,635.20,-1,-1,-1,-1
361,3,1439.10,54.34,403.65,1013.27,-1,-1,-1,-1
362,10,667.02,124.48,429.13,966.45,-1,-1,-1,-1
362,13,1288.94,189.49,228.55,621.41,-1,-1,-1,-1
362,3,1458.99,49.64,399.02,998.10,-1,-1,-1,-1
363,10,700.65,116.95,428.07,971.87,-1,-1,-1,-1
363,13,1268.87,190.96,226.48,614.74,-1,-1,-1,-1
363,3,1466.62,50.61,406.15,1016.94,-1,-1,-1,-1
364,10,735.14,99.13,430.93,986.63,-1,-1,-1,-1
364,13,1246.20,184.51,224.79,607.94,-1,-1,-1,-1
364,3,1481.43,54.47,404.97,1017.80,-1,-1,-1,-1
364,15,18.94,272.58,96.30,573.03,-1,-1,-1,-1
364,1,684.00,229.66,217.76,569.48,-1,-1,-1,-1
365,10,769.96,90.47,423.26,979.79,-1,-1,-1,-1
365,13,1224.70,188.83,224.63,605.60,-1,-1,-1,-1
365,3,1489.10,60.21,402.54,1017.93,-1,-1,-1,-1
365,1,666.25,227.72,216.28,573.11,-1,-1,-1,-1
366,10,793.36,90.53,420.13,987.00,-1,-1,-1,-1
366,13,1207.63,188.21,225.24,605.33,-1,-1,-1,-1
366,3,1495.45,54.63,399.95,1019.49,-1,-1,-1,-1
366,1,646.27,225.69,215.41,576.93,-1,-1,-1,-1
366,16,12.47,223.79,191.20,605.10,-1,-1,-1,-1
367,10,835.37,99.69,413.03,988.29,-1,-1,-1,-1
367,13,1179.17,190.85,221.93,595.16,-1,-1,-1,-1
367,3,1505.50,50.51,390.73,1007.53,-1,-1,-1,-1
367,1,623.34,222.68,219.13,587.61,-1,-1,-1,-1
367,16,20.62,227.51,194.99,614.21,-1,-1,-1,-1
368,10,873.32,95.76,408.11,987.06,-1,-1,-1,-1
368,13,1159.20,193.04,221.14,591.03,-1,-1,-1,-1
368,3,1509.98,56.29,383.33,997.92,-1,-1,-1,-1
368,1,607.35,224.58,223.48,598.03,-1,-1,-1,-1
368,16,30.45,234.05,196.02,612.50,-1,-1,-1,-1
369,10,917.10,103.01,408.12,992.53,-1,-1,-1,-1
369,13,1133.13,189.06,214.91,574.02,-1,-1,-1,-1
369,3,1514.85,63.85,375.35,989.85,-1,-1,-1,-1
369,1,593.19,226.27,224.45,597.11,-1,-1,-1,-1
369,16,43.57,232.05,198.52,614.33,-1,-1,-1,-1
370,10,952.58,116.92,401.90,982.24,-1,-1,-1,-1
370,3,1511.33,74.89,367.09,980.58,-1,-1,-1,-1
370,1,580.01,226.43,227.66,601.64,-1,-1,-1,-1
370,16,52.22,218.64,208.54,636.79,-1,-1,-1,-1
371,10,992.30,114.04,399.47,974.14,-1,-1,-1,-1
371,3,1506.22,85.11,357.75,970.24,-1,-1,-1,-1
371,1,566.19,221.83,231.58,607.92,-1,-1,-1,-1
371,16,53.55,208.51,219.93,662.38,-1,-1,-1,-1
372,10,1017.21,111.95,403.50,983.19,-1,-1,-1,-1
372,3,1495.06,91.48,345.33,954.84,-1,-1,-1,-1
372,1,554.64,219.69,233.48,609.38,-1,-1,-1,-1
372,16,56.38,204.96,228.67,680.70,-1,-1,-1,-1
373,10,1056.06,108.96,403.10,985.53,-1,-1,-1,-1
373,3,1492.24,95.90,334.48,935.05,-1,-1,-1,-1
373,1,541.75,221.89,232.86,606.81,-1,-1,-1,-1
373,16,59.05,204.87,238.46,701.98,-1,-1,-1,-1
373,13,1025.76,164.19,227.37,611.36,-1,-1,-1,-1
374,10,1085.95,100.51,404.47,1001.51,-1,-1,-1,-1
374,3,1484.98,96.81,321.66,902.09,-1,-1,-1,-1
374,1,528.53,224.64,235.28,611.70,-1,-1,-1,-1
374,16,63.45,206.16,246.90,718.47,-1,-1,-1,-1
374,13,997.42,182.37,222.45,596.29,-1,-1,-1,-1
375,10,1126.30,94.31,393.98,987.16,-1,-1,-1,-1
375,3,1475.49,101.96,309.79,863.79,-1,-1,-1,-1
375,1,513.62,223.25,238.04,617.70,-1,-1,-1,-1
375,16,67.41,200.96,254.44,729.72,-1,-1,-1,-1
375,13,976.16,192.02,221.99,592.13,-1,-1,-1,-1
376,10,1148.77,94.39,391.84,994.90,-1,-1,-1,-1
376,3,1457.49,105.41,304.58,843.33,-1,-1,-1,-1
376,1,495.67,220.74,243.05,631.38,-1,-1,-1,-1
376,16,70.80,195.90,261.70,741.10,-1,-1,-1,-1
376,13,958.71,204.16,220.15,582.80,-1,-1,-1,-1
377,10,1171.33,98.05,386.15,993.06,-1,-1,-1,-1
377,3,1437.78,103.14,303.93,842.15,-1,-1,-1,-1
377,1,476.61,222.94,245.74,640.14,-1,-1,-1,-1
377,16,75.04,190.27,267.11,748.30,-1,-1,-1,-1
377,13,939.20,209.54,221.04,580.30,-1,-1,-1,-1
378,10,1194.06,98.57,385.50,994.90,-1,-1,-1,-1
378,3,1427.40,105.13,294.37,824.88,-1,-1,-1,-1
378,1,462.45,222.84,246.00,641.54,-1,-1,-1,-1
378,16,79.81,182.40,272.54,752.85,-1,-1,-1,-1
378,13,923.94,208.36,221.59,579.51,-1,-1,-1,-1
379,10,1220.25,97.46,382.58,992.27,-1,-1,-1,-1
379,3,1406.21,109.72,287.38,811.72,-1,-1,-1,-1
379,1,449.80,220.30,246.47,642.41,-1,-1,-1,-1
379,16,86.92,178.53,278.65,760.01,-1,-1,-1,-1
379,13,906.41,205.51,224.92,588.72,-1,-1,-1,-1
380,10,1240.82,92.89,389.73,1001.99,-1,-1,-1,-1
380,3,1403.91,113.44,273.98,784.79,-1,-1,-1,-1
380,1,441.51,217.42,246.76,642.15,-1,-1,-1,-1
380,16,95.01,181.01,286.78,773.47,-1,-1,-1,-1
380,13,885.62,204.29,224.69,588.85,-1,-1,-1,-1
381,10,1255.54,95.16,392.29,997.80,-1,-1,-1,-1
381,1,430.06,214.60,247.93,644.11,-1,-1,-1,-1
381,16,106.62,181.83,292.69,784.06,-1,-1,-1,-1
381,13,866.46,196.87,223.03,586.94,-1,-1,-1,-1
382,10,1279.66,98.49,392.66,985.45,-1,-1,-1,-1
382,1,415.27,211.80,250.97,652.35,-1,-1,-1,-1
382,16,118.01,182.96,297.75,791.82,-1,-1,-1,-1
382,13,853.66,195.46,222.49,590.93,-1,-1,-1,-1
383,10,1300.50,100.30,396.53,986.04,-1,-1,-1,-1
383,1,398.94,207.84,253.71,661.38,-1,-1,-1,-1
383,16,125.42,184.90,303.94,805.46,-1,-1,-1,-1
383,13,836.04,200.42,221.96,589.78,-1,-1,-1,-1
384,10,1323.28,101.29,398.24,982.67,-1,-1,-1,-1
384,1,378.31,206.91,255.60,668.96,-1,-1,-1,-1
384,16,133.55,183.82,307.34,811.20,-1,-1,-1,-1
384,13,818.75,202.29,224.12,596.81,-1,-1,-1,-1
385,10,1329.78,117.05,395.86,969.62,-1,-1,-1,-1
385,1,361.21,200.65,264.60,700.43,-1,-1,-1,-1
385,16,141.45,175.76,312.25,820.74,-1,-1,-1,-1
385,13,804.57,210.13,219.81,589.40,-1,-1,-1,-1
386,10,1331.65,134.84,369.90,908.19,-1,-1,-1,-1
386,1,349.19,200.63,266.63,711.26,-1,-1,-1,-1
386,16,148.90,163.50,323.06,847.42,-1,-1,-1,-1
386,13,785.82,209.65,220.20,594.79,-1,-1,-1,-1
387,10,1371.75,123.99,378.33,931.30,-1,-1,-1,-1
387,1,339.03,203.04,263.49,709.40,-1,-1,-1,-1
387,16,152.98,152.33,337.28,888.90,-1,-1,-1,-1
387,13,765.57,204.73,222.14,603.54,-1,-1,-1,-1
388,10,1396.79,123.88,380.01,941.32,-1,-1,-1,-1
388,1,323.03,200.40,267.20,725.83,-1,-1,-1,-1
388,16,169.36,152.40,346.83,916.21,-1,-1,-1,-1
388,13,749.34,208.97,219.08,598.17,-1,-1,-1,-1
388,17,1256.54,157.13,243.82,678.71,-1,-1,-1,-1
389,10,1401.23,125.58,377.10,945.72,-1,-1,-1,-1
389,16,196.52,162.29,343.93,906.45,-1,-1,-1,-1
389,13,733.19,207.97,219.32,599.40,-1,-1,-1,-1
389,17,1247.57,154.32,243.62,677.06,-1,-1,-1,-1
390,16,210.86,164.38,340.89,898.64,-1,-1,-1,-1
390,13,712.81,204.79,220.59,604.15,-1,-1,-1,-1
390,17,1226.73,146.96,246.36,683.39,-1,-1,-1,-1
390,3,1424.65,133.12,331.25,940.54,-1,-1,-1,-1
391,16,220.03,157.55,349.75,920.06,-1,-1,-1,-1
391,13,696.63,204.61,220.61,603.39,-1,-1,-1,-1
391,17,1206.32,141.92,246.20,680.25,-1,-1,-1,-1
391,3,1429.52,134.40,331.37,939.21,-1,-1,-1,-1
392,16,230.42,134.97,359.26,945.37,-1,-1,-1,-1
392,13,678.05,207.06,219.22,598.24,-1,-1,-1,-1
392,17,1197.42,149.24,242.50,668.23,-1,-1,-1,-1
392,3,1436.83,137.97,324.92,916.92,-1,-1,-1,-1
393,16,239.97,125.69,368.72,963.93,-1,-1,-1,-1
393,13,662.29,215.71,217.70,591.58,-1,-1,-1,-1
393,17,1186.32,158.06,239.70,656.50,-1,-1,-1,-1
393,3,1439.59,140.21,316.73,891.31,-1,-1,-1,-1
394,16,255.92,107.01,377.10,982.52,-1,-1,-1,-1
394,13,643.83,216.73,220.46,596.83,-1,-1,-1,-1
394,17,1174.68,169.57,235.78,641.83,-1,-1,-1,-1
394,3,1435.92,140.31,315.20,884.29,-1,-1,-1,-1
395,16,276.91,108.00,383.15,988.72,-1,-1,-1,-1
395,13,624.68,217.41,220.12,596.98,-1,-1,-1,-1
395,17,1158.43,173.17,237.06,641.61,-1,-1,-1,-1
395,3,1428.55,144.06,310.76,869.91,-1,-1,-1,-1
396,16,316.30,100.68,382.89,978.99,-1,-1,-1,-1
396,13,589.31,214.26,220.79,602.94,-1,-1,-1,-1
396,17,1134.26,171.78,234.51,630.38,-1,-1,-1,-1
396,3,1413.69,147.92,310.64,869.71,-1,-1,-1,-1
397,16,345.70,96.67,391.31,993.93,-1,-1,-1,-1
397,13,566.91,215.47,215.48,593.98,-1,-1,-1,-1
397,17,1112.75,174.58,230.17,618.45,-1,-1,-1,-1
397,3,1410.43,153.98,307.43,856.62,-1,-1,-1,-1
397,1,164.18,173.83,295.22,807.11,-1,-1,-1,-1
398,16,370.47,103.40,390.26,982.04,-1,-1,-1,-1
398,17,1097.95,175.15,227.89,613.16,-1,-1,-1,-1
398,3,1407.48,155.87,306.62,848.87,-1,-1,-1,-1
398,1,150.88,179.08,296.18,816.20,-1,-1,-1,-1
399,16,397.28,92.91,394.71,989.98,-1,-1,-1,-1
399,17,1074.07,173.87,228.88,617.56,-1,-1,-1,-1
399,3,1395.34,165.12,307.04,840.29,-1,-1,-1,-1
399,1,142.14,177.78,299.19,824.46,-1,-1,-1,-1
400,16,425.43,83.24,403.20,1009.32,-1,-1,-1,-1
400,17,1049.88,173.25,229.08,621.21,-1,-1,-1,-1
400,3,1381.46,177.58,294.49,794.94,-1,-1,-1,-1
400,1,124.45,177.34,308.86,855.04,-1,-1,-1,-1
401,16,469.91,79.74,403.76,1013.09,-1,-1,-1,-1
401,17,1027.95,177.76,227.80,619.74,-1,-1,-1,-1
401,3,1370.05,180.05,286.29,765.49,-1,-1,-1,-1
401,1,106.46,181.47,311.60,861.57,-1,-1,-1,-1
402,16,515.27,72.25,407.61,1019.75,-1,-1,-1,-1
402,17,1005.51,173.62,227.35,618.34,-1,-1,-1,-1
402,3,1351.41,178.23,280.94,750.06,-1,-1,-1,-1
402,1,76.28,170.10,323.05,885.11,-1,-1,-1,-1
402,13,451.32,206.01,237.34,654.21,-1,-1,-1,-1
403,16,555.57,80.09,408.76,1018.11,-1,-1,-1,-1
403,17,987.13,172.07,228.54,620.54,-1,-1,-1,-1
403,3,1333.85,180.88,269.61,719.14,-1,-1,-1,-1
403,1,53.79,161.51,335.10,909.37,-1,-1,-1,-1
403,13,430.67,206.52,241.23,667.32,-1,-1,-1,-1
404,16,598.73,78.23,407.35,1009.90,-1,-1,-1,-1
404,17,975.62,173.73,227.45,617.82,-1,-1,-1,-1
404,3,1321.85,187.95,263.03,700.48,-1,-1,-1,-1
404,1,37.41,150.96,342.80,922.03,-1,-1,-1,-1
404,13,408.22,203.79,239.09,668.14,-1,-1,-1,-1
405,16,640.63,69.55,412.87,1026.44,-1,-1,-1,-1
405,17,966.36,179.55,225.52,613.48,-1,-1,-1,-1
405,3,1310.26,190.43,258.43,687.97,-1,-1,-1,-1
405,1,23.61,144.33,352.23,937.54,-1,-1,-1,-1
405,13,383.40,199.66,241.14,675.05,-1,-1,-1,-1
406,16,698.38,58.72,412.40,1034.00,-1,-1,-1,-1
406,17,954.38,183.43,222.39,603.58,-1,-1,-1,-1
406,3,1291.87,192.53,257.14,683.98,-1,-1,-1,-1
406,1,18.46,141.39,360.10,951.89,-1,-1,-1,-1
406,13,366.40,192.77,246.23,684.99,-1,-1,-1,-1
407,16,761.15,78.82,388.27,981.89,-1,-1,-1,-1
407,17,929.37,169.30,224.61,611.70,-1,-1,-1,-1
407,3,1275.24,197.92,253.68,671.94,-1,-1,-1,-1
407,1,16.65,141.73,362.40,951.30,-1,-1,-1,-1
407,13,351.66,191.72,247.38,687.68,-1,-1,-1,-1
408,16,802.11,51.48,404.28,1025.34,-1,-1,-1,-1
408,3,1264.04,204.44,251.12,658.81,-1,-1,-1,-1
408,1,15.62,145.05,365.88,956.48,-1,-1,-1,-1
408,13,336.31,189.47,247.98,687.27,-1,-1,-1,-1
409,16,849.38,32.48,408.15,1038.46,-1,-1,-1,-1
409,3,1248.77,206.17,248.48,648.73,-1,-1,-1,-1
409,1,18.85,141.52,362.51,945.97,-1,-1,-1,-1
409,13,318.28,184.77,251.52,695.00,-1,-1,-1,-1
410,16,904.61,44.35,405.95,1035.75,-1,-1,-1,-1
410,3,1234.81,206.60,242.76,633.31,-1,-1,-1,-1
410,1,19.41,141.97,358.65,938.06,-1,-1,-1,-1
410,13,293.67,176.89,260.81,717.84,-1,-1,-1,-1
410,17,869.70,188.06,218.82,595.97,-1,-1,-1,-1
411,16,948.43,48.88,408.05,1036.88,-1,-1,-1,-1
411,3,1221.16,208.87,237.24,622.90,-1,-1,-1,-1
411,1,20.18,142.04,358.33,939.29,-1,-1,-1,-1
411,13,276.24,181.01,265.39,728.84,-1,-1,-1,-1
411,17,842.38,188.36,219.52,597.90,-1,-1,-1,-1
412,16,1000.62,52.46,397.56,1002.57,-1,-1,-1,-1
412,1,24.07,134.80,361.00,947.15,-1,-1,-1,-1
412,13,260.20,186.58,263.30,720.26,-1,-1,-1,-1
412,17,822.87,190.11,222.09,603.81,-1,-1,-1,-1
413,16,1047.50,49.71,410.78,1029.67,-1,-1,-1,-1
413,1,28.86,127.86,369.63,970.95,-1,-1,-1,-1
413,13,210.59,179.18,280.10,764.09,-1,-1,-1,-1
413,17,800.90,182.68,224.27,608.87,-1,-1,-1,-1
414,16,1091.38,41.86,415.68,1038.57,-1,-1,-1,-1
414,1,46.86,115.08,375.14,983.24,-1,-1,-1,-1
414,13,208.43,173.05,275.85,759.02,-1,-1,-1,-1
414,17,780.90,181.01,226.70,613.58,-1,-1,-1,-1
415,16,1137.44,47.31,415.85,1038.81,-1,-1,-1,-1
415,1,71.56,109.23,379.85,990.39,-1,-1,-1,-1
415,17,766.86,183.67,226.78,607.77,-1,-1,-1,-1
415,3,1129.10,198.76,222.33,580.05,-1,-1,-1,-1
416,16,1188.52,55.71,414.20,1030.02,-1,-1,-1,-1
416,1,98.88,109.62,380.54,987.04,-1,-1,-1,-1
416,17,755.57,187.70,228.75,608.36,-1,-1,-1,-1
416,3,1105.54,200.37,230.13,601.05,-1,-1,-1,-1
417,16,1229.85,57.28,415.44,1027.13,-1,-1,-1,-1
417,1,118.76,97.03,389.41,1006.10,-1,-1,-1,-1
417,17,745.32,191.85,230.57,609.50,-1,-1,-1,-1
417,3,1089.05,204.51,237.14,619.57,-1,-1,-1,-1
418,16,1277.52,67.83,408.94,1006.76,-1,-1,-1,-1
418,1,129.40,91.41,398.03,1015.80,-1,-1,-1,-1
418,17,732.23,188.93,233.10,615.00,-1,-1,-1,-1
418,3,1078.22,209.85,240.23,625.96,-1,-1,-1,-1
419,16,1317.26,70.63,402.40,985.51,-1,-1,-1,-1
419,1,150.32,91.39,404.00,1020.27,-1,-1,-1,-1
419,17,716.67,185.51,235.64,620.40,-1,-1,-1,-1
419,3,1063.21,212.12,239.43,626.14,-1,-1,-1,-1
420,16,1359.19,70.28,407.51,992.22,-1,-1,-1,-1
420,1,178.18,78.09,404.05,1000.57,-1,-1,-1,-1
420,17,687.63,182.63,242.65,636.59,-1,-1,-1,-1
420,3,1045.69,214.14,241.58,634.40,-1,-1,-1,-1
421,16,1387.53,58.45,414.99,1011.98,-1,-1,-1,-1
421,1,214.90,79.06,416.15,1017.78,-1,-1,-1,-1
421,17,663.65,184.54,245.34,641.48,-1,-1,-1,-1
421,3,1031.23,214.40,238.86,634.03,-1,-1,-1,-1
422,16,1408.88,58.71,417.98,1023.68,-1,-1,-1,-1
422,1,232.47,71.59,424.04,1026.64,-1,-1,-1,-1
422,17,646.52,184.09,246.78,643.68,-1,-1,-1,-1
422,3,1018.91,210.13,237.08,635.99,-1,-1,-1,-1
423,16,1425.44,61.44,418.61,1031.22,-1,-1,-1,-1
423,1,253.13,65.11,424.40,1017.53,-1,-1,-1,-1
423,17,633.05,176.98,250.33,654.86,-1,-1,-1,-1
423,3,1003.97,207.59,232.96,631.61,-1,-1,-1,-1
424,16,1459.47,62.96,409.69,1016.65,-1,-1,-1,-1
424,1,294.60,58.67,427.52,1027.09,-1,-1,-1,-1
424,17,617.99,171.96,252.36,661.88,-1,-1,-1,-1
424,3,991.94,211.85,229.43,626.18,-1,-1,-1,-1
424,21,123.86,117.30,341.13,933.94,-1,-1,-1,-1
425,16,1491.67,78.67,396.07,997.63,-1,-1,-1,-1
425,1,328.48,58.11,428.70,1031.21,-1,-1,-1,-1
425,17,592.22,168.01,261.48,686.74,-1,-1,-1,-1
425,3,979.33,214.30,228.38,625.18,-1,-1,-1,-1
425,21,127.65,121.77,341.06,934.28,-1,-1,-1,-1
426,16,1506.45,91.89,384.25,984.32,-1,-1,-1,-1
426,1,363.03,54.51,427.86,1028.33,-1,-1,-1,-1
426,17,573.88,169.52,255.79,672.70,-1,-1,-1,-1
426,3,967.26,215.24,227.04,618.53,-1,-1,-1,-1
426,21,131.15,127.40,345.50,945.18,-1,-1,-1,-1
427,16,1517.51,102.30,369.93,955.30,-1,-1,-1,-1
427,1,401.55,53.18,427.45,1032.29,-1,-1,-1,-1
427,3,958.07,218.49,227.82,617.53,-1,-1,-1,-1
427,21,127.00,119.79,351.28,959.39,-1,-1,-1,-1
428,16,1510.80,102.98,365.30,943.81,-1,-1,-1,-1
428,1,446.54,49.55,421.26,1024.32,-1,-1,-1,-1
428,3,949.43,221.32,227.78,613.41,-1,-1,-1,-1
428,13,122.48,111.73,355.78,967.91,-1,-1,-1,-1
429,16,1508.36,102.73,359.97,927.98,-1,-1,-1,-1
429,1,495.43,43.21,421.61,1023.42,-1,-1,-1,-1
429,3,935.89,235.26,224.71,601.07,-1,-1,-1,-1
429,13,131.30,107.16,365.25,981.22,-1,-1,-1,-1
430,16,1507.00,101.72,355.77,920.37,-1,-1,-1,-1
430,1,535.53,51.54,428.12,1034.51,-1,-1,-1,-1
430,3,929.00,239.36,222.83,593.43,-1,-1,-1,-1
430,13,133.81,102.85,370.95,983.11,-1,-1,-1,-1
431,16,1505.80,106.09,353.58,917.03,-1,-1,-1,-1
431,1,578.67,57.81,424.80,1018.44,-1,-1,-1,-1
431,3,919.83,246.67,221.19,586.07,-1,-1,-1,-1
431,13,133.96,88.52,381.69,1002.00,-1,-1,-1,-1
432,16,1501.05,112.94,347.93,909.99,-1,-1,-1,-1
432,1,623.27,43.09,434.64,1034.60,-1,-1,-1,-1
432,3,910.82,255.41,212.04,562.89,-1,-1,-1,-1
432,13,140.70,87.06,385.45,1009.04,-1,-1,-1,-1
433,16,1496.49,121.38,335.26,888.33,-1,-1,-1,-1
433,1,660.95,32.18,443.01,1047.31,-1,-1,-1,-1
433,13,149.12,85.66,387.35,1008.61,-1,-1,-1,-1
433,17,441.26,157.39,270.86,727.11,-1,-1,-1,-1
434,16,1488.63,127.63,324.01,869.44,-1,-1,-1,-1
434,1,696.23,47.87,439.55,1033.08,-1,-1,-1,-1
434,13,165.53,83.72,391.29,1011.35,-1,-1,-1,-1
434,17,425.51,160.23,272.77,727.86,-1,-1,-1,-1
435,16,1480.11,132.28,310.52,847.79,-1,-1,-1,-1
435,1,738.97,27.82,444.75,1049.02,-1,-1,-1,-1
435,13,171.70,75.88,388.44,995.61,-1,-1,-1,-1
435,17,389.95,143.69,282.07,753.58,-1,-1,-1,-1
436,16,1468.79,141.44,295.59,816.32,-1,-1,-1,-1
436,1,787.29,20.21,443.68,1045.24,-1,-1,-1,-1
436,13,191.54,64.64,394.34,1003.53,-1,-1,-1,-1
436,17,372.26,141.50,287.54,772.28,-1,-1,-1,-1
437,16,1452.68,145.63,284.37,785.99,-1,-1,-1,-1
437,1,836.82,26.82,444.71,1043.78,-1,-1,-1,-1
437,13,212.54,61.05,404.78,1022.32,-1,-1,-1,-1
437,3,810.38,223.93,220.17,578.02,-1,-1,-1,-1
438,16,1433.72,153.28,277.66,764.34,-1,-1,-1,-1
438,1,900.35,34.55,443.77,1041.10,-1,-1,-1,-1
438,13,233.52,62.72,409.02,1024.45,-1,-1,-1,-1
438,3,795.58,231.55,224.26,582.96,-1,-1,-1,-1
439,16,1413.46,157.03,272.35,744.47,-1,-1,-1,-1
439,1,960.03,23.79,439.43,1032.87,-1,-1,-1,-1
439,13,253.78,70.60,405.89,1005.74,-1,-1,-1,-1
439,3,784.75,234.90,227.36,586.31,-1,-1,-1,-1
440,16,1399.83,164.02,267.24,727.29,-1,-1,-1,-1
440,1,999.47,19.83,446.57,1054.59,-1,-1,-1,-1
440,13,262.43,55.65,418.65,1033.51,-1,-1,-1,-1
440,3,765.22,242.58,227.25,582.26,-1,-1,-1,-1
441,16,1389.87,163.05,268.44,733.60,-1,-1,-1,-1
441,1,1041.69,26.64,452.70,1068.77,-1,-1,-1,-1
441,13,285.96,50.26,421.63,1042.48,-1,-1,-1,-1
441,3,745.39,240.15,230.31,588.21,-1,-1,-1,-1
442,16,1359.52,154.62,276.39,757.37,-1,-1,-1,-1
442,1,1093.63,37.44,447.43,1047.97,-1,-1,-1,-1
442,13,309.74,43.23,414.43,1025.85,-1,-1,-1,-1
442,3,717.97,233.22,234.78,602.53,-1,-1,-1,-1
442,17,263.32,122.32,285.38,770.44,-1,-1,-1,-1
443,1,1130.37,29.13,455.67,1059.54,-1,-1,-1,-1
443,13,320.61,36.50,422.89,1040.38,-1,-1,-1,-1
443,3,696.84,230.52,235.34,606.93,-1,-1,-1,-1
443,17,242.51,134.77,294.29,793.24,-1,-1,-1,-1
444,1,1163.63,25.94,466.11,1078.09,-1,-1,-1,-1
444,13,347.64,42.46,421.51,1038.33,-1,-1,-1,-1
444,3,679.94,227.18,236.78,617.94,-1,-1,-1,-1
444,17,214.43,145.20,305.33,823.98,-1,-1,-1,-1
445,1,1199.11,16.97,469.37,1081.14,-1,-1,-1,-1
445,13,392.99,44.36,415.96,1030.95,-1,-1,-1,-1
445,3,662.43,219.73,234.85,618.41,-1,-1,-1,-1
445,17,195.00,146.81,312.20,847.27,-1,-1,-1,-1
446,1,1240.53,20.59,458.42,1055.03,-1,-1,-1,-1
446,13,430.25,52.10,415.51,1025.98,-1,-1,-1,-1
446,17,175.33,144.70,321.13,871.98,-1,-1,-1,-1
447,1,1281.27,31.16,447.27,1031.03,-1,-1,-1,-1
447,13,462.36,49.22,415.67,1020.48,-1,-1,-1,-1
447,17,163.70,143.39,326.33,883.95,-1,-1,-1,-1
448,1,1314.98,37.89,451.81,1041.65,-1,-1,-1,-1
448,13,507.77,58.16,414.68,1004.47,-1,-1,-1,-1
448,17,159.33,146.09,316.48,849.04,-1,-1,-1,-1
448,16,1228.60,180.89,242.92,663.62,-1,-1,-1,-1
449,1,1351.68,46.80,443.44,1022.25,-1,-1,-1,-1
449,13,547.49,57.93,420.17,1017.21,-1,-1,-1,-1
449,17,141.56,143.70,320.85,852.34,-1,-1,-1,-1
449,16,1203.44,191.48,240.71,653.55,-1,-1,-1,-1
450,1,1377.11,43.84,444.76,1024.48,-1,-1,-1,-1
450,13,583.33,62.87,427.69,1028.25,-1,-1,-1,-1
450,17,120.83,137.51,334.61,885.08,-1,-1,-1,-1
450,16,1176.97,201.31,235.41,635.66,-1,-1,-1,-1
451,1,1399.21,44.51,447.45,1026.76,-1,-1,-1,-1
451,13,640.93,42.19,429.00,1033.56,-1,-1,-1,-1
451,17,96.74,126.01,350.00,922.43,-1,-1,-1,-1
451,16,1158.96,205.65,231.52,623.28,-1,-1,-1,-1
451,3,539.47,212.50,249.67,664.01,-1,-1,-1,-1
452,1,1407.75,39.60,449.69,1032.09,-1,-1,-1,-1
452,13,694.23,31.12,432.43,1044.57,-1,-1,-1,-1
452,17,80.45,119.96,358.85,943.62,-1,-1,-1,-1
452,16,1139.00,199.23,228.43,613.14,-1,-1,-1,-1
452,3,510.60,210.57,250.15,669.69,-1,-1,-1,-1
453,1,1427.25,38.57,446.48,1024.58,-1,-1,-1,-1
453,13,742.46,34.80,434.24,1046.56,-1,-1,-1,-1
453,17,70.11,109.13,365.30,955.50,-1,-1,-1,-1
453,16,1115.22,200.21,226.05,602.96,-1,-1,-1,-1
453,3,494.88,209.39,248.79,670.41,-1,-1,-1,-1
454,1,1435.84,36.91,447.03,1025.68,-1,-1,-1,-1
454,13,774.45,41.63,431.47,1044.81,-1,-1,-1,-1
454,17,63.12,101.31,369.43,960.68,-1,-1,-1,-1
454,16,1099.23,199.39,224.84,596.94,-1,-1,-1,-1
454,3,478.34,209.98,248.73,667.90,-1,-1,-1,-1
455,1,1453.17,48.99,448.40,1031.30,-1,-1,-1,-1
455,13,845.63,41.12,433.64,1055.80,-1,-1,-1,-1
455,17,63.77,103.24,376.36,975.51,-1,-1,-1,-1
455,16,1061.88,166.16,241.40,638.69,-1,-1,-1,-1
455,3,460.95,212.75,248.67,662.83,-1,-1,-1,-1
456,1,1468.57,54.92,444.20,1026.73,-1,-1,-1,-1
456,13,917.05,42.25,406.71,992.83,-1,-1,-1,-1
456,17,72.00,111.21,373.82,965.36,-1,-1,-1,-1
456,3,443.56,212.91,251.86,665.76,-1,-1,-1,-1
457,1,1482.78,64.47,435.20,1011.43,-1,-1,-1,-1
457,13,994.19,30.49,404.62,995.59,-1,-1,-1,-1
457,17,83.58,116.90,375.23,965.76,-1,-1,-1,-1
457,3,424.49,213.40,257.80,679.25,-1,-1,-1,-1
458,1,1489.64,69.23,430.49,1010.00,-1,-1,-1,-1
458,13,1031.53,30.71,411.87,1021.95,-1,-1,-1,-1
458,17,98.56,112.37,372.98,955.94,-1,-1,-1,-1
458,3,414.53,212.52,263.54,692.41,-1,-1,-1,-1
459,1,1496.34,74.15,426.06,1007.33,-1,-1,-1,-1
459,13,1080.98,10.00,418.20,1038.56,-1,-1,-1,-1
459,17,115.89,99.62,377.85,966.52,-1,-1,-1,-1
459,3,398.69,212.49,264.37,694.27,-1,-1,-1,-1
459,26,990.43,200.59,226.05,620.30,-1,-1,-1,-1
460,1,1498.46,74.54,420.97,1004.45,-1,-1,-1,-1
460,13,1142.34,2.01,412.12,1020.34,-1,-1,-1,-1
460,17,126.14,84.53,393.31,1004.11,-1,-1,-1,-1
460,3,387.53,218.33,261.78,688.73,-1,-1,-1,-1
460,16,958.09,192.58,236.07,630.41,-1,-1,-1,-1
461,1,1500.91,79.38,415.21,999.58,-1,-1,-1,-1
461,13,1170.85,11.17,431.81,1061.29,-1,-1,-1,-1
461,17,154.52,75.76,400.56,1018.71,-1,-1,-1,-1
461,3,353.61,197.96,283.31,745.59,-1,-1,-1,-1
461,16,937.65,197.01,234.00,625.98,-1,-1,-1,-1
462,1,1500.29,84.91,406.75,988.48,-1,-1,-1,-1
462,13,1206.87,2.83,427.85,1049.68,-1,-1,-1,-1
462,17,174.91,51.20,408.31,1034.30,-1,-1,-1,-1
462,16,915.98,202.06,233.50,623.52,-1,-1,-1,-1
463,1,1513.09,99.02,393.81,965.63,-1,-1,-1,-1
463,13,1304.33,38.67,422.05,1031.58,-1,-1,-1,-1
463,17,188.05,33.36,415.11,1044.90,-1,-1,-1,-1
463,16,892.59,205.33,233.84,621.31,-1,-1,-1,-1
464,13,1351.29,70.57,419.31,1009.95,-1,-1,-1,-1
464,17,202.35,30.68,422.57,1054.11,-1,-1,-1,-1
464,16,869.04,213.46,233.20,617.71,-1,-1,-1,-1
465,13,1371.30,49.14,427.34,1026.08,-1,-1,-1,-1
465,17,227.19,40.53,429.12,1058.77,-1,-1,-1,-1
465,16,847.39,209.40,235.74,621.36,-1,-1,-1,-1
466,13,1393.74,31.66,436.80,1047.17,-1,-1,-1,-1
466,17,256.75,37.51,430.76,1053.86,-1,-1,-1,-1
466,16,811.01,203.27,237.61,626.51,-1,-1,-1,-1
467,17,285.49,45.09,437.35,1061.71,-1,-1,-1,-1
467,16,781.57,202.31,240.36,635.92,-1,-1,-1,-1
467,1,1416.64,22.86,426.20,1042.49,-1,-1,-1,-1
468,17,304.86,51.54,441.61,1063.03,-1,-1,-1,-1
468,16,756.61,206.28,240.32,638.47,-1,-1,-1,-1
468,1,1391.69,31.92,430.75,1035.15,-1,-1,-1,-1
469,17,340.61,47.14,441.69,1056.44,-1,-1,-1,-1
469,16,743.78,208.41,236.84,631.69,-1,-1,-1,-1
469,1,1415.74,16.54,426.13,1026.67,-1,-1,-1,-1
470,17,385.06,25.72,439.08,1053.30,-1,-1,-1,-1
470,16,737.03,207.91,234.96,628.18,-1,-1,-1,-1
470,1,1438.59,21.16,419.93,1012.84,-1,-1,-1,-1
470,28,270.75,190.60,306.88,813.19,-1,-1,-1,-1
471,17,440.88,33.67,442.71,1066.20,-1,-1,-1,-1
471,16,727.52,203.26,234.94,630.94,-1,-1,-1,-1
471,1,1456.96,38.45,412.87,992.81,-1,-1,-1,-1
471,3,258.03,182.74,321.00,854.88,-1,-1,-1,-1
472,17,502.27,34.36,440.41,1057.00,-1,-1,-1,-1
472,1,1472.95,73.08,412.30,996.24,-1,-1,-1,-1
472,3,257.87,174.75,325.33,871.22,-1,-1,-1,-1
473,17,525.36,19.51,447.04,1077.23,-1,-1,-1,-1
473,1,1492.22,72.03,413.84,1000.86,-1,-1,-1,-1
473,3,265.14,172.78,325.52,869.76,-1,-1,-1,-1
473,29,1417.33,159.39,278.15,788.66,-1,-1,-1,-1
474,17,580.04,5.26,443.34,1060.05,-1,-1,-1,-1
474,1,1501.53,72.22,417.61,1013.43,-1,-1,-1,-1
474,3,277.82,170.22,326.44,862.18,-1,-1,-1,-1
474,29,1401.01,164.64,263.62,746.63,-1,-1,-1,-1
475,17,608.93,-0.03,430.86,1025.28,-1,-1,-1,-1
475,1,1508.84,75.81,413.91,1004.10,-1,-1,-1,-1
475,3,290.31,168.44,328.95,861.76,-1,-1,-1,-1
475,29,1385.26,177.01,247.51,701.20,-1,-1,-1,-1
476,17,665.24,2.75,442.95,1048.24,-1,-1,-1,-1
476,1,1519.46,66.88,401.93,973.97,-1,-1,-1,-1
476,3,309.81,172.88,329.76,856.42,-1,-1,-1,-1
476,29,1369.70,177.76,249.30,705.12,-1,-1,-1,-1
477,17,725.88,-0.57,450.27,1061.82,-1,-1,-1,-1
477,1,1526.18,59.17,397.00,965.15,-1,-1,-1,-1
477,3,323.04,174.42,331.49,854.28,-1,-1,-1,-1
477,29,1353.42,179.94,247.41,695.95,-1,-1,-1,-1
477,30,559.86,200.13,253.32,647.10,-1,-1,-1,-1
478,17,798.81,28.18,451.59,1061.29,-1,-1,-1,-1
478,1,1532.38,76.28,400.74,984.15,-1,-1,-1,-1
478,3,377.96,169.23,331.01,848.70,-1,-1,-1,-1
478,29,1322.01,185.45,240.61,672.10,-1,-1,-1,-1
479,17,840.83,13.98,460.09,1078.76,-1,-1,-1,-1
479,1,1541.85,80.32,401.35,996.43,-1,-1,-1,-1
479,3,403.73,182.16,334.71,850.03,-1,-1,-1,-1
479,29,1301.84,191.63,237.72,658.90,-1,-1,-1,-1
480,17,881.60,11.05,460.51,1083.04,-1,-1,-1,-1
480,1,1552.51,84.61,395.72,993.78,-1,-1,-1,-1
480,3,410.75,174.57,341.14,872.42,-1,-1,-1,-1
480,29,1287.81,197.77,233.97,646.34,-1,-1,-1,-1
481,17,936.94,3.12,462.65,1082.63,-1,-1,-1,-1
481,1,1561.29,107.67,381.64,967.54,-1,-1,-1,-1
481,3,429.92,169.88,336.43,864.93,-1,-1,-1,-1
481,26,1275.66,195.59,236.67,641.74,-1,-1,-1,-1
482,17,979.14,4.53,462.95,1077.95,-1,-1,-1,-1
482,1,1563.87,112.42,370.63,945.81,-1,-1,-1,-1
482,3,447.49,163.44,337.13,864.51,-1,-1,-1,-1
483,17,1004.56,0.73,461.46,1070.80,-1,-1,-1,-1
483,1,1567.49,111.05,352.99,903.07,-1,-1,-1,-1
483,3,483.31,167.58,344.49,887.94,-1,-1,-1,-1
483,30,412.24,199.24,255.74,657.80,-1,-1,-1,-1
484,17,1029.86,-0.62,462.12,1067.96,-1,-1,-1,-1
484,1,1570.61,110.33,333.50,856.00,-1,-1,-1,-1
484,3,516.86,161.33,343.73,886.69,-1,-1,-1,-1
484,16,381.25,198.01,245.45,661.79,-1,-1,-1,-1
485,17,1062.39,-1.03,464.97,1077.75,-1,-1,-1,-1
485,1,1565.90,112.63,322.16,825.64,-1,-1,-1,-1
485,3,537.61,156.65,352.03,912.42,-1,-1,-1,-1
485,16,351.43,193.07,252.96,675.15,-1,-1,-1,-1
486,17,1103.86,-1.10,458.44,1064.91,-1,-1,-1,-1
486,1,1558.63,123.48,314.24,800.57,-1,-1,-1,-1
486,3,565.31,151.95,348.99,902.72,-1,-1,-1,-1
486,16,315.69,188.78,267.25,706.34,-1,-1,-1,-1
487,17,1145.98,-1.03,449.03,1049.37,-1,-1,-1,-1
487,1,1542.62,131.36,319.74,805.54,-1,-1,-1,-1
487,3,587.74,152.40,346.71,893.41,-1,-1,-1,-1
487,16,290.54,188.53,277.68,736.04,-1,-1,-1,-1
488,17,1167.74,11.60,452.94,1066.25,-1,-1,-1,-1
488,1,1531.89,145.48,311.04,781.35,-1,-1,-1,-1
488,3,609.93,141.53,359.85,922.99,-1,-1,-1,-1
488,16,271.31,186.16,280.80,744.92,-1,-1,-1,-1
488,31,1058.46,198.22,230.12,618.84,-1,-1,-1,-1
489,17,1201.32,17.01,443.79,1061.07,-1,-1,-1,-1
489,1,1510.62,147.14,305.80,771.82,-1,-1,-1,-1
489,3,633.25,135.75,369.10,942.67,-1,-1,-1,-1
489,16,253.18,182.79,280.97,744.99,-1,-1,-1,-1
489,31,1042.46,193.66,235.35,632.66,-1,-1,-1,-1
490,17,1223.78,18.58,443.25,1079.00,-1,-1,-1,-1
490,1,1482.26,148.82,294.89,754.67,-1,-1,-1,-1
490,3,658.05,132.19,373.36,951.70,-1,-1,-1,-1
490,16,237.28,181.38,282.23,749.01,-1,-1,-1,-1
490,31,1022.74,194.04,233.62,627.82,-1,-1,-1,-1
491,17,1252.99,15.21,437.31,1073.74,-1,-1,-1,-1
491,3,685.73,132.45,373.08,946.32,-1,-1,-1,-1
491,16,223.22,178.45,285.92,758.42,-1,-1,-1,-1
491,31,994.32,195.24,231.48,623.99,-1,-1,-1,-1
492,17,1259.75,8.02,433.36,1074.78,-1,-1,-1,-1
492,3,712.34,124.18,372.51,952.00,-1,-1,-1,-1
492,16,210.71,178.48,288.60,764.79,-1,-1,-1,-1
492,31,969.61,191.44,233.77,632.72,-1,-1,-1,-1
493,17,1282.19,20.17,419.62,1045.57,-1,-1,-1,-1
493,3,748.25,125.67,371.95,961.33,-1,-1,-1,-1
493,16,186.89,178.31,302.09,802.68,-1,-1,-1,-1
493,31,942.21,185.17,235.56,640.22,-1,-1,-1,-1
494,17,1290.77,34.41,414.90,1039.67,-1,-1,-1,-1
494,3,778.33,121.43,363.91,943.59,-1,-1,-1,-1
494,16,173.42,175.80,309.18,823.66,-1,-1,-1,-1
494,31,923.12,191.30,238.97,652.22,-1,-1,-1,-1
495,17,1304.66,36.69,413.43,1044.31,-1,-1,-1,-1
495,3,797.94,122.35,369.53,958.71,-1,-1,-1,-1
495,16,160.67,178.15,311.39,831.90,-1,-1,-1,-1
496,17,1323.54,39.31,412.96,1052.35,-1,-1,-1,-1
496,3,827.50,128.59,368.27,951.17,-1,-1,-1,-1
496,16,147.34,174.82,314.60,841.19,-1,-1,-1,-1
497,17,1347.48,43.90,407.54,1040.87,-1,-1,-1,-1
497,3,862.65,129.09,371.11,946.69,-1,-1,-1,-1
497,16,129.67,167.43,319.26,853.83,-1,-1,-1,-1
498,17,1358.84,48.69,403.10,1034.53,-1,-1,-1,-1
498,3,893.37,117.15,378.87,953.50,-1,-1,-1,-1
498,16,110.92,158.33,325.67,869.35,-1,-1,-1,-1
498,32,1262.04,171.55,238.95,659.50,-1,-1,-1,-1
498,31,831.81,200.42,227.82,623.52,-1,-1,-1,-1
499,17,1367.52,62.50,397.68,1025.55,-1,-1,-1,-1
499,3,919.30,105.59,387.06,967.12,-1,-1,-1,-1
499,16,100.58,154.04,329.26,877.79,-1,-1,-1,-1
499,32,1253.70,173.33,241.54,665.78,-1,-1,-1,-1
499,31,808.94,206.68,224.55,616.44,-1,-1,-1,-1
500,17,1372.62,62.56,395.34,1023.90,-1,-1,-1,-1
500,3,935.12,85.16,398.93,985.81,-1,-1,-1,-1
500,16,96.50,151.33,335.62,893.04,-1,-1,-1,-1
500,32,1224.59,172.74,246.51,679.91,-1,-1,-1,-1
500,31,789.71,208.48,225.83,622.42,-1,-1,-1,-1
501,17,1377.04,62.46,397.51,1032.05,-1,-1,-1,-1
501,3,950.65,66.79,408.87,1002.50,-1,-1,-1,-1
501,16,94.00,148.64,343.07,910.21,-1,-1,-1,-1
501,32,1201.09,168.47,236.07,652.94,-1,-1,-1,-1
501,31,776.15,207.51,224.52,620.77,-1,-1,-1,-1
502,17,1386.94,58.19,396.86,1032.80,-1,-1,-1,-1
502,3,974.24,53.17,417.31,1011.64,-1,-1,-1,-1
502,16,97.42,152.12,344.42,908.90,-1,-1,-1,-1
502,31,759.14,210.39,223.82,619.38,-1,-1,-1,-1
503,17,1402.02,54.32,383.03,997.04,-1,-1,-1,-1
503,3,996.85,46.48,415.81,1000.39,-1,-1,-1,-1
503,16,104.07,150.69,345.61,907.72,-1,-1,-1,-1
503,31,740.03,206.06,223.08,617.06,-1,-1,-1,-1
504,17,1413.86,69.45,371.82,963.85,-1,-1,-1,-1
504,3,1010.82,39.55,423.44,1012.35,-1,-1,-1,-1
504,16,113.56,143.28,349.45,916.90,-1,-1,-1,-1
504,31,714.63,205.06,223.02,614.89,-1,-1,-1,-1
505,17,1421.83,67.42,363.00,941.35,-1,-1,-1,-1
505,3,1032.31,31.27,427.29,1017.55,-1,-1,-1,-1
505,16,121.86,134.52,356.18,932.64,-1,-1,-1,-1
505,31,691.53,209.22,220.78,606.53,-1,-1,-1,-1
506,17,1430.30,75.10,357.69,925.83,-1,-1,-1,-1
506,3,1059.07,30.32,424.12,1013.18,-1,-1,-1,-1
506,16,125.25,121.29,366.28,961.34,-1,-1,-1,-1
506,31,666.57,213.34,224.60,612.22,-1,-1,-1,-1
506,26,1030.41,199.02,221.46,602.95,-1,-1,-1,-1
507,17,1433.89,76.35,351.55,909.30,-1,-1,-1,-1
507,3,1091.37,31.60,419.39,1001.97,-1,-1,-1,-1
507,16,137.29,110.89,372.35,975.58,-1,-1,-1,-1
507,31,642.48,218.27,225.86,611.33,-1,-1,-1,-1
507,32,1045.26,203.32,219.28,606.11,-1,-1,-1,-1
508,3,1121.48,36.46,421.45,1006.85,-1,-1,-1,-1
508,16,146.32,104.80,374.28,978.61,-1,-1,-1,-1
508,31,616.30,219.95,229.01,615.04,-1,-1,-1,-1
508,32,1026.37,203.92,223.07,615.91,-1,-1,-1,-1
508,1,1412.84,85.94,360.76,927.04,-1,-1,-1,-1
509,3,1168.14,60.26,423.07,1007.08,-1,-1,-1,-1
509,16,156.99,101.25,377.13,986.20,-1,-1,-1,-1
509,31,585.38,220.00,230.36,616.14,-1,-1,-1,-1
509,1,1401.40,81.06,362.70,926.72,-1,-1,-1,-1
510,3,1200.40,60.54,429.79,1018.14,-1,-1,-1,-1
510,16,170.86,107.81,377.12,982.93,-1,-1,-1,-1
510,31,559.37,212.68,234.19,625.09,-1,-1,-1,-1
510,1,1400.99,86.43,356.49,899.50,-1,-1,-1,-1
511,3,1270.19,69.39,414.47,982.28,-1,-1,-1,-1
511,16,181.96,99.60,379.22,988.03,-1,-1,-1,-1
511,31,537.59,209.94,236.49,635.61,-1,-1,-1,-1
511,1,1446.43,94.30,320.22,798.56,-1,-1,-1,-1
512,3,1317.75,57.14,416.21,980.06,-1,-1,-1,-1
512,16,198.57,93.28,384.12,998.92,-1,-1,-1,-1
512,31,519.14,208.18,237.30,643.27,-1,-1,-1,-1
513,3,1355.61,51.79,421.51,990.07,-1,-1,-1,-1
513,16,218.69,82.13,388.40,1007.93,-1,-1,-1,-1
513,31,502.91,209.97,233.79,635.71,-1,-1,-1,-1
514,3,1377.05,40.95,429.64,1011.89,-1,-1,-1,-1
514,16,233.37,61.33,392.49,1016.46,-1,-1,-1,-1
514,31,490.72,208.90,228.63,623.50,-1,-1,-1,-1
514,36,914.14,198.57,232.44,617.96,-1,-1,-1,-1
515,3,1406.73,33.55,433.73,1017.18,-1,-1,-1,-1
515,16,260.64,60.39,396.66,1021.07,-1,-1,-1,-1
515,36,895.38,205.05,230.38,612.71,-1,-1,-1,-1
516,3,1433.43,43.56,430.50,1005.45,-1,-1,-1,-1
516,16,293.70,57.56,394.39,1003.36,-1,-1,-1,-1
516,36,871.48,211.26,225.89,601.32,-1,-1,-1,-1
517,3,1465.13,46.83,435.24,1011.11,-1,-1,-1,-1
517,16,319.06,61.57,402.43,1013.54,-1,-1,-1,-1
517,36,844.24,207.97,224.59,600.70,-1,-1,-1,-1
517,1,1416.64,128.01,288.73,720.15,-1,-1,-1,-1
518,3,1493.18,56.77,428.99,995.35,-1,-1,-1,-1
518,16,349.74,71.12,411.71,1026.66,-1,-1,-1,-1
518,36,814.20,203.29,225.12,603.58,-1,-1,-1,-1
518,1,1401.44,131.27,276.58,694.58,-1,-1,-1,-1
519,3,1513.16,59.81,433.38,1011.81,-1,-1,-1,-1
519,16,382.87,77.46,410.23,1016.38,-1,-1,-1,-1
519,36,790.89,197.11,228.97,614.92,-1,-1,-1,-1
519,1,1382.48,134.76,275.80,696.97,-1,-1,-1,-1
519,31,349.89,192.99,268.63,723.21,-1,-1,-1,-1
520,3,1538.60,59.96,428.20,1013.83,-1,-1,-1,-1
520,16,430.08,79.14,406.39,1003.94,-1,-1,-1,-1
520,36,775.58,193.85,228.05,613.91,-1,-1,-1,-1
520,1,1372.61,140.99,282.24,712.69,-1,-1,-1,-1
520,31,326.96,188.54,269.32,723.12,-1,-1,-1,-1
521,3,1552.11,60.18,422.08,1013.92,-1,-1,-1,-1
521,16,470.21,72.12,414.74,1023.13,-1,-1,-1,-1
521,36,761.48,187.19,229.14,619.68,-1,-1,-1,-1
521,1,1363.01,143.61,280.09,705.90,-1,-1,-1,-1
521,31,311.09,184.86,275.02,738.48,-1,-1,-1,-1
522,3,1565.11,63.70,413.55,1014.42,-1,-1,-1,-1
522,16,526.69,55.34,419.16,1030.20,-1,-1,-1,-1
522,1,1345.60,141.73,279.38,703.34,-1,-1,-1,-1
522,31,284.71,179.05,290.56,781.63,-1,-1,-1,-1
523,3,1573.38,65.66,395.95,983.51,-1,-1,-1,-1
523,16,579.14,45.23,403.27,988.71,-1,-1,-1,-1
523,1,1324.48,142.38,271.55,686.82,-1,-1,-1,-1
523,31,273.87,178.44,298.18,805.13,-1,-1,-1,-1
524,3,1586.32,73.20,380.85,962.78,-1,-1,-1,-1
524,16,629.56,40.25,406.01,990.57,-1,-1,-1,-1
524,1,1300.50,139.69,268.87,682.16,-1,-1,-1,-1
524,31,263.96,179.89,300.42,813.48,-1,-1,-1,-1
525,3,1591.69,89.27,368.48,941.73,-1,-1,-1,-1
525,16,679.36,43.51,417.18,1014.60,-1,-1,-1,-1
525,1,1283.96,141.23,263.43,672.33,-1,-1,-1,-1
525,31,258.14,178.41,297.74,807.24,-1,-1,-1,-1
526,3,1601.33,106.23,355.83,917.96,-1,-1,-1,-1
526,16,725.04,53.95,422.63,1027.06,-1,-1,-1,-1
526,1,1256.28,141.26,264.81,676.28,-1,-1,-1,-1
526,31,250.73,173.89,298.21,806.48,-1,-1,-1,-1
526,26,611.06,200.18,236.57,638.32,-1,-1,-1,-1
527,3,1603.55,117.63,351.78,917.45,-1,-1,-1,-1
527,16,767.46,48.94,422.16,1016.46,-1,-1,-1,-1
527,1,1237.52,147.59,262.07,666.89,-1,-1,-1,-1
527,31,238.32,169.70,302.53,812.52,-1,-1,-1,-1
527,26,589.97,194.59,240.02,641.23,-1,-1,-1,-1
528,3,1600.82,122.05,350.78,922.46,-1,-1,-1,-1
528,16,825.19,39.73,423.94,1015.60,-1,-1,-1,-1
528,1,1219.39,149.34,262.19,664.41,-1,-1,-1,-1
528,31,228.68,165.05,309.83,824.73,-1,-1,-1,-1
529,3,1596.70,126.21,351.92,931.39,-1,-1,-1,-1
529,16,875.60,36.55,432.18,1041.11,-1,-1,-1,-1
529,1,1201.62,153.89,261.86,660.77,-1,-1,-1,-1
529,31,212.75,159.57,318.59,843.95,-1,-1,-1,-1
530,3,1605.74,128.40,325.20,856.98,-1,-1,-1,-1
530,16,923.90,37.99,427.39,1043.71,-1,-1,-1,-1
530,1,1188.36,165.70,261.15,658.10,-1,-1,-1,-1
530,31,197.93,155.13,330.66,874.08,-1,-1,-1,-1
531,3,1589.13,133.95,336.18,884.21,-1,-1,-1,-1
531,16,975.85,29.99,421.56,1040.23,-1,-1,-1,-1
531,1,1182.46,166.36,251.34,635.36,-1,-1,-1,-1
531,31,189.60,153.25,336.83,887.70,-1,-1,-1,-1
532,3,1580.33,136.60,328.00,855.70,-1,-1,-1,-1
532,16,1032.42,32.19,410.22,1018.43,-1,-1,-1,-1
532,17,192.88,153.35,346.12,892.29,-1,-1,-1,-1
532,26,497.02,202.56,240.68,641.66,-1,-1,-1,-1
533,3,1554.04,138.06,327.94,851.39,-1,-1,-1,-1
533,16,1068.15,20.13,412.10,1021.91,-1,-1,-1,-1
533,17,164.43,153.58,356.56,912.62,-1,-1,-1,-1
533,26,471.92,203.22,239.25,642.87,-1,-1,-1,-1
534,3,1523.76,141.78,328.89,856.18,-1,-1,-1,-1
534,16,1104.72,14.70,425.60,1059.06,-1,-1,-1,-1
534,17,151.66,149.46,364.24,928.39,-1,-1,-1,-1
534,26,449.06,200.63,239.42,648.85,-1,-1,-1,-1
535,3,1501.54,156.43,324.90,847.95,-1,-1,-1,-1
535,16,1149.13,19.03,423.81,1060.00,-1,-1,-1,-1
535,17,149.25,143.71,366.98,930.92,-1,-1,-1,-1
535,26,424.33,194.86,243.50,661.70,-1,-1,-1,-1
535,1,1099.67,172.08,229.38,580.28,-1,-1,-1,-1
536,3,1476.48,166.47,324.94,852.72,-1,-1,-1,-1
536,16,1186.65,26.95,421.24,1058.57,-1,-1,-1,-1
536,17,151.19,143.08,369.01,933.32,-1,-1,-1,-1
536,26,403.13,189.52,246.55,671.28,-1,-1,-1,-1
536,1,1070.35,174.73,236.81,605.06,-1,-1,-1,-1
537,3,1445.92,165.03,304.09,807.95,-1,-1,-1,-1
537,16,1241.53,32.71,421.11,1052.74,-1,-1,-1,-1
537,17,152.54,130.94,376.15,946.46,-1,-1,-1,-1
537,26,390.33,186.19,247.12,677.93,-1,-1,-1,-1
537,1,1041.80,173.48,239.41,615.49,-1,-1,-1,-1
538,16,1274.03,19.09,424.84,1060.87,-1,-1,-1,-1
538,17,160.01,117.50,386.45,967.36,-1,-1,-1,-1
538,26,375.84,186.35,247.24,684.11,-1,-1,-1,-1
538,1,1022.20,175.96,237.27,611.82,-1,-1,-1,-1
539,16,1302.23,33.91,418.24,1043.35,-1,-1,-1,-1
539,17,167.96,109.95,392.16,973.31,-1,-1,-1,-1
539,26,356.49,189.81,248.48,687.89,-1,-1,-1,-1
539,1,1002.72,180.72,235.01,607.73,-1,-1,-1,-1
540,16,1335.85,37.55,425.22,1065.90,-1,-1,-1,-1
540,17,167.32,108.26,402.78,992.38,-1,-1,-1,-1
540,26,360.54,186.26,251.85,699.12,-1,-1,-1,-1
540,1,985.63,191.38,230.59,595.06,-1,-1,-1,-1
541,16,1371.53,28.88,422.55,1058.13,-1,-1,-1,-1
541,17,174.53,108.88,400.06,975.48,-1,-1,-1,-1
541,1,964.81,208.00,225.51,578.25,-1,-1,-1,-1
542,16,1400.09,36.99,420.62,1054.74,-1,-1,-1,-1
542,17,179.63,105.44,402.32,972.86,-1,-1,-1,-1
542,1,949.92,218.10,225.01,572.29,-1,-1,-1,-1
542,41,1320.39,173.63,280.42,747.65,-1,-1,-1,-1
543,16,1431.98,48.88,404.70,1011.71,-1,-1,-1,-1
543,17,189.44,105.11,404.24,969.66,-1,-1,-1,-1
543,1,927.68,222.55,228.91,575.43,-1,-1,-1,-1
543,41,1291.02,190.83,276.86,738.41,-1,-1,-1,-1
544,16,1452.64,57.15,404.61,1012.89,-1,-1,-1,-1
544,17,202.77,94.89,411.16,978.35,-1,-1,-1,-1
544,1,908.86,229.50,228.52,566.92,-1,-1,-1,-1
544,41,1271.15,207.23,269.78,719.12,-1,-1,-1,-1
545,16,1464.43,70.70,401.46,1001.98,-1,-1,-1,-1
545,17,217.58,86.45,418.31,984.65,-1,-1,-1,-1
545,1,882.58,227.00,231.81,570.69,-1,-1,-1,-1
545,41,1261.50,214.36,260.39,693.43,-1,-1,-1,-1
546,16,1485.33,63.42,396.53,989.33,-1,-1,-1,-1
546,17,243.63,74.19,429.09,994.16,-1,-1,-1,-1
546,1,857.33,233.15,230.51,561.50,-1,-1,-1,-1
546,41,1248.65,216.49,247.48,659.41,-1,-1,-1,-1
547,16,1493.48,63.10,395.83,997.07,-1,-1,-1,-1
547,17,274.27,73.48,439.91,1001.42,-1,-1,-1,-1
547,1,825.17,233.68,231.77,560.88,-1,-1,-1,-1
547,41,1237.63,211.77,239.46,638.22,-1,-1,-1,-1
548,16,1505.11,64.40,388.29,991.07,-1,-1,-1,-1
548,17,303.87,69.13,451.52,1008.43,-1,-1,-1,-1
548,1,801.07,236.27,233.08,563.42,-1,-1,-1,-1
548,41,1228.02,207.21,237.95,633.51,-1,-1,-1,-1
549,16,1519.86,80.12,381.41,986.04,-1,-1,-1,-1
549,17,330.68,63.74,463.72,1027.96,-1,-1,-1,-1
549,1,777.74,234.63,235.20,570.43,-1,-1,-1,-1
549,41,1215.22,208.69,235.97,628.34,-1,-1,-1,-1
550,16,1528.11,83.91,370.69,973.41,-1,-1,-1,-1
550,17,396.59,62.52,462.61,1018.28,-1,-1,-1,-1
550,1,758.38,229.98,238.15,579.00,-1,-1,-1,-1
550,41,1202.76,209.81,234.89,625.84,-1,-1,-1,-1
550,42,225.97,130.78,342.89,941.93,-1,-1,-1,-1
551,16,1537.61,92.97,358.92,957.10,-1,-1,-1,-1
551,17,490.92,63.25,464.75,1014.36,-1,-1,-1,-1
551,41,1183.55,210.27,233.57,621.88,-1,-1,-1,-1
551,42,215.91,126.29,344.29,945.19,-1,-1,-1,-1
552,16,1530.95,92.63,355.07,954.06,-1,-1,-1,-1
552,17,569.56,77.91,457.19,993.87,-1,-1,-1,-1
552,41,1171.30,215.38,232.91,618.09,-1,-1,-1,-1
552,42,209.42,109.84,347.71,954.30,-1,-1,-1,-1
553,16,1527.47,100.87,344.20,928.64,-1,-1,-1,-1
553,17,627.83,87.16,452.49,983.42,-1,-1,-1,-1
553,41,1160.72,222.99,228.84,605.34,-1,-1,-1,-1
553,42,208.32,92.42,356.79,978.35,-1,-1,-1,-1
554,16,1522.59,108.27,328.21,885.91,-1,-1,-1,-1
554,17,676.46,61.43,463.57,1017.34,-1,-1,-1,-1
554,41,1147.77,232.39,223.66,589.52,-1,-1,-1,-1
554,42,216.30,85.83,361.12,987.69,-1,-1,-1,-1
554,1,614.87,232.02,237.11,582.06,-1,-1,-1,-1
555,16,1513.21,114.47,320.45,860.69,-1,-1,-1,-1
555,17,725.99,47.22,461.93,1023.95,-1,-1,-1,-1
555,41,1131.90,232.18,218.02,572.58,-1,-1,-1,-1
555,42,232.13,85.91,362.59,987.37,-1,-1,-1,-1
555,1,598.79,231.61,236.37,580.86,-1,-1,-1,-1
556,16,1501.25,123.63,314.51,841.93,-1,-1,-1,-1
556,17,769.98,53.41,457.00,1018.48,-1,-1,-1,-1
556,41,1113.48,229.63,215.39,564.89,-1,-1,-1,-1
556,42,244.84,94.24,362.39,981.09,-1,-1,-1,-1
556,1,572.22,227.58,236.30,584.39,-1,-1,-1,-1
557,16,1488.04,135.72,312.17,836.35,-1,-1,-1,-1
557,17,819.49,52.81,458.60,1026.63,-1,-1,-1,-1
557,41,1078.87,223.17,217.46,569.72,-1,-1,-1,-1
557,42,260.87,93.60,363.39,980.08,-1,-1,-1,-1
557,1,548.88,218.87,241.79,600.67,-1,-1,-1,-1
558,16,1472.15,139.66,310.03,829.06,-1,-1,-1,-1
558,17,873.22,70.00,453.11,1019.70,-1,-1,-1,-1
558,42,276.89,88.77,368.98,992.62,-1,-1,-1,-1
558,1,522.79,209.36,253.45,632.30,-1,-1,-1,-1
559,16,1458.51,140.57,300.62,801.31,-1,-1,-1,-1
559,17,924.76,79.37,444.56,1008.98,-1,-1,-1,-1
559,42,298.91,88.10,373.13,998.77,-1,-1,-1,-1
559,26,529.29,171.92,236.00,648.76,-1,-1,-1,-1
560,16,1434.93,136.32,298.50,793.49,-1,-1,-1,-1
560,17,971.03,75.85,441.71,1015.26,-1,-1,-1,-1
560,42,328.67,86.83,374.64,991.31,-1,-1,-1,-1
561,16,1416.52,142.08,298.55,793.25,-1,-1,-1,-1
561,17,1017.55,74.25,431.14,1005.57,-1,-1,-1,-1
561,42,346.25,79.82,376.23,983.47,-1,-1,-1,-1
561,41,970.98,227.11,217.91,566.36,-1,-1,-1,-1
562,16,1398.73,140.52,296.33,789.94,-1,-1,-1,-1
562,17,1054.51,61.79,429.06,1015.62,-1,-1,-1,-1
562,42,367.04,64.33,388.37,1009.43,-1,-1,-1,-1
562,41,956.01,230.91,220.64,567.35,-1,-1,-1,-1
563,16,1390.86,146.44,288.75,774.49,-1,-1,-1,-1
563,17,1098.62,58.51,427.21,1023.37,-1,-1,-1,-1
563,42,399.79,54.44,388.63,1007.72,-1,-1,-1,-1
563,41,935.81,226.92,224.77,575.72,-1,-1,-1,-1
564,16,1351.68,130.26,296.05,795.95,-1,-1,-1,-1
564,17,1145.91,63.33,424.80,1024.64,-1,-1,-1,-1
564,42,424.97,47.72,398.21,1026.85,-1,-1,-1,-1
564,41,915.08,221.91,225.10,575.14,-1,-1,-1,-1
565,17,1191.97,65.76,422.16,1023.96,-1,-1,-1,-1
565,42,459.10,58.07,400.37,1032.56,-1,-1,-1,-1
565,41,890.74,219.18,228.47,584.54,-1,-1,-1,-1
565,26,418.53,154.19,277.14,749.98,-1,-1,-1,-1
566,17,1224.23,70.19,418.01,1018.33,-1,-1,-1,-1
566,42,504.29,66.98,397.15,1028.47,-1,-1,-1,-1
566,41,859.21,220.35,231.80,595.66,-1,-1,-1,-1
566,26,400.93,163.74,277.87,736.61,-1,-1,-1,-1
567,17,1262.93,78.64,414.65,1009.02,-1,-1,-1,-1
567,42,562.98,69.63,395.43,1023.03,-1,-1,-1,-1
567,41,839.40,221.16,229.52,593.11,-1,-1,-1,-1
567,26,377.84,170.79,283.34,749.24,-1,-1,-1,-1
568,17,1293.23,84.19,413.95,1003.56,-1,-1,-1,-1
568,42,616.05,68.49,392.92,1012.05,-1,-1,-1,-1
568,26,363.02,175.52,290.73,765.95,-1,-1,-1,-1
569,17,1327.88,87.00,411.05,998.69,-1,-1,-1,-1
569,42,656.77,48.72,405.06,1033.45,-1,-1,-1,-1
569,26,345.02,180.41,297.87,783.18,-1,-1,-1,-1
570,17,1371.72,95.52,402.13,986.53,-1,-1,-1,-1
570,42,708.49,29.24,401.92,1016.47,-1,-1,-1,-1
570,26,334.23,185.12,301.19,789.42,-1,-1,-1,-1
570,43,1275.25,174.51,244.38,672.58,-1,-1,-1,-1
571,17,1399.18,85.05,402.80,999.38,-1,-1,-1,-1
571,42,753.69,9.55,412.42,1027.38,-1,-1,-1,-1
571,26,326.40,185.12,303.22,793.62,-1,-1,-1,-1
571,43,1259.96,185.32,241.85,664.78,-1,-1,-1,-1
572,42,799.49,10.87,429.02,1051.77,-1,-1,-1,-1
572,26,316.92,180.50,307.09,799.71,-1,-1,-1,-1
572,43,1249.92,192.45,241.04,661.46,-1,-1,-1,-1
572,16,1416.54,72.15,368.44,998.07,-1,-1,-1,-1
572,41,710.17,216.49,242.20,625.12,-1,-1,-1,-1
573,42,843.65,1.58,426.01,1035.99,-1,-1,-1,-1
573,26,304.20,171.56,312.95,809.13,-1,-1,-1,-1
573,43,1232.90,198.79,236.71,648.37,-1,-1,-1,-1
573,16,1429.92,68.64,368.20,1008.09,-1,-1,-1,-1
573,41,693.20,213.53,245.31,634.85,-1,-1,-1,-1
574,42,900.85,12.16,422.65,1024.08,-1,-1,-1,-1
574,26,292.12,170.97,314.36,810.58,-1,-1,-1,-1
574,43,1224.73,196.87,236.86,650.18,-1,-1,-1,-1
574,16,1445.53,73.79,362.23,1001.32,-1,-1,-1,-1
574,41,672.76,217.16,245.72,637.72,-1,-1,-1,-1
575,42,971.51,31.52,418.45,1001.06,-1,-1,-1,-1
575,26,273.43,163.85,317.75,819.54,-1,-1,-1,-1
575,43,1202.84,210.64,231.70,633.85,-1,-1,-1,-1
575,41,652.05,214.54,250.86,655.32,-1,-1,-1,-1
575,17,1463.51,93.39,388.61,984.21,-1,-1,-1,-1
576,42,1025.72,73.41,414.75,982.96,-1,-1,-1,-1
576,26,255.63,158.36,322.59,829.50,-1,-1,-1,-1
576,41,628.95,215.27,253.02,664.16,-1,-1,-1,-1
576,17,1472.56,94.10,380.09,982.67,-1,-1,-1,-1
577,42,1062.16,54.31,427.18,1015.91,-1,-1,-1,-1
577,26,237.97,156.89,328.02,841.80,-1,-1,-1,-1
577,41,601.34,217.37,259.78,681.65,-1,-1,-1,-1
577,17,1479.49,99.97,370.24,972.28,-1,-1,-1,-1
578,42,1090.47,36.32,430.81,1033.86,-1,-1,-1,-1
578,26,213.62,151.88,339.10,871.10,-1,-1,-1,-1
578,41,585.87,221.94,258.18,675.94,-1,-1,-1,-1
579,42,1119.17,46.44,424.63,1028.13,-1,-1,-1,-1
579,26,197.10,148.49,342.55,877.25,-1,-1,-1,-1
579,41,564.05,222.88,260.53,681.80,-1,-1,-1,-1
579,16,1484.98,106.51,343.75,959.14,-1,-1,-1,-1
579,43,1132.77,131.55,240.00,656.84,-1,-1,-1,-1
580,42,1164.62,40.15,412.69,1017.96,-1,-1,-1,-1
580,26,186.70,147.33,346.29,882.73,-1,-1,-1,-1
580,41,550.50,220.30,264.31,692.08,-1,-1,-1,-1
580,16,1498.09,107.40,328.20,912.26,-1,-1,-1,-1
580,43,1114.54,172.37,225.63,611.93,-1,-1,-1,-1
581,42,1200.15,42.16,417.08,1036.58,-1,-1,-1,-1
581,26,178.49,138.63,351.79,889.44,-1,-1,-1,-1
581,41,535.08,212.76,264.99,695.24,-1,-1,-1,-1
581,16,1504.01,115.03,323.92,901.66,-1,-1,-1,-1
581,43,1097.64,201.27,216.31,582.09,-1,-1,-1,-1
582,42,1223.00,43.82,417.97,1045.67,-1,-1,-1,-1
582,26,165.50,121.62,362.12,908.91,-1,-1,-1,-1
582,41,517.26,208.61,269.43,707.07,-1,-1,-1,-1
582,16,1504.73,121.86,321.24,893.98,-1,-1,-1,-1
582,43,1079.42,208.85,217.01,578.93,-1,-1,-1,-1
583,42,1245.56,67.65,410.98,1030.99,-1,-1,-1,-1
583,26,155.80,108.35,375.54,937.73,-1,-1,-1,-1
583,41,499.87,208.39,272.67,714.00,-1,-1,-1,-1
583,16,1508.63,129.53,316.60,885.59,-1,-1,-1,-1
583,43,1057.91,211.52,217.89,579.12,-1,-1,-1,-1
584,42,1264.80,78.24,404.48,1015.22,-1,-1,-1,-1
584,26,149.19,102.57,387.29,963.15,-1,-1,-1,-1
584,41,485.31,210.03,272.32,710.52,-1,-1,-1,-1
584,16,1490.62,129.01,314.16,880.92,-1,-1,-1,-1
584,43,1033.84,209.82,219.01,584.44,-1,-1,-1,-1
585,42,1281.71,77.34,402.28,1011.84,-1,-1,-1,-1
585,26,145.95,99.49,391.49,972.20,-1,-1,-1,-1
585,41,482.16,207.98,274.04,713.82,-1,-1,-1,-1
585,16,1494.92,144.43,304.81,859.36,-1,-1,-1,-1
585,43,1011.89,206.93,218.28,584.83,-1,-1,-1,-1
586,42,1293.92,73.53,404.45,1015.24,-1,-1,-1,-1
586,26,139.43,97.49,393.33,979.66,-1,-1,-1,-1
586,41,474.04,209.60,277.24,715.98,-1,-1,-1,-1
586,16,1489.01,147.81,291.06,821.36,-1,-1,-1,-1
586,43,989.66,204.87,216.35,584.11,-1,-1,-1,-1
587,42,1313.96,76.64,399.19,996.39,-1,-1,-1,-1
587,26,137.91,100.90,389.32,973.55,-1,-1,-1,-1
587,41,461.64,213.93,274.81,708.21,-1,-1,-1,-1
587,43,967.84,204.21,217.24,587.79,-1,-1,-1,-1
588,42,1321.45,83.15,392.66,977.59,-1,-1,-1,-1
588,26,141.93,92.52,390.63,981.76,-1,-1,-1,-1
588,41,448.84,214.96,277.19,714.80,-1,-1,-1,-1
588,43,948.45,211.46,214.68,580.27,-1,-1,-1,-1
589,42,1330.06,91.02,387.08,965.46,-1,-1,-1,-1
589,26,146.92,82.68,398.82,1008.27,-1,-1,-1,-1
589,41,439.14,219.04,273.06,706.66,-1,-1,-1,-1
589,43,930.05,214.19,212.41,575.10,-1,-1,-1,-1
590,42,1333.91,93.13,373.84,932.57,-1,-1,-1,-1
590,26,166.56,65.39,407.23,1031.02,-1,-1,-1,-1
590,43,906.73,216.66,213.49,574.96,-1,-1,-1,-1
590,1,428.25,220.17,276.85,700.12,-1,-1,-1,-1
591,42,1334.07,115.01,373.48,925.29,-1,-1,-1,-1
591,26,203.89,60.14,404.98,1013.39,-1,-1,-1,-1
591,43,886.02,219.86,213.26,571.75,-1,-1,-1,-1
592,42,1324.64,114.54,374.99,925.59,-1,-1,-1,-1
592,26,218.37,51.23,409.84,1014.49,-1,-1,-1,-1
592,43,867.53,220.19,213.54,572.82,-1,-1,-1,-1
593,42,1312.66,104.75,380.52,939.78,-1,-1,-1,-1
593,26,226.06,43.07,427.79,1048.39,-1,-1,-1,-1
593,43,846.26,215.55,212.82,574.41,-1,-1,-1,-1
594,42,1301.33,112.33,378.78,936.52,-1,-1,-1,-1
594,26,249.57,49.54,430.41,1037.08,-1,-1,-1,-1
594,43,825.25,211.14,213.61,579.63,-1,-1,-1,-1
595,42,1290.15,131.24,370.26,918.48,-1,-1,-1,-1
595,26,267.60,39.05,440.24,1041.41,-1,-1,-1,-1
595,43,802.91,208.21,216.54,589.62,-1,-1,-1,-1
596,42,1286.62,144.52,356.61,885.24,-1,-1,-1,-1
596,26,290.82,46.71,451.86,1048.35,-1,-1,-1,-1
596,43,791.43,202.43,218.85,598.31,-1,-1,-1,-1
597,42,1286.22,141.33,351.36,875.50,-1,-1,-1,-1
597,26,323.22,39.97,463.36,1061.63,-1,-1,-1,-1
597,43,785.18,197.16,220.07,603.86,-1,-1,-1,-1
598,42,1284.12,140.56,346.15,865.54,-1,-1,-1,-1
598,26,369.92,30.53,468.08,1067.02,-1,-1,-1,-1
598,43,771.44,204.40,212.51,584.38,-1,-1,-1,-1
599,42,1278.51,129.56,345.42,873.39,-1,-1,-1,-1
599,26,424.51,23.13,466.11,1062.20,-1,-1,-1,-1
599,43,775.50,201.37,210.65,574.16,-1,-1,-1,-1
599,45,275.17,208.12,314.76,836.82,-1,-1,-1,-1
600,42,1278.70,124.29,334.07,853.01,-1,-1,-1,-1
600,26,471.23,18.62,467.84,1060.91,-1,-1,-1,-1
600,45,268.77,204.60,313.09,832.41,-1,-1,-1,-1
601,42,1276.81,130.67,323.01,829.62,-1,-1,-1,-1
601,26,511.91,12.68,467.86,1062.65,-1,-1,-1,-1
601,45,267.20,207.33,314.42,835.12,-1,-1,-1,-1
602,42,1280.93,134.72,315.84,815.75,-1,-1,-1,-1
602,26,539.78,3.55,466.29,1062.63,-1,-1,-1,-1
602,45,269.03,206.80,315.93,838.30,-1,-1,-1,-1
603,42,1294.13,137.58,314.96,820.51,-1,-1,-1,-1
603,26,572.82,13.51,467.44,1067.80,-1,-1,-1,-1
603,45,272.14,203.48,320.21,849.30,-1,-1,-1,-1
604,42,1298.49,145.05,312.35,818.49,-1,-1,-1,-1
604,26,604.84,8.22,462.68,1063.98,-1,-1,-1,-1
604,46,1217.57,215.55,218.05,569.99,-1,-1,-1,-1
604,16,285.66,188.07,313.87,867.46,-1,-1,-1,-1
605,42,1303.19,150.38,306.85,807.10,-1,-1,-1,-1
605,26,645.03,20.22,453.40,1048.20,-1,-1,-1,-1
605,46,1206.14,217.84,218.14,570.29,-1,-1,-1,-1
605,16,256.18,183.00,322.58,886.44,-1,-1,-1,-1
606,42,1320.86,148.70,294.68,777.01,-1,-1,-1,-1
606,26,676.10,26.81,452.50,1047.27,-1,-1,-1,-1
606,46,1188.02,218.83,217.26,568.59,-1,-1,-1,-1
606,16,253.35,175.43,327.01,903.24,-1,-1,-1,-1
606,47,624.26,203.94,210.37,601.29,-1,-1,-1,-1
607,42,1324.53,147.95,286.44,758.17,-1,-1,-1,-1
607,26,703.76,21.11,453.40,1052.65,-1,-1,-1,-1
607,46,1164.63,212.17,220.52,578.50,-1,-1,-1,-1
607,16,271.52,174.01,328.71,905.08,-1,-1,-1,-1
607,43,579.72,217.52,222.32,611.47,-1,-1,-1,-1
608,42,1322.01,145.35,284.10,752.36,-1,-1,-1,-1
608,26,739.33,31.57,445.11,1030.68,-1,-1,-1,-1
608,46,1138.92,207.96,223.86,588.11,-1,-1,-1,-1
608,16,292.28,176.50,329.97,893.38,-1,-1,-1,-1
608,43,552.76,214.92,223.70,616.42,-1,-1,-1,-1
609,42,1322.42,148.17,279.61,742.19,-1,-1,-1,-1
609,26,768.01,46.56,444.03,1030.41,-1,-1,-1,-1
609,46,1123.61,206.87,223.19,587.62,-1,-1,-1,-1
609,16,303.03,172.01,335.47,905.30,-1,-1,-1,-1
610,42,1320.74,149.21,277.34,739.22,-1,-1,-1,-1
610,26,792.81,52.71,442.56,1031.46,-1,-1,-1,-1
610,46,1113.95,205.00,224.48,592.01,-1,-1,-1,-1
610,16,329.31,182.27,328.07,876.19,-1,-1,-1,-1
610,43,517.26,227.57,220.02,604.81,-1,-1,-1,-1
611,42,1316.50,155.45,274.79,733.78,-1,-1,-1,-1
611,26,823.81,48.33,447.28,1050.34,-1,-1,-1,-1
611,46,1095.06,207.84,227.54,603.08,-1,-1,-1,-1
611,16,351.99,179.35,326.39,860.86,-1,-1,-1,-1
612,42,1308.34,158.48,271.24,726.52,-1,-1,-1,-1
612,26,864.65,44.68,442.39,1048.55,-1,-1,-1,-1
612,16,361.78,173.11,336.19,878.94,-1,-1,-1,-1
613,42,1299.06,161.01,266.68,716.24,-1,-1,-1,-1
613,26,895.73,47.77,435.47,1042.83,-1,-1,-1,-1
613,16,370.65,175.13,346.31,901.26,-1,-1,-1,-1
614,42,1292.42,162.67,262.12,704.37,-1,-1,-1,-1
614,26,923.93,43.77,431.76,1042.45,-1,-1,-1,-1
614,16,384.45,169.38,353.61,912.68,-1,-1,-1,-1
615,42,1289.30,168.71,253.23,682.50,-1,-1,-1,-1
615,26,958.18,53.25,426.37,1038.36,-1,-1,-1,-1
615,16,399.16,160.02,357.25,913.59,-1,-1,-1,-1
615,46,980.33,170.32,234.35,615.16,-1,-1,-1,-1
616,42,1276.32,162.86,248.13,670.18,-1,-1,-1,-1
616,26,995.61,61.76,422.09,1032.74,-1,-1,-1,-1
616,16,404.55,150.18,369.16,935.05,-1,-1,-1,-1
616,46,949.28,196.53,228.70,601.30,-1,-1,-1,-1
617,42,1261.09,180.07,240.11,649.72,-1,-1,-1,-1
617,26,1038.43,66.20,423.85,1038.28,-1,-1,-1,-1
617,16,408.69,139.42,380.61,953.87,-1,-1,-1,-1
617,46,924.53,203.68,226.95,600.89,-1,-1,-1,-1
618,26,1082.34,82.08,404.66,987.49,-1,-1,-1,-1
618,16,421.11,131.75,383.57,955.45,-1,-1,-1,-1
618,46,899.12,204.78,226.01,600.24,-1,-1,-1,-1
618,48,360.41,198.81,264.45,738.30,-1,-1,-1,-1
619,26,1107.19,79.51,419.97,1023.04,-1,-1,-1,-1
619,16,434.69,130.18,382.50,945.49,-1,-1,-1,-1
619,46,873.68,210.35,226.17,601.67,-1,-1,-1,-1
619,43,318.15,198.42,268.10,737.13,-1,-1,-1,-1
620,26,1131.27,72.92,425.69,1034.99,-1,-1,-1,-1
620,16,443.69,132.26,382.52,938.72,-1,-1,-1,-1
620,46,853.07,212.76,223.28,592.63,-1,-1,-1,-1
620,43,301.26,196.38,272.07,748.14,-1,-1,-1,-1
621,26,1162.58,68.59,412.68,1004.36,-1,-1,-1,-1
621,16,445.02,129.24,395.52,961.59,-1,-1,-1,-1
621,46,833.26,216.54,220.39,580.82,-1,-1,-1,-1
621,43,289.20,194.32,275.15,754.01,-1,-1,-1,-1
622,26,1191.91,67.19,409.36,1002.58,-1,-1,-1,-1
622,16,452.16,129.74,401.31,967.02,-1,-1,-1,-1
622,46,813.03,225.15,218.36,571.98,-1,-1,-1,-1
622,43,278.79,189.26,277.62,759.54,-1,-1,-1,-1
623,26,1222.82,56.52,412.37,1027.57,-1,-1,-1,-1
623,16,458.22,121.26,408.23,970.70,-1,-1,-1,-1
623,46,799.62,231.06,215.67,561.87,-1,-1,-1,-1
623,43,266.53,186.72,278.02,758.93,-1,-1,-1,-1
623,49,1173.21,181.71,222.13,590.44,-1,-1,-1,-1
624,26,1249.07,69.55,402.17,1013.42,-1,-1,-1,-1
624,16,464.68,98.30,420.15,980.55,-1,-1,-1,-1
624,46,785.85,223.02,218.09,566.36,-1,-1,-1,-1
624,43,246.46,181.91,278.68,758.81,-1,-1,-1,-1
624,49,1159.59,195.42,228.18,606.45,-1,-1,-1,-1
625,26,1261.05,74.70,395.24,1010.10,-1,-1,-1,-1
625,16,479.32,98.89,429.88,983.59,-1,-1,-1,-1
625,46,756.03,214.58,225.03,586.81,-1,-1,-1,-1
625,43,228.37,177.76,286.45,778.37,-1,-1,-1,-1
625,49,1148.37,200.08,229.94,611.44,-1,-1,-1,-1
626,26,1273.63,70.30,390.54,1008.76,-1,-1,-1,-1
626,16,485.88,92.52,444.13,1004.16,-1,-1,-1,-1
626,46,746.41,210.05,219.91,574.71,-1,-1,-1,-1
626,43,214.62,180.53,292.79,791.64,-1,-1,-1,-1
626,49,1140.46,205.99,226.74,602.34,-1,-1,-1,-1
627,26,1283.62,77.43,388.74,1010.63,-1,-1,-1,-1
627,16,506.58,96.19,440.11,982.57,-1,-1,-1,-1
627,43,196.80,180.44,305.09,819.52,-1,-1,-1,-1
627,42,1121.48,200.88,222.12,601.13,-1,-1,-1,-1
628,26,1290.57,84.59,385.60,1005.20,-1,-1,-1,-1
628,16,533.19,96.57,451.85,996.21,-1,-1,-1,-1
628,43,177.79,176.52,315.30,844.72,-1,-1,-1,-1
628,42,1102.02,197.42,223.45,605.83,-1,-1,-1,-1
629,26,1303.35,95.70,375.23,978.72,-1,-1,-1,-1
629,16,583.37,110.24,450.63,985.94,-1,-1,-1,-1
629,43,159.48,172.28,322.52,858.05,-1,-1,-1,-1
629,42,1075.20,194.43,224.54,607.96,-1,-1,-1,-1
630,26,1318.76,101.84,368.40,961.99,-1,-1,-1,-1
630,16,635.06,105.10,455.84,1001.57,-1,-1,-1,-1
630,43,144.08,168.27,326.29,863.31,-1,-1,-1,-1
630,42,1052.58,190.73,226.04,610.50,-1,-1,-1,-1
631,26,1333.57,84.92,365.11,952.36,-1,-1,-1,-1
631,16,697.79,99.03,450.25,1003.50,-1,-1,-1,-1
631,43,130.85,162.94,329.85,867.71,-1,-1,-1,-1
631,42,1038.36,186.99,226.33,610.88,-1,-1,-1,-1
631,46,630.24,222.49,230.50,604.45,-1,-1,-1,-1
632,26,1349.21,91.11,352.80,920.38,-1,-1,-1,-1
632,16,752.01,88.27,437.52,989.59,-1,-1,-1,-1
632,43,120.89,155.65,334.24,876.31,-1,-1,-1,-1
632,42,1025.53,186.95,223.00,601.71,-1,-1,-1,-1
632,46,612.34,222.27,233.01,609.85,-1,-1,-1,-1
633,26,1359.22,92.31,348.26,910.86,-1,-1,-1,-1
633,16,817.05,78.98,416.71,952.63,-1,-1,-1,-1
633,43,120.14,156.23,334.02,875.97,-1,-1,-1,-1
633,46,596.12,222.93,236.39,616.10,-1,-1,-1,-1
634,26,1368.73,96.02,342.30,899.92,-1,-1,-1,-1
634,16,851.79,74.79,427.20,988.50,-1,-1,-1,-1
634,43,126.49,156.70,337.01,881.84,-1,-1,-1,-1
634,46,575.93,218.30,240.68,626.11,-1,-1,-1,-1
635,26,1369.30,99.60,339.36,891.24,-1,-1,-1,-1
635,16,904.46,63.71,428.38,993.59,-1,-1,-1,-1
635,43,136.87,158.28,339.91,888.00,-1,-1,-1,-1
635,46,556.58,215.62,242.58,630.83,-1,-1,-1,-1
636,26,1368.27,99.59,334.02,879.20,-1,-1,-1,-1
636,16,945.01,64.82,430.52,999.00,-1,-1,-1,-1
636,43,143.47,162.42,346.77,903.35,-1,-1,-1,-1
636,46,538.98,217.51,243.91,633.26,-1,-1,-1,-1
637,26,1361.71,105.47,334.22,880.81,-1,-1,-1,-1
637,16,990.58,76.19,427.76,992.60,-1,-1,-1,-1
637,43,159.12,164.69,348.63,908.60,-1,-1,-1,-1
637,46,515.08,211.43,245.78,638.84,-1,-1,-1,-1
637,51,932.61,204.66,198.38,534.34,-1,-1,-1,-1
638,26,1358.40,120.08,328.60,871.61,-1,-1,-1,-1
638,16,1034.72,70.27,431.05,1002.99,-1,-1,-1,-1
638,43,170.60,157.31,353.95,924.92,-1,-1,-1,-1
638,46,494.13,208.60,250.81,649.13,-1,-1,-1,-1
638,42,899.03,195.74,218.69,593.94,-1,-1,-1,-1
639,26,1346.97,138.64,321.56,855.87,-1,-1,-1,-1
639,16,1116.49,85.42,430.16,996.09,-1,-1,-1,-1
639,43,185.77,149.79,355.36,938.26,-1,-1,-1,-1
639,46,476.65,208.76,253.67,653.72,-1,-1,-1,-1
639,42,876.47,191.59,220.13,599.92,-1,-1,-1,-1
640,26,1344.83,134.80,307.20,821.96,-1,-1,-1,-1
640,16,1147.89,88.44,431.23,993.71,-1,-1,-1,-1
640,43,210.59,140.07,356.51,953.00,-1,-1,-1,-1
640,46,465.37,209.58,252.90,651.43,-1,-1,-1,-1
640,42,855.08,189.46,220.71,600.28,-1,-1,-1,-1
641,16,1173.49,88.22,429.94,984.27,-1,-1,-1,-1
641,43,234.69,126.53,358.00,966.40,-1,-1,-1,-1
641,46,458.01,215.25,250.93,645.74,-1,-1,-1,-1
641,42,836.58,190.66,220.75,598.87,-1,-1,-1,-1
642,16,1195.14,85.63,431.71,986.09,-1,-1,-1,-1
642,43,270.73,129.52,350.22,941.69,-1,-1,-1,-1
642,46,437.31,211.11,249.72,642.95,-1,-1,-1,-1
642,42,820.33,194.59,222.62,602.09,-1,-1,-1,-1
643,16,1221.40,88.84,428.63,978.98,-1,-1,-1,-1
643,43,296.40,131.47,351.45,936.41,-1,-1,-1,-1
643,42,807.39,200.41,223.00,601.01,-1,-1,-1,-1
644,16,1242.53,93.55,430.58,983.81,-1,-1,-1,-1
644,43,316.21,123.50,355.20,945.59,-1,-1,-1,-1
644,42,789.24,205.46,221.30,596.28,-1,-1,-1,-1
645,16,1256.80,98.34,424.48,976.93,-1,-1,-1,-1
645,43,326.22,116.28,361.60,963.47,-1,-1,-1,-1
645,42,764.33,205.77,218.50,589.27,-1,-1,-1,-1
646,43,335.88,99.04,372.50,987.39,-1,-1,-1,-1
646,42,743.37,205.16,218.96,588.30,-1,-1,-1,-1
646,26,1282.05,114.02,349.00,925.81,-1,-1,-1,-1
647,43,350.17,94.31,381.85,1002.41,-1,-1,-1,-1
647,42,730.31,200.64,221.06,589.91,-1,-1,-1,-1
647,26,1316.90,128.78,349.91,940.54,-1,-1,-1,-1
648,43,362.33,85.06,391.21,999.73,-1,-1,-1,-1
648,42,719.41,196.73,222.48,591.51,-1,-1,-1,-1
648,26,1334.86,140.58,347.21,939.50,-1,-1,-1,-1
648,52,1211.02,147.73,272.71,730.71,-1,-1,-1,-1
649,43,399.07,75.64,391.69,992.27,-1,-1,-1,-1
649,42,711.30,200.99,221.13,586.93,-1,-1,-1,-1
649,26,1346.25,149.31,344.84,935.30,-1,-1,-1,-1
649,52,1201.26,157.15,266.10,711.97,-1,-1,-1,-1
649,46,322.80,181.34,295.84,762.13,-1,-1,-1,-1
650,43,420.07,79.58,404.69,1013.04,-1,-1,-1,-1
650,42,704.36,194.56,220.66,588.59,-1,-1,-1,-1
650,26,1349.43,143.17,346.96,939.17,-1,-1,-1,-1
650,52,1192.51,164.37,263.16,702.05,-1,-1,-1,-1
650,48,346.60,166.68,286.99,775.89,-1,-1,-1,-1