1,1,0.00,368.29,83.90,477.70,1,-1,-1,-1
2,1,-8.13,370.96,83.00,477.00,1,-1,-1,-1
3,1,-2.88,363.01,82.77,465.51,1,-1,-1,-1
4,1,-4.49,382.62,79.48,450.65,1,-1,-1,-1
5,1,-3.85,378.07,76.46,446.87,1,-1,-1,-1
6,1,-3.36,376.79,73.90,465.69,1,-1,-1,-1
7,1,-2.33,382.05,77.57,452.75,1,-1,-1,-1
8,1,-3.34,385.56,78.06,445.01,1,-1,-1,-1
9,1,-2.62,386.79,81.70,439.22,1,-1,-1,-1
10,1,-2.59,388.82,73.94,431.81,1,-1,-1,-1
11,1,-2.66,389.32,78.54,432.96,1,-1,-1,-1
12,1,-3.07,380.44,72.44,452.18,1,-1,-1,-1
13,1,-11.35,372.33,78.68,452.18,1,-1,-1,-1
14,1,-7.60,370.08,78.68,452.18,1,-1,-1,-1
15,1,-11.35,370.83,78.68,452.18,1,-1,-1,-1
16,1,-12.10,370.08,78.68,452.18,1,-1,-1,-1
17,1,-11.35,375.34,78.68,452.18,1,-1,-1,-1
18,1,-15.11,377.59,78.68,452.18,1,-1,-1,-1
19,1,-12.85,382.85,78.68,452.18,1,-1,-1,-1
20,1,-12.10,377.59,78.68,452.18,1,-1,-1,-1
21,1,-12.85,382.85,78.68,452.18,1,-1,-1,-1
22,1,-7.60,379.09,78.68,452.18,1,-1,-1,-1
23,1,-11.35,378.34,78.68,452.18,1,-1,-1,-1
24,1,-1.00,287.00,121.00,544.00,1,-1,-1,-1
25,1,-4.85,277.42,125.61,553.14,1,-1,-1,-1
26,1,0.31,275.42,126.37,562.89,1,-1,-1,-1
27,1,1.99,279.35,133.62,563.34,1,-1,-1,-1
28,1,3.72,273.74,130.97,568.52,1,-1,-1,-1
29,1,8.06,271.74,133.97,576.87,1,-1,-1,-1
30,1,10.21,269.96,143.97,590.76,1,-1,-1,-1
31,1,18.03,267.33,154.52,594.98,1,-1,-1,-1
32,1,23.70,274.62,160.80,589.18,1,-1,-1,-1
33,1,29.59,270.27,178.74,599.97,1,-1,-1,-1
34,1,18.61,258.71,211.25,610.89,1,-1,-1,-1
35,1,19.57,265.33,219.17,597.59,1,-1,-1,-1
36,1,24.33,270.59,215.36,595.31,1,-1,-1,-1
37,1,34.10,264.61,206.74,608.08,1,-1,-1,-1
38,1,73.42,260.91,198.13,604.78,1,-1,-1,-1
39,1,87.91,263.37,193.04,598.13,1,-1,-1,-1
40,1,96.63,265.08,191.85,596.58,1,-1,-1,-1
41,1,98.76,257.32,204.56,606.92,1,-1,-1,-1
42,1,107.88,248.21,201.18,622.42,1,-1,-1,-1
43,1,116.86,245.78,218.12,635.24,1,-1,-1,-1
44,1,133.77,247.20,220.76,631.02,1,-1,-1,-1
45,1,143.23,254.82,222.74,637.26,1,-1,-1,-1
46,1,152.67,256.02,220.85,649.25,1,-1,-1,-1
47,1,157.40,246.52,218.87,667.20,1,-1,-1,-1
48,1,166.80,243.42,208.95,678.96,1,-1,-1,-1
49,1,173.55,237.93,211.09,686.22,1,-1,-1,-1
50,1,178.25,236.32,210.14,687.03,1,-1,-1,-1
51,1,185.05,236.06,209.66,680.91,1,-1,-1,-1
52,1,193.65,233.84,222.29,687.32,1,-1,-1,-1
53,1,207.86,228.36,240.49,694.46,1,-1,-1,-1
54,1,225.02,221.82,243.65,703.04,1,-1,-1,-1
55,1,247.11,228.88,229.88,697.98,1,-1,-1,-1
56,1,259.71,227.06,222.53,705.56,1,-1,-1,-1
57,1,276.28,220.84,209.56,721.66,1,-1,-1,-1
58,1,281.35,218.78,211.44,725.93,1,-1,-1,-1
59,1,298.06,214.19,213.54,735.61,1,-1,-1,-1
60,1,340.11,219.32,230.49,737.60,1,-1,-1,-1
61,1,349.46,215.85,244.95,734.46,1,-1,-1,-1
62,1,357.54,220.12,237.84,739.87,1,-1,-1,-1
63,1,377.84,217.06,247.04,760.37,1,-1,-1,-1
64,1,389.76,211.29,248.31,776.75,1,-1,-1,-1
65,1,400.78,213.34,239.66,781.36,1,-1,-1,-1
66,1,412.21,201.40,229.99,794.60,1,-1,-1,-1
67,1,419.71,203.99,213.65,801.38,1,-1,-1,-1
68,1,431.55,194.08,213.44,813.42,1,-1,-1,-1
69,1,447.43,198.75,214.03,811.15,1,-1,-1,-1
70,1,468.22,193.36,222.59,813.13,1,-1,-1,-1
71,1,484.30,207.30,248.06,800.06,1,-1,-1,-1
72,1,504.79,193.59,275.85,818.59,1,-1,-1,-1
73,1,524.85,197.95,260.52,810.89,1,-1,-1,-1
74,1,540.77,203.61,247.75,806.95,1,-1,-1,-1
75,1,558.36,207.39,241.72,817.09,1,-1,-1,-1
76,1,588.30,204.57,231.76,816.21,1,-1,-1,-1
77,1,632.52,183.53,214.03,831.37,1,-1,-1,-1
78,1,670.52,193.40,198.07,821.53,1,-1,-1,-1
79,1,691.86,189.86,206.79,838.18,1,-1,-1,-1
80,1,706.52,189.40,233.14,840.19,1,-1,-1,-1
81,1,726.02,191.66,257.91,844.15,1,-1,-1,-1
82,1,749.21,188.24,259.99,859.10,1,-1,-1,-1
83,1,772.17,196.68,251.90,847.45,1,-1,-1,-1
84,1,781.73,206.87,247.46,848.10,1,-1,-1,-1
85,1,815.57,206.76,217.78,853.07,1,-1,-1,-1
86,1,836.68,198.71,203.11,856.58,1,-1,-1,-1
87,1,860.79,177.27,205.46,867.92,1,-1,-1,-1
88,1,893.68,181.14,208.46,869.92,1,-1,-1,-1
89,1,910.94,195.27,225.25,855.49,1,-1,-1,-1
90,1,917.89,199.00,266.40,862.10,1,-1,-1,-1
91,1,933.57,193.87,276.40,866.85,1,-1,-1,-1
92,1,955.59,204.52,265.81,849.54,1,-1,-1,-1
93,1,979.72,198.67,251.04,840.99,1,-1,-1,-1
94,1,1015.48,187.02,236.84,839.90,1,-1,-1,-1
95,1,1058.65,172.35,218.41,840.95,1,-1,-1,-1
96,1,1083.48,179.98,216.93,837.82,1,-1,-1,-1
97,1,1095.58,163.83,231.37,847.48,1,-1,-1,-1
98,1,1118.35,175.86,258.93,842.27,1,-1,-1,-1
99,1,1138.15,164.52,260.50,851.89,1,-1,-1,-1
100,1,1150.93,175.11,253.15,837.44,1,-1,-1,-1
101,1,1155.06,177.06,253.64,837.79,1,-1,-1,-1
102,1,1172.37,181.92,245.29,835.33,1,-1,-1,-1
103,1,1196.66,175.73,238.66,827.59,1,-1,-1,-1
104,1,1220.11,169.04,226.49,836.86,1,-1,-1,-1
105,1,1232.95,165.42,232.47,832.40,1,-1,-1,-1
106,1,1231.64,164.22,243.47,830.06,1,-1,-1,-1
107,1,1235.42,171.37,246.48,809.83,1,-1,-1,-1
108,1,1230.56,166.71,253.02,832.87,1,-1,-1,-1
109,1,1242.07,167.75,242.90,829.84,1,-1,-1,-1
110,1,1247.11,176.74,240.65,815.97,1,-1,-1,-1
111,1,1256.15,174.50,229.95,816.78,1,-1,-1,-1
112,1,1257.66,174.19,222.60,802.21,1,-1,-1,-1
113,1,1256.95,175.39,212.07,790.97,1,-1,-1,-1
114,1,1255.12,171.09,211.21,777.14,1,-1,-1,-1
115,1,1252.28,180.25,204.97,760.64,1,-1,-1,-1
116,1,1244.40,172.70,203.42,763.85,1,-1,-1,-1
117,1,1239.36,174.63,199.14,758.86,1,-1,-1,-1
118,1,1233.29,179.37,194.92,746.67,1,-1,-1,-1
119,2,0.00,185.93,72.02,644.69,1,-1,-1,-1
119,1,1226.14,181.14,190.70,740.49,1,-1,-1,-1
120,2,1.48,216.32,95.24,600.84,1,-1,-1,-1
120,1,1216.28,174.89,191.71,747.08,1,-1,-1,-1
121,2,7.91,229.26,122.83,579.03,1,-1,-1,-1
121,1,1212.21,182.63,190.91,712.82,1,-1,-1,-1
122,2,12.66,238.79,134.72,559.33,1,-1,-1,-1
122,1,1209.52,185.98,186.59,703.39,1,-1,-1,-1
123,2,18.77,243.73,140.47,556.55,1,-1,-1,-1
123,1,1210.62,179.72,178.51,708.05,1,-1,-1,-1
124,2,3.00,261.00,228.00,552.00,1,-1,-1,-1
124,1,1207.82,178.12,168.49,705.89,1,-1,-1,-1
125,2,11.10,253.73,229.47,554.15,1,-1,-1,-1
125,1,1197.80,181.74,167.46,703.17,1,-1,-1,-1
126,2,20.71,245.36,227.54,552.93,1,-1,-1,-1
126,1,1184.26,183.44,168.12,688.17,1,-1,-1,-1
127,2,43.33,232.85,213.34,567.14,1,-1,-1,-1
127,1,1156.82,193.19,195.49,668.91,1,-1,-1,-1
128,2,45.01,243.71,232.50,568.24,1,-1,-1,-1
128,1,1138.10,203.81,202.02,652.77,1,-1,-1,-1
129,2,79.82,249.33,248.23,570.15,1,-1,-1,-1
129,1,1132.59,209.30,203.50,642.49,1,-1,-1,-1
130,2,110.00,243.96,255.74,571.50,1,-1,-1,-1
130,1,1126.66,208.48,203.17,643.17,1,-1,-1,-1
131,2,129.00,248.36,250.82,562.79,1,-1,-1,-1
131,1,1128.51,206.98,190.34,648.72,1,-1,-1,-1
132,2,158.00,242.00,235.00,561.00,1,-1,-1,-1
132,1,1120.89,200.78,177.03,656.16,1,-1,-1,-1
133,2,161.23,245.98,237.91,559.19,1,-1,-1,-1
133,1,1111.32,203.34,173.55,654.10,1,-1,-1,-1
134,2,197.89,229.40,211.71,567.02,1,-1,-1,-1
134,1,1075.58,203.20,168.20,646.78,1,-1,-1,-1
135,2,221.85,222.03,202.98,563.38,1,-1,-1,-1
135,1,1060.22,204.58,175.51,642.91,1,-1,-1,-1
136,2,243.91,220.57,202.11,562.87,1,-1,-1,-1
136,1,1040.24,209.07,183.16,636.83,1,-1,-1,-1
137,2,264.86,220.07,222.02,562.28,1,-1,-1,-1
137,1,1029.33,212.39,187.02,636.28,1,-1,-1,-1
138,2,283.23,228.10,251.42,561.10,1,-1,-1,-1
138,1,1025.04,224.26,188.46,613.28,1,-1,-1,-1
139,2,301.97,226.87,242.41,565.56,1,-1,-1,-1
139,1,1031.35,221.34,178.09,613.63,1,-1,-1,-1
140,2,325.47,228.22,230.84,562.00,1,-1,-1,-1
140,1,1038.22,215.97,173.55,604.99,1,-1,-1,-1
141,2,357.17,232.01,214.47,555.36,1,-1,-1,-1
141,1,1044.07,216.19,169.46,591.05,1,-1,-1,-1
142,2,386.36,221.55,205.01,566.19,1,-1,-1,-1
142,1,1049.48,218.79,167.91,577.95,1,-1,-1,-1
143,2,408.01,220.91,215.56,581.66,1,-1,-1,-1
143,1,1048.81,227.28,160.76,565.29,1,-1,-1,-1
144,2,420.07,220.29,215.70,574.60,1,-1,-1,-1
144,1,1051.19,226.53,156.98,567.61,1,-1,-1,-1
145,2,447.61,220.20,234.56,571.75,1,-1,-1,-1
145,1,1063.00,220.72,148.49,566.47,1,-1,-1,-1
146,2,452.91,225.54,251.26,566.85,1,-1,-1,-1
146,1,1069.56,226.26,145.20,559.82,1,-1,-1,-1
147,2,472.62,229.98,250.09,566.36,1,-1,-1,-1
147,1,1078.39,220.49,142.64,562.44,1,-1,-1,-1
148,2,493.75,225.75,243.95,575.70,1,-1,-1,-1
148,1,1084.52,223.41,141.71,561.05,1,-1,-1,-1
149,2,520.95,219.67,232.96,580.87,1,-1,-1,-1
149,1,1084.72,220.59,149.49,562.10,1,-1,-1,-1
150,2,545.38,222.56,220.81,573.82,1,-1,-1,-1
150,1,1090.06,223.98,151.13,555.94,1,-1,-1,-1
151,2,582.79,216.03,198.79,579.18,1,-1,-1,-1
151,1,1099.75,221.53,147.50,547.09,1,-1,-1,-1
152,2,597.84,216.81,210.08,581.07,1,-1,-1,-1
152,1,1119.36,218.73,136.08,541.22,1,-1,-1,-1
153,2,620.99,222.63,230.95,576.86,1,-1,-1,-1
153,1,1121.56,222.22,139.81,552.48,1,-1,-1,-1
154,2,635.95,221.90,259.61,575.69,1,-1,-1,-1
154,1,1128.72,220.78,158.28,565.54,1,-1,-1,-1
155,2,645.88,226.25,252.96,572.61,1,-1,-1,-1
155,1,1135.26,221.43,164.29,567.10,1,-1,-1,-1
156,2,683.86,220.01,227.28,576.46,1,-1,-1,-1
156,1,1144.05,222.32,177.47,574.25,1,-1,-1,-1
157,2,710.87,219.14,218.62,575.70,1,-1,-1,-1
157,1,1154.29,219.42,183.18,583.82,1,-1,-1,-1
158,2,749.38,215.13,197.03,580.67,1,-1,-1,-1
158,1,1171.14,219.99,173.95,583.62,1,-1,-1,-1
159,2,772.55,213.99,199.81,578.66,1,-1,-1,-1
159,1,1186.34,219.30,160.92,594.43,1,-1,-1,-1
160,2,782.80,214.80,205.92,580.30,1,-1,-1,-1
160,1,1190.43,223.97,156.74,585.35,1,-1,-1,-1
161,2,789.93,212.31,230.37,578.15,1,-1,-1,-1
161,1,1197.49,228.38,154.64,583.69,1,-1,-1,-1
162,2,800.20,214.87,243.39,575.61,1,-1,-1,-1
162,1,1204.00,224.36,161.28,581.20,1,-1,-1,-1
163,2,816.00,221.60,251.09,567.86,1,-1,-1,-1
163,1,1213.49,230.08,180.32,589.88,1,-1,-1,-1
164,2,845.65,227.49,239.94,558.80,1,-1,-1,-1
164,1,1225.09,223.21,189.81,609.03,1,-1,-1,-1
165,2,889.21,210.00,201.00,557.67,1,-1,-1,-1
165,1,1238.47,221.79,178.18,617.55,1,-1,-1,-1
166,2,917.62,199.26,181.07,557.89,1,-1,-1,-1
166,1,1246.00,223.67,174.77,624.99,1,-1,-1,-1
167,2,935.16,200.11,198.34,560.54,1,-1,-1,-1
167,1,1253.29,224.20,178.57,626.01,1,-1,-1,-1
168,2,958.72,203.23,199.57,558.73,1,-1,-1,-1
168,1,1259.03,220.69,183.10,633.20,1,-1,-1,-1
169,2,976.52,204.26,216.70,564.49,1,-1,-1,-1
169,1,1265.92,206.72,187.58,648.31,1,-1,-1,-1
170,2,976.11,214.79,251.52,557.16,1,-1,-1,-1
170,1,1271.83,209.53,187.52,647.23,1,-1,-1,-1
171,2,990.94,234.90,255.16,531.93,1,-1,-1,-1
171,1,1283.78,195.55,186.91,669.06,1,-1,-1,-1
172,2,1017.63,222.60,243.69,544.39,1,-1,-1,-1
172,1,1308.84,200.21,198.03,688.96,1,-1,-1,-1
173,2,1045.67,216.98,227.59,548.82,1,-1,-1,-1
173,1,1306.50,205.76,198.81,687.25,1,-1,-1,-1
174,2,1079.46,205.65,195.15,558.53,1,-1,-1,-1
174,1,1311.66,200.52,192.64,709.16,1,-1,-1,-1
175,2,1127.00,205.00,153.00,567.00,1,-1,-1,-1
175,1,1307.08,189.19,199.44,730.95,1,-1,-1,-1
176,2,1142.48,192.61,150.51,573.91,1,-1,-1,-1
176,1,1308.02,194.39,200.63,733.16,1,-1,-1,-1
177,2,1152.35,194.79,145.39,558.42,1,-1,-1,-1
177,1,1306.70,189.98,198.21,752.25,1,-1,-1,-1
178,2,1157.05,203.84,144.32,553.78,1,-1,-1,-1
178,1,1290.83,186.59,219.60,749.91,1,-1,-1,-1
179,2,1167.79,217.13,149.43,553.78,1,-1,-1,-1
179,1,1226.71,183.25,232.56,746.21,1,-1,-1,-1
180,2,1214.64,238.75,152.23,564.16,1,-1,-1,-1
180,1,1234.60,193.70,226.52,749.78,1,-1,-1,-1
181,2,1238.34,238.92,155.09,574.74,1,-1,-1,-1
181,1,1236.70,187.02,226.02,761.77,1,-1,-1,-1
182,1,1244.80,190.10,216.71,757.45,1,-1,-1,-1
183,3,1336.60,191.81,103.75,189.48,1,-1,-1,-1
183,1,1242.31,198.01,216.04,776.43,1,-1,-1,-1
184,3,1341.07,184.95,104.93,192.54,1,-1,-1,-1
184,2,1331.00,205.00,156.00,543.00,1,-1,-1,-1
184,1,1238.98,199.07,208.27,776.58,1,-1,-1,-1
185,3,1358.72,176.93,106.90,196.15,1,-1,-1,-1
185,2,1323.19,189.55,211.61,583.21,1,-1,-1,-1
185,1,1228.35,197.66,206.85,784.45,1,-1,-1,-1
186,2,1328.53,192.33,248.62,601.76,1,-1,-1,-1
186,1,1219.93,175.38,188.58,796.84,1,-1,-1,-1
187,2,1338.10,189.01,256.76,613.75,1,-1,-1,-1
187,1,1194.00,173.00,211.00,794.00,1,-1,-1,-1
188,2,1357.75,195.72,256.45,610.89,1,-1,-1,-1
188,1,1192.33,168.67,207.43,795.88,1,-1,-1,-1
189,2,1356.00,192.00,315.00,621.00,1,-1,-1,-1
189,1,1172.38,168.61,224.42,822.14,1,-1,-1,-1
190,2,1370.90,189.67,301.22,624.52,1,-1,-1,-1
190,1,1147.10,165.67,238.83,816.28,1,-1,-1,-1
191,2,1380.74,182.76,292.31,626.84,1,-1,-1,-1
191,1,1139.73,175.54,231.88,798.03,1,-1,-1,-1
192,2,1390.56,176.83,289.56,626.28,1,-1,-1,-1
192,1,1126.66,176.22,241.58,793.44,1,-1,-1,-1
193,2,1399.28,176.56,284.15,633.87,1,-1,-1,-1
193,1,1114.23,180.54,237.04,789.95,1,-1,-1,-1
194,2,1407.57,164.54,283.90,658.82,1,-1,-1,-1
194,1,1107.95,184.10,224.39,782.43,1,-1,-1,-1
195,2,1416.56,163.67,285.98,669.76,1,-1,-1,-1
195,1,1089.41,184.89,223.66,772.21,1,-1,-1,-1
196,2,1427.52,161.82,292.64,679.64,1,-1,-1,-1
196,1,1084.61,186.71,217.93,756.54,1,-1,-1,-1
197,2,1432.09,169.62,300.30,665.88,1,-1,-1,-1
197,1,1081.09,188.80,213.37,750.42,1,-1,-1,-1
198,2,1438.32,162.07,303.09,670.46,1,-1,-1,-1
198,1,1070.11,192.66,216.51,732.20,1,-1,-1,-1
199,2,1444.13,158.88,305.22,675.67,1,-1,-1,-1
199,1,1061.02,190.25,213.90,738.89,1,-1,-1,-1
200,2,1444.25,154.01,302.72,688.75,1,-1,-1,-1
200,1,1053.61,196.23,212.73,728.64,1,-1,-1,-1
201,2,1445.31,150.32,300.72,706.27,1,-1,-1,-1
201,1,1045.53,203.31,212.40,710.85,1,-1,-1,-1
202,2,1443.07,152.29,290.29,727.65,1,-1,-1,-1
202,1,1035.00,208.39,213.55,692.81,1,-1,-1,-1
203,2,1428.75,136.89,297.77,744.94,1,-1,-1,-1
203,1,1031.08,198.90,211.45,707.28,1,-1,-1,-1
204,2,1438.00,152.00,225.00,767.00,1,-1,-1,-1
204,1,1020.63,202.65,218.19,682.89,1,-1,-1,-1
205,2,1428.73,151.80,227.97,766.84,1,-1,-1,-1
205,1,1014.80,195.47,210.20,686.78,1,-1,-1,-1
206,4,2.14,275.30,199.55,529.53,1,-1,-1,-1
206,2,1418.45,153.53,230.03,756.99,1,-1,-1,-1
206,1,1011.76,203.46,213.99,667.56,1,-1,-1,-1
207,4,2.43,270.03,213.27,538.38,1,-1,-1,-1
207,2,1415.87,156.90,219.34,761.18,1,-1,-1,-1
207,1,1009.59,210.13,203.29,653.98,1,-1,-1,-1
208,4,3.21,267.36,223.66,546.11,1,-1,-1,-1
208,2,1407.01,158.33,217.52,766.19,1,-1,-1,-1
208,1,1006.58,214.11,196.97,646.65,1,-1,-1,-1
209,4,2.81,272.64,227.91,548.72,1,-1,-1,-1
209,2,1381.71,145.98,211.52,767.30,1,-1,-1,-1
209,1,1002.87,213.95,190.22,645.87,1,-1,-1,-1
210,4,14.55,266.50,222.09,563.76,1,-1,-1,-1
210,2,1350.36,147.87,228.64,762.36,1,-1,-1,-1
210,1,993.87,219.30,189.29,638.79,1,-1,-1,-1
211,4,25.50,265.91,223.22,563.38,1,-1,-1,-1
211,2,1321.87,162.89,252.00,764.04,1,-1,-1,-1
211,1,986.93,218.83,186.21,639.08,1,-1,-1,-1
212,4,34.09,255.86,224.74,571.28,1,-1,-1,-1
212,2,1284.72,166.26,275.53,763.78,1,-1,-1,-1
212,1,989.86,214.96,175.80,627.08,1,-1,-1,-1
213,4,46.48,251.82,222.35,575.48,1,-1,-1,-1
213,2,1263.88,165.57,275.67,771.88,1,-1,-1,-1
213,1,994.49,218.65,170.51,618.54,1,-1,-1,-1
214,4,53.30,247.65,233.80,573.76,1,-1,-1,-1
214,2,1248.79,176.52,270.94,764.87,1,-1,-1,-1
214,1,1000.02,218.44,168.31,605.09,1,-1,-1,-1
215,4,68.34,245.26,237.53,581.36,1,-1,-1,-1
215,2,1238.67,168.03,243.59,774.63,1,-1,-1,-1
215,1,995.43,220.31,165.18,601.76,1,-1,-1,-1
216,4,82.18,249.25,235.48,583.76,1,-1,-1,-1
216,2,1208.86,158.78,229.99,779.25,1,-1,-1,-1
216,1,976.43,217.08,175.42,593.69,1,-1,-1,-1
217,4,92.80,250.84,236.85,586.96,1,-1,-1,-1
217,2,1175.57,147.05,226.49,785.04,1,-1,-1,-1
217,1,961.72,221.37,187.14,584.79,1,-1,-1,-1
218,4,96.87,253.35,238.03,582.01,1,-1,-1,-1
218,2,1159.49,138.65,219.94,794.99,1,-1,-1,-1
218,1,951.87,225.80,191.95,580.25,1,-1,-1,-1
219,4,109.18,255.54,231.16,581.80,1,-1,-1,-1
219,2,1109.43,143.39,245.49,798.87,1,-1,-1,-1
219,1,945.39,226.76,187.76,584.07,1,-1,-1,-1
220,4,119.80,257.79,224.61,588.05,1,-1,-1,-1
220,2,1059.55,155.62,281.62,794.96,1,-1,-1,-1
220,1,935.18,227.11,179.30,582.51,1,-1,-1,-1
221,4,132.33,249.82,227.16,593.59,1,-1,-1,-1
221,2,1020.85,156.75,308.33,804.95,1,-1,-1,-1
221,1,929.69,226.38,167.71,583.55,1,-1,-1,-1
222,4,141.99,245.73,229.30,599.70,1,-1,-1,-1
222,2,1013.59,169.84,293.40,783.66,1,-1,-1,-1
222,1,920.58,227.84,158.39,586.92,1,-1,-1,-1
223,4,145.68,246.09,239.02,605.31,1,-1,-1,-1
223,2,979.73,171.63,297.23,781.84,1,-1,-1,-1
223,1,906.37,228.94,147.45,565.82,1,-1,-1,-1
224,4,152.88,244.57,238.58,607.73,1,-1,-1,-1
224,2,972.99,170.96,259.84,774.32,1,-1,-1,-1
224,1,906.65,221.54,145.00,549.90,1,-1,-1,-1
225,4,154.21,244.93,244.30,618.30,1,-1,-1,-1
225,2,938.16,168.88,243.20,762.67,1,-1,-1,-1
225,1,897.12,224.67,149.66,559.40,1,-1,-1,-1
226,4,155.22,239.22,236.18,641.97,1,-1,-1,-1
226,2,890.02,159.00,248.99,772.09,1,-1,-1,-1
226,1,870.00,224.00,152.00,564.00,1,-1,-1,-1
227,4,153.13,239.11,239.96,654.52,1,-1,-1,-1
227,2,885.58,160.91,240.74,783.44,1,-1,-1,-1
227,1,868.95,212.43,152.00,564.00,1,-1,-1,-1
228,4,158.69,242.50,240.80,657.05,1,-1,-1,-1
228,2,862.09,168.86,263.01,788.99,1,-1,-1,-1
228,1,853.17,226.10,152.00,564.00,1,-1,-1,-1
229,4,159.62,234.55,242.69,667.06,1,-1,-1,-1
229,2,816.37,175.26,296.77,769.60,1,-1,-1,-1
230,4,161.01,233.59,246.05,674.08,1,-1,-1,-1
230,2,800.86,171.91,290.61,771.98,1,-1,-1,-1
231,4,161.44,231.48,247.58,675.60,1,-1,-1,-1
231,2,786.13,176.90,278.82,770.40,1,-1,-1,-1
232,4,158.10,220.57,251.77,689.77,1,-1,-1,-1
232,2,773.60,183.18,272.09,781.12,1,-1,-1,-1
233,4,156.94,218.08,250.83,698.81,1,-1,-1,-1
233,2,756.78,176.91,253.01,782.83,1,-1,-1,-1
234,4,152.45,216.08,253.94,708.19,1,-1,-1,-1
234,2,746.29,176.24,253.69,789.29,1,-1,-1,-1
235,4,149.61,222.31,263.99,720.92,1,-1,-1,-1
235,2,707.90,162.72,266.77,788.89,1,-1,-1,-1
235,1,848.00,221.00,192.00,586.00,1,-1,-1,-1
236,4,150.67,225.15,265.65,725.98,1,-1,-1,-1
236,2,652.54,152.91,271.00,800.36,1,-1,-1,-1
236,1,835.07,221.82,193.98,582.61,1,-1,-1,-1
237,4,149.46,228.11,265.15,739.65,1,-1,-1,-1
237,2,610.82,158.73,286.00,796.44,1,-1,-1,-1
237,1,831.23,225.08,190.91,574.05,1,-1,-1,-1
238,4,145.60,226.07,269.46,748.59,1,-1,-1,-1
238,2,581.31,157.37,305.36,802.64,1,-1,-1,-1
238,1,824.15,228.20,193.84,570.96,1,-1,-1,-1
239,4,134.30,224.47,275.17,750.30,1,-1,-1,-1
239,2,557.87,172.35,318.67,793.25,1,-1,-1,-1
239,1,824.02,230.37,190.68,568.14,1,-1,-1,-1
240,4,121.30,218.90,282.70,763.95,1,-1,-1,-1
240,2,542.20,176.65,310.28,788.96,1,-1,-1,-1
240,1,828.37,226.46,189.72,582.53,1,-1,-1,-1
241,4,109.54,212.01,290.54,777.16,1,-1,-1,-1
241,2,548.24,176.21,258.20,788.24,1,-1,-1,-1
241,1,832.85,229.66,190.09,574.77,1,-1,-1,-1
242,4,89.09,207.55,302.33,786.66,1,-1,-1,-1
242,2,543.77,172.73,219.08,784.40,1,-1,-1,-1
242,1,836.46,228.14,187.95,576.45,1,-1,-1,-1
243,4,70.30,203.11,305.44,795.93,1,-1,-1,-1
243,2,506.91,165.24,228.12,772.57,1,-1,-1,-1
243,1,836.69,231.80,190.64,568.52,1,-1,-1,-1
244,4,64.37,202.38,299.86,826.09,1,-1,-1,-1
244,2,472.08,153.86,228.43,793.18,1,-1,-1,-1
244,1,833.28,231.21,191.91,567.64,1,-1,-1,-1
245,4,52.13,201.59,304.65,825.15,1,-1,-1,-1
245,2,447.94,174.69,252.43,793.50,1,-1,-1,-1
245,1,831.05,232.68,189.09,565.00,1,-1,-1,-1
246,4,63.92,209.09,309.05,828.08,1,-1,-1,-1
246,2,418.56,178.05,276.14,785.44,1,-1,-1,-1
246,1,831.18,232.06,186.55,565.42,1,-1,-1,-1
247,4,67.75,213.09,308.76,824.09,1,-1,-1,-1
247,2,410.50,174.82,268.64,788.13,1,-1,-1,-1
247,1,831.15,225.84,185.91,577.82,1,-1,-1,-1
248,4,68.78,213.42,313.26,828.04,1,-1,-1,-1
248,2,392.97,180.12,278.32,785.32,1,-1,-1,-1
248,1,828.63,229.14,191.87,570.76,1,-1,-1,-1
249,4,67.79,213.51,317.88,835.32,1,-1,-1,-1
249,2,379.75,177.02,278.93,801.07,1,-1,-1,-1
249,1,832.19,236.16,185.03,560.56,1,-1,-1,-1
250,4,67.98,214.87,321.49,839.51,1,-1,-1,-1
250,2,364.75,182.27,268.49,800.89,1,-1,-1,-1
250,1,837.63,237.46,185.03,553.19,1,-1,-1,-1
251,4,66.11,214.66,326.33,840.02,1,-1,-1,-1
251,2,340.00,179.00,259.00,793.00,1,-1,-1,-1
251,1,832.72,237.90,183.86,544.79,1,-1,-1,-1
252,4,61.64,208.33,333.52,850.35,1,-1,-1,-1
252,2,322.75,170.77,241.64,792.72,1,-1,-1,-1
252,1,833.30,240.73,177.88,543.85,1,-1,-1,-1
253,4,54.37,208.57,348.47,851.27,1,-1,-1,-1
253,2,306.19,168.02,235.71,799.02,1,-1,-1,-1
253,1,829.59,237.16,180.87,551.21,1,-1,-1,-1
254,4,53.42,210.07,352.60,858.20,1,-1,-1,-1
254,2,288.99,162.03,234.99,808.65,1,-1,-1,-1
254,1,825.91,236.88,183.49,554.76,1,-1,-1,-1
255,4,51.81,214.58,344.08,856.22,1,-1,-1,-1
255,2,287.26,165.18,237.49,809.37,1,-1,-1,-1
255,1,821.50,233.42,187.52,560.91,1,-1,-1,-1
256,4,45.33,213.53,375.28,858.69,1,-1,-1,-1
256,2,283.03,169.27,236.51,808.13,1,-1,-1,-1
256,1,821.96,234.06,194.28,566.49,1,-1,-1,-1
257,4,46.13,219.31,372.88,852.29,1,-1,-1,-1
257,2,261.63,166.10,237.53,804.47,1,-1,-1,-1
257,1,821.51,238.38,201.34,562.49,1,-1,-1,-1
258,4,47.47,227.26,376.66,845.25,1,-1,-1,-1
258,2,240.30,157.98,233.83,569.21,1,-1,-1,-1
258,1,823.92,236.67,206.89,564.98,1,-1,-1,-1
259,4,38.67,219.38,376.94,853.66,1,-1,-1,-1
259,2,269.47,241.96,182.55,558.92,1,-1,-1,-1
259,1,825.69,237.02,213.75,563.84,1,-1,-1,-1
260,4,52.98,207.66,366.31,868.97,1,-1,-1,-1
260,1,832.87,237.28,212.31,561.32,1,-1,-1,-1
261,5,0.00,373.28,97.31,422.21,1,-1,-1,-1
261,4,73.50,198.68,363.14,878.98,1,-1,-1,-1
261,1,845.12,236.22,205.54,563.95,1,-1,-1,-1
262,5,-3.13,358.01,102.50,424.68,1,-1,-1,-1
262,4,96.63,196.41,366.55,883.64,1,-1,-1,-1
262,1,855.10,234.57,198.49,569.45,1,-1,-1,-1
263,5,-3.51,302.33,94.18,487.59,1,-1,-1,-1
263,4,113.01,187.36,378.73,881.43,1,-1,-1,-1
263,1,876.96,228.79,196.13,571.52,1,-1,-1,-1
264,6,10.19,190.18,222.71,613.40,1,-1,-1,-1
264,5,-1.68,286.93,121.66,516.24,1,-1,-1,-1
264,4,159.05,208.67,346.15,862.67,1,-1,-1,-1
264,1,893.21,229.20,187.90,578.02,1,-1,-1,-1
265,6,0.21,198.56,240.27,616.52,1,-1,-1,-1
265,5,0.52,280.70,106.73,527.12,1,-1,-1,-1
265,4,165.26,213.87,352.52,868.68,1,-1,-1,-1
265,1,904.09,222.54,185.78,589.97,1,-1,-1,-1
266,6,6.10,176.53,259.33,722.51,1,-1,-1,-1
266,5,-1.00,237.00,97.00,532.00,1,-1,-1,-1
266,4,203.53,214.58,333.80,879.55,1,-1,-1,-1
266,1,917.33,222.16,189.88,596.29,1,-1,-1,-1
267,6,1.57,158.95,276.70,792.48,1,-1,-1,-1
267,5,1.86,227.69,94.45,565.79,1,-1,-1,-1
267,4,221.02,212.58,337.45,882.32,1,-1,-1,-1
267,1,920.77,223.71,197.26,597.40,1,-1,-1,-1
268,6,-9.01,139.23,300.44,851.94,1,-1,-1,-1
268,5,-3.43,213.73,103.16,565.79,1,-1,-1,-1
268,4,252.49,206.53,335.63,887.39,1,-1,-1,-1
268,1,933.74,228.38,191.24,577.24,1,-1,-1,-1
269,7,43.92,215.40,98.45,88.49,1,-1,-1,-1
269,6,-0.28,126.70,315.77,877.90,1,-1,-1,-1
269,5,-4.38,197.58,103.16,565.79,1,-1,-1,-1
269,4,281.86,184.56,354.93,902.02,1,-1,-1,-1
269,1,945.44,228.44,193.79,608.40,1,-1,-1,-1
270,7,57.66,215.79,95.38,85.41,1,-1,-1,-1
270,6,-4.87,125.27,326.97,897.46,1,-1,-1,-1
270,5,-9.13,189.03,103.16,565.79,1,-1,-1,-1
270,4,315.47,174.98,350.16,893.43,1,-1,-1,-1
270,1,949.85,222.72,204.83,622.92,1,-1,-1,-1
271,7,79.22,217.38,93.40,83.87,1,-1,-1,-1
271,6,4.91,125.50,337.31,913.51,1,-1,-1,-1
271,4,337.69,169.11,364.02,894.40,1,-1,-1,-1
271,1,958.91,228.97,207.63,619.86,1,-1,-1,-1
272,7,92.71,222.17,91.71,82.35,1,-1,-1,-1
272,6,-10.07,118.51,352.47,925.51,1,-1,-1,-1
272,4,365.61,128.64,362.24,918.88,1,-1,-1,-1
272,1,969.71,220.34,211.80,622.70,1,-1,-1,-1
273,7,98.55,236.39,90.05,80.86,1,-1,-1,-1
273,6,1.39,127.71,355.02,929.57,1,-1,-1,-1
273,4,412.74,221.58,357.24,888.89,1,-1,-1,-1
273,1,984.11,218.90,198.86,633.92,1,-1,-1,-1
274,6,-9.10,123.37,366.36,928.73,1,-1,-1,-1
274,4,456.75,208.29,342.06,919.02,1,-1,-1,-1
274,1,1000.24,213.28,193.75,644.46,1,-1,-1,-1
275,6,-6.41,118.34,377.84,937.51,1,-1,-1,-1
275,4,503.09,220.44,324.06,904.29,1,-1,-1,-1
275,1,1015.09,189.43,197.36,682.37,1,-1,-1,-1
276,6,-4.32,115.01,362.59,934.75,1,-1,-1,-1
276,4,539.67,206.95,311.18,917.33,1,-1,-1,-1
276,1,1027.85,199.90,203.02,667.39,1,-1,-1,-1
277,6,9.71,106.68,384.42,940.49,1,-1,-1,-1
277,4,587.55,180.44,305.07,922.64,1,-1,-1,-1
277,1,1044.36,198.75,214.13,670.07,1,-1,-1,-1
278,6,15.67,108.02,391.15,955.35,1,-1,-1,-1
278,4,624.68,195.11,308.90,915.58,1,-1,-1,-1
278,1,1054.39,212.09,243.54,653.47,1,-1,-1,-1
279,6,25.10,101.29,398.82,948.29,1,-1,-1,-1
279,4,668.84,194.38,320.48,915.18,1,-1,-1,-1
279,1,1074.69,217.21,240.50,650.09,1,-1,-1,-1
280,6,35.39,110.11,404.97,944.39,1,-1,-1,-1
280,4,726.82,179.33,321.08,923.58,1,-1,-1,-1
280,2,345.00,464.00,123.00,312.00,1,-1,-1,-1
280,1,1085.76,205.11,242.07,666.75,1,-1,-1,-1
281,6,79.44,122.00,407.65,936.30,1,-1,-1,-1
281,4,779.35,184.60,338.95,912.61,1,-1,-1,-1
281,2,359.75,404.83,161.68,367.84,1,-1,-1,-1
281,1,1102.49,202.85,245.75,661.85,1,-1,-1,-1
282,6,107.00,78.00,479.00,970.00,1,-1,-1,-1
282,4,815.01,202.67,348.37,901.33,1,-1,-1,-1
282,2,380.22,442.85,145.01,367.84,1,-1,-1,-1
282,1,1136.86,202.59,214.20,662.39,1,-1,-1,-1
283,6,136.09,85.63,469.55,972.62,1,-1,-1,-1
283,4,854.35,200.45,358.04,918.50,1,-1,-1,-1
283,1,1158.00,193.99,207.01,670.91,1,-1,-1,-1
284,6,165.67,74.79,448.05,989.56,1,-1,-1,-1
284,4,900.81,222.50,349.11,885.37,1,-1,-1,-1
284,1,1169.93,192.12,202.36,672.44,1,-1,-1,-1
285,6,183.58,73.23,440.24,992.33,1,-1,-1,-1
285,4,957.30,197.62,336.52,913.38,1,-1,-1,-1
285,1,1175.04,190.27,214.08,674.09,1,-1,-1,-1
286,6,209.43,53.11,440.03,1006.17,1,-1,-1,-1
286,4,992.24,209.85,325.46,886.55,1,-1,-1,-1
286,1,1188.44,197.51,228.60,671.49,1,-1,-1,-1
287,6,234.17,54.61,466.06,1018.97,1,-1,-1,-1
287,4,1036.00,76.00,400.00,979.00,1,-1,-1,-1
287,1,1194.53,184.44,248.41,692.77,1,-1,-1,-1
288,6,265.12,47.41,503.08,1026.21,1,-1,-1,-1
288,4,1056.70,75.94,388.67,991.11,1,-1,-1,-1
288,1,1221.79,202.08,231.63,594.99,1,-1,-1,-1
289,6,284.00,57.48,552.70,1015.56,1,-1,-1,-1
289,4,1087.57,59.82,398.23,1012.13,1,-1,-1,-1
290,6,313.84,56.11,528.65,1020.26,1,-1,-1,-1
290,4,1097.35,61.95,404.68,1016.08,1,-1,-1,-1
291,6,362.39,58.36,540.25,1016.16,1,-1,-1,-1
291,4,1143.22,74.27,391.57,1005.16,1,-1,-1,-1
292,6,411.82,70.59,478.95,1006.69,1,-1,-1,-1
292,4,1171.05,64.45,393.26,1013.48,1,-1,-1,-1
293,6,448.09,49.21,468.18,1028.40,1,-1,-1,-1
293,4,1206.57,56.97,386.74,1026.07,1,-1,-1,-1
294,6,471.70,44.30,466.00,1011.04,1,-1,-1,-1
294,4,1226.87,54.59,408.18,1033.41,1,-1,-1,-1
295,9,1250.15,196.21,133.57,450.33,1,-1,-1,-1
295,8,0.95,404.20,154.72,426.09,1,-1,-1,-1
295,6,514.01,50.02,474.54,1006.91,1,-1,-1,-1
295,4,1257.04,52.57,412.48,1030.78,1,-1,-1,-1
296,10,540.23,206.50,136.01,535.90,1,-1,-1,-1
296,9,1256.44,192.85,150.95,583.16,1,-1,-1,-1
296,8,3.01,391.98,171.04,451.02,1,-1,-1,-1
296,6,537.47,53.02,487.72,1009.25,1,-1,-1,-1
296,4,1280.58,60.38,428.45,1016.90,1,-1,-1,-1
297,10,562.29,215.93,157.61,555.99,1,-1,-1,-1
297,9,1260.40,176.29,171.02,669.66,1,-1,-1,-1
297,8,17.39,342.32,184.78,511.22,1,-1,-1,-1
297,6,596.17,97.12,474.14,981.91,1,-1,-1,-1
297,4,1338.25,45.21,417.17,1035.17,1,-1,-1,-1
298,10,573.28,205.83,168.94,579.57,1,-1,-1,-1
298,9,1264.99,167.83,194.23,705.15,1,-1,-1,-1
298,8,20.95,286.55,197.58,569.48,1,-1,-1,-1
298,6,667.49,40.41,475.41,1026.63,1,-1,-1,-1
298,4,1376.43,54.21,432.03,1029.24,1,-1,-1,-1
299,10,574.68,213.79,180.92,587.79,1,-1,-1,-1
299,9,1275.95,167.69,206.16,725.79,1,-1,-1,-1
299,8,24.21,268.45,204.03,576.25,1,-1,-1,-1
299,6,722.08,30.69,466.55,1043.98,1,-1,-1,-1
299,4,1400.89,52.25,438.08,1033.04,1,-1,-1,-1
300,10,584.65,211.90,192.50,596.56,1,-1,-1,-1
300,9,1283.35,179.02,211.22,703.41,1,-1,-1,-1
300,8,25.80,263.97,204.32,592.39,1,-1,-1,-1
300,6,758.82,28.77,477.27,1031.45,1,-1,-1,-1
300,4,1420.90,44.88,443.06,1029.94,1,-1,-1,-1
301,10,598.66,214.78,210.60,598.33,1,-1,-1,-1
301,9,1291.18,182.22,211.34,698.66,1,-1,-1,-1
301,8,28.26,258.22,213.97,611.72,1,-1,-1,-1
301,6,813.03,49.01,466.63,1015.03,1,-1,-1,-1
301,4,1445.12,56.56,441.28,1019.17,1,-1,-1,-1
302,10,610.71,211.52,210.08,604.47,1,-1,-1,-1
302,9,1299.27,182.98,213.67,702.14,1,-1,-1,-1
302,8,22.98,249.94,225.83,616.91,1,-1,-1,-1
302,6,842.76,37.22,446.92,1038.42,1,-1,-1,-1
302,4,1476.87,49.67,421.81,1035.30,1,-1,-1,-1
303,10,625.99,215.19,202.01,604.40,1,-1,-1,-1
303,9,1303.81,185.05,217.31,702.68,1,-1,-1,-1
303,8,4.30,257.25,254.37,612.25,1,-1,-1,-1
303,6,880.24,42.21,449.41,1026.10,1,-1,-1,-1
303,4,1506.52,45.39,403.02,1044.84,1,-1,-1,-1
304,10,637.88,211.58,198.11,604.75,1,-1,-1,-1
304,9,1304.84,179.61,227.68,703.96,1,-1,-1,-1
304,8,5.00,249.00,312.00,587.00,1,-1,-1,-1
304,6,904.60,51.63,452.21,1027.35,1,-1,-1,-1
304,4,1524.04,57.51,401.94,1029.45,1,-1,-1,-1
305,10,658.30,201.01,190.92,608.86,1,-1,-1,-1
305,9,1312.18,180.10,219.42,701.20,1,-1,-1,-1
305,8,19.02,249.96,315.77,587.95,1,-1,-1,-1
305,6,948.07,67.32,441.03,1008.78,1,-1,-1,-1
305,4,1534.44,53.79,399.25,1030.88,1,-1,-1,-1
306,10,671.79,209.73,187.55,600.47,1,-1,-1,-1
306,9,1305.59,181.15,213.16,701.12,1,-1,-1,-1
306,8,31.48,246.44,309.12,590.42,1,-1,-1,-1
306,6,988.61,53.26,427.47,1024.28,1,-1,-1,-1
306,4,1555.57,45.84,381.83,1038.26,1,-1,-1,-1
307,10,681.65,207.65,185.54,604.00,1,-1,-1,-1
307,9,1305.72,177.28,200.10,705.81,1,-1,-1,-1
307,8,47.08,238.37,298.62,600.05,1,-1,-1,-1
307,6,1028.77,103.25,429.73,976.62,1,-1,-1,-1
307,4,1560.16,46.12,388.39,1034.27,1,-1,-1,-1
308,10,674.24,195.69,193.86,617.77,1,-1,-1,-1
308,9,1347.00,176.00,162.00,709.00,1,-1,-1,-1
308,8,57.74,234.40,301.56,602.31,1,-1,-1,-1
308,6,1072.52,61.25,433.80,1000.15,1,-1,-1,-1
308,4,1573.65,31.46,383.28,1032.39,1,-1,-1,-1
309,10,677.75,201.93,197.89,616.18,1,-1,-1,-1
309,9,1360.88,159.60,162.00,709.00,1,-1,-1,-1
309,8,67.54,231.13,296.57,605.74,1,-1,-1,-1
309,6,1113.94,13.00,426.37,1032.54,1,-1,-1,-1
309,4,1580.22,18.93,381.27,1052.17,1,-1,-1,-1
310,10,681.27,198.94,193.18,627.59,1,-1,-1,-1
310,9,1410.41,149.03,165.04,722.29,1,-1,-1,-1
310,8,72.56,231.16,300.43,608.15,1,-1,-1,-1
310,6,1138.43,-4.28,449.15,1039.64,1,-1,-1,-1
310,4,1582.29,40.46,390.03,1047.33,1,-1,-1,-1
311,10,684.46,196.60,192.97,644.66,1,-1,-1,-1
311,8,86.45,229.91,301.40,618.21,1,-1,-1,-1
311,6,1166.31,11.95,464.18,1035.31,1,-1,-1,-1
311,4,1585.53,26.93,384.20,1044.69,1,-1,-1,-1
312,10,683.79,196.32,193.65,658.86,1,-1,-1,-1
312,8,101.50,232.20,299.61,633.37,1,-1,-1,-1
312,6,1219.00,34.00,435.00,1038.00,1,-1,-1,-1
312,4,1594.04,22.62,375.49,1039.18,1,-1,-1,-1
313,10,681.13,197.06,194.60,670.36,1,-1,-1,-1
313,8,104.59,230.66,304.97,644.96,1,-1,-1,-1
313,6,1235.88,44.40,427.78,1026.46,1,-1,-1,-1
313,5,1244.00,359.00,139.00,511.00,1,-1,-1,-1
313,4,1611.28,13.91,363.86,1041.70,1,-1,-1,-1
314,10,677.05,198.03,198.31,673.54,1,-1,-1,-1
314,8,105.41,227.83,309.21,656.81,1,-1,-1,-1
314,6,1250.85,57.80,438.82,1016.33,1,-1,-1,-1
314,5,1261.39,397.91,132.31,487.39,1,-1,-1,-1
314,4,1621.98,20.53,356.79,1029.60,1,-1,-1,-1
315,10,670.32,183.60,200.53,687.08,1,-1,-1,-1
315,8,101.57,226.17,315.57,658.26,1,-1,-1,-1
315,6,1256.51,62.76,439.09,1013.67,1,-1,-1,-1
315,5,1260.58,289.99,142.32,587.90,1,-1,-1,-1
315,4,1637.72,44.58,345.71,997.10,1,-1,-1,-1
316,10,664.77,189.38,203.86,688.75,1,-1,-1,-1
316,8,105.61,219.11,312.19,665.16,1,-1,-1,-1
316,6,1270.60,55.58,428.56,1022.29,1,-1,-1,-1
316,5,1241.00,243.00,170.00,644.00,1,-1,-1,-1
316,4,1655.08,38.44,323.42,994.99,1,-1,-1,-1
317,10,657.66,183.40,208.10,692.25,1,-1,-1,-1
317,8,104.31,214.51,314.26,673.03,1,-1,-1,-1
317,6,1293.41,59.50,415.32,1018.39,1,-1,-1,-1
317,5,1218.58,218.24,194.42,661.41,1,-1,-1,-1
317,4,1662.11,34.23,336.13,1010.83,1,-1,-1,-1
318,10,650.17,184.86,211.67,693.57,1,-1,-1,-1
318,8,107.03,214.02,316.27,673.99,1,-1,-1,-1
318,6,1310.39,59.53,396.26,1024.86,1,-1,-1,-1
318,5,1199.60,180.25,205.03,711.36,1,-1,-1,-1
318,4,1663.89,36.53,339.64,1018.34,1,-1,-1,-1
319,10,644.69,179.83,211.88,698.21,1,-1,-1,-1
319,8,107.47,212.85,316.83,677.27,1,-1,-1,-1
319,6,1323.87,64.82,377.77,1015.64,1,-1,-1,-1
319,5,1200.66,189.60,189.68,714.89,1,-1,-1,-1
319,4,1661.66,29.78,336.48,1024.70,1,-1,-1,-1
320,10,642.22,176.48,210.38,703.64,1,-1,-1,-1
320,8,106.67,210.30,323.91,680.30,1,-1,-1,-1
320,6,1368.43,67.74,367.68,994.34,1,-1,-1,-1
320,5,1182.53,195.48,199.12,721.61,1,-1,-1,-1
320,4,1667.39,14.44,338.46,1050.22,1,-1,-1,-1
321,10,636.13,174.22,210.83,722.56,1,-1,-1,-1
321,8,113.38,210.80,328.44,698.18,1,-1,-1,-1
321,6,1409.70,71.54,358.05,984.09,1,-1,-1,-1
321,5,1141.92,189.96,235.25,727.92,1,-1,-1,-1
321,4,1658.96,17.81,337.67,1039.13,1,-1,-1,-1
322,10,628.66,167.70,215.71,744.33,1,-1,-1,-1
322,8,113.41,211.19,335.92,708.15,1,-1,-1,-1
322,6,1447.00,57.00,297.00,995.00,1,-1,-1,-1
322,5,1126.85,197.79,239.73,710.43,1,-1,-1,-1
322,4,1601.07,29.56,335.11,1049.23,1,-1,-1,-1
323,10,630.79,168.75,220.07,769.54,1,-1,-1,-1
323,8,118.23,207.96,338.37,718.51,1,-1,-1,-1
323,6,1457.90,70.21,299.15,992.54,1,-1,-1,-1
323,5,1121.79,201.18,235.68,702.99,1,-1,-1,-1
323,4,1588.03,24.13,335.50,1037.00,1,-1,-1,-1
324,10,634.14,167.17,222.29,782.80,1,-1,-1,-1
324,8,123.69,200.91,341.96,724.58,1,-1,-1,-1
324,6,1477.36,60.42,292.44,1004.68,1,-1,-1,-1
324,5,1113.52,203.78,233.01,697.81,1,-1,-1,-1
324,4,1586.41,35.12,342.04,1027.97,1,-1,-1,-1
325,10,635.47,167.23,227.38,787.68,1,-1,-1,-1
325,8,128.43,196.49,340.98,733.56,1,-1,-1,-1
325,6,1491.04,66.78,296.15,994.61,1,-1,-1,-1
325,5,1104.65,199.08,226.17,701.00,1,-1,-1,-1
325,4,1676.00,48.00,242.00,1029.00,1,-1,-1,-1
326,10,625.72,167.31,240.63,792.03,1,-1,-1,-1
326,8,130.30,195.48,343.21,738.39,1,-1,-1,-1
326,6,1508.69,71.73,287.29,982.39,1,-1,-1,-1
326,5,1094.50,198.15,212.14,701.90,1,-1,-1,-1
326,4,1666.38,60.39,248.00,1008.11,1,-1,-1,-1
327,10,621.62,162.52,241.94,805.74,1,-1,-1,-1
327,8,129.41,191.51,344.14,747.00,1,-1,-1,-1
327,6,1518.42,94.86,282.87,939.84,1,-1,-1,-1
327,5,1084.93,200.04,198.11,697.69,1,-1,-1,-1
327,4,1642.84,70.03,267.04,986.71,1,-1,-1,-1
328,10,616.93,156.43,245.41,819.61,1,-1,-1,-1
328,8,127.99,188.65,344.68,771.15,1,-1,-1,-1
328,6,1500.39,77.49,291.19,961.70,1,-1,-1,-1
328,5,1056.95,202.26,186.76,713.43,1,-1,-1,-1
328,4,1646.66,48.74,265.99,996.71,1,-1,-1,-1
329,10,615.48,152.48,244.49,841.39,1,-1,-1,-1
329,8,123.70,187.32,356.24,794.09,1,-1,-1,-1
329,6,1473.30,76.41,390.86,975.38,1,-1,-1,-1
329,5,1021.60,193.93,205.69,711.89,1,-1,-1,-1
329,4,1649.47,58.01,234.41,996.71,1,-1,-1,-1
330,10,612.79,151.91,247.05,846.72,1,-1,-1,-1
330,8,119.64,183.01,359.34,808.43,1,-1,-1,-1
330,6,1483.95,81.78,385.51,967.87,1,-1,-1,-1
330,5,986.73,208.16,225.80,695.44,1,-1,-1,-1
330,4,1629.81,59.80,234.41,996.71,1,-1,-1,-1
331,10,606.71,150.33,251.70,862.36,1,-1,-1,-1
331,8,118.28,179.57,363.03,819.92,1,-1,-1,-1
331,6,1483.45,92.03,385.95,963.78,1,-1,-1,-1
331,5,969.03,209.54,231.57,688.92,1,-1,-1,-1
331,4,1613.72,65.16,234.41,996.71,1,-1,-1,-1
332,10,598.48,158.59,255.27,861.45,1,-1,-1,-1
332,8,115.46,176.96,366.16,825.58,1,-1,-1,-1
332,6,1484.43,88.00,359.84,975.53,1,-1,-1,-1
332,5,957.10,216.36,235.35,676.56,1,-1,-1,-1
332,4,1601.20,70.52,234.41,996.71,1,-1,-1,-1
333,10,587.95,165.39,261.71,863.08,1,-1,-1,-1
333,8,108.57,169.31,369.63,838.57,1,-1,-1,-1
333,6,1500.63,114.18,291.19,975.53,1,-1,-1,-1
333,5,948.08,213.45,215.89,679.51,1,-1,-1,-1
333,4,1548.82,73.42,297.05,982.66,1,-1,-1,-1
334,10,574.85,159.55,267.61,866.02,1,-1,-1,-1
334,8,99.59,168.29,381.13,841.44,1,-1,-1,-1
334,6,1517.00,111.35,327.07,996.59,1,-1,-1,-1
334,5,943.95,209.30,202.17,674.32,1,-1,-1,-1
334,4,1572.29,86.71,231.10,982.66,1,-1,-1,-1
335,10,557.19,163.87,276.68,869.12,1,-1,-1,-1
335,8,89.20,162.23,392.56,853.85,1,-1,-1,-1
335,5,932.89,208.78,183.66,670.08,1,-1,-1,-1
335,4,1500.85,96.24,314.20,987.14,1,-1,-1,-1
336,10,545.31,161.04,280.69,877.77,1,-1,-1,-1
336,8,82.40,161.18,405.68,858.83,1,-1,-1,-1
336,5,908.50,215.18,181.15,659.10,1,-1,-1,-1
336,4,1485.90,116.15,306.54,980.87,1,-1,-1,-1
337,10,537.14,163.78,287.67,879.31,1,-1,-1,-1
337,8,81.74,158.17,414.09,872.99,1,-1,-1,-1
337,5,889.86,215.63,185.95,654.78,1,-1,-1,-1
337,4,1463.77,132.53,308.83,974.20,1,-1,-1,-1
338,10,545.08,158.64,291.25,890.63,1,-1,-1,-1
338,8,78.84,153.63,424.52,883.30,1,-1,-1,-1
338,5,885.77,210.05,183.39,660.20,1,-1,-1,-1
338,4,1465.37,131.57,280.90,964.76,1,-1,-1,-1
339,10,557.57,163.12,304.19,895.21,1,-1,-1,-1
339,8,86.79,157.51,429.73,883.93,1,-1,-1,-1
339,5,870.59,211.30,197.35,657.47,1,-1,-1,-1
339,4,1441.78,91.25,282.69,978.33,1,-1,-1,-1
340,10,540.45,164.38,309.76,904.73,1,-1,-1,-1
340,8,103.43,161.01,426.70,882.19,1,-1,-1,-1
340,5,863.50,222.17,193.04,640.65,1,-1,-1,-1
340,4,1421.54,99.99,286.56,970.36,1,-1,-1,-1
341,10,518.00,63.00,432.00,1010.00,1,-1,-1,-1
341,8,124.75,157.14,418.65,885.75,1,-1,-1,-1
341,5,857.35,239.30,183.50,624.03,1,-1,-1,-1
341,4,1390.29,104.95,294.54,971.15,1,-1,-1,-1
342,10,534.23,74.84,440.04,1009.35,1,-1,-1,-1
342,8,138.01,158.06,418.25,887.00,1,-1,-1,-1
342,5,831.78,211.65,171.93,654.24,1,-1,-1,-1
342,4,1374.76,91.73,279.95,970.29,1,-1,-1,-1
343,10,554.28,101.65,414.12,979.01,1,-1,-1,-1
343,8,145.26,150.82,415.21,890.88,1,-1,-1,-1
343,5,795.42,205.71,144.97,594.58,1,-1,-1,-1
343,4,1356.77,103.08,263.89,967.07,1,-1,-1,-1
344,10,562.94,92.14,413.13,986.68,1,-1,-1,-1
344,8,152.27,149.41,415.52,896.59,1,-1,-1,-1
344,4,1337.38,98.56,260.14,966.95,1,-1,-1,-1
345,10,580.89,90.41,414.85,990.58,1,-1,-1,-1
345,8,163.11,149.10,406.95,900.67,1,-1,-1,-1
345,4,1324.17,108.93,257.93,955.31,1,-1,-1,-1
346,10,617.75,82.76,403.10,1001.78,1,-1,-1,-1
346,8,169.23,147.74,407.61,902.52,1,-1,-1,-1
346,4,1312.57,110.82,261.60,948.91,1,-1,-1,-1
347,10,639.34,69.05,404.96,1016.96,1,-1,-1,-1
347,8,178.39,146.30,411.29,910.32,1,-1,-1,-1
347,4,1285.67,110.06,273.37,938.77,1,-1,-1,-1
348,10,642.31,54.82,407.46,1045.26,1,-1,-1,-1
348,8,182.58,144.58,419.80,911.63,1,-1,-1,-1
348,4,1270.78,104.00,284.01,950.69,1,-1,-1,-1
349,10,665.72,54.97,411.75,1037.75,1,-1,-1,-1
349,8,187.38,145.82,419.49,909.09,1,-1,-1,-1
349,5,640.00,227.00,169.00,588.00,1,-1,-1,-1
349,4,1253.84,117.72,295.45,940.63,1,-1,-1,-1
350,10,718.12,52.98,384.80,1049.87,1,-1,-1,-1
350,8,190.30,144.17,413.98,911.28,1,-1,-1,-1
350,5,631.36,235.96,200.49,596.34,1,-1,-1,-1
350,4,1244.38,125.62,292.08,918.46,1,-1,-1,-1
351,10,722.24,56.92,411.05,1022.45,1,-1,-1,-1
351,8,191.66,144.12,413.86,912.10,1,-1,-1,-1
351,5,633.01,237.99,203.31,597.39,1,-1,-1,-1
351,4,1243.41,130.38,286.18,911.70,1,-1,-1,-1
352,11,1220.96,145.32,118.81,202.78,1,-1,-1,-1
352,10,769.68,36.07,394.18,1048.65,1,-1,-1,-1
352,8,197.95,147.23,412.43,907.03,1,-1,-1,-1
352,5,635.63,228.95,192.14,618.13,1,-1,-1,-1
352,4,1243.60,134.60,276.18,920.82,1,-1,-1,-1
353,11,1193.65,140.52,118.00,202.00,1,-1,-1,-1
353,10,791.21,43.01,391.54,1057.87,1,-1,-1,-1
353,8,199.17,152.27,402.55,902.42,1,-1,-1,-1
353,6,1186.00,214.00,148.00,702.00,1,-1,-1,-1
353,5,629.57,222.80,175.76,618.81,1,-1,-1,-1
353,4,1227.69,136.56,285.45,915.35,1,-1,-1,-1
354,11,1167.30,137.04,118.00,202.00,1,-1,-1,-1
354,10,810.82,45.40,416.29,1057.07,1,-1,-1,-1
354,8,203.36,148.43,398.43,908.14,1,-1,-1,-1
354,6,1156.60,196.81,178.64,717.90,1,-1,-1,-1
354,5,609.18,216.30,173.87,607.76,1,-1,-1,-1
354,4,1210.00,143.95,298.90,893.22,1,-1,-1,-1
355,10,854.67,55.23,424.46,1049.39,1,-1,-1,-1
355,8,208.33,150.85,393.90,889.45,1,-1,-1,-1
355,6,1151.82,181.35,172.23,745.75,1,-1,-1,-1
355,5,593.43,239.85,177.18,607.05,1,-1,-1,-1
355,4,1251.05,142.75,260.11,886.71,1,-1,-1,-1
356,10,870.83,51.95,444.96,1041.06,1,-1,-1,-1
356,9,1117.00,151.00,142.00,341.00,1,-1,-1,-1
356,8,210.23,146.78,392.11,910.30,1,-1,-1,-1
356,5,584.65,246.62,180.62,609.62,1,-1,-1,-1
356,4,1264.08,130.45,235.89,883.92,1,-1,-1,-1
357,10,901.32,54.62,436.61,1047.87,1,-1,-1,-1
357,9,1100.57,150.54,139.43,334.84,1,-1,-1,-1
357,8,213.85,141.26,389.22,916.74,1,-1,-1,-1
357,5,574.60,239.79,187.46,616.35,1,-1,-1,-1
357,4,1248.00,161.00,282.00,805.00,1,-1,-1,-1
358,10,916.99,53.29,425.53,1045.92,1,-1,-1,-1
358,9,1070.06,125.69,142.05,341.12,1,-1,-1,-1
358,8,215.08,146.71,391.45,905.62,1,-1,-1,-1
358,5,563.01,242.05,191.54,618.99,1,-1,-1,-1
358,4,1253.91,159.98,275.77,801.54,1,-1,-1,-1
359,10,960.91,56.82,404.47,1062.82,1,-1,-1,-1
359,8,219.29,146.60,387.44,907.42,1,-1,-1,-1
359,5,558.27,252.72,181.71,620.42,1,-1,-1,-1
359,4,1259.70,160.60,267.63,802.07,1,-1,-1,-1
360,12,955.75,147.19,180.52,756.38,1,-1,-1,-1
360,10,979.65,47.26,423.92,1061.34,1,-1,-1,-1
360,8,221.34,145.70,388.29,907.75,1,-1,-1,-1
360,5,550.50,261.13,179.85,612.11,1,-1,-1,-1
360,4,1272.37,157.28,257.61,797.62,1,-1,-1,-1
361,12,959.97,171.05,165.75,731.97,1,-1,-1,-1
361,10,988.46,46.87,443.89,1045.55,1,-1,-1,-1
361,8,226.01,144.87,391.25,916.60,1,-1,-1,-1
361,5,540.86,240.58,184.36,627.22,1,-1,-1,-1
361,4,1279.41,157.04,248.93,787.41,1,-1,-1,-1
362,12,933.71,150.47,178.39,765.29,1,-1,-1,-1
362,10,1004.56,41.39,481.46,1049.91,1,-1,-1,-1
362,8,233.28,144.98,389.81,916.59,1,-1,-1,-1
362,5,538.28,233.36,191.27,634.45,1,-1,-1,-1
362,4,1292.89,161.00,228.91,734.77,1,-1,-1,-1
363,12,877.28,146.48,217.20,773.01,1,-1,-1,-1
363,10,1041.74,36.38,468.09,1051.42,1,-1,-1,-1
363,8,236.36,152.77,393.87,908.58,1,-1,-1,-1
363,5,535.68,247.02,188.89,628.96,1,-1,-1,-1
363,4,1317.81,183.17,204.74,635.52,1,-1,-1,-1
364,12,853.16,152.20,230.03,774.23,1,-1,-1,-1
364,10,1062.18,34.81,479.34,1058.96,1,-1,-1,-1
364,8,240.91,153.21,391.17,907.08,1,-1,-1,-1
364,5,533.56,240.92,187.57,635.62,1,-1,-1,-1
364,4,1292.47,279.95,226.80,647.44,1,-1,-1,-1
365,12,818.13,160.35,244.58,771.97,1,-1,-1,-1
365,10,1086.85,41.96,490.12,1050.68,1,-1,-1,-1
365,8,246.41,152.75,392.81,908.61,1,-1,-1,-1
365,5,532.70,237.18,184.63,637.58,1,-1,-1,-1
366,12,812.52,175.29,226.05,766.65,1,-1,-1,-1
366,10,1125.97,37.65,473.92,1058.62,1,-1,-1,-1
366,8,253.44,148.42,418.37,914.34,1,-1,-1,-1
366,5,535.54,234.32,174.49,633.43,1,-1,-1,-1
367,12,798.28,179.56,234.47,779.50,1,-1,-1,-1
367,10,1166.17,80.94,468.43,1066.43,1,-1,-1,-1
367,8,260.71,166.06,427.57,899.92,1,-1,-1,-1
367,5,522.14,244.38,176.74,631.37,1,-1,-1,-1
368,12,781.68,194.18,220.16,784.36,1,-1,-1,-1
368,10,1202.60,72.10,458.32,1060.66,1,-1,-1,-1
368,8,274.61,158.94,432.36,908.17,1,-1,-1,-1
368,5,505.97,206.15,182.13,629.20,1,-1,-1,-1
369,13,1201.30,191.94,146.45,565.68,1,-1,-1,-1
369,12,737.11,205.42,201.48,791.29,1,-1,-1,-1
369,10,1226.59,58.07,439.60,1067.09,1,-1,-1,-1
369,8,312.02,138.37,409.77,925.07,1,-1,-1,-1
370,13,1199.75,185.00,158.36,579.69,1,-1,-1,-1
370,12,653.00,271.00,247.00,704.00,1,-1,-1,-1
370,10,1228.95,57.18,430.72,1061.93,1,-1,-1,-1
370,8,332.93,144.90,400.38,911.04,1,-1,-1,-1
371,13,1197.33,193.03,171.89,606.32,1,-1,-1,-1
371,12,638.30,234.96,255.14,730.78,1,-1,-1,-1
371,10,1229.04,-1.08,416.43,1074.18,1,-1,-1,-1
371,8,352.22,136.37,390.23,897.76,1,-1,-1,-1
372,13,1192.87,189.35,182.53,637.22,1,-1,-1,-1
372,12,620.83,225.26,263.19,753.66,1,-1,-1,-1
372,10,1209.16,-5.77,425.55,1069.51,1,-1,-1,-1
372,8,376.82,139.46,377.77,910.76,1,-1,-1,-1
373,13,1189.44,192.96,185.81,651.34,1,-1,-1,-1
373,12,540.85,183.78,278.07,692.29,1,-1,-1,-1
373,10,1226.24,-8.55,401.95,1072.59,1,-1,-1,-1
373,8,406.00,137.11,458.81,897.81,1,-1,-1,-1
374,13,1192.49,189.68,186.61,652.77,1,-1,-1,-1
374,12,517.40,198.36,320.33,806.81,1,-1,-1,-1
374,10,1291.84,54.72,396.88,1075.16,1,-1,-1,-1
375,13,1184.84,192.34,183.23,648.50,1,-1,-1,-1
375,10,1276.51,45.00,402.47,1071.19,1,-1,-1,-1
375,8,495.00,101.00,287.00,959.00,1,-1,-1,-1
376,13,1172.84,189.81,178.65,631.61,1,-1,-1,-1
376,10,1238.27,47.81,435.59,1062.02,1,-1,-1,-1
376,8,497.59,112.75,298.83,944.72,1,-1,-1,-1
377,13,1175.19,190.70,168.36,626.59,1,-1,-1,-1
377,10,1234.67,48.31,424.89,1059.12,1,-1,-1,-1
377,8,516.37,112.15,305.33,947.78,1,-1,-1,-1
377,6,445.00,151.00,184.00,804.00,1,-1,-1,-1
378,13,1168.01,188.54,163.72,611.38,1,-1,-1,-1
378,10,1212.57,65.29,436.01,1040.80,1,-1,-1,-1
378,8,501.54,134.82,359.40,943.02,1,-1,-1,-1
378,6,414.52,170.71,202.14,799.21,1,-1,-1,-1
379,13,1161.81,191.85,167.17,600.16,1,-1,-1,-1
379,10,1233.19,54.17,398.20,1043.56,1,-1,-1,-1
379,8,571.18,123.72,311.97,943.42,1,-1,-1,-1
379,6,373.46,157.56,227.24,796.30,1,-1,-1,-1
380,13,1154.21,194.78,167.06,600.55,1,-1,-1,-1
380,10,1235.33,54.50,395.69,1044.18,1,-1,-1,-1
380,8,592.11,111.91,307.32,955.09,1,-1,-1,-1
380,6,319.75,158.83,287.63,799.32,1,-1,-1,-1
381,13,1143.62,193.35,176.66,599.04,1,-1,-1,-1
381,10,1234.79,51.63,396.59,1035.69,1,-1,-1,-1
381,8,609.37,115.01,298.42,941.53,1,-1,-1,-1
381,6,293.92,174.52,296.65,791.95,1,-1,-1,-1
381,1,528.00,235.00,140.00,503.00,1,-1,-1,-1
382,13,1145.10,201.25,171.38,582.66,1,-1,-1,-1
382,10,1230.47,40.63,393.21,1049.00,1,-1,-1,-1
382,8,643.99,122.33,287.17,930.06,1,-1,-1,-1
382,6,280.99,164.21,273.08,808.71,1,-1,-1,-1
382,1,521.60,231.18,171.13,549.50,1,-1,-1,-1
383,13,1140.78,206.15,167.19,571.91,1,-1,-1,-1
383,10,1225.02,35.08,392.48,1037.30,1,-1,-1,-1
383,8,671.05,111.97,277.72,946.08,1,-1,-1,-1
383,6,263.71,159.03,256.48,818.71,1,-1,-1,-1
383,1,525.03,227.34,181.58,582.44,1,-1,-1,-1
384,13,1133.57,217.88,160.83,557.61,1,-1,-1,-1
384,10,1227.40,45.12,388.77,1022.17,1,-1,-1,-1
384,8,685.39,110.62,300.02,940.92,1,-1,-1,-1
384,6,187.00,177.00,318.00,813.00,1,-1,-1,-1
384,1,527.16,226.46,185.51,599.07,1,-1,-1,-1
385,13,1120.96,210.15,164.32,560.14,1,-1,-1,-1
385,10,1223.07,58.90,386.32,997.60,1,-1,-1,-1
385,8,717.39,105.10,295.25,945.77,1,-1,-1,-1
385,6,153.15,172.63,323.58,822.18,1,-1,-1,-1
385,1,527.82,225.93,187.28,615.60,1,-1,-1,-1
386,13,1108.68,210.32,166.67,557.44,1,-1,-1,-1
386,10,1218.53,82.69,378.24,962.03,1,-1,-1,-1
386,8,739.91,109.37,289.20,955.14,1,-1,-1,-1
386,6,131.88,175.22,327.34,824.18,1,-1,-1,-1
386,1,526.68,229.80,191.48,623.46,1,-1,-1,-1
387,13,1102.16,209.21,153.74,557.77,1,-1,-1,-1
387,10,1214.85,97.50,363.48,950.60,1,-1,-1,-1
387,8,761.07,116.09,306.56,957.02,1,-1,-1,-1
387,6,103.41,164.72,326.95,832.56,1,-1,-1,-1
387,1,527.76,232.60,193.76,621.56,1,-1,-1,-1
388,13,1092.26,218.24,161.38,546.91,1,-1,-1,-1
388,10,1209.21,110.03,355.98,916.16,1,-1,-1,-1
388,8,781.81,123.57,311.67,957.70,1,-1,-1,-1
388,6,83.92,162.60,328.92,834.42,1,-1,-1,-1
388,1,531.38,231.48,196.86,632.34,1,-1,-1,-1
389,13,1085.34,218.67,153.19,548.87,1,-1,-1,-1
389,10,1200.73,108.15,340.90,911.48,1,-1,-1,-1
389,8,801.68,130.50,303.73,954.93,1,-1,-1,-1
389,6,66.06,180.83,331.91,820.29,1,-1,-1,-1
389,1,535.81,226.82,195.36,652.27,1,-1,-1,-1
390,13,1074.92,217.23,142.83,542.99,1,-1,-1,-1
390,10,1188.98,93.81,334.72,923.43,1,-1,-1,-1
390,8,822.03,144.09,305.74,933.27,1,-1,-1,-1
390,6,52.98,179.88,318.60,819.01,1,-1,-1,-1
390,1,535.90,223.26,200.52,663.44,1,-1,-1,-1
391,13,1076.15,214.43,137.94,544.76,1,-1,-1,-1
391,10,1172.61,90.47,336.58,918.06,1,-1,-1,-1
391,8,866.72,110.37,286.90,949.60,1,-1,-1,-1
391,6,39.65,181.56,321.04,792.82,1,-1,-1,-1
391,1,534.71,228.33,209.34,657.59,1,-1,-1,-1
392,13,1067.35,201.08,138.22,534.91,1,-1,-1,-1
392,10,1157.09,99.81,340.53,874.91,1,-1,-1,-1
392,8,900.78,109.22,282.49,943.99,1,-1,-1,-1
392,6,36.42,184.42,313.75,788.30,1,-1,-1,-1
392,1,537.51,229.16,208.76,656.03,1,-1,-1,-1
393,10,1160.04,105.52,322.32,854.22,1,-1,-1,-1
393,8,943.57,107.95,270.84,943.07,1,-1,-1,-1
393,6,32.14,184.76,315.16,781.43,1,-1,-1,-1
393,1,535.76,229.01,208.00,669.96,1,-1,-1,-1
394,10,1156.50,108.71,320.56,832.95,1,-1,-1,-1
394,8,984.00,103.00,254.00,959.00,1,-1,-1,-1
394,6,34.14,181.64,311.77,778.21,1,-1,-1,-1
394,1,537.14,225.62,209.75,676.34,1,-1,-1,-1
395,11,1083.00,94.00,140.00,201.00,1,-1,-1,-1
395,10,1165.49,115.71,304.01,816.08,1,-1,-1,-1
395,8,994.21,163.55,277.46,902.84,1,-1,-1,-1
395,6,33.07,177.47,320.04,779.27,1,-1,-1,-1
395,1,532.24,221.47,210.12,680.31,1,-1,-1,-1
396,11,1095.27,99.87,140.00,201.00,1,-1,-1,-1
396,10,1175.62,113.50,298.90,826.86,1,-1,-1,-1
396,8,1011.77,124.19,289.85,937.61,1,-1,-1,-1
396,6,35.06,185.49,312.77,764.22,1,-1,-1,-1
396,1,528.43,223.75,219.14,682.81,1,-1,-1,-1
397,13,985.00,230.00,101.00,512.00,1,-1,-1,-1
397,11,1120.35,103.61,140.00,201.00,1,-1,-1,-1
397,10,1162.28,111.01,314.43,818.98,1,-1,-1,-1
397,8,1028.69,124.28,317.22,948.83,1,-1,-1,-1
397,6,47.91,191.89,291.47,739.76,1,-1,-1,-1
397,1,524.53,221.86,225.87,689.27,1,-1,-1,-1
398,13,979.41,238.74,106.50,509.81,1,-1,-1,-1
398,10,1158.96,119.39,321.80,773.39,1,-1,-1,-1
398,8,1045.44,151.81,320.56,931.44,1,-1,-1,-1
398,6,50.70,191.60,290.55,732.95,1,-1,-1,-1
398,1,520.77,219.69,232.26,696.01,1,-1,-1,-1
399,13,963.42,229.02,122.03,516.38,1,-1,-1,-1
399,10,1170.83,116.27,308.04,690.60,1,-1,-1,-1
399,8,1063.38,150.34,319.74,940.45,1,-1,-1,-1
399,6,57.49,185.64,273.92,732.22,1,-1,-1,-1
399,1,519.06,217.87,235.85,699.44,1,-1,-1,-1
400,13,941.09,225.19,133.34,519.28,1,-1,-1,-1
400,10,1175.40,135.76,290.05,678.12,1,-1,-1,-1
400,8,1088.06,115.48,324.45,975.21,1,-1,-1,-1
400,6,63.70,182.84,268.63,719.63,1,-1,-1,-1
400,1,522.05,215.15,239.96,708.17,1,-1,-1,-1
401,13,929.63,221.82,131.83,521.03,1,-1,-1,-1
401,8,1141.66,106.55,293.15,979.77,1,-1,-1,-1
401,6,74.60,179.33,258.37,714.16,1,-1,-1,-1
401,1,525.73,215.44,245.62,718.48,1,-1,-1,-1
402,13,909.51,231.64,147.56,523.60,1,-1,-1,-1
402,8,1170.42,106.00,288.87,967.65,1,-1,-1,-1
402,6,92.06,188.84,248.16,698.20,1,-1,-1,-1
402,1,532.21,217.53,246.65,725.61,1,-1,-1,-1
403,13,888.98,229.22,159.72,527.27,1,-1,-1,-1
403,8,1183.96,89.17,307.98,969.95,1,-1,-1,-1
403,6,104.21,188.85,245.81,704.02,1,-1,-1,-1
403,1,537.89,216.65,239.90,736.29,1,-1,-1,-1
404,13,879.62,231.16,158.23,533.64,1,-1,-1,-1
404,8,1199.82,96.24,307.79,981.39,1,-1,-1,-1
404,6,115.11,199.46,260.14,696.36,1,-1,-1,-1
404,1,547.48,211.25,235.64,749.59,1,-1,-1,-1
405,13,868.83,227.44,162.32,535.35,1,-1,-1,-1
405,8,1215.72,115.83,330.69,961.50,1,-1,-1,-1
405,6,140.64,201.42,260.50,690.92,1,-1,-1,-1
405,1,558.73,203.06,229.37,755.44,1,-1,-1,-1
406,13,855.90,227.29,161.18,541.22,1,-1,-1,-1
406,10,1191.00,145.00,169.00,698.00,1,-1,-1,-1
406,8,1254.92,130.60,339.28,958.53,1,-1,-1,-1
406,6,155.64,200.80,261.59,679.41,1,-1,-1,-1
406,1,568.76,194.86,231.93,763.25,1,-1,-1,-1
407,13,854.19,229.00,145.03,539.97,1,-1,-1,-1
407,10,1201.23,133.18,186.10,711.92,1,-1,-1,-1
407,8,1269.23,127.35,358.38,968.79,1,-1,-1,-1
407,6,174.72,206.69,246.47,660.02,1,-1,-1,-1
407,1,589.29,200.71,224.23,769.42,1,-1,-1,-1
408,13,846.64,235.68,137.33,532.01,1,-1,-1,-1
408,10,1205.74,145.60,183.65,703.30,1,-1,-1,-1
408,8,1312.65,122.29,340.04,966.10,1,-1,-1,-1
408,6,204.20,212.49,231.58,645.00,1,-1,-1,-1
408,1,602.47,193.05,226.92,780.26,1,-1,-1,-1
409,13,830.37,228.65,127.40,528.76,1,-1,-1,-1
409,10,1197.67,160.16,187.10,695.69,1,-1,-1,-1
409,8,1343.59,110.75,333.92,965.39,1,-1,-1,-1
409,6,237.20,222.28,214.04,622.54,1,-1,-1,-1
409,1,600.84,197.87,241.41,788.16,1,-1,-1,-1
410,13,826.45,215.07,117.33,533.16,1,-1,-1,-1
410,10,1191.38,161.11,182.82,689.97,1,-1,-1,-1
410,8,1389.09,97.90,323.09,967.04,1,-1,-1,-1
410,6,246.52,206.97,210.80,624.99,1,-1,-1,-1
410,1,605.24,199.81,244.30,797.83,1,-1,-1,-1
411,13,820.13,217.81,117.22,527.80,1,-1,-1,-1
411,10,1175.31,158.91,187.95,691.01,1,-1,-1,-1
411,8,1424.99,65.43,305.92,993.04,1,-1,-1,-1
411,6,257.98,210.47,217.94,627.64,1,-1,-1,-1
411,1,607.03,198.86,254.06,802.02,1,-1,-1,-1
412,13,816.13,218.72,117.10,534.38,1,-1,-1,-1
412,10,1167.95,164.18,179.87,682.16,1,-1,-1,-1
412,8,1457.53,94.30,297.29,977.71,1,-1,-1,-1
412,6,312.00,207.00,210.00,631.00,1,-1,-1,-1
412,1,624.51,201.02,259.89,824.72,1,-1,-1,-1
413,13,801.60,226.26,123.40,532.40,1,-1,-1,-1
413,10,1155.54,156.48,184.23,684.00,1,-1,-1,-1
413,8,1497.10,89.65,273.44,980.46,1,-1,-1,-1
413,6,313.62,213.98,235.78,621.13,1,-1,-1,-1
413,1,628.46,207.27,264.50,823.11,1,-1,-1,-1
414,13,795.59,223.35,124.96,516.86,1,-1,-1,-1
414,10,1138.12,164.87,193.81,677.77,1,-1,-1,-1
414,8,1529.49,78.38,278.43,983.75,1,-1,-1,-1
414,6,323.92,214.63,234.55,621.75,1,-1,-1,-1
414,1,628.21,204.04,264.99,798.02,1,-1,-1,-1
415,10,1123.96,165.26,198.36,680.59,1,-1,-1,-1
415,8,1543.72,92.50,272.69,955.24,1,-1,-1,-1
415,6,338.57,217.84,229.06,619.93,1,-1,-1,-1
415,3,787.00,235.00,91.00,180.00,1,-1,-1,-1
415,1,627.54,204.62,255.63,807.85,1,-1,-1,-1
416,10,1107.51,169.58,205.41,675.78,1,-1,-1,-1
416,8,1554.67,91.18,276.22,965.11,1,-1,-1,-1
416,6,361.76,219.16,214.84,614.38,1,-1,-1,-1
416,3,779.90,231.24,91.00,180.00,1,-1,-1,-1
416,1,633.66,187.91,255.22,828.75,1,-1,-1,-1
417,10,1099.52,172.29,205.71,672.83,1,-1,-1,-1
417,8,1554.00,107.00,286.00,927.00,1,-1,-1,-1
417,6,387.12,223.29,204.44,599.35,1,-1,-1,-1
417,3,773.63,229.15,91.00,180.00,1,-1,-1,-1
417,1,637.18,176.85,255.68,833.28,1,-1,-1,-1
418,10,1098.22,178.41,205.81,666.65,1,-1,-1,-1
418,8,1564.83,117.83,291.43,930.42,1,-1,-1,-1
418,6,401.42,214.70,202.77,597.40,1,-1,-1,-1
418,1,643.83,166.10,255.05,850.26,1,-1,-1,-1
419,10,1093.93,167.39,202.25,671.80,1,-1,-1,-1
419,8,1572.93,108.45,290.74,943.26,1,-1,-1,-1
419,6,412.67,209.99,205.75,604.54,1,-1,-1,-1
419,1,655.07,184.85,261.05,837.18,1,-1,-1,-1
420,10,1081.96,170.38,195.09,673.46,1,-1,-1,-1
420,8,1581.42,101.27,302.21,952.35,1,-1,-1,-1
420,6,413.00,216.00,235.00,607.00,1,-1,-1,-1
420,1,670.00,133.00,329.00,945.00,1,-1,-1,-1
421,10,1067.55,178.90,182.36,666.55,1,-1,-1,-1
421,8,1587.40,102.27,301.23,954.42,1,-1,-1,-1
421,6,423.03,218.63,252.92,607.19,1,-1,-1,-1
421,1,682.55,145.14,316.66,942.47,1,-1,-1,-1
422,13,674.00,242.00,103.00,457.00,1,-1,-1,-1
422,10,1050.65,174.08,176.07,666.93,1,-1,-1,-1
422,8,1585.27,99.30,308.94,945.46,1,-1,-1,-1
422,6,432.15,223.42,269.65,601.72,1,-1,-1,-1
422,1,696.09,160.83,323.75,925.66,1,-1,-1,-1
423,13,674.39,234.32,110.79,499.43,1,-1,-1,-1
423,10,1029.26,168.90,190.22,675.20,1,-1,-1,-1
423,8,1577.11,102.31,312.18,936.26,1,-1,-1,-1
423,6,449.01,226.56,271.90,595.98,1,-1,-1,-1
423,1,717.12,156.17,311.47,924.43,1,-1,-1,-1
424,13,661.32,232.43,137.23,505.04,1,-1,-1,-1
424,10,1021.03,174.67,188.64,678.29,1,-1,-1,-1
424,8,1566.67,100.45,323.09,928.64,1,-1,-1,-1
424,6,475.84,219.32,247.86,599.06,1,-1,-1,-1
424,1,734.97,148.15,311.86,933.41,1,-1,-1,-1
425,13,675.90,228.76,134.09,508.13,1,-1,-1,-1
425,10,1012.28,176.88,190.63,682.56,1,-1,-1,-1
425,8,1569.33,99.32,321.70,931.29,1,-1,-1,-1
425,6,500.72,214.44,262.79,605.76,1,-1,-1,-1
425,1,757.24,137.04,301.21,933.30,1,-1,-1,-1
426,13,691.26,217.92,112.45,498.95,1,-1,-1,-1
426,10,997.94,179.12,192.19,691.83,1,-1,-1,-1
426,8,1570.62,102.61,315.74,922.06,1,-1,-1,-1
426,6,524.81,216.90,259.15,604.42,1,-1,-1,-1
426,1,760.12,145.35,310.17,940.89,1,-1,-1,-1
427,10,992.59,180.57,192.65,689.81,1,-1,-1,-1
427,8,1582.19,105.46,307.96,917.62,1,-1,-1,-1
427,6,542.76,210.54,254.13,611.96,1,-1,-1,-1
427,1,777.33,141.27,301.36,940.91,1,-1,-1,-1
428,10,994.67,177.97,187.46,679.49,1,-1,-1,-1
428,8,1598.62,106.06,293.68,913.36,1,-1,-1,-1
428,6,561.84,204.87,244.28,619.05,1,-1,-1,-1
428,1,791.55,133.46,331.06,928.47,1,-1,-1,-1
429,10,983.76,175.68,195.71,627.13,1,-1,-1,-1
429,8,1620.15,104.13,280.09,913.45,1,-1,-1,-1
429,6,573.16,217.34,255.32,608.08,1,-1,-1,-1
429,1,815.93,158.77,319.95,884.89,1,-1,-1,-1
430,11,864.00,120.00,139.00,204.00,1,-1,-1,-1
430,10,986.84,178.33,165.49,526.26,1,-1,-1,-1
430,8,1632.78,103.64,267.13,904.15,1,-1,-1,-1
430,6,578.80,218.08,269.28,607.31,1,-1,-1,-1
430,1,825.13,168.00,327.73,876.19,1,-1,-1,-1
431,13,555.00,244.00,168.00,553.00,1,-1,-1,-1
431,11,861.32,118.39,139.00,204.00,1,-1,-1,-1
431,10,992.61,192.67,148.61,510.79,1,-1,-1,-1
431,8,1634.75,113.50,267.32,893.12,1,-1,-1,-1
431,6,611.37,225.49,256.47,592.57,1,-1,-1,-1
431,1,834.01,155.11,312.33,909.36,1,-1,-1,-1
432,13,538.11,234.89,166.82,562.21,1,-1,-1,-1
432,11,866.15,116.78,139.00,204.00,1,-1,-1,-1
432,10,985.91,211.69,144.65,499.29,1,-1,-1,-1
432,8,1624.28,97.14,270.15,902.83,1,-1,-1,-1
432,6,644.33,228.15,235.22,581.33,1,-1,-1,-1
432,1,843.00,156.68,301.02,908.25,1,-1,-1,-1
433,13,524.71,241.26,159.41,541.73,1,-1,-1,-1
433,10,880.00,114.00,194.00,473.00,1,-1,-1,-1
433,8,1623.04,99.82,269.18,893.58,1,-1,-1,-1
433,6,689.00,212.00,198.00,592.00,1,-1,-1,-1
433,1,857.40,163.78,285.84,899.44,1,-1,-1,-1
434,13,495.53,250.17,170.57,537.51,1,-1,-1,-1
434,10,874.93,123.12,194.00,473.00,1,-1,-1,-1
434,8,1627.26,104.94,268.51,884.18,1,-1,-1,-1
434,6,718.04,211.15,177.58,596.78,1,-1,-1,-1
434,1,838.34,147.35,295.84,903.21,1,-1,-1,-1
435,13,467.37,252.58,196.85,540.55,1,-1,-1,-1
435,10,871.90,113.56,195.42,560.89,1,-1,-1,-1
435,8,1630.89,106.73,263.63,873.95,1,-1,-1,-1
435,6,745.35,205.71,177.90,652.64,1,-1,-1,-1
435,1,837.99,159.89,314.45,903.21,1,-1,-1,-1
436,13,464.42,257.35,192.39,537.19,1,-1,-1,-1
436,8,1641.53,115.72,257.89,867.47,1,-1,-1,-1
436,6,755.70,172.73,218.28,652.64,1,-1,-1,-1
436,1,794.93,154.33,345.80,912.56,1,-1,-1,-1
437,13,457.80,253.72,195.60,544.12,1,-1,-1,-1
437,8,1645.03,111.31,252.85,862.56,1,-1,-1,-1
437,6,772.64,168.82,218.28,652.64,1,-1,-1,-1
437,1,792.56,139.02,360.03,938.08,1,-1,-1,-1
438,13,449.79,249.41,193.85,552.11,1,-1,-1,-1
438,8,1651.74,113.53,249.74,864.41,1,-1,-1,-1
438,6,732.00,137.00,214.00,821.00,1,-1,-1,-1
438,1,805.78,146.46,353.82,922.51,1,-1,-1,-1
439,13,441.62,254.15,188.73,549.66,1,-1,-1,-1
439,11,889.00,81.00,176.00,254.00,1,-1,-1,-1
439,8,1654.23,113.49,253.98,863.10,1,-1,-1,-1
439,6,741.25,141.89,206.04,823.14,1,-1,-1,-1
439,1,860.87,150.66,301.33,926.84,1,-1,-1,-1
440,13,430.44,250.12,180.97,548.96,1,-1,-1,-1
440,11,896.40,78.98,176.00,254.00,1,-1,-1,-1
440,8,1655.94,113.11,258.90,870.91,1,-1,-1,-1
440,6,718.51,143.50,219.06,827.29,1,-1,-1,-1
440,1,863.17,173.66,296.27,902.90,1,-1,-1,-1
441,13,414.41,247.31,178.18,557.44,1,-1,-1,-1
441,11,895.73,76.96,176.00,254.00,1,-1,-1,-1
441,8,1655.75,113.73,259.02,874.71,1,-1,-1,-1
441,6,698.30,139.88,226.05,843.58,1,-1,-1,-1
441,1,857.24,128.84,295.90,936.27,1,-1,-1,-1
442,13,397.50,245.80,174.39,552.37,1,-1,-1,-1
442,8,1654.28,115.70,256.89,873.55,1,-1,-1,-1
442,6,677.44,142.02,225.05,835.12,1,-1,-1,-1
442,1,860.74,122.51,294.94,940.54,1,-1,-1,-1
443,13,386.24,250.24,177.71,555.20,1,-1,-1,-1
443,8,1648.55,107.31,262.13,882.00,1,-1,-1,-1
443,6,645.34,144.02,236.93,858.17,1,-1,-1,-1
443,1,870.50,124.76,286.47,951.30,1,-1,-1,-1
444,13,367.05,245.58,184.66,578.07,1,-1,-1,-1
444,8,1638.25,112.45,267.85,874.15,1,-1,-1,-1
444,6,604.01,139.23,262.35,878.26,1,-1,-1,-1
444,1,864.78,108.25,310.72,962.43,1,-1,-1,-1
445,13,358.70,240.03,189.24,591.83,1,-1,-1,-1
445,8,1629.43,117.05,267.93,868.27,1,-1,-1,-1
445,6,584.78,144.92,278.78,893.47,1,-1,-1,-1
445,1,867.88,122.01,324.17,967.58,1,-1,-1,-1
446,13,352.53,244.84,189.06,589.05,1,-1,-1,-1
446,8,1625.80,114.79,257.63,872.26,1,-1,-1,-1
446,6,569.01,138.95,274.10,901.14,1,-1,-1,-1
446,1,875.94,155.00,327.84,934.77,1,-1,-1,-1
447,13,345.87,244.28,188.25,600.09,1,-1,-1,-1
447,8,1614.52,116.13,262.36,871.41,1,-1,-1,-1
447,6,570.69,140.39,258.91,904.98,1,-1,-1,-1
447,1,875.47,147.44,328.15,944.78,1,-1,-1,-1
448,13,340.15,231.78,189.39,613.32,1,-1,-1,-1
448,9,1073.00,228.00,134.00,530.00,1,-1,-1,-1
448,8,1598.85,119.46,265.91,871.77,1,-1,-1,-1
448,6,535.48,136.72,249.59,926.67,1,-1,-1,-1
448,5,885.00,100.00,295.00,964.00,1,-1,-1,-1
449,13,328.55,228.83,187.15,614.68,1,-1,-1,-1
449,9,1082.78,242.38,128.69,530.07,1,-1,-1,-1
449,8,1587.82,122.62,268.29,860.78,1,-1,-1,-1
449,6,476.05,139.90,266.22,934.41,1,-1,-1,-1
449,5,894.42,111.46,282.05,961.40,1,-1,-1,-1
450,13,321.36,225.73,188.51,615.37,1,-1,-1,-1
450,9,1101.29,201.25,143.08,528.09,1,-1,-1,-1
450,8,1574.37,126.52,268.75,844.61,1,-1,-1,-1
450,6,448.14,122.52,258.82,930.38,1,-1,-1,-1
450,5,891.70,93.75,290.69,971.99,1,-1,-1,-1
451,13,315.50,230.02,185.27,596.05,1,-1,-1,-1
451,9,1119.91,201.02,152.45,538.04,1,-1,-1,-1
451,8,1562.07,123.55,258.77,834.18,1,-1,-1,-1
451,6,423.18,115.06,267.65,961.16,1,-1,-1,-1
451,5,901.81,104.89,284.89,966.73,1,-1,-1,-1
452,13,306.86,233.04,173.60,582.03,1,-1,-1,-1
452,9,1122.49,207.59,166.60,561.33,1,-1,-1,-1
452,8,1545.76,130.26,255.68,807.41,1,-1,-1,-1
452,6,377.29,111.96,294.52,981.48,1,-1,-1,-1
452,5,908.14,88.59,283.85,980.73,1,-1,-1,-1
453,13,306.46,234.48,177.20,615.10,1,-1,-1,-1
453,9,1130.56,208.23,182.89,561.93,1,-1,-1,-1
453,8,1530.17,128.32,251.63,804.29,1,-1,-1,-1
453,6,344.85,112.52,319.48,981.67,1,-1,-1,-1
453,5,904.34,94.47,314.04,984.87,1,-1,-1,-1
454,13,302.99,235.58,189.33,666.35,1,-1,-1,-1
454,9,1150.03,199.53,188.39,573.11,1,-1,-1,-1
454,8,1512.45,140.09,251.48,788.99,1,-1,-1,-1
454,6,328.03,118.22,330.15,983.44,1,-1,-1,-1
454,5,920.86,101.63,309.00,965.68,1,-1,-1,-1
455,13,311.57,277.82,206.23,678.85,1,-1,-1,-1
455,9,1179.12,202.23,172.88,567.63,1,-1,-1,-1
455,8,1487.54,141.55,260.06,779.75,1,-1,-1,-1
455,6,309.76,114.00,323.93,980.60,1,-1,-1,-1
455,5,903.01,107.78,335.23,957.75,1,-1,-1,-1
456,9,1196.41,204.13,168.06,568.33,1,-1,-1,-1
456,8,1453.06,150.05,276.71,770.02,1,-1,-1,-1
456,6,305.14,110.39,304.22,979.88,1,-1,-1,-1
456,5,921.43,103.40,301.06,964.48,1,-1,-1,-1
457,9,1217.99,202.06,156.80,571.66,1,-1,-1,-1
457,8,1429.04,155.54,294.86,770.55,1,-1,-1,-1
457,6,302.79,100.89,269.43,989.84,1,-1,-1,-1
457,5,918.08,110.86,308.87,956.97,1,-1,-1,-1
458,9,1231.60,212.64,152.18,566.45,1,-1,-1,-1
458,8,1416.20,166.54,300.89,758.00,1,-1,-1,-1
458,6,282.30,105.53,263.23,981.24,1,-1,-1,-1
458,5,927.82,107.01,308.06,960.17,1,-1,-1,-1
459,9,1246.46,208.19,157.23,578.54,1,-1,-1,-1
459,8,1404.43,160.63,300.28,754.63,1,-1,-1,-1
459,6,270.73,97.76,270.18,984.71,1,-1,-1,-1
459,5,934.74,117.62,307.65,953.47,1,-1,-1,-1
460,9,1266.94,204.04,162.21,571.65,1,-1,-1,-1
460,8,1388.48,154.02,293.32,755.70,1,-1,-1,-1
460,6,240.00,87.00,306.00,974.00,1,-1,-1,-1
460,5,947.56,105.08,300.93,955.29,1,-1,-1,-1
461,9,1278.34,198.12,162.40,573.49,1,-1,-1,-1
461,8,1332.00,162.00,320.00,746.00,1,-1,-1,-1
461,6,226.79,111.28,326.82,970.65,1,-1,-1,-1
461,5,959.65,118.45,303.46,948.89,1,-1,-1,-1
462,9,1287.82,202.52,149.55,565.65,1,-1,-1,-1
462,8,1332.98,171.31,291.55,737.28,1,-1,-1,-1
462,6,216.11,115.52,341.47,967.21,1,-1,-1,-1
462,5,970.03,112.59,332.36,947.10,1,-1,-1,-1
463,9,1299.95,207.44,134.87,567.97,1,-1,-1,-1
463,8,1315.37,175.71,281.42,721.84,1,-1,-1,-1
463,6,218.46,116.98,343.18,955.87,1,-1,-1,-1
463,5,987.92,137.84,329.12,935.61,1,-1,-1,-1
464,9,1319.07,200.29,143.60,567.97,1,-1,-1,-1
464,8,1300.02,183.91,276.32,720.20,1,-1,-1,-1
464,6,234.73,109.13,339.03,960.76,1,-1,-1,-1
464,5,1005.71,128.11,320.65,938.17,1,-1,-1,-1
465,8,1284.00,180.04,277.86,716.89,1,-1,-1,-1
465,6,250.33,107.42,346.04,964.95,1,-1,-1,-1
465,5,1020.42,134.27,306.61,921.83,1,-1,-1,-1
466,8,1270.07,195.24,287.95,701.18,1,-1,-1,-1
466,6,259.42,110.60,363.24,956.44,1,-1,-1,-1
466,5,1044.16,132.38,302.54,921.15,1,-1,-1,-1
467,14,251.71,221.84,122.40,455.57,1,-1,-1,-1
467,8,1277.71,191.06,274.65,665.38,1,-1,-1,-1
467,6,266.65,101.55,376.42,957.22,1,-1,-1,-1
467,5,1060.97,121.49,307.41,924.05,1,-1,-1,-1
468,14,252.86,220.50,124.64,486.05,1,-1,-1,-1
468,9,1391.00,184.00,218.00,605.00,1,-1,-1,-1
468,8,1229.34,187.49,280.95,700.11,1,-1,-1,-1
468,6,274.72,112.95,395.77,951.77,1,-1,-1,-1
468,5,1072.43,116.08,321.23,931.35,1,-1,-1,-1
469,14,255.42,206.70,143.56,566.43,1,-1,-1,-1
469,9,1396.41,186.92,240.37,616.77,1,-1,-1,-1
469,6,299.71,121.53,381.12,946.12,1,-1,-1,-1
469,5,1090.71,136.95,332.86,910.36,1,-1,-1,-1
470,14,257.97,181.25,155.68,634.78,1,-1,-1,-1
470,9,1394.74,191.38,248.32,620.93,1,-1,-1,-1
470,6,302.44,116.92,387.16,947.30,1,-1,-1,-1
470,5,1107.56,119.30,306.49,923.80,1,-1,-1,-1
471,14,245.38,178.10,188.22,637.16,1,-1,-1,-1
471,9,1397.94,193.45,242.32,626.64,1,-1,-1,-1
471,6,355.54,113.29,348.97,939.36,1,-1,-1,-1
471,5,1131.60,103.42,294.16,944.33,1,-1,-1,-1
472,14,254.52,178.78,195.63,659.64,1,-1,-1,-1
472,9,1414.96,187.22,229.60,636.93,1,-1,-1,-1
472,6,378.18,110.71,348.75,951.28,1,-1,-1,-1
472,5,1133.14,112.35,295.17,934.07,1,-1,-1,-1
473,14,248.01,163.83,205.07,690.00,1,-1,-1,-1
473,9,1424.53,185.53,233.52,631.61,1,-1,-1,-1
473,6,425.85,113.89,323.33,937.06,1,-1,-1,-1
473,5,1143.44,107.21,297.82,934.94,1,-1,-1,-1
474,13,251.00,215.00,247.00,701.00,1,-1,-1,-1
474,9,1435.84,179.88,231.02,644.71,1,-1,-1,-1
474,6,473.32,113.24,297.94,922.91,1,-1,-1,-1
474,5,1148.02,111.09,302.95,937.78,1,-1,-1,-1
475,13,255.24,210.13,245.45,716.91,1,-1,-1,-1
475,12,1095.00,457.00,138.00,387.00,1,-1,-1,-1
475,9,1441.02,177.51,240.82,648.09,1,-1,-1,-1
475,6,500.12,117.18,286.42,915.75,1,-1,-1,-1
475,5,1141.10,117.86,315.23,920.02,1,-1,-1,-1
476,13,256.44,212.28,252.49,727.10,1,-1,-1,-1
476,12,1084.74,457.79,138.00,387.00,1,-1,-1,-1
476,9,1450.01,171.67,240.37,657.35,1,-1,-1,-1
476,6,512.76,123.58,284.69,907.94,1,-1,-1,-1
476,5,1150.71,130.69,298.66,916.63,1,-1,-1,-1
477,13,254.60,212.18,258.77,734.09,1,-1,-1,-1
477,12,1050.26,344.88,181.41,487.92,1,-1,-1,-1
477,9,1450.16,165.97,246.42,673.81,1,-1,-1,-1
477,6,524.91,127.86,282.58,900.85,1,-1,-1,-1
477,5,1138.11,135.76,308.73,899.21,1,-1,-1,-1
478,13,253.65,215.00,260.95,739.12,1,-1,-1,-1
478,12,1016.00,170.00,235.00,673.00,1,-1,-1,-1
478,9,1453.30,167.30,248.98,681.26,1,-1,-1,-1
478,6,532.57,135.43,280.23,887.81,1,-1,-1,-1
478,5,1150.44,146.79,293.19,888.34,1,-1,-1,-1
479,13,251.97,217.60,262.21,741.57,1,-1,-1,-1
479,12,1020.71,194.87,231.63,648.95,1,-1,-1,-1
479,9,1459.05,168.10,252.07,683.04,1,-1,-1,-1
479,6,539.02,142.29,281.96,877.36,1,-1,-1,-1
479,5,1165.24,137.13,284.21,891.14,1,-1,-1,-1
480,13,252.53,220.64,262.77,750.05,1,-1,-1,-1
480,12,1014.59,196.73,225.81,643.24,1,-1,-1,-1
480,9,1463.42,170.82,253.05,681.23,1,-1,-1,-1
480,6,551.00,144.95,271.88,867.36,1,-1,-1,-1
480,5,1172.48,132.56,288.04,892.89,1,-1,-1,-1
481,13,250.43,218.27,264.10,756.61,1,-1,-1,-1
481,12,1013.22,191.95,198.17,642.11,1,-1,-1,-1
481,9,1467.96,169.80,258.38,695.12,1,-1,-1,-1
481,6,561.02,145.30,272.14,863.47,1,-1,-1,-1
481,5,1184.00,167.00,299.00,853.00,1,-1,-1,-1
482,13,250.35,212.96,265.88,762.21,1,-1,-1,-1
482,12,997.46,191.16,196.44,635.40,1,-1,-1,-1
482,9,1471.39,165.54,269.04,699.56,1,-1,-1,-1
482,6,567.26,143.06,269.98,849.08,1,-1,-1,-1
482,5,1186.51,167.80,296.82,844.34,1,-1,-1,-1
483,13,248.50,205.91,272.28,772.14,1,-1,-1,-1
483,12,977.41,184.92,196.57,644.44,1,-1,-1,-1
483,9,1472.94,162.16,271.86,707.62,1,-1,-1,-1
483,6,567.95,138.41,270.85,837.01,1,-1,-1,-1
483,5,1188.75,164.47,296.13,852.75,1,-1,-1,-1
484,13,243.49,202.36,281.02,783.06,1,-1,-1,-1
484,12,952.18,179.51,203.42,644.82,1,-1,-1,-1
484,9,1475.46,157.70,279.21,716.42,1,-1,-1,-1
484,6,570.55,137.32,267.57,809.18,1,-1,-1,-1
484,5,1197.75,169.32,292.10,842.41,1,-1,-1,-1
485,13,247.20,197.62,281.58,785.87,1,-1,-1,-1
485,12,930.42,191.21,213.07,641.24,1,-1,-1,-1
485,9,1478.49,151.64,273.20,723.67,1,-1,-1,-1
485,6,576.72,145.59,260.53,782.36,1,-1,-1,-1
485,5,1204.11,170.10,289.82,838.11,1,-1,-1,-1
486,13,252.32,193.96,281.07,795.16,1,-1,-1,-1
486,12,919.73,197.37,213.25,637.79,1,-1,-1,-1
486,9,1477.34,148.29,272.92,741.66,1,-1,-1,-1
486,6,580.62,153.05,253.95,769.38,1,-1,-1,-1
486,5,1207.81,159.98,295.40,858.03,1,-1,-1,-1
487,13,257.90,190.61,285.02,813.53,1,-1,-1,-1
487,12,914.75,194.87,209.00,636.85,1,-1,-1,-1
487,9,1475.59,141.29,266.91,755.46,1,-1,-1,-1
487,6,581.27,163.08,249.46,748.95,1,-1,-1,-1
487,5,1215.42,156.66,290.63,862.60,1,-1,-1,-1
488,13,260.94,186.16,294.19,831.60,1,-1,-1,-1
488,12,910.02,192.65,210.84,637.42,1,-1,-1,-1
488,9,1469.75,138.87,271.69,782.13,1,-1,-1,-1
488,6,580.80,174.60,245.19,739.59,1,-1,-1,-1
488,5,1222.94,160.54,286.57,847.20,1,-1,-1,-1
489,13,261.62,182.18,294.77,846.53,1,-1,-1,-1
489,12,903.78,191.67,207.28,636.25,1,-1,-1,-1
489,9,1466.20,135.88,271.55,801.92,1,-1,-1,-1
489,6,585.34,180.00,240.63,730.05,1,-1,-1,-1
489,5,1231.85,165.56,281.82,839.10,1,-1,-1,-1
490,13,266.28,183.51,297.18,859.28,1,-1,-1,-1
490,12,897.52,188.99,200.72,635.48,1,-1,-1,-1
490,9,1474.00,138.00,251.00,828.00,1,-1,-1,-1
490,6,586.69,184.64,239.34,728.01,1,-1,-1,-1
490,5,1234.42,167.62,278.08,832.20,1,-1,-1,-1
491,13,275.17,176.43,301.40,872.88,1,-1,-1,-1
491,12,885.72,189.44,196.97,637.43,1,-1,-1,-1
491,9,1471.14,140.19,251.48,823.30,1,-1,-1,-1
491,6,593.25,188.02,233.86,717.08,1,-1,-1,-1
491,5,1233.50,172.20,274.12,822.99,1,-1,-1,-1
492,13,274.28,174.90,305.29,873.37,1,-1,-1,-1
492,12,872.05,191.21,204.11,644.32,1,-1,-1,-1
492,9,1473.87,145.05,245.49,822.68,1,-1,-1,-1
492,6,595.34,187.25,230.62,703.21,1,-1,-1,-1
492,5,1235.76,173.02,271.50,814.87,1,-1,-1,-1
493,13,275.96,173.42,312.77,879.35,1,-1,-1,-1
493,12,863.95,203.95,205.98,645.62,1,-1,-1,-1
493,9,1468.74,134.97,248.72,826.67,1,-1,-1,-1
493,6,597.63,182.94,229.50,691.01,1,-1,-1,-1
493,5,1233.08,178.36,269.56,804.74,1,-1,-1,-1
494,13,274.57,173.84,317.34,892.39,1,-1,-1,-1
494,12,848.32,196.80,210.96,649.96,1,-1,-1,-1
494,9,1459.76,124.62,244.95,841.67,1,-1,-1,-1
494,6,600.29,179.24,223.63,679.77,1,-1,-1,-1
494,5,1226.87,178.28,265.04,803.09,1,-1,-1,-1
495,13,271.82,166.78,331.07,910.88,1,-1,-1,-1
495,12,831.01,205.48,222.02,653.65,1,-1,-1,-1
495,9,1450.66,128.22,249.14,851.59,1,-1,-1,-1
495,6,600.39,182.44,221.78,663.73,1,-1,-1,-1
495,5,1220.49,181.29,262.07,786.14,1,-1,-1,-1
496,13,277.46,163.01,323.18,920.50,1,-1,-1,-1
496,12,819.90,203.01,222.67,650.22,1,-1,-1,-1
496,9,1438.02,125.78,260.35,865.44,1,-1,-1,-1
496,6,599.78,188.64,219.85,648.24,1,-1,-1,-1
496,5,1215.11,176.50,254.99,786.30,1,-1,-1,-1
497,13,274.01,163.27,335.26,925.02,1,-1,-1,-1
497,12,812.19,199.81,217.71,660.63,1,-1,-1,-1
497,9,1432.58,130.75,257.40,874.52,1,-1,-1,-1
497,6,598.97,193.20,218.77,642.87,1,-1,-1,-1
497,5,1208.36,177.27,252.53,780.09,1,-1,-1,-1
498,13,276.64,163.34,328.65,929.35,1,-1,-1,-1
498,12,799.54,194.06,218.29,664.60,1,-1,-1,-1
498,9,1422.51,131.72,251.94,858.54,1,-1,-1,-1
498,6,597.32,191.06,215.35,643.77,1,-1,-1,-1
498,5,1202.87,179.14,252.57,768.40,1,-1,-1,-1
499,13,276.07,173.59,332.49,920.27,1,-1,-1,-1
499,12,788.78,191.12,215.88,673.57,1,-1,-1,-1
499,9,1401.33,133.37,256.01,870.82,1,-1,-1,-1
499,6,587.62,193.37,215.71,646.25,1,-1,-1,-1
499,5,1195.92,173.71,251.83,777.08,1,-1,-1,-1
500,13,275.22,175.26,329.01,921.57,1,-1,-1,-1
500,12,776.38,188.30,211.23,674.47,1,-1,-1,-1
500,9,1376.09,119.71,252.27,881.67,1,-1,-1,-1
500,6,584.52,190.41,215.75,651.25,1,-1,-1,-1
500,5,1193.57,172.32,258.60,765.66,1,-1,-1,-1
501,13,272.97,166.29,330.00,932.48,1,-1,-1,-1
501,12,760.42,185.40,215.84,677.93,1,-1,-1,-1
501,9,1359.46,119.28,255.21,905.26,1,-1,-1,-1
501,6,580.32,192.36,217.50,648.41,1,-1,-1,-1
501,5,1192.47,167.63,257.04,764.59,1,-1,-1,-1
502,13,269.75,164.78,342.83,936.94,1,-1,-1,-1
502,12,751.87,179.62,220.26,689.45,1,-1,-1,-1
502,9,1349.30,119.75,258.49,897.17,1,-1,-1,-1
502,6,578.51,190.85,218.08,646.71,1,-1,-1,-1
502,5,1194.79,166.15,252.14,767.53,1,-1,-1,-1
503,13,265.51,156.10,345.14,943.11,1,-1,-1,-1
503,12,726.16,186.48,235.19,689.89,1,-1,-1,-1
503,9,1309.29,128.22,276.43,888.27,1,-1,-1,-1
503,6,572.92,187.19,223.74,651.21,1,-1,-1,-1
503,5,1194.85,155.71,270.10,791.69,1,-1,-1,-1
504,13,258.48,160.08,353.58,940.93,1,-1,-1,-1
504,12,698.88,186.36,255.75,695.32,1,-1,-1,-1
504,9,1196.00,127.00,394.00,911.00,1,-1,-1,-1
504,6,569.97,181.68,218.84,658.94,1,-1,-1,-1
505,13,256.08,158.21,355.75,941.53,1,-1,-1,-1
505,12,657.00,194.00,280.00,690.00,1,-1,-1,-1
505,9,1176.38,128.25,409.22,911.56,1,-1,-1,-1
505,6,572.49,178.06,207.30,661.51,1,-1,-1,-1
506,13,253.92,154.88,357.87,947.23,1,-1,-1,-1
506,12,646.99,196.65,281.57,693.39,1,-1,-1,-1
506,9,1159.54,127.22,410.70,913.52,1,-1,-1,-1
506,6,570.65,182.59,196.35,650.17,1,-1,-1,-1
507,13,256.99,156.45,362.07,949.86,1,-1,-1,-1
507,12,634.05,204.41,295.53,690.80,1,-1,-1,-1
507,9,1139.10,133.89,400.26,899.17,1,-1,-1,-1
507,6,572.31,189.07,179.57,629.84,1,-1,-1,-1
508,13,258.90,157.18,365.70,951.39,1,-1,-1,-1
508,12,614.56,199.60,298.14,697.01,1,-1,-1,-1
508,9,1145.78,143.37,363.60,886.24,1,-1,-1,-1
508,6,578.28,195.91,172.15,609.10,1,-1,-1,-1
509,13,263.31,161.03,368.15,946.79,1,-1,-1,-1
509,12,599.16,197.95,293.39,701.04,1,-1,-1,-1
509,9,1136.13,141.76,349.76,864.19,1,-1,-1,-1
509,6,576.75,187.84,191.36,609.10,1,-1,-1,-1
509,1,1298.00,179.00,175.00,675.00,1,-1,-1,-1
510,13,272.24,158.91,375.86,941.03,1,-1,-1,-1
510,12,590.84,199.24,258.88,703.09,1,-1,-1,-1
510,9,1109.59,143.33,349.08,856.99,1,-1,-1,-1
510,1,1285.58,184.13,180.92,678.75,1,-1,-1,-1
511,13,280.05,160.56,363.47,944.72,1,-1,-1,-1
511,12,575.96,191.84,244.02,715.13,1,-1,-1,-1
511,9,1073.54,145.61,303.85,855.86,1,-1,-1,-1
511,1,1243.75,177.20,212.33,704.02,1,-1,-1,-1
512,13,287.12,156.12,365.32,947.22,1,-1,-1,-1
512,12,562.93,178.87,246.50,737.03,1,-1,-1,-1
512,9,1007.05,143.85,346.62,851.77,1,-1,-1,-1
512,1,1247.67,180.72,192.30,704.84,1,-1,-1,-1
513,13,293.57,160.91,378.18,961.70,1,-1,-1,-1
513,12,548.46,182.00,260.47,737.29,1,-1,-1,-1
513,9,974.59,149.24,362.77,853.40,1,-1,-1,-1
513,1,1230.10,181.13,203.25,701.86,1,-1,-1,-1
514,13,301.10,146.72,396.57,964.17,1,-1,-1,-1
514,12,543.09,189.19,265.88,720.04,1,-1,-1,-1
514,9,951.93,148.06,360.91,859.48,1,-1,-1,-1
514,1,1219.79,185.61,197.49,709.24,1,-1,-1,-1
515,13,304.33,152.12,397.03,957.64,1,-1,-1,-1
515,12,572.20,200.49,242.32,688.54,1,-1,-1,-1
515,9,933.12,156.42,360.81,853.83,1,-1,-1,-1
515,5,1003.00,153.00,189.00,713.00,1,-1,-1,-1
515,1,1212.63,183.41,198.21,700.25,1,-1,-1,-1
516,13,318.93,142.73,394.61,960.72,1,-1,-1,-1
516,12,587.84,198.94,242.84,687.62,1,-1,-1,-1
516,9,928.06,164.91,318.64,844.24,1,-1,-1,-1
516,5,988.44,159.62,189.00,713.00,1,-1,-1,-1
516,1,1205.14,177.60,194.41,693.84,1,-1,-1,-1
517,13,322.47,151.75,384.31,964.02,1,-1,-1,-1
517,9,892.52,159.64,365.13,844.24,1,-1,-1,-1
517,6,648.00,204.00,191.00,619.00,1,-1,-1,-1
517,5,959.47,141.98,204.23,777.21,1,-1,-1,-1
517,1,1197.54,188.12,198.58,673.41,1,-1,-1,-1
518,13,327.18,141.22,362.95,998.59,1,-1,-1,-1
518,9,875.84,146.95,296.69,886.19,1,-1,-1,-1
518,6,643.50,198.96,193.28,621.81,1,-1,-1,-1
518,5,954.25,126.15,206.02,777.21,1,-1,-1,-1
518,1,1189.55,190.77,199.04,663.11,1,-1,-1,-1
519,13,326.12,147.61,348.00,998.66,1,-1,-1,-1
519,9,841.43,142.51,318.23,864.60,1,-1,-1,-1
519,6,649.08,203.37,187.28,620.97,1,-1,-1,-1
519,5,944.16,116.05,206.02,777.21,1,-1,-1,-1
519,1,1186.39,187.44,193.33,663.97,1,-1,-1,-1
520,13,329.32,153.83,336.40,986.15,1,-1,-1,-1
520,9,809.09,134.65,319.32,859.51,1,-1,-1,-1
520,6,658.52,205.88,173.41,615.22,1,-1,-1,-1
520,1,1177.09,194.42,204.59,651.14,1,-1,-1,-1
521,13,337.83,135.06,340.32,1023.50,1,-1,-1,-1
521,9,762.22,151.78,340.43,849.82,1,-1,-1,-1
521,6,667.70,210.16,183.25,613.91,1,-1,-1,-1
521,1,1176.86,201.69,195.03,643.08,1,-1,-1,-1
522,13,325.40,143.46,367.97,1017.30,1,-1,-1,-1
522,9,732.61,156.35,355.25,836.09,1,-1,-1,-1
522,6,682.85,223.81,170.51,608.20,1,-1,-1,-1
522,1,1177.94,203.21,191.91,644.24,1,-1,-1,-1
523,15,687.59,190.69,130.04,350.58,1,-1,-1,-1
523,13,296.71,124.34,382.71,1040.05,1,-1,-1,-1
523,9,714.06,167.95,361.11,826.49,1,-1,-1,-1
523,6,688.69,218.42,187.50,630.97,1,-1,-1,-1
523,1,1181.07,202.57,191.61,643.86,1,-1,-1,-1
524,15,687.72,189.37,149.82,480.24,1,-1,-1,-1
524,13,276.77,144.17,414.79,1015.09,1,-1,-1,-1
524,9,803.00,162.00,182.00,692.00,1,-1,-1,-1
524,6,705.33,198.86,277.66,734.95,1,-1,-1,-1
524,1,1185.46,204.49,185.66,638.62,1,-1,-1,-1
525,15,670.73,165.53,197.39,513.57,1,-1,-1,-1
525,13,266.89,136.52,400.29,1014.06,1,-1,-1,-1
525,9,783.78,160.72,182.00,692.00,1,-1,-1,-1
525,6,702.56,189.75,285.85,773.56,1,-1,-1,-1
525,1,1192.91,201.08,180.28,640.28,1,-1,-1,-1
526,13,269.25,141.59,411.77,1010.35,1,-1,-1,-1
526,9,761.99,164.56,182.00,692.00,1,-1,-1,-1
526,6,684.16,183.01,273.47,773.88,1,-1,-1,-1
526,1,1206.33,193.00,168.59,647.67,1,-1,-1,-1
527,13,274.58,138.45,389.71,1011.43,1,-1,-1,-1
527,9,650.00,154.00,279.00,795.00,1,-1,-1,-1
527,1,1212.42,189.37,165.97,649.78,1,-1,-1,-1
528,13,282.62,136.73,406.34,1019.72,1,-1,-1,-1
528,9,639.66,153.09,288.66,797.98,1,-1,-1,-1
528,3,248.00,169.00,121.00,152.00,1,-1,-1,-1
528,1,1212.87,188.15,167.30,643.14,1,-1,-1,-1
529,13,272.21,132.91,417.62,1010.83,1,-1,-1,-1
529,9,624.87,158.28,318.91,802.30,1,-1,-1,-1
529,3,228.64,169.36,121.59,152.38,1,-1,-1,-1
529,1,1212.06,191.56,162.64,631.53,1,-1,-1,-1
530,16,770.06,192.73,205.30,608.68,1,-1,-1,-1
530,13,269.84,140.12,419.02,1005.58,1,-1,-1,-1
530,9,632.75,170.34,302.46,786.16,1,-1,-1,-1
530,3,212.70,167.45,116.17,157.35,1,-1,-1,-1
530,1,1198.37,199.42,173.47,613.09,1,-1,-1,-1
531,16,773.30,188.06,202.37,594.48,1,-1,-1,-1
531,13,263.12,137.61,420.58,995.36,1,-1,-1,-1
531,9,629.71,167.80,291.98,775.90,1,-1,-1,-1
531,8,154.00,159.00,190.00,816.00,1,-1,-1,-1
531,3,197.43,162.73,125.26,157.35,1,-1,-1,-1
531,1,1191.78,198.61,171.62,610.49,1,-1,-1,-1
532,16,769.77,191.09,205.93,637.85,1,-1,-1,-1
532,13,269.84,150.42,394.50,988.19,1,-1,-1,-1
532,9,594.80,172.31,277.22,783.21,1,-1,-1,-1
532,8,124.58,167.07,229.94,844.23,1,-1,-1,-1
532,3,189.00,160.51,125.26,157.35,1,-1,-1,-1
532,1,1180.03,206.45,177.14,600.76,1,-1,-1,-1
533,16,781.97,188.76,214.70,660.81,1,-1,-1,-1
533,13,265.22,139.50,384.52,983.07,1,-1,-1,-1
533,9,565.20,167.19,264.24,777.84,1,-1,-1,-1
533,8,93.43,160.06,246.75,858.66,1,-1,-1,-1
533,3,178.79,159.18,125.26,157.35,1,-1,-1,-1
533,1,1172.74,211.72,181.52,592.42,1,-1,-1,-1
534,16,804.71,176.72,222.70,675.06,1,-1,-1,-1
534,13,258.31,154.68,386.00,968.43,1,-1,-1,-1
534,9,546.09,158.09,243.89,779.94,1,-1,-1,-1
534,8,82.87,158.37,255.50,862.15,1,-1,-1,-1
534,3,171.24,158.73,125.26,157.35,1,-1,-1,-1
534,1,1169.46,210.41,181.76,599.39,1,-1,-1,-1
535,16,829.70,164.85,229.19,665.39,1,-1,-1,-1
535,13,273.00,102.00,430.00,951.00,1,-1,-1,-1
535,9,529.23,150.54,236.99,783.32,1,-1,-1,-1
535,8,73.18,151.49,261.14,876.92,1,-1,-1,-1
535,1,1164.14,219.40,183.25,586.05,1,-1,-1,-1
536,16,836.56,185.22,265.72,665.13,1,-1,-1,-1
536,13,276.44,104.73,425.67,950.67,1,-1,-1,-1
536,9,513.14,155.00,234.90,787.73,1,-1,-1,-1
536,8,63.54,151.46,267.39,880.92,1,-1,-1,-1
536,1,1160.21,222.09,181.50,583.49,1,-1,-1,-1
537,17,549.05,168.44,194.28,452.97,1,-1,-1,-1
537,16,850.50,181.46,276.61,677.60,1,-1,-1,-1
537,13,272.24,103.02,431.70,954.98,1,-1,-1,-1
537,8,55.05,151.71,270.90,877.24,1,-1,-1,-1
537,1,1150.69,217.66,181.48,586.36,1,-1,-1,-1
538,17,539.16,167.36,194.05,411.84,1,-1,-1,-1
538,16,866.44,182.60,279.33,679.47,1,-1,-1,-1
538,13,282.27,108.05,434.24,956.35,1,-1,-1,-1
538,8,42.54,151.82,279.27,885.06,1,-1,-1,-1
538,1,1136.62,218.75,183.07,579.63,1,-1,-1,-1
539,17,545.01,198.04,176.76,411.84,1,-1,-1,-1
539,16,881.94,177.96,270.83,688.56,1,-1,-1,-1
539,13,301.40,108.48,424.19,958.00,1,-1,-1,-1
539,8,28.17,151.35,283.38,902.96,1,-1,-1,-1
539,1,1131.60,225.23,167.37,576.01,1,-1,-1,-1
540,16,907.72,169.36,259.39,700.35,1,-1,-1,-1
540,13,314.31,101.14,421.65,970.79,1,-1,-1,-1
540,8,35.79,130.42,291.66,919.79,1,-1,-1,-1
540,1,1135.21,224.49,139.03,571.07,1,-1,-1,-1
541,16,934.11,170.37,264.30,691.02,1,-1,-1,-1
541,13,329.48,105.77,419.58,965.79,1,-1,-1,-1
541,8,24.09,145.75,306.68,927.15,1,-1,-1,-1
541,1,1127.73,210.60,139.43,560.07,1,-1,-1,-1
542,16,961.56,163.95,235.11,702.60,1,-1,-1,-1
542,13,341.69,110.15,414.51,962.21,1,-1,-1,-1
542,8,24.60,129.89,305.50,924.31,1,-1,-1,-1
542,1,1125.55,206.51,138.00,557.35,1,-1,-1,-1
543,16,984.85,155.96,245.08,703.12,1,-1,-1,-1
543,13,338.93,101.10,422.83,976.32,1,-1,-1,-1
543,8,14.20,144.19,298.70,925.32,1,-1,-1,-1
543,1,1122.07,205.02,141.48,567.87,1,-1,-1,-1
544,16,995.55,148.02,245.76,717.10,1,-1,-1,-1
544,13,341.54,110.00,441.96,963.37,1,-1,-1,-1
544,8,-6.09,151.11,295.46,937.44,1,-1,-1,-1
544,1,1116.09,172.93,147.23,567.87,1,-1,-1,-1
545,16,1006.58,147.09,265.91,732.36,1,-1,-1,-1
545,13,326.02,120.45,455.31,953.50,1,-1,-1,-1
545,8,-17.71,161.20,284.80,933.67,1,-1,-1,-1
546,18,332.78,222.80,218.22,796.75,1,-1,-1,-1
546,16,1020.89,147.71,272.56,734.12,1,-1,-1,-1
546,13,345.58,117.43,446.86,949.30,1,-1,-1,-1
546,8,-16.43,161.02,277.60,933.08,1,-1,-1,-1
547,18,325.21,200.67,221.09,835.52,1,-1,-1,-1
547,16,1040.09,152.17,275.42,739.77,1,-1,-1,-1
547,13,365.72,124.84,430.72,934.02,1,-1,-1,-1
547,8,-7.45,154.80,273.72,938.20,1,-1,-1,-1
548,18,307.90,177.82,271.49,867.61,1,-1,-1,-1
548,16,1058.43,149.72,281.45,760.91,1,-1,-1,-1
548,13,383.99,115.15,426.06,944.87,1,-1,-1,-1
548,8,0.70,144.15,268.82,941.93,1,-1,-1,-1
549,18,297.75,171.96,270.19,879.34,1,-1,-1,-1
549,16,1063.98,152.49,295.65,763.12,1,-1,-1,-1
549,13,415.86,119.26,397.88,943.39,1,-1,-1,-1
549,8,4.68,136.34,263.74,933.53,1,-1,-1,-1
550,18,302.41,164.49,256.32,884.33,1,-1,-1,-1
550,16,1068.06,153.30,288.14,768.49,1,-1,-1,-1
550,13,442.60,116.19,381.16,933.29,1,-1,-1,-1
550,8,4.22,136.72,268.31,929.89,1,-1,-1,-1
551,18,300.88,154.14,264.33,901.49,1,-1,-1,-1
551,16,1076.64,144.92,285.80,778.13,1,-1,-1,-1
551,13,445.78,120.87,375.62,924.41,1,-1,-1,-1
551,8,7.09,118.49,271.94,946.89,1,-1,-1,-1
552,18,310.59,162.50,257.73,899.15,1,-1,-1,-1
552,16,1111.67,137.07,257.99,775.63,1,-1,-1,-1
552,13,461.71,125.44,361.02,912.34,1,-1,-1,-1
552,8,3.23,128.31,277.79,939.75,1,-1,-1,-1
552,1,1033.00,227.00,160.00,565.00,1,-1,-1,-1
553,18,318.51,164.26,253.69,898.26,1,-1,-1,-1
553,16,1131.08,126.34,258.16,790.80,1,-1,-1,-1
553,13,472.13,123.09,351.28,910.97,1,-1,-1,-1
553,8,1.03,132.33,281.87,943.26,1,-1,-1,-1
553,1,1036.22,226.98,161.11,548.40,1,-1,-1,-1
554,18,325.20,164.38,254.56,894.11,1,-1,-1,-1
554,16,1146.47,124.40,270.23,793.06,1,-1,-1,-1
554,13,478.83,127.44,349.06,904.66,1,-1,-1,-1
554,8,-0.97,127.72,289.48,955.27,1,-1,-1,-1
554,1,1036.99,227.28,162.18,548.51,1,-1,-1,-1
555,18,330.36,181.40,252.97,888.45,1,-1,-1,-1
555,16,1167.04,118.74,275.82,801.20,1,-1,-1,-1
555,13,449.13,134.54,381.48,905.20,1,-1,-1,-1
555,8,-4.89,123.34,295.08,965.27,1,-1,-1,-1
555,1,1035.62,229.36,163.28,546.52,1,-1,-1,-1
556,18,353.72,216.79,243.32,888.45,1,-1,-1,-1
556,16,1183.21,120.37,289.59,808.94,1,-1,-1,-1
556,13,396.05,122.60,434.88,919.43,1,-1,-1,-1
556,8,-4.37,119.58,314.04,965.49,1,-1,-1,-1
556,1,1039.04,232.55,163.65,546.23,1,-1,-1,-1
557,18,342.62,171.40,316.52,912.90,1,-1,-1,-1
557,16,1202.61,114.32,310.21,828.11,1,-1,-1,-1
557,13,457.06,122.74,383.91,916.22,1,-1,-1,-1
557,8,0.24,115.09,312.74,971.66,1,-1,-1,-1
557,1,1041.46,235.83,162.05,544.62,1,-1,-1,-1
558,18,359.26,213.83,250.02,912.90,1,-1,-1,-1
558,16,1226.37,119.68,331.35,833.00,1,-1,-1,-1
558,13,408.01,98.36,442.61,937.57,1,-1,-1,-1
558,8,1.80,106.69,305.88,984.28,1,-1,-1,-1
558,1,1039.90,239.86,162.09,541.04,1,-1,-1,-1
559,18,374.67,205.28,250.02,912.90,1,-1,-1,-1
559,16,1251.17,127.36,332.54,836.94,1,-1,-1,-1
559,13,407.51,106.63,449.75,938.03,1,-1,-1,-1
559,8,-0.07,114.55,301.58,981.93,1,-1,-1,-1
559,1,1046.74,236.09,159.22,544.76,1,-1,-1,-1
560,18,388.30,191.39,254.70,930.02,1,-1,-1,-1
560,16,1261.91,116.71,330.93,852.79,1,-1,-1,-1
560,13,407.98,108.02,439.82,946.22,1,-1,-1,-1
560,8,0.08,109.71,301.18,983.63,1,-1,-1,-1
560,1,1048.86,239.44,156.30,539.96,1,-1,-1,-1
561,18,391.34,180.86,259.48,947.46,1,-1,-1,-1
561,16,1278.60,108.71,318.27,861.26,1,-1,-1,-1
561,13,418.89,93.34,436.02,943.74,1,-1,-1,-1
561,8,-1.00,73.00,382.00,991.00,1,-1,-1,-1
561,1,1054.11,231.78,160.03,543.33,1,-1,-1,-1
562,18,414.43,143.57,259.48,947.46,1,-1,-1,-1
562,16,1283.13,101.43,328.27,875.44,1,-1,-1,-1
562,13,426.11,108.18,448.07,950.88,1,-1,-1,-1
562,8,-1.54,69.22,384.37,997.89,1,-1,-1,-1
562,1,1054.66,241.21,156.54,541.67,1,-1,-1,-1
563,18,438.16,105.99,372.18,962.06,1,-1,-1,-1
563,16,1306.88,98.18,321.86,880.84,1,-1,-1,-1
563,8,0.20,61.84,382.13,1008.11,1,-1,-1,-1
563,1,1057.52,238.21,154.22,547.76,1,-1,-1,-1
564,18,489.89,105.51,365.70,966.29,1,-1,-1,-1
564,16,1323.59,99.41,327.44,881.00,1,-1,-1,-1
564,8,-2.56,65.79,389.29,1009.11,1,-1,-1,-1
564,1,1057.97,234.08,161.79,547.18,1,-1,-1,-1
565,18,531.01,60.11,372.59,992.23,1,-1,-1,-1
565,16,1332.90,98.36,334.50,879.39,1,-1,-1,-1
565,8,-8.61,61.31,386.21,1013.03,1,-1,-1,-1
565,1,1057.73,229.75,163.11,550.34,1,-1,-1,-1
566,18,574.73,76.18,387.81,991.22,1,-1,-1,-1
566,16,1339.57,99.09,342.48,881.79,1,-1,-1,-1
566,8,-8.55,77.98,391.91,1005.58,1,-1,-1,-1
566,1,1056.49,232.45,166.36,550.99,1,-1,-1,-1
567,18,585.44,100.88,435.48,985.37,1,-1,-1,-1
567,16,1335.65,94.02,330.59,893.33,1,-1,-1,-1
567,8,-3.86,62.48,383.33,1027.99,1,-1,-1,-1
567,1,1047.41,231.98,169.20,562.09,1,-1,-1,-1
568,16,1345.69,96.57,328.76,888.84,1,-1,-1,-1
568,8,-2.09,55.64,401.16,1032.09,1,-1,-1,-1
568,5,616.00,70.00,548.00,1000.00,1,-1,-1,-1
568,1,1059.35,227.68,163.15,565.25,1,-1,-1,-1
569,16,1340.08,89.89,324.23,893.09,1,-1,-1,-1
569,14,590.00,182.00,181.00,712.00,1,-1,-1,-1
569,8,17.30,62.51,400.48,1021.54,1,-1,-1,-1
569,5,628.85,86.89,580.52,991.70,1,-1,-1,-1
569,1,1055.71,230.39,167.52,564.98,1,-1,-1,-1
570,16,1326.31,94.40,330.92,888.07,1,-1,-1,-1
570,14,600.87,186.70,189.27,712.19,1,-1,-1,-1
570,8,43.16,63.03,403.94,1023.80,1,-1,-1,-1
570,5,668.42,92.72,562.29,983.56,1,-1,-1,-1
570,1,1057.39,229.80,173.94,575.60,1,-1,-1,-1
571,16,1314.21,100.96,328.38,889.23,1,-1,-1,-1
571,14,602.35,183.02,197.43,725.83,1,-1,-1,-1
571,8,58.62,61.64,392.28,1036.52,1,-1,-1,-1
571,5,711.48,115.63,536.06,935.89,1,-1,-1,-1
571,1,1044.72,229.41,183.21,570.02,1,-1,-1,-1
572,16,1315.25,103.21,316.40,887.14,1,-1,-1,-1
572,14,600.04,184.28,207.56,712.70,1,-1,-1,-1
572,8,64.67,78.04,397.34,1018.47,1,-1,-1,-1
572,5,739.08,138.49,513.43,903.06,1,-1,-1,-1
572,1,1055.99,231.49,168.85,568.95,1,-1,-1,-1
573,16,1308.63,95.94,316.36,891.50,1,-1,-1,-1
573,14,602.37,191.78,207.05,722.08,1,-1,-1,-1
573,8,53.78,83.91,426.75,1023.01,1,-1,-1,-1
573,5,806.50,155.66,421.57,883.71,1,-1,-1,-1
573,1,1062.62,240.83,172.62,557.23,1,-1,-1,-1
574,16,1300.41,89.05,329.20,905.33,1,-1,-1,-1
574,14,596.50,186.20,210.69,728.59,1,-1,-1,-1
574,8,48.91,75.11,437.59,1029.73,1,-1,-1,-1
574,5,875.62,62.16,442.05,933.98,1,-1,-1,-1
574,1,1068.31,265.74,154.95,547.16,1,-1,-1,-1
575,16,1271.79,91.75,326.16,900.80,1,-1,-1,-1
575,14,596.11,192.16,213.64,705.05,1,-1,-1,-1
575,8,46.82,64.81,441.67,1047.51,1,-1,-1,-1
575,5,879.70,78.20,449.69,965.88,1,-1,-1,-1
576,16,1250.59,94.29,292.19,888.89,1,-1,-1,-1
576,14,600.47,189.12,201.22,708.21,1,-1,-1,-1
576,8,53.27,98.58,451.19,1002.96,1,-1,-1,-1
576,5,905.72,64.81,484.02,991.75,1,-1,-1,-1
577,16,1214.78,92.13,263.88,873.97,1,-1,-1,-1
577,14,598.69,194.30,208.02,695.97,1,-1,-1,-1
577,8,57.24,101.30,453.53,992.86,1,-1,-1,-1
577,5,942.61,63.10,515.57,978.47,1,-1,-1,-1
578,14,602.10,195.14,204.58,691.87,1,-1,-1,-1
578,11,1236.00,104.00,203.00,561.00,1,-1,-1,-1
578,8,58.51,90.44,450.78,994.75,1,-1,-1,-1
578,5,972.33,68.89,493.48,976.55,1,-1,-1,-1
579,14,607.05,199.41,200.65,682.30,1,-1,-1,-1
579,11,1273.96,109.75,203.00,561.00,1,-1,-1,-1
579,8,67.71,104.43,450.30,982.14,1,-1,-1,-1
579,5,1064.51,61.88,454.89,994.96,1,-1,-1,-1
580,15,1047.00,232.00,149.00,562.00,1,-1,-1,-1
580,14,611.20,203.61,198.58,675.96,1,-1,-1,-1
580,11,1312.39,107.06,199.33,550.86,1,-1,-1,-1
580,8,72.75,91.89,444.84,994.09,1,-1,-1,-1
580,5,1073.12,49.64,472.18,1008.20,1,-1,-1,-1
581,15,1047.32,220.07,141.60,557.69,1,-1,-1,-1
581,14,614.08,205.64,197.53,668.47,1,-1,-1,-1
581,8,84.02,85.90,441.83,1007.06,1,-1,-1,-1
581,5,1047.90,44.55,490.21,1012.09,1,-1,-1,-1
582,18,1032.00,121.00,311.00,825.00,1,-1,-1,-1
582,15,1034.33,217.93,158.02,561.29,1,-1,-1,-1
582,14,622.18,211.62,192.99,655.79,1,-1,-1,-1
582,8,85.94,95.20,442.72,989.10,1,-1,-1,-1
582,5,1025.15,50.50,542.69,992.56,1,-1,-1,-1
583,18,1043.00,121.83,298.25,838.44,1,-1,-1,-1
583,15,1025.48,208.26,157.65,563.48,1,-1,-1,-1
583,14,625.84,208.77,188.98,651.41,1,-1,-1,-1
583,8,93.00,106.20,438.74,971.02,1,-1,-1,-1
583,5,1042.01,65.65,553.14,969.14,1,-1,-1,-1
584,18,1035.46,132.46,334.79,851.82,1,-1,-1,-1
584,15,1014.02,215.17,141.55,547.77,1,-1,-1,-1
584,14,631.98,210.58,187.15,633.37,1,-1,-1,-1
584,8,101.00,103.83,430.11,977.24,1,-1,-1,-1
584,5,1199.03,60.84,483.94,985.93,1,-1,-1,-1
585,18,1020.99,130.27,338.18,857.81,1,-1,-1,-1
585,15,999.06,202.05,145.23,547.77,1,-1,-1,-1
585,14,636.58,213.92,181.91,627.60,1,-1,-1,-1
585,8,106.93,112.14,429.21,966.09,1,-1,-1,-1
585,5,1239.89,43.01,495.74,1001.16,1,-1,-1,-1
586,18,1009.26,117.32,317.02,865.56,1,-1,-1,-1
586,15,1010.25,203.07,145.23,547.77,1,-1,-1,-1
586,14,632.65,219.41,181.30,609.37,1,-1,-1,-1
586,8,110.74,101.28,428.73,973.23,1,-1,-1,-1
586,5,1323.49,117.47,494.39,933.40,1,-1,-1,-1
587,18,998.97,125.04,299.81,862.53,1,-1,-1,-1
587,15,1016.46,189.40,142.60,537.87,1,-1,-1,-1
587,14,635.15,229.05,177.89,603.05,1,-1,-1,-1
587,8,110.87,93.78,432.58,971.51,1,-1,-1,-1
587,5,1363.00,200.00,442.00,863.00,1,-1,-1,-1
588,18,982.54,128.85,283.71,870.65,1,-1,-1,-1
588,14,630.52,222.66,176.20,600.16,1,-1,-1,-1
588,8,109.80,81.01,423.11,1001.29,1,-1,-1,-1
588,5,1395.46,195.60,450.48,870.84,1,-1,-1,-1
589,18,943.25,124.14,292.72,857.06,1,-1,-1,-1
589,14,633.92,218.48,168.43,610.12,1,-1,-1,-1
589,8,101.85,91.21,447.96,982.16,1,-1,-1,-1
589,5,1434.74,130.38,450.65,934.64,1,-1,-1,-1
590,18,902.68,122.33,304.59,866.21,1,-1,-1,-1
590,14,631.69,216.24,168.23,615.00,1,-1,-1,-1
590,8,96.48,109.61,442.39,968.88,1,-1,-1,-1
590,5,1473.12,106.23,461.07,969.41,1,-1,-1,-1
591,18,867.04,127.50,334.32,867.43,1,-1,-1,-1
591,14,630.14,220.65,163.81,603.60,1,-1,-1,-1
591,8,97.27,89.26,424.37,999.78,1,-1,-1,-1
591,5,1505.21,101.40,449.34,976.02,1,-1,-1,-1
592,18,837.39,127.79,348.48,865.58,1,-1,-1,-1
592,14,624.26,222.03,166.32,593.71,1,-1,-1,-1
592,8,96.10,90.78,435.38,993.12,1,-1,-1,-1
592,5,1535.96,115.86,428.03,951.44,1,-1,-1,-1
593,18,812.39,128.79,370.23,862.19,1,-1,-1,-1
593,14,615.72,229.94,169.06,586.16,1,-1,-1,-1
593,12,1035.00,237.00,135.00,557.00,1,-1,-1,-1
593,8,85.46,163.77,432.85,919.28,1,-1,-1,-1
593,5,1579.01,108.27,394.61,966.00,1,-1,-1,-1
594,18,808.30,137.23,354.47,830.13,1,-1,-1,-1
594,14,610.03,231.60,171.92,579.01,1,-1,-1,-1
594,12,1017.28,225.01,145.56,574.00,1,-1,-1,-1
594,8,96.12,177.12,409.23,886.06,1,-1,-1,-1
594,5,1592.17,118.49,393.11,956.91,1,-1,-1,-1
595,18,814.26,130.71,317.65,833.82,1,-1,-1,-1
595,14,605.74,229.51,170.72,581.45,1,-1,-1,-1
595,12,1002.64,229.00,153.98,567.87,1,-1,-1,-1
595,8,91.71,160.32,392.04,890.98,1,-1,-1,-1
595,5,1610.82,136.00,379.41,925.97,1,-1,-1,-1
596,18,810.42,137.65,290.86,820.81,1,-1,-1,-1
596,14,600.44,233.24,169.28,580.50,1,-1,-1,-1
596,12,996.98,231.13,158.03,574.09,1,-1,-1,-1
596,8,82.77,111.00,393.70,943.23,1,-1,-1,-1
596,5,1618.18,108.11,369.57,957.77,1,-1,-1,-1
597,18,809.47,143.97,260.90,810.54,1,-1,-1,-1
597,14,593.26,229.13,168.26,578.90,1,-1,-1,-1
597,12,990.44,223.14,163.97,582.02,1,-1,-1,-1
597,8,86.18,95.07,389.65,969.63,1,-1,-1,-1
597,5,1620.26,104.73,369.44,940.37,1,-1,-1,-1
598,18,773.52,132.06,266.16,828.42,1,-1,-1,-1
598,14,585.77,230.85,169.29,579.02,1,-1,-1,-1
598,12,988.11,223.77,168.13,582.00,1,-1,-1,-1
598,8,102.60,91.59,390.18,971.79,1,-1,-1,-1
598,5,1630.37,90.91,356.56,966.49,1,-1,-1,-1
599,18,745.20,139.78,274.82,832.33,1,-1,-1,-1
599,14,577.59,233.31,166.16,572.97,1,-1,-1,-1
599,12,993.71,222.52,170.25,588.73,1,-1,-1,-1
599,8,122.69,99.31,401.66,968.36,1,-1,-1,-1
599,5,1631.91,99.08,363.49,937.12,1,-1,-1,-1
600,18,689.87,140.41,290.84,835.26,1,-1,-1,-1
600,14,561.51,238.12,172.98,577.79,1,-1,-1,-1
600,12,994.57,218.13,167.74,598.66,1,-1,-1,-1
600,8,151.79,96.34,397.62,969.97,1,-1,-1,-1
600,5,1642.80,112.75,349.20,893.95,1,-1,-1,-1
601,18,654.75,139.07,314.98,836.35,1,-1,-1,-1
601,14,549.50,240.71,174.56,579.26,1,-1,-1,-1
601,12,995.48,220.12,169.82,602.72,1,-1,-1,-1
601,8,176.17,103.18,397.89,967.35,1,-1,-1,-1
601,5,1646.40,113.86,341.44,930.80,1,-1,-1,-1
602,18,634.15,147.49,325.10,824.23,1,-1,-1,-1
602,14,546.70,242.98,165.34,577.01,1,-1,-1,-1
602,12,993.76,221.76,173.88,597.96,1,-1,-1,-1
602,8,206.03,105.28,389.35,973.94,1,-1,-1,-1
602,5,1650.43,116.53,344.03,880.37,1,-1,-1,-1
603,18,634.12,153.38,324.68,817.31,1,-1,-1,-1
603,14,535.44,239.92,163.76,560.49,1,-1,-1,-1
603,13,534.00,170.00,277.00,750.00,1,-1,-1,-1
603,12,996.46,224.38,177.39,600.78,1,-1,-1,-1
603,8,229.23,115.54,388.36,960.75,1,-1,-1,-1
603,5,1660.52,126.09,328.06,839.86,1,-1,-1,-1
604,18,629.52,146.32,322.40,816.48,1,-1,-1,-1
604,14,521.40,233.13,155.54,580.67,1,-1,-1,-1
604,13,520.06,174.65,277.00,750.00,1,-1,-1,-1
604,12,1001.31,223.20,175.87,598.72,1,-1,-1,-1
604,8,254.37,106.12,385.73,966.82,1,-1,-1,-1
604,5,1654.71,141.48,324.82,832.63,1,-1,-1,-1
605,18,632.34,139.19,319.49,825.69,1,-1,-1,-1
605,14,515.23,222.74,144.95,570.18,1,-1,-1,-1
605,13,577.94,151.32,234.24,657.44,1,-1,-1,-1
605,12,1006.99,223.21,171.56,601.22,1,-1,-1,-1
605,8,285.33,111.87,370.52,951.80,1,-1,-1,-1
605,5,1659.81,141.48,318.80,810.02,1,-1,-1,-1
606,18,622.77,144.98,300.96,825.54,1,-1,-1,-1
606,12,1008.54,222.89,175.40,604.02,1,-1,-1,-1
606,8,332.00,92.00,337.00,971.00,1,-1,-1,-1
606,5,1657.59,142.83,320.99,815.28,1,-1,-1,-1
607,18,599.52,146.91,280.65,813.10,1,-1,-1,-1
607,12,1011.60,224.60,178.98,601.23,1,-1,-1,-1
607,8,373.11,92.34,319.02,965.94,1,-1,-1,-1
607,5,1647.22,139.14,328.54,832.49,1,-1,-1,-1
608,18,565.63,146.35,300.98,798.41,1,-1,-1,-1
608,12,1013.36,225.28,179.79,597.99,1,-1,-1,-1
608,8,404.10,100.30,352.67,954.10,1,-1,-1,-1
608,5,1628.03,131.86,340.58,841.85,1,-1,-1,-1
609,12,1014.70,229.55,179.53,595.04,1,-1,-1,-1
609,8,419.58,117.97,350.36,943.51,1,-1,-1,-1
609,5,1605.54,131.32,340.76,835.98,1,-1,-1,-1
610,14,415.00,243.00,123.00,594.00,1,-1,-1,-1
610,12,1009.51,223.76,182.58,599.23,1,-1,-1,-1
610,8,442.25,134.98,359.45,936.58,1,-1,-1,-1
610,5,1568.62,134.02,368.26,833.18,1,-1,-1,-1
611,14,409.83,241.75,143.12,601.81,1,-1,-1,-1
611,12,1001.91,227.09,187.45,602.95,1,-1,-1,-1
611,8,452.93,114.88,388.62,962.46,1,-1,-1,-1
611,5,1555.08,145.32,363.95,823.01,1,-1,-1,-1
612,14,403.25,240.29,168.71,634.92,1,-1,-1,-1
612,12,992.29,226.72,193.24,604.32,1,-1,-1,-1
612,8,473.93,128.16,408.11,960.81,1,-1,-1,-1
612,5,1545.87,157.61,358.08,803.09,1,-1,-1,-1
613,18,405.00,149.00,248.00,742.00,1,-1,-1,-1
613,14,393.11,232.34,150.16,623.80,1,-1,-1,-1
613,12,981.89,223.12,196.15,612.54,1,-1,-1,-1
613,8,529.17,132.90,376.48,961.80,1,-1,-1,-1
613,5,1550.56,152.62,328.20,818.03,1,-1,-1,-1
614,18,415.73,162.50,279.98,773.01,1,-1,-1,-1
614,14,386.18,245.26,142.40,602.48,1,-1,-1,-1
614,12,981.74,227.31,190.00,610.66,1,-1,-1,-1
614,8,596.71,125.59,338.58,955.03,1,-1,-1,-1
614,5,1542.08,155.84,315.17,807.46,1,-1,-1,-1
615,18,411.01,163.66,288.41,798.26,1,-1,-1,-1
615,14,386.86,236.30,136.54,626.30,1,-1,-1,-1
615,12,991.40,230.43,173.73,611.84,1,-1,-1,-1
615,8,619.61,108.07,319.85,963.50,1,-1,-1,-1
615,5,1518.65,155.43,321.13,793.79,1,-1,-1,-1
616,18,386.61,155.07,284.97,809.70,1,-1,-1,-1
616,14,373.23,204.18,125.21,582.78,1,-1,-1,-1
616,12,983.68,237.92,179.97,606.41,1,-1,-1,-1
616,8,643.42,112.11,325.63,962.71,1,-1,-1,-1
616,5,1486.85,154.19,319.31,788.32,1,-1,-1,-1
617,18,357.72,150.13,285.04,809.75,1,-1,-1,-1
617,14,354.26,204.01,122.94,593.71,1,-1,-1,-1
617,12,986.06,237.19,175.75,608.46,1,-1,-1,-1
617,8,672.33,113.75,330.62,960.77,1,-1,-1,-1
617,5,1446.03,157.34,332.44,778.05,1,-1,-1,-1
618,18,346.88,139.16,277.54,819.12,1,-1,-1,-1
618,14,339.10,235.89,119.27,573.27,1,-1,-1,-1
618,12,978.32,234.87,181.92,606.98,1,-1,-1,-1
618,8,702.93,111.39,317.03,964.44,1,-1,-1,-1
618,5,1393.64,166.76,368.03,767.55,1,-1,-1,-1
619,18,333.28,145.71,285.04,815.31,1,-1,-1,-1
619,14,322.65,238.91,127.61,605.30,1,-1,-1,-1
619,12,958.69,217.11,176.71,627.15,1,-1,-1,-1
619,8,725.63,109.40,322.33,967.56,1,-1,-1,-1
619,5,1384.79,166.69,357.42,762.71,1,-1,-1,-1
620,18,322.55,146.77,296.81,818.28,1,-1,-1,-1
620,14,308.84,249.66,129.07,592.63,1,-1,-1,-1
620,12,950.23,201.42,181.58,656.21,1,-1,-1,-1
620,8,753.13,122.65,338.68,953.51,1,-1,-1,-1
620,5,1371.18,164.14,359.34,760.31,1,-1,-1,-1
621,18,306.02,147.77,318.90,828.50,1,-1,-1,-1
621,14,300.56,284.01,122.72,592.63,1,-1,-1,-1
621,12,943.36,206.79,162.03,668.52,1,-1,-1,-1
621,8,766.53,137.67,358.59,944.22,1,-1,-1,-1
621,5,1356.10,152.79,340.27,779.33,1,-1,-1,-1
622,18,312.43,144.63,321.33,846.42,1,-1,-1,-1
622,14,287.21,293.25,122.72,592.63,1,-1,-1,-1
622,8,793.44,134.57,355.85,946.62,1,-1,-1,-1
622,5,1338.01,142.96,320.71,771.31,1,-1,-1,-1
623,18,316.86,143.03,321.98,871.34,1,-1,-1,-1
623,14,271.02,272.26,127.59,590.36,1,-1,-1,-1
623,8,809.79,128.80,355.58,944.64,1,-1,-1,-1
623,5,1318.52,157.95,296.39,739.76,1,-1,-1,-1
624,18,307.80,135.62,327.66,888.35,1,-1,-1,-1
624,14,257.00,225.00,141.00,625.00,1,-1,-1,-1
624,8,834.60,120.96,357.27,952.19,1,-1,-1,-1
624,5,1287.30,163.54,303.04,732.10,1,-1,-1,-1
625,18,318.34,135.06,327.55,905.03,1,-1,-1,-1
625,14,242.30,230.24,166.62,630.45,1,-1,-1,-1
625,8,874.71,122.05,333.92,954.40,1,-1,-1,-1
625,5,1256.68,160.36,306.59,731.01,1,-1,-1,-1
626,18,325.26,127.33,323.39,900.10,1,-1,-1,-1
626,14,235.34,233.08,190.59,633.47,1,-1,-1,-1
626,8,891.86,125.12,325.67,929.14,1,-1,-1,-1
626,5,1236.03,167.58,315.42,721.72,1,-1,-1,-1
627,18,328.16,121.67,325.94,919.31,1,-1,-1,-1
627,14,219.65,233.53,195.04,641.67,1,-1,-1,-1
627,8,916.17,117.71,310.39,897.86,1,-1,-1,-1
627,5,1206.46,173.53,330.74,718.29,1,-1,-1,-1
628,18,333.78,113.77,326.81,929.01,1,-1,-1,-1
628,14,220.37,252.36,189.58,635.93,1,-1,-1,-1
628,8,952.23,105.51,304.52,928.89,1,-1,-1,-1
628,5,1195.00,171.40,326.39,723.93,1,-1,-1,-1
628,1,889.00,192.00,167.00,690.00,1,-1,-1,-1
629,18,337.76,105.25,332.76,938.16,1,-1,-1,-1
629,14,208.67,231.36,198.02,656.19,1,-1,-1,-1
629,8,970.90,110.75,309.42,931.07,1,-1,-1,-1
629,5,1189.29,176.62,325.24,721.05,1,-1,-1,-1
629,1,887.00,197.98,172.29,670.40,1,-1,-1,-1
630,18,353.52,110.60,326.56,936.19,1,-1,-1,-1
630,14,196.97,226.98,203.79,675.91,1,-1,-1,-1
630,8,993.99,126.05,317.38,941.50,1,-1,-1,-1
630,5,1190.58,155.30,282.92,739.21,1,-1,-1,-1
630,1,878.94,201.91,173.60,675.76,1,-1,-1,-1
631,18,358.37,115.29,333.03,938.96,1,-1,-1,-1
631,14,191.78,230.14,200.70,681.93,1,-1,-1,-1
631,8,1013.10,119.37,340.06,957.75,1,-1,-1,-1
631,1,866.13,211.26,170.70,664.10,1,-1,-1,-1
632,18,363.14,97.96,337.02,965.34,1,-1,-1,-1
632,14,189.17,234.28,207.32,693.74,1,-1,-1,-1
632,8,1035.85,120.25,349.74,961.58,1,-1,-1,-1
632,1,865.46,211.82,164.06,665.60,1,-1,-1,-1
633,18,369.83,84.25,339.97,982.39,1,-1,-1,-1
633,14,184.77,230.01,209.28,706.57,1,-1,-1,-1
633,8,1077.16,120.34,345.98,949.83,1,-1,-1,-1
633,1,853.67,217.19,165.81,669.21,1,-1,-1,-1
634,18,375.37,100.03,345.27,980.83,1,-1,-1,-1
634,14,179.46,222.37,208.09,714.66,1,-1,-1,-1
634,8,1102.18,120.16,339.34,944.96,1,-1,-1,-1
634,1,841.46,215.19,173.54,663.08,1,-1,-1,-1
635,18,386.68,85.95,346.64,986.92,1,-1,-1,-1
635,14,171.95,221.14,208.63,721.06,1,-1,-1,-1
635,8,1096.35,129.13,358.77,921.88,1,-1,-1,-1
635,5,1083.00,178.00,157.00,674.00,1,-1,-1,-1
635,1,836.96,215.84,173.19,665.51,1,-1,-1,-1
636,18,397.22,101.37,348.83,982.87,1,-1,-1,-1
636,14,165.46,218.05,213.10,724.24,1,-1,-1,-1
636,8,1121.75,120.72,345.72,920.48,1,-1,-1,-1
636,5,1056.64,173.55,195.35,699.22,1,-1,-1,-1
636,1,821.63,218.14,184.53,657.38,1,-1,-1,-1
637,18,412.48,106.78,343.94,981.00,1,-1,-1,-1
637,14,155.83,216.91,216.09,727.77,1,-1,-1,-1
637,8,1187.20,94.57,305.61,941.03,1,-1,-1,-1
637,5,1038.20,178.59,221.35,700.88,1,-1,-1,-1
637,1,815.13,223.98,184.92,644.09,1,-1,-1,-1
638,18,420.82,103.42,341.48,988.41,1,-1,-1,-1
638,14,148.59,215.83,212.71,729.14,1,-1,-1,-1
638,8,1222.15,99.21,317.91,930.79,1,-1,-1,-1
638,5,1028.95,174.67,218.52,722.65,1,-1,-1,-1
638,1,812.66,225.48,182.44,638.51,1,-1,-1,-1
639,18,432.39,99.53,347.74,999.88,1,-1,-1,-1
639,14,138.17,217.56,211.34,733.90,1,-1,-1,-1
639,8,1238.12,104.50,332.88,932.08,1,-1,-1,-1
639,5,1005.11,178.15,197.55,720.88,1,-1,-1,-1
639,1,801.91,226.01,180.15,640.31,1,-1,-1,-1
640,18,438.29,102.70,360.68,1002.75,1,-1,-1,-1
640,14,131.96,218.99,214.56,746.04,1,-1,-1,-1
640,8,1257.58,106.09,342.52,928.84,1,-1,-1,-1
640,5,973.02,178.22,184.95,714.94,1,-1,-1,-1
640,1,796.13,222.26,181.27,647.78,1,-1,-1,-1
641,18,452.26,93.49,364.42,1012.53,1,-1,-1,-1
641,14,125.99,221.39,220.58,760.21,1,-1,-1,-1
641,8,1271.44,93.91,345.15,950.11,1,-1,-1,-1
641,5,947.07,157.30,187.72,730.95,1,-1,-1,-1
641,1,787.53,225.05,172.48,639.24,1,-1,-1,-1
