21,1,0.00,384.96,82.57,433.91,1,-1,-1,-1
22,1,-6.14,383.73,82.00,433.00,1,-1,-1,-1
23,1,-6.87,380.06,82.00,433.00,1,-1,-1,-1
35,1,-1.00,384.00,94.00,426.00,1,-1,-1,-1
36,1,-0.83,399.65,104.95,413.73,1,-1,-1,-1
37,1,3.84,431.21,113.77,381.35,1,-1,-1,-1
38,1,5.59,401.34,117.95,409.26,1,-1,-1,-1
39,1,13.96,397.45,90.31,409.26,1,-1,-1,-1
40,1,13.02,375.71,142.31,420.78,1,-1,-1,-1
41,1,15.34,330.86,168.67,473.16,1,-1,-1,-1
42,1,4.00,287.00,239.00,528.00,1,-1,-1,-1
43,1,8.10,284.32,246.88,537.12,1,-1,-1,-1
44,1,17.29,273.28,245.95,562.62,1,-1,-1,-1
45,1,19.21,264.24,255.67,574.54,1,-1,-1,-1
46,1,25.07,266.29,258.83,571.34,1,-1,-1,-1
47,1,31.07,259.06,259.11,579.52,1,-1,-1,-1
48,1,37.08,254.09,258.26,590.94,1,-1,-1,-1
49,1,43.36,245.70,248.88,605.23,1,-1,-1,-1
50,1,39.98,244.94,250.90,606.04,1,-1,-1,-1
51,1,45.63,245.68,245.46,609.40,1,-1,-1,-1
52,1,43.85,241.38,250.17,625.24,1,-1,-1,-1
53,1,44.74,242.94,263.23,629.23,1,-1,-1,-1
54,1,53.79,242.15,269.52,634.41,1,-1,-1,-1
55,1,55.16,246.20,278.58,630.15,1,-1,-1,-1
56,1,58.85,239.58,294.77,638.82,1,-1,-1,-1
57,1,59.18,239.53,319.86,650.29,1,-1,-1,-1
58,1,61.35,241.19,331.14,659.13,1,-1,-1,-1
59,1,71.03,245.12,332.73,668.71,1,-1,-1,-1
60,1,93.55,245.30,306.24,679.16,1,-1,-1,-1
61,1,97.74,235.06,278.50,685.66,1,-1,-1,-1
62,1,113.89,231.25,275.55,688.96,1,-1,-1,-1
63,1,130.32,230.75,272.57,691.40,1,-1,-1,-1
64,1,143.86,222.15,286.52,713.10,1,-1,-1,-1
65,1,140.44,211.94,325.33,726.46,1,-1,-1,-1
66,1,145.00,212.00,369.00,765.00,1,-1,-1,-1
67,1,136.76,214.65,391.48,759.98,1,-1,-1,-1
68,1,146.70,220.63,391.86,762.05,1,-1,-1,-1
69,1,164.35,222.19,387.58,774.26,1,-1,-1,-1
70,1,167.96,216.65,387.24,787.57,1,-1,-1,-1
71,1,184.87,203.28,360.85,810.52,1,-1,-1,-1
72,1,182.73,196.68,351.48,835.56,1,-1,-1,-1
73,1,192.42,184.56,344.53,855.81,1,-1,-1,-1
74,1,193.78,177.73,346.78,870.94,1,-1,-1,-1
75,1,199.16,179.67,355.20,866.79,1,-1,-1,-1
76,1,214.43,180.10,353.01,868.90,1,-1,-1,-1
77,1,223.29,182.35,359.15,874.70,1,-1,-1,-1
78,1,243.68,182.46,353.59,875.10,1,-1,-1,-1
79,1,280.00,160.00,269.00,889.00,1,-1,-1,-1
80,1,289.83,152.19,280.67,900.76,1,-1,-1,-1
81,1,291.07,157.21,301.54,898.24,1,-1,-1,-1
82,1,283.24,165.38,340.87,909.64,1,-1,-1,-1
83,1,282.69,151.30,388.13,931.01,1,-1,-1,-1
84,1,286.95,163.14,434.24,921.15,1,-1,-1,-1
85,1,296.10,169.33,455.49,922.18,1,-1,-1,-1
86,1,301.78,174.48,456.89,916.35,1,-1,-1,-1
87,1,335.84,172.35,424.95,923.16,1,-1,-1,-1
88,1,396.22,167.67,358.08,921.09,1,-1,-1,-1
89,1,435.19,155.12,322.22,924.64,1,-1,-1,-1
90,1,462.86,145.29,329.10,932.49,1,-1,-1,-1
91,1,509.52,127.19,334.04,958.92,1,-1,-1,-1
92,1,536.88,145.16,387.23,949.46,1,-1,-1,-1
93,1,529.66,142.28,460.29,956.20,1,-1,-1,-1
94,1,562.84,152.75,490.31,952.82,1,-1,-1,-1
95,1,616.73,165.13,483.00,937.89,1,-1,-1,-1
96,1,694.38,159.23,435.88,896.86,1,-1,-1,-1
97,1,762.18,138.76,366.49,934.50,1,-1,-1,-1
98,1,781.56,140.07,365.61,935.37,1,-1,-1,-1
99,1,814.12,127.68,354.34,944.98,1,-1,-1,-1
100,1,846.89,121.28,357.67,953.85,1,-1,-1,-1
101,1,869.09,129.63,370.73,952.64,1,-1,-1,-1
102,1,906.45,140.91,367.76,944.28,1,-1,-1,-1
103,1,939.12,141.71,364.44,949.29,1,-1,-1,-1
104,1,972.60,140.44,366.32,947.47,1,-1,-1,-1
105,1,989.83,136.27,364.06,955.91,1,-1,-1,-1
106,1,1010.13,136.65,371.68,942.00,1,-1,-1,-1
107,1,1054.78,125.17,346.91,953.49,1,-1,-1,-1
108,1,1082.87,126.79,336.65,944.98,1,-1,-1,-1
109,1,1122.39,129.24,312.61,936.84,1,-1,-1,-1
110,1,1139.91,136.22,306.63,932.08,1,-1,-1,-1
111,1,1158.57,148.86,302.37,915.14,1,-1,-1,-1
112,1,1174.14,146.01,292.66,922.42,1,-1,-1,-1
113,1,1182.23,138.30,292.14,927.49,1,-1,-1,-1
114,1,1187.74,132.52,300.88,919.51,1,-1,-1,-1
115,1,1189.87,129.46,299.40,928.28,1,-1,-1,-1
116,1,1197.00,130.08,309.96,922.27,1,-1,-1,-1
117,1,1212.38,133.16,300.39,914.66,1,-1,-1,-1
118,1,1223.66,140.28,310.09,897.71,1,-1,-1,-1
119,1,1234.85,160.56,304.99,862.56,1,-1,-1,-1
120,1,1252.84,169.79,293.82,824.98,1,-1,-1,-1
121,1,1271.28,176.93,273.02,813.27,1,-1,-1,-1
122,1,1278.88,185.38,258.47,787.65,1,-1,-1,-1
123,1,1278.39,176.73,243.87,780.67,1,-1,-1,-1
124,1,1281.02,179.51,236.18,758.61,1,-1,-1,-1
125,1,1295.13,171.22,214.77,755.33,1,-1,-1,-1
126,1,1302.19,159.28,209.18,767.93,1,-1,-1,-1
127,1,1300.59,164.56,228.61,771.58,1,-1,-1,-1
128,1,1295.88,174.75,254.95,762.30,1,-1,-1,-1
129,1,1283.21,185.01,279.22,755.13,1,-1,-1,-1
130,1,1264.74,191.33,298.44,737.70,1,-1,-1,-1
131,1,1247.26,195.63,312.20,721.96,1,-1,-1,-1
132,1,1239.45,191.19,309.58,712.73,1,-1,-1,-1
133,1,1237.21,195.46,292.04,693.11,1,-1,-1,-1
134,1,1235.12,203.70,282.18,674.34,1,-1,-1,-1
135,1,1236.97,217.18,248.51,652.09,1,-1,-1,-1
136,2,0.00,375.56,88.81,443.94,1,-1,-1,-1
136,1,1240.64,214.17,208.99,643.79,1,-1,-1,-1
137,2,2.16,366.04,99.00,459.10,1,-1,-1,-1
137,1,1233.63,209.43,198.56,649.99,1,-1,-1,-1
138,2,1.82,342.18,104.27,486.37,1,-1,-1,-1
138,1,1230.00,214.00,210.00,638.00,1,-1,-1,-1
139,2,3.65,320.06,110.96,514.35,1,-1,-1,-1
139,1,1185.86,211.32,228.27,632.38,1,-1,-1,-1
140,2,9.46,316.83,114.52,528.93,1,-1,-1,-1
140,1,1161.29,208.70,230.48,623.02,1,-1,-1,-1
141,2,17.30,301.14,124.94,545.44,1,-1,-1,-1
141,1,1139.52,205.27,236.59,629.47,1,-1,-1,-1
142,2,24.85,289.42,136.94,567.39,1,-1,-1,-1
142,1,1126.13,204.13,242.74,624.96,1,-1,-1,-1
143,2,24.85,260.82,161.92,581.67,1,-1,-1,-1
143,1,1111.20,208.66,244.98,615.26,1,-1,-1,-1
144,2,20.36,230.05,185.96,594.75,1,-1,-1,-1
144,1,1101.42,209.74,240.77,618.29,1,-1,-1,-1
145,2,21.96,231.04,196.68,584.15,1,-1,-1,-1
145,1,1094.15,215.16,237.75,608.60,1,-1,-1,-1
146,2,26.17,225.40,209.23,587.56,1,-1,-1,-1
146,1,1085.71,224.62,229.35,597.59,1,-1,-1,-1
147,2,35.05,240.66,207.84,576.20,1,-1,-1,-1
147,1,1080.54,225.74,220.94,597.69,1,-1,-1,-1
148,2,55.08,242.18,211.59,587.38,1,-1,-1,-1
148,1,1070.92,233.10,222.42,592.25,1,-1,-1,-1
149,2,24.00,245.00,303.00,583.00,1,-1,-1,-1
149,1,1057.40,228.37,196.52,593.61,1,-1,-1,-1
150,2,24.48,247.14,300.01,577.18,1,-1,-1,-1
150,1,1046.64,227.78,189.98,589.04,1,-1,-1,-1
151,2,40.83,235.54,285.09,592.59,1,-1,-1,-1
151,1,1023.66,233.89,176.44,581.48,1,-1,-1,-1
152,2,46.77,224.93,283.62,607.95,1,-1,-1,-1
152,1,1001.65,231.61,174.05,578.34,1,-1,-1,-1
153,2,54.88,222.41,286.92,627.94,1,-1,-1,-1
153,1,971.59,231.53,198.29,574.30,1,-1,-1,-1
154,2,65.92,225.26,282.76,637.99,1,-1,-1,-1
154,1,945.10,237.92,214.38,580.91,1,-1,-1,-1
155,2,75.30,234.11,282.35,641.70,1,-1,-1,-1
155,1,932.40,243.04,218.26,573.01,1,-1,-1,-1
156,2,76.49,229.78,287.81,649.55,1,-1,-1,-1
156,1,921.80,240.16,219.00,570.16,1,-1,-1,-1
157,2,67.56,213.30,296.78,658.33,1,-1,-1,-1
157,1,896.56,238.15,219.51,574.96,1,-1,-1,-1
158,2,70.58,221.82,298.85,661.00,1,-1,-1,-1
158,1,863.73,229.24,230.88,587.04,1,-1,-1,-1
159,2,79.37,247.34,299.14,665.29,1,-1,-1,-1
159,1,832.92,229.06,235.50,599.25,1,-1,-1,-1
160,2,74.64,235.44,308.82,673.94,1,-1,-1,-1
160,1,812.23,228.00,234.93,601.29,1,-1,-1,-1
161,2,71.48,224.06,309.28,683.78,1,-1,-1,-1
161,1,803.88,229.00,229.58,609.48,1,-1,-1,-1
162,2,75.46,220.80,320.64,694.27,1,-1,-1,-1
162,1,790.22,227.89,222.28,618.05,1,-1,-1,-1
163,2,76.99,221.57,318.24,709.35,1,-1,-1,-1
163,1,770.53,225.88,240.23,625.69,1,-1,-1,-1
164,2,79.08,224.09,317.72,716.35,1,-1,-1,-1
164,1,758.35,228.79,247.60,630.08,1,-1,-1,-1
165,2,81.23,228.13,322.66,713.25,1,-1,-1,-1
165,1,739.33,232.50,235.50,637.88,1,-1,-1,-1
166,2,83.37,221.29,325.30,719.48,1,-1,-1,-1
166,1,707.30,220.28,241.28,657.77,1,-1,-1,-1
167,2,74.58,194.62,347.18,739.89,1,-1,-1,-1
167,1,677.88,219.50,246.94,656.59,1,-1,-1,-1
168,2,74.97,178.24,346.47,745.91,1,-1,-1,-1
168,1,652.25,216.96,240.18,668.23,1,-1,-1,-1
169,2,84.35,180.39,355.47,751.94,1,-1,-1,-1
169,1,636.22,210.26,243.03,674.49,1,-1,-1,-1
170,2,75.99,171.98,362.99,764.69,1,-1,-1,-1
170,1,630.41,209.81,244.01,678.09,1,-1,-1,-1
171,2,83.75,173.09,371.24,771.61,1,-1,-1,-1
171,1,619.46,214.83,242.46,666.82,1,-1,-1,-1
172,2,79.73,163.55,381.88,785.30,1,-1,-1,-1
172,1,604.98,219.94,243.13,665.65,1,-1,-1,-1
173,2,96.95,166.31,379.54,786.24,1,-1,-1,-1
173,1,596.21,223.82,241.49,662.99,1,-1,-1,-1
174,2,113.48,175.57,386.37,781.46,1,-1,-1,-1
174,1,585.39,225.16,240.35,666.64,1,-1,-1,-1
175,2,136.62,177.80,377.85,780.01,1,-1,-1,-1
175,1,570.53,221.99,241.14,675.26,1,-1,-1,-1
176,2,149.39,175.28,394.93,785.53,1,-1,-1,-1
176,1,554.65,225.66,236.65,675.05,1,-1,-1,-1
177,2,160.31,167.87,381.39,799.76,1,-1,-1,-1
177,1,541.39,221.02,229.02,675.86,1,-1,-1,-1
178,2,151.81,164.49,411.19,801.98,1,-1,-1,-1
178,1,536.42,216.25,221.58,681.88,1,-1,-1,-1
179,2,165.10,168.00,406.76,806.80,1,-1,-1,-1
179,1,507.00,204.00,208.00,695.00,1,-1,-1,-1
180,2,181.43,171.80,374.56,825.99,1,-1,-1,-1
180,1,500.31,214.69,210.89,699.69,1,-1,-1,-1
181,2,204.00,172.00,322.00,860.00,1,-1,-1,-1
181,1,490.11,212.64,214.77,694.31,1,-1,-1,-1
182,2,231.00,173.29,298.88,872.20,1,-1,-1,-1
182,1,483.66,225.41,214.33,684.42,1,-1,-1,-1
183,2,255.14,176.86,301.21,883.28,1,-1,-1,-1
183,1,467.92,228.30,220.12,678.60,1,-1,-1,-1
184,2,257.71,178.13,319.78,882.35,1,-1,-1,-1
184,1,462.77,219.14,211.01,692.35,1,-1,-1,-1
185,2,266.00,161.76,350.65,895.53,1,-1,-1,-1
185,1,439.18,236.58,207.21,692.35,1,-1,-1,-1
186,2,271.63,158.01,342.95,897.48,1,-1,-1,-1
186,1,413.71,245.31,211.09,705.33,1,-1,-1,-1
187,2,285.91,158.39,335.38,905.79,1,-1,-1,-1
187,1,390.59,259.84,215.05,718.56,1,-1,-1,-1
188,2,303.51,148.31,339.20,933.22,1,-1,-1,-1
188,1,358.75,311.06,215.05,718.56,1,-1,-1,-1
189,2,312.16,167.95,334.25,922.07,1,-1,-1,-1
190,2,315.01,151.01,351.20,945.19,1,-1,-1,-1
191,2,297.65,149.84,383.90,941.34,1,-1,-1,-1
192,2,316.04,163.06,365.57,917.51,1,-1,-1,-1
192,1,225.00,234.00,322.00,700.00,1,-1,-1,-1
193,3,509.13,100.45,262.38,947.77,1,-1,-1,-1
193,2,238.25,195.74,337.32,900.93,1,-1,-1,-1
193,1,210.12,235.05,327.29,710.63,1,-1,-1,-1
194,3,514.71,87.09,304.83,971.46,1,-1,-1,-1
194,1,213.79,237.08,325.19,723.12,1,-1,-1,-1
195,3,550.53,80.02,311.74,997.81,1,-1,-1,-1
195,1,212.67,224.86,324.41,750.53,1,-1,-1,-1
196,3,582.17,95.25,323.03,988.50,1,-1,-1,-1
196,1,200.29,224.85,329.04,756.15,1,-1,-1,-1
197,3,624.56,108.94,324.99,969.00,1,-1,-1,-1
197,1,175.03,222.68,339.33,759.78,1,-1,-1,-1
198,3,668.32,113.71,316.27,947.72,1,-1,-1,-1
198,1,148.77,217.27,360.85,768.10,1,-1,-1,-1
199,3,713.16,100.67,325.10,966.14,1,-1,-1,-1
199,1,118.00,209.00,400.00,792.00,1,-1,-1,-1
200,3,739.44,85.43,359.28,969.36,1,-1,-1,-1
200,1,94.50,202.57,394.88,796.86,1,-1,-1,-1
201,3,766.68,66.35,372.53,978.27,1,-1,-1,-1
201,1,83.83,201.14,381.81,812.28,1,-1,-1,-1
202,3,810.84,72.16,378.23,989.05,1,-1,-1,-1
202,1,72.86,204.99,379.34,829.31,1,-1,-1,-1
203,3,860.81,82.56,368.68,996.75,1,-1,-1,-1
203,1,58.19,200.82,394.96,837.18,1,-1,-1,-1
204,3,908.04,75.03,379.68,987.74,1,-1,-1,-1
204,1,45.32,205.40,405.10,843.45,1,-1,-1,-1
205,3,965.51,75.92,365.70,1000.64,1,-1,-1,-1
205,1,43.98,202.10,406.42,856.96,1,-1,-1,-1
206,3,1023.50,71.97,363.02,1003.22,1,-1,-1,-1
206,1,30.30,192.29,420.77,865.68,1,-1,-1,-1
207,3,1046.80,68.31,388.35,981.39,1,-1,-1,-1
207,1,30.77,193.37,417.68,877.76,1,-1,-1,-1
208,3,1079.67,49.61,387.46,991.20,1,-1,-1,-1
208,1,24.13,190.21,430.79,885.85,1,-1,-1,-1
209,3,1114.56,52.61,384.46,995.56,1,-1,-1,-1
209,1,39.01,197.33,414.62,876.00,1,-1,-1,-1
210,3,1145.11,62.63,388.55,996.24,1,-1,-1,-1
210,1,59.29,204.08,398.58,864.74,1,-1,-1,-1
211,3,1190.13,96.53,376.66,988.64,1,-1,-1,-1
211,1,89.32,198.16,373.32,877.21,1,-1,-1,-1
212,3,1227.08,98.55,357.70,980.94,1,-1,-1,-1
212,1,117.75,201.49,352.44,868.40,1,-1,-1,-1
213,4,0.18,364.37,96.96,475.64,1,-1,-1,-1
213,3,1260.27,104.95,354.25,975.65,1,-1,-1,-1
213,1,116.15,201.06,372.17,860.87,1,-1,-1,-1
214,5,1269.40,113.19,412.95,460.82,1,-1,-1,-1
214,4,-1.37,387.28,110.59,449.93,1,-1,-1,-1
214,3,1281.18,99.30,349.55,968.80,1,-1,-1,-1
214,1,106.52,191.99,399.83,865.07,1,-1,-1,-1
215,5,1291.33,96.90,412.00,460.00,1,-1,-1,-1
215,4,2.19,344.08,114.55,496.37,1,-1,-1,-1
215,3,1309.23,88.93,336.01,970.50,1,-1,-1,-1
215,1,115.47,191.04,408.34,869.77,1,-1,-1,-1
216,5,1300.94,90.04,412.00,460.00,1,-1,-1,-1
216,4,7.06,318.95,120.84,529.81,1,-1,-1,-1
216,3,1325.41,74.80,335.91,973.99,1,-1,-1,-1
216,1,121.83,189.25,431.19,863.43,1,-1,-1,-1
217,4,10.47,308.42,131.61,544.91,1,-1,-1,-1
217,3,1344.87,76.97,318.40,967.86,1,-1,-1,-1
217,1,144.81,181.18,433.17,870.43,1,-1,-1,-1
218,4,15.91,302.09,129.36,560.54,1,-1,-1,-1
218,3,1363.06,85.53,300.41,968.62,1,-1,-1,-1
218,1,135.93,176.58,474.43,886.11,1,-1,-1,-1
219,4,16.40,287.57,132.14,568.99,1,-1,-1,-1
219,3,1377.74,98.13,292.90,952.75,1,-1,-1,-1
219,1,151.13,177.40,488.95,897.55,1,-1,-1,-1
220,4,19.02,273.38,136.89,583.39,1,-1,-1,-1
220,3,1389.58,110.69,285.37,914.40,1,-1,-1,-1
220,1,176.84,176.80,488.13,905.86,1,-1,-1,-1
221,4,20.41,250.56,150.52,596.49,1,-1,-1,-1
221,3,1396.73,124.06,282.98,888.90,1,-1,-1,-1
221,1,197.02,182.21,485.80,899.42,1,-1,-1,-1
222,4,25.26,244.53,166.22,605.86,1,-1,-1,-1
222,3,1408.47,124.88,268.44,850.95,1,-1,-1,-1
222,1,232.83,171.41,462.33,914.53,1,-1,-1,-1
223,4,27.70,244.68,185.31,613.92,1,-1,-1,-1
223,3,1418.56,121.31,252.65,833.90,1,-1,-1,-1
223,1,265.13,173.76,456.01,918.18,1,-1,-1,-1
224,4,26.66,247.40,203.01,615.85,1,-1,-1,-1
224,3,1421.66,117.87,250.32,819.95,1,-1,-1,-1
224,1,299.18,172.57,448.10,925.04,1,-1,-1,-1
225,4,31.32,252.48,204.93,610.03,1,-1,-1,-1
225,3,1432.59,116.88,240.92,810.33,1,-1,-1,-1
225,1,322.68,174.63,448.96,925.02,1,-1,-1,-1
226,4,33.72,248.35,197.88,616.06,1,-1,-1,-1
226,3,1445.14,117.34,236.19,801.78,1,-1,-1,-1
226,1,341.73,160.73,461.39,934.49,1,-1,-1,-1
227,4,52.50,245.32,191.12,620.45,1,-1,-1,-1
227,3,1445.92,143.29,237.86,787.41,1,-1,-1,-1
227,1,362.44,149.45,473.02,943.53,1,-1,-1,-1
228,4,71.85,240.30,191.91,625.98,1,-1,-1,-1
228,3,1457.77,164.08,233.65,761.51,1,-1,-1,-1
228,1,377.62,137.05,483.43,958.11,1,-1,-1,-1
229,4,83.27,237.25,191.61,632.33,1,-1,-1,-1
229,3,1456.90,164.33,230.15,744.54,1,-1,-1,-1
229,1,401.17,140.78,507.74,963.97,1,-1,-1,-1
230,4,91.13,236.91,191.61,627.12,1,-1,-1,-1
230,3,1468.74,159.46,222.94,730.95,1,-1,-1,-1
230,1,419.08,139.09,519.80,958.97,1,-1,-1,-1
231,4,93.17,235.38,192.62,627.78,1,-1,-1,-1
231,3,1463.74,160.41,223.29,722.46,1,-1,-1,-1
231,1,439.59,142.42,519.17,956.91,1,-1,-1,-1
232,4,112.43,231.31,197.69,622.70,1,-1,-1,-1
232,3,1469.69,170.26,217.34,718.65,1,-1,-1,-1
232,1,463.72,145.41,537.00,952.25,1,-1,-1,-1
233,4,60.00,236.00,269.00,637.00,1,-1,-1,-1
233,3,1467.19,166.32,215.98,718.71,1,-1,-1,-1
233,1,510.24,147.92,532.72,951.30,1,-1,-1,-1
234,4,65.35,236.25,269.39,649.19,1,-1,-1,-1
234,3,1461.15,162.27,222.74,718.88,1,-1,-1,-1
234,1,559.52,153.55,505.00,944.57,1,-1,-1,-1
235,4,70.97,235.46,272.07,656.78,1,-1,-1,-1
235,3,1456.46,170.09,213.41,713.17,1,-1,-1,-1
235,1,613.53,155.44,478.84,948.35,1,-1,-1,-1
236,4,69.45,237.26,274.32,667.67,1,-1,-1,-1
236,3,1449.19,180.23,214.69,706.21,1,-1,-1,-1
236,1,680.55,149.70,441.79,943.28,1,-1,-1,-1
237,4,69.77,233.64,275.04,678.21,1,-1,-1,-1
237,3,1436.04,178.10,214.26,695.62,1,-1,-1,-1
237,1,779.00,115.00,330.00,936.00,1,-1,-1,-1
238,4,70.88,228.44,275.84,684.32,1,-1,-1,-1
238,3,1423.82,186.44,202.46,665.68,1,-1,-1,-1
238,1,829.72,124.08,305.67,927.88,1,-1,-1,-1
239,4,73.90,224.62,277.60,692.72,1,-1,-1,-1
239,3,1411.18,185.03,198.21,656.26,1,-1,-1,-1
239,1,852.21,133.09,323.90,923.28,1,-1,-1,-1
240,4,74.30,220.97,279.57,693.60,1,-1,-1,-1
240,3,1386.50,195.22,209.22,649.63,1,-1,-1,-1
240,1,884.09,125.10,316.74,947.77,1,-1,-1,-1
241,4,85.28,216.41,284.72,699.22,1,-1,-1,-1
241,3,1363.69,198.61,219.33,645.20,1,-1,-1,-1
241,1,911.59,123.63,342.42,955.64,1,-1,-1,-1
242,4,84.73,214.97,286.57,707.21,1,-1,-1,-1
242,3,1344.03,210.69,231.07,631.04,1,-1,-1,-1
242,1,943.75,115.32,341.34,967.25,1,-1,-1,-1
243,4,87.86,212.24,277.22,718.67,1,-1,-1,-1
243,3,1310.09,213.12,244.84,626.15,1,-1,-1,-1
243,1,978.67,124.23,321.88,963.93,1,-1,-1,-1
244,4,91.69,213.75,279.74,728.05,1,-1,-1,-1
244,3,1286.36,212.29,224.12,622.99,1,-1,-1,-1
244,1,1015.16,128.06,330.38,958.91,1,-1,-1,-1
245,4,94.88,206.80,282.75,750.25,1,-1,-1,-1
245,2,1255.00,200.00,213.00,593.00,1,-1,-1,-1
245,1,1036.97,122.84,330.30,963.54,1,-1,-1,-1
246,4,94.62,208.90,292.92,753.79,1,-1,-1,-1
246,2,1222.25,191.51,213.00,593.00,1,-1,-1,-1
246,1,1081.56,103.10,319.39,965.54,1,-1,-1,-1
247,4,88.38,207.27,302.28,763.50,1,-1,-1,-1
247,2,1194.35,185.44,213.00,593.00,1,-1,-1,-1
247,1,1098.03,113.12,311.67,955.20,1,-1,-1,-1
248,4,86.44,201.82,314.53,774.75,1,-1,-1,-1
248,1,1109.48,122.14,327.31,953.21,1,-1,-1,-1
249,4,87.81,194.94,334.96,776.46,1,-1,-1,-1
249,1,1124.85,140.81,372.89,938.36,1,-1,-1,-1
250,4,94.97,194.19,342.01,779.14,1,-1,-1,-1
250,1,1126.41,140.55,382.93,938.88,1,-1,-1,-1
251,4,97.36,183.76,353.53,793.37,1,-1,-1,-1
251,3,1120.00,206.00,160.00,564.00,1,-1,-1,-1
251,1,1136.55,146.88,377.10,928.08,1,-1,-1,-1
252,4,101.11,179.40,353.42,805.93,1,-1,-1,-1
252,3,1103.79,203.22,172.81,562.84,1,-1,-1,-1
252,2,1278.00,142.00,248.00,782.00,1,-1,-1,-1
252,1,1172.97,137.95,374.87,933.22,1,-1,-1,-1
253,6,0.00,354.12,78.76,473.72,1,-1,-1,-1
253,4,122.70,183.41,350.21,812.41,1,-1,-1,-1
253,3,1092.96,199.00,155.33,557.02,1,-1,-1,-1
253,2,1310.23,149.67,248.00,782.00,1,-1,-1,-1
253,1,1222.74,148.21,351.92,927.64,1,-1,-1,-1
254,6,-0.89,314.05,79.38,508.45,1,-1,-1,-1
254,4,141.49,191.85,349.68,838.12,1,-1,-1,-1
254,3,1069.37,186.66,152.73,549.49,1,-1,-1,-1
254,2,1339.38,126.65,248.00,782.00,1,-1,-1,-1
254,1,1286.06,143.48,329.60,920.05,1,-1,-1,-1
255,6,-1.54,291.17,84.35,537.82,1,-1,-1,-1
255,4,149.49,181.56,345.93,871.69,1,-1,-1,-1
255,3,1038.29,181.96,175.70,557.53,1,-1,-1,-1
255,1,1306.80,128.27,339.84,922.98,1,-1,-1,-1
256,6,-1.42,279.98,92.64,554.75,1,-1,-1,-1
256,4,155.33,180.73,330.13,880.60,1,-1,-1,-1
256,3,991.43,212.61,199.55,554.92,1,-1,-1,-1
256,2,1263.00,152.00,552.00,926.00,1,-1,-1,-1
257,6,-0.88,276.45,92.69,549.81,1,-1,-1,-1
257,4,164.69,169.88,347.89,886.53,1,-1,-1,-1
257,3,971.76,215.21,186.87,562.60,1,-1,-1,-1
257,2,1273.28,161.03,583.04,915.48,1,-1,-1,-1
258,6,2.33,271.53,101.11,560.01,1,-1,-1,-1
258,4,157.02,158.58,366.49,897.14,1,-1,-1,-1
258,3,944.20,209.98,176.96,559.16,1,-1,-1,-1
258,2,1291.08,167.97,562.06,881.51,1,-1,-1,-1
259,6,2.89,266.93,100.60,572.00,1,-1,-1,-1
259,4,164.13,153.14,382.48,905.01,1,-1,-1,-1
259,3,913.47,203.94,170.67,568.94,1,-1,-1,-1
259,2,1332.56,174.19,502.49,870.38,1,-1,-1,-1
260,6,1.52,259.25,110.59,582.23,1,-1,-1,-1
260,4,165.43,152.96,397.88,912.54,1,-1,-1,-1
260,3,887.38,197.78,177.72,576.66,1,-1,-1,-1
260,2,1353.26,166.03,457.91,850.69,1,-1,-1,-1
261,6,3.57,255.47,111.23,580.87,1,-1,-1,-1
261,4,171.44,160.35,404.90,908.55,1,-1,-1,-1
261,3,862.25,198.44,189.66,568.10,1,-1,-1,-1
261,2,1372.68,161.15,413.97,847.93,1,-1,-1,-1
262,6,5.15,248.31,114.25,586.70,1,-1,-1,-1
262,4,185.05,161.29,395.31,910.27,1,-1,-1,-1
262,3,842.10,200.84,194.44,564.05,1,-1,-1,-1
262,2,1374.12,156.27,392.02,835.12,1,-1,-1,-1
263,6,6.36,240.68,118.10,586.93,1,-1,-1,-1
263,4,199.19,166.57,390.80,909.21,1,-1,-1,-1
263,3,811.45,215.49,203.87,552.00,1,-1,-1,-1
263,2,1374.07,168.93,369.46,817.99,1,-1,-1,-1
264,6,5.97,241.75,121.59,580.53,1,-1,-1,-1
264,4,208.32,166.23,386.96,905.22,1,-1,-1,-1
264,3,804.93,220.80,197.72,548.56,1,-1,-1,-1
264,2,1370.63,173.99,357.30,805.12,1,-1,-1,-1
265,6,6.49,226.44,126.39,583.14,1,-1,-1,-1
265,4,223.30,162.49,380.63,918.58,1,-1,-1,-1
265,3,783.06,221.45,195.38,549.71,1,-1,-1,-1
265,2,1361.70,170.40,356.54,790.32,1,-1,-1,-1
266,6,8.68,219.70,125.61,576.36,1,-1,-1,-1
266,4,231.09,154.89,377.01,925.85,1,-1,-1,-1
266,3,776.15,220.46,185.95,549.77,1,-1,-1,-1
266,2,1357.76,177.37,349.65,773.49,1,-1,-1,-1
267,6,10.14,211.50,128.50,589.88,1,-1,-1,-1
267,4,250.02,145.49,370.03,938.56,1,-1,-1,-1
267,3,757.40,221.93,166.37,539.64,1,-1,-1,-1
267,2,1347.05,183.09,348.34,760.46,1,-1,-1,-1
268,6,15.53,210.70,144.95,591.49,1,-1,-1,-1
268,4,265.24,138.21,378.82,948.77,1,-1,-1,-1
268,3,729.43,212.54,170.07,536.54,1,-1,-1,-1
268,2,1338.92,187.16,343.15,731.33,1,-1,-1,-1
269,6,16.18,217.11,152.91,597.28,1,-1,-1,-1
269,4,283.75,131.78,386.28,950.87,1,-1,-1,-1
269,3,711.01,204.86,168.71,536.74,1,-1,-1,-1
269,2,1340.85,178.12,325.90,717.96,1,-1,-1,-1
270,6,17.55,220.66,152.63,596.07,1,-1,-1,-1
270,4,291.45,122.76,390.87,965.67,1,-1,-1,-1
270,3,683.90,202.58,178.65,543.58,1,-1,-1,-1
270,2,1327.60,179.18,316.95,703.96,1,-1,-1,-1
271,6,19.66,222.52,156.21,594.45,1,-1,-1,-1
271,4,290.91,130.01,407.74,951.52,1,-1,-1,-1
271,3,664.53,214.31,186.99,557.19,1,-1,-1,-1
271,1,1348.00,182.00,209.00,699.00,1,-1,-1,-1
272,6,19.34,224.85,156.35,593.79,1,-1,-1,-1
272,4,293.05,127.00,424.53,961.89,1,-1,-1,-1
272,3,645.08,219.00,191.27,564.80,1,-1,-1,-1
272,1,1327.28,186.41,220.64,696.64,1,-1,-1,-1
273,6,20.27,219.70,149.91,591.32,1,-1,-1,-1
273,5,627.00,237.00,188.00,546.00,1,-1,-1,-1
273,4,318.47,130.41,458.36,966.21,1,-1,-1,-1
273,1,1294.38,194.27,239.52,675.33,1,-1,-1,-1
274,6,24.36,224.68,155.07,585.34,1,-1,-1,-1
274,5,617.24,235.31,191.53,556.24,1,-1,-1,-1
274,4,344.72,140.85,447.77,951.53,1,-1,-1,-1
274,1,1269.58,199.61,252.18,669.84,1,-1,-1,-1
275,6,26.46,219.85,156.51,596.83,1,-1,-1,-1
275,5,639.88,247.55,195.12,566.67,1,-1,-1,-1
275,4,380.01,142.27,444.64,958.36,1,-1,-1,-1
275,1,1253.65,203.30,256.17,667.62,1,-1,-1,-1
276,6,24.68,220.13,162.78,592.44,1,-1,-1,-1
276,4,423.25,126.20,437.87,981.17,1,-1,-1,-1
276,1,1238.01,205.31,254.71,661.50,1,-1,-1,-1
277,6,30.60,219.05,155.33,597.73,1,-1,-1,-1
277,4,470.10,139.42,401.06,963.29,1,-1,-1,-1
277,1,1219.99,203.96,242.49,654.88,1,-1,-1,-1
278,6,28.38,219.81,160.20,605.98,1,-1,-1,-1
278,4,457.06,172.49,406.13,931.62,1,-1,-1,-1
278,1,1211.07,201.06,228.09,652.66,1,-1,-1,-1
279,6,28.36,218.69,162.23,605.69,1,-1,-1,-1
279,5,394.00,53.00,517.00,1025.00,1,-1,-1,-1
279,1,1186.63,198.39,216.46,649.85,1,-1,-1,-1
280,6,29.76,216.80,164.21,606.47,1,-1,-1,-1
280,5,456.75,41.32,492.40,1023.24,1,-1,-1,-1
280,3,373.00,209.00,274.00,664.00,1,-1,-1,-1
280,1,1140.94,191.80,231.50,652.54,1,-1,-1,-1
281,6,35.72,218.78,157.88,601.99,1,-1,-1,-1
281,5,558.51,49.88,449.53,1032.87,1,-1,-1,-1
281,3,358.39,223.44,269.15,646.28,1,-1,-1,-1
281,1,1102.33,195.73,248.76,653.50,1,-1,-1,-1
282,6,37.45,220.07,154.20,593.17,1,-1,-1,-1
282,5,605.32,37.07,489.75,1052.68,1,-1,-1,-1
282,3,339.23,216.49,254.96,647.87,1,-1,-1,-1
282,1,1079.58,207.11,258.79,644.50,1,-1,-1,-1
283,6,36.28,221.22,153.42,587.57,1,-1,-1,-1
283,5,652.66,109.12,474.73,974.95,1,-1,-1,-1
283,3,313.19,202.79,267.46,652.84,1,-1,-1,-1
283,1,1009.00,221.00,335.00,626.00,1,-1,-1,-1
284,6,21.00,227.00,209.00,579.00,1,-1,-1,-1
284,5,715.78,66.40,449.00,996.80,1,-1,-1,-1
284,3,288.38,186.32,282.89,660.66,1,-1,-1,-1
284,1,1035.10,225.78,298.71,624.00,1,-1,-1,-1
285,6,15.16,222.74,221.89,578.92,1,-1,-1,-1
285,5,758.87,51.04,482.80,998.53,1,-1,-1,-1
285,3,265.98,167.22,295.20,674.51,1,-1,-1,-1
285,1,1036.73,232.51,261.82,610.45,1,-1,-1,-1
286,6,22.33,226.77,219.54,581.19,1,-1,-1,-1
286,5,798.07,44.98,460.45,1000.10,1,-1,-1,-1
286,3,257.66,177.58,284.57,676.57,1,-1,-1,-1
286,1,976.37,215.22,326.68,610.45,1,-1,-1,-1
287,6,24.35,227.07,227.26,596.10,1,-1,-1,-1
287,5,820.10,41.31,470.08,999.92,1,-1,-1,-1
287,3,244.25,179.99,281.16,688.73,1,-1,-1,-1
288,6,23.16,227.13,227.87,602.98,1,-1,-1,-1
288,5,833.95,40.69,472.59,1007.49,1,-1,-1,-1
288,3,233.62,185.75,276.01,705.22,1,-1,-1,-1
289,6,19.48,233.10,227.17,601.70,1,-1,-1,-1
289,5,864.16,43.76,478.37,1014.92,1,-1,-1,-1
289,3,223.13,184.75,284.86,721.71,1,-1,-1,-1
290,6,16.27,237.63,230.27,600.32,1,-1,-1,-1
290,5,887.17,42.81,488.77,1014.79,1,-1,-1,-1
290,3,214.99,176.87,291.08,754.67,1,-1,-1,-1
291,6,11.85,243.15,228.06,604.40,1,-1,-1,-1
291,5,895.98,43.49,515.39,1021.02,1,-1,-1,-1
291,3,187.35,168.85,304.16,772.15,1,-1,-1,-1
292,6,16.95,237.20,222.43,622.81,1,-1,-1,-1
292,5,914.69,45.30,525.76,1020.71,1,-1,-1,-1
292,3,179.38,159.55,311.08,776.15,1,-1,-1,-1
293,7,877.67,238.29,265.16,596.51,1,-1,-1,-1
293,6,14.19,225.68,230.60,635.62,1,-1,-1,-1
293,5,974.06,71.02,488.45,998.79,1,-1,-1,-1
293,3,160.53,157.44,322.51,785.78,1,-1,-1,-1
294,7,872.82,230.90,247.41,602.84,1,-1,-1,-1
294,6,12.80,221.51,226.19,643.61,1,-1,-1,-1
294,5,1047.63,67.79,449.70,1008.35,1,-1,-1,-1
294,3,139.42,152.33,344.92,789.64,1,-1,-1,-1
295,7,853.63,230.56,225.62,604.80,1,-1,-1,-1
295,6,20.28,208.58,238.54,694.49,1,-1,-1,-1
295,5,1098.19,63.66,420.57,999.39,1,-1,-1,-1
295,3,60.21,162.35,378.03,808.77,1,-1,-1,-1
296,7,832.95,229.94,229.30,595.75,1,-1,-1,-1
296,6,23.86,197.73,222.04,667.91,1,-1,-1,-1
296,3,74.00,161.00,447.00,862.00,1,-1,-1,-1
296,2,1212.00,78.00,311.00,969.00,1,-1,-1,-1
297,7,792.89,228.28,250.78,601.94,1,-1,-1,-1
297,6,16.45,195.87,220.38,617.72,1,-1,-1,-1
297,3,68.56,168.84,441.68,858.31,1,-1,-1,-1
297,2,1230.04,77.40,321.97,973.25,1,-1,-1,-1
298,7,746.54,235.97,286.28,607.40,1,-1,-1,-1
298,6,18.92,201.07,203.48,553.86,1,-1,-1,-1
298,3,51.33,172.69,455.15,869.31,1,-1,-1,-1
298,2,1256.05,81.49,334.32,982.87,1,-1,-1,-1
299,7,713.68,235.18,308.64,618.46,1,-1,-1,-1
299,6,28.00,205.00,187.00,582.00,1,-1,-1,-1
299,3,65.56,169.17,450.90,870.73,1,-1,-1,-1
299,2,1270.22,95.10,372.89,986.87,1,-1,-1,-1
300,7,692.11,238.42,320.13,627.94,1,-1,-1,-1
300,6,26.95,204.48,190.32,588.26,1,-1,-1,-1
300,3,76.17,155.06,437.20,893.84,1,-1,-1,-1
300,2,1289.05,93.69,395.63,982.61,1,-1,-1,-1
301,7,674.26,240.55,318.52,629.16,1,-1,-1,-1
301,6,32.45,201.75,189.78,425.76,1,-1,-1,-1
301,3,46.42,141.62,465.68,911.86,1,-1,-1,-1
301,2,1321.19,86.78,385.00,990.32,1,-1,-1,-1
302,7,671.92,231.53,288.93,635.07,1,-1,-1,-1
302,6,45.01,230.80,158.71,526.72,1,-1,-1,-1
302,3,55.26,140.77,474.55,918.85,1,-1,-1,-1
302,2,1341.60,92.18,377.76,981.16,1,-1,-1,-1
303,7,674.51,228.46,267.26,640.41,1,-1,-1,-1
303,6,41.07,214.89,207.65,594.65,1,-1,-1,-1
303,3,71.19,154.60,461.15,914.10,1,-1,-1,-1
303,2,1369.66,92.72,349.61,976.36,1,-1,-1,-1
304,7,670.69,219.33,245.71,647.41,1,-1,-1,-1
304,6,53.79,205.65,208.44,635.72,1,-1,-1,-1
304,3,86.42,152.31,460.82,915.12,1,-1,-1,-1
304,2,1399.81,95.24,321.44,972.41,1,-1,-1,-1
305,7,654.63,214.58,237.35,651.76,1,-1,-1,-1
305,6,53.82,191.13,217.40,658.02,1,-1,-1,-1
305,3,89.12,157.24,466.05,910.91,1,-1,-1,-1
305,2,1431.61,93.35,296.17,983.38,1,-1,-1,-1
306,7,622.33,221.18,249.93,669.33,1,-1,-1,-1
306,6,67.37,181.05,223.74,694.23,1,-1,-1,-1
306,3,129.49,158.25,468.32,922.57,1,-1,-1,-1
306,2,1444.73,104.06,311.21,987.30,1,-1,-1,-1
307,7,572.66,232.64,290.83,671.39,1,-1,-1,-1
307,6,71.86,169.26,242.41,749.89,1,-1,-1,-1
307,3,164.34,142.06,454.21,919.14,1,-1,-1,-1
307,2,1454.27,79.84,322.21,993.27,1,-1,-1,-1
308,7,562.89,228.82,301.20,684.91,1,-1,-1,-1
308,6,47.89,141.01,282.58,790.34,1,-1,-1,-1
308,3,120.11,139.13,503.97,919.99,1,-1,-1,-1
308,2,1465.09,86.07,333.32,980.33,1,-1,-1,-1
309,6,40.21,148.01,296.57,824.66,1,-1,-1,-1
309,3,167.37,117.97,493.16,933.66,1,-1,-1,-1
309,2,1468.06,98.08,349.36,956.30,1,-1,-1,-1
309,1,574.00,236.00,278.00,665.00,1,-1,-1,-1
310,6,49.68,147.57,292.37,857.26,1,-1,-1,-1
310,3,277.00,102.00,409.00,945.00,1,-1,-1,-1
310,2,1471.45,108.50,364.11,944.97,1,-1,-1,-1
310,1,566.52,242.83,276.08,660.83,1,-1,-1,-1
311,6,46.98,150.31,313.38,877.67,1,-1,-1,-1
311,3,298.35,93.32,465.77,967.95,1,-1,-1,-1
311,2,1479.52,111.27,363.04,938.03,1,-1,-1,-1
311,1,550.53,244.04,281.44,673.23,1,-1,-1,-1
312,6,16.00,173.00,378.00,862.00,1,-1,-1,-1
312,3,331.01,84.72,432.28,996.60,1,-1,-1,-1
312,2,1494.61,127.19,357.65,929.84,1,-1,-1,-1
312,1,522.26,251.29,286.72,685.85,1,-1,-1,-1
313,6,16.17,178.11,395.15,868.71,1,-1,-1,-1
313,3,357.41,94.37,438.20,985.31,1,-1,-1,-1
313,2,1502.15,121.11,342.84,922.44,1,-1,-1,-1
313,1,511.89,261.76,292.09,698.71,1,-1,-1,-1
314,6,7.35,176.22,423.78,877.69,1,-1,-1,-1
314,3,411.58,81.69,399.57,1008.43,1,-1,-1,-1
314,2,1521.70,124.39,307.92,907.14,1,-1,-1,-1
315,6,4.34,169.10,434.50,886.99,1,-1,-1,-1
315,3,450.32,85.36,411.21,1004.32,1,-1,-1,-1
315,2,1538.45,127.13,284.84,884.60,1,-1,-1,-1
316,6,3.36,156.73,439.39,895.01,1,-1,-1,-1
316,4,444.00,216.00,201.00,742.00,1,-1,-1,-1
316,3,474.92,67.25,428.62,1006.22,1,-1,-1,-1
316,2,1551.30,126.70,264.39,869.84,1,-1,-1,-1
317,6,4.83,132.97,440.10,928.08,1,-1,-1,-1
317,4,421.89,217.91,235.45,733.00,1,-1,-1,-1
317,3,599.83,72.25,399.85,1028.49,1,-1,-1,-1
317,2,1542.65,128.97,270.00,849.30,1,-1,-1,-1
318,6,10.14,121.70,436.12,938.05,1,-1,-1,-1
318,4,406.89,218.85,241.40,734.15,1,-1,-1,-1
318,3,637.40,54.62,421.48,1046.18,1,-1,-1,-1
318,2,1523.52,134.30,275.70,843.58,1,-1,-1,-1
319,6,10.83,112.09,446.21,964.76,1,-1,-1,-1
319,4,417.41,213.68,242.39,737.03,1,-1,-1,-1
319,3,685.72,115.92,413.88,969.53,1,-1,-1,-1
319,2,1505.89,147.95,280.20,817.85,1,-1,-1,-1
320,6,12.91,106.38,450.32,966.92,1,-1,-1,-1
320,4,428.55,218.38,233.31,734.72,1,-1,-1,-1
320,3,736.09,56.57,391.01,1002.47,1,-1,-1,-1
320,2,1503.89,148.50,274.22,801.19,1,-1,-1,-1
321,6,19.85,107.91,445.58,969.71,1,-1,-1,-1
321,4,416.98,225.92,243.39,730.26,1,-1,-1,-1
321,3,775.96,52.13,402.02,1021.12,1,-1,-1,-1
321,2,1506.99,154.85,256.36,773.71,1,-1,-1,-1
322,6,33.55,113.13,457.33,971.10,1,-1,-1,-1
322,4,395.83,234.25,253.65,726.58,1,-1,-1,-1
322,3,837.91,49.35,404.82,1036.98,1,-1,-1,-1
322,2,1496.71,155.00,241.96,765.80,1,-1,-1,-1
323,6,60.62,132.44,471.62,965.23,1,-1,-1,-1
323,4,364.49,223.60,275.88,769.47,1,-1,-1,-1
323,3,876.89,59.78,427.62,1026.32,1,-1,-1,-1
323,2,1479.19,149.52,245.54,767.15,1,-1,-1,-1
324,8,204.55,119.34,197.78,236.12,1,-1,-1,-1
324,6,87.15,154.02,491.84,944.66,1,-1,-1,-1
324,3,923.56,48.14,439.83,1018.60,1,-1,-1,-1
324,2,1470.06,151.78,236.68,748.97,1,-1,-1,-1
325,8,229.55,113.23,197.00,236.00,1,-1,-1,-1
325,6,151.02,146.55,457.47,955.00,1,-1,-1,-1
325,3,960.31,41.22,452.90,1031.16,1,-1,-1,-1
325,2,1455.41,150.68,237.67,736.24,1,-1,-1,-1
326,8,256.10,108.47,197.00,236.00,1,-1,-1,-1
326,6,182.95,150.51,458.81,944.80,1,-1,-1,-1
326,3,986.96,52.06,473.29,1025.23,1,-1,-1,-1
326,2,1437.86,154.25,247.09,732.53,1,-1,-1,-1
327,5,1036.00,84.00,521.00,976.00,1,-1,-1,-1
327,4,223.00,112.00,511.00,953.00,1,-1,-1,-1
327,2,1417.95,160.03,255.12,735.43,1,-1,-1,-1
328,5,1075.59,72.35,521.13,996.69,1,-1,-1,-1
328,4,233.26,90.80,508.58,965.99,1,-1,-1,-1
328,2,1403.85,169.61,244.38,728.76,1,-1,-1,-1
329,8,1435.00,284.00,229.00,613.00,1,-1,-1,-1
329,6,204.00,221.00,235.00,754.00,1,-1,-1,-1
329,5,1105.33,85.82,519.65,992.04,1,-1,-1,-1
329,4,250.40,64.88,532.40,976.75,1,-1,-1,-1
330,8,1448.98,270.02,229.00,613.00,1,-1,-1,-1
330,6,186.56,218.56,321.81,759.05,1,-1,-1,-1
330,5,1149.86,65.05,492.20,1019.72,1,-1,-1,-1
330,4,303.41,46.26,541.97,997.70,1,-1,-1,-1
331,8,1496.38,259.63,224.86,601.92,1,-1,-1,-1
331,6,192.75,213.46,278.66,779.68,1,-1,-1,-1
331,5,1192.25,80.35,499.40,1015.03,1,-1,-1,-1
331,4,377.09,27.07,530.49,1030.38,1,-1,-1,-1
332,6,172.87,202.00,279.56,805.79,1,-1,-1,-1
332,5,1257.74,69.89,517.06,1012.32,1,-1,-1,-1
332,4,436.18,33.02,566.81,1037.54,1,-1,-1,-1
333,6,165.35,198.77,288.79,823.58,1,-1,-1,-1
333,5,1271.74,67.83,520.94,1000.00,1,-1,-1,-1
333,4,448.48,43.45,605.26,1037.30,1,-1,-1,-1
333,1,1264.00,220.00,156.00,604.00,1,-1,-1,-1
334,6,163.31,196.28,302.98,838.48,1,-1,-1,-1
334,5,1289.22,75.36,527.69,999.83,1,-1,-1,-1
334,4,493.80,62.71,589.23,1026.18,1,-1,-1,-1
334,1,1251.26,213.92,178.63,610.57,1,-1,-1,-1
335,6,167.13,195.91,308.33,837.07,1,-1,-1,-1
335,5,1351.44,74.97,481.00,987.13,1,-1,-1,-1
335,4,556.57,85.33,572.80,1014.32,1,-1,-1,-1
335,1,1227.86,215.57,186.02,617.02,1,-1,-1,-1
336,6,167.24,195.40,313.76,846.74,1,-1,-1,-1
336,5,1366.77,82.09,471.55,990.10,1,-1,-1,-1
336,4,620.18,78.70,545.12,1024.67,1,-1,-1,-1
336,1,1202.57,206.21,207.53,621.20,1,-1,-1,-1
337,6,170.10,192.00,322.26,853.02,1,-1,-1,-1
337,5,1369.24,76.91,488.86,1008.80,1,-1,-1,-1
337,4,681.63,60.76,524.30,1046.69,1,-1,-1,-1
337,1,1195.87,216.07,207.38,613.49,1,-1,-1,-1
338,6,172.92,186.09,335.44,876.48,1,-1,-1,-1
338,5,1372.56,100.53,485.80,979.11,1,-1,-1,-1
338,4,715.15,56.12,502.97,1035.14,1,-1,-1,-1
338,1,1188.23,221.88,216.13,608.13,1,-1,-1,-1
339,6,175.45,177.77,340.02,897.15,1,-1,-1,-1
339,5,1398.39,99.14,462.44,959.60,1,-1,-1,-1
339,4,748.63,37.30,521.79,1056.61,1,-1,-1,-1
339,1,1178.97,222.99,175.90,595.22,1,-1,-1,-1
340,6,185.17,183.13,359.57,898.93,1,-1,-1,-1
340,5,1412.80,107.19,454.34,941.87,1,-1,-1,-1
340,2,830.00,13.00,547.00,1045.00,1,-1,-1,-1
340,1,1168.98,204.04,185.27,576.23,1,-1,-1,-1
341,6,197.91,175.41,370.19,904.07,1,-1,-1,-1
341,5,1426.43,95.13,449.66,954.05,1,-1,-1,-1
341,2,860.08,-9.48,597.88,1051.28,1,-1,-1,-1
342,6,193.84,187.30,387.46,892.93,1,-1,-1,-1
342,5,1435.04,86.35,433.58,950.00,1,-1,-1,-1
342,2,881.67,-21.37,589.78,1059.22,1,-1,-1,-1
343,6,202.03,184.35,397.76,891.48,1,-1,-1,-1
343,5,1440.37,96.77,422.42,934.25,1,-1,-1,-1
343,2,886.17,-30.23,607.92,1079.54,1,-1,-1,-1
344,6,215.08,181.22,402.67,897.87,1,-1,-1,-1
344,5,1447.74,102.83,421.42,942.96,1,-1,-1,-1
344,2,903.07,-26.89,625.33,1079.77,1,-1,-1,-1
345,6,238.05,168.97,394.98,926.13,1,-1,-1,-1
345,5,1457.04,111.52,403.35,924.11,1,-1,-1,-1
345,2,914.74,-20.06,644.43,1074.19,1,-1,-1,-1
346,6,265.59,162.26,386.71,925.77,1,-1,-1,-1
346,5,1472.89,117.05,373.92,894.59,1,-1,-1,-1
346,2,943.58,-7.70,652.60,1062.36,1,-1,-1,-1
347,7,976.00,271.00,156.00,497.00,1,-1,-1,-1
347,6,300.74,157.36,365.10,932.54,1,-1,-1,-1
347,5,1459.50,114.74,372.87,855.32,1,-1,-1,-1
347,2,1007.09,8.63,620.99,1041.01,1,-1,-1,-1
348,7,969.59,248.46,172.63,524.53,1,-1,-1,-1
348,6,340.76,172.24,338.81,919.34,1,-1,-1,-1
348,5,1515.00,157.00,254.00,767.00,1,-1,-1,-1
348,2,1079.15,17.83,605.53,1037.79,1,-1,-1,-1
349,7,948.16,231.59,187.68,539.35,1,-1,-1,-1
349,5,1524.71,140.29,238.54,711.70,1,-1,-1,-1
349,4,365.00,159.00,361.00,915.00,1,-1,-1,-1
349,2,1134.74,14.16,582.88,1026.52,1,-1,-1,-1
350,7,914.34,224.27,206.74,554.91,1,-1,-1,-1
350,5,1525.96,142.88,221.72,674.79,1,-1,-1,-1
350,4,395.23,164.22,352.08,921.02,1,-1,-1,-1
350,2,1187.49,12.11,552.86,1011.55,1,-1,-1,-1
351,7,885.57,228.79,216.27,554.17,1,-1,-1,-1
351,5,1528.23,144.43,227.05,731.98,1,-1,-1,-1
351,4,444.14,167.02,348.91,921.57,1,-1,-1,-1
351,2,1207.70,18.02,544.69,1015.19,1,-1,-1,-1
352,8,1512.00,157.00,192.00,354.00,1,-1,-1,-1
352,7,853.90,230.72,215.69,559.49,1,-1,-1,-1
352,5,1496.25,135.49,245.87,774.51,1,-1,-1,-1
352,4,470.26,166.64,419.17,921.31,1,-1,-1,-1
352,2,1259.23,50.06,510.58,992.47,1,-1,-1,-1
353,8,1519.60,161.22,192.00,354.00,1,-1,-1,-1
353,5,1485.93,141.02,251.85,760.51,1,-1,-1,-1
353,4,492.49,149.99,424.40,943.55,1,-1,-1,-1
353,2,1280.29,34.87,499.01,993.57,1,-1,-1,-1
353,1,823.00,246.00,241.00,523.00,1,-1,-1,-1
354,8,1535.66,151.93,192.00,354.00,1,-1,-1,-1
354,4,501.38,129.89,435.72,962.39,1,-1,-1,-1
354,2,1295.37,-0.35,476.40,1046.10,1,-1,-1,-1
354,1,828.25,249.98,219.83,522.69,1,-1,-1,-1
355,4,508.60,130.24,426.81,953.18,1,-1,-1,-1
355,2,1311.63,-4.35,497.10,1037.30,1,-1,-1,-1
355,1,820.98,243.28,210.53,515.60,1,-1,-1,-1
356,4,520.74,136.52,418.48,941.19,1,-1,-1,-1
356,2,1339.37,-20.49,473.03,1049.93,1,-1,-1,-1
356,1,816.96,237.40,204.85,521.05,1,-1,-1,-1
357,4,556.17,137.09,415.01,942.80,1,-1,-1,-1
357,2,1360.32,-7.53,475.98,1035.60,1,-1,-1,-1
357,1,813.23,234.82,196.60,498.21,1,-1,-1,-1
358,8,829.00,234.00,136.00,233.00,1,-1,-1,-1
358,4,592.44,177.51,413.86,901.04,1,-1,-1,-1
358,2,1362.32,5.54,491.83,1031.09,1,-1,-1,-1
358,1,806.27,236.02,192.72,471.16,1,-1,-1,-1
359,8,822.69,238.01,136.00,233.00,1,-1,-1,-1
359,7,1356.00,199.00,126.00,580.00,1,-1,-1,-1
359,4,610.93,161.79,411.48,910.48,1,-1,-1,-1
359,2,1365.52,27.40,514.57,1025.27,1,-1,-1,-1
360,8,853.21,263.87,133.54,228.79,1,-1,-1,-1
360,7,1336.34,213.69,150.56,584.71,1,-1,-1,-1
360,4,636.20,143.53,397.56,935.73,1,-1,-1,-1
360,2,1383.52,32.92,506.45,1018.83,1,-1,-1,-1
361,7,1316.06,210.65,172.82,603.97,1,-1,-1,-1
361,4,658.22,146.18,399.77,939.81,1,-1,-1,-1
361,2,1446.26,47.22,475.40,1009.41,1,-1,-1,-1
362,7,1301.82,196.95,173.39,600.73,1,-1,-1,-1
362,4,668.71,144.42,402.35,941.51,1,-1,-1,-1
362,2,1464.61,42.08,474.69,1011.20,1,-1,-1,-1
363,9,0.37,376.16,86.19,495.44,1,-1,-1,-1
363,7,1280.40,192.80,184.75,602.45,1,-1,-1,-1
363,4,700.89,135.82,385.85,948.78,1,-1,-1,-1
363,2,1478.83,45.44,463.97,1006.37,1,-1,-1,-1
364,9,8.95,361.04,118.99,476.12,1,-1,-1,-1
364,7,1240.00,204.00,247.00,585.00,1,-1,-1,-1
364,4,736.62,125.11,375.72,960.23,1,-1,-1,-1
364,2,1502.77,31.78,448.88,1021.74,1,-1,-1,-1
364,1,710.00,227.00,144.00,558.00,1,-1,-1,-1
365,9,19.94,300.47,164.16,520.49,1,-1,-1,-1
365,7,1209.20,190.99,248.42,591.86,1,-1,-1,-1
365,4,811.96,113.44,341.08,974.29,1,-1,-1,-1
365,2,1507.06,31.84,450.18,1018.85,1,-1,-1,-1
365,1,689.87,220.94,148.86,553.69,1,-1,-1,-1
366,9,20.97,278.86,179.92,558.67,1,-1,-1,-1
366,7,1193.90,189.99,242.20,601.86,1,-1,-1,-1
366,4,855.97,125.27,329.93,956.00,1,-1,-1,-1
366,2,1514.80,77.68,449.19,962.48,1,-1,-1,-1
366,1,673.01,220.78,155.61,568.22,1,-1,-1,-1
367,9,19.25,255.77,188.39,584.64,1,-1,-1,-1
367,7,1152.07,197.85,257.92,596.66,1,-1,-1,-1
367,4,900.97,131.98,325.68,943.62,1,-1,-1,-1
367,2,1524.73,27.40,420.00,987.41,1,-1,-1,-1
367,1,652.29,227.54,158.74,565.87,1,-1,-1,-1
368,9,5.00,257.00,276.00,580.00,1,-1,-1,-1
368,7,1155.36,204.85,242.38,581.65,1,-1,-1,-1
368,4,934.95,153.81,378.42,932.45,1,-1,-1,-1
368,2,1530.10,76.30,427.07,935.09,1,-1,-1,-1
368,1,633.39,229.07,167.13,572.49,1,-1,-1,-1
369,9,8.24,253.84,270.95,585.70,1,-1,-1,-1
369,4,967.30,142.07,380.26,938.85,1,-1,-1,-1
369,3,1169.00,198.00,184.00,548.00,1,-1,-1,-1
369,2,1564.00,148.00,315.00,910.00,1,-1,-1,-1
369,1,616.45,230.65,174.29,576.27,1,-1,-1,-1
370,9,17.95,238.26,271.71,602.19,1,-1,-1,-1
370,4,990.10,136.33,369.89,943.67,1,-1,-1,-1
370,3,1170.10,201.29,184.00,548.00,1,-1,-1,-1
370,2,1554.12,125.48,316.07,925.37,1,-1,-1,-1
370,1,595.10,221.47,182.31,591.32,1,-1,-1,-1
371,9,18.56,228.96,283.19,623.78,1,-1,-1,-1
371,4,1021.62,136.85,370.72,948.37,1,-1,-1,-1
371,2,1539.93,111.77,319.89,947.02,1,-1,-1,-1
371,1,579.39,219.51,185.54,599.62,1,-1,-1,-1
372,9,20.18,225.48,295.96,645.68,1,-1,-1,-1
372,5,1733.00,471.00,176.00,291.00,1,-1,-1,-1
372,4,1042.78,139.16,364.87,943.62,1,-1,-1,-1
372,2,1531.52,111.91,289.69,925.79,1,-1,-1,-1
372,1,561.12,221.57,190.42,594.06,1,-1,-1,-1
373,9,28.88,228.00,305.61,657.14,1,-1,-1,-1
373,5,1726.07,484.10,179.30,296.46,1,-1,-1,-1
373,4,1045.07,132.13,385.77,948.69,1,-1,-1,-1
373,2,1524.98,106.44,301.87,900.69,1,-1,-1,-1
373,1,551.48,225.34,188.53,595.63,1,-1,-1,-1
374,9,33.72,227.63,306.73,680.44,1,-1,-1,-1
374,7,1000.00,199.00,206.00,577.00,1,-1,-1,-1
374,5,1715.94,495.92,182.66,302.01,1,-1,-1,-1
374,4,1120.58,151.84,342.88,939.52,1,-1,-1,-1
374,2,1508.91,100.74,295.14,874.22,1,-1,-1,-1
374,1,540.83,226.85,187.41,595.50,1,-1,-1,-1
375,9,28.97,221.29,319.83,693.98,1,-1,-1,-1
375,7,974.53,201.26,218.37,576.46,1,-1,-1,-1
375,4,1162.54,162.36,343.95,948.37,1,-1,-1,-1
375,2,1494.97,115.36,298.80,852.07,1,-1,-1,-1
375,1,526.52,232.43,189.18,601.17,1,-1,-1,-1
376,9,25.68,217.01,327.46,701.62,1,-1,-1,-1
376,7,962.45,202.39,216.75,568.17,1,-1,-1,-1
376,4,1198.05,141.50,353.81,956.32,1,-1,-1,-1
376,2,1466.93,117.01,293.71,822.67,1,-1,-1,-1
376,1,518.10,228.48,190.30,609.00,1,-1,-1,-1
377,9,29.13,203.20,323.31,713.70,1,-1,-1,-1
377,7,944.23,210.89,214.51,558.07,1,-1,-1,-1
377,4,1210.69,121.21,341.27,952.93,1,-1,-1,-1
377,2,1456.00,113.37,285.17,810.45,1,-1,-1,-1
377,1,506.27,227.98,189.62,615.67,1,-1,-1,-1
378,9,29.01,193.72,325.79,718.87,1,-1,-1,-1
378,7,923.50,206.70,211.18,557.60,1,-1,-1,-1
378,4,1221.04,140.69,352.56,940.58,1,-1,-1,-1
378,2,1445.53,115.81,267.55,802.21,1,-1,-1,-1
378,1,492.52,224.64,189.93,621.06,1,-1,-1,-1
379,9,36.97,192.63,330.26,728.77,1,-1,-1,-1
379,7,912.35,209.47,200.66,544.34,1,-1,-1,-1
379,4,1236.34,131.97,364.59,941.80,1,-1,-1,-1
379,2,1452.43,104.26,231.31,801.33,1,-1,-1,-1
379,1,477.16,233.35,201.33,629.88,1,-1,-1,-1
380,9,47.46,202.30,334.48,734.61,1,-1,-1,-1
380,7,899.58,208.49,190.32,550.03,1,-1,-1,-1
380,4,1233.74,140.19,394.40,945.16,1,-1,-1,-1
380,2,1403.44,111.89,277.38,801.33,1,-1,-1,-1
380,1,465.13,228.97,218.29,636.37,1,-1,-1,-1
381,9,75.42,209.87,327.88,739.28,1,-1,-1,-1
381,7,883.49,195.78,190.51,565.94,1,-1,-1,-1
381,4,1225.65,146.23,426.04,941.18,1,-1,-1,-1
381,2,1388.88,142.64,277.38,801.33,1,-1,-1,-1
381,1,455.60,226.87,227.59,638.80,1,-1,-1,-1
382,9,92.32,202.78,333.19,757.12,1,-1,-1,-1
382,7,871.52,202.02,192.37,564.50,1,-1,-1,-1
382,4,1218.56,139.18,467.66,952.59,1,-1,-1,-1
382,2,1394.67,160.32,282.59,816.36,1,-1,-1,-1
382,1,437.38,222.81,220.73,645.26,1,-1,-1,-1
383,9,107.96,205.52,336.70,757.28,1,-1,-1,-1
383,7,856.19,208.33,197.96,564.81,1,-1,-1,-1
383,4,1234.60,136.98,494.79,954.36,1,-1,-1,-1
383,2,1397.15,161.22,287.88,831.66,1,-1,-1,-1
383,1,396.00,219.00,256.00,659.00,1,-1,-1,-1
384,9,110.07,194.76,345.01,769.70,1,-1,-1,-1
384,7,834.97,208.69,207.50,581.36,1,-1,-1,-1
384,4,1265.06,133.91,487.69,951.61,1,-1,-1,-1
384,2,1418.99,159.54,287.88,831.66,1,-1,-1,-1
384,1,386.07,207.60,245.89,671.12,1,-1,-1,-1
385,9,118.71,183.24,349.44,787.19,1,-1,-1,-1
385,7,813.64,215.90,211.03,583.72,1,-1,-1,-1
385,4,1309.00,128.24,493.46,952.54,1,-1,-1,-1
385,2,1404.09,160.46,293.28,847.26,1,-1,-1,-1
385,1,375.95,211.31,246.43,677.19,1,-1,-1,-1
386,9,131.56,170.16,357.28,814.81,1,-1,-1,-1
386,7,801.53,208.45,194.61,593.01,1,-1,-1,-1
386,4,1334.62,125.68,479.00,957.16,1,-1,-1,-1
386,2,1299.40,161.44,249.24,747.56,1,-1,-1,-1
386,1,375.01,199.87,240.81,694.34,1,-1,-1,-1
387,9,138.39,167.31,378.74,828.51,1,-1,-1,-1
387,7,778.11,208.69,193.62,601.09,1,-1,-1,-1
387,5,1284.00,166.00,208.00,666.00,1,-1,-1,-1
387,4,1335.55,140.54,464.82,941.13,1,-1,-1,-1
387,1,362.49,206.62,239.69,664.41,1,-1,-1,-1
388,9,165.21,174.31,395.64,835.81,1,-1,-1,-1
388,7,747.91,204.29,204.84,599.77,1,-1,-1,-1
388,5,1267.75,152.97,217.15,662.49,1,-1,-1,-1
388,4,1387.59,145.49,375.56,912.32,1,-1,-1,-1
388,1,361.04,212.04,229.78,662.55,1,-1,-1,-1
389,9,188.98,173.80,384.70,862.96,1,-1,-1,-1
389,7,726.22,211.42,209.34,588.33,1,-1,-1,-1
389,5,1244.11,153.21,222.42,659.62,1,-1,-1,-1
389,4,1414.01,152.39,317.13,898.88,1,-1,-1,-1
389,1,334.53,206.59,243.46,670.03,1,-1,-1,-1
390,9,204.97,166.92,387.22,868.27,1,-1,-1,-1
390,7,713.63,200.34,207.00,594.05,1,-1,-1,-1
390,5,1217.54,151.70,236.93,661.27,1,-1,-1,-1
390,4,1416.43,152.24,327.83,901.64,1,-1,-1,-1
390,1,308.23,199.71,260.29,670.03,1,-1,-1,-1
391,9,210.78,164.67,383.99,888.94,1,-1,-1,-1
391,7,691.17,195.25,223.89,604.17,1,-1,-1,-1
391,5,1196.17,153.50,242.77,664.05,1,-1,-1,-1
391,2,1465.00,165.00,333.00,856.00,1,-1,-1,-1
391,1,292.74,192.67,260.29,670.03,1,-1,-1,-1
392,9,223.23,153.77,378.07,884.93,1,-1,-1,-1
392,7,677.42,206.08,226.38,588.86,1,-1,-1,-1
392,5,1170.01,164.38,256.16,659.14,1,-1,-1,-1
392,2,1467.06,169.75,323.90,857.61,1,-1,-1,-1
392,1,277.15,199.54,265.17,682.60,1,-1,-1,-1
393,9,232.25,141.61,394.22,908.63,1,-1,-1,-1
393,7,669.71,219.04,229.51,583.91,1,-1,-1,-1
393,5,1157.20,174.12,263.01,654.08,1,-1,-1,-1
393,2,1459.27,159.98,310.20,849.37,1,-1,-1,-1
393,1,284.32,192.37,265.17,682.60,1,-1,-1,-1
394,9,236.35,137.14,417.06,908.03,1,-1,-1,-1
394,7,644.42,231.59,231.86,579.78,1,-1,-1,-1
394,5,1143.47,181.87,266.96,647.22,1,-1,-1,-1
394,2,1456.63,158.22,307.68,845.13,1,-1,-1,-1
395,9,252.71,142.98,438.00,903.01,1,-1,-1,-1
395,7,624.45,229.95,215.62,583.54,1,-1,-1,-1
395,5,1132.08,191.77,271.89,634.80,1,-1,-1,-1
395,3,232.00,193.00,127.00,461.00,1,-1,-1,-1
395,2,1455.81,160.00,303.59,841.18,1,-1,-1,-1
396,9,240.22,153.97,452.09,882.36,1,-1,-1,-1
396,5,1121.56,182.01,252.29,640.02,1,-1,-1,-1
396,3,221.78,185.57,166.48,620.88,1,-1,-1,-1
396,2,1446.41,165.17,292.23,823.90,1,-1,-1,-1
396,1,610.00,223.00,158.00,554.00,1,-1,-1,-1
397,9,330.00,159.03,417.80,894.36,1,-1,-1,-1
397,5,1112.56,172.00,232.00,637.96,1,-1,-1,-1
397,3,196.99,166.12,209.02,705.48,1,-1,-1,-1
397,2,1435.47,170.20,306.67,814.51,1,-1,-1,-1
397,1,605.97,211.48,152.91,464.58,1,-1,-1,-1
398,9,363.91,158.46,417.47,904.40,1,-1,-1,-1
398,8,586.00,215.00,135.00,174.00,1,-1,-1,-1
398,5,1108.25,174.19,216.79,630.97,1,-1,-1,-1
398,3,177.00,200.00,263.00,783.00,1,-1,-1,-1
398,2,1432.46,175.31,316.96,806.27,1,-1,-1,-1
398,1,629.29,236.80,134.98,473.29,1,-1,-1,-1
399,9,388.00,103.00,415.00,960.00,1,-1,-1,-1
399,8,573.66,206.75,132.56,170.86,1,-1,-1,-1
399,5,1088.25,176.55,200.08,620.44,1,-1,-1,-1
399,3,172.07,204.22,272.43,779.95,1,-1,-1,-1
399,2,1408.05,176.92,346.62,794.64,1,-1,-1,-1
400,9,415.57,101.43,408.68,973.21,1,-1,-1,-1
400,8,592.76,198.66,130.16,167.77,1,-1,-1,-1
400,5,1057.15,174.00,192.70,615.01,1,-1,-1,-1
400,3,158.25,202.31,272.98,808.87,1,-1,-1,-1
400,2,1384.32,181.45,366.14,777.62,1,-1,-1,-1
401,10,473.72,209.00,128.30,643.00,1,-1,-1,-1
401,9,465.23,85.47,412.75,971.60,1,-1,-1,-1
401,5,1026.85,177.39,205.20,602.90,1,-1,-1,-1
401,3,125.45,201.29,286.99,825.93,1,-1,-1,-1
401,2,1349.84,182.61,377.07,772.69,1,-1,-1,-1
402,10,457.74,214.22,174.74,640.29,1,-1,-1,-1
402,9,490.47,90.18,454.86,985.74,1,-1,-1,-1
402,5,966.25,183.50,254.19,598.89,1,-1,-1,-1
402,3,76.49,196.60,311.90,844.66,1,-1,-1,-1
402,2,1332.86,188.31,325.81,732.73,1,-1,-1,-1
403,10,457.00,200.20,168.28,647.19,1,-1,-1,-1
403,9,529.04,98.50,464.34,989.40,1,-1,-1,-1
403,5,986.74,186.72,216.07,605.06,1,-1,-1,-1
403,3,45.83,189.81,332.65,859.21,1,-1,-1,-1
403,2,1343.85,187.82,268.85,706.66,1,-1,-1,-1
404,10,412.32,213.95,183.29,656.68,1,-1,-1,-1
404,9,600.01,121.58,414.14,970.89,1,-1,-1,-1
404,5,969.84,199.66,228.11,598.64,1,-1,-1,-1
404,4,1349.00,192.00,200.00,691.00,1,-1,-1,-1
404,3,33.71,183.74,352.19,874.30,1,-1,-1,-1
405,9,664.61,108.38,435.14,973.82,1,-1,-1,-1
405,7,395.00,193.00,199.00,671.00,1,-1,-1,-1
405,5,968.65,206.25,223.78,590.76,1,-1,-1,-1
405,4,1335.14,184.78,204.13,687.76,1,-1,-1,-1
405,3,27.39,183.92,359.38,878.97,1,-1,-1,-1
406,9,744.25,125.32,403.55,959.51,1,-1,-1,-1
406,7,375.69,197.84,208.64,672.22,1,-1,-1,-1
406,4,1314.29,189.31,215.98,679.77,1,-1,-1,-1
406,3,28.69,181.48,361.85,888.34,1,-1,-1,-1
407,7,359.66,185.90,212.35,675.71,1,-1,-1,-1
407,5,819.00,83.00,399.00,980.00,1,-1,-1,-1
407,4,1281.20,204.06,250.48,667.56,1,-1,-1,-1
407,3,27.41,188.78,351.28,891.06,1,-1,-1,-1
408,7,350.24,177.70,212.25,681.63,1,-1,-1,-1
408,5,828.58,65.52,411.34,1000.75,1,-1,-1,-1
408,4,1258.34,220.88,263.41,648.16,1,-1,-1,-1
408,3,27.46,184.50,352.66,901.43,1,-1,-1,-1
409,7,337.61,177.19,218.83,678.68,1,-1,-1,-1
409,5,839.81,117.85,495.72,963.98,1,-1,-1,-1
409,4,1253.23,240.76,245.34,628.70,1,-1,-1,-1
409,3,22.36,185.32,341.38,893.09,1,-1,-1,-1
410,7,313.92,171.82,236.22,685.97,1,-1,-1,-1
410,5,878.12,86.47,461.15,986.56,1,-1,-1,-1
410,4,1253.17,245.50,218.66,608.40,1,-1,-1,-1
410,3,27.51,187.33,311.78,886.22,1,-1,-1,-1
411,10,858.00,271.00,179.00,507.00,1,-1,-1,-1
411,7,300.71,181.47,240.08,685.38,1,-1,-1,-1
411,5,899.20,87.22,484.47,997.38,1,-1,-1,-1
411,3,32.04,179.30,313.66,891.98,1,-1,-1,-1
411,1,1249.00,275.00,200.00,544.00,1,-1,-1,-1
412,10,829.63,221.71,193.43,555.25,1,-1,-1,-1
412,7,295.73,183.06,226.41,680.91,1,-1,-1,-1
412,5,985.74,84.27,453.48,1003.88,1,-1,-1,-1
412,3,35.77,175.28,326.25,900.72,1,-1,-1,-1
412,1,1245.64,269.39,200.00,544.00,1,-1,-1,-1
413,10,801.80,205.29,202.86,581.48,1,-1,-1,-1
413,7,284.68,200.75,233.56,603.96,1,-1,-1,-1
413,5,1056.51,84.47,422.13,997.03,1,-1,-1,-1
413,3,54.94,163.58,383.02,911.18,1,-1,-1,-1
413,1,1267.98,271.06,196.39,534.17,1,-1,-1,-1
414,10,773.91,193.91,225.79,595.34,1,-1,-1,-1
414,5,1105.62,70.74,405.71,1006.81,1,-1,-1,-1
414,3,75.96,158.97,363.65,912.70,1,-1,-1,-1
414,1,263.00,202.00,251.00,608.00,1,-1,-1,-1
415,10,751.27,191.98,240.88,602.10,1,-1,-1,-1
415,5,1148.77,108.86,400.76,962.26,1,-1,-1,-1
415,3,95.88,147.09,364.51,928.49,1,-1,-1,-1
415,1,265.49,181.13,230.15,507.40,1,-1,-1,-1
416,11,1136.81,220.55,135.52,559.19,1,-1,-1,-1
416,10,740.52,199.83,243.03,602.94,1,-1,-1,-1
416,5,1153.47,91.32,435.31,967.71,1,-1,-1,-1
416,3,111.83,138.63,377.56,939.21,1,-1,-1,-1
416,1,270.19,216.13,209.47,507.40,1,-1,-1,-1
417,11,1124.21,222.94,165.95,576.97,1,-1,-1,-1
417,10,731.47,207.85,250.04,603.28,1,-1,-1,-1
417,5,1209.59,119.03,435.37,957.03,1,-1,-1,-1
417,3,126.43,133.22,368.35,949.97,1,-1,-1,-1
417,1,264.74,215.04,209.47,507.40,1,-1,-1,-1
418,11,1092.04,232.03,207.40,586.64,1,-1,-1,-1
418,10,726.10,204.71,245.63,610.60,1,-1,-1,-1
418,5,1278.22,118.14,407.29,963.85,1,-1,-1,-1
418,3,144.53,125.68,378.66,970.88,1,-1,-1,-1
418,1,313.79,255.38,209.47,507.40,1,-1,-1,-1
419,11,1086.74,235.52,208.67,591.95,1,-1,-1,-1
419,10,714.35,207.06,246.26,611.93,1,-1,-1,-1
419,5,1313.19,113.45,411.15,976.59,1,-1,-1,-1
419,3,164.80,129.52,378.35,964.51,1,-1,-1,-1
420,11,1072.14,229.24,180.10,594.34,1,-1,-1,-1
420,10,688.05,205.38,227.10,616.67,1,-1,-1,-1
420,5,1355.14,96.47,426.17,961.34,1,-1,-1,-1
420,3,158.10,124.29,401.95,972.04,1,-1,-1,-1
421,12,105.79,162.00,274.00,276.93,1,-1,-1,-1
421,11,1062.05,214.40,164.69,607.01,1,-1,-1,-1
421,10,657.80,198.70,223.18,623.25,1,-1,-1,-1
421,5,1384.43,79.59,431.99,984.43,1,-1,-1,-1
421,3,176.83,140.20,428.71,953.40,1,-1,-1,-1
422,13,90.80,162.45,284.20,627.64,1,-1,-1,-1
422,12,87.94,155.03,288.43,296.71,1,-1,-1,-1
422,11,1047.16,206.59,162.05,612.63,1,-1,-1,-1
422,5,1395.84,72.79,431.30,997.13,1,-1,-1,-1
422,3,186.86,132.83,420.52,959.39,1,-1,-1,-1
422,2,654.00,181.00,214.00,648.00,1,-1,-1,-1
423,13,96.95,154.12,277.82,627.94,1,-1,-1,-1
423,12,88.95,144.39,288.18,291.34,1,-1,-1,-1
423,11,1034.39,218.84,159.82,611.18,1,-1,-1,-1
423,5,1424.59,81.05,426.88,977.72,1,-1,-1,-1
423,3,190.75,120.33,424.59,963.73,1,-1,-1,-1
423,2,653.58,183.57,212.54,642.15,1,-1,-1,-1
424,13,104.03,136.05,286.10,753.95,1,-1,-1,-1
424,12,84.39,145.30,288.18,291.34,1,-1,-1,-1
424,11,1020.98,215.45,163.95,607.54,1,-1,-1,-1
424,5,1459.23,101.83,398.97,959.23,1,-1,-1,-1
424,3,187.46,113.26,461.78,971.92,1,-1,-1,-1
424,2,646.82,175.84,212.90,661.71,1,-1,-1,-1
425,13,97.27,124.30,319.77,826.46,1,-1,-1,-1
425,12,87.13,144.39,288.18,291.34,1,-1,-1,-1
425,11,1000.99,210.06,174.35,608.66,1,-1,-1,-1
425,5,1505.57,110.10,372.04,959.95,1,-1,-1,-1
425,3,323.00,105.00,460.00,949.00,1,-1,-1,-1
425,2,642.77,181.46,208.45,649.63,1,-1,-1,-1
426,13,96.32,120.01,361.25,866.76,1,-1,-1,-1
426,11,983.81,223.79,181.84,602.84,1,-1,-1,-1
426,5,1557.00,104.00,288.00,974.00,1,-1,-1,-1
426,3,358.11,90.49,452.00,968.86,1,-1,-1,-1
426,2,623.09,175.06,214.54,649.63,1,-1,-1,-1
427,13,87.36,118.87,389.75,880.40,1,-1,-1,-1
427,11,973.53,225.90,181.77,594.64,1,-1,-1,-1
427,5,1540.89,102.27,304.53,955.48,1,-1,-1,-1
427,3,395.54,76.52,436.31,987.19,1,-1,-1,-1
427,2,608.88,184.10,214.54,649.63,1,-1,-1,-1
428,13,80.25,117.62,400.00,898.12,1,-1,-1,-1
428,11,963.74,229.54,185.63,588.84,1,-1,-1,-1
428,5,1528.22,104.10,312.11,946.54,1,-1,-1,-1
428,3,456.16,70.85,410.30,998.01,1,-1,-1,-1
428,2,594.67,162.14,214.54,649.63,1,-1,-1,-1
429,13,68.78,108.86,416.98,917.27,1,-1,-1,-1
429,11,975.07,228.39,142.21,588.84,1,-1,-1,-1
429,5,1522.23,103.37,322.97,929.39,1,-1,-1,-1
429,3,498.94,87.27,439.31,992.28,1,-1,-1,-1
429,2,924.61,237.53,231.66,610.15,1,-1,-1,-1
430,13,54.44,101.19,442.69,929.05,1,-1,-1,-1
430,5,1514.69,111.83,316.42,911.57,1,-1,-1,-1
430,3,562.58,76.65,458.91,1009.87,1,-1,-1,-1
430,2,939.17,236.13,209.39,601.08,1,-1,-1,-1
431,13,67.14,89.52,442.13,935.54,1,-1,-1,-1
431,11,516.00,210.00,187.00,674.00,1,-1,-1,-1
431,5,1520.32,116.02,317.40,901.19,1,-1,-1,-1
431,3,582.80,55.20,510.81,1023.88,1,-1,-1,-1
431,2,945.57,242.66,185.70,571.18,1,-1,-1,-1
432,13,99.80,94.03,411.15,940.55,1,-1,-1,-1
432,11,500.43,185.79,188.34,688.74,1,-1,-1,-1
432,5,1513.92,120.97,304.78,881.59,1,-1,-1,-1
432,3,604.99,46.48,512.90,1038.28,1,-1,-1,-1
432,2,929.42,237.01,188.63,571.18,1,-1,-1,-1
433,13,111.21,76.76,437.01,951.58,1,-1,-1,-1
433,11,474.07,169.41,193.77,701.67,1,-1,-1,-1
433,5,1519.23,128.05,283.34,871.77,1,-1,-1,-1
433,3,652.87,41.85,496.73,1038.49,1,-1,-1,-1
433,2,932.83,244.96,188.63,571.18,1,-1,-1,-1
434,13,108.25,90.93,441.84,942.99,1,-1,-1,-1
434,11,455.29,176.74,204.79,711.30,1,-1,-1,-1
434,5,1524.50,140.33,247.04,842.60,1,-1,-1,-1
434,3,697.52,46.17,478.23,1039.05,1,-1,-1,-1
435,13,117.00,102.00,493.00,957.00,1,-1,-1,-1
435,7,442.00,167.00,231.00,778.00,1,-1,-1,-1
435,5,1510.28,145.06,235.51,797.47,1,-1,-1,-1
435,3,743.22,36.61,475.90,1058.79,1,-1,-1,-1
436,13,141.94,103.94,500.65,963.98,1,-1,-1,-1
436,7,459.10,157.88,226.50,774.15,1,-1,-1,-1
436,5,1499.74,154.96,224.27,786.23,1,-1,-1,-1
436,3,781.21,48.59,497.41,1058.02,1,-1,-1,-1
437,13,168.35,108.02,498.46,956.74,1,-1,-1,-1
437,7,438.09,149.18,225.70,760.16,1,-1,-1,-1
437,5,1461.27,149.45,246.54,777.03,1,-1,-1,-1
437,3,798.94,73.63,509.38,1031.25,1,-1,-1,-1
438,13,179.90,105.90,485.13,972.39,1,-1,-1,-1
438,10,810.00,254.00,216.00,572.00,1,-1,-1,-1
438,7,419.10,112.66,225.70,760.16,1,-1,-1,-1
438,5,1442.87,159.20,249.92,754.93,1,-1,-1,-1
438,3,859.65,75.96,495.59,1021.37,1,-1,-1,-1
439,13,196.34,101.68,482.81,977.08,1,-1,-1,-1
439,10,789.52,256.02,241.71,570.35,1,-1,-1,-1
439,7,414.72,102.44,225.70,760.16,1,-1,-1,-1
439,5,1429.30,163.39,247.31,740.70,1,-1,-1,-1
439,3,1002.00,16.00,407.00,1062.00,1,-1,-1,-1
440,13,208.05,108.56,498.22,968.33,1,-1,-1,-1
440,10,769.19,253.33,248.99,566.30,1,-1,-1,-1
440,5,1414.71,166.12,254.46,733.58,1,-1,-1,-1
440,3,1039.00,16.88,436.14,1069.94,1,-1,-1,-1
441,13,227.20,99.88,476.49,966.27,1,-1,-1,-1
441,10,748.56,256.84,221.72,561.97,1,-1,-1,-1
441,8,255.00,165.00,218.00,262.00,1,-1,-1,-1
441,5,1415.29,175.75,246.67,718.89,1,-1,-1,-1
441,3,1077.92,15.30,511.05,1039.15,1,-1,-1,-1
442,13,226.08,87.40,494.70,975.74,1,-1,-1,-1
442,10,725.77,251.56,214.44,560.81,1,-1,-1,-1
442,8,249.72,176.32,218.00,262.00,1,-1,-1,-1
442,3,1123.63,9.53,499.74,1042.77,1,-1,-1,-1
443,13,226.80,83.54,511.51,972.45,1,-1,-1,-1
443,10,701.96,236.10,217.65,584.40,1,-1,-1,-1
443,8,253.00,167.58,190.38,243.17,1,-1,-1,-1
443,3,1136.32,60.29,487.21,994.59,1,-1,-1,-1
444,13,222.47,84.60,523.52,987.26,1,-1,-1,-1
444,10,712.82,237.97,196.50,588.99,1,-1,-1,-1
444,8,216.17,198.50,206.13,247.73,1,-1,-1,-1
444,7,248.00,165.00,243.00,799.00,1,-1,-1,-1
444,3,1178.02,28.98,469.07,1020.40,1,-1,-1,-1
445,14,711.50,250.47,159.38,567.45,1,-1,-1,-1
445,13,219.63,84.60,529.34,987.99,1,-1,-1,-1
445,8,198.69,223.57,209.99,252.38,1,-1,-1,-1
445,7,226.85,166.83,257.67,807.38,1,-1,-1,-1
445,3,1216.91,29.97,452.35,1025.28,1,-1,-1,-1
446,14,717.49,265.06,159.00,567.00,1,-1,-1,-1
446,13,215.08,82.71,500.03,990.25,1,-1,-1,-1
446,7,207.33,152.08,268.98,804.70,1,-1,-1,-1
446,3,1260.61,36.01,445.34,1024.39,1,-1,-1,-1
447,13,42.37,66.63,510.13,990.25,1,-1,-1,-1
447,9,439.00,53.00,461.00,1007.00,1,-1,-1,-1
447,7,191.27,153.73,281.07,824.48,1,-1,-1,-1
447,3,1301.50,49.53,449.57,1016.58,1,-1,-1,-1
448,15,1247.55,219.14,152.57,566.31,1,-1,-1,-1
448,9,466.80,58.18,478.66,1017.44,1,-1,-1,-1
448,6,152.00,168.00,340.00,821.00,1,-1,-1,-1
448,3,1321.13,48.66,448.48,1011.77,1,-1,-1,-1
449,15,1227.17,211.60,182.88,602.00,1,-1,-1,-1
449,9,522.39,47.04,461.63,1034.21,1,-1,-1,-1
449,6,127.19,169.66,360.26,838.58,1,-1,-1,-1
449,3,1332.46,44.21,483.46,1018.69,1,-1,-1,-1
450,15,1203.03,217.43,207.10,610.84,1,-1,-1,-1
450,9,527.39,59.12,480.99,1025.22,1,-1,-1,-1
450,6,100.35,159.24,376.09,856.48,1,-1,-1,-1
450,3,1400.08,39.75,448.53,1022.50,1,-1,-1,-1
451,15,1179.16,207.54,215.50,620.17,1,-1,-1,-1
451,9,626.00,71.00,522.00,994.00,1,-1,-1,-1
451,6,81.42,157.02,383.07,873.21,1,-1,-1,-1
451,5,555.00,228.00,159.00,633.00,1,-1,-1,-1
451,3,1412.50,37.68,457.35,1031.11,1,-1,-1,-1
452,13,1098.00,208.00,250.00,559.00,1,-1,-1,-1
452,9,708.19,107.98,487.92,959.83,1,-1,-1,-1
452,6,78.92,144.87,379.64,886.43,1,-1,-1,-1
452,5,520.27,217.27,187.13,636.52,1,-1,-1,-1
452,3,1438.66,44.23,447.94,1026.42,1,-1,-1,-1
453,13,1106.97,213.68,230.41,571.10,1,-1,-1,-1
453,9,760.01,143.00,539.89,926.25,1,-1,-1,-1
453,6,76.79,137.29,370.26,907.88,1,-1,-1,-1
453,5,512.27,223.73,181.93,646.82,1,-1,-1,-1
453,3,1455.52,46.87,436.96,1024.74,1,-1,-1,-1
454,13,1046.05,180.82,283.01,589.66,1,-1,-1,-1
454,9,806.62,91.30,486.94,967.05,1,-1,-1,-1
454,6,67.67,133.69,374.80,919.45,1,-1,-1,-1
454,5,484.70,230.10,206.97,641.86,1,-1,-1,-1
454,3,1468.82,48.90,428.49,1019.26,1,-1,-1,-1
455,13,1078.00,280.00,259.00,497.00,1,-1,-1,-1
455,9,903.04,81.96,449.47,944.61,1,-1,-1,-1
455,6,63.26,130.46,382.37,934.18,1,-1,-1,-1
455,5,454.30,225.01,231.78,640.25,1,-1,-1,-1
455,3,1484.75,71.11,423.12,999.25,1,-1,-1,-1
456,13,1097.84,267.16,259.00,497.00,1,-1,-1,-1
456,9,948.16,37.58,471.41,972.70,1,-1,-1,-1
456,6,77.00,124.00,379.00,947.00,1,-1,-1,-1
456,5,444.93,223.31,230.19,647.56,1,-1,-1,-1
456,3,1505.77,76.87,407.51,989.81,1,-1,-1,-1
457,9,1000.81,45.52,495.66,986.73,1,-1,-1,-1
457,6,88.92,133.03,369.67,934.73,1,-1,-1,-1
457,5,442.63,228.52,223.24,655.24,1,-1,-1,-1
457,3,1494.97,78.87,425.25,982.04,1,-1,-1,-1
458,9,981.05,28.26,531.19,1010.41,1,-1,-1,-1
458,6,99.07,135.55,359.03,931.55,1,-1,-1,-1
458,3,1530.80,68.23,383.56,999.03,1,-1,-1,-1
458,2,429.00,228.00,264.00,667.00,1,-1,-1,-1
459,15,1011.00,225.00,155.00,596.00,1,-1,-1,-1
459,9,1045.30,20.25,547.78,1025.53,1,-1,-1,-1
459,6,126.07,128.37,368.96,944.37,1,-1,-1,-1
459,3,1521.31,75.65,398.16,979.14,1,-1,-1,-1
459,2,421.87,232.00,279.25,658.61,1,-1,-1,-1
460,15,989.00,206.06,172.04,600.81,1,-1,-1,-1
460,9,1116.63,11.34,515.72,1050.40,1,-1,-1,-1
460,6,150.55,136.06,448.08,946.66,1,-1,-1,-1
460,3,1551.24,71.68,365.73,959.95,1,-1,-1,-1
460,2,434.37,240.12,256.73,644.72,1,-1,-1,-1
461,15,956.23,207.73,182.82,586.86,1,-1,-1,-1
461,13,493.00,659.00,136.00,220.00,1,-1,-1,-1
461,9,1151.30,21.68,546.07,1036.21,1,-1,-1,-1
461,6,175.84,116.01,459.84,963.48,1,-1,-1,-1
461,3,1556.28,77.97,349.66,936.23,1,-1,-1,-1
461,2,411.90,230.55,255.18,644.72,1,-1,-1,-1
462,15,919.33,211.45,198.57,590.81,1,-1,-1,-1
462,13,468.04,673.28,133.54,216.02,1,-1,-1,-1
462,11,1487.00,115.00,387.00,941.00,1,-1,-1,-1
462,9,1209.29,30.43,504.00,1027.12,1,-1,-1,-1
462,6,187.83,96.61,448.82,992.97,1,-1,-1,-1
462,2,396.89,240.10,255.18,644.72,1,-1,-1,-1
462,1,1557.00,129.00,310.00,585.00,1,-1,-1,-1
463,15,895.15,214.30,211.94,602.35,1,-1,-1,-1
463,13,508.03,648.09,136.05,220.07,1,-1,-1,-1
463,11,1466.97,121.87,406.67,950.52,1,-1,-1,-1
463,9,1255.58,70.55,497.70,983.02,1,-1,-1,-1
463,6,196.41,81.73,454.22,991.90,1,-1,-1,-1
463,2,381.89,216.90,255.18,644.72,1,-1,-1,-1
463,1,1569.45,149.75,310.00,585.00,1,-1,-1,-1
464,15,882.08,214.43,207.58,611.85,1,-1,-1,-1
464,11,1491.08,150.30,393.25,922.54,1,-1,-1,-1
464,9,1256.55,56.17,557.60,999.51,1,-1,-1,-1
464,6,208.50,69.98,480.61,1010.56,1,-1,-1,-1
464,2,392.23,189.63,259.96,656.80,1,-1,-1,-1
464,1,1560.25,129.70,304.40,574.43,1,-1,-1,-1
465,15,858.73,213.43,209.30,615.91,1,-1,-1,-1
465,11,1471.93,116.21,379.41,922.54,1,-1,-1,-1
465,9,1288.84,41.01,556.81,1007.33,1,-1,-1,-1
465,6,225.57,69.84,484.78,1007.27,1,-1,-1,-1
466,15,825.11,210.63,196.59,616.96,1,-1,-1,-1
466,11,1377.07,88.75,495.80,972.23,1,-1,-1,-1
466,6,261.74,78.50,517.92,1024.06,1,-1,-1,-1
467,15,811.07,214.90,183.59,606.33,1,-1,-1,-1
467,11,1249.00,17.00,638.00,1011.00,1,-1,-1,-1
467,6,280.14,108.04,548.18,1003.44,1,-1,-1,-1
468,15,767.00,216.00,215.00,597.00,1,-1,-1,-1
468,11,1263.74,14.70,648.58,1015.48,1,-1,-1,-1
468,6,311.68,116.54,537.05,991.93,1,-1,-1,-1
468,3,278.00,216.00,146.00,533.00,1,-1,-1,-1
469,15,756.87,217.85,213.06,591.88,1,-1,-1,-1
469,11,1276.03,34.89,647.28,1013.11,1,-1,-1,-1
469,6,335.51,87.94,523.99,1014.58,1,-1,-1,-1
469,3,287.18,218.62,151.22,546.03,1,-1,-1,-1
470,15,749.41,220.10,213.95,579.96,1,-1,-1,-1
470,11,1288.11,49.68,640.62,999.42,1,-1,-1,-1
470,6,403.62,71.50,496.25,1035.19,1,-1,-1,-1
470,3,291.82,200.52,184.41,679.09,1,-1,-1,-1
471,13,784.00,215.00,154.00,581.00,1,-1,-1,-1
471,11,1301.02,68.73,620.45,969.30,1,-1,-1,-1
471,6,480.68,63.30,445.92,1049.44,1,-1,-1,-1
471,3,295.43,181.90,228.70,760.69,1,-1,-1,-1
472,13,772.14,216.08,154.00,581.00,1,-1,-1,-1
472,11,1333.37,89.16,591.38,959.05,1,-1,-1,-1
472,6,509.69,50.67,420.44,1052.83,1,-1,-1,-1
472,3,296.67,171.69,257.23,806.35,1,-1,-1,-1
473,13,787.48,222.94,156.89,591.89,1,-1,-1,-1
473,11,1358.06,105.24,562.15,922.31,1,-1,-1,-1
473,7,1377.00,188.00,241.00,641.00,1,-1,-1,-1
473,3,296.63,168.05,271.22,824.55,1,-1,-1,-1
473,2,564.00,-1.00,504.00,1059.00,1,-1,-1,-1
474,11,1399.97,100.45,530.89,943.09,1,-1,-1,-1
474,7,1403.03,187.40,220.57,643.46,1,-1,-1,-1
474,3,304.00,186.00,336.00,862.00,1,-1,-1,-1
474,2,596.28,3.92,526.01,1056.16,1,-1,-1,-1
475,11,1422.72,86.76,524.48,949.59,1,-1,-1,-1
475,7,1408.79,183.23,215.03,662.73,1,-1,-1,-1
475,3,311.10,182.44,347.68,868.21,1,-1,-1,-1
475,2,610.67,39.68,547.79,1029.03,1,-1,-1,-1
476,16,579.27,236.76,161.99,576.59,1,-1,-1,-1
476,11,1426.31,72.09,524.84,951.05,1,-1,-1,-1
476,7,1371.00,176.95,238.02,682.94,1,-1,-1,-1
476,3,312.94,182.66,371.55,870.94,1,-1,-1,-1
476,2,633.15,87.63,568.21,971.84,1,-1,-1,-1
477,16,576.96,211.77,183.98,598.76,1,-1,-1,-1
477,11,1448.30,61.51,523.25,958.74,1,-1,-1,-1
477,7,1337.53,172.77,259.14,687.30,1,-1,-1,-1
477,3,321.98,199.12,383.59,861.06,1,-1,-1,-1
477,2,717.12,66.21,519.94,983.19,1,-1,-1,-1
478,16,573.57,213.38,177.91,617.11,1,-1,-1,-1
478,11,1459.07,81.56,517.47,955.99,1,-1,-1,-1
478,7,1298.12,185.22,280.92,675.61,1,-1,-1,-1
478,3,352.51,198.97,380.50,861.55,1,-1,-1,-1
478,2,824.30,47.75,488.44,1006.74,1,-1,-1,-1
479,11,1453.52,81.64,526.46,966.87,1,-1,-1,-1
479,7,1280.55,197.91,281.98,666.34,1,-1,-1,-1
479,3,394.39,197.95,348.07,859.81,1,-1,-1,-1
479,2,861.38,35.39,492.38,1035.31,1,-1,-1,-1
480,11,1498.97,84.50,481.19,963.16,1,-1,-1,-1
480,7,1272.21,200.70,270.58,655.04,1,-1,-1,-1
480,3,429.57,194.62,326.24,866.35,1,-1,-1,-1
480,2,898.37,34.57,476.61,1037.53,1,-1,-1,-1
481,11,1450.92,92.42,528.71,944.28,1,-1,-1,-1
481,6,921.00,17.00,581.00,1055.00,1,-1,-1,-1
481,3,461.31,180.75,311.06,871.30,1,-1,-1,-1
481,2,1219.00,208.00,317.00,712.00,1,-1,-1,-1
482,11,1471.84,101.09,502.91,898.16,1,-1,-1,-1
482,6,956.07,21.28,516.93,1041.78,1,-1,-1,-1
482,3,463.32,179.91,329.21,875.90,1,-1,-1,-1
482,2,1201.70,193.84,317.00,712.00,1,-1,-1,-1
483,11,1474.05,108.23,501.24,873.26,1,-1,-1,-1
483,6,987.96,10.35,534.48,1057.42,1,-1,-1,-1
483,5,456.00,193.00,164.00,660.00,1,-1,-1,-1
483,3,467.18,180.27,365.44,880.82,1,-1,-1,-1
483,2,1219.94,136.57,322.94,725.35,1,-1,-1,-1
484,11,1474.27,114.80,488.31,853.65,1,-1,-1,-1
484,6,1015.56,-6.20,562.38,1066.59,1,-1,-1,-1
484,5,418.62,196.51,184.77,651.19,1,-1,-1,-1
484,3,529.77,191.44,335.90,869.20,1,-1,-1,-1
485,11,1497.82,116.55,458.51,811.79,1,-1,-1,-1
485,6,1048.76,3.38,607.80,1052.33,1,-1,-1,-1
485,5,375.34,198.57,206.54,661.88,1,-1,-1,-1
485,3,554.82,193.22,340.45,859.51,1,-1,-1,-1
486,11,1502.13,126.31,422.68,775.25,1,-1,-1,-1
486,6,1101.97,0.40,535.35,1066.17,1,-1,-1,-1
486,5,317.62,200.57,242.55,691.51,1,-1,-1,-1
486,3,589.41,193.29,333.71,866.30,1,-1,-1,-1
487,11,1545.00,135.00,318.00,801.00,1,-1,-1,-1
487,7,1058.00,226.00,185.00,588.00,1,-1,-1,-1
487,6,1077.62,42.03,570.09,1027.29,1,-1,-1,-1
487,5,294.48,199.73,251.99,707.15,1,-1,-1,-1
487,3,602.25,194.10,346.99,868.34,1,-1,-1,-1
488,11,1514.22,153.50,323.81,756.05,1,-1,-1,-1
488,7,1041.69,204.90,224.57,608.45,1,-1,-1,-1
488,6,1175.99,-3.06,490.99,1063.27,1,-1,-1,-1
488,5,282.05,200.12,245.21,707.79,1,-1,-1,-1
488,3,613.00,177.00,357.00,876.00,1,-1,-1,-1
489,11,1495.28,157.49,288.23,724.28,1,-1,-1,-1
489,7,1029.09,217.82,233.26,609.69,1,-1,-1,-1
489,6,1202.77,29.14,485.51,1055.68,1,-1,-1,-1
489,5,275.19,191.04,229.89,720.53,1,-1,-1,-1
489,3,633.53,179.97,369.99,886.81,1,-1,-1,-1
490,11,1472.54,159.64,276.25,718.01,1,-1,-1,-1
490,7,1013.65,215.58,214.58,611.30,1,-1,-1,-1
490,6,1222.13,50.66,479.27,1047.06,1,-1,-1,-1
490,5,265.87,186.04,225.03,725.53,1,-1,-1,-1
490,3,664.61,162.43,364.83,913.20,1,-1,-1,-1
491,11,1503.98,155.64,235.51,566.49,1,-1,-1,-1
491,9,1235.00,18.00,500.00,1053.00,1,-1,-1,-1
491,7,1003.74,215.62,188.20,607.70,1,-1,-1,-1
491,5,256.53,184.42,228.38,730.86,1,-1,-1,-1
491,3,693.48,165.09,371.04,919.52,1,-1,-1,-1
492,11,1525.15,171.50,224.90,566.49,1,-1,-1,-1
492,9,1233.12,37.46,458.85,1040.44,1,-1,-1,-1
492,6,995.00,207.00,179.00,597.00,1,-1,-1,-1
492,5,248.20,182.83,231.09,736.13,1,-1,-1,-1
492,3,733.58,152.27,349.10,923.31,1,-1,-1,-1
493,9,1250.99,36.22,447.31,1034.84,1,-1,-1,-1
493,6,980.96,203.80,178.96,586.76,1,-1,-1,-1
493,5,225.76,176.13,243.12,773.35,1,-1,-1,-1
493,3,774.78,161.41,339.89,921.03,1,-1,-1,-1
494,9,1267.33,39.18,442.22,1027.50,1,-1,-1,-1
494,6,970.16,195.21,184.52,585.15,1,-1,-1,-1
494,5,217.72,174.76,245.54,787.36,1,-1,-1,-1
494,3,786.93,144.59,356.62,941.77,1,-1,-1,-1
495,9,1294.96,39.92,432.38,1009.32,1,-1,-1,-1
495,6,959.80,189.47,175.45,585.15,1,-1,-1,-1
495,5,205.97,177.35,245.96,796.20,1,-1,-1,-1
495,3,796.89,146.67,364.69,942.20,1,-1,-1,-1
496,9,1315.93,33.83,415.62,1010.90,1,-1,-1,-1
496,6,956.41,188.35,175.45,585.15,1,-1,-1,-1
496,5,185.47,171.69,252.46,807.08,1,-1,-1,-1
496,3,801.70,147.38,389.51,945.95,1,-1,-1,-1
497,16,1298.00,180.00,157.00,562.00,1,-1,-1,-1
497,9,1280.87,34.53,472.28,1004.38,1,-1,-1,-1
497,5,156.43,170.35,262.26,817.75,1,-1,-1,-1
497,3,840.56,155.47,401.12,929.20,1,-1,-1,-1
498,16,1275.23,183.50,156.22,564.68,1,-1,-1,-1
498,9,1317.80,72.64,441.60,992.38,1,-1,-1,-1
498,7,841.00,226.00,153.00,569.00,1,-1,-1,-1
498,5,137.75,162.92,271.87,836.63,1,-1,-1,-1
498,3,847.97,150.30,414.68,932.88,1,-1,-1,-1
499,16,1257.88,187.58,202.84,589.97,1,-1,-1,-1
499,9,1342.15,68.91,428.88,982.36,1,-1,-1,-1
499,7,829.03,219.99,160.27,574.46,1,-1,-1,-1
499,5,117.99,155.42,277.97,853.80,1,-1,-1,-1
499,3,869.07,139.50,408.74,938.23,1,-1,-1,-1
500,16,1244.00,201.00,181.00,392.00,1,-1,-1,-1
500,9,1349.20,73.78,430.84,954.23,1,-1,-1,-1
500,7,808.93,221.86,166.26,600.12,1,-1,-1,-1
500,5,108.17,152.58,284.68,864.30,1,-1,-1,-1
500,3,907.30,126.34,409.79,948.82,1,-1,-1,-1
501,16,1237.08,185.93,177.67,299.74,1,-1,-1,-1
501,9,1368.82,71.34,418.76,953.16,1,-1,-1,-1
501,7,792.96,224.24,171.94,598.97,1,-1,-1,-1
501,5,102.86,152.72,283.73,870.57,1,-1,-1,-1
501,3,919.20,113.98,408.42,963.60,1,-1,-1,-1
502,16,1226.35,196.00,156.24,236.18,1,-1,-1,-1
502,9,1374.53,68.54,417.15,952.34,1,-1,-1,-1
502,7,780.21,211.06,171.74,599.78,1,-1,-1,-1
502,5,103.25,149.94,283.27,874.09,1,-1,-1,-1
502,3,947.01,109.74,415.86,978.46,1,-1,-1,-1
503,9,1381.17,50.16,420.55,949.71,1,-1,-1,-1
503,7,737.74,219.38,198.02,594.70,1,-1,-1,-1
503,5,111.01,147.51,284.01,889.11,1,-1,-1,-1
503,3,969.41,115.69,421.37,964.32,1,-1,-1,-1
504,9,1392.24,52.28,411.98,936.29,1,-1,-1,-1
504,7,703.78,223.35,217.88,597.83,1,-1,-1,-1
504,5,117.20,142.35,280.89,894.76,1,-1,-1,-1
504,3,1003.08,80.74,407.80,998.67,1,-1,-1,-1
505,9,1407.03,63.42,395.21,923.23,1,-1,-1,-1
505,7,669.83,224.13,239.58,598.06,1,-1,-1,-1
505,5,128.79,133.31,284.69,910.03,1,-1,-1,-1
505,3,1016.25,105.38,419.39,983.08,1,-1,-1,-1
506,9,1419.19,67.30,387.93,909.72,1,-1,-1,-1
506,7,648.61,227.05,243.02,605.47,1,-1,-1,-1
506,5,150.03,120.13,285.53,924.98,1,-1,-1,-1
506,3,1048.15,87.75,422.20,999.54,1,-1,-1,-1
507,10,1055.00,243.00,123.00,562.00,1,-1,-1,-1
507,9,1426.19,71.16,383.50,899.76,1,-1,-1,-1
507,7,623.01,235.96,250.80,602.86,1,-1,-1,-1
507,5,159.08,114.43,286.05,920.15,1,-1,-1,-1
507,3,1066.26,84.97,430.19,999.18,1,-1,-1,-1
508,10,1058.40,230.18,132.99,576.66,1,-1,-1,-1
508,9,1434.78,72.24,371.53,881.22,1,-1,-1,-1
508,7,609.28,239.50,240.25,601.54,1,-1,-1,-1
508,5,159.52,114.42,293.78,916.36,1,-1,-1,-1
508,3,1085.54,86.14,436.10,1003.06,1,-1,-1,-1
509,10,1016.61,208.81,157.50,589.14,1,-1,-1,-1
509,9,1437.78,81.26,377.73,873.52,1,-1,-1,-1
509,7,599.04,227.92,208.25,608.06,1,-1,-1,-1
509,5,181.25,108.28,289.68,925.50,1,-1,-1,-1
509,3,1130.40,90.73,431.89,1004.79,1,-1,-1,-1
510,10,1000.45,196.23,165.00,591.11,1,-1,-1,-1
510,9,1447.28,91.29,363.33,868.60,1,-1,-1,-1
510,7,584.07,217.85,181.51,620.25,1,-1,-1,-1
510,5,190.78,101.54,285.54,941.68,1,-1,-1,-1
510,3,1170.49,106.00,447.34,984.53,1,-1,-1,-1
511,10,980.03,184.81,166.96,598.02,1,-1,-1,-1
511,9,1467.34,102.01,330.36,702.92,1,-1,-1,-1
511,7,567.75,203.83,172.93,633.60,1,-1,-1,-1
511,5,217.75,102.73,293.56,946.72,1,-1,-1,-1
511,3,1259.13,116.45,433.08,962.43,1,-1,-1,-1
512,10,954.18,203.62,187.25,605.17,1,-1,-1,-1
512,9,1523.05,168.34,265.49,550.69,1,-1,-1,-1
512,5,229.44,110.06,306.47,936.21,1,-1,-1,-1
512,3,1310.18,97.49,414.34,981.69,1,-1,-1,-1
512,2,544.00,216.00,187.00,642.00,1,-1,-1,-1
513,10,942.42,186.63,187.69,606.98,1,-1,-1,-1
513,9,1533.46,167.27,256.76,540.73,1,-1,-1,-1
513,5,242.95,96.18,315.11,954.44,1,-1,-1,-1
513,3,1363.84,95.79,415.89,986.22,1,-1,-1,-1
513,2,535.26,215.09,186.55,641.62,1,-1,-1,-1
514,10,927.40,198.26,200.79,609.20,1,-1,-1,-1
514,5,233.38,88.26,352.34,963.17,1,-1,-1,-1
514,3,1390.80,83.28,440.98,995.72,1,-1,-1,-1
514,2,527.97,202.92,181.74,643.96,1,-1,-1,-1
515,10,909.84,203.02,200.48,609.10,1,-1,-1,-1
515,5,256.68,91.89,363.50,977.30,1,-1,-1,-1
515,3,1415.39,92.85,432.18,991.87,1,-1,-1,-1
515,2,496.76,203.21,191.09,656.04,1,-1,-1,-1
516,10,883.63,213.17,193.17,599.65,1,-1,-1,-1
516,5,257.27,96.06,374.08,965.94,1,-1,-1,-1
516,3,1428.32,87.53,444.07,997.30,1,-1,-1,-1
516,2,467.66,187.95,194.67,668.34,1,-1,-1,-1
517,10,870.15,212.95,171.78,599.32,1,-1,-1,-1
517,7,1417.00,128.00,222.00,682.00,1,-1,-1,-1
517,5,303.77,99.33,363.92,966.83,1,-1,-1,-1
517,3,1421.45,109.38,449.39,984.22,1,-1,-1,-1
518,10,843.52,198.13,163.56,592.17,1,-1,-1,-1
518,7,1409.73,139.00,216.47,684.49,1,-1,-1,-1
518,5,350.37,106.27,357.43,981.83,1,-1,-1,-1
518,3,1449.31,118.97,443.91,972.54,1,-1,-1,-1
519,10,815.30,191.26,169.03,565.83,1,-1,-1,-1
519,7,1393.07,141.62,243.35,690.46,1,-1,-1,-1
519,5,363.18,123.98,360.51,955.35,1,-1,-1,-1
519,3,1492.19,120.73,425.77,984.21,1,-1,-1,-1
519,2,302.00,214.00,223.00,674.00,1,-1,-1,-1
520,10,787.50,187.97,182.49,584.16,1,-1,-1,-1
520,7,1380.20,147.95,249.88,708.65,1,-1,-1,-1
520,5,371.04,124.27,386.36,946.27,1,-1,-1,-1
520,3,1554.28,121.27,385.43,976.31,1,-1,-1,-1
520,2,333.68,196.11,203.12,651.92,1,-1,-1,-1
521,10,800.73,200.62,162.75,576.66,1,-1,-1,-1
521,7,1354.73,156.21,270.53,709.45,1,-1,-1,-1
521,5,434.83,119.27,389.94,945.37,1,-1,-1,-1
521,3,1571.30,120.85,375.08,969.45,1,-1,-1,-1
521,2,321.02,190.11,219.60,694.09,1,-1,-1,-1
522,7,1344.30,157.59,249.00,699.09,1,-1,-1,-1
522,5,525.00,74.00,431.00,1004.00,1,-1,-1,-1
522,3,1563.60,105.23,385.78,985.77,1,-1,-1,-1
522,2,299.03,194.59,233.00,739.69,1,-1,-1,-1
523,7,1358.16,147.62,240.67,684.59,1,-1,-1,-1
523,5,568.77,93.72,431.04,981.21,1,-1,-1,-1
523,3,1554.26,97.80,397.93,994.97,1,-1,-1,-1
523,2,300.00,196.00,263.00,786.00,1,-1,-1,-1
524,7,1299.01,155.45,236.60,670.75,1,-1,-1,-1
524,5,590.62,82.78,449.79,980.11,1,-1,-1,-1
524,3,1558.65,109.44,393.24,986.46,1,-1,-1,-1
524,2,288.83,191.79,274.76,803.21,1,-1,-1,-1
525,7,1269.98,147.92,238.92,665.03,1,-1,-1,-1
525,5,644.64,89.27,444.04,988.25,1,-1,-1,-1
525,3,1581.55,131.59,372.29,943.26,1,-1,-1,-1
525,2,280.97,190.86,273.13,816.49,1,-1,-1,-1
526,10,617.00,211.00,209.00,594.00,1,-1,-1,-1
526,5,653.79,89.53,486.46,983.19,1,-1,-1,-1
526,4,1207.00,156.00,278.00,645.00,1,-1,-1,-1
526,3,1594.11,149.82,351.17,912.39,1,-1,-1,-1
526,2,261.48,197.28,285.22,804.75,1,-1,-1,-1
527,10,576.92,193.50,219.21,593.32,1,-1,-1,-1
527,5,764.37,116.87,427.88,965.80,1,-1,-1,-1
527,4,1190.08,148.51,296.04,654.11,1,-1,-1,-1
527,3,1599.07,153.77,345.42,903.87,1,-1,-1,-1
527,2,241.86,190.10,289.64,802.40,1,-1,-1,-1
528,10,543.00,180.00,257.00,632.00,1,-1,-1,-1
528,5,830.82,84.11,416.63,986.53,1,-1,-1,-1
528,4,1171.61,159.33,299.89,650.75,1,-1,-1,-1
528,3,1597.23,169.36,340.96,879.76,1,-1,-1,-1
528,2,224.84,180.96,297.04,812.86,1,-1,-1,-1
529,10,533.01,187.33,264.86,634.80,1,-1,-1,-1
529,5,888.61,96.95,399.61,979.96,1,-1,-1,-1
529,4,1166.25,154.98,287.45,658.88,1,-1,-1,-1
529,3,1606.33,160.90,330.75,884.16,1,-1,-1,-1
529,2,214.20,169.82,295.42,831.03,1,-1,-1,-1
530,10,516.57,193.92,273.78,630.31,1,-1,-1,-1
530,5,950.62,69.16,427.71,990.54,1,-1,-1,-1
530,4,1189.13,202.58,250.81,618.44,1,-1,-1,-1
530,3,1599.90,163.21,331.39,871.16,1,-1,-1,-1
530,2,204.52,165.37,297.13,844.94,1,-1,-1,-1
531,10,500.27,209.65,290.15,626.94,1,-1,-1,-1
531,7,1586.00,570.00,298.00,471.00,1,-1,-1,-1
531,5,982.63,66.84,443.13,994.70,1,-1,-1,-1
531,4,1155.48,181.71,271.55,630.03,1,-1,-1,-1
531,3,1593.45,145.80,328.16,891.83,1,-1,-1,-1
531,2,198.03,167.32,303.17,849.92,1,-1,-1,-1
532,10,488.10,227.32,273.75,625.04,1,-1,-1,-1
532,7,1572.81,549.62,298.00,471.00,1,-1,-1,-1
532,5,1013.71,58.71,427.40,992.30,1,-1,-1,-1
532,4,1099.09,152.83,271.55,630.03,1,-1,-1,-1
532,3,1563.68,149.56,352.87,885.48,1,-1,-1,-1
532,2,196.48,161.88,309.75,876.89,1,-1,-1,-1
533,10,477.98,208.39,246.83,637.93,1,-1,-1,-1
533,7,1590.80,529.23,298.00,471.00,1,-1,-1,-1
533,5,1056.13,65.22,412.99,1020.07,1,-1,-1,-1
533,3,1528.59,150.82,365.06,875.08,1,-1,-1,-1
533,2,194.54,168.77,323.47,874.46,1,-1,-1,-1
534,13,467.00,204.00,203.00,638.00,1,-1,-1,-1
534,9,1558.00,168.00,235.00,722.00,1,-1,-1,-1
534,5,1060.57,60.66,452.89,1029.22,1,-1,-1,-1
534,3,1494.89,211.82,377.12,807.78,1,-1,-1,-1
534,2,195.32,173.21,321.74,874.29,1,-1,-1,-1
535,13,445.72,204.39,210.78,639.53,1,-1,-1,-1
535,9,1533.71,180.86,235.00,722.00,1,-1,-1,-1
535,5,1141.05,51.47,402.04,1036.74,1,-1,-1,-1
535,4,1007.00,155.00,304.00,608.00,1,-1,-1,-1
535,3,1488.06,175.46,350.87,840.59,1,-1,-1,-1
535,2,187.36,176.32,336.08,876.01,1,-1,-1,-1
536,13,435.54,201.76,225.72,632.37,1,-1,-1,-1
536,9,1497.99,176.57,235.00,722.00,1,-1,-1,-1
536,5,1173.42,52.28,433.40,1037.91,1,-1,-1,-1
536,4,1013.02,158.21,271.92,610.81,1,-1,-1,-1
536,3,1484.51,185.12,353.72,831.91,1,-1,-1,-1
536,2,182.21,172.73,345.40,887.55,1,-1,-1,-1
537,17,1549.07,202.34,107.10,397.77,1,-1,-1,-1
537,13,431.37,201.60,235.31,639.74,1,-1,-1,-1
537,5,1240.10,48.92,465.04,1038.27,1,-1,-1,-1
537,4,988.82,168.12,260.09,608.31,1,-1,-1,-1
537,2,176.30,165.65,358.63,904.14,1,-1,-1,-1
538,17,1536.89,198.78,107.00,397.00,1,-1,-1,-1
538,13,426.85,191.97,259.92,652.49,1,-1,-1,-1
538,5,1259.61,46.91,447.65,1045.84,1,-1,-1,-1
538,4,963.68,176.00,266.57,599.77,1,-1,-1,-1
538,2,177.55,154.89,372.00,911.99,1,-1,-1,-1
539,13,419.77,203.32,266.99,594.73,1,-1,-1,-1
539,5,1291.58,49.47,423.93,1032.80,1,-1,-1,-1
539,4,943.58,187.38,275.11,580.61,1,-1,-1,-1
539,2,186.37,168.93,366.52,892.04,1,-1,-1,-1
540,14,427.00,198.00,81.00,127.00,1,-1,-1,-1
540,13,430.97,228.36,189.23,594.73,1,-1,-1,-1
540,5,1321.80,55.98,425.17,1026.27,1,-1,-1,-1
540,4,923.23,195.52,288.53,577.37,1,-1,-1,-1
540,2,194.33,171.56,365.77,888.34,1,-1,-1,-1
541,14,425.38,193.13,81.00,127.00,1,-1,-1,-1
541,13,420.71,228.85,192.78,605.88,1,-1,-1,-1
541,8,1294.00,198.00,172.00,492.00,1,-1,-1,-1
541,5,1337.30,49.37,459.86,1031.39,1,-1,-1,-1
541,4,885.57,212.92,319.53,563.60,1,-1,-1,-1
541,2,213.19,162.21,363.36,904.75,1,-1,-1,-1
542,14,423.76,189.57,81.00,127.00,1,-1,-1,-1
542,13,420.13,231.81,196.40,617.24,1,-1,-1,-1
542,8,1293.71,185.17,196.52,614.80,1,-1,-1,-1
542,5,1364.46,54.89,439.67,1038.60,1,-1,-1,-1
542,4,880.32,220.16,320.60,560.68,1,-1,-1,-1
542,2,215.77,159.44,362.85,910.86,1,-1,-1,-1
543,13,422.07,229.80,200.08,628.82,1,-1,-1,-1
543,8,1269.48,178.04,228.74,663.32,1,-1,-1,-1
543,5,1401.19,74.36,436.22,1005.86,1,-1,-1,-1
543,4,866.41,230.19,326.15,550.91,1,-1,-1,-1
543,2,234.18,153.30,355.54,921.72,1,-1,-1,-1
544,8,1260.20,193.20,241.90,672.27,1,-1,-1,-1
544,5,1428.87,87.94,426.75,992.90,1,-1,-1,-1
544,4,855.05,236.14,308.92,541.41,1,-1,-1,-1
544,2,224.29,144.64,371.76,931.37,1,-1,-1,-1
545,8,1259.10,214.73,244.08,658.50,1,-1,-1,-1
545,5,1438.62,97.72,433.07,989.11,1,-1,-1,-1
545,4,830.14,240.74,304.71,521.16,1,-1,-1,-1
545,2,219.71,128.80,391.82,944.43,1,-1,-1,-1
546,8,1253.98,216.65,227.68,645.06,1,-1,-1,-1
546,5,1481.22,109.38,406.85,973.38,1,-1,-1,-1
546,4,814.55,236.32,266.75,525.87,1,-1,-1,-1
546,2,189.80,116.90,457.00,956.39,1,-1,-1,-1
547,12,137.00,141.00,324.00,461.00,1,-1,-1,-1
547,9,1255.00,219.00,211.00,621.00,1,-1,-1,-1
547,4,793.82,236.15,257.56,534.72,1,-1,-1,-1
547,3,1535.00,99.00,320.00,979.00,1,-1,-1,-1
547,2,219.08,121.01,451.65,963.26,1,-1,-1,-1
548,12,146.58,154.61,324.95,495.45,1,-1,-1,-1
548,9,1242.06,212.15,214.73,622.37,1,-1,-1,-1
548,4,776.30,226.38,257.94,545.14,1,-1,-1,-1
548,3,1557.90,99.70,293.08,969.43,1,-1,-1,-1
548,2,260.00,117.20,435.18,952.70,1,-1,-1,-1
549,12,137.82,153.52,344.83,639.30,1,-1,-1,-1
549,9,1221.45,214.13,218.70,612.96,1,-1,-1,-1
549,4,760.20,226.11,263.45,546.45,1,-1,-1,-1
549,3,1559.99,120.45,306.57,955.23,1,-1,-1,-1
549,2,268.15,120.41,460.64,964.10,1,-1,-1,-1
550,12,59.70,91.10,449.31,639.30,1,-1,-1,-1
550,9,1216.20,210.69,207.61,616.98,1,-1,-1,-1
550,6,787.00,258.00,234.00,538.00,1,-1,-1,-1
550,5,422.00,103.00,500.00,954.00,1,-1,-1,-1
550,3,1570.76,107.79,293.18,962.73,1,-1,-1,-1
550,2,222.74,153.88,356.56,920.10,1,-1,-1,-1
551,12,58.00,82.58,449.31,639.30,1,-1,-1,-1
551,9,1193.19,214.65,209.12,609.72,1,-1,-1,-1
551,6,810.48,256.62,238.39,548.09,1,-1,-1,-1
551,5,526.99,106.50,472.24,965.70,1,-1,-1,-1
551,3,1561.00,122.63,309.18,938.61,1,-1,-1,-1
551,2,209.40,135.89,341.01,882.99,1,-1,-1,-1
552,9,1173.58,222.15,224.46,599.44,1,-1,-1,-1
552,7,184.00,124.00,405.00,871.00,1,-1,-1,-1
552,6,839.38,237.79,242.86,558.36,1,-1,-1,-1
552,5,562.63,91.97,501.08,982.95,1,-1,-1,-1
552,3,1546.14,144.62,320.69,901.63,1,-1,-1,-1
553,9,1159.62,226.39,233.64,593.71,1,-1,-1,-1
553,8,690.00,462.00,373.00,603.00,1,-1,-1,-1
553,7,190.99,116.94,405.25,895.33,1,-1,-1,-1
553,5,587.82,83.04,527.02,992.66,1,-1,-1,-1
553,3,1538.70,138.00,319.87,898.97,1,-1,-1,-1
554,9,1138.88,232.69,234.61,594.07,1,-1,-1,-1
554,8,709.76,439.20,373.00,603.00,1,-1,-1,-1
554,7,189.44,118.80,407.85,902.61,1,-1,-1,-1
554,5,695.07,69.61,476.73,1001.58,1,-1,-1,-1
554,4,523.00,250.00,280.00,547.00,1,-1,-1,-1
554,3,1535.41,139.04,315.79,897.72,1,-1,-1,-1
555,9,1140.80,240.73,196.15,562.54,1,-1,-1,-1
555,8,762.97,446.80,373.00,603.00,1,-1,-1,-1
555,7,214.54,124.21,404.29,927.51,1,-1,-1,-1
555,5,741.98,64.45,466.94,1010.49,1,-1,-1,-1
555,4,529.39,242.55,270.54,562.45,1,-1,-1,-1
555,3,1520.34,158.03,329.44,876.70,1,-1,-1,-1
556,9,1143.68,234.51,172.03,546.77,1,-1,-1,-1
556,7,223.24,129.52,404.84,938.29,1,-1,-1,-1
556,5,774.12,73.68,491.55,1004.92,1,-1,-1,-1
556,4,522.81,233.54,270.77,579.24,1,-1,-1,-1
556,3,1504.41,134.47,336.52,893.51,1,-1,-1,-1
557,7,242.61,134.66,393.53,943.75,1,-1,-1,-1
557,6,1165.00,261.00,127.00,509.00,1,-1,-1,-1
557,5,806.03,87.32,499.37,997.74,1,-1,-1,-1
557,4,526.04,209.78,258.74,613.24,1,-1,-1,-1
557,3,1487.55,139.34,339.36,883.75,1,-1,-1,-1
558,15,562.00,210.00,201.00,626.00,1,-1,-1,-1
558,7,261.88,129.90,388.30,950.55,1,-1,-1,-1
558,6,1171.50,300.92,127.00,509.00,1,-1,-1,-1
558,5,839.68,103.01,498.19,985.85,1,-1,-1,-1
558,3,1476.91,129.35,302.01,860.43,1,-1,-1,-1
559,15,568.49,198.61,200.14,620.94,1,-1,-1,-1
559,7,289.88,120.99,456.41,965.54,1,-1,-1,-1
559,6,1195.02,326.10,124.70,499.80,1,-1,-1,-1
559,5,893.73,113.18,479.16,973.29,1,-1,-1,-1
559,3,1454.09,146.35,283.53,800.02,1,-1,-1,-1
560,15,557.85,185.14,199.37,620.94,1,-1,-1,-1
560,7,300.65,113.10,459.08,958.51,1,-1,-1,-1
560,5,939.38,105.78,463.91,968.27,1,-1,-1,-1
560,3,1443.56,149.49,271.79,772.00,1,-1,-1,-1
561,15,529.32,198.36,203.11,632.58,1,-1,-1,-1
561,9,999.00,245.00,161.00,497.00,1,-1,-1,-1
561,7,292.29,109.69,456.64,960.71,1,-1,-1,-1
561,5,1010.41,90.17,425.19,983.91,1,-1,-1,-1
561,3,1425.99,147.60,265.41,757.42,1,-1,-1,-1
562,9,974.46,252.02,186.10,508.42,1,-1,-1,-1
562,7,286.87,86.96,479.43,982.01,1,-1,-1,-1
562,5,1124.00,74.00,298.00,1000.00,1,-1,-1,-1
562,3,1414.47,148.31,257.75,748.88,1,-1,-1,-1
563,13,241.00,54.00,555.00,949.00,1,-1,-1,-1
563,9,954.76,247.33,190.13,523.59,1,-1,-1,-1
563,5,1161.78,92.14,306.14,1001.19,1,-1,-1,-1
563,3,1403.01,149.93,258.93,746.39,1,-1,-1,-1
564,13,260.84,61.50,558.73,974.36,1,-1,-1,-1
564,9,931.80,236.14,182.02,544.77,1,-1,-1,-1
564,5,1197.67,109.09,372.97,980.49,1,-1,-1,-1
564,3,1426.92,157.17,226.28,735.82,1,-1,-1,-1
565,13,315.14,64.92,532.54,975.40,1,-1,-1,-1
565,12,368.00,202.00,200.00,326.00,1,-1,-1,-1
565,9,911.23,233.49,181.95,560.21,1,-1,-1,-1
565,7,330.00,208.00,249.00,570.00,1,-1,-1,-1
565,5,1216.36,116.06,376.28,974.35,1,-1,-1,-1
566,13,378.84,81.26,487.67,981.45,1,-1,-1,-1
566,12,360.18,225.29,203.75,332.11,1,-1,-1,-1
566,9,887.48,232.39,182.58,571.43,1,-1,-1,-1
566,7,361.11,202.27,259.35,652.08,1,-1,-1,-1
566,5,1266.28,100.97,358.15,989.35,1,-1,-1,-1
567,13,469.28,77.90,511.51,984.54,1,-1,-1,-1
567,12,347.66,219.44,203.75,332.11,1,-1,-1,-1
567,9,877.50,251.15,167.19,562.34,1,-1,-1,-1
567,7,353.21,185.90,267.24,689.84,1,-1,-1,-1
567,5,1300.68,110.31,354.52,967.09,1,-1,-1,-1
568,13,587.00,68.00,461.00,1009.00,1,-1,-1,-1
568,7,339.78,183.24,279.39,715.00,1,-1,-1,-1
568,5,1308.45,103.82,361.12,967.34,1,-1,-1,-1
569,13,623.01,68.19,477.02,1002.43,1,-1,-1,-1
569,5,1328.19,108.25,358.71,964.86,1,-1,-1,-1
569,3,1260.00,166.00,255.00,708.00,1,-1,-1,-1
569,2,365.00,191.00,261.00,765.00,1,-1,-1,-1
570,13,653.46,59.75,505.06,1001.10,1,-1,-1,-1
570,5,1355.16,105.47,364.55,969.92,1,-1,-1,-1
570,3,1258.43,176.68,237.32,674.68,1,-1,-1,-1
570,2,351.98,191.10,274.51,767.58,1,-1,-1,-1
571,13,698.04,13.53,511.61,1048.34,1,-1,-1,-1
571,5,1435.17,105.63,308.50,964.47,1,-1,-1,-1
571,3,1244.78,179.24,240.67,662.99,1,-1,-1,-1
571,2,335.44,194.17,286.13,763.57,1,-1,-1,-1
572,13,749.48,14.77,539.95,1054.97,1,-1,-1,-1
572,8,725.00,241.00,175.00,592.00,1,-1,-1,-1
572,5,1462.64,93.10,300.28,985.49,1,-1,-1,-1
572,3,1257.31,195.53,224.36,641.99,1,-1,-1,-1
572,2,325.70,192.39,298.03,769.14,1,-1,-1,-1
573,13,793.31,12.69,559.05,1060.95,1,-1,-1,-1
573,8,718.38,269.85,199.23,574.72,1,-1,-1,-1
573,5,1482.23,93.37,295.81,975.69,1,-1,-1,-1
573,3,1241.66,202.55,218.09,641.87,1,-1,-1,-1
573,2,313.90,187.47,303.23,780.05,1,-1,-1,-1
574,13,868.01,41.00,519.05,1049.58,1,-1,-1,-1
574,8,683.05,229.19,211.78,593.42,1,-1,-1,-1
574,5,1492.17,96.27,294.57,970.09,1,-1,-1,-1
574,4,1253.00,230.00,197.00,590.00,1,-1,-1,-1
574,2,301.00,177.58,300.49,798.42,1,-1,-1,-1
575,13,927.11,62.73,494.14,1022.47,1,-1,-1,-1
575,6,658.00,219.00,265.00,658.00,1,-1,-1,-1
575,5,1509.42,102.84,280.97,958.33,1,-1,-1,-1
575,4,1262.58,217.62,198.63,607.15,1,-1,-1,-1
575,2,286.06,176.80,295.59,797.36,1,-1,-1,-1
576,13,985.87,92.28,476.44,1000.31,1,-1,-1,-1
576,6,638.51,224.42,276.32,655.12,1,-1,-1,-1
576,5,1520.84,106.58,277.41,945.95,1,-1,-1,-1
576,4,1252.39,193.20,206.53,618.53,1,-1,-1,-1
576,2,265.60,185.88,290.52,791.34,1,-1,-1,-1
577,10,1050.00,64.00,436.00,1008.00,1,-1,-1,-1
577,6,611.59,232.49,287.75,661.04,1,-1,-1,-1
577,5,1521.41,103.46,281.67,940.51,1,-1,-1,-1
577,2,246.57,179.84,291.09,819.47,1,-1,-1,-1
578,10,1098.95,46.07,397.11,1014.07,1,-1,-1,-1
578,6,591.76,234.37,281.00,670.36,1,-1,-1,-1
578,5,1521.58,107.67,277.27,948.93,1,-1,-1,-1
578,2,228.36,169.06,292.53,863.50,1,-1,-1,-1
579,12,1176.00,45.00,195.00,307.00,1,-1,-1,-1
579,10,1067.95,77.55,436.82,959.97,1,-1,-1,-1
579,7,1053.00,346.00,346.00,458.00,1,-1,-1,-1
579,6,570.06,243.81,284.48,665.81,1,-1,-1,-1
579,5,1518.60,120.38,289.13,939.06,1,-1,-1,-1
579,2,207.66,176.58,310.28,865.26,1,-1,-1,-1
580,12,1206.53,34.82,195.00,307.00,1,-1,-1,-1
580,10,1161.58,75.45,362.46,933.53,1,-1,-1,-1
580,7,1064.53,257.16,293.79,531.51,1,-1,-1,-1
580,6,557.71,242.27,288.75,667.14,1,-1,-1,-1
580,5,1517.09,118.07,291.30,924.38,1,-1,-1,-1
580,2,195.32,169.16,317.67,884.11,1,-1,-1,-1
581,12,1244.89,26.21,195.00,307.00,1,-1,-1,-1
581,10,1133.89,20.98,411.01,966.54,1,-1,-1,-1
581,7,1034.87,266.02,325.64,525.37,1,-1,-1,-1
581,6,555.67,226.88,255.28,680.50,1,-1,-1,-1
581,5,1535.36,123.30,282.89,900.90,1,-1,-1,-1
581,2,173.66,150.62,341.39,901.33,1,-1,-1,-1
582,10,1117.80,32.75,452.24,978.96,1,-1,-1,-1
582,7,1020.62,256.90,337.89,551.51,1,-1,-1,-1
582,6,532.00,216.00,243.00,684.00,1,-1,-1,-1
582,5,1541.96,123.24,276.86,890.25,1,-1,-1,-1
582,2,170.51,144.21,352.84,921.99,1,-1,-1,-1
583,10,1225.31,43.57,411.07,970.37,1,-1,-1,-1
583,7,997.48,248.53,339.17,563.78,1,-1,-1,-1
583,6,512.66,211.50,242.93,692.54,1,-1,-1,-1
583,5,1541.20,126.81,270.99,869.31,1,-1,-1,-1
583,2,162.29,134.02,342.30,934.33,1,-1,-1,-1
584,10,1251.51,63.33,412.08,960.72,1,-1,-1,-1
584,7,982.45,263.82,319.30,555.85,1,-1,-1,-1
584,6,492.51,211.31,255.55,696.32,1,-1,-1,-1
584,5,1552.35,134.66,249.53,869.36,1,-1,-1,-1
584,2,156.58,122.49,370.95,946.87,1,-1,-1,-1
585,10,1287.00,122.00,428.00,943.00,1,-1,-1,-1
585,7,968.29,253.01,293.19,553.21,1,-1,-1,-1
585,6,482.60,213.59,266.32,687.97,1,-1,-1,-1
585,5,1563.00,168.00,225.00,830.00,1,-1,-1,-1
585,2,155.53,130.00,379.34,942.49,1,-1,-1,-1
586,10,1284.36,109.15,459.18,953.02,1,-1,-1,-1
586,7,953.98,251.17,288.44,553.66,1,-1,-1,-1
586,6,482.73,218.12,270.30,680.73,1,-1,-1,-1
586,5,1555.24,150.94,225.00,830.00,1,-1,-1,-1
586,2,159.51,129.33,388.38,943.98,1,-1,-1,-1
587,10,1289.61,118.30,450.43,934.07,1,-1,-1,-1
587,7,927.11,244.95,294.05,554.65,1,-1,-1,-1
587,6,474.88,222.60,282.82,674.61,1,-1,-1,-1
587,5,1535.08,130.78,225.00,830.00,1,-1,-1,-1
587,2,170.37,145.32,373.84,927.06,1,-1,-1,-1
588,10,1298.12,109.10,430.39,923.33,1,-1,-1,-1
588,7,902.10,243.64,312.51,558.74,1,-1,-1,-1
588,6,461.56,226.52,283.25,674.60,1,-1,-1,-1
588,2,182.84,129.49,349.65,951.49,1,-1,-1,-1
589,15,472.00,207.00,286.00,697.00,1,-1,-1,-1
589,10,1289.67,96.96,451.08,934.71,1,-1,-1,-1
589,7,872.74,240.44,330.56,564.12,1,-1,-1,-1
589,5,478.00,541.00,234.00,368.00,1,-1,-1,-1
589,2,204.65,106.27,352.93,977.30,1,-1,-1,-1
590,15,461.10,220.76,275.03,690.66,1,-1,-1,-1
590,14,457.00,230.00,109.00,106.00,1,-1,-1,-1
590,10,1268.71,93.54,476.91,922.54,1,-1,-1,-1
590,7,839.06,254.85,355.47,554.52,1,-1,-1,-1
590,5,478.73,536.58,238.39,374.90,1,-1,-1,-1
590,2,215.05,111.77,424.23,970.62,1,-1,-1,-1
591,15,433.16,221.97,284.31,709.93,1,-1,-1,-1
591,14,451.24,232.37,109.00,106.00,1,-1,-1,-1
591,10,1250.17,90.04,480.62,921.17,1,-1,-1,-1
591,7,824.92,241.98,346.97,561.33,1,-1,-1,-1
591,5,468.21,545.18,238.39,374.90,1,-1,-1,-1
591,2,224.22,92.16,415.57,970.09,1,-1,-1,-1
592,15,416.29,224.02,286.04,697.10,1,-1,-1,-1
592,10,1240.82,98.33,479.74,907.43,1,-1,-1,-1
592,7,821.51,250.50,339.06,557.23,1,-1,-1,-1
592,2,235.85,87.85,398.69,986.63,1,-1,-1,-1
593,15,436.87,178.72,291.41,710.17,1,-1,-1,-1
593,10,1237.14,114.25,454.59,909.75,1,-1,-1,-1
593,7,818.54,250.60,310.76,551.16,1,-1,-1,-1
593,2,252.48,82.51,426.00,1001.67,1,-1,-1,-1
594,15,476.19,142.58,286.14,697.34,1,-1,-1,-1
594,10,1239.26,122.59,437.84,900.88,1,-1,-1,-1
594,7,780.44,254.60,416.38,551.16,1,-1,-1,-1
594,2,263.44,73.24,461.15,1020.56,1,-1,-1,-1
595,10,1263.10,125.96,391.56,890.73,1,-1,-1,-1
595,7,762.36,295.11,424.19,561.50,1,-1,-1,-1
595,2,269.63,74.51,502.23,1023.90,1,-1,-1,-1
596,10,1271.77,131.91,371.17,863.75,1,-1,-1,-1
596,2,285.12,92.21,524.68,1011.25,1,-1,-1,-1
597,15,795.00,196.00,210.00,590.00,1,-1,-1,-1
597,10,1270.50,132.43,358.93,850.14,1,-1,-1,-1
597,2,305.71,102.47,531.69,1008.43,1,-1,-1,-1
598,15,796.20,197.20,210.00,590.00,1,-1,-1,-1
598,10,1280.68,129.87,350.62,849.46,1,-1,-1,-1
598,2,345.88,123.37,526.76,981.28,1,-1,-1,-1
598,1,222.00,220.00,265.00,606.00,1,-1,-1,-1
599,15,775.75,174.35,210.00,590.00,1,-1,-1,-1
599,10,1282.13,118.96,348.32,862.14,1,-1,-1,-1
599,2,358.70,111.06,517.41,983.01,1,-1,-1,-1
599,1,211.56,221.56,310.50,673.31,1,-1,-1,-1
600,10,1277.94,121.41,361.04,819.25,1,-1,-1,-1
600,2,402.00,44.00,684.00,1017.00,1,-1,-1,-1
600,1,191.04,210.81,355.10,743.93,1,-1,-1,-1
601,10,1276.50,127.71,352.93,787.89,1,-1,-1,-1
601,2,469.21,32.90,608.02,1027.53,1,-1,-1,-1
601,1,190.54,204.31,364.87,788.66,1,-1,-1,-1
602,10,1270.76,137.67,347.73,773.29,1,-1,-1,-1
602,7,1233.00,316.00,163.00,446.00,1,-1,-1,-1
602,2,496.32,44.57,586.89,1013.81,1,-1,-1,-1
602,1,206.46,197.92,374.49,805.35,1,-1,-1,-1
603,10,1242.20,142.19,358.75,782.71,1,-1,-1,-1
603,7,1230.20,271.01,162.01,511.35,1,-1,-1,-1
603,2,536.39,18.95,559.40,1037.21,1,-1,-1,-1
603,1,229.80,203.02,341.19,809.22,1,-1,-1,-1
604,10,1226.48,154.67,375.20,773.81,1,-1,-1,-1
604,7,1198.89,259.96,178.37,527.18,1,-1,-1,-1
604,2,569.93,16.65,555.56,1035.57,1,-1,-1,-1
604,1,256.20,194.50,322.54,822.60,1,-1,-1,-1
605,12,671.00,221.00,75.00,85.00,1,-1,-1,-1
605,10,1276.37,172.12,328.64,747.08,1,-1,-1,-1
605,9,306.00,198.00,267.00,842.00,1,-1,-1,-1
605,7,1168.80,245.44,215.49,543.71,1,-1,-1,-1
605,2,596.58,17.76,561.00,1036.54,1,-1,-1,-1
606,12,653.12,219.24,75.00,85.00,1,-1,-1,-1
606,10,1305.73,173.52,306.31,724.06,1,-1,-1,-1
606,9,321.01,199.36,262.18,843.90,1,-1,-1,-1
606,8,639.00,236.00,150.00,573.00,1,-1,-1,-1
606,7,1160.31,236.42,217.14,553.92,1,-1,-1,-1
606,2,603.49,41.33,605.23,1023.46,1,-1,-1,-1
607,12,632.73,221.50,75.00,85.00,1,-1,-1,-1
607,10,1317.09,170.20,296.59,711.63,1,-1,-1,-1
607,9,336.94,205.14,289.27,841.87,1,-1,-1,-1
607,8,614.62,217.04,170.64,590.03,1,-1,-1,-1
607,7,1150.38,231.69,210.19,548.20,1,-1,-1,-1
607,2,666.43,46.15,565.40,1022.62,1,-1,-1,-1
608,10,1315.47,165.38,299.84,704.17,1,-1,-1,-1
608,9,346.98,204.29,321.01,860.33,1,-1,-1,-1
608,8,584.00,216.39,173.37,582.23,1,-1,-1,-1
608,5,1148.00,209.00,202.00,566.00,1,-1,-1,-1
608,2,703.07,71.42,564.39,994.87,1,-1,-1,-1
609,15,526.00,223.00,238.00,598.00,1,-1,-1,-1
609,10,1277.85,157.64,335.35,697.41,1,-1,-1,-1
609,9,355.72,206.20,328.70,866.61,1,-1,-1,-1
609,8,577.70,227.94,148.47,537.87,1,-1,-1,-1
609,5,1146.25,211.73,182.52,553.41,1,-1,-1,-1
609,2,743.57,67.33,560.62,1002.40,1,-1,-1,-1
610,16,1167.00,235.00,133.00,181.00,1,-1,-1,-1
610,15,506.98,224.27,238.00,598.00,1,-1,-1,-1
610,10,1261.79,160.21,344.25,686.92,1,-1,-1,-1
610,9,368.36,206.38,340.21,867.78,1,-1,-1,-1
610,5,1152.77,211.56,162.02,554.18,1,-1,-1,-1
610,2,781.99,84.84,564.96,989.03,1,-1,-1,-1
611,16,1148.79,240.41,133.00,181.00,1,-1,-1,-1
611,15,505.71,223.00,238.00,598.00,1,-1,-1,-1
611,10,1253.13,164.57,337.00,682.83,1,-1,-1,-1
611,9,369.88,207.63,339.97,861.02,1,-1,-1,-1
611,5,1145.48,223.48,164.51,539.70,1,-1,-1,-1
611,2,810.56,74.74,535.78,989.02,1,-1,-1,-1
612,16,1143.97,255.57,135.49,184.39,1,-1,-1,-1
612,10,1260.29,163.39,318.98,671.09,1,-1,-1,-1
612,9,381.95,200.45,321.72,876.97,1,-1,-1,-1
612,5,1119.93,218.26,192.62,539.70,1,-1,-1,-1
612,2,836.59,60.51,521.27,1005.29,1,-1,-1,-1
613,10,1258.45,164.87,305.62,666.90,1,-1,-1,-1
613,9,406.73,191.76,306.33,888.01,1,-1,-1,-1
613,2,871.05,59.40,511.35,989.48,1,-1,-1,-1
614,10,1269.84,176.03,282.58,656.50,1,-1,-1,-1
614,9,430.35,190.21,301.40,895.60,1,-1,-1,-1
614,2,906.64,50.96,531.33,1001.83,1,-1,-1,-1
615,10,1287.07,171.03,253.42,662.24,1,-1,-1,-1
615,9,438.92,175.36,309.68,916.39,1,-1,-1,-1
615,2,991.00,55.00,466.00,1023.00,1,-1,-1,-1
616,15,1028.00,81.00,325.00,730.00,1,-1,-1,-1
616,10,1274.51,166.56,239.81,652.71,1,-1,-1,-1
616,9,429.54,171.96,342.68,921.73,1,-1,-1,-1
616,3,974.00,225.00,167.00,548.00,1,-1,-1,-1
616,2,1007.48,92.38,490.56,996.33,1,-1,-1,-1
617,15,1023.16,89.06,325.00,730.00,1,-1,-1,-1
617,10,1277.43,181.80,218.93,546.35,1,-1,-1,-1
617,9,425.61,167.39,354.60,918.94,1,-1,-1,-1
617,7,373.00,207.00,167.00,661.00,1,-1,-1,-1
617,3,954.36,216.84,163.08,548.18,1,-1,-1,-1
617,2,1050.71,128.84,471.74,960.50,1,-1,-1,-1
618,15,1092.07,97.28,331.09,743.69,1,-1,-1,-1
618,9,424.32,174.22,379.10,913.21,1,-1,-1,-1
618,7,362.44,211.26,146.44,558.73,1,-1,-1,-1
618,3,920.62,220.45,181.80,563.33,1,-1,-1,-1
618,2,1081.75,142.39,442.97,941.40,1,-1,-1,-1
619,9,432.01,175.64,382.84,911.77,1,-1,-1,-1
619,7,342.59,219.60,169.22,629.12,1,-1,-1,-1
619,3,880.44,226.37,199.99,564.96,1,-1,-1,-1
619,2,1098.15,122.72,435.68,960.28,1,-1,-1,-1
620,9,430.95,180.73,388.16,916.79,1,-1,-1,-1
620,7,326.51,204.17,187.15,672.36,1,-1,-1,-1
620,3,857.18,229.82,213.82,571.29,1,-1,-1,-1
620,2,1129.33,107.00,425.83,981.98,1,-1,-1,-1
621,9,446.79,188.11,372.86,909.59,1,-1,-1,-1
621,7,313.78,196.18,190.58,687.11,1,-1,-1,-1
621,3,832.19,237.67,225.11,574.80,1,-1,-1,-1
621,2,1169.21,99.95,405.87,984.04,1,-1,-1,-1
622,9,483.03,190.68,350.69,908.89,1,-1,-1,-1
622,7,304.82,186.53,193.46,698.35,1,-1,-1,-1
622,3,827.04,244.08,210.02,569.08,1,-1,-1,-1
622,2,1180.63,86.93,409.79,988.75,1,-1,-1,-1
623,15,1176.00,224.00,142.00,549.00,1,-1,-1,-1
623,9,480.53,171.69,375.12,920.42,1,-1,-1,-1
623,7,299.21,183.14,196.48,704.38,1,-1,-1,-1
623,3,817.31,249.85,197.69,554.33,1,-1,-1,-1
623,2,1188.23,86.11,415.90,986.18,1,-1,-1,-1
624,15,1166.63,222.75,165.76,563.37,1,-1,-1,-1
624,9,505.54,158.57,399.39,938.47,1,-1,-1,-1
624,7,274.00,203.00,251.00,721.00,1,-1,-1,-1
624,3,801.30,237.71,185.07,545.73,1,-1,-1,-1
624,2,1197.69,83.43,421.97,989.59,1,-1,-1,-1
625,15,1150.34,207.39,191.94,579.98,1,-1,-1,-1
625,9,519.92,148.45,411.55,938.71,1,-1,-1,-1
625,7,255.54,200.20,256.39,739.18,1,-1,-1,-1
625,3,788.00,226.00,221.00,453.00,1,-1,-1,-1
625,2,1259.75,85.61,381.39,978.48,1,-1,-1,-1
626,15,1157.98,215.27,180.35,577.09,1,-1,-1,-1
626,9,531.63,150.13,419.88,938.82,1,-1,-1,-1
626,7,232.79,202.81,267.67,751.21,1,-1,-1,-1
626,3,781.19,228.96,220.18,452.56,1,-1,-1,-1
626,2,1272.53,70.11,377.44,986.25,1,-1,-1,-1
627,15,1141.07,204.35,181.58,573.59,1,-1,-1,-1
627,9,576.82,155.44,418.74,938.11,1,-1,-1,-1
627,7,215.68,198.48,273.31,774.01,1,-1,-1,-1
627,3,777.78,223.78,220.78,452.56,1,-1,-1,-1
627,2,1286.22,86.88,385.43,991.97,1,-1,-1,-1
628,15,1120.58,219.71,181.37,564.93,1,-1,-1,-1
628,9,594.21,150.40,397.06,946.71,1,-1,-1,-1
628,7,195.21,197.42,285.12,791.61,1,-1,-1,-1
628,3,805.74,239.32,220.78,452.56,1,-1,-1,-1
628,2,1292.62,86.19,395.83,984.58,1,-1,-1,-1
629,15,1020.00,199.00,317.00,578.00,1,-1,-1,-1
629,9,642.58,157.83,382.84,953.06,1,-1,-1,-1
629,7,153.45,189.89,316.52,802.94,1,-1,-1,-1
629,3,827.49,219.64,220.78,452.56,1,-1,-1,-1
629,2,1301.36,86.16,399.72,951.05,1,-1,-1,-1
630,15,1019.25,196.59,318.57,581.28,1,-1,-1,-1
630,9,689.07,163.58,369.13,943.02,1,-1,-1,-1
630,7,128.41,190.75,331.29,818.67,1,-1,-1,-1
630,2,1296.21,90.04,406.71,927.58,1,-1,-1,-1
631,15,1002.52,198.59,327.32,577.29,1,-1,-1,-1
631,9,732.20,182.56,370.97,916.82,1,-1,-1,-1
631,7,118.32,182.30,323.99,834.92,1,-1,-1,-1
631,2,1308.21,84.45,404.20,919.11,1,-1,-1,-1
631,1,625.00,227.00,225.00,606.00,1,-1,-1,-1
632,15,988.53,193.94,337.92,604.54,1,-1,-1,-1
632,9,835.19,159.34,354.17,933.57,1,-1,-1,-1
632,7,124.71,177.96,306.68,843.88,1,-1,-1,-1
632,2,1325.72,85.94,389.21,897.75,1,-1,-1,-1
632,1,616.57,228.51,242.28,612.97,1,-1,-1,-1
633,15,968.89,189.79,337.77,615.88,1,-1,-1,-1
633,9,892.97,125.15,355.76,968.11,1,-1,-1,-1
633,7,143.68,179.59,288.24,853.52,1,-1,-1,-1
633,2,1342.03,85.21,373.80,896.66,1,-1,-1,-1
633,1,599.45,226.04,233.79,618.44,1,-1,-1,-1
634,15,905.98,207.00,344.11,627.43,1,-1,-1,-1
634,9,923.41,117.43,310.39,975.70,1,-1,-1,-1
634,7,149.56,174.74,295.03,868.21,1,-1,-1,-1
634,2,1350.76,91.28,371.01,873.42,1,-1,-1,-1
634,1,585.93,214.55,223.24,624.47,1,-1,-1,-1
635,9,950.60,125.34,317.08,974.78,1,-1,-1,-1
635,7,159.85,186.12,287.30,866.24,1,-1,-1,-1
635,2,1359.25,101.80,365.21,856.54,1,-1,-1,-1
635,1,565.88,218.07,227.27,617.98,1,-1,-1,-1
636,9,957.72,161.01,363.05,949.89,1,-1,-1,-1
636,7,162.28,185.92,289.90,862.63,1,-1,-1,-1
636,2,1358.92,108.61,359.00,846.16,1,-1,-1,-1
636,1,549.22,219.25,224.00,618.80,1,-1,-1,-1
637,9,992.64,144.95,383.40,951.68,1,-1,-1,-1
637,5,179.00,268.00,318.00,796.00,1,-1,-1,-1
637,4,918.00,207.00,177.00,268.00,1,-1,-1,-1
637,2,1353.41,119.81,355.20,850.20,1,-1,-1,-1
637,1,518.39,224.15,227.82,622.64,1,-1,-1,-1
638,9,1077.76,158.06,368.23,938.00,1,-1,-1,-1
638,5,194.55,218.10,321.26,844.70,1,-1,-1,-1
638,4,899.92,206.98,185.73,421.36,1,-1,-1,-1
638,2,1351.39,123.79,348.32,844.79,1,-1,-1,-1
638,1,500.37,216.92,230.56,637.40,1,-1,-1,-1
639,9,1112.51,149.81,393.13,942.51,1,-1,-1,-1
639,5,222.03,217.92,299.92,864.93,1,-1,-1,-1
639,4,852.30,222.32,242.57,504.89,1,-1,-1,-1
639,2,1352.48,125.77,325.77,856.54,1,-1,-1,-1
639,1,481.19,214.53,241.56,647.83,1,-1,-1,-1
640,9,1144.29,146.92,410.87,945.56,1,-1,-1,-1
640,5,251.68,244.89,303.23,852.19,1,-1,-1,-1
640,4,830.73,208.71,246.85,490.41,1,-1,-1,-1
640,1,470.51,230.14,253.96,629.10,1,-1,-1,-1
641,9,1193.72,142.18,385.36,957.52,1,-1,-1,-1
641,7,317.00,155.00,188.00,607.00,1,-1,-1,-1
641,5,279.93,228.90,297.12,878.24,1,-1,-1,-1
641,4,817.49,200.88,243.27,492.37,1,-1,-1,-1
641,1,450.13,219.63,265.90,675.45,1,-1,-1,-1
642,9,1228.19,134.03,373.58,964.99,1,-1,-1,-1
642,7,322.91,149.09,188.00,607.00,1,-1,-1,-1
642,5,309.08,211.74,358.37,885.77,1,-1,-1,-1
642,4,832.00,202.00,205.00,576.00,1,-1,-1,-1
642,1,449.12,231.76,255.64,638.46,1,-1,-1,-1
643,9,1245.95,127.45,369.67,969.15,1,-1,-1,-1
643,7,335.91,162.09,188.00,607.00,1,-1,-1,-1
643,5,339.06,169.41,342.93,915.61,1,-1,-1,-1
643,4,819.46,213.86,214.63,568.75,1,-1,-1,-1
643,1,435.35,230.40,237.05,638.46,1,-1,-1,-1
644,9,1262.04,139.33,365.71,959.54,1,-1,-1,-1
644,5,343.43,166.77,344.45,928.06,1,-1,-1,-1
644,4,805.79,209.07,201.26,577.00,1,-1,-1,-1
645,9,1292.93,141.82,336.89,942.26,1,-1,-1,-1
645,5,341.06,171.16,350.01,933.71,1,-1,-1,-1
645,4,780.55,202.18,185.34,584.04,1,-1,-1,-1
646,9,1278.14,132.32,356.95,951.71,1,-1,-1,-1
646,5,342.76,174.10,369.12,918.61,1,-1,-1,-1
646,4,742.74,205.47,213.64,573.60,1,-1,-1,-1
647,9,1298.01,133.89,345.91,949.49,1,-1,-1,-1
647,7,332.00,214.00,161.00,369.00,1,-1,-1,-1
647,5,351.72,140.34,396.43,944.60,1,-1,-1,-1
647,4,725.89,201.62,224.35,580.47,1,-1,-1,-1
647,1,1228.00,139.00,291.00,794.00,1,-1,-1,-1
648,9,1334.97,141.78,326.61,944.43,1,-1,-1,-1
648,7,322.99,231.21,180.00,498.66,1,-1,-1,-1
648,5,366.24,121.77,437.11,955.16,1,-1,-1,-1
648,4,719.35,190.93,226.91,592.91,1,-1,-1,-1
648,1,1205.80,156.15,287.51,750.60,1,-1,-1,-1
649,13,344.00,111.00,525.00,956.00,1,-1,-1,-1
649,9,1353.90,156.39,322.32,924.37,1,-1,-1,-1
649,7,310.25,203.00,203.94,594.51,1,-1,-1,-1
649,4,721.80,201.30,217.12,579.29,1,-1,-1,-1
649,1,1183.52,165.99,280.69,718.41,1,-1,-1,-1
650,13,363.96,106.76,523.33,958.64,1,-1,-1,-1
650,9,1369.13,154.61,316.47,925.43,1,-1,-1,-1
650,7,307.25,178.31,217.88,638.49,1,-1,-1,-1
650,4,724.00,208.00,216.00,548.00,1,-1,-1,-1
650,1,1191.11,175.40,267.55,708.91,1,-1,-1,-1
