2,1,-1.78,259.41,133.99,566.83,-1,-1,-1,-1
3,1,-2.78,254.28,135.63,574.28,-1,-1,-1,-1
4,1,-1.43,259.96,132.36,560.69,-1,-1,-1,-1
5,1,-1.33,256.02,131.87,559.06,-1,-1,-1,-1
6,1,-3.13,258.78,132.77,564.42,-1,-1,-1,-1
7,1,-4.84,258.80,132.75,567.13,-1,-1,-1,-1
8,1,-7.40,259.29,130.84,563.46,-1,-1,-1,-1
9,1,-9.69,261.74,128.93,562.35,-1,-1,-1,-1
10,1,-13.03,258.68,129.18,574.32,-1,-1,-1,-1
27,1,-12.19,288.83,124.15,577.19,-1,-1,-1,-1
28,1,-1.67,283.48,122.90,564.88,-1,-1,-1,-1
29,1,5.61,290.22,122.31,546.03,-1,-1,-1,-1
30,1,10.99,280.32,129.37,560.52,-1,-1,-1,-1
31,1,15.25,261.97,137.53,573.64,-1,-1,-1,-1
32,1,19.90,257.89,146.81,586.63,-1,-1,-1,-1
33,1,21.47,249.94,154.76,595.28,-1,-1,-1,-1
34,1,21.72,245.55,162.03,604.32,-1,-1,-1,-1
35,1,22.52,240.04,169.00,609.75,-1,-1,-1,-1
36,1,23.83,237.67,176.18,616.48,-1,-1,-1,-1
37,1,36.22,239.14,181.37,613.76,-1,-1,-1,-1
38,1,50.28,241.41,184.58,604.03,-1,-1,-1,-1
39,1,69.98,237.63,192.64,610.49,-1,-1,-1,-1
40,1,88.20,240.12,198.48,613.53,-1,-1,-1,-1
41,1,100.21,240.29,203.00,612.61,-1,-1,-1,-1
42,1,114.30,236.76,210.63,621.89,-1,-1,-1,-1
43,1,135.02,243.38,213.08,617.58,-1,-1,-1,-1
44,1,156.46,242.88,215.10,613.44,-1,-1,-1,-1
45,1,180.56,239.73,218.24,613.74,-1,-1,-1,-1
46,1,196.70,234.45,222.37,619.51,-1,-1,-1,-1
47,1,210.28,228.45,225.42,624.48,-1,-1,-1,-1
48,1,227.04,225.61,228.09,630.72,-1,-1,-1,-1
49,1,248.57,228.53,228.58,630.15,-1,-1,-1,-1
50,1,274.35,226.34,228.99,625.11,-1,-1,-1,-1
51,1,288.12,225.23,232.03,628.59,-1,-1,-1,-1
52,1,302.07,225.28,235.94,634.37,-1,-1,-1,-1
53,1,319.38,228.30,241.00,642.16,-1,-1,-1,-1
54,1,340.56,230.35,243.55,641.44,-1,-1,-1,-1
55,1,360.34,225.68,248.04,645.93,-1,-1,-1,-1
56,1,377.71,220.40,252.65,653.56,-1,-1,-1,-1
57,1,397.12,217.38,252.07,649.85,-1,-1,-1,-1
58,1,411.17,214.91,255.77,659.94,-1,-1,-1,-1
59,1,426.41,207.89,262.76,681.71,-1,-1,-1,-1
60,1,439.31,213.59,265.98,694.85,-1,-1,-1,-1
61,1,448.05,216.38,265.17,697.81,-1,-1,-1,-1
62,1,459.92,217.06,268.23,708.38,-1,-1,-1,-1
63,1,474.18,221.84,270.48,715.45,-1,-1,-1,-1
64,1,487.85,224.68,270.16,713.86,-1,-1,-1,-1
65,1,504.08,222.35,272.41,718.93,-1,-1,-1,-1
66,1,518.71,218.63,276.16,725.93,-1,-1,-1,-1
67,1,526.39,217.29,277.49,729.03,-1,-1,-1,-1
68,1,542.19,208.90,278.19,732.30,-1,-1,-1,-1
69,1,561.22,206.07,275.90,729.82,-1,-1,-1,-1
70,1,584.70,208.56,272.83,724.43,-1,-1,-1,-1
71,1,607.41,208.53,271.06,723.23,-1,-1,-1,-1
72,1,630.06,212.37,267.56,714.62,-1,-1,-1,-1
73,1,647.36,217.08,262.65,702.10,-1,-1,-1,-1
74,1,663.77,221.68,261.24,696.41,-1,-1,-1,-1
75,1,687.30,219.52,259.47,688.54,-1,-1,-1,-1
76,1,710.40,223.40,256.20,676.10,-1,-1,-1,-1
77,1,737.76,221.42,254.68,670.36,-1,-1,-1,-1
78,1,764.15,213.48,254.31,673.32,-1,-1,-1,-1
79,1,796.98,207.89,252.94,673.62,-1,-1,-1,-1
80,1,825.94,205.56,253.23,675.30,-1,-1,-1,-1
81,1,855.72,206.48,253.57,675.52,-1,-1,-1,-1
82,1,881.85,205.67,252.89,670.40,-1,-1,-1,-1
83,1,905.34,207.38,253.29,665.16,-1,-1,-1,-1
84,1,932.77,207.19,254.38,662.21,-1,-1,-1,-1
85,1,960.76,206.46,253.63,661.78,-1,-1,-1,-1
86,1,976.80,206.09,253.56,663.56,-1,-1,-1,-1
87,1,997.64,202.81,254.19,672.42,-1,-1,-1,-1
88,1,1019.87,200.19,252.47,677.25,-1,-1,-1,-1
89,1,1044.48,203.84,249.75,674.91,-1,-1,-1,-1
90,1,1068.34,202.96,248.93,672.39,-1,-1,-1,-1
91,1,1087.93,204.34,249.98,671.80,-1,-1,-1,-1
92,1,1099.90,205.86,251.49,670.85,-1,-1,-1,-1
93,1,1114.89,208.82,252.89,669.18,-1,-1,-1,-1
94,1,1130.10,209.48,256.47,676.13,-1,-1,-1,-1
95,1,1148.05,207.52,255.74,670.19,-1,-1,-1,-1
96,1,1166.57,207.16,256.55,670.36,-1,-1,-1,-1
97,1,1184.30,203.93,253.45,662.88,-1,-1,-1,-1
98,1,1194.73,202.07,254.05,664.37,-1,-1,-1,-1
99,1,1206.62,200.31,254.16,665.41,-1,-1,-1,-1
100,1,1219.72,198.20,255.23,673.64,-1,-1,-1,-1
101,1,1232.54,196.62,252.14,674.63,-1,-1,-1,-1
102,1,1242.18,194.33,248.54,677.90,-1,-1,-1,-1
103,1,1251.14,197.21,242.81,673.69,-1,-1,-1,-1
104,1,1259.03,202.97,235.77,666.59,-1,-1,-1,-1
105,1,1263.57,205.98,230.93,660.85,-1,-1,-1,-1
106,1,1262.51,212.11,225.77,648.31,-1,-1,-1,-1
107,1,1259.99,210.78,223.72,638.23,-1,-1,-1,-1
108,1,1259.02,212.40,222.29,629.29,-1,-1,-1,-1
109,1,1261.36,206.24,220.00,620.95,-1,-1,-1,-1
110,1,1262.45,202.23,218.14,613.35,-1,-1,-1,-1
111,1,1261.09,203.81,216.06,606.41,-1,-1,-1,-1
112,1,1254.55,207.84,212.91,593.82,-1,-1,-1,-1
113,1,1245.46,212.55,212.07,586.81,-1,-1,-1,-1
114,1,1236.20,217.17,210.81,576.93,-1,-1,-1,-1
115,1,1227.21,220.29,212.42,575.58,-1,-1,-1,-1
116,1,1216.56,225.68,211.23,567.39,-1,-1,-1,-1
117,1,1201.00,225.21,211.14,562.32,-1,-1,-1,-1
118,1,1185.98,222.35,212.91,563.57,-1,-1,-1,-1
119,1,1171.09,222.35,211.70,555.67,-1,-1,-1,-1
120,1,1149.71,217.84,213.67,559.33,-1,-1,-1,-1
121,1,1128.49,217.31,212.60,557.39,-1,-1,-1,-1
122,1,1113.22,219.79,212.11,557.50,-1,-1,-1,-1
123,1,1099.71,223.43,210.74,553.04,-1,-1,-1,-1
124,1,1085.14,222.34,210.80,552.11,-1,-1,-1,-1
125,1,1071.72,223.28,209.82,548.98,-1,-1,-1,-1
126,1,1058.27,224.26,211.45,553.21,-1,-1,-1,-1
127,1,1040.36,229.56,212.43,554.45,-1,-1,-1,-1
128,1,1028.76,227.29,216.47,564.01,-1,-1,-1,-1
128,2,0.94,227.82,135.48,586.51,-1,-1,-1,-1
129,1,1011.91,226.81,218.69,569.08,-1,-1,-1,-1
129,2,13.68,235.55,136.09,586.11,-1,-1,-1,-1
130,1,992.73,226.96,217.83,564.08,-1,-1,-1,-1
130,2,20.05,231.05,137.36,586.40,-1,-1,-1,-1
131,1,968.15,224.84,218.70,567.61,-1,-1,-1,-1
131,2,32.14,224.34,139.57,584.44,-1,-1,-1,-1
132,1,948.16,223.01,223.17,579.26,-1,-1,-1,-1
132,2,45.72,220.34,145.90,596.52,-1,-1,-1,-1
133,1,932.10,217.79,228.96,596.60,-1,-1,-1,-1
133,2,69.65,222.02,149.01,591.60,-1,-1,-1,-1
134,1,923.11,220.17,234.28,611.13,-1,-1,-1,-1
134,2,86.49,229.58,151.73,583.27,-1,-1,-1,-1
135,1,906.95,220.79,238.56,624.70,-1,-1,-1,-1
135,2,103.65,226.64,157.72,587.02,-1,-1,-1,-1
136,1,895.71,219.37,243.06,642.29,-1,-1,-1,-1
136,2,120.65,228.53,161.96,584.77,-1,-1,-1,-1
137,1,888.73,218.18,245.39,654.38,-1,-1,-1,-1
137,2,145.11,230.38,166.45,582.19,-1,-1,-1,-1
138,1,884.77,215.93,246.54,662.75,-1,-1,-1,-1
138,2,169.18,229.61,169.55,577.56,-1,-1,-1,-1
139,1,882.24,212.18,246.04,663.19,-1,-1,-1,-1
139,2,191.22,226.24,175.01,580.19,-1,-1,-1,-1
140,1,879.29,210.52,246.07,663.54,-1,-1,-1,-1
140,2,202.06,221.88,181.80,587.04,-1,-1,-1,-1
141,1,871.16,208.42,248.06,668.19,-1,-1,-1,-1
141,2,211.75,215.44,187.57,592.33,-1,-1,-1,-1
142,1,861.75,205.29,250.15,673.29,-1,-1,-1,-1
142,2,231.00,212.89,191.70,591.98,-1,-1,-1,-1
143,1,849.26,202.29,258.38,694.15,-1,-1,-1,-1
143,2,256.04,211.45,195.78,590.84,-1,-1,-1,-1
144,1,836.84,201.16,261.09,698.22,-1,-1,-1,-1
144,2,282.51,221.12,194.92,577.19,-1,-1,-1,-1
145,1,827.61,202.55,266.24,714.78,-1,-1,-1,-1
145,2,307.33,225.61,195.99,572.55,-1,-1,-1,-1
146,1,822.60,202.73,269.79,727.85,-1,-1,-1,-1
146,2,323.20,222.54,199.27,575.99,-1,-1,-1,-1
147,1,812.63,204.70,272.80,741.31,-1,-1,-1,-1
147,2,342.57,226.47,198.56,567.90,-1,-1,-1,-1
148,1,801.74,201.36,275.00,753.52,-1,-1,-1,-1
148,2,360.98,219.43,203.86,579.67,-1,-1,-1,-1
149,1,792.69,198.23,274.47,759.05,-1,-1,-1,-1
149,2,378.44,212.69,208.20,586.53,-1,-1,-1,-1
150,1,785.81,191.63,275.37,769.22,-1,-1,-1,-1
150,2,400.43,210.01,210.70,589.87,-1,-1,-1,-1
151,1,780.79,188.62,275.42,775.53,-1,-1,-1,-1
151,2,419.50,211.52,211.36,587.75,-1,-1,-1,-1
152,1,775.66,183.34,277.99,787.65,-1,-1,-1,-1
152,2,440.07,215.35,212.23,584.35,-1,-1,-1,-1
153,1,768.86,183.22,284.25,808.32,-1,-1,-1,-1
153,2,463.41,222.53,212.64,580.03,-1,-1,-1,-1
154,1,764.12,183.82,289.28,822.15,-1,-1,-1,-1
154,2,482.80,221.55,215.07,582.58,-1,-1,-1,-1
155,1,759.12,184.59,296.34,840.54,-1,-1,-1,-1
155,2,504.43,224.02,214.89,581.45,-1,-1,-1,-1
156,1,761.84,185.84,300.80,851.36,-1,-1,-1,-1
156,2,526.82,223.04,217.22,588.72,-1,-1,-1,-1
157,1,770.75,185.43,298.07,841.67,-1,-1,-1,-1
157,2,546.20,217.02,221.92,605.61,-1,-1,-1,-1
158,1,775.63,180.90,299.40,842.08,-1,-1,-1,-1
158,2,558.99,214.28,221.29,606.67,-1,-1,-1,-1
159,1,780.56,180.38,303.07,847.10,-1,-1,-1,-1
159,2,577.96,210.84,220.32,608.82,-1,-1,-1,-1
160,1,789.43,181.23,308.45,853.34,-1,-1,-1,-1
160,2,599.29,205.89,220.46,610.21,-1,-1,-1,-1
161,1,791.52,175.84,320.35,881.37,-1,-1,-1,-1
161,2,618.22,212.47,217.76,603.66,-1,-1,-1,-1
162,1,797.73,181.36,323.39,883.28,-1,-1,-1,-1
162,2,630.45,216.79,216.29,600.02,-1,-1,-1,-1
163,1,813.07,179.40,324.28,886.17,-1,-1,-1,-1
163,2,655.46,217.08,214.04,593.64,-1,-1,-1,-1
164,1,826.20,180.89,322.82,885.49,-1,-1,-1,-1
164,2,676.33,220.23,210.94,583.72,-1,-1,-1,-1
165,1,838.13,184.89,323.16,891.67,-1,-1,-1,-1
165,2,698.86,222.21,209.95,582.32,-1,-1,-1,-1
166,1,854.22,185.31,318.99,890.08,-1,-1,-1,-1
166,2,724.40,219.36,208.68,585.15,-1,-1,-1,-1
167,1,873.66,181.43,317.37,893.68,-1,-1,-1,-1
167,2,752.89,211.83,209.10,591.69,-1,-1,-1,-1
168,1,889.58,173.40,319.50,903.00,-1,-1,-1,-1
168,2,773.54,208.13,210.30,600.51,-1,-1,-1,-1
169,1,911.05,166.84,319.09,899.28,-1,-1,-1,-1
169,2,795.50,206.43,208.11,596.88,-1,-1,-1,-1
170,1,926.69,165.97,323.66,903.95,-1,-1,-1,-1
170,2,810.90,207.82,207.33,597.01,-1,-1,-1,-1
171,1,938.33,151.55,334.91,929.32,-1,-1,-1,-1
171,2,825.70,205.56,206.28,593.36,-1,-1,-1,-1
172,1,958.97,142.27,340.15,937.75,-1,-1,-1,-1
172,2,845.74,207.84,206.49,590.25,-1,-1,-1,-1
173,1,982.90,133.59,336.62,916.87,-1,-1,-1,-1
173,2,869.73,209.49,206.00,583.69,-1,-1,-1,-1
174,1,1003.62,125.73,342.26,925.84,-1,-1,-1,-1
174,2,898.33,210.92,205.51,583.30,-1,-1,-1,-1
175,1,1016.97,122.19,351.19,951.46,-1,-1,-1,-1
175,2,920.71,209.99,207.35,595.28,-1,-1,-1,-1
176,1,1035.92,120.99,349.46,944.21,-1,-1,-1,-1
176,2,947.09,202.49,209.52,607.09,-1,-1,-1,-1
177,1,1049.38,119.29,355.96,962.15,-1,-1,-1,-1
177,2,964.70,196.30,210.62,615.58,-1,-1,-1,-1
178,1,1064.60,121.92,356.88,964.80,-1,-1,-1,-1
178,2,983.62,191.20,210.87,623.03,-1,-1,-1,-1
179,1,1082.17,128.67,356.60,966.13,-1,-1,-1,-1
179,2,1005.21,193.71,207.64,616.11,-1,-1,-1,-1
180,1,1094.95,131.49,357.81,966.75,-1,-1,-1,-1
180,2,1018.07,197.12,202.69,602.42,-1,-1,-1,-1
181,1,1114.85,142.97,352.52,953.62,-1,-1,-1,-1
181,2,1035.24,197.68,200.28,594.54,-1,-1,-1,-1
182,1,1138.48,139.66,344.87,932.63,-1,-1,-1,-1
182,2,1052.21,201.19,198.58,587.02,-1,-1,-1,-1
183,1,1159.78,132.04,337.32,909.40,-1,-1,-1,-1
183,2,1075.16,202.78,197.00,576.64,-1,-1,-1,-1
184,1,1175.40,129.48,342.49,920.61,-1,-1,-1,-1
184,2,1098.40,200.88,195.47,565.34,-1,-1,-1,-1
185,1,1185.38,147.51,336.28,900.00,-1,-1,-1,-1
185,2,1119.55,192.22,198.96,571.90,-1,-1,-1,-1
186,1,1181.98,144.77,322.93,856.52,-1,-1,-1,-1
186,2,1138.49,186.00,203.38,582.12,-1,-1,-1,-1
187,1,1192.66,152.63,330.51,873.49,-1,-1,-1,-1
187,2,1149.46,184.33,205.02,584.49,-1,-1,-1,-1
188,1,1212.62,153.59,327.76,863.86,-1,-1,-1,-1
188,2,1165.75,189.30,202.14,571.61,-1,-1,-1,-1
189,1,1221.25,155.91,326.58,858.28,-1,-1,-1,-1
189,2,1173.14,195.62,200.71,565.41,-1,-1,-1,-1
190,1,1226.43,161.19,324.37,850.73,-1,-1,-1,-1
190,2,1181.29,194.17,202.50,566.39,-1,-1,-1,-1
191,1,1220.64,163.88,325.13,849.18,-1,-1,-1,-1
191,2,1191.24,197.47,207.72,577.75,-1,-1,-1,-1
192,1,1222.88,167.58,326.06,848.00,-1,-1,-1,-1
193,1,1225.53,168.99,321.41,836.74,-1,-1,-1,-1
194,1,1225.68,166.03,318.44,829.86,-1,-1,-1,-1
195,1,1222.59,163.54,316.12,825.00,-1,-1,-1,-1
196,1,1221.55,161.22,312.84,820.32,-1,-1,-1,-1
197,1,1222.05,162.56,307.96,811.49,-1,-1,-1,-1
198,1,1219.83,166.60,302.97,795.86,-1,-1,-1,-1
199,1,1201.19,169.43,294.61,771.52,-1,-1,-1,-1
199,2,1354.40,183.02,202.88,567.60,-1,-1,-1,-1
200,1,1187.31,173.46,290.43,759.60,-1,-1,-1,-1
200,2,1367.36,174.69,209.17,584.10,-1,-1,-1,-1
201,1,1169.37,180.58,288.89,751.87,-1,-1,-1,-1
201,2,1376.30,170.53,224.07,625.62,-1,-1,-1,-1
202,1,1150.92,187.30,286.11,734.70,-1,-1,-1,-1
202,2,1382.21,173.86,231.68,647.27,-1,-1,-1,-1
203,1,1137.54,192.51,287.33,730.57,-1,-1,-1,-1
203,2,1387.99,176.26,236.07,659.17,-1,-1,-1,-1
204,1,1115.20,191.05,288.31,731.82,-1,-1,-1,-1
204,2,1400.62,178.60,238.14,663.87,-1,-1,-1,-1
205,1,1098.08,190.33,285.71,727.38,-1,-1,-1,-1
205,2,1411.33,175.77,241.23,670.97,-1,-1,-1,-1
206,1,1078.49,187.06,288.02,739.52,-1,-1,-1,-1
206,2,1414.82,172.24,244.10,676.93,-1,-1,-1,-1
207,1,1061.94,182.20,285.17,743.50,-1,-1,-1,-1
207,2,1421.28,165.38,245.23,680.76,-1,-1,-1,-1
208,1,1040.35,185.81,279.92,736.80,-1,-1,-1,-1
208,2,1422.33,160.03,245.83,684.88,-1,-1,-1,-1
209,1,1021.50,189.97,272.29,723.78,-1,-1,-1,-1
209,2,1426.84,158.26,244.81,686.79,-1,-1,-1,-1
210,1,1004.50,190.79,270.51,721.21,-1,-1,-1,-1
210,2,1424.37,158.69,245.73,691.78,-1,-1,-1,-1
210,3,21.04,292.85,104.08,551.57,-1,-1,-1,-1
211,1,996.57,197.58,267.50,714.19,-1,-1,-1,-1
211,2,1416.05,158.92,251.19,709.19,-1,-1,-1,-1
211,3,28.24,265.17,108.59,569.05,-1,-1,-1,-1
212,1,986.71,203.92,263.87,701.48,-1,-1,-1,-1
212,2,1408.63,164.52,253.81,712.81,-1,-1,-1,-1
212,3,34.98,240.96,114.80,590.47,-1,-1,-1,-1
213,1,974.44,209.78,262.39,692.57,-1,-1,-1,-1
213,2,1403.71,169.07,255.43,713.33,-1,-1,-1,-1
213,3,44.11,237.37,119.30,595.45,-1,-1,-1,-1
214,1,955.06,214.95,261.67,685.38,-1,-1,-1,-1
214,2,1401.00,172.24,257.15,714.47,-1,-1,-1,-1
214,3,47.83,230.62,124.03,596.88,-1,-1,-1,-1
215,1,940.71,217.17,259.12,674.80,-1,-1,-1,-1
215,2,1389.62,172.09,260.35,720.75,-1,-1,-1,-1
215,3,52.33,227.75,130.29,601.76,-1,-1,-1,-1
216,1,926.69,219.38,256.48,664.61,-1,-1,-1,-1
216,2,1375.31,169.26,261.67,723.09,-1,-1,-1,-1
216,3,59.58,226.80,135.65,600.51,-1,-1,-1,-1
217,1,907.35,218.01,252.95,659.81,-1,-1,-1,-1
217,2,1369.02,160.66,268.24,739.93,-1,-1,-1,-1
217,3,78.63,226.71,140.70,597.87,-1,-1,-1,-1
218,1,886.04,213.95,248.94,653.11,-1,-1,-1,-1
218,2,1352.06,150.35,269.95,748.10,-1,-1,-1,-1
218,3,101.30,226.42,146.50,595.50,-1,-1,-1,-1
219,1,869.28,211.46,247.55,657.49,-1,-1,-1,-1
219,2,1339.85,143.06,271.28,752.83,-1,-1,-1,-1
219,3,125.81,222.99,153.68,597.56,-1,-1,-1,-1
220,1,854.04,210.16,244.47,656.40,-1,-1,-1,-1
220,2,1329.02,138.20,272.20,756.96,-1,-1,-1,-1
220,3,147.26,223.46,161.13,600.01,-1,-1,-1,-1
221,1,833.18,207.11,245.30,660.77,-1,-1,-1,-1
221,2,1312.62,142.48,271.60,755.40,-1,-1,-1,-1
221,3,164.16,227.62,167.26,599.21,-1,-1,-1,-1
222,1,814.44,211.11,244.76,656.64,-1,-1,-1,-1
222,2,1290.10,147.38,272.62,757.01,-1,-1,-1,-1
222,3,184.35,229.59,170.01,587.07,-1,-1,-1,-1
223,1,798.84,212.88,246.95,658.76,-1,-1,-1,-1
223,2,1271.93,152.53,272.67,757.97,-1,-1,-1,-1
223,3,203.26,233.03,173.90,580.32,-1,-1,-1,-1
224,1,779.65,214.83,250.72,663.00,-1,-1,-1,-1
224,2,1251.24,156.89,272.59,758.31,-1,-1,-1,-1
224,3,222.28,237.33,179.12,579.31,-1,-1,-1,-1
225,1,760.99,214.22,252.95,665.49,-1,-1,-1,-1
225,2,1223.77,161.00,270.23,753.72,-1,-1,-1,-1
225,3,244.25,237.59,183.05,579.20,-1,-1,-1,-1
226,1,749.34,211.74,255.38,668.36,-1,-1,-1,-1
226,2,1202.91,159.19,268.86,752.78,-1,-1,-1,-1
226,3,255.93,232.94,185.32,575.79,-1,-1,-1,-1
227,1,732.90,213.11,256.57,671.82,-1,-1,-1,-1
227,2,1176.48,156.63,268.78,758.27,-1,-1,-1,-1
227,3,272.94,226.12,190.30,583.12,-1,-1,-1,-1
228,1,706.45,214.29,255.85,673.79,-1,-1,-1,-1
228,2,1155.23,150.36,271.04,771.71,-1,-1,-1,-1
228,3,292.06,225.08,192.67,580.31,-1,-1,-1,-1
229,1,682.41,212.54,255.44,683.26,-1,-1,-1,-1
229,2,1137.10,147.71,268.36,776.04,-1,-1,-1,-1
229,3,313.38,227.03,196.51,582.77,-1,-1,-1,-1
230,1,666.38,213.20,251.29,680.99,-1,-1,-1,-1
230,2,1120.81,144.82,265.51,772.44,-1,-1,-1,-1
230,3,332.12,229.47,198.38,577.64,-1,-1,-1,-1
231,1,647.38,213.81,249.94,677.97,-1,-1,-1,-1
231,2,1099.85,141.78,264.90,770.40,-1,-1,-1,-1
231,3,347.48,228.02,201.77,577.68,-1,-1,-1,-1
232,1,625.40,216.25,250.74,680.17,-1,-1,-1,-1
232,2,1077.69,148.71,264.28,767.89,-1,-1,-1,-1
232,3,365.84,234.65,202.89,572.89,-1,-1,-1,-1
233,1,602.81,219.35,252.80,682.51,-1,-1,-1,-1
233,2,1058.53,156.51,261.87,763.16,-1,-1,-1,-1
233,3,383.02,230.43,205.13,572.65,-1,-1,-1,-1
234,1,589.34,222.16,255.55,685.64,-1,-1,-1,-1
234,2,1043.47,164.02,260.06,759.22,-1,-1,-1,-1
234,3,395.61,234.33,203.29,561.98,-1,-1,-1,-1
235,1,572.50,223.85,259.21,691.80,-1,-1,-1,-1
235,2,1025.37,165.32,258.96,764.10,-1,-1,-1,-1
235,3,416.61,232.76,206.47,567.46,-1,-1,-1,-1
236,1,558.58,221.70,263.22,701.91,-1,-1,-1,-1
236,2,1000.14,157.33,259.82,776.60,-1,-1,-1,-1
236,3,436.21,229.19,208.44,571.48,-1,-1,-1,-1
237,1,534.71,217.84,260.92,697.75,-1,-1,-1,-1
237,2,977.00,152.73,257.58,781.60,-1,-1,-1,-1
237,3,453.48,228.90,212.02,583.70,-1,-1,-1,-1
238,1,515.95,212.11,262.83,704.63,-1,-1,-1,-1
238,2,955.48,147.14,256.57,782.10,-1,-1,-1,-1
238,3,463.38,221.89,212.63,593.53,-1,-1,-1,-1
239,1,496.91,202.97,271.26,726.14,-1,-1,-1,-1
239,2,939.19,148.44,250.42,765.65,-1,-1,-1,-1
240,1,483.14,195.46,282.63,753.81,-1,-1,-1,-1
240,2,921.06,151.71,251.50,764.19,-1,-1,-1,-1
241,1,468.43,194.15,290.18,766.77,-1,-1,-1,-1
241,2,907.65,152.83,252.84,769.13,-1,-1,-1,-1
242,1,459.13,191.40,299.82,784.59,-1,-1,-1,-1
242,2,891.83,150.85,257.21,785.29,-1,-1,-1,-1
243,1,451.18,197.16,305.65,795.99,-1,-1,-1,-1
243,2,867.05,153.54,259.24,794.72,-1,-1,-1,-1
243,4,0.22,286.65,96.05,526.73,-1,-1,-1,-1
244,1,447.83,202.56,310.36,809.00,-1,-1,-1,-1
244,2,841.34,152.76,262.66,806.13,-1,-1,-1,-1
244,5,601.47,232.32,215.19,581.93,-1,-1,-1,-1
245,1,451.40,206.62,312.88,820.59,-1,-1,-1,-1
245,2,818.50,154.99,259.92,800.44,-1,-1,-1,-1
245,5,614.28,230.33,212.34,575.44,-1,-1,-1,-1
246,1,454.15,206.84,313.68,826.92,-1,-1,-1,-1
246,2,803.40,154.88,258.58,800.17,-1,-1,-1,-1
246,5,622.23,231.16,210.30,571.90,-1,-1,-1,-1
247,1,457.87,206.50,317.10,837.53,-1,-1,-1,-1
247,2,786.90,148.80,251.47,781.65,-1,-1,-1,-1
247,4,-1.53,254.26,104.77,575.41,-1,-1,-1,-1
248,1,460.36,195.61,323.86,857.09,-1,-1,-1,-1
248,2,770.02,152.85,251.30,777.38,-1,-1,-1,-1
249,1,471.76,188.32,326.28,864.12,-1,-1,-1,-1
249,2,750.05,154.48,248.11,773.14,-1,-1,-1,-1
249,6,696.43,202.96,185.13,585.86,-1,-1,-1,-1
250,1,480.40,172.50,329.25,875.99,-1,-1,-1,-1
250,2,726.69,150.18,255.24,794.47,-1,-1,-1,-1
250,4,8.34,196.06,117.52,637.28,-1,-1,-1,-1
251,1,496.19,166.63,337.50,901.15,-1,-1,-1,-1
251,2,679.26,155.92,258.90,801.12,-1,-1,-1,-1
251,4,11.52,200.67,117.35,624.93,-1,-1,-1,-1
252,1,512.04,162.99,335.66,898.24,-1,-1,-1,-1
252,2,699.81,183.01,238.48,734.85,-1,-1,-1,-1
252,4,13.18,202.37,116.78,609.35,-1,-1,-1,-1
253,1,529.85,171.87,329.56,886.00,-1,-1,-1,-1
253,4,13.57,209.00,117.32,599.76,-1,-1,-1,-1
254,1,546.71,155.22,338.03,907.56,-1,-1,-1,-1
254,4,11.90,212.90,120.08,604.07,-1,-1,-1,-1
254,3,786.49,237.63,199.75,553.41,-1,-1,-1,-1
255,1,559.45,157.51,342.43,915.77,-1,-1,-1,-1
255,4,12.07,216.87,120.04,592.60,-1,-1,-1,-1
255,3,811.90,233.03,201.03,558.53,-1,-1,-1,-1
256,1,570.98,161.18,345.40,918.06,-1,-1,-1,-1
256,4,10.87,217.56,123.02,598.03,-1,-1,-1,-1
256,3,830.81,228.30,200.74,559.29,-1,-1,-1,-1
257,1,588.28,162.34,343.64,908.78,-1,-1,-1,-1
257,4,9.74,218.37,124.69,597.73,-1,-1,-1,-1
257,3,850.90,221.95,201.05,561.92,-1,-1,-1,-1
258,1,596.38,156.78,346.93,916.56,-1,-1,-1,-1
258,4,8.49,219.84,126.60,599.73,-1,-1,-1,-1
258,3,862.91,219.90,202.24,566.25,-1,-1,-1,-1
258,6,555.58,158.93,228.88,719.59,-1,-1,-1,-1
259,1,627.16,162.93,350.09,919.63,-1,-1,-1,-1
259,4,8.66,218.13,127.79,597.19,-1,-1,-1,-1
259,3,878.84,220.40,200.32,560.28,-1,-1,-1,-1
259,2,545.59,156.16,221.28,682.64,-1,-1,-1,-1
260,1,651.72,148.77,356.64,938.92,-1,-1,-1,-1
260,4,9.88,216.60,129.20,593.88,-1,-1,-1,-1
260,3,900.43,222.63,199.16,554.96,-1,-1,-1,-1
260,2,524.11,157.88,233.56,712.64,-1,-1,-1,-1
261,1,687.01,141.93,353.17,944.30,-1,-1,-1,-1
261,4,9.98,215.39,132.18,598.35,-1,-1,-1,-1
261,3,916.97,225.18,198.71,551.68,-1,-1,-1,-1
261,2,504.78,158.05,249.68,748.92,-1,-1,-1,-1
262,1,723.06,140.10,349.21,945.83,-1,-1,-1,-1
262,4,10.21,215.75,134.52,599.47,-1,-1,-1,-1
262,3,938.37,227.55,195.56,540.10,-1,-1,-1,-1
262,2,480.99,166.65,256.96,753.20,-1,-1,-1,-1
263,1,760.24,147.97,342.35,935.35,-1,-1,-1,-1
263,4,10.36,215.27,135.36,593.64,-1,-1,-1,-1
263,3,962.56,226.24,196.27,539.30,-1,-1,-1,-1
263,2,457.69,170.13,262.92,758.39,-1,-1,-1,-1
264,1,777.62,150.32,337.32,924.90,-1,-1,-1,-1
264,4,9.85,217.23,135.99,587.79,-1,-1,-1,-1
264,3,976.84,225.32,197.03,541.45,-1,-1,-1,-1
264,2,434.71,173.67,264.84,758.38,-1,-1,-1,-1
265,1,796.37,155.63,336.32,924.66,-1,-1,-1,-1
265,4,6.89,212.99,139.12,596.79,-1,-1,-1,-1
265,3,997.41,228.32,195.88,537.36,-1,-1,-1,-1
265,2,416.97,179.31,262.62,752.95,-1,-1,-1,-1
266,1,811.89,159.45,333.38,911.96,-1,-1,-1,-1
266,4,5.31,212.97,139.60,594.99,-1,-1,-1,-1
266,3,1007.99,227.60,196.92,540.52,-1,-1,-1,-1
266,2,398.38,181.85,260.68,751.58,-1,-1,-1,-1
267,1,832.15,172.08,328.34,892.38,-1,-1,-1,-1
267,4,6.08,216.00,140.23,591.83,-1,-1,-1,-1
267,3,1028.20,222.23,196.70,543.26,-1,-1,-1,-1
267,2,374.44,174.84,262.53,755.37,-1,-1,-1,-1
268,1,855.21,188.78,313.51,839.43,-1,-1,-1,-1
268,4,6.13,218.08,140.55,587.77,-1,-1,-1,-1
268,3,1043.64,219.33,196.02,543.25,-1,-1,-1,-1
268,2,348.54,168.14,268.35,769.03,-1,-1,-1,-1
269,1,875.63,188.34,306.81,815.79,-1,-1,-1,-1
269,4,5.26,218.02,141.67,588.31,-1,-1,-1,-1
269,3,1061.61,213.58,196.77,546.30,-1,-1,-1,-1
269,2,326.05,160.65,272.14,773.80,-1,-1,-1,-1
270,1,897.81,177.25,319.13,848.35,-1,-1,-1,-1
270,4,4.37,215.50,148.17,612.03,-1,-1,-1,-1
270,3,1082.85,212.56,196.96,544.77,-1,-1,-1,-1
270,2,315.71,158.35,271.94,769.05,-1,-1,-1,-1
271,1,927.15,174.84,313.57,833.61,-1,-1,-1,-1
271,4,11.12,214.28,149.76,605.17,-1,-1,-1,-1
271,3,1104.19,215.96,193.80,535.27,-1,-1,-1,-1
271,2,295.34,154.09,278.02,781.24,-1,-1,-1,-1
272,1,944.68,174.00,317.28,847.87,-1,-1,-1,-1
272,4,14.23,215.13,151.91,600.18,-1,-1,-1,-1
272,3,1122.13,215.90,197.88,545.09,-1,-1,-1,-1
272,2,268.18,151.54,291.61,814.84,-1,-1,-1,-1
273,1,952.73,168.43,315.69,844.95,-1,-1,-1,-1
273,4,16.06,220.56,151.38,583.69,-1,-1,-1,-1
273,3,1141.87,218.44,200.80,552.22,-1,-1,-1,-1
273,2,248.88,154.16,300.07,839.26,-1,-1,-1,-1
274,1,962.18,168.96,312.93,837.81,-1,-1,-1,-1
274,4,18.61,226.63,155.58,583.73,-1,-1,-1,-1
274,3,1160.29,219.81,202.43,557.77,-1,-1,-1,-1
274,2,224.86,156.51,302.86,843.22,-1,-1,-1,-1
275,1,968.86,168.00,311.36,833.75,-1,-1,-1,-1
275,4,21.91,235.55,162.04,589.41,-1,-1,-1,-1
275,3,1176.14,216.88,205.01,565.12,-1,-1,-1,-1
275,2,200.10,155.31,307.29,852.71,-1,-1,-1,-1
276,1,974.09,170.83,310.69,835.23,-1,-1,-1,-1
276,4,24.13,241.09,167.02,588.19,-1,-1,-1,-1
276,3,1191.39,215.88,205.36,565.03,-1,-1,-1,-1
276,2,177.99,150.54,314.04,867.43,-1,-1,-1,-1
277,1,981.45,181.64,305.08,823.35,-1,-1,-1,-1
277,4,25.24,245.36,170.04,579.64,-1,-1,-1,-1
277,3,1207.85,210.21,205.59,571.17,-1,-1,-1,-1
277,2,157.62,139.42,321.79,886.11,-1,-1,-1,-1
278,1,990.02,185.62,299.77,808.08,-1,-1,-1,-1
278,4,24.35,247.34,175.32,580.72,-1,-1,-1,-1
278,3,1218.98,207.45,206.03,576.40,-1,-1,-1,-1
278,2,151.44,132.98,325.03,892.25,-1,-1,-1,-1
279,1,992.61,192.61,296.84,796.17,-1,-1,-1,-1
279,4,28.47,250.81,179.23,574.32,-1,-1,-1,-1
279,3,1236.00,203.92,205.55,576.19,-1,-1,-1,-1
279,2,137.14,122.52,332.00,902.68,-1,-1,-1,-1
280,1,997.74,194.71,293.18,779.84,-1,-1,-1,-1
280,4,39.10,257.92,178.63,559.80,-1,-1,-1,-1
280,3,1251.66,198.23,207.84,578.74,-1,-1,-1,-1
280,2,118.97,114.66,338.04,912.05,-1,-1,-1,-1
281,1,997.06,191.11,291.81,770.45,-1,-1,-1,-1
281,3,1271.24,198.66,210.07,581.77,-1,-1,-1,-1
281,2,105.93,120.15,345.90,933.89,-1,-1,-1,-1
282,1,995.25,185.65,282.18,741.55,-1,-1,-1,-1
282,3,1287.67,196.61,212.95,588.13,-1,-1,-1,-1
282,2,101.00,117.66,353.01,955.58,-1,-1,-1,-1
283,1,992.23,190.28,277.26,728.92,-1,-1,-1,-1
283,3,1302.06,198.71,214.16,588.76,-1,-1,-1,-1
283,2,105.38,119.64,353.38,956.00,-1,-1,-1,-1
284,1,987.92,193.82,272.78,719.75,-1,-1,-1,-1
284,3,1315.95,198.41,215.68,590.96,-1,-1,-1,-1
284,2,101.77,109.75,359.93,969.63,-1,-1,-1,-1
285,1,982.48,196.77,268.02,710.31,-1,-1,-1,-1
285,3,1328.45,195.45,218.00,596.12,-1,-1,-1,-1
285,2,105.05,107.22,365.41,979.83,-1,-1,-1,-1
286,1,977.08,205.94,257.96,686.72,-1,-1,-1,-1
286,3,1343.97,194.81,218.87,598.73,-1,-1,-1,-1
286,2,111.29,92.42,372.70,990.49,-1,-1,-1,-1
287,1,966.39,214.72,250.16,668.39,-1,-1,-1,-1
287,3,1358.68,192.21,219.77,604.94,-1,-1,-1,-1
287,2,118.52,89.69,378.75,999.95,-1,-1,-1,-1
288,1,957.44,218.16,246.66,659.47,-1,-1,-1,-1
288,3,1377.16,191.73,216.07,598.66,-1,-1,-1,-1
288,2,123.90,80.47,386.04,1012.14,-1,-1,-1,-1
289,1,946.60,221.67,241.52,646.58,-1,-1,-1,-1
289,3,1396.81,186.51,218.55,612.05,-1,-1,-1,-1
289,2,136.68,75.27,387.62,1015.01,-1,-1,-1,-1
290,1,932.40,218.19,241.20,644.71,-1,-1,-1,-1
290,3,1410.18,186.80,217.31,613.42,-1,-1,-1,-1
290,2,156.26,77.00,385.92,1010.29,-1,-1,-1,-1
291,1,918.28,217.38,236.36,631.65,-1,-1,-1,-1
291,3,1428.61,187.36,222.12,625.21,-1,-1,-1,-1
291,2,172.97,80.05,383.08,1000.54,-1,-1,-1,-1
292,1,897.63,216.97,234.04,624.42,-1,-1,-1,-1
292,3,1440.36,186.65,227.15,637.59,-1,-1,-1,-1
292,2,187.85,82.23,382.31,998.06,-1,-1,-1,-1
293,1,879.40,216.11,233.06,621.87,-1,-1,-1,-1
293,3,1446.16,186.74,231.50,649.40,-1,-1,-1,-1
293,2,212.82,86.18,382.12,990.23,-1,-1,-1,-1
294,1,866.05,216.49,230.08,615.20,-1,-1,-1,-1
294,3,1450.61,188.42,233.98,655.72,-1,-1,-1,-1
294,2,240.37,83.34,388.29,998.16,-1,-1,-1,-1
295,1,857.28,219.73,228.94,611.54,-1,-1,-1,-1
295,3,1460.64,188.38,236.40,661.10,-1,-1,-1,-1
295,2,261.10,74.73,397.38,1013.33,-1,-1,-1,-1
296,1,842.80,221.39,227.84,606.33,-1,-1,-1,-1
296,3,1472.23,185.59,239.31,669.17,-1,-1,-1,-1
296,2,287.00,65.27,403.02,1024.08,-1,-1,-1,-1
297,1,832.66,225.69,228.78,605.93,-1,-1,-1,-1
297,3,1487.49,180.82,240.68,673.31,-1,-1,-1,-1
297,2,316.33,54.93,407.39,1033.83,-1,-1,-1,-1
297,8,244.63,281.64,222.10,585.14,-1,-1,-1,-1
298,1,822.84,230.46,226.65,597.13,-1,-1,-1,-1
298,3,1505.94,179.57,242.91,680.00,-1,-1,-1,-1
298,2,343.52,44.43,412.30,1046.12,-1,-1,-1,-1
298,8,253.38,265.42,228.30,601.07,-1,-1,-1,-1
299,1,812.20,232.70,224.52,588.66,-1,-1,-1,-1
299,3,1517.68,178.41,242.97,681.40,-1,-1,-1,-1
299,2,384.75,47.17,416.73,1055.23,-1,-1,-1,-1
299,8,264.69,272.81,229.54,602.95,-1,-1,-1,-1
300,1,799.78,235.24,222.90,581.89,-1,-1,-1,-1
300,3,1528.46,174.48,241.38,680.31,-1,-1,-1,-1
300,2,436.38,37.48,405.68,1022.31,-1,-1,-1,-1
300,8,275.23,275.66,234.37,613.85,-1,-1,-1,-1
301,1,789.70,234.08,220.19,575.19,-1,-1,-1,-1
301,3,1539.07,171.29,245.51,694.74,-1,-1,-1,-1
301,2,469.56,43.94,412.73,1043.30,-1,-1,-1,-1
301,8,281.31,280.11,237.17,619.32,-1,-1,-1,-1
302,1,776.30,229.83,220.42,577.93,-1,-1,-1,-1
302,3,1543.07,170.72,250.06,710.43,-1,-1,-1,-1
302,2,488.71,55.17,416.41,1054.22,-1,-1,-1,-1
302,8,287.26,280.97,238.76,621.23,-1,-1,-1,-1
303,1,760.10,238.08,210.30,555.05,-1,-1,-1,-1
303,3,1550.91,171.32,253.17,722.41,-1,-1,-1,-1
303,2,528.50,66.32,403.31,1028.42,-1,-1,-1,-1
303,8,295.93,281.21,240.24,622.31,-1,-1,-1,-1
304,3,1561.59,168.55,256.94,733.89,-1,-1,-1,-1
304,2,591.83,65.09,389.99,1003.38,-1,-1,-1,-1
304,8,306.05,283.73,240.53,619.56,-1,-1,-1,-1
305,3,1574.03,165.78,258.64,738.72,-1,-1,-1,-1
305,2,629.61,59.54,387.60,1007.34,-1,-1,-1,-1
305,8,314.30,286.24,244.74,626.06,-1,-1,-1,-1
306,3,1583.33,157.32,260.19,743.20,-1,-1,-1,-1
306,2,682.51,51.88,366.06,959.84,-1,-1,-1,-1
306,8,316.81,290.69,253.31,644.49,-1,-1,-1,-1
307,3,1590.10,152.24,263.58,753.50,-1,-1,-1,-1
307,2,732.38,24.40,336.15,879.05,-1,-1,-1,-1
307,8,317.63,291.02,261.01,660.68,-1,-1,-1,-1
308,3,1597.22,142.35,267.26,763.75,-1,-1,-1,-1
308,2,764.38,9.69,346.84,909.50,-1,-1,-1,-1
308,8,313.47,287.39,272.81,687.80,-1,-1,-1,-1
308,1,679.29,229.74,224.65,588.49,-1,-1,-1,-1
309,3,1604.96,137.46,270.50,770.94,-1,-1,-1,-1
309,2,801.01,18.39,384.95,1013.05,-1,-1,-1,-1
309,8,313.66,286.69,282.36,708.34,-1,-1,-1,-1
309,1,659.28,236.61,226.24,590.10,-1,-1,-1,-1
310,3,1607.34,132.68,275.96,786.19,-1,-1,-1,-1
310,2,841.81,18.76,398.90,1046.02,-1,-1,-1,-1
310,8,315.03,286.81,287.60,715.45,-1,-1,-1,-1
310,1,637.54,233.69,231.61,602.86,-1,-1,-1,-1
311,3,1605.54,131.85,285.28,815.26,-1,-1,-1,-1
311,2,884.00,25.46,410.62,1077.11,-1,-1,-1,-1
311,8,319.22,289.24,289.26,714.19,-1,-1,-1,-1
311,1,618.54,233.46,235.54,613.29,-1,-1,-1,-1
312,3,1605.60,135.60,288.29,827.20,-1,-1,-1,-1
312,2,925.07,28.70,413.34,1086.45,-1,-1,-1,-1
312,8,324.50,287.94,290.27,715.38,-1,-1,-1,-1
312,1,598.56,231.17,237.69,620.56,-1,-1,-1,-1
313,3,1604.29,135.80,294.08,847.74,-1,-1,-1,-1
313,2,984.93,18.58,407.17,1071.05,-1,-1,-1,-1
313,8,327.85,286.25,289.37,713.94,-1,-1,-1,-1
313,1,586.16,225.98,237.34,627.30,-1,-1,-1,-1
314,3,1600.66,137.08,297.11,859.25,-1,-1,-1,-1
314,2,1032.21,14.96,408.02,1073.26,-1,-1,-1,-1
314,8,331.25,284.81,290.52,713.83,-1,-1,-1,-1
314,1,569.03,225.89,236.41,632.54,-1,-1,-1,-1
315,3,1599.21,135.76,298.83,865.26,-1,-1,-1,-1
315,2,1075.79,23.48,401.35,1055.46,-1,-1,-1,-1
315,8,331.58,278.75,299.96,733.83,-1,-1,-1,-1
315,1,553.60,226.24,230.25,622.67,-1,-1,-1,-1
316,3,1595.60,134.37,301.50,873.77,-1,-1,-1,-1
316,2,1118.26,13.75,401.65,1047.68,-1,-1,-1,-1
316,8,338.08,278.65,309.00,753.61,-1,-1,-1,-1
316,1,538.49,226.05,226.61,614.35,-1,-1,-1,-1
317,3,1594.78,131.26,303.27,878.59,-1,-1,-1,-1
317,2,1144.56,12.61,410.53,1065.73,-1,-1,-1,-1
317,8,342.43,267.78,317.94,775.53,-1,-1,-1,-1
317,1,523.06,228.40,224.40,611.00,-1,-1,-1,-1
318,3,1592.65,121.66,307.45,888.19,-1,-1,-1,-1
318,2,1172.89,13.63,411.90,1062.01,-1,-1,-1,-1
318,8,349.81,245.64,329.11,806.10,-1,-1,-1,-1
318,1,515.89,234.10,220.52,604.92,-1,-1,-1,-1
319,3,1592.73,111.31,311.63,899.30,-1,-1,-1,-1
319,2,1207.95,8.64,406.72,1040.19,-1,-1,-1,-1
319,8,357.57,214.18,340.59,837.21,-1,-1,-1,-1
320,3,1592.19,109.63,315.19,911.58,-1,-1,-1,-1
320,2,1227.58,13.19,413.12,1047.96,-1,-1,-1,-1
320,8,357.55,182.42,350.28,857.69,-1,-1,-1,-1
321,3,1590.96,101.33,322.93,937.87,-1,-1,-1,-1
321,2,1263.96,27.74,419.07,1064.64,-1,-1,-1,-1
321,8,362.77,152.64,363.09,886.09,-1,-1,-1,-1
322,3,1587.40,97.13,326.45,946.59,-1,-1,-1,-1
322,2,1295.41,28.63,414.25,1053.29,-1,-1,-1,-1
322,8,361.16,128.55,379.76,926.71,-1,-1,-1,-1
323,3,1558.86,80.55,345.00,986.52,-1,-1,-1,-1
323,2,1342.52,12.49,414.36,1053.27,-1,-1,-1,-1
323,8,358.32,97.28,397.29,969.23,-1,-1,-1,-1
324,3,1548.84,72.46,358.01,1017.05,-1,-1,-1,-1
324,8,358.75,71.49,410.00,998.30,-1,-1,-1,-1
325,3,1604.85,75.39,322.46,929.13,-1,-1,-1,-1
325,8,368.67,48.43,410.77,997.54,-1,-1,-1,-1
325,2,1440.79,2.27,421.11,1063.37,-1,-1,-1,-1
326,3,1575.66,54.89,345.54,998.33,-1,-1,-1,-1
326,8,379.83,42.82,419.58,1018.90,-1,-1,-1,-1
327,3,1531.50,25.18,360.54,1033.32,-1,-1,-1,-1
327,8,394.76,35.17,427.23,1038.14,-1,-1,-1,-1
327,1,335.73,249.69,216.98,594.66,-1,-1,-1,-1
328,3,1533.66,34.35,367.72,1056.40,-1,-1,-1,-1
328,8,410.16,30.81,427.64,1042.96,-1,-1,-1,-1
328,1,332.15,242.80,220.30,599.50,-1,-1,-1,-1
329,3,1561.30,35.55,352.04,1011.39,-1,-1,-1,-1
329,8,435.43,26.73,426.45,1041.98,-1,-1,-1,-1
329,1,329.19,242.29,222.00,599.87,-1,-1,-1,-1
330,3,1557.72,27.66,361.43,1043.46,-1,-1,-1,-1
330,8,455.70,21.97,431.00,1058.88,-1,-1,-1,-1
330,1,333.84,240.08,223.60,600.32,-1,-1,-1,-1
331,3,1568.85,55.37,349.89,1015.80,-1,-1,-1,-1
331,8,478.58,31.78,432.78,1063.97,-1,-1,-1,-1
331,1,340.81,233.46,227.96,603.68,-1,-1,-1,-1
332,3,1573.13,67.51,343.22,1000.79,-1,-1,-1,-1
332,8,496.05,24.34,436.22,1073.31,-1,-1,-1,-1
332,1,351.67,240.95,229.21,599.67,-1,-1,-1,-1
333,3,1569.48,84.58,342.93,1003.97,-1,-1,-1,-1
333,8,511.57,17.41,437.08,1078.38,-1,-1,-1,-1
333,1,367.62,247.98,233.56,603.88,-1,-1,-1,-1
334,3,1571.53,87.30,337.35,988.54,-1,-1,-1,-1
334,8,545.18,20.48,435.88,1079.74,-1,-1,-1,-1
334,1,379.82,243.55,246.88,631.50,-1,-1,-1,-1
335,3,1568.13,93.91,336.34,987.73,-1,-1,-1,-1
335,8,573.43,17.08,434.73,1083.84,-1,-1,-1,-1
335,1,390.90,238.83,254.79,646.13,-1,-1,-1,-1
336,3,1563.06,98.17,335.20,977.65,-1,-1,-1,-1
336,8,601.93,25.37,427.25,1072.55,-1,-1,-1,-1
336,1,401.29,236.05,261.24,659.21,-1,-1,-1,-1
337,3,1558.99,98.81,333.37,967.83,-1,-1,-1,-1
337,8,636.79,12.50,424.92,1072.93,-1,-1,-1,-1
337,1,408.19,229.50,264.20,663.48,-1,-1,-1,-1
338,3,1542.15,101.54,330.12,954.45,-1,-1,-1,-1
338,8,674.06,7.78,427.54,1080.41,-1,-1,-1,-1
338,1,412.16,224.69,270.09,674.86,-1,-1,-1,-1
339,3,1525.19,106.74,328.50,948.00,-1,-1,-1,-1
339,8,701.61,9.70,426.05,1072.06,-1,-1,-1,-1
339,1,410.87,221.68,277.33,690.10,-1,-1,-1,-1
340,3,1504.55,104.66,322.74,931.97,-1,-1,-1,-1
340,8,727.22,21.40,426.75,1069.36,-1,-1,-1,-1
340,1,405.44,218.42,284.34,704.40,-1,-1,-1,-1
341,3,1480.40,113.42,320.14,924.99,-1,-1,-1,-1
341,8,745.17,17.52,426.98,1072.18,-1,-1,-1,-1
341,1,396.74,218.13,294.12,723.88,-1,-1,-1,-1
342,3,1458.97,113.94,317.52,916.38,-1,-1,-1,-1
342,8,768.52,17.33,420.37,1060.12,-1,-1,-1,-1
342,1,386.90,221.48,300.82,735.16,-1,-1,-1,-1
343,3,1424.93,121.36,318.60,920.36,-1,-1,-1,-1
343,8,787.19,18.04,419.59,1066.59,-1,-1,-1,-1
343,1,369.81,224.34,311.37,759.77,-1,-1,-1,-1
344,3,1395.12,120.76,320.05,920.14,-1,-1,-1,-1
344,8,807.65,12.13,419.69,1070.38,-1,-1,-1,-1
344,1,361.78,222.20,302.71,733.11,-1,-1,-1,-1
345,3,1369.72,127.10,320.23,918.85,-1,-1,-1,-1
345,8,832.23,20.31,416.34,1059.70,-1,-1,-1,-1
345,1,344.94,213.97,301.79,727.12,-1,-1,-1,-1
345,10,1786.32,255.60,120.01,536.40,-1,-1,-1,-1
346,3,1342.00,129.98,320.31,915.61,-1,-1,-1,-1
346,8,844.99,27.76,414.06,1049.11,-1,-1,-1,-1
346,1,310.98,211.31,324.15,784.31,-1,-1,-1,-1
346,10,1782.98,197.16,133.07,595.08,-1,-1,-1,-1
347,3,1318.61,126.81,320.90,915.89,-1,-1,-1,-1
347,8,846.44,24.97,421.50,1065.78,-1,-1,-1,-1
347,1,283.95,200.40,336.86,819.76,-1,-1,-1,-1
347,10,1752.59,127.07,175.13,784.76,-1,-1,-1,-1
348,3,1293.37,128.56,324.15,926.62,-1,-1,-1,-1
348,8,839.91,24.67,418.66,1052.24,-1,-1,-1,-1
348,1,267.40,193.85,343.26,840.63,-1,-1,-1,-1
348,10,1730.63,99.70,191.65,855.48,-1,-1,-1,-1
349,3,1276.47,129.57,315.96,904.52,-1,-1,-1,-1
349,8,834.54,28.38,416.77,1044.54,-1,-1,-1,-1
349,1,260.66,188.09,343.88,846.62,-1,-1,-1,-1
349,10,1707.53,79.72,209.72,934.41,-1,-1,-1,-1
350,3,1253.72,128.64,318.68,916.84,-1,-1,-1,-1
350,8,826.50,28.55,419.53,1051.92,-1,-1,-1,-1
350,1,257.06,179.75,351.40,869.72,-1,-1,-1,-1
350,10,1698.03,73.69,216.75,959.57,-1,-1,-1,-1
351,3,1235.48,131.22,312.47,896.12,-1,-1,-1,-1
351,8,817.14,30.43,415.93,1044.64,-1,-1,-1,-1
351,1,271.90,179.03,348.95,861.43,-1,-1,-1,-1
351,10,1688.52,71.19,220.25,965.76,-1,-1,-1,-1
352,3,1221.80,136.76,310.64,888.91,-1,-1,-1,-1
352,8,814.37,45.33,408.52,1024.58,-1,-1,-1,-1
352,1,289.77,175.87,349.44,859.92,-1,-1,-1,-1
352,10,1681.52,69.79,222.40,965.15,-1,-1,-1,-1
353,3,1209.23,142.13,307.09,877.43,-1,-1,-1,-1
353,8,802.81,52.25,409.92,1030.95,-1,-1,-1,-1
353,1,308.87,177.61,351.08,860.57,-1,-1,-1,-1
353,10,1674.43,72.93,222.03,949.37,-1,-1,-1,-1
354,3,1194.90,144.51,306.86,880.43,-1,-1,-1,-1
354,8,795.76,63.38,401.19,1010.59,-1,-1,-1,-1
354,1,326.89,181.51,354.14,863.52,-1,-1,-1,-1
354,10,1663.61,81.38,222.65,932.56,-1,-1,-1,-1
355,3,1181.11,149.52,301.29,867.46,-1,-1,-1,-1
355,8,789.62,76.54,397.77,1008.25,-1,-1,-1,-1
355,1,347.80,178.91,355.27,862.04,-1,-1,-1,-1
355,10,1651.77,92.37,221.59,904.14,-1,-1,-1,-1
356,3,1168.74,149.29,299.03,862.47,-1,-1,-1,-1
356,8,781.08,72.89,400.34,1018.04,-1,-1,-1,-1
356,1,366.24,172.87,364.08,882.75,-1,-1,-1,-1
356,10,1633.41,105.10,220.09,871.71,-1,-1,-1,-1
357,3,1152.23,146.11,295.80,856.09,-1,-1,-1,-1
357,8,774.74,79.67,392.04,996.81,-1,-1,-1,-1
357,1,381.88,164.84,372.16,902.80,-1,-1,-1,-1
357,10,1613.20,111.19,221.01,851.86,-1,-1,-1,-1
358,3,1127.78,145.20,295.47,859.18,-1,-1,-1,-1
358,8,771.43,77.47,391.27,998.96,-1,-1,-1,-1
358,1,396.77,163.53,374.49,908.86,-1,-1,-1,-1
358,10,1598.05,118.17,219.99,827.64,-1,-1,-1,-1
359,3,1109.70,144.34,294.79,860.97,-1,-1,-1,-1
359,8,766.06,82.23,389.38,999.81,-1,-1,-1,-1
359,1,412.26,161.47,377.23,915.41,-1,-1,-1,-1
359,10,1582.12,118.99,222.63,817.95,-1,-1,-1,-1
360,3,1090.23,145.07,293.50,856.83,-1,-1,-1,-1
360,8,765.84,104.93,367.13,945.35,-1,-1,-1,-1
360,1,424.07,159.49,379.73,920.04,-1,-1,-1,-1
360,10,1575.91,120.03,198.40,707.29,-1,-1,-1,-1
360,11,6.85,272.91,93.63,595.68,-1,-1,-1,-1
361,3,1073.26,145.12,293.81,855.69,-1,-1,-1,-1
361,8,760.68,107.33,349.24,903.56,-1,-1,-1,-1
361,1,432.27,162.37,380.65,919.64,-1,-1,-1,-1
361,10,1541.91,123.51,216.33,754.74,-1,-1,-1,-1
361,11,20.34,255.85,95.53,601.62,-1,-1,-1,-1
362,3,1061.17,145.57,295.63,857.07,-1,-1,-1,-1
362,8,759.76,107.31,337.12,873.77,-1,-1,-1,-1
362,1,436.45,164.32,379.58,911.19,-1,-1,-1,-1
362,10,1521.26,121.56,227.76,775.92,-1,-1,-1,-1
362,11,30.28,229.40,105.06,650.21,-1,-1,-1,-1
363,3,1047.74,149.29,296.13,857.14,-1,-1,-1,-1
363,8,757.76,109.30,330.19,860.33,-1,-1,-1,-1
363,1,437.49,162.08,382.41,912.45,-1,-1,-1,-1
363,10,1498.76,127.72,234.00,776.99,-1,-1,-1,-1
363,11,40.07,220.63,110.26,662.52,-1,-1,-1,-1
364,3,1035.74,145.44,296.73,860.12,-1,-1,-1,-1
364,8,756.21,116.86,322.91,847.32,-1,-1,-1,-1
364,1,435.30,162.74,386.24,912.57,-1,-1,-1,-1
364,10,1472.26,133.02,240.00,773.21,-1,-1,-1,-1
364,11,46.86,216.06,115.30,665.95,-1,-1,-1,-1
365,3,1018.99,144.72,297.62,864.06,-1,-1,-1,-1
365,8,750.07,118.98,317.70,839.73,-1,-1,-1,-1
365,1,431.01,157.63,390.85,917.22,-1,-1,-1,-1
365,10,1444.47,140.93,244.65,769.09,-1,-1,-1,-1
365,11,50.30,219.39,118.49,652.56,-1,-1,-1,-1
366,3,1001.61,149.03,294.23,858.07,-1,-1,-1,-1
366,8,750.16,123.21,307.97,820.17,-1,-1,-1,-1
366,1,420.22,138.01,399.34,936.37,-1,-1,-1,-1
366,10,1411.17,145.07,245.08,755.82,-1,-1,-1,-1
366,11,52.88,217.10,123.31,643.18,-1,-1,-1,-1
367,3,983.64,144.66,294.05,863.88,-1,-1,-1,-1
367,8,749.51,127.03,302.39,811.98,-1,-1,-1,-1
367,1,415.00,119.54,406.23,952.89,-1,-1,-1,-1
367,10,1383.25,151.44,246.30,752.97,-1,-1,-1,-1
367,11,53.45,213.84,130.45,643.25,-1,-1,-1,-1
368,3,967.37,144.90,293.83,869.98,-1,-1,-1,-1
368,8,747.14,134.03,296.68,803.94,-1,-1,-1,-1
368,1,421.96,112.38,413.07,973.73,-1,-1,-1,-1
368,10,1361.32,153.15,245.01,747.27,-1,-1,-1,-1
368,11,54.05,209.91,138.69,645.26,-1,-1,-1,-1
369,3,943.26,148.71,292.21,875.21,-1,-1,-1,-1
369,8,739.41,142.54,289.79,788.53,-1,-1,-1,-1
369,1,430.58,109.13,413.91,987.01,-1,-1,-1,-1
369,10,1339.18,154.67,244.79,742.88,-1,-1,-1,-1
369,11,55.48,206.82,147.62,648.43,-1,-1,-1,-1
370,3,927.01,143.84,288.82,873.86,-1,-1,-1,-1
370,8,730.92,151.03,277.54,758.36,-1,-1,-1,-1
370,1,451.82,115.17,405.37,978.78,-1,-1,-1,-1
370,10,1319.69,149.01,246.60,741.59,-1,-1,-1,-1
370,11,59.04,206.72,155.87,647.91,-1,-1,-1,-1
371,3,912.70,144.74,281.81,850.98,-1,-1,-1,-1
371,8,723.51,152.02,267.04,733.99,-1,-1,-1,-1
371,1,484.79,107.78,409.28,987.25,-1,-1,-1,-1
371,10,1302.72,144.66,250.68,746.18,-1,-1,-1,-1
371,11,70.42,206.43,165.83,648.15,-1,-1,-1,-1
372,3,890.54,147.11,282.77,847.26,-1,-1,-1,-1
372,1,519.93,103.06,412.87,987.98,-1,-1,-1,-1
372,10,1281.78,147.21,252.61,743.28,-1,-1,-1,-1
372,11,76.49,205.26,177.29,653.95,-1,-1,-1,-1
373,3,876.23,150.55,285.77,855.51,-1,-1,-1,-1
373,1,544.12,104.27,416.15,990.71,-1,-1,-1,-1
373,10,1261.26,151.87,252.66,737.45,-1,-1,-1,-1
373,11,80.07,207.89,187.56,658.93,-1,-1,-1,-1
374,3,854.20,160.36,284.73,846.58,-1,-1,-1,-1
374,1,565.13,113.31,409.54,968.20,-1,-1,-1,-1
374,10,1239.83,162.44,251.23,724.87,-1,-1,-1,-1
374,11,82.53,206.26,197.79,666.79,-1,-1,-1,-1
375,1,608.71,137.81,401.19,935.34,-1,-1,-1,-1
375,10,1217.93,168.32,253.25,724.09,-1,-1,-1,-1
375,11,86.87,205.72,206.29,672.83,-1,-1,-1,-1
376,1,639.86,134.41,400.93,935.23,-1,-1,-1,-1
376,10,1193.12,168.76,253.48,720.85,-1,-1,-1,-1
376,11,93.62,203.56,215.44,681.01,-1,-1,-1,-1
377,1,663.49,130.66,401.98,944.85,-1,-1,-1,-1
377,10,1163.78,170.78,252.48,715.57,-1,-1,-1,-1
377,11,100.28,203.35,222.27,684.74,-1,-1,-1,-1
378,1,693.71,131.22,402.85,963.65,-1,-1,-1,-1
378,10,1133.61,165.57,253.83,722.46,-1,-1,-1,-1
378,11,105.62,197.48,230.17,692.51,-1,-1,-1,-1
379,1,727.79,122.20,404.02,977.68,-1,-1,-1,-1
379,10,1110.29,159.48,256.89,738.75,-1,-1,-1,-1
379,11,109.26,193.23,237.00,700.19,-1,-1,-1,-1
379,8,698.69,150.88,268.99,751.96,-1,-1,-1,-1
380,1,744.11,115.81,404.35,982.79,-1,-1,-1,-1
380,10,1091.63,155.30,258.54,747.17,-1,-1,-1,-1
380,11,109.67,190.50,243.27,707.61,-1,-1,-1,-1
381,1,787.33,113.85,402.96,984.75,-1,-1,-1,-1
381,10,1082.77,154.69,254.33,742.61,-1,-1,-1,-1
381,11,109.32,188.00,253.12,730.13,-1,-1,-1,-1
381,3,673.81,167.92,290.86,866.75,-1,-1,-1,-1
382,1,839.57,120.82,393.50,965.15,-1,-1,-1,-1
382,10,1067.56,157.97,249.23,727.60,-1,-1,-1,-1
382,11,104.77,188.07,263.36,758.81,-1,-1,-1,-1
382,3,648.91,161.49,291.20,861.78,-1,-1,-1,-1
383,1,893.74,119.89,375.44,926.91,-1,-1,-1,-1
383,11,100.72,191.98,267.59,770.04,-1,-1,-1,-1
383,3,629.11,160.60,294.25,858.65,-1,-1,-1,-1
384,1,922.06,118.96,389.68,957.07,-1,-1,-1,-1
384,11,98.83,193.08,271.57,781.19,-1,-1,-1,-1
384,3,616.16,162.86,295.05,852.29,-1,-1,-1,-1
385,1,959.11,127.67,398.72,968.72,-1,-1,-1,-1
385,11,92.24,186.59,275.58,789.56,-1,-1,-1,-1
385,3,586.04,165.34,298.18,858.71,-1,-1,-1,-1
386,1,982.36,126.43,405.89,976.71,-1,-1,-1,-1
386,11,88.99,182.18,278.40,794.46,-1,-1,-1,-1
386,3,566.23,165.43,293.98,843.25,-1,-1,-1,-1
386,12,694.55,202.27,217.14,618.56,-1,-1,-1,-1
387,1,1026.82,123.55,409.32,980.83,-1,-1,-1,-1
387,11,83.13,175.79,285.73,808.93,-1,-1,-1,-1
387,3,526.69,157.61,305.38,880.55,-1,-1,-1,-1
387,12,681.05,187.42,223.58,638.02,-1,-1,-1,-1
388,1,1057.91,107.84,415.33,986.29,-1,-1,-1,-1
388,11,75.38,167.63,293.09,822.28,-1,-1,-1,-1
388,3,500.97,160.74,302.34,871.46,-1,-1,-1,-1
388,8,925.85,168.21,237.67,673.70,-1,-1,-1,-1
388,10,698.80,181.20,218.02,640.51,-1,-1,-1,-1
389,1,1090.25,99.12,416.79,981.29,-1,-1,-1,-1
389,11,71.33,162.79,299.08,830.09,-1,-1,-1,-1
389,3,467.12,152.57,308.94,896.37,-1,-1,-1,-1
389,8,914.91,161.34,251.66,721.53,-1,-1,-1,-1
389,10,672.91,178.99,217.57,639.40,-1,-1,-1,-1
390,1,1110.13,85.80,425.19,991.73,-1,-1,-1,-1
390,11,74.01,162.35,305.00,833.07,-1,-1,-1,-1
390,3,442.89,152.87,308.10,891.52,-1,-1,-1,-1
390,8,904.25,158.82,255.84,739.04,-1,-1,-1,-1
390,10,665.60,181.53,214.69,627.87,-1,-1,-1,-1
391,1,1141.25,80.52,430.93,1003.71,-1,-1,-1,-1
391,11,75.69,159.98,310.69,834.81,-1,-1,-1,-1
391,3,421.34,151.31,308.68,889.82,-1,-1,-1,-1
391,8,882.11,159.03,259.92,747.73,-1,-1,-1,-1
391,10,660.75,180.37,217.37,630.55,-1,-1,-1,-1
392,1,1166.30,84.19,427.73,998.40,-1,-1,-1,-1
392,11,76.41,157.26,317.68,841.78,-1,-1,-1,-1
392,3,392.59,140.57,315.61,908.69,-1,-1,-1,-1
392,8,863.96,162.13,262.49,751.55,-1,-1,-1,-1
392,10,654.12,183.93,220.19,631.70,-1,-1,-1,-1
393,1,1191.44,93.78,419.98,990.00,-1,-1,-1,-1
393,11,84.10,157.70,323.26,846.01,-1,-1,-1,-1
393,3,370.20,146.93,317.11,909.36,-1,-1,-1,-1
393,8,843.05,167.61,264.68,755.45,-1,-1,-1,-1
393,10,651.69,182.67,222.11,631.63,-1,-1,-1,-1
394,1,1217.27,84.91,416.71,994.87,-1,-1,-1,-1
394,11,90.36,154.19,327.98,850.46,-1,-1,-1,-1
394,3,345.39,143.45,319.33,905.48,-1,-1,-1,-1
394,8,819.94,167.66,266.24,759.72,-1,-1,-1,-1
394,10,646.66,181.32,223.15,630.47,-1,-1,-1,-1
395,1,1241.56,87.08,414.33,999.98,-1,-1,-1,-1
395,11,94.30,149.44,329.70,852.01,-1,-1,-1,-1
395,3,314.47,141.99,326.88,920.29,-1,-1,-1,-1
395,8,794.29,167.25,266.01,763.59,-1,-1,-1,-1
395,10,642.73,180.84,225.58,635.07,-1,-1,-1,-1
396,1,1272.17,93.44,408.42,982.41,-1,-1,-1,-1
396,11,124.20,151.86,334.63,862.45,-1,-1,-1,-1
396,3,289.70,190.51,314.26,874.95,-1,-1,-1,-1
396,8,757.38,170.29,261.66,762.33,-1,-1,-1,-1
396,10,637.88,189.20,221.07,625.63,-1,-1,-1,-1
397,1,1289.18,88.77,411.12,981.71,-1,-1,-1,-1
397,11,171.26,137.04,359.92,917.43,-1,-1,-1,-1
397,10,657.49,186.40,233.98,660.97,-1,-1,-1,-1
398,1,1295.48,77.95,418.56,992.92,-1,-1,-1,-1
398,11,185.48,133.47,367.60,927.13,-1,-1,-1,-1
398,10,660.37,176.45,256.42,721.79,-1,-1,-1,-1
399,1,1303.69,80.95,421.51,991.27,-1,-1,-1,-1
399,11,184.17,132.37,379.51,954.42,-1,-1,-1,-1
399,10,657.86,167.54,266.84,751.62,-1,-1,-1,-1
400,1,1306.25,77.93,427.49,996.00,-1,-1,-1,-1
400,11,171.34,122.91,382.25,955.39,-1,-1,-1,-1
400,10,649.80,161.89,265.18,744.90,-1,-1,-1,-1
401,1,1306.36,77.97,431.96,995.89,-1,-1,-1,-1
401,11,156.70,115.99,390.76,969.04,-1,-1,-1,-1
401,10,635.16,162.99,267.49,745.44,-1,-1,-1,-1
402,1,1306.80,83.07,433.12,990.66,-1,-1,-1,-1
402,11,131.68,107.34,397.72,980.70,-1,-1,-1,-1
402,3,290.01,159.68,301.04,834.37,-1,-1,-1,-1
402,8,655.68,186.41,242.94,699.15,-1,-1,-1,-1
403,1,1298.22,82.89,434.56,989.21,-1,-1,-1,-1
403,11,107.74,108.12,403.86,989.07,-1,-1,-1,-1
403,3,285.67,159.82,306.75,855.49,-1,-1,-1,-1
403,8,598.42,180.69,259.55,736.85,-1,-1,-1,-1
404,1,1277.93,82.95,435.03,988.64,-1,-1,-1,-1
404,11,78.95,103.70,413.22,1009.04,-1,-1,-1,-1
404,3,304.86,153.68,319.60,887.99,-1,-1,-1,-1
404,8,563.67,180.41,267.03,753.46,-1,-1,-1,-1
404,14,756.44,231.00,217.48,584.52,-1,-1,-1,-1
405,1,1257.15,79.56,434.26,989.13,-1,-1,-1,-1
405,11,58.62,97.87,411.72,999.33,-1,-1,-1,-1
405,3,310.51,139.59,332.98,917.74,-1,-1,-1,-1
405,8,523.06,174.85,268.64,755.51,-1,-1,-1,-1
405,14,764.88,234.34,216.97,581.07,-1,-1,-1,-1
406,1,1236.30,91.43,429.96,980.45,-1,-1,-1,-1
406,11,43.08,93.33,414.07,997.56,-1,-1,-1,-1
406,3,348.95,149.70,325.81,891.51,-1,-1,-1,-1
406,14,776.29,237.66,214.07,569.21,-1,-1,-1,-1
407,1,1213.76,103.51,424.98,974.05,-1,-1,-1,-1
407,11,33.29,85.98,417.24,997.79,-1,-1,-1,-1
407,3,372.32,153.38,328.64,900.23,-1,-1,-1,-1
407,14,786.14,236.43,216.40,570.62,-1,-1,-1,-1
408,1,1177.84,113.78,421.03,973.18,-1,-1,-1,-1
408,11,26.60,73.63,424.83,1007.71,-1,-1,-1,-1
408,3,382.59,136.74,336.62,922.18,-1,-1,-1,-1
408,14,801.96,231.08,218.31,570.13,-1,-1,-1,-1
409,1,1141.70,122.59,409.05,963.11,-1,-1,-1,-1
409,11,27.66,73.92,429.05,1008.54,-1,-1,-1,-1
409,3,393.69,132.92,343.14,938.10,-1,-1,-1,-1
409,14,813.40,234.00,220.96,571.79,-1,-1,-1,-1
410,1,1114.88,131.14,400.30,957.99,-1,-1,-1,-1
410,11,23.24,60.30,433.22,1010.33,-1,-1,-1,-1
410,3,411.81,134.94,340.39,926.61,-1,-1,-1,-1
410,14,830.92,235.58,221.65,569.24,-1,-1,-1,-1
411,1,1093.24,133.59,391.76,949.87,-1,-1,-1,-1
411,11,23.40,63.17,436.73,1009.96,-1,-1,-1,-1
411,3,432.14,131.28,346.43,939.52,-1,-1,-1,-1
411,14,852.60,230.70,224.72,574.25,-1,-1,-1,-1
411,8,368.53,175.27,263.84,757.52,-1,-1,-1,-1
412,1,1064.39,130.62,387.12,946.73,-1,-1,-1,-1
412,11,25.50,67.72,439.45,1009.94,-1,-1,-1,-1
412,3,463.59,131.36,349.52,940.43,-1,-1,-1,-1
412,14,867.84,231.27,229.82,584.42,-1,-1,-1,-1
412,8,348.35,186.91,263.36,754.44,-1,-1,-1,-1
413,1,1041.23,133.99,383.26,940.76,-1,-1,-1,-1
413,11,37.10,62.48,442.63,1013.83,-1,-1,-1,-1
413,3,482.40,128.68,350.54,937.33,-1,-1,-1,-1
413,14,881.77,231.99,232.50,588.53,-1,-1,-1,-1
413,8,334.71,194.14,262.62,751.90,-1,-1,-1,-1
414,1,1019.95,143.44,381.45,933.53,-1,-1,-1,-1
414,11,44.70,50.44,451.96,1032.23,-1,-1,-1,-1
414,3,499.54,134.71,352.20,940.09,-1,-1,-1,-1
414,14,893.96,231.80,233.29,589.70,-1,-1,-1,-1
414,8,311.77,216.20,243.80,693.44,-1,-1,-1,-1
415,1,1007.21,149.16,373.26,909.99,-1,-1,-1,-1
415,11,69.84,50.71,452.34,1026.40,-1,-1,-1,-1
415,3,519.93,128.61,355.21,943.96,-1,-1,-1,-1
415,14,906.04,230.45,234.79,593.26,-1,-1,-1,-1
416,1,987.57,169.05,366.15,892.99,-1,-1,-1,-1
416,11,92.54,48.81,456.05,1031.15,-1,-1,-1,-1
416,3,546.47,132.07,354.27,941.88,-1,-1,-1,-1
416,14,923.52,225.70,229.43,579.63,-1,-1,-1,-1
417,1,969.01,167.38,357.02,871.86,-1,-1,-1,-1
417,11,123.97,51.70,450.03,1018.17,-1,-1,-1,-1
417,3,566.01,115.26,362.23,964.45,-1,-1,-1,-1
418,11,143.55,49.87,453.30,1026.10,-1,-1,-1,-1
418,3,589.18,105.97,363.56,971.90,-1,-1,-1,-1
418,10,973.30,174.94,302.36,837.24,-1,-1,-1,-1
419,11,169.70,46.36,457.73,1039.43,-1,-1,-1,-1
419,3,619.43,103.86,368.76,987.32,-1,-1,-1,-1
419,10,971.14,171.97,297.66,832.02,-1,-1,-1,-1
420,11,200.34,40.04,462.38,1052.42,-1,-1,-1,-1
420,3,648.53,109.21,364.19,972.50,-1,-1,-1,-1
420,10,999.30,194.21,259.23,733.03,-1,-1,-1,-1
421,11,233.86,33.29,463.01,1053.90,-1,-1,-1,-1
421,3,675.32,101.45,367.66,981.67,-1,-1,-1,-1
421,10,955.95,185.53,270.09,768.58,-1,-1,-1,-1
421,14,1063.40,214.64,231.27,588.75,-1,-1,-1,-1
422,11,256.88,32.07,462.13,1050.10,-1,-1,-1,-1
422,3,691.04,98.10,370.99,992.81,-1,-1,-1,-1
422,10,934.37,181.30,271.65,778.99,-1,-1,-1,-1
422,14,1081.23,216.32,231.13,589.94,-1,-1,-1,-1
423,11,292.64,28.30,461.49,1052.08,-1,-1,-1,-1
423,3,720.80,94.79,372.09,992.44,-1,-1,-1,-1
423,10,926.16,180.48,266.55,774.10,-1,-1,-1,-1
423,14,1102.73,219.60,231.65,590.85,-1,-1,-1,-1
424,11,329.27,20.11,466.18,1063.66,-1,-1,-1,-1
424,3,753.29,97.69,372.89,992.34,-1,-1,-1,-1
424,14,1118.91,222.61,237.56,600.59,-1,-1,-1,-1
424,16,247.60,220.41,235.43,623.64,-1,-1,-1,-1
425,11,371.07,19.10,466.12,1069.31,-1,-1,-1,-1
425,3,781.15,93.76,373.52,991.08,-1,-1,-1,-1
425,14,1129.34,221.97,249.21,623.54,-1,-1,-1,-1
425,16,250.94,222.39,236.23,624.90,-1,-1,-1,-1
426,11,410.72,16.67,463.20,1070.95,-1,-1,-1,-1
426,3,803.69,93.76,373.36,997.21,-1,-1,-1,-1
426,14,1145.85,220.17,252.09,625.23,-1,-1,-1,-1
426,16,259.70,218.89,236.48,624.03,-1,-1,-1,-1
427,11,446.52,7.97,468.26,1085.33,-1,-1,-1,-1
427,3,831.15,90.90,376.59,1007.02,-1,-1,-1,-1
427,14,1166.95,220.99,256.59,630.56,-1,-1,-1,-1
427,16,268.67,215.06,235.97,621.16,-1,-1,-1,-1
428,11,471.62,9.77,459.12,1072.80,-1,-1,-1,-1
428,3,858.52,89.52,379.44,1013.80,-1,-1,-1,-1
428,14,1189.64,215.20,257.02,627.17,-1,-1,-1,-1
428,16,279.55,212.23,234.79,617.18,-1,-1,-1,-1
428,10,841.13,179.41,251.74,723.97,-1,-1,-1,-1
429,11,508.17,8.32,457.43,1073.40,-1,-1,-1,-1
429,3,904.14,77.32,380.76,1016.65,-1,-1,-1,-1
429,14,1210.55,207.68,263.85,640.10,-1,-1,-1,-1
429,16,288.73,211.61,233.74,613.74,-1,-1,-1,-1
429,10,800.88,189.93,260.12,754.11,-1,-1,-1,-1
430,11,568.27,25.02,449.40,1058.98,-1,-1,-1,-1
430,3,933.34,74.52,381.24,1019.51,-1,-1,-1,-1
430,14,1223.59,199.36,268.16,649.66,-1,-1,-1,-1
430,16,299.25,210.56,234.69,615.87,-1,-1,-1,-1
430,10,795.77,172.11,234.54,677.43,-1,-1,-1,-1
431,11,610.18,20.43,450.94,1067.36,-1,-1,-1,-1
431,3,970.05,77.04,380.64,1017.44,-1,-1,-1,-1
431,14,1243.44,192.79,268.36,652.86,-1,-1,-1,-1
431,16,310.06,213.83,233.03,610.61,-1,-1,-1,-1
432,3,1005.95,82.09,380.09,1012.50,-1,-1,-1,-1
432,14,1257.07,186.20,272.67,669.16,-1,-1,-1,-1
432,16,324.54,215.87,230.45,602.86,-1,-1,-1,-1
432,1,682.73,24.65,426.25,1041.30,-1,-1,-1,-1
433,3,1041.72,87.40,380.08,1015.67,-1,-1,-1,-1
433,14,1219.36,153.84,302.18,747.45,-1,-1,-1,-1
433,16,341.34,224.86,225.16,589.11,-1,-1,-1,-1
433,1,691.08,29.30,435.29,1066.15,-1,-1,-1,-1
434,3,1072.21,83.26,383.56,1025.36,-1,-1,-1,-1
434,14,1255.39,161.26,290.46,722.11,-1,-1,-1,-1
434,16,352.92,225.73,222.17,581.37,-1,-1,-1,-1
434,1,712.48,25.85,435.43,1062.58,-1,-1,-1,-1
435,3,1104.14,76.06,388.24,1039.06,-1,-1,-1,-1
435,14,1266.58,154.98,292.04,729.11,-1,-1,-1,-1
435,16,368.07,230.07,219.11,572.62,-1,-1,-1,-1
435,1,745.76,32.58,438.38,1070.99,-1,-1,-1,-1
435,10,714.78,180.02,244.79,685.66,-1,-1,-1,-1
436,3,1152.84,74.81,382.83,1014.69,-1,-1,-1,-1
436,16,384.02,224.09,217.70,569.71,-1,-1,-1,-1
436,1,788.73,28.15,437.22,1074.91,-1,-1,-1,-1
436,10,701.85,204.74,247.07,677.35,-1,-1,-1,-1
437,3,1192.22,73.16,382.62,1004.35,-1,-1,-1,-1
437,16,402.42,221.09,218.21,571.63,-1,-1,-1,-1
437,1,842.63,35.46,430.31,1062.02,-1,-1,-1,-1
437,10,689.86,213.26,250.20,674.97,-1,-1,-1,-1
438,3,1229.87,66.39,386.84,1008.77,-1,-1,-1,-1
438,16,420.16,219.39,219.47,575.53,-1,-1,-1,-1
438,1,882.35,15.68,436.67,1082.12,-1,-1,-1,-1
438,10,674.02,219.13,253.96,676.28,-1,-1,-1,-1
439,3,1250.37,64.13,392.37,1014.38,-1,-1,-1,-1
439,16,438.35,216.35,220.37,577.92,-1,-1,-1,-1
439,1,923.72,22.58,427.79,1065.07,-1,-1,-1,-1
439,10,657.84,216.58,256.36,673.49,-1,-1,-1,-1
440,3,1274.29,63.44,399.42,1028.63,-1,-1,-1,-1
440,16,454.51,217.62,219.34,574.71,-1,-1,-1,-1
440,1,954.08,7.70,436.22,1086.66,-1,-1,-1,-1
440,10,641.69,214.87,259.15,674.48,-1,-1,-1,-1
441,3,1304.76,83.22,390.39,1006.67,-1,-1,-1,-1
441,16,473.44,220.83,217.28,567.98,-1,-1,-1,-1
441,1,989.52,11.82,439.48,1087.38,-1,-1,-1,-1
441,10,627.59,213.24,261.91,678.43,-1,-1,-1,-1
442,3,1323.38,87.54,389.44,1006.65,-1,-1,-1,-1
442,16,494.28,221.64,217.85,568.39,-1,-1,-1,-1
442,1,1034.09,18.84,441.87,1082.54,-1,-1,-1,-1
442,10,616.33,211.34,267.22,692.23,-1,-1,-1,-1
443,3,1334.90,82.76,387.23,996.81,-1,-1,-1,-1
443,1,1089.71,7.59,448.46,1085.36,-1,-1,-1,-1
443,8,556.90,222.99,221.03,615.05,-1,-1,-1,-1
444,1,1164.11,7.24,452.38,1069.22,-1,-1,-1,-1
444,10,567.49,206.84,265.01,681.41,-1,-1,-1,-1
445,1,1244.19,23.03,452.63,1050.95,-1,-1,-1,-1
445,10,547.17,211.53,266.75,682.12,-1,-1,-1,-1
446,1,1243.04,55.34,449.43,1020.63,-1,-1,-1,-1
447,1,1307.78,39.51,465.83,1046.76,-1,-1,-1,-1
447,10,529.63,214.52,273.37,697.70,-1,-1,-1,-1
448,1,1302.42,58.52,466.27,1023.46,-1,-1,-1,-1
448,10,524.39,217.60,271.81,695.27,-1,-1,-1,-1
449,1,1324.54,72.19,467.88,1011.47,-1,-1,-1,-1
449,10,511.23,217.58,271.12,695.67,-1,-1,-1,-1
449,8,647.19,217.76,202.64,564.24,-1,-1,-1,-1
450,1,1326.08,83.37,467.01,1004.36,-1,-1,-1,-1
450,10,495.70,215.44,273.89,704.04,-1,-1,-1,-1
450,8,670.44,220.76,201.46,556.39,-1,-1,-1,-1
451,1,1407.39,81.27,468.88,1012.60,-1,-1,-1,-1
451,10,476.21,207.40,280.55,720.82,-1,-1,-1,-1
451,8,692.84,224.75,202.75,556.52,-1,-1,-1,-1
451,3,1315.05,54.48,376.82,955.55,-1,-1,-1,-1
452,1,1425.62,83.58,466.90,1011.96,-1,-1,-1,-1
452,10,462.83,195.08,284.20,725.95,-1,-1,-1,-1
452,8,708.13,221.88,203.42,559.57,-1,-1,-1,-1
452,14,1289.50,124.61,326.61,806.09,-1,-1,-1,-1
453,1,1419.36,35.13,467.99,1015.93,-1,-1,-1,-1
453,10,452.30,191.58,286.61,727.95,-1,-1,-1,-1
453,8,734.38,220.70,201.65,559.61,-1,-1,-1,-1
453,14,1251.88,145.22,302.71,754.57,-1,-1,-1,-1
454,1,1450.24,31.71,463.71,1010.58,-1,-1,-1,-1
454,10,440.85,190.51,291.67,738.56,-1,-1,-1,-1
454,8,757.61,213.15,204.38,569.32,-1,-1,-1,-1
454,14,1233.89,166.16,295.65,734.60,-1,-1,-1,-1
455,1,1464.95,23.92,461.30,1010.69,-1,-1,-1,-1
455,10,424.34,187.28,300.59,760.10,-1,-1,-1,-1
455,8,776.63,206.76,205.69,574.53,-1,-1,-1,-1
455,14,1219.71,181.53,293.98,724.47,-1,-1,-1,-1
456,1,1460.95,37.75,470.27,1028.74,-1,-1,-1,-1
456,10,410.48,190.76,311.40,790.38,-1,-1,-1,-1
456,8,794.84,204.43,206.50,578.65,-1,-1,-1,-1
456,14,1201.59,187.86,293.10,717.72,-1,-1,-1,-1
457,1,1461.73,27.31,462.62,1012.71,-1,-1,-1,-1
457,10,401.87,194.59,317.24,809.87,-1,-1,-1,-1
457,8,813.74,204.75,205.21,577.72,-1,-1,-1,-1
457,14,1186.97,189.59,293.97,718.46,-1,-1,-1,-1
458,1,1459.18,27.86,454.97,997.16,-1,-1,-1,-1
458,10,399.31,197.90,321.99,824.86,-1,-1,-1,-1
458,8,829.17,204.12,204.93,573.47,-1,-1,-1,-1
458,14,1172.97,182.35,297.38,719.61,-1,-1,-1,-1
459,1,1455.68,27.28,451.37,990.60,-1,-1,-1,-1
459,10,394.73,195.98,328.18,844.95,-1,-1,-1,-1
459,8,847.95,208.56,203.79,565.36,-1,-1,-1,-1
459,14,1154.98,168.40,303.87,730.27,-1,-1,-1,-1
460,1,1441.16,31.96,470.55,1037.97,-1,-1,-1,-1
460,10,394.03,190.34,329.79,851.25,-1,-1,-1,-1
460,8,868.36,214.08,205.15,563.66,-1,-1,-1,-1
460,14,1138.30,158.12,308.38,739.16,-1,-1,-1,-1
461,1,1440.01,28.00,474.08,1051.24,-1,-1,-1,-1
461,10,394.37,183.16,330.96,854.19,-1,-1,-1,-1
461,8,884.53,215.72,206.72,561.60,-1,-1,-1,-1
461,14,1122.28,157.53,308.38,740.39,-1,-1,-1,-1
462,1,1443.37,27.72,475.03,1060.37,-1,-1,-1,-1
462,10,392.81,175.91,335.98,863.74,-1,-1,-1,-1
462,8,908.63,218.17,206.75,560.14,-1,-1,-1,-1
462,14,1095.80,158.59,305.92,736.41,-1,-1,-1,-1
463,1,1449.10,31.87,472.27,1062.52,-1,-1,-1,-1
463,10,391.40,167.86,341.76,874.73,-1,-1,-1,-1
463,8,934.23,218.03,204.94,557.87,-1,-1,-1,-1
463,14,1066.32,168.20,301.33,728.86,-1,-1,-1,-1
464,1,1458.28,36.02,466.43,1058.33,-1,-1,-1,-1
464,10,387.65,164.90,351.51,897.55,-1,-1,-1,-1
464,8,954.21,205.69,205.42,560.57,-1,-1,-1,-1
464,14,1045.88,177.13,297.90,725.50,-1,-1,-1,-1
465,1,1466.89,42.88,460.69,1053.20,-1,-1,-1,-1
465,10,388.67,162.13,356.73,909.79,-1,-1,-1,-1
465,8,971.36,186.98,208.60,573.77,-1,-1,-1,-1
465,14,1017.07,174.68,301.60,731.46,-1,-1,-1,-1
466,1,1477.49,47.35,452.98,1043.62,-1,-1,-1,-1
466,10,391.92,164.51,357.69,905.79,-1,-1,-1,-1
466,14,996.16,174.76,303.37,736.23,-1,-1,-1,-1
467,1,1491.89,54.15,437.40,1012.61,-1,-1,-1,-1
467,10,392.46,167.06,361.49,907.71,-1,-1,-1,-1
467,14,976.32,174.90,306.24,741.71,-1,-1,-1,-1
468,1,1496.42,57.80,439.00,1024.39,-1,-1,-1,-1
468,10,393.19,169.37,367.27,913.68,-1,-1,-1,-1
468,14,954.47,180.29,309.46,751.81,-1,-1,-1,-1
469,1,1504.68,58.38,435.17,1024.25,-1,-1,-1,-1
469,10,398.86,166.18,370.21,917.60,-1,-1,-1,-1
469,14,932.53,182.93,313.31,765.46,-1,-1,-1,-1
470,1,1506.95,63.23,432.06,1026.28,-1,-1,-1,-1
470,10,407.92,157.97,375.29,928.66,-1,-1,-1,-1
470,14,908.04,173.90,315.22,771.92,-1,-1,-1,-1
471,1,1517.49,67.96,426.71,1022.51,-1,-1,-1,-1
471,10,416.75,150.04,378.63,940.35,-1,-1,-1,-1
471,14,883.12,168.33,319.90,786.26,-1,-1,-1,-1
471,8,1104.54,206.36,202.53,558.12,-1,-1,-1,-1
472,1,1521.40,78.06,423.91,1024.99,-1,-1,-1,-1
472,10,428.18,138.82,382.28,951.18,-1,-1,-1,-1
472,14,860.98,162.15,320.65,793.76,-1,-1,-1,-1
472,8,1128.66,210.42,201.41,556.88,-1,-1,-1,-1
473,10,446.87,137.94,382.73,951.06,-1,-1,-1,-1
473,14,843.27,157.43,318.02,794.05,-1,-1,-1,-1
473,8,1144.44,203.62,203.38,564.01,-1,-1,-1,-1
474,10,465.43,135.34,381.52,944.20,-1,-1,-1,-1
474,14,828.95,154.10,319.71,805.32,-1,-1,-1,-1
474,8,1161.10,200.33,204.17,567.07,-1,-1,-1,-1
474,1,1529.76,90.07,411.44,1005.37,-1,-1,-1,-1
475,10,487.84,141.21,377.55,932.59,-1,-1,-1,-1
475,14,802.89,150.30,322.58,815.14,-1,-1,-1,-1
475,8,1173.01,189.67,209.07,577.47,-1,-1,-1,-1
475,1,1513.03,105.56,385.79,952.91,-1,-1,-1,-1
476,10,509.36,150.99,377.47,930.23,-1,-1,-1,-1
476,14,781.19,151.93,322.65,814.40,-1,-1,-1,-1
476,8,1191.02,190.85,209.89,573.90,-1,-1,-1,-1
476,1,1532.45,95.79,373.96,939.33,-1,-1,-1,-1
477,10,536.51,152.56,382.86,937.87,-1,-1,-1,-1
477,14,766.12,156.68,320.13,810.40,-1,-1,-1,-1
477,8,1212.74,191.75,209.58,566.38,-1,-1,-1,-1
477,1,1579.76,83.11,369.17,953.31,-1,-1,-1,-1
477,21,1444.69,139.59,293.58,795.35,-1,-1,-1,-1
478,14,676.93,147.32,340.53,857.76,-1,-1,-1,-1
478,8,1229.40,194.23,212.43,569.32,-1,-1,-1,-1
478,1,1595.37,73.49,373.87,996.30,-1,-1,-1,-1
478,21,1421.44,141.30,292.31,793.50,-1,-1,-1,-1
479,14,643.53,136.78,365.04,918.56,-1,-1,-1,-1
479,8,1241.05,194.27,214.65,573.62,-1,-1,-1,-1
479,1,1621.38,86.11,339.44,923.75,-1,-1,-1,-1
479,21,1397.42,141.54,289.29,788.23,-1,-1,-1,-1
480,14,639.55,138.12,368.38,930.01,-1,-1,-1,-1
480,8,1253.49,194.80,213.86,572.90,-1,-1,-1,-1
480,1,1629.46,95.19,330.75,921.12,-1,-1,-1,-1
480,21,1371.24,144.75,285.02,780.38,-1,-1,-1,-1
481,14,640.96,144.38,368.34,931.69,-1,-1,-1,-1
481,8,1280.19,191.58,219.62,600.03,-1,-1,-1,-1
481,1,1641.19,96.34,313.03,890.61,-1,-1,-1,-1
481,21,1349.32,157.05,279.06,769.58,-1,-1,-1,-1
482,14,643.76,150.58,365.52,914.74,-1,-1,-1,-1
482,1,1649.12,100.38,301.54,874.62,-1,-1,-1,-1
482,21,1306.49,159.59,278.30,766.52,-1,-1,-1,-1
483,14,665.18,149.10,371.50,917.30,-1,-1,-1,-1
483,1,1648.29,106.29,310.54,928.23,-1,-1,-1,-1
483,21,1286.91,160.39,270.53,742.67,-1,-1,-1,-1
484,14,603.96,158.80,334.28,827.21,-1,-1,-1,-1
484,1,1658.43,110.31,291.52,888.30,-1,-1,-1,-1
484,21,1273.31,166.63,268.52,733.43,-1,-1,-1,-1
484,10,740.43,144.67,381.95,930.18,-1,-1,-1,-1
485,14,565.41,159.80,320.43,793.99,-1,-1,-1,-1
485,1,1657.77,110.66,295.81,924.86,-1,-1,-1,-1
485,21,1263.24,169.08,266.32,723.54,-1,-1,-1,-1
485,10,753.33,135.46,392.85,943.67,-1,-1,-1,-1
486,14,543.75,163.77,318.53,789.39,-1,-1,-1,-1
486,1,1665.12,110.39,280.89,893.53,-1,-1,-1,-1
486,21,1260.55,175.27,254.39,691.50,-1,-1,-1,-1
486,10,785.93,132.08,394.57,946.49,-1,-1,-1,-1
487,14,515.25,161.90,318.80,789.35,-1,-1,-1,-1
487,1,1666.20,111.39,279.34,904.62,-1,-1,-1,-1
487,21,1285.66,181.26,243.68,662.36,-1,-1,-1,-1
487,10,811.17,132.99,394.50,949.24,-1,-1,-1,-1
488,14,485.99,163.36,320.43,792.28,-1,-1,-1,-1
488,1,1669.24,110.03,270.59,888.63,-1,-1,-1,-1
488,21,1212.17,172.63,250.70,686.42,-1,-1,-1,-1
488,10,830.20,129.13,393.69,950.67,-1,-1,-1,-1
488,8,1364.11,181.43,236.25,646.61,-1,-1,-1,-1
489,14,468.17,161.49,323.95,798.34,-1,-1,-1,-1
489,1,1674.39,111.26,264.35,880.88,-1,-1,-1,-1
489,21,1168.86,164.69,256.43,710.72,-1,-1,-1,-1
489,10,849.98,122.27,397.02,967.08,-1,-1,-1,-1
489,8,1365.49,182.03,240.13,656.35,-1,-1,-1,-1
490,14,448.22,153.35,327.46,802.43,-1,-1,-1,-1
490,1,1676.64,112.72,258.89,872.73,-1,-1,-1,-1
490,21,1135.66,163.70,255.70,714.32,-1,-1,-1,-1
490,10,874.16,127.37,394.70,971.13,-1,-1,-1,-1
490,8,1373.42,179.75,242.68,663.27,-1,-1,-1,-1
491,14,425.00,150.98,331.29,803.73,-1,-1,-1,-1
491,1,1675.40,111.95,263.22,903.49,-1,-1,-1,-1
491,21,1112.66,166.33,252.63,708.58,-1,-1,-1,-1
491,10,896.49,130.10,383.67,952.77,-1,-1,-1,-1
491,8,1379.94,176.22,245.01,668.65,-1,-1,-1,-1
492,14,400.89,157.99,337.10,812.37,-1,-1,-1,-1
492,1,1682.50,114.21,250.80,869.01,-1,-1,-1,-1
492,10,972.81,135.42,354.33,881.78,-1,-1,-1,-1
492,8,1391.30,172.21,247.93,671.67,-1,-1,-1,-1
493,14,375.66,158.07,344.41,829.81,-1,-1,-1,-1
493,1,1679.06,113.32,256.47,902.30,-1,-1,-1,-1
493,10,976.82,130.51,370.63,920.54,-1,-1,-1,-1
493,8,1395.93,165.40,253.03,680.47,-1,-1,-1,-1
494,14,346.48,155.93,349.10,839.12,-1,-1,-1,-1
494,1,1678.82,116.18,255.22,910.60,-1,-1,-1,-1
494,10,985.57,120.93,361.30,898.62,-1,-1,-1,-1
494,8,1398.48,160.21,257.87,687.87,-1,-1,-1,-1
495,14,326.82,150.55,350.55,845.54,-1,-1,-1,-1
495,1,1684.56,123.00,249.61,902.79,-1,-1,-1,-1
495,10,977.73,121.95,367.75,915.55,-1,-1,-1,-1
495,8,1400.25,154.23,261.75,694.94,-1,-1,-1,-1
496,14,308.04,143.09,354.98,859.21,-1,-1,-1,-1
496,1,1690.21,125.94,239.60,871.58,-1,-1,-1,-1
496,10,969.85,112.52,383.09,951.41,-1,-1,-1,-1
496,8,1398.27,146.72,263.26,698.83,-1,-1,-1,-1
497,14,282.23,141.53,358.31,869.35,-1,-1,-1,-1
497,1,1693.69,127.19,232.13,847.23,-1,-1,-1,-1
497,10,972.45,111.84,390.17,965.78,-1,-1,-1,-1
497,8,1397.88,143.93,262.97,695.85,-1,-1,-1,-1
498,14,256.44,140.61,360.83,880.64,-1,-1,-1,-1
498,1,1693.73,131.48,227.28,827.68,-1,-1,-1,-1
498,10,976.73,114.92,391.78,963.43,-1,-1,-1,-1
498,8,1392.14,147.45,271.06,719.87,-1,-1,-1,-1
499,14,234.53,136.77,360.61,885.55,-1,-1,-1,-1
499,1,1693.31,132.94,225.93,821.03,-1,-1,-1,-1
499,10,980.38,121.77,392.76,961.75,-1,-1,-1,-1
499,8,1388.49,151.28,274.08,728.46,-1,-1,-1,-1
500,14,227.44,132.87,360.71,888.17,-1,-1,-1,-1
500,1,1690.40,133.32,226.37,821.28,-1,-1,-1,-1
500,10,981.33,124.77,394.41,963.24,-1,-1,-1,-1
500,8,1386.24,155.29,276.29,734.64,-1,-1,-1,-1
501,14,225.42,131.63,359.60,886.82,-1,-1,-1,-1
501,1,1689.54,135.93,227.02,820.93,-1,-1,-1,-1
501,10,977.77,133.28,396.24,963.61,-1,-1,-1,-1
501,8,1383.16,154.89,280.91,750.21,-1,-1,-1,-1
502,14,224.59,133.66,356.62,880.96,-1,-1,-1,-1
502,1,1690.45,140.88,223.67,802.13,-1,-1,-1,-1
502,10,972.48,132.87,399.11,965.38,-1,-1,-1,-1
502,8,1378.95,155.92,282.93,759.00,-1,-1,-1,-1
502,22,903.96,196.03,242.66,647.20,-1,-1,-1,-1
503,14,220.58,143.27,353.71,873.54,-1,-1,-1,-1
503,1,1688.87,145.14,222.76,791.63,-1,-1,-1,-1
503,10,965.92,132.45,400.36,963.74,-1,-1,-1,-1
503,8,1370.32,149.22,287.14,772.88,-1,-1,-1,-1
503,22,892.02,197.51,245.27,654.42,-1,-1,-1,-1
504,14,220.89,153.18,346.37,857.88,-1,-1,-1,-1
504,1,1686.45,147.59,223.05,782.31,-1,-1,-1,-1
504,10,958.96,128.25,399.45,961.07,-1,-1,-1,-1
504,8,1358.54,144.16,287.65,779.39,-1,-1,-1,-1
504,22,872.07,196.09,245.33,655.53,-1,-1,-1,-1
505,14,226.05,165.03,340.44,845.60,-1,-1,-1,-1
505,1,1678.94,150.33,225.38,777.13,-1,-1,-1,-1
505,10,961.15,129.50,398.05,960.87,-1,-1,-1,-1
505,8,1345.54,140.36,286.29,782.58,-1,-1,-1,-1
505,22,862.40,197.47,243.80,652.87,-1,-1,-1,-1
506,14,232.83,174.02,335.19,835.08,-1,-1,-1,-1
506,1,1671.64,153.16,225.39,763.05,-1,-1,-1,-1
506,10,960.00,125.32,396.08,955.41,-1,-1,-1,-1
506,8,1328.64,141.55,283.92,779.39,-1,-1,-1,-1
506,21,844.00,194.10,228.82,652.45,-1,-1,-1,-1
507,14,239.07,173.97,331.25,827.95,-1,-1,-1,-1
507,1,1663.38,155.94,225.44,750.67,-1,-1,-1,-1
507,10,959.09,125.99,395.17,950.94,-1,-1,-1,-1
507,8,1312.56,140.39,280.27,771.43,-1,-1,-1,-1
507,21,830.42,200.65,223.66,643.38,-1,-1,-1,-1
508,14,246.04,171.82,326.55,820.22,-1,-1,-1,-1
508,1,1645.52,154.75,224.38,739.49,-1,-1,-1,-1
508,10,958.21,124.74,399.85,958.69,-1,-1,-1,-1
508,8,1295.96,138.61,280.39,773.23,-1,-1,-1,-1
508,21,815.49,200.27,221.97,638.76,-1,-1,-1,-1
509,14,258.10,170.64,314.86,794.12,-1,-1,-1,-1
509,1,1628.25,163.05,219.78,715.27,-1,-1,-1,-1
509,10,957.11,124.20,403.83,965.07,-1,-1,-1,-1
509,8,1274.93,140.40,281.25,771.93,-1,-1,-1,-1
509,21,799.58,200.33,222.34,638.78,-1,-1,-1,-1
510,14,267.86,169.75,301.17,760.22,-1,-1,-1,-1
510,1,1612.77,162.12,220.07,713.46,-1,-1,-1,-1
510,10,956.94,124.45,406.93,971.00,-1,-1,-1,-1
510,8,1251.77,157.07,278.92,762.53,-1,-1,-1,-1
510,21,775.89,202.68,223.55,635.34,-1,-1,-1,-1
511,14,274.93,170.78,292.26,737.32,-1,-1,-1,-1
511,1,1599.76,158.82,220.93,715.37,-1,-1,-1,-1
511,10,958.60,123.61,402.51,960.87,-1,-1,-1,-1
511,8,1224.41,160.37,279.23,763.97,-1,-1,-1,-1
511,21,761.08,204.05,225.96,633.94,-1,-1,-1,-1
512,14,282.98,175.04,286.84,722.85,-1,-1,-1,-1
512,1,1583.69,163.35,219.79,711.01,-1,-1,-1,-1
512,10,984.36,118.99,389.40,936.48,-1,-1,-1,-1
512,8,1189.57,160.06,275.49,756.32,-1,-1,-1,-1
512,21,750.25,207.58,226.07,629.43,-1,-1,-1,-1
513,14,284.80,175.10,286.13,720.65,-1,-1,-1,-1
513,1,1565.54,167.88,217.67,696.09,-1,-1,-1,-1
513,10,1020.52,121.67,368.56,897.92,-1,-1,-1,-1
513,21,739.28,210.31,225.72,626.57,-1,-1,-1,-1
514,14,285.49,174.74,284.99,720.11,-1,-1,-1,-1
514,1,1543.12,171.64,220.03,691.00,-1,-1,-1,-1
514,10,1022.48,115.18,370.20,909.47,-1,-1,-1,-1
514,21,726.71,209.35,225.98,628.04,-1,-1,-1,-1
515,14,286.86,177.98,282.72,716.64,-1,-1,-1,-1
515,1,1525.59,172.05,222.61,687.37,-1,-1,-1,-1
515,10,1018.35,112.01,378.06,933.70,-1,-1,-1,-1
515,21,717.32,204.51,226.89,632.68,-1,-1,-1,-1
516,14,287.14,181.83,281.29,713.59,-1,-1,-1,-1
516,1,1513.82,176.87,223.44,678.26,-1,-1,-1,-1
516,10,1017.34,106.34,381.45,948.87,-1,-1,-1,-1
516,21,707.42,201.61,225.73,632.74,-1,-1,-1,-1
517,14,286.58,186.60,279.07,707.99,-1,-1,-1,-1
517,1,1499.57,181.04,222.58,671.83,-1,-1,-1,-1
517,10,1026.48,107.64,366.05,923.67,-1,-1,-1,-1
517,21,696.46,202.23,224.04,635.30,-1,-1,-1,-1
518,14,286.43,190.49,277.13,703.21,-1,-1,-1,-1
518,1,1483.15,178.96,221.50,666.67,-1,-1,-1,-1
518,10,1020.80,117.57,356.91,905.32,-1,-1,-1,-1
518,21,688.21,203.62,223.11,640.01,-1,-1,-1,-1
519,14,284.95,194.83,273.31,692.80,-1,-1,-1,-1
519,1,1470.34,180.39,220.40,658.92,-1,-1,-1,-1
519,10,1010.68,110.17,363.47,922.79,-1,-1,-1,-1
519,21,681.85,201.92,225.05,651.22,-1,-1,-1,-1
520,14,281.24,194.10,271.67,688.34,-1,-1,-1,-1
520,1,1457.00,180.88,217.52,647.95,-1,-1,-1,-1
520,10,983.26,134.68,341.29,876.65,-1,-1,-1,-1
520,21,676.50,200.41,224.93,654.37,-1,-1,-1,-1
521,14,279.03,194.21,267.27,675.91,-1,-1,-1,-1
521,1,1440.54,183.66,213.60,634.66,-1,-1,-1,-1
521,10,958.08,151.85,320.67,834.31,-1,-1,-1,-1
521,21,671.76,194.99,225.33,659.34,-1,-1,-1,-1
522,14,277.55,194.95,261.19,661.15,-1,-1,-1,-1
522,1,1423.65,180.40,215.86,642.18,-1,-1,-1,-1
522,10,909.51,154.63,307.53,812.54,-1,-1,-1,-1
522,21,667.72,190.74,225.73,661.46,-1,-1,-1,-1
522,23,1071.49,90.17,337.85,991.60,-1,-1,-1,-1
523,14,279.77,196.89,256.25,647.13,-1,-1,-1,-1
523,10,862.39,153.61,299.96,804.04,-1,-1,-1,-1
523,21,664.41,189.01,225.45,662.55,-1,-1,-1,-1
523,23,1086.91,89.84,338.12,993.19,-1,-1,-1,-1
524,14,281.11,199.46,252.47,635.86,-1,-1,-1,-1
524,10,828.57,151.52,299.70,804.29,-1,-1,-1,-1
524,21,664.08,191.25,224.48,661.25,-1,-1,-1,-1
524,23,1090.11,88.64,337.93,992.31,-1,-1,-1,-1
524,1,1391.63,185.86,214.11,633.38,-1,-1,-1,-1
525,14,281.85,202.28,250.11,629.09,-1,-1,-1,-1
525,10,801.29,148.03,301.06,802.40,-1,-1,-1,-1
525,21,665.07,198.85,234.57,686.82,-1,-1,-1,-1
525,23,1097.38,92.70,337.09,984.66,-1,-1,-1,-1
525,1,1377.05,186.77,215.20,632.42,-1,-1,-1,-1
526,14,282.79,204.77,248.44,623.75,-1,-1,-1,-1
526,10,773.68,146.28,303.81,804.15,-1,-1,-1,-1
526,21,660.59,194.91,234.19,688.84,-1,-1,-1,-1
526,23,1100.08,95.10,339.56,984.60,-1,-1,-1,-1
526,1,1363.04,186.86,213.75,624.36,-1,-1,-1,-1
527,14,283.01,206.13,247.54,621.34,-1,-1,-1,-1
527,10,742.65,153.72,297.22,785.65,-1,-1,-1,-1
527,21,658.15,185.52,236.89,701.33,-1,-1,-1,-1
527,23,1111.50,101.91,343.70,986.32,-1,-1,-1,-1
527,1,1348.87,188.81,210.93,610.46,-1,-1,-1,-1
528,14,284.90,207.51,247.46,621.57,-1,-1,-1,-1
528,10,702.81,155.74,298.56,787.98,-1,-1,-1,-1
528,23,1117.97,108.02,346.42,981.84,-1,-1,-1,-1
528,1,1329.50,191.04,204.18,585.04,-1,-1,-1,-1
529,14,286.20,206.86,246.17,620.83,-1,-1,-1,-1
529,23,1127.81,116.79,347.69,975.05,-1,-1,-1,-1
529,1,1311.97,194.46,206.02,587.24,-1,-1,-1,-1
529,21,667.31,166.17,262.27,771.37,-1,-1,-1,-1
530,14,289.08,207.48,243.88,618.12,-1,-1,-1,-1
530,23,1134.48,119.30,351.52,974.52,-1,-1,-1,-1
530,1,1297.95,197.00,210.87,599.32,-1,-1,-1,-1
531,14,294.05,209.13,242.39,616.96,-1,-1,-1,-1
531,23,1139.44,121.92,352.07,967.58,-1,-1,-1,-1
532,14,301.52,207.98,243.16,619.19,-1,-1,-1,-1
532,23,1146.32,122.12,353.27,961.05,-1,-1,-1,-1
532,10,591.96,146.45,301.91,805.30,-1,-1,-1,-1
533,14,315.41,204.09,243.07,620.44,-1,-1,-1,-1
533,23,1156.89,124.57,352.37,947.18,-1,-1,-1,-1
533,10,568.10,144.13,302.94,808.16,-1,-1,-1,-1
534,14,327.90,206.81,240.63,614.35,-1,-1,-1,-1
534,23,1165.52,126.70,358.09,953.40,-1,-1,-1,-1
534,10,543.42,151.61,306.13,808.08,-1,-1,-1,-1
535,14,337.74,207.83,240.66,615.57,-1,-1,-1,-1
535,23,1176.99,125.81,360.17,950.45,-1,-1,-1,-1
535,10,513.95,155.71,310.55,808.97,-1,-1,-1,-1
536,14,344.35,205.90,242.84,622.58,-1,-1,-1,-1
536,23,1195.55,135.44,359.21,937.81,-1,-1,-1,-1
536,10,479.72,160.87,313.23,814.89,-1,-1,-1,-1
537,14,349.90,214.01,238.32,611.72,-1,-1,-1,-1
537,23,1207.65,141.66,361.14,933.09,-1,-1,-1,-1
537,10,454.23,165.93,311.14,811.37,-1,-1,-1,-1
537,25,662.58,197.02,216.35,642.08,-1,-1,-1,-1
537,26,1162.04,171.31,263.00,641.48,-1,-1,-1,-1
538,23,1219.99,147.91,363.40,934.03,-1,-1,-1,-1
538,10,398.54,159.29,313.19,812.09,-1,-1,-1,-1
538,25,666.02,200.90,215.09,637.81,-1,-1,-1,-1
538,26,1142.02,187.69,252.28,616.44,-1,-1,-1,-1
539,23,1230.14,147.55,364.94,932.88,-1,-1,-1,-1
539,10,372.70,155.49,314.51,814.61,-1,-1,-1,-1
539,25,659.79,202.47,219.27,649.95,-1,-1,-1,-1
539,1,1154.75,195.42,216.83,606.64,-1,-1,-1,-1
540,23,1236.92,142.95,368.58,937.04,-1,-1,-1,-1
540,10,349.35,152.53,323.93,836.35,-1,-1,-1,-1
540,25,656.24,202.37,220.42,652.21,-1,-1,-1,-1
540,1,1135.57,193.44,220.44,613.06,-1,-1,-1,-1
541,23,1243.05,138.15,372.30,941.31,-1,-1,-1,-1
541,10,326.31,147.24,328.49,843.65,-1,-1,-1,-1
541,25,654.65,202.33,220.90,653.10,-1,-1,-1,-1
541,1,1121.56,198.31,219.38,606.62,-1,-1,-1,-1
542,23,1246.53,129.66,378.30,949.91,-1,-1,-1,-1
542,10,302.03,140.76,330.49,846.61,-1,-1,-1,-1
542,25,649.67,199.82,221.63,653.34,-1,-1,-1,-1
542,1,1104.98,196.69,219.82,606.67,-1,-1,-1,-1
543,23,1253.00,122.21,383.80,958.79,-1,-1,-1,-1
543,10,272.02,132.73,339.32,873.48,-1,-1,-1,-1
543,25,647.32,199.42,222.46,655.60,-1,-1,-1,-1
543,1,1090.10,198.16,220.87,609.03,-1,-1,-1,-1
543,27,486.45,196.96,236.04,621.73,-1,-1,-1,-1
544,23,1263.98,124.19,384.21,957.27,-1,-1,-1,-1
544,10,243.69,134.46,348.21,901.47,-1,-1,-1,-1
544,25,643.27,197.73,221.69,653.36,-1,-1,-1,-1
544,1,1073.15,195.61,223.92,616.47,-1,-1,-1,-1
544,27,514.15,193.87,232.11,613.05,-1,-1,-1,-1
545,23,1272.49,118.92,386.82,962.92,-1,-1,-1,-1
545,25,637.49,201.04,219.74,647.51,-1,-1,-1,-1
545,1,1059.24,201.44,224.96,617.14,-1,-1,-1,-1
545,27,533.67,194.37,227.01,601.88,-1,-1,-1,-1
546,23,1280.58,116.77,385.25,959.28,-1,-1,-1,-1
546,25,638.13,200.51,218.74,645.31,-1,-1,-1,-1
546,1,1049.24,203.45,225.65,618.54,-1,-1,-1,-1
546,27,543.47,196.48,224.51,598.59,-1,-1,-1,-1
547,23,1286.13,119.67,382.78,954.98,-1,-1,-1,-1
547,25,622.97,200.76,219.55,643.32,-1,-1,-1,-1
547,1,1039.43,205.42,226.93,621.73,-1,-1,-1,-1
548,23,1285.37,126.10,382.05,956.92,-1,-1,-1,-1
548,25,615.71,204.65,220.70,640.64,-1,-1,-1,-1
548,1,1030.12,198.23,229.33,630.43,-1,-1,-1,-1
548,29,170.56,122.62,371.95,949.44,-1,-1,-1,-1
549,23,1283.71,133.71,378.41,951.23,-1,-1,-1,-1
549,25,611.11,206.21,223.41,644.14,-1,-1,-1,-1
549,1,1020.25,198.92,230.06,635.85,-1,-1,-1,-1
549,29,160.17,116.06,374.97,956.05,-1,-1,-1,-1
550,23,1277.36,143.17,372.86,940.96,-1,-1,-1,-1
550,25,607.82,208.14,223.60,639.13,-1,-1,-1,-1
550,1,1011.24,197.10,230.25,637.37,-1,-1,-1,-1
550,29,157.74,100.11,383.10,975.05,-1,-1,-1,-1
551,23,1274.31,153.27,359.90,910.05,-1,-1,-1,-1
551,25,598.66,209.56,224.29,635.03,-1,-1,-1,-1
551,1,999.93,196.21,230.44,638.67,-1,-1,-1,-1
551,29,147.16,92.39,388.14,986.17,-1,-1,-1,-1
552,23,1267.02,155.65,355.97,900.20,-1,-1,-1,-1
552,25,591.22,210.62,225.58,633.36,-1,-1,-1,-1
552,1,989.30,199.94,228.87,635.69,-1,-1,-1,-1
552,29,141.20,91.47,389.71,986.93,-1,-1,-1,-1
553,23,1261.43,152.24,347.18,878.45,-1,-1,-1,-1
553,25,568.26,212.24,231.85,646.79,-1,-1,-1,-1
553,1,978.80,199.68,228.54,637.63,-1,-1,-1,-1
553,29,137.59,99.85,387.59,977.80,-1,-1,-1,-1
553,30,688.52,208.95,224.22,559.51,-1,-1,-1,-1
554,23,1256.74,150.15,341.41,864.06,-1,-1,-1,-1
554,25,547.12,212.54,233.90,648.36,-1,-1,-1,-1
554,1,968.74,197.88,229.77,642.18,-1,-1,-1,-1
554,29,140.27,113.21,385.58,967.22,-1,-1,-1,-1
554,30,697.27,202.80,235.00,587.41,-1,-1,-1,-1
555,23,1256.71,149.20,335.86,849.66,-1,-1,-1,-1
555,25,533.56,212.30,234.42,646.86,-1,-1,-1,-1
555,1,957.48,197.13,233.12,652.33,-1,-1,-1,-1
555,29,144.55,125.32,383.43,955.07,-1,-1,-1,-1
555,30,707.25,201.56,234.28,586.64,-1,-1,-1,-1
556,23,1251.99,149.38,332.89,843.15,-1,-1,-1,-1
556,25,519.78,209.80,233.87,642.38,-1,-1,-1,-1
556,1,949.70,195.98,235.54,659.90,-1,-1,-1,-1
556,29,153.43,133.41,382.06,941.71,-1,-1,-1,-1
556,30,720.25,198.16,231.45,581.07,-1,-1,-1,-1
557,23,1242.30,154.52,330.03,839.91,-1,-1,-1,-1
557,25,500.22,205.85,235.58,647.08,-1,-1,-1,-1
557,1,938.82,199.31,237.77,668.83,-1,-1,-1,-1
557,29,164.89,139.64,387.25,945.59,-1,-1,-1,-1
557,30,735.50,197.88,228.96,577.06,-1,-1,-1,-1
558,23,1236.98,160.07,325.34,831.96,-1,-1,-1,-1
558,1,929.43,198.01,238.06,670.31,-1,-1,-1,-1
558,29,186.06,153.13,379.34,916.40,-1,-1,-1,-1
558,30,748.81,196.54,230.14,582.17,-1,-1,-1,-1
558,27,468.86,199.03,242.05,644.72,-1,-1,-1,-1
559,23,1233.27,162.02,321.47,827.03,-1,-1,-1,-1
559,1,918.69,194.47,239.56,673.77,-1,-1,-1,-1
559,29,196.35,144.34,394.31,944.78,-1,-1,-1,-1
559,30,757.63,192.28,234.09,595.22,-1,-1,-1,-1
559,10,411.86,194.51,262.66,686.03,-1,-1,-1,-1
560,23,1230.57,162.02,319.46,827.03,-1,-1,-1,-1
560,1,909.91,193.72,241.48,677.18,-1,-1,-1,-1
560,29,211.31,119.71,406.67,969.67,-1,-1,-1,-1
560,30,771.65,195.07,231.89,593.05,-1,-1,-1,-1
560,10,406.53,207.34,258.81,675.41,-1,-1,-1,-1
561,23,1229.86,162.51,316.74,825.50,-1,-1,-1,-1
561,1,882.24,195.84,238.17,666.79,-1,-1,-1,-1
561,29,227.26,105.08,412.62,979.31,-1,-1,-1,-1
561,30,781.09,198.55,230.29,593.05,-1,-1,-1,-1
562,23,1230.04,165.32,314.99,826.45,-1,-1,-1,-1
562,1,871.29,196.38,236.63,660.94,-1,-1,-1,-1
562,29,235.89,95.66,421.05,996.58,-1,-1,-1,-1
562,30,790.25,200.22,226.76,588.36,-1,-1,-1,-1
563,23,1227.04,166.22,309.59,819.39,-1,-1,-1,-1
563,1,862.70,200.18,236.20,657.59,-1,-1,-1,-1
563,29,249.37,94.64,423.64,1002.04,-1,-1,-1,-1
564,23,1222.78,170.58,303.31,807.51,-1,-1,-1,-1
564,1,855.42,199.36,239.62,665.74,-1,-1,-1,-1
564,29,265.82,89.56,428.53,1017.33,-1,-1,-1,-1
565,23,1221.28,175.61,294.43,791.50,-1,-1,-1,-1
565,1,844.98,194.24,247.10,684.84,-1,-1,-1,-1
565,29,292.61,92.45,425.14,1011.19,-1,-1,-1,-1
566,23,1218.06,179.37,286.47,775.40,-1,-1,-1,-1
566,1,832.48,183.88,263.40,727.59,-1,-1,-1,-1
566,29,320.56,94.00,425.10,1013.16,-1,-1,-1,-1
567,23,1216.22,180.38,280.96,764.24,-1,-1,-1,-1
567,1,822.29,180.62,274.97,760.81,-1,-1,-1,-1
567,29,362.25,87.97,426.02,1018.69,-1,-1,-1,-1
567,10,318.65,180.40,278.19,723.01,-1,-1,-1,-1
568,23,1212.74,181.95,274.70,750.53,-1,-1,-1,-1
568,1,814.49,179.21,280.34,778.53,-1,-1,-1,-1
568,29,405.48,82.77,424.80,1023.12,-1,-1,-1,-1
568,10,285.88,187.78,273.63,720.49,-1,-1,-1,-1
569,23,1204.37,182.22,268.58,736.82,-1,-1,-1,-1
569,1,805.36,175.13,285.66,796.26,-1,-1,-1,-1
569,29,445.09,65.06,426.35,1031.58,-1,-1,-1,-1
569,10,262.56,183.51,273.84,727.30,-1,-1,-1,-1
570,23,1194.41,182.51,265.37,728.32,-1,-1,-1,-1
570,1,805.77,170.27,285.76,796.83,-1,-1,-1,-1
570,29,480.04,63.95,423.06,1027.41,-1,-1,-1,-1
570,10,239.84,180.69,274.52,734.82,-1,-1,-1,-1
571,23,1188.74,182.20,263.71,723.00,-1,-1,-1,-1
571,29,498.58,52.88,423.29,1034.58,-1,-1,-1,-1
571,10,225.51,180.79,274.45,737.73,-1,-1,-1,-1
572,23,1181.18,181.86,261.24,714.66,-1,-1,-1,-1
572,29,528.99,51.58,422.53,1043.17,-1,-1,-1,-1
572,10,203.84,181.49,277.85,748.18,-1,-1,-1,-1
573,23,1173.02,180.12,260.76,714.40,-1,-1,-1,-1
573,29,555.68,27.96,415.16,1032.82,-1,-1,-1,-1
573,10,178.63,183.78,285.44,767.70,-1,-1,-1,-1
573,31,822.84,183.53,245.69,692.22,-1,-1,-1,-1
574,23,1163.57,183.01,257.23,709.40,-1,-1,-1,-1
574,29,603.99,34.88,417.48,1039.35,-1,-1,-1,-1
574,10,162.96,186.32,291.09,782.83,-1,-1,-1,-1
574,30,938.55,184.39,229.93,606.64,-1,-1,-1,-1
575,23,1152.37,185.64,253.22,699.51,-1,-1,-1,-1
575,29,638.49,31.52,415.74,1040.47,-1,-1,-1,-1
575,10,149.35,185.78,295.55,793.87,-1,-1,-1,-1
575,30,951.92,184.78,231.15,614.65,-1,-1,-1,-1
576,23,1139.26,186.15,253.43,697.41,-1,-1,-1,-1
576,29,676.04,41.26,410.06,1037.83,-1,-1,-1,-1
576,10,128.65,183.45,298.34,804.69,-1,-1,-1,-1
576,30,961.97,186.39,230.39,618.42,-1,-1,-1,-1
577,29,707.43,78.14,390.89,995.43,-1,-1,-1,-1
577,10,114.37,176.74,302.13,814.40,-1,-1,-1,-1
577,30,977.75,194.59,221.82,602.88,-1,-1,-1,-1
578,29,731.43,98.99,359.91,921.51,-1,-1,-1,-1
578,10,99.43,174.44,304.80,818.86,-1,-1,-1,-1
578,30,999.71,198.20,217.61,604.36,-1,-1,-1,-1
579,29,726.50,120.96,338.05,871.77,-1,-1,-1,-1
579,10,87.82,171.85,308.98,825.31,-1,-1,-1,-1
579,30,1012.74,197.23,217.88,621.44,-1,-1,-1,-1
579,31,841.73,66.40,329.91,927.35,-1,-1,-1,-1
580,29,812.42,57.32,381.00,985.09,-1,-1,-1,-1
580,10,75.33,169.43,313.96,831.78,-1,-1,-1,-1
580,1,690.76,176.53,296.14,827.25,-1,-1,-1,-1
581,29,892.64,72.21,380.95,982.21,-1,-1,-1,-1
581,10,56.26,163.97,321.89,846.19,-1,-1,-1,-1
581,1,677.99,171.62,292.97,827.08,-1,-1,-1,-1
582,29,922.06,55.72,389.75,1008.42,-1,-1,-1,-1
582,10,40.64,166.73,330.81,865.91,-1,-1,-1,-1
582,1,663.73,177.33,286.70,815.40,-1,-1,-1,-1
583,29,967.32,99.89,355.29,921.41,-1,-1,-1,-1
583,10,30.29,164.17,335.79,872.24,-1,-1,-1,-1
583,1,647.09,180.64,284.63,815.22,-1,-1,-1,-1
584,29,992.22,52.48,382.32,984.27,-1,-1,-1,-1
584,10,21.76,162.04,342.84,887.28,-1,-1,-1,-1
584,1,625.08,175.92,285.33,823.61,-1,-1,-1,-1
585,29,1016.90,50.35,401.88,1025.45,-1,-1,-1,-1
585,10,16.17,161.48,347.58,898.04,-1,-1,-1,-1
585,1,597.51,173.52,286.03,832.01,-1,-1,-1,-1
586,29,1044.41,33.60,411.50,1053.22,-1,-1,-1,-1
586,10,12.79,157.38,351.41,905.80,-1,-1,-1,-1
586,1,571.67,171.39,285.84,835.51,-1,-1,-1,-1
587,29,1113.97,31.01,406.21,1042.43,-1,-1,-1,-1
587,10,9.38,143.33,359.43,929.23,-1,-1,-1,-1
587,1,552.80,172.38,284.50,833.71,-1,-1,-1,-1
587,36,996.13,196.48,241.01,672.83,-1,-1,-1,-1
588,29,1178.01,29.09,401.24,1032.63,-1,-1,-1,-1
588,10,7.51,137.89,362.80,936.02,-1,-1,-1,-1
588,1,532.89,172.24,286.27,834.69,-1,-1,-1,-1
588,30,971.07,203.80,237.13,673.25,-1,-1,-1,-1
589,29,1221.76,19.15,399.59,1037.79,-1,-1,-1,-1
589,10,5.06,127.44,367.49,945.45,-1,-1,-1,-1
589,1,513.01,172.45,287.38,830.83,-1,-1,-1,-1
589,37,1111.17,181.08,198.31,604.83,-1,-1,-1,-1
589,30,962.58,207.69,239.91,677.20,-1,-1,-1,-1
590,29,1262.47,11.89,395.56,1031.00,-1,-1,-1,-1
590,10,3.72,123.10,370.12,948.36,-1,-1,-1,-1
590,1,494.09,173.90,290.72,833.20,-1,-1,-1,-1
590,37,1111.73,181.21,200.14,609.29,-1,-1,-1,-1
590,30,948.67,208.76,239.56,675.99,-1,-1,-1,-1
591,29,1279.62,4.08,398.14,1038.01,-1,-1,-1,-1
591,10,2.02,126.58,371.33,948.63,-1,-1,-1,-1
591,1,472.60,169.84,296.39,840.90,-1,-1,-1,-1
591,37,1111.42,183.22,201.40,611.58,-1,-1,-1,-1
591,30,939.42,210.22,239.23,675.07,-1,-1,-1,-1
592,29,1298.89,9.88,402.51,1046.21,-1,-1,-1,-1
592,10,-0.54,127.09,373.30,952.38,-1,-1,-1,-1
592,1,450.91,171.01,298.70,840.43,-1,-1,-1,-1
592,37,1114.37,186.91,198.83,600.61,-1,-1,-1,-1
592,30,933.23,213.04,238.06,670.85,-1,-1,-1,-1
593,29,1324.60,4.23,396.36,1023.09,-1,-1,-1,-1
593,10,-2.04,122.96,375.68,957.86,-1,-1,-1,-1
593,1,429.40,166.70,304.05,849.94,-1,-1,-1,-1
593,37,1111.07,191.67,198.19,593.83,-1,-1,-1,-1
593,30,925.87,210.82,237.51,670.00,-1,-1,-1,-1
594,29,1352.14,-0.07,395.17,1010.39,-1,-1,-1,-1
594,10,-4.99,118.53,377.28,963.66,-1,-1,-1,-1
594,1,406.08,159.86,307.70,855.10,-1,-1,-1,-1
594,37,1103.85,188.41,200.68,596.02,-1,-1,-1,-1
594,30,918.61,211.22,234.87,661.67,-1,-1,-1,-1
595,29,1385.57,-1.51,395.75,1006.32,-1,-1,-1,-1
595,10,-7.62,107.38,380.12,974.18,-1,-1,-1,-1
595,1,381.86,156.06,312.40,862.93,-1,-1,-1,-1
595,30,910.24,210.59,233.58,657.51,-1,-1,-1,-1
595,23,1083.21,178.26,222.60,605.51,-1,-1,-1,-1
596,29,1406.83,21.23,413.92,1047.47,-1,-1,-1,-1
596,10,-10.26,94.95,383.65,988.06,-1,-1,-1,-1
596,1,361.74,156.27,311.91,857.67,-1,-1,-1,-1
596,30,898.33,208.93,232.58,656.23,-1,-1,-1,-1
596,23,1077.16,180.17,222.44,603.06,-1,-1,-1,-1
597,29,1452.10,39.12,415.62,1049.91,-1,-1,-1,-1
597,10,-10.26,83.83,387.20,1001.35,-1,-1,-1,-1
597,1,333.33,159.50,311.44,849.44,-1,-1,-1,-1
597,30,884.52,209.59,231.50,655.30,-1,-1,-1,-1
597,23,1062.42,178.51,223.20,600.37,-1,-1,-1,-1
598,29,1488.98,51.22,413.70,1046.06,-1,-1,-1,-1
598,10,-7.83,83.76,388.88,1007.86,-1,-1,-1,-1
598,1,310.66,160.56,313.92,849.83,-1,-1,-1,-1
598,30,874.47,208.49,229.18,651.47,-1,-1,-1,-1
598,23,1051.39,179.55,224.32,601.32,-1,-1,-1,-1
599,29,1511.78,52.19,406.62,1031.00,-1,-1,-1,-1
599,10,-1.55,83.24,389.22,1006.32,-1,-1,-1,-1
599,1,288.95,161.69,318.72,856.17,-1,-1,-1,-1
599,30,866.44,209.07,225.39,643.32,-1,-1,-1,-1
599,23,1041.56,177.61,226.56,605.47,-1,-1,-1,-1
600,29,1530.05,46.44,407.88,1036.96,-1,-1,-1,-1
600,10,2.77,98.00,387.19,997.11,-1,-1,-1,-1
600,1,277.19,167.13,318.72,854.42,-1,-1,-1,-1
600,30,859.62,209.77,223.02,637.22,-1,-1,-1,-1
600,23,1030.35,170.76,230.27,617.82,-1,-1,-1,-1
601,29,1541.00,45.31,401.11,1026.19,-1,-1,-1,-1
601,10,9.10,88.54,386.08,986.33,-1,-1,-1,-1
601,1,261.34,167.27,314.44,847.39,-1,-1,-1,-1
601,30,851.93,209.83,222.40,639.16,-1,-1,-1,-1
601,23,1022.82,169.84,230.25,623.99,-1,-1,-1,-1
602,29,1543.78,46.97,402.72,1042.95,-1,-1,-1,-1
602,10,26.26,80.18,398.48,1009.56,-1,-1,-1,-1
602,1,240.20,165.92,308.09,832.75,-1,-1,-1,-1
602,30,845.05,208.58,223.07,643.10,-1,-1,-1,-1
602,23,1016.50,171.19,230.28,628.61,-1,-1,-1,-1
603,29,1553.93,54.20,394.95,1037.19,-1,-1,-1,-1
603,10,53.70,70.84,403.46,1003.50,-1,-1,-1,-1
603,30,841.15,214.42,220.49,635.41,-1,-1,-1,-1
603,23,1014.08,172.61,231.25,636.33,-1,-1,-1,-1
604,29,1568.02,52.48,388.41,1039.77,-1,-1,-1,-1
604,10,68.45,75.29,409.01,1006.78,-1,-1,-1,-1
604,30,836.48,217.02,218.75,628.49,-1,-1,-1,-1
604,23,1011.99,176.01,232.74,641.52,-1,-1,-1,-1
605,29,1587.95,53.80,377.30,1034.52,-1,-1,-1,-1
605,10,91.02,75.33,403.49,985.39,-1,-1,-1,-1
605,30,828.54,216.50,219.49,629.80,-1,-1,-1,-1
605,23,1007.41,178.02,236.50,658.56,-1,-1,-1,-1
606,29,1605.92,58.91,355.79,997.80,-1,-1,-1,-1
606,10,120.56,82.01,403.00,981.96,-1,-1,-1,-1
606,30,819.05,216.13,221.19,632.18,-1,-1,-1,-1
606,23,1006.96,182.50,237.96,662.80,-1,-1,-1,-1
607,29,1613.95,59.07,340.88,975.69,-1,-1,-1,-1
607,10,150.05,85.84,410.19,1001.67,-1,-1,-1,-1
607,30,808.79,216.70,221.82,628.26,-1,-1,-1,-1
607,23,1006.96,181.64,239.69,669.03,-1,-1,-1,-1
608,29,1621.70,55.27,329.52,959.94,-1,-1,-1,-1
608,10,173.60,76.48,413.08,1008.20,-1,-1,-1,-1
608,30,798.72,218.02,222.55,622.18,-1,-1,-1,-1
608,23,1005.75,174.59,241.45,679.97,-1,-1,-1,-1
609,29,1636.14,74.80,322.46,963.17,-1,-1,-1,-1
609,10,218.74,76.81,415.02,1018.82,-1,-1,-1,-1
609,30,787.31,218.84,224.76,621.62,-1,-1,-1,-1
609,23,1007.41,166.13,243.33,690.87,-1,-1,-1,-1
609,1,111.39,170.65,302.57,821.01,-1,-1,-1,-1
610,29,1643.25,85.41,310.36,945.20,-1,-1,-1,-1
610,10,252.87,90.57,413.57,1013.46,-1,-1,-1,-1
610,30,779.01,222.40,226.90,621.41,-1,-1,-1,-1
610,23,1010.42,157.18,244.51,695.71,-1,-1,-1,-1
610,1,95.98,184.01,299.19,811.13,-1,-1,-1,-1
611,29,1652.38,105.29,294.71,910.34,-1,-1,-1,-1
611,10,294.51,83.99,406.86,991.87,-1,-1,-1,-1
611,30,767.47,220.95,230.40,625.53,-1,-1,-1,-1
611,23,1010.45,156.01,246.70,701.45,-1,-1,-1,-1
611,1,81.32,181.54,301.62,810.34,-1,-1,-1,-1
612,29,1653.01,113.07,285.88,891.18,-1,-1,-1,-1
612,10,334.08,72.10,404.55,985.67,-1,-1,-1,-1
612,30,760.41,226.29,231.72,625.55,-1,-1,-1,-1
612,23,1011.94,150.76,247.91,702.87,-1,-1,-1,-1
612,1,66.89,178.22,303.88,807.14,-1,-1,-1,-1
613,29,1644.10,101.14,283.92,890.80,-1,-1,-1,-1
613,10,361.52,75.42,404.98,993.06,-1,-1,-1,-1
613,30,751.31,224.00,232.17,624.13,-1,-1,-1,-1
613,23,1009.04,145.56,250.37,708.93,-1,-1,-1,-1
613,1,54.40,178.72,304.13,798.44,-1,-1,-1,-1
614,29,1639.49,100.75,285.29,900.39,-1,-1,-1,-1
614,10,402.03,68.02,410.25,1019.25,-1,-1,-1,-1
614,30,741.85,223.21,230.34,619.16,-1,-1,-1,-1
614,23,1006.03,142.44,252.14,709.87,-1,-1,-1,-1
614,1,43.84,178.26,303.32,789.19,-1,-1,-1,-1
615,29,1632.99,99.29,283.11,892.31,-1,-1,-1,-1
615,10,442.82,56.52,412.54,1034.43,-1,-1,-1,-1
615,30,731.08,223.17,226.09,608.28,-1,-1,-1,-1
615,23,1000.30,141.84,253.98,708.51,-1,-1,-1,-1
615,1,34.93,176.44,305.24,791.87,-1,-1,-1,-1
616,29,1626.76,100.63,280.34,879.68,-1,-1,-1,-1
616,10,484.38,62.25,407.20,1030.50,-1,-1,-1,-1
616,30,714.56,227.85,220.27,597.84,-1,-1,-1,-1
616,23,992.50,142.73,257.84,712.81,-1,-1,-1,-1
616,1,29.03,175.01,305.93,792.74,-1,-1,-1,-1
617,29,1615.97,99.20,281.26,877.49,-1,-1,-1,-1
617,10,524.28,71.22,402.40,1024.37,-1,-1,-1,-1
617,30,684.31,204.42,229.42,623.99,-1,-1,-1,-1
617,23,979.75,142.80,263.98,721.92,-1,-1,-1,-1
617,1,24.58,175.66,306.22,791.95,-1,-1,-1,-1
618,29,1613.73,103.09,281.16,866.44,-1,-1,-1,-1
618,10,557.50,69.56,401.16,1023.54,-1,-1,-1,-1
618,23,968.72,150.91,266.52,719.92,-1,-1,-1,-1
618,1,22.90,176.87,307.60,793.39,-1,-1,-1,-1
619,29,1604.81,105.51,282.87,860.90,-1,-1,-1,-1
619,10,596.55,82.22,393.74,1010.03,-1,-1,-1,-1
619,23,957.22,147.52,272.87,731.90,-1,-1,-1,-1
619,1,25.19,180.93,306.52,789.62,-1,-1,-1,-1
620,29,1579.12,115.45,281.37,847.63,-1,-1,-1,-1
620,10,637.47,79.12,392.71,1010.21,-1,-1,-1,-1
620,23,947.64,145.32,273.57,731.14,-1,-1,-1,-1
620,1,28.23,185.45,305.67,788.01,-1,-1,-1,-1
621,29,1553.39,127.90,277.28,827.63,-1,-1,-1,-1
621,10,666.50,78.66,387.14,1008.05,-1,-1,-1,-1
621,23,934.84,143.15,275.81,734.78,-1,-1,-1,-1
621,1,35.69,189.81,302.65,781.03,-1,-1,-1,-1
622,29,1530.34,130.64,277.61,824.97,-1,-1,-1,-1
622,10,710.09,73.12,382.40,1011.33,-1,-1,-1,-1
622,23,892.04,118.89,292.92,782.48,-1,-1,-1,-1
622,1,48.62,197.92,294.38,759.00,-1,-1,-1,-1
622,30,605.84,227.07,230.64,623.78,-1,-1,-1,-1
623,29,1506.14,133.72,275.45,816.99,-1,-1,-1,-1
623,10,804.40,87.28,353.57,934.23,-1,-1,-1,-1
623,1,57.11,204.54,289.12,744.57,-1,-1,-1,-1
623,30,590.86,230.34,238.11,634.67,-1,-1,-1,-1
624,29,1488.04,127.51,274.57,815.52,-1,-1,-1,-1
624,10,820.11,80.26,370.04,981.50,-1,-1,-1,-1
624,1,64.98,207.70,284.85,732.94,-1,-1,-1,-1
624,30,581.46,230.33,244.71,642.44,-1,-1,-1,-1
625,29,1475.27,136.05,267.91,797.93,-1,-1,-1,-1
625,10,839.26,69.07,376.44,995.90,-1,-1,-1,-1
625,1,76.91,212.45,277.79,715.38,-1,-1,-1,-1
625,30,570.45,232.72,250.61,653.15,-1,-1,-1,-1
626,29,1458.22,135.15,262.09,784.71,-1,-1,-1,-1
626,10,849.78,68.46,382.08,1003.82,-1,-1,-1,-1
626,1,85.03,211.88,273.30,703.60,-1,-1,-1,-1
626,23,603.32,216.38,257.33,680.40,-1,-1,-1,-1
627,29,1433.62,135.62,254.98,764.64,-1,-1,-1,-1
627,10,858.25,72.49,385.72,1001.71,-1,-1,-1,-1
627,1,92.00,211.38,269.13,692.94,-1,-1,-1,-1
627,23,559.13,227.47,255.46,671.44,-1,-1,-1,-1
628,29,1405.58,139.56,254.14,761.73,-1,-1,-1,-1
628,10,887.23,75.22,389.05,998.94,-1,-1,-1,-1
628,1,98.67,209.31,266.32,684.97,-1,-1,-1,-1
628,23,533.93,228.31,255.86,668.74,-1,-1,-1,-1
629,29,1381.97,140.88,255.11,758.14,-1,-1,-1,-1
629,10,953.04,70.63,398.81,1023.20,-1,-1,-1,-1
629,1,102.40,207.41,265.45,683.07,-1,-1,-1,-1
629,23,516.07,225.30,258.55,672.18,-1,-1,-1,-1
630,29,1364.83,143.93,254.33,748.39,-1,-1,-1,-1
630,10,1008.60,81.25,393.51,1016.34,-1,-1,-1,-1
630,1,107.69,206.65,266.34,684.75,-1,-1,-1,-1
630,23,499.37,220.23,262.62,680.96,-1,-1,-1,-1
630,39,810.40,120.65,298.54,834.76,-1,-1,-1,-1
631,29,1352.00,145.28,253.99,744.27,-1,-1,-1,-1
631,10,1039.38,76.94,398.11,1031.53,-1,-1,-1,-1
631,1,113.14,206.72,265.11,680.09,-1,-1,-1,-1
631,23,484.02,216.11,265.61,687.90,-1,-1,-1,-1
631,39,807.76,121.25,309.07,864.56,-1,-1,-1,-1
632,29,1344.89,146.49,254.44,745.56,-1,-1,-1,-1
632,10,1063.64,70.67,399.72,1035.14,-1,-1,-1,-1
632,1,120.82,209.10,265.00,679.14,-1,-1,-1,-1
632,23,471.78,213.83,269.97,697.63,-1,-1,-1,-1
632,39,804.71,120.43,313.61,877.70,-1,-1,-1,-1
633,29,1305.23,126.38,265.22,771.59,-1,-1,-1,-1
633,10,1095.05,58.75,397.76,1023.15,-1,-1,-1,-1
633,1,131.76,212.11,263.83,676.29,-1,-1,-1,-1
633,23,458.91,211.16,278.51,718.89,-1,-1,-1,-1
633,39,801.34,118.84,317.14,889.34,-1,-1,-1,-1
634,10,1138.01,56.95,399.02,1007.15,-1,-1,-1,-1
634,1,139.93,212.34,261.81,671.78,-1,-1,-1,-1
634,23,450.56,211.20,285.32,735.81,-1,-1,-1,-1
634,39,806.89,116.13,316.31,890.42,-1,-1,-1,-1
635,10,1155.93,103.03,382.62,951.91,-1,-1,-1,-1
635,1,148.05,218.19,257.52,662.38,-1,-1,-1,-1
635,23,446.65,205.90,289.85,744.97,-1,-1,-1,-1
635,39,816.67,111.58,316.61,897.95,-1,-1,-1,-1
636,10,1166.67,127.35,387.05,954.19,-1,-1,-1,-1
636,1,154.96,219.61,254.12,654.62,-1,-1,-1,-1
636,23,443.10,201.25,293.13,751.53,-1,-1,-1,-1
636,39,820.90,98.86,318.19,911.86,-1,-1,-1,-1
637,10,1179.44,129.92,392.58,959.98,-1,-1,-1,-1
637,1,166.91,221.11,246.70,636.44,-1,-1,-1,-1
637,23,441.94,198.09,295.77,756.32,-1,-1,-1,-1
637,39,825.03,85.69,317.13,920.28,-1,-1,-1,-1
638,10,1207.92,114.96,404.01,978.55,-1,-1,-1,-1
638,1,179.62,220.96,241.08,622.15,-1,-1,-1,-1
638,23,442.03,198.68,295.98,754.47,-1,-1,-1,-1
638,29,862.16,88.99,309.51,907.95,-1,-1,-1,-1
639,10,1220.31,103.20,407.58,991.46,-1,-1,-1,-1
639,1,189.37,221.64,238.58,614.80,-1,-1,-1,-1
639,23,441.62,199.31,297.17,754.05,-1,-1,-1,-1
639,29,821.73,82.29,314.35,920.17,-1,-1,-1,-1
640,10,1231.26,91.38,409.14,1000.39,-1,-1,-1,-1
640,1,200.36,220.39,236.52,608.72,-1,-1,-1,-1
640,23,440.34,198.90,298.82,754.43,-1,-1,-1,-1
640,29,807.82,81.22,318.68,924.06,-1,-1,-1,-1
640,40,1178.24,161.78,207.66,686.73,-1,-1,-1,-1
641,10,1239.04,80.56,416.41,1019.09,-1,-1,-1,-1
641,1,211.72,218.21,234.68,603.03,-1,-1,-1,-1
641,23,435.68,199.34,301.51,755.54,-1,-1,-1,-1
641,29,807.81,81.49,324.00,927.01,-1,-1,-1,-1
641,40,1155.54,156.76,213.21,702.66,-1,-1,-1,-1
642,10,1253.13,75.65,416.62,1016.31,-1,-1,-1,-1
642,1,225.20,220.63,232.98,597.39,-1,-1,-1,-1
642,23,432.63,199.75,304.81,759.47,-1,-1,-1,-1
642,29,812.38,78.21,330.78,935.90,-1,-1,-1,-1
642,40,1135.32,167.14,217.08,714.18,-1,-1,-1,-1
643,10,1275.70,74.25,406.64,985.27,-1,-1,-1,-1
643,1,236.79,223.34,230.98,592.33,-1,-1,-1,-1
643,23,424.79,202.55,310.17,770.58,-1,-1,-1,-1
643,29,816.86,74.92,336.47,945.24,-1,-1,-1,-1
643,40,1117.30,170.15,215.21,705.28,-1,-1,-1,-1
644,10,1277.68,68.49,409.25,983.25,-1,-1,-1,-1
644,1,246.42,227.41,229.04,588.45,-1,-1,-1,-1
644,23,418.09,199.61,314.69,778.61,-1,-1,-1,-1
644,29,825.08,76.88,343.25,961.83,-1,-1,-1,-1
644,40,1099.26,165.78,213.71,696.30,-1,-1,-1,-1
645,10,1283.26,61.11,411.79,984.31,-1,-1,-1,-1
645,1,254.56,225.62,229.54,590.84,-1,-1,-1,-1
645,23,405.12,201.18,322.26,797.89,-1,-1,-1,-1
645,29,839.79,82.42,343.59,962.17,-1,-1,-1,-1
645,40,1067.86,169.63,211.99,686.90,-1,-1,-1,-1