1,1,0.00,334.66,92.63,505.43,1,-1,-1,-1
2,1,-6.01,355.52,92.80,482.52,1,-1,-1,-1
3,1,-7.12,363.26,82.62,464.50,1,-1,-1,-1
4,1,-8.32,386.90,86.08,446.16,1,-1,-1,-1
5,1,-7.90,388.72,84.19,451.10,1,-1,-1,-1
6,1,-7.64,394.55,85.78,455.25,1,-1,-1,-1
7,1,-14.69,413.81,82.94,455.25,1,-1,-1,-1
8,1,-10.87,417.63,82.94,455.25,1,-1,-1,-1
9,2,1.83,752.50,84.23,67.69,1,-1,-1,-1
9,1,-13.16,421.45,82.94,455.25,1,-1,-1,-1
10,2,-6.88,752.66,84.00,67.00,1,-1,-1,-1
10,1,-9.97,406.88,84.49,463.79,1,-1,-1,-1
11,2,-17.08,755.74,84.00,67.00,1,-1,-1,-1
11,1,-16.98,399.87,84.49,463.79,1,-1,-1,-1
12,1,-9.97,392.87,84.49,463.79,1,-1,-1,-1
13,1,-16.98,388.97,84.49,463.79,1,-1,-1,-1
16,1,-1.00,397.00,81.00,429.00,1,-1,-1,-1
17,1,2.13,404.58,103.19,429.96,1,-1,-1,-1
18,1,8.51,400.65,125.52,437.43,1,-1,-1,-1
19,1,14.10,387.75,151.17,454.96,1,-1,-1,-1
20,1,20.10,343.47,159.13,508.11,1,-1,-1,-1
21,1,2.00,281.00,239.00,543.00,1,-1,-1,-1
22,1,7.76,277.11,236.81,556.24,1,-1,-1,-1
23,1,12.51,276.39,236.87,563.89,1,-1,-1,-1
24,1,13.28,271.26,235.57,585.10,1,-1,-1,-1
25,1,11.40,276.61,240.96,587.13,1,-1,-1,-1
26,1,15.53,268.16,241.83,594.03,1,-1,-1,-1
27,1,14.20,262.01,245.28,605.84,1,-1,-1,-1
28,1,11.10,266.07,250.66,612.17,1,-1,-1,-1
29,1,11.03,265.36,252.41,618.55,1,-1,-1,-1
30,1,15.35,262.37,256.35,624.14,1,-1,-1,-1
31,1,20.58,259.37,256.50,625.48,1,-1,-1,-1
32,1,21.63,259.58,259.19,624.40,1,-1,-1,-1
33,1,18.13,256.95,265.47,630.59,1,-1,-1,-1
34,1,28.73,247.95,251.89,634.86,1,-1,-1,-1
35,1,19.67,246.60,264.77,632.75,1,-1,-1,-1
36,1,22.48,244.26,288.88,641.47,1,-1,-1,-1
37,1,53.79,245.91,297.92,639.27,1,-1,-1,-1
38,1,86.22,242.45,297.52,640.12,1,-1,-1,-1
39,1,114.73,240.86,289.16,644.46,1,-1,-1,-1
40,1,138.90,226.24,284.78,660.90,1,-1,-1,-1
41,1,170.66,224.18,265.44,660.19,1,-1,-1,-1
42,1,200.02,219.41,261.08,668.28,1,-1,-1,-1
43,1,248.29,224.95,249.21,664.41,1,-1,-1,-1
44,1,268.17,224.41,254.36,668.93,1,-1,-1,-1
45,1,281.47,225.26,280.52,672.67,1,-1,-1,-1
46,1,298.79,223.92,298.17,668.41,1,-1,-1,-1
47,1,315.38,227.02,306.32,672.04,1,-1,-1,-1
48,1,338.62,223.86,294.15,675.56,1,-1,-1,-1
49,1,356.89,223.94,282.13,680.11,1,-1,-1,-1
50,1,371.48,220.89,271.37,686.65,1,-1,-1,-1
51,1,389.49,216.79,262.32,688.51,1,-1,-1,-1
52,1,408.72,214.94,257.40,685.59,1,-1,-1,-1
53,1,440.60,210.49,262.18,689.00,1,-1,-1,-1
54,1,457.25,221.11,304.35,670.10,1,-1,-1,-1
55,1,474.18,218.98,307.73,668.11,1,-1,-1,-1
56,1,489.93,216.42,298.05,672.37,1,-1,-1,-1
57,1,503.36,226.96,304.58,661.95,1,-1,-1,-1
58,1,526.10,221.24,294.04,672.39,1,-1,-1,-1
59,1,569.28,214.48,270.25,675.52,1,-1,-1,-1
60,1,589.37,225.20,253.16,666.17,1,-1,-1,-1
61,1,622.49,223.22,240.27,668.98,1,-1,-1,-1
62,1,649.14,234.29,246.65,661.47,1,-1,-1,-1
63,1,673.06,219.95,274.26,674.81,1,-1,-1,-1
64,1,685.92,212.77,284.67,676.06,1,-1,-1,-1
65,1,699.85,222.80,299.96,658.09,1,-1,-1,-1
66,1,716.66,228.05,296.83,649.83,1,-1,-1,-1
67,1,745.80,222.04,280.26,657.78,1,-1,-1,-1
68,1,758.88,231.05,278.12,647.88,1,-1,-1,-1
69,1,794.19,216.36,252.86,657.93,1,-1,-1,-1
70,1,835.22,204.93,243.02,673.29,1,-1,-1,-1
71,1,855.87,205.19,247.04,674.18,1,-1,-1,-1
72,1,876.94,200.88,236.40,683.61,1,-1,-1,-1
73,1,878.92,205.36,266.36,671.39,1,-1,-1,-1
74,1,898.29,201.13,273.25,668.34,1,-1,-1,-1
75,1,907.84,210.99,271.39,662.68,1,-1,-1,-1
76,1,919.60,202.78,272.97,666.90,1,-1,-1,-1
77,1,941.45,194.83,260.62,657.08,1,-1,-1,-1
78,1,971.72,200.25,233.05,642.74,1,-1,-1,-1
79,1,990.55,200.51,220.02,637.14,1,-1,-1,-1
80,1,1002.71,209.15,231.51,640.76,1,-1,-1,-1
81,1,1019.35,205.01,240.54,640.44,1,-1,-1,-1
82,1,1029.82,210.90,260.18,634.84,1,-1,-1,-1
83,1,1046.09,222.39,255.25,620.63,1,-1,-1,-1
84,1,1045.77,219.49,267.93,628.31,1,-1,-1,-1
85,1,1064.65,216.26,257.47,631.33,1,-1,-1,-1
86,1,1091.77,212.25,235.82,638.37,1,-1,-1,-1
87,1,1118.79,217.99,222.46,623.92,1,-1,-1,-1
88,1,1129.92,219.28,218.95,621.22,1,-1,-1,-1
89,1,1139.84,211.84,224.56,634.48,1,-1,-1,-1
90,1,1152.36,209.89,237.94,638.51,1,-1,-1,-1
91,1,1162.04,216.26,259.74,641.16,1,-1,-1,-1
92,1,1174.51,216.46,272.93,651.30,1,-1,-1,-1
93,1,1188.00,212.35,279.56,656.26,1,-1,-1,-1
94,1,1204.62,207.67,269.08,675.35,1,-1,-1,-1
95,1,1210.06,208.38,276.76,687.78,1,-1,-1,-1
96,1,1226.57,207.04,279.01,696.39,1,-1,-1,-1
97,1,1236.22,200.78,281.14,700.93,1,-1,-1,-1
98,1,1244.57,195.21,286.42,713.59,1,-1,-1,-1
99,1,1279.24,191.53,286.35,728.51,1,-1,-1,-1
100,1,1276.21,189.39,292.55,747.49,1,-1,-1,-1
101,1,1276.35,188.74,293.52,771.79,1,-1,-1,-1
102,1,1274.14,180.93,301.51,787.03,1,-1,-1,-1
103,1,1269.58,184.83,305.51,799.17,1,-1,-1,-1
104,1,1269.01,178.22,309.41,814.22,1,-1,-1,-1
105,1,1270.00,174.00,319.49,826.31,1,-1,-1,-1
106,1,1272.90,169.54,319.52,832.05,1,-1,-1,-1
107,1,1270.51,173.65,323.14,824.02,1,-1,-1,-1
108,1,1267.77,172.16,330.22,845.29,1,-1,-1,-1
109,1,1271.16,174.39,325.18,858.79,1,-1,-1,-1
110,1,1274.42,183.12,320.28,853.61,1,-1,-1,-1
111,1,1280.31,185.34,315.33,853.06,1,-1,-1,-1
112,1,1273.87,187.34,313.02,851.77,1,-1,-1,-1
113,1,1272.37,184.62,303.89,855.44,1,-1,-1,-1
114,1,1263.78,167.97,303.97,857.58,1,-1,-1,-1
115,1,1272.52,187.21,290.99,844.00,1,-1,-1,-1
116,1,1253.69,179.63,303.13,858.48,1,-1,-1,-1
117,1,1249.94,171.95,299.24,864.39,1,-1,-1,-1
118,1,1235.96,167.94,308.99,869.50,1,-1,-1,-1
119,1,1216.84,172.95,321.61,875.87,1,-1,-1,-1
120,1,1209.17,176.38,323.93,863.57,1,-1,-1,-1
121,1,1204.57,174.03,324.27,862.24,1,-1,-1,-1
122,1,1200.28,176.74,325.77,869.40,1,-1,-1,-1
123,1,1196.99,187.50,319.18,851.29,1,-1,-1,-1
124,1,1191.10,174.67,309.90,853.97,1,-1,-1,-1
125,1,1177.49,169.78,308.09,836.36,1,-1,-1,-1
126,1,1166.48,166.02,308.22,845.29,1,-1,-1,-1
127,1,1152.11,163.80,307.76,844.86,1,-1,-1,-1
128,1,1133.54,167.13,310.28,832.22,1,-1,-1,-1
129,1,1116.19,173.92,314.36,827.79,1,-1,-1,-1
130,1,1100.48,177.38,315.92,825.74,1,-1,-1,-1
131,1,1091.38,176.07,315.27,820.16,1,-1,-1,-1
132,1,1085.62,175.41,315.37,812.45,1,-1,-1,-1
133,3,0.45,378.17,162.47,421.25,1,-1,-1,-1
133,1,1075.56,170.24,309.86,813.15,1,-1,-1,-1
134,3,-4.47,325.03,169.06,477.87,1,-1,-1,-1
134,1,1059.39,176.43,316.33,785.38,1,-1,-1,-1
135,3,-5.54,306.84,177.50,506.86,1,-1,-1,-1
135,1,1053.10,177.82,295.29,768.81,1,-1,-1,-1
136,3,-1.93,287.52,181.16,536.48,1,-1,-1,-1
136,1,1046.45,181.82,284.98,762.92,1,-1,-1,-1
137,3,0.18,280.17,182.83,543.76,1,-1,-1,-1
137,1,1032.40,190.90,287.17,750.54,1,-1,-1,-1
138,3,6.47,270.77,185.93,555.07,1,-1,-1,-1
138,1,1021.08,193.63,284.10,743.15,1,-1,-1,-1
139,3,13.29,252.45,195.91,574.30,1,-1,-1,-1
139,1,1011.83,192.48,279.89,746.86,1,-1,-1,-1
140,3,14.35,246.96,209.90,573.20,1,-1,-1,-1
140,1,1004.44,192.70,278.30,742.46,1,-1,-1,-1
141,3,16.04,245.70,233.16,570.14,1,-1,-1,-1
141,1,997.96,197.79,277.21,730.71,1,-1,-1,-1
142,3,21.48,245.23,249.67,562.96,1,-1,-1,-1
142,1,993.87,201.68,274.00,714.69,1,-1,-1,-1
143,3,26.05,236.56,247.90,571.63,1,-1,-1,-1
143,1,992.88,196.34,265.84,693.53,1,-1,-1,-1
144,3,40.98,236.72,241.66,571.11,1,-1,-1,-1
144,1,988.17,197.38,259.87,675.41,1,-1,-1,-1
145,3,50.23,239.82,235.63,568.02,1,-1,-1,-1
145,1,985.69,198.47,252.46,668.42,1,-1,-1,-1
146,3,95.82,237.75,219.47,579.56,1,-1,-1,-1
146,1,975.63,201.65,248.72,660.82,1,-1,-1,-1
147,3,110.98,237.60,216.37,586.35,1,-1,-1,-1
147,1,965.34,207.24,248.74,649.94,1,-1,-1,-1
148,4,128.14,224.48,204.73,587.55,1,-1,-1,-1
148,1,959.48,215.58,252.50,639.04,1,-1,-1,-1
149,4,136.66,229.61,210.11,582.44,1,-1,-1,-1
149,1,958.10,217.81,251.86,633.44,1,-1,-1,-1
150,4,156.60,233.25,218.91,572.35,1,-1,-1,-1
150,1,957.09,221.19,248.73,622.05,1,-1,-1,-1
151,4,176.10,226.47,235.78,583.50,1,-1,-1,-1
151,1,948.52,223.10,246.54,609.32,1,-1,-1,-1
152,4,190.90,232.08,234.52,583.91,1,-1,-1,-1
152,1,923.15,223.51,228.38,600.17,1,-1,-1,-1
153,4,208.47,233.42,229.93,586.94,1,-1,-1,-1
153,1,922.60,229.60,218.50,598.53,1,-1,-1,-1
154,4,224.74,234.92,226.32,585.26,1,-1,-1,-1
154,1,912.96,223.34,213.54,605.73,1,-1,-1,-1
155,4,252.25,233.91,212.22,578.30,1,-1,-1,-1
155,1,903.77,224.99,213.17,604.08,1,-1,-1,-1
156,4,283.29,224.06,194.06,580.92,1,-1,-1,-1
156,1,886.03,224.82,233.41,604.88,1,-1,-1,-1
157,4,294.16,223.27,200.95,572.16,1,-1,-1,-1
157,1,873.05,222.93,239.62,602.23,1,-1,-1,-1
158,4,305.88,223.62,200.48,570.24,1,-1,-1,-1
158,1,863.17,228.22,245.20,598.64,1,-1,-1,-1
159,4,322.22,231.45,215.09,571.32,1,-1,-1,-1
159,1,851.01,228.23,247.70,600.92,1,-1,-1,-1
160,4,340.93,228.47,237.88,574.95,1,-1,-1,-1
160,1,835.95,226.43,252.90,597.84,1,-1,-1,-1
161,4,360.66,226.84,236.81,576.91,1,-1,-1,-1
161,1,814.20,230.94,249.42,588.35,1,-1,-1,-1
162,4,369.00,227.60,233.74,578.40,1,-1,-1,-1
162,1,817.87,230.42,242.15,585.27,1,-1,-1,-1
163,4,393.72,232.29,219.68,575.49,1,-1,-1,-1
163,1,811.08,234.63,238.43,583.04,1,-1,-1,-1
164,4,421.77,231.34,202.32,568.21,1,-1,-1,-1
164,1,801.27,235.45,229.77,588.11,1,-1,-1,-1
165,4,448.61,222.44,190.21,574.00,1,-1,-1,-1
165,1,783.58,243.46,227.41,580.02,1,-1,-1,-1
166,4,458.93,228.85,190.56,564.00,1,-1,-1,-1
166,1,773.46,238.88,223.98,596.37,1,-1,-1,-1
167,4,475.16,225.04,191.82,573.00,1,-1,-1,-1
167,1,758.87,240.38,230.48,598.49,1,-1,-1,-1
168,4,493.37,223.57,205.84,570.25,1,-1,-1,-1
168,1,731.08,235.82,250.21,604.73,1,-1,-1,-1
169,4,532.00,207.00,217.00,611.00,1,-1,-1,-1
169,1,715.30,238.71,256.58,598.14,1,-1,-1,-1
170,4,526.47,213.14,225.22,608.46,1,-1,-1,-1
170,1,685.00,250.00,250.00,583.00,1,-1,-1,-1
171,4,533.71,225.58,234.34,592.01,1,-1,-1,-1
171,1,650.87,240.55,249.26,598.17,1,-1,-1,-1
172,4,572.06,236.85,210.25,592.01,1,-1,-1,-1
172,1,604.66,235.96,282.21,604.48,1,-1,-1,-1
173,4,593.10,228.35,240.02,617.27,1,-1,-1,-1
173,1,647.44,245.48,259.21,604.48,1,-1,-1,-1
174,4,620.20,229.21,218.69,625.62,1,-1,-1,-1
174,1,630.32,241.53,259.21,604.48,1,-1,-1,-1
175,4,614.08,223.68,212.48,634.77,1,-1,-1,-1
175,1,600.02,240.21,259.21,604.48,1,-1,-1,-1
176,4,610.00,229.00,213.00,646.00,1,-1,-1,-1
176,1,701.00,225.00,126.00,555.00,1,-1,-1,-1
177,4,597.74,229.15,223.39,645.02,1,-1,-1,-1
177,1,696.67,228.60,136.48,562.21,1,-1,-1,-1
178,4,568.99,231.88,226.42,634.27,1,-1,-1,-1
178,1,689.12,221.56,167.08,567.74,1,-1,-1,-1
179,4,556.81,235.60,213.38,629.13,1,-1,-1,-1
179,1,693.90,217.67,183.35,581.31,1,-1,-1,-1
180,4,540.74,241.39,201.75,608.98,1,-1,-1,-1
180,1,712.04,214.59,183.01,585.77,1,-1,-1,-1
181,4,537.57,248.93,199.91,599.55,1,-1,-1,-1
181,1,722.48,220.18,184.62,591.26,1,-1,-1,-1
182,4,529.49,252.11,201.03,591.52,1,-1,-1,-1
182,1,766.46,220.41,161.08,582.43,1,-1,-1,-1
183,4,516.33,240.31,201.96,610.31,1,-1,-1,-1
183,1,798.62,220.85,139.72,571.39,1,-1,-1,-1
184,4,507.55,242.95,204.10,611.70,1,-1,-1,-1
184,1,820.52,207.12,149.37,580.08,1,-1,-1,-1
185,4,492.98,236.75,208.09,613.11,1,-1,-1,-1
185,1,846.04,194.67,147.81,583.22,1,-1,-1,-1
186,4,491.50,244.48,202.88,603.03,1,-1,-1,-1
186,1,850.90,193.21,165.35,572.02,1,-1,-1,-1
187,4,489.23,240.37,197.03,609.49,1,-1,-1,-1
187,1,871.14,193.37,174.10,571.09,1,-1,-1,-1
188,4,480.17,243.78,198.94,602.63,1,-1,-1,-1
188,1,878.65,201.39,185.55,558.68,1,-1,-1,-1
189,4,472.95,250.19,182.57,595.47,1,-1,-1,-1
189,1,899.18,204.28,172.31,546.49,1,-1,-1,-1
190,4,468.77,254.97,181.12,599.06,1,-1,-1,-1
190,1,920.68,203.99,156.10,545.01,1,-1,-1,-1
191,4,459.84,247.09,178.92,600.56,1,-1,-1,-1
191,1,935.64,199.94,151.22,543.49,1,-1,-1,-1
192,4,451.62,250.73,183.44,606.36,1,-1,-1,-1
192,1,949.61,197.39,145.70,548.75,1,-1,-1,-1
193,4,440.18,244.44,187.88,609.34,1,-1,-1,-1
193,1,975.41,192.06,140.96,555.68,1,-1,-1,-1
194,4,427.44,242.75,197.17,612.97,1,-1,-1,-1
194,1,990.42,187.79,147.46,557.54,1,-1,-1,-1
195,4,419.12,241.02,201.14,620.25,1,-1,-1,-1
195,1,1006.60,220.56,149.56,566.90,1,-1,-1,-1
196,4,403.89,240.99,212.54,627.91,1,-1,-1,-1
196,1,1013.48,220.07,179.37,558.40,1,-1,-1,-1
197,4,382.02,246.68,226.53,631.35,1,-1,-1,-1
197,1,1030.87,214.41,176.37,560.77,1,-1,-1,-1
198,4,361.38,230.70,232.03,664.63,1,-1,-1,-1
198,1,1033.84,213.32,190.65,566.08,1,-1,-1,-1
199,4,351.10,231.47,244.26,667.54,1,-1,-1,-1
199,1,1043.15,212.26,184.29,566.71,1,-1,-1,-1
200,4,341.13,226.05,238.47,680.68,1,-1,-1,-1
200,1,1071.35,219.19,166.45,567.93,1,-1,-1,-1
201,4,330.76,227.01,245.85,686.08,1,-1,-1,-1
201,1,1104.84,211.83,145.42,570.15,1,-1,-1,-1
202,4,325.52,230.33,243.02,699.47,1,-1,-1,-1
202,1,1119.74,222.06,147.06,566.43,1,-1,-1,-1
203,4,321.03,228.44,246.19,718.03,1,-1,-1,-1
203,1,1136.40,197.65,157.66,588.25,1,-1,-1,-1
204,4,319.28,230.48,249.00,733.85,1,-1,-1,-1
204,1,1152.58,187.77,179.31,593.90,1,-1,-1,-1
205,4,314.73,224.84,253.87,746.80,1,-1,-1,-1
205,1,1167.72,192.11,201.06,593.36,1,-1,-1,-1
206,4,311.97,220.74,263.97,759.04,1,-1,-1,-1
206,1,1176.16,199.13,200.95,586.60,1,-1,-1,-1
207,4,309.44,217.57,267.32,767.06,1,-1,-1,-1
207,1,1190.22,194.64,196.63,600.07,1,-1,-1,-1
208,4,304.48,211.04,272.09,770.65,1,-1,-1,-1
208,1,1208.57,201.88,188.54,594.98,1,-1,-1,-1
209,4,301.32,212.20,275.18,773.74,1,-1,-1,-1
209,1,1224.52,194.96,180.09,596.71,1,-1,-1,-1
210,4,297.34,207.26,273.60,792.00,1,-1,-1,-1
210,1,1243.95,186.28,171.66,596.72,1,-1,-1,-1
211,4,294.20,203.70,276.59,819.18,1,-1,-1,-1
211,1,1247.00,191.00,209.00,597.00,1,-1,-1,-1
212,4,283.69,203.67,286.14,840.85,1,-1,-1,-1
212,1,1256.39,193.33,224.61,596.49,1,-1,-1,-1
213,4,272.35,198.20,290.98,849.96,1,-1,-1,-1
213,1,1263.03,191.55,249.40,601.20,1,-1,-1,-1
214,4,265.71,196.89,293.83,855.32,1,-1,-1,-1
214,1,1270.60,190.98,248.51,608.07,1,-1,-1,-1
215,4,250.25,200.85,299.46,848.73,1,-1,-1,-1
215,1,1285.68,189.14,260.04,615.37,1,-1,-1,-1
216,4,238.18,200.18,304.43,855.81,1,-1,-1,-1
216,1,1301.24,192.55,253.42,620.25,1,-1,-1,-1
217,4,231.43,195.65,307.66,873.36,1,-1,-1,-1
217,1,1317.41,199.76,241.55,616.52,1,-1,-1,-1
218,4,228.12,183.64,307.47,894.91,1,-1,-1,-1
218,1,1332.92,201.67,229.92,612.05,1,-1,-1,-1
219,4,227.29,182.13,316.52,904.57,1,-1,-1,-1
219,1,1344.01,195.38,229.54,614.50,1,-1,-1,-1
220,4,228.37,181.69,319.16,904.59,1,-1,-1,-1
220,1,1346.89,186.75,232.24,627.95,1,-1,-1,-1
221,4,231.69,185.64,321.12,909.03,1,-1,-1,-1
221,1,1352.11,179.51,234.70,643.22,1,-1,-1,-1
222,4,243.20,178.98,318.30,920.88,1,-1,-1,-1
222,1,1356.12,174.52,239.61,659.28,1,-1,-1,-1
223,4,263.17,181.76,308.86,915.85,1,-1,-1,-1
223,1,1354.24,169.25,246.38,674.66,1,-1,-1,-1
224,4,284.71,184.88,303.26,913.12,1,-1,-1,-1
224,1,1342.96,167.08,263.09,686.02,1,-1,-1,-1
225,4,303.43,182.62,292.31,917.75,1,-1,-1,-1
225,1,1337.53,169.79,272.20,700.93,1,-1,-1,-1
226,4,326.13,186.20,302.34,908.56,1,-1,-1,-1
226,1,1333.72,170.64,284.69,709.09,1,-1,-1,-1
227,4,350.57,170.48,284.59,917.81,1,-1,-1,-1
227,1,1338.03,169.50,274.86,716.67,1,-1,-1,-1
228,4,357.28,174.20,290.01,914.22,1,-1,-1,-1
228,1,1340.99,168.31,271.48,718.88,1,-1,-1,-1
229,4,366.43,178.96,297.59,906.36,1,-1,-1,-1
229,1,1356.28,169.08,249.16,714.38,1,-1,-1,-1
230,4,376.29,173.96,291.85,909.02,1,-1,-1,-1
230,1,1355.64,164.36,232.57,714.76,1,-1,-1,-1
231,4,393.20,180.05,285.39,921.21,1,-1,-1,-1
231,1,1335.91,164.38,244.89,719.13,1,-1,-1,-1
232,4,417.17,194.13,288.89,905.81,1,-1,-1,-1
232,1,1308.82,164.92,268.66,720.24,1,-1,-1,-1
233,4,428.84,178.13,299.29,920.91,1,-1,-1,-1
233,1,1296.87,166.53,275.94,723.28,1,-1,-1,-1
234,4,448.94,193.40,294.42,914.28,1,-1,-1,-1
234,1,1293.48,170.42,259.36,726.70,1,-1,-1,-1
235,4,482.48,176.68,296.00,932.48,1,-1,-1,-1
235,1,1274.54,171.07,268.51,722.03,1,-1,-1,-1
236,4,510.09,172.16,304.71,930.77,1,-1,-1,-1
236,1,1261.63,170.46,254.91,721.39,1,-1,-1,-1
237,4,532.46,166.31,314.86,946.37,1,-1,-1,-1
237,1,1246.80,161.01,246.65,730.13,1,-1,-1,-1
238,4,564.21,161.84,317.97,952.42,1,-1,-1,-1
238,1,1223.53,164.72,243.09,729.80,1,-1,-1,-1
239,4,578.67,164.91,319.96,934.45,1,-1,-1,-1
239,1,1212.73,164.86,231.92,722.75,1,-1,-1,-1
240,4,603.18,161.59,317.77,934.33,1,-1,-1,-1
240,1,1184.49,158.03,235.20,733.97,1,-1,-1,-1
241,4,631.41,151.69,314.71,950.74,1,-1,-1,-1
241,1,1146.11,161.41,258.09,734.61,1,-1,-1,-1
242,4,662.03,167.66,316.43,935.47,1,-1,-1,-1
242,1,1126.15,168.23,276.53,728.65,1,-1,-1,-1
243,4,710.30,149.48,300.23,941.60,1,-1,-1,-1
243,1,1108.76,172.22,271.10,730.20,1,-1,-1,-1
244,4,733.91,129.86,297.52,976.41,1,-1,-1,-1
244,1,1112.59,177.16,268.30,727.18,1,-1,-1,-1
245,4,765.29,155.28,310.84,943.23,1,-1,-1,-1
245,1,1097.90,174.77,262.64,728.06,1,-1,-1,-1
246,4,794.14,144.49,328.61,952.15,1,-1,-1,-1
246,1,1074.22,172.87,243.94,735.92,1,-1,-1,-1
247,4,812.58,151.59,340.74,943.57,1,-1,-1,-1
247,3,0.00,511.00,117.00,294.00,1,-1,-1,-1
247,1,1060.88,171.55,218.07,733.02,1,-1,-1,-1
248,4,832.64,149.03,340.47,933.85,1,-1,-1,-1
248,3,7.89,379.92,151.41,427.66,1,-1,-1,-1
248,1,1043.00,146.00,179.00,783.00,1,-1,-1,-1
249,4,850.08,145.10,329.97,936.17,1,-1,-1,-1
249,3,-2.50,355.58,189.21,486.10,1,-1,-1,-1
249,1,1046.51,152.44,173.25,761.49,1,-1,-1,-1
250,6,2.47,253.50,101.77,379.35,1,-1,-1,-1
250,5,1046.25,171.92,119.88,232.97,1,-1,-1,-1
250,4,875.58,182.84,341.92,915.86,1,-1,-1,-1
250,3,2.00,245.00,240.00,580.00,1,-1,-1,-1
250,1,1000.44,139.08,188.22,515.45,1,-1,-1,-1
251,6,1.70,248.48,101.00,379.00,1,-1,-1,-1
251,5,1030.96,174.00,121.23,236.35,1,-1,-1,-1
251,4,891.41,164.91,343.92,927.22,1,-1,-1,-1
251,3,2.58,251.60,230.20,581.62,1,-1,-1,-1
252,6,5.23,252.00,101.00,379.00,1,-1,-1,-1
252,5,1028.11,162.06,123.50,240.78,1,-1,-1,-1
252,4,910.88,172.70,332.30,917.17,1,-1,-1,-1
252,3,3.98,258.71,239.01,569.98,1,-1,-1,-1
253,4,911.59,160.16,348.79,929.48,1,-1,-1,-1
253,3,6.93,255.56,236.02,576.65,1,-1,-1,-1
254,7,932.71,174.73,104.71,174.04,1,-1,-1,-1
254,4,908.19,166.89,358.62,920.18,1,-1,-1,-1
254,3,6.40,251.30,238.24,584.11,1,-1,-1,-1
255,8,887.64,180.64,167.56,703.24,1,-1,-1,-1
255,7,906.36,171.70,104.00,174.00,1,-1,-1,-1
255,4,920.08,163.46,353.36,919.53,1,-1,-1,-1
255,3,11.88,252.56,234.10,579.90,1,-1,-1,-1
256,8,883.56,174.03,162.69,697.59,1,-1,-1,-1
256,7,882.58,168.68,104.00,174.00,1,-1,-1,-1
256,4,919.26,158.73,354.94,919.67,1,-1,-1,-1
256,3,19.93,258.34,233.29,570.89,1,-1,-1,-1
257,8,847.97,158.05,189.07,723.01,1,-1,-1,-1
257,4,974.15,162.50,302.97,915.34,1,-1,-1,-1
257,3,30.81,258.57,220.76,565.38,1,-1,-1,-1
258,8,817.11,169.51,203.23,724.06,1,-1,-1,-1
258,4,981.62,159.27,291.64,920.56,1,-1,-1,-1
258,3,42.91,257.05,216.37,574.56,1,-1,-1,-1
259,8,788.39,172.40,211.96,726.68,1,-1,-1,-1
259,4,973.67,154.47,298.73,926.25,1,-1,-1,-1
259,3,49.70,258.78,218.30,578.14,1,-1,-1,-1
260,8,757.38,180.33,229.18,723.02,1,-1,-1,-1
260,4,970.29,157.12,296.18,922.50,1,-1,-1,-1
260,3,86.14,248.35,239.20,580.09,1,-1,-1,-1
261,8,743.00,189.58,234.13,718.83,1,-1,-1,-1
261,4,959.03,159.72,302.51,908.58,1,-1,-1,-1
261,3,105.28,247.32,247.06,582.69,1,-1,-1,-1
262,8,731.40,175.09,226.40,734.04,1,-1,-1,-1
262,4,947.24,157.92,298.13,892.09,1,-1,-1,-1
262,3,122.02,255.84,241.13,571.68,1,-1,-1,-1
263,8,713.84,171.68,212.87,748.49,1,-1,-1,-1
263,4,941.63,165.88,293.32,875.50,1,-1,-1,-1
263,3,130.99,250.40,240.51,578.78,1,-1,-1,-1
264,8,672.10,174.14,200.53,738.18,1,-1,-1,-1
264,4,936.33,168.71,276.61,860.24,1,-1,-1,-1
264,3,144.62,244.77,233.67,583.93,1,-1,-1,-1
265,8,650.44,151.84,186.37,750.36,1,-1,-1,-1
265,4,933.98,166.70,268.99,836.04,1,-1,-1,-1
265,3,150.59,245.56,225.97,585.64,1,-1,-1,-1
266,8,616.45,157.90,192.36,755.46,1,-1,-1,-1
266,4,927.26,174.27,264.47,818.64,1,-1,-1,-1
266,3,162.02,243.92,222.17,584.98,1,-1,-1,-1
267,8,576.89,162.95,212.54,758.32,1,-1,-1,-1
267,4,923.84,177.84,259.45,825.60,1,-1,-1,-1
267,3,174.81,241.02,227.26,580.38,1,-1,-1,-1
268,8,537.32,173.81,244.50,743.47,1,-1,-1,-1
268,4,921.32,181.43,258.18,820.34,1,-1,-1,-1
268,3,198.62,243.17,224.43,586.03,1,-1,-1,-1
269,8,499.00,174.00,324.00,749.00,1,-1,-1,-1
269,4,918.20,189.23,255.09,808.94,1,-1,-1,-1
269,3,215.64,241.23,234.26,589.08,1,-1,-1,-1
270,8,484.48,178.75,328.56,750.41,1,-1,-1,-1
270,4,917.70,194.58,251.39,799.69,1,-1,-1,-1
270,3,225.49,237.50,237.82,590.68,1,-1,-1,-1
271,8,473.57,184.58,325.65,747.56,1,-1,-1,-1
271,4,917.37,189.77,241.10,814.40,1,-1,-1,-1
271,3,234.39,231.39,265.88,598.12,1,-1,-1,-1
272,8,460.05,178.39,302.88,750.09,1,-1,-1,-1
272,4,912.33,183.38,240.44,808.42,1,-1,-1,-1
272,3,255.66,232.47,253.08,597.95,1,-1,-1,-1
273,8,435.40,173.31,286.31,748.13,1,-1,-1,-1
273,4,905.18,183.65,240.19,788.75,1,-1,-1,-1
273,3,268.50,237.00,243.25,597.07,1,-1,-1,-1
274,8,403.39,165.53,283.83,743.91,1,-1,-1,-1
274,4,900.57,183.40,238.22,765.98,1,-1,-1,-1
274,3,282.31,236.48,231.89,601.58,1,-1,-1,-1
275,8,331.57,171.50,344.17,753.68,1,-1,-1,-1
275,4,897.17,184.30,232.21,750.25,1,-1,-1,-1
275,3,302.80,247.83,248.93,601.58,1,-1,-1,-1
276,8,327.53,170.24,352.63,751.79,1,-1,-1,-1
276,4,893.89,189.88,231.22,735.77,1,-1,-1,-1
276,3,324.79,249.12,248.93,601.58,1,-1,-1,-1
277,8,292.35,171.97,373.48,767.36,1,-1,-1,-1
277,4,888.81,195.77,226.07,720.79,1,-1,-1,-1
278,8,270.58,176.41,366.33,783.26,1,-1,-1,-1
278,4,883.46,199.51,227.75,712.84,1,-1,-1,-1
279,8,262.08,170.51,375.28,793.45,1,-1,-1,-1
279,4,879.81,206.39,228.15,701.98,1,-1,-1,-1
280,8,255.79,176.48,359.24,800.17,1,-1,-1,-1
280,4,866.04,212.33,236.99,685.24,1,-1,-1,-1
281,8,249.50,161.01,339.33,801.02,1,-1,-1,-1
281,4,858.10,213.16,234.84,680.31,1,-1,-1,-1
282,8,246.11,160.81,335.66,807.03,1,-1,-1,-1
282,4,841.57,217.54,237.28,666.72,1,-1,-1,-1
282,3,425.00,210.00,251.00,611.00,1,-1,-1,-1
283,8,215.52,153.62,324.15,820.73,1,-1,-1,-1
283,4,834.22,218.77,215.03,659.88,1,-1,-1,-1
283,3,420.10,219.04,250.15,598.69,1,-1,-1,-1
284,8,189.48,163.31,330.65,839.64,1,-1,-1,-1
284,4,825.48,217.19,207.80,655.75,1,-1,-1,-1
284,3,427.86,216.52,243.13,600.38,1,-1,-1,-1
285,8,197.00,149.00,312.00,870.00,1,-1,-1,-1
285,4,820.04,216.52,206.52,652.99,1,-1,-1,-1
285,3,432.14,220.07,248.75,599.39,1,-1,-1,-1
286,8,170.99,157.67,324.13,877.63,1,-1,-1,-1
286,4,805.52,218.18,212.73,649.81,1,-1,-1,-1
286,3,447.41,222.66,227.44,595.85,1,-1,-1,-1
287,8,154.00,149.58,329.49,895.58,1,-1,-1,-1
287,4,776.46,223.90,233.01,644.16,1,-1,-1,-1
287,3,494.84,222.43,213.60,596.68,1,-1,-1,-1
288,8,133.66,145.54,335.23,900.30,1,-1,-1,-1
288,4,756.15,232.64,237.65,634.78,1,-1,-1,-1
288,3,524.32,219.62,209.34,590.76,1,-1,-1,-1
289,8,108.92,165.17,338.30,883.16,1,-1,-1,-1
289,4,746.94,237.59,232.12,629.61,1,-1,-1,-1
289,3,543.02,218.26,209.78,590.24,1,-1,-1,-1
290,8,75.13,147.63,355.32,916.26,1,-1,-1,-1
290,4,738.04,228.27,231.62,635.58,1,-1,-1,-1
290,3,551.04,216.98,218.46,593.51,1,-1,-1,-1
291,8,67.56,140.56,357.38,928.00,1,-1,-1,-1
291,4,695.64,223.98,227.63,636.97,1,-1,-1,-1
291,3,563.77,210.66,216.24,602.90,1,-1,-1,-1
292,8,36.70,135.40,375.84,947.03,1,-1,-1,-1
292,4,684.60,221.11,206.45,631.44,1,-1,-1,-1
292,3,587.09,221.49,233.37,592.60,1,-1,-1,-1
293,8,26.48,132.09,384.81,951.55,1,-1,-1,-1
293,3,586.25,215.74,281.09,614.23,1,-1,-1,-1
294,8,24.49,130.49,378.47,952.18,1,-1,-1,-1
294,3,609.25,223.15,260.41,622.20,1,-1,-1,-1
295,8,20.69,121.84,376.46,961.01,1,-1,-1,-1
295,3,625.92,229.60,256.40,636.20,1,-1,-1,-1
296,8,23.36,115.86,369.94,970.33,1,-1,-1,-1
296,3,632.18,215.08,243.39,647.77,1,-1,-1,-1
297,8,26.43,117.59,377.84,973.89,1,-1,-1,-1
297,3,624.63,222.94,258.93,664.01,1,-1,-1,-1
298,8,38.10,113.34,379.17,977.30,1,-1,-1,-1
298,3,622.95,220.33,259.10,659.30,1,-1,-1,-1
299,8,46.17,111.53,383.36,975.22,1,-1,-1,-1
299,4,726.00,228.00,166.00,574.00,1,-1,-1,-1
299,3,610.91,220.06,267.40,670.93,1,-1,-1,-1
300,8,68.58,112.11,379.02,972.82,1,-1,-1,-1
300,4,740.34,234.14,181.41,573.85,1,-1,-1,-1
300,3,597.53,219.95,254.76,674.93,1,-1,-1,-1
301,8,99.37,103.75,370.46,976.10,1,-1,-1,-1
301,4,754.92,232.57,191.03,572.47,1,-1,-1,-1
301,3,579.39,217.08,230.05,677.85,1,-1,-1,-1
302,8,102.66,104.10,381.74,981.04,1,-1,-1,-1
302,4,772.57,237.12,178.37,568.51,1,-1,-1,-1
302,3,564.97,204.64,235.18,681.72,1,-1,-1,-1
303,8,125.56,93.11,380.69,996.60,1,-1,-1,-1
303,4,778.06,237.34,187.23,577.81,1,-1,-1,-1
303,3,472.39,190.66,238.25,689.60,1,-1,-1,-1
304,8,155.79,90.41,373.15,1002.43,1,-1,-1,-1
304,4,792.12,225.74,183.14,586.36,1,-1,-1,-1
304,3,512.00,221.00,218.00,663.00,1,-1,-1,-1
305,8,185.22,90.25,359.48,1004.46,1,-1,-1,-1
305,4,810.36,219.63,176.16,595.95,1,-1,-1,-1
305,3,493.17,211.24,232.75,682.00,1,-1,-1,-1
306,8,216.91,98.63,387.51,1001.10,1,-1,-1,-1
306,4,828.34,220.36,171.28,592.96,1,-1,-1,-1
306,3,493.03,200.45,237.26,705.40,1,-1,-1,-1
307,8,257.64,93.41,403.28,1002.32,1,-1,-1,-1
307,4,844.21,220.59,170.00,575.15,1,-1,-1,-1
307,3,517.04,228.95,220.61,679.62,1,-1,-1,-1
308,8,303.60,82.22,389.08,1022.79,1,-1,-1,-1
308,4,859.80,223.09,173.85,575.00,1,-1,-1,-1
308,3,552.61,231.21,219.43,667.34,1,-1,-1,-1
309,8,326.89,82.88,377.43,1027.76,1,-1,-1,-1
309,4,869.80,226.71,178.19,582.01,1,-1,-1,-1
309,3,585.73,224.58,219.43,667.34,1,-1,-1,-1
310,4,878.16,221.24,196.12,581.37,1,-1,-1,-1
310,3,453.94,138.76,305.10,835.22,1,-1,-1,-1
311,4,895.93,227.61,199.59,583.36,1,-1,-1,-1
311,3,409.00,157.00,390.00,913.00,1,-1,-1,-1
312,4,906.03,227.04,196.95,580.80,1,-1,-1,-1
312,3,424.19,155.52,402.77,904.83,1,-1,-1,-1
313,9,386.25,225.81,167.80,723.85,1,-1,-1,-1
313,4,918.68,224.69,199.39,594.89,1,-1,-1,-1
313,3,434.99,105.42,417.74,959.76,1,-1,-1,-1
314,9,382.11,202.75,190.59,748.36,1,-1,-1,-1
314,4,926.02,216.87,200.86,602.11,1,-1,-1,-1
314,3,476.26,127.17,416.95,939.21,1,-1,-1,-1
315,9,382.68,217.84,203.91,737.75,1,-1,-1,-1
315,4,938.10,228.81,200.80,599.22,1,-1,-1,-1
315,3,545.89,160.59,395.02,917.51,1,-1,-1,-1
316,9,353.00,221.00,227.00,723.00,1,-1,-1,-1
316,4,967.87,217.88,182.23,597.19,1,-1,-1,-1
316,3,589.23,219.60,398.07,852.10,1,-1,-1,-1
317,9,336.66,223.82,239.79,728.42,1,-1,-1,-1
317,4,983.46,215.27,178.12,613.14,1,-1,-1,-1
317,3,648.84,167.70,346.19,895.81,1,-1,-1,-1
318,9,328.35,221.25,242.98,731.55,1,-1,-1,-1
318,4,988.23,201.74,182.51,615.66,1,-1,-1,-1
318,3,676.85,156.47,336.83,919.42,1,-1,-1,-1
319,9,312.65,220.48,254.21,736.34,1,-1,-1,-1
319,4,997.43,205.99,184.28,628.49,1,-1,-1,-1
319,3,711.60,117.60,345.15,961.19,1,-1,-1,-1
320,9,307.94,215.39,263.34,743.79,1,-1,-1,-1
320,4,1013.99,195.96,184.44,634.09,1,-1,-1,-1
320,3,740.39,88.58,361.33,972.80,1,-1,-1,-1
321,9,311.04,212.15,268.22,746.69,1,-1,-1,-1
321,4,1024.11,184.93,189.53,653.68,1,-1,-1,-1
321,3,775.65,125.36,394.56,951.62,1,-1,-1,-1
322,9,316.70,213.81,268.33,743.07,1,-1,-1,-1
322,4,1028.16,183.87,209.67,679.80,1,-1,-1,-1
322,3,801.75,109.34,397.37,954.13,1,-1,-1,-1
323,9,335.41,219.10,254.42,734.18,1,-1,-1,-1
323,4,1053.39,178.68,189.84,684.38,1,-1,-1,-1
323,3,839.75,90.33,403.87,984.31,1,-1,-1,-1
324,9,343.58,219.42,248.31,729.65,1,-1,-1,-1
324,4,1074.00,189.00,178.00,674.00,1,-1,-1,-1
324,3,851.33,91.07,417.33,981.00,1,-1,-1,-1
325,9,353.38,217.50,245.35,727.51,1,-1,-1,-1
325,4,1092.75,180.25,178.00,674.00,1,-1,-1,-1
325,3,888.75,82.75,401.03,995.69,1,-1,-1,-1
326,9,359.05,222.01,250.91,714.03,1,-1,-1,-1
326,4,1116.49,161.51,178.00,674.00,1,-1,-1,-1
326,3,949.17,62.81,366.31,1021.99,1,-1,-1,-1
327,9,371.50,218.63,238.47,713.27,1,-1,-1,-1
327,3,994.00,42.00,323.00,1008.00,1,-1,-1,-1
328,9,377.38,218.96,236.79,709.99,1,-1,-1,-1
328,3,1020.15,23.13,328.33,1031.78,1,-1,-1,-1
329,9,395.25,215.32,234.84,706.34,1,-1,-1,-1
329,3,1070.49,36.82,337.58,1017.18,1,-1,-1,-1
330,9,433.06,222.31,209.28,696.55,1,-1,-1,-1
330,3,1113.54,19.61,363.23,1024.79,1,-1,-1,-1
331,9,461.82,221.14,195.16,700.72,1,-1,-1,-1
331,3,1142.96,32.25,423.33,1016.80,1,-1,-1,-1
332,9,478.99,220.54,209.95,700.17,1,-1,-1,-1
332,3,1154.21,53.66,440.13,1006.02,1,-1,-1,-1
333,9,488.53,227.19,237.00,684.20,1,-1,-1,-1
333,3,1183.03,86.31,443.73,971.87,1,-1,-1,-1
334,9,499.16,228.10,241.35,681.96,1,-1,-1,-1
334,4,1188.00,190.00,153.00,644.00,1,-1,-1,-1
334,3,1213.08,105.99,376.98,934.74,1,-1,-1,-1
335,9,507.09,233.44,248.01,673.38,1,-1,-1,-1
335,4,1200.70,186.36,168.27,676.25,1,-1,-1,-1
335,3,1240.50,98.61,357.17,918.43,1,-1,-1,-1
336,9,534.31,228.94,234.74,674.79,1,-1,-1,-1
336,4,1216.81,168.33,176.99,715.80,1,-1,-1,-1
336,3,1274.96,64.62,364.64,958.45,1,-1,-1,-1
337,9,546.27,225.44,231.82,679.30,1,-1,-1,-1
337,4,1221.48,159.06,182.73,751.77,1,-1,-1,-1
337,3,1291.25,55.74,363.75,970.16,1,-1,-1,-1
338,9,588.06,221.56,205.99,669.68,1,-1,-1,-1
338,4,1233.36,142.46,190.60,780.67,1,-1,-1,-1
338,3,1313.90,46.77,371.41,980.73,1,-1,-1,-1
339,9,610.00,223.83,198.24,643.59,1,-1,-1,-1
339,4,1236.94,133.29,206.17,816.12,1,-1,-1,-1
339,3,1326.49,61.43,370.10,985.55,1,-1,-1,-1
340,9,638.60,219.82,195.27,648.16,1,-1,-1,-1
340,4,1244.07,128.94,219.44,836.15,1,-1,-1,-1
340,3,1357.09,51.52,380.69,994.71,1,-1,-1,-1
341,9,657.57,225.28,197.42,636.11,1,-1,-1,-1
341,4,1246.44,127.07,225.49,857.87,1,-1,-1,-1
341,3,1423.15,58.32,346.31,1004.42,1,-1,-1,-1
342,9,665.21,229.72,226.20,626.66,1,-1,-1,-1
342,4,1247.39,134.17,236.88,871.77,1,-1,-1,-1
342,3,1453.36,47.59,358.00,1004.60,1,-1,-1,-1
343,9,680.11,225.01,227.24,630.42,1,-1,-1,-1
343,4,1252.02,133.11,250.71,886.10,1,-1,-1,-1
343,3,1484.34,68.31,357.48,985.19,1,-1,-1,-1
344,9,691.78,235.68,227.15,619.77,1,-1,-1,-1
344,4,1250.54,148.06,251.15,896.92,1,-1,-1,-1
344,3,1516.91,63.03,360.97,986.54,1,-1,-1,-1
345,9,709.74,233.45,213.59,615.63,1,-1,-1,-1
345,4,1239.59,134.29,258.64,899.72,1,-1,-1,-1
345,3,1550.35,40.55,344.22,1000.24,1,-1,-1,-1
346,9,741.06,230.06,198.70,612.95,1,-1,-1,-1
346,4,1241.15,140.66,260.83,907.69,1,-1,-1,-1
346,3,1559.87,43.15,337.45,1003.05,1,-1,-1,-1
347,9,748.45,229.02,198.26,606.55,1,-1,-1,-1
347,4,1234.42,129.91,263.02,913.10,1,-1,-1,-1
347,3,1567.36,41.48,344.31,1009.99,1,-1,-1,-1
348,9,774.54,222.51,181.92,613.09,1,-1,-1,-1
348,4,1252.97,135.15,265.75,933.77,1,-1,-1,-1
348,3,1577.79,44.26,338.55,1007.35,1,-1,-1,-1
349,9,796.37,221.91,176.99,622.34,1,-1,-1,-1
349,4,1242.26,128.07,271.25,928.48,1,-1,-1,-1
349,3,1590.22,43.75,330.15,1006.88,1,-1,-1,-1
350,9,806.91,227.33,184.19,609.34,1,-1,-1,-1
350,4,1242.17,132.32,270.76,945.37,1,-1,-1,-1
350,3,1594.60,61.01,324.94,988.28,1,-1,-1,-1
351,9,825.87,230.95,177.60,604.41,1,-1,-1,-1
351,4,1258.69,143.73,280.84,946.66,1,-1,-1,-1
351,3,1606.58,69.47,318.00,973.59,1,-1,-1,-1
352,9,831.77,229.38,187.86,600.78,1,-1,-1,-1
352,4,1259.91,157.90,284.69,926.02,1,-1,-1,-1
352,3,1609.29,65.70,308.70,971.13,1,-1,-1,-1
353,9,843.96,236.89,190.95,587.66,1,-1,-1,-1
353,4,1264.12,152.29,285.99,938.14,1,-1,-1,-1
353,3,1605.77,68.83,314.80,963.79,1,-1,-1,-1
354,9,864.99,230.21,180.99,591.85,1,-1,-1,-1
354,4,1270.56,140.41,291.19,958.44,1,-1,-1,-1
354,3,1608.96,68.14,306.32,963.68,1,-1,-1,-1
355,9,883.74,231.47,162.99,575.57,1,-1,-1,-1
355,4,1271.31,125.50,299.02,976.69,1,-1,-1,-1
355,3,1603.47,66.72,310.06,963.62,1,-1,-1,-1
356,9,898.45,231.14,160.81,570.81,1,-1,-1,-1
356,4,1290.24,125.79,298.99,980.31,1,-1,-1,-1
356,3,1604.57,65.14,304.10,968.15,1,-1,-1,-1
357,10,1267.80,79.55,370.99,994.33,1,-1,-1,-1
357,9,912.31,229.73,161.12,567.58,1,-1,-1,-1
357,4,1520.66,51.26,229.50,966.00,1,-1,-1,-1
357,3,1602.18,73.50,300.51,929.89,1,-1,-1,-1
358,10,1267.21,85.81,362.77,996.32,1,-1,-1,-1
358,9,917.74,229.16,181.52,567.37,1,-1,-1,-1
358,3,1597.40,78.81,292.50,916.34,1,-1,-1,-1
359,10,1257.60,86.08,357.11,1002.15,1,-1,-1,-1
359,9,927.28,234.10,186.58,562.13,1,-1,-1,-1
359,3,1584.96,79.44,292.23,898.98,1,-1,-1,-1
360,10,1248.30,99.33,359.09,983.74,1,-1,-1,-1
360,9,931.34,246.26,193.02,550.78,1,-1,-1,-1
360,3,1573.60,87.84,293.82,885.21,1,-1,-1,-1
361,10,1243.92,92.47,344.22,998.18,1,-1,-1,-1
361,9,935.20,238.30,196.37,554.70,1,-1,-1,-1
361,3,1565.64,99.97,291.77,892.53,1,-1,-1,-1
362,10,1224.56,90.30,344.58,996.56,1,-1,-1,-1
362,9,947.72,237.03,193.66,561.24,1,-1,-1,-1
362,3,1557.44,106.74,282.61,876.62,1,-1,-1,-1
363,10,1213.45,91.13,345.00,996.19,1,-1,-1,-1
363,9,959.94,231.33,188.17,564.76,1,-1,-1,-1
363,3,1564.00,104.00,242.00,898.00,1,-1,-1,-1
364,10,1196.30,89.54,334.92,993.65,1,-1,-1,-1
364,9,975.92,228.58,177.74,570.01,1,-1,-1,-1
364,3,1549.37,105.88,235.19,888.56,1,-1,-1,-1
365,10,1183.46,91.77,327.32,990.40,1,-1,-1,-1
365,9,997.62,229.26,161.38,576.58,1,-1,-1,-1
365,3,1517.61,116.06,245.10,870.04,1,-1,-1,-1
366,10,1164.65,96.50,323.66,984.38,1,-1,-1,-1
366,9,1014.70,223.19,157.67,575.74,1,-1,-1,-1
366,3,1491.83,118.51,238.19,855.91,1,-1,-1,-1
367,10,1117.41,105.21,337.79,976.01,1,-1,-1,-1
367,9,1030.56,226.52,164.75,574.79,1,-1,-1,-1
367,3,1447.89,128.46,274.08,833.39,1,-1,-1,-1
368,10,1093.70,106.84,341.89,992.18,1,-1,-1,-1
368,9,1031.53,229.49,161.40,569.04,1,-1,-1,-1
368,3,1438.14,127.96,269.07,839.88,1,-1,-1,-1
369,10,1062.63,117.43,355.53,985.64,1,-1,-1,-1
369,9,1035.08,255.46,148.31,545.54,1,-1,-1,-1
369,3,1420.63,139.35,287.83,830.74,1,-1,-1,-1
370,10,1046.15,110.52,346.91,988.52,1,-1,-1,-1
370,9,1035.75,240.82,174.50,555.77,1,-1,-1,-1
370,3,1393.65,136.83,285.06,832.20,1,-1,-1,-1
371,10,1008.94,112.85,373.97,986.25,1,-1,-1,-1
371,3,1384.34,127.17,266.89,838.70,1,-1,-1,-1
372,10,978.45,117.57,368.01,982.94,1,-1,-1,-1
372,3,1374.17,123.86,238.59,850.05,1,-1,-1,-1
373,10,931.43,140.99,371.31,953.02,1,-1,-1,-1
373,9,1181.00,246.00,103.00,527.00,1,-1,-1,-1
373,3,1355.21,126.26,223.96,830.54,1,-1,-1,-1
374,10,885.17,121.72,377.75,973.28,1,-1,-1,-1
374,9,1151.17,219.29,129.26,557.43,1,-1,-1,-1
374,3,1328.39,125.30,226.15,831.61,1,-1,-1,-1
375,10,871.87,103.40,361.51,989.68,1,-1,-1,-1
375,9,1151.44,220.31,126.75,557.92,1,-1,-1,-1
375,3,1312.74,134.29,231.60,821.78,1,-1,-1,-1
376,10,853.29,111.21,344.51,984.62,1,-1,-1,-1
376,9,1169.01,222.27,118.82,553.77,1,-1,-1,-1
376,3,1262.11,135.84,264.90,827.06,1,-1,-1,-1
377,10,835.07,104.88,323.56,985.14,1,-1,-1,-1
377,9,1182.14,213.58,118.46,562.42,1,-1,-1,-1
377,3,1221.10,148.49,285.51,822.65,1,-1,-1,-1
378,10,818.67,103.65,315.99,986.19,1,-1,-1,-1
378,9,1184.55,229.81,119.50,543.78,1,-1,-1,-1
378,3,1208.28,160.26,282.81,812.23,1,-1,-1,-1
379,10,749.22,109.86,335.02,982.05,1,-1,-1,-1
379,3,1197.20,162.78,279.82,806.31,1,-1,-1,-1
380,10,737.89,105.26,331.44,983.63,1,-1,-1,-1
380,3,1196.24,157.80,268.67,807.34,1,-1,-1,-1
381,10,686.18,115.64,335.24,988.66,1,-1,-1,-1
381,3,1176.59,149.40,235.13,808.27,1,-1,-1,-1
382,10,655.88,127.59,351.34,965.22,1,-1,-1,-1
382,3,1155.95,140.20,244.98,812.25,1,-1,-1,-1
383,10,618.66,125.12,327.53,976.16,1,-1,-1,-1
383,3,1121.61,149.15,263.08,810.56,1,-1,-1,-1
384,10,575.37,127.91,337.77,965.51,1,-1,-1,-1
384,9,1242.00,207.00,164.00,616.00,1,-1,-1,-1
384,3,1082.45,141.56,257.39,804.99,1,-1,-1,-1
385,10,540.92,126.82,333.91,961.28,1,-1,-1,-1
385,9,1237.19,202.93,170.24,610.68,1,-1,-1,-1
385,3,1039.46,147.34,272.85,810.14,1,-1,-1,-1
386,10,523.29,121.61,326.88,964.09,1,-1,-1,-1
386,9,1232.94,212.47,175.97,610.87,1,-1,-1,-1
386,3,1018.93,150.53,286.27,811.17,1,-1,-1,-1
387,10,481.72,131.72,321.35,950.46,1,-1,-1,-1
387,9,1235.81,211.47,189.39,621.98,1,-1,-1,-1
387,3,1000.64,153.32,282.47,814.76,1,-1,-1,-1
388,10,449.74,130.83,322.65,942.16,1,-1,-1,-1
388,9,1244.55,217.00,202.15,630.05,1,-1,-1,-1
388,3,951.00,152.00,339.00,831.00,1,-1,-1,-1
389,10,417.72,119.21,329.43,973.40,1,-1,-1,-1
389,9,1259.54,215.30,196.96,641.28,1,-1,-1,-1
389,3,949.78,148.12,299.63,846.04,1,-1,-1,-1
390,10,385.56,123.43,344.48,972.09,1,-1,-1,-1
390,9,1271.89,217.67,190.29,647.13,1,-1,-1,-1
390,3,927.33,143.03,278.06,843.88,1,-1,-1,-1
391,10,359.31,132.70,351.69,955.79,1,-1,-1,-1
391,9,1281.84,211.87,191.74,659.50,1,-1,-1,-1
391,3,891.27,149.31,278.97,821.95,1,-1,-1,-1
392,10,345.75,131.44,351.74,957.63,1,-1,-1,-1
392,9,1286.33,206.90,196.33,667.56,1,-1,-1,-1
392,3,881.63,142.67,275.00,849.20,1,-1,-1,-1
393,10,301.10,132.26,369.51,964.65,1,-1,-1,-1
393,9,1287.50,204.32,208.88,675.52,1,-1,-1,-1
393,3,827.31,142.54,305.59,835.71,1,-1,-1,-1
394,10,259.12,131.56,384.21,956.86,1,-1,-1,-1
394,9,1291.92,203.49,220.52,678.86,1,-1,-1,-1
394,3,792.75,139.03,315.96,840.14,1,-1,-1,-1
395,10,227.83,130.75,383.06,954.02,1,-1,-1,-1
395,9,1296.19,198.65,228.77,692.51,1,-1,-1,-1
395,3,760.24,145.97,334.20,837.26,1,-1,-1,-1
396,10,195.03,137.72,397.09,946.70,1,-1,-1,-1
396,9,1303.08,199.46,229.40,704.38,1,-1,-1,-1
396,3,740.32,157.96,340.61,829.72,1,-1,-1,-1
397,10,163.70,134.77,377.03,950.00,1,-1,-1,-1
397,9,1307.37,193.97,235.27,723.74,1,-1,-1,-1
397,3,726.79,167.89,339.43,819.57,1,-1,-1,-1
398,10,129.88,126.49,372.43,957.17,1,-1,-1,-1
398,9,1310.05,192.04,243.25,739.37,1,-1,-1,-1
398,3,724.36,165.45,293.39,828.39,1,-1,-1,-1
399,10,97.18,136.85,380.30,946.12,1,-1,-1,-1
399,9,1316.05,187.41,239.67,767.15,1,-1,-1,-1
399,3,704.63,158.90,278.92,825.65,1,-1,-1,-1
400,10,81.08,148.79,368.85,924.21,1,-1,-1,-1
400,9,1318.44,183.67,242.88,779.30,1,-1,-1,-1
400,3,674.88,164.92,277.67,812.48,1,-1,-1,-1
401,10,66.15,144.89,374.46,932.90,1,-1,-1,-1
401,9,1320.15,182.04,238.58,789.65,1,-1,-1,-1
401,3,659.21,161.86,270.74,810.62,1,-1,-1,-1
402,10,65.74,144.74,357.53,943.09,1,-1,-1,-1
402,9,1318.37,180.78,240.24,799.33,1,-1,-1,-1
402,3,631.46,158.02,283.82,825.78,1,-1,-1,-1
403,10,42.89,150.92,370.07,935.15,1,-1,-1,-1
403,9,1320.38,175.31,243.78,804.52,1,-1,-1,-1
403,3,576.18,162.87,328.80,828.68,1,-1,-1,-1
404,10,33.35,153.74,356.82,927.97,1,-1,-1,-1
404,9,1319.29,165.89,245.75,816.81,1,-1,-1,-1
404,3,558.78,166.02,334.12,827.91,1,-1,-1,-1
405,10,13.25,147.59,358.18,929.10,1,-1,-1,-1
405,9,1320.28,167.99,251.98,828.37,1,-1,-1,-1
405,3,557.37,164.20,305.79,832.96,1,-1,-1,-1
406,10,5.18,149.49,354.56,926.14,1,-1,-1,-1
406,9,1318.98,162.35,256.61,858.90,1,-1,-1,-1
406,3,537.97,164.74,323.47,839.50,1,-1,-1,-1
407,10,-2.84,148.59,351.94,922.40,1,-1,-1,-1
407,9,1319.29,156.89,265.14,872.79,1,-1,-1,-1
407,3,517.59,167.92,311.08,839.48,1,-1,-1,-1
408,10,-7.94,148.53,347.70,924.73,1,-1,-1,-1
408,9,1323.68,156.10,266.57,878.58,1,-1,-1,-1
408,3,484.86,167.63,293.59,825.75,1,-1,-1,-1
409,10,5.33,148.65,341.32,934.86,1,-1,-1,-1
409,9,1325.69,153.58,267.16,887.03,1,-1,-1,-1
409,3,448.92,159.31,298.85,837.26,1,-1,-1,-1
410,10,3.88,152.94,337.06,925.87,1,-1,-1,-1
410,9,1320.63,152.88,278.14,895.87,1,-1,-1,-1
410,3,422.36,158.50,314.43,840.96,1,-1,-1,-1
411,10,9.29,156.37,336.72,918.99,1,-1,-1,-1
411,9,1318.35,146.19,272.37,899.69,1,-1,-1,-1
411,3,406.09,168.34,327.54,825.09,1,-1,-1,-1
412,10,12.69,159.38,328.62,907.78,1,-1,-1,-1
412,9,1307.63,149.89,271.68,893.27,1,-1,-1,-1
412,3,378.00,182.00,329.00,808.00,1,-1,-1,-1
413,10,14.87,165.55,319.94,892.64,1,-1,-1,-1
413,9,1290.20,149.29,276.63,900.77,1,-1,-1,-1
413,3,367.43,181.96,324.83,804.80,1,-1,-1,-1
414,10,16.21,157.77,313.42,895.51,1,-1,-1,-1
414,9,1267.72,146.69,299.34,916.48,1,-1,-1,-1
414,3,356.74,184.72,321.83,795.08,1,-1,-1,-1
415,10,11.30,164.39,307.26,876.86,1,-1,-1,-1
415,9,1253.81,148.43,305.56,923.37,1,-1,-1,-1
415,3,347.40,183.92,315.59,784.24,1,-1,-1,-1
416,10,12.42,160.64,306.28,881.62,1,-1,-1,-1
416,9,1255.59,153.97,290.53,927.46,1,-1,-1,-1
416,3,338.54,180.16,309.81,776.83,1,-1,-1,-1
417,10,3.41,159.35,306.52,881.79,1,-1,-1,-1
417,9,1233.97,151.89,298.58,925.24,1,-1,-1,-1
417,3,330.09,182.20,310.65,769.04,1,-1,-1,-1
418,10,6.09,156.95,306.67,884.32,1,-1,-1,-1
418,9,1227.05,139.42,294.83,940.41,1,-1,-1,-1
418,3,328.19,184.69,300.59,759.22,1,-1,-1,-1
419,10,0.10,159.88,306.00,874.19,1,-1,-1,-1
419,9,1219.52,146.98,280.86,922.95,1,-1,-1,-1
419,3,329.08,187.98,290.31,750.51,1,-1,-1,-1
420,10,-1.73,164.43,305.48,876.60,1,-1,-1,-1
420,9,1202.09,145.23,261.88,915.76,1,-1,-1,-1
420,3,328.33,188.23,285.37,747.09,1,-1,-1,-1
421,10,0.68,169.53,295.39,853.47,1,-1,-1,-1
421,9,1172.31,140.63,262.40,927.22,1,-1,-1,-1
421,3,325.16,197.04,286.30,731.52,1,-1,-1,-1
422,10,6.28,168.85,293.62,863.79,1,-1,-1,-1
422,9,1153.73,152.73,235.55,915.79,1,-1,-1,-1
422,3,323.32,202.86,282.53,709.96,1,-1,-1,-1
423,10,0.24,173.01,296.90,842.16,1,-1,-1,-1
423,9,1121.03,161.44,245.36,915.32,1,-1,-1,-1
423,3,332.32,198.03,260.82,709.58,1,-1,-1,-1
424,10,5.39,181.41,291.70,825.68,1,-1,-1,-1
424,9,1101.26,163.85,255.17,909.57,1,-1,-1,-1
424,3,331.05,195.03,264.41,709.91,1,-1,-1,-1
425,10,4.66,185.34,288.76,820.98,1,-1,-1,-1
425,9,1059.97,162.23,288.46,919.25,1,-1,-1,-1
425,3,336.78,190.75,253.45,704.75,1,-1,-1,-1
426,10,7.68,181.29,286.76,819.53,1,-1,-1,-1
426,9,1046.56,165.82,286.31,909.83,1,-1,-1,-1
426,3,341.47,192.26,247.55,695.61,1,-1,-1,-1
427,10,13.80,177.66,283.43,819.20,1,-1,-1,-1
427,9,1024.28,164.05,293.71,912.01,1,-1,-1,-1
427,3,351.85,193.05,240.08,691.25,1,-1,-1,-1
428,10,16.58,175.31,293.18,811.26,1,-1,-1,-1
428,9,1010.75,162.38,289.27,913.91,1,-1,-1,-1
428,3,361.76,199.25,239.67,675.27,1,-1,-1,-1
429,10,7.16,178.18,301.82,799.90,1,-1,-1,-1
429,9,1000.95,159.57,284.98,916.25,1,-1,-1,-1
429,3,367.84,198.23,238.19,672.96,1,-1,-1,-1
430,10,28.36,181.40,298.13,791.69,1,-1,-1,-1
430,9,1001.32,153.96,243.10,911.59,1,-1,-1,-1
430,3,377.18,203.56,240.78,660.18,1,-1,-1,-1
431,10,41.74,183.29,298.75,785.37,1,-1,-1,-1
431,9,970.80,153.37,249.62,918.74,1,-1,-1,-1
431,3,389.66,209.43,238.14,655.35,1,-1,-1,-1
432,10,54.96,186.37,297.79,781.64,1,-1,-1,-1
432,9,952.72,154.58,257.14,924.53,1,-1,-1,-1
432,3,403.02,212.46,231.08,640.20,1,-1,-1,-1
433,10,38.04,185.25,281.17,780.66,1,-1,-1,-1
433,9,935.74,157.14,273.05,932.06,1,-1,-1,-1
433,3,421.46,210.83,222.03,626.18,1,-1,-1,-1
434,10,24.65,191.05,279.94,778.46,1,-1,-1,-1
434,9,933.32,156.71,276.95,924.91,1,-1,-1,-1
434,3,431.61,210.45,217.99,621.44,1,-1,-1,-1
435,10,27.21,197.27,272.34,772.03,1,-1,-1,-1
435,9,918.53,154.75,291.60,930.08,1,-1,-1,-1
435,3,459.14,205.42,211.55,623.69,1,-1,-1,-1
436,10,37.22,198.36,279.65,770.45,1,-1,-1,-1
436,9,932.25,157.17,266.49,927.42,1,-1,-1,-1
436,3,478.04,217.00,218.60,608.78,1,-1,-1,-1
437,10,41.10,195.64,284.82,771.82,1,-1,-1,-1
437,9,933.74,156.02,262.10,930.59,1,-1,-1,-1
437,3,492.74,212.59,222.05,606.18,1,-1,-1,-1
438,10,46.18,188.79,284.20,775.77,1,-1,-1,-1
438,9,939.00,165.46,257.94,899.55,1,-1,-1,-1
438,3,504.93,220.22,238.35,594.30,1,-1,-1,-1
439,10,47.79,189.05,287.59,777.01,1,-1,-1,-1
439,9,941.68,165.11,260.63,897.16,1,-1,-1,-1
439,3,512.90,225.57,240.56,588.74,1,-1,-1,-1
440,10,55.25,191.91,289.92,770.26,1,-1,-1,-1
440,9,957.89,175.52,257.91,889.60,1,-1,-1,-1
440,3,531.84,222.30,231.00,597.18,1,-1,-1,-1
441,10,68.29,192.34,288.54,774.93,1,-1,-1,-1
441,9,963.96,166.33,264.53,895.84,1,-1,-1,-1
441,3,540.28,218.04,235.46,595.75,1,-1,-1,-1
442,10,77.89,193.57,289.37,774.91,1,-1,-1,-1
442,9,972.18,166.52,262.16,895.74,1,-1,-1,-1
442,3,575.52,213.33,218.41,589.80,1,-1,-1,-1
443,10,87.40,187.38,291.18,789.56,1,-1,-1,-1
443,9,977.44,163.23,258.05,910.14,1,-1,-1,-1
443,3,606.99,215.87,199.04,578.13,1,-1,-1,-1
444,10,89.39,185.14,294.89,796.34,1,-1,-1,-1
444,9,972.77,160.67,270.07,919.86,1,-1,-1,-1
444,3,618.88,210.54,193.80,573.63,1,-1,-1,-1
445,10,103.74,183.36,291.80,806.87,1,-1,-1,-1
445,9,970.15,161.87,266.60,908.29,1,-1,-1,-1
445,3,640.62,215.43,204.28,569.57,1,-1,-1,-1
446,10,109.48,181.51,293.83,815.65,1,-1,-1,-1
446,9,970.23,155.27,267.75,921.37,1,-1,-1,-1
446,3,657.48,215.04,201.50,571.21,1,-1,-1,-1
447,10,118.83,179.71,292.43,822.24,1,-1,-1,-1
447,9,958.67,153.32,267.57,915.63,1,-1,-1,-1
447,3,659.99,219.65,225.97,564.40,1,-1,-1,-1
448,10,123.89,179.87,291.13,825.25,1,-1,-1,-1
448,9,958.13,155.60,268.01,910.42,1,-1,-1,-1
448,3,668.40,218.27,233.49,568.03,1,-1,-1,-1
449,10,134.32,180.06,286.12,823.96,1,-1,-1,-1
449,9,942.54,160.82,270.11,904.91,1,-1,-1,-1
449,3,684.32,221.13,241.77,566.57,1,-1,-1,-1
450,10,143.05,177.55,291.21,822.93,1,-1,-1,-1
450,9,930.79,165.40,270.70,898.35,1,-1,-1,-1
450,3,712.22,222.33,224.78,560.96,1,-1,-1,-1
451,10,155.46,182.44,288.44,822.20,1,-1,-1,-1
451,9,910.60,164.45,267.24,894.89,1,-1,-1,-1
451,3,730.29,213.71,216.76,561.60,1,-1,-1,-1
452,10,173.39,181.90,290.30,824.75,1,-1,-1,-1
452,9,881.82,164.55,282.04,887.97,1,-1,-1,-1
452,3,771.83,213.91,179.21,553.82,1,-1,-1,-1
453,10,181.57,176.00,297.17,831.76,1,-1,-1,-1
453,9,886.41,170.18,278.67,882.41,1,-1,-1,-1
453,3,783.17,213.92,176.57,548.45,1,-1,-1,-1
454,10,199.63,179.43,314.90,838.22,1,-1,-1,-1
454,9,874.53,176.25,280.40,870.28,1,-1,-1,-1
454,3,807.13,210.11,166.01,548.23,1,-1,-1,-1
455,11,853.04,214.92,102.52,213.34,1,-1,-1,-1
455,10,212.08,184.00,334.83,831.75,1,-1,-1,-1
455,9,862.22,182.66,264.75,852.05,1,-1,-1,-1
456,11,863.13,214.45,102.00,213.00,1,-1,-1,-1
456,10,229.97,190.71,347.82,818.89,1,-1,-1,-1
456,9,851.52,179.54,255.99,851.33,1,-1,-1,-1
457,11,887.81,213.97,102.00,213.00,1,-1,-1,-1
457,10,247.76,190.29,337.44,816.65,1,-1,-1,-1
457,9,844.49,182.70,251.61,843.28,1,-1,-1,-1
458,10,257.01,184.25,323.39,821.93,1,-1,-1,-1
458,9,841.04,183.03,251.98,843.31,1,-1,-1,-1
459,10,275.30,193.40,322.13,815.87,1,-1,-1,-1
459,9,838.20,192.04,250.28,833.64,1,-1,-1,-1
460,10,302.96,183.72,298.96,813.22,1,-1,-1,-1
460,9,842.91,187.14,240.90,840.10,1,-1,-1,-1
461,10,329.73,187.62,293.64,809.38,1,-1,-1,-1
461,9,841.56,189.38,237.88,823.60,1,-1,-1,-1
462,10,364.71,179.85,273.95,811.17,1,-1,-1,-1
462,9,840.63,204.90,235.28,796.90,1,-1,-1,-1
462,5,996.00,214.00,85.00,203.00,1,-1,-1,-1
463,12,1001.03,237.94,118.76,510.19,1,-1,-1,-1
463,10,372.68,177.17,278.99,805.62,1,-1,-1,-1
463,9,841.67,203.91,239.84,796.11,1,-1,-1,-1
463,5,1004.33,214.44,85.00,203.00,1,-1,-1,-1
464,12,1006.65,216.50,141.21,525.56,1,-1,-1,-1
464,10,396.13,176.91,282.76,822.30,1,-1,-1,-1
464,9,844.14,195.96,222.72,776.80,1,-1,-1,-1
464,5,1022.31,214.00,85.00,203.00,1,-1,-1,-1
465,12,1021.20,210.82,145.59,529.64,1,-1,-1,-1
465,10,413.82,174.63,289.86,824.53,1,-1,-1,-1
465,9,844.00,192.39,224.70,764.41,1,-1,-1,-1
466,12,1029.65,215.28,178.04,540.49,1,-1,-1,-1
466,10,434.19,187.84,315.63,821.46,1,-1,-1,-1
466,9,838.53,195.77,209.22,740.89,1,-1,-1,-1
467,12,1037.32,220.81,189.78,541.12,1,-1,-1,-1
467,10,476.80,195.88,329.73,811.75,1,-1,-1,-1
467,9,831.92,198.21,208.98,730.51,1,-1,-1,-1
468,12,1044.07,221.22,183.99,544.18,1,-1,-1,-1
468,10,488.23,195.26,324.12,812.28,1,-1,-1,-1
468,9,830.85,206.39,205.71,713.86,1,-1,-1,-1
469,12,1060.59,217.19,184.69,551.20,1,-1,-1,-1
469,10,496.29,190.90,324.46,815.10,1,-1,-1,-1
469,9,823.86,213.66,209.06,699.06,1,-1,-1,-1
470,12,1077.97,213.74,175.47,549.97,1,-1,-1,-1
470,10,511.67,181.95,315.70,821.20,1,-1,-1,-1
470,9,823.07,215.48,199.53,696.43,1,-1,-1,-1
471,12,1124.41,201.92,135.01,557.75,1,-1,-1,-1
471,10,534.20,168.79,295.39,825.78,1,-1,-1,-1
471,9,815.03,210.66,204.75,699.65,1,-1,-1,-1
472,12,1139.61,197.58,132.62,561.10,1,-1,-1,-1
472,10,557.57,160.57,293.23,841.34,1,-1,-1,-1
472,9,805.62,218.50,212.62,669.13,1,-1,-1,-1
473,12,1153.21,192.09,142.39,569.04,1,-1,-1,-1
473,10,596.25,157.89,268.67,826.23,1,-1,-1,-1
473,9,798.05,220.65,202.45,662.92,1,-1,-1,-1
474,12,1168.73,194.20,152.50,559.08,1,-1,-1,-1
474,10,638.06,163.32,270.26,838.39,1,-1,-1,-1
474,9,791.43,217.36,194.51,652.52,1,-1,-1,-1
475,12,1178.98,190.30,172.68,563.09,1,-1,-1,-1
475,10,663.35,164.45,291.56,828.54,1,-1,-1,-1
475,9,796.12,209.25,182.89,653.68,1,-1,-1,-1
476,12,1191.58,194.37,194.92,567.30,1,-1,-1,-1
476,10,687.31,174.17,305.59,826.68,1,-1,-1,-1
476,9,786.99,200.62,174.03,653.68,1,-1,-1,-1
477,12,1198.50,200.01,197.34,567.72,1,-1,-1,-1
477,10,688.35,178.01,322.26,825.37,1,-1,-1,-1
477,9,778.48,199.40,174.03,653.68,1,-1,-1,-1
478,12,1218.25,202.36,186.36,573.67,1,-1,-1,-1
478,10,702.66,169.23,327.12,834.95,1,-1,-1,-1
479,12,1239.18,201.48,173.08,574.04,1,-1,-1,-1
479,10,715.44,171.70,323.59,838.56,1,-1,-1,-1
480,12,1257.00,199.68,166.77,563.16,1,-1,-1,-1
480,10,729.23,181.80,324.55,823.35,1,-1,-1,-1
481,12,1272.91,195.56,162.79,554.40,1,-1,-1,-1
481,10,743.65,185.06,317.65,812.23,1,-1,-1,-1
482,10,767.57,168.97,294.81,820.51,1,-1,-1,-1
482,9,753.00,227.00,159.00,572.00,1,-1,-1,-1
482,8,1262.00,207.00,232.00,564.00,1,-1,-1,-1
483,10,781.67,162.28,292.55,825.08,1,-1,-1,-1
483,9,759.05,219.58,184.10,635.38,1,-1,-1,-1
483,8,1269.25,199.52,230.26,572.74,1,-1,-1,-1
484,10,849.96,142.58,268.63,824.52,1,-1,-1,-1
484,9,754.93,219.87,174.43,597.65,1,-1,-1,-1
484,8,1277.58,197.64,252.25,579.18,1,-1,-1,-1
485,10,866.43,146.31,266.98,839.26,1,-1,-1,-1
485,9,750.36,221.70,174.45,592.19,1,-1,-1,-1
485,8,1280.66,204.76,294.53,579.54,1,-1,-1,-1
486,10,887.32,141.52,283.06,839.05,1,-1,-1,-1
486,9,741.68,228.28,174.98,580.78,1,-1,-1,-1
486,8,1300.17,208.94,294.32,585.30,1,-1,-1,-1
487,10,907.63,161.98,312.91,840.13,1,-1,-1,-1
487,9,723.44,235.56,183.92,571.82,1,-1,-1,-1
487,8,1319.29,205.47,282.45,597.20,1,-1,-1,-1
488,10,933.45,172.05,325.36,834.05,1,-1,-1,-1
488,9,712.11,238.90,186.13,567.44,1,-1,-1,-1
488,8,1337.29,202.71,262.01,602.03,1,-1,-1,-1
489,10,940.18,158.76,322.88,845.98,1,-1,-1,-1
489,9,704.83,244.95,185.38,556.87,1,-1,-1,-1
489,8,1343.46,194.37,257.50,610.46,1,-1,-1,-1
490,10,957.92,169.44,323.46,838.30,1,-1,-1,-1
490,9,691.45,247.05,182.88,548.55,1,-1,-1,-1
490,8,1354.44,190.56,254.00,610.60,1,-1,-1,-1
491,10,990.03,161.99,315.10,846.70,1,-1,-1,-1
491,9,680.30,242.71,174.72,552.78,1,-1,-1,-1
491,8,1363.32,184.32,245.76,615.86,1,-1,-1,-1
492,10,1018.53,155.92,305.50,844.48,1,-1,-1,-1
492,9,676.92,253.19,163.46,541.20,1,-1,-1,-1
492,8,1372.09,183.43,248.72,622.68,1,-1,-1,-1
493,10,1064.68,154.88,271.30,840.11,1,-1,-1,-1
493,9,659.40,242.24,158.67,549.02,1,-1,-1,-1
493,8,1375.60,182.88,261.17,636.36,1,-1,-1,-1
494,10,1077.30,146.92,270.34,847.87,1,-1,-1,-1
494,9,654.72,249.55,154.25,548.54,1,-1,-1,-1
494,8,1378.26,181.99,264.35,646.02,1,-1,-1,-1
495,10,1107.80,140.63,263.13,852.76,1,-1,-1,-1
495,9,640.39,246.67,160.81,544.44,1,-1,-1,-1
495,8,1380.58,179.16,266.91,652.78,1,-1,-1,-1
496,10,1125.25,140.79,270.18,851.19,1,-1,-1,-1
496,9,627.24,252.04,168.58,545.17,1,-1,-1,-1
496,8,1394.62,187.27,265.28,645.97,1,-1,-1,-1
497,10,1135.92,147.57,286.14,864.89,1,-1,-1,-1
497,9,616.34,247.78,175.69,550.75,1,-1,-1,-1
497,8,1401.98,180.07,273.62,652.60,1,-1,-1,-1
498,10,1148.45,144.81,316.85,855.07,1,-1,-1,-1
498,9,609.34,247.26,175.58,549.92,1,-1,-1,-1
498,8,1408.86,178.95,270.67,662.04,1,-1,-1,-1
499,10,1155.60,137.63,321.39,862.75,1,-1,-1,-1
499,9,602.41,253.46,176.79,542.16,1,-1,-1,-1
499,8,1410.68,177.81,267.53,665.97,1,-1,-1,-1
500,10,1166.15,150.60,338.16,855.00,1,-1,-1,-1
500,9,592.94,251.69,174.51,542.50,1,-1,-1,-1
500,8,1413.41,177.42,259.83,679.76,1,-1,-1,-1
501,10,1190.24,147.54,335.95,860.05,1,-1,-1,-1
501,9,585.07,249.20,171.75,545.72,1,-1,-1,-1
501,8,1411.30,170.82,255.72,700.20,1,-1,-1,-1
502,10,1211.17,135.11,353.48,874.23,1,-1,-1,-1
502,9,577.08,241.67,175.74,556.72,1,-1,-1,-1
502,8,1381.22,167.66,272.20,704.86,1,-1,-1,-1
503,10,1246.92,134.09,352.60,867.61,1,-1,-1,-1
503,9,570.22,241.89,179.08,555.34,1,-1,-1,-1
503,8,1347.22,175.05,289.94,704.86,1,-1,-1,-1
504,10,1248.76,128.53,322.95,867.61,1,-1,-1,-1
504,9,567.88,246.42,179.92,546.36,1,-1,-1,-1
504,8,1298.93,166.58,317.42,759.04,1,-1,-1,-1
505,10,1317.08,129.85,297.91,845.55,1,-1,-1,-1
505,9,566.41,249.70,180.04,540.18,1,-1,-1,-1
506,10,1342.76,143.37,280.11,838.45,1,-1,-1,-1
506,9,569.77,248.06,176.45,545.36,1,-1,-1,-1
507,10,1348.84,133.02,298.87,839.94,1,-1,-1,-1
507,9,570.50,250.90,180.38,540.03,1,-1,-1,-1
508,10,1345.42,141.18,322.30,837.02,1,-1,-1,-1
508,9,575.35,254.20,176.71,535.14,1,-1,-1,-1
509,10,1347.06,144.31,351.60,851.12,1,-1,-1,-1
509,9,579.86,251.36,173.24,535.20,1,-1,-1,-1
510,10,1346.44,144.87,372.38,839.09,1,-1,-1,-1
510,9,586.43,251.49,167.74,540.18,1,-1,-1,-1
510,8,1279.00,173.00,197.00,646.00,1,-1,-1,-1
511,10,1386.11,146.95,331.19,836.04,1,-1,-1,-1
511,9,591.30,246.95,167.30,547.28,1,-1,-1,-1
511,8,1251.30,167.01,226.16,696.89,1,-1,-1,-1
512,10,1410.04,145.77,328.50,835.07,1,-1,-1,-1
512,9,595.40,244.10,168.63,549.61,1,-1,-1,-1
512,8,1223.47,163.64,237.19,726.13,1,-1,-1,-1
513,10,1417.88,147.13,328.20,832.39,1,-1,-1,-1
513,9,597.48,241.24,168.60,552.92,1,-1,-1,-1
513,8,1210.57,163.66,243.50,736.08,1,-1,-1,-1
514,10,1477.62,152.71,294.84,828.33,1,-1,-1,-1
514,9,601.78,242.59,168.06,551.85,1,-1,-1,-1
514,8,1192.82,160.82,262.61,750.99,1,-1,-1,-1
515,10,1501.73,147.41,296.62,826.24,1,-1,-1,-1
515,9,610.14,241.40,169.05,552.75,1,-1,-1,-1
515,8,1182.96,161.90,255.30,750.88,1,-1,-1,-1
516,10,1529.73,138.17,284.79,832.42,1,-1,-1,-1
516,9,616.64,236.02,167.70,567.75,1,-1,-1,-1
516,8,1171.88,154.99,219.39,762.01,1,-1,-1,-1
517,10,1539.01,139.56,290.52,823.01,1,-1,-1,-1
517,9,621.13,231.71,170.84,579.81,1,-1,-1,-1
517,8,1159.12,144.16,214.28,780.36,1,-1,-1,-1
518,10,1540.85,131.98,286.70,829.61,1,-1,-1,-1
518,9,624.86,232.53,172.96,586.22,1,-1,-1,-1
518,8,1136.98,140.24,226.64,796.10,1,-1,-1,-1
519,10,1546.38,137.97,302.07,827.04,1,-1,-1,-1
519,9,633.38,236.49,171.09,582.45,1,-1,-1,-1
519,8,1109.99,143.37,229.17,790.16,1,-1,-1,-1
520,10,1553.52,139.18,300.29,820.65,1,-1,-1,-1
520,9,643.40,237.28,170.82,583.61,1,-1,-1,-1
520,8,1069.22,154.06,253.01,773.38,1,-1,-1,-1
521,10,1558.68,142.97,296.04,812.01,1,-1,-1,-1
521,9,650.71,243.56,169.95,574.58,1,-1,-1,-1
521,8,1030.98,162.14,280.16,761.07,1,-1,-1,-1
522,10,1560.90,147.64,295.99,806.06,1,-1,-1,-1
522,9,662.42,237.63,167.50,579.85,1,-1,-1,-1
522,8,1013.11,171.45,285.52,752.51,1,-1,-1,-1
523,10,1562.98,147.29,294.25,805.86,1,-1,-1,-1
523,9,676.44,235.01,165.20,583.44,1,-1,-1,-1
523,8,1003.04,176.24,273.58,749.46,1,-1,-1,-1
524,10,1560.83,146.94,291.87,775.59,1,-1,-1,-1
524,9,688.52,226.58,170.89,592.94,1,-1,-1,-1
524,8,996.68,177.89,249.94,747.74,1,-1,-1,-1
525,10,1564.00,146.74,282.93,769.21,1,-1,-1,-1
525,9,700.14,228.49,172.46,597.68,1,-1,-1,-1
525,8,973.89,171.76,229.49,747.54,1,-1,-1,-1
526,10,1563.52,151.03,281.13,746.68,1,-1,-1,-1
526,9,707.41,227.53,177.01,600.13,1,-1,-1,-1
526,8,960.61,166.20,210.09,745.95,1,-1,-1,-1
527,10,1567.56,154.28,270.59,739.00,1,-1,-1,-1
527,9,715.69,230.88,195.44,598.96,1,-1,-1,-1
527,8,931.24,158.31,216.38,742.75,1,-1,-1,-1
528,10,1567.85,155.05,269.96,737.33,1,-1,-1,-1
528,9,728.19,236.74,199.06,591.58,1,-1,-1,-1
528,8,902.88,164.20,235.41,750.64,1,-1,-1,-1
529,10,1568.30,159.58,262.54,734.28,1,-1,-1,-1
529,9,741.93,228.26,186.48,600.90,1,-1,-1,-1
529,8,859.43,165.90,258.97,755.03,1,-1,-1,-1
530,10,1561.87,160.86,263.98,726.89,1,-1,-1,-1
530,9,774.85,230.87,172.78,571.02,1,-1,-1,-1
530,8,810.20,177.17,295.94,751.81,1,-1,-1,-1
531,10,1556.10,167.18,263.28,709.19,1,-1,-1,-1
531,9,796.22,227.55,158.73,571.02,1,-1,-1,-1
531,8,794.66,184.90,294.95,751.55,1,-1,-1,-1
532,10,1553.04,173.43,259.05,694.03,1,-1,-1,-1
532,8,799.60,181.60,274.77,755.66,1,-1,-1,-1
533,10,1548.41,175.46,254.31,699.77,1,-1,-1,-1
533,8,786.45,169.60,254.78,767.30,1,-1,-1,-1
534,10,1544.52,169.71,249.56,693.46,1,-1,-1,-1
534,8,773.97,174.63,236.70,767.99,1,-1,-1,-1
535,10,1537.01,165.99,245.45,689.38,1,-1,-1,-1
535,8,760.35,172.15,263.32,756.19,1,-1,-1,-1
536,12,861.00,215.00,210.00,653.00,1,-1,-1,-1
536,10,1529.67,167.10,245.74,676.20,1,-1,-1,-1
536,8,719.50,174.62,260.62,756.60,1,-1,-1,-1
537,12,863.81,221.52,216.60,645.72,1,-1,-1,-1
537,10,1524.04,166.53,241.28,674.14,1,-1,-1,-1
537,8,678.07,172.03,243.78,754.09,1,-1,-1,-1
538,12,871.30,218.72,223.58,658.31,1,-1,-1,-1
538,10,1518.78,172.36,239.98,657.43,1,-1,-1,-1
538,8,633.52,168.38,268.61,753.32,1,-1,-1,-1
539,12,883.54,228.28,220.86,648.24,1,-1,-1,-1
539,10,1516.98,175.96,236.02,642.99,1,-1,-1,-1
539,8,614.27,178.52,278.82,741.19,1,-1,-1,-1
540,12,901.34,226.71,212.37,651.56,1,-1,-1,-1
540,10,1511.64,174.03,231.75,647.94,1,-1,-1,-1
540,8,600.13,182.22,282.51,737.21,1,-1,-1,-1
541,12,921.15,216.88,208.60,660.55,1,-1,-1,-1
541,10,1498.07,174.03,237.56,644.74,1,-1,-1,-1
541,8,578.59,194.41,283.66,731.62,1,-1,-1,-1
542,12,936.89,213.46,208.19,654.91,1,-1,-1,-1
542,10,1478.34,175.04,247.08,637.43,1,-1,-1,-1
542,8,566.59,190.29,259.62,732.55,1,-1,-1,-1
543,12,951.35,217.74,213.49,665.98,1,-1,-1,-1
543,10,1472.62,181.54,242.96,630.40,1,-1,-1,-1
543,8,552.14,184.53,233.82,736.60,1,-1,-1,-1
544,12,963.29,210.66,223.29,690.80,1,-1,-1,-1
544,10,1470.25,187.88,236.88,620.58,1,-1,-1,-1
544,8,527.32,167.01,228.85,745.24,1,-1,-1,-1
545,12,981.05,211.31,260.47,700.16,1,-1,-1,-1
545,10,1465.07,182.47,231.29,623.03,1,-1,-1,-1
545,8,511.96,174.20,213.64,740.17,1,-1,-1,-1
546,12,1000.91,214.15,256.77,704.60,1,-1,-1,-1
546,10,1458.09,183.38,225.36,620.13,1,-1,-1,-1
546,8,480.76,170.41,234.10,740.08,1,-1,-1,-1
547,12,1008.68,212.33,256.34,710.75,1,-1,-1,-1
547,10,1450.12,187.79,223.01,609.30,1,-1,-1,-1
547,8,461.45,174.67,242.80,744.61,1,-1,-1,-1
548,12,1023.29,208.24,248.32,718.45,1,-1,-1,-1
548,10,1437.60,189.42,218.32,600.68,1,-1,-1,-1
548,8,426.36,179.77,268.65,746.88,1,-1,-1,-1
549,12,1039.43,202.53,246.04,731.47,1,-1,-1,-1
549,10,1426.38,187.53,220.49,602.46,1,-1,-1,-1
549,8,400.97,187.32,287.13,749.77,1,-1,-1,-1
550,12,1063.99,198.07,235.11,740.54,1,-1,-1,-1
550,10,1419.28,186.88,216.62,604.19,1,-1,-1,-1
550,8,384.15,189.99,270.40,750.04,1,-1,-1,-1
551,12,1085.80,191.84,230.34,752.97,1,-1,-1,-1
551,10,1410.35,186.78,208.21,596.83,1,-1,-1,-1
551,8,366.56,183.16,252.53,753.33,1,-1,-1,-1
552,12,1103.05,197.13,236.14,754.63,1,-1,-1,-1
552,10,1402.18,192.29,206.38,583.10,1,-1,-1,-1
552,8,358.81,175.63,228.10,768.91,1,-1,-1,-1
553,12,1125.72,194.57,236.69,770.10,1,-1,-1,-1
553,10,1390.25,188.12,207.72,588.21,1,-1,-1,-1
553,8,340.37,163.55,224.46,774.81,1,-1,-1,-1
554,12,1131.95,192.76,238.77,770.72,1,-1,-1,-1
554,10,1382.19,200.52,207.00,581.41,1,-1,-1,-1
554,8,323.25,162.61,230.05,780.14,1,-1,-1,-1
555,12,1144.28,190.45,252.58,792.04,1,-1,-1,-1
555,10,1366.49,202.86,217.41,581.11,1,-1,-1,-1
555,8,298.91,159.23,244.53,788.85,1,-1,-1,-1
556,12,1157.71,189.17,254.90,800.47,1,-1,-1,-1
556,10,1371.98,203.17,210.54,583.21,1,-1,-1,-1
556,8,279.34,155.98,258.80,804.61,1,-1,-1,-1
557,12,1173.39,179.87,264.23,823.02,1,-1,-1,-1
557,10,1375.06,200.68,200.79,572.21,1,-1,-1,-1
557,8,246.00,155.00,291.00,853.00,1,-1,-1,-1
558,12,1189.15,181.36,273.13,828.47,1,-1,-1,-1
558,10,1368.71,216.25,177.89,540.03,1,-1,-1,-1
558,8,234.76,158.91,292.68,862.47,1,-1,-1,-1
559,12,1203.92,175.03,286.20,829.42,1,-1,-1,-1
559,10,1351.92,221.20,204.79,550.16,1,-1,-1,-1
559,8,218.91,163.46,293.94,862.42,1,-1,-1,-1
560,12,1211.20,171.58,281.22,851.03,1,-1,-1,-1
560,8,204.72,164.94,298.13,853.16,1,-1,-1,-1
561,12,1226.90,158.14,285.15,867.31,1,-1,-1,-1
561,8,182.14,157.84,301.75,870.16,1,-1,-1,-1
562,12,1241.64,164.28,293.53,876.86,1,-1,-1,-1
562,8,156.38,155.17,323.46,889.33,1,-1,-1,-1
563,12,1255.68,147.29,304.18,910.75,1,-1,-1,-1
563,8,122.76,150.40,353.67,907.29,1,-1,-1,-1
564,12,1261.00,142.00,361.00,926.00,1,-1,-1,-1
564,10,1223.00,413.00,111.00,356.00,1,-1,-1,-1
564,8,109.16,146.18,361.71,916.54,1,-1,-1,-1
565,12,1248.00,157.77,368.45,913.20,1,-1,-1,-1
565,10,1222.71,320.66,144.90,443.60,1,-1,-1,-1
565,8,91.98,144.44,368.05,919.67,1,-1,-1,-1
566,12,1282.46,152.68,359.94,923.78,1,-1,-1,-1
566,10,1221.28,290.53,159.92,500.40,1,-1,-1,-1
566,8,90.16,143.46,361.18,929.88,1,-1,-1,-1
567,12,1313.45,145.92,332.55,928.64,1,-1,-1,-1
567,10,1194.00,216.00,185.00,570.00,1,-1,-1,-1
567,8,83.52,140.52,359.86,936.75,1,-1,-1,-1
568,12,1310.91,152.16,327.73,917.47,1,-1,-1,-1
568,10,1194.59,222.25,188.98,565.32,1,-1,-1,-1
568,8,89.08,140.25,349.81,937.85,1,-1,-1,-1
569,12,1318.50,146.13,315.91,923.45,1,-1,-1,-1
569,10,1188.94,218.83,176.74,563.57,1,-1,-1,-1
569,8,97.43,134.98,344.43,942.73,1,-1,-1,-1
570,12,1315.02,143.17,314.35,917.85,1,-1,-1,-1
570,10,1185.73,213.46,162.90,571.45,1,-1,-1,-1
570,8,99.14,133.23,348.80,941.89,1,-1,-1,-1
571,12,1339.74,138.09,308.22,918.05,1,-1,-1,-1
571,10,1164.41,222.26,170.46,564.19,1,-1,-1,-1
571,8,105.61,134.50,345.82,943.08,1,-1,-1,-1
572,12,1342.05,146.82,312.57,908.83,1,-1,-1,-1
572,10,1150.62,209.72,164.46,570.74,1,-1,-1,-1
572,8,113.26,136.80,346.60,946.05,1,-1,-1,-1
573,12,1331.46,151.40,315.97,907.34,1,-1,-1,-1
573,10,1128.97,210.05,177.26,569.68,1,-1,-1,-1
573,8,125.19,118.55,345.29,964.38,1,-1,-1,-1
574,12,1321.18,148.71,319.36,911.05,1,-1,-1,-1
574,10,1098.14,217.56,201.10,564.30,1,-1,-1,-1
574,8,138.43,126.80,354.10,960.15,1,-1,-1,-1
575,12,1317.16,144.79,312.06,914.68,1,-1,-1,-1
575,10,1070.62,220.91,217.69,559.84,1,-1,-1,-1
575,8,164.65,119.45,342.56,956.35,1,-1,-1,-1
576,12,1285.63,145.84,325.45,901.92,1,-1,-1,-1
576,10,1060.94,228.85,217.33,550.77,1,-1,-1,-1
576,8,186.23,124.76,343.12,961.04,1,-1,-1,-1
577,12,1283.80,151.25,308.45,889.76,1,-1,-1,-1
577,10,1051.87,231.21,207.23,547.40,1,-1,-1,-1
577,8,211.86,123.20,336.73,960.80,1,-1,-1,-1
578,12,1274.21,147.93,309.78,895.90,1,-1,-1,-1
578,10,1048.15,230.47,201.87,548.15,1,-1,-1,-1
578,8,226.61,114.07,345.95,965.57,1,-1,-1,-1
579,12,1264.86,153.96,289.81,889.03,1,-1,-1,-1
579,10,1047.59,230.29,181.44,553.83,1,-1,-1,-1
579,8,251.85,117.94,346.72,970.83,1,-1,-1,-1
580,12,1250.73,162.84,292.86,883.62,1,-1,-1,-1
580,10,1029.30,220.07,176.52,555.66,1,-1,-1,-1
580,8,284.14,120.13,340.04,969.80,1,-1,-1,-1
581,12,1199.98,159.57,334.53,884.08,1,-1,-1,-1
581,10,1007.62,220.62,164.61,559.36,1,-1,-1,-1
581,3,305.00,63.00,376.00,1003.00,1,-1,-1,-1
582,12,1178.79,158.09,340.71,879.93,1,-1,-1,-1
582,10,989.37,229.44,157.77,553.42,1,-1,-1,-1
582,3,338.50,66.24,371.97,1006.48,1,-1,-1,-1
583,12,1154.10,167.19,360.76,872.13,1,-1,-1,-1
583,10,970.26,233.13,164.19,552.76,1,-1,-1,-1
583,3,362.04,79.49,374.38,993.54,1,-1,-1,-1
584,12,1148.22,182.98,357.51,854.39,1,-1,-1,-1
584,10,948.11,225.61,186.18,547.76,1,-1,-1,-1
584,3,375.67,72.06,371.39,996.65,1,-1,-1,-1
585,12,1136.02,182.56,354.54,850.45,1,-1,-1,-1
585,10,924.62,230.14,198.84,549.26,1,-1,-1,-1
585,3,416.28,78.63,372.51,992.90,1,-1,-1,-1
586,12,1129.40,178.64,334.02,856.00,1,-1,-1,-1
586,10,901.11,229.49,213.61,555.85,1,-1,-1,-1
586,3,448.51,80.29,376.63,992.65,1,-1,-1,-1
587,12,1113.05,172.28,314.01,861.57,1,-1,-1,-1
587,10,887.88,231.36,216.08,558.06,1,-1,-1,-1
587,3,487.05,90.70,355.99,968.59,1,-1,-1,-1
588,12,1102.73,162.24,304.35,872.34,1,-1,-1,-1
588,10,885.65,240.00,214.04,549.18,1,-1,-1,-1
588,3,513.14,84.38,335.38,985.64,1,-1,-1,-1
589,12,1074.17,163.95,289.49,869.13,1,-1,-1,-1
589,10,881.26,236.31,199.50,546.04,1,-1,-1,-1
589,3,547.73,71.20,321.21,977.09,1,-1,-1,-1
590,12,1024.81,156.18,287.00,881.87,1,-1,-1,-1
590,10,883.30,231.93,158.60,555.02,1,-1,-1,-1
590,3,589.83,71.71,326.72,972.61,1,-1,-1,-1
591,12,983.62,159.89,304.62,874.24,1,-1,-1,-1
591,10,864.74,225.47,156.46,550.57,1,-1,-1,-1
591,3,639.30,92.21,331.43,942.92,1,-1,-1,-1
592,12,973.61,164.59,311.95,873.96,1,-1,-1,-1
592,10,851.50,218.95,155.98,544.00,1,-1,-1,-1
592,3,670.00,83.00,311.00,977.00,1,-1,-1,-1
593,12,958.17,166.84,309.25,874.92,1,-1,-1,-1
593,10,815.83,145.22,190.44,563.16,1,-1,-1,-1
593,3,691.29,89.06,333.35,972.83,1,-1,-1,-1
594,12,924.58,164.49,326.66,883.20,1,-1,-1,-1
594,3,737.41,124.85,372.70,946.97,1,-1,-1,-1
595,12,924.87,180.91,344.32,883.20,1,-1,-1,-1
595,3,774.15,110.00,381.82,959.64,1,-1,-1,-1
596,13,872.99,51.95,250.45,711.91,1,-1,-1,-1
596,3,788.55,138.05,376.11,942.22,1,-1,-1,-1
597,13,886.88,28.34,250.00,711.00,1,-1,-1,-1
597,10,746.00,245.00,160.00,520.00,1,-1,-1,-1
597,3,781.72,90.40,352.64,965.43,1,-1,-1,-1
598,13,954.74,15.35,250.00,711.00,1,-1,-1,-1
598,10,742.59,237.23,171.30,538.39,1,-1,-1,-1
598,3,849.29,83.35,301.87,983.21,1,-1,-1,-1
599,10,735.49,246.55,158.15,547.79,1,-1,-1,-1
599,4,859.00,199.00,124.00,542.00,1,-1,-1,-1
599,3,836.42,78.24,360.55,991.34,1,-1,-1,-1
600,10,727.02,238.57,150.80,555.45,1,-1,-1,-1
600,4,847.77,183.17,162.60,670.23,1,-1,-1,-1
600,3,860.34,69.99,404.32,989.59,1,-1,-1,-1
601,10,714.84,241.01,144.54,548.48,1,-1,-1,-1
601,4,771.92,168.65,228.67,771.26,1,-1,-1,-1
601,3,1002.81,47.81,346.71,1017.86,1,-1,-1,-1
602,10,706.47,242.93,139.53,544.54,1,-1,-1,-1
602,4,699.00,186.00,318.00,832.00,1,-1,-1,-1
602,3,1024.80,71.33,355.41,995.84,1,-1,-1,-1
603,10,663.44,245.94,167.55,544.54,1,-1,-1,-1
603,4,670.66,198.65,335.95,825.32,1,-1,-1,-1
603,3,1055.75,39.50,387.20,1017.00,1,-1,-1,-1
604,10,645.45,236.41,167.55,544.54,1,-1,-1,-1
604,4,662.74,208.35,323.02,817.50,1,-1,-1,-1
604,3,1104.75,66.71,394.85,1005.62,1,-1,-1,-1
605,10,629.57,248.05,167.55,544.54,1,-1,-1,-1
605,4,647.53,201.83,328.69,825.39,1,-1,-1,-1
605,3,1142.21,63.47,391.74,1003.98,1,-1,-1,-1
606,10,607.35,278.74,167.55,544.54,1,-1,-1,-1
606,4,630.85,191.98,324.61,842.88,1,-1,-1,-1
606,3,1171.77,63.12,364.73,997.10,1,-1,-1,-1
607,10,597.36,320.46,146.84,491.90,1,-1,-1,-1
607,4,620.01,185.78,319.72,851.31,1,-1,-1,-1
607,3,1179.84,48.79,351.68,1000.81,1,-1,-1,-1
608,10,580.89,323.30,151.35,491.90,1,-1,-1,-1
608,4,597.42,179.54,308.12,857.89,1,-1,-1,-1
608,3,1204.96,46.21,340.15,1019.56,1,-1,-1,-1
609,10,564.60,315.72,154.19,501.13,1,-1,-1,-1
609,4,573.11,197.74,308.50,832.31,1,-1,-1,-1
609,3,1239.60,36.06,329.27,1035.29,1,-1,-1,-1
610,10,550.02,307.99,157.08,510.52,1,-1,-1,-1
610,4,566.01,204.36,306.84,822.22,1,-1,-1,-1
610,3,1272.00,31.53,333.86,1027.52,1,-1,-1,-1
611,10,543.07,306.99,157.08,510.52,1,-1,-1,-1
611,4,566.35,206.26,298.79,817.71,1,-1,-1,-1
611,3,1302.26,36.00,324.43,1023.94,1,-1,-1,-1
612,4,559.52,212.87,300.61,807.53,1,-1,-1,-1
612,3,1321.39,53.44,349.76,1006.02,1,-1,-1,-1
613,10,563.00,245.00,102.00,546.00,1,-1,-1,-1
613,4,562.51,212.72,289.71,791.54,1,-1,-1,-1
613,3,1333.49,48.17,341.23,1003.74,1,-1,-1,-1
614,10,551.87,229.99,110.18,559.24,1,-1,-1,-1
614,4,553.69,209.91,288.79,770.11,1,-1,-1,-1
614,3,1365.32,58.53,342.14,995.68,1,-1,-1,-1
615,10,544.25,230.93,118.18,558.81,1,-1,-1,-1
615,4,559.02,210.38,280.85,749.74,1,-1,-1,-1
615,3,1397.90,45.90,341.06,1018.75,1,-1,-1,-1
616,10,534.53,220.68,124.96,568.46,1,-1,-1,-1
616,4,575.67,211.26,255.22,740.10,1,-1,-1,-1
616,3,1419.00,49.00,405.00,1028.00,1,-1,-1,-1
617,10,503.95,219.46,145.81,562.30,1,-1,-1,-1
617,4,579.95,202.81,246.39,750.93,1,-1,-1,-1
617,3,1451.64,50.14,407.63,1033.79,1,-1,-1,-1
618,10,479.31,218.05,160.89,572.22,1,-1,-1,-1
618,4,554.65,199.97,247.64,751.58,1,-1,-1,-1
618,3,1474.63,52.77,419.02,1026.40,1,-1,-1,-1
619,10,467.31,216.22,167.31,586.60,1,-1,-1,-1
619,4,636.00,201.00,198.00,765.00,1,-1,-1,-1
619,3,1493.47,50.17,419.57,1025.68,1,-1,-1,-1
620,10,459.76,224.54,164.60,583.95,1,-1,-1,-1
620,4,632.80,207.98,195.06,750.92,1,-1,-1,-1
620,3,1508.71,62.93,407.81,1004.12,1,-1,-1,-1
621,10,442.45,224.71,165.28,591.30,1,-1,-1,-1
621,4,629.66,208.35,192.62,751.30,1,-1,-1,-1
621,3,1521.69,74.52,396.91,989.61,1,-1,-1,-1
622,10,425.23,221.96,160.93,597.43,1,-1,-1,-1
622,4,627.73,206.94,190.89,745.60,1,-1,-1,-1
622,3,1535.91,78.38,389.00,984.80,1,-1,-1,-1
623,10,405.27,206.63,147.21,594.21,1,-1,-1,-1
623,4,631.53,207.23,181.76,740.08,1,-1,-1,-1
623,3,1557.34,81.05,372.52,983.97,1,-1,-1,-1
624,10,394.18,213.45,150.47,595.04,1,-1,-1,-1
624,4,650.82,213.87,186.31,731.77,1,-1,-1,-1
624,3,1558.04,82.37,371.54,969.69,1,-1,-1,-1
625,10,384.58,208.65,150.71,601.61,1,-1,-1,-1
625,4,657.64,217.64,188.54,730.85,1,-1,-1,-1
625,3,1562.49,87.95,369.99,962.08,1,-1,-1,-1
626,10,373.82,209.70,156.33,619.60,1,-1,-1,-1
626,4,656.79,215.99,194.77,735.49,1,-1,-1,-1
626,3,1569.15,78.17,360.50,962.55,1,-1,-1,-1
627,10,364.57,208.77,159.04,625.71,1,-1,-1,-1
627,4,649.79,215.68,205.75,735.79,1,-1,-1,-1
627,3,1573.55,72.22,360.94,966.67,1,-1,-1,-1
628,10,355.08,209.57,162.20,633.18,1,-1,-1,-1
628,4,651.16,218.19,209.69,731.08,1,-1,-1,-1
628,3,1573.49,75.35,355.24,963.57,1,-1,-1,-1
629,10,347.47,210.99,163.95,638.22,1,-1,-1,-1
629,4,655.87,218.18,211.69,731.06,1,-1,-1,-1
629,3,1569.30,79.19,346.85,953.23,1,-1,-1,-1
630,10,339.09,206.79,166.31,649.59,1,-1,-1,-1
630,4,661.68,217.81,213.09,728.06,1,-1,-1,-1
630,3,1563.85,90.90,337.96,925.32,1,-1,-1,-1
631,10,332.74,206.17,166.10,657.43,1,-1,-1,-1
631,4,665.47,210.24,214.29,744.34,1,-1,-1,-1
631,3,1554.31,98.81,334.03,921.98,1,-1,-1,-1
632,10,325.70,198.19,168.92,667.68,1,-1,-1,-1
632,4,666.54,204.43,216.45,759.82,1,-1,-1,-1
632,3,1545.83,103.06,331.28,906.68,1,-1,-1,-1
633,10,318.05,192.59,173.04,673.97,1,-1,-1,-1
633,4,669.71,198.67,228.70,765.53,1,-1,-1,-1
633,3,1539.86,109.20,318.37,889.13,1,-1,-1,-1
634,10,315.28,194.31,172.75,676.61,1,-1,-1,-1
634,4,682.90,197.19,235.34,777.20,1,-1,-1,-1
634,3,1532.70,103.03,306.79,882.95,1,-1,-1,-1
635,10,310.62,187.66,174.08,681.09,1,-1,-1,-1
635,4,694.45,203.09,248.21,785.98,1,-1,-1,-1
635,3,1513.60,97.25,303.84,886.21,1,-1,-1,-1
636,10,306.07,190.11,176.32,692.79,1,-1,-1,-1
636,4,703.84,207.11,255.47,785.38,1,-1,-1,-1
636,3,1495.58,109.51,303.24,863.42,1,-1,-1,-1
637,10,299.91,183.99,179.92,709.76,1,-1,-1,-1
637,4,718.92,203.40,247.42,803.13,1,-1,-1,-1
637,3,1475.36,116.49,307.42,853.78,1,-1,-1,-1
638,10,292.25,183.79,181.95,725.15,1,-1,-1,-1
638,4,730.89,195.14,239.41,815.63,1,-1,-1,-1
638,3,1440.50,128.90,324.84,836.22,1,-1,-1,-1
639,10,278.98,181.99,186.51,738.46,1,-1,-1,-1
639,4,745.74,190.19,230.35,827.08,1,-1,-1,-1
639,3,1430.63,136.99,322.48,824.20,1,-1,-1,-1
640,10,269.86,182.09,190.29,747.86,1,-1,-1,-1
640,4,758.86,188.25,232.75,834.92,1,-1,-1,-1
640,3,1418.91,140.78,314.92,818.96,1,-1,-1,-1
641,10,258.40,180.94,187.96,754.74,1,-1,-1,-1
641,4,770.89,187.28,237.66,837.00,1,-1,-1,-1
641,3,1407.29,143.58,296.36,804.06,1,-1,-1,-1
642,10,248.34,171.88,194.91,776.97,1,-1,-1,-1
642,4,781.65,182.81,244.27,853.45,1,-1,-1,-1
642,3,1388.92,132.85,270.28,807.73,1,-1,-1,-1
643,10,232.92,168.30,198.70,790.92,1,-1,-1,-1
643,4,794.89,175.90,249.24,864.60,1,-1,-1,-1
643,3,1362.39,121.78,267.91,809.74,1,-1,-1,-1
644,10,225.81,169.32,202.07,787.91,1,-1,-1,-1
644,4,805.27,174.34,248.98,861.42,1,-1,-1,-1
644,3,1344.71,133.85,274.51,802.42,1,-1,-1,-1
645,10,210.27,160.36,206.80,777.78,1,-1,-1,-1
645,4,823.09,179.42,247.97,881.37,1,-1,-1,-1
645,3,1315.81,140.28,282.52,796.46,1,-1,-1,-1
646,10,200.85,165.81,206.00,793.58,1,-1,-1,-1
646,4,831.52,184.59,258.00,879.71,1,-1,-1,-1
646,3,1284.05,151.86,291.09,790.63,1,-1,-1,-1
647,10,181.06,167.88,218.47,809.30,1,-1,-1,-1
647,4,849.37,183.43,243.10,887.22,1,-1,-1,-1
647,3,1247.91,152.18,318.37,793.26,1,-1,-1,-1
648,10,165.71,169.82,222.15,830.74,1,-1,-1,-1
648,4,860.71,180.94,241.49,883.78,1,-1,-1,-1
648,3,1237.56,165.56,318.65,781.83,1,-1,-1,-1
649,10,155.88,165.55,224.51,835.80,1,-1,-1,-1
649,4,882.75,174.98,228.41,884.72,1,-1,-1,-1
649,3,1224.97,164.45,297.88,778.82,1,-1,-1,-1
650,10,149.56,172.08,225.81,842.19,1,-1,-1,-1
650,4,885.50,162.60,231.11,904.32,1,-1,-1,-1
650,3,1219.00,148.00,287.00,779.00,1,-1,-1,-1
651,10,137.78,160.27,230.06,845.97,1,-1,-1,-1
651,4,906.17,157.36,230.16,911.09,1,-1,-1,-1
651,3,1204.43,153.34,259.33,774.72,1,-1,-1,-1
652,10,137.80,172.53,229.92,846.90,1,-1,-1,-1
652,4,902.73,155.77,244.81,928.64,1,-1,-1,-1
652,3,1171.42,154.43,254.46,766.83,1,-1,-1,-1
653,10,129.96,172.13,229.55,855.94,1,-1,-1,-1
653,4,914.87,163.68,253.98,923.56,1,-1,-1,-1
653,3,1142.76,156.05,247.97,767.53,1,-1,-1,-1
654,10,119.59,175.11,232.08,853.85,1,-1,-1,-1
654,4,936.00,158.00,281.00,913.00,1,-1,-1,-1
654,3,1123.59,157.68,254.69,766.61,1,-1,-1,-1
655,10,100.95,172.01,241.96,851.47,1,-1,-1,-1
655,4,955.10,173.18,303.97,903.36,1,-1,-1,-1
655,3,1122.74,206.54,251.55,715.36,1,-1,-1,-1
656,10,52.00,160.00,336.00,890.00,1,-1,-1,-1
656,4,962.80,151.83,333.55,915.01,1,-1,-1,-1
656,3,1094.95,170.22,263.55,715.36,1,-1,-1,-1
657,10,37.92,175.05,344.85,891.14,1,-1,-1,-1
657,4,978.93,154.32,313.35,911.39,1,-1,-1,-1
658,10,29.35,168.61,347.94,911.02,1,-1,-1,-1
658,4,989.20,145.06,295.15,925.43,1,-1,-1,-1
659,10,23.72,163.94,350.52,922.87,1,-1,-1,-1
659,4,990.65,137.98,300.32,936.35,1,-1,-1,-1
660,10,20.08,160.58,354.89,929.66,1,-1,-1,-1
660,4,991.83,145.13,310.09,937.73,1,-1,-1,-1
661,10,14.03,161.06,354.70,931.02,1,-1,-1,-1
661,4,992.31,145.37,327.47,925.13,1,-1,-1,-1
661,3,956.00,164.00,153.00,780.00,1,-1,-1,-1
662,10,9.85,165.16,353.44,929.90,1,-1,-1,-1
662,4,971.76,144.11,348.15,926.47,1,-1,-1,-1
662,3,930.24,144.83,173.05,781.21,1,-1,-1,-1
663,10,6.14,168.08,350.64,926.82,1,-1,-1,-1
663,4,1052.26,146.15,298.73,926.78,1,-1,-1,-1
663,3,882.62,150.12,196.86,760.97,1,-1,-1,-1
664,10,1.70,168.20,342.94,926.77,1,-1,-1,-1
664,4,1066.75,150.17,294.19,909.73,1,-1,-1,-1
664,3,830.10,162.90,231.32,761.34,1,-1,-1,-1
665,12,1083.00,152.00,295.00,886.00,1,-1,-1,-1
665,10,-2.66,165.36,339.74,932.48,1,-1,-1,-1
665,3,796.92,173.84,240.59,757.42,1,-1,-1,-1
666,12,1081.66,155.68,298.14,884.34,1,-1,-1,-1
666,10,-3.58,165.43,345.71,933.08,1,-1,-1,-1
666,3,787.47,176.64,233.50,749.79,1,-1,-1,-1
667,12,1091.67,154.57,293.12,884.58,1,-1,-1,-1
667,10,-8.25,156.70,343.18,943.25,1,-1,-1,-1
667,3,783.19,177.44,215.61,747.18,1,-1,-1,-1
668,12,1098.80,151.76,287.23,879.43,1,-1,-1,-1
668,10,-6.30,152.20,344.61,950.54,1,-1,-1,-1
668,3,783.00,177.00,222.00,752.00,1,-1,-1,-1
669,12,1104.16,152.39,282.50,872.96,1,-1,-1,-1
669,10,-7.69,150.64,342.53,951.58,1,-1,-1,-1
669,3,771.38,166.70,205.28,758.80,1,-1,-1,-1
670,12,1105.94,160.33,279.47,873.14,1,-1,-1,-1
670,10,-1.11,147.69,342.91,956.86,1,-1,-1,-1
670,3,735.60,169.21,218.92,747.41,1,-1,-1,-1
671,12,1109.09,160.89,272.52,853.03,1,-1,-1,-1
671,10,2.07,146.04,347.89,961.05,1,-1,-1,-1
671,3,704.49,158.38,229.40,778.42,1,-1,-1,-1
672,12,1105.05,161.77,268.21,842.50,1,-1,-1,-1
672,10,6.58,145.24,352.62,963.17,1,-1,-1,-1
672,3,666.97,171.00,254.23,771.36,1,-1,-1,-1
673,12,1103.15,163.20,262.85,834.38,1,-1,-1,-1
673,10,9.63,137.24,347.55,967.71,1,-1,-1,-1
673,3,629.20,175.62,273.39,764.64,1,-1,-1,-1
674,12,1092.74,170.94,263.00,825.56,1,-1,-1,-1
674,10,5.63,149.72,363.88,962.04,1,-1,-1,-1
674,3,613.17,186.56,275.20,758.82,1,-1,-1,-1
675,12,1081.52,173.57,258.97,803.35,1,-1,-1,-1
675,10,-0.69,150.41,366.41,958.59,1,-1,-1,-1
675,3,599.65,192.81,265.80,752.36,1,-1,-1,-1
676,12,1071.06,174.09,254.07,793.51,1,-1,-1,-1
676,10,-0.28,166.66,367.57,961.89,1,-1,-1,-1
676,3,588.30,194.61,247.54,744.54,1,-1,-1,-1
677,12,1066.15,178.66,254.41,788.39,1,-1,-1,-1
677,10,-1.64,157.21,368.43,960.81,1,-1,-1,-1
677,3,575.11,181.95,242.25,746.30,1,-1,-1,-1
678,12,1053.14,181.16,251.18,783.47,1,-1,-1,-1
678,10,8.60,161.26,359.29,947.11,1,-1,-1,-1
678,3,537.22,179.18,227.03,754.64,1,-1,-1,-1
679,12,1035.23,184.61,254.24,775.91,1,-1,-1,-1
679,10,25.90,156.15,350.65,950.69,1,-1,-1,-1
679,3,493.46,163.89,233.03,760.59,1,-1,-1,-1
680,12,1020.21,183.18,257.92,771.84,1,-1,-1,-1
680,10,50.70,155.04,348.65,949.30,1,-1,-1,-1
680,3,467.66,168.39,245.54,767.28,1,-1,-1,-1
681,12,1015.30,185.67,259.50,765.44,1,-1,-1,-1
681,10,59.99,148.95,347.94,960.08,1,-1,-1,-1
681,3,425.08,181.96,280.30,759.42,1,-1,-1,-1
682,12,999.83,188.70,266.95,759.71,1,-1,-1,-1
682,10,85.39,140.48,337.07,962.32,1,-1,-1,-1
682,3,403.50,195.50,297.73,753.92,1,-1,-1,-1
683,12,988.99,196.74,265.70,741.27,1,-1,-1,-1
683,10,87.34,138.80,356.04,958.73,1,-1,-1,-1
683,3,411.47,198.93,281.94,751.41,1,-1,-1,-1
684,12,993.93,191.44,238.98,746.69,1,-1,-1,-1
684,10,119.74,133.92,332.30,959.70,1,-1,-1,-1
684,3,412.23,190.32,244.20,753.86,1,-1,-1,-1
685,12,978.67,188.72,222.32,731.93,1,-1,-1,-1
685,10,139.06,147.54,328.49,953.21,1,-1,-1,-1
685,3,387.87,185.10,239.45,755.78,1,-1,-1,-1
686,12,971.05,185.79,216.83,718.86,1,-1,-1,-1
686,10,167.31,177.98,344.73,916.46,1,-1,-1,-1
686,3,392.00,188.00,194.00,730.00,1,-1,-1,-1
687,12,956.06,188.24,218.54,711.36,1,-1,-1,-1
687,10,189.42,171.91,344.17,931.08,1,-1,-1,-1
687,3,391.39,191.64,178.48,618.73,1,-1,-1,-1
688,12,943.85,187.60,216.13,708.86,1,-1,-1,-1
688,10,215.88,164.15,338.23,939.39,1,-1,-1,-1
688,3,405.58,198.36,161.46,607.55,1,-1,-1,-1
689,12,917.32,194.78,230.11,699.75,1,-1,-1,-1
689,10,242.09,185.02,346.40,916.96,1,-1,-1,-1
689,3,355.07,162.50,192.87,526.88,1,-1,-1,-1
690,12,898.17,201.42,241.78,695.02,1,-1,-1,-1
690,10,256.72,174.27,352.48,919.79,1,-1,-1,-1
691,12,894.01,216.83,240.11,667.40,1,-1,-1,-1
691,10,269.33,166.86,361.84,936.53,1,-1,-1,-1
692,12,878.20,211.85,226.94,669.20,1,-1,-1,-1
692,10,271.45,169.69,379.83,927.86,1,-1,-1,-1
692,8,241.00,195.00,189.00,647.00,1,-1,-1,-1
693,12,872.83,213.66,229.11,659.29,1,-1,-1,-1
693,10,309.75,174.35,350.77,918.48,1,-1,-1,-1
693,8,236.48,193.80,193.87,661.45,1,-1,-1,-1
694,12,856.11,217.78,213.49,641.57,1,-1,-1,-1
694,10,346.78,163.79,332.00,929.56,1,-1,-1,-1
694,8,230.64,192.65,207.19,675.21,1,-1,-1,-1
695,12,839.58,218.87,205.35,635.22,1,-1,-1,-1
695,10,370.67,156.47,328.98,941.29,1,-1,-1,-1
695,8,228.75,189.61,223.04,699.90,1,-1,-1,-1
696,12,823.29,222.79,199.58,627.89,1,-1,-1,-1
696,10,409.71,158.75,326.17,932.08,1,-1,-1,-1
696,8,221.04,194.78,234.09,689.24,1,-1,-1,-1
697,12,808.91,225.30,202.61,617.37,1,-1,-1,-1
697,10,444.55,156.02,325.38,938.55,1,-1,-1,-1
697,8,213.74,195.97,237.04,679.87,1,-1,-1,-1
698,12,797.05,226.90,208.80,617.08,1,-1,-1,-1
698,10,472.40,163.26,329.79,932.30,1,-1,-1,-1
698,8,223.75,191.81,224.10,680.30,1,-1,-1,-1
699,12,783.82,226.71,214.31,619.60,1,-1,-1,-1
699,10,498.11,148.22,341.87,944.30,1,-1,-1,-1
699,8,221.81,197.38,218.03,677.44,1,-1,-1,-1
700,12,779.24,231.90,207.72,608.53,1,-1,-1,-1
700,10,519.46,165.95,364.36,925.91,1,-1,-1,-1
700,8,226.27,200.43,217.56,662.78,1,-1,-1,-1
701,12,777.20,233.54,190.01,601.55,1,-1,-1,-1
701,10,537.54,163.43,356.59,922.29,1,-1,-1,-1
701,8,236.66,202.80,207.59,661.55,1,-1,-1,-1
702,12,772.90,236.63,163.49,580.61,1,-1,-1,-1
702,10,567.32,177.73,355.36,899.94,1,-1,-1,-1
702,8,255.00,205.08,201.58,647.71,1,-1,-1,-1
703,12,723.96,242.11,193.32,580.61,1,-1,-1,-1
703,10,603.18,171.11,327.14,887.21,1,-1,-1,-1
703,8,269.71,206.18,190.32,631.02,1,-1,-1,-1
704,10,646.80,170.02,301.17,869.69,1,-1,-1,-1
704,8,281.25,209.62,185.07,619.90,1,-1,-1,-1
705,10,675.50,159.92,293.84,871.58,1,-1,-1,-1
705,8,292.99,211.40,180.27,615.34,1,-1,-1,-1
706,10,676.81,165.25,314.97,858.33,1,-1,-1,-1
706,8,297.94,208.90,183.66,602.05,1,-1,-1,-1
707,10,678.14,169.43,327.45,833.93,1,-1,-1,-1
707,8,316.81,211.05,180.95,602.21,1,-1,-1,-1
708,10,692.92,174.41,324.34,827.70,1,-1,-1,-1
708,9,668.00,231.00,133.00,584.00,1,-1,-1,-1
708,8,328.98,215.87,187.38,593.16,1,-1,-1,-1
709,10,744.96,175.52,298.88,820.69,1,-1,-1,-1
709,9,656.48,231.56,168.36,592.75,1,-1,-1,-1
709,8,340.39,211.28,188.09,605.51,1,-1,-1,-1
710,10,757.70,180.72,294.50,812.63,1,-1,-1,-1
710,9,649.26,233.78,166.14,593.32,1,-1,-1,-1
710,8,346.07,213.74,190.33,599.73,1,-1,-1,-1
711,10,780.63,186.00,283.61,801.11,1,-1,-1,-1
711,9,634.33,237.79,151.72,582.17,1,-1,-1,-1
711,8,352.21,211.77,188.93,593.02,1,-1,-1,-1
712,10,807.42,190.90,272.59,788.18,1,-1,-1,-1
712,9,615.67,237.92,148.27,585.75,1,-1,-1,-1
712,8,375.35,216.65,169.12,575.35,1,-1,-1,-1
713,10,820.79,185.70,264.37,787.37,1,-1,-1,-1
713,9,604.57,231.94,149.80,588.34,1,-1,-1,-1
713,8,394.56,210.35,158.08,559.55,1,-1,-1,-1
714,10,839.79,179.91,258.80,789.20,1,-1,-1,-1
714,9,579.72,235.94,171.09,593.83,1,-1,-1,-1
714,8,418.16,209.15,153.40,557.19,1,-1,-1,-1
715,10,857.32,176.42,256.31,769.16,1,-1,-1,-1
715,9,524.39,222.93,198.77,609.51,1,-1,-1,-1
715,8,434.74,212.44,159.15,566.14,1,-1,-1,-1
