1,1,2.04,400.42,106.17,421.98,1,-1,-1,-1
2,1,-0.78,411.62,107.06,415.39,1,-1,-1,-1
3,1,-2.45,413.48,97.72,418.42,1,-1,-1,-1
4,1,-4.26,416.46,105.01,419.18,1,-1,-1,-1
5,1,-2.47,417.74,106.92,412.66,1,-1,-1,-1
6,1,-0.70,418.54,105.22,410.75,1,-1,-1,-1
7,1,-2.54,415.70,103.48,416.88,1,-1,-1,-1
8,1,-3.54,408.09,98.59,426.44,1,-1,-1,-1
9,1,-3.58,413.85,103.87,423.50,1,-1,-1,-1
10,1,-3.63,408.64,104.31,429.55,1,-1,-1,-1
11,1,-3.94,419.20,109.52,426.36,1,-1,-1,-1
12,1,-4.17,423.44,104.69,417.48,1,-1,-1,-1
13,1,-3.34,414.84,105.66,419.79,1,-1,-1,-1
14,1,-7.19,420.21,105.70,419.79,1,-1,-1,-1
15,1,-3.21,417.51,103.77,419.98,1,-1,-1,-1
16,1,-4.01,418.78,102.36,422.06,1,-1,-1,-1
17,1,-4.89,423.57,105.66,415.92,1,-1,-1,-1
18,1,-4.12,413.75,103.95,423.01,1,-1,-1,-1
19,1,-4.24,422.11,103.77,408.18,1,-1,-1,-1
20,1,-2.99,416.01,100.66,421.27,1,-1,-1,-1
21,1,-2.47,421.18,105.08,418.13,1,-1,-1,-1
22,1,-0.90,414.02,104.79,427.96,1,-1,-1,-1
23,1,2.74,433.48,118.16,407.29,1,-1,-1,-1
24,1,7.09,433.89,126.41,401.76,1,-1,-1,-1
25,1,7.87,422.50,135.80,399.48,1,-1,-1,-1
26,1,9.78,413.02,140.39,406.52,1,-1,-1,-1
27,1,9.06,363.88,166.19,452.99,1,-1,-1,-1
28,1,15.24,321.88,174.95,503.38,1,-1,-1,-1
29,1,20.46,292.09,184.25,529.74,1,-1,-1,-1
30,1,24.82,272.94,185.05,549.49,1,-1,-1,-1
31,1,32.39,270.03,185.02,555.27,1,-1,-1,-1
32,1,38.99,264.51,185.91,567.73,1,-1,-1,-1
33,1,45.14,265.65,190.79,577.05,1,-1,-1,-1
34,1,31.21,256.08,186.83,591.08,1,-1,-1,-1
35,1,1.45,260.29,186.42,585.94,1,-1,-1,-1
36,1,1.51,267.47,199.08,578.96,1,-1,-1,-1
37,1,0.40,266.88,231.75,578.41,1,-1,-1,-1
38,1,11.64,269.29,238.69,572.91,1,-1,-1,-1
39,1,16.36,269.75,238.87,572.87,1,-1,-1,-1
40,1,22.07,266.93,235.57,575.92,1,-1,-1,-1
41,1,26.90,259.14,226.50,587.48,1,-1,-1,-1
42,2,66.25,245.84,306.46,594.28,1,-1,-1,-1
42,1,0.92,277.61,147.92,587.48,1,-1,-1,-1
43,2,82.94,244.31,304.65,598.45,1,-1,-1,-1
43,1,-10.90,293.73,147.92,587.48,1,-1,-1,-1
44,2,93.32,243.86,306.88,600.76,1,-1,-1,-1
44,1,-10.60,308.36,145.24,576.87,1,-1,-1,-1
45,2,113.67,241.06,301.61,602.25,1,-1,-1,-1
45,1,-11.65,315.74,145.24,576.87,1,-1,-1,-1
46,2,126.80,239.34,319.09,602.18,1,-1,-1,-1
46,1,-14.82,321.01,145.24,576.87,1,-1,-1,-1
47,2,147.18,242.03,315.93,600.03,1,-1,-1,-1
47,1,-13.76,328.40,145.24,576.87,1,-1,-1,-1
48,2,163.61,244.35,305.63,600.35,1,-1,-1,-1
48,1,-14.82,335.78,145.24,576.87,1,-1,-1,-1
49,2,198.05,250.10,286.84,600.92,1,-1,-1,-1
49,1,-17.98,341.06,145.24,576.87,1,-1,-1,-1
50,2,224.41,241.59,275.18,605.96,1,-1,-1,-1
50,1,-12.71,342.11,145.24,576.87,1,-1,-1,-1
51,2,246.23,242.59,273.32,604.07,1,-1,-1,-1
51,1,-17.98,343.17,145.24,576.87,1,-1,-1,-1
52,2,253.36,245.74,269.17,601.44,1,-1,-1,-1
52,1,-12.71,337.89,145.24,576.87,1,-1,-1,-1
53,2,285.47,246.10,268.98,600.43,1,-1,-1,-1
53,1,-17.98,341.06,145.24,576.87,1,-1,-1,-1
54,2,291.04,244.60,286.73,607.58,1,-1,-1,-1
54,1,-12.71,342.11,145.24,576.87,1,-1,-1,-1
55,2,312.99,248.69,296.61,595.38,1,-1,-1,-1
55,1,-17.98,332.62,145.24,576.87,1,-1,-1,-1
56,2,328.44,246.57,292.36,600.35,1,-1,-1,-1
56,1,-12.71,342.11,145.24,576.87,1,-1,-1,-1
57,2,345.75,241.95,287.37,600.15,1,-1,-1,-1
57,1,-17.98,332.62,145.24,576.87,1,-1,-1,-1
58,2,363.29,245.24,293.08,596.97,1,-1,-1,-1
58,1,-12.71,342.11,145.24,576.87,1,-1,-1,-1
59,2,391.17,242.85,283.84,594.90,1,-1,-1,-1
59,1,-17.98,336.84,145.24,576.87,1,-1,-1,-1
60,2,417.38,243.58,273.19,588.82,1,-1,-1,-1
60,1,-12.71,340.00,145.24,576.87,1,-1,-1,-1
61,2,426.87,235.74,270.05,595.32,1,-1,-1,-1
61,1,-17.98,332.62,145.24,576.87,1,-1,-1,-1
62,2,447.01,225.58,259.22,597.54,1,-1,-1,-1
63,2,466.35,223.17,257.69,607.59,1,-1,-1,-1
64,2,480.49,222.28,249.74,612.93,1,-1,-1,-1
65,2,500.92,236.23,275.82,599.25,1,-1,-1,-1
66,2,516.26,241.85,289.64,587.59,1,-1,-1,-1
67,2,544.67,243.27,282.41,590.58,1,-1,-1,-1
68,2,566.89,247.14,279.40,581.68,1,-1,-1,-1
69,2,578.39,250.01,270.09,575.72,1,-1,-1,-1
70,2,608.63,236.60,252.95,586.82,1,-1,-1,-1
71,2,621.77,233.03,250.45,591.87,1,-1,-1,-1
72,2,627.46,228.03,261.06,604.15,1,-1,-1,-1
73,2,640.44,232.40,268.70,611.19,1,-1,-1,-1
74,2,644.86,231.10,279.75,611.75,1,-1,-1,-1
75,2,662.25,230.17,292.16,620.23,1,-1,-1,-1
76,2,677.94,232.69,291.98,628.75,1,-1,-1,-1
77,2,699.54,228.11,285.18,640.78,1,-1,-1,-1
78,2,720.63,234.44,281.61,638.65,1,-1,-1,-1
79,2,745.03,223.69,278.40,644.10,1,-1,-1,-1
80,2,753.50,213.02,279.66,650.58,1,-1,-1,-1
81,2,774.12,215.82,291.64,653.15,1,-1,-1,-1
82,2,805.44,210.09,301.83,668.66,1,-1,-1,-1
83,2,818.50,216.03,326.94,665.70,1,-1,-1,-1
84,2,842.84,218.67,315.79,671.36,1,-1,-1,-1
85,2,856.98,219.44,319.82,681.85,1,-1,-1,-1
86,2,868.49,221.61,310.58,684.37,1,-1,-1,-1
87,2,885.88,219.77,300.26,694.69,1,-1,-1,-1
88,2,911.87,212.55,287.80,703.09,1,-1,-1,-1
89,2,946.63,210.35,274.48,703.50,1,-1,-1,-1
90,2,970.63,212.09,268.20,717.33,1,-1,-1,-1
91,2,988.95,195.62,286.77,753.11,1,-1,-1,-1
92,2,997.75,186.30,328.52,772.48,1,-1,-1,-1
93,2,1002.26,192.68,334.51,764.57,1,-1,-1,-1
94,2,1014.68,201.23,346.58,773.25,1,-1,-1,-1
95,2,1030.97,193.08,339.53,780.41,1,-1,-1,-1
96,2,1050.64,186.65,329.38,788.44,1,-1,-1,-1
97,2,1096.28,179.54,308.38,792.58,1,-1,-1,-1
98,2,1110.63,165.74,307.24,804.40,1,-1,-1,-1
99,2,1145.93,168.96,315.83,801.62,1,-1,-1,-1
100,2,1159.10,153.10,322.85,822.71,1,-1,-1,-1
101,2,1175.77,163.30,358.34,816.13,1,-1,-1,-1
102,2,1192.56,176.33,366.92,806.85,1,-1,-1,-1
103,2,1218.30,190.95,356.63,791.78,1,-1,-1,-1
104,2,1264.75,186.97,342.31,780.35,1,-1,-1,-1
105,2,1284.10,176.83,339.79,766.30,1,-1,-1,-1
106,2,1294.99,175.27,329.69,762.51,1,-1,-1,-1
107,2,1303.85,169.88,332.22,782.36,1,-1,-1,-1
108,2,1305.43,172.63,342.31,776.60,1,-1,-1,-1
109,2,1302.82,173.57,339.68,776.91,1,-1,-1,-1
110,2,1303.04,174.22,325.66,771.25,1,-1,-1,-1
111,2,1302.46,174.24,327.35,771.59,1,-1,-1,-1
112,2,1302.86,181.54,324.40,757.18,1,-1,-1,-1
113,2,1307.20,179.32,316.96,745.10,1,-1,-1,-1
114,2,1296.51,181.67,315.95,730.04,1,-1,-1,-1
115,2,1285.52,179.59,315.01,713.11,1,-1,-1,-1
116,2,1283.95,183.24,303.42,714.95,1,-1,-1,-1
117,2,1277.52,181.88,303.44,714.61,1,-1,-1,-1
118,2,1267.22,183.88,304.24,700.24,1,-1,-1,-1
119,2,1252.70,195.01,313.07,679.28,1,-1,-1,-1
120,2,1237.94,206.35,323.47,661.37,1,-1,-1,-1
121,2,1224.92,206.72,314.16,652.36,1,-1,-1,-1
122,2,1219.41,206.43,311.50,646.44,1,-1,-1,-1
123,2,1199.88,199.21,296.29,657.68,1,-1,-1,-1
124,2,1184.01,198.79,281.23,655.27,1,-1,-1,-1
125,2,1167.71,201.90,259.71,646.84,1,-1,-1,-1
126,2,1146.69,205.29,258.51,636.87,1,-1,-1,-1
127,2,1110.23,196.92,281.23,652.22,1,-1,-1,-1
128,2,1088.47,201.16,297.61,649.67,1,-1,-1,-1
129,2,1056.34,213.30,317.28,640.08,1,-1,-1,-1
130,2,1040.48,206.70,321.16,655.20,1,-1,-1,-1
131,2,1017.73,215.62,318.90,644.01,1,-1,-1,-1
132,2,1015.00,216.54,290.68,645.03,1,-1,-1,-1
133,2,1008.86,216.14,268.19,648.57,1,-1,-1,-1
134,2,1011.36,216.30,253.87,637.46,1,-1,-1,-1
135,2,975.29,205.31,247.05,655.08,1,-1,-1,-1
136,2,957.95,210.93,251.79,655.37,1,-1,-1,-1
137,2,939.35,214.13,266.64,666.36,1,-1,-1,-1
138,2,928.56,216.92,281.52,675.52,1,-1,-1,-1
139,2,908.03,218.33,294.80,691.03,1,-1,-1,-1
140,2,897.28,209.38,283.92,709.47,1,-1,-1,-1
141,2,864.80,202.79,292.04,723.23,1,-1,-1,-1
142,2,864.13,204.93,282.63,738.09,1,-1,-1,-1
143,2,854.90,202.22,290.49,746.53,1,-1,-1,-1
144,2,833.36,197.78,303.11,760.49,1,-1,-1,-1
145,2,809.19,196.65,315.14,764.92,1,-1,-1,-1
145,1,0.00,283.00,163.00,516.00,1,-1,-1,-1
146,2,798.46,195.65,321.21,777.59,1,-1,-1,-1
146,1,0.51,275.96,168.74,518.09,1,-1,-1,-1
147,2,782.21,193.79,329.59,802.18,1,-1,-1,-1
147,1,10.15,274.42,168.22,523.36,1,-1,-1,-1
148,2,776.07,190.95,323.36,838.02,1,-1,-1,-1
148,1,13.54,261.72,172.98,529.86,1,-1,-1,-1
149,2,770.42,185.81,324.14,846.93,1,-1,-1,-1
149,1,21.85,263.07,173.97,535.52,1,-1,-1,-1
150,2,761.02,187.80,331.58,844.76,1,-1,-1,-1
150,1,23.69,248.57,193.94,546.67,1,-1,-1,-1
151,2,752.94,176.53,334.95,854.80,1,-1,-1,-1
151,1,27.29,239.46,195.82,564.29,1,-1,-1,-1
152,2,729.31,170.49,334.84,860.65,1,-1,-1,-1
152,1,33.13,238.59,210.42,574.83,1,-1,-1,-1
153,2,716.84,163.51,342.46,873.90,1,-1,-1,-1
153,1,38.95,239.76,231.08,572.16,1,-1,-1,-1
154,2,706.18,165.75,354.62,882.48,1,-1,-1,-1
154,1,48.44,247.02,238.47,561.31,1,-1,-1,-1
155,2,687.50,158.34,369.39,898.82,1,-1,-1,-1
155,1,71.89,234.15,220.08,573.97,1,-1,-1,-1
156,2,662.89,160.56,381.00,907.03,1,-1,-1,-1
156,1,116.43,241.22,203.34,569.48,1,-1,-1,-1
157,2,641.61,163.33,376.83,907.44,1,-1,-1,-1
157,1,132.70,243.08,200.02,569.91,1,-1,-1,-1
158,3,139.43,239.03,217.10,560.96,1,-1,-1,-1
158,2,632.03,172.19,373.79,893.48,1,-1,-1,-1
159,3,162.92,233.59,217.02,565.03,1,-1,-1,-1
159,2,607.93,169.80,376.43,894.93,1,-1,-1,-1
160,3,188.17,231.08,222.98,563.54,1,-1,-1,-1
160,2,589.45,164.84,370.65,901.36,1,-1,-1,-1
161,3,205.24,232.22,250.76,559.65,1,-1,-1,-1
161,2,558.58,167.48,376.78,897.88,1,-1,-1,-1
162,3,229.31,241.79,245.54,559.62,1,-1,-1,-1
162,2,531.01,162.86,361.62,895.13,1,-1,-1,-1
163,3,235.01,237.44,243.92,563.36,1,-1,-1,-1
163,2,523.89,159.95,355.58,908.65,1,-1,-1,-1
164,3,258.73,234.93,236.57,567.44,1,-1,-1,-1
164,2,486.10,162.86,369.68,901.02,1,-1,-1,-1
165,3,286.81,228.05,226.22,569.47,1,-1,-1,-1
165,2,464.05,165.13,382.43,909.18,1,-1,-1,-1
166,3,296.92,223.02,222.81,566.96,1,-1,-1,-1
166,2,420.66,166.71,408.66,910.45,1,-1,-1,-1
167,3,310.30,221.21,206.95,562.62,1,-1,-1,-1
167,2,403.56,171.84,400.62,902.38,1,-1,-1,-1
168,3,319.34,217.25,192.43,561.60,1,-1,-1,-1
168,2,371.19,184.44,405.22,894.80,1,-1,-1,-1
169,3,321.44,220.64,217.62,561.60,1,-1,-1,-1
169,2,332.38,195.81,391.21,889.68,1,-1,-1,-1
170,2,316.83,183.24,384.52,901.41,1,-1,-1,-1
171,2,295.18,175.12,382.96,902.13,1,-1,-1,-1
172,2,272.53,179.52,392.64,896.64,1,-1,-1,-1
173,2,258.65,171.35,400.26,896.20,1,-1,-1,-1
174,2,238.56,170.77,417.88,900.02,1,-1,-1,-1
175,4,509.36,228.73,159.94,524.15,1,-1,-1,-1
175,2,223.21,183.39,418.50,889.48,1,-1,-1,-1
176,4,512.04,212.65,176.92,568.78,1,-1,-1,-1
176,2,206.50,185.52,414.63,882.91,1,-1,-1,-1
177,4,514.27,208.10,202.20,594.93,1,-1,-1,-1
177,2,191.68,185.05,410.81,888.45,1,-1,-1,-1
178,4,522.86,211.57,217.12,596.14,1,-1,-1,-1
178,2,186.00,181.00,389.00,879.00,1,-1,-1,-1
179,4,543.94,214.51,210.29,595.84,1,-1,-1,-1
179,2,183.52,177.38,395.59,886.05,1,-1,-1,-1
180,4,550.99,211.09,209.60,596.69,1,-1,-1,-1
180,2,181.30,174.17,401.12,882.69,1,-1,-1,-1
181,4,579.50,211.14,193.04,591.10,1,-1,-1,-1
181,2,186.62,175.48,408.81,887.02,1,-1,-1,-1
182,4,603.76,209.54,180.48,592.39,1,-1,-1,-1
182,2,199.00,172.22,398.95,881.11,1,-1,-1,-1
183,4,625.01,207.12,179.68,587.59,1,-1,-1,-1
183,2,230.41,178.68,375.06,863.86,1,-1,-1,-1
184,4,643.17,207.83,190.21,577.96,1,-1,-1,-1
184,2,249.52,174.76,355.72,849.77,1,-1,-1,-1
185,4,662.30,208.56,184.97,585.16,1,-1,-1,-1
185,2,264.83,177.86,345.05,844.20,1,-1,-1,-1
186,4,679.35,212.39,189.39,580.79,1,-1,-1,-1
186,2,297.02,183.59,330.06,831.19,1,-1,-1,-1
187,4,690.57,212.58,207.59,581.23,1,-1,-1,-1
187,2,316.53,184.86,321.81,819.08,1,-1,-1,-1
188,4,706.03,216.40,205.78,576.08,1,-1,-1,-1
188,2,332.16,189.11,310.88,808.36,1,-1,-1,-1
189,4,730.31,217.02,192.45,575.02,1,-1,-1,-1
189,2,369.37,192.93,293.01,790.61,1,-1,-1,-1
190,4,742.74,209.44,184.42,576.78,1,-1,-1,-1
190,2,383.25,190.82,287.32,788.29,1,-1,-1,-1
191,4,765.51,203.66,178.30,575.58,1,-1,-1,-1
191,2,402.81,194.35,286.90,785.30,1,-1,-1,-1
192,4,791.57,199.68,172.98,570.70,1,-1,-1,-1
192,2,409.19,189.04,306.67,781.70,1,-1,-1,-1
193,4,808.72,194.95,175.08,576.75,1,-1,-1,-1
193,2,426.56,198.65,336.02,778.19,1,-1,-1,-1
194,4,814.37,197.20,178.02,583.23,1,-1,-1,-1
194,2,445.54,207.09,349.71,770.54,1,-1,-1,-1
195,4,829.28,203.24,184.86,577.19,1,-1,-1,-1
195,2,469.36,203.81,352.49,774.70,1,-1,-1,-1
196,4,845.30,207.01,189.36,571.26,1,-1,-1,-1
196,2,484.39,195.67,344.59,792.18,1,-1,-1,-1
197,4,858.74,211.68,189.06,563.90,1,-1,-1,-1
197,2,504.22,195.60,327.88,788.34,1,-1,-1,-1
198,4,868.52,214.30,190.34,567.57,1,-1,-1,-1
198,2,510.18,199.97,326.79,780.05,1,-1,-1,-1
199,4,881.96,208.98,187.46,569.24,1,-1,-1,-1
199,2,551.56,189.91,295.35,789.29,1,-1,-1,-1
200,4,893.67,204.68,192.70,579.56,1,-1,-1,-1
200,2,577.57,175.70,295.38,805.90,1,-1,-1,-1
201,4,909.76,202.21,190.27,590.35,1,-1,-1,-1
201,2,606.69,181.52,284.62,799.94,1,-1,-1,-1
202,4,917.08,201.73,192.78,591.40,1,-1,-1,-1
202,2,619.29,187.40,277.13,802.42,1,-1,-1,-1
203,4,934.52,203.16,196.81,587.79,1,-1,-1,-1
203,2,642.88,185.95,273.21,808.89,1,-1,-1,-1
204,4,952.09,199.62,197.99,602.22,1,-1,-1,-1
204,2,660.08,181.39,288.98,829.47,1,-1,-1,-1
205,4,975.66,199.04,192.84,593.96,1,-1,-1,-1
205,2,683.70,184.22,319.53,830.50,1,-1,-1,-1
206,4,1001.52,207.22,182.46,581.61,1,-1,-1,-1
206,2,702.36,185.61,315.56,839.31,1,-1,-1,-1
207,4,1029.41,203.64,168.03,581.27,1,-1,-1,-1
207,2,721.91,185.96,303.39,832.98,1,-1,-1,-1
208,4,1048.84,192.73,168.18,577.63,1,-1,-1,-1
208,2,757.07,178.46,291.22,852.54,1,-1,-1,-1
209,4,1064.16,189.05,167.83,575.18,1,-1,-1,-1
209,2,775.78,174.41,293.68,860.76,1,-1,-1,-1
210,4,1078.58,183.54,165.67,582.10,1,-1,-1,-1
210,2,783.34,178.68,298.64,858.42,1,-1,-1,-1
211,4,1082.52,186.17,202.55,585.02,1,-1,-1,-1
211,2,810.29,176.26,319.53,852.66,1,-1,-1,-1
212,4,1098.28,192.50,203.92,580.12,1,-1,-1,-1
212,2,824.05,166.60,344.00,871.91,1,-1,-1,-1
213,4,1119.78,196.44,196.78,589.05,1,-1,-1,-1
213,2,839.69,170.26,364.41,869.62,1,-1,-1,-1
214,4,1134.49,194.79,193.99,592.91,1,-1,-1,-1
214,2,844.76,172.52,367.30,868.19,1,-1,-1,-1
215,4,1149.04,203.51,193.60,590.87,1,-1,-1,-1
215,2,873.02,182.45,361.83,864.45,1,-1,-1,-1
216,4,1164.74,200.07,189.24,596.65,1,-1,-1,-1
216,2,896.27,196.32,348.79,835.13,1,-1,-1,-1
217,4,1171.36,193.86,195.85,603.28,1,-1,-1,-1
217,2,919.85,188.28,347.11,835.25,1,-1,-1,-1
218,4,1176.29,189.31,204.79,612.86,1,-1,-1,-1
218,2,927.04,184.32,374.30,826.35,1,-1,-1,-1
219,4,1202.00,196.00,207.00,619.00,1,-1,-1,-1
219,2,934.36,179.87,387.73,839.92,1,-1,-1,-1
220,4,1214.87,194.89,213.77,633.72,1,-1,-1,-1
220,2,948.18,178.22,401.52,837.64,1,-1,-1,-1
221,4,1231.45,198.17,211.64,634.07,1,-1,-1,-1
221,2,952.00,182.00,438.00,835.00,1,-1,-1,-1
222,4,1247.41,192.72,211.17,628.85,1,-1,-1,-1
222,2,964.84,187.09,425.90,826.01,1,-1,-1,-1
223,4,1266.82,189.91,210.19,634.78,1,-1,-1,-1
223,2,980.05,187.27,403.44,825.05,1,-1,-1,-1
224,4,1274.70,192.69,217.43,631.37,1,-1,-1,-1
224,2,992.48,180.69,399.07,829.09,1,-1,-1,-1
225,4,1277.53,180.87,227.01,650.34,1,-1,-1,-1
225,2,1001.45,181.93,407.09,820.92,1,-1,-1,-1
226,4,1279.31,178.80,237.09,657.00,1,-1,-1,-1
226,2,1007.77,184.37,405.49,811.57,1,-1,-1,-1
227,4,1285.04,175.19,248.83,675.95,1,-1,-1,-1
227,2,1010.70,181.81,413.48,800.76,1,-1,-1,-1
228,4,1296.01,181.96,257.63,685.31,1,-1,-1,-1
228,2,1029.60,188.58,393.72,787.42,1,-1,-1,-1
229,4,1305.97,175.88,247.73,701.62,1,-1,-1,-1
229,2,1043.31,191.40,381.62,772.52,1,-1,-1,-1
230,4,1323.19,167.59,243.93,723.24,1,-1,-1,-1
230,2,1046.98,203.22,366.17,747.90,1,-1,-1,-1
231,4,1324.90,166.87,251.02,726.88,1,-1,-1,-1
231,2,1048.89,206.28,357.30,733.42,1,-1,-1,-1
232,4,1331.42,161.32,252.97,724.10,1,-1,-1,-1
232,2,1043.66,214.71,349.09,716.98,1,-1,-1,-1
233,4,1339.92,163.54,251.80,722.23,1,-1,-1,-1
233,2,1048.56,221.30,337.09,715.70,1,-1,-1,-1
234,4,1351.89,166.71,248.18,724.40,1,-1,-1,-1
234,2,1034.54,214.10,333.28,724.41,1,-1,-1,-1
235,4,1355.99,160.06,242.46,732.04,1,-1,-1,-1
235,2,1027.34,223.29,327.62,697.37,1,-1,-1,-1
236,4,1358.58,151.91,236.41,746.54,1,-1,-1,-1
236,2,1020.70,229.40,326.02,679.94,1,-1,-1,-1
237,4,1354.30,157.20,238.33,750.98,1,-1,-1,-1
237,2,1002.70,226.02,325.38,672.13,1,-1,-1,-1
238,4,1353.11,163.64,233.03,762.36,1,-1,-1,-1
238,2,995.38,222.57,313.52,659.04,1,-1,-1,-1
239,4,1348.70,151.75,228.92,776.23,1,-1,-1,-1
239,2,989.42,230.30,304.52,649.87,1,-1,-1,-1
240,4,1333.90,155.37,236.05,786.93,1,-1,-1,-1
240,2,981.57,223.17,300.47,659.28,1,-1,-1,-1
241,4,1313.03,153.91,251.96,792.96,1,-1,-1,-1
241,2,975.20,222.64,302.19,658.44,1,-1,-1,-1
242,4,1305.34,156.23,253.90,784.17,1,-1,-1,-1
242,2,970.82,226.61,307.30,652.14,1,-1,-1,-1
243,4,1291.84,153.73,262.80,776.82,1,-1,-1,-1
243,2,972.97,225.90,304.21,657.68,1,-1,-1,-1
244,4,1278.24,153.26,262.55,782.81,1,-1,-1,-1
244,2,968.70,227.14,305.96,654.88,1,-1,-1,-1
245,4,1258.64,154.74,258.62,783.34,1,-1,-1,-1
245,2,973.37,226.70,299.69,641.99,1,-1,-1,-1
246,4,1243.95,152.15,254.26,796.20,1,-1,-1,-1
246,2,980.55,224.21,294.69,640.26,1,-1,-1,-1
247,4,1226.93,151.80,266.57,799.29,1,-1,-1,-1
247,2,977.53,227.29,289.14,631.47,1,-1,-1,-1
248,4,1198.25,164.82,290.06,796.87,1,-1,-1,-1
248,2,978.74,223.90,282.13,616.80,1,-1,-1,-1
249,4,1181.08,165.33,292.47,796.39,1,-1,-1,-1
249,2,968.61,231.52,280.03,598.73,1,-1,-1,-1
250,4,1159.86,164.65,284.95,791.05,1,-1,-1,-1
250,2,958.23,229.79,269.67,593.26,1,-1,-1,-1
251,4,1126.89,158.86,276.55,796.47,1,-1,-1,-1
251,2,954.29,214.10,312.04,633.62,1,-1,-1,-1
252,4,1126.39,150.86,249.40,811.43,1,-1,-1,-1
252,2,935.66,227.07,280.74,601.63,1,-1,-1,-1
253,4,1096.97,161.81,260.17,793.11,1,-1,-1,-1
253,2,940.14,205.97,322.95,643.26,1,-1,-1,-1
254,4,1082.06,162.82,246.85,782.65,1,-1,-1,-1
254,2,919.16,222.92,276.65,613.60,1,-1,-1,-1
255,4,1036.35,160.46,279.01,787.94,1,-1,-1,-1
255,2,906.33,230.64,256.05,590.72,1,-1,-1,-1
256,4,1031.35,158.68,272.27,795.06,1,-1,-1,-1
256,2,909.46,235.11,251.83,574.95,1,-1,-1,-1
257,4,1003.61,161.16,296.59,792.42,1,-1,-1,-1
257,2,895.99,229.54,248.17,568.90,1,-1,-1,-1
258,4,995.57,175.16,272.99,778.32,1,-1,-1,-1
258,2,877.88,223.89,236.83,574.47,1,-1,-1,-1
259,4,955.31,178.72,271.46,764.04,1,-1,-1,-1
259,2,865.95,228.64,228.74,564.48,1,-1,-1,-1
260,4,926.24,180.01,260.32,757.37,1,-1,-1,-1
260,2,866.59,232.36,233.20,543.38,1,-1,-1,-1
261,4,910.07,173.58,262.73,760.23,1,-1,-1,-1
261,2,844.23,245.38,285.03,543.38,1,-1,-1,-1
262,4,879.54,173.00,269.53,754.56,1,-1,-1,-1
262,2,826.61,250.75,231.93,531.36,1,-1,-1,-1
263,4,859.95,172.26,276.31,760.00,1,-1,-1,-1
263,2,803.88,234.22,239.49,543.06,1,-1,-1,-1
264,4,837.76,187.45,286.63,750.51,1,-1,-1,-1
264,2,772.82,240.20,284.86,543.06,1,-1,-1,-1
265,4,812.91,178.96,306.06,764.23,1,-1,-1,-1
265,2,768.98,259.38,284.86,543.06,1,-1,-1,-1
266,4,800.32,174.35,298.87,780.46,1,-1,-1,-1
266,2,762.59,268.33,284.86,543.06,1,-1,-1,-1
267,4,777.80,192.06,278.85,758.15,1,-1,-1,-1
268,4,769.92,191.23,247.60,747.50,1,-1,-1,-1
269,4,766.26,188.03,237.68,758.98,1,-1,-1,-1
270,4,746.76,188.55,239.81,776.95,1,-1,-1,-1
271,4,729.25,180.67,243.67,779.39,1,-1,-1,-1
272,4,707.71,167.64,250.82,776.23,1,-1,-1,-1
273,4,672.73,189.60,278.11,759.76,1,-1,-1,-1
274,4,663.91,201.52,279.51,753.07,1,-1,-1,-1
275,4,649.22,205.49,289.14,748.67,1,-1,-1,-1
276,4,623.04,205.69,302.31,746.21,1,-1,-1,-1
276,3,736.00,236.00,210.00,560.00,1,-1,-1,-1
277,4,589.79,200.97,278.04,752.19,1,-1,-1,-1
277,3,740.80,235.28,212.63,573.57,1,-1,-1,-1
278,4,567.97,193.85,257.67,753.45,1,-1,-1,-1
278,3,742.98,233.57,214.44,573.55,1,-1,-1,-1
279,4,539.85,183.38,252.24,756.02,1,-1,-1,-1
279,3,746.22,229.03,218.83,587.38,1,-1,-1,-1
280,4,513.98,175.97,256.15,754.44,1,-1,-1,-1
280,3,748.89,231.11,218.94,589.29,1,-1,-1,-1
281,4,497.89,186.22,254.15,749.67,1,-1,-1,-1
281,3,752.53,231.58,217.34,601.59,1,-1,-1,-1
282,4,484.40,194.78,261.00,752.32,1,-1,-1,-1
282,3,758.93,235.33,219.80,603.89,1,-1,-1,-1
283,4,469.39,194.69,271.33,761.65,1,-1,-1,-1
283,3,760.10,232.58,222.65,611.55,1,-1,-1,-1
284,4,448.61,193.84,285.42,779.85,1,-1,-1,-1
284,3,770.98,232.57,219.89,623.46,1,-1,-1,-1
285,4,426.67,203.53,287.10,776.34,1,-1,-1,-1
285,3,772.97,232.61,223.09,642.23,1,-1,-1,-1
286,4,394.01,197.69,261.35,780.64,1,-1,-1,-1
286,3,772.09,228.81,229.00,651.76,1,-1,-1,-1
287,4,364.09,192.37,258.48,787.46,1,-1,-1,-1
287,3,775.14,226.68,233.01,654.16,1,-1,-1,-1
288,4,345.03,192.02,268.12,784.36,1,-1,-1,-1
288,3,776.54,227.42,234.03,650.20,1,-1,-1,-1
289,4,324.35,183.05,272.00,794.31,1,-1,-1,-1
289,3,780.31,218.37,232.17,669.89,1,-1,-1,-1
290,4,284.05,165.09,292.95,799.55,1,-1,-1,-1
290,3,783.47,213.11,234.58,689.44,1,-1,-1,-1
291,4,278.33,169.96,285.38,792.03,1,-1,-1,-1
291,3,782.32,215.18,249.22,686.99,1,-1,-1,-1
292,4,273.00,176.00,275.56,797.22,1,-1,-1,-1
292,3,787.57,218.58,253.83,689.16,1,-1,-1,-1
293,4,265.66,170.98,282.40,816.43,1,-1,-1,-1
293,3,792.41,223.78,254.96,684.34,1,-1,-1,-1
294,4,242.82,172.95,293.70,835.77,1,-1,-1,-1
294,3,802.66,220.61,253.27,704.38,1,-1,-1,-1
295,4,202.79,166.77,319.57,864.13,1,-1,-1,-1
295,3,805.39,219.34,252.03,711.93,1,-1,-1,-1
296,4,182.40,174.81,313.20,862.97,1,-1,-1,-1
296,3,819.61,212.39,242.05,726.35,1,-1,-1,-1
297,4,150.00,158.00,326.00,896.00,1,-1,-1,-1
297,3,828.50,215.20,252.85,726.90,1,-1,-1,-1
298,4,123.54,145.80,343.32,906.08,1,-1,-1,-1
298,3,840.72,215.83,259.94,727.40,1,-1,-1,-1
299,4,106.36,143.34,356.69,910.83,1,-1,-1,-1
299,3,844.18,205.45,258.57,742.83,1,-1,-1,-1
300,4,82.28,132.63,367.88,918.19,1,-1,-1,-1
300,3,862.75,197.41,261.99,764.30,1,-1,-1,-1
301,4,92.03,124.72,348.50,933.89,1,-1,-1,-1
301,3,873.44,200.04,265.50,765.09,1,-1,-1,-1
302,4,68.72,126.77,361.89,930.97,1,-1,-1,-1
302,3,887.29,197.05,265.10,794.31,1,-1,-1,-1
303,4,64.57,129.91,361.55,924.58,1,-1,-1,-1
303,3,892.67,208.56,276.32,787.45,1,-1,-1,-1
304,4,49.52,132.10,372.73,922.99,1,-1,-1,-1
304,3,905.02,191.19,278.28,809.12,1,-1,-1,-1
305,4,34.10,144.23,400.47,921.04,1,-1,-1,-1
305,3,916.85,188.80,284.88,825.03,1,-1,-1,-1
306,4,36.64,128.20,387.91,937.91,1,-1,-1,-1
306,3,940.06,178.00,282.95,857.96,1,-1,-1,-1
307,4,44.65,126.01,397.20,938.10,1,-1,-1,-1
307,3,951.78,172.69,295.40,866.17,1,-1,-1,-1
308,4,40.65,120.92,445.96,939.41,1,-1,-1,-1
308,3,965.80,183.31,305.54,859.19,1,-1,-1,-1
309,5,1.21,292.28,135.90,506.94,1,-1,-1,-1
309,4,52.69,133.95,432.25,943.87,1,-1,-1,-1
309,3,978.41,172.27,313.71,870.30,1,-1,-1,-1
310,5,8.47,320.17,135.00,506.00,1,-1,-1,-1
310,4,39.94,117.60,420.08,949.13,1,-1,-1,-1
310,3,994.11,168.77,332.47,876.70,1,-1,-1,-1
311,5,2.16,293.31,131.34,503.92,1,-1,-1,-1
311,4,36.72,117.93,408.63,958.95,1,-1,-1,-1
311,3,1006.51,171.74,341.14,877.57,1,-1,-1,-1
312,5,-2.68,284.40,120.43,473.03,1,-1,-1,-1
312,4,37.05,119.31,433.20,957.71,1,-1,-1,-1
312,3,1018.16,166.93,343.53,888.54,1,-1,-1,-1
313,5,-8.17,276.59,126.20,473.03,1,-1,-1,-1
313,4,38.16,113.32,414.55,966.93,1,-1,-1,-1
313,3,1037.79,176.49,328.87,877.43,1,-1,-1,-1
314,5,-9.05,289.79,126.20,473.03,1,-1,-1,-1
314,4,19.43,116.82,398.53,980.52,1,-1,-1,-1
314,3,1042.34,175.52,330.97,886.64,1,-1,-1,-1
315,6,1037.89,156.78,290.99,344.40,1,-1,-1,-1
315,5,-20.49,297.71,126.20,473.03,1,-1,-1,-1
315,4,11.99,117.82,385.38,986.22,1,-1,-1,-1
315,3,1056.17,181.93,326.12,876.10,1,-1,-1,-1
316,6,1040.99,154.00,290.00,344.00,1,-1,-1,-1
316,4,5.00,82.00,451.00,981.00,1,-1,-1,-1
316,3,1062.29,174.82,332.41,877.53,1,-1,-1,-1
317,6,1047.96,149.02,290.00,344.00,1,-1,-1,-1
317,4,-6.56,76.06,474.16,993.24,1,-1,-1,-1
317,3,1086.80,164.59,312.95,886.02,1,-1,-1,-1
318,4,3.64,75.35,486.94,1010.93,1,-1,-1,-1
318,3,1070.15,149.51,327.44,901.48,1,-1,-1,-1
319,4,-5.10,90.01,504.63,999.21,1,-1,-1,-1
319,3,1066.68,155.30,333.43,880.64,1,-1,-1,-1
320,4,-2.89,81.69,505.93,1012.34,1,-1,-1,-1
320,3,1085.59,158.94,319.67,885.21,1,-1,-1,-1
321,4,3.79,77.93,516.53,1007.49,1,-1,-1,-1
321,3,1090.73,163.88,300.11,877.36,1,-1,-1,-1
322,4,21.89,85.17,508.78,996.66,1,-1,-1,-1
322,3,1088.39,170.93,285.51,862.92,1,-1,-1,-1
323,4,39.12,83.97,495.35,990.72,1,-1,-1,-1
323,3,1082.10,166.39,286.48,872.22,1,-1,-1,-1
324,4,77.04,79.26,460.75,1000.35,1,-1,-1,-1
324,3,1078.38,156.66,285.83,877.66,1,-1,-1,-1
325,4,115.97,74.73,461.96,1010.11,1,-1,-1,-1
325,3,1072.15,156.29,289.69,882.47,1,-1,-1,-1
326,4,128.74,57.31,449.40,1016.42,1,-1,-1,-1
326,3,1070.49,155.51,289.26,876.76,1,-1,-1,-1
327,4,165.17,62.18,458.56,1022.25,1,-1,-1,-1
327,3,1068.38,155.94,287.24,874.06,1,-1,-1,-1
328,7,211.35,37.02,411.46,563.14,1,-1,-1,-1
328,4,190.58,56.96,482.31,1019.04,1,-1,-1,-1
328,3,1065.59,163.64,282.32,851.86,1,-1,-1,-1
329,7,223.57,67.15,418.71,573.56,1,-1,-1,-1
329,4,220.91,63.83,505.62,1006.79,1,-1,-1,-1
329,3,1061.21,171.85,280.01,828.50,1,-1,-1,-1
330,7,194.02,199.34,418.71,573.56,1,-1,-1,-1
330,4,240.17,46.85,522.25,1008.72,1,-1,-1,-1
330,3,1059.79,172.11,274.69,834.94,1,-1,-1,-1
331,4,263.78,47.10,537.95,1020.19,1,-1,-1,-1
331,3,1046.64,165.73,270.81,838.47,1,-1,-1,-1
332,5,290.00,261.00,201.00,548.00,1,-1,-1,-1
332,4,355.46,54.03,471.21,1038.48,1,-1,-1,-1
332,3,1038.13,165.91,276.76,820.55,1,-1,-1,-1
333,5,319.07,257.47,201.86,546.54,1,-1,-1,-1
333,4,406.13,63.64,446.44,1028.81,1,-1,-1,-1
333,3,1023.29,160.71,272.74,811.12,1,-1,-1,-1
334,5,346.66,251.90,197.29,558.61,1,-1,-1,-1
334,4,487.71,99.10,396.76,1048.31,1,-1,-1,-1
334,3,1017.37,165.58,274.36,796.18,1,-1,-1,-1
335,5,365.12,247.77,198.99,558.96,1,-1,-1,-1
335,4,563.00,15.00,366.00,1053.00,1,-1,-1,-1
335,3,1007.45,163.95,277.04,792.55,1,-1,-1,-1
336,5,391.20,242.38,206.38,560.84,1,-1,-1,-1
336,4,610.55,10.24,370.47,1048.46,1,-1,-1,-1
336,3,992.71,170.92,273.70,784.30,1,-1,-1,-1
337,5,403.24,241.48,224.06,560.35,1,-1,-1,-1
337,4,656.15,23.85,372.93,1017.04,1,-1,-1,-1
337,3,974.98,168.41,278.83,782.99,1,-1,-1,-1
338,5,410.93,248.48,226.14,552.88,1,-1,-1,-1
338,4,708.90,24.31,414.22,1012.82,1,-1,-1,-1
338,3,944.94,160.70,297.92,785.48,1,-1,-1,-1
339,5,419.18,250.71,238.04,552.68,1,-1,-1,-1
339,4,735.51,34.67,421.46,1035.65,1,-1,-1,-1
339,3,942.14,160.76,283.24,787.93,1,-1,-1,-1
340,7,994.00,203.00,182.00,553.00,1,-1,-1,-1
340,5,440.12,252.39,238.27,551.49,1,-1,-1,-1
340,4,760.59,-46.24,366.72,1055.07,1,-1,-1,-1
340,3,901.52,137.18,283.72,789.44,1,-1,-1,-1
341,7,986.31,204.10,182.00,553.00,1,-1,-1,-1
341,5,468.27,251.39,226.68,551.32,1,-1,-1,-1
341,4,799.19,-13.52,381.50,1067.54,1,-1,-1,-1
342,7,1006.26,211.45,185.41,563.37,1,-1,-1,-1
342,5,496.13,247.30,213.15,552.87,1,-1,-1,-1
342,4,835.77,1.63,378.52,1070.83,1,-1,-1,-1
343,5,529.32,246.21,200.86,555.27,1,-1,-1,-1
343,4,875.82,-3.39,377.43,1054.55,1,-1,-1,-1
344,5,549.68,238.50,195.98,557.16,1,-1,-1,-1
344,4,912.52,65.42,377.23,984.51,1,-1,-1,-1
345,5,571.43,238.48,195.18,561.45,1,-1,-1,-1
345,4,923.88,121.93,397.76,910.46,1,-1,-1,-1
345,3,881.00,188.00,192.00,772.00,1,-1,-1,-1
346,5,589.65,240.85,204.09,556.60,1,-1,-1,-1
346,4,998.75,30.46,387.21,964.99,1,-1,-1,-1
346,3,867.90,186.23,212.70,743.68,1,-1,-1,-1
347,5,602.84,242.80,222.67,558.09,1,-1,-1,-1
347,4,1073.01,26.17,397.98,1002.60,1,-1,-1,-1
347,3,841.95,200.06,241.92,715.51,1,-1,-1,-1
348,5,615.77,240.71,229.19,561.89,1,-1,-1,-1
348,4,1103.24,16.27,404.85,985.66,1,-1,-1,-1
348,3,837.96,215.06,236.82,700.32,1,-1,-1,-1
349,5,631.47,237.71,231.31,567.54,1,-1,-1,-1
349,4,1143.41,15.56,402.28,1021.23,1,-1,-1,-1
349,3,823.64,212.29,240.25,697.98,1,-1,-1,-1
350,5,639.70,238.41,224.20,562.80,1,-1,-1,-1
350,4,1164.47,15.38,410.97,1028.06,1,-1,-1,-1
350,3,796.28,204.54,252.24,704.61,1,-1,-1,-1
351,5,664.66,235.91,213.38,558.32,1,-1,-1,-1
351,4,1192.32,-2.13,407.63,1054.03,1,-1,-1,-1
351,3,756.75,215.25,252.29,688.66,1,-1,-1,-1
352,5,684.13,241.75,204.79,558.32,1,-1,-1,-1
352,4,1210.51,-7.63,413.74,1054.60,1,-1,-1,-1
352,3,746.05,217.91,221.24,688.57,1,-1,-1,-1
353,5,719.20,256.80,208.63,568.79,1,-1,-1,-1
353,4,1251.01,11.87,399.69,1049.38,1,-1,-1,-1
353,3,729.66,203.82,203.81,707.41,1,-1,-1,-1
354,4,1279.71,14.73,407.82,1054.80,1,-1,-1,-1
354,3,709.52,188.78,207.44,744.25,1,-1,-1,-1
355,4,1299.00,35.00,471.00,1043.00,1,-1,-1,-1
355,3,680.65,202.22,237.20,721.07,1,-1,-1,-1
356,5,808.00,239.00,171.00,528.00,1,-1,-1,-1
356,4,1318.73,16.84,497.45,1043.60,1,-1,-1,-1
356,3,662.41,206.06,245.21,711.07,1,-1,-1,-1
357,5,804.44,241.44,202.78,530.98,1,-1,-1,-1
357,4,1338.82,5.65,520.22,1048.80,1,-1,-1,-1
357,3,639.63,216.76,234.68,703.83,1,-1,-1,-1
358,5,816.49,237.14,209.42,538.48,1,-1,-1,-1
358,4,1360.76,-1.85,530.75,1058.43,1,-1,-1,-1
358,3,631.22,210.17,222.11,707.11,1,-1,-1,-1
359,5,836.11,238.74,205.98,537.86,1,-1,-1,-1
359,4,1381.75,14.31,525.04,1042.35,1,-1,-1,-1
359,3,612.95,211.96,198.17,707.86,1,-1,-1,-1
360,5,857.72,238.59,200.01,541.93,1,-1,-1,-1
360,4,1407.13,35.63,503.70,1025.28,1,-1,-1,-1
360,3,584.68,211.40,199.71,694.51,1,-1,-1,-1
361,5,881.04,237.66,184.41,537.47,1,-1,-1,-1
361,4,1433.09,50.67,481.72,1017.73,1,-1,-1,-1
361,3,567.19,210.11,193.16,701.87,1,-1,-1,-1
362,5,899.99,241.76,170.64,525.01,1,-1,-1,-1
362,4,1438.22,53.69,477.16,1010.81,1,-1,-1,-1
362,3,551.15,207.80,199.00,705.05,1,-1,-1,-1
363,5,920.93,249.52,169.02,522.08,1,-1,-1,-1
363,4,1443.65,57.63,475.58,1006.49,1,-1,-1,-1
363,3,533.79,207.81,207.46,711.83,1,-1,-1,-1
364,5,936.33,249.35,170.61,520.51,1,-1,-1,-1
364,4,1445.76,47.40,470.43,1007.98,1,-1,-1,-1
364,3,509.80,212.97,216.63,707.76,1,-1,-1,-1
365,5,950.23,243.95,175.76,533.99,1,-1,-1,-1
365,4,1432.81,45.31,477.31,987.92,1,-1,-1,-1
365,3,478.60,211.67,229.51,709.35,1,-1,-1,-1
366,5,962.42,236.47,183.16,544.57,1,-1,-1,-1
366,4,1430.46,40.96,483.70,1001.58,1,-1,-1,-1
366,3,464.41,216.14,237.11,708.36,1,-1,-1,-1
367,5,970.73,242.65,212.16,544.27,1,-1,-1,-1
367,4,1446.46,45.49,460.54,993.72,1,-1,-1,-1
367,3,438.49,216.98,249.57,716.07,1,-1,-1,-1
368,5,976.36,240.42,222.43,544.93,1,-1,-1,-1
368,4,1446.64,51.17,457.28,984.35,1,-1,-1,-1
368,3,426.45,208.49,236.46,734.08,1,-1,-1,-1
369,5,998.27,236.17,208.59,545.65,1,-1,-1,-1
369,4,1438.38,49.73,466.05,983.24,1,-1,-1,-1
369,3,419.11,208.02,208.13,744.55,1,-1,-1,-1
370,5,1021.22,232.30,196.56,549.40,1,-1,-1,-1
370,4,1447.97,58.07,441.24,985.61,1,-1,-1,-1
370,3,409.91,212.97,203.18,764.88,1,-1,-1,-1
371,5,1046.19,231.40,184.32,547.06,1,-1,-1,-1
371,4,1462.79,70.15,413.88,962.46,1,-1,-1,-1
371,3,390.09,204.33,211.62,783.12,1,-1,-1,-1
372,5,1072.86,237.23,179.70,543.64,1,-1,-1,-1
372,4,1479.23,78.48,371.81,957.66,1,-1,-1,-1
372,3,381.84,204.42,209.71,788.98,1,-1,-1,-1
373,5,1094.99,232.01,170.42,552.89,1,-1,-1,-1
373,4,1469.15,77.12,361.48,931.08,1,-1,-1,-1
373,3,367.78,207.59,225.89,793.92,1,-1,-1,-1
374,5,1097.44,227.49,178.36,555.58,1,-1,-1,-1
374,4,1501.00,103.00,291.00,888.00,1,-1,-1,-1
374,3,360.90,223.22,220.41,771.61,1,-1,-1,-1
375,5,1109.40,223.65,189.25,557.50,1,-1,-1,-1
375,4,1485.07,93.87,301.87,901.42,1,-1,-1,-1
375,3,350.80,231.63,221.71,774.12,1,-1,-1,-1
376,5,1119.92,221.36,212.30,562.22,1,-1,-1,-1
376,4,1463.59,87.88,298.91,814.43,1,-1,-1,-1
376,3,342.78,247.81,229.97,766.54,1,-1,-1,-1
377,5,1127.59,218.52,225.30,568.02,1,-1,-1,-1
377,4,1464.42,99.74,295.67,864.66,1,-1,-1,-1
377,3,332.01,220.01,234.60,796.00,1,-1,-1,-1
378,5,1135.41,218.50,222.49,572.63,1,-1,-1,-1
378,4,1433.58,102.42,311.96,889.77,1,-1,-1,-1
378,3,327.02,213.30,238.27,814.69,1,-1,-1,-1
379,5,1151.42,218.57,214.16,578.95,1,-1,-1,-1
379,4,1417.46,113.14,308.17,882.19,1,-1,-1,-1
379,3,324.03,214.92,241.29,828.74,1,-1,-1,-1
380,5,1173.75,216.10,202.85,583.18,1,-1,-1,-1
380,4,1402.41,118.20,313.85,896.17,1,-1,-1,-1
380,3,322.13,203.77,238.72,857.69,1,-1,-1,-1
381,5,1194.26,215.31,191.99,583.38,1,-1,-1,-1
381,4,1386.85,140.83,325.78,866.83,1,-1,-1,-1
381,3,325.71,200.70,243.16,873.56,1,-1,-1,-1
382,5,1205.38,214.60,186.52,583.03,1,-1,-1,-1
382,4,1378.84,148.44,303.27,855.40,1,-1,-1,-1
382,3,326.16,198.50,248.09,888.60,1,-1,-1,-1
383,5,1215.48,208.32,190.29,590.33,1,-1,-1,-1
383,4,1348.58,138.33,274.71,844.30,1,-1,-1,-1
383,3,330.28,220.10,254.07,853.62,1,-1,-1,-1
384,5,1222.90,197.45,197.82,603.57,1,-1,-1,-1
384,4,1319.00,122.00,269.00,843.00,1,-1,-1,-1
384,3,333.72,216.44,254.32,859.64,1,-1,-1,-1
385,5,1231.64,194.36,205.82,615.05,1,-1,-1,-1
385,4,1268.53,130.38,292.04,853.68,1,-1,-1,-1
385,3,336.06,202.72,259.67,883.89,1,-1,-1,-1
386,7,407.00,159.00,257.00,259.00,1,-1,-1,-1
386,5,1238.64,180.84,199.19,615.05,1,-1,-1,-1
386,4,1248.16,116.88,292.65,868.53,1,-1,-1,-1
386,3,349.10,206.25,259.19,889.67,1,-1,-1,-1
387,7,416.22,155.53,262.53,264.43,1,-1,-1,-1
387,4,1243.73,114.18,286.31,865.31,1,-1,-1,-1
387,3,383.41,198.88,255.47,892.37,1,-1,-1,-1
388,7,428.73,154.70,262.39,264.43,1,-1,-1,-1
388,4,1220.49,117.86,292.71,859.77,1,-1,-1,-1
388,3,393.38,204.72,262.03,896.53,1,-1,-1,-1
389,7,448.27,153.12,268.13,281.29,1,-1,-1,-1
389,4,1199.70,116.85,310.74,854.40,1,-1,-1,-1
389,3,414.79,199.50,258.98,884.43,1,-1,-1,-1
390,7,473.14,150.98,279.31,280.96,1,-1,-1,-1
390,4,1180.42,127.28,315.73,848.13,1,-1,-1,-1
390,3,436.37,209.17,260.43,891.76,1,-1,-1,-1
391,7,490.16,153.63,278.79,280.96,1,-1,-1,-1
391,5,1333.00,191.00,175.00,627.00,1,-1,-1,-1
391,4,1162.64,144.72,317.37,829.74,1,-1,-1,-1
391,3,448.88,207.06,260.53,891.93,1,-1,-1,-1
392,7,513.96,145.69,278.79,280.96,1,-1,-1,-1
392,5,1311.49,190.16,196.30,639.69,1,-1,-1,-1
392,4,1149.42,147.92,281.33,809.48,1,-1,-1,-1
392,3,480.16,202.55,259.57,892.16,1,-1,-1,-1
393,7,528.94,139.52,278.79,280.96,1,-1,-1,-1
393,5,1307.18,193.69,203.19,637.90,1,-1,-1,-1
393,4,1138.81,137.37,252.32,799.52,1,-1,-1,-1
393,3,489.19,190.32,262.39,907.62,1,-1,-1,-1
394,7,556.51,126.83,284.02,286.23,1,-1,-1,-1
394,5,1319.80,183.82,211.65,657.31,1,-1,-1,-1
394,4,1105.15,136.30,243.72,794.72,1,-1,-1,-1
394,3,526.12,178.43,261.92,916.24,1,-1,-1,-1
395,5,1318.20,188.49,222.55,667.35,1,-1,-1,-1
395,4,1080.66,125.44,243.37,787.63,1,-1,-1,-1
395,3,549.19,178.93,275.95,913.03,1,-1,-1,-1
396,5,1318.70,175.87,227.50,702.46,1,-1,-1,-1
396,4,1065.77,111.39,249.24,799.22,1,-1,-1,-1
396,3,581.14,164.08,267.61,929.84,1,-1,-1,-1
397,5,1331.90,179.99,228.10,712.39,1,-1,-1,-1
397,4,1035.86,111.95,251.83,805.78,1,-1,-1,-1
397,3,604.17,144.52,272.31,958.73,1,-1,-1,-1
398,5,1335.56,181.50,228.08,715.17,1,-1,-1,-1
398,4,1024.78,120.87,260.24,797.09,1,-1,-1,-1
398,3,620.07,136.50,274.11,971.87,1,-1,-1,-1
399,5,1343.11,181.98,223.80,719.08,1,-1,-1,-1
399,4,1005.30,129.80,265.74,801.84,1,-1,-1,-1
399,3,657.74,145.16,306.95,957.94,1,-1,-1,-1
400,5,1341.59,181.42,226.34,719.09,1,-1,-1,-1
400,4,994.72,132.40,253.44,801.40,1,-1,-1,-1
400,3,690.55,140.55,281.36,962.35,1,-1,-1,-1
401,5,1339.19,184.83,228.69,716.62,1,-1,-1,-1
401,4,975.42,159.51,268.72,785.38,1,-1,-1,-1
401,3,726.96,147.92,288.20,955.43,1,-1,-1,-1
402,5,1343.83,186.72,222.35,715.84,1,-1,-1,-1
402,4,952.38,179.60,233.77,774.99,1,-1,-1,-1
402,2,765.00,134.00,319.00,940.00,1,-1,-1,-1
403,5,1342.90,181.87,217.80,720.56,1,-1,-1,-1
403,4,929.15,237.97,247.30,774.99,1,-1,-1,-1
403,2,796.84,133.24,321.94,945.45,1,-1,-1,-1
404,5,1343.43,181.21,216.11,725.07,1,-1,-1,-1
404,2,805.26,129.75,316.67,948.24,1,-1,-1,-1
405,5,1345.42,174.76,211.33,739.24,1,-1,-1,-1
405,2,821.97,131.72,320.71,944.56,1,-1,-1,-1
406,5,1339.68,178.97,215.74,740.36,1,-1,-1,-1
406,2,825.01,121.93,337.29,948.22,1,-1,-1,-1
407,5,1317.23,174.49,236.50,747.10,1,-1,-1,-1
407,2,816.32,120.32,354.21,947.60,1,-1,-1,-1
408,5,1303.63,174.94,243.80,750.04,1,-1,-1,-1
408,3,795.00,322.00,161.00,540.00,1,-1,-1,-1
408,2,804.54,133.20,391.77,939.26,1,-1,-1,-1
409,5,1297.99,175.73,244.59,748.53,1,-1,-1,-1
409,3,785.06,251.26,178.57,628.70,1,-1,-1,-1
409,2,802.33,137.12,389.44,935.66,1,-1,-1,-1
410,5,1292.84,175.75,241.65,751.11,1,-1,-1,-1
410,3,764.49,232.77,231.18,723.21,1,-1,-1,-1
410,2,864.89,146.60,327.33,936.85,1,-1,-1,-1
411,5,1278.18,180.20,239.30,748.46,1,-1,-1,-1
411,3,740.59,164.76,244.01,754.15,1,-1,-1,-1
411,2,866.35,145.14,322.71,928.49,1,-1,-1,-1
412,5,1266.81,173.06,232.52,764.98,1,-1,-1,-1
412,3,721.53,181.12,240.91,764.72,1,-1,-1,-1
412,2,872.90,144.10,318.85,923.86,1,-1,-1,-1
413,5,1259.21,170.52,218.41,766.39,1,-1,-1,-1
413,3,690.16,212.78,233.50,749.93,1,-1,-1,-1
413,2,981.27,143.67,308.06,932.67,1,-1,-1,-1
414,5,1248.32,172.15,221.18,767.13,1,-1,-1,-1
414,3,675.75,214.38,221.03,758.75,1,-1,-1,-1
414,2,995.00,141.00,306.00,937.00,1,-1,-1,-1
415,5,1235.85,170.24,201.64,774.58,1,-1,-1,-1
415,3,641.02,198.50,229.95,779.22,1,-1,-1,-1
415,2,1006.33,142.93,307.53,936.99,1,-1,-1,-1
416,5,1226.42,170.88,193.01,787.65,1,-1,-1,-1
416,3,602.59,184.75,248.11,776.19,1,-1,-1,-1
416,2,1013.31,147.30,329.08,936.62,1,-1,-1,-1
417,5,1214.40,149.80,189.72,785.36,1,-1,-1,-1
417,3,576.37,180.64,259.44,786.68,1,-1,-1,-1
417,2,1019.82,138.59,319.98,950.72,1,-1,-1,-1
418,5,1202.01,157.66,188.60,728.15,1,-1,-1,-1
418,3,553.00,179.38,268.48,770.36,1,-1,-1,-1
418,2,1028.67,141.19,312.13,942.89,1,-1,-1,-1
419,5,1214.84,171.55,163.61,734.40,1,-1,-1,-1
419,3,542.10,194.36,274.92,785.08,1,-1,-1,-1
419,2,1024.73,148.38,325.98,936.47,1,-1,-1,-1
420,5,1201.66,174.09,208.82,748.17,1,-1,-1,-1
420,3,530.78,193.16,284.48,804.27,1,-1,-1,-1
420,2,1030.41,145.81,318.61,928.16,1,-1,-1,-1
421,3,506.77,179.60,289.27,820.71,1,-1,-1,-1
421,2,1042.23,145.32,314.17,927.53,1,-1,-1,-1
422,3,499.97,185.41,280.39,816.24,1,-1,-1,-1
422,2,1049.47,149.74,313.55,921.43,1,-1,-1,-1
423,3,468.77,177.16,262.23,822.71,1,-1,-1,-1
423,2,1059.65,144.09,322.52,924.45,1,-1,-1,-1
424,3,452.67,198.14,242.59,812.65,1,-1,-1,-1
424,2,1064.39,140.00,348.09,932.48,1,-1,-1,-1
425,3,416.42,198.05,245.85,810.60,1,-1,-1,-1
425,2,1037.48,144.23,377.43,933.08,1,-1,-1,-1
426,5,989.00,163.00,209.00,792.00,1,-1,-1,-1
426,3,379.98,180.60,267.12,824.44,1,-1,-1,-1
426,2,1060.65,151.23,343.89,932.83,1,-1,-1,-1
427,5,956.33,168.90,247.71,782.69,1,-1,-1,-1
427,3,354.43,192.66,279.08,819.80,1,-1,-1,-1
427,2,1078.77,135.56,318.16,938.63,1,-1,-1,-1
428,5,940.85,178.41,259.34,775.74,1,-1,-1,-1
428,3,335.84,206.96,277.53,811.03,1,-1,-1,-1
428,2,1057.17,144.34,321.90,931.23,1,-1,-1,-1
429,5,930.90,179.65,272.23,780.69,1,-1,-1,-1
429,3,321.24,215.57,282.07,798.15,1,-1,-1,-1
429,2,1179.00,122.00,313.00,947.00,1,-1,-1,-1
430,5,928.31,181.00,269.51,784.68,1,-1,-1,-1
430,3,300.65,187.00,278.07,784.19,1,-1,-1,-1
430,2,1182.16,130.68,304.46,937.99,1,-1,-1,-1
431,5,925.56,173.50,241.46,785.14,1,-1,-1,-1
431,3,281.10,199.03,264.66,779.41,1,-1,-1,-1
431,2,1192.51,141.87,298.24,928.34,1,-1,-1,-1
432,5,901.41,180.41,217.45,762.07,1,-1,-1,-1
432,3,249.80,205.36,270.96,764.78,1,-1,-1,-1
432,2,1203.70,146.42,285.79,921.02,1,-1,-1,-1
433,5,884.16,181.62,207.70,766.97,1,-1,-1,-1
433,3,229.02,212.24,274.02,771.11,1,-1,-1,-1
433,2,1207.11,166.25,284.33,905.57,1,-1,-1,-1
434,5,857.56,170.50,212.73,775.28,1,-1,-1,-1
434,3,218.70,189.59,291.79,759.55,1,-1,-1,-1
434,2,1209.96,164.27,290.15,901.80,1,-1,-1,-1
435,5,845.59,175.43,206.45,776.19,1,-1,-1,-1
435,3,219.38,182.68,287.50,771.17,1,-1,-1,-1
435,2,1207.58,182.01,283.92,859.83,1,-1,-1,-1
436,5,825.68,185.41,203.40,778.28,1,-1,-1,-1
436,3,212.84,175.13,291.01,754.36,1,-1,-1,-1
436,2,1203.89,174.91,267.83,854.31,1,-1,-1,-1
437,5,796.61,187.43,220.76,773.53,1,-1,-1,-1
437,3,218.12,183.88,269.21,757.64,1,-1,-1,-1
437,2,1195.43,173.51,272.02,845.13,1,-1,-1,-1
438,5,762.47,189.09,244.28,762.59,1,-1,-1,-1
438,3,220.57,182.30,249.33,765.32,1,-1,-1,-1
438,2,1177.74,172.50,283.45,831.01,1,-1,-1,-1
439,5,750.48,190.30,245.55,756.84,1,-1,-1,-1
439,3,226.54,185.02,233.56,750.61,1,-1,-1,-1
439,2,1171.07,177.70,274.30,810.58,1,-1,-1,-1
440,5,745.03,193.48,240.20,761.95,1,-1,-1,-1
440,3,235.97,195.70,236.41,711.26,1,-1,-1,-1
440,2,1170.06,178.38,261.20,810.77,1,-1,-1,-1
441,5,731.28,193.31,238.73,762.86,1,-1,-1,-1
441,3,250.45,207.22,219.11,691.73,1,-1,-1,-1
441,2,1161.41,173.91,258.61,794.30,1,-1,-1,-1
442,5,714.14,193.05,234.88,764.53,1,-1,-1,-1
442,3,258.50,217.88,209.91,665.42,1,-1,-1,-1
442,2,1164.15,180.06,241.61,789.55,1,-1,-1,-1
443,5,697.02,183.89,230.22,768.89,1,-1,-1,-1
443,3,267.03,214.82,216.38,660.77,1,-1,-1,-1
443,2,1169.94,176.03,227.80,785.76,1,-1,-1,-1
444,5,688.77,180.94,204.39,766.48,1,-1,-1,-1
444,3,272.29,216.83,211.00,646.14,1,-1,-1,-1
444,2,1164.32,171.37,229.49,774.26,1,-1,-1,-1
445,5,668.11,185.58,198.97,765.85,1,-1,-1,-1
445,3,285.87,206.56,206.65,645.27,1,-1,-1,-1
445,2,1148.57,173.36,234.67,776.97,1,-1,-1,-1
446,5,633.60,186.10,215.72,756.70,1,-1,-1,-1
446,3,310.00,202.00,217.00,655.00,1,-1,-1,-1
446,2,1103.00,185.00,226.00,754.00,1,-1,-1,-1
447,5,604.17,192.63,233.78,759.85,1,-1,-1,-1
447,3,321.36,206.33,216.93,656.36,1,-1,-1,-1
447,2,1099.74,184.98,216.35,740.30,1,-1,-1,-1
448,5,586.05,195.76,252.18,757.04,1,-1,-1,-1
448,3,326.08,205.54,225.46,654.98,1,-1,-1,-1
448,2,1097.02,185.54,208.77,724.39,1,-1,-1,-1
449,5,555.05,195.10,273.06,759.94,1,-1,-1,-1
449,3,337.02,212.16,221.29,644.05,1,-1,-1,-1
449,2,1096.38,186.00,202.63,713.43,1,-1,-1,-1
450,5,542.65,202.94,261.60,752.91,1,-1,-1,-1
450,3,360.08,217.01,211.98,631.39,1,-1,-1,-1
450,2,1091.59,191.52,203.24,703.64,1,-1,-1,-1
451,5,498.20,204.52,281.68,758.04,1,-1,-1,-1
451,3,389.30,212.99,192.13,615.53,1,-1,-1,-1
451,2,1088.38,199.75,201.52,690.39,1,-1,-1,-1
452,5,471.21,200.77,295.08,761.29,1,-1,-1,-1
452,3,406.82,225.92,177.82,583.88,1,-1,-1,-1
452,2,1083.93,198.66,200.12,688.64,1,-1,-1,-1
453,5,453.81,200.69,274.90,760.73,1,-1,-1,-1
453,3,417.11,186.50,189.94,573.33,1,-1,-1,-1
453,2,1075.57,213.43,203.94,664.89,1,-1,-1,-1
454,5,444.13,203.17,252.51,756.00,1,-1,-1,-1
454,3,427.38,210.47,189.94,573.33,1,-1,-1,-1
454,2,1065.06,212.86,189.17,652.46,1,-1,-1,-1
455,5,411.56,202.55,252.56,754.04,1,-1,-1,-1
455,2,1053.36,211.26,184.27,649.01,1,-1,-1,-1
456,5,379.90,197.79,257.85,757.22,1,-1,-1,-1
456,2,1038.36,213.80,189.54,639.81,1,-1,-1,-1
457,5,347.90,195.96,267.43,774.67,1,-1,-1,-1
457,3,530.00,225.00,180.00,517.00,1,-1,-1,-1
457,2,1016.65,213.74,200.98,641.75,1,-1,-1,-1
458,5,325.90,190.97,278.86,785.23,1,-1,-1,-1
458,3,519.67,221.13,193.13,523.36,1,-1,-1,-1
458,2,1011.13,216.01,202.38,635.92,1,-1,-1,-1
459,5,313.01,189.66,281.29,789.44,1,-1,-1,-1
459,3,515.33,212.83,209.20,554.58,1,-1,-1,-1
459,2,993.55,229.91,216.66,623.26,1,-1,-1,-1
460,5,265.00,182.00,364.00,810.00,1,-1,-1,-1
460,3,522.92,212.03,209.45,568.60,1,-1,-1,-1
460,2,991.61,237.34,213.20,611.13,1,-1,-1,-1
461,5,256.18,186.31,368.02,824.63,1,-1,-1,-1
461,3,538.82,217.77,220.05,568.35,1,-1,-1,-1
461,2,994.27,243.65,207.79,600.53,1,-1,-1,-1
462,5,231.83,194.95,362.74,818.59,1,-1,-1,-1
462,3,570.64,219.55,206.38,562.46,1,-1,-1,-1
462,2,997.94,238.85,192.44,602.24,1,-1,-1,-1
463,5,213.22,189.10,350.71,820.22,1,-1,-1,-1
463,3,587.95,218.39,205.51,551.95,1,-1,-1,-1
463,2,1004.38,237.22,179.57,596.21,1,-1,-1,-1
464,5,205.07,185.63,338.16,827.83,1,-1,-1,-1
464,3,588.00,227.00,211.00,555.00,1,-1,-1,-1
464,2,1011.30,234.79,167.61,597.62,1,-1,-1,-1
465,5,180.06,184.11,323.14,833.28,1,-1,-1,-1
465,3,593.61,223.77,216.32,557.26,1,-1,-1,-1
465,2,1013.50,239.15,166.37,598.23,1,-1,-1,-1
466,5,147.89,185.64,306.43,836.91,1,-1,-1,-1
466,3,615.30,228.38,214.89,544.76,1,-1,-1,-1
466,2,996.55,238.94,172.32,586.97,1,-1,-1,-1
467,5,127.72,188.58,300.57,838.47,1,-1,-1,-1
467,3,637.33,229.34,202.96,548.59,1,-1,-1,-1
467,2,987.86,231.75,175.25,593.93,1,-1,-1,-1
468,5,106.40,185.31,314.75,858.56,1,-1,-1,-1
468,3,649.14,226.04,203.55,551.97,1,-1,-1,-1
468,2,977.97,243.30,182.72,581.13,1,-1,-1,-1
469,5,82.61,184.45,329.93,867.37,1,-1,-1,-1
469,3,673.35,228.66,201.55,555.24,1,-1,-1,-1
469,2,972.96,247.75,184.66,586.78,1,-1,-1,-1
470,5,68.35,185.47,338.37,867.63,1,-1,-1,-1
470,3,680.61,230.64,201.09,552.01,1,-1,-1,-1
470,2,969.39,248.50,192.89,584.12,1,-1,-1,-1
471,5,32.97,189.63,359.26,864.91,1,-1,-1,-1
471,3,698.56,234.50,197.32,546.78,1,-1,-1,-1
471,2,962.89,242.18,188.13,579.17,1,-1,-1,-1
472,5,3.31,192.32,365.84,862.91,1,-1,-1,-1
472,3,716.62,237.20,185.93,524.67,1,-1,-1,-1
472,2,953.16,244.24,186.60,583.82,1,-1,-1,-1
473,5,-12.99,187.14,366.47,874.64,1,-1,-1,-1
473,3,736.66,235.23,187.56,527.06,1,-1,-1,-1
473,2,933.15,236.44,195.00,606.74,1,-1,-1,-1
474,5,-14.62,186.41,365.82,877.69,1,-1,-1,-1
474,3,744.36,234.93,182.77,523.99,1,-1,-1,-1
474,2,920.20,231.63,204.30,617.02,1,-1,-1,-1
475,5,-19.54,189.98,369.73,879.86,1,-1,-1,-1
475,3,760.97,230.13,180.15,531.81,1,-1,-1,-1
475,2,909.15,243.32,208.13,614.68,1,-1,-1,-1
476,5,-24.26,183.91,355.49,890.71,1,-1,-1,-1
476,3,768.92,226.32,177.76,532.70,1,-1,-1,-1
476,2,904.05,233.61,204.87,629.88,1,-1,-1,-1
477,5,-26.16,184.89,354.35,903.35,1,-1,-1,-1
477,3,784.29,228.31,172.20,526.00,1,-1,-1,-1
477,2,903.95,222.97,194.39,628.77,1,-1,-1,-1
478,5,-30.74,183.36,356.21,910.30,1,-1,-1,-1
478,3,793.14,231.78,174.14,522.48,1,-1,-1,-1
478,2,872.93,224.75,196.69,656.23,1,-1,-1,-1
479,5,-35.30,186.10,357.81,914.67,1,-1,-1,-1
479,3,796.17,232.98,167.55,510.69,1,-1,-1,-1
479,2,866.00,219.00,242.00,669.00,1,-1,-1,-1
480,5,-35.78,185.43,357.68,920.23,1,-1,-1,-1
480,3,807.15,235.68,160.72,491.24,1,-1,-1,-1
480,2,850.22,218.88,246.65,668.82,1,-1,-1,-1
481,5,-38.62,177.28,366.50,929.34,1,-1,-1,-1
481,2,844.71,216.64,245.86,671.74,1,-1,-1,-1
482,5,-37.01,179.49,372.48,926.25,1,-1,-1,-1
482,2,847.86,220.20,238.04,679.89,1,-1,-1,-1
483,5,-33.77,169.69,374.49,936.22,1,-1,-1,-1
483,2,845.70,219.99,238.79,701.85,1,-1,-1,-1
484,5,-26.16,170.55,382.42,939.06,1,-1,-1,-1
484,2,842.17,213.91,240.93,731.51,1,-1,-1,-1
485,5,-15.00,172.12,389.60,937.21,1,-1,-1,-1
485,2,838.84,212.23,250.45,757.40,1,-1,-1,-1
486,5,-5.01,168.54,404.90,943.85,1,-1,-1,-1
486,2,836.99,208.92,260.82,787.22,1,-1,-1,-1
487,5,4.55,155.61,416.09,959.44,1,-1,-1,-1
487,2,831.86,208.00,282.30,782.51,1,-1,-1,-1
488,5,18.50,149.08,424.02,960.61,1,-1,-1,-1
488,4,977.00,254.00,191.00,484.00,1,-1,-1,-1
488,2,832.30,201.75,253.73,807.66,1,-1,-1,-1
489,5,28.29,140.82,432.23,959.98,1,-1,-1,-1
489,4,976.87,232.55,196.80,509.90,1,-1,-1,-1
489,2,827.86,192.02,256.00,830.10,1,-1,-1,-1
490,5,47.45,136.47,429.68,962.30,1,-1,-1,-1
490,4,979.90,225.43,216.71,526.01,1,-1,-1,-1
490,2,820.83,183.98,266.88,802.61,1,-1,-1,-1
491,5,75.14,141.12,438.17,957.32,1,-1,-1,-1
491,4,989.37,223.30,215.72,530.30,1,-1,-1,-1
491,2,829.00,179.00,232.00,825.00,1,-1,-1,-1
492,5,113.66,154.78,420.31,946.65,1,-1,-1,-1
492,4,1002.12,219.39,206.39,531.56,1,-1,-1,-1
492,2,810.59,181.88,240.61,819.82,1,-1,-1,-1
493,5,120.05,152.39,428.80,954.93,1,-1,-1,-1
493,4,1006.63,211.67,214.87,537.82,1,-1,-1,-1
493,2,791.59,193.06,253.50,810.36,1,-1,-1,-1
494,5,142.80,143.69,423.84,955.01,1,-1,-1,-1
494,4,1022.17,205.48,219.09,543.12,1,-1,-1,-1
494,2,756.08,195.62,280.57,816.15,1,-1,-1,-1
495,5,170.89,141.17,417.43,960.03,1,-1,-1,-1
495,4,1033.33,203.36,219.96,543.59,1,-1,-1,-1
495,2,734.10,196.62,296.08,820.03,1,-1,-1,-1
496,5,199.55,131.02,412.95,976.52,1,-1,-1,-1
496,4,1035.14,203.39,225.43,539.98,1,-1,-1,-1
496,2,706.75,202.51,314.98,816.95,1,-1,-1,-1
497,5,222.25,138.10,449.58,973.29,1,-1,-1,-1
497,4,1041.26,205.62,224.41,542.34,1,-1,-1,-1
497,2,693.09,208.54,305.27,809.05,1,-1,-1,-1
498,5,242.74,124.42,455.43,984.62,1,-1,-1,-1
498,4,1045.77,219.13,222.04,539.26,1,-1,-1,-1
498,2,683.20,207.03,274.62,808.58,1,-1,-1,-1
499,5,264.31,118.78,453.42,988.13,1,-1,-1,-1
499,4,1053.42,215.00,214.98,546.54,1,-1,-1,-1
499,2,672.05,212.83,254.22,798.07,1,-1,-1,-1
500,5,290.35,124.33,474.58,974.76,1,-1,-1,-1
500,4,1064.73,220.84,211.83,554.27,1,-1,-1,-1
500,2,656.27,209.89,246.53,785.43,1,-1,-1,-1
501,5,316.30,120.98,466.19,974.60,1,-1,-1,-1
501,4,1084.41,214.42,206.21,559.16,1,-1,-1,-1
501,2,662.78,197.58,221.22,794.68,1,-1,-1,-1
502,5,352.12,124.01,462.79,980.79,1,-1,-1,-1
502,4,1105.51,210.48,201.55,559.06,1,-1,-1,-1
502,2,664.56,193.71,208.79,801.46,1,-1,-1,-1
503,5,391.00,124.75,454.19,986.30,1,-1,-1,-1
503,4,1117.95,198.18,207.99,572.52,1,-1,-1,-1
503,2,690.15,205.50,189.73,646.99,1,-1,-1,-1
504,5,434.16,126.32,439.15,985.76,1,-1,-1,-1
504,4,1129.54,189.83,211.32,572.19,1,-1,-1,-1
505,5,482.08,114.73,435.17,997.39,1,-1,-1,-1
505,4,1142.77,175.59,213.94,585.46,1,-1,-1,-1
506,5,497.24,115.48,439.43,987.65,1,-1,-1,-1
506,4,1147.59,174.33,210.83,586.02,1,-1,-1,-1
507,5,509.69,102.47,442.70,1001.10,1,-1,-1,-1
507,4,1152.70,189.19,222.98,590.84,1,-1,-1,-1
508,8,516.26,150.93,219.73,840.82,1,-1,-1,-1
508,5,501.46,99.44,442.73,987.19,1,-1,-1,-1
508,4,1157.25,200.24,228.32,594.95,1,-1,-1,-1
509,8,512.08,183.87,241.28,821.47,1,-1,-1,-1
509,5,557.60,71.60,375.54,1006.34,1,-1,-1,-1
509,4,1158.39,200.34,233.94,599.18,1,-1,-1,-1
510,8,492.24,192.20,238.94,828.96,1,-1,-1,-1
510,5,384.63,102.81,444.06,988.15,1,-1,-1,-1
510,4,1179.82,201.84,230.08,599.48,1,-1,-1,-1
510,2,717.00,40.00,305.00,1002.00,1,-1,-1,-1
511,8,479.70,192.97,216.73,840.51,1,-1,-1,-1
511,5,351.76,140.05,444.06,988.15,1,-1,-1,-1
511,4,1199.90,201.68,215.88,586.57,1,-1,-1,-1
511,2,742.35,35.93,313.91,1022.65,1,-1,-1,-1
512,8,477.15,177.00,212.32,858.29,1,-1,-1,-1
512,5,327.66,129.10,444.06,988.15,1,-1,-1,-1
512,4,1219.04,189.35,213.36,591.68,1,-1,-1,-1
512,2,776.56,40.51,322.80,1025.96,1,-1,-1,-1
513,8,452.42,183.54,228.18,853.42,1,-1,-1,-1
513,5,316.71,131.29,444.06,988.15,1,-1,-1,-1
513,4,1234.56,173.41,224.44,602.68,1,-1,-1,-1
513,2,818.71,57.85,330.13,1023.00,1,-1,-1,-1
514,8,421.95,190.15,239.25,844.48,1,-1,-1,-1
514,5,301.37,133.48,444.06,988.15,1,-1,-1,-1
514,4,1248.14,176.78,235.80,601.80,1,-1,-1,-1
514,2,856.89,49.01,324.43,1037.20,1,-1,-1,-1
515,8,409.26,188.17,246.90,844.46,1,-1,-1,-1
515,4,1257.38,173.93,241.40,600.95,1,-1,-1,-1
515,2,873.81,59.01,330.99,1024.67,1,-1,-1,-1
516,8,396.40,188.49,256.22,847.27,1,-1,-1,-1
516,4,1264.46,172.92,268.33,605.22,1,-1,-1,-1
516,2,893.30,64.76,332.65,1012.07,1,-1,-1,-1
517,8,383.53,186.76,266.28,850.28,1,-1,-1,-1
517,4,1275.76,177.97,284.07,615.39,1,-1,-1,-1
517,2,924.57,70.56,337.55,1017.81,1,-1,-1,-1
518,8,378.14,186.04,272.25,861.24,1,-1,-1,-1
518,4,1297.18,171.75,256.25,641.13,1,-1,-1,-1
518,2,955.50,54.15,363.91,1019.03,1,-1,-1,-1
519,8,375.42,185.18,272.27,862.83,1,-1,-1,-1
519,4,1319.12,184.21,252.20,633.64,1,-1,-1,-1
519,2,981.98,49.58,373.12,1023.28,1,-1,-1,-1
520,8,371.37,184.55,284.78,866.70,1,-1,-1,-1
520,4,1353.00,200.00,245.00,626.00,1,-1,-1,-1
520,2,1007.09,46.36,359.36,1029.40,1,-1,-1,-1
521,8,377.93,183.14,292.38,874.77,1,-1,-1,-1
521,4,1362.00,175.70,240.41,638.23,1,-1,-1,-1
521,2,1046.27,40.92,346.83,1003.08,1,-1,-1,-1
522,8,385.46,181.37,315.35,884.46,1,-1,-1,-1
522,4,1363.94,161.70,240.97,653.77,1,-1,-1,-1
522,2,1070.38,50.06,338.38,993.61,1,-1,-1,-1
523,8,403.09,173.03,320.39,907.31,1,-1,-1,-1
523,4,1374.09,163.16,228.12,651.44,1,-1,-1,-1
523,2,1105.45,63.63,329.52,995.61,1,-1,-1,-1
524,8,409.89,175.97,323.28,909.82,1,-1,-1,-1
524,4,1371.44,168.72,232.06,663.02,1,-1,-1,-1
524,2,1115.71,100.81,332.49,990.95,1,-1,-1,-1
525,8,432.94,181.05,299.43,908.12,1,-1,-1,-1
525,4,1377.18,203.44,217.65,662.13,1,-1,-1,-1
525,2,1148.44,89.26,333.69,983.33,1,-1,-1,-1
526,8,460.42,175.68,287.80,912.45,1,-1,-1,-1
526,4,1365.11,238.57,254.46,650.17,1,-1,-1,-1
526,2,1183.60,74.91,340.63,980.90,1,-1,-1,-1
527,8,481.76,177.63,281.25,909.12,1,-1,-1,-1
527,4,1355.52,220.75,254.46,650.17,1,-1,-1,-1
527,2,1221.88,77.06,339.05,975.97,1,-1,-1,-1
528,8,551.63,172.84,249.83,910.90,1,-1,-1,-1
528,2,1287.72,81.94,365.68,975.84,1,-1,-1,-1
529,8,575.30,175.10,248.83,900.71,1,-1,-1,-1
529,2,1320.34,90.67,361.40,967.08,1,-1,-1,-1
530,8,597.41,153.64,253.97,916.35,1,-1,-1,-1
530,2,1340.50,73.52,377.93,964.42,1,-1,-1,-1
531,8,619.76,159.01,266.68,919.55,1,-1,-1,-1
531,2,1339.78,64.51,415.25,969.67,1,-1,-1,-1
532,8,642.33,158.20,320.83,918.44,1,-1,-1,-1
532,3,1259.00,245.00,166.00,621.00,1,-1,-1,-1
532,2,1333.78,101.81,441.98,966.89,1,-1,-1,-1
533,8,647.08,163.27,331.86,917.71,1,-1,-1,-1
533,3,1250.19,201.84,191.81,687.11,1,-1,-1,-1
533,2,1326.57,98.10,439.20,960.07,1,-1,-1,-1
534,8,673.01,161.05,313.07,918.43,1,-1,-1,-1
534,3,1216.09,197.04,229.54,721.75,1,-1,-1,-1
534,2,1376.09,96.29,415.37,958.66,1,-1,-1,-1
535,8,684.33,162.31,313.57,912.35,1,-1,-1,-1
535,3,1197.85,202.93,251.24,733.54,1,-1,-1,-1
535,2,1411.95,110.20,403.11,950.38,1,-1,-1,-1
536,8,712.58,166.64,297.05,898.15,1,-1,-1,-1
536,3,1178.56,181.98,242.76,731.91,1,-1,-1,-1
536,2,1443.45,89.43,381.25,964.43,1,-1,-1,-1
537,8,747.37,170.01,280.29,886.64,1,-1,-1,-1
537,3,1149.66,182.59,224.39,743.45,1,-1,-1,-1
537,2,1474.35,88.88,370.77,955.02,1,-1,-1,-1
538,8,780.21,166.58,262.19,883.46,1,-1,-1,-1
538,3,1120.49,182.62,213.06,752.00,1,-1,-1,-1
538,2,1492.50,82.98,362.89,951.41,1,-1,-1,-1
539,8,810.75,171.39,254.91,866.87,1,-1,-1,-1
539,3,1074.99,162.92,238.99,772.71,1,-1,-1,-1
539,2,1503.12,76.73,354.18,960.36,1,-1,-1,-1
540,8,821.35,160.93,273.90,889.45,1,-1,-1,-1
540,3,1068.82,162.65,237.89,773.98,1,-1,-1,-1
540,2,1517.79,86.45,346.23,963.71,1,-1,-1,-1
541,8,854.95,159.91,285.82,886.70,1,-1,-1,-1
541,3,1056.00,176.00,258.00,748.00,1,-1,-1,-1
541,2,1536.25,87.56,329.92,953.75,1,-1,-1,-1
542,8,889.25,156.07,293.39,879.52,1,-1,-1,-1
542,3,1029.18,175.71,276.70,754.16,1,-1,-1,-1
542,2,1550.05,86.35,308.67,954.48,1,-1,-1,-1
543,3,955.76,174.83,345.81,808.39,1,-1,-1,-1
543,2,1556.61,93.40,302.91,936.36,1,-1,-1,-1
544,3,938.09,170.96,339.01,842.57,1,-1,-1,-1
544,2,1559.07,89.70,300.00,940.73,1,-1,-1,-1
545,3,950.12,179.83,315.49,856.72,1,-1,-1,-1
545,2,1560.79,94.49,300.50,931.90,1,-1,-1,-1
546,3,951.54,177.10,301.98,863.87,1,-1,-1,-1
546,2,1564.42,95.91,296.19,901.51,1,-1,-1,-1
547,3,953.93,183.90,316.83,845.51,1,-1,-1,-1
547,2,1567.86,96.22,287.74,877.91,1,-1,-1,-1
548,8,849.00,176.00,221.00,675.00,1,-1,-1,-1
548,3,974.23,175.56,307.04,816.87,1,-1,-1,-1
548,2,1566.84,103.31,285.46,870.09,1,-1,-1,-1
549,8,814.45,166.36,241.31,670.41,1,-1,-1,-1
549,5,987.00,184.00,303.00,832.00,1,-1,-1,-1
549,3,834.01,145.31,276.66,802.10,1,-1,-1,-1
549,2,1564.58,108.58,285.88,862.73,1,-1,-1,-1
550,8,807.52,159.50,219.50,670.41,1,-1,-1,-1
550,5,979.36,183.45,302.32,820.09,1,-1,-1,-1
550,3,788.22,151.82,279.24,746.62,1,-1,-1,-1
550,2,1561.64,112.24,293.49,870.55,1,-1,-1,-1
551,8,758.30,162.86,278.07,696.87,1,-1,-1,-1
551,5,977.92,191.92,293.04,809.34,1,-1,-1,-1
551,2,1554.34,118.46,302.50,869.81,1,-1,-1,-1
552,8,721.99,178.57,294.55,717.13,1,-1,-1,-1
552,5,979.53,205.61,283.00,793.20,1,-1,-1,-1
552,2,1552.25,123.16,298.22,863.16,1,-1,-1,-1
553,8,700.59,190.25,291.98,729.46,1,-1,-1,-1
553,5,981.91,203.98,265.96,798.83,1,-1,-1,-1
553,2,1547.33,132.01,290.99,843.15,1,-1,-1,-1
554,8,684.81,193.05,257.76,736.82,1,-1,-1,-1
554,5,977.91,208.20,264.51,787.80,1,-1,-1,-1
554,2,1547.71,131.52,279.23,826.53,1,-1,-1,-1
555,8,665.67,189.26,225.75,731.54,1,-1,-1,-1
555,5,967.73,207.08,257.76,772.63,1,-1,-1,-1
555,2,1544.60,131.80,265.15,794.95,1,-1,-1,-1
556,8,646.07,166.48,231.02,749.35,1,-1,-1,-1
556,5,969.86,209.06,252.98,769.91,1,-1,-1,-1
556,2,1545.99,137.62,256.97,771.45,1,-1,-1,-1
557,8,603.22,118.99,250.39,810.41,1,-1,-1,-1
557,5,955.86,211.37,255.90,749.07,1,-1,-1,-1
557,2,1541.30,137.57,249.65,738.67,1,-1,-1,-1
558,8,558.94,133.79,269.12,805.92,1,-1,-1,-1
558,5,928.08,210.05,268.30,732.04,1,-1,-1,-1
558,2,1524.08,144.41,251.40,739.71,1,-1,-1,-1
559,8,515.02,135.16,284.94,776.78,1,-1,-1,-1
559,5,921.55,206.92,259.70,724.73,1,-1,-1,-1
559,2,1490.03,145.80,278.77,732.55,1,-1,-1,-1
560,8,493.59,160.94,295.33,754.75,1,-1,-1,-1
560,5,900.89,209.02,260.09,720.88,1,-1,-1,-1
560,2,1466.18,153.35,290.36,729.13,1,-1,-1,-1
561,8,469.15,174.80,309.65,755.30,1,-1,-1,-1
561,5,886.57,211.54,259.54,712.35,1,-1,-1,-1
561,2,1457.48,155.91,280.36,719.44,1,-1,-1,-1
562,8,456.72,177.99,307.47,766.56,1,-1,-1,-1
562,5,867.22,216.24,264.01,702.52,1,-1,-1,-1
562,2,1439.63,165.33,284.47,699.17,1,-1,-1,-1
563,8,422.34,192.26,305.74,773.68,1,-1,-1,-1
563,5,844.43,216.63,276.51,697.63,1,-1,-1,-1
563,2,1433.74,169.21,270.49,682.21,1,-1,-1,-1
564,8,396.28,181.60,286.18,765.44,1,-1,-1,-1
564,5,828.99,222.75,271.24,678.83,1,-1,-1,-1
564,2,1426.92,171.65,257.04,668.50,1,-1,-1,-1
565,8,338.45,176.61,294.93,767.66,1,-1,-1,-1
565,5,815.11,226.99,263.19,666.69,1,-1,-1,-1
565,2,1412.66,170.58,247.64,657.45,1,-1,-1,-1
566,8,310.00,171.00,352.00,778.00,1,-1,-1,-1
566,5,803.93,222.49,253.46,658.76,1,-1,-1,-1
566,2,1403.86,171.43,247.08,649.99,1,-1,-1,-1
567,8,296.12,159.97,371.48,794.87,1,-1,-1,-1
567,5,786.59,230.26,239.78,647.69,1,-1,-1,-1
567,2,1395.39,175.86,241.69,643.88,1,-1,-1,-1
568,8,264.23,143.65,385.66,822.79,1,-1,-1,-1
568,5,767.39,229.84,226.43,646.04,1,-1,-1,-1
568,2,1386.38,177.39,237.83,639.28,1,-1,-1,-1
569,8,238.42,146.51,387.15,823.66,1,-1,-1,-1
569,5,747.15,226.53,228.35,649.16,1,-1,-1,-1
569,2,1385.48,170.60,221.91,641.87,1,-1,-1,-1
570,8,219.52,144.26,375.93,847.61,1,-1,-1,-1
570,5,721.68,223.29,242.24,653.96,1,-1,-1,-1
570,2,1387.38,175.02,206.00,630.86,1,-1,-1,-1
571,8,213.55,150.17,393.37,871.16,1,-1,-1,-1
571,5,713.19,228.88,246.84,647.55,1,-1,-1,-1
571,2,1376.85,177.99,214.64,622.47,1,-1,-1,-1
572,8,202.82,156.01,387.57,883.25,1,-1,-1,-1
572,5,693.83,241.14,249.84,644.01,1,-1,-1,-1
572,2,1354.89,179.97,221.21,618.53,1,-1,-1,-1
573,8,172.68,156.30,378.71,884.63,1,-1,-1,-1
573,5,675.61,242.09,237.93,642.27,1,-1,-1,-1
573,2,1342.29,185.34,221.79,614.09,1,-1,-1,-1
574,8,155.21,145.34,383.56,900.36,1,-1,-1,-1
574,5,644.38,240.30,224.99,635.97,1,-1,-1,-1
574,2,1332.54,194.63,215.86,603.41,1,-1,-1,-1
575,8,128.26,150.45,401.67,902.75,1,-1,-1,-1
575,5,621.80,235.14,222.77,630.74,1,-1,-1,-1
575,2,1319.16,188.05,205.48,606.68,1,-1,-1,-1
576,8,113.74,143.75,403.28,902.42,1,-1,-1,-1
576,5,597.65,235.09,218.55,636.59,1,-1,-1,-1
576,2,1301.69,183.43,187.23,599.30,1,-1,-1,-1
577,8,80.93,131.77,439.25,911.02,1,-1,-1,-1
577,5,578.51,225.22,233.39,654.28,1,-1,-1,-1
577,2,1291.05,187.90,185.01,583.32,1,-1,-1,-1
578,8,67.97,116.83,450.83,936.46,1,-1,-1,-1
578,5,543.49,233.21,262.01,652.04,1,-1,-1,-1
578,2,1274.63,187.19,171.44,565.48,1,-1,-1,-1
579,8,69.73,112.33,446.07,952.43,1,-1,-1,-1
579,5,532.89,239.04,258.56,651.10,1,-1,-1,-1
579,2,1262.18,185.28,174.45,567.67,1,-1,-1,-1
580,8,62.17,113.96,460.37,956.06,1,-1,-1,-1
580,5,527.08,239.98,253.04,652.05,1,-1,-1,-1
580,2,1246.95,184.05,191.02,570.80,1,-1,-1,-1
581,8,80.71,121.53,432.54,950.86,1,-1,-1,-1
581,5,511.13,237.19,253.17,658.34,1,-1,-1,-1
581,2,1216.78,191.21,215.78,567.67,1,-1,-1,-1
582,8,98.77,123.54,407.18,959.36,1,-1,-1,-1
582,5,492.50,236.55,255.36,662.27,1,-1,-1,-1
582,2,1200.15,201.05,213.27,572.75,1,-1,-1,-1
583,8,127.19,123.48,394.67,957.61,1,-1,-1,-1
583,5,492.62,233.85,246.78,673.51,1,-1,-1,-1
583,2,1197.32,206.07,211.19,568.98,1,-1,-1,-1
584,5,492.15,230.66,244.74,691.40,1,-1,-1,-1
584,4,179.00,103.00,392.00,938.00,1,-1,-1,-1
584,2,1184.00,208.04,205.38,564.26,1,-1,-1,-1
585,5,501.00,202.00,224.00,734.00,1,-1,-1,-1
585,4,214.43,87.14,383.04,962.87,1,-1,-1,-1
585,2,1170.77,203.71,192.07,563.35,1,-1,-1,-1
586,5,496.89,212.56,227.19,727.51,1,-1,-1,-1
586,4,232.01,91.37,408.51,967.07,1,-1,-1,-1
586,2,1164.09,200.99,182.47,562.83,1,-1,-1,-1
587,5,500.89,213.98,222.02,727.51,1,-1,-1,-1
587,4,271.89,109.70,412.94,950.28,1,-1,-1,-1
587,2,1157.04,195.17,158.85,568.48,1,-1,-1,-1
588,5,535.21,227.49,185.02,595.79,1,-1,-1,-1
588,4,302.00,89.46,415.23,982.86,1,-1,-1,-1
588,2,1145.30,189.12,161.30,567.83,1,-1,-1,-1
589,5,519.32,169.06,199.55,630.02,1,-1,-1,-1
589,4,318.61,117.98,422.38,956.90,1,-1,-1,-1
589,2,1115.39,196.65,170.53,551.48,1,-1,-1,-1
590,4,358.09,101.29,406.27,957.59,1,-1,-1,-1
590,2,1105.18,195.70,168.10,556.39,1,-1,-1,-1
591,4,377.80,95.34,408.94,971.27,1,-1,-1,-1
591,2,1085.21,200.00,185.68,555.79,1,-1,-1,-1
592,4,441.47,115.30,388.02,954.44,1,-1,-1,-1
592,2,1067.48,209.09,189.74,551.19,1,-1,-1,-1
593,4,480.38,117.84,376.68,945.81,1,-1,-1,-1
593,2,1062.12,211.73,188.79,551.68,1,-1,-1,-1
594,4,523.31,110.00,396.75,945.44,1,-1,-1,-1
594,2,1053.90,215.17,183.30,544.31,1,-1,-1,-1
595,4,555.04,69.30,414.03,951.24,1,-1,-1,-1
595,2,1039.94,206.92,177.33,548.65,1,-1,-1,-1
596,4,566.47,61.89,423.17,953.40,1,-1,-1,-1
596,2,1026.74,208.48,161.68,551.56,1,-1,-1,-1
597,4,585.20,138.83,478.36,876.38,1,-1,-1,-1
597,2,1016.11,203.88,158.91,533.18,1,-1,-1,-1
598,9,836.52,35.63,172.95,247.05,1,-1,-1,-1
598,4,632.46,131.27,444.77,890.57,1,-1,-1,-1
598,2,976.42,206.23,177.79,526.90,1,-1,-1,-1
599,9,871.82,37.50,171.67,251.30,1,-1,-1,-1
599,4,660.00,216.00,505.00,822.00,1,-1,-1,-1
599,2,986.60,204.51,171.23,530.08,1,-1,-1,-1
600,9,922.42,39.48,175.00,251.30,1,-1,-1,-1
600,5,883.00,57.00,259.00,842.00,1,-1,-1,-1
600,4,719.88,152.07,471.20,894.68,1,-1,-1,-1
600,3,728.00,205.00,190.00,733.00,1,-1,-1,-1
601,9,971.12,48.15,175.00,251.30,1,-1,-1,-1
601,5,917.36,42.27,259.00,842.00,1,-1,-1,-1
601,4,765.94,122.56,480.73,951.82,1,-1,-1,-1
601,3,759.74,194.60,208.00,756.98,1,-1,-1,-1
602,9,1018.48,43.48,175.00,251.30,1,-1,-1,-1
602,5,938.63,47.18,259.00,842.00,1,-1,-1,-1
602,4,795.08,113.31,496.33,978.24,1,-1,-1,-1
602,3,778.16,192.28,205.96,793.38,1,-1,-1,-1
603,4,817.93,98.63,502.75,986.04,1,-1,-1,-1
603,3,807.18,214.41,222.82,750.71,1,-1,-1,-1
604,5,1017.00,37.00,431.00,1031.00,1,-1,-1,-1
604,4,826.46,90.07,548.47,978.39,1,-1,-1,-1
604,3,821.76,211.26,265.63,757.94,1,-1,-1,-1
605,5,1054.91,15.26,447.54,1044.24,1,-1,-1,-1
605,4,850.05,162.06,472.62,856.00,1,-1,-1,-1
605,3,869.81,213.23,203.31,685.94,1,-1,-1,-1
606,5,1085.44,3.89,436.54,1044.24,1,-1,-1,-1
606,4,959.28,85.08,551.90,921.74,1,-1,-1,-1
606,3,864.61,224.18,247.57,709.74,1,-1,-1,-1
607,5,1047.43,27.14,531.48,1022.36,1,-1,-1,-1
607,4,874.00,221.00,313.00,734.00,1,-1,-1,-1
607,3,906.50,239.37,181.14,615.98,1,-1,-1,-1
608,5,1175.86,40.70,439.14,1018.99,1,-1,-1,-1
608,4,902.35,219.93,303.53,712.58,1,-1,-1,-1
608,3,888.59,231.22,179.55,608.73,1,-1,-1,-1
609,5,1166.54,58.36,491.26,989.56,1,-1,-1,-1
609,4,905.04,219.35,302.41,702.50,1,-1,-1,-1
609,2,856.00,219.00,173.00,593.00,1,-1,-1,-1
610,5,1256.33,75.98,469.69,973.82,1,-1,-1,-1
610,4,911.93,216.91,307.78,700.27,1,-1,-1,-1
610,2,846.71,214.61,185.18,599.72,1,-1,-1,-1
611,5,1218.00,75.00,590.00,967.00,1,-1,-1,-1
611,4,894.72,215.36,311.60,704.36,1,-1,-1,-1
611,2,833.03,223.38,197.85,616.89,1,-1,-1,-1
612,5,1256.29,77.36,579.32,952.46,1,-1,-1,-1
612,4,902.21,217.41,322.84,702.45,1,-1,-1,-1
612,2,817.56,224.99,202.18,629.09,1,-1,-1,-1
613,5,1300.47,60.88,582.99,975.51,1,-1,-1,-1
613,4,974.41,222.81,300.43,702.48,1,-1,-1,-1
613,2,805.14,222.46,201.47,639.66,1,-1,-1,-1
614,5,1320.22,55.20,588.01,986.80,1,-1,-1,-1
614,4,988.68,221.39,267.25,688.56,1,-1,-1,-1
614,2,791.87,213.53,202.50,652.47,1,-1,-1,-1
615,5,1353.90,34.95,575.80,1014.68,1,-1,-1,-1
615,4,992.66,223.80,262.83,662.81,1,-1,-1,-1
615,2,776.53,219.49,191.59,651.28,1,-1,-1,-1
616,5,1377.15,35.30,573.91,1012.34,1,-1,-1,-1
616,4,994.30,220.14,265.42,651.20,1,-1,-1,-1
616,2,753.47,211.76,195.43,657.69,1,-1,-1,-1
617,5,1391.92,44.72,562.94,1005.53,1,-1,-1,-1
617,4,988.78,215.15,263.32,646.09,1,-1,-1,-1
617,2,727.62,212.42,199.39,663.12,1,-1,-1,-1
618,5,1425.20,66.90,540.67,987.84,1,-1,-1,-1
618,4,988.65,222.03,258.22,631.90,1,-1,-1,-1
618,2,706.29,209.11,208.61,681.66,1,-1,-1,-1
619,5,1470.60,55.82,502.91,998.53,1,-1,-1,-1
619,4,980.59,213.50,247.44,647.06,1,-1,-1,-1
619,2,696.10,206.31,212.12,698.40,1,-1,-1,-1
620,5,1497.45,62.08,484.50,993.93,1,-1,-1,-1
620,4,971.85,218.78,248.44,636.46,1,-1,-1,-1
620,2,677.47,205.31,216.65,710.80,1,-1,-1,-1
621,5,1506.60,61.60,472.92,993.02,1,-1,-1,-1
621,4,965.10,222.09,246.70,626.97,1,-1,-1,-1
621,2,657.15,202.56,225.12,713.69,1,-1,-1,-1
622,5,1505.42,60.33,474.20,976.85,1,-1,-1,-1
622,4,948.41,230.02,249.02,605.29,1,-1,-1,-1
622,2,639.64,203.97,228.24,721.91,1,-1,-1,-1
623,5,1586.00,92.00,331.00,958.00,1,-1,-1,-1
623,4,940.92,235.06,240.94,594.54,1,-1,-1,-1
623,2,627.39,202.90,221.38,731.88,1,-1,-1,-1
624,5,1581.09,92.76,327.79,941.76,1,-1,-1,-1
624,4,932.51,233.16,230.54,578.11,1,-1,-1,-1
624,2,611.21,188.74,215.39,745.04,1,-1,-1,-1
625,5,1573.23,89.80,312.79,923.48,1,-1,-1,-1
625,4,931.34,239.70,223.03,564.10,1,-1,-1,-1
625,2,600.55,188.85,211.51,761.97,1,-1,-1,-1
626,5,1557.48,93.72,331.34,933.73,1,-1,-1,-1
626,4,927.69,240.72,213.15,562.31,1,-1,-1,-1
626,2,592.09,180.28,210.05,771.07,1,-1,-1,-1
627,5,1541.66,107.94,343.30,926.94,1,-1,-1,-1
627,4,917.05,230.39,214.02,568.74,1,-1,-1,-1
627,2,570.96,195.43,221.90,764.18,1,-1,-1,-1
628,5,1528.39,156.41,354.37,880.48,1,-1,-1,-1
628,4,893.63,239.83,232.18,556.96,1,-1,-1,-1
628,2,554.87,196.25,225.68,778.43,1,-1,-1,-1
629,5,1508.00,137.65,359.29,889.02,1,-1,-1,-1
629,4,870.89,241.71,243.73,552.98,1,-1,-1,-1
629,2,538.27,185.93,232.37,812.20,1,-1,-1,-1
630,5,1488.23,124.46,336.89,886.83,1,-1,-1,-1
630,4,857.53,241.03,238.67,558.30,1,-1,-1,-1
630,2,512.94,188.65,251.86,828.79,1,-1,-1,-1
631,5,1469.61,128.23,305.27,864.47,1,-1,-1,-1
631,4,826.34,244.77,244.70,554.88,1,-1,-1,-1
631,2,508.59,183.41,249.88,851.90,1,-1,-1,-1
632,5,1451.66,123.37,292.89,856.09,1,-1,-1,-1
632,4,811.31,248.93,231.68,548.95,1,-1,-1,-1
632,2,490.35,182.88,260.02,857.10,1,-1,-1,-1
633,5,1427.54,128.11,306.55,857.58,1,-1,-1,-1
633,4,815.36,236.52,205.94,567.04,1,-1,-1,-1
633,2,463.73,183.39,270.92,854.22,1,-1,-1,-1
634,5,1400.04,123.92,324.08,857.47,1,-1,-1,-1
634,4,791.77,251.96,196.14,549.12,1,-1,-1,-1
634,2,442.56,185.37,272.58,862.26,1,-1,-1,-1
635,5,1371.91,123.76,337.64,847.79,1,-1,-1,-1
635,4,765.99,253.89,197.15,547.12,1,-1,-1,-1
635,2,408.17,176.91,266.40,872.70,1,-1,-1,-1
636,5,1335.66,128.33,338.02,839.87,1,-1,-1,-1
636,4,724.94,249.68,226.66,556.60,1,-1,-1,-1
636,2,389.63,180.26,274.97,870.03,1,-1,-1,-1
637,5,1293.37,146.71,364.26,831.56,1,-1,-1,-1
637,4,684.67,248.16,256.60,563.56,1,-1,-1,-1
637,2,375.44,174.97,259.13,878.58,1,-1,-1,-1
638,5,1286.24,148.59,348.64,833.82,1,-1,-1,-1
638,4,677.66,251.89,257.24,567.37,1,-1,-1,-1
638,2,364.01,167.65,264.33,901.06,1,-1,-1,-1
639,5,1262.78,151.62,363.14,837.12,1,-1,-1,-1
639,4,673.22,250.76,247.44,576.03,1,-1,-1,-1
639,2,349.76,176.31,260.51,885.36,1,-1,-1,-1
640,5,1259.40,161.24,324.49,821.94,1,-1,-1,-1
640,4,655.25,256.18,242.58,574.16,1,-1,-1,-1
640,2,336.68,176.48,264.50,891.02,1,-1,-1,-1
641,5,1219.53,157.50,298.16,808.51,1,-1,-1,-1
641,4,644.72,250.84,236.71,584.65,1,-1,-1,-1
641,2,309.97,168.86,284.29,906.66,1,-1,-1,-1
642,5,1201.42,154.97,263.51,787.89,1,-1,-1,-1
642,4,620.34,251.02,245.06,581.41,1,-1,-1,-1
642,2,298.81,176.72,287.61,903.45,1,-1,-1,-1
643,5,1149.74,142.52,289.53,795.42,1,-1,-1,-1
643,4,593.52,232.40,245.23,609.54,1,-1,-1,-1
643,2,275.33,174.25,297.22,908.02,1,-1,-1,-1
