28,0,3.26,270.16,140.29,581.86,-1,-1,-1,-1
29,0,1.76,266.78,151.31,591.70,-1,-1,-1,-1
30,0,0.98,263.13,166.84,592.15,-1,-1,-1,-1
31,0,1.19,264.30,181.19,588.02,-1,-1,-1,-1
32,0,2.06,256.08,209.20,603.16,-1,-1,-1,-1
33,0,-1.40,249.95,257.95,610.46,-1,-1,-1,-1
34,0,1.81,255.79,287.00,596.24,-1,-1,-1,-1
35,0,11.58,262.47,291.50,585.86,-1,-1,-1,-1
36,0,26.00,255.20,283.37,599.78,-1,-1,-1,-1
37,0,45.34,257.20,268.29,594.62,-1,-1,-1,-1
38,0,59.52,258.58,257.79,592.33,-1,-1,-1,-1
39,0,68.90,252.03,254.95,600.72,-1,-1,-1,-1
40,0,73.81,245.74,268.81,612.46,-1,-1,-1,-1
41,0,83.36,236.97,269.33,631.24,-1,-1,-1,-1
42,0,87.37,231.59,288.91,646.37,-1,-1,-1,-1
43,0,98.79,234.67,298.26,638.99,-1,-1,-1,-1
44,0,107.91,235.46,305.02,650.87,-1,-1,-1,-1
45,0,116.80,236.57,303.30,660.26,-1,-1,-1,-1
46,0,123.79,234.63,297.01,671.44,-1,-1,-1,-1
47,0,135.05,229.45,281.84,687.26,-1,-1,-1,-1
48,0,142.11,229.33,275.24,687.66,-1,-1,-1,-1
49,0,145.92,227.64,271.53,690.26,-1,-1,-1,-1
50,0,150.24,230.15,268.95,681.99,-1,-1,-1,-1
51,0,155.63,231.41,282.01,681.01,-1,-1,-1,-1
52,0,164.10,228.56,308.61,685.75,-1,-1,-1,-1
53,0,178.34,223.76,322.18,694.67,-1,-1,-1,-1
54,0,202.16,226.61,311.32,695.28,-1,-1,-1,-1
55,0,222.06,226.44,296.79,699.43,-1,-1,-1,-1
56,0,243.94,217.26,274.75,716.95,-1,-1,-1,-1
57,0,256.34,214.53,266.55,720.33,-1,-1,-1,-1
58,0,268.70,208.93,265.14,730.10,-1,-1,-1,-1
59,0,280.75,204.28,286.20,739.13,-1,-1,-1,-1
60,0,288.73,204.18,312.02,737.18,-1,-1,-1,-1
61,0,301.80,204.20,312.90,743.80,-1,-1,-1,-1
62,0,320.02,196.65,324.38,769.60,-1,-1,-1,-1
63,0,335.16,190.23,328.69,789.75,-1,-1,-1,-1
64,0,352.80,194.29,317.48,793.63,-1,-1,-1,-1
65,0,373.28,187.16,299.91,806.74,-1,-1,-1,-1
66,0,392.50,184.74,270.89,811.98,-1,-1,-1,-1
67,0,408.58,182.66,256.11,814.43,-1,-1,-1,-1
68,0,425.50,184.72,251.16,812.95,-1,-1,-1,-1
69,0,442.68,184.44,259.18,812.12,-1,-1,-1,-1
70,0,456.01,196.10,294.13,796.06,-1,-1,-1,-1
71,0,469.58,189.08,340.39,811.23,-1,-1,-1,-1
72,0,496.62,191.42,340.29,808.85,-1,-1,-1,-1
73,0,521.42,195.61,323.91,801.93,-1,-1,-1,-1
74,0,538.56,194.36,310.36,811.71,-1,-1,-1,-1
75,0,560.14,191.03,293.30,815.78,-1,-1,-1,-1
76,0,590.29,174.97,265.60,837.08,-1,-1,-1,-1
77,0,632.59,177.94,235.09,834.88,-1,-1,-1,-1
78,0,662.82,171.97,234.03,853.32,-1,-1,-1,-1
79,0,679.76,165.97,266.57,864.42,-1,-1,-1,-1
80,0,694.74,164.01,309.79,873.48,-1,-1,-1,-1
81,0,716.23,158.68,329.00,895.60,-1,-1,-1,-1
82,0,741.69,165.34,326.84,890.67,-1,-1,-1,-1
83,0,759.38,172.54,319.20,886.08,-1,-1,-1,-1
84,0,795.94,173.19,279.22,889.26,-1,-1,-1,-1
85,0,826.91,167.13,245.94,895.20,-1,-1,-1,-1
86,0,849.40,153.38,236.43,912.57,-1,-1,-1,-1
87,0,875.15,144.31,236.80,923.36,-1,-1,-1,-1
88,0,891.37,149.87,257.85,908.82,-1,-1,-1,-1
89,0,894.06,152.32,315.53,908.14,-1,-1,-1,-1
90,0,901.34,151.74,349.92,914.15,-1,-1,-1,-1
91,0,919.68,164.58,350.07,894.75,-1,-1,-1,-1
92,0,946.39,173.92,330.24,873.08,-1,-1,-1,-1
93,0,981.74,180.48,304.84,862.29,-1,-1,-1,-1
94,0,1026.42,170.83,273.02,860.54,-1,-1,-1,-1
95,0,1060.63,167.25,259.46,857.36,-1,-1,-1,-1
96,0,1079.16,162.63,272.50,869.64,-1,-1,-1,-1
97,0,1094.48,159.26,312.30,869.81,-1,-1,-1,-1
98,0,1113.71,148.54,329.43,882.02,-1,-1,-1,-1
99,0,1130.41,154.50,327.21,869.35,-1,-1,-1,-1
100,0,1139.87,158.59,325.90,862.14,-1,-1,-1,-1
101,0,1152.33,164.55,314.81,855.68,-1,-1,-1,-1
102,0,1170.97,168.39,302.11,842.96,-1,-1,-1,-1
103,0,1195.73,160.37,282.59,849.87,-1,-1,-1,-1
104,0,1212.55,155.34,282.91,848.61,-1,-1,-1,-1
105,0,1212.40,151.07,296.63,845.17,-1,-1,-1,-1
106,0,1212.04,161.08,305.26,817.11,-1,-1,-1,-1
107,0,1204.90,153.01,316.12,834.64,-1,-1,-1,-1
108,0,1210.13,151.46,308.99,840.58,-1,-1,-1,-1
109,0,1214.97,160.79,303.42,825.63,-1,-1,-1,-1
110,0,1226.21,164.85,287.18,818.56,-1,-1,-1,-1
111,0,1233.24,174.67,271.42,796.59,-1,-1,-1,-1
112,0,1236.52,179.82,253.72,780.92,-1,-1,-1,-1
113,0,1234.81,178.45,247.41,764.38,-1,-1,-1,-1
114,0,1233.77,183.36,239.04,745.75,-1,-1,-1,-1
115,0,1225.89,180.61,234.63,745.03,-1,-1,-1,-1
116,0,1220.35,183.06,227.72,738.18,-1,-1,-1,-1
117,0,1214.34,185.62,222.69,732.92,-1,-1,-1,-1
118,0,1207.10,184.80,217.46,731.50,-1,-1,-1,-1
119,0,1196.34,181.29,215.98,735.43,-1,-1,-1,-1
120,0,1188.42,192.40,215.45,698.17,-1,-1,-1,-1
121,0,1181.32,190.75,213.19,689.89,-1,-1,-1,-1
122,0,1178.98,184.54,202.50,691.99,-1,-1,-1,-1
123,0,1178.93,178.08,187.93,697.57,-1,-1,-1,-1
124,0,1173.13,182.46,179.71,690.55,-1,-1,-1,-1
124,1,13.07,255.69,227.40,554.85,-1,-1,-1,-1
125,0,1162.90,185.10,179.29,677.85,-1,-1,-1,-1
125,1,17.21,249.68,226.88,553.46,-1,-1,-1,-1
126,0,1130.03,198.29,213.26,647.88,-1,-1,-1,-1
126,1,42.19,235.76,210.11,571.88,-1,-1,-1,-1
127,0,1100.58,206.42,237.04,634.57,-1,-1,-1,-1
127,1,56.33,234.46,224.09,573.39,-1,-1,-1,-1
128,0,1083.97,211.30,250.28,627.87,-1,-1,-1,-1
128,1,76.24,234.41,248.20,574.42,-1,-1,-1,-1
129,0,1074.06,208.51,257.12,634.66,-1,-1,-1,-1
129,1,99.09,232.06,265.92,574.60,-1,-1,-1,-1
130,0,1073.24,202.32,245.08,646.30,-1,-1,-1,-1
130,1,121.41,235.82,268.55,568.63,-1,-1,-1,-1
131,0,1073.07,200.43,222.13,650.87,-1,-1,-1,-1
131,1,152.32,239.54,247.54,563.46,-1,-1,-1,-1
132,0,1067.71,204.91,207.76,645.10,-1,-1,-1,-1
132,1,168.15,245.25,242.80,558.36,-1,-1,-1,-1
133,0,1053.49,205.25,197.21,641.26,-1,-1,-1,-1
133,1,204.65,236.79,209.83,567.89,-1,-1,-1,-1
134,0,1033.07,209.34,201.36,631.16,-1,-1,-1,-1
134,1,234.00,233.11,184.29,563.37,-1,-1,-1,-1
135,0,1007.70,211.31,214.29,629.01,-1,-1,-1,-1
135,1,256.51,231.81,174.25,562.40,-1,-1,-1,-1
136,0,989.07,210.34,225.05,632.06,-1,-1,-1,-1
136,1,272.98,230.24,195.16,561.61,-1,-1,-1,-1
137,0,978.08,225.57,231.22,604.52,-1,-1,-1,-1
137,1,285.72,232.50,239.64,560.21,-1,-1,-1,-1
138,0,981.66,223.94,222.91,606.86,-1,-1,-1,-1
138,1,306.49,229.53,245.88,566.25,-1,-1,-1,-1
139,0,987.91,222.01,214.39,597.89,-1,-1,-1,-1
139,1,333.84,233.08,232.99,561.94,-1,-1,-1,-1
140,0,995.69,224.08,206.94,581.61,-1,-1,-1,-1
140,1,366.51,239.15,208.11,553.00,-1,-1,-1,-1
141,0,1003.76,226.02,203.70,566.59,-1,-1,-1,-1
141,1,397.33,230.45,189.38,567.47,-1,-1,-1,-1
142,0,1012.15,229.12,195.26,552.93,-1,-1,-1,-1
142,1,420.20,226.11,192.96,587.92,-1,-1,-1,-1
143,0,1020.17,227.33,188.14,552.92,-1,-1,-1,-1
143,1,440.67,228.58,191.10,579.40,-1,-1,-1,-1
144,0,1035.26,222.54,176.87,558.65,-1,-1,-1,-1
144,1,458.60,229.55,214.52,573.38,-1,-1,-1,-1
145,0,1046.57,224.47,168.94,554.62,-1,-1,-1,-1
145,1,468.79,233.18,244.35,565.39,-1,-1,-1,-1
146,0,1057.63,222.29,163.80,560.60,-1,-1,-1,-1
146,1,484.27,233.74,255.07,564.27,-1,-1,-1,-1
147,0,1066.35,223.36,160.53,560.45,-1,-1,-1,-1
147,1,503.52,227.08,252.40,576.95,-1,-1,-1,-1
148,0,1066.53,224.74,167.56,555.57,-1,-1,-1,-1
148,1,530.19,221.21,236.13,584.27,-1,-1,-1,-1
149,0,1069.88,227.41,171.77,544.19,-1,-1,-1,-1
149,1,558.49,225.19,213.11,575.03,-1,-1,-1,-1
150,0,1077.15,227.86,170.77,538.17,-1,-1,-1,-1
150,1,597.32,218.82,178.80,580.95,-1,-1,-1,-1
151,0,1093.05,228.86,157.56,534.26,-1,-1,-1,-1
151,1,618.78,217.55,178.27,582.98,-1,-1,-1,-1
152,0,1100.10,225.23,156.99,545.32,-1,-1,-1,-1
152,1,635.73,220.89,203.45,576.98,-1,-1,-1,-1
153,0,1105.06,220.05,178.41,560.86,-1,-1,-1,-1
153,1,645.53,219.62,249.07,574.82,-1,-1,-1,-1
154,0,1109.95,217.86,194.49,568.81,-1,-1,-1,-1
154,1,661.38,220.84,258.43,570.72,-1,-1,-1,-1
155,0,1115.23,218.26,215.33,572.99,-1,-1,-1,-1
155,1,693.03,216.11,231.36,576.06,-1,-1,-1,-1
156,0,1123.94,212.96,230.71,588.39,-1,-1,-1,-1
156,1,722.81,216.80,209.43,575.63,-1,-1,-1,-1
157,0,1142.95,213.84,224.28,589.04,-1,-1,-1,-1
157,1,763.41,216.19,174.87,582.26,-1,-1,-1,-1
158,0,1164.34,213.55,203.70,594.58,-1,-1,-1,-1
158,1,793.85,216.24,163.67,579.74,-1,-1,-1,-1
159,0,1177.72,219.31,190.21,584.82,-1,-1,-1,-1
159,1,810.61,215.87,167.31,581.39,-1,-1,-1,-1
160,0,1185.57,227.44,181.45,575.31,-1,-1,-1,-1
160,1,813.95,215.15,198.60,578.24,-1,-1,-1,-1
161,0,1190.46,228.02,187.93,575.94,-1,-1,-1,-1
161,1,816.18,214.96,226.94,574.56,-1,-1,-1,-1
162,0,1192.64,223.89,214.47,589.96,-1,-1,-1,-1
162,1,823.05,219.54,247.70,564.32,-1,-1,-1,-1
163,0,1198.20,218.54,234.63,609.14,-1,-1,-1,-1
163,1,845.97,226.10,243.02,552.68,-1,-1,-1,-1
164,0,1211.98,215.05,227.89,624.02,-1,-1,-1,-1
164,1,894.15,218.99,195.81,552.49,-1,-1,-1,-1
165,0,1223.84,214.05,219.93,634.11,-1,-1,-1,-1
165,1,935.42,212.45,154.01,554.59,-1,-1,-1,-1
166,0,1232.07,216.36,220.25,633.84,-1,-1,-1,-1
166,1,956.13,210.55,159.45,559.65,-1,-1,-1,-1
167,0,1237.95,212.02,225.24,640.32,-1,-1,-1,-1
167,1,979.13,209.50,165.28,564.94,-1,-1,-1,-1
168,0,1243.51,200.04,231.88,657.52,-1,-1,-1,-1
168,1,995.68,208.19,186.68,569.48,-1,-1,-1,-1
169,0,1248.70,196.89,234.30,661.85,-1,-1,-1,-1
169,1,994.85,216.85,237.13,558.12,-1,-1,-1,-1
170,0,1258.32,190.59,231.11,675.64,-1,-1,-1,-1
170,1,999.50,241.24,261.51,522.94,-1,-1,-1,-1
171,0,1258.02,187.94,240.80,692.70,-1,-1,-1,-1
171,1,1015.42,228.98,262.33,541.30,-1,-1,-1,-1
172,0,1259.22,192.84,244.74,693.12,-1,-1,-1,-1
172,1,1042.69,223.24,240.73,548.54,-1,-1,-1,-1
173,0,1265.90,186.51,238.70,720.39,-1,-1,-1,-1
173,1,1082.57,213.89,192.30,562.16,-1,-1,-1,-1
174,0,1264.76,179.64,240.48,738.46,-1,-1,-1,-1
174,1,1116.46,208.44,169.25,568.24,-1,-1,-1,-1
175,0,1262.96,181.60,241.41,742.85,-1,-1,-1,-1
175,1,1141.37,197.63,157.00,578.79,-1,-1,-1,-1
176,0,1262.99,179.99,236.01,756.42,-1,-1,-1,-1
176,1,1164.07,199.50,144.39,558.98,-1,-1,-1,-1
177,0,1245.29,185.03,257.92,746.24,-1,-1,-1,-1
177,1,1177.29,203.26,139.91,551.03,-1,-1,-1,-1
178,0,1220.99,185.25,283.20,744.59,-1,-1,-1,-1
178,1,1195.67,203.78,138.43,545.20,-1,-1,-1,-1
179,0,1210.78,187.83,285.79,750.53,-1,-1,-1,-1
179,1,1214.05,204.31,136.94,539.37,-1,-1,-1,-1
180,0,1205.31,184.91,286.20,766.66,-1,-1,-1,-1
180,1,1232.43,204.83,135.45,533.53,-1,-1,-1,-1
181,0,1210.26,188.45,273.45,761.22,-1,-1,-1,-1
181,1,1250.81,205.35,133.96,527.70,-1,-1,-1,-1
182,0,1210.74,193.10,266.08,775.15,-1,-1,-1,-1
183,0,1209.39,196.43,253.25,778.88,-1,-1,-1,-1
184,0,1204.74,196.85,244.28,780.22,-1,-1,-1,-1
184,1,1301.23,183.44,251.06,611.69,-1,-1,-1,-1
185,0,1207.30,190.78,219.62,800.45,-1,-1,-1,-1
185,1,1312.34,184.73,304.17,621.35,-1,-1,-1,-1
186,0,1199.49,185.34,215.81,800.44,-1,-1,-1,-1
186,1,1326.49,184.10,328.90,627.99,-1,-1,-1,-1
187,0,1190.14,180.37,208.95,800.86,-1,-1,-1,-1
187,1,1345.35,189.28,337.16,625.23,-1,-1,-1,-1
188,0,1172.24,172.73,224.54,823.38,-1,-1,-1,-1
188,1,1367.45,192.23,324.01,624.06,-1,-1,-1,-1
189,0,1146.13,173.28,244.93,809.75,-1,-1,-1,-1
189,1,1387.39,191.32,301.76,627.14,-1,-1,-1,-1
190,0,1132.22,181.27,245.88,790.19,-1,-1,-1,-1
190,1,1400.20,189.52,281.18,629.19,-1,-1,-1,-1
191,0,1115.56,181.45,260.52,786.50,-1,-1,-1,-1
191,1,1406.98,187.93,269.05,627.66,-1,-1,-1,-1
192,0,1103.41,183.02,261.49,784.34,-1,-1,-1,-1
192,1,1413.56,185.84,258.06,636.85,-1,-1,-1,-1
193,0,1100.63,187.30,246.85,776.63,-1,-1,-1,-1
193,1,1420.06,172.80,252.33,668.66,-1,-1,-1,-1
194,0,1087.93,192.39,241.40,764.95,-1,-1,-1,-1
194,1,1428.40,169.05,245.70,682.47,-1,-1,-1,-1
195,0,1080.16,196.72,233.48,746.07,-1,-1,-1,-1
195,1,1435.72,165.68,247.67,692.60,-1,-1,-1,-1
196,0,1074.78,196.48,227.31,740.56,-1,-1,-1,-1
196,1,1440.27,176.81,254.56,671.52,-1,-1,-1,-1
197,0,1065.72,202.18,229.89,719.66,-1,-1,-1,-1
197,1,1443.38,173.77,262.90,673.17,-1,-1,-1,-1
198,0,1056.35,198.03,228.41,723.07,-1,-1,-1,-1
198,1,1448.87,170.21,267.56,678.08,-1,-1,-1,-1
199,0,1049.58,204.14,225.65,708.67,-1,-1,-1,-1
199,1,1454.42,164.20,265.23,694.21,-1,-1,-1,-1
200,0,1040.20,209.83,227.76,694.89,-1,-1,-1,-1
200,1,1459.26,156.83,258.64,716.11,-1,-1,-1,-1
201,0,1028.05,216.47,232.64,677.53,-1,-1,-1,-1
201,1,1467.39,149.37,238.53,742.19,-1,-1,-1,-1
202,0,1021.13,205.65,233.42,693.92,-1,-1,-1,-1
202,1,1462.69,143.89,233.47,762.07,-1,-1,-1,-1
203,0,1010.03,210.60,242.67,670.99,-1,-1,-1,-1
203,1,1455.40,144.88,230.93,772.62,-1,-1,-1,-1
204,0,1003.93,198.04,239.60,680.77,-1,-1,-1,-1
204,1,1443.96,150.18,232.61,774.52,-1,-1,-1,-1
205,0,998.77,203.77,242.89,659.23,-1,-1,-1,-1
205,1,1430.60,159.06,235.03,760.16,-1,-1,-1,-1
206,0,997.61,210.59,232.75,643.12,-1,-1,-1,-1
206,1,1426.04,156.75,223.64,763.25,-1,-1,-1,-1
207,0,995.55,213.97,223.38,636.32,-1,-1,-1,-1
207,1,1416.92,155.43,216.48,768.72,-1,-1,-1,-1
208,0,993.27,213.53,213.31,638.75,-1,-1,-1,-1
208,1,1404.44,153.99,205.49,769.53,-1,-1,-1,-1
209,0,986.23,220.16,208.78,632.61,-1,-1,-1,-1
209,1,1373.38,156.18,222.18,762.31,-1,-1,-1,-1
209,3,15.27,253.53,242.80,573.40,-1,-1,-1,-1
210,0,979.67,222.29,202.38,627.39,-1,-1,-1,-1
210,1,1333.68,161.64,257.88,763.82,-1,-1,-1,-1
210,3,20.87,256.86,239.17,570.80,-1,-1,-1,-1
211,0,981.14,222.92,188.85,617.49,-1,-1,-1,-1
211,1,1287.14,165.69,300.49,763.45,-1,-1,-1,-1
211,3,21.40,251.04,239.05,578.06,-1,-1,-1,-1
212,0,985.02,227.25,176.90,602.22,-1,-1,-1,-1
212,1,1256.31,164.23,317.13,774.11,-1,-1,-1,-1
212,3,29.71,247.99,234.22,581.27,-1,-1,-1,-1
213,0,989.58,229.64,170.71,583.73,-1,-1,-1,-1
213,1,1239.46,175.78,316.61,765.24,-1,-1,-1,-1
213,3,35.85,245.56,245.34,576.98,-1,-1,-1,-1
214,0,990.03,229.72,166.87,581.39,-1,-1,-1,-1
214,1,1233.04,168.31,283.81,777.35,-1,-1,-1,-1
214,3,45.75,239.78,254.20,585.09,-1,-1,-1,-1
215,0,978.87,225.86,180.83,581.20,-1,-1,-1,-1
215,1,1215.22,164.92,252.93,783.19,-1,-1,-1,-1
215,3,59.45,241.40,253.64,587.22,-1,-1,-1,-1
216,0,961.28,224.17,202.31,576.03,-1,-1,-1,-1
216,1,1188.49,158.94,235.97,789.96,-1,-1,-1,-1
216,3,70.48,242.32,254.44,590.24,-1,-1,-1,-1
217,0,946.77,223.44,217.85,574.10,-1,-1,-1,-1
217,1,1165.01,149.40,220.49,801.72,-1,-1,-1,-1
217,3,77.17,243.09,257.87,589.66,-1,-1,-1,-1
218,0,937.64,219.23,219.74,581.93,-1,-1,-1,-1
218,1,1117.38,145.62,244.45,805.44,-1,-1,-1,-1
218,3,89.58,247.42,248.97,584.90,-1,-1,-1,-1
219,0,931.05,217.77,209.82,581.84,-1,-1,-1,-1
219,1,1051.73,152.06,297.70,798.36,-1,-1,-1,-1
219,3,101.29,245.20,240.23,597.56,-1,-1,-1,-1
220,0,928.13,216.01,191.93,583.92,-1,-1,-1,-1
220,1,991.91,154.73,350.67,809.39,-1,-1,-1,-1
220,3,110.35,243.98,236.54,600.34,-1,-1,-1,-1
221,0,923.92,218.95,173.53,588.55,-1,-1,-1,-1
221,1,974.13,172.69,351.20,780.84,-1,-1,-1,-1
221,3,117.51,241.76,236.40,605.29,-1,-1,-1,-1
222,0,916.69,233.69,151.64,561.16,-1,-1,-1,-1
222,1,948.30,175.26,357.95,777.03,-1,-1,-1,-1
222,3,121.80,241.20,246.98,610.49,-1,-1,-1,-1
223,0,905.67,235.80,142.79,539.21,-1,-1,-1,-1
223,1,945.24,174.56,314.78,767.82,-1,-1,-1,-1
223,3,129.56,240.23,249.19,611.96,-1,-1,-1,-1
224,0,893.42,232.27,146.53,547.54,-1,-1,-1,-1
224,1,923.93,178.21,278.91,753.94,-1,-1,-1,-1
224,3,134.88,237.57,256.53,624.10,-1,-1,-1,-1
225,0,877.08,227.33,149.76,557.01,-1,-1,-1,-1
225,1,883.60,168.61,275.37,768.81,-1,-1,-1,-1
225,3,141.37,227.82,248.00,653.30,-1,-1,-1,-1
226,0,864.97,225.29,150.22,558.72,-1,-1,-1,-1
226,1,864.59,159.59,263.34,785.87,-1,-1,-1,-1
226,3,144.03,225.87,244.54,668.33,-1,-1,-1,-1
227,0,852.87,223.25,150.67,560.44,-1,-1,-1,-1
227,1,836.65,159.41,284.69,794.38,-1,-1,-1,-1
227,3,148.06,230.66,240.98,668.81,-1,-1,-1,-1
228,0,840.76,221.21,151.13,562.15,-1,-1,-1,-1
228,1,788.58,175.54,334.66,768.98,-1,-1,-1,-1
228,3,149.23,228.74,240.52,677.40,-1,-1,-1,-1
229,0,828.66,219.17,151.58,563.87,-1,-1,-1,-1
229,1,764.19,175.60,346.62,770.37,-1,-1,-1,-1
229,3,150.12,227.26,242.08,682.97,-1,-1,-1,-1
230,1,750.99,177.44,336.58,768.28,-1,-1,-1,-1
230,3,151.24,227.40,242.65,681.82,-1,-1,-1,-1
231,1,736.59,170.70,325.41,782.84,-1,-1,-1,-1
231,3,148.88,216.35,247.54,697.50,-1,-1,-1,-1
232,1,729.84,169.39,296.15,785.77,-1,-1,-1,-1
232,3,148.77,211.03,245.46,707.37,-1,-1,-1,-1
233,1,721.24,167.24,285.46,793.70,-1,-1,-1,-1
233,3,146.54,206.99,246.42,717.27,-1,-1,-1,-1
234,0,841.06,220.56,189.36,586.28,-1,-1,-1,-1
234,1,694.24,168.24,296.43,792.40,-1,-1,-1,-1
234,3,141.41,207.20,257.09,731.23,-1,-1,-1,-1
235,0,837.24,223.76,194.07,582.73,-1,-1,-1,-1
235,1,648.93,161.41,305.74,805.99,-1,-1,-1,-1
235,3,139.02,210.45,260.43,735.29,-1,-1,-1,-1
236,0,835.89,228.71,191.85,571.11,-1,-1,-1,-1
236,1,597.78,161.37,326.31,800.04,-1,-1,-1,-1
236,3,136.73,212.43,259.66,749.84,-1,-1,-1,-1
237,0,829.80,231.93,195.99,567.16,-1,-1,-1,-1
237,1,548.35,155.79,357.95,806.32,-1,-1,-1,-1
237,3,131.68,214.58,261.72,758.75,-1,-1,-1,-1
238,0,828.15,235.06,194.36,564.35,-1,-1,-1,-1
238,1,511.24,167.07,385.76,793.02,-1,-1,-1,-1
238,3,122.27,217.64,267.29,758.03,-1,-1,-1,-1
239,0,830.30,232.06,191.54,577.59,-1,-1,-1,-1
239,1,495.85,174.17,386.24,786.15,-1,-1,-1,-1
239,3,109.33,211.80,277.93,772.61,-1,-1,-1,-1
240,0,829.90,235.16,190.55,572.18,-1,-1,-1,-1
240,1,510.01,174.06,322.97,785.27,-1,-1,-1,-1
240,3,96.00,205.53,289.01,787.37,-1,-1,-1,-1
241,0,830.63,232.09,188.77,575.98,-1,-1,-1,-1
241,1,520.41,172.94,250.66,781.05,-1,-1,-1,-1
241,3,78.06,202.60,305.07,797.26,-1,-1,-1,-1
242,0,830.75,236.88,191.09,566.51,-1,-1,-1,-1
242,1,502.06,180.18,234.75,766.42,-1,-1,-1,-1
242,3,64.79,199.20,312.75,806.28,-1,-1,-1,-1
243,0,828.96,236.56,194.69,565.53,-1,-1,-1,-1
243,1,474.82,166.81,232.04,795.13,-1,-1,-1,-1
243,3,61.00,188.42,307.88,843.58,-1,-1,-1,-1
244,0,829.03,236.99,192.83,562.65,-1,-1,-1,-1
244,1,440.58,166.79,257.83,797.32,-1,-1,-1,-1
244,3,54.41,185.25,312.77,860.21,-1,-1,-1,-1
245,0,829.77,235.24,189.58,563.87,-1,-1,-1,-1
245,1,399.77,175.00,296.89,786.38,-1,-1,-1,-1
245,3,48.76,186.36,319.67,869.02,-1,-1,-1,-1
246,0,831.14,226.15,188.05,580.80,-1,-1,-1,-1
246,1,377.13,171.78,302.88,788.67,-1,-1,-1,-1
246,3,46.98,189.73,321.14,865.18,-1,-1,-1,-1
247,0,827.89,229.69,192.85,572.56,-1,-1,-1,-1
247,1,357.44,173.73,316.79,784.64,-1,-1,-1,-1
247,3,44.31,188.35,326.23,865.77,-1,-1,-1,-1
248,0,830.45,238.26,186.50,558.05,-1,-1,-1,-1
248,1,345.00,165.72,323.68,805.16,-1,-1,-1,-1
248,3,42.05,183.45,333.69,874.55,-1,-1,-1,-1
249,0,832.36,242.43,185.53,547.75,-1,-1,-1,-1
249,1,338.25,171.90,311.36,805.31,-1,-1,-1,-1
249,3,39.21,177.99,341.29,883.80,-1,-1,-1,-1
250,0,830.37,244.67,185.01,537.44,-1,-1,-1,-1
250,1,334.17,177.00,279.77,799.41,-1,-1,-1,-1
250,3,36.64,174.95,350.31,888.24,-1,-1,-1,-1
251,0,831.05,245.14,179.34,538.11,-1,-1,-1,-1
251,1,324.42,176.09,245.26,794.79,-1,-1,-1,-1
251,3,33.91,167.14,362.62,902.69,-1,-1,-1,-1
252,0,828.58,241.63,181.70,549.96,-1,-1,-1,-1
252,1,309.65,175.64,225.04,801.00,-1,-1,-1,-1
252,3,29.46,161.11,386.27,910.30,-1,-1,-1,-1
253,0,826.21,241.94,182.82,549.70,-1,-1,-1,-1
253,1,291.64,170.33,215.53,812.79,-1,-1,-1,-1
253,3,24.13,151.46,400.37,921.57,-1,-1,-1,-1
254,0,821.56,237.04,189.62,561.51,-1,-1,-1,-1
254,1,278.33,168.73,213.20,813.27,-1,-1,-1,-1
254,3,27.05,149.86,395.24,923.42,-1,-1,-1,-1
255,0,818.10,237.75,197.63,563.73,-1,-1,-1,-1
255,1,269.46,170.48,210.66,810.38,-1,-1,-1,-1
255,3,15.91,145.56,431.40,925.93,-1,-1,-1,-1
256,0,812.39,240.44,210.22,561.88,-1,-1,-1,-1
256,1,256.87,173.19,210.92,804.36,-1,-1,-1,-1
256,3,16.01,149.00,441.83,917.88,-1,-1,-1,-1
257,0,808.87,239.12,222.39,566.08,-1,-1,-1,-1
257,1,240.07,174.74,210.29,802.04,-1,-1,-1,-1
257,3,20.13,156.95,449.39,903.76,-1,-1,-1,-1
258,0,806.41,239.26,235.15,564.85,-1,-1,-1,-1
258,1,223.27,176.29,209.67,799.73,-1,-1,-1,-1
258,3,16.74,152.08,452.17,908.12,-1,-1,-1,-1
259,0,810.82,239.92,238.15,561.23,-1,-1,-1,-1
259,1,206.46,177.85,209.04,797.41,-1,-1,-1,-1
259,3,17.13,136.21,441.66,931.23,-1,-1,-1,-1
260,0,822.04,238.11,231.33,564.38,-1,-1,-1,-1
260,1,189.66,179.40,208.41,795.09,-1,-1,-1,-1
260,3,18.19,118.59,435.18,955.84,-1,-1,-1,-1
261,0,834.64,235.14,219.85,571.54,-1,-1,-1,-1
261,3,21.40,106.42,437.67,973.16,-1,-1,-1,-1
262,0,849.93,232.73,211.61,574.17,-1,-1,-1,-1
262,3,25.82,98.66,453.64,976.83,-1,-1,-1,-1
263,0,869.48,229.18,197.95,582.00,-1,-1,-1,-1
263,3,69.06,116.20,417.36,951.61,-1,-1,-1,-1
264,0,886.23,223.76,189.14,596.71,-1,-1,-1,-1
264,3,95.37,115.25,409.74,944.71,-1,-1,-1,-1
265,0,900.79,222.14,188.61,603.92,-1,-1,-1,-1
265,1,20.88,166.24,287.89,828.10,-1,-1,-1,-1
265,3,142.41,109.91,384.44,956.53,-1,-1,-1,-1
266,0,910.58,225.27,196.10,603.50,-1,-1,-1,-1
266,1,3.62,162.07,291.02,852.16,-1,-1,-1,-1
266,3,172.42,104.15,379.98,966.73,-1,-1,-1,-1
267,0,927.21,235.38,190.45,574.89,-1,-1,-1,-1
267,1,-13.23,145.92,307.47,895.61,-1,-1,-1,-1
267,3,205.89,92.37,376.50,978.16,-1,-1,-1,-1
268,0,940.15,223.74,196.01,615.80,-1,-1,-1,-1
268,1,-19.50,138.87,320.68,910.99,-1,-1,-1,-1
268,3,229.58,76.36,399.38,1001.97,-1,-1,-1,-1
269,0,948.85,219.54,206.38,634.04,-1,-1,-1,-1
269,1,-21.84,135.70,333.04,922.75,-1,-1,-1,-1
269,3,259.04,72.46,403.07,1002.06,-1,-1,-1,-1
270,0,958.44,227.63,211.28,628.96,-1,-1,-1,-1
270,1,-21.98,134.08,345.63,933.38,-1,-1,-1,-1
270,3,287.38,67.53,420.64,1000.65,-1,-1,-1,-1
271,0,968.63,225.74,217.71,628.89,-1,-1,-1,-1
271,1,-22.76,128.63,365.25,941.21,-1,-1,-1,-1
271,3,321.28,46.50,425.28,1030.53,-1,-1,-1,-1
272,0,984.96,220.46,203.60,640.68,-1,-1,-1,-1
272,1,-18.64,124.19,374.15,944.28,-1,-1,-1,-1
272,3,360.53,61.92,421.70,1006.88,-1,-1,-1,-1
273,0,1001.90,215.88,189.87,652.43,-1,-1,-1,-1
273,1,-15.15,123.85,391.05,942.89,-1,-1,-1,-1
273,3,408.60,45.09,400.24,1031.20,-1,-1,-1,-1
274,0,1016.70,193.47,185.21,691.38,-1,-1,-1,-1
274,1,-10.60,118.13,411.26,952.41,-1,-1,-1,-1
274,3,462.49,43.94,369.93,1024.39,-1,-1,-1,-1
275,0,1029.51,201.11,186.08,676.23,-1,-1,-1,-1
275,1,-2.83,111.93,400.36,953.06,-1,-1,-1,-1
275,3,510.14,35.00,342.11,1036.18,-1,-1,-1,-1
276,0,1043.94,200.07,201.19,675.93,-1,-1,-1,-1
276,1,1.83,106.66,422.94,959.85,-1,-1,-1,-1
276,3,562.66,22.24,324.26,1048.59,-1,-1,-1,-1
277,0,1049.25,215.48,243.21,651.44,-1,-1,-1,-1
277,1,1.37,94.06,440.38,981.98,-1,-1,-1,-1
277,3,606.60,25.60,322.10,1044.82,-1,-1,-1,-1
278,0,1064.90,221.62,256.60,645.24,-1,-1,-1,-1
278,1,9.86,90.40,457.53,983.47,-1,-1,-1,-1
278,3,649.97,26.85,335.01,1040.80,-1,-1,-1,-1
279,0,1074.86,208.59,265.28,668.03,-1,-1,-1,-1
279,1,17.02,86.45,470.73,976.98,-1,-1,-1,-1
279,3,700.76,16.34,340.50,1049.26,-1,-1,-1,-1
280,0,1085.03,208.77,270.96,663.19,-1,-1,-1,-1
280,1,44.26,92.76,477.80,961.78,-1,-1,-1,-1
280,3,750.91,22.86,365.01,1039.21,-1,-1,-1,-1
281,0,1119.28,207.75,234.37,663.41,-1,-1,-1,-1
281,1,79.15,85.92,477.77,965.70,-1,-1,-1,-1
281,3,797.16,38.41,385.08,1018.60,-1,-1,-1,-1
282,0,1147.25,199.14,211.76,674.12,-1,-1,-1,-1
282,1,118.19,83.72,466.81,971.40,-1,-1,-1,-1
282,3,840.13,35.87,404.14,1031.70,-1,-1,-1,-1
283,0,1169.13,195.85,195.69,675.88,-1,-1,-1,-1
283,1,160.18,70.75,436.61,994.83,-1,-1,-1,-1
283,3,890.67,60.36,400.96,996.37,-1,-1,-1,-1
284,0,1181.38,190.03,203.58,677.07,-1,-1,-1,-1
284,1,191.83,68.70,410.64,999.16,-1,-1,-1,-1
284,3,947.90,48.22,383.81,1016.09,-1,-1,-1,-1
285,0,1194.21,191.80,224.14,672.63,-1,-1,-1,-1
285,1,218.15,53.73,399.44,1015.57,-1,-1,-1,-1
285,3,991.43,60.15,363.89,992.56,-1,-1,-1,-1
286,0,1200.34,174.72,256.69,699.65,-1,-1,-1,-1
286,1,238.43,42.88,423.38,1030.23,-1,-1,-1,-1
286,3,1034.41,71.13,384.99,980.62,-1,-1,-1,-1
287,0,1228.25,208.07,250.16,576.61,-1,-1,-1,-1
287,1,260.99,34.71,474.72,1037.02,-1,-1,-1,-1
287,3,1072.79,66.85,379.33,991.90,-1,-1,-1,-1
288,0,1258.05,225.77,229.07,527.94,-1,-1,-1,-1
288,1,285.95,26.47,479.46,1047.32,-1,-1,-1,-1
288,3,1106.94,50.76,387.25,1018.33,-1,-1,-1,-1
289,0,1287.84,243.48,207.97,479.27,-1,-1,-1,-1
289,1,310.90,18.24,484.21,1057.63,-1,-1,-1,-1
289,3,1126.82,48.16,394.16,1023.57,-1,-1,-1,-1
290,0,1317.64,261.19,186.87,430.61,-1,-1,-1,-1
290,1,335.86,10.00,488.95,1067.93,-1,-1,-1,-1
290,3,1165.46,61.66,378.73,1007.70,-1,-1,-1,-1
291,0,1347.44,278.90,165.77,381.94,-1,-1,-1,-1
291,1,416.01,62.37,458.60,1002.50,-1,-1,-1,-1
291,3,1196.22,53.74,376.90,1016.23,-1,-1,-1,-1
292,1,457.67,39.85,446.69,1033.59,-1,-1,-1,-1
292,3,1229.28,41.24,366.77,1031.70,-1,-1,-1,-1
293,1,486.20,43.14,433.18,1010.06,-1,-1,-1,-1
293,3,1247.25,33.32,386.67,1040.50,-1,-1,-1,-1
294,1,526.07,50.53,442.28,1002.76,-1,-1,-1,-1
294,3,1270.87,33.46,397.69,1035.56,-1,-1,-1,-1
295,0,1249.11,190.61,183.48,715.69,-1,-1,-1,-1
295,1,558.15,55.69,457.46,993.62,-1,-1,-1,-1
295,3,1288.14,44.22,421.47,1015.13,-1,-1,-1,-1
296,0,1256.22,181.89,174.93,743.00,-1,-1,-1,-1
296,1,611.94,69.95,456.68,977.05,-1,-1,-1,-1
296,3,1332.38,27.75,419.72,1038.06,-1,-1,-1,-1
297,0,1256.19,177.67,188.07,755.17,-1,-1,-1,-1
297,1,681.59,43.01,457.29,1023.73,-1,-1,-1,-1
297,3,1374.80,31.97,433.79,1030.75,-1,-1,-1,-1
298,0,1259.64,170.57,205.10,775.40,-1,-1,-1,-1
298,1,751.51,26.13,440.87,1052.75,-1,-1,-1,-1
298,3,1411.93,29.79,447.37,1034.75,-1,-1,-1,-1
299,0,1264.17,181.11,218.56,755.44,-1,-1,-1,-1
299,1,804.90,25.20,443.00,1039.30,-1,-1,-1,-1
299,3,1440.35,24.63,457.87,1030.22,-1,-1,-1,-1
299,8,3.09,228.74,207.95,619.08,-1,-1,-1,-1
299,9,589.37,200.30,226.86,610.99,-1,-1,-1,-1
300,0,1274.11,190.61,221.32,734.17,-1,-1,-1,-1
300,1,864.91,39.50,431.39,1014.62,-1,-1,-1,-1
300,3,1464.78,34.01,459.80,1015.55,-1,-1,-1,-1
300,8,4.33,227.33,211.19,625.86,-1,-1,-1,-1
300,9,603.60,201.00,255.24,608.53,-1,-1,-1,-1
301,0,1284.66,192.88,224.43,728.11,-1,-1,-1,-1
301,1,913.57,31.75,401.54,1030.83,-1,-1,-1,-1
301,3,1489.14,25.32,439.72,1036.93,-1,-1,-1,-1
301,8,3.14,226.18,222.23,620.72,-1,-1,-1,-1
301,9,619.21,199.80,264.14,612.09,-1,-1,-1,-1
302,0,1290.94,192.31,230.27,727.13,-1,-1,-1,-1
302,1,951.35,28.77,392.13,1020.83,-1,-1,-1,-1
302,3,1519.00,21.88,405.89,1050.19,-1,-1,-1,-1
302,8,0.73,231.56,259.91,606.27,-1,-1,-1,-1
302,9,637.58,203.86,256.25,608.83,-1,-1,-1,-1
303,0,1291.38,190.00,245.60,729.40,-1,-1,-1,-1
303,1,979.37,38.11,389.16,1012.29,-1,-1,-1,-1
303,3,1537.28,37.62,388.78,1030.22,-1,-1,-1,-1
303,8,2.51,239.77,292.07,592.49,-1,-1,-1,-1
303,9,650.58,205.82,247.92,606.86,-1,-1,-1,-1
304,0,1299.54,188.68,241.54,727.60,-1,-1,-1,-1
304,1,1009.35,51.54,379.15,995.86,-1,-1,-1,-1
304,3,1546.18,39.29,381.60,1030.27,-1,-1,-1,-1
304,8,18.42,243.43,307.59,587.40,-1,-1,-1,-1
304,9,664.67,201.42,235.80,610.83,-1,-1,-1,-1
305,0,1307.56,186.42,232.26,726.82,-1,-1,-1,-1
305,1,1039.72,40.06,365.22,1021.64,-1,-1,-1,-1
305,3,1567.90,35.18,357.51,1039.61,-1,-1,-1,-1
305,8,34.93,242.37,305.41,588.78,-1,-1,-1,-1
305,9,675.19,207.84,226.17,599.23,-1,-1,-1,-1
306,0,1319.49,184.12,212.84,732.82,-1,-1,-1,-1
306,1,1074.21,95.21,358.60,964.40,-1,-1,-1,-1
306,3,1575.44,38.32,354.71,1034.63,-1,-1,-1,-1
306,8,53.43,234.26,291.95,601.42,-1,-1,-1,-1
306,9,682.22,205.89,221.05,603.32,-1,-1,-1,-1
307,0,1340.14,183.69,181.65,718.32,-1,-1,-1,-1
307,1,1102.03,69.12,373.93,998.03,-1,-1,-1,-1
307,3,1583.07,38.55,347.94,1031.73,-1,-1,-1,-1
307,8,67.00,230.55,287.90,604.89,-1,-1,-1,-1
307,9,681.30,193.57,229.42,621.55,-1,-1,-1,-1
308,0,1346.52,184.99,180.27,712.91,-1,-1,-1,-1
308,1,1142.30,40.29,366.08,1041.86,-1,-1,-1,-1
308,3,1586.34,18.24,343.97,1057.55,-1,-1,-1,-1
308,8,79.04,227.31,279.40,608.99,-1,-1,-1,-1
308,9,682.27,195.61,236.28,620.04,-1,-1,-1,-1
309,0,1352.89,186.29,178.88,707.50,-1,-1,-1,-1
309,1,1169.30,25.11,382.80,1052.98,-1,-1,-1,-1
309,3,1588.46,35.11,343.94,1039.21,-1,-1,-1,-1
309,8,85.78,227.22,279.75,611.40,-1,-1,-1,-1
309,9,685.31,190.66,233.03,633.66,-1,-1,-1,-1
310,0,1359.26,187.59,177.50,702.10,-1,-1,-1,-1
310,1,1193.03,29.78,405.07,1045.01,-1,-1,-1,-1
310,3,1591.04,36.45,341.58,1040.30,-1,-1,-1,-1
310,8,98.02,224.81,280.43,623.49,-1,-1,-1,-1
310,9,687.86,184.33,230.34,654.53,-1,-1,-1,-1
311,0,1365.64,188.89,176.12,696.69,-1,-1,-1,-1
311,1,1221.48,31.61,424.66,1042.90,-1,-1,-1,-1
311,3,1599.90,42.01,330.61,1035.69,-1,-1,-1,-1
311,8,114.69,223.40,275.91,642.11,-1,-1,-1,-1
311,9,689.76,180.58,227.97,671.31,-1,-1,-1,-1
312,0,1276.38,340.15,139.71,517.71,-1,-1,-1,-1
312,1,1252.96,39.25,422.07,1025.35,-1,-1,-1,-1
312,3,1614.23,34.79,313.51,1040.42,-1,-1,-1,-1
312,8,124.77,223.82,276.34,655.77,-1,-1,-1,-1
312,9,689.99,178.99,226.03,683.56,-1,-1,-1,-1
313,0,1272.43,368.93,128.06,474.59,-1,-1,-1,-1
313,1,1272.28,53.07,436.58,1010.41,-1,-1,-1,-1
313,3,1628.55,38.69,297.47,1025.75,-1,-1,-1,-1
313,8,131.28,224.41,277.96,668.67,-1,-1,-1,-1
313,9,687.11,182.10,227.79,684.27,-1,-1,-1,-1
314,0,1246.53,227.72,156.16,668.53,-1,-1,-1,-1
314,1,1284.33,60.44,444.76,1007.34,-1,-1,-1,-1
314,3,1641.56,58.55,279.45,983.17,-1,-1,-1,-1
314,8,131.44,230.16,282.42,667.68,-1,-1,-1,-1
314,9,682.33,175.55,230.17,697.68,-1,-1,-1,-1
315,0,1233.26,224.64,171.54,676.73,-1,-1,-1,-1
315,1,1303.03,51.88,436.59,1020.46,-1,-1,-1,-1
315,3,1657.99,50.56,258.13,994.93,-1,-1,-1,-1
315,8,134.64,228.53,278.58,672.89,-1,-1,-1,-1
315,9,677.31,178.95,233.17,696.79,-1,-1,-1,-1
316,0,1208.45,212.48,203.87,688.20,-1,-1,-1,-1
316,1,1330.61,52.97,415.53,1017.33,-1,-1,-1,-1
316,3,1659.26,41.39,262.49,1013.24,-1,-1,-1,-1
316,8,134.04,224.92,277.34,680.21,-1,-1,-1,-1
316,9,669.29,180.50,238.72,697.99,-1,-1,-1,-1
317,0,1187.83,175.43,225.67,741.60,-1,-1,-1,-1
317,1,1357.62,49.96,385.08,1026.39,-1,-1,-1,-1
317,3,1659.82,41.73,265.31,1022.95,-1,-1,-1,-1
317,8,133.40,224.27,276.68,679.16,-1,-1,-1,-1
317,9,660.05,181.26,244.47,697.20,-1,-1,-1,-1
318,0,1188.72,174.50,208.37,741.43,-1,-1,-1,-1
318,1,1387.14,55.98,348.61,1014.83,-1,-1,-1,-1
318,3,1664.74,39.59,260.78,1030.61,-1,-1,-1,-1
318,8,131.16,221.28,276.37,681.18,-1,-1,-1,-1
318,9,651.40,178.22,246.57,701.44,-1,-1,-1,-1
319,0,1177.11,176.85,211.01,740.04,-1,-1,-1,-1
319,1,1409.12,64.59,328.55,998.34,-1,-1,-1,-1
319,3,1670.14,29.00,255.24,1049.91,-1,-1,-1,-1
319,8,125.93,218.76,283.87,683.51,-1,-1,-1,-1
319,9,645.56,175.02,244.98,707.37,-1,-1,-1,-1
320,0,1138.49,180.44,252.92,731.03,-1,-1,-1,-1
320,1,1435.23,80.17,309.07,979.00,-1,-1,-1,-1
320,3,1670.65,24.32,255.55,1052.61,-1,-1,-1,-1
320,8,124.24,212.37,291.76,705.57,-1,-1,-1,-1
320,9,639.02,166.84,244.61,730.93,-1,-1,-1,-1
321,0,1112.74,191.31,274.39,706.45,-1,-1,-1,-1
321,1,1453.21,72.03,301.06,985.67,-1,-1,-1,-1
321,3,1679.17,27.28,245.04,1047.23,-1,-1,-1,-1
321,8,122.44,211.17,299.11,717.66,-1,-1,-1,-1
321,9,629.16,159.53,248.35,757.88,-1,-1,-1,-1
322,0,1100.86,196.00,278.72,695.81,-1,-1,-1,-1
322,1,1464.60,74.92,300.78,987.00,-1,-1,-1,-1
322,3,1680.86,37.06,243.32,1033.24,-1,-1,-1,-1
322,8,124.11,209.52,301.73,729.03,-1,-1,-1,-1
322,9,620.67,153.08,252.43,788.11,-1,-1,-1,-1
323,0,1092.83,199.93,278.36,690.26,-1,-1,-1,-1
323,1,1480.96,66.17,293.52,1005.84,-1,-1,-1,-1
323,3,1672.23,49.72,253.34,1022.04,-1,-1,-1,-1
323,8,128.28,208.24,303.65,734.22,-1,-1,-1,-1
323,9,616.70,152.78,253.19,802.19,-1,-1,-1,-1
324,0,1089.06,194.95,271.30,696.77,-1,-1,-1,-1
324,1,1494.30,71.51,293.49,994.86,-1,-1,-1,-1
324,3,1676.97,50.89,245.96,1024.38,-1,-1,-1,-1
324,8,134.84,203.78,300.81,742.68,-1,-1,-1,-1
324,9,615.10,154.46,257.07,803.31,-1,-1,-1,-1
325,0,1086.90,193.07,251.44,700.17,-1,-1,-1,-1
325,1,1511.36,79.60,283.31,978.35,-1,-1,-1,-1
325,3,1672.80,69.85,250.45,998.93,-1,-1,-1,-1
325,8,140.82,202.79,299.39,746.09,-1,-1,-1,-1
325,9,608.67,155.33,273.24,802.88,-1,-1,-1,-1
326,0,1081.93,195.16,226.33,696.07,-1,-1,-1,-1
326,1,1524.47,111.31,274.98,921.81,-1,-1,-1,-1
326,3,1648.14,88.86,277.91,972.02,-1,-1,-1,-1
326,8,144.54,198.64,298.19,754.46,-1,-1,-1,-1
326,9,608.03,149.49,279.90,815.83,-1,-1,-1,-1
327,0,1064.29,195.24,201.72,708.71,-1,-1,-1,-1
327,1,1513.16,96.11,286.48,943.32,-1,-1,-1,-1
327,3,1633.82,73.12,290.14,989.14,-1,-1,-1,-1
327,8,146.54,191.38,296.21,783.37,-1,-1,-1,-1
327,9,606.45,139.82,285.48,832.55,-1,-1,-1,-1
328,0,1028.59,194.33,213.25,702.92,-1,-1,-1,-1
328,1,1524.23,99.42,284.50,936.83,-1,-1,-1,-1
328,3,1521.31,71.35,416.13,988.09,-1,-1,-1,-1
328,8,145.28,186.82,302.69,810.79,-1,-1,-1,-1
328,9,606.38,126.18,287.22,867.55,-1,-1,-1,-1
329,0,982.40,204.78,244.59,687.25,-1,-1,-1,-1
329,1,1535.30,102.74,282.51,930.34,-1,-1,-1,-1
329,3,1465.18,77.53,455.27,969.27,-1,-1,-1,-1
329,8,145.52,185.10,301.96,826.38,-1,-1,-1,-1
329,9,604.47,119.66,291.86,890.64,-1,-1,-1,-1
330,0,946.22,206.36,265.27,681.69,-1,-1,-1,-1
330,1,1546.36,106.05,280.52,923.85,-1,-1,-1,-1
330,3,1434.97,82.86,470.69,959.69,-1,-1,-1,-1
330,8,145.46,184.83,301.05,836.52,-1,-1,-1,-1
330,9,601.29,112.86,299.41,918.95,-1,-1,-1,-1
331,0,920.70,213.74,278.82,667.96,-1,-1,-1,-1
331,1,1557.43,109.36,278.53,917.36,-1,-1,-1,-1
331,3,1439.32,73.78,446.22,974.74,-1,-1,-1,-1
331,8,145.44,186.14,300.13,838.55,-1,-1,-1,-1
331,9,594.74,114.97,306.94,929.29,-1,-1,-1,-1
332,0,911.53,209.34,262.18,674.46,-1,-1,-1,-1
332,3,1478.18,74.34,392.77,971.32,-1,-1,-1,-1
332,8,141.90,180.48,301.63,850.24,-1,-1,-1,-1
332,9,585.86,121.21,316.93,932.44,-1,-1,-1,-1
333,0,907.39,206.86,238.77,670.17,-1,-1,-1,-1
333,3,1495.52,73.51,371.57,989.42,-1,-1,-1,-1
333,8,132.53,181.15,312.18,850.12,-1,-1,-1,-1
333,9,571.58,118.63,327.19,934.71,-1,-1,-1,-1
334,0,906.36,211.54,205.29,657.91,-1,-1,-1,-1
334,3,1475.11,83.37,385.84,981.79,-1,-1,-1,-1
334,8,118.60,174.97,328.93,862.59,-1,-1,-1,-1
334,9,551.46,119.13,341.87,938.02,-1,-1,-1,-1
335,0,895.25,220.14,189.78,640.57,-1,-1,-1,-1
335,3,1459.19,90.26,382.81,977.37,-1,-1,-1,-1
335,8,103.89,172.49,347.85,866.48,-1,-1,-1,-1
335,9,532.20,113.08,352.34,949.77,-1,-1,-1,-1
336,0,878.43,223.37,191.59,635.05,-1,-1,-1,-1
336,3,1438.72,100.87,385.05,970.38,-1,-1,-1,-1
336,8,93.66,165.20,363.72,882.19,-1,-1,-1,-1
336,9,512.58,107.05,365.26,956.84,-1,-1,-1,-1
337,0,864.93,212.26,192.65,652.35,-1,-1,-1,-1
337,3,1439.90,110.56,351.79,959.11,-1,-1,-1,-1
337,8,85.12,160.35,378.57,893.33,-1,-1,-1,-1
337,9,498.92,94.95,374.73,973.76,-1,-1,-1,-1
338,0,846.25,213.38,208.18,647.03,-1,-1,-1,-1
338,3,1429.87,99.42,343.41,978.38,-1,-1,-1,-1
338,8,85.53,163.84,388.19,893.39,-1,-1,-1,-1
338,9,487.25,86.23,394.81,987.10,-1,-1,-1,-1
339,0,840.61,220.14,210.59,631.56,-1,-1,-1,-1
339,3,1414.21,105.02,343.65,969.77,-1,-1,-1,-1
339,8,94.65,168.68,387.26,889.32,-1,-1,-1,-1
339,9,483.75,74.18,409.57,1004.33,-1,-1,-1,-1
340,0,827.98,230.24,201.48,612.95,-1,-1,-1,-1
340,3,1389.03,107.60,354.15,970.76,-1,-1,-1,-1
340,8,112.71,166.79,376.42,890.95,-1,-1,-1,-1
340,9,491.51,66.80,426.25,1013.74,-1,-1,-1,-1
341,0,812.93,201.75,191.05,664.93,-1,-1,-1,-1
341,3,1373.13,104.16,340.10,969.80,-1,-1,-1,-1
341,8,129.00,166.86,371.79,893.15,-1,-1,-1,-1
341,9,510.33,66.57,441.62,1014.89,-1,-1,-1,-1
342,0,794.86,192.31,195.86,681.71,-1,-1,-1,-1
342,3,1355.93,109.24,314.86,965.70,-1,-1,-1,-1
342,8,143.66,161.21,366.41,899.09,-1,-1,-1,-1
342,9,546.32,93.71,413.67,974.40,-1,-1,-1,-1
343,0,776.79,182.88,200.68,698.50,-1,-1,-1,-1
343,3,1335.28,109.35,301.03,965.71,-1,-1,-1,-1
343,8,155.62,155.87,365.05,909.21,-1,-1,-1,-1
343,9,570.12,86.38,408.56,983.40,-1,-1,-1,-1
344,0,758.73,173.44,205.49,715.28,-1,-1,-1,-1
344,3,1316.26,120.87,292.85,950.88,-1,-1,-1,-1
344,8,173.81,151.53,354.31,919.05,-1,-1,-1,-1
344,9,589.01,82.29,407.67,989.38,-1,-1,-1,-1
345,0,740.66,164.00,210.31,732.07,-1,-1,-1,-1
345,3,1295.98,126.00,295.48,942.86,-1,-1,-1,-1
345,8,187.85,147.61,351.08,925.45,-1,-1,-1,-1
345,9,611.84,70.16,392.70,1004.97,-1,-1,-1,-1
346,3,1266.35,128.14,311.89,930.85,-1,-1,-1,-1
346,8,200.35,141.56,354.39,937.53,-1,-1,-1,-1
346,9,630.13,58.84,381.90,1013.02,-1,-1,-1,-1
347,3,1236.65,118.84,332.92,948.71,-1,-1,-1,-1
347,8,207.29,136.34,366.37,944.26,-1,-1,-1,-1
347,9,639.71,37.74,377.29,1042.53,-1,-1,-1,-1
348,0,655.74,226.93,170.66,593.28,-1,-1,-1,-1
348,3,1209.35,126.67,354.56,938.03,-1,-1,-1,-1
348,8,215.32,136.10,370.30,942.92,-1,-1,-1,-1
348,9,654.59,31.60,379.04,1041.16,-1,-1,-1,-1
349,0,632.35,231.34,209.76,598.70,-1,-1,-1,-1
349,3,1195.06,139.43,358.90,909.43,-1,-1,-1,-1
349,8,222.30,134.62,364.43,943.73,-1,-1,-1,-1
349,9,703.34,19.85,347.62,1057.85,-1,-1,-1,-1
350,0,621.42,238.41,224.76,596.22,-1,-1,-1,-1
350,3,1190.96,143.08,355.34,901.61,-1,-1,-1,-1
350,8,226.27,133.99,361.86,944.59,-1,-1,-1,-1
350,9,720.06,28.25,365.09,1021.98,-1,-1,-1,-1
351,0,620.29,229.39,215.83,616.46,-1,-1,-1,-1
351,3,1193.55,140.83,343.83,916.55,-1,-1,-1,-1
351,8,229.36,135.83,358.86,938.01,-1,-1,-1,-1
351,9,760.89,8.58,356.74,1054.51,-1,-1,-1,-1
352,0,622.61,228.28,188.38,613.41,-1,-1,-1,-1
352,3,1184.87,146.42,350.35,912.40,-1,-1,-1,-1
352,8,232.74,141.76,344.90,928.34,-1,-1,-1,-1
352,9,797.36,4.48,344.30,1066.00,-1,-1,-1,-1
353,0,610.27,228.40,179.09,610.65,-1,-1,-1,-1
353,3,1165.50,158.32,369.90,884.79,-1,-1,-1,-1
353,8,234.69,140.73,334.48,931.42,-1,-1,-1,-1
353,9,822.33,9.57,367.72,1063.47,-1,-1,-1,-1
354,0,595.01,228.26,181.49,615.09,-1,-1,-1,-1
354,3,1192.70,164.40,331.16,877.35,-1,-1,-1,-1
354,8,238.05,146.88,324.76,909.28,-1,-1,-1,-1
354,9,855.19,19.26,386.18,1050.88,-1,-1,-1,-1
355,0,582.65,232.63,184.95,613.94,-1,-1,-1,-1
355,3,1221.03,157.42,291.01,886.91,-1,-1,-1,-1
355,8,240.98,139.84,318.93,926.30,-1,-1,-1,-1
355,9,878.34,23.38,419.63,1037.84,-1,-1,-1,-1
356,0,568.78,231.67,194.20,620.13,-1,-1,-1,-1
356,3,1231.29,169.66,285.22,833.26,-1,-1,-1,-1
356,8,244.49,130.81,314.25,944.14,-1,-1,-1,-1
356,9,909.51,16.09,424.04,1046.47,-1,-1,-1,-1
357,0,552.91,233.41,201.82,622.20,-1,-1,-1,-1
357,3,1245.23,170.75,271.97,801.18,-1,-1,-1,-1
357,8,247.17,132.60,315.66,938.81,-1,-1,-1,-1
357,9,935.25,8.82,410.88,1044.76,-1,-1,-1,-1
358,0,541.80,232.53,194.19,630.18,-1,-1,-1,-1
358,3,1257.37,165.86,258.33,793.35,-1,-1,-1,-1
358,8,252.82,133.74,310.46,936.78,-1,-1,-1,-1
358,9,970.57,-0.47,381.23,1067.31,-1,-1,-1,-1
359,0,531.47,241.22,188.66,622.19,-1,-1,-1,-1
359,3,1273.75,161.42,241.51,786.97,-1,-1,-1,-1
359,8,254.76,131.79,309.32,935.79,-1,-1,-1,-1
359,9,989.25,-2.28,389.90,1066.02,-1,-1,-1,-1
360,0,521.95,236.69,189.20,627.63,-1,-1,-1,-1
360,3,1288.61,158.74,225.78,776.07,-1,-1,-1,-1
360,8,254.30,126.22,312.70,946.80,-1,-1,-1,-1
360,9,999.24,9.91,417.72,1044.08,-1,-1,-1,-1
361,0,513.38,230.42,195.42,629.82,-1,-1,-1,-1
361,3,1311.28,168.68,195.81,709.50,-1,-1,-1,-1
361,8,257.74,123.76,312.66,952.32,-1,-1,-1,-1
361,9,1026.69,12.10,414.84,1036.86,-1,-1,-1,-1
362,0,509.45,233.89,195.59,626.42,-1,-1,-1,-1
362,3,1338.61,200.43,158.13,565.57,-1,-1,-1,-1
362,8,260.89,129.67,317.54,943.98,-1,-1,-1,-1
362,9,1022.31,8.80,467.13,1048.91,-1,-1,-1,-1
363,0,506.68,228.24,195.02,636.70,-1,-1,-1,-1
363,3,1355.30,227.82,134.13,479.76,-1,-1,-1,-1
363,8,267.73,136.04,315.32,936.88,-1,-1,-1,-1
363,9,1037.62,6.09,493.76,1060.63,-1,-1,-1,-1
364,0,506.98,226.98,190.29,640.10,-1,-1,-1,-1
364,3,1372.00,255.21,110.13,393.96,-1,-1,-1,-1
364,8,273.14,137.33,316.32,935.52,-1,-1,-1,-1
364,9,1062.34,3.65,496.03,1065.43,-1,-1,-1,-1
364,12,798.85,163.73,291.91,791.58,-1,-1,-1,-1
365,0,518.25,233.00,172.99,626.74,-1,-1,-1,-1
365,3,1388.68,282.60,86.13,308.15,-1,-1,-1,-1
365,8,276.46,132.64,348.41,942.92,-1,-1,-1,-1
365,9,1098.99,2.48,498.25,1067.25,-1,-1,-1,-1
365,12,794.29,174.32,277.93,774.92,-1,-1,-1,-1
366,0,524.03,234.44,169.44,619.27,-1,-1,-1,-1
366,3,1405.37,309.99,62.14,222.34,-1,-1,-1,-1
366,8,285.56,146.79,372.61,928.27,-1,-1,-1,-1
366,9,1138.97,-0.05,489.98,1073.17,-1,-1,-1,-1
366,12,777.70,168.83,283.25,785.93,-1,-1,-1,-1
367,0,525.00,223.67,177.24,622.60,-1,-1,-1,-1
367,8,296.20,146.53,386.84,931.41,-1,-1,-1,-1
367,9,1187.48,7.21,472.08,1062.89,-1,-1,-1,-1
367,12,758.86,172.16,266.15,789.42,-1,-1,-1,-1
368,0,522.97,222.54,176.81,621.11,-1,-1,-1,-1
368,3,1200.76,191.87,147.95,565.60,-1,-1,-1,-1
368,8,322.00,128.00,365.81,955.84,-1,-1,-1,-1
368,9,1232.66,3.46,443.32,1069.21,-1,-1,-1,-1
368,12,723.12,173.54,235.89,796.44,-1,-1,-1,-1
369,0,520.95,221.40,176.38,619.62,-1,-1,-1,-1
369,3,1180.60,185.07,159.28,572.39,-1,-1,-1,-1
369,8,345.44,127.45,346.52,950.42,-1,-1,-1,-1
369,9,1262.34,8.62,419.63,1061.70,-1,-1,-1,-1
369,12,676.87,226.38,243.81,738.49,-1,-1,-1,-1
370,0,518.92,220.27,175.95,618.13,-1,-1,-1,-1
370,3,1163.16,172.83,178.65,603.89,-1,-1,-1,-1
370,8,368.48,132.08,325.23,928.40,-1,-1,-1,-1
370,9,1289.52,5.08,388.86,1064.04,-1,-1,-1,-1
370,12,640.49,217.30,253.92,744.86,-1,-1,-1,-1
371,0,516.90,219.13,175.52,616.65,-1,-1,-1,-1
371,3,1152.96,160.78,198.49,649.17,-1,-1,-1,-1
371,8,392.35,129.24,301.40,934.12,-1,-1,-1,-1
371,9,1291.07,3.21,390.57,1064.46,-1,-1,-1,-1
371,12,616.46,208.56,263.11,762.42,-1,-1,-1,-1
372,3,1149.85,163.07,207.56,671.77,-1,-1,-1,-1
372,8,402.41,137.65,393.20,921.05,-1,-1,-1,-1
372,9,1314.38,0.32,363.56,1071.80,-1,-1,-1,-1
372,12,588.24,210.52,264.04,765.10,-1,-1,-1,-1
373,3,1153.69,174.48,209.32,671.75,-1,-1,-1,-1
373,8,441.24,140.23,391.98,910.29,-1,-1,-1,-1
373,9,1331.18,-1.19,346.37,1076.81,-1,-1,-1,-1
373,12,560.03,212.48,264.98,767.79,-1,-1,-1,-1
374,3,1159.19,190.25,203.69,659.74,-1,-1,-1,-1
374,8,487.58,119.23,328.73,940.02,-1,-1,-1,-1
374,9,1330.96,6.60,340.40,1058.91,-1,-1,-1,-1
374,12,531.82,214.45,265.91,770.47,-1,-1,-1,-1
375,3,1161.33,202.48,194.82,631.17,-1,-1,-1,-1
375,8,503.49,121.88,318.54,937.09,-1,-1,-1,-1
375,9,1287.22,12.72,384.57,1052.94,-1,-1,-1,-1
375,12,503.60,216.41,266.85,773.16,-1,-1,-1,-1
376,3,1168.34,209.35,180.40,621.19,-1,-1,-1,-1
376,8,513.71,116.80,324.89,947.26,-1,-1,-1,-1
376,9,1265.84,18.27,390.64,1053.11,-1,-1,-1,-1
376,12,456.24,165.38,198.45,803.76,-1,-1,-1,-1
377,3,1167.94,215.53,169.78,600.96,-1,-1,-1,-1
377,8,489.96,131.24,391.19,932.26,-1,-1,-1,-1
377,9,1234.19,39.70,407.59,1031.95,-1,-1,-1,-1
377,12,402.54,178.40,213.47,800.67,-1,-1,-1,-1
378,3,1163.44,218.91,172.28,588.02,-1,-1,-1,-1
378,8,536.26,126.85,360.56,938.83,-1,-1,-1,-1
378,9,1244.12,36.32,371.87,1037.79,-1,-1,-1,-1
378,12,357.58,180.86,250.13,797.29,-1,-1,-1,-1
379,3,1156.43,217.33,175.30,592.19,-1,-1,-1,-1
379,8,567.33,117.71,343.84,957.44,-1,-1,-1,-1
379,9,1247.68,37.08,354.99,1041.14,-1,-1,-1,-1
379,12,284.71,182.27,338.53,800.87,-1,-1,-1,-1
380,0,528.98,237.80,140.97,504.22,-1,-1,-1,-1
380,3,1143.79,213.65,188.80,593.73,-1,-1,-1,-1
380,8,596.76,125.09,324.28,941.82,-1,-1,-1,-1
380,9,1248.77,42.38,349.56,1031.90,-1,-1,-1,-1
380,12,247.89,191.26,385.32,800.34,-1,-1,-1,-1
381,0,519.25,228.17,182.83,573.18,-1,-1,-1,-1
381,3,1137.46,217.88,187.78,574.97,-1,-1,-1,-1
381,8,634.22,137.12,303.98,925.78,-1,-1,-1,-1
381,9,1249.47,40.83,340.34,1037.65,-1,-1,-1,-1
381,12,241.42,183.98,373.52,817.12,-1,-1,-1,-1
382,0,513.41,220.51,203.52,610.97,-1,-1,-1,-1
382,3,1133.01,222.02,184.03,562.47,-1,-1,-1,-1
382,8,672.13,126.36,287.40,947.20,-1,-1,-1,-1
382,9,1249.76,41.39,337.71,1029.85,-1,-1,-1,-1
382,12,233.91,182.52,346.81,827.43,-1,-1,-1,-1
383,0,514.13,222.38,210.92,625.97,-1,-1,-1,-1
383,3,1129.76,233.14,176.21,545.98,-1,-1,-1,-1
383,8,689.46,129.76,306.23,941.67,-1,-1,-1,-1
383,9,1248.38,48.32,334.67,1013.67,-1,-1,-1,-1
383,12,202.58,182.15,330.33,821.66,-1,-1,-1,-1
384,0,515.49,224.35,212.01,638.80,-1,-1,-1,-1
384,3,1119.30,226.58,180.24,552.93,-1,-1,-1,-1
384,8,715.53,121.81,308.02,947.63,-1,-1,-1,-1
384,9,1242.32,59.04,333.60,983.58,-1,-1,-1,-1
384,12,157.63,179.06,330.10,828.85,-1,-1,-1,-1
385,0,516.72,229.32,214.09,641.11,-1,-1,-1,-1
385,3,1107.19,224.78,184.93,552.67,-1,-1,-1,-1
385,8,745.32,116.44,300.75,959.59,-1,-1,-1,-1
385,9,1235.76,81.19,328.21,938.95,-1,-1,-1,-1
385,12,123.74,180.83,332.57,828.72,-1,-1,-1,-1
386,0,518.95,239.33,215.34,631.51,-1,-1,-1,-1
386,3,1098.91,220.09,171.49,555.38,-1,-1,-1,-1
386,8,767.25,115.48,317.95,961.62,-1,-1,-1,-1
386,9,1231.26,89.78,317.11,929.64,-1,-1,-1,-1
386,12,94.61,173.68,332.45,837.55,-1,-1,-1,-1
387,0,520.23,239.99,219.13,640.03,-1,-1,-1,-1
387,3,1082.24,224.92,175.80,542.78,-1,-1,-1,-1
387,8,783.52,117.45,330.24,961.17,-1,-1,-1,-1
387,9,1225.35,107.29,306.70,890.69,-1,-1,-1,-1
387,12,72.52,169.93,333.03,838.61,-1,-1,-1,-1
388,0,524.91,232.21,217.49,662.68,-1,-1,-1,-1
388,3,1071.54,224.51,166.88,539.40,-1,-1,-1,-1
388,8,802.47,126.63,321.04,944.40,-1,-1,-1,-1
388,9,1218.26,108.71,293.78,892.59,-1,-1,-1,-1
388,12,54.94,185.82,335.97,818.67,-1,-1,-1,-1
389,0,526.56,228.64,220.36,675.02,-1,-1,-1,-1
389,3,1066.45,225.80,152.13,536.30,-1,-1,-1,-1
389,8,817.04,140.97,322.79,920.54,-1,-1,-1,-1
389,9,1210.63,98.08,284.31,915.80,-1,-1,-1,-1
389,12,44.26,188.43,322.89,815.69,-1,-1,-1,-1
390,0,524.90,240.08,228.35,656.95,-1,-1,-1,-1
390,3,1064.67,222.32,141.73,541.70,-1,-1,-1,-1
390,8,853.64,122.33,305.10,946.44,-1,-1,-1,-1
390,9,1198.28,97.72,280.78,914.73,-1,-1,-1,-1
390,12,31.26,200.01,320.89,781.55,-1,-1,-1,-1
391,0,525.18,242.30,232.00,654.97,-1,-1,-1,-1
391,3,1054.43,220.93,141.79,541.97,-1,-1,-1,-1
391,8,892.37,115.71,290.41,942.71,-1,-1,-1,-1
391,9,1180.60,116.15,285.47,861.06,-1,-1,-1,-1
391,12,25.14,200.61,316.42,777.26,-1,-1,-1,-1
392,0,525.07,238.11,233.19,673.52,-1,-1,-1,-1
392,3,1044.18,219.55,141.84,542.24,-1,-1,-1,-1
392,8,936.00,113.04,271.13,942.51,-1,-1,-1,-1
392,9,1177.94,122.56,273.08,834.73,-1,-1,-1,-1
392,12,20.44,201.00,318.17,771.46,-1,-1,-1,-1
393,0,527.46,237.23,234.10,682.13,-1,-1,-1,-1
393,3,1033.94,218.17,141.90,542.52,-1,-1,-1,-1
393,8,973.29,106.32,261.35,953.79,-1,-1,-1,-1
393,9,1171.15,125.41,271.65,811.11,-1,-1,-1,-1
393,12,22.34,198.42,316.80,770.71,-1,-1,-1,-1
394,0,528.07,237.62,231.51,678.26,-1,-1,-1,-1
394,3,1023.70,216.78,141.95,542.79,-1,-1,-1,-1
394,8,990.64,165.86,287.48,886.43,-1,-1,-1,-1
394,9,1175.99,128.24,256.55,795.25,-1,-1,-1,-1
394,12,23.14,194.56,327.82,775.19,-1,-1,-1,-1
395,0,523.03,234.74,242.67,683.80,-1,-1,-1,-1
395,8,1003.75,134.69,319.26,938.07,-1,-1,-1,-1
395,9,1183.12,114.77,250.66,817.14,-1,-1,-1,-1
395,12,29.94,201.42,322.98,757.95,-1,-1,-1,-1
396,0,518.70,233.73,252.74,684.63,-1,-1,-1,-1
396,8,1017.62,120.91,361.51,954.97,-1,-1,-1,-1
396,9,1170.78,110.22,265.71,812.91,-1,-1,-1,-1
396,12,47.24,210.60,296.64,726.75,-1,-1,-1,-1
397,0,513.59,231.39,263.23,688.91,-1,-1,-1,-1
397,8,1039.59,138.70,380.98,933.39,-1,-1,-1,-1
397,9,1157.88,123.35,282.83,756.37,-1,-1,-1,-1
397,12,56.82,213.48,287.48,710.96,-1,-1,-1,-1
398,0,508.92,225.34,272.94,699.14,-1,-1,-1,-1
398,3,957.91,228.02,142.86,523.22,-1,-1,-1,-1
398,8,1061.78,142.48,384.98,931.46,-1,-1,-1,-1
398,9,1157.93,135.24,282.85,654.23,-1,-1,-1,-1
398,12,68.81,209.82,266.00,709.93,-1,-1,-1,-1
399,0,506.41,217.98,281.61,712.86,-1,-1,-1,-1
399,3,934.61,231.36,156.97,521.62,-1,-1,-1,-1
399,8,1075.52,111.94,392.09,970.61,-1,-1,-1,-1
399,9,1166.62,153.21,256.50,593.24,-1,-1,-1,-1
399,12,80.58,209.23,251.78,695.59,-1,-1,-1,-1
400,0,508.40,214.38,290.86,726.53,-1,-1,-1,-1
400,3,918.19,231.28,159.41,521.69,-1,-1,-1,-1
400,8,1117.24,100.58,354.94,985.27,-1,-1,-1,-1
400,9,1175.30,171.17,230.14,532.26,-1,-1,-1,-1
400,12,96.21,208.86,236.95,691.38,-1,-1,-1,-1
401,0,514.36,216.02,294.11,734.66,-1,-1,-1,-1
401,3,894.07,233.16,179.70,524.38,-1,-1,-1,-1
401,8,1150.84,103.30,333.80,971.95,-1,-1,-1,-1
401,9,1183.99,189.13,203.78,471.27,-1,-1,-1,-1
401,12,113.72,209.12,223.49,682.49,-1,-1,-1,-1
402,0,524.02,215.55,285.62,746.13,-1,-1,-1,-1
402,3,867.82,232.75,202.34,528.96,-1,-1,-1,-1
402,8,1163.97,95.92,350.12,973.06,-1,-1,-1,-1
402,9,1192.68,207.10,177.41,410.28,-1,-1,-1,-1
402,12,129.86,202.75,216.63,689.06,-1,-1,-1,-1
403,0,537.93,215.51,272.77,751.85,-1,-1,-1,-1
403,3,852.54,230.32,209.05,537.02,-1,-1,-1,-1
403,8,1181.07,84.48,355.90,986.66,-1,-1,-1,-1
403,12,139.06,205.23,230.69,679.64,-1,-1,-1,-1
404,0,551.53,211.42,259.95,760.94,-1,-1,-1,-1
404,3,839.99,231.03,216.14,538.82,-1,-1,-1,-1
404,8,1192.05,102.05,385.29,960.16,-1,-1,-1,-1
404,12,151.38,203.32,241.22,681.74,-1,-1,-1,-1
405,0,559.74,201.48,257.36,771.18,-1,-1,-1,-1
405,3,828.98,229.71,217.13,545.43,-1,-1,-1,-1
405,8,1219.46,112.40,407.98,954.45,-1,-1,-1,-1
405,9,1184.91,144.82,185.02,697.77,-1,-1,-1,-1
405,12,166.22,205.28,248.11,672.03,-1,-1,-1,-1
406,0,575.76,196.11,246.93,782.99,-1,-1,-1,-1
406,3,829.90,232.03,196.70,542.86,-1,-1,-1,-1
406,8,1232.93,115.57,437.96,956.49,-1,-1,-1,-1
406,9,1179.22,136.61,196.25,714.09,-1,-1,-1,-1
406,12,187.72,210.21,237.12,657.53,-1,-1,-1,-1
407,0,588.21,189.80,246.41,801.52,-1,-1,-1,-1
407,3,828.15,241.08,178.82,531.09,-1,-1,-1,-1
407,8,1269.18,121.47,425.37,948.14,-1,-1,-1,-1
407,9,1180.62,138.48,197.82,710.51,-1,-1,-1,-1
407,12,214.08,216.35,215.49,635.93,-1,-1,-1,-1
408,0,592.71,184.95,264.39,819.55,-1,-1,-1,-1
408,3,817.04,242.98,160.31,525.90,-1,-1,-1,-1
408,8,1300.47,123.56,413.29,945.27,-1,-1,-1,-1
408,9,1179.99,147.86,202.14,698.22,-1,-1,-1,-1
408,12,246.44,228.79,188.39,606.77,-1,-1,-1,-1
409,0,597.53,178.62,275.15,839.05,-1,-1,-1,-1
409,3,810.22,236.32,141.67,532.03,-1,-1,-1,-1
409,8,1329.75,114.85,399.17,959.22,-1,-1,-1,-1
409,9,1181.69,154.08,198.61,687.96,-1,-1,-1,-1
409,12,267.65,218.86,183.66,622.16,-1,-1,-1,-1
410,0,599.82,176.28,291.54,852.10,-1,-1,-1,-1
410,3,803.72,235.78,135.18,532.12,-1,-1,-1,-1
410,8,1369.00,82.48,374.40,999.23,-1,-1,-1,-1
410,9,1174.65,151.81,204.35,688.56,-1,-1,-1,-1
410,12,283.88,213.47,188.03,625.81,-1,-1,-1,-1
411,0,609.40,167.73,305.01,885.04,-1,-1,-1,-1
411,3,800.87,231.55,132.14,537.94,-1,-1,-1,-1
411,8,1411.84,90.92,350.26,983.76,-1,-1,-1,-1
411,9,1171.02,158.16,196.45,677.47,-1,-1,-1,-1
411,12,302.94,208.92,201.63,629.50,-1,-1,-1,-1
412,0,614.90,169.34,316.74,897.93,-1,-1,-1,-1
412,3,790.81,231.64,138.08,534.03,-1,-1,-1,-1
412,8,1468.83,97.03,308.68,972.84,-1,-1,-1,-1
412,9,1156.86,155.28,200.11,680.76,-1,-1,-1,-1
412,12,311.32,214.65,239.09,618.10,-1,-1,-1,-1
413,0,617.31,181.34,321.24,868.83,-1,-1,-1,-1
413,3,782.53,233.98,143.34,518.79,-1,-1,-1,-1
413,8,1514.41,87.97,301.54,981.37,-1,-1,-1,-1
413,9,1133.81,155.44,213.38,673.97,-1,-1,-1,-1
413,12,322.24,214.37,252.92,619.43,-1,-1,-1,-1
414,0,620.85,183.24,308.42,862.88,-1,-1,-1,-1
414,3,773.81,236.13,141.40,511.79,-1,-1,-1,-1
414,8,1549.65,99.92,290.93,946.71,-1,-1,-1,-1
414,9,1111.30,152.12,224.87,678.75,-1,-1,-1,-1
414,12,336.89,214.95,251.58,617.92,-1,-1,-1,-1
415,0,626.09,168.97,303.86,888.07,-1,-1,-1,-1
415,3,765.09,238.28,139.45,504.79,-1,-1,-1,-1
415,8,1567.07,92.32,295.26,961.18,-1,-1,-1,-1
415,9,1089.34,153.77,237.91,673.62,-1,-1,-1,-1
415,12,359.82,216.13,233.70,611.37,-1,-1,-1,-1
416,0,629.62,153.82,303.64,906.67,-1,-1,-1,-1
416,3,756.37,240.43,137.50,497.79,-1,-1,-1,-1
416,8,1580.33,101.82,289.57,939.09,-1,-1,-1,-1
416,9,1075.50,157.21,243.69,670.33,-1,-1,-1,-1
416,12,383.22,224.36,214.50,592.17,-1,-1,-1,-1
417,0,637.59,135.02,303.43,936.58,-1,-1,-1,-1
417,3,747.65,242.59,135.56,490.79,-1,-1,-1,-1
417,8,1588.83,110.80,292.88,932.03,-1,-1,-1,-1
417,9,1069.98,164.26,246.32,662.88,-1,-1,-1,-1
417,12,400.14,222.63,208.14,590.89,-1,-1,-1,-1
418,0,645.98,141.51,311.37,933.80,-1,-1,-1,-1
418,8,1593.74,104.94,293.25,944.91,-1,-1,-1,-1
418,9,1069.20,160.94,243.98,670.53,-1,-1,-1,-1
418,12,412.80,217.51,210.52,602.43,-1,-1,-1,-1
419,0,658.17,135.56,323.92,945.23,-1,-1,-1,-1
419,8,1596.11,98.92,305.89,955.92,-1,-1,-1,-1
419,9,1067.55,160.89,233.98,673.78,-1,-1,-1,-1
419,12,419.99,215.76,225.95,606.23,-1,-1,-1,-1
420,0,676.28,136.31,313.00,945.66,-1,-1,-1,-1
420,8,1606.78,95.62,308.22,958.22,-1,-1,-1,-1
420,9,1064.03,166.72,213.94,665.25,-1,-1,-1,-1
420,12,427.04,217.34,254.08,607.92,-1,-1,-1,-1
421,0,690.26,149.47,317.46,923.87,-1,-1,-1,-1
421,8,1610.45,99.68,317.97,945.53,-1,-1,-1,-1
421,9,1053.18,168.01,199.37,665.66,-1,-1,-1,-1
421,12,431.95,222.06,285.52,601.11,-1,-1,-1,-1
422,0,708.27,149.54,306.37,921.31,-1,-1,-1,-1
422,8,1605.43,101.89,326.46,932.14,-1,-1,-1,-1
422,9,1029.92,162.33,211.45,676.86,-1,-1,-1,-1
422,12,444.56,227.41,300.77,593.32,-1,-1,-1,-1
423,0,726.18,149.01,299.42,922.19,-1,-1,-1,-1
423,3,641.01,251.02,160.00,510.31,-1,-1,-1,-1
423,8,1589.45,102.98,344.45,922.10,-1,-1,-1,-1
423,9,1012.71,166.28,213.42,681.30,-1,-1,-1,-1
423,12,470.43,224.67,278.28,597.66,-1,-1,-1,-1
424,0,750.21,144.08,285.81,928.66,-1,-1,-1,-1
424,3,642.90,248.36,156.35,511.12,-1,-1,-1,-1
424,8,1582.33,97.43,351.19,926.96,-1,-1,-1,-1
424,9,998.57,167.48,216.18,686.42,-1,-1,-1,-1
424,12,490.50,219.44,287.88,607.12,-1,-1,-1,-1
425,0,766.36,145.52,288.19,930.78,-1,-1,-1,-1
425,3,631.24,248.74,156.56,511.83,-1,-1,-1,-1
425,8,1577.75,101.00,346.30,916.81,-1,-1,-1,-1
425,9,986.07,167.10,218.66,697.58,-1,-1,-1,-1
425,12,513.76,218.61,285.97,605.95,-1,-1,-1,-1
426,0,786.94,141.56,280.46,938.06,-1,-1,-1,-1
426,3,619.59,249.13,156.77,512.55,-1,-1,-1,-1
426,8,1579.57,103.56,336.29,912.37,-1,-1,-1,-1
426,9,977.59,169.81,218.92,694.02,-1,-1,-1,-1
426,12,535.31,213.29,279.31,615.36,-1,-1,-1,-1
427,0,803.26,136.31,314.53,925.31,-1,-1,-1,-1
427,3,607.93,249.51,156.98,513.26,-1,-1,-1,-1
427,8,1590.36,105.99,315.78,908.39,-1,-1,-1,-1
427,9,970.80,172.28,212.09,678.69,-1,-1,-1,-1
427,12,559.30,207.84,263.24,624.13,-1,-1,-1,-1
428,0,833.39,150.76,314.87,868.67,-1,-1,-1,-1
428,3,596.28,249.89,157.19,513.98,-1,-1,-1,-1
428,8,1610.83,106.13,292.26,910.16,-1,-1,-1,-1
428,9,954.21,181.73,220.74,607.51,-1,-1,-1,-1
428,12,572.46,217.89,269.02,609.22,-1,-1,-1,-1
429,0,848.98,161.29,327.82,847.99,-1,-1,-1,-1
429,8,1631.10,110.21,267.15,899.54,-1,-1,-1,-1
429,9,956.14,195.62,187.77,473.94,-1,-1,-1,-1
429,12,574.53,218.58,289.62,606.45,-1,-1,-1,-1
430,0,860.21,138.23,323.11,904.46,-1,-1,-1,-1
430,3,558.38,243.51,168.49,552.84,-1,-1,-1,-1
430,8,1640.65,116.10,259.24,886.04,-1,-1,-1,-1
430,9,959.97,173.67,175.45,484.61,-1,-1,-1,-1
430,12,598.52,226.77,281.32,586.60,-1,-1,-1,-1
431,0,873.12,138.72,301.46,910.97,-1,-1,-1,-1
431,3,539.17,233.58,167.46,567.55,-1,-1,-1,-1
431,8,1636.84,105.48,262.12,900.58,-1,-1,-1,-1
431,9,964.71,191.05,165.28,474.74,-1,-1,-1,-1
431,12,635.47,230.29,254.26,572.03,-1,-1,-1,-1
432,0,884.25,146.81,273.77,901.50,-1,-1,-1,-1
432,3,529.67,243.05,156.12,541.80,-1,-1,-1,-1
432,8,1635.17,104.37,260.72,890.60,-1,-1,-1,-1
432,9,960.80,194.63,157.12,451.32,-1,-1,-1,-1
432,12,675.54,221.84,219.35,582.05,-1,-1,-1,-1
433,0,869.90,147.47,276.91,905.52,-1,-1,-1,-1
433,3,507.86,244.84,168.02,533.90,-1,-1,-1,-1
433,8,1634.25,111.63,260.55,878.92,-1,-1,-1,-1
433,9,956.90,198.21,148.97,427.90,-1,-1,-1,-1
433,12,715.29,216.76,181.39,593.95,-1,-1,-1,-1
434,0,876.88,146.79,277.66,907.98,-1,-1,-1,-1
434,3,470.03,243.45,205.66,538.12,-1,-1,-1,-1
434,8,1635.02,116.08,255.85,866.39,-1,-1,-1,-1
434,9,952.99,201.78,140.82,404.48,-1,-1,-1,-1
434,12,744.09,200.38,169.14,668.77,-1,-1,-1,-1
435,0,797.77,135.27,350.04,919.80,-1,-1,-1,-1
435,3,454.62,248.13,214.57,534.64,-1,-1,-1,-1
435,8,1642.05,124.78,248.83,859.56,-1,-1,-1,-1
435,9,949.08,205.36,132.67,381.05,-1,-1,-1,-1
435,12,759.74,185.44,178.25,704.82,-1,-1,-1,-1
436,0,763.95,109.45,384.17,950.94,-1,-1,-1,-1
436,3,443.51,245.64,222.72,544.54,-1,-1,-1,-1
436,8,1647.03,125.00,241.34,855.46,-1,-1,-1,-1
436,12,775.40,170.49,187.36,740.87,-1,-1,-1,-1
437,0,753.08,117.77,384.73,929.23,-1,-1,-1,-1
437,3,437.33,241.46,223.16,555.63,-1,-1,-1,-1
437,8,1651.60,124.06,235.95,860.39,-1,-1,-1,-1
437,12,758.64,139.19,211.08,814.49,-1,-1,-1,-1
438,0,805.08,125.08,316.46,918.87,-1,-1,-1,-1
438,3,434.05,246.72,215.70,552.66,-1,-1,-1,-1
438,8,1654.24,123.01,239.12,860.85,-1,-1,-1,-1
438,12,766.37,133.29,207.28,839.56,-1,-1,-1,-1
439,0,837.98,158.78,282.02,879.15,-1,-1,-1,-1
439,3,429.66,248.01,203.09,550.60,-1,-1,-1,-1
439,8,1654.66,117.21,246.86,872.34,-1,-1,-1,-1
439,12,754.81,131.89,221.39,849.72,-1,-1,-1,-1
440,0,843.55,128.96,279.79,934.61,-1,-1,-1,-1
440,3,419.00,244.11,195.11,560.77,-1,-1,-1,-1
440,8,1655.88,116.33,248.93,878.06,-1,-1,-1,-1
440,12,736.47,126.89,233.34,865.87,-1,-1,-1,-1
441,0,852.12,114.13,271.53,946.19,-1,-1,-1,-1
441,3,404.73,246.18,185.82,553.83,-1,-1,-1,-1
441,8,1659.24,118.77,246.29,876.25,-1,-1,-1,-1
441,12,741.48,119.68,239.26,887.82,-1,-1,-1,-1
442,0,864.10,109.22,256.87,960.95,-1,-1,-1,-1
442,3,387.33,243.93,186.92,556.42,-1,-1,-1,-1
442,8,1657.48,112.19,251.84,886.25,-1,-1,-1,-1
442,12,687.87,123.40,252.65,886.96,-1,-1,-1,-1
443,0,861.94,95.79,278.90,973.96,-1,-1,-1,-1
443,3,366.24,233.47,196.04,585.75,-1,-1,-1,-1
443,8,1650.67,117.87,259.61,875.35,-1,-1,-1,-1
443,12,633.35,121.81,284.68,899.06,-1,-1,-1,-1
444,0,864.63,97.15,301.62,977.97,-1,-1,-1,-1
444,3,351.96,230.96,202.01,603.26,-1,-1,-1,-1
444,8,1643.61,122.06,263.35,866.20,-1,-1,-1,-1
444,12,585.57,124.84,313.51,909.87,-1,-1,-1,-1
445,0,873.84,129.35,313.41,932.02,-1,-1,-1,-1
445,3,342.21,239.04,201.64,598.39,-1,-1,-1,-1
445,8,1642.66,119.83,253.15,871.12,-1,-1,-1,-1
445,12,559.08,123.93,316.09,913.46,-1,-1,-1,-1
446,0,883.53,137.68,318.85,930.69,-1,-1,-1,-1
446,3,334.52,240.36,200.02,608.91,-1,-1,-1,-1
446,8,1634.06,121.12,254.59,870.56,-1,-1,-1,-1
446,12,539.75,117.14,299.38,923.90,-1,-1,-1,-1
447,0,892.11,120.85,304.02,950.23,-1,-1,-1,-1
447,3,329.09,231.80,198.96,623.18,-1,-1,-1,-1
447,8,1619.74,123.96,259.72,871.38,-1,-1,-1,-1
447,12,521.71,108.96,278.51,942.97,-1,-1,-1,-1
448,0,900.69,114.97,282.99,957.14,-1,-1,-1,-1
448,3,323.75,230.38,193.33,622.62,-1,-1,-1,-1
448,8,1605.72,131.23,264.45,857.30,-1,-1,-1,-1
448,12,478.26,111.46,287.66,947.38,-1,-1,-1,-1
449,0,898.54,103.37,286.35,975.44,-1,-1,-1,-1
449,3,316.94,227.62,192.01,620.40,-1,-1,-1,-1
449,8,1590.54,140.76,268.11,836.02,-1,-1,-1,-1
449,12,450.80,113.55,277.06,925.81,-1,-1,-1,-1
450,0,902.12,105.59,278.71,970.51,-1,-1,-1,-1
450,3,312.12,235.26,186.64,592.59,-1,-1,-1,-1
450,8,1576.81,142.24,259.63,823.49,-1,-1,-1,-1
450,12,417.59,93.16,287.35,968.40,-1,-1,-1,-1
451,0,908.08,93.36,275.17,987.70,-1,-1,-1,-1
451,3,308.02,234.42,172.27,572.25,-1,-1,-1,-1
451,8,1558.67,153.08,254.18,790.60,-1,-1,-1,-1
451,12,374.14,88.91,317.96,984.27,-1,-1,-1,-1
452,0,902.02,89.89,308.89,992.07,-1,-1,-1,-1
452,3,301.23,215.75,176.06,619.28,-1,-1,-1,-1
452,8,1538.53,148.85,252.18,790.88,-1,-1,-1,-1
452,12,328.14,88.42,360.43,988.66,-1,-1,-1,-1
453,0,913.27,103.50,314.33,965.16,-1,-1,-1,-1
453,3,291.15,190.07,185.19,677.39,-1,-1,-1,-1
453,8,1518.03,156.37,252.31,775.52,-1,-1,-1,-1
453,12,294.98,90.34,389.16,990.33,-1,-1,-1,-1
453,18,1133.03,199.32,228.37,586.05,-1,-1,-1,-1
454,0,900.91,114.74,350.79,952.26,-1,-1,-1,-1
454,3,278.27,173.09,194.33,710.89,-1,-1,-1,-1
454,8,1487.21,157.13,265.79,767.71,-1,-1,-1,-1
454,12,274.01,94.00,391.43,984.55,-1,-1,-1,-1
454,18,1162.06,205.25,212.37,574.48,-1,-1,-1,-1
455,0,919.01,110.05,324.36,961.48,-1,-1,-1,-1
455,3,265.40,156.11,203.46,744.39,-1,-1,-1,-1
455,8,1446.42,160.00,293.45,759.14,-1,-1,-1,-1
455,12,271.62,91.74,367.61,981.42,-1,-1,-1,-1
455,18,1184.53,208.85,200.18,571.28,-1,-1,-1,-1
456,0,925.40,117.58,322.98,953.16,-1,-1,-1,-1
456,3,252.52,139.14,212.60,777.89,-1,-1,-1,-1
456,8,1406.92,158.99,328.36,763.75,-1,-1,-1,-1
456,12,279.36,82.69,316.13,993.22,-1,-1,-1,-1
456,18,1205.29,206.23,181.49,573.48,-1,-1,-1,-1
457,0,934.81,115.47,322.79,958.34,-1,-1,-1,-1
457,3,239.65,122.16,221.73,811.39,-1,-1,-1,-1
457,8,1378.46,168.09,349.86,750.68,-1,-1,-1,-1
457,12,269.16,87.12,286.78,981.64,-1,-1,-1,-1
457,18,1225.02,205.77,167.94,565.69,-1,-1,-1,-1
458,0,942.73,123.35,321.84,950.75,-1,-1,-1,-1
458,8,1363.06,164.70,361.91,757.58,-1,-1,-1,-1
458,12,253.40,88.55,285.26,985.09,-1,-1,-1,-1
458,18,1239.53,197.78,170.03,581.13,-1,-1,-1,-1
459,0,956.03,121.28,314.29,953.74,-1,-1,-1,-1
459,8,1352.62,163.53,356.72,756.67,-1,-1,-1,-1
459,12,234.15,89.97,298.39,978.33,-1,-1,-1,-1
459,18,1254.82,202.89,175.60,572.56,-1,-1,-1,-1
460,0,967.46,128.45,314.29,946.19,-1,-1,-1,-1
460,8,1338.92,164.54,334.09,749.62,-1,-1,-1,-1
460,12,208.82,94.07,328.48,970.06,-1,-1,-1,-1
460,18,1269.65,198.86,178.42,574.05,-1,-1,-1,-1
461,0,973.12,131.08,350.94,944.34,-1,-1,-1,-1
461,8,1337.46,169.08,288.95,734.46,-1,-1,-1,-1
461,12,185.65,97.50,358.39,964.09,-1,-1,-1,-1
461,18,1283.53,204.43,163.10,563.48,-1,-1,-1,-1
462,0,988.51,142.61,361.20,930.08,-1,-1,-1,-1
462,8,1321.71,173.11,260.87,712.76,-1,-1,-1,-1
462,12,177.36,102.14,372.38,949.27,-1,-1,-1,-1
462,18,1299.27,203.67,140.41,566.44,-1,-1,-1,-1
463,0,1008.32,142.42,356.56,934.46,-1,-1,-1,-1
463,8,1304.16,175.85,248.33,711.94,-1,-1,-1,-1
463,12,186.39,95.30,374.73,956.89,-1,-1,-1,-1
463,18,1311.86,204.30,140.10,565.20,-1,-1,-1,-1
464,0,1027.84,153.69,336.92,914.70,-1,-1,-1,-1
464,8,1288.49,175.71,246.41,710.18,-1,-1,-1,-1
464,12,199.48,92.27,384.19,964.21,-1,-1,-1,-1
464,18,1324.46,204.92,139.79,563.96,-1,-1,-1,-1
465,0,1043.47,157.67,327.22,915.14,-1,-1,-1,-1
465,8,1275.77,190.25,259.20,692.10,-1,-1,-1,-1
465,12,215.09,99.83,408.70,954.45,-1,-1,-1,-1
465,18,1337.06,205.54,139.48,562.72,-1,-1,-1,-1
466,0,1053.57,153.34,330.26,921.04,-1,-1,-1,-1
466,8,1297.94,195.84,250.20,646.47,-1,-1,-1,-1
466,12,234.68,97.66,435.23,955.71,-1,-1,-1,-1
466,18,1349.66,206.17,139.17,561.48,-1,-1,-1,-1
467,0,1062.95,146.02,348.53,932.39,-1,-1,-1,-1
467,8,1267.96,180.43,262.70,691.69,-1,-1,-1,-1
467,12,250.67,105.71,469.37,949.17,-1,-1,-1,-1
467,18,1382.02,185.94,207.31,603.67,-1,-1,-1,-1
468,0,1073.20,164.10,369.23,906.40,-1,-1,-1,-1
468,3,241.54,205.72,158.84,650.35,-1,-1,-1,-1
468,8,1253.18,176.07,265.01,697.77,-1,-1,-1,-1
468,12,282.60,115.40,464.80,942.22,-1,-1,-1,-1
468,18,1395.28,183.95,243.94,622.58,-1,-1,-1,-1
469,0,1097.75,151.34,347.55,924.07,-1,-1,-1,-1
469,3,248.28,199.71,159.15,685.06,-1,-1,-1,-1
469,8,1238.40,171.71,267.33,703.85,-1,-1,-1,-1
469,12,295.32,117.73,471.65,944.61,-1,-1,-1,-1
469,18,1402.80,186.47,264.83,628.79,-1,-1,-1,-1
470,0,1128.17,131.57,322.95,951.47,-1,-1,-1,-1
470,3,245.60,211.67,190.22,660.54,-1,-1,-1,-1
470,8,1223.62,167.35,269.64,709.94,-1,-1,-1,-1
470,12,336.33,118.21,426.87,935.39,-1,-1,-1,-1
470,18,1409.91,188.57,263.86,634.47,-1,-1,-1,-1
471,0,1144.24,137.36,311.10,939.10,-1,-1,-1,-1
471,3,249.71,215.41,206.25,664.57,-1,-1,-1,-1
471,8,1208.84,162.99,271.95,716.02,-1,-1,-1,-1
471,12,353.24,111.19,411.75,952.01,-1,-1,-1,-1
471,18,1424.49,186.63,246.39,645.49,-1,-1,-1,-1
472,0,1155.40,135.36,310.51,937.69,-1,-1,-1,-1
472,3,250.18,207.03,221.33,693.23,-1,-1,-1,-1
472,12,392.52,117.55,372.21,934.89,-1,-1,-1,-1
472,18,1431.93,190.37,241.99,636.46,-1,-1,-1,-1
473,0,1161.09,134.31,316.35,939.81,-1,-1,-1,-1
473,3,250.53,210.12,239.10,702.20,-1,-1,-1,-1
473,12,442.24,118.81,327.05,915.84,-1,-1,-1,-1
473,18,1437.83,183.67,237.91,650.91,-1,-1,-1,-1
474,0,1156.66,145.62,333.21,915.75,-1,-1,-1,-1
474,3,253.31,204.79,243.58,725.47,-1,-1,-1,-1
474,12,481.88,117.91,298.32,907.22,-1,-1,-1,-1
474,18,1440.37,182.58,245.92,653.81,-1,-1,-1,-1
475,0,1166.75,155.07,321.20,910.72,-1,-1,-1,-1
475,3,254.91,206.73,251.06,738.82,-1,-1,-1,-1
475,12,508.62,122.21,286.82,899.10,-1,-1,-1,-1
475,18,1446.71,176.92,247.56,663.93,-1,-1,-1,-1
476,0,1163.21,168.82,329.70,888.93,-1,-1,-1,-1
476,3,254.16,208.56,259.30,745.67,-1,-1,-1,-1
476,8,1040.14,233.19,225.41,590.66,-1,-1,-1,-1
476,12,527.96,127.00,281.49,892.45,-1,-1,-1,-1
476,18,1448.50,169.12,254.00,683.49,-1,-1,-1,-1
477,0,1171.64,180.16,316.34,876.59,-1,-1,-1,-1
477,3,253.54,213.10,263.13,748.72,-1,-1,-1,-1
477,8,1014.50,188.92,234.79,651.70,-1,-1,-1,-1
477,12,542.87,135.95,277.88,878.03,-1,-1,-1,-1
477,18,1451.95,168.32,256.51,691.52,-1,-1,-1,-1
478,0,1180.79,176.15,303.02,883.74,-1,-1,-1,-1
478,3,253.48,217.86,264.56,748.35,-1,-1,-1,-1
478,8,1006.04,200.77,232.59,640.05,-1,-1,-1,-1
478,12,551.62,143.76,280.96,866.97,-1,-1,-1,-1
478,18,1456.80,171.20,259.25,691.08,-1,-1,-1,-1
479,0,1183.82,170.15,302.90,889.44,-1,-1,-1,-1
479,3,254.37,220.87,264.99,756.40,-1,-1,-1,-1
479,8,1001.15,204.83,228.06,638.96,-1,-1,-1,-1
479,12,565.63,149.15,271.69,856.90,-1,-1,-1,-1
479,18,1461.72,176.50,260.34,685.51,-1,-1,-1,-1
480,0,1188.34,174.17,300.78,866.10,-1,-1,-1,-1
480,3,253.21,220.96,265.11,762.84,-1,-1,-1,-1
480,8,1007.71,203.26,193.37,640.53,-1,-1,-1,-1
480,12,575.03,148.42,270.67,855.13,-1,-1,-1,-1
480,18,1463.75,173.22,267.55,701.20,-1,-1,-1,-1
481,0,1193.72,177.23,295.28,842.32,-1,-1,-1,-1
481,3,251.70,218.84,265.94,768.22,-1,-1,-1,-1
481,8,1001.03,208.10,177.97,633.09,-1,-1,-1,-1
481,12,583.61,152.15,268.49,839.42,-1,-1,-1,-1
481,18,1464.29,171.08,281.01,705.65,-1,-1,-1,-1
482,0,1194.79,169.97,294.47,849.72,-1,-1,-1,-1
482,3,246.64,212.51,272.99,779.23,-1,-1,-1,-1
482,8,988.45,201.70,173.91,645.65,-1,-1,-1,-1
482,12,585.89,150.73,271.13,826.20,-1,-1,-1,-1
482,18,1465.98,167.96,288.55,714.29,-1,-1,-1,-1
483,0,1203.32,173.96,287.91,836.24,-1,-1,-1,-1
483,3,238.48,205.20,284.61,791.61,-1,-1,-1,-1
483,8,969.82,195.37,179.20,646.84,-1,-1,-1,-1
483,12,587.86,152.45,269.90,792.33,-1,-1,-1,-1
483,18,1467.65,163.51,298.90,723.91,-1,-1,-1,-1
484,0,1209.61,173.68,284.62,831.55,-1,-1,-1,-1
484,3,236.08,201.04,287.53,793.34,-1,-1,-1,-1
484,8,945.69,198.04,192.94,641.86,-1,-1,-1,-1
484,12,590.15,156.00,264.86,760.27,-1,-1,-1,-1
484,18,1473.09,157.95,293.61,731.38,-1,-1,-1,-1
485,0,1213.65,163.72,288.53,849.37,-1,-1,-1,-1
485,3,237.89,193.19,287.04,802.77,-1,-1,-1,-1
485,8,927.82,203.68,198.77,636.68,-1,-1,-1,-1
485,12,590.57,154.29,260.20,749.34,-1,-1,-1,-1
485,18,1476.32,150.29,289.89,752.40,-1,-1,-1,-1
486,0,1221.08,155.97,284.27,862.29,-1,-1,-1,-1
486,3,240.21,183.08,290.08,824.29,-1,-1,-1,-1
486,8,918.04,204.29,196.32,635.25,-1,-1,-1,-1
486,12,589.33,161.26,255.75,729.00,-1,-1,-1,-1
486,18,1480.91,143.24,277.55,768.14,-1,-1,-1,-1
487,0,1230.45,160.95,276.63,845.66,-1,-1,-1,-1
487,3,241.16,175.42,299.20,845.46,-1,-1,-1,-1
487,8,911.16,204.35,197.96,636.32,-1,-1,-1,-1
487,12,586.06,164.95,253.12,723.43,-1,-1,-1,-1
487,18,1480.37,135.50,275.94,799.30,-1,-1,-1,-1
488,0,1238.92,165.20,269.92,834.94,-1,-1,-1,-1
488,3,244.86,170.11,299.85,861.89,-1,-1,-1,-1
488,8,906.41,205.85,194.18,635.27,-1,-1,-1,-1
488,12,585.42,169.44,248.91,717.03,-1,-1,-1,-1
488,18,1480.83,132.12,269.78,821.55,-1,-1,-1,-1
489,0,1243.99,168.83,264.19,826.37,-1,-1,-1,-1
489,3,250.45,169.07,299.70,874.47,-1,-1,-1,-1
489,8,900.74,200.88,187.53,642.14,-1,-1,-1,-1
489,12,584.67,172.44,248.14,719.53,-1,-1,-1,-1
489,18,1480.91,132.09,261.20,834.14,-1,-1,-1,-1
490,0,1246.48,173.18,258.47,815.52,-1,-1,-1,-1
490,3,258.00,164.24,301.83,887.54,-1,-1,-1,-1
490,8,894.24,201.81,178.18,641.27,-1,-1,-1,-1
490,12,589.93,181.07,241.79,709.27,-1,-1,-1,-1
490,18,1478.61,137.73,257.40,830.75,-1,-1,-1,-1
491,0,1246.73,177.14,254.95,806.69,-1,-1,-1,-1
491,3,264.59,166.13,304.22,883.86,-1,-1,-1,-1
491,8,880.59,199.38,182.97,648.12,-1,-1,-1,-1
491,12,594.85,188.24,237.07,693.68,-1,-1,-1,-1
491,18,1476.88,142.62,248.28,828.04,-1,-1,-1,-1
492,0,1245.62,182.72,252.93,795.68,-1,-1,-1,-1
492,3,267.69,164.63,313.39,886.97,-1,-1,-1,-1
492,8,866.77,202.45,185.80,648.65,-1,-1,-1,-1
492,12,596.97,188.91,236.21,680.11,-1,-1,-1,-1
492,18,1470.81,143.81,248.53,830.96,-1,-1,-1,-1
493,0,1241.52,183.15,248.95,796.21,-1,-1,-1,-1
493,3,270.03,159.71,321.26,900.67,-1,-1,-1,-1
493,8,851.21,200.23,192.66,653.11,-1,-1,-1,-1
493,12,599.59,185.94,230.88,668.36,-1,-1,-1,-1
493,18,1468.80,137.24,240.39,838.74,-1,-1,-1,-1
494,0,1236.61,189.21,244.18,776.70,-1,-1,-1,-1
494,3,268.01,151.92,338.91,922.27,-1,-1,-1,-1
494,8,834.16,203.66,208.12,657.00,-1,-1,-1,-1
494,12,601.12,186.62,228.62,650.57,-1,-1,-1,-1
494,18,1459.54,134.79,242.82,855.34,-1,-1,-1,-1
495,0,1231.96,183.63,237.17,779.40,-1,-1,-1,-1
495,3,275.14,148.59,332.54,932.55,-1,-1,-1,-1
495,8,822.05,208.70,214.01,651.62,-1,-1,-1,-1
495,12,600.41,189.47,228.19,633.79,-1,-1,-1,-1
495,18,1446.05,129.28,256.18,874.39,-1,-1,-1,-1
496,0,1226.39,183.67,231.79,774.01,-1,-1,-1,-1
496,3,275.16,148.50,342.61,935.15,-1,-1,-1,-1
496,8,814.59,206.20,210.80,664.23,-1,-1,-1,-1
496,12,599.42,188.79,229.95,631.25,-1,-1,-1,-1
496,18,1439.38,130.73,255.44,885.44,-1,-1,-1,-1
497,0,1220.10,186.24,231.00,760.81,-1,-1,-1,-1
497,3,279.51,147.35,336.67,937.06,-1,-1,-1,-1
497,8,804.67,202.41,208.41,668.95,-1,-1,-1,-1
497,12,597.80,182.80,228.27,636.89,-1,-1,-1,-1
497,18,1434.71,140.11,246.13,862.57,-1,-1,-1,-1
498,0,1209.83,177.64,232.56,774.48,-1,-1,-1,-1
498,3,280.79,155.21,337.64,922.10,-1,-1,-1,-1
498,8,795.67,197.62,203.73,679.53,-1,-1,-1,-1
498,12,591.51,180.27,228.65,643.66,-1,-1,-1,-1
498,18,1415.90,141.10,249.60,875.22,-1,-1,-1,-1
499,0,1201.44,178.81,240.22,761.88,-1,-1,-1,-1
499,3,280.08,155.24,334.80,921.34,-1,-1,-1,-1
499,8,785.50,198.50,194.27,679.57,-1,-1,-1,-1
499,12,586.51,177.12,228.88,652.36,-1,-1,-1,-1
499,18,1393.22,133.67,244.59,887.81,-1,-1,-1,-1
500,0,1194.11,173.03,243.09,761.30,-1,-1,-1,-1
500,3,276.10,144.17,335.15,935.00,-1,-1,-1,-1
500,8,771.28,196.55,195.88,682.22,-1,-1,-1,-1
500,12,581.07,180.17,230.38,649.72,-1,-1,-1,-1
500,18,1371.09,123.71,244.86,917.00,-1,-1,-1,-1
501,0,1193.51,166.32,238.69,766.29,-1,-1,-1,-1
501,3,269.50,140.25,349.39,940.85,-1,-1,-1,-1
501,8,758.74,188.71,201.28,695.63,-1,-1,-1,-1
501,12,576.32,182.93,231.79,647.14,-1,-1,-1,-1
501,18,1353.31,127.72,245.13,905.85,-1,-1,-1,-1
502,0,1189.46,150.19,259.10,798.73,-1,-1,-1,-1
502,3,263.69,132.44,356.82,948.18,-1,-1,-1,-1
502,8,732.85,188.44,219.72,695.10,-1,-1,-1,-1
502,12,569.30,183.33,239.57,652.65,-1,-1,-1,-1
502,18,1317.24,133.06,267.72,890.11,-1,-1,-1,-1
503,0,1184.29,139.81,263.96,813.68,-1,-1,-1,-1
503,3,253.49,132.94,368.78,944.27,-1,-1,-1,-1
503,8,697.74,185.75,251.66,700.22,-1,-1,-1,-1
503,12,565.89,180.94,236.06,662.54,-1,-1,-1,-1
503,18,1245.57,130.14,344.95,902.93,-1,-1,-1,-1
504,0,1179.13,129.43,268.81,828.64,-1,-1,-1,-1
504,3,245.27,129.85,375.90,943.45,-1,-1,-1,-1
504,8,670.33,190.01,270.40,695.81,-1,-1,-1,-1
504,12,569.55,179.97,219.16,665.58,-1,-1,-1,-1
504,18,1200.17,128.45,394.53,910.04,-1,-1,-1,-1
505,0,1173.96,119.06,273.67,843.60,-1,-1,-1,-1
505,3,239.07,124.56,381.11,949.84,-1,-1,-1,-1
505,8,650.98,190.93,278.36,696.64,-1,-1,-1,-1
505,12,574.58,186.05,197.96,649.84,-1,-1,-1,-1
505,18,1165.90,126.24,415.54,915.33,-1,-1,-1,-1
506,0,1168.80,108.68,278.52,858.56,-1,-1,-1,-1
506,3,236.67,122.72,387.33,952.68,-1,-1,-1,-1
506,8,632.30,199.20,297.80,691.36,-1,-1,-1,-1
506,12,583.44,196.23,169.89,621.42,-1,-1,-1,-1
506,18,1139.87,131.62,409.73,897.36,-1,-1,-1,-1
507,3,235.10,118.69,393.57,953.89,-1,-1,-1,-1
507,8,614.60,197.83,308.89,698.49,-1,-1,-1,-1
507,12,591.04,202.70,155.85,601.75,-1,-1,-1,-1
507,18,1140.59,142.23,364.02,879.62,-1,-1,-1,-1
508,0,1276.06,180.01,183.48,682.34,-1,-1,-1,-1
508,3,232.03,120.47,398.41,947.04,-1,-1,-1,-1
508,8,603.08,195.18,306.26,703.50,-1,-1,-1,-1
508,12,590.03,210.11,151.37,584.47,-1,-1,-1,-1
508,18,1137.86,150.48,332.00,850.95,-1,-1,-1,-1
509,0,1287.47,188.22,184.19,677.04,-1,-1,-1,-1
509,3,230.79,118.88,410.19,938.66,-1,-1,-1,-1
509,8,605.39,193.04,261.66,705.77,-1,-1,-1,-1
509,12,589.02,217.52,146.89,567.20,-1,-1,-1,-1
509,18,1121.20,150.09,324.94,844.08,-1,-1,-1,-1
510,0,1252.49,181.89,223.34,709.03,-1,-1,-1,-1
510,3,238.17,117.70,400.57,943.47,-1,-1,-1,-1
510,8,599.82,184.01,226.23,720.70,-1,-1,-1,-1
510,12,588.01,224.93,142.41,549.92,-1,-1,-1,-1
510,18,1102.94,148.74,269.63,846.68,-1,-1,-1,-1
511,0,1254.30,184.33,210.91,709.50,-1,-1,-1,-1
511,3,245.13,116.13,398.87,947.38,-1,-1,-1,-1
511,8,586.41,170.40,213.25,748.14,-1,-1,-1,-1
511,12,587.00,232.34,137.93,532.65,-1,-1,-1,-1
511,18,1038.19,150.04,301.91,845.23,-1,-1,-1,-1
512,0,1241.19,188.66,219.21,703.89,-1,-1,-1,-1
512,3,247.32,101.74,414.10,966.66,-1,-1,-1,-1
512,8,566.94,169.34,220.43,747.82,-1,-1,-1,-1
512,18,985.14,148.87,335.52,850.27,-1,-1,-1,-1
513,0,1234.35,191.72,213.23,703.53,-1,-1,-1,-1
513,3,248.65,98.96,440.50,970.07,-1,-1,-1,-1
513,8,558.61,182.98,225.45,713.07,-1,-1,-1,-1
513,18,953.20,142.24,346.33,860.24,-1,-1,-1,-1
514,0,1221.78,193.08,212.65,695.38,-1,-1,-1,-1
514,3,259.76,100.06,450.03,960.18,-1,-1,-1,-1
514,8,582.34,197.86,202.67,671.60,-1,-1,-1,-1
514,18,932.37,147.99,349.09,854.07,-1,-1,-1,-1
515,0,1211.08,190.59,208.82,688.83,-1,-1,-1,-1
515,3,274.45,96.00,451.09,962.33,-1,-1,-1,-1
515,8,601.37,195.82,199.51,665.79,-1,-1,-1,-1
515,18,929.17,158.70,298.28,841.24,-1,-1,-1,-1
516,0,1197.80,202.40,213.25,663.40,-1,-1,-1,-1
516,3,292.17,90.88,438.34,965.79,-1,-1,-1,-1
516,8,621.84,206.60,192.14,629.70,-1,-1,-1,-1
516,18,925.26,152.83,248.98,839.37,-1,-1,-1,-1
517,0,1184.12,206.52,217.88,651.64,-1,-1,-1,-1
517,3,314.76,62.84,408.58,1010.33,-1,-1,-1,-1
517,8,635.54,201.76,191.76,618.48,-1,-1,-1,-1
517,18,896.96,134.14,237.80,896.36,-1,-1,-1,-1
518,0,1175.90,200.53,214.81,656.20,-1,-1,-1,-1
518,3,336.88,57.91,371.47,1011.00,-1,-1,-1,-1
518,8,648.28,201.00,184.36,613.52,-1,-1,-1,-1
518,18,863.26,149.52,246.11,862.59,-1,-1,-1,-1
519,0,1159.81,205.57,227.89,642.74,-1,-1,-1,-1
519,3,351.41,67.67,341.00,991.14,-1,-1,-1,-1
519,8,662.49,201.75,165.11,606.67,-1,-1,-1,-1
519,18,829.08,149.48,252.83,845.61,-1,-1,-1,-1
520,0,1152.99,210.15,222.61,634.64,-1,-1,-1,-1
520,3,357.94,37.54,337.42,1036.63,-1,-1,-1,-1
520,8,670.26,197.40,171.36,607.30,-1,-1,-1,-1
520,18,779.66,155.65,286.62,839.03,-1,-1,-1,-1
521,0,1150.19,212.97,216.27,630.92,-1,-1,-1,-1
521,3,349.57,40.39,363.54,1027.74,-1,-1,-1,-1
521,8,682.94,199.02,158.59,602.40,-1,-1,-1,-1
521,18,733.69,155.24,324.54,835.54,-1,-1,-1,-1
522,0,1150.08,214.14,213.56,629.09,-1,-1,-1,-1
522,3,322.03,22.88,391.44,1052.88,-1,-1,-1,-1
522,8,686.56,185.72,176.18,634.55,-1,-1,-1,-1
522,18,703.37,161.22,350.02,831.21,-1,-1,-1,-1
523,0,1154.15,214.42,207.49,630.43,-1,-1,-1,-1
523,3,287.35,44.99,438.97,1018.26,-1,-1,-1,-1
523,8,690.46,187.90,173.35,624.05,-1,-1,-1,-1
523,18,691.63,163.84,353.51,826.74,-1,-1,-1,-1
524,0,1162.67,213.78,197.64,629.53,-1,-1,-1,-1
524,3,265.10,47.13,440.27,1012.36,-1,-1,-1,-1
524,8,676.79,196.09,201.31,574.10,-1,-1,-1,-1
524,18,671.06,167.83,347.25,815.50,-1,-1,-1,-1
525,0,1178.14,206.25,179.53,637.91,-1,-1,-1,-1
525,3,251.77,49.17,455.23,1006.33,-1,-1,-1,-1
525,8,685.39,201.75,193.81,552.73,-1,-1,-1,-1
525,18,651.71,172.75,321.04,785.49,-1,-1,-1,-1
526,0,1190.32,200.51,168.30,640.17,-1,-1,-1,-1
526,3,253.81,47.51,434.80,1008.23,-1,-1,-1,-1
526,8,693.99,207.42,186.32,531.37,-1,-1,-1,-1
526,18,641.93,165.47,293.32,786.76,-1,-1,-1,-1
527,0,1195.68,200.40,165.12,630.82,-1,-1,-1,-1
527,3,252.83,39.68,447.96,1020.26,-1,-1,-1,-1
527,8,702.59,213.09,178.82,510.00,-1,-1,-1,-1
527,18,625.56,158.77,295.47,793.01,-1,-1,-1,-1
528,0,1198.72,201.08,160.67,622.69,-1,-1,-1,-1
528,3,246.30,45.84,465.83,1009.83,-1,-1,-1,-1
528,8,711.19,218.76,171.33,488.63,-1,-1,-1,-1
528,18,601.05,155.75,333.63,801.11,-1,-1,-1,-1
529,0,1187.89,209.00,174.05,602.34,-1,-1,-1,-1
529,3,242.52,51.98,475.22,1002.72,-1,-1,-1,-1
529,8,759.15,188.39,205.42,605.44,-1,-1,-1,-1
529,18,605.25,169.34,327.31,781.90,-1,-1,-1,-1
530,0,1178.30,206.55,179.31,602.23,-1,-1,-1,-1
530,3,237.80,61.32,481.40,989.58,-1,-1,-1,-1
530,8,776.98,187.30,201.37,588.26,-1,-1,-1,-1
530,18,614.17,177.91,314.03,768.63,-1,-1,-1,-1
531,0,1164.61,212.38,188.85,592.58,-1,-1,-1,-1
531,3,249.91,71.46,453.19,981.05,-1,-1,-1,-1
531,8,786.26,172.95,206.30,640.40,-1,-1,-1,-1
531,18,613.88,174.15,293.76,779.94,-1,-1,-1,-1
532,0,1152.96,217.19,199.28,584.25,-1,-1,-1,-1
532,3,259.07,79.54,431.85,976.14,-1,-1,-1,-1
532,8,799.43,166.60,211.58,668.49,-1,-1,-1,-1
532,18,605.03,174.67,268.74,774.97,-1,-1,-1,-1
533,0,1146.23,214.90,203.31,588.86,-1,-1,-1,-1
533,3,263.07,93.84,426.58,959.06,-1,-1,-1,-1
533,8,814.60,163.66,218.91,683.43,-1,-1,-1,-1
533,18,594.28,167.81,235.34,778.77,-1,-1,-1,-1
534,0,1140.77,221.74,207.73,577.50,-1,-1,-1,-1
534,3,267.80,102.48,427.37,950.17,-1,-1,-1,-1
534,8,827.31,167.91,231.45,681.37,-1,-1,-1,-1
534,18,579.90,160.19,213.86,784.06,-1,-1,-1,-1
534,21,43.61,161.57,315.70,891.15,-1,-1,-1,-1
535,0,1136.02,227.53,207.14,570.32,-1,-1,-1,-1
535,3,275.31,107.14,422.11,946.81,-1,-1,-1,-1
535,8,831.01,176.40,280.04,674.44,-1,-1,-1,-1
535,18,561.75,159.37,205.75,799.39,-1,-1,-1,-1
535,21,31.73,163.20,326.48,891.51,-1,-1,-1,-1
536,0,1126.69,225.38,207.51,573.35,-1,-1,-1,-1
536,3,275.70,107.05,428.30,952.58,-1,-1,-1,-1
536,8,839.45,176.69,310.79,685.71,-1,-1,-1,-1
536,18,541.86,154.88,207.88,807.71,-1,-1,-1,-1
536,21,23.53,164.23,333.59,882.33,-1,-1,-1,-1
537,0,1111.06,224.82,211.30,572.25,-1,-1,-1,-1
537,3,283.62,110.03,433.35,955.48,-1,-1,-1,-1
537,8,851.43,181.42,323.88,685.25,-1,-1,-1,-1
537,18,521.98,150.40,210.02,816.03,-1,-1,-1,-1
537,21,13.54,159.98,343.94,878.41,-1,-1,-1,-1
538,0,1106.17,229.86,192.51,564.61,-1,-1,-1,-1
538,3,299.44,109.97,422.79,958.40,-1,-1,-1,-1
538,8,867.57,175.10,317.70,694.54,-1,-1,-1,-1
538,18,502.10,145.91,212.15,824.35,-1,-1,-1,-1
538,21,4.74,152.00,352.05,894.81,-1,-1,-1,-1
539,0,1117.55,229.87,150.58,556.98,-1,-1,-1,-1
539,3,317.26,100.82,415.71,975.37,-1,-1,-1,-1
539,8,894.34,168.77,296.83,699.72,-1,-1,-1,-1
539,18,482.21,141.42,214.28,832.67,-1,-1,-1,-1
539,21,-2.20,145.76,363.73,913.10,-1,-1,-1,-1
540,0,1117.67,231.75,137.70,549.75,-1,-1,-1,-1
540,3,335.84,105.37,407.24,969.07,-1,-1,-1,-1
540,8,918.10,171.27,294.79,690.07,-1,-1,-1,-1
540,21,-8.99,142.11,384.95,920.01,-1,-1,-1,-1
541,0,1116.42,230.08,132.97,550.82,-1,-1,-1,-1
541,3,356.52,116.33,392.73,951.04,-1,-1,-1,-1
541,8,950.58,160.21,259.98,705.58,-1,-1,-1,-1
541,21,-9.57,139.05,392.70,924.35,-1,-1,-1,-1
542,0,1110.94,226.60,134.59,560.99,-1,-1,-1,-1
542,3,363.01,112.42,398.17,962.89,-1,-1,-1,-1
542,8,977.70,156.09,256.63,706.60,-1,-1,-1,-1
542,21,-6.40,137.54,387.30,928.18,-1,-1,-1,-1
543,0,1103.94,224.63,135.27,563.92,-1,-1,-1,-1
543,3,351.69,118.40,425.77,955.31,-1,-1,-1,-1
543,8,998.52,150.42,253.19,715.32,-1,-1,-1,-1
543,21,-3.77,135.11,378.37,932.81,-1,-1,-1,-1
544,0,1096.93,222.65,135.95,566.85,-1,-1,-1,-1
544,3,342.02,133.57,450.60,934.85,-1,-1,-1,-1
544,8,1012.06,147.01,274.01,729.63,-1,-1,-1,-1
544,21,-1.04,135.31,362.31,932.75,-1,-1,-1,-1
545,0,1089.92,220.68,136.62,569.77,-1,-1,-1,-1
545,3,339.97,132.00,456.54,938.17,-1,-1,-1,-1
545,8,1025.58,145.65,290.35,737.15,-1,-1,-1,-1
545,18,336.68,215.91,217.29,797.52,-1,-1,-1,-1
545,21,0.10,132.89,347.54,933.57,-1,-1,-1,-1
546,0,1082.92,218.71,137.30,572.70,-1,-1,-1,-1
546,3,353.73,139.07,440.39,923.94,-1,-1,-1,-1
546,8,1042.34,147.17,299.69,745.59,-1,-1,-1,-1
546,18,317.52,178.80,223.32,853.13,-1,-1,-1,-1
546,21,0.75,135.09,334.41,929.19,-1,-1,-1,-1
547,3,365.58,131.47,433.36,942.08,-1,-1,-1,-1
547,8,1059.08,141.51,309.82,772.13,-1,-1,-1,-1
547,18,284.94,156.64,282.08,891.84,-1,-1,-1,-1
547,21,0.19,132.91,322.34,928.14,-1,-1,-1,-1
548,3,401.90,134.58,393.80,943.17,-1,-1,-1,-1
548,8,1064.99,146.72,327.88,774.03,-1,-1,-1,-1
548,18,267.25,149.34,298.49,902.26,-1,-1,-1,-1
548,21,-0.92,133.54,313.42,925.83,-1,-1,-1,-1
549,3,438.90,139.84,357.74,930.99,-1,-1,-1,-1
549,8,1069.01,147.89,323.86,777.49,-1,-1,-1,-1
549,18,262.83,145.31,284.12,901.25,-1,-1,-1,-1
549,21,-3.69,134.20,316.84,925.57,-1,-1,-1,-1
550,3,463.38,144.83,339.27,919.36,-1,-1,-1,-1
550,8,1073.07,142.01,318.02,786.66,-1,-1,-1,-1
550,18,256.97,136.15,287.02,916.58,-1,-1,-1,-1
550,21,-5.68,113.24,323.73,950.31,-1,-1,-1,-1
551,0,1035.74,227.12,158.64,565.28,-1,-1,-1,-1
551,3,488.04,153.61,316.18,904.16,-1,-1,-1,-1
551,8,1101.86,146.52,275.42,771.38,-1,-1,-1,-1
551,18,260.38,139.88,276.83,908.58,-1,-1,-1,-1
551,21,-6.61,121.19,329.51,931.57,-1,-1,-1,-1
552,0,1030.55,233.62,160.72,541.80,-1,-1,-1,-1
552,3,508.77,153.74,298.94,904.12,-1,-1,-1,-1
552,8,1117.19,133.75,263.26,793.53,-1,-1,-1,-1
552,18,268.24,145.19,267.34,902.51,-1,-1,-1,-1
552,21,-6.46,116.80,338.93,940.76,-1,-1,-1,-1
553,0,1028.57,232.71,165.18,543.69,-1,-1,-1,-1
553,3,522.47,152.34,290.31,898.26,-1,-1,-1,-1
553,8,1134.12,133.34,267.71,788.33,-1,-1,-1,-1
553,18,273.88,144.48,264.51,894.02,-1,-1,-1,-1
553,21,-6.14,112.15,349.42,947.44,-1,-1,-1,-1
554,0,1027.44,233.89,168.53,542.95,-1,-1,-1,-1
554,3,494.51,153.54,328.87,901.16,-1,-1,-1,-1
554,8,1151.53,127.65,275.17,793.17,-1,-1,-1,-1
554,18,282.72,154.07,261.82,885.18,-1,-1,-1,-1
554,21,-5.22,105.60,358.84,955.46,-1,-1,-1,-1
555,0,1029.65,235.09,170.79,544.12,-1,-1,-1,-1
555,3,419.46,143.04,409.45,921.70,-1,-1,-1,-1
555,8,1168.94,125.80,293.46,799.91,-1,-1,-1,-1
555,18,279.80,157.79,259.96,878.90,-1,-1,-1,-1
555,21,-6.96,102.07,384.59,952.53,-1,-1,-1,-1
556,0,1033.58,238.54,169.83,543.10,-1,-1,-1,-1
556,3,443.19,143.87,375.02,919.11,-1,-1,-1,-1
556,8,1186.38,116.24,324.53,822.50,-1,-1,-1,-1
556,18,287.79,139.02,350.75,912.30,-1,-1,-1,-1
556,21,-3.65,94.53,392.31,957.94,-1,-1,-1,-1
557,0,1037.03,243.40,169.74,539.08,-1,-1,-1,-1
557,3,397.80,122.03,434.69,946.21,-1,-1,-1,-1
557,8,1202.40,114.96,362.89,836.97,-1,-1,-1,-1
557,18,292.33,134.96,353.98,920.67,-1,-1,-1,-1
557,21,0.83,82.87,386.35,972.66,-1,-1,-1,-1
558,0,1043.63,241.74,166.86,544.48,-1,-1,-1,-1
558,3,376.38,112.53,462.51,946.43,-1,-1,-1,-1
558,8,1221.21,120.02,378.30,844.39,-1,-1,-1,-1
558,18,296.86,130.89,357.21,929.05,-1,-1,-1,-1
558,21,3.22,81.53,379.99,980.17,-1,-1,-1,-1
559,0,1049.80,245.02,161.60,538.84,-1,-1,-1,-1
559,3,371.10,106.37,459.66,954.36,-1,-1,-1,-1
559,8,1239.55,113.24,381.19,863.85,-1,-1,-1,-1
559,18,301.39,126.83,360.45,937.42,-1,-1,-1,-1
559,21,3.58,77.70,377.28,986.37,-1,-1,-1,-1
560,0,1053.69,238.28,164.92,543.37,-1,-1,-1,-1
560,3,376.35,102.30,456.29,959.73,-1,-1,-1,-1
560,8,1261.37,107.23,363.62,872.94,-1,-1,-1,-1
560,18,305.92,122.76,363.68,945.80,-1,-1,-1,-1
560,21,2.23,73.50,381.59,992.13,-1,-1,-1,-1
561,0,1057.68,240.60,161.46,541.54,-1,-1,-1,-1
561,3,384.80,102.27,465.55,961.00,-1,-1,-1,-1
561,8,1271.24,98.25,367.18,888.01,-1,-1,-1,-1
561,21,1.31,65.69,385.81,1002.64,-1,-1,-1,-1
562,0,1062.00,238.38,157.64,549.50,-1,-1,-1,-1
562,3,405.98,101.74,475.23,961.13,-1,-1,-1,-1
562,8,1293.05,93.36,357.59,891.73,-1,-1,-1,-1
562,21,1.77,55.83,383.30,1015.73,-1,-1,-1,-1
563,0,1062.71,234.55,164.68,548.85,-1,-1,-1,-1
563,3,448.77,94.74,471.33,968.10,-1,-1,-1,-1
563,8,1312.62,95.57,358.97,888.11,-1,-1,-1,-1
563,21,0.38,54.75,388.82,1015.85,-1,-1,-1,-1
564,0,1063.69,229.30,168.96,552.43,-1,-1,-1,-1
564,3,491.01,69.67,478.70,1002.16,-1,-1,-1,-1
564,8,1324.51,98.01,367.39,882.54,-1,-1,-1,-1
564,21,1.13,45.52,386.29,1018.60,-1,-1,-1,-1
565,0,1063.18,226.92,174.12,552.79,-1,-1,-1,-1
565,3,536.31,62.67,497.56,1001.19,-1,-1,-1,-1
565,8,1333.63,96.59,380.35,883.42,-1,-1,-1,-1
565,21,0.28,50.85,391.05,1006.83,-1,-1,-1,-1
566,0,1055.14,223.25,179.58,566.63,-1,-1,-1,-1
566,3,558.35,54.10,502.28,1010.56,-1,-1,-1,-1
566,8,1343.92,87.07,370.64,897.47,-1,-1,-1,-1
566,21,2.62,39.07,379.34,1022.19,-1,-1,-1,-1
567,0,1059.88,222.04,172.67,570.32,-1,-1,-1,-1
567,3,580.39,45.53,506.99,1019.94,-1,-1,-1,-1
567,8,1348.03,88.43,362.55,891.30,-1,-1,-1,-1
567,21,0.62,35.05,391.96,1020.68,-1,-1,-1,-1
568,0,1058.40,223.93,174.66,568.67,-1,-1,-1,-1
568,3,602.43,36.96,511.71,1029.31,-1,-1,-1,-1
568,8,1339.83,82.77,354.25,895.50,-1,-1,-1,-1
568,21,6.08,36.49,399.08,1015.14,-1,-1,-1,-1
569,0,1054.70,220.49,183.23,580.94,-1,-1,-1,-1
569,3,624.47,28.39,516.43,1038.69,-1,-1,-1,-1
569,8,1318.08,86.06,358.44,888.19,-1,-1,-1,-1
569,21,13.71,35.46,403.53,1009.30,-1,-1,-1,-1
570,0,1049.10,228.89,194.76,565.92,-1,-1,-1,-1
570,3,705.63,134.25,523.22,894.87,-1,-1,-1,-1
570,8,1298.35,86.08,357.52,888.95,-1,-1,-1,-1
570,21,32.57,30.21,390.57,1021.82,-1,-1,-1,-1
571,0,1057.61,223.91,185.11,573.10,-1,-1,-1,-1
571,3,738.65,176.80,512.24,870.31,-1,-1,-1,-1
571,8,1291.85,88.97,342.16,886.12,-1,-1,-1,-1
571,21,38.94,40.23,393.75,1009.33,-1,-1,-1,-1
572,0,1065.45,229.75,186.36,562.42,-1,-1,-1,-1
572,3,806.48,198.28,406.24,858.85,-1,-1,-1,-1
572,8,1281.48,85.51,336.82,891.93,-1,-1,-1,-1
572,21,24.84,49.23,430.19,1007.54,-1,-1,-1,-1
572,23,594.34,199.10,228.92,724.96,-1,-1,-1,-1
573,0,1068.63,232.01,185.06,558.48,-1,-1,-1,-1
573,3,844.51,124.92,405.63,939.63,-1,-1,-1,-1
573,8,1265.93,79.63,350.29,910.22,-1,-1,-1,-1
573,21,14.24,47.55,456.59,1012.99,-1,-1,-1,-1
573,23,592.99,196.57,234.88,732.73,-1,-1,-1,-1
574,0,1071.81,234.26,183.75,554.53,-1,-1,-1,-1
574,3,870.22,101.89,393.46,975.88,-1,-1,-1,-1
574,8,1251.93,82.03,349.47,904.60,-1,-1,-1,-1
574,21,9.76,38.23,471.02,1034.80,-1,-1,-1,-1
574,23,591.50,208.18,239.88,701.48,-1,-1,-1,-1
575,0,1074.99,236.52,182.45,550.59,-1,-1,-1,-1
575,3,884.74,78.98,420.37,1002.88,-1,-1,-1,-1
575,8,1256.92,90.36,306.46,887.42,-1,-1,-1,-1
575,21,7.20,73.72,490.29,989.68,-1,-1,-1,-1
575,23,594.74,203.60,228.69,704.64,-1,-1,-1,-1
576,0,1078.17,238.78,181.15,546.64,-1,-1,-1,-1
576,3,905.32,77.33,467.90,990.50,-1,-1,-1,-1
576,8,1259.18,102.98,256.43,866.43,-1,-1,-1,-1
576,21,5.45,85.05,506.36,980.30,-1,-1,-1,-1
576,23,591.20,208.00,232.50,689.29,-1,-1,-1,-1
577,3,956.48,76.90,458.86,984.08,-1,-1,-1,-1
577,8,1249.23,142.18,221.26,657.55,-1,-1,-1,-1
577,21,5.78,78.20,512.35,987.10,-1,-1,-1,-1
577,23,591.36,208.45,231.25,685.12,-1,-1,-1,-1
578,3,1027.73,66.51,401.52,992.48,-1,-1,-1,-1
578,8,1251.78,181.29,187.06,555.94,-1,-1,-1,-1
578,21,10.40,88.91,514.40,974.38,-1,-1,-1,-1
578,23,595.15,213.94,226.66,674.53,-1,-1,-1,-1
579,0,1053.36,233.14,153.84,561.97,-1,-1,-1,-1
579,3,1072.53,60.38,394.67,1001.17,-1,-1,-1,-1
579,8,1254.33,220.41,152.87,454.33,-1,-1,-1,-1
579,21,15.12,75.55,511.89,992.72,-1,-1,-1,-1
579,23,598.90,218.25,223.79,668.36,-1,-1,-1,-1
580,0,1044.23,232.20,140.98,556.50,-1,-1,-1,-1
580,3,1096.43,54.99,416.33,1013.24,-1,-1,-1,-1
580,8,1256.88,259.52,118.68,352.73,-1,-1,-1,-1
580,21,25.18,62.54,506.08,1011.75,-1,-1,-1,-1
580,23,601.68,221.94,222.48,660.92,-1,-1,-1,-1
581,0,1032.87,230.11,157.78,561.52,-1,-1,-1,-1
581,3,1074.94,69.18,489.46,990.63,-1,-1,-1,-1
581,8,1040.92,120.49,304.35,821.65,-1,-1,-1,-1
581,21,33.04,71.02,502.29,989.70,-1,-1,-1,-1
581,23,608.43,228.35,217.38,646.59,-1,-1,-1,-1
582,0,1025.57,220.14,163.35,564.76,-1,-1,-1,-1
582,3,1071.42,90.40,533.51,959.08,-1,-1,-1,-1
582,8,1018.16,112.21,296.53,852.97,-1,-1,-1,-1
582,21,40.73,85.43,497.12,963.98,-1,-1,-1,-1
582,23,615.82,226.18,212.45,643.39,-1,-1,-1,-1
583,0,1024.32,225.04,144.59,544.01,-1,-1,-1,-1
583,3,1178.90,81.91,473.59,983.16,-1,-1,-1,-1
583,8,984.31,109.62,337.41,875.12,-1,-1,-1,-1
583,21,47.14,84.04,488.59,972.60,-1,-1,-1,-1
583,23,622.25,229.03,208.97,622.38,-1,-1,-1,-1
584,0,1019.94,226.94,142.40,535.84,-1,-1,-1,-1
584,3,1248.58,70.36,460.72,1005.14,-1,-1,-1,-1
584,8,973.92,112.78,352.98,879.22,-1,-1,-1,-1
584,21,52.06,97.93,483.42,959.81,-1,-1,-1,-1
584,23,628.30,226.48,203.71,617.65,-1,-1,-1,-1
585,0,1015.57,228.84,140.22,527.68,-1,-1,-1,-1
585,3,1306.31,140.11,450.27,920.15,-1,-1,-1,-1
585,8,982.29,114.62,328.92,881.36,-1,-1,-1,-1
585,21,57.51,96.03,478.87,958.80,-1,-1,-1,-1
585,23,629.75,231.53,201.89,596.84,-1,-1,-1,-1
586,0,1011.18,230.74,138.03,519.52,-1,-1,-1,-1
586,3,1361.63,183.12,438.68,870.46,-1,-1,-1,-1
586,8,986.35,121.19,295.26,870.76,-1,-1,-1,-1
586,21,56.78,87.60,485.15,964.39,-1,-1,-1,-1
586,23,631.25,230.64,199.67,592.05,-1,-1,-1,-1
587,0,1006.80,232.64,135.85,511.35,-1,-1,-1,-1
587,3,1398.55,200.76,445.37,864.24,-1,-1,-1,-1
587,8,985.34,116.84,262.80,876.32,-1,-1,-1,-1
587,21,55.59,63.64,478.62,1007.77,-1,-1,-1,-1
587,23,630.88,228.21,198.27,592.13,-1,-1,-1,-1
588,3,1435.32,140.47,452.94,946.23,-1,-1,-1,-1
588,8,962.39,122.35,255.42,845.36,-1,-1,-1,-1
588,21,46.31,73.73,502.15,987.15,-1,-1,-1,-1
588,23,633.25,216.79,189.63,608.61,-1,-1,-1,-1
589,3,1477.12,105.28,451.63,990.91,-1,-1,-1,-1
589,8,922.36,118.99,269.54,850.78,-1,-1,-1,-1
589,21,43.34,91.45,504.42,966.90,-1,-1,-1,-1
589,23,632.44,212.18,185.13,617.43,-1,-1,-1,-1
590,3,1521.14,90.92,426.64,999.05,-1,-1,-1,-1
590,8,866.78,114.22,313.78,861.01,-1,-1,-1,-1
590,21,50.87,77.37,482.50,994.63,-1,-1,-1,-1
590,23,632.15,218.16,177.02,603.59,-1,-1,-1,-1
591,3,1566.39,102.38,385.12,961.33,-1,-1,-1,-1
591,8,819.96,114.36,348.82,863.58,-1,-1,-1,-1
591,21,48.79,77.26,485.62,992.28,-1,-1,-1,-1
591,23,627.07,223.35,177.89,589.57,-1,-1,-1,-1
592,0,1031.70,236.27,136.27,556.53,-1,-1,-1,-1
592,3,1613.51,88.53,333.99,972.88,-1,-1,-1,-1
592,8,777.88,119.07,389.61,861.31,-1,-1,-1,-1
592,21,47.91,152.16,484.74,897.76,-1,-1,-1,-1
592,23,618.26,229.56,182.72,579.68,-1,-1,-1,-1
593,0,1024.81,230.61,147.64,572.76,-1,-1,-1,-1
593,3,1644.84,92.67,307.54,957.56,-1,-1,-1,-1
593,8,764.78,135.55,389.29,830.24,-1,-1,-1,-1
593,21,54.12,193.43,463.40,854.06,-1,-1,-1,-1
593,23,610.30,234.12,189.17,571.57,-1,-1,-1,-1
594,0,1011.99,233.54,161.83,568.94,-1,-1,-1,-1
594,3,1670.72,118.68,281.80,914.29,-1,-1,-1,-1
594,8,781.30,135.01,346.40,830.70,-1,-1,-1,-1
594,21,52.24,185.83,446.32,870.80,-1,-1,-1,-1
594,23,602.80,229.08,191.57,576.98,-1,-1,-1,-1
595,0,1001.55,231.98,172.50,577.49,-1,-1,-1,-1
595,3,1680.82,92.17,271.49,958.84,-1,-1,-1,-1
595,8,793.93,138.38,295.85,813.09,-1,-1,-1,-1
595,21,39.73,130.78,446.52,947.20,-1,-1,-1,-1
595,23,596.24,228.40,190.85,577.90,-1,-1,-1,-1
596,0,992.43,230.44,181.57,580.51,-1,-1,-1,-1
596,3,1691.23,91.40,257.71,939.10,-1,-1,-1,-1
596,8,798.49,134.25,246.58,810.47,-1,-1,-1,-1
596,21,44.30,99.56,432.52,987.46,-1,-1,-1,-1
596,23,589.49,227.91,189.59,577.25,-1,-1,-1,-1
597,0,984.28,229.26,190.50,583.00,-1,-1,-1,-1
597,3,1698.25,68.18,242.19,972.93,-1,-1,-1,-1
597,8,776.76,119.90,234.31,831.49,-1,-1,-1,-1
597,21,61.70,87.88,421.95,992.06,-1,-1,-1,-1
597,23,580.73,225.88,190.65,578.23,-1,-1,-1,-1
598,0,979.79,227.66,194.82,585.24,-1,-1,-1,-1
598,3,1703.45,79.24,236.89,936.33,-1,-1,-1,-1
598,8,751.76,127.37,233.03,826.50,-1,-1,-1,-1
598,21,80.25,91.34,429.26,982.16,-1,-1,-1,-1
598,23,573.05,228.34,187.10,570.87,-1,-1,-1,-1
599,0,979.40,223.23,192.41,594.28,-1,-1,-1,-1
599,3,1710.02,97.54,223.58,875.73,-1,-1,-1,-1
599,8,717.69,132.82,251.01,824.17,-1,-1,-1,-1
599,21,111.94,88.52,425.64,977.66,-1,-1,-1,-1
599,23,557.40,226.99,195.02,577.53,-1,-1,-1,-1
600,0,978.23,223.85,192.71,597.13,-1,-1,-1,-1
600,3,1708.90,83.36,224.42,930.37,-1,-1,-1,-1
600,8,673.94,138.07,286.89,822.37,-1,-1,-1,-1
600,21,146.18,92.91,423.40,969.83,-1,-1,-1,-1
600,23,543.82,227.73,199.65,580.02,-1,-1,-1,-1
601,0,975.21,226.27,198.75,596.14,-1,-1,-1,-1
601,3,1715.35,97.78,217.08,870.10,-1,-1,-1,-1
601,8,635.93,143.99,316.43,815.24,-1,-1,-1,-1
601,21,181.79,98.43,407.70,964.08,-1,-1,-1,-1
601,23,541.19,231.05,189.74,577.23,-1,-1,-1,-1
602,0,975.29,228.20,204.14,594.38,-1,-1,-1,-1
602,3,1721.91,114.94,206.71,813.98,-1,-1,-1,-1
602,8,616.38,147.31,329.59,810.72,-1,-1,-1,-1
602,21,210.58,109.32,402.90,951.85,-1,-1,-1,-1
602,23,535.99,237.29,185.58,562.17,-1,-1,-1,-1
603,0,979.35,227.41,205.44,595.98,-1,-1,-1,-1
603,3,1714.52,121.77,211.86,810.70,-1,-1,-1,-1
603,8,607.63,144.05,333.48,812.55,-1,-1,-1,-1
603,21,240.35,100.08,401.18,963.23,-1,-1,-1,-1
603,23,526.20,228.83,177.34,592.64,-1,-1,-1,-1
604,0,985.13,225.62,201.07,601.33,-1,-1,-1,-1
604,3,1713.25,124.47,209.18,787.75,-1,-1,-1,-1
604,8,606.72,138.29,328.42,816.65,-1,-1,-1,-1
604,21,274.32,105.02,385.03,957.73,-1,-1,-1,-1
604,23,515.83,225.08,180.31,602.58,-1,-1,-1,-1
605,0,987.56,224.22,203.94,605.91,-1,-1,-1,-1
605,3,1702.85,120.57,218.71,802.67,-1,-1,-1,-1
605,8,607.94,129.68,309.26,832.41,-1,-1,-1,-1
605,21,315.83,98.82,355.85,965.97,-1,-1,-1,-1
605,23,505.47,221.33,183.29,612.53,-1,-1,-1,-1
606,0,989.20,227.28,209.06,602.36,-1,-1,-1,-1
606,3,1689.20,114.03,231.32,831.25,-1,-1,-1,-1
606,8,610.87,134.20,276.73,824.39,-1,-1,-1,-1
606,21,367.43,95.31,322.16,963.59,-1,-1,-1,-1
606,23,495.10,217.58,186.27,622.48,-1,-1,-1,-1
607,0,991.26,230.54,212.01,597.52,-1,-1,-1,-1
607,3,1671.27,109.87,246.87,847.57,-1,-1,-1,-1
607,8,596.68,133.76,276.93,825.02,-1,-1,-1,-1
607,21,399.40,101.62,351.85,949.77,-1,-1,-1,-1
607,23,484.73,213.83,189.25,632.42,-1,-1,-1,-1
608,0,993.12,232.98,213.02,593.27,-1,-1,-1,-1
608,3,1656.81,115.67,250.37,841.20,-1,-1,-1,-1
608,8,582.49,133.31,277.13,825.65,-1,-1,-1,-1
608,21,424.18,112.57,361.84,936.58,-1,-1,-1,-1
609,0,989.54,228.85,217.69,598.96,-1,-1,-1,-1
609,3,1622.64,119.95,286.78,835.64,-1,-1,-1,-1
609,8,568.31,132.87,277.33,826.28,-1,-1,-1,-1
609,21,441.71,127.60,378.80,928.87,-1,-1,-1,-1
609,23,431.42,241.69,130.95,596.06,-1,-1,-1,-1
610,0,981.95,225.33,225.28,604.29,-1,-1,-1,-1
610,3,1598.21,129.91,295.48,820.61,-1,-1,-1,-1
610,8,554.12,132.43,277.53,826.90,-1,-1,-1,-1
610,21,449.08,114.09,419.43,953.72,-1,-1,-1,-1
610,23,403.42,241.72,151.97,605.39,-1,-1,-1,-1
611,0,969.95,223.75,235.01,606.22,-1,-1,-1,-1
611,3,1583.79,144.60,293.60,793.40,-1,-1,-1,-1
611,21,453.26,117.01,455.56,948.04,-1,-1,-1,-1
611,23,381.19,229.20,189.99,648.22,-1,-1,-1,-1
612,0,957.47,222.03,240.39,609.17,-1,-1,-1,-1
612,3,1584.07,135.73,263.42,815.10,-1,-1,-1,-1
612,8,431.43,153.47,249.39,744.84,-1,-1,-1,-1
612,21,492.86,123.91,429.49,946.27,-1,-1,-1,-1
612,23,374.65,234.66,179.00,634.20,-1,-1,-1,-1
613,0,954.21,226.66,233.40,602.40,-1,-1,-1,-1
613,3,1583.25,140.04,230.97,803.77,-1,-1,-1,-1
613,8,406.09,150.73,289.63,783.89,-1,-1,-1,-1
613,21,560.32,125.09,376.29,947.50,-1,-1,-1,-1
613,23,368.66,241.94,164.16,600.62,-1,-1,-1,-1
614,0,962.98,226.19,212.55,608.87,-1,-1,-1,-1
614,3,1565.49,146.74,228.86,786.62,-1,-1,-1,-1
614,8,389.36,142.47,308.83,812.26,-1,-1,-1,-1
614,21,609.41,116.19,335.04,963.62,-1,-1,-1,-1
614,23,358.14,221.28,154.87,631.10,-1,-1,-1,-1
615,0,959.79,236.32,210.35,597.03,-1,-1,-1,-1
615,3,1539.82,148.00,229.78,780.71,-1,-1,-1,-1
615,8,375.58,139.85,307.74,824.20,-1,-1,-1,-1
615,21,644.58,116.69,324.68,965.21,-1,-1,-1,-1
615,23,342.85,217.18,156.58,638.09,-1,-1,-1,-1
616,0,961.15,238.47,204.61,597.03,-1,-1,-1,-1
616,3,1496.75,149.68,248.20,769.35,-1,-1,-1,-1
616,8,356.86,144.00,304.38,820.09,-1,-1,-1,-1
616,21,680.86,119.30,326.70,962.76,-1,-1,-1,-1
616,23,327.56,213.07,158.29,645.08,-1,-1,-1,-1
617,0,954.81,238.47,209.86,594.31,-1,-1,-1,-1
617,3,1433.37,155.64,302.27,757.92,-1,-1,-1,-1
617,8,343.67,142.38,292.99,827.79,-1,-1,-1,-1
617,21,721.45,115.77,310.85,966.80,-1,-1,-1,-1
617,23,312.27,208.96,160.01,652.07,-1,-1,-1,-1
618,0,951.75,220.96,206.54,620.83,-1,-1,-1,-1
618,3,1405.55,154.96,312.85,754.40,-1,-1,-1,-1
618,8,326.51,146.11,295.79,819.69,-1,-1,-1,-1
618,21,752.05,112.70,310.63,970.26,-1,-1,-1,-1
618,23,312.64,209.10,140.36,638.80,-1,-1,-1,-1
619,0,941.92,199.85,209.33,657.81,-1,-1,-1,-1
619,3,1386.54,152.92,321.24,754.22,-1,-1,-1,-1
619,8,308.84,149.46,311.49,820.79,-1,-1,-1,-1
619,21,777.53,123.31,330.07,951.28,-1,-1,-1,-1
619,23,301.98,231.19,136.72,606.47,-1,-1,-1,-1
620,0,934.07,188.14,216.48,680.26,-1,-1,-1,-1
620,3,1376.53,139.29,303.37,781.76,-1,-1,-1,-1
620,8,282.40,150.10,344.27,832.73,-1,-1,-1,-1
620,21,792.71,133.49,363.86,938.10,-1,-1,-1,-1
620,23,289.79,236.63,134.10,594.87,-1,-1,-1,-1
621,0,926.22,176.43,223.62,702.71,-1,-1,-1,-1
621,3,1371.21,135.86,266.51,773.87,-1,-1,-1,-1
621,8,271.35,145.55,358.68,855.14,-1,-1,-1,-1
621,21,813.94,131.07,375.18,942.13,-1,-1,-1,-1
621,23,277.59,242.07,131.48,583.27,-1,-1,-1,-1
622,0,918.37,164.73,230.77,725.17,-1,-1,-1,-1
622,3,1360.95,150.93,227.32,740.76,-1,-1,-1,-1
622,8,268.76,136.57,362.57,886.06,-1,-1,-1,-1
622,21,829.96,131.22,379.30,941.26,-1,-1,-1,-1
622,23,269.63,261.71,134.26,596.65,-1,-1,-1,-1
623,0,910.51,153.02,237.91,747.62,-1,-1,-1,-1
623,3,1328.57,159.91,225.59,725.28,-1,-1,-1,-1
623,8,267.57,131.60,366.81,906.05,-1,-1,-1,-1
623,21,844.96,123.06,383.82,952.57,-1,-1,-1,-1
623,23,257.35,244.40,138.51,614.99,-1,-1,-1,-1
624,3,1291.26,159.04,231.95,723.69,-1,-1,-1,-1
624,8,274.28,129.65,361.04,913.02,-1,-1,-1,-1
624,21,876.09,119.54,355.70,956.54,-1,-1,-1,-1
624,23,230.98,235.22,172.11,630.14,-1,-1,-1,-1
625,3,1256.23,161.41,250.26,722.05,-1,-1,-1,-1
625,8,283.89,131.14,352.50,906.77,-1,-1,-1,-1
625,21,900.31,129.33,333.38,923.73,-1,-1,-1,-1
625,23,208.90,231.39,214.52,637.69,-1,-1,-1,-1
626,3,1217.71,162.81,279.38,724.03,-1,-1,-1,-1
626,8,291.73,129.64,349.07,918.33,-1,-1,-1,-1
626,21,918.80,134.82,308.91,881.09,-1,-1,-1,-1
626,23,190.86,225.59,235.82,648.63,-1,-1,-1,-1
627,0,895.01,189.17,173.52,693.70,-1,-1,-1,-1
627,3,1199.07,161.70,282.58,726.93,-1,-1,-1,-1
627,8,301.36,121.72,348.72,934.37,-1,-1,-1,-1
627,21,946.69,111.05,301.73,927.26,-1,-1,-1,-1
627,23,182.39,239.27,236.12,640.32,-1,-1,-1,-1
628,0,883.95,202.25,175.29,661.44,-1,-1,-1,-1
628,3,1195.41,167.64,280.72,721.29,-1,-1,-1,-1
628,8,307.02,111.85,354.29,946.85,-1,-1,-1,-1
628,21,977.65,106.82,299.31,933.53,-1,-1,-1,-1
628,23,164.88,224.46,246.99,664.65,-1,-1,-1,-1
629,0,873.59,202.67,178.58,662.83,-1,-1,-1,-1
629,3,1209.00,146.22,234.60,752.75,-1,-1,-1,-1
629,8,325.70,109.90,346.63,943.05,-1,-1,-1,-1
629,21,1014.68,107.44,307.80,947.71,-1,-1,-1,-1
629,23,150.11,219.01,254.74,680.80,-1,-1,-1,-1
630,0,860.97,210.34,177.41,653.79,-1,-1,-1,-1
630,3,1188.49,139.12,238.58,765.58,-1,-1,-1,-1
630,8,338.55,109.72,351.29,943.91,-1,-1,-1,-1
630,21,1041.85,98.71,337.18,968.14,-1,-1,-1,-1
630,23,142.41,217.62,253.05,690.37,-1,-1,-1,-1
631,0,855.85,213.92,168.74,651.99,-1,-1,-1,-1
631,3,1167.98,132.01,242.55,778.40,-1,-1,-1,-1
631,8,351.25,98.25,354.01,964.71,-1,-1,-1,-1
631,21,1060.76,101.07,357.63,971.74,-1,-1,-1,-1
631,23,135.30,217.36,259.53,704.36,-1,-1,-1,-1
632,0,846.53,215.24,169.70,664.21,-1,-1,-1,-1
632,3,1147.48,124.91,246.53,791.22,-1,-1,-1,-1
632,8,361.02,87.71,353.91,979.33,-1,-1,-1,-1
632,21,1085.41,113.84,359.05,953.42,-1,-1,-1,-1
632,23,129.78,216.62,262.91,718.60,-1,-1,-1,-1
633,0,834.11,216.64,179.49,660.55,-1,-1,-1,-1
633,3,1126.97,117.81,250.50,804.05,-1,-1,-1,-1
633,8,365.48,86.09,360.70,983.84,-1,-1,-1,-1
633,21,1109.72,119.85,352.26,943.63,-1,-1,-1,-1
633,23,126.61,217.68,260.92,726.14,-1,-1,-1,-1
634,0,827.58,219.27,181.54,657.23,-1,-1,-1,-1
634,3,1098.84,176.86,167.28,681.30,-1,-1,-1,-1
634,8,372.86,78.28,364.91,992.96,-1,-1,-1,-1
634,21,1104.08,135.29,374.32,911.92,-1,-1,-1,-1
634,23,121.91,217.06,259.29,730.86,-1,-1,-1,-1
635,0,814.65,224.39,195.84,643.27,-1,-1,-1,-1
635,3,1045.38,173.03,209.71,709.58,-1,-1,-1,-1
635,8,380.18,81.33,367.77,987.04,-1,-1,-1,-1
635,21,1114.06,131.79,370.46,911.12,-1,-1,-1,-1
635,23,117.54,217.76,262.91,731.51,-1,-1,-1,-1
636,0,805.03,228.34,204.18,632.57,-1,-1,-1,-1
636,3,1010.21,180.69,253.50,705.12,-1,-1,-1,-1
636,8,392.06,83.51,362.76,982.66,-1,-1,-1,-1
636,21,1174.09,106.13,322.63,941.08,-1,-1,-1,-1
636,23,112.87,216.18,267.15,733.03,-1,-1,-1,-1
637,0,798.50,228.94,206.21,629.91,-1,-1,-1,-1
637,3,994.85,171.02,266.56,731.03,-1,-1,-1,-1
637,8,402.26,77.85,358.16,991.08,-1,-1,-1,-1
637,21,1213.80,107.09,315.20,931.03,-1,-1,-1,-1
637,23,111.68,213.79,263.88,732.54,-1,-1,-1,-1
638,0,791.41,227.19,205.47,635.93,-1,-1,-1,-1
638,3,988.71,174.10,243.07,727.40,-1,-1,-1,-1
638,8,410.26,66.16,363.12,1005.44,-1,-1,-1,-1
638,21,1241.46,111.96,332.22,932.55,-1,-1,-1,-1
638,23,108.75,210.68,260.65,737.10,-1,-1,-1,-1
639,0,785.87,222.22,206.93,648.30,-1,-1,-1,-1
639,3,976.17,180.95,215.46,708.04,-1,-1,-1,-1
639,8,412.64,61.07,379.10,1008.53,-1,-1,-1,-1
639,21,1269.75,111.11,350.40,928.24,-1,-1,-1,-1
639,23,102.26,207.06,263.08,751.82,-1,-1,-1,-1
640,0,782.40,225.50,195.71,638.93,-1,-1,-1,-1
640,3,944.92,167.07,211.63,732.11,-1,-1,-1,-1
640,8,420.05,50.86,389.05,1019.57,-1,-1,-1,-1
640,21,1292.75,92.35,361.64,956.01,-1,-1,-1,-1
640,23,92.61,204.22,270.33,769.23,-1,-1,-1,-1