29,0,-0.65,257.42,146.94,614.61,-1,-1,-1,-1
30,0,0.01,242.01,153.49,630.10,-1,-1,-1,-1
31,0,0.92,254.10,169.96,602.66,-1,-1,-1,-1
32,0,2.77,254.80,206.21,608.46,-1,-1,-1,-1
33,0,1.82,259.65,255.46,601.12,-1,-1,-1,-1
34,0,5.15,259.23,276.26,598.92,-1,-1,-1,-1
35,0,10.50,257.89,282.27,601.35,-1,-1,-1,-1
36,0,16.44,265.59,283.20,595.04,-1,-1,-1,-1
37,0,24.14,267.15,281.35,592.51,-1,-1,-1,-1
38,0,33.05,257.11,270.52,607.10,-1,-1,-1,-1
39,0,35.21,245.51,271.28,625.62,-1,-1,-1,-1
40,0,34.96,248.84,278.19,622.77,-1,-1,-1,-1
41,0,43.16,246.70,267.61,637.17,-1,-1,-1,-1
42,0,45.08,238.77,267.07,655.72,-1,-1,-1,-1
43,0,52.64,244.30,260.82,653.57,-1,-1,-1,-1
44,0,53.94,245.66,261.71,659.78,-1,-1,-1,-1
45,0,54.79,240.09,257.33,681.77,-1,-1,-1,-1
46,0,51.57,241.09,264.27,685.44,-1,-1,-1,-1
47,0,48.06,238.48,268.22,688.28,-1,-1,-1,-1
48,0,41.44,233.52,278.60,695.25,-1,-1,-1,-1
49,0,37.13,231.92,286.35,697.29,-1,-1,-1,-1
50,0,33.66,224.52,304.36,711.79,-1,-1,-1,-1
51,0,32.35,222.28,321.62,725.41,-1,-1,-1,-1
52,0,35.69,219.95,331.95,737.23,-1,-1,-1,-1
53,0,44.91,217.89,331.30,749.94,-1,-1,-1,-1
54,0,51.36,214.11,332.26,760.36,-1,-1,-1,-1
55,0,59.94,213.89,323.39,758.92,-1,-1,-1,-1
56,0,68.62,212.20,314.86,761.56,-1,-1,-1,-1
57,0,72.87,208.83,314.30,769.88,-1,-1,-1,-1
58,0,78.81,199.58,311.62,792.00,-1,-1,-1,-1
59,0,82.13,194.04,307.25,808.57,-1,-1,-1,-1
60,0,79.11,183.96,322.04,851.18,-1,-1,-1,-1
61,0,77.48,186.33,332.23,859.62,-1,-1,-1,-1
62,0,75.29,188.79,334.48,851.77,-1,-1,-1,-1
63,0,70.36,190.69,341.56,855.74,-1,-1,-1,-1
64,0,65.15,189.77,346.94,857.02,-1,-1,-1,-1
65,0,60.97,188.40,356.90,853.19,-1,-1,-1,-1
66,0,55.37,174.00,374.14,883.88,-1,-1,-1,-1
67,0,49.16,170.06,392.04,895.36,-1,-1,-1,-1
68,0,51.24,166.30,391.46,906.64,-1,-1,-1,-1
69,0,43.12,157.60,404.54,918.61,-1,-1,-1,-1
70,0,58.01,156.94,388.98,922.50,-1,-1,-1,-1
71,0,76.45,161.87,371.67,917.71,-1,-1,-1,-1
72,0,92.40,163.04,366.34,917.44,-1,-1,-1,-1
73,0,118.82,161.84,355.69,913.53,-1,-1,-1,-1
74,0,142.65,153.19,353.90,925.56,-1,-1,-1,-1
75,0,159.80,138.32,352.86,944.33,-1,-1,-1,-1
76,0,179.14,132.82,345.84,950.36,-1,-1,-1,-1
77,0,194.11,129.66,398.90,950.00,-1,-1,-1,-1
78,0,206.92,131.13,441.14,939.01,-1,-1,-1,-1
79,0,228.13,116.86,468.32,959.78,-1,-1,-1,-1
80,0,250.99,112.21,450.14,963.30,-1,-1,-1,-1
81,0,259.17,128.97,441.56,942.31,-1,-1,-1,-1
82,0,274.44,128.88,427.60,934.92,-1,-1,-1,-1
83,0,298.95,104.95,403.50,965.88,-1,-1,-1,-1
84,0,325.75,88.56,389.58,983.49,-1,-1,-1,-1
85,0,354.60,78.57,391.84,991.64,-1,-1,-1,-1
86,0,382.22,75.59,390.39,989.49,-1,-1,-1,-1
87,0,410.32,87.24,381.64,969.16,-1,-1,-1,-1
88,0,444.67,88.49,367.47,969.39,-1,-1,-1,-1
89,0,476.90,92.92,383.84,974.94,-1,-1,-1,-1
90,0,521.89,90.44,377.36,978.04,-1,-1,-1,-1
91,0,562.18,90.67,369.52,983.96,-1,-1,-1,-1
92,0,613.20,114.70,349.14,951.46,-1,-1,-1,-1
93,0,661.24,100.69,323.51,974.79,-1,-1,-1,-1
94,0,709.06,184.81,309.64,867.57,-1,-1,-1,-1
95,0,748.76,147.93,337.36,900.11,-1,-1,-1,-1
96,0,782.38,115.75,349.90,946.56,-1,-1,-1,-1
97,0,807.15,95.99,375.82,976.88,-1,-1,-1,-1
98,0,839.56,84.31,383.86,997.73,-1,-1,-1,-1
99,0,870.04,280.61,402.45,744.43,-1,-1,-1,-1
100,0,901.26,156.29,398.24,907.32,-1,-1,-1,-1
101,0,948.94,115.25,364.70,959.14,-1,-1,-1,-1
102,0,1001.08,88.09,340.12,989.41,-1,-1,-1,-1
103,0,1037.96,82.06,346.96,988.18,-1,-1,-1,-1
104,0,1071.08,70.52,362.99,1001.17,-1,-1,-1,-1
105,0,1095.53,74.46,419.53,980.00,-1,-1,-1,-1
106,0,1101.59,74.53,487.49,979.95,-1,-1,-1,-1
107,0,1124.10,88.67,521.99,952.18,-1,-1,-1,-1
108,0,1166.57,91.25,515.79,940.80,-1,-1,-1,-1
108,2,8.00,253.01,220.37,584.68,-1,-1,-1,-1
109,0,1218.95,99.26,538.33,961.17,-1,-1,-1,-1
109,2,7.78,246.72,239.55,598.89,-1,-1,-1,-1
110,0,1264.19,119.09,513.75,934.58,-1,-1,-1,-1
110,2,9.56,242.19,253.46,605.02,-1,-1,-1,-1
111,0,1298.30,107.62,485.20,962.29,-1,-1,-1,-1
111,2,9.36,237.98,259.76,611.16,-1,-1,-1,-1
112,0,1328.51,111.33,453.05,951.02,-1,-1,-1,-1
112,2,9.96,236.56,262.28,609.87,-1,-1,-1,-1
113,0,1353.98,106.09,448.57,963.48,-1,-1,-1,-1
113,2,12.30,228.84,273.00,618.19,-1,-1,-1,-1
114,0,1384.10,104.35,439.73,968.55,-1,-1,-1,-1
114,2,15.27,226.17,293.14,623.29,-1,-1,-1,-1
115,0,1410.52,97.85,430.78,981.16,-1,-1,-1,-1
115,2,25.35,229.08,303.64,621.11,-1,-1,-1,-1
116,0,1427.11,109.55,424.55,960.47,-1,-1,-1,-1
116,2,35.43,227.00,306.24,629.47,-1,-1,-1,-1
117,0,1444.43,122.28,422.26,946.20,-1,-1,-1,-1
117,2,47.54,223.84,302.05,637.62,-1,-1,-1,-1
118,0,1460.81,116.85,416.03,954.17,-1,-1,-1,-1
118,2,59.71,218.80,293.35,646.66,-1,-1,-1,-1
119,0,1470.35,105.87,412.79,966.91,-1,-1,-1,-1
119,2,68.73,211.35,294.51,658.70,-1,-1,-1,-1
120,0,1474.18,104.08,405.49,964.70,-1,-1,-1,-1
120,2,82.15,209.75,288.58,664.66,-1,-1,-1,-1
121,0,1471.25,104.62,407.66,961.39,-1,-1,-1,-1
121,2,89.64,204.34,284.09,681.22,-1,-1,-1,-1
122,0,1455.61,113.08,407.24,951.31,-1,-1,-1,-1
122,2,97.38,201.37,283.20,697.90,-1,-1,-1,-1
123,0,1433.76,124.95,411.09,937.92,-1,-1,-1,-1
123,2,104.23,201.87,284.12,706.56,-1,-1,-1,-1
124,0,1416.78,127.00,422.72,944.86,-1,-1,-1,-1
124,2,108.45,199.87,287.54,721.90,-1,-1,-1,-1
125,0,1404.64,136.57,406.54,937.44,-1,-1,-1,-1
125,2,110.93,197.83,288.71,740.81,-1,-1,-1,-1
126,0,1401.98,142.07,380.07,932.55,-1,-1,-1,-1
126,2,111.95,195.42,294.60,751.27,-1,-1,-1,-1
127,0,1390.79,141.12,370.77,934.18,-1,-1,-1,-1
127,2,113.22,195.04,296.92,755.28,-1,-1,-1,-1
128,0,1376.40,144.00,366.26,931.47,-1,-1,-1,-1
128,2,112.72,192.49,301.85,761.00,-1,-1,-1,-1
129,0,1359.67,140.01,351.54,926.50,-1,-1,-1,-1
129,2,109.89,191.46,308.63,761.17,-1,-1,-1,-1
130,0,1354.21,139.75,325.30,926.41,-1,-1,-1,-1
130,2,106.37,185.13,317.50,772.73,-1,-1,-1,-1
131,0,1338.31,141.13,315.20,924.63,-1,-1,-1,-1
131,2,105.38,181.34,329.82,790.53,-1,-1,-1,-1
132,0,1328.47,147.80,304.11,910.45,-1,-1,-1,-1
132,2,106.66,176.85,340.67,808.19,-1,-1,-1,-1
133,0,1318.70,150.59,297.39,909.07,-1,-1,-1,-1
133,2,110.09,176.73,346.18,820.54,-1,-1,-1,-1
134,0,1313.05,149.80,293.27,912.95,-1,-1,-1,-1
134,2,111.46,175.64,349.85,830.35,-1,-1,-1,-1
135,0,1308.33,154.88,285.73,904.09,-1,-1,-1,-1
135,2,121.07,172.86,343.45,836.52,-1,-1,-1,-1
136,0,1304.35,163.73,277.34,881.34,-1,-1,-1,-1
136,2,140.12,171.65,325.09,838.17,-1,-1,-1,-1
137,0,1304.74,154.48,265.96,875.63,-1,-1,-1,-1
137,2,149.64,167.33,321.74,849.02,-1,-1,-1,-1
138,0,1300.34,157.66,262.85,848.44,-1,-1,-1,-1
138,2,158.37,158.03,325.93,866.45,-1,-1,-1,-1
139,0,1298.90,170.56,253.68,805.22,-1,-1,-1,-1
139,2,170.27,153.35,320.88,876.78,-1,-1,-1,-1
140,0,1297.09,172.11,241.50,792.03,-1,-1,-1,-1
140,2,176.51,147.96,327.17,886.76,-1,-1,-1,-1
141,0,1284.95,178.78,238.96,770.65,-1,-1,-1,-1
141,2,181.65,142.46,330.35,915.50,-1,-1,-1,-1
142,0,1267.23,183.38,242.94,753.51,-1,-1,-1,-1
142,2,191.15,147.88,339.85,903.77,-1,-1,-1,-1
143,0,1257.78,185.39,243.74,741.75,-1,-1,-1,-1
143,2,205.72,147.52,332.67,902.40,-1,-1,-1,-1
144,0,1246.40,160.54,250.00,786.17,-1,-1,-1,-1
144,2,216.28,141.33,331.56,911.40,-1,-1,-1,-1
145,0,1239.71,175.14,248.04,753.13,-1,-1,-1,-1
145,2,220.69,131.58,348.31,927.47,-1,-1,-1,-1
146,0,1225.81,184.59,238.78,715.97,-1,-1,-1,-1
146,2,231.17,125.83,355.15,937.96,-1,-1,-1,-1
147,0,1207.00,195.67,228.31,689.10,-1,-1,-1,-1
147,2,235.31,121.82,381.81,947.10,-1,-1,-1,-1
148,0,1194.29,192.29,215.92,695.84,-1,-1,-1,-1
148,2,258.07,117.27,375.77,951.88,-1,-1,-1,-1
149,0,1169.77,187.28,220.67,699.11,-1,-1,-1,-1
149,2,279.50,107.22,386.65,970.80,-1,-1,-1,-1
150,0,1149.40,184.44,218.60,703.25,-1,-1,-1,-1
150,2,315.80,105.80,375.56,972.55,-1,-1,-1,-1
151,0,1133.34,188.39,221.58,698.68,-1,-1,-1,-1
151,2,358.46,102.44,347.46,978.45,-1,-1,-1,-1
152,0,1112.04,196.18,234.17,682.22,-1,-1,-1,-1
152,2,397.16,103.48,315.94,971.16,-1,-1,-1,-1
153,0,1097.17,204.56,236.83,669.69,-1,-1,-1,-1
153,2,433.72,113.26,294.81,953.80,-1,-1,-1,-1
154,0,1086.96,210.87,236.31,659.92,-1,-1,-1,-1
154,2,464.39,103.91,281.66,967.91,-1,-1,-1,-1
155,0,1087.45,211.91,216.56,649.02,-1,-1,-1,-1
155,2,501.91,103.93,265.14,955.72,-1,-1,-1,-1
156,0,1088.44,204.16,194.17,645.71,-1,-1,-1,-1
156,2,535.48,82.00,279.92,980.97,-1,-1,-1,-1
157,0,1086.93,205.29,177.91,634.79,-1,-1,-1,-1
157,2,562.78,89.50,286.28,979.71,-1,-1,-1,-1
158,0,1075.85,207.03,173.53,631.64,-1,-1,-1,-1
158,2,585.24,87.38,314.30,979.02,-1,-1,-1,-1
159,0,1053.75,209.87,193.10,628.99,-1,-1,-1,-1
159,2,601.80,95.59,348.94,966.22,-1,-1,-1,-1
160,0,1027.05,207.51,217.51,627.63,-1,-1,-1,-1
160,2,646.95,122.45,341.73,935.81,-1,-1,-1,-1
161,0,1007.96,213.68,234.41,611.31,-1,-1,-1,-1
161,2,668.18,127.68,354.62,935.58,-1,-1,-1,-1
162,0,997.37,212.51,245.20,617.06,-1,-1,-1,-1
162,2,699.51,126.37,334.74,934.23,-1,-1,-1,-1
163,0,986.78,215.38,249.11,611.45,-1,-1,-1,-1
163,2,756.53,108.91,293.17,946.51,-1,-1,-1,-1
164,0,976.50,216.11,247.53,607.55,-1,-1,-1,-1
164,2,802.38,87.56,328.20,977.73,-1,-1,-1,-1
165,0,966.22,216.84,245.96,603.65,-1,-1,-1,-1
165,2,834.83,78.90,339.51,967.94,-1,-1,-1,-1
166,0,955.94,217.56,244.38,599.75,-1,-1,-1,-1
166,2,852.33,85.96,366.58,948.89,-1,-1,-1,-1
167,0,945.66,218.29,242.80,595.85,-1,-1,-1,-1
167,2,881.11,100.00,395.67,942.34,-1,-1,-1,-1
168,2,892.26,106.37,446.78,947.47,-1,-1,-1,-1
169,2,891.44,112.64,495.37,942.74,-1,-1,-1,-1
170,2,898.94,117.08,507.86,947.36,-1,-1,-1,-1
171,2,977.61,110.66,424.66,944.83,-1,-1,-1,-1
172,2,1030.84,95.90,367.70,975.99,-1,-1,-1,-1
173,2,1066.01,93.45,342.28,969.45,-1,-1,-1,-1
174,2,1093.94,90.97,335.10,969.48,-1,-1,-1,-1
175,2,1109.32,87.51,342.99,984.46,-1,-1,-1,-1
175,5,787.16,221.18,226.20,612.34,-1,-1,-1,-1
176,2,1126.25,95.08,347.15,977.12,-1,-1,-1,-1
176,5,780.73,226.32,193.97,602.15,-1,-1,-1,-1
177,2,1145.55,100.46,346.56,971.18,-1,-1,-1,-1
177,5,753.16,223.45,189.69,615.86,-1,-1,-1,-1
178,2,1164.20,98.25,341.79,978.75,-1,-1,-1,-1
178,5,728.89,227.94,192.58,619.66,-1,-1,-1,-1
179,2,1185.47,82.24,337.60,998.57,-1,-1,-1,-1
179,5,699.93,225.53,211.48,631.49,-1,-1,-1,-1
180,2,1202.83,90.77,331.75,983.97,-1,-1,-1,-1
180,5,676.63,227.92,230.30,633.78,-1,-1,-1,-1
181,2,1218.16,111.63,338.15,942.71,-1,-1,-1,-1
181,5,650.35,226.42,251.84,650.20,-1,-1,-1,-1
182,2,1234.37,123.21,352.36,906.56,-1,-1,-1,-1
182,5,629.36,222.61,253.80,662.42,-1,-1,-1,-1
183,2,1242.46,121.75,371.62,898.04,-1,-1,-1,-1
183,5,622.88,225.66,237.28,661.35,-1,-1,-1,-1
184,2,1237.90,122.97,387.73,898.87,-1,-1,-1,-1
184,5,607.86,220.52,228.04,672.24,-1,-1,-1,-1
185,2,1224.45,124.40,410.15,910.38,-1,-1,-1,-1
185,5,600.55,226.14,209.17,666.22,-1,-1,-1,-1
185,7,4.80,239.82,191.21,621.35,-1,-1,-1,-1
186,2,1218.29,127.78,418.16,910.66,-1,-1,-1,-1
186,5,593.15,227.19,202.28,665.19,-1,-1,-1,-1
186,7,6.60,238.99,209.16,620.49,-1,-1,-1,-1
187,2,1238.12,133.82,390.91,914.72,-1,-1,-1,-1
187,5,580.63,228.94,205.00,661.55,-1,-1,-1,-1
187,7,8.88,236.04,233.87,629.47,-1,-1,-1,-1
188,2,1259.10,131.57,351.79,914.57,-1,-1,-1,-1
188,5,537.43,229.03,249.06,668.33,-1,-1,-1,-1
188,7,8.42,242.01,273.50,617.07,-1,-1,-1,-1
189,2,1268.99,147.08,339.72,837.35,-1,-1,-1,-1
189,5,505.21,231.80,277.99,673.14,-1,-1,-1,-1
189,7,10.78,250.48,299.91,603.74,-1,-1,-1,-1
190,2,1281.29,140.53,318.83,837.25,-1,-1,-1,-1
190,5,501.91,222.38,268.12,698.22,-1,-1,-1,-1
190,7,15.62,256.30,304.43,599.77,-1,-1,-1,-1
191,2,1292.72,142.91,307.48,825.65,-1,-1,-1,-1
191,5,496.93,220.07,268.20,707.55,-1,-1,-1,-1
191,7,18.41,260.04,299.92,595.53,-1,-1,-1,-1
192,2,1301.22,149.87,297.11,803.16,-1,-1,-1,-1
192,5,489.29,216.51,260.26,716.78,-1,-1,-1,-1
192,7,23.12,252.50,289.32,606.49,-1,-1,-1,-1
193,2,1304.70,147.09,291.73,804.38,-1,-1,-1,-1
193,5,481.33,217.01,259.77,725.00,-1,-1,-1,-1
193,7,24.35,246.97,288.47,614.80,-1,-1,-1,-1
194,2,1306.94,147.15,286.71,802.25,-1,-1,-1,-1
194,5,463.87,212.47,264.88,733.43,-1,-1,-1,-1
194,7,32.32,245.51,282.47,615.38,-1,-1,-1,-1
195,2,1304.72,139.65,276.48,817.60,-1,-1,-1,-1
195,5,446.65,209.48,268.06,739.38,-1,-1,-1,-1
195,7,38.86,240.66,277.28,621.02,-1,-1,-1,-1
196,2,1306.14,146.41,272.33,804.48,-1,-1,-1,-1
196,5,429.96,205.97,284.00,748.97,-1,-1,-1,-1
196,7,43.80,235.33,268.14,632.75,-1,-1,-1,-1
197,2,1306.79,157.20,259.23,780.63,-1,-1,-1,-1
197,5,415.37,205.49,291.59,765.03,-1,-1,-1,-1
197,7,48.59,231.46,267.76,646.99,-1,-1,-1,-1
198,2,1303.44,163.70,251.42,749.44,-1,-1,-1,-1
198,5,394.46,202.79,314.27,790.54,-1,-1,-1,-1
198,7,53.75,229.28,266.09,662.19,-1,-1,-1,-1
199,2,1299.77,170.08,241.49,723.34,-1,-1,-1,-1
199,5,384.26,198.58,320.14,810.41,-1,-1,-1,-1
199,7,56.76,229.79,267.14,668.86,-1,-1,-1,-1
200,2,1299.98,171.83,221.71,713.26,-1,-1,-1,-1
200,5,383.91,202.69,317.81,817.50,-1,-1,-1,-1
200,7,58.43,228.68,268.65,682.28,-1,-1,-1,-1
201,2,1289.82,166.51,216.23,704.59,-1,-1,-1,-1
201,5,389.30,202.65,310.26,822.80,-1,-1,-1,-1
201,7,54.05,228.56,274.70,694.15,-1,-1,-1,-1
202,2,1273.52,163.36,222.33,706.16,-1,-1,-1,-1
202,5,398.38,199.44,301.87,830.13,-1,-1,-1,-1
202,7,47.47,228.07,282.47,700.68,-1,-1,-1,-1
203,2,1253.00,163.25,237.53,703.29,-1,-1,-1,-1
203,5,406.02,196.90,298.57,833.66,-1,-1,-1,-1
203,7,41.32,228.62,290.48,700.92,-1,-1,-1,-1
204,2,1231.59,167.56,257.44,695.56,-1,-1,-1,-1
204,5,414.10,195.63,295.29,836.37,-1,-1,-1,-1
204,7,35.96,225.93,300.29,702.68,-1,-1,-1,-1
205,2,1217.92,159.25,268.16,706.65,-1,-1,-1,-1
205,5,420.92,187.89,296.31,857.34,-1,-1,-1,-1
205,7,34.22,222.28,304.62,704.37,-1,-1,-1,-1
206,2,1208.33,148.80,267.56,718.91,-1,-1,-1,-1
206,5,425.13,183.56,301.90,868.34,-1,-1,-1,-1
206,7,33.36,219.39,307.25,706.97,-1,-1,-1,-1
207,2,1208.16,166.65,243.09,688.77,-1,-1,-1,-1
207,5,427.26,179.49,313.92,882.56,-1,-1,-1,-1
207,7,34.50,215.45,307.70,713.65,-1,-1,-1,-1
208,2,1204.19,173.95,217.77,666.96,-1,-1,-1,-1
208,5,428.74,181.61,323.58,883.04,-1,-1,-1,-1
208,7,34.66,215.28,314.74,720.30,-1,-1,-1,-1
209,2,1192.41,172.53,200.75,666.24,-1,-1,-1,-1
209,5,428.06,175.57,323.69,897.93,-1,-1,-1,-1
209,7,42.54,213.30,314.48,731.46,-1,-1,-1,-1
210,2,1177.19,173.04,187.30,663.89,-1,-1,-1,-1
210,5,426.58,171.29,325.30,900.07,-1,-1,-1,-1
210,7,43.56,211.61,315.99,741.21,-1,-1,-1,-1
211,2,1157.82,171.88,191.84,663.35,-1,-1,-1,-1
211,5,426.75,170.40,327.22,900.37,-1,-1,-1,-1
211,7,45.89,211.25,313.35,748.60,-1,-1,-1,-1
212,2,1144.91,172.48,189.61,660.80,-1,-1,-1,-1
212,5,434.09,164.54,323.10,902.99,-1,-1,-1,-1
212,7,50.58,213.19,311.29,748.93,-1,-1,-1,-1
213,2,1119.72,173.78,211.35,661.46,-1,-1,-1,-1
213,5,435.78,165.72,336.74,898.00,-1,-1,-1,-1
213,7,59.72,208.75,306.05,758.06,-1,-1,-1,-1
214,2,1101.45,174.13,227.17,664.76,-1,-1,-1,-1
214,5,453.84,158.04,333.56,906.98,-1,-1,-1,-1
214,7,67.71,204.05,303.35,765.12,-1,-1,-1,-1
215,2,1085.38,174.23,242.59,662.64,-1,-1,-1,-1
215,5,473.68,151.90,338.93,914.19,-1,-1,-1,-1
215,7,75.12,202.33,305.36,766.43,-1,-1,-1,-1
216,2,1083.89,182.58,224.62,647.38,-1,-1,-1,-1
216,5,502.27,147.71,331.15,914.04,-1,-1,-1,-1
216,7,83.93,200.57,307.65,771.24,-1,-1,-1,-1
217,2,1079.31,191.32,216.50,631.35,-1,-1,-1,-1
217,5,521.67,150.63,333.08,913.45,-1,-1,-1,-1
217,7,90.16,197.18,310.01,780.81,-1,-1,-1,-1
218,2,1069.94,199.44,193.77,610.37,-1,-1,-1,-1
218,5,544.42,158.03,327.02,904.55,-1,-1,-1,-1
218,7,93.33,196.77,314.32,793.02,-1,-1,-1,-1
219,2,1052.38,196.61,182.63,615.80,-1,-1,-1,-1
219,5,569.50,155.08,312.58,906.49,-1,-1,-1,-1
219,7,97.50,190.03,314.16,829.70,-1,-1,-1,-1
220,2,1029.23,197.58,180.75,608.39,-1,-1,-1,-1
220,5,587.96,160.81,317.80,902.30,-1,-1,-1,-1
220,7,95.94,189.88,323.00,845.66,-1,-1,-1,-1
221,2,1003.30,200.37,195.48,608.51,-1,-1,-1,-1
221,5,618.05,179.71,310.79,881.46,-1,-1,-1,-1
221,7,94.76,194.45,330.20,848.53,-1,-1,-1,-1
222,2,965.42,208.89,237.41,593.03,-1,-1,-1,-1
222,5,655.84,166.87,301.72,897.01,-1,-1,-1,-1
222,7,90.64,192.47,337.82,867.67,-1,-1,-1,-1
223,2,946.31,202.65,252.15,605.95,-1,-1,-1,-1
223,5,706.12,151.03,274.41,918.41,-1,-1,-1,-1
223,7,89.21,190.57,343.87,874.17,-1,-1,-1,-1
224,2,942.14,202.21,246.72,608.97,-1,-1,-1,-1
224,5,741.42,142.62,257.78,921.60,-1,-1,-1,-1
224,7,86.44,189.02,349.75,880.53,-1,-1,-1,-1
225,2,938.18,202.02,230.24,607.94,-1,-1,-1,-1
225,5,766.63,137.74,276.50,921.35,-1,-1,-1,-1
225,7,79.75,189.54,364.59,883.18,-1,-1,-1,-1
226,2,923.96,201.74,230.42,608.39,-1,-1,-1,-1
226,5,787.56,125.62,333.02,941.09,-1,-1,-1,-1
226,7,69.85,184.59,386.14,886.81,-1,-1,-1,-1
227,2,909.75,201.46,230.60,608.85,-1,-1,-1,-1
227,5,808.22,123.50,372.19,951.20,-1,-1,-1,-1
227,7,55.13,177.15,414.07,890.91,-1,-1,-1,-1
228,2,895.53,201.18,230.78,609.30,-1,-1,-1,-1
228,5,838.88,147.82,367.81,914.97,-1,-1,-1,-1
228,7,46.29,167.95,438.72,904.37,-1,-1,-1,-1
229,2,881.32,200.91,230.96,609.76,-1,-1,-1,-1
229,5,857.91,143.22,350.87,925.45,-1,-1,-1,-1
229,7,42.81,163.25,452.80,913.13,-1,-1,-1,-1
230,5,861.88,134.34,354.98,940.19,-1,-1,-1,-1
230,7,56.65,161.64,441.24,914.29,-1,-1,-1,-1
231,2,815.30,199.61,216.43,609.53,-1,-1,-1,-1
231,5,936.44,123.48,283.68,922.52,-1,-1,-1,-1
231,7,71.11,161.43,435.89,907.67,-1,-1,-1,-1
232,2,782.75,196.76,242.56,617.43,-1,-1,-1,-1
232,5,968.63,123.22,272.06,926.90,-1,-1,-1,-1
232,7,101.31,165.21,410.35,902.32,-1,-1,-1,-1
233,2,763.04,201.31,256.04,615.41,-1,-1,-1,-1
233,5,1010.21,115.89,263.77,938.32,-1,-1,-1,-1
233,7,129.13,167.18,397.23,894.76,-1,-1,-1,-1
234,2,757.35,196.73,243.27,626.80,-1,-1,-1,-1
234,5,1044.28,103.75,268.66,954.73,-1,-1,-1,-1
234,7,155.90,148.86,393.28,920.02,-1,-1,-1,-1
235,2,751.10,198.76,222.09,627.08,-1,-1,-1,-1
235,5,1058.28,99.64,339.83,971.23,-1,-1,-1,-1
235,7,183.69,138.99,388.12,931.59,-1,-1,-1,-1
236,2,741.71,217.17,207.05,606.03,-1,-1,-1,-1
236,5,1082.27,119.69,389.86,947.72,-1,-1,-1,-1
236,7,208.06,134.27,388.50,937.53,-1,-1,-1,-1
237,2,726.68,207.70,201.04,619.80,-1,-1,-1,-1
237,5,1109.76,122.90,424.80,950.82,-1,-1,-1,-1
237,7,220.17,127.95,408.57,941.91,-1,-1,-1,-1
238,2,699.62,199.78,212.82,633.85,-1,-1,-1,-1
238,5,1139.29,152.12,441.04,907.91,-1,-1,-1,-1
238,7,236.87,126.40,430.54,938.99,-1,-1,-1,-1
239,2,677.01,202.08,222.96,636.87,-1,-1,-1,-1
239,5,1171.15,142.32,406.75,928.02,-1,-1,-1,-1
239,7,255.21,125.16,443.43,938.82,-1,-1,-1,-1
240,2,649.67,200.92,232.72,646.25,-1,-1,-1,-1
240,5,1192.21,138.73,385.11,938.21,-1,-1,-1,-1
240,7,283.23,111.43,429.96,958.52,-1,-1,-1,-1
241,2,642.69,204.68,226.21,649.47,-1,-1,-1,-1
241,5,1217.72,135.50,357.55,935.66,-1,-1,-1,-1
241,7,305.78,116.53,419.37,954.43,-1,-1,-1,-1
242,2,642.97,208.03,216.61,654.14,-1,-1,-1,-1
242,5,1230.73,135.00,345.01,934.83,-1,-1,-1,-1
242,7,325.49,116.45,404.41,959.23,-1,-1,-1,-1
243,2,645.01,208.12,204.90,658.98,-1,-1,-1,-1
243,5,1244.78,128.81,331.41,947.05,-1,-1,-1,-1
243,7,352.25,109.74,394.58,966.47,-1,-1,-1,-1
244,2,645.10,202.61,190.45,646.20,-1,-1,-1,-1
244,5,1252.03,134.93,336.83,935.82,-1,-1,-1,-1
244,7,375.72,105.82,383.72,969.24,-1,-1,-1,-1
245,2,632.57,204.38,189.74,643.77,-1,-1,-1,-1
245,5,1260.88,139.25,353.36,934.53,-1,-1,-1,-1
245,7,396.57,96.23,385.33,976.39,-1,-1,-1,-1
246,2,620.05,206.15,189.02,641.34,-1,-1,-1,-1
246,5,1281.74,153.70,337.70,915.60,-1,-1,-1,-1
246,7,427.32,88.07,380.59,983.25,-1,-1,-1,-1
247,2,607.53,207.93,188.30,638.92,-1,-1,-1,-1
247,5,1295.96,155.95,332.48,911.71,-1,-1,-1,-1
247,7,469.23,81.87,383.01,985.49,-1,-1,-1,-1
248,2,595.00,209.70,187.58,636.49,-1,-1,-1,-1
248,5,1311.93,144.90,331.05,927.74,-1,-1,-1,-1
248,7,504.91,87.67,397.67,978.55,-1,-1,-1,-1
249,5,1329.10,140.90,329.48,928.60,-1,-1,-1,-1
249,7,542.44,83.85,394.91,980.24,-1,-1,-1,-1
250,5,1340.42,136.98,331.63,931.11,-1,-1,-1,-1
250,7,568.47,75.09,400.17,996.93,-1,-1,-1,-1
251,5,1339.68,144.27,342.13,912.07,-1,-1,-1,-1
251,7,585.12,90.58,411.17,975.76,-1,-1,-1,-1
252,2,528.61,187.36,209.03,743.34,-1,-1,-1,-1
252,5,1356.43,150.58,323.25,899.58,-1,-1,-1,-1
252,7,639.56,98.34,378.62,969.82,-1,-1,-1,-1
253,2,513.78,183.37,226.06,758.23,-1,-1,-1,-1
253,5,1360.25,151.24,316.92,893.32,-1,-1,-1,-1
253,7,698.51,87.24,341.08,972.97,-1,-1,-1,-1
254,2,489.78,185.10,250.78,762.17,-1,-1,-1,-1
254,5,1358.56,152.84,314.39,888.15,-1,-1,-1,-1
254,7,758.23,81.79,302.42,981.93,-1,-1,-1,-1
255,2,466.45,184.91,266.85,767.28,-1,-1,-1,-1
255,5,1360.64,154.83,303.50,883.05,-1,-1,-1,-1
255,7,809.22,51.97,290.30,1020.90,-1,-1,-1,-1
256,2,436.38,180.68,294.86,778.72,-1,-1,-1,-1
256,5,1352.95,161.25,302.60,867.72,-1,-1,-1,-1
256,7,848.40,46.64,307.56,1020.77,-1,-1,-1,-1
257,2,421.91,177.00,306.93,787.65,-1,-1,-1,-1
257,5,1349.29,173.34,285.71,836.58,-1,-1,-1,-1
257,7,887.41,36.75,330.51,1037.87,-1,-1,-1,-1
258,2,408.62,170.98,318.12,806.49,-1,-1,-1,-1
258,5,1341.43,180.78,271.31,806.09,-1,-1,-1,-1
258,7,929.54,32.56,347.59,1039.56,-1,-1,-1,-1
259,2,400.60,167.63,326.62,829.96,-1,-1,-1,-1
259,5,1334.62,183.20,255.53,782.55,-1,-1,-1,-1
259,7,971.36,51.73,365.53,1014.23,-1,-1,-1,-1
260,2,401.54,164.33,321.70,845.60,-1,-1,-1,-1
260,5,1321.17,181.37,254.12,781.66,-1,-1,-1,-1
260,7,1007.37,49.24,370.85,1018.51,-1,-1,-1,-1
261,2,405.67,165.80,316.63,856.83,-1,-1,-1,-1
261,5,1312.00,179.80,249.01,783.04,-1,-1,-1,-1
261,7,1041.46,50.18,370.72,1011.64,-1,-1,-1,-1
262,2,411.04,161.74,312.44,857.86,-1,-1,-1,-1
262,5,1309.03,179.78,237.42,784.28,-1,-1,-1,-1
262,7,1081.18,59.21,361.69,1004.62,-1,-1,-1,-1
263,2,417.77,159.82,308.86,856.19,-1,-1,-1,-1
263,5,1324.34,194.59,204.74,718.13,-1,-1,-1,-1
263,7,1110.11,66.12,379.62,991.08,-1,-1,-1,-1
264,2,422.89,153.21,309.18,867.50,-1,-1,-1,-1
264,5,1323.33,204.83,196.16,688.07,-1,-1,-1,-1
264,7,1149.89,55.82,378.02,1007.88,-1,-1,-1,-1
265,2,426.50,146.88,311.39,881.59,-1,-1,-1,-1
265,5,1322.32,215.08,187.57,658.01,-1,-1,-1,-1
265,7,1186.28,66.18,361.73,988.92,-1,-1,-1,-1
266,2,434.19,142.58,309.76,892.36,-1,-1,-1,-1
266,5,1321.31,225.32,178.99,627.95,-1,-1,-1,-1
266,7,1216.02,48.84,367.70,1022.23,-1,-1,-1,-1
267,2,438.60,140.27,314.99,906.35,-1,-1,-1,-1
267,5,1320.30,235.56,170.40,597.89,-1,-1,-1,-1
267,7,1234.61,54.55,418.16,1012.03,-1,-1,-1,-1
268,2,443.23,142.57,318.76,902.34,-1,-1,-1,-1
268,7,1257.50,51.56,448.75,1019.78,-1,-1,-1,-1
269,2,449.48,142.28,320.31,902.08,-1,-1,-1,-1
269,7,1275.91,49.94,484.19,1024.38,-1,-1,-1,-1
270,2,453.30,142.74,330.33,907.20,-1,-1,-1,-1
270,7,1312.44,47.75,486.28,1028.74,-1,-1,-1,-1
271,2,463.03,144.23,328.03,903.74,-1,-1,-1,-1
271,7,1320.84,62.69,510.22,1012.56,-1,-1,-1,-1
272,2,468.40,133.63,328.28,929.65,-1,-1,-1,-1
272,7,1360.04,78.52,480.26,984.52,-1,-1,-1,-1
273,2,479.17,133.51,323.41,923.71,-1,-1,-1,-1
273,7,1391.89,85.38,458.76,978.82,-1,-1,-1,-1
274,2,491.00,121.48,324.96,943.46,-1,-1,-1,-1
274,7,1410.02,89.15,443.33,977.36,-1,-1,-1,-1
274,11,1160.33,205.23,268.53,655.82,-1,-1,-1,-1
275,2,505.90,110.53,329.68,961.16,-1,-1,-1,-1
275,7,1432.33,90.00,415.18,977.16,-1,-1,-1,-1
275,11,1152.71,212.54,248.10,628.44,-1,-1,-1,-1
276,2,521.90,103.07,336.68,976.14,-1,-1,-1,-1
276,7,1445.40,81.83,405.25,994.40,-1,-1,-1,-1
276,11,1135.52,218.32,226.40,612.01,-1,-1,-1,-1
277,2,535.72,101.66,339.58,975.84,-1,-1,-1,-1
277,7,1456.16,81.66,395.54,996.89,-1,-1,-1,-1
277,11,1115.27,210.94,216.15,624.44,-1,-1,-1,-1
278,2,562.05,97.53,325.26,978.57,-1,-1,-1,-1
278,7,1462.47,83.02,396.44,993.30,-1,-1,-1,-1
278,11,1092.21,210.04,211.37,624.97,-1,-1,-1,-1
279,2,589.45,99.84,304.10,971.32,-1,-1,-1,-1
279,7,1472.75,89.33,390.13,988.82,-1,-1,-1,-1
279,11,1066.17,202.33,224.03,641.72,-1,-1,-1,-1
280,2,612.21,106.62,297.12,961.11,-1,-1,-1,-1
280,7,1474.62,96.97,393.77,976.78,-1,-1,-1,-1
280,11,1035.33,206.69,248.64,630.03,-1,-1,-1,-1
281,2,631.83,104.49,296.31,957.48,-1,-1,-1,-1
281,7,1481.05,110.08,390.49,957.83,-1,-1,-1,-1
281,11,1013.89,219.47,265.21,608.35,-1,-1,-1,-1
282,2,662.18,109.31,279.28,952.40,-1,-1,-1,-1
282,7,1491.85,119.48,377.48,945.60,-1,-1,-1,-1
282,11,1007.15,219.24,257.70,613.17,-1,-1,-1,-1
283,2,690.75,105.27,272.43,955.23,-1,-1,-1,-1
283,7,1500.94,121.84,364.24,939.09,-1,-1,-1,-1
283,11,1003.10,222.36,243.54,609.06,-1,-1,-1,-1
284,2,726.20,111.14,276.89,944.30,-1,-1,-1,-1
284,7,1506.23,123.25,350.70,932.55,-1,-1,-1,-1
284,11,1003.39,217.19,216.66,611.51,-1,-1,-1,-1
285,2,757.47,102.20,292.58,964.64,-1,-1,-1,-1
285,7,1504.90,121.12,348.76,923.78,-1,-1,-1,-1
285,11,1002.38,220.94,177.43,597.15,-1,-1,-1,-1
286,2,782.77,110.43,312.08,956.41,-1,-1,-1,-1
286,7,1503.68,121.94,338.45,906.18,-1,-1,-1,-1
286,11,992.23,227.42,151.16,572.24,-1,-1,-1,-1
287,2,811.69,110.12,317.78,962.18,-1,-1,-1,-1
287,7,1502.45,120.74,328.52,897.91,-1,-1,-1,-1
287,11,977.17,232.46,147.35,557.83,-1,-1,-1,-1
288,2,828.65,111.05,325.42,951.39,-1,-1,-1,-1
288,7,1502.04,132.26,316.93,873.01,-1,-1,-1,-1
288,11,962.11,237.49,143.54,543.41,-1,-1,-1,-1
289,2,843.64,118.73,326.79,938.28,-1,-1,-1,-1
289,7,1502.21,140.45,298.93,858.69,-1,-1,-1,-1
289,11,947.04,242.52,139.73,529.00,-1,-1,-1,-1
290,2,854.24,134.76,337.66,923.77,-1,-1,-1,-1
290,7,1497.56,139.62,279.30,855.68,-1,-1,-1,-1
290,11,931.98,247.55,135.92,514.59,-1,-1,-1,-1
291,2,860.82,105.34,355.57,962.59,-1,-1,-1,-1
291,7,1488.65,143.58,269.80,857.38,-1,-1,-1,-1
292,2,873.06,108.74,372.09,946.40,-1,-1,-1,-1
292,7,1474.20,158.56,268.00,825.53,-1,-1,-1,-1
293,2,886.12,92.57,377.23,972.96,-1,-1,-1,-1
293,7,1461.54,167.42,265.35,796.00,-1,-1,-1,-1
293,11,858.54,231.15,166.36,580.23,-1,-1,-1,-1
294,2,940.90,90.47,362.57,974.18,-1,-1,-1,-1
294,7,1451.70,177.52,254.64,762.20,-1,-1,-1,-1
294,11,847.91,233.08,166.74,574.82,-1,-1,-1,-1
295,2,988.00,98.60,363.69,960.29,-1,-1,-1,-1
295,7,1438.67,179.97,242.64,736.37,-1,-1,-1,-1
295,11,840.72,228.66,150.99,590.33,-1,-1,-1,-1
296,2,1032.03,104.49,329.86,950.81,-1,-1,-1,-1
296,7,1415.91,183.43,244.71,716.20,-1,-1,-1,-1
296,11,817.06,227.34,167.13,592.19,-1,-1,-1,-1
297,2,1059.33,106.10,336.23,954.19,-1,-1,-1,-1
297,7,1389.66,179.46,249.84,715.19,-1,-1,-1,-1
297,11,775.19,227.27,205.53,599.27,-1,-1,-1,-1
298,2,1078.46,117.42,358.33,937.14,-1,-1,-1,-1
298,7,1365.88,184.11,255.81,705.13,-1,-1,-1,-1
298,11,745.19,222.02,229.62,611.27,-1,-1,-1,-1
299,2,1094.46,123.71,384.06,934.86,-1,-1,-1,-1
299,7,1356.83,185.16,247.91,694.37,-1,-1,-1,-1
299,11,732.22,220.44,237.41,619.16,-1,-1,-1,-1
300,2,1114.86,133.08,389.55,921.50,-1,-1,-1,-1
300,7,1355.91,178.48,235.31,698.17,-1,-1,-1,-1
300,11,722.64,232.35,237.56,607.18,-1,-1,-1,-1
301,2,1136.61,131.64,370.02,932.10,-1,-1,-1,-1
301,7,1363.96,195.24,205.42,648.79,-1,-1,-1,-1
301,11,713.58,232.39,228.79,613.33,-1,-1,-1,-1
302,2,1153.09,119.60,368.27,944.65,-1,-1,-1,-1
302,7,1366.91,201.65,174.72,597.01,-1,-1,-1,-1
302,11,693.52,242.61,235.26,604.79,-1,-1,-1,-1
303,2,1163.85,129.19,370.19,916.47,-1,-1,-1,-1
303,7,1359.33,199.56,176.75,605.31,-1,-1,-1,-1
303,11,674.90,235.53,224.26,610.63,-1,-1,-1,-1
304,2,1170.76,109.84,386.39,957.59,-1,-1,-1,-1
304,7,1350.27,202.40,171.94,588.84,-1,-1,-1,-1
304,11,644.70,227.52,231.38,623.33,-1,-1,-1,-1
305,2,1177.95,106.79,376.45,968.40,-1,-1,-1,-1
305,7,1341.20,205.24,167.13,572.38,-1,-1,-1,-1
305,11,624.78,228.85,236.54,625.31,-1,-1,-1,-1
306,2,1187.51,111.65,362.90,952.47,-1,-1,-1,-1
306,7,1332.14,208.08,162.32,555.92,-1,-1,-1,-1
306,11,617.28,227.47,238.46,642.59,-1,-1,-1,-1
307,2,1195.36,108.72,356.31,959.10,-1,-1,-1,-1
307,7,1323.08,210.92,157.51,539.45,-1,-1,-1,-1
307,11,597.79,223.99,254.67,658.20,-1,-1,-1,-1
308,2,1204.86,116.20,351.26,945.15,-1,-1,-1,-1
308,11,581.74,223.53,268.24,667.95,-1,-1,-1,-1
309,2,1215.49,115.63,349.26,947.80,-1,-1,-1,-1
309,11,577.22,221.89,260.36,674.99,-1,-1,-1,-1
310,2,1224.50,126.41,348.27,927.11,-1,-1,-1,-1
310,11,574.33,223.25,255.26,674.84,-1,-1,-1,-1
311,2,1204.53,128.27,379.81,929.45,-1,-1,-1,-1
311,11,570.88,219.56,251.80,685.33,-1,-1,-1,-1
312,2,1222.64,129.42,366.57,929.02,-1,-1,-1,-1
312,11,569.40,216.64,240.62,694.47,-1,-1,-1,-1
313,2,1241.41,132.43,352.04,911.35,-1,-1,-1,-1
313,11,560.88,207.92,242.81,709.40,-1,-1,-1,-1
314,2,1247.72,137.50,348.44,887.78,-1,-1,-1,-1
314,11,549.31,211.98,254.62,705.52,-1,-1,-1,-1
315,2,1254.67,137.54,340.85,872.48,-1,-1,-1,-1
315,11,541.51,214.37,260.05,702.74,-1,-1,-1,-1
315,14,1103.48,206.13,212.64,608.72,-1,-1,-1,-1
316,2,1259.79,140.66,327.28,863.28,-1,-1,-1,-1
316,11,533.32,213.05,260.58,714.08,-1,-1,-1,-1
316,14,1089.56,209.29,204.63,611.80,-1,-1,-1,-1
317,2,1262.06,141.87,306.39,853.62,-1,-1,-1,-1
317,11,526.31,211.35,263.97,734.86,-1,-1,-1,-1
317,14,1080.21,221.71,178.99,589.40,-1,-1,-1,-1
318,2,1257.91,142.78,296.42,834.96,-1,-1,-1,-1
318,11,521.00,213.39,266.05,748.88,-1,-1,-1,-1
318,14,1064.94,222.47,163.33,584.24,-1,-1,-1,-1
319,2,1253.36,143.79,281.09,824.13,-1,-1,-1,-1
319,11,515.30,212.44,267.29,760.41,-1,-1,-1,-1
319,14,1035.61,214.49,170.97,591.31,-1,-1,-1,-1
320,2,1243.63,148.90,274.12,799.49,-1,-1,-1,-1
320,11,508.20,210.65,272.60,769.53,-1,-1,-1,-1
320,14,1006.21,210.62,193.71,598.81,-1,-1,-1,-1
321,2,1233.67,149.73,271.95,790.20,-1,-1,-1,-1
321,11,506.24,208.96,274.51,774.47,-1,-1,-1,-1
321,14,972.77,210.10,223.66,602.92,-1,-1,-1,-1
322,2,1224.39,150.46,273.44,786.87,-1,-1,-1,-1
322,11,505.73,199.43,278.32,789.98,-1,-1,-1,-1
322,14,943.10,219.46,246.99,586.57,-1,-1,-1,-1
323,2,1212.69,153.62,277.95,782.28,-1,-1,-1,-1
323,11,507.08,190.19,279.95,807.27,-1,-1,-1,-1
323,14,922.47,224.15,262.08,587.23,-1,-1,-1,-1
324,2,1203.90,152.11,279.22,788.57,-1,-1,-1,-1
324,11,509.62,184.72,282.69,819.61,-1,-1,-1,-1
324,14,903.09,231.13,275.74,583.10,-1,-1,-1,-1
325,2,1195.78,154.04,276.51,785.57,-1,-1,-1,-1
325,11,513.43,181.03,286.25,834.63,-1,-1,-1,-1
325,14,894.27,225.69,265.23,593.23,-1,-1,-1,-1
326,2,1190.28,158.52,275.74,778.01,-1,-1,-1,-1
326,11,520.31,179.24,286.34,844.76,-1,-1,-1,-1
326,14,887.26,221.98,252.17,599.55,-1,-1,-1,-1
327,2,1187.70,161.59,267.33,767.08,-1,-1,-1,-1
327,11,528.37,186.14,285.86,839.20,-1,-1,-1,-1
327,14,884.08,232.23,224.99,582.62,-1,-1,-1,-1
328,2,1186.80,157.44,251.53,765.45,-1,-1,-1,-1
328,11,540.58,186.78,280.23,852.82,-1,-1,-1,-1
328,14,869.11,222.65,194.76,587.33,-1,-1,-1,-1
329,2,1186.13,164.15,242.35,755.83,-1,-1,-1,-1
329,11,557.05,185.87,269.48,859.35,-1,-1,-1,-1
329,14,855.47,219.34,170.69,593.92,-1,-1,-1,-1
330,2,1184.75,168.01,232.70,744.85,-1,-1,-1,-1
330,11,573.93,186.68,264.59,865.15,-1,-1,-1,-1
330,14,821.68,220.18,196.87,596.96,-1,-1,-1,-1
331,2,1182.23,172.77,224.32,729.82,-1,-1,-1,-1
331,11,588.75,177.37,265.38,878.74,-1,-1,-1,-1
331,14,803.64,219.14,209.62,591.98,-1,-1,-1,-1
332,2,1184.72,176.68,212.95,726.32,-1,-1,-1,-1
332,11,600.19,175.21,269.11,883.74,-1,-1,-1,-1
332,14,798.97,215.45,205.83,590.78,-1,-1,-1,-1
333,2,1176.95,174.21,212.01,723.12,-1,-1,-1,-1
333,11,627.62,177.49,275.56,882.30,-1,-1,-1,-1
333,14,783.01,214.98,205.54,589.96,-1,-1,-1,-1
334,2,1168.88,175.89,211.50,719.86,-1,-1,-1,-1
334,11,643.35,174.80,294.61,878.55,-1,-1,-1,-1
334,14,767.04,214.52,205.25,589.14,-1,-1,-1,-1
335,2,1157.94,172.46,209.96,716.15,-1,-1,-1,-1
335,11,666.57,178.95,295.56,882.69,-1,-1,-1,-1
335,14,751.08,214.06,204.97,588.32,-1,-1,-1,-1
336,2,1143.34,169.05,214.14,716.01,-1,-1,-1,-1
336,11,684.61,165.07,286.50,910.60,-1,-1,-1,-1
336,14,735.11,213.60,204.68,587.49,-1,-1,-1,-1
337,2,1131.38,172.54,219.60,710.41,-1,-1,-1,-1
337,11,694.07,165.54,295.03,908.02,-1,-1,-1,-1
338,2,1116.06,179.59,227.79,695.13,-1,-1,-1,-1
338,11,703.10,190.34,291.07,877.98,-1,-1,-1,-1
339,2,1103.09,179.88,234.76,692.03,-1,-1,-1,-1
339,11,727.97,171.87,265.56,897.31,-1,-1,-1,-1
340,2,1088.15,169.86,244.95,711.23,-1,-1,-1,-1
340,11,757.03,175.12,247.52,880.23,-1,-1,-1,-1
341,2,1085.86,175.92,246.83,699.78,-1,-1,-1,-1
341,11,778.67,175.91,245.70,872.60,-1,-1,-1,-1
342,2,1074.02,177.55,247.83,694.36,-1,-1,-1,-1
342,11,801.96,159.04,247.80,888.80,-1,-1,-1,-1
342,15,571.63,205.67,227.94,658.29,-1,-1,-1,-1
343,2,1071.17,181.31,228.31,684.83,-1,-1,-1,-1
343,11,826.66,148.89,255.07,905.71,-1,-1,-1,-1
343,15,529.40,215.55,272.58,658.53,-1,-1,-1,-1
344,2,1061.54,182.68,208.95,677.64,-1,-1,-1,-1
344,11,838.68,136.75,292.17,934.11,-1,-1,-1,-1
344,15,521.57,221.65,279.33,664.89,-1,-1,-1,-1
345,2,1054.12,178.88,197.61,682.12,-1,-1,-1,-1
345,11,854.03,155.95,323.16,916.59,-1,-1,-1,-1
345,15,515.23,223.53,281.22,673.68,-1,-1,-1,-1
346,2,1055.33,197.68,175.43,658.01,-1,-1,-1,-1
346,11,862.38,140.61,355.35,939.34,-1,-1,-1,-1
346,15,516.10,210.17,264.13,704.55,-1,-1,-1,-1
347,2,1064.43,241.50,151.24,595.99,-1,-1,-1,-1
347,11,878.82,135.42,357.72,939.92,-1,-1,-1,-1
347,15,501.55,217.37,259.37,690.87,-1,-1,-1,-1
348,2,1059.00,259.80,142.90,563.17,-1,-1,-1,-1
348,11,900.55,147.43,348.97,925.71,-1,-1,-1,-1
348,15,478.85,220.00,251.99,685.79,-1,-1,-1,-1
349,2,1053.57,278.10,134.56,530.34,-1,-1,-1,-1
349,11,939.02,161.56,308.67,884.76,-1,-1,-1,-1
349,15,457.83,218.12,255.55,689.45,-1,-1,-1,-1
350,2,1048.14,296.40,126.22,497.52,-1,-1,-1,-1
350,11,961.63,148.55,298.97,916.99,-1,-1,-1,-1
350,15,431.83,214.24,265.70,699.76,-1,-1,-1,-1
351,2,1042.72,314.70,117.88,464.69,-1,-1,-1,-1
351,11,977.07,148.59,308.81,915.31,-1,-1,-1,-1
351,15,400.64,205.37,282.75,725.19,-1,-1,-1,-1
352,11,1009.06,148.51,300.49,919.09,-1,-1,-1,-1
352,15,375.98,195.34,294.25,761.44,-1,-1,-1,-1
353,11,1005.67,160.51,333.39,898.87,-1,-1,-1,-1
353,15,358.85,192.96,294.11,782.56,-1,-1,-1,-1
354,11,1044.29,158.51,346.03,912.30,-1,-1,-1,-1
354,15,351.48,193.12,288.62,800.38,-1,-1,-1,-1
355,11,1056.90,156.25,379.42,915.04,-1,-1,-1,-1
355,15,344.27,188.69,287.60,827.24,-1,-1,-1,-1
356,11,1084.57,149.39,362.31,921.91,-1,-1,-1,-1
356,15,348.14,197.69,281.17,824.65,-1,-1,-1,-1
356,16,897.34,185.09,190.32,666.63,-1,-1,-1,-1
357,11,1087.72,149.04,365.61,925.76,-1,-1,-1,-1
357,15,355.05,197.84,270.52,826.64,-1,-1,-1,-1
357,16,880.18,188.10,208.75,666.49,-1,-1,-1,-1
358,11,1107.92,160.13,354.61,911.97,-1,-1,-1,-1
358,15,356.83,200.45,264.00,824.99,-1,-1,-1,-1
358,16,857.83,198.14,233.93,652.05,-1,-1,-1,-1
359,11,1140.00,149.39,324.37,925.01,-1,-1,-1,-1
359,15,354.51,197.78,267.37,828.52,-1,-1,-1,-1
359,16,842.22,198.47,250.61,657.50,-1,-1,-1,-1
360,11,1166.12,148.28,315.52,924.07,-1,-1,-1,-1
360,15,347.25,188.28,278.28,840.42,-1,-1,-1,-1
360,16,834.23,186.27,246.15,677.64,-1,-1,-1,-1
361,11,1192.04,150.14,314.41,919.02,-1,-1,-1,-1
361,15,340.12,181.57,286.69,854.16,-1,-1,-1,-1
361,16,827.57,191.02,244.62,669.52,-1,-1,-1,-1
362,11,1219.12,140.37,307.28,931.07,-1,-1,-1,-1
362,15,332.09,174.35,296.13,873.93,-1,-1,-1,-1
362,16,822.81,196.34,222.32,658.65,-1,-1,-1,-1
363,11,1231.46,135.63,311.70,941.53,-1,-1,-1,-1
363,15,322.22,171.07,308.39,883.12,-1,-1,-1,-1
363,16,813.43,196.15,198.06,660.28,-1,-1,-1,-1
364,11,1229.49,134.64,325.67,939.29,-1,-1,-1,-1
364,15,315.42,174.53,317.00,871.80,-1,-1,-1,-1
364,16,797.68,189.68,189.58,673.46,-1,-1,-1,-1
365,11,1233.60,146.66,334.23,919.77,-1,-1,-1,-1
365,15,312.22,174.43,322.50,879.75,-1,-1,-1,-1
365,16,779.65,180.87,189.91,685.24,-1,-1,-1,-1
366,11,1235.43,149.43,336.87,919.85,-1,-1,-1,-1
366,15,313.90,174.24,322.65,879.62,-1,-1,-1,-1
366,16,764.99,187.34,190.75,676.82,-1,-1,-1,-1
367,11,1243.96,150.88,316.47,910.82,-1,-1,-1,-1
367,15,317.92,165.33,324.64,901.30,-1,-1,-1,-1
367,16,744.51,182.72,201.43,690.44,-1,-1,-1,-1
368,11,1250.83,154.09,301.36,886.68,-1,-1,-1,-1
368,15,321.97,164.64,327.70,901.19,-1,-1,-1,-1
368,16,711.53,183.30,230.21,692.36,-1,-1,-1,-1
369,11,1255.71,159.68,288.57,855.74,-1,-1,-1,-1
369,15,329.50,157.13,328.37,908.43,-1,-1,-1,-1
369,16,691.09,184.65,247.27,698.37,-1,-1,-1,-1
370,11,1259.01,160.89,276.48,839.02,-1,-1,-1,-1
370,15,341.05,139.23,323.71,935.76,-1,-1,-1,-1
370,16,679.82,188.50,246.38,698.67,-1,-1,-1,-1
371,11,1261.40,164.76,269.65,817.66,-1,-1,-1,-1
371,15,353.82,141.13,327.15,928.15,-1,-1,-1,-1
371,16,674.39,180.06,233.67,716.01,-1,-1,-1,-1
372,11,1260.57,163.75,268.83,813.43,-1,-1,-1,-1
372,15,365.80,143.55,334.10,921.69,-1,-1,-1,-1
372,16,669.82,184.36,224.93,713.75,-1,-1,-1,-1
373,11,1261.24,161.96,265.39,816.70,-1,-1,-1,-1
373,15,385.25,134.75,345.12,933.87,-1,-1,-1,-1
373,16,665.36,186.36,210.40,713.02,-1,-1,-1,-1
374,11,1263.08,164.30,262.91,811.78,-1,-1,-1,-1
374,15,408.47,134.76,355.97,929.18,-1,-1,-1,-1
374,16,657.59,192.62,207.46,705.87,-1,-1,-1,-1
375,11,1261.89,168.36,265.59,806.41,-1,-1,-1,-1
375,15,434.40,138.37,370.38,919.70,-1,-1,-1,-1
375,16,660.35,217.10,192.85,566.68,-1,-1,-1,-1
376,11,1260.63,175.89,266.55,787.54,-1,-1,-1,-1
376,15,463.15,131.27,382.55,939.47,-1,-1,-1,-1
376,16,659.43,241.98,172.58,507.09,-1,-1,-1,-1
377,11,1260.42,176.00,262.37,784.39,-1,-1,-1,-1
377,15,492.01,124.91,366.04,945.16,-1,-1,-1,-1
377,16,658.52,266.87,152.31,447.51,-1,-1,-1,-1
378,11,1257.43,181.67,256.18,756.91,-1,-1,-1,-1
378,15,518.82,118.36,347.47,950.31,-1,-1,-1,-1
378,16,657.60,291.76,132.03,387.93,-1,-1,-1,-1
379,11,1253.87,175.04,252.08,770.58,-1,-1,-1,-1
379,15,541.93,113.01,338.85,946.94,-1,-1,-1,-1
379,16,656.69,316.64,111.75,328.34,-1,-1,-1,-1
380,11,1249.93,174.39,250.56,752.16,-1,-1,-1,-1
380,15,570.07,106.57,328.77,943.97,-1,-1,-1,-1
381,11,1244.86,176.49,247.10,735.37,-1,-1,-1,-1
381,15,582.73,125.03,356.74,925.68,-1,-1,-1,-1
382,11,1238.55,177.67,240.68,721.08,-1,-1,-1,-1
382,15,576.53,123.01,414.67,936.43,-1,-1,-1,-1
383,11,1230.39,165.64,231.13,736.75,-1,-1,-1,-1
383,15,657.58,107.58,373.85,960.18,-1,-1,-1,-1
384,11,1214.35,184.61,236.29,702.00,-1,-1,-1,-1
384,15,697.03,118.58,393.70,945.86,-1,-1,-1,-1
385,11,1206.08,193.59,241.85,687.14,-1,-1,-1,-1
385,15,728.81,136.23,394.83,919.97,-1,-1,-1,-1
386,11,1195.09,190.98,247.42,694.90,-1,-1,-1,-1
386,15,773.73,119.71,380.09,951.84,-1,-1,-1,-1
386,17,518.05,173.52,265.98,789.04,-1,-1,-1,-1
387,11,1187.17,198.86,244.07,676.51,-1,-1,-1,-1
387,15,831.62,113.39,343.87,962.02,-1,-1,-1,-1
387,17,507.62,169.25,280.62,823.43,-1,-1,-1,-1
388,11,1179.69,194.57,233.75,669.39,-1,-1,-1,-1
388,15,853.06,115.36,347.20,949.66,-1,-1,-1,-1
388,17,497.59,171.54,291.59,830.06,-1,-1,-1,-1
389,11,1172.22,194.73,220.29,662.37,-1,-1,-1,-1
389,15,907.75,93.94,315.71,982.74,-1,-1,-1,-1
389,17,486.26,174.79,299.69,826.80,-1,-1,-1,-1
390,11,1166.98,193.57,202.57,659.17,-1,-1,-1,-1
390,15,949.70,94.46,315.12,985.17,-1,-1,-1,-1
390,17,473.73,172.61,310.54,833.12,-1,-1,-1,-1
391,11,1166.55,184.54,177.75,655.44,-1,-1,-1,-1
391,15,987.11,97.59,330.91,981.00,-1,-1,-1,-1
391,17,463.60,165.63,317.72,847.10,-1,-1,-1,-1
392,11,1157.15,182.98,176.36,650.32,-1,-1,-1,-1
392,15,1016.83,77.57,351.81,1005.30,-1,-1,-1,-1
392,17,455.85,155.44,321.84,864.98,-1,-1,-1,-1
393,11,1147.74,181.41,174.96,645.20,-1,-1,-1,-1
393,15,1043.63,90.85,385.46,978.59,-1,-1,-1,-1
393,17,449.93,148.86,325.34,872.73,-1,-1,-1,-1
394,11,1138.34,179.84,173.56,640.08,-1,-1,-1,-1
394,15,1068.98,100.80,397.96,964.57,-1,-1,-1,-1
394,17,448.43,147.51,329.23,881.77,-1,-1,-1,-1
395,11,1128.93,178.27,172.17,634.96,-1,-1,-1,-1
395,15,1076.92,115.78,426.68,943.89,-1,-1,-1,-1
395,17,449.99,140.93,331.01,909.16,-1,-1,-1,-1
396,15,1097.76,124.66,422.21,939.00,-1,-1,-1,-1
396,17,456.73,143.57,330.98,914.52,-1,-1,-1,-1
397,11,1067.87,213.37,202.71,623.21,-1,-1,-1,-1
397,15,1114.72,120.34,418.57,952.69,-1,-1,-1,-1
397,17,465.62,143.05,326.29,923.73,-1,-1,-1,-1
398,11,1062.75,220.80,171.45,612.96,-1,-1,-1,-1
398,15,1157.95,117.19,379.48,961.05,-1,-1,-1,-1
398,17,480.23,135.81,314.43,940.34,-1,-1,-1,-1
399,11,1044.72,227.59,166.98,593.26,-1,-1,-1,-1
399,15,1190.18,124.62,364.86,940.90,-1,-1,-1,-1
399,17,499.57,131.89,301.03,947.99,-1,-1,-1,-1
400,11,1028.67,222.07,161.70,604.71,-1,-1,-1,-1
400,15,1220.70,111.97,348.76,959.36,-1,-1,-1,-1
400,17,516.97,129.09,293.24,950.49,-1,-1,-1,-1
401,11,1003.57,221.03,175.82,599.54,-1,-1,-1,-1
401,15,1236.69,100.00,349.79,977.43,-1,-1,-1,-1
401,17,533.90,128.30,285.16,947.37,-1,-1,-1,-1
402,11,978.71,220.91,194.12,592.42,-1,-1,-1,-1
402,15,1253.43,105.22,342.30,964.73,-1,-1,-1,-1
402,17,546.68,126.58,282.46,949.50,-1,-1,-1,-1
403,11,948.91,224.81,219.42,591.56,-1,-1,-1,-1
403,15,1263.83,104.99,346.58,970.48,-1,-1,-1,-1
403,17,562.64,125.99,286.58,938.89,-1,-1,-1,-1
404,11,925.70,219.65,240.66,603.97,-1,-1,-1,-1
404,15,1280.45,111.95,344.38,965.26,-1,-1,-1,-1
404,17,580.37,129.45,300.10,930.99,-1,-1,-1,-1
405,11,910.76,226.96,248.16,597.32,-1,-1,-1,-1
405,15,1296.86,116.66,337.28,957.86,-1,-1,-1,-1
405,17,594.61,135.95,305.70,920.52,-1,-1,-1,-1
406,11,907.73,222.50,230.88,608.96,-1,-1,-1,-1
406,15,1309.89,136.30,331.98,924.41,-1,-1,-1,-1
406,17,617.62,134.68,310.44,928.49,-1,-1,-1,-1
407,11,912.78,227.29,197.82,601.54,-1,-1,-1,-1
407,15,1320.61,146.30,327.93,904.34,-1,-1,-1,-1
407,17,638.47,131.28,327.38,940.88,-1,-1,-1,-1
408,11,912.33,218.33,157.85,620.69,-1,-1,-1,-1
408,15,1331.01,153.12,323.92,889.25,-1,-1,-1,-1
408,17,665.10,133.77,318.53,937.92,-1,-1,-1,-1
409,11,897.31,214.37,147.08,623.07,-1,-1,-1,-1
409,15,1338.39,146.62,321.34,889.19,-1,-1,-1,-1
409,17,685.49,142.21,326.80,922.14,-1,-1,-1,-1
410,11,880.99,211.77,148.37,628.56,-1,-1,-1,-1
410,15,1346.47,149.51,314.32,870.40,-1,-1,-1,-1
410,17,717.34,146.44,307.79,916.90,-1,-1,-1,-1
411,11,864.67,209.18,149.65,634.05,-1,-1,-1,-1
411,15,1351.39,149.50,308.98,862.78,-1,-1,-1,-1
411,17,760.86,137.65,273.24,915.10,-1,-1,-1,-1
412,11,848.35,206.58,150.93,639.54,-1,-1,-1,-1
412,15,1355.83,149.63,298.19,856.35,-1,-1,-1,-1
412,17,775.11,141.08,283.15,901.19,-1,-1,-1,-1
413,11,832.03,203.98,152.21,645.03,-1,-1,-1,-1
413,15,1356.11,157.39,287.12,832.17,-1,-1,-1,-1
413,17,790.57,130.30,296.12,925.38,-1,-1,-1,-1
414,15,1352.86,168.45,274.82,800.88,-1,-1,-1,-1
414,17,782.69,127.69,341.77,937.28,-1,-1,-1,-1
415,15,1347.27,172.40,262.08,788.96,-1,-1,-1,-1
415,17,779.08,128.03,394.08,935.33,-1,-1,-1,-1
416,11,753.34,236.07,181.15,602.69,-1,-1,-1,-1
416,15,1338.61,178.16,254.09,769.73,-1,-1,-1,-1
416,17,831.21,134.98,369.85,924.75,-1,-1,-1,-1
417,11,726.09,236.18,191.90,603.59,-1,-1,-1,-1
417,15,1326.21,178.24,253.69,761.21,-1,-1,-1,-1
417,17,872.46,135.95,361.62,917.04,-1,-1,-1,-1
418,11,695.68,235.32,200.60,607.92,-1,-1,-1,-1
418,15,1314.24,181.34,253.42,748.76,-1,-1,-1,-1
418,17,899.75,138.53,347.83,910.86,-1,-1,-1,-1
419,11,675.39,229.61,206.42,621.78,-1,-1,-1,-1
419,15,1302.53,184.69,253.25,730.65,-1,-1,-1,-1
419,17,917.95,140.65,329.98,910.09,-1,-1,-1,-1
420,11,643.99,224.45,230.28,640.27,-1,-1,-1,-1
420,15,1290.25,181.26,249.08,725.05,-1,-1,-1,-1
420,17,930.60,136.06,324.74,927.65,-1,-1,-1,-1
421,11,613.32,220.42,255.26,654.75,-1,-1,-1,-1
421,15,1277.69,176.68,238.51,726.33,-1,-1,-1,-1
421,17,959.93,141.45,298.35,910.17,-1,-1,-1,-1
422,11,594.22,218.79,263.22,672.52,-1,-1,-1,-1
422,15,1257.62,175.78,239.88,726.30,-1,-1,-1,-1
422,17,980.99,135.40,290.16,911.09,-1,-1,-1,-1
423,11,586.34,212.40,259.98,696.29,-1,-1,-1,-1
423,15,1247.50,178.81,235.56,718.57,-1,-1,-1,-1
423,17,995.49,128.54,296.00,899.68,-1,-1,-1,-1
424,11,577.27,211.17,259.39,703.08,-1,-1,-1,-1
424,15,1226.53,171.72,244.42,736.67,-1,-1,-1,-1
424,17,1008.47,132.45,304.66,907.57,-1,-1,-1,-1
425,11,576.26,217.28,250.15,700.73,-1,-1,-1,-1
425,15,1210.17,168.97,255.04,752.66,-1,-1,-1,-1
425,17,1020.34,131.96,312.18,919.00,-1,-1,-1,-1
426,11,581.76,211.78,237.36,709.70,-1,-1,-1,-1
426,15,1185.45,173.75,281.46,766.56,-1,-1,-1,-1
426,17,1036.94,121.29,323.20,936.00,-1,-1,-1,-1
427,11,581.46,217.71,231.81,698.05,-1,-1,-1,-1
427,15,1197.50,192.33,242.66,694.88,-1,-1,-1,-1
427,17,1048.53,137.57,369.42,898.19,-1,-1,-1,-1
428,11,580.85,214.90,229.80,707.71,-1,-1,-1,-1
428,15,1190.73,202.06,234.59,671.74,-1,-1,-1,-1
428,17,1064.51,137.64,363.32,918.88,-1,-1,-1,-1
429,11,567.61,209.80,241.16,727.50,-1,-1,-1,-1
429,15,1183.96,211.79,226.51,648.60,-1,-1,-1,-1
429,17,1082.85,131.42,327.40,929.57,-1,-1,-1,-1
430,11,563.17,207.29,243.94,741.28,-1,-1,-1,-1
430,15,1177.19,221.52,218.44,625.45,-1,-1,-1,-1
430,17,1092.88,139.55,313.94,908.66,-1,-1,-1,-1
431,11,556.38,204.83,245.23,757.96,-1,-1,-1,-1
431,15,1170.42,231.25,210.36,602.31,-1,-1,-1,-1
431,17,1102.72,139.54,314.31,895.66,-1,-1,-1,-1
432,11,538.86,198.91,259.43,780.37,-1,-1,-1,-1
432,17,1108.73,136.55,326.08,890.15,-1,-1,-1,-1
433,11,526.44,196.21,269.04,793.95,-1,-1,-1,-1
433,17,1111.95,135.52,340.31,894.00,-1,-1,-1,-1
434,11,520.70,199.13,271.89,794.30,-1,-1,-1,-1
434,17,1095.96,135.22,377.51,893.72,-1,-1,-1,-1
435,11,508.42,193.64,285.28,804.75,-1,-1,-1,-1
435,17,1085.83,129.77,401.44,908.79,-1,-1,-1,-1
436,11,497.74,191.77,298.74,810.62,-1,-1,-1,-1
436,17,1101.12,131.41,395.79,902.72,-1,-1,-1,-1
437,11,493.86,183.57,305.55,830.03,-1,-1,-1,-1
437,17,1129.63,135.24,362.52,905.62,-1,-1,-1,-1
438,11,494.26,177.22,313.54,847.60,-1,-1,-1,-1
438,17,1146.10,137.98,342.02,881.49,-1,-1,-1,-1
439,11,500.40,172.45,311.00,869.87,-1,-1,-1,-1
439,17,1159.22,146.51,324.99,857.25,-1,-1,-1,-1
439,21,986.51,218.88,203.00,602.08,-1,-1,-1,-1
440,11,509.73,173.42,302.39,871.46,-1,-1,-1,-1
440,17,1166.28,144.47,312.45,846.51,-1,-1,-1,-1
440,21,978.11,208.98,190.53,611.13,-1,-1,-1,-1
441,11,522.96,175.85,292.54,874.92,-1,-1,-1,-1
441,17,1171.12,143.36,306.42,838.53,-1,-1,-1,-1
441,21,963.52,205.99,175.25,607.98,-1,-1,-1,-1
442,11,536.16,176.05,290.79,880.92,-1,-1,-1,-1
442,17,1175.21,138.99,295.72,852.17,-1,-1,-1,-1
442,21,938.39,213.51,179.43,591.96,-1,-1,-1,-1
443,11,557.47,172.41,282.91,888.49,-1,-1,-1,-1
443,17,1175.72,140.66,295.15,831.46,-1,-1,-1,-1
443,21,904.16,220.55,204.49,579.23,-1,-1,-1,-1
444,11,576.05,165.65,281.12,904.05,-1,-1,-1,-1
444,17,1174.58,141.07,291.67,825.69,-1,-1,-1,-1
444,21,866.73,224.80,237.79,574.30,-1,-1,-1,-1
445,11,589.96,164.52,279.22,905.44,-1,-1,-1,-1
445,17,1175.43,148.29,283.86,817.46,-1,-1,-1,-1
445,21,848.02,220.65,250.94,584.36,-1,-1,-1,-1
446,11,602.06,161.36,286.66,912.80,-1,-1,-1,-1
446,17,1178.60,157.30,272.84,805.63,-1,-1,-1,-1
446,21,836.70,217.68,259.58,594.98,-1,-1,-1,-1
447,11,609.37,162.64,287.36,907.65,-1,-1,-1,-1
447,17,1176.06,152.64,274.70,815.76,-1,-1,-1,-1
447,21,836.74,218.69,246.47,592.22,-1,-1,-1,-1
448,11,622.30,172.08,298.98,895.29,-1,-1,-1,-1
448,17,1176.57,150.64,271.14,818.84,-1,-1,-1,-1
448,21,823.21,217.99,247.10,593.74,-1,-1,-1,-1
449,11,635.10,171.93,331.96,900.19,-1,-1,-1,-1
449,17,1173.06,152.51,272.49,812.19,-1,-1,-1,-1
449,21,809.67,217.29,247.74,595.26,-1,-1,-1,-1
450,11,656.12,167.15,315.57,900.72,-1,-1,-1,-1
450,17,1171.73,149.95,264.00,817.55,-1,-1,-1,-1
450,21,796.13,216.59,248.38,596.78,-1,-1,-1,-1
451,11,682.33,163.74,293.11,908.68,-1,-1,-1,-1
451,17,1168.74,158.29,255.55,792.25,-1,-1,-1,-1
451,21,782.60,215.89,249.02,598.31,-1,-1,-1,-1
452,11,699.13,146.62,282.11,933.82,-1,-1,-1,-1
452,17,1168.01,161.18,245.77,773.87,-1,-1,-1,-1
453,11,716.28,156.24,282.55,912.13,-1,-1,-1,-1
453,17,1165.38,162.12,238.53,756.81,-1,-1,-1,-1
454,11,728.18,166.86,292.99,893.14,-1,-1,-1,-1
454,17,1158.61,175.19,239.99,729.52,-1,-1,-1,-1
455,11,781.92,164.63,251.62,885.61,-1,-1,-1,-1
455,17,1160.19,168.10,224.21,738.98,-1,-1,-1,-1
456,11,809.78,166.74,255.92,877.82,-1,-1,-1,-1
456,17,1153.68,165.77,218.02,732.56,-1,-1,-1,-1
457,11,830.22,154.30,253.35,899.48,-1,-1,-1,-1
457,17,1145.52,168.36,221.53,724.75,-1,-1,-1,-1
458,11,840.64,162.03,302.42,897.44,-1,-1,-1,-1
458,17,1135.43,178.18,222.08,705.39,-1,-1,-1,-1
458,22,594.78,221.83,267.36,642.57,-1,-1,-1,-1
459,11,852.79,168.72,349.39,893.85,-1,-1,-1,-1
459,17,1126.07,176.74,220.77,707.35,-1,-1,-1,-1
459,22,589.37,217.90,250.56,650.57,-1,-1,-1,-1
460,11,867.98,165.30,350.59,897.51,-1,-1,-1,-1
460,17,1118.54,177.45,222.29,708.83,-1,-1,-1,-1
460,22,588.08,216.61,226.19,657.26,-1,-1,-1,-1
461,11,878.98,158.28,357.44,911.63,-1,-1,-1,-1
461,17,1103.43,176.36,230.89,704.49,-1,-1,-1,-1
461,22,575.31,214.27,205.29,660.32,-1,-1,-1,-1
462,11,903.67,159.82,384.49,904.65,-1,-1,-1,-1
462,17,1081.98,169.56,242.31,726.20,-1,-1,-1,-1
462,22,557.39,214.31,198.82,652.31,-1,-1,-1,-1
463,11,942.82,155.67,369.79,909.18,-1,-1,-1,-1
463,17,1072.38,165.14,244.68,733.29,-1,-1,-1,-1
463,22,531.97,209.94,203.76,664.65,-1,-1,-1,-1
464,11,994.62,148.69,325.24,920.89,-1,-1,-1,-1
464,17,1062.78,160.73,247.05,740.39,-1,-1,-1,-1
464,22,501.60,203.51,218.78,687.39,-1,-1,-1,-1
465,11,1024.74,156.55,310.93,913.14,-1,-1,-1,-1
465,17,1053.18,156.31,249.42,747.48,-1,-1,-1,-1
465,22,466.56,207.21,248.25,700.64,-1,-1,-1,-1
466,11,1046.05,176.67,300.57,891.62,-1,-1,-1,-1
466,17,1043.58,151.90,251.79,754.58,-1,-1,-1,-1
466,22,451.41,210.94,254.84,710.43,-1,-1,-1,-1
467,11,1052.13,152.76,311.46,925.12,-1,-1,-1,-1
467,22,447.01,197.10,243.00,756.55,-1,-1,-1,-1
468,11,1018.78,154.37,410.54,923.53,-1,-1,-1,-1
468,22,434.41,202.08,244.89,759.47,-1,-1,-1,-1
469,11,1022.07,160.15,429.50,915.31,-1,-1,-1,-1
469,22,423.16,206.01,244.92,754.93,-1,-1,-1,-1
470,11,1022.84,161.82,420.74,913.56,-1,-1,-1,-1
470,22,401.41,209.60,262.34,754.84,-1,-1,-1,-1
471,11,1068.61,160.61,378.75,914.63,-1,-1,-1,-1
471,22,379.57,207.68,274.51,758.02,-1,-1,-1,-1
472,11,1097.01,158.40,359.38,917.72,-1,-1,-1,-1
472,22,357.87,200.36,287.43,781.24,-1,-1,-1,-1
473,11,1134.60,144.60,329.94,936.27,-1,-1,-1,-1
473,22,338.91,195.40,299.72,796.81,-1,-1,-1,-1
473,23,959.53,199.12,210.41,646.74,-1,-1,-1,-1
474,11,1163.38,147.40,323.33,933.44,-1,-1,-1,-1
474,22,327.12,187.43,307.81,835.48,-1,-1,-1,-1
474,23,944.70,200.99,200.82,640.57,-1,-1,-1,-1
475,11,1187.21,146.57,320.47,927.10,-1,-1,-1,-1
475,22,322.27,183.14,308.16,858.92,-1,-1,-1,-1
475,23,937.68,195.18,189.41,651.47,-1,-1,-1,-1
476,11,1212.46,146.72,312.75,927.90,-1,-1,-1,-1
476,22,321.52,184.66,308.26,871.13,-1,-1,-1,-1
476,23,924.88,189.69,185.41,659.66,-1,-1,-1,-1
477,11,1218.16,140.95,323.76,934.35,-1,-1,-1,-1
477,22,331.21,187.13,298.70,877.94,-1,-1,-1,-1
477,23,918.70,186.41,180.16,669.23,-1,-1,-1,-1
478,11,1227.37,145.84,324.18,924.16,-1,-1,-1,-1
478,22,341.33,185.39,292.02,886.62,-1,-1,-1,-1
478,23,894.85,184.45,202.49,674.25,-1,-1,-1,-1
479,11,1231.68,148.68,323.16,915.32,-1,-1,-1,-1
479,22,350.09,180.31,290.25,887.18,-1,-1,-1,-1
479,23,875.75,187.61,214.23,674.91,-1,-1,-1,-1
480,11,1240.11,162.78,311.97,894.47,-1,-1,-1,-1
480,22,357.67,164.17,293.69,911.97,-1,-1,-1,-1
480,23,859.73,190.12,228.05,668.57,-1,-1,-1,-1
481,11,1245.80,159.18,305.42,902.44,-1,-1,-1,-1
481,22,364.94,155.52,296.03,924.35,-1,-1,-1,-1
481,23,850.13,190.83,236.34,665.84,-1,-1,-1,-1
482,11,1253.05,152.28,292.58,909.55,-1,-1,-1,-1
482,22,375.79,154.58,295.93,924.32,-1,-1,-1,-1
482,23,841.42,192.19,238.38,665.06,-1,-1,-1,-1
483,11,1256.51,159.41,288.06,870.61,-1,-1,-1,-1
483,22,385.89,154.81,302.16,923.19,-1,-1,-1,-1
483,23,836.22,192.46,224.28,667.69,-1,-1,-1,-1
484,11,1257.07,162.52,283.18,847.71,-1,-1,-1,-1
484,22,401.57,159.43,303.70,911.30,-1,-1,-1,-1
484,23,825.41,189.01,208.17,668.90,-1,-1,-1,-1
485,11,1254.29,169.56,278.10,829.92,-1,-1,-1,-1
485,22,415.42,158.04,306.55,909.29,-1,-1,-1,-1
485,23,819.90,190.94,192.55,665.44,-1,-1,-1,-1
486,11,1253.14,169.42,271.66,810.47,-1,-1,-1,-1
486,22,430.61,147.70,303.87,925.18,-1,-1,-1,-1
486,23,808.65,188.89,191.80,671.77,-1,-1,-1,-1
487,11,1252.43,162.70,264.86,815.55,-1,-1,-1,-1
487,22,450.10,150.90,303.48,919.69,-1,-1,-1,-1
487,23,792.40,182.68,191.50,682.79,-1,-1,-1,-1
488,11,1249.53,168.56,261.08,804.84,-1,-1,-1,-1
488,22,469.97,146.90,313.63,929.84,-1,-1,-1,-1
488,23,779.83,186.38,190.38,683.87,-1,-1,-1,-1
489,11,1248.07,173.02,259.55,811.66,-1,-1,-1,-1
489,22,495.42,133.67,313.79,947.88,-1,-1,-1,-1
489,23,759.93,183.48,202.39,684.64,-1,-1,-1,-1
490,11,1242.66,180.08,265.46,798.75,-1,-1,-1,-1
490,22,526.83,142.54,315.59,932.85,-1,-1,-1,-1
490,23,764.42,183.48,190.09,684.57,-1,-1,-1,-1
491,11,1240.18,188.34,262.99,784.74,-1,-1,-1,-1
491,22,557.25,133.03,326.96,946.41,-1,-1,-1,-1
491,23,771.55,199.09,160.51,618.73,-1,-1,-1,-1
492,11,1231.67,189.86,266.94,776.16,-1,-1,-1,-1
492,22,599.05,125.10,321.91,941.06,-1,-1,-1,-1
492,23,764.47,210.24,153.56,591.94,-1,-1,-1,-1
493,11,1226.83,194.19,262.18,746.01,-1,-1,-1,-1
493,22,643.31,117.44,315.73,947.88,-1,-1,-1,-1
493,23,757.40,221.39,146.61,565.16,-1,-1,-1,-1
494,11,1221.68,188.37,262.29,744.48,-1,-1,-1,-1
494,22,676.28,106.98,314.87,962.35,-1,-1,-1,-1
494,23,750.33,232.54,139.66,538.37,-1,-1,-1,-1
495,11,1218.73,197.71,245.61,706.15,-1,-1,-1,-1
495,22,699.95,108.46,333.73,959.30,-1,-1,-1,-1
495,23,743.26,243.69,132.71,511.58,-1,-1,-1,-1
496,11,1212.70,193.62,232.38,702.78,-1,-1,-1,-1
496,22,699.64,117.76,390.78,947.50,-1,-1,-1,-1
497,11,1205.68,188.41,221.64,705.79,-1,-1,-1,-1
497,22,703.98,129.34,430.01,933.62,-1,-1,-1,-1
498,11,1182.54,183.11,233.47,710.92,-1,-1,-1,-1
498,22,754.99,116.25,412.85,957.38,-1,-1,-1,-1
499,11,1170.86,193.69,236.12,686.38,-1,-1,-1,-1
499,22,777.60,123.49,416.34,952.93,-1,-1,-1,-1
500,11,1160.27,201.14,240.65,670.30,-1,-1,-1,-1
500,22,818.47,116.33,386.71,958.24,-1,-1,-1,-1
501,11,1153.47,202.38,250.62,669.69,-1,-1,-1,-1
501,22,881.82,112.62,335.06,952.14,-1,-1,-1,-1
501,24,613.90,178.24,252.56,775.97,-1,-1,-1,-1
502,11,1146.42,207.91,249.78,657.40,-1,-1,-1,-1
502,22,945.25,102.65,295.52,960.39,-1,-1,-1,-1
502,24,606.15,171.38,254.12,798.66,-1,-1,-1,-1
503,11,1140.82,210.51,246.08,647.62,-1,-1,-1,-1
503,22,982.78,96.14,333.69,976.70,-1,-1,-1,-1
503,24,601.67,172.81,255.07,794.64,-1,-1,-1,-1
504,11,1135.22,213.11,242.37,637.84,-1,-1,-1,-1
504,22,1018.18,90.61,336.24,987.41,-1,-1,-1,-1
504,24,598.56,174.46,256.24,791.91,-1,-1,-1,-1
505,11,1129.62,215.70,238.66,628.05,-1,-1,-1,-1
505,22,1054.67,85.50,334.27,995.00,-1,-1,-1,-1
505,24,595.40,173.27,259.98,788.17,-1,-1,-1,-1
506,11,1124.01,218.30,234.96,618.27,-1,-1,-1,-1
506,22,1072.43,94.38,355.73,981.75,-1,-1,-1,-1
506,24,590.24,170.12,268.92,798.38,-1,-1,-1,-1
507,22,1062.50,102.64,428.23,973.81,-1,-1,-1,-1
507,24,584.02,169.37,279.63,801.73,-1,-1,-1,-1
508,22,1062.42,119.61,455.27,954.50,-1,-1,-1,-1
508,24,581.86,169.66,284.30,803.07,-1,-1,-1,-1
509,22,1103.39,114.46,415.52,963.15,-1,-1,-1,-1
509,24,580.26,164.28,287.05,819.06,-1,-1,-1,-1
510,22,1124.36,113.79,400.11,960.17,-1,-1,-1,-1
510,24,577.82,159.30,291.01,846.17,-1,-1,-1,-1
511,22,1155.81,95.93,381.62,984.20,-1,-1,-1,-1
511,24,576.01,154.89,291.21,861.01,-1,-1,-1,-1
512,22,1195.85,99.38,357.06,976.10,-1,-1,-1,-1
512,24,574.52,151.64,294.83,882.61,-1,-1,-1,-1
512,25,1006.45,237.32,201.17,604.00,-1,-1,-1,-1
513,22,1222.11,98.74,352.73,976.34,-1,-1,-1,-1
513,24,572.17,149.99,296.69,898.97,-1,-1,-1,-1
513,25,1001.83,234.15,183.45,588.78,-1,-1,-1,-1
514,22,1241.96,104.09,360.57,970.16,-1,-1,-1,-1
514,24,570.07,152.66,300.52,896.71,-1,-1,-1,-1
514,25,991.54,225.70,172.77,595.88,-1,-1,-1,-1
515,22,1264.30,98.78,358.08,973.76,-1,-1,-1,-1
515,24,569.46,152.82,297.25,898.60,-1,-1,-1,-1
515,25,969.82,230.61,177.73,583.70,-1,-1,-1,-1
516,22,1283.59,109.43,359.89,959.32,-1,-1,-1,-1
516,24,570.04,150.45,298.11,907.47,-1,-1,-1,-1
516,25,947.23,227.11,189.73,587.13,-1,-1,-1,-1
517,22,1298.18,111.49,358.22,960.14,-1,-1,-1,-1
517,24,571.86,141.29,299.69,913.45,-1,-1,-1,-1
517,25,920.92,233.74,209.10,573.01,-1,-1,-1,-1
518,22,1312.35,128.00,349.90,932.76,-1,-1,-1,-1
518,24,575.78,137.90,307.35,919.62,-1,-1,-1,-1
518,25,895.15,240.95,228.07,567.66,-1,-1,-1,-1
519,22,1321.71,123.32,344.16,947.74,-1,-1,-1,-1
519,24,581.75,138.54,315.83,921.15,-1,-1,-1,-1
519,25,880.69,242.32,240.71,577.75,-1,-1,-1,-1
520,22,1333.88,136.32,332.50,922.56,-1,-1,-1,-1
520,24,596.23,141.21,317.60,925.23,-1,-1,-1,-1
520,25,877.11,226.83,233.74,604.93,-1,-1,-1,-1
521,22,1342.73,148.54,320.81,900.25,-1,-1,-1,-1
521,24,618.39,139.87,311.25,929.22,-1,-1,-1,-1
521,25,870.30,224.15,227.52,609.41,-1,-1,-1,-1
522,22,1345.85,153.25,316.16,870.14,-1,-1,-1,-1
522,24,638.01,143.79,307.90,925.40,-1,-1,-1,-1
522,25,858.01,220.39,230.82,618.22,-1,-1,-1,-1
523,22,1348.08,153.51,315.23,859.40,-1,-1,-1,-1
523,24,658.23,140.15,308.13,930.37,-1,-1,-1,-1
523,25,845.73,216.63,234.11,627.03,-1,-1,-1,-1
524,22,1349.16,152.61,312.02,855.26,-1,-1,-1,-1
524,24,671.73,137.35,310.14,933.31,-1,-1,-1,-1
524,25,833.44,212.87,237.41,635.84,-1,-1,-1,-1
525,22,1350.44,147.89,308.44,860.81,-1,-1,-1,-1
525,24,688.65,146.12,301.64,921.78,-1,-1,-1,-1
525,25,821.15,209.12,240.70,644.65,-1,-1,-1,-1
526,22,1352.72,147.54,297.85,854.53,-1,-1,-1,-1
526,24,711.30,133.32,274.75,918.29,-1,-1,-1,-1
527,22,1349.51,152.33,291.32,847.07,-1,-1,-1,-1
527,24,736.94,127.92,262.03,909.98,-1,-1,-1,-1
528,22,1344.76,163.82,285.47,829.90,-1,-1,-1,-1
528,24,749.25,122.50,269.73,929.74,-1,-1,-1,-1
529,22,1337.97,174.75,279.22,802.56,-1,-1,-1,-1
529,24,738.64,112.00,321.34,952.70,-1,-1,-1,-1
530,22,1333.20,178.88,264.46,783.56,-1,-1,-1,-1
530,24,729.45,110.50,357.10,959.08,-1,-1,-1,-1
531,22,1329.37,182.01,255.54,775.64,-1,-1,-1,-1
531,24,773.14,103.95,319.13,973.56,-1,-1,-1,-1
532,22,1320.63,179.64,249.63,773.73,-1,-1,-1,-1
532,24,785.52,115.52,319.86,959.89,-1,-1,-1,-1
533,22,1315.04,183.53,238.51,738.94,-1,-1,-1,-1
533,24,823.00,120.93,296.17,948.72,-1,-1,-1,-1
534,22,1310.33,183.55,222.91,716.34,-1,-1,-1,-1
534,24,850.54,126.80,281.16,940.99,-1,-1,-1,-1
535,22,1305.49,182.17,207.56,702.06,-1,-1,-1,-1
535,24,890.58,134.25,263.73,932.01,-1,-1,-1,-1
535,27,615.72,226.04,253.52,651.43,-1,-1,-1,-1
536,22,1290.40,177.27,207.24,697.22,-1,-1,-1,-1
536,24,933.22,147.89,254.83,902.15,-1,-1,-1,-1
536,27,603.72,227.48,267.62,650.75,-1,-1,-1,-1
537,22,1265.25,179.36,227.28,690.57,-1,-1,-1,-1
537,24,964.35,147.25,253.87,867.76,-1,-1,-1,-1
537,27,590.08,230.20,267.78,655.96,-1,-1,-1,-1
538,22,1242.26,176.21,242.91,688.78,-1,-1,-1,-1
538,24,984.93,121.73,283.67,922.03,-1,-1,-1,-1
538,27,578.31,226.95,262.78,666.58,-1,-1,-1,-1
539,22,1224.91,176.21,254.65,683.54,-1,-1,-1,-1
539,24,998.38,119.44,306.36,921.78,-1,-1,-1,-1
539,27,566.50,224.80,259.81,677.62,-1,-1,-1,-1
540,22,1207.23,178.72,269.74,683.43,-1,-1,-1,-1
540,24,1018.63,125.98,297.36,916.18,-1,-1,-1,-1
540,27,564.67,220.63,240.69,688.95,-1,-1,-1,-1
541,22,1208.02,176.13,260.62,693.17,-1,-1,-1,-1
541,24,1034.88,134.50,286.97,916.89,-1,-1,-1,-1
541,27,561.13,219.62,233.05,695.37,-1,-1,-1,-1
542,22,1215.72,190.41,232.62,666.85,-1,-1,-1,-1
542,24,1039.00,138.46,360.02,910.25,-1,-1,-1,-1
542,27,557.07,223.14,228.52,689.17,-1,-1,-1,-1
543,22,1208.37,193.32,229.19,657.01,-1,-1,-1,-1
543,24,1054.08,138.32,381.92,912.09,-1,-1,-1,-1
543,27,542.54,224.08,239.58,684.74,-1,-1,-1,-1
544,22,1201.02,196.22,225.76,647.17,-1,-1,-1,-1
544,24,1079.50,131.44,363.81,913.79,-1,-1,-1,-1
544,27,534.15,220.41,243.28,698.06,-1,-1,-1,-1
545,22,1193.67,199.12,222.32,637.32,-1,-1,-1,-1
545,24,1107.70,132.03,327.44,899.89,-1,-1,-1,-1
545,27,524.04,217.97,250.04,717.79,-1,-1,-1,-1
546,22,1186.33,202.02,218.89,627.48,-1,-1,-1,-1
546,24,1119.71,124.87,314.58,910.01,-1,-1,-1,-1
546,27,518.52,216.91,250.25,732.82,-1,-1,-1,-1
547,24,1112.72,118.23,331.69,918.22,-1,-1,-1,-1
547,27,508.96,216.24,252.98,748.19,-1,-1,-1,-1
548,24,1085.21,121.73,373.92,916.21,-1,-1,-1,-1
548,27,497.27,220.66,258.27,751.99,-1,-1,-1,-1
549,24,1119.57,125.37,347.35,908.41,-1,-1,-1,-1
549,27,486.32,215.96,264.53,767.22,-1,-1,-1,-1
550,24,1146.49,118.37,332.43,933.77,-1,-1,-1,-1
550,27,477.11,209.81,267.62,778.51,-1,-1,-1,-1
551,24,1159.33,111.60,332.77,953.93,-1,-1,-1,-1
551,27,463.22,203.19,284.70,790.28,-1,-1,-1,-1
552,24,1175.60,120.59,333.94,947.26,-1,-1,-1,-1
552,27,451.97,197.97,302.32,800.07,-1,-1,-1,-1
552,28,980.19,208.55,267.21,612.04,-1,-1,-1,-1
553,24,1198.33,122.05,324.58,933.29,-1,-1,-1,-1
553,27,443.28,196.51,319.73,804.11,-1,-1,-1,-1
553,28,971.07,208.90,251.99,612.27,-1,-1,-1,-1
554,24,1214.60,129.06,327.32,911.43,-1,-1,-1,-1
554,27,443.39,189.32,322.88,821.85,-1,-1,-1,-1
554,28,964.36,205.21,219.84,617.05,-1,-1,-1,-1
555,24,1227.43,133.44,331.20,884.23,-1,-1,-1,-1
555,27,442.77,187.47,326.70,832.70,-1,-1,-1,-1
555,28,943.16,208.23,199.82,612.58,-1,-1,-1,-1
556,24,1230.01,133.19,346.91,878.29,-1,-1,-1,-1
556,27,446.97,186.72,316.74,844.44,-1,-1,-1,-1
556,28,913.60,213.78,190.30,598.09,-1,-1,-1,-1
557,24,1237.29,128.66,348.30,880.34,-1,-1,-1,-1
557,27,455.53,186.26,308.28,853.67,-1,-1,-1,-1
557,28,872.82,218.40,213.63,595.41,-1,-1,-1,-1
558,24,1247.08,129.54,336.09,869.99,-1,-1,-1,-1
558,27,466.33,182.97,297.52,863.76,-1,-1,-1,-1
558,28,827.91,223.46,249.59,581.22,-1,-1,-1,-1
559,24,1254.31,136.26,320.76,851.94,-1,-1,-1,-1
559,27,476.93,178.97,290.17,870.04,-1,-1,-1,-1
559,28,784.88,216.87,292.86,604.10,-1,-1,-1,-1
560,24,1254.18,138.56,306.06,834.27,-1,-1,-1,-1
560,27,486.01,174.06,291.84,887.96,-1,-1,-1,-1
560,28,760.12,219.30,303.27,615.00,-1,-1,-1,-1
561,24,1253.05,144.50,292.81,816.43,-1,-1,-1,-1
561,27,495.38,174.01,288.87,896.50,-1,-1,-1,-1
561,28,746.35,220.96,315.30,621.03,-1,-1,-1,-1
562,24,1252.28,148.66,279.90,795.88,-1,-1,-1,-1
562,27,504.29,172.87,288.62,899.61,-1,-1,-1,-1
562,28,754.25,223.89,270.41,621.16,-1,-1,-1,-1
563,24,1247.97,145.64,273.69,794.09,-1,-1,-1,-1
563,27,512.19,168.95,290.24,908.37,-1,-1,-1,-1
563,28,759.45,212.39,222.19,640.06,-1,-1,-1,-1
564,24,1241.86,147.03,269.69,789.64,-1,-1,-1,-1
564,27,518.12,171.56,290.43,902.11,-1,-1,-1,-1
564,28,759.43,209.96,182.17,641.64,-1,-1,-1,-1
565,24,1236.84,151.26,269.93,780.56,-1,-1,-1,-1
565,27,521.68,169.18,297.30,899.16,-1,-1,-1,-1
565,28,755.02,209.35,161.17,643.63,-1,-1,-1,-1
566,24,1231.29,150.80,261.68,781.53,-1,-1,-1,-1
566,27,527.92,174.58,313.87,894.54,-1,-1,-1,-1
566,28,748.61,217.04,142.20,603.41,-1,-1,-1,-1
567,24,1225.85,157.60,258.80,775.05,-1,-1,-1,-1
567,27,539.24,181.95,316.46,890.51,-1,-1,-1,-1
567,28,732.65,223.19,138.88,589.35,-1,-1,-1,-1
568,24,1216.72,166.24,264.89,760.88,-1,-1,-1,-1
568,27,553.44,164.44,310.58,913.47,-1,-1,-1,-1
568,28,716.69,229.35,135.56,575.30,-1,-1,-1,-1
569,24,1208.98,172.04,263.19,747.25,-1,-1,-1,-1
569,27,566.90,156.41,308.68,908.22,-1,-1,-1,-1
569,28,700.74,235.50,132.25,561.25,-1,-1,-1,-1
570,24,1203.66,170.99,254.19,748.82,-1,-1,-1,-1
570,27,576.65,155.12,313.22,899.48,-1,-1,-1,-1
570,28,684.78,241.65,128.93,547.20,-1,-1,-1,-1
571,24,1199.36,176.22,245.86,736.02,-1,-1,-1,-1
571,27,585.68,156.04,328.35,895.61,-1,-1,-1,-1
572,24,1194.42,165.79,229.20,746.19,-1,-1,-1,-1
572,27,603.02,149.29,336.99,914.40,-1,-1,-1,-1
573,24,1197.21,176.67,204.67,717.59,-1,-1,-1,-1
573,27,619.45,139.51,341.02,927.52,-1,-1,-1,-1
574,24,1187.25,181.80,199.50,698.00,-1,-1,-1,-1
574,27,649.57,144.22,325.65,927.27,-1,-1,-1,-1
575,24,1171.85,180.41,199.64,684.19,-1,-1,-1,-1
575,27,675.18,166.69,317.59,900.12,-1,-1,-1,-1
576,24,1159.68,181.91,198.55,672.80,-1,-1,-1,-1
576,27,682.70,189.40,323.76,874.52,-1,-1,-1,-1
577,24,1132.96,181.90,222.71,670.40,-1,-1,-1,-1
577,27,702.93,193.39,313.17,869.95,-1,-1,-1,-1
578,24,1103.35,181.17,253.11,672.94,-1,-1,-1,-1
578,27,732.03,241.62,301.71,809.58,-1,-1,-1,-1
578,29,481.47,195.69,261.03,758.90,-1,-1,-1,-1
579,24,1092.15,188.53,261.35,659.55,-1,-1,-1,-1
579,27,781.47,196.19,271.79,860.71,-1,-1,-1,-1
579,29,464.34,195.90,271.39,776.72,-1,-1,-1,-1
580,24,1088.74,189.05,260.66,659.79,-1,-1,-1,-1
580,27,828.30,171.04,256.07,890.05,-1,-1,-1,-1
580,29,453.84,200.10,276.99,798.37,-1,-1,-1,-1
581,24,1083.42,187.41,256.63,662.99,-1,-1,-1,-1
581,27,859.70,160.29,258.83,904.98,-1,-1,-1,-1
581,29,448.09,201.57,279.28,814.27,-1,-1,-1,-1
582,24,1075.99,185.16,236.40,662.77,-1,-1,-1,-1
582,27,885.90,153.45,286.23,915.23,-1,-1,-1,-1
582,29,444.12,203.21,276.00,822.71,-1,-1,-1,-1
583,24,1065.73,184.06,236.12,661.98,-1,-1,-1,-1
583,27,914.92,125.05,307.03,947.51,-1,-1,-1,-1
583,29,441.42,200.02,273.19,831.74,-1,-1,-1,-1
584,24,1055.48,182.96,235.85,661.19,-1,-1,-1,-1
584,27,950.15,118.79,293.60,953.56,-1,-1,-1,-1
584,29,433.31,197.64,281.05,838.26,-1,-1,-1,-1
585,24,1045.22,181.86,235.57,660.39,-1,-1,-1,-1
585,27,970.77,125.00,303.61,937.23,-1,-1,-1,-1
585,29,425.70,191.95,288.76,846.55,-1,-1,-1,-1
586,24,1034.97,180.76,235.29,659.60,-1,-1,-1,-1
586,27,984.66,111.31,314.88,957.13,-1,-1,-1,-1
586,29,420.32,186.18,295.27,855.57,-1,-1,-1,-1
587,27,990.90,104.51,325.21,966.90,-1,-1,-1,-1
587,29,417.62,184.65,299.60,854.11,-1,-1,-1,-1
588,27,989.83,108.13,350.36,958.28,-1,-1,-1,-1
588,29,414.39,183.16,308.69,866.22,-1,-1,-1,-1
589,27,1031.11,115.51,339.16,942.06,-1,-1,-1,-1
589,29,414.72,174.15,315.45,876.76,-1,-1,-1,-1
590,27,1087.09,110.42,308.89,952.18,-1,-1,-1,-1
590,29,412.90,171.86,332.29,875.81,-1,-1,-1,-1
591,27,1116.69,114.58,317.61,945.57,-1,-1,-1,-1
591,29,414.09,168.78,343.21,876.30,-1,-1,-1,-1
592,27,1140.24,122.41,345.56,940.22,-1,-1,-1,-1
592,29,417.87,165.34,351.38,886.00,-1,-1,-1,-1
592,31,908.53,204.08,216.38,637.07,-1,-1,-1,-1
593,27,1164.65,115.78,365.25,953.67,-1,-1,-1,-1
593,29,421.66,161.63,356.69,898.70,-1,-1,-1,-1
593,31,901.52,197.08,193.19,649.12,-1,-1,-1,-1
594,27,1176.49,129.63,405.64,936.85,-1,-1,-1,-1
594,29,427.16,152.57,346.64,915.15,-1,-1,-1,-1
594,31,882.82,197.88,188.51,647.58,-1,-1,-1,-1
595,27,1199.50,129.58,412.83,937.93,-1,-1,-1,-1
595,29,439.91,154.23,342.29,909.18,-1,-1,-1,-1
595,31,857.50,193.86,200.45,657.39,-1,-1,-1,-1
596,27,1219.02,130.46,402.97,942.13,-1,-1,-1,-1
596,29,459.10,141.49,330.43,926.55,-1,-1,-1,-1
596,31,828.45,186.53,216.99,674.82,-1,-1,-1,-1
597,27,1239.92,134.57,381.69,939.44,-1,-1,-1,-1
597,29,488.47,138.38,315.60,928.47,-1,-1,-1,-1
597,31,798.94,190.99,240.36,674.03,-1,-1,-1,-1
598,27,1253.03,128.92,369.49,944.08,-1,-1,-1,-1
598,29,508.89,131.24,316.20,939.72,-1,-1,-1,-1
598,31,782.51,194.97,249.99,667.97,-1,-1,-1,-1
599,27,1268.29,128.97,356.61,948.43,-1,-1,-1,-1
599,29,531.29,129.54,329.65,934.34,-1,-1,-1,-1
599,31,773.76,191.69,247.14,675.71,-1,-1,-1,-1
600,27,1279.50,127.15,344.20,947.20,-1,-1,-1,-1
600,29,565.10,127.12,312.42,945.97,-1,-1,-1,-1
600,31,776.72,191.36,219.65,683.77,-1,-1,-1,-1
601,27,1291.88,133.80,331.24,939.53,-1,-1,-1,-1
601,29,577.44,127.10,347.49,948.17,-1,-1,-1,-1
601,31,771.14,176.93,198.09,718.11,-1,-1,-1,-1
602,27,1301.85,139.52,321.14,927.77,-1,-1,-1,-1
602,29,600.95,123.59,347.73,955.41,-1,-1,-1,-1
602,31,754.37,170.15,202.92,735.63,-1,-1,-1,-1
603,27,1308.45,144.03,313.72,918.63,-1,-1,-1,-1
603,29,617.70,127.62,343.86,947.14,-1,-1,-1,-1
603,31,737.60,163.37,207.74,753.15,-1,-1,-1,-1
604,27,1312.88,150.13,310.50,899.85,-1,-1,-1,-1
604,29,634.37,127.73,334.54,943.17,-1,-1,-1,-1
604,31,720.84,156.58,212.57,770.67,-1,-1,-1,-1
605,27,1321.59,151.98,305.72,902.91,-1,-1,-1,-1
605,29,648.60,109.03,330.65,968.98,-1,-1,-1,-1
605,31,704.07,149.80,217.40,788.19,-1,-1,-1,-1
606,27,1331.25,160.18,302.32,879.32,-1,-1,-1,-1
606,29,664.01,121.43,335.26,931.02,-1,-1,-1,-1
607,27,1337.37,157.78,300.97,874.89,-1,-1,-1,-1
607,29,733.69,112.52,291.87,934.80,-1,-1,-1,-1
607,31,643.45,165.22,277.57,784.58,-1,-1,-1,-1
608,27,1340.87,154.00,299.51,870.21,-1,-1,-1,-1
608,29,779.40,99.10,301.05,953.03,-1,-1,-1,-1
608,31,625.02,170.95,269.13,768.76,-1,-1,-1,-1
609,27,1340.51,154.17,299.00,861.86,-1,-1,-1,-1
609,29,817.83,91.34,302.96,964.88,-1,-1,-1,-1
609,31,623.44,177.15,259.05,759.17,-1,-1,-1,-1
610,27,1341.35,152.98,291.07,850.43,-1,-1,-1,-1
610,29,852.59,98.72,312.14,961.63,-1,-1,-1,-1
610,31,608.38,182.63,255.40,747.43,-1,-1,-1,-1
611,27,1338.33,158.70,284.53,829.24,-1,-1,-1,-1
611,29,876.74,103.43,337.48,959.80,-1,-1,-1,-1
611,31,594.31,178.80,251.84,754.26,-1,-1,-1,-1
612,27,1336.24,160.45,274.16,823.24,-1,-1,-1,-1
612,29,905.21,109.90,356.27,951.79,-1,-1,-1,-1
612,31,572.64,179.34,257.73,754.85,-1,-1,-1,-1
613,27,1331.43,165.48,270.49,804.46,-1,-1,-1,-1
613,29,913.37,110.76,379.16,950.70,-1,-1,-1,-1
613,31,556.09,177.59,264.75,760.24,-1,-1,-1,-1
614,27,1328.57,170.79,260.81,787.95,-1,-1,-1,-1
614,29,929.66,103.49,387.85,968.10,-1,-1,-1,-1
614,31,535.25,170.07,279.40,773.62,-1,-1,-1,-1
615,27,1319.63,172.79,257.54,781.32,-1,-1,-1,-1
615,29,951.11,117.59,390.95,945.27,-1,-1,-1,-1
615,31,502.79,162.27,313.51,813.57,-1,-1,-1,-1
616,27,1309.74,174.82,255.39,768.88,-1,-1,-1,-1
616,29,981.99,123.19,375.42,936.31,-1,-1,-1,-1
616,31,480.90,157.25,332.91,844.24,-1,-1,-1,-1
617,27,1306.63,181.09,240.95,748.29,-1,-1,-1,-1
617,29,1033.78,125.37,349.58,937.72,-1,-1,-1,-1
617,31,482.04,160.12,329.18,856.16,-1,-1,-1,-1
618,27,1304.50,185.74,235.92,732.67,-1,-1,-1,-1
618,29,1094.15,111.46,363.44,955.63,-1,-1,-1,-1
618,31,482.49,162.37,330.09,863.25,-1,-1,-1,-1
619,27,1302.37,190.39,230.89,717.06,-1,-1,-1,-1
619,29,1136.80,115.09,388.86,946.19,-1,-1,-1,-1
619,31,491.23,153.57,318.84,881.45,-1,-1,-1,-1
620,27,1300.24,195.04,225.86,701.44,-1,-1,-1,-1
620,29,1168.07,110.02,402.77,948.25,-1,-1,-1,-1
620,31,496.55,156.15,315.01,870.24,-1,-1,-1,-1
621,27,1298.10,199.69,220.84,685.83,-1,-1,-1,-1
621,29,1193.46,107.08,429.25,959.56,-1,-1,-1,-1
621,31,503.75,144.69,310.72,887.91,-1,-1,-1,-1
622,29,1216.16,113.09,456.48,956.81,-1,-1,-1,-1
622,31,510.64,140.44,306.11,886.11,-1,-1,-1,-1
623,29,1226.38,139.94,479.04,928.99,-1,-1,-1,-1
623,31,518.90,143.36,304.43,885.40,-1,-1,-1,-1
624,29,1232.21,146.90,481.31,924.08,-1,-1,-1,-1
624,31,525.99,131.45,301.24,905.82,-1,-1,-1,-1
625,29,1249.94,145.40,451.67,929.74,-1,-1,-1,-1
625,31,534.80,128.98,301.19,914.37,-1,-1,-1,-1
626,29,1278.83,136.08,411.99,940.34,-1,-1,-1,-1
626,31,542.68,126.65,299.96,929.59,-1,-1,-1,-1
627,29,1308.78,135.95,379.01,928.81,-1,-1,-1,-1
627,31,547.60,132.09,309.15,928.41,-1,-1,-1,-1
628,29,1340.38,137.58,357.77,909.40,-1,-1,-1,-1
628,31,564.19,129.18,298.43,926.86,-1,-1,-1,-1
629,29,1358.84,122.48,351.92,935.15,-1,-1,-1,-1
629,31,581.04,126.89,292.37,928.83,-1,-1,-1,-1
630,29,1370.93,120.69,358.18,942.55,-1,-1,-1,-1
630,31,607.85,119.64,284.84,939.13,-1,-1,-1,-1
631,29,1381.95,130.10,357.18,917.31,-1,-1,-1,-1
631,31,627.54,109.81,297.93,961.53,-1,-1,-1,-1
632,29,1387.07,130.77,354.52,915.36,-1,-1,-1,-1
632,31,653.64,107.69,297.24,965.38,-1,-1,-1,-1
632,34,1030.80,223.48,274.00,612.85,-1,-1,-1,-1
633,29,1392.59,131.98,355.96,912.71,-1,-1,-1,-1
633,31,668.68,100.96,319.45,971.55,-1,-1,-1,-1
633,34,1020.63,222.44,286.10,617.12,-1,-1,-1,-1
634,29,1400.24,142.87,345.85,894.01,-1,-1,-1,-1
634,31,682.46,106.96,347.94,967.74,-1,-1,-1,-1
634,34,1018.59,220.35,259.13,621.76,-1,-1,-1,-1
635,29,1403.51,148.15,339.52,879.64,-1,-1,-1,-1
635,31,703.75,113.52,348.13,963.80,-1,-1,-1,-1
635,34,1015.93,218.29,233.52,622.35,-1,-1,-1,-1
636,29,1408.65,151.40,326.02,863.91,-1,-1,-1,-1
636,31,717.25,113.69,345.82,962.96,-1,-1,-1,-1
636,34,1011.71,215.09,198.31,626.08,-1,-1,-1,-1
637,29,1411.68,150.91,307.33,853.26,-1,-1,-1,-1
637,31,736.01,114.30,347.44,964.65,-1,-1,-1,-1
637,34,1005.17,213.50,180.04,628.73,-1,-1,-1,-1
638,29,1412.99,152.49,295.11,835.75,-1,-1,-1,-1
638,31,759.12,113.89,347.52,961.14,-1,-1,-1,-1
638,34,992.36,209.28,159.59,643.66,-1,-1,-1,-1
639,29,1414.66,154.03,279.82,819.66,-1,-1,-1,-1
639,31,800.76,112.27,320.81,958.28,-1,-1,-1,-1
639,34,990.17,243.00,149.23,593.53,-1,-1,-1,-1
640,29,1412.13,154.64,267.97,806.66,-1,-1,-1,-1
640,31,847.30,117.72,300.58,943.74,-1,-1,-1,-1
640,34,977.58,252.91,145.05,576.94,-1,-1,-1,-1
641,29,1405.74,158.73,261.05,789.62,-1,-1,-1,-1
641,31,868.37,106.71,326.00,964.69,-1,-1,-1,-1
641,34,965.00,262.82,140.88,560.34,-1,-1,-1,-1
642,29,1388.35,165.71,268.73,773.56,-1,-1,-1,-1
642,31,877.55,114.68,348.66,960.67,-1,-1,-1,-1
642,34,952.41,272.73,136.70,543.75,-1,-1,-1,-1
643,29,1368.83,168.22,278.53,771.66,-1,-1,-1,-1
643,31,877.66,119.11,370.89,952.83,-1,-1,-1,-1
643,34,939.82,282.65,132.53,527.16,-1,-1,-1,-1
644,29,1361.32,173.62,272.39,759.99,-1,-1,-1,-1
644,31,885.68,104.62,380.20,974.26,-1,-1,-1,-1
645,29,1352.93,177.20,268.91,746.13,-1,-1,-1,-1
645,31,920.83,116.79,357.55,956.17,-1,-1,-1,-1
646,29,1342.89,180.63,263.76,732.24,-1,-1,-1,-1
646,31,958.83,109.27,324.89,952.18,-1,-1,-1,-1
647,29,1329.83,177.05,259.74,724.20,-1,-1,-1,-1
647,31,987.51,106.56,310.38,955.96,-1,-1,-1,-1
648,29,1313.78,182.69,255.08,698.09,-1,-1,-1,-1
648,31,1021.86,102.54,298.95,951.34,-1,-1,-1,-1
648,35,769.05,214.41,208.29,643.38,-1,-1,-1,-1
649,29,1303.19,184.29,248.35,689.35,-1,-1,-1,-1
649,31,1052.86,110.02,286.00,938.53,-1,-1,-1,-1
649,35,742.42,212.55,228.08,657.56,-1,-1,-1,-1
650,29,1294.18,175.46,221.79,686.21,-1,-1,-1,-1
650,31,1082.60,119.80,299.88,920.39,-1,-1,-1,-1
650,35,712.38,216.15,250.58,657.33,-1,-1,-1,-1
651,29,1283.24,175.16,218.84,677.07,-1,-1,-1,-1
651,31,1102.91,115.67,335.62,905.85,-1,-1,-1,-1
651,35,690.96,217.86,263.35,659.79,-1,-1,-1,-1
652,29,1272.29,174.85,215.89,667.93,-1,-1,-1,-1
652,31,1118.87,107.88,363.87,917.85,-1,-1,-1,-1
652,35,684.55,213.53,256.55,672.74,-1,-1,-1,-1
653,29,1261.35,174.55,212.94,658.80,-1,-1,-1,-1
653,31,1144.05,124.85,362.63,842.25,-1,-1,-1,-1
653,35,681.34,217.25,228.81,669.12,-1,-1,-1,-1
654,29,1250.40,174.24,209.99,649.66,-1,-1,-1,-1
654,31,1159.35,108.20,377.44,912.37,-1,-1,-1,-1
654,35,678.88,219.20,202.21,665.53,-1,-1,-1,-1