29,1,2.52,436.07,153.93,386.66,1,-1,-1,-1
30,1,-0.83,426.99,159.69,393.98,1,-1,-1,-1
31,1,2.50,411.24,190.80,413.97,1,-1,-1,-1
32,1,7.52,395.53,198.92,424.95,1,-1,-1,-1
33,1,12.73,345.22,202.55,484.66,1,-1,-1,-1
34,1,17.88,316.56,218.62,518.79,1,-1,-1,-1
35,1,22.65,298.19,219.76,536.41,1,-1,-1,-1
36,1,21.24,276.10,229.70,563.03,1,-1,-1,-1
37,1,22.40,269.80,231.10,574.75,1,-1,-1,-1
38,1,32.16,267.56,231.38,577.72,1,-1,-1,-1
39,1,24.03,265.91,221.35,583.08,1,-1,-1,-1
40,1,17.25,266.02,217.74,581.26,1,-1,-1,-1
41,1,19.65,270.13,244.65,575.84,1,-1,-1,-1
42,1,87.00,259.00,287.00,573.00,1,-1,-1,-1
43,1,98.96,266.00,274.13,567.30,1,-1,-1,-1
44,1,119.40,261.45,264.38,564.15,1,-1,-1,-1
45,1,139.51,255.26,247.43,569.75,1,-1,-1,-1
46,1,154.55,254.70,244.50,568.54,1,-1,-1,-1
47,1,165.80,246.41,243.70,564.12,1,-1,-1,-1
48,1,185.68,236.71,244.40,579.44,1,-1,-1,-1
49,1,192.62,236.61,259.06,578.43,1,-1,-1,-1
50,1,213.06,238.91,277.73,579.67,1,-1,-1,-1
51,1,235.68,244.83,287.88,585.39,1,-1,-1,-1
52,1,254.05,255.17,285.79,578.23,1,-1,-1,-1
53,1,265.24,258.52,278.12,571.90,1,-1,-1,-1
54,1,282.45,257.64,269.33,570.29,1,-1,-1,-1
55,1,298.73,251.56,264.01,573.34,1,-1,-1,-1
56,1,308.02,246.94,272.23,579.70,1,-1,-1,-1
57,1,314.85,243.55,274.24,588.21,1,-1,-1,-1
58,1,318.59,245.28,281.85,590.60,1,-1,-1,-1
59,1,321.33,244.50,284.71,605.68,1,-1,-1,-1
60,1,321.23,240.92,293.31,609.51,1,-1,-1,-1
61,1,322.64,241.19,292.79,612.32,1,-1,-1,-1
62,1,324.08,241.67,292.96,619.37,1,-1,-1,-1
63,1,323.24,238.21,295.12,627.81,1,-1,-1,-1
64,1,320.62,235.85,298.67,636.16,1,-1,-1,-1
65,1,320.40,232.42,296.48,643.78,1,-1,-1,-1
66,1,316.42,229.93,303.48,649.26,1,-1,-1,-1
67,1,320.01,225.17,304.54,655.35,1,-1,-1,-1
68,1,324.05,225.04,309.03,660.67,1,-1,-1,-1
69,1,335.13,227.10,319.47,667.28,1,-1,-1,-1
70,1,344.24,225.62,320.74,671.32,1,-1,-1,-1
71,1,356.56,229.14,313.23,680.63,1,-1,-1,-1
72,1,368.77,226.72,316.63,683.98,1,-1,-1,-1
73,1,381.35,224.48,313.58,689.28,1,-1,-1,-1
74,1,388.37,222.68,315.50,697.48,1,-1,-1,-1
75,1,398.08,219.08,323.66,703.92,1,-1,-1,-1
76,1,405.46,214.46,333.66,718.80,1,-1,-1,-1
77,1,411.92,211.19,339.73,740.63,1,-1,-1,-1
78,1,413.75,208.59,348.68,758.27,1,-1,-1,-1
79,1,412.48,206.90,356.41,774.00,1,-1,-1,-1
80,1,414.20,209.08,363.49,786.84,1,-1,-1,-1
81,1,414.75,202.85,369.56,804.05,1,-1,-1,-1
82,1,416.15,197.42,370.50,814.37,1,-1,-1,-1
83,1,421.27,193.21,365.72,818.16,1,-1,-1,-1
84,1,427.78,190.13,359.41,824.50,1,-1,-1,-1
85,1,437.85,185.21,351.89,833.19,1,-1,-1,-1
86,1,443.47,183.81,355.09,838.99,1,-1,-1,-1
87,1,460.47,187.97,369.86,847.13,1,-1,-1,-1
88,1,478.11,182.93,377.73,855.26,1,-1,-1,-1
89,1,498.00,182.81,370.63,858.88,1,-1,-1,-1
90,1,512.77,182.32,370.66,862.61,1,-1,-1,-1
91,1,526.80,174.35,358.16,869.62,1,-1,-1,-1
92,1,541.50,173.59,359.80,875.29,1,-1,-1,-1
93,1,579.19,173.20,344.95,878.59,1,-1,-1,-1
94,1,608.92,174.05,348.53,863.50,1,-1,-1,-1
95,1,634.62,173.13,353.52,867.38,1,-1,-1,-1
96,1,655.48,174.61,386.69,878.73,1,-1,-1,-1
97,1,665.92,175.60,381.35,875.41,1,-1,-1,-1
98,1,681.87,187.97,378.31,861.97,1,-1,-1,-1
99,1,697.72,184.11,370.77,863.94,1,-1,-1,-1
100,1,734.36,170.52,342.38,847.12,1,-1,-1,-1
101,1,746.62,176.90,346.65,844.08,1,-1,-1,-1
102,2,0.77,370.63,86.58,440.09,1,-1,-1,-1
102,1,771.42,171.03,353.49,864.72,1,-1,-1,-1
103,2,-0.12,331.56,86.89,485.18,1,-1,-1,-1
103,1,787.01,165.30,364.66,885.97,1,-1,-1,-1
104,2,2.41,299.93,100.44,528.42,1,-1,-1,-1
104,1,797.24,174.92,374.27,862.28,1,-1,-1,-1
105,2,3.63,282.04,100.93,554.91,1,-1,-1,-1
105,1,798.24,165.53,376.10,883.89,1,-1,-1,-1
106,2,9.37,271.75,112.76,575.82,1,-1,-1,-1
106,1,799.46,178.66,378.43,871.45,1,-1,-1,-1
107,2,18.10,260.77,137.11,583.75,1,-1,-1,-1
107,1,805.26,180.07,386.83,858.68,1,-1,-1,-1
108,2,24.34,245.75,179.18,577.95,1,-1,-1,-1
108,1,813.09,177.39,377.88,871.58,1,-1,-1,-1
109,2,22.58,244.61,182.91,569.89,1,-1,-1,-1
109,1,817.13,176.83,380.12,837.59,1,-1,-1,-1
110,2,25.08,236.19,183.91,577.79,1,-1,-1,-1
110,1,823.35,177.55,370.33,831.38,1,-1,-1,-1
111,2,39.79,225.65,179.63,590.66,1,-1,-1,-1
111,1,825.66,180.20,364.17,823.14,1,-1,-1,-1
112,2,54.43,226.54,176.93,578.63,1,-1,-1,-1
112,1,831.97,180.87,360.14,816.08,1,-1,-1,-1
113,3,52.07,229.87,212.06,581.64,1,-1,-1,-1
113,1,837.62,186.13,351.71,805.60,1,-1,-1,-1
114,3,69.90,228.05,213.82,582.42,1,-1,-1,-1
114,1,842.07,193.38,345.95,787.81,1,-1,-1,-1
115,3,83.54,223.69,217.87,585.33,1,-1,-1,-1
115,1,843.95,197.83,338.71,778.16,1,-1,-1,-1
116,3,104.22,222.66,233.52,584.07,1,-1,-1,-1
116,1,843.53,206.14,336.30,765.22,1,-1,-1,-1
117,3,125.34,225.03,252.91,579.74,1,-1,-1,-1
117,1,846.22,205.73,325.99,753.51,1,-1,-1,-1
118,3,150.37,233.29,243.29,577.93,1,-1,-1,-1
118,1,845.19,203.41,321.84,736.36,1,-1,-1,-1
119,3,165.88,231.25,241.00,581.19,1,-1,-1,-1
119,1,842.94,199.65,314.42,720.00,1,-1,-1,-1
120,3,197.19,242.23,229.51,571.38,1,-1,-1,-1
120,1,840.00,199.53,307.00,713.19,1,-1,-1,-1
121,3,213.85,234.80,221.73,576.91,1,-1,-1,-1
121,1,836.76,198.56,306.83,709.01,1,-1,-1,-1
122,3,242.91,232.63,209.53,573.15,1,-1,-1,-1
122,1,832.76,201.97,300.78,696.18,1,-1,-1,-1
123,3,264.99,231.04,203.10,570.59,1,-1,-1,-1
123,1,824.91,195.46,294.87,695.58,1,-1,-1,-1
124,3,278.31,228.47,217.58,566.89,1,-1,-1,-1
124,1,817.26,199.87,294.38,689.21,1,-1,-1,-1
125,3,290.59,230.10,226.39,569.01,1,-1,-1,-1
125,1,817.31,209.87,291.20,676.34,1,-1,-1,-1
126,3,307.02,237.26,240.66,559.92,1,-1,-1,-1
126,1,810.12,216.02,287.76,662.67,1,-1,-1,-1
127,3,331.94,238.63,240.03,560.50,1,-1,-1,-1
127,1,802.55,224.71,289.76,641.31,1,-1,-1,-1
128,3,357.66,240.53,229.66,558.98,1,-1,-1,-1
128,1,800.14,226.11,280.02,627.72,1,-1,-1,-1
129,3,370.04,237.86,224.49,558.79,1,-1,-1,-1
129,1,799.53,223.10,276.02,631.93,1,-1,-1,-1
130,3,398.33,235.32,206.75,558.24,1,-1,-1,-1
130,1,798.72,223.10,274.81,622.97,1,-1,-1,-1
131,3,417.74,228.23,195.86,563.43,1,-1,-1,-1
131,1,800.60,225.31,271.68,616.55,1,-1,-1,-1
132,3,437.88,223.25,194.59,570.63,1,-1,-1,-1
132,1,804.64,222.78,266.30,616.01,1,-1,-1,-1
133,3,441.22,222.12,199.70,576.72,1,-1,-1,-1
133,1,804.75,225.09,265.12,610.33,1,-1,-1,-1
134,3,467.25,213.37,211.87,580.30,1,-1,-1,-1
134,1,810.14,227.97,260.21,609.18,1,-1,-1,-1
135,3,499.00,225.00,255.00,567.00,1,-1,-1,-1
135,1,818.02,236.33,254.74,598.03,1,-1,-1,-1
136,3,505.24,221.67,256.45,573.88,1,-1,-1,-1
136,1,827.44,237.34,246.91,590.66,1,-1,-1,-1
137,3,514.44,227.97,254.85,573.37,1,-1,-1,-1
137,1,830.71,237.88,246.15,581.06,1,-1,-1,-1
138,3,530.04,228.05,252.71,572.38,1,-1,-1,-1
138,1,835.91,235.67,244.31,573.85,1,-1,-1,-1
139,3,551.05,228.54,236.46,566.06,1,-1,-1,-1
139,1,843.78,230.85,239.47,575.96,1,-1,-1,-1
140,3,579.26,216.32,221.31,567.49,1,-1,-1,-1
140,1,849.94,234.42,238.51,569.32,1,-1,-1,-1
141,3,593.84,204.68,217.21,573.54,1,-1,-1,-1
141,1,856.19,239.08,237.38,560.92,1,-1,-1,-1
142,3,614.08,204.15,211.38,576.75,1,-1,-1,-1
142,1,866.65,239.78,231.03,555.43,1,-1,-1,-1
143,3,627.41,212.79,226.12,573.18,1,-1,-1,-1
143,1,882.82,231.54,232.80,563.08,1,-1,-1,-1
144,3,639.99,219.28,239.58,565.23,1,-1,-1,-1
144,1,885.38,238.71,242.31,552.74,1,-1,-1,-1
145,3,656.36,216.52,238.84,569.02,1,-1,-1,-1
145,1,898.40,239.62,234.78,546.84,1,-1,-1,-1
146,3,670.39,216.65,231.99,570.30,1,-1,-1,-1
146,1,902.45,245.67,230.01,539.03,1,-1,-1,-1
147,3,688.79,222.11,231.48,565.82,1,-1,-1,-1
147,1,922.23,243.83,211.13,533.13,1,-1,-1,-1
148,3,710.66,221.74,221.20,563.38,1,-1,-1,-1
148,1,934.35,238.18,209.63,527.96,1,-1,-1,-1
149,3,737.66,210.88,198.08,571.97,1,-1,-1,-1
149,1,947.90,233.59,205.72,542.48,1,-1,-1,-1
150,3,755.13,205.65,194.05,580.36,1,-1,-1,-1
150,1,960.03,231.33,224.14,541.47,1,-1,-1,-1
151,3,767.81,206.36,213.39,580.79,1,-1,-1,-1
151,1,970.99,234.51,231.49,542.52,1,-1,-1,-1
152,3,777.62,207.04,225.78,579.27,1,-1,-1,-1
152,1,976.43,235.78,242.92,544.06,1,-1,-1,-1
153,3,797.97,212.54,230.84,573.92,1,-1,-1,-1
153,1,987.00,240.00,223.00,558.00,1,-1,-1,-1
154,3,803.09,210.49,247.99,574.83,1,-1,-1,-1
154,1,998.17,237.42,224.01,555.81,1,-1,-1,-1
155,3,804.20,218.05,254.93,567.31,1,-1,-1,-1
155,1,999.54,236.99,223.39,562.90,1,-1,-1,-1
156,3,827.89,222.04,233.25,555.37,1,-1,-1,-1
156,1,1005.12,234.82,227.66,574.35,1,-1,-1,-1
157,3,857.75,210.04,211.28,555.09,1,-1,-1,-1
157,1,1008.02,227.84,230.01,588.23,1,-1,-1,-1
158,3,922.71,211.18,195.31,545.80,1,-1,-1,-1
158,1,1013.80,231.47,225.24,587.23,1,-1,-1,-1
159,3,934.00,213.00,138.00,539.00,1,-1,-1,-1
159,1,1015.96,231.91,230.55,587.77,1,-1,-1,-1
160,3,941.68,214.73,146.47,535.37,1,-1,-1,-1
160,1,1003.25,230.08,253.53,605.60,1,-1,-1,-1
161,3,950.95,212.57,136.21,524.97,1,-1,-1,-1
161,1,1014.84,235.07,248.51,607.85,1,-1,-1,-1
162,3,960.11,216.52,159.44,533.07,1,-1,-1,-1
162,1,1019.93,226.87,243.87,626.54,1,-1,-1,-1
163,3,985.60,219.89,143.99,534.54,1,-1,-1,-1
163,1,1024.84,228.02,253.08,636.38,1,-1,-1,-1
164,4,1036.59,217.12,119.76,194.70,1,-1,-1,-1
164,3,991.13,222.61,152.51,522.47,1,-1,-1,-1
164,1,1045.62,231.36,248.45,634.53,1,-1,-1,-1
165,4,1054.01,213.56,119.00,194.00,1,-1,-1,-1
165,3,1019.48,211.62,133.77,522.47,1,-1,-1,-1
165,1,1052.32,232.06,266.79,642.43,1,-1,-1,-1
166,4,1064.24,212.10,119.00,194.00,1,-1,-1,-1
166,3,1035.80,201.06,133.77,522.47,1,-1,-1,-1
166,1,1060.62,223.94,272.18,652.34,1,-1,-1,-1
167,3,1050.20,202.02,133.77,522.47,1,-1,-1,-1
167,1,1072.97,215.11,280.19,669.84,1,-1,-1,-1
168,3,1064.60,202.98,133.77,522.47,1,-1,-1,-1
168,1,1082.66,210.71,285.48,690.09,1,-1,-1,-1
169,3,1073.24,202.02,133.77,522.47,1,-1,-1,-1
169,1,1080.90,202.10,295.31,713.64,1,-1,-1,-1
170,1,1081.37,200.70,297.62,728.20,1,-1,-1,-1
171,1,1083.31,207.22,304.73,689.81,1,-1,-1,-1
172,1,1090.11,215.21,298.27,704.89,1,-1,-1,-1
173,1,1091.02,203.76,301.24,745.90,1,-1,-1,-1
174,1,1089.73,201.35,295.41,770.40,1,-1,-1,-1
175,1,1086.61,191.57,304.33,791.41,1,-1,-1,-1
176,1,1085.81,184.61,313.45,799.27,1,-1,-1,-1
177,1,1084.92,182.73,323.51,804.71,1,-1,-1,-1
178,5,1298.75,219.93,133.39,531.02,1,-1,-1,-1
178,1,1087.58,181.73,337.52,827.27,1,-1,-1,-1
179,5,1305.44,205.94,154.61,539.93,1,-1,-1,-1
179,1,1088.43,181.75,340.53,840.62,1,-1,-1,-1
180,5,1318.83,207.28,160.25,538.59,1,-1,-1,-1
180,1,1091.74,177.17,340.09,858.21,1,-1,-1,-1
181,5,1331.39,210.47,170.98,528.84,1,-1,-1,-1
181,1,1087.08,189.42,337.11,853.87,1,-1,-1,-1
182,5,1342.05,227.29,166.98,519.71,1,-1,-1,-1
182,1,1085.85,192.74,334.80,845.15,1,-1,-1,-1
183,5,1354.75,209.99,166.22,533.50,1,-1,-1,-1
183,1,1093.78,184.13,319.32,855.21,1,-1,-1,-1
184,5,1369.18,206.45,161.32,552.63,1,-1,-1,-1
184,1,1096.16,191.72,309.09,838.95,1,-1,-1,-1
185,5,1378.28,195.83,157.80,564.03,1,-1,-1,-1
185,1,1090.03,185.61,310.89,857.59,1,-1,-1,-1
186,5,1391.46,191.57,164.62,556.68,1,-1,-1,-1
186,1,1079.83,180.96,301.56,871.00,1,-1,-1,-1
187,5,1401.43,190.59,168.38,562.30,1,-1,-1,-1
187,1,1064.10,176.70,304.86,861.23,1,-1,-1,-1
188,5,1414.29,188.63,183.91,573.83,1,-1,-1,-1
188,1,1053.00,163.00,285.00,879.00,1,-1,-1,-1
189,5,1430.78,188.61,197.06,587.46,1,-1,-1,-1
189,1,1051.13,163.70,277.02,884.64,1,-1,-1,-1
190,5,1442.65,193.03,198.01,582.73,1,-1,-1,-1
190,1,1044.90,168.00,278.26,874.16,1,-1,-1,-1
191,5,1450.99,186.97,187.91,598.93,1,-1,-1,-1
191,1,1030.51,168.68,284.44,870.02,1,-1,-1,-1
192,5,1464.01,183.93,189.91,606.28,1,-1,-1,-1
192,1,1014.87,173.95,277.97,873.64,1,-1,-1,-1
193,5,1477.26,186.93,196.52,605.12,1,-1,-1,-1
193,1,993.31,176.70,272.68,862.38,1,-1,-1,-1
194,5,1489.09,185.02,197.66,607.20,1,-1,-1,-1
194,1,989.06,176.83,267.89,854.91,1,-1,-1,-1
195,5,1498.34,179.91,201.59,615.44,1,-1,-1,-1
195,1,981.12,176.58,269.61,844.24,1,-1,-1,-1
196,5,1508.50,173.37,200.63,627.93,1,-1,-1,-1
196,1,967.79,181.79,272.38,833.20,1,-1,-1,-1
197,5,1519.13,173.59,198.49,635.06,1,-1,-1,-1
197,1,958.13,189.67,269.57,814.46,1,-1,-1,-1
198,5,1522.68,178.41,202.45,633.26,1,-1,-1,-1
198,1,950.04,194.22,270.49,797.19,1,-1,-1,-1
199,5,1525.86,178.39,197.46,639.68,1,-1,-1,-1
199,1,946.87,200.70,268.89,788.16,1,-1,-1,-1
200,5,1517.58,170.79,193.37,659.62,1,-1,-1,-1
200,1,941.51,200.46,261.84,780.17,1,-1,-1,-1
201,5,1520.16,166.37,196.86,672.50,1,-1,-1,-1
201,1,933.77,203.39,261.46,763.79,1,-1,-1,-1
202,5,1521.43,163.36,198.05,677.53,1,-1,-1,-1
202,1,926.59,201.35,260.57,752.23,1,-1,-1,-1
203,5,1520.78,162.61,194.72,677.47,1,-1,-1,-1
203,1,921.29,202.93,256.88,737.81,1,-1,-1,-1
204,5,1512.04,163.16,197.73,681.09,1,-1,-1,-1
204,1,918.93,206.35,254.18,708.00,1,-1,-1,-1
205,5,1501.09,161.66,210.60,682.38,1,-1,-1,-1
205,1,917.32,202.91,246.27,710.69,1,-1,-1,-1
206,5,1491.58,158.61,222.29,695.34,1,-1,-1,-1
206,2,0.00,368.00,137.00,438.00,1,-1,-1,-1
206,1,918.04,209.54,242.73,690.44,1,-1,-1,-1
207,5,1481.18,160.75,223.24,708.69,1,-1,-1,-1
207,2,-2.99,365.81,148.89,438.52,1,-1,-1,-1
207,1,913.08,203.82,241.29,689.16,1,-1,-1,-1
208,5,1461.53,166.54,247.08,703.48,1,-1,-1,-1
208,2,1.85,334.87,153.45,480.37,1,-1,-1,-1
208,1,913.58,209.22,238.95,679.66,1,-1,-1,-1
209,5,1453.39,171.75,237.84,704.56,1,-1,-1,-1
209,2,5.91,291.32,160.88,518.22,1,-1,-1,-1
209,1,915.24,210.60,234.99,670.85,1,-1,-1,-1
210,5,1448.75,172.38,234.59,704.17,1,-1,-1,-1
210,2,7.81,276.05,166.65,541.51,1,-1,-1,-1
210,1,918.37,212.02,230.07,667.79,1,-1,-1,-1
211,5,1458.66,168.16,204.63,715.62,1,-1,-1,-1
211,2,9.83,269.40,167.16,550.05,1,-1,-1,-1
211,1,920.75,216.81,228.50,657.60,1,-1,-1,-1
212,5,1436.47,158.43,195.49,722.49,1,-1,-1,-1
212,2,12.06,265.38,165.29,550.19,1,-1,-1,-1
212,1,928.01,215.87,222.95,657.04,1,-1,-1,-1
213,5,1409.18,142.80,186.36,737.28,1,-1,-1,-1
213,2,14.71,265.40,168.83,550.69,1,-1,-1,-1
213,1,930.31,217.36,222.28,632.24,1,-1,-1,-1
214,5,1385.19,147.79,185.41,729.85,1,-1,-1,-1
214,2,17.12,263.11,172.93,549.24,1,-1,-1,-1
214,1,937.90,222.91,218.83,612.37,1,-1,-1,-1
215,5,1366.03,144.62,195.07,739.09,1,-1,-1,-1
215,2,24.43,265.30,183.58,549.45,1,-1,-1,-1
215,1,934.54,223.05,217.80,601.49,1,-1,-1,-1
216,5,1322.19,144.77,226.06,746.34,1,-1,-1,-1
216,2,27.78,258.91,195.20,556.07,1,-1,-1,-1
216,1,936.26,227.63,215.36,588.07,1,-1,-1,-1
217,5,1308.65,157.59,234.61,735.99,1,-1,-1,-1
217,2,27.90,262.27,207.55,546.02,1,-1,-1,-1
217,1,938.05,229.20,212.69,587.09,1,-1,-1,-1
218,5,1288.16,166.42,242.39,724.85,1,-1,-1,-1
218,2,41.53,264.65,222.69,546.21,1,-1,-1,-1
218,1,936.82,228.29,212.07,588.74,1,-1,-1,-1
219,5,1285.91,174.28,238.07,718.15,1,-1,-1,-1
219,2,52.65,252.08,227.23,558.10,1,-1,-1,-1
219,1,941.23,234.13,207.28,582.86,1,-1,-1,-1
220,5,1279.13,167.16,231.93,714.41,1,-1,-1,-1
220,2,57.97,262.70,236.18,551.74,1,-1,-1,-1
220,1,943.44,233.05,204.32,585.17,1,-1,-1,-1
221,5,1231.00,168.00,264.00,712.00,1,-1,-1,-1
221,2,75.45,263.07,234.11,550.02,1,-1,-1,-1
221,1,944.99,238.12,199.84,572.03,1,-1,-1,-1
222,5,1213.95,168.40,243.09,715.86,1,-1,-1,-1
222,2,103.03,267.31,219.31,542.56,1,-1,-1,-1
222,1,953.72,232.65,188.73,577.64,1,-1,-1,-1
223,5,1193.09,165.51,229.46,718.87,1,-1,-1,-1
223,2,124.31,259.88,212.43,548.90,1,-1,-1,-1
223,1,961.74,230.56,182.67,579.93,1,-1,-1,-1
224,5,1169.96,151.89,229.79,741.13,1,-1,-1,-1
224,2,141.54,255.15,202.62,554.41,1,-1,-1,-1
224,1,962.69,229.05,185.39,568.98,1,-1,-1,-1
225,5,1151.52,149.88,237.49,751.83,1,-1,-1,-1
225,2,136.00,246.00,219.00,562.00,1,-1,-1,-1
225,1,962.97,231.40,186.36,565.98,1,-1,-1,-1
226,5,1098.66,162.87,290.66,740.51,1,-1,-1,-1
226,2,150.17,244.88,217.34,552.26,1,-1,-1,-1
226,1,962.80,232.94,184.28,556.42,1,-1,-1,-1
227,5,1055.59,167.20,308.94,739.61,1,-1,-1,-1
227,2,162.06,245.68,212.45,545.79,1,-1,-1,-1
227,1,965.05,233.23,184.15,547.78,1,-1,-1,-1
228,5,1037.46,167.04,304.56,745.37,1,-1,-1,-1
228,2,174.59,243.11,213.03,553.30,1,-1,-1,-1
228,1,973.56,238.25,177.45,535.31,1,-1,-1,-1
229,5,1006.45,166.42,311.57,748.96,1,-1,-1,-1
229,2,188.24,242.44,217.38,556.68,1,-1,-1,-1
230,5,1003.85,171.38,301.19,741.45,1,-1,-1,-1
230,2,193.67,240.95,221.26,560.35,1,-1,-1,-1
231,5,1006.46,170.02,258.74,738.18,1,-1,-1,-1
231,2,207.61,241.98,225.78,565.48,1,-1,-1,-1
232,5,1003.45,174.99,243.02,736.92,1,-1,-1,-1
232,2,214.54,241.18,228.73,564.78,1,-1,-1,-1
233,5,971.87,177.42,270.50,731.88,1,-1,-1,-1
233,2,233.02,245.49,219.66,556.99,1,-1,-1,-1
234,5,934.50,176.98,295.11,729.10,1,-1,-1,-1
234,3,1085.00,225.00,153.00,543.00,1,-1,-1,-1
234,2,243.24,244.33,215.48,554.17,1,-1,-1,-1
235,5,881.91,176.64,295.14,724.99,1,-1,-1,-1
235,3,1094.95,222.95,182.30,553.57,1,-1,-1,-1
235,2,253.79,243.34,214.47,554.05,1,-1,-1,-1
236,5,858.72,175.97,300.17,728.29,1,-1,-1,-1
236,3,1107.40,223.81,192.03,566.06,1,-1,-1,-1
236,2,258.37,237.82,215.87,558.85,1,-1,-1,-1
237,5,840.73,186.40,289.28,717.65,1,-1,-1,-1
237,3,1114.95,227.91,214.29,575.69,1,-1,-1,-1
237,2,264.92,239.05,221.81,559.37,1,-1,-1,-1
238,5,830.72,183.61,269.33,715.27,1,-1,-1,-1
238,3,1128.04,228.48,208.65,587.59,1,-1,-1,-1
238,2,270.83,241.86,230.56,555.01,1,-1,-1,-1
239,5,818.72,180.01,251.52,721.20,1,-1,-1,-1
239,3,1137.35,226.23,207.69,598.08,1,-1,-1,-1
239,2,276.47,244.66,231.41,559.43,1,-1,-1,-1
240,5,803.96,186.43,230.57,715.26,1,-1,-1,-1
240,3,1159.40,224.12,196.35,600.41,1,-1,-1,-1
240,2,283.20,246.47,230.36,566.18,1,-1,-1,-1
241,5,789.43,179.49,230.16,712.61,1,-1,-1,-1
241,3,1173.48,220.98,188.94,602.82,1,-1,-1,-1
241,2,284.85,242.45,229.64,572.66,1,-1,-1,-1
242,5,772.50,177.80,225.56,726.61,1,-1,-1,-1
242,3,1195.05,217.45,180.60,595.11,1,-1,-1,-1
242,2,291.72,240.21,229.90,577.37,1,-1,-1,-1
243,5,727.02,168.01,262.06,745.38,1,-1,-1,-1
243,3,1214.19,209.70,186.72,606.51,1,-1,-1,-1
243,2,298.32,238.96,222.89,574.78,1,-1,-1,-1
244,5,696.98,173.40,263.64,738.26,1,-1,-1,-1
244,3,1227.00,204.34,197.54,621.98,1,-1,-1,-1
244,2,298.38,233.84,228.79,587.06,1,-1,-1,-1
245,5,680.30,176.33,273.39,737.39,1,-1,-1,-1
245,3,1232.83,207.01,205.53,633.71,1,-1,-1,-1
245,2,298.14,233.01,230.77,593.12,1,-1,-1,-1
246,5,666.39,184.38,277.10,729.25,1,-1,-1,-1
246,3,1240.83,206.72,217.88,642.86,1,-1,-1,-1
246,2,295.50,225.91,237.12,601.74,1,-1,-1,-1
247,5,649.66,194.51,279.58,720.09,1,-1,-1,-1
247,3,1250.14,207.43,218.64,656.15,1,-1,-1,-1
247,2,296.22,232.25,233.21,608.57,1,-1,-1,-1
248,5,635.11,189.59,261.15,732.57,1,-1,-1,-1
248,3,1257.05,208.60,222.46,671.93,1,-1,-1,-1
248,2,292.14,230.69,235.04,615.32,1,-1,-1,-1
249,5,627.40,187.25,249.02,733.90,1,-1,-1,-1
249,3,1258.76,207.53,228.77,680.43,1,-1,-1,-1
249,2,290.63,234.15,233.73,619.30,1,-1,-1,-1
250,5,603.18,178.37,245.38,753.57,1,-1,-1,-1
250,3,1270.07,205.17,225.86,689.62,1,-1,-1,-1
250,2,284.51,240.10,236.48,615.79,1,-1,-1,-1
251,5,575.84,182.53,241.20,751.26,1,-1,-1,-1
251,3,1277.77,196.01,221.76,696.62,1,-1,-1,-1
251,2,276.65,237.93,239.08,628.22,1,-1,-1,-1
252,5,548.14,169.23,253.82,755.63,1,-1,-1,-1
252,3,1289.25,182.56,221.45,721.59,1,-1,-1,-1
252,2,257.13,231.00,255.95,649.57,1,-1,-1,-1
253,5,512.53,175.55,279.43,748.66,1,-1,-1,-1
253,3,1300.10,176.60,229.62,736.48,1,-1,-1,-1
253,2,246.35,223.55,258.21,675.93,1,-1,-1,-1
254,5,499.32,175.79,288.76,751.02,1,-1,-1,-1
254,3,1303.20,184.34,243.48,734.61,1,-1,-1,-1
254,2,237.30,218.51,259.70,677.85,1,-1,-1,-1
255,5,486.30,187.90,288.18,741.12,1,-1,-1,-1
255,3,1313.40,183.32,265.66,752.44,1,-1,-1,-1
255,2,224.75,213.18,255.34,693.84,1,-1,-1,-1
256,5,474.77,187.62,284.94,740.26,1,-1,-1,-1
256,3,1324.40,185.94,251.60,764.47,1,-1,-1,-1
256,2,207.59,213.59,260.22,694.16,1,-1,-1,-1
257,5,468.56,189.06,266.28,740.72,1,-1,-1,-1
257,3,1338.03,182.54,254.82,780.74,1,-1,-1,-1
257,2,197.25,210.74,257.22,699.73,1,-1,-1,-1
258,5,463.00,175.00,220.00,746.00,1,-1,-1,-1
258,3,1352.55,178.83,260.94,786.53,1,-1,-1,-1
258,2,181.09,213.86,262.77,713.48,1,-1,-1,-1
259,5,439.43,190.40,220.23,726.92,1,-1,-1,-1
259,3,1369.51,170.45,266.41,796.46,1,-1,-1,-1
259,2,169.12,214.43,260.34,737.41,1,-1,-1,-1
260,5,421.95,178.64,216.21,734.92,1,-1,-1,-1
260,3,1381.36,168.71,279.78,813.33,1,-1,-1,-1
260,2,157.20,215.75,265.97,766.58,1,-1,-1,-1
261,5,404.68,182.48,221.92,741.30,1,-1,-1,-1
261,3,1383.23,167.17,291.71,831.84,1,-1,-1,-1
261,2,142.80,208.94,279.38,781.44,1,-1,-1,-1
262,5,388.11,177.87,228.25,745.24,1,-1,-1,-1
262,3,1384.89,166.97,295.00,853.01,1,-1,-1,-1
262,2,128.00,208.00,278.00,811.00,1,-1,-1,-1
263,5,370.68,186.76,244.95,734.90,1,-1,-1,-1
263,3,1390.78,170.43,292.70,852.43,1,-1,-1,-1
263,2,118.27,194.90,276.34,818.16,1,-1,-1,-1
264,5,355.45,190.59,250.24,727.89,1,-1,-1,-1
264,3,1391.03,178.42,288.95,853.89,1,-1,-1,-1
264,2,103.52,191.50,281.42,822.37,1,-1,-1,-1
265,5,343.06,196.30,259.56,729.99,1,-1,-1,-1
265,3,1394.19,168.84,285.85,861.00,1,-1,-1,-1
265,2,94.60,188.15,285.65,833.21,1,-1,-1,-1
266,5,335.67,190.93,255.62,736.58,1,-1,-1,-1
266,3,1391.53,165.52,281.89,864.20,1,-1,-1,-1
266,2,75.68,184.28,293.71,830.43,1,-1,-1,-1
267,5,323.06,195.97,248.69,732.65,1,-1,-1,-1
267,3,1385.61,169.40,282.80,859.99,1,-1,-1,-1
267,2,63.23,182.69,297.81,855.23,1,-1,-1,-1
268,5,302.75,183.86,246.37,738.89,1,-1,-1,-1
268,3,1384.94,162.16,283.70,864.93,1,-1,-1,-1
268,2,50.16,177.04,305.87,870.79,1,-1,-1,-1
269,5,284.99,190.30,231.42,733.27,1,-1,-1,-1
269,3,1376.96,158.67,275.53,864.09,1,-1,-1,-1
269,2,32.53,181.34,320.66,869.61,1,-1,-1,-1
270,5,251.60,185.45,227.44,750.24,1,-1,-1,-1
270,3,1371.00,158.57,274.46,853.04,1,-1,-1,-1
270,2,21.12,186.51,348.71,873.05,1,-1,-1,-1
271,5,233.20,181.49,221.57,745.35,1,-1,-1,-1
271,3,1353.84,159.45,266.47,869.98,1,-1,-1,-1
271,2,9.51,187.06,325.48,879.04,1,-1,-1,-1
272,5,224.27,180.61,226.66,751.29,1,-1,-1,-1
272,3,1336.02,150.03,265.06,873.83,1,-1,-1,-1
272,2,13.52,180.16,334.86,888.74,1,-1,-1,-1
273,5,221.80,178.97,231.83,750.95,1,-1,-1,-1
273,3,1313.95,152.42,269.43,889.06,1,-1,-1,-1
273,2,26.33,172.11,333.10,894.48,1,-1,-1,-1
274,5,194.66,175.31,252.63,764.63,1,-1,-1,-1
274,3,1286.28,177.23,288.04,862.09,1,-1,-1,-1
274,2,31.83,176.13,321.08,893.68,1,-1,-1,-1
275,5,188.95,175.33,258.00,764.14,1,-1,-1,-1
275,3,1285.24,163.27,272.99,873.58,1,-1,-1,-1
275,2,26.00,177.95,334.46,890.16,1,-1,-1,-1
276,5,181.07,183.97,207.90,621.33,1,-1,-1,-1
276,3,1258.55,167.96,279.60,862.36,1,-1,-1,-1
276,2,25.04,186.53,353.43,880.20,1,-1,-1,-1
277,5,159.00,174.00,248.00,777.00,1,-1,-1,-1
277,3,1230.65,159.89,272.28,865.83,1,-1,-1,-1
277,2,19.93,174.15,331.55,893.94,1,-1,-1,-1
278,5,148.30,178.58,248.00,777.00,1,-1,-1,-1
278,3,1208.70,152.27,240.17,866.01,1,-1,-1,-1
278,2,13.47,174.56,343.23,889.18,1,-1,-1,-1
279,5,140.67,186.22,248.00,777.00,1,-1,-1,-1
279,3,1171.66,147.39,246.95,869.74,1,-1,-1,-1
279,2,13.54,168.58,327.76,899.71,1,-1,-1,-1
280,3,1133.70,159.96,255.67,858.06,1,-1,-1,-1
280,2,11.35,163.08,324.78,916.51,1,-1,-1,-1
281,3,1080.68,149.84,284.85,874.34,1,-1,-1,-1
281,2,6.51,165.72,328.91,921.68,1,-1,-1,-1
282,3,1027.98,160.41,312.38,880.39,1,-1,-1,-1
282,2,9.11,155.96,332.19,937.97,1,-1,-1,-1
283,3,996.20,182.06,324.80,868.14,1,-1,-1,-1
283,2,10.58,142.26,336.67,964.91,1,-1,-1,-1
284,3,974.98,186.80,329.05,867.73,1,-1,-1,-1
284,2,14.99,127.95,342.83,981.22,1,-1,-1,-1
285,3,961.67,195.79,298.48,855.65,1,-1,-1,-1
285,2,7.58,129.50,356.55,989.78,1,-1,-1,-1
286,3,927.45,174.66,274.53,859.43,1,-1,-1,-1
286,2,17.03,121.39,369.62,995.65,1,-1,-1,-1
287,3,907.06,179.51,247.52,861.40,1,-1,-1,-1
287,2,19.15,118.33,372.48,992.43,1,-1,-1,-1
288,3,871.34,171.14,250.70,859.28,1,-1,-1,-1
288,2,37.70,127.87,378.57,985.95,1,-1,-1,-1
289,3,811.93,175.07,285.34,861.32,1,-1,-1,-1
289,2,40.96,123.87,381.07,984.76,1,-1,-1,-1
290,3,787.75,189.54,286.07,852.50,1,-1,-1,-1
290,2,43.67,128.76,383.23,979.97,1,-1,-1,-1
291,3,768.34,187.93,285.11,845.66,1,-1,-1,-1
291,2,48.16,120.15,401.39,1005.59,1,-1,-1,-1
292,3,769.28,196.69,266.53,838.27,1,-1,-1,-1
292,2,58.36,121.56,405.88,1007.99,1,-1,-1,-1
293,6,5.01,162.00,197.65,880.45,1,-1,-1,-1
293,3,744.66,190.74,268.58,841.84,1,-1,-1,-1
293,2,57.52,120.73,399.76,994.13,1,-1,-1,-1
294,7,7.81,123.04,172.71,224.09,1,-1,-1,-1
294,6,-12.39,146.90,200.69,896.50,1,-1,-1,-1
294,3,715.87,190.27,262.67,839.41,1,-1,-1,-1
294,2,44.82,109.19,420.96,1004.11,1,-1,-1,-1
295,7,2.89,116.41,172.00,224.00,1,-1,-1,-1
295,6,-8.53,137.95,210.05,918.45,1,-1,-1,-1
295,3,702.94,180.86,262.36,833.85,1,-1,-1,-1
295,2,108.11,110.47,368.36,992.24,1,-1,-1,-1
296,7,2.27,113.30,172.00,224.00,1,-1,-1,-1
296,6,-4.86,137.31,229.39,921.53,1,-1,-1,-1
296,3,681.76,182.15,271.66,820.87,1,-1,-1,-1
296,2,143.17,102.76,357.10,989.82,1,-1,-1,-1
297,6,-2.54,143.95,240.65,914.98,1,-1,-1,-1
297,3,663.95,187.52,274.60,821.50,1,-1,-1,-1
297,2,150.89,101.92,383.15,1000.45,1,-1,-1,-1
298,6,0.06,136.95,241.85,920.17,1,-1,-1,-1
298,5,618.00,188.00,320.00,830.00,1,-1,-1,-1
298,2,168.91,80.77,398.47,1030.30,1,-1,-1,-1
299,6,1.75,121.08,241.23,935.08,1,-1,-1,-1
299,5,621.83,195.60,317.78,820.84,1,-1,-1,-1
299,4,273.00,50.00,546.00,1011.00,1,-1,-1,-1
299,2,-57.44,142.18,346.79,1011.68,1,-1,-1,-1
300,6,-0.17,107.74,258.70,961.77,1,-1,-1,-1
300,5,626.27,205.50,306.35,806.12,1,-1,-1,-1
300,4,320.91,52.52,512.36,995.10,1,-1,-1,-1
301,6,-1.00,106.00,304.00,956.00,1,-1,-1,-1
301,5,643.74,208.84,276.36,754.25,1,-1,-1,-1
301,4,359.22,48.26,495.13,994.93,1,-1,-1,-1
302,6,-1.44,96.84,307.14,972.41,1,-1,-1,-1
302,5,656.07,204.21,251.19,644.46,1,-1,-1,-1
302,4,428.84,41.89,502.27,989.15,1,-1,-1,-1
303,6,10.70,109.07,307.61,961.69,1,-1,-1,-1
303,5,662.14,236.16,253.12,656.54,1,-1,-1,-1
303,4,465.57,52.49,480.90,992.09,1,-1,-1,-1
304,6,17.39,108.50,314.49,963.16,1,-1,-1,-1
304,5,666.27,234.78,253.12,656.54,1,-1,-1,-1
304,4,491.06,53.41,477.12,988.89,1,-1,-1,-1
305,6,23.95,97.23,326.13,970.86,1,-1,-1,-1
305,5,668.18,232.91,257.87,668.85,1,-1,-1,-1
305,4,519.27,55.09,480.59,988.44,1,-1,-1,-1
306,6,36.73,88.42,335.00,967.09,1,-1,-1,-1
306,5,684.67,228.10,262.71,681.39,1,-1,-1,-1
306,4,545.86,46.30,478.46,989.98,1,-1,-1,-1
307,5,716.30,226.15,267.63,694.17,1,-1,-1,-1
307,4,569.46,42.37,477.84,997.42,1,-1,-1,-1
307,2,20.00,76.00,408.00,978.00,1,-1,-1,-1
308,5,745.50,227.20,272.65,707.19,1,-1,-1,-1
308,4,596.69,51.74,477.28,996.91,1,-1,-1,-1
308,2,26.82,79.34,462.01,980.58,1,-1,-1,-1
309,4,610.58,65.75,491.83,980.20,1,-1,-1,-1
309,2,52.70,91.02,458.17,978.63,1,-1,-1,-1
310,4,626.61,69.72,495.11,974.02,1,-1,-1,-1
310,2,91.88,82.56,414.98,990.86,1,-1,-1,-1
311,6,588.00,239.00,194.00,611.00,1,-1,-1,-1
311,4,653.74,67.70,483.95,977.63,1,-1,-1,-1
311,2,115.67,77.19,417.23,993.18,1,-1,-1,-1
312,6,581.66,227.39,203.47,614.44,1,-1,-1,-1
312,4,668.84,66.00,479.56,975.32,1,-1,-1,-1
312,2,134.02,73.09,389.60,999.81,1,-1,-1,-1
313,6,579.10,227.42,210.75,621.06,1,-1,-1,-1
313,4,701.25,79.25,462.19,963.83,1,-1,-1,-1
313,2,164.93,55.25,406.95,1014.22,1,-1,-1,-1
314,6,577.35,224.44,212.03,624.04,1,-1,-1,-1
314,4,718.95,80.79,457.12,957.74,1,-1,-1,-1
314,2,203.99,46.67,408.93,1020.78,1,-1,-1,-1
315,6,576.16,226.81,210.47,623.85,1,-1,-1,-1
315,4,733.35,76.65,443.43,956.37,1,-1,-1,-1
315,2,267.00,0.00,397.00,1078.00,1,-1,-1,-1
316,6,576.26,229.62,208.42,625.69,1,-1,-1,-1
316,4,745.03,76.42,443.41,943.34,1,-1,-1,-1
316,2,294.87,14.67,402.68,1063.46,1,-1,-1,-1
317,6,585.75,238.22,197.61,608.94,1,-1,-1,-1
317,4,750.01,76.31,438.93,941.93,1,-1,-1,-1
317,2,315.02,6.74,408.75,1060.14,1,-1,-1,-1
318,6,586.35,247.61,182.82,524.47,1,-1,-1,-1
318,4,758.02,79.28,428.72,939.76,1,-1,-1,-1
318,2,362.55,13.29,392.45,1054.60,1,-1,-1,-1
319,4,765.42,90.67,425.10,931.13,1,-1,-1,-1
319,2,408.99,42.16,390.09,1037.15,1,-1,-1,-1
320,4,769.30,99.31,416.94,923.08,1,-1,-1,-1
320,2,464.53,52.10,362.09,1016.63,1,-1,-1,-1
321,4,769.65,104.81,411.56,909.86,1,-1,-1,-1
321,2,511.35,66.20,326.34,994.81,1,-1,-1,-1
322,4,776.31,110.88,406.11,891.86,1,-1,-1,-1
322,2,526.41,28.59,328.16,1013.87,1,-1,-1,-1
323,4,780.63,117.90,396.64,876.43,1,-1,-1,-1
323,2,530.42,19.48,346.64,939.27,1,-1,-1,-1
324,4,786.23,117.53,391.04,870.73,1,-1,-1,-1
324,2,627.88,26.58,292.73,867.56,1,-1,-1,-1
324,1,517.00,250.00,166.00,567.00,1,-1,-1,-1
325,4,732.05,61.41,428.42,934.35,1,-1,-1,-1
325,2,660.17,23.85,325.49,883.83,1,-1,-1,-1
325,1,502.69,253.04,192.99,569.86,1,-1,-1,-1
326,2,690.67,45.22,353.33,946.46,1,-1,-1,-1
326,1,495.00,246.56,195.53,574.79,1,-1,-1,-1
327,2,741.03,60.26,369.86,973.23,1,-1,-1,-1
327,1,478.16,244.40,192.75,580.40,1,-1,-1,-1
328,2,765.16,60.08,364.35,996.78,1,-1,-1,-1
328,1,462.88,244.25,187.27,586.57,1,-1,-1,-1
329,2,799.18,39.35,347.60,1022.81,1,-1,-1,-1
329,1,444.87,246.01,185.53,579.94,1,-1,-1,-1
330,2,827.03,33.40,354.23,1017.88,1,-1,-1,-1
330,1,428.61,246.34,187.49,579.94,1,-1,-1,-1
331,2,820.00,58.00,383.00,1002.00,1,-1,-1,-1
331,1,399.00,247.15,207.76,588.96,1,-1,-1,-1
332,2,832.82,63.85,393.14,996.06,1,-1,-1,-1
332,1,378.44,247.99,222.45,594.62,1,-1,-1,-1
333,2,846.05,51.79,421.67,988.78,1,-1,-1,-1
333,1,373.22,245.90,222.20,607.40,1,-1,-1,-1
334,3,831.00,187.00,228.00,739.00,1,-1,-1,-1
334,2,864.00,68.87,445.98,986.59,1,-1,-1,-1
334,1,367.31,245.86,215.17,624.55,1,-1,-1,-1
335,3,833.64,180.79,222.22,736.64,1,-1,-1,-1
335,2,971.82,45.80,404.64,1006.09,1,-1,-1,-1
335,1,339.07,245.47,234.87,634.55,1,-1,-1,-1
336,3,834.27,194.36,240.27,713.81,1,-1,-1,-1
336,2,1042.79,57.83,418.37,998.41,1,-1,-1,-1
336,1,305.51,241.51,239.21,637.72,1,-1,-1,-1
337,5,297.00,235.00,294.00,642.00,1,-1,-1,-1
337,3,836.98,197.49,234.33,699.44,1,-1,-1,-1
337,2,1069.91,86.84,398.20,977.49,1,-1,-1,-1
338,5,281.16,233.36,308.59,651.92,1,-1,-1,-1
338,3,836.63,203.56,230.34,690.02,1,-1,-1,-1
338,2,1104.89,66.56,370.33,988.00,1,-1,-1,-1
339,5,268.81,233.29,311.59,665.35,1,-1,-1,-1
339,3,838.20,205.33,224.55,685.11,1,-1,-1,-1
339,2,1133.25,72.72,368.54,985.70,1,-1,-1,-1
340,5,260.09,231.70,313.63,687.26,1,-1,-1,-1
340,3,840.39,227.00,221.55,641.54,1,-1,-1,-1
340,2,1165.02,71.79,351.93,986.46,1,-1,-1,-1
341,5,247.13,223.86,320.94,708.24,1,-1,-1,-1
341,3,849.05,226.24,212.19,630.02,1,-1,-1,-1
341,2,1197.43,42.20,335.09,1013.14,1,-1,-1,-1
342,5,238.35,227.17,322.20,721.63,1,-1,-1,-1
342,3,853.90,220.50,208.13,632.63,1,-1,-1,-1
342,2,1215.33,39.23,342.17,1019.20,1,-1,-1,-1
343,5,230.94,226.62,318.65,728.67,1,-1,-1,-1
343,3,858.04,219.79,207.82,604.71,1,-1,-1,-1
343,2,1235.55,46.91,350.43,1016.91,1,-1,-1,-1
344,5,225.43,221.16,324.21,736.02,1,-1,-1,-1
344,3,864.75,222.71,202.67,595.67,1,-1,-1,-1
344,2,1246.24,51.39,353.60,1010.33,1,-1,-1,-1
345,5,219.90,217.36,321.52,741.11,1,-1,-1,-1
345,3,874.66,214.62,194.46,612.94,1,-1,-1,-1
345,2,1273.88,50.58,369.53,1012.89,1,-1,-1,-1
346,5,209.56,215.87,327.38,747.57,1,-1,-1,-1
346,3,878.41,213.20,196.29,603.59,1,-1,-1,-1
346,2,1293.48,69.64,365.74,1011.46,1,-1,-1,-1
347,5,201.46,214.53,333.74,764.33,1,-1,-1,-1
347,3,888.31,213.90,191.15,605.01,1,-1,-1,-1
347,2,1319.97,63.93,361.03,1008.28,1,-1,-1,-1
348,5,192.89,210.93,342.23,785.89,1,-1,-1,-1
348,3,899.56,215.34,187.33,605.49,1,-1,-1,-1
348,2,1340.39,57.11,375.30,1013.83,1,-1,-1,-1
349,5,182.88,209.71,355.03,796.96,1,-1,-1,-1
349,3,906.62,215.28,188.01,605.30,1,-1,-1,-1
349,2,1371.70,73.72,382.02,996.47,1,-1,-1,-1
350,5,176.23,215.31,367.80,793.49,1,-1,-1,-1
350,3,916.30,222.11,185.97,606.91,1,-1,-1,-1
350,2,1406.49,65.59,376.90,989.85,1,-1,-1,-1
351,5,170.76,216.98,377.36,812.02,1,-1,-1,-1
351,3,923.72,226.40,181.91,589.72,1,-1,-1,-1
351,2,1420.61,77.91,405.51,972.74,1,-1,-1,-1
352,5,164.23,208.63,387.17,828.82,1,-1,-1,-1
352,3,933.99,226.49,186.82,578.69,1,-1,-1,-1
352,2,1439.57,88.66,403.57,964.32,1,-1,-1,-1
353,5,160.83,198.43,390.44,849.53,1,-1,-1,-1
353,3,945.66,226.51,181.52,568.96,1,-1,-1,-1
353,2,1460.54,91.78,399.51,960.87,1,-1,-1,-1
354,5,160.44,183.80,390.42,867.81,1,-1,-1,-1
354,3,965.49,223.41,175.16,565.29,1,-1,-1,-1
354,2,1475.18,88.16,389.25,963.19,1,-1,-1,-1
355,5,166.25,184.45,384.91,875.97,1,-1,-1,-1
355,3,983.45,222.78,166.19,567.69,1,-1,-1,-1
355,2,1486.12,90.55,377.25,962.90,1,-1,-1,-1
356,5,171.24,183.75,380.09,882.47,1,-1,-1,-1
356,3,995.37,221.16,164.36,563.84,1,-1,-1,-1
356,2,1496.97,85.02,378.97,947.50,1,-1,-1,-1
357,5,179.02,185.81,379.71,885.47,1,-1,-1,-1
357,3,1004.65,225.15,164.96,556.15,1,-1,-1,-1
357,2,1505.95,87.71,373.99,952.85,1,-1,-1,-1
358,5,197.48,189.97,368.16,887.06,1,-1,-1,-1
358,3,1015.82,229.48,170.09,553.51,1,-1,-1,-1
358,2,1513.63,87.76,371.13,949.64,1,-1,-1,-1
359,5,213.53,191.98,371.39,878.88,1,-1,-1,-1
359,3,1019.01,232.76,189.49,551.51,1,-1,-1,-1
359,2,1519.75,93.76,367.01,938.11,1,-1,-1,-1
360,5,234.88,187.78,360.99,886.24,1,-1,-1,-1
360,3,1026.20,233.27,188.07,546.01,1,-1,-1,-1
360,2,1520.24,93.23,362.16,929.47,1,-1,-1,-1
361,5,251.94,186.72,365.59,890.72,1,-1,-1,-1
361,3,1038.36,235.00,183.09,540.36,1,-1,-1,-1
361,2,1524.92,93.44,351.84,920.45,1,-1,-1,-1
362,5,259.31,179.94,367.97,899.14,1,-1,-1,-1
362,3,1044.08,227.06,180.12,540.71,1,-1,-1,-1
362,2,1526.34,96.35,351.86,914.30,1,-1,-1,-1
363,5,274.19,176.74,366.17,906.16,1,-1,-1,-1
363,3,1068.92,227.49,163.59,540.79,1,-1,-1,-1
363,2,1523.79,97.20,339.52,899.31,1,-1,-1,-1
364,5,290.91,166.82,365.66,916.62,1,-1,-1,-1
364,3,1087.05,220.48,162.39,534.57,1,-1,-1,-1
364,2,1520.07,98.64,330.25,888.07,1,-1,-1,-1
365,5,313.40,168.54,366.01,919.24,1,-1,-1,-1
365,3,1098.80,222.48,163.25,538.08,1,-1,-1,-1
365,2,1515.02,111.66,323.78,866.00,1,-1,-1,-1
366,5,342.74,181.40,348.12,905.83,1,-1,-1,-1
366,3,1105.27,213.04,170.90,549.37,1,-1,-1,-1
366,2,1509.68,118.52,311.10,847.68,1,-1,-1,-1
367,5,366.57,177.25,329.59,903.05,1,-1,-1,-1
367,3,1112.53,220.75,178.79,552.29,1,-1,-1,-1
367,2,1508.26,113.07,292.23,838.47,1,-1,-1,-1
368,5,387.32,165.66,356.36,907.75,1,-1,-1,-1
368,3,1117.66,223.94,191.60,552.53,1,-1,-1,-1
368,2,1531.00,137.00,239.00,818.00,1,-1,-1,-1
369,5,423.76,156.53,350.26,926.88,1,-1,-1,-1
369,3,1126.54,224.81,192.28,552.98,1,-1,-1,-1
369,2,1521.44,128.19,238.91,821.40,1,-1,-1,-1
370,5,444.50,160.77,364.07,923.33,1,-1,-1,-1
370,3,1128.68,225.27,196.68,556.93,1,-1,-1,-1
370,2,1496.40,134.43,253.78,817.92,1,-1,-1,-1
371,5,452.99,167.59,383.31,916.12,1,-1,-1,-1
371,3,1137.05,218.50,190.51,566.77,1,-1,-1,-1
371,2,1477.81,153.45,264.90,793.75,1,-1,-1,-1
372,5,465.29,181.13,383.38,906.04,1,-1,-1,-1
372,3,1142.24,220.87,190.56,566.63,1,-1,-1,-1
372,2,1474.90,143.56,261.11,796.75,1,-1,-1,-1
373,5,473.64,179.86,397.29,907.38,1,-1,-1,-1
373,3,1162.68,218.17,181.98,562.20,1,-1,-1,-1
373,2,1466.80,159.09,266.14,781.08,1,-1,-1,-1
374,5,499.36,180.36,390.22,908.24,1,-1,-1,-1
374,3,1174.52,217.62,181.30,565.30,1,-1,-1,-1
374,2,1457.79,148.16,258.70,787.05,1,-1,-1,-1
375,5,523.55,186.41,376.55,898.43,1,-1,-1,-1
375,3,1190.78,212.82,177.26,569.08,1,-1,-1,-1
375,2,1442.96,148.77,242.48,796.19,1,-1,-1,-1
376,5,551.57,170.77,363.93,892.64,1,-1,-1,-1
376,3,1208.08,209.08,172.94,576.35,1,-1,-1,-1
376,2,1434.40,138.35,222.03,799.55,1,-1,-1,-1
377,5,572.47,168.80,356.32,888.24,1,-1,-1,-1
377,3,1219.82,209.31,176.91,579.14,1,-1,-1,-1
377,2,1410.89,134.36,227.93,809.60,1,-1,-1,-1
378,5,588.84,168.29,352.76,888.82,1,-1,-1,-1
378,3,1225.98,208.98,177.30,584.66,1,-1,-1,-1
378,2,1397.63,132.65,225.93,821.23,1,-1,-1,-1
379,5,611.23,166.04,365.76,891.11,1,-1,-1,-1
379,3,1234.68,202.63,186.84,593.74,1,-1,-1,-1
379,2,1381.01,141.81,233.21,802.58,1,-1,-1,-1
380,5,628.99,171.46,361.62,889.41,1,-1,-1,-1
380,3,1244.96,202.00,186.01,599.02,1,-1,-1,-1
380,2,1342.62,147.72,244.04,797.29,1,-1,-1,-1
381,5,646.54,174.25,349.88,877.39,1,-1,-1,-1
381,3,1251.34,198.64,183.65,610.00,1,-1,-1,-1
381,2,1302.88,147.43,268.47,796.77,1,-1,-1,-1
382,5,664.64,183.17,338.00,852.04,1,-1,-1,-1
382,3,1255.85,194.14,191.73,621.44,1,-1,-1,-1
382,2,1272.14,148.15,278.36,795.60,1,-1,-1,-1
383,5,686.31,187.11,323.08,828.71,1,-1,-1,-1
383,3,1276.40,183.26,191.73,621.44,1,-1,-1,-1
383,2,1282.49,151.49,271.57,795.57,1,-1,-1,-1
384,5,700.70,183.99,319.14,814.78,1,-1,-1,-1
384,3,1284.86,189.31,191.73,621.44,1,-1,-1,-1
384,2,1278.21,151.44,254.70,795.31,1,-1,-1,-1
385,5,713.08,192.34,320.33,787.96,1,-1,-1,-1
385,3,1298.16,200.18,191.73,621.44,1,-1,-1,-1
385,2,1278.63,163.18,247.25,780.53,1,-1,-1,-1
386,5,722.20,192.74,314.23,777.27,1,-1,-1,-1
386,3,1290.09,203.14,195.32,633.09,1,-1,-1,-1
386,2,1272.30,159.38,250.33,774.83,1,-1,-1,-1
387,5,727.37,196.75,315.76,762.20,1,-1,-1,-1
387,3,1317.64,198.48,198.99,644.96,1,-1,-1,-1
387,2,1251.33,149.35,269.29,765.09,1,-1,-1,-1
388,5,738.30,199.53,302.91,751.52,1,-1,-1,-1
388,3,1201.00,152.00,248.00,771.00,1,-1,-1,-1
388,2,1327.88,172.49,214.63,698.44,1,-1,-1,-1
389,5,736.54,206.80,308.60,736.92,1,-1,-1,-1
389,3,1182.20,145.15,249.90,789.72,1,-1,-1,-1
389,2,1358.32,175.93,217.43,679.71,1,-1,-1,-1
390,5,737.83,212.05,308.69,733.41,1,-1,-1,-1
390,3,1158.83,143.73,265.45,799.75,1,-1,-1,-1
390,2,1360.00,191.00,243.00,669.00,1,-1,-1,-1
391,5,745.05,210.47,308.31,729.12,1,-1,-1,-1
391,3,1128.28,174.93,288.45,762.29,1,-1,-1,-1
391,2,1369.68,189.15,246.48,675.00,1,-1,-1,-1
392,8,1056.11,158.26,326.63,792.62,1,-1,-1,-1
392,5,757.16,209.47,300.23,716.54,1,-1,-1,-1
392,3,1265.80,163.82,245.20,762.29,1,-1,-1,-1
392,2,1376.06,189.49,249.98,682.95,1,-1,-1,-1
393,8,1058.63,173.06,324.18,777.65,1,-1,-1,-1
393,5,764.29,209.61,293.90,698.84,1,-1,-1,-1
393,3,1354.46,159.31,245.20,762.29,1,-1,-1,-1
393,2,1382.43,190.85,249.89,683.75,1,-1,-1,-1
394,8,1058.78,160.68,289.79,785.69,1,-1,-1,-1
394,5,776.00,212.06,281.18,681.11,1,-1,-1,-1
394,3,1380.01,157.81,245.20,762.29,1,-1,-1,-1
394,2,1390.70,191.46,249.60,681.85,1,-1,-1,-1
395,8,1022.51,153.00,285.40,794.11,1,-1,-1,-1
395,5,787.99,211.81,268.03,668.95,1,-1,-1,-1
395,2,1405.07,192.05,245.96,684.40,1,-1,-1,-1
396,8,963.53,149.93,268.80,798.32,1,-1,-1,-1
396,5,797.13,210.33,261.63,659.88,1,-1,-1,-1
396,2,1415.42,184.89,248.59,696.79,1,-1,-1,-1
397,8,992.00,150.00,201.00,805.00,1,-1,-1,-1
397,5,810.76,207.13,254.81,657.90,1,-1,-1,-1
397,2,1425.81,178.25,252.90,708.94,1,-1,-1,-1
398,8,940.37,151.16,250.21,807.94,1,-1,-1,-1
398,5,822.74,211.97,248.07,647.27,1,-1,-1,-1
398,2,1431.64,175.29,260.40,713.67,1,-1,-1,-1
399,8,905.59,154.22,280.71,802.63,1,-1,-1,-1
399,5,831.49,205.50,243.24,648.93,1,-1,-1,-1
399,2,1438.97,176.47,260.16,716.96,1,-1,-1,-1
400,8,901.86,156.61,270.32,809.53,1,-1,-1,-1
400,2,1446.34,170.14,265.54,731.35,1,-1,-1,-1
401,8,886.02,157.40,263.02,806.30,1,-1,-1,-1
401,2,1451.51,172.80,270.14,738.21,1,-1,-1,-1
402,8,870.02,168.19,260.05,806.67,1,-1,-1,-1
402,2,1457.87,169.85,277.46,763.30,1,-1,-1,-1
403,8,863.72,180.35,234.39,793.50,1,-1,-1,-1
403,2,1465.52,170.38,285.22,780.89,1,-1,-1,-1
404,8,855.29,172.05,231.33,791.49,1,-1,-1,-1
404,2,1469.43,168.96,289.75,791.60,1,-1,-1,-1
405,8,842.25,167.68,236.99,779.40,1,-1,-1,-1
405,2,1481.13,166.05,297.41,808.80,1,-1,-1,-1
406,8,823.05,157.89,246.91,776.60,1,-1,-1,-1
406,3,929.00,237.00,171.00,586.00,1,-1,-1,-1
406,2,1492.73,158.89,302.56,824.96,1,-1,-1,-1
407,8,781.73,157.37,219.82,793.76,1,-1,-1,-1
407,3,936.15,229.19,167.83,583.95,1,-1,-1,-1
407,2,1499.27,154.62,312.06,835.38,1,-1,-1,-1
408,8,723.57,157.21,244.30,802.31,1,-1,-1,-1
408,3,945.90,238.28,165.15,576.13,1,-1,-1,-1
408,2,1507.62,150.78,322.25,843.06,1,-1,-1,-1
409,8,685.44,171.83,269.20,793.23,1,-1,-1,-1
409,3,956.72,236.64,158.94,566.60,1,-1,-1,-1
409,2,1514.03,149.29,331.73,851.53,1,-1,-1,-1
410,8,681.92,177.55,261.25,791.25,1,-1,-1,-1
410,3,962.66,248.09,157.39,551.44,1,-1,-1,-1
410,2,1518.67,149.65,337.59,856.88,1,-1,-1,-1
411,8,664.81,180.12,268.38,792.97,1,-1,-1,-1
411,3,970.48,236.92,154.71,541.47,1,-1,-1,-1
411,2,1526.19,146.68,339.29,867.07,1,-1,-1,-1
412,8,654.30,179.80,247.32,799.58,1,-1,-1,-1
412,3,981.46,240.69,154.90,532.33,1,-1,-1,-1
412,2,1531.23,143.71,343.98,884.11,1,-1,-1,-1
413,8,625.18,174.89,236.08,797.11,1,-1,-1,-1
413,3,988.74,232.65,159.78,540.64,1,-1,-1,-1
413,2,1533.84,146.92,349.72,899.24,1,-1,-1,-1
414,8,596.63,148.59,217.16,817.72,1,-1,-1,-1
414,3,997.32,237.33,167.14,538.11,1,-1,-1,-1
414,2,1542.37,144.63,346.28,905.20,1,-1,-1,-1
415,8,554.15,153.05,226.30,823.72,1,-1,-1,-1
415,3,1001.90,235.89,177.05,543.02,1,-1,-1,-1
415,2,1554.65,141.68,341.71,918.83,1,-1,-1,-1
416,8,545.60,143.08,224.88,818.78,1,-1,-1,-1
416,3,1009.97,238.67,172.44,544.29,1,-1,-1,-1
416,2,1555.07,143.00,344.93,912.19,1,-1,-1,-1
417,8,509.48,146.36,242.05,822.11,1,-1,-1,-1
417,3,1013.37,238.28,177.07,550.09,1,-1,-1,-1
417,2,1561.79,135.41,349.10,924.47,1,-1,-1,-1
418,8,483.17,157.55,254.19,809.40,1,-1,-1,-1
418,3,1022.89,240.58,175.38,553.15,1,-1,-1,-1
418,2,1562.72,131.45,354.20,928.02,1,-1,-1,-1
419,8,452.80,162.70,271.99,809.65,1,-1,-1,-1
419,3,1028.22,241.17,173.61,558.82,1,-1,-1,-1
419,2,1565.38,123.59,349.50,945.36,1,-1,-1,-1
420,8,439.38,174.36,273.74,807.67,1,-1,-1,-1
420,3,1035.10,224.20,172.53,561.16,1,-1,-1,-1
420,2,1566.35,110.38,354.12,958.62,1,-1,-1,-1
421,8,425.74,179.93,265.65,789.57,1,-1,-1,-1
421,3,1042.47,227.59,177.60,566.52,1,-1,-1,-1
421,2,1565.53,104.58,357.93,962.21,1,-1,-1,-1
422,8,399.57,173.04,245.65,784.21,1,-1,-1,-1
422,3,1049.37,228.69,182.54,570.56,1,-1,-1,-1
422,2,1566.80,104.74,359.80,969.16,1,-1,-1,-1
423,8,389.15,165.54,218.56,778.54,1,-1,-1,-1
423,3,1056.08,228.09,188.02,587.07,1,-1,-1,-1
423,2,1569.41,102.29,358.97,974.63,1,-1,-1,-1
424,8,361.00,176.00,229.00,773.00,1,-1,-1,-1
424,3,1066.46,224.80,192.54,601.13,1,-1,-1,-1
424,2,1567.82,99.01,360.16,977.43,1,-1,-1,-1
425,8,338.74,169.89,230.97,797.28,1,-1,-1,-1
425,3,1075.69,224.57,195.55,611.35,1,-1,-1,-1
425,2,1566.04,104.59,363.71,962.63,1,-1,-1,-1
426,8,318.83,167.49,246.31,790.45,1,-1,-1,-1
426,3,1082.45,224.89,204.38,616.62,1,-1,-1,-1
426,2,1569.27,102.27,359.11,970.90,1,-1,-1,-1
427,8,293.14,172.67,260.49,785.75,1,-1,-1,-1
427,3,1091.36,220.36,212.70,625.62,1,-1,-1,-1
427,2,1570.05,87.74,360.59,995.86,1,-1,-1,-1
428,8,277.65,178.43,261.00,778.22,1,-1,-1,-1
428,3,1099.78,217.66,216.42,631.20,1,-1,-1,-1
428,2,1566.32,83.47,366.01,1003.27,1,-1,-1,-1
429,8,259.62,176.25,268.34,781.62,1,-1,-1,-1
429,3,1105.59,209.65,218.67,643.59,1,-1,-1,-1
429,2,1565.02,81.15,367.94,1007.28,1,-1,-1,-1
430,8,231.32,176.97,279.55,777.81,1,-1,-1,-1
430,3,1106.40,206.11,224.00,645.68,1,-1,-1,-1
430,2,1560.19,75.96,371.73,1010.08,1,-1,-1,-1
431,8,207.46,174.89,269.92,777.46,1,-1,-1,-1
431,3,1117.12,194.71,216.84,674.90,1,-1,-1,-1
431,2,1561.63,71.23,371.90,1018.39,1,-1,-1,-1
432,8,193.00,181.87,270.38,765.89,1,-1,-1,-1
432,3,1118.95,199.40,224.10,677.48,1,-1,-1,-1
432,2,1560.66,69.20,374.65,1016.97,1,-1,-1,-1
433,8,177.03,180.00,268.40,766.12,1,-1,-1,-1
433,3,1124.95,206.43,226.84,680.17,1,-1,-1,-1
433,2,1565.00,64.11,375.30,1020.13,1,-1,-1,-1
434,8,169.39,177.59,269.55,767.89,1,-1,-1,-1
434,3,1126.52,207.84,228.09,692.28,1,-1,-1,-1
434,2,1559.08,67.59,381.76,1013.02,1,-1,-1,-1
435,8,154.25,184.44,278.01,762.79,1,-1,-1,-1
435,3,1131.46,199.20,232.47,711.09,1,-1,-1,-1
435,2,1559.50,67.35,381.69,1018.41,1,-1,-1,-1
436,8,146.17,184.63,279.20,764.10,1,-1,-1,-1
436,3,1138.38,197.90,229.93,715.74,1,-1,-1,-1
436,2,1549.69,67.96,389.29,1013.26,1,-1,-1,-1
437,8,145.31,190.00,276.57,757.83,1,-1,-1,-1
437,3,1143.66,195.79,232.76,717.82,1,-1,-1,-1
437,2,1541.61,86.41,393.35,1005.32,1,-1,-1,-1
438,8,149.79,192.77,260.02,748.81,1,-1,-1,-1
438,3,1157.50,199.61,234.03,719.83,1,-1,-1,-1
438,2,1522.48,110.20,401.83,982.51,1,-1,-1,-1
439,8,156.14,194.20,250.13,733.54,1,-1,-1,-1
439,3,1165.39,198.60,234.43,735.29,1,-1,-1,-1
439,2,1495.97,73.38,406.79,1020.34,1,-1,-1,-1
440,8,165.38,193.44,238.63,725.27,1,-1,-1,-1
440,3,1170.63,188.94,244.06,764.86,1,-1,-1,-1
440,2,1459.97,70.55,418.62,1016.89,1,-1,-1,-1
441,8,180.69,193.92,222.49,715.27,1,-1,-1,-1
441,3,1183.47,189.33,240.84,765.46,1,-1,-1,-1
441,2,1428.05,52.81,417.22,1040.75,1,-1,-1,-1
442,8,182.77,194.86,223.68,702.08,1,-1,-1,-1
442,3,1198.66,178.92,232.48,774.79,1,-1,-1,-1
442,2,1395.99,62.15,396.59,1024.94,1,-1,-1,-1
443,8,191.39,197.08,226.96,691.12,1,-1,-1,-1
443,3,1208.31,178.21,231.78,763.88,1,-1,-1,-1
443,2,1323.28,59.31,421.90,1032.66,1,-1,-1,-1
444,8,197.20,198.67,231.38,680.89,1,-1,-1,-1
444,3,1221.36,181.42,240.57,772.07,1,-1,-1,-1
444,2,1272.72,81.12,419.91,1010.36,1,-1,-1,-1
445,8,210.24,200.55,233.03,674.75,1,-1,-1,-1
445,3,1218.45,170.87,225.30,772.07,1,-1,-1,-1
445,2,1261.44,65.98,390.59,1039.31,1,-1,-1,-1
446,8,218.04,209.08,241.10,652.94,1,-1,-1,-1
446,3,1228.78,154.64,225.30,772.07,1,-1,-1,-1
446,2,1245.45,63.23,373.99,1038.42,1,-1,-1,-1
447,8,230.24,213.83,236.55,641.55,1,-1,-1,-1
447,2,1214.47,52.03,375.12,1040.12,1,-1,-1,-1
448,8,249.27,209.03,222.74,642.68,1,-1,-1,-1
448,2,1193.24,58.33,390.76,1035.91,1,-1,-1,-1
449,8,261.10,208.71,210.92,645.10,1,-1,-1,-1
449,2,1176.23,75.02,421.19,1023.12,1,-1,-1,-1
450,8,279.07,215.49,201.62,615.33,1,-1,-1,-1
450,2,1157.79,78.76,443.36,1011.96,1,-1,-1,-1
451,8,295.48,211.74,181.64,600.44,1,-1,-1,-1
451,2,1167.77,84.15,462.06,1024.18,1,-1,-1,-1
452,8,307.60,218.28,187.07,606.15,1,-1,-1,-1
452,3,969.00,-1.00,385.00,1067.00,1,-1,-1,-1
452,2,1293.66,157.54,356.30,953.03,1,-1,-1,-1
453,8,318.15,210.25,190.92,602.99,1,-1,-1,-1
453,3,932.63,0.59,391.31,1073.50,1,-1,-1,-1
453,2,1301.87,165.08,354.64,921.23,1,-1,-1,-1
454,8,334.89,225.95,212.70,594.44,1,-1,-1,-1
454,3,872.84,5.57,407.85,1075.55,1,-1,-1,-1
454,2,1308.77,169.85,345.85,905.92,1,-1,-1,-1
455,8,346.75,233.16,221.54,589.68,1,-1,-1,-1
455,3,811.53,21.99,396.23,1051.04,1,-1,-1,-1
455,2,1315.50,163.91,342.13,907.12,1,-1,-1,-1
456,8,364.00,220.00,232.00,594.00,1,-1,-1,-1
456,3,764.05,25.99,404.62,1040.70,1,-1,-1,-1
456,2,1320.91,149.34,336.15,929.00,1,-1,-1,-1
457,8,379.42,231.41,230.77,574.03,1,-1,-1,-1
457,3,722.03,25.17,401.45,1044.58,1,-1,-1,-1
457,2,1333.41,143.42,330.26,940.51,1,-1,-1,-1
458,8,392.19,236.47,219.06,560.20,1,-1,-1,-1
458,3,700.21,21.21,400.75,1058.27,1,-1,-1,-1
458,2,1337.89,139.31,325.98,944.57,1,-1,-1,-1
459,8,424.16,228.38,188.62,560.86,1,-1,-1,-1
459,3,673.62,20.90,386.13,1057.43,1,-1,-1,-1
459,2,1346.53,143.11,311.02,945.50,1,-1,-1,-1
460,8,442.43,224.04,188.85,570.51,1,-1,-1,-1
460,3,632.99,24.43,379.67,1046.60,1,-1,-1,-1
460,2,1339.23,142.39,315.29,935.11,1,-1,-1,-1
461,8,455.80,224.08,189.39,567.79,1,-1,-1,-1
461,3,586.02,16.11,383.61,1067.86,1,-1,-1,-1
461,2,1342.06,138.52,307.58,937.40,1,-1,-1,-1
462,8,477.07,218.20,173.24,557.92,1,-1,-1,-1
462,3,532.42,15.18,395.26,1049.54,1,-1,-1,-1
462,2,1344.47,141.19,305.35,933.50,1,-1,-1,-1
463,3,488.37,16.51,399.63,1053.02,1,-1,-1,-1
463,2,1340.96,145.60,301.73,933.80,1,-1,-1,-1
464,3,457.79,19.38,396.90,1060.12,1,-1,-1,-1
464,2,1330.96,150.33,311.76,929.74,1,-1,-1,-1
465,3,426.26,22.46,395.41,1064.00,1,-1,-1,-1
465,2,1300.77,152.09,333.13,922.07,1,-1,-1,-1
466,3,385.82,21.00,402.23,1058.97,1,-1,-1,-1
466,2,1278.84,150.68,348.92,932.72,1,-1,-1,-1
467,3,347.27,27.97,409.67,1062.34,1,-1,-1,-1
467,2,1254.48,161.88,360.11,912.14,1,-1,-1,-1
468,3,313.66,36.29,420.08,1056.57,1,-1,-1,-1
468,2,1248.90,159.01,352.41,921.81,1,-1,-1,-1
469,6,646.00,193.00,148.00,592.00,1,-1,-1,-1
469,3,273.31,51.26,441.22,1032.83,1,-1,-1,-1
469,2,1242.25,154.16,345.20,931.07,1,-1,-1,-1
470,6,649.15,208.22,165.86,583.18,1,-1,-1,-1
470,3,230.41,58.25,433.50,1020.31,1,-1,-1,-1
470,2,1237.01,148.30,335.30,934.67,1,-1,-1,-1
471,6,663.70,215.08,183.65,569.61,1,-1,-1,-1
471,3,189.00,58.00,457.00,1008.00,1,-1,-1,-1
471,2,1231.55,136.81,328.91,947.54,1,-1,-1,-1
472,6,681.47,220.55,179.17,560.38,1,-1,-1,-1
472,3,172.67,59.03,455.42,1008.17,1,-1,-1,-1
472,2,1225.24,136.03,324.19,949.02,1,-1,-1,-1
473,6,688.22,225.99,189.53,550.89,1,-1,-1,-1
473,3,146.05,62.46,465.01,1003.00,1,-1,-1,-1
473,2,1211.33,142.17,321.74,927.15,1,-1,-1,-1
474,6,706.52,227.22,187.79,550.63,1,-1,-1,-1
474,3,113.93,63.70,469.15,999.90,1,-1,-1,-1
474,2,1183.03,155.92,332.60,897.09,1,-1,-1,-1
475,6,723.10,226.42,179.86,551.22,1,-1,-1,-1
475,3,80.53,60.01,473.42,1007.87,1,-1,-1,-1
475,2,1161.66,168.31,332.77,879.58,1,-1,-1,-1
476,6,751.83,210.80,148.63,554.87,1,-1,-1,-1
476,3,51.73,67.11,482.92,997.44,1,-1,-1,-1
476,2,1150.09,172.88,329.87,866.59,1,-1,-1,-1
477,8,783.00,194.00,134.00,586.00,1,-1,-1,-1
477,3,41.20,77.03,473.72,990.19,1,-1,-1,-1
477,2,1137.30,170.36,326.83,854.86,1,-1,-1,-1
478,8,797.75,191.27,138.47,585.29,1,-1,-1,-1
478,3,34.54,78.82,466.70,990.09,1,-1,-1,-1
478,2,1118.94,170.77,308.68,847.64,1,-1,-1,-1
479,8,810.06,195.01,157.17,566.72,1,-1,-1,-1
479,3,23.27,90.96,463.52,982.19,1,-1,-1,-1
479,2,1095.23,176.88,295.89,822.10,1,-1,-1,-1
480,8,823.84,199.18,151.98,572.64,1,-1,-1,-1
480,3,20.22,100.96,459.69,976.73,1,-1,-1,-1
480,2,1083.65,178.69,287.23,813.91,1,-1,-1,-1
481,8,829.27,204.02,179.88,563.28,1,-1,-1,-1
481,3,11.60,100.39,450.23,974.36,1,-1,-1,-1
481,2,1055.66,179.32,281.65,806.89,1,-1,-1,-1
482,8,840.75,208.20,184.68,560.47,1,-1,-1,-1
482,3,5.77,102.53,444.94,965.55,1,-1,-1,-1
482,2,1032.24,184.94,288.17,800.16,1,-1,-1,-1
483,8,853.90,211.58,182.70,551.40,1,-1,-1,-1
483,3,5.88,107.79,434.03,951.80,1,-1,-1,-1
483,2,1016.16,190.24,291.80,792.98,1,-1,-1,-1
484,8,889.90,205.02,152.99,559.95,1,-1,-1,-1
484,3,3.54,109.85,424.68,955.99,1,-1,-1,-1
484,2,1003.20,196.83,286.18,778.13,1,-1,-1,-1
485,8,909.43,220.44,129.61,528.67,1,-1,-1,-1
485,3,-0.46,108.82,429.88,955.29,1,-1,-1,-1
485,2,982.28,201.28,297.95,768.06,1,-1,-1,-1
486,8,929.71,210.55,119.36,518.36,1,-1,-1,-1
486,3,-5.26,109.30,431.49,959.48,1,-1,-1,-1
486,2,972.59,206.15,289.54,751.97,1,-1,-1,-1
487,8,951.65,209.38,111.63,505.17,1,-1,-1,-1
487,3,-5.62,113.01,425.84,954.55,1,-1,-1,-1
487,2,976.51,213.47,266.75,727.89,1,-1,-1,-1
488,8,966.63,197.80,115.52,505.17,1,-1,-1,-1
488,3,-7.35,116.38,421.22,945.74,1,-1,-1,-1
488,2,973.88,216.16,253.17,699.34,1,-1,-1,-1
489,3,-1.32,126.29,415.79,933.50,1,-1,-1,-1
489,2,968.96,203.90,242.02,699.24,1,-1,-1,-1
490,3,-3.94,133.21,408.90,920.55,1,-1,-1,-1
490,2,966.83,206.16,236.41,686.18,1,-1,-1,-1
491,3,0.38,145.19,409.01,909.40,1,-1,-1,-1
491,2,955.90,194.01,239.05,700.67,1,-1,-1,-1
492,3,-1.17,144.14,401.38,906.54,1,-1,-1,-1
492,2,940.09,197.98,258.97,701.13,1,-1,-1,-1
493,3,-1.81,149.09,410.12,908.55,1,-1,-1,-1
493,2,947.05,214.34,258.48,671.23,1,-1,-1,-1
494,6,1075.00,223.00,137.00,544.00,1,-1,-1,-1
494,3,1.32,148.34,403.89,899.01,1,-1,-1,-1
494,2,933.06,222.86,254.73,653.44,1,-1,-1,-1
495,6,1073.08,200.49,139.45,555.96,1,-1,-1,-1
495,3,7.41,144.74,396.35,894.61,1,-1,-1,-1
495,2,923.64,220.66,247.35,647.39,1,-1,-1,-1
496,6,1081.86,202.68,154.22,565.54,1,-1,-1,-1
496,5,926.00,221.00,207.00,623.00,1,-1,-1,-1
496,3,13.37,142.22,387.29,884.09,1,-1,-1,-1
497,6,1097.73,202.94,162.22,564.99,1,-1,-1,-1
497,5,911.21,221.62,193.77,604.60,1,-1,-1,-1
497,3,20.27,145.23,379.98,883.49,1,-1,-1,-1
498,6,1120.82,200.20,153.85,569.77,1,-1,-1,-1
498,5,902.28,219.08,188.11,568.45,1,-1,-1,-1
498,3,33.54,144.00,372.09,889.01,1,-1,-1,-1
499,6,1137.38,195.73,170.75,564.53,1,-1,-1,-1
499,5,904.59,217.07,179.11,608.79,1,-1,-1,-1
499,3,41.37,147.74,368.87,882.73,1,-1,-1,-1
500,6,1139.71,198.05,186.12,556.43,1,-1,-1,-1
500,5,893.40,219.82,194.56,609.03,1,-1,-1,-1
500,3,46.82,149.77,365.03,883.52,1,-1,-1,-1
501,6,1149.82,204.27,191.36,550.94,1,-1,-1,-1
501,5,889.82,227.69,195.41,602.39,1,-1,-1,-1
501,3,53.82,149.22,365.52,887.52,1,-1,-1,-1
502,6,1167.86,208.96,189.98,546.17,1,-1,-1,-1
502,5,884.23,222.29,192.85,603.29,1,-1,-1,-1
502,3,67.42,150.51,357.58,888.07,1,-1,-1,-1
503,6,1195.25,206.59,169.24,543.18,1,-1,-1,-1
503,5,869.81,225.88,192.85,600.77,1,-1,-1,-1
503,3,82.20,158.83,352.44,860.69,1,-1,-1,-1
504,6,1214.22,208.81,156.54,532.08,1,-1,-1,-1
504,5,861.00,224.66,202.40,619.23,1,-1,-1,-1
504,3,92.38,163.32,346.33,835.58,1,-1,-1,-1
505,6,1242.79,197.72,138.09,534.61,1,-1,-1,-1
505,5,853.07,225.38,217.15,634.26,1,-1,-1,-1
505,3,105.83,163.59,340.77,827.44,1,-1,-1,-1
506,6,1248.60,188.86,144.64,542.40,1,-1,-1,-1
506,5,844.90,226.30,234.86,639.59,1,-1,-1,-1
506,3,111.86,163.67,338.29,807.93,1,-1,-1,-1
507,6,1253.18,195.29,165.35,543.69,1,-1,-1,-1
507,5,838.71,223.80,242.98,621.62,1,-1,-1,-1
507,3,121.43,165.98,330.57,794.00,1,-1,-1,-1
508,6,1260.85,194.95,174.09,546.14,1,-1,-1,-1
508,5,832.36,227.71,247.37,585.29,1,-1,-1,-1
508,3,128.49,168.28,327.85,778.04,1,-1,-1,-1
509,6,1265.75,194.86,194.66,550.19,1,-1,-1,-1
509,5,829.98,234.71,240.16,608.17,1,-1,-1,-1
509,3,147.54,175.42,314.56,765.76,1,-1,-1,-1
510,6,1273.43,200.78,195.75,545.37,1,-1,-1,-1
510,5,829.58,231.00,236.47,638.61,1,-1,-1,-1
510,3,152.97,175.89,316.13,762.47,1,-1,-1,-1
511,6,1291.22,197.95,184.69,557.28,1,-1,-1,-1
511,5,820.41,223.53,244.89,659.91,1,-1,-1,-1
511,3,161.53,177.97,306.42,753.84,1,-1,-1,-1
512,6,1287.00,202.00,219.00,576.00,1,-1,-1,-1
512,5,810.70,213.09,240.40,679.33,1,-1,-1,-1
512,3,172.45,179.22,305.31,746.63,1,-1,-1,-1
513,6,1299.12,202.70,214.85,575.03,1,-1,-1,-1
513,5,806.71,207.88,237.17,688.54,1,-1,-1,-1
513,3,181.70,182.85,301.51,740.01,1,-1,-1,-1
514,6,1311.10,199.49,213.44,574.41,1,-1,-1,-1
514,5,794.41,205.07,234.37,700.16,1,-1,-1,-1
514,3,190.54,186.29,301.75,731.71,1,-1,-1,-1
515,6,1322.78,193.58,214.40,582.34,1,-1,-1,-1
515,5,777.54,204.68,240.18,722.13,1,-1,-1,-1
515,3,201.88,191.17,297.52,722.52,1,-1,-1,-1
516,6,1326.56,191.71,219.91,589.20,1,-1,-1,-1
516,5,764.94,198.13,248.21,742.41,1,-1,-1,-1
516,3,206.15,188.53,293.56,709.48,1,-1,-1,-1
517,6,1335.94,195.39,226.21,590.75,1,-1,-1,-1
517,5,750.82,195.52,252.10,757.13,1,-1,-1,-1
517,3,216.64,192.09,287.94,689.08,1,-1,-1,-1
518,6,1344.99,193.10,241.95,598.64,1,-1,-1,-1
518,5,742.64,196.91,248.88,773.08,1,-1,-1,-1
518,3,230.62,189.44,275.30,679.91,1,-1,-1,-1
519,6,1350.27,191.28,247.05,605.99,1,-1,-1,-1
519,5,720.32,190.40,262.15,790.98,1,-1,-1,-1
519,3,240.52,190.11,274.15,670.95,1,-1,-1,-1
520,6,1357.06,191.90,243.65,611.72,1,-1,-1,-1
520,5,711.11,185.80,265.95,802.71,1,-1,-1,-1
520,3,243.90,198.34,270.79,661.37,1,-1,-1,-1
521,6,1364.53,188.56,253.87,624.29,1,-1,-1,-1
521,5,687.90,184.31,270.22,803.55,1,-1,-1,-1
521,3,254.82,198.07,266.38,657.86,1,-1,-1,-1
522,6,1376.90,183.98,263.77,633.62,1,-1,-1,-1
522,5,671.70,191.26,265.56,799.73,1,-1,-1,-1
522,3,266.22,197.91,270.36,656.06,1,-1,-1,-1
523,6,1388.25,181.66,257.88,642.60,1,-1,-1,-1
523,5,645.40,185.72,278.26,808.44,1,-1,-1,-1
523,3,277.59,209.00,272.60,646.27,1,-1,-1,-1
524,6,1396.97,180.32,253.77,638.87,1,-1,-1,-1
524,5,624.15,176.28,298.99,828.94,1,-1,-1,-1
524,3,317.00,227.00,248.00,641.00,1,-1,-1,-1
525,6,1401.08,181.87,251.79,631.63,1,-1,-1,-1
525,5,611.81,177.54,301.38,854.65,1,-1,-1,-1
525,3,322.51,228.77,242.51,636.33,1,-1,-1,-1
526,6,1404.83,174.81,244.87,650.28,1,-1,-1,-1
526,5,592.23,181.18,306.36,868.20,1,-1,-1,-1
526,3,335.25,231.13,234.44,629.89,1,-1,-1,-1
527,6,1410.51,175.77,237.17,664.46,1,-1,-1,-1
527,5,575.96,185.30,309.55,867.86,1,-1,-1,-1
527,3,348.21,230.05,226.79,629.11,1,-1,-1,-1
528,6,1403.09,159.78,239.05,695.88,1,-1,-1,-1
528,5,564.43,189.18,296.81,865.99,1,-1,-1,-1
528,3,360.37,224.14,224.86,626.79,1,-1,-1,-1
529,6,1399.12,168.35,241.72,693.56,1,-1,-1,-1
529,5,544.23,182.35,292.20,875.33,1,-1,-1,-1
529,3,372.40,219.73,223.22,623.26,1,-1,-1,-1
530,6,1390.34,172.69,244.44,697.93,1,-1,-1,-1
530,5,538.67,174.95,281.68,883.45,1,-1,-1,-1
530,3,382.71,224.24,217.87,613.94,1,-1,-1,-1
531,6,1383.91,156.04,241.05,721.81,1,-1,-1,-1
531,5,467.51,164.25,325.01,889.31,1,-1,-1,-1
531,3,409.37,215.47,205.43,615.05,1,-1,-1,-1
532,6,1369.26,164.64,250.99,716.05,1,-1,-1,-1
532,5,443.62,151.36,313.41,907.33,1,-1,-1,-1
532,3,411.52,209.34,237.96,615.05,1,-1,-1,-1
533,6,1361.06,169.00,242.61,702.60,1,-1,-1,-1
533,5,454.36,156.80,304.68,902.84,1,-1,-1,-1
533,3,464.21,215.63,242.42,626.58,1,-1,-1,-1
534,6,1354.52,166.75,235.35,697.42,1,-1,-1,-1
534,5,446.48,155.39,305.24,908.79,1,-1,-1,-1
534,3,482.40,213.84,246.97,638.33,1,-1,-1,-1
535,6,1334.14,160.11,238.62,705.37,1,-1,-1,-1
535,5,457.15,160.36,291.88,910.50,1,-1,-1,-1
535,3,489.82,217.59,251.60,650.30,1,-1,-1,-1
536,6,1307.07,162.42,254.37,714.51,1,-1,-1,-1
536,5,447.87,157.04,297.83,908.11,1,-1,-1,-1
536,3,474.71,221.41,256.31,662.49,1,-1,-1,-1
537,6,1288.46,162.89,263.20,718.22,1,-1,-1,-1
537,5,441.08,162.40,297.22,904.59,1,-1,-1,-1
537,3,465.10,219.53,261.12,674.91,1,-1,-1,-1
538,6,1261.85,168.62,281.90,720.87,1,-1,-1,-1
538,5,435.09,169.11,295.21,887.08,1,-1,-1,-1
538,3,458.24,217.61,266.02,687.56,1,-1,-1,-1
539,6,1256.11,169.92,271.09,720.85,1,-1,-1,-1
539,5,431.48,167.43,291.89,883.84,1,-1,-1,-1
539,3,451.25,218.65,271.00,700.46,1,-1,-1,-1
540,6,1251.13,171.37,275.84,726.74,1,-1,-1,-1
540,5,429.65,172.72,290.10,877.77,1,-1,-1,-1
540,3,444.14,219.71,276.08,713.59,1,-1,-1,-1
541,6,1237.07,168.60,270.31,735.13,1,-1,-1,-1
541,5,426.74,174.42,290.54,879.92,1,-1,-1,-1
542,6,1219.27,162.07,258.67,733.41,1,-1,-1,-1
542,5,421.89,185.66,298.69,873.73,1,-1,-1,-1
543,6,1206.85,163.55,244.69,729.75,1,-1,-1,-1
543,5,412.86,187.59,304.63,867.29,1,-1,-1,-1
544,6,1187.68,159.19,235.65,735.22,1,-1,-1,-1
544,5,395.71,194.26,316.76,856.63,1,-1,-1,-1
544,2,593.00,252.00,151.00,519.00,1,-1,-1,-1
545,6,1169.86,153.61,241.03,740.21,1,-1,-1,-1
545,5,391.64,202.83,312.20,841.41,1,-1,-1,-1
545,2,592.32,241.66,151.41,524.77,1,-1,-1,-1
546,6,1131.55,152.52,267.87,744.11,1,-1,-1,-1
546,5,374.40,200.18,310.27,850.12,1,-1,-1,-1
546,2,587.29,236.94,171.47,540.22,1,-1,-1,-1
547,6,1100.22,161.72,286.64,738.89,1,-1,-1,-1
547,5,350.09,199.60,317.89,849.39,1,-1,-1,-1
547,2,591.89,238.15,174.43,547.41,1,-1,-1,-1
548,6,1085.43,167.61,279.20,734.31,1,-1,-1,-1
548,5,338.42,204.02,328.29,850.10,1,-1,-1,-1
548,2,596.00,238.07,176.47,553.11,1,-1,-1,-1
549,6,1076.10,173.89,283.17,728.05,1,-1,-1,-1
549,5,331.79,194.30,334.77,856.84,1,-1,-1,-1
549,2,603.58,237.27,174.39,556.84,1,-1,-1,-1
550,6,1065.67,168.02,264.98,732.98,1,-1,-1,-1
550,5,334.39,189.88,320.82,863.53,1,-1,-1,-1
550,2,610.98,231.91,175.30,563.45,1,-1,-1,-1
551,6,1057.26,175.19,263.43,723.01,1,-1,-1,-1
551,5,337.27,180.35,327.39,876.34,1,-1,-1,-1
551,2,614.28,230.64,173.17,566.08,1,-1,-1,-1
552,6,1043.03,164.45,237.07,731.55,1,-1,-1,-1
552,5,353.78,180.61,324.73,877.01,1,-1,-1,-1
552,2,623.71,228.74,173.12,572.46,1,-1,-1,-1
553,6,1016.28,171.31,237.32,721.84,1,-1,-1,-1
553,5,370.94,183.89,322.73,869.30,1,-1,-1,-1
553,2,630.60,227.36,175.06,570.97,1,-1,-1,-1
554,6,990.36,178.05,241.45,725.56,1,-1,-1,-1
554,5,387.89,193.30,304.99,855.19,1,-1,-1,-1
554,2,635.67,227.31,184.00,569.19,1,-1,-1,-1
555,6,946.99,178.44,266.38,727.17,1,-1,-1,-1
555,5,405.62,198.71,297.70,843.93,1,-1,-1,-1
555,2,640.77,227.42,188.01,573.06,1,-1,-1,-1
556,6,911.01,183.39,296.57,721.43,1,-1,-1,-1
556,5,420.12,191.91,303.66,837.68,1,-1,-1,-1
556,2,650.11,226.78,191.40,582.10,1,-1,-1,-1
557,6,908.02,181.02,289.15,724.79,1,-1,-1,-1
557,5,429.78,190.99,302.67,836.03,1,-1,-1,-1
557,2,650.50,225.81,189.47,587.43,1,-1,-1,-1
558,6,899.11,178.24,290.40,742.79,1,-1,-1,-1
558,5,447.83,198.05,308.89,822.08,1,-1,-1,-1
558,2,665.30,228.15,183.58,585.47,1,-1,-1,-1
559,6,877.93,185.58,284.63,736.19,1,-1,-1,-1
559,5,474.99,196.83,286.57,814.69,1,-1,-1,-1
559,2,669.40,229.35,181.59,586.64,1,-1,-1,-1
560,6,872.70,182.51,249.23,744.89,1,-1,-1,-1
560,5,515.92,191.41,256.90,812.21,1,-1,-1,-1
560,2,677.53,229.70,183.26,598.51,1,-1,-1,-1
561,6,848.11,176.05,228.53,739.85,1,-1,-1,-1
561,5,532.77,186.92,281.42,815.67,1,-1,-1,-1
561,2,683.08,225.70,182.59,603.17,1,-1,-1,-1
562,6,846.00,172.00,187.00,734.00,1,-1,-1,-1
562,5,551.12,187.09,286.14,812.36,1,-1,-1,-1
562,2,686.25,217.72,179.97,599.52,1,-1,-1,-1
563,6,823.78,174.45,193.76,734.79,1,-1,-1,-1
563,5,566.75,191.43,286.58,800.89,1,-1,-1,-1
563,2,699.43,211.94,174.43,599.52,1,-1,-1,-1
564,6,796.85,180.54,199.64,724.73,1,-1,-1,-1
564,5,578.76,190.95,278.07,797.55,1,-1,-1,-1
564,2,744.07,201.64,174.43,599.52,1,-1,-1,-1
565,6,773.47,180.68,211.72,732.17,1,-1,-1,-1
565,5,593.61,178.09,271.70,805.18,1,-1,-1,-1
566,6,767.92,187.65,186.53,732.17,1,-1,-1,-1
566,5,619.52,174.60,318.88,801.62,1,-1,-1,-1
567,6,745.08,189.00,186.53,732.17,1,-1,-1,-1
567,5,624.26,181.62,324.65,807.34,1,-1,-1,-1
568,5,627.80,178.63,310.93,826.84,1,-1,-1,-1
569,5,636.30,187.58,279.68,827.33,1,-1,-1,-1
570,5,650.27,178.46,256.14,829.74,1,-1,-1,-1
571,5,648.98,170.72,256.21,854.87,1,-1,-1,-1
572,5,623.26,165.96,285.82,852.56,1,-1,-1,-1
573,5,602.88,170.56,316.13,845.65,1,-1,-1,-1
574,5,577.73,173.35,351.43,842.30,1,-1,-1,-1
575,7,818.00,194.00,122.00,144.00,1,-1,-1,-1
575,5,574.82,174.11,372.91,850.26,1,-1,-1,-1
576,7,825.95,198.60,122.00,144.00,1,-1,-1,-1
576,5,641.43,187.91,326.46,830.92,1,-1,-1,-1
576,3,491.00,187.00,269.00,712.00,1,-1,-1,-1
577,7,831.39,199.86,122.00,144.00,1,-1,-1,-1
577,5,652.56,187.39,317.83,818.49,1,-1,-1,-1
577,3,490.75,196.45,273.51,710.07,1,-1,-1,-1
578,5,677.09,179.57,310.17,823.34,1,-1,-1,-1
578,3,474.96,183.67,261.33,724.45,1,-1,-1,-1
579,5,745.16,184.54,265.47,794.89,1,-1,-1,-1
579,3,457.53,177.87,238.26,728.15,1,-1,-1,-1
579,2,633.00,212.00,243.00,697.00,1,-1,-1,-1
580,5,779.58,195.16,259.49,768.07,1,-1,-1,-1
580,3,429.53,169.57,235.19,732.85,1,-1,-1,-1
580,2,638.86,212.07,224.64,686.58,1,-1,-1,-1
581,5,811.42,207.02,239.66,751.85,1,-1,-1,-1
581,3,416.86,165.06,231.51,741.69,1,-1,-1,-1
581,2,634.58,208.09,240.89,699.19,1,-1,-1,-1
582,5,834.14,203.24,248.83,747.71,1,-1,-1,-1
582,3,380.84,167.22,256.66,746.18,1,-1,-1,-1
582,2,626.19,206.70,237.20,700.64,1,-1,-1,-1
583,5,841.69,201.29,261.21,752.93,1,-1,-1,-1
583,3,352.36,176.22,272.69,743.26,1,-1,-1,-1
583,2,617.79,205.39,240.46,710.71,1,-1,-1,-1
584,5,852.90,196.34,254.83,749.47,1,-1,-1,-1
584,3,313.36,173.38,305.24,758.64,1,-1,-1,-1
584,2,618.65,200.16,239.67,716.05,1,-1,-1,-1
585,4,873.00,209.00,236.00,715.00,1,-1,-1,-1
585,3,302.05,178.70,308.63,774.08,1,-1,-1,-1
585,2,613.89,197.08,243.98,729.55,1,-1,-1,-1
586,4,885.81,210.53,233.76,709.47,1,-1,-1,-1
586,3,291.09,178.76,299.46,784.42,1,-1,-1,-1
586,2,613.08,193.00,245.32,737.83,1,-1,-1,-1
587,4,901.22,212.68,234.19,698.44,1,-1,-1,-1
587,3,265.21,176.39,286.66,778.42,1,-1,-1,-1
587,2,612.19,186.84,247.81,749.48,1,-1,-1,-1
588,4,909.20,219.55,234.02,685.35,1,-1,-1,-1
588,3,244.83,174.64,286.22,782.32,1,-1,-1,-1
588,2,609.27,188.61,253.78,750.25,1,-1,-1,-1
589,4,918.78,220.66,239.51,674.10,1,-1,-1,-1
589,3,231.00,174.00,272.00,797.00,1,-1,-1,-1
589,2,609.29,189.27,257.03,762.01,1,-1,-1,-1
590,4,929.56,217.30,239.65,670.45,1,-1,-1,-1
590,3,210.86,172.16,275.92,806.10,1,-1,-1,-1
590,2,603.63,191.23,260.64,775.68,1,-1,-1,-1
591,4,940.34,214.89,238.27,667.42,1,-1,-1,-1
591,3,187.80,173.92,292.40,813.24,1,-1,-1,-1
591,2,597.14,190.60,263.59,787.15,1,-1,-1,-1
592,4,946.85,212.01,238.46,669.81,1,-1,-1,-1
592,3,169.02,174.48,305.95,823.07,1,-1,-1,-1
592,2,591.04,191.79,271.35,798.42,1,-1,-1,-1
593,4,952.41,213.28,237.42,670.53,1,-1,-1,-1
593,3,155.55,167.56,305.31,844.58,1,-1,-1,-1
593,2,583.95,187.79,280.85,826.36,1,-1,-1,-1
594,4,961.79,220.60,234.91,660.72,1,-1,-1,-1
594,3,134.85,167.20,316.46,864.32,1,-1,-1,-1
594,2,573.27,188.18,287.60,828.47,1,-1,-1,-1
595,4,969.46,223.85,232.81,647.45,1,-1,-1,-1
595,3,119.38,161.80,321.51,874.37,1,-1,-1,-1
595,2,563.07,180.18,297.32,843.70,1,-1,-1,-1
596,4,985.70,222.03,220.79,634.27,1,-1,-1,-1
596,3,108.90,154.99,327.74,883.94,1,-1,-1,-1
596,2,554.41,169.90,304.31,847.14,1,-1,-1,-1
597,4,991.80,228.88,216.95,619.26,1,-1,-1,-1
597,3,104.19,155.44,329.36,887.22,1,-1,-1,-1
597,2,548.73,173.88,309.50,855.71,1,-1,-1,-1
598,4,1005.64,223.87,207.06,613.11,1,-1,-1,-1
598,3,94.25,155.13,335.38,889.90,1,-1,-1,-1
598,2,541.86,172.57,316.94,860.53,1,-1,-1,-1
599,4,1023.05,223.31,197.58,615.79,1,-1,-1,-1
599,3,92.37,150.41,334.67,902.88,1,-1,-1,-1
599,2,537.94,171.14,318.26,870.15,1,-1,-1,-1
600,4,1034.66,220.92,199.63,612.85,1,-1,-1,-1
600,3,89.86,137.98,337.56,924.70,1,-1,-1,-1
600,2,536.85,167.32,321.63,885.73,1,-1,-1,-1
601,4,1042.89,223.52,213.40,607.88,1,-1,-1,-1
601,3,86.11,132.11,346.51,937.10,1,-1,-1,-1
601,2,538.42,167.18,323.78,886.01,1,-1,-1,-1
602,4,1056.21,231.11,206.48,595.60,1,-1,-1,-1
602,3,82.23,133.49,353.49,939.63,1,-1,-1,-1
602,2,537.70,167.69,322.43,889.43,1,-1,-1,-1
603,4,1064.92,229.95,210.00,595.34,1,-1,-1,-1
603,3,81.91,134.37,354.93,941.32,1,-1,-1,-1
603,2,536.89,170.24,326.99,904.12,1,-1,-1,-1
604,4,1069.91,238.81,217.99,581.68,1,-1,-1,-1
604,3,78.63,134.35,356.14,941.22,1,-1,-1,-1
604,2,546.14,162.56,325.00,907.23,1,-1,-1,-1
605,4,1092.47,228.79,196.72,590.77,1,-1,-1,-1
605,3,86.42,135.22,353.89,941.19,1,-1,-1,-1
605,2,558.06,155.03,323.19,917.51,1,-1,-1,-1
606,4,1101.58,221.13,193.20,592.49,1,-1,-1,-1
606,3,87.14,128.73,353.37,950.19,1,-1,-1,-1
606,2,563.35,150.74,325.74,924.11,1,-1,-1,-1
607,4,1120.55,222.02,179.34,592.58,1,-1,-1,-1
607,3,91.52,127.03,356.81,951.43,1,-1,-1,-1
607,2,572.11,145.33,334.78,929.64,1,-1,-1,-1
608,4,1135.15,223.61,174.11,593.67,1,-1,-1,-1
608,3,100.36,120.79,361.73,948.94,1,-1,-1,-1
608,2,573.85,148.34,341.87,930.60,1,-1,-1,-1
609,4,1142.25,223.94,177.45,585.96,1,-1,-1,-1
609,3,123.28,110.64,360.95,968.23,1,-1,-1,-1
609,2,571.46,143.25,349.62,947.55,1,-1,-1,-1
610,4,1147.26,224.44,186.37,580.44,1,-1,-1,-1
610,3,142.54,107.18,364.67,970.38,1,-1,-1,-1
610,2,573.71,132.06,360.92,963.53,1,-1,-1,-1
611,6,170.00,77.00,357.00,997.00,1,-1,-1,-1
611,4,1158.50,225.23,185.62,580.27,1,-1,-1,-1
611,2,586.49,128.79,359.79,964.91,1,-1,-1,-1
612,6,193.38,80.05,340.52,995.98,1,-1,-1,-1
612,4,1164.75,227.28,196.11,575.61,1,-1,-1,-1
612,2,600.83,128.83,356.70,963.46,1,-1,-1,-1
613,6,228.73,83.46,327.37,985.02,1,-1,-1,-1
613,4,1171.77,226.38,195.87,575.56,1,-1,-1,-1
613,2,618.73,143.57,356.41,936.48,1,-1,-1,-1
614,6,254.76,80.66,321.13,984.84,1,-1,-1,-1
614,4,1176.25,227.05,193.82,571.95,1,-1,-1,-1
614,2,645.20,137.44,345.21,943.80,1,-1,-1,-1
615,6,290.49,75.53,313.85,983.46,1,-1,-1,-1
615,4,1179.52,229.93,195.59,567.20,1,-1,-1,-1
615,2,659.57,127.00,336.42,959.42,1,-1,-1,-1
616,6,298.62,74.82,328.59,985.14,1,-1,-1,-1
616,4,1183.62,231.57,195.30,566.35,1,-1,-1,-1
616,2,665.80,113.87,341.92,984.74,1,-1,-1,-1
617,6,326.80,84.69,336.00,979.20,1,-1,-1,-1
617,4,1186.45,233.71,195.25,565.23,1,-1,-1,-1
617,2,682.98,109.51,339.15,980.35,1,-1,-1,-1
618,6,355.47,87.02,342.37,977.10,1,-1,-1,-1
618,4,1190.33,234.06,196.64,564.56,1,-1,-1,-1
618,2,710.25,112.31,327.70,983.98,1,-1,-1,-1
619,6,382.30,85.67,346.46,973.11,1,-1,-1,-1
619,4,1201.70,236.26,192.77,565.11,1,-1,-1,-1
619,2,746.49,100.71,321.51,986.00,1,-1,-1,-1
620,6,396.60,87.50,378.13,973.00,1,-1,-1,-1
620,4,1204.95,241.34,197.09,551.63,1,-1,-1,-1
620,2,815.00,62.00,311.00,1011.00,1,-1,-1,-1
621,6,432.74,95.43,381.24,965.32,1,-1,-1,-1
621,4,1221.74,239.51,189.52,547.90,1,-1,-1,-1
621,2,841.82,72.12,335.54,1008.22,1,-1,-1,-1
622,6,468.96,97.15,345.43,976.01,1,-1,-1,-1
622,4,1236.60,238.21,178.89,543.96,1,-1,-1,-1
622,2,864.06,142.08,379.30,937.27,1,-1,-1,-1
623,6,489.57,103.35,335.96,965.38,1,-1,-1,-1
623,4,1237.80,241.66,177.68,532.65,1,-1,-1,-1
623,2,890.77,77.37,368.64,989.31,1,-1,-1,-1
624,6,525.72,89.46,324.05,977.51,1,-1,-1,-1
624,4,1242.35,246.84,172.88,520.82,1,-1,-1,-1
624,2,914.08,77.60,376.19,1011.11,1,-1,-1,-1
625,6,550.88,80.14,323.42,979.54,1,-1,-1,-1
625,4,1253.00,247.00,182.00,503.00,1,-1,-1,-1
625,2,957.68,96.83,367.25,1003.22,1,-1,-1,-1
626,8,600.00,75.00,308.00,990.00,1,-1,-1,-1
626,4,1261.65,242.76,177.55,526.32,1,-1,-1,-1
626,2,1005.69,70.40,333.14,1019.05,1,-1,-1,-1
627,8,622.83,81.57,318.33,987.65,1,-1,-1,-1
627,4,1262.91,227.15,179.02,495.19,1,-1,-1,-1
627,2,1059.11,70.78,347.20,1009.55,1,-1,-1,-1
628,8,652.13,84.18,323.18,985.86,1,-1,-1,-1
628,6,760.00,50.00,644.00,1012.00,1,-1,-1,-1
628,4,1267.91,240.35,179.17,495.19,1,-1,-1,-1
628,2,1096.44,65.36,328.82,1003.08,1,-1,-1,-1
629,8,670.47,125.83,314.60,932.03,1,-1,-1,-1
629,6,778.08,47.42,644.00,1012.00,1,-1,-1,-1
629,4,1266.90,241.36,179.17,495.19,1,-1,-1,-1
629,2,1114.91,51.24,327.63,1013.84,1,-1,-1,-1
630,8,701.90,122.19,310.69,929.88,1,-1,-1,-1
630,6,784.54,49.94,593.19,1009.52,1,-1,-1,-1
630,4,1271.97,236.29,179.17,495.19,1,-1,-1,-1
630,2,1139.59,44.67,335.16,1027.83,1,-1,-1,-1
631,8,732.28,151.18,302.76,892.16,1,-1,-1,-1
631,6,832.14,37.49,642.42,1009.52,1,-1,-1,-1
631,4,1287.20,231.21,179.17,495.19,1,-1,-1,-1
631,2,1165.56,59.28,345.47,1013.92,1,-1,-1,-1
632,8,774.95,121.75,287.11,899.76,1,-1,-1,-1
632,6,860.48,45.22,642.42,1009.52,1,-1,-1,-1
632,2,1198.36,58.61,347.28,1022.67,1,-1,-1,-1
633,8,814.83,72.36,266.67,969.01,1,-1,-1,-1
633,2,1230.75,59.79,341.46,1032.14,1,-1,-1,-1
634,8,835.40,70.53,285.61,975.41,1,-1,-1,-1
634,2,1253.23,74.44,354.73,1012.58,1,-1,-1,-1
635,8,853.02,69.14,308.04,978.95,1,-1,-1,-1
635,2,1288.70,77.91,361.23,1004.01,1,-1,-1,-1
636,8,897.49,53.43,300.69,1000.15,1,-1,-1,-1
636,2,1312.86,75.87,375.91,1009.61,1,-1,-1,-1
637,8,921.98,59.46,307.09,1002.78,1,-1,-1,-1
637,5,1285.00,237.00,135.00,524.00,1,-1,-1,-1
637,2,1351.96,73.09,389.16,1022.07,1,-1,-1,-1
638,8,935.59,65.18,307.06,997.73,1,-1,-1,-1
638,5,1288.43,240.07,140.46,517.48,1,-1,-1,-1
638,2,1357.87,101.35,401.39,989.78,1,-1,-1,-1
639,8,952.19,62.07,309.77,1008.45,1,-1,-1,-1
639,5,1292.28,231.98,151.23,540.18,1,-1,-1,-1
639,2,1398.37,82.49,389.44,1009.53,1,-1,-1,-1
640,8,978.69,77.89,324.79,983.50,1,-1,-1,-1
640,5,1295.56,225.09,167.59,543.95,1,-1,-1,-1
640,2,1432.02,62.09,405.86,1026.69,1,-1,-1,-1
641,8,1017.55,62.72,303.03,1001.13,1,-1,-1,-1
641,5,1303.83,217.27,169.17,570.29,1,-1,-1,-1
641,2,1426.00,33.00,479.00,1040.00,1,-1,-1,-1
642,8,1052.68,54.95,304.37,1010.20,1,-1,-1,-1
642,5,1301.56,211.77,168.36,592.70,1,-1,-1,-1
642,2,1446.69,49.64,473.70,1024.49,1,-1,-1,-1
643,8,1093.82,64.17,320.83,1002.82,1,-1,-1,-1
643,5,1304.63,211.01,172.67,580.29,1,-1,-1,-1
643,2,1462.96,60.71,468.07,1012.85,1,-1,-1,-1
644,8,1142.03,46.16,329.91,991.08,1,-1,-1,-1
644,5,1327.12,215.38,155.80,578.88,1,-1,-1,-1
644,2,1477.15,70.91,460.45,995.54,1,-1,-1,-1
645,8,1165.48,63.36,320.59,984.64,1,-1,-1,-1
645,5,1233.86,139.40,151.94,589.73,1,-1,-1,-1
645,2,1491.17,81.14,449.42,981.66,1,-1,-1,-1
646,8,1180.53,48.16,322.51,1001.61,1,-1,-1,-1
646,2,1505.36,86.17,440.24,979.92,1,-1,-1,-1
647,8,1206.70,44.23,319.65,990.23,1,-1,-1,-1
647,2,1520.12,75.43,427.40,976.22,1,-1,-1,-1
648,8,1230.95,59.18,325.20,970.37,1,-1,-1,-1
648,2,1526.33,70.65,420.60,978.11,1,-1,-1,-1
649,8,1243.11,58.37,336.42,981.47,1,-1,-1,-1
649,2,1531.77,61.58,418.57,985.87,1,-1,-1,-1
650,8,1243.44,77.09,349.49,966.96,1,-1,-1,-1
650,5,1213.00,238.00,151.00,576.00,1,-1,-1,-1
650,2,1540.67,66.88,406.71,971.66,1,-1,-1,-1
651,8,1269.35,71.30,346.90,969.83,1,-1,-1,-1
651,5,1209.00,220.98,167.88,590.60,1,-1,-1,-1
651,2,1551.05,69.84,400.19,967.28,1,-1,-1,-1
652,8,1340.34,55.08,321.86,980.64,1,-1,-1,-1
652,5,1187.48,221.39,170.97,608.07,1,-1,-1,-1
652,2,1555.92,70.90,398.31,965.10,1,-1,-1,-1
653,5,1160.05,218.97,186.51,616.43,1,-1,-1,-1
653,3,1339.00,49.00,350.00,1029.00,1,-1,-1,-1
653,2,1575.55,81.12,380.37,946.92,1,-1,-1,-1
654,5,1119.04,223.70,224.08,613.04,1,-1,-1,-1
654,3,1362.38,59.74,362.93,1021.98,1,-1,-1,-1
654,2,1588.58,83.06,363.97,934.15,1,-1,-1,-1
655,5,1103.32,227.41,225.56,611.43,1,-1,-1,-1
655,3,1383.45,90.44,349.53,992.40,1,-1,-1,-1
655,2,1606.03,85.87,346.66,928.05,1,-1,-1,-1
656,5,1084.75,230.47,220.67,610.86,1,-1,-1,-1
656,3,1402.72,74.31,358.80,998.51,1,-1,-1,-1
656,2,1626.64,98.21,330.38,918.17,1,-1,-1,-1
657,5,1072.45,236.88,191.74,600.65,1,-1,-1,-1
657,3,1419.45,77.99,379.50,993.33,1,-1,-1,-1
657,2,1626.50,107.27,331.85,893.76,1,-1,-1,-1
658,5,1056.05,220.91,171.29,601.72,1,-1,-1,-1
658,3,1439.86,88.41,397.74,984.54,1,-1,-1,-1
658,2,1700.00,127.00,212.00,668.00,1,-1,-1,-1
659,5,1029.70,218.85,165.66,621.27,1,-1,-1,-1
659,3,1468.08,76.63,397.93,990.62,1,-1,-1,-1
659,2,1719.67,120.44,212.00,668.00,1,-1,-1,-1
660,5,1010.41,222.74,178.60,608.80,1,-1,-1,-1
660,3,1487.85,70.32,384.76,1004.36,1,-1,-1,-1
660,2,1723.60,113.89,212.00,668.00,1,-1,-1,-1
661,5,981.83,230.30,194.74,610.85,1,-1,-1,-1
661,3,1521.52,72.89,373.24,998.60,1,-1,-1,-1
662,5,951.35,228.24,214.80,614.58,1,-1,-1,-1
662,3,1544.10,64.57,353.14,999.23,1,-1,-1,-1
663,5,925.92,231.84,227.02,608.27,1,-1,-1,-1
663,3,1548.16,60.87,351.90,994.21,1,-1,-1,-1
664,5,914.39,237.48,220.69,602.71,1,-1,-1,-1
664,3,1554.51,78.36,343.36,982.42,1,-1,-1,-1
665,5,906.59,232.52,204.77,611.80,1,-1,-1,-1
665,3,1556.75,80.02,342.57,977.45,1,-1,-1,-1
666,5,896.65,223.18,191.27,612.11,1,-1,-1,-1
666,3,1550.13,101.39,350.07,969.08,1,-1,-1,-1
667,5,883.44,222.71,167.53,617.28,1,-1,-1,-1
667,3,1555.26,95.30,342.78,957.44,1,-1,-1,-1
667,2,1559.00,164.00,166.00,559.00,1,-1,-1,-1
