24,1,2.74,285.21,91.10,583.26,-1,-1,-1,-1
25,1,9.49,264.67,94.55,602.62,-1,-1,-1,-1
26,1,13.57,247.94,98.13,620.49,-1,-1,-1,-1
27,1,22.10,246.63,98.84,613.81,-1,-1,-1,-1
28,1,28.68,244.45,101.06,610.04,-1,-1,-1,-1
29,1,33.12,242.40,105.15,612.59,-1,-1,-1,-1
30,1,33.70,240.52,108.73,610.15,-1,-1,-1,-1
31,1,33.60,239.32,113.16,611.56,-1,-1,-1,-1
32,1,37.81,238.17,117.76,606.33,-1,-1,-1,-1
33,1,44.97,234.78,125.56,611.18,-1,-1,-1,-1
34,1,51.30,237.60,132.25,607.23,-1,-1,-1,-1
35,1,63.46,240.91,140.18,605.02,-1,-1,-1,-1
36,1,81.37,244.96,147.97,603.00,-1,-1,-1,-1
37,1,98.78,245.50,156.12,603.93,-1,-1,-1,-1
38,1,106.25,246.44,163.56,604.48,-1,-1,-1,-1
39,1,116.57,243.38,170.73,606.13,-1,-1,-1,-1
40,1,127.20,239.50,177.23,605.82,-1,-1,-1,-1
41,1,135.69,235.75,185.14,613.31,-1,-1,-1,-1
42,1,141.45,231.22,193.91,626.91,-1,-1,-1,-1
43,1,142.59,229.22,203.12,642.45,-1,-1,-1,-1
44,1,144.49,231.37,211.64,656.07,-1,-1,-1,-1
45,1,146.34,235.46,217.85,662.53,-1,-1,-1,-1
46,1,146.24,234.90,226.18,676.81,-1,-1,-1,-1
47,1,143.45,232.35,233.65,689.31,-1,-1,-1,-1
48,1,139.07,228.19,239.54,697.74,-1,-1,-1,-1
49,1,136.30,222.93,244.91,705.96,-1,-1,-1,-1
50,1,135.55,217.42,249.97,711.79,-1,-1,-1,-1
51,1,134.98,215.21,253.94,713.46,-1,-1,-1,-1
52,1,132.89,208.58,260.09,720.58,-1,-1,-1,-1
53,1,129.61,207.62,266.91,729.35,-1,-1,-1,-1
54,1,129.27,210.76,272.87,736.47,-1,-1,-1,-1
55,1,127.01,212.85,281.49,754.80,-1,-1,-1,-1
56,1,127.36,210.94,288.51,770.67,-1,-1,-1,-1
57,1,131.64,205.01,294.51,784.04,-1,-1,-1,-1
58,1,133.17,195.99,301.45,800.34,-1,-1,-1,-1
59,1,134.29,190.60,305.67,807.36,-1,-1,-1,-1
60,1,133.65,186.26,312.20,821.41,-1,-1,-1,-1
61,1,132.03,184.10,318.59,837.71,-1,-1,-1,-1
62,1,128.19,184.73,330.19,870.46,-1,-1,-1,-1
63,1,126.49,185.79,336.56,886.78,-1,-1,-1,-1
64,1,126.05,188.21,339.17,892.19,-1,-1,-1,-1
65,1,128.57,181.60,339.45,887.65,-1,-1,-1,-1
66,1,131.31,173.59,341.36,885.35,-1,-1,-1,-1
67,1,130.55,155.59,358.40,928.44,-1,-1,-1,-1
68,1,131.15,135.94,368.71,952.96,-1,-1,-1,-1
69,1,134.73,131.42,372.89,960.23,-1,-1,-1,-1
70,1,137.68,123.64,376.42,966.68,-1,-1,-1,-1
71,1,147.79,125.68,375.53,963.97,-1,-1,-1,-1
72,1,170.95,131.19,370.98,947.04,-1,-1,-1,-1
73,1,196.20,137.97,370.45,943.95,-1,-1,-1,-1
74,1,210.36,140.87,371.54,941.01,-1,-1,-1,-1
75,1,229.37,120.44,377.41,953.13,-1,-1,-1,-1
76,1,249.55,114.61,389.54,978.53,-1,-1,-1,-1
77,1,277.45,91.03,394.64,989.18,-1,-1,-1,-1
78,1,297.18,80.30,398.80,992.32,-1,-1,-1,-1
79,1,326.28,80.86,406.63,997.74,-1,-1,-1,-1
80,1,358.91,81.88,409.67,989.55,-1,-1,-1,-1
81,1,389.37,90.81,412.88,986.34,-1,-1,-1,-1
82,1,423.75,92.03,413.28,974.38,-1,-1,-1,-1
83,1,446.95,92.75,422.89,988.91,-1,-1,-1,-1
84,1,472.53,91.15,428.22,999.91,-1,-1,-1,-1
85,1,509.41,80.91,426.48,1003.10,-1,-1,-1,-1
86,1,538.84,72.37,415.07,980.47,-1,-1,-1,-1
87,1,570.10,64.63,417.24,993.15,-1,-1,-1,-1
88,1,614.88,60.10,418.59,1000.37,-1,-1,-1,-1
89,1,649.38,53.96,421.62,1012.14,-1,-1,-1,-1
90,1,677.09,49.33,427.95,1033.93,-1,-1,-1,-1
91,1,713.49,66.64,430.49,1046.83,-1,-1,-1,-1
92,1,763.70,63.15,421.34,1028.62,-1,-1,-1,-1
93,1,825.49,60.84,418.45,1027.41,-1,-1,-1,-1
94,1,869.75,61.58,415.22,1023.92,-1,-1,-1,-1
95,1,917.02,60.14,412.85,1021.71,-1,-1,-1,-1
96,1,964.82,60.00,410.99,1016.46,-1,-1,-1,-1
97,1,1012.06,63.54,410.54,1012.00,-1,-1,-1,-1
98,1,1041.10,64.58,413.05,1013.83,-1,-1,-1,-1
99,1,1078.62,67.03,413.93,1011.92,-1,-1,-1,-1
100,1,1117.12,80.93,411.28,1000.81,-1,-1,-1,-1
101,1,1155.92,81.87,412.77,998.29,-1,-1,-1,-1
102,1,1185.05,84.72,417.48,1001.12,-1,-1,-1,-1
103,1,1222.67,80.49,417.66,997.41,-1,-1,-1,-1
104,1,1260.41,80.21,416.45,994.57,-1,-1,-1,-1
105,1,1287.88,69.14,427.11,1016.59,-1,-1,-1,-1
106,1,1321.36,70.83,425.75,1011.15,-1,-1,-1,-1
107,1,1337.67,71.61,424.96,1005.90,-1,-1,-1,-1
108,1,1356.35,70.00,424.78,1000.00,-1,-1,-1,-1
109,1,1374.54,74.58,422.76,989.98,-1,-1,-1,-1
110,1,1391.36,88.90,421.31,976.70,-1,-1,-1,-1
111,1,1405.83,101.61,420.88,970.15,-1,-1,-1,-1
112,1,1418.60,106.59,423.30,973.15,-1,-1,-1,-1
113,1,1431.66,103.93,421.72,972.75,-1,-1,-1,-1
114,1,1442.47,104.58,418.26,970.03,-1,-1,-1,-1
115,1,1445.47,107.61,416.39,970.46,-1,-1,-1,-1
116,1,1454.17,119.94,411.89,967.70,-1,-1,-1,-1
117,1,1457.77,115.37,407.16,964.77,-1,-1,-1,-1
118,1,1461.34,119.57,401.87,961.84,-1,-1,-1,-1
119,1,1466.05,129.37,394.44,952.56,-1,-1,-1,-1
120,1,1474.81,138.14,380.09,924.17,-1,-1,-1,-1
121,1,1479.75,143.96,367.78,902.41,-1,-1,-1,-1
122,1,1478.75,147.81,357.73,885.03,-1,-1,-1,-1
122,2,19.12,279.00,109.10,543.16,-1,-1,-1,-1
123,1,1475.97,147.95,346.67,863.15,-1,-1,-1,-1
123,2,27.25,237.90,116.49,574.17,-1,-1,-1,-1
124,1,1472.59,148.67,341.11,855.80,-1,-1,-1,-1
124,2,29.47,225.97,121.52,590.52,-1,-1,-1,-1
125,1,1467.24,149.98,335.32,848.22,-1,-1,-1,-1
125,2,35.82,226.27,123.91,587.95,-1,-1,-1,-1
126,1,1462.22,158.49,325.80,828.41,-1,-1,-1,-1
126,2,36.64,221.41,131.71,609.06,-1,-1,-1,-1
127,1,1450.20,166.12,318.20,812.52,-1,-1,-1,-1
127,2,36.54,212.42,138.97,624.63,-1,-1,-1,-1
128,1,1441.97,174.28,308.91,790.38,-1,-1,-1,-1
128,2,40.58,206.97,144.44,628.49,-1,-1,-1,-1
129,1,1428.24,179.44,301.21,771.07,-1,-1,-1,-1
129,2,46.81,204.86,151.49,636.01,-1,-1,-1,-1
130,1,1412.37,179.44,293.69,756.35,-1,-1,-1,-1
130,2,51.54,204.25,158.53,641.73,-1,-1,-1,-1
131,1,1395.81,180.27,282.60,730.58,-1,-1,-1,-1
131,2,56.91,203.92,167.23,652.56,-1,-1,-1,-1
132,1,1381.00,180.53,277.99,721.24,-1,-1,-1,-1
132,2,59.71,205.80,174.49,657.33,-1,-1,-1,-1
133,1,1365.06,181.59,275.91,720.41,-1,-1,-1,-1
133,2,67.38,206.38,183.42,669.07,-1,-1,-1,-1
134,1,1348.99,181.83,272.31,716.75,-1,-1,-1,-1
134,2,73.69,203.90,191.35,676.53,-1,-1,-1,-1
135,1,1339.92,184.87,268.55,712.03,-1,-1,-1,-1
135,2,76.61,200.37,199.75,683.49,-1,-1,-1,-1
136,1,1326.88,193.55,264.08,699.46,-1,-1,-1,-1
136,2,80.82,194.50,207.11,688.73,-1,-1,-1,-1
137,1,1312.71,200.95,262.54,695.08,-1,-1,-1,-1
137,2,83.87,189.21,217.24,701.00,-1,-1,-1,-1
138,1,1298.71,201.98,259.76,687.35,-1,-1,-1,-1
138,2,93.01,189.59,226.18,708.59,-1,-1,-1,-1
139,1,1286.44,206.48,251.32,663.94,-1,-1,-1,-1
139,2,98.71,189.84,234.85,718.06,-1,-1,-1,-1
140,1,1275.33,207.40,247.88,655.07,-1,-1,-1,-1
140,2,99.07,190.60,241.60,724.44,-1,-1,-1,-1
141,1,1263.20,208.46,242.88,646.22,-1,-1,-1,-1
141,2,100.23,188.83,249.96,737.49,-1,-1,-1,-1
142,1,1245.06,208.51,235.67,629.12,-1,-1,-1,-1
142,2,107.48,186.77,256.73,746.46,-1,-1,-1,-1
143,1,1226.93,207.13,230.95,617.25,-1,-1,-1,-1
143,2,110.95,182.18,262.88,754.43,-1,-1,-1,-1
144,1,1213.31,209.00,230.56,616.11,-1,-1,-1,-1
144,2,110.84,177.96,267.10,758.03,-1,-1,-1,-1
145,1,1186.47,213.93,226.84,604.11,-1,-1,-1,-1
145,2,106.11,167.72,275.91,778.97,-1,-1,-1,-1
146,1,1171.29,216.63,226.10,599.14,-1,-1,-1,-1
146,2,103.52,163.04,284.09,800.17,-1,-1,-1,-1
147,1,1157.52,219.19,227.11,598.78,-1,-1,-1,-1
147,2,100.38,160.14,293.79,827.36,-1,-1,-1,-1
148,1,1137.10,219.11,224.82,589.45,-1,-1,-1,-1
148,2,97.53,157.73,302.69,852.45,-1,-1,-1,-1
149,1,1117.11,217.62,222.93,583.82,-1,-1,-1,-1
149,2,91.67,156.14,315.17,889.80,-1,-1,-1,-1
150,1,1093.37,220.09,222.35,583.83,-1,-1,-1,-1
150,2,89.89,152.03,318.89,897.01,-1,-1,-1,-1
151,1,1065.56,219.94,223.37,588.33,-1,-1,-1,-1
151,2,90.11,145.70,322.83,904.62,-1,-1,-1,-1
152,1,1042.73,221.69,220.66,579.87,-1,-1,-1,-1
152,2,92.57,137.37,332.38,929.30,-1,-1,-1,-1
153,1,1020.13,222.11,220.15,575.27,-1,-1,-1,-1
153,2,93.95,125.93,339.57,946.42,-1,-1,-1,-1
154,1,1004.64,222.26,221.39,575.01,-1,-1,-1,-1
154,2,94.85,111.63,350.35,970.08,-1,-1,-1,-1
155,1,991.18,222.13,223.25,577.86,-1,-1,-1,-1
155,2,96.85,112.25,356.33,973.85,-1,-1,-1,-1
156,1,978.71,229.06,220.10,567.33,-1,-1,-1,-1
156,2,99.36,113.68,361.09,978.30,-1,-1,-1,-1
157,1,959.36,232.99,216.54,557.35,-1,-1,-1,-1
157,2,106.92,115.68,361.56,974.93,-1,-1,-1,-1
158,1,947.79,233.07,216.05,556.35,-1,-1,-1,-1
158,2,114.75,109.55,364.41,975.64,-1,-1,-1,-1
159,1,928.07,230.03,215.19,555.93,-1,-1,-1,-1
159,2,119.95,99.56,370.63,985.23,-1,-1,-1,-1
160,1,902.17,229.06,212.51,551.74,-1,-1,-1,-1
160,2,128.13,84.46,375.43,991.59,-1,-1,-1,-1
161,1,883.26,227.26,211.89,553.50,-1,-1,-1,-1
161,2,138.70,71.83,381.46,1005.40,-1,-1,-1,-1
162,1,863.21,230.52,211.14,549.85,-1,-1,-1,-1
162,2,151.19,66.82,384.06,1012.31,-1,-1,-1,-1
163,1,840.17,230.90,212.32,550.28,-1,-1,-1,-1
163,2,169.94,69.50,386.72,1015.00,-1,-1,-1,-1
164,1,825.92,230.82,213.89,550.27,-1,-1,-1,-1
164,2,180.93,62.72,388.34,1016.04,-1,-1,-1,-1
165,1,810.89,236.67,214.24,548.10,-1,-1,-1,-1
165,2,193.13,59.08,390.21,1015.35,-1,-1,-1,-1
166,1,790.94,236.38,216.50,551.98,-1,-1,-1,-1
166,2,214.69,62.64,395.03,1021.83,-1,-1,-1,-1
167,1,772.21,233.79,218.83,556.61,-1,-1,-1,-1
167,2,236.25,63.90,393.13,1009.48,-1,-1,-1,-1
168,1,756.27,233.59,218.63,559.45,-1,-1,-1,-1
168,2,255.63,60.85,396.07,1008.29,-1,-1,-1,-1
169,1,737.41,234.17,216.73,561.82,-1,-1,-1,-1
169,2,275.64,54.67,404.78,1030.03,-1,-1,-1,-1
170,1,717.48,233.40,215.91,561.72,-1,-1,-1,-1
170,2,307.06,36.33,411.71,1044.28,-1,-1,-1,-1
171,1,694.65,235.68,216.79,564.33,-1,-1,-1,-1
171,2,350.44,25.89,417.94,1054.24,-1,-1,-1,-1
172,1,674.37,235.65,217.74,564.80,-1,-1,-1,-1
172,2,391.92,17.51,421.57,1062.36,-1,-1,-1,-1
173,2,458.53,28.75,417.10,1051.75,-1,-1,-1,-1
174,2,498.98,31.96,414.09,1047.84,-1,-1,-1,-1
175,2,558.81,30.27,415.42,1050.51,-1,-1,-1,-1
176,2,621.33,34.08,414.15,1046.44,-1,-1,-1,-1
177,2,672.18,33.83,412.86,1048.63,-1,-1,-1,-1
177,1,561.27,232.22,225.43,581.91,-1,-1,-1,-1
178,2,720.20,19.24,405.10,1038.50,-1,-1,-1,-1
178,1,542.47,227.96,228.11,590.02,-1,-1,-1,-1
179,2,764.95,16.28,401.28,1031.27,-1,-1,-1,-1
179,1,523.01,226.07,230.77,596.37,-1,-1,-1,-1
180,2,799.36,18.02,397.95,1025.04,-1,-1,-1,-1
180,1,510.05,229.75,232.69,599.06,-1,-1,-1,-1
181,2,830.61,27.46,405.09,1050.11,-1,-1,-1,-1
181,1,485.25,232.41,238.36,612.14,-1,-1,-1,-1
182,2,876.52,30.93,403.49,1054.84,-1,-1,-1,-1
182,1,462.13,233.81,244.77,625.21,-1,-1,-1,-1
183,2,927.19,28.25,397.28,1041.04,-1,-1,-1,-1
183,1,441.05,234.02,251.54,638.82,-1,-1,-1,-1
184,2,986.04,19.93,397.11,1037.22,-1,-1,-1,-1
184,1,418.93,233.00,256.99,650.76,-1,-1,-1,-1
185,2,1037.95,26.08,397.85,1038.92,-1,-1,-1,-1
185,1,398.06,228.76,259.41,660.64,-1,-1,-1,-1
186,2,1085.78,29.45,408.31,1056.04,-1,-1,-1,-1
186,1,382.60,228.34,257.97,662.13,-1,-1,-1,-1
187,2,1115.11,11.40,417.13,1066.90,-1,-1,-1,-1
187,1,370.53,225.70,255.97,661.41,-1,-1,-1,-1
188,2,1154.06,18.67,414.97,1049.26,-1,-1,-1,-1
188,1,350.93,225.49,254.50,661.25,-1,-1,-1,-1
189,2,1173.09,10.65,424.21,1058.82,-1,-1,-1,-1
189,1,334.17,223.75,257.81,672.98,-1,-1,-1,-1
190,2,1203.03,27.80,429.28,1059.05,-1,-1,-1,-1
190,1,308.69,222.55,259.86,678.59,-1,-1,-1,-1
191,2,1227.57,12.89,438.24,1068.92,-1,-1,-1,-1
191,1,283.77,221.66,263.93,687.88,-1,-1,-1,-1
192,2,1262.70,41.59,426.75,1033.61,-1,-1,-1,-1
192,1,266.51,222.50,267.67,698.66,-1,-1,-1,-1
193,2,1284.32,20.81,437.04,1057.70,-1,-1,-1,-1
193,1,248.06,219.14,272.19,712.29,-1,-1,-1,-1
194,2,1318.44,50.99,426.99,1032.02,-1,-1,-1,-1
194,1,234.32,216.44,276.71,724.33,-1,-1,-1,-1
195,2,1339.82,42.79,427.80,1035.42,-1,-1,-1,-1
195,1,213.70,212.01,281.51,737.38,-1,-1,-1,-1
196,2,1357.65,51.28,427.18,1038.51,-1,-1,-1,-1
196,1,187.48,204.57,288.20,753.25,-1,-1,-1,-1
197,2,1382.17,58.89,419.83,1024.59,-1,-1,-1,-1
197,1,167.80,203.02,292.22,758.94,-1,-1,-1,-1
198,2,1400.51,58.80,413.95,1016.04,-1,-1,-1,-1
198,1,149.27,200.34,300.84,774.75,-1,-1,-1,-1
199,2,1411.21,65.04,409.42,1008.25,-1,-1,-1,-1
199,1,133.47,199.53,311.42,797.83,-1,-1,-1,-1
200,2,1422.16,74.52,405.39,1001.67,-1,-1,-1,-1
200,1,109.09,195.36,325.48,830.51,-1,-1,-1,-1
201,2,1434.63,89.71,398.12,987.36,-1,-1,-1,-1
201,1,91.01,195.21,331.85,843.81,-1,-1,-1,-1
202,2,1452.40,88.67,394.79,984.80,-1,-1,-1,-1
202,1,74.07,195.17,338.18,861.95,-1,-1,-1,-1
203,2,1470.68,90.71,390.63,976.14,-1,-1,-1,-1
203,1,60.37,189.99,343.88,875.64,-1,-1,-1,-1
204,2,1482.62,87.89,386.43,967.49,-1,-1,-1,-1
204,1,47.30,182.47,346.96,883.83,-1,-1,-1,-1
205,2,1493.80,94.27,376.64,946.30,-1,-1,-1,-1
205,1,34.28,177.73,348.85,893.26,-1,-1,-1,-1
206,2,1498.77,96.78,371.34,936.36,-1,-1,-1,-1
206,1,23.88,171.83,349.50,895.49,-1,-1,-1,-1
207,2,1499.94,99.92,367.34,930.79,-1,-1,-1,-1
207,1,11.42,168.42,352.44,903.68,-1,-1,-1,-1
208,2,1500.07,105.36,363.73,927.02,-1,-1,-1,-1
208,1,4.66,165.53,349.87,895.49,-1,-1,-1,-1
209,2,1504.22,109.11,356.43,915.33,-1,-1,-1,-1
209,1,-2.10,163.35,353.02,902.07,-1,-1,-1,-1
210,2,1512.44,120.59,338.72,875.89,-1,-1,-1,-1
210,1,-8.51,160.86,356.71,913.84,-1,-1,-1,-1
211,2,1516.50,120.08,320.61,832.69,-1,-1,-1,-1
211,1,-13.24,157.80,357.83,921.48,-1,-1,-1,-1
212,2,1514.56,123.92,312.79,815.16,-1,-1,-1,-1
212,1,-17.34,144.67,358.05,929.29,-1,-1,-1,-1
213,2,1511.80,125.97,306.73,801.69,-1,-1,-1,-1
213,1,-17.22,136.19,356.96,932.67,-1,-1,-1,-1
214,2,1506.62,126.86,302.80,795.43,-1,-1,-1,-1
214,1,-15.80,130.41,358.94,943.18,-1,-1,-1,-1
215,2,1502.05,125.28,300.05,791.08,-1,-1,-1,-1
215,1,-15.53,124.80,360.11,952.20,-1,-1,-1,-1
216,2,1496.34,126.57,299.71,793.11,-1,-1,-1,-1
216,1,-12.35,119.84,361.70,959.90,-1,-1,-1,-1
217,2,1493.33,133.83,295.95,786.37,-1,-1,-1,-1
217,1,-7.72,115.93,361.94,961.23,-1,-1,-1,-1
218,2,1485.40,143.12,291.57,774.84,-1,-1,-1,-1
218,1,-7.08,112.85,361.52,962.11,-1,-1,-1,-1
219,2,1478.67,151.03,283.82,755.62,-1,-1,-1,-1
219,1,-3.52,108.79,363.02,965.29,-1,-1,-1,-1
220,2,1471.57,154.82,275.45,733.84,-1,-1,-1,-1
220,1,5.65,99.50,368.91,973.26,-1,-1,-1,-1
221,2,1463.75,156.74,271.38,724.18,-1,-1,-1,-1
221,1,10.62,88.61,375.91,983.94,-1,-1,-1,-1
222,2,1457.05,159.87,259.05,695.14,-1,-1,-1,-1
222,1,17.68,81.56,384.42,993.66,-1,-1,-1,-1
223,2,1448.39,161.24,253.49,685.40,-1,-1,-1,-1
223,1,23.76,73.36,395.19,1005.69,-1,-1,-1,-1
224,2,1439.92,164.48,246.72,671.43,-1,-1,-1,-1
224,1,38.49,58.58,405.91,1012.41,-1,-1,-1,-1
225,2,1426.81,168.31,244.44,667.61,-1,-1,-1,-1
225,1,55.66,56.24,414.82,1016.62,-1,-1,-1,-1
225,4,0.77,210.94,211.60,658.69,-1,-1,-1,-1
226,2,1412.59,172.84,237.45,650.25,-1,-1,-1,-1
226,1,79.69,76.58,415.93,996.39,-1,-1,-1,-1
226,4,-1.24,215.29,228.75,712.73,-1,-1,-1,-1
227,2,1397.62,177.44,232.01,634.67,-1,-1,-1,-1
227,1,90.35,54.82,433.52,1015.38,-1,-1,-1,-1
227,4,35.50,204.78,244.78,756.55,-1,-1,-1,-1
228,2,1384.00,182.80,229.03,626.09,-1,-1,-1,-1
228,1,114.08,60.72,443.88,1019.84,-1,-1,-1,-1
228,4,41.19,206.74,244.80,752.05,-1,-1,-1,-1
229,2,1370.66,187.19,224.06,613.30,-1,-1,-1,-1
229,1,137.14,49.34,454.18,1030.20,-1,-1,-1,-1
229,4,72.08,200.60,247.74,751.82,-1,-1,-1,-1
230,2,1350.53,183.59,221.83,607.86,-1,-1,-1,-1
230,1,164.43,51.34,455.66,1022.70,-1,-1,-1,-1
230,4,99.71,195.29,253.33,755.24,-1,-1,-1,-1
231,2,1332.98,181.19,220.35,604.78,-1,-1,-1,-1
231,1,185.05,35.60,460.75,1036.04,-1,-1,-1,-1
231,4,98.69,204.84,241.29,710.09,-1,-1,-1,-1
232,2,1313.25,178.38,218.26,601.60,-1,-1,-1,-1
232,1,224.53,37.84,465.90,1044.07,-1,-1,-1,-1
232,4,102.01,212.89,234.70,681.10,-1,-1,-1,-1
233,2,1295.46,185.65,213.96,590.35,-1,-1,-1,-1
233,1,264.72,17.06,469.25,1052.31,-1,-1,-1,-1
233,4,106.03,213.62,232.44,666.17,-1,-1,-1,-1
234,2,1273.49,189.54,210.33,578.83,-1,-1,-1,-1
234,1,314.70,6.13,463.66,1041.83,-1,-1,-1,-1
234,4,115.81,212.75,237.54,673.22,-1,-1,-1,-1
235,2,1254.72,193.27,208.59,571.68,-1,-1,-1,-1
235,1,370.45,0.21,466.61,1051.24,-1,-1,-1,-1
235,4,125.15,212.39,243.35,682.69,-1,-1,-1,-1
236,2,1242.12,194.51,208.40,569.16,-1,-1,-1,-1
236,1,405.44,9.03,463.03,1046.82,-1,-1,-1,-1
236,4,129.99,211.42,249.17,692.90,-1,-1,-1,-1
237,2,1223.34,195.96,207.94,564.90,-1,-1,-1,-1
237,1,467.51,22.74,463.77,1063.47,-1,-1,-1,-1
237,4,136.84,209.91,253.89,699.61,-1,-1,-1,-1
238,2,1204.57,195.79,208.26,563.38,-1,-1,-1,-1
238,1,526.73,20.08,462.16,1079.38,-1,-1,-1,-1
238,4,143.81,206.22,257.79,704.04,-1,-1,-1,-1
239,2,1185.27,198.91,208.60,564.31,-1,-1,-1,-1
239,1,588.65,27.67,456.30,1078.32,-1,-1,-1,-1
239,4,147.88,199.17,262.84,712.78,-1,-1,-1,-1
240,2,1165.05,197.30,208.37,564.74,-1,-1,-1,-1
240,1,652.67,20.87,453.81,1082.69,-1,-1,-1,-1
240,4,149.75,190.47,268.35,723.17,-1,-1,-1,-1
241,2,1155.27,198.34,206.55,561.16,-1,-1,-1,-1
241,1,701.18,36.68,447.65,1070.93,-1,-1,-1,-1
241,4,150.82,184.72,273.06,732.16,-1,-1,-1,-1
242,2,1138.50,201.22,204.89,559.22,-1,-1,-1,-1
242,1,754.15,22.09,449.51,1079.86,-1,-1,-1,-1
242,4,152.74,186.13,282.52,755.50,-1,-1,-1,-1
243,2,1124.93,205.24,205.22,560.78,-1,-1,-1,-1
243,1,804.18,7.77,445.72,1078.69,-1,-1,-1,-1
243,4,154.34,186.14,291.31,777.01,-1,-1,-1,-1
244,2,1113.49,210.99,202.32,554.41,-1,-1,-1,-1
244,1,863.29,30.78,439.51,1071.73,-1,-1,-1,-1
244,4,153.37,186.26,300.03,799.77,-1,-1,-1,-1
245,1,920.40,15.27,430.44,1048.46,-1,-1,-1,-1
245,4,151.44,187.12,306.96,818.79,-1,-1,-1,-1
246,1,982.89,11.26,436.40,1059.65,-1,-1,-1,-1
246,4,150.59,186.38,312.34,832.87,-1,-1,-1,-1
247,1,1054.99,23.30,437.18,1056.74,-1,-1,-1,-1
247,4,149.21,182.42,315.30,839.21,-1,-1,-1,-1
248,1,1095.74,32.86,446.55,1061.46,-1,-1,-1,-1
248,4,146.14,174.52,320.36,850.37,-1,-1,-1,-1
249,1,1140.39,30.11,459.65,1069.79,-1,-1,-1,-1
249,4,144.89,165.83,325.30,860.23,-1,-1,-1,-1
249,2,1000.77,200.11,207.26,572.05,-1,-1,-1,-1
250,1,1177.68,17.08,472.37,1071.05,-1,-1,-1,-1
250,4,146.80,159.97,328.87,865.49,-1,-1,-1,-1
250,2,977.69,200.76,205.88,569.72,-1,-1,-1,-1
251,1,1206.87,26.22,485.05,1072.98,-1,-1,-1,-1
251,4,145.87,154.08,340.74,894.95,-1,-1,-1,-1
251,2,959.07,203.45,203.75,566.63,-1,-1,-1,-1
252,1,1225.94,28.99,487.48,1063.97,-1,-1,-1,-1
252,4,148.96,150.79,347.28,910.35,-1,-1,-1,-1
252,2,938.42,206.54,202.59,563.26,-1,-1,-1,-1
253,1,1263.03,33.32,486.82,1055.16,-1,-1,-1,-1
253,4,151.67,150.75,350.48,917.14,-1,-1,-1,-1
253,2,918.25,210.64,199.41,551.24,-1,-1,-1,-1
254,1,1300.58,37.80,474.95,1028.86,-1,-1,-1,-1
254,4,155.57,150.15,353.10,921.34,-1,-1,-1,-1
254,2,901.19,216.74,199.09,546.05,-1,-1,-1,-1
255,1,1329.67,41.02,475.30,1031.57,-1,-1,-1,-1
255,4,162.09,145.03,358.85,933.56,-1,-1,-1,-1
255,2,881.22,216.25,201.81,548.86,-1,-1,-1,-1
256,1,1353.69,50.14,474.31,1029.34,-1,-1,-1,-1
256,4,162.40,138.23,364.59,949.80,-1,-1,-1,-1
256,2,870.60,217.20,203.05,549.68,-1,-1,-1,-1
257,1,1376.72,44.35,473.46,1024.87,-1,-1,-1,-1
257,4,165.07,128.48,368.32,958.10,-1,-1,-1,-1
257,2,856.78,216.86,200.99,546.18,-1,-1,-1,-1
258,1,1389.80,44.94,466.74,1013.41,-1,-1,-1,-1
258,4,171.85,119.73,374.19,967.29,-1,-1,-1,-1
258,2,839.25,212.65,201.00,552.05,-1,-1,-1,-1
259,1,1400.53,45.78,469.03,1016.71,-1,-1,-1,-1
259,4,178.68,100.05,380.35,977.79,-1,-1,-1,-1
259,2,825.39,213.08,200.49,554.38,-1,-1,-1,-1
260,1,1409.64,52.82,466.38,1014.22,-1,-1,-1,-1
260,4,192.61,101.49,386.90,988.90,-1,-1,-1,-1
260,2,807.85,214.91,200.23,554.99,-1,-1,-1,-1
261,1,1417.43,59.80,464.86,1013.42,-1,-1,-1,-1
261,4,203.52,98.09,385.04,982.96,-1,-1,-1,-1
261,2,784.78,219.85,202.55,557.44,-1,-1,-1,-1
262,1,1424.41,65.06,459.68,1005.14,-1,-1,-1,-1
262,4,219.63,85.72,388.50,987.65,-1,-1,-1,-1
262,2,764.14,223.82,202.43,551.28,-1,-1,-1,-1
263,1,1433.46,77.52,451.32,986.66,-1,-1,-1,-1
263,4,239.69,101.06,389.62,984.92,-1,-1,-1,-1
263,2,748.17,226.57,204.32,552.62,-1,-1,-1,-1
264,1,1433.14,83.26,446.90,977.85,-1,-1,-1,-1
264,4,258.70,94.16,390.03,984.86,-1,-1,-1,-1
264,2,731.03,225.33,208.27,561.75,-1,-1,-1,-1
265,1,1424.03,83.64,450.76,993.65,-1,-1,-1,-1
265,4,278.09,90.42,396.20,994.59,-1,-1,-1,-1
265,2,707.75,225.34,208.97,565.98,-1,-1,-1,-1
266,1,1417.55,88.85,444.43,986.43,-1,-1,-1,-1
266,4,302.24,84.55,399.69,999.76,-1,-1,-1,-1
266,2,688.15,223.13,209.92,574.65,-1,-1,-1,-1
267,1,1411.24,97.96,439.87,983.20,-1,-1,-1,-1
267,4,329.98,70.47,402.78,1002.45,-1,-1,-1,-1
267,2,669.73,218.19,213.36,591.25,-1,-1,-1,-1
268,1,1407.37,107.30,433.90,976.70,-1,-1,-1,-1
268,4,349.63,66.56,408.37,1014.44,-1,-1,-1,-1
268,2,656.58,217.28,213.50,599.59,-1,-1,-1,-1
269,1,1401.01,117.83,424.43,963.49,-1,-1,-1,-1
269,4,374.55,61.59,412.12,1023.71,-1,-1,-1,-1
269,2,642.39,218.23,208.57,589.95,-1,-1,-1,-1
270,1,1395.19,126.45,412.18,943.93,-1,-1,-1,-1
270,4,409.05,59.88,414.84,1029.98,-1,-1,-1,-1
270,2,625.57,228.56,204.26,578.46,-1,-1,-1,-1
271,1,1386.20,135.34,400.79,927.31,-1,-1,-1,-1
271,4,444.70,60.44,408.20,1009.06,-1,-1,-1,-1
272,1,1381.60,141.07,384.01,893.26,-1,-1,-1,-1
272,4,483.96,58.83,412.13,1015.37,-1,-1,-1,-1
273,1,1365.59,143.89,377.76,886.47,-1,-1,-1,-1
273,4,523.02,65.61,414.34,1018.48,-1,-1,-1,-1
274,1,1352.73,145.27,369.03,875.70,-1,-1,-1,-1
274,4,566.32,56.61,413.56,1019.67,-1,-1,-1,-1
275,1,1346.71,145.37,362.17,869.35,-1,-1,-1,-1
275,4,592.18,47.36,415.89,1026.59,-1,-1,-1,-1
276,1,1336.65,146.33,356.67,867.52,-1,-1,-1,-1
276,4,628.93,33.65,421.25,1049.10,-1,-1,-1,-1
276,2,510.01,203.25,222.59,626.10,-1,-1,-1,-1
277,1,1329.19,151.08,348.58,859.03,-1,-1,-1,-1
277,4,673.88,24.57,421.73,1056.61,-1,-1,-1,-1
277,2,494.57,201.22,228.66,634.27,-1,-1,-1,-1
278,1,1323.60,159.28,338.75,845.63,-1,-1,-1,-1
278,4,712.93,17.04,423.62,1066.63,-1,-1,-1,-1
278,2,475.19,196.53,238.12,650.74,-1,-1,-1,-1
279,1,1319.79,166.21,330.63,835.18,-1,-1,-1,-1
279,4,741.30,25.23,421.08,1066.82,-1,-1,-1,-1
279,2,462.86,195.14,245.40,661.76,-1,-1,-1,-1
280,1,1313.32,174.80,320.55,818.50,-1,-1,-1,-1
280,4,781.93,18.37,418.86,1062.34,-1,-1,-1,-1
280,2,447.22,195.86,253.91,678.06,-1,-1,-1,-1
281,1,1306.27,178.63,307.98,792.47,-1,-1,-1,-1
281,4,822.60,22.67,413.52,1051.94,-1,-1,-1,-1
281,2,431.62,199.83,260.73,690.70,-1,-1,-1,-1
282,1,1297.13,182.15,294.58,763.14,-1,-1,-1,-1
282,4,861.99,27.28,412.61,1054.05,-1,-1,-1,-1
282,2,417.20,200.33,265.17,699.96,-1,-1,-1,-1
283,1,1287.88,185.23,286.73,749.47,-1,-1,-1,-1
283,4,903.76,24.33,410.91,1057.10,-1,-1,-1,-1
283,2,400.13,192.35,271.04,714.48,-1,-1,-1,-1
284,1,1273.92,185.18,278.36,732.59,-1,-1,-1,-1
284,4,951.72,31.77,411.38,1062.08,-1,-1,-1,-1
284,2,385.00,188.44,270.41,713.37,-1,-1,-1,-1
285,1,1263.67,186.95,275.52,726.72,-1,-1,-1,-1
285,4,985.68,16.57,410.29,1062.85,-1,-1,-1,-1
285,2,375.41,187.88,269.87,712.16,-1,-1,-1,-1
286,1,1227.11,171.39,286.71,758.49,-1,-1,-1,-1
286,4,1033.62,27.50,403.72,1051.20,-1,-1,-1,-1
286,2,366.89,181.83,270.89,714.18,-1,-1,-1,-1
287,4,1090.07,35.85,403.49,1041.54,-1,-1,-1,-1
287,2,356.06,180.06,274.49,723.86,-1,-1,-1,-1
288,4,1132.10,21.99,408.79,1046.39,-1,-1,-1,-1
288,2,343.69,178.01,281.27,741.82,-1,-1,-1,-1
289,4,1181.24,12.07,414.21,1046.66,-1,-1,-1,-1
289,2,332.77,178.47,285.61,755.99,-1,-1,-1,-1
290,4,1212.77,4.71,416.95,1032.28,-1,-1,-1,-1
290,2,324.99,180.70,288.72,768.10,-1,-1,-1,-1
291,4,1230.88,15.07,433.93,1055.92,-1,-1,-1,-1
291,2,316.49,180.76,293.51,784.61,-1,-1,-1,-1
292,4,1256.08,25.72,438.11,1052.98,-1,-1,-1,-1
292,2,305.80,173.04,297.26,795.60,-1,-1,-1,-1
292,8,1153.48,191.26,254.50,653.32,-1,-1,-1,-1
293,4,1288.07,30.31,440.49,1053.74,-1,-1,-1,-1
293,2,293.50,164.83,301.67,806.70,-1,-1,-1,-1
293,8,1133.06,200.94,251.39,646.01,-1,-1,-1,-1
294,4,1324.41,24.30,434.07,1034.30,-1,-1,-1,-1
294,2,284.07,155.50,306.36,818.33,-1,-1,-1,-1
294,8,1107.62,207.45,246.97,635.04,-1,-1,-1,-1
295,4,1361.01,14.30,434.13,1029.05,-1,-1,-1,-1
295,2,277.56,149.54,311.09,829.31,-1,-1,-1,-1
295,8,1085.14,208.91,248.06,637.65,-1,-1,-1,-1
296,4,1390.57,16.05,433.91,1022.03,-1,-1,-1,-1
296,2,271.67,145.51,317.51,844.83,-1,-1,-1,-1
296,8,1068.88,213.02,245.69,630.86,-1,-1,-1,-1
297,4,1413.00,13.50,446.09,1048.40,-1,-1,-1,-1
297,2,266.82,145.41,326.22,866.74,-1,-1,-1,-1
297,8,1054.83,215.90,241.46,620.08,-1,-1,-1,-1
298,4,1434.09,23.80,445.82,1041.75,-1,-1,-1,-1
298,2,261.18,144.48,336.86,894.15,-1,-1,-1,-1
298,8,1039.00,221.06,239.53,615.15,-1,-1,-1,-1
299,4,1450.01,20.31,453.17,1057.98,-1,-1,-1,-1
299,2,254.50,141.88,346.99,923.15,-1,-1,-1,-1
299,8,1029.07,222.18,234.01,602.70,-1,-1,-1,-1
300,4,1465.53,24.29,454.75,1061.21,-1,-1,-1,-1
300,2,253.82,138.98,351.51,937.86,-1,-1,-1,-1
300,8,1012.46,222.02,229.29,592.50,-1,-1,-1,-1
301,4,1489.50,30.38,440.48,1027.50,-1,-1,-1,-1
301,2,260.11,138.05,351.23,939.00,-1,-1,-1,-1
301,8,991.14,219.69,225.48,586.74,-1,-1,-1,-1
302,4,1500.30,41.22,442.80,1037.84,-1,-1,-1,-1
302,2,264.99,134.20,351.80,941.37,-1,-1,-1,-1
302,8,968.73,220.20,223.53,586.66,-1,-1,-1,-1
303,4,1507.19,49.52,441.51,1039.30,-1,-1,-1,-1
303,2,267.57,122.02,353.93,948.64,-1,-1,-1,-1
303,8,957.04,221.72,220.70,582.95,-1,-1,-1,-1
304,4,1517.60,51.91,437.66,1036.91,-1,-1,-1,-1
304,2,270.56,113.60,360.35,965.94,-1,-1,-1,-1
304,8,941.77,220.38,221.51,587.38,-1,-1,-1,-1
305,4,1526.21,51.19,433.21,1036.29,-1,-1,-1,-1
305,2,277.53,105.97,365.00,979.89,-1,-1,-1,-1
305,8,925.08,226.27,218.72,579.56,-1,-1,-1,-1
306,4,1536.50,52.32,427.22,1034.42,-1,-1,-1,-1
306,2,288.77,102.04,364.67,981.71,-1,-1,-1,-1
306,8,909.67,229.53,218.20,578.85,-1,-1,-1,-1
307,4,1541.84,54.19,417.02,1020.34,-1,-1,-1,-1
307,2,296.91,97.93,365.48,983.71,-1,-1,-1,-1
307,8,891.20,229.21,219.79,582.57,-1,-1,-1,-1
308,4,1544.03,54.59,413.53,1022.84,-1,-1,-1,-1
308,2,307.07,98.35,368.15,987.58,-1,-1,-1,-1
308,8,873.99,227.94,218.81,580.70,-1,-1,-1,-1
309,4,1548.30,57.85,406.02,1014.70,-1,-1,-1,-1
309,2,321.55,90.99,370.71,989.82,-1,-1,-1,-1
309,8,852.14,227.06,215.96,576.96,-1,-1,-1,-1
310,4,1551.93,71.47,400.22,1010.63,-1,-1,-1,-1
310,2,338.97,93.69,371.07,989.60,-1,-1,-1,-1
310,8,829.01,224.71,217.17,584.06,-1,-1,-1,-1
311,4,1554.60,79.91,390.93,995.74,-1,-1,-1,-1
311,2,355.22,93.61,369.47,984.11,-1,-1,-1,-1
311,8,806.49,226.48,218.16,588.14,-1,-1,-1,-1
312,4,1552.77,89.01,385.42,987.08,-1,-1,-1,-1
312,2,376.81,78.09,379.62,1008.65,-1,-1,-1,-1
312,8,783.12,223.62,220.38,592.89,-1,-1,-1,-1
313,4,1549.83,105.78,376.89,966.52,-1,-1,-1,-1
313,2,398.47,74.34,379.94,1007.89,-1,-1,-1,-1
313,8,759.94,225.65,222.63,598.24,-1,-1,-1,-1
314,4,1546.35,107.74,370.72,951.94,-1,-1,-1,-1
314,2,410.67,70.79,384.95,1020.59,-1,-1,-1,-1
314,8,747.26,227.49,224.99,603.23,-1,-1,-1,-1
315,4,1543.60,106.72,358.92,918.20,-1,-1,-1,-1
315,2,433.33,70.37,385.27,1021.28,-1,-1,-1,-1
315,8,735.76,229.77,225.48,604.22,-1,-1,-1,-1
316,4,1534.02,113.21,357.08,912.68,-1,-1,-1,-1
316,2,462.12,69.08,383.61,1017.03,-1,-1,-1,-1
316,8,724.73,230.90,222.96,599.61,-1,-1,-1,-1
317,4,1519.96,113.09,354.69,908.90,-1,-1,-1,-1
317,2,491.46,67.39,386.20,1024.17,-1,-1,-1,-1
317,8,701.71,241.55,219.55,598.89,-1,-1,-1,-1
318,4,1504.76,112.51,352.63,907.63,-1,-1,-1,-1
318,2,534.70,71.80,387.49,1035.61,-1,-1,-1,-1
319,4,1490.27,120.80,344.68,894.74,-1,-1,-1,-1
319,2,571.38,67.38,382.16,1028.63,-1,-1,-1,-1
320,4,1471.58,128.64,340.39,891.98,-1,-1,-1,-1
320,2,600.71,57.74,377.01,1027.18,-1,-1,-1,-1
321,4,1462.30,136.87,333.78,881.72,-1,-1,-1,-1
321,2,620.22,64.72,375.12,1029.94,-1,-1,-1,-1
322,4,1451.12,147.90,319.89,850.15,-1,-1,-1,-1
322,2,663.64,56.31,374.81,1028.66,-1,-1,-1,-1
323,4,1434.79,153.10,312.64,836.36,-1,-1,-1,-1
323,2,697.36,52.39,379.18,1040.54,-1,-1,-1,-1
323,8,569.37,219.41,258.61,698.55,-1,-1,-1,-1
324,4,1421.28,155.61,299.97,808.40,-1,-1,-1,-1
324,2,745.67,46.84,376.81,1031.96,-1,-1,-1,-1
324,8,546.74,218.49,262.16,702.89,-1,-1,-1,-1
325,4,1407.30,159.51,284.10,773.09,-1,-1,-1,-1
325,2,780.23,47.11,376.96,1039.31,-1,-1,-1,-1
325,8,530.51,218.77,265.98,710.50,-1,-1,-1,-1
326,4,1395.91,159.71,275.79,757.64,-1,-1,-1,-1
326,2,796.64,55.60,375.63,1039.08,-1,-1,-1,-1
326,8,517.74,216.44,270.12,717.55,-1,-1,-1,-1
327,4,1377.52,160.68,271.97,754.84,-1,-1,-1,-1
327,2,825.38,58.58,375.02,1041.47,-1,-1,-1,-1
327,8,505.58,213.71,270.61,714.76,-1,-1,-1,-1
328,4,1361.11,164.53,266.59,742.89,-1,-1,-1,-1
328,2,870.33,52.47,371.37,1035.80,-1,-1,-1,-1
328,8,492.23,210.25,272.50,720.55,-1,-1,-1,-1
329,4,1344.00,166.60,262.24,732.40,-1,-1,-1,-1
329,2,907.12,35.06,373.87,1042.85,-1,-1,-1,-1
329,8,478.45,207.41,273.78,723.80,-1,-1,-1,-1
330,4,1326.98,175.24,255.30,708.67,-1,-1,-1,-1
330,2,942.36,33.80,379.26,1058.35,-1,-1,-1,-1
330,8,459.29,201.65,279.77,739.04,-1,-1,-1,-1
331,4,1311.22,177.96,253.74,700.67,-1,-1,-1,-1
331,2,975.63,36.62,382.86,1063.95,-1,-1,-1,-1
331,8,441.13,201.99,285.64,754.87,-1,-1,-1,-1
332,4,1296.69,179.38,255.15,705.10,-1,-1,-1,-1
332,2,999.15,36.92,382.71,1058.70,-1,-1,-1,-1
332,8,424.04,203.34,289.96,767.57,-1,-1,-1,-1
333,4,1278.45,178.82,252.97,703.10,-1,-1,-1,-1
333,2,1027.07,40.84,381.08,1049.01,-1,-1,-1,-1
333,8,405.44,202.01,297.14,788.11,-1,-1,-1,-1
334,4,1249.12,161.44,245.52,684.99,-1,-1,-1,-1
334,2,1057.61,47.06,380.39,1041.69,-1,-1,-1,-1
334,8,391.41,199.83,300.86,798.63,-1,-1,-1,-1
335,2,1100.79,53.02,374.31,1014.27,-1,-1,-1,-1
335,8,377.99,194.29,304.79,808.14,-1,-1,-1,-1
336,2,1130.20,59.83,383.28,1026.39,-1,-1,-1,-1
336,8,363.00,191.07,311.19,822.52,-1,-1,-1,-1
337,2,1158.89,66.44,384.38,1020.56,-1,-1,-1,-1
337,8,349.12,188.34,314.88,825.78,-1,-1,-1,-1
338,2,1176.47,68.31,384.31,1013.23,-1,-1,-1,-1
338,8,338.95,184.31,318.74,830.28,-1,-1,-1,-1
339,2,1201.37,71.32,384.58,1008.67,-1,-1,-1,-1
339,8,332.26,182.01,324.62,839.57,-1,-1,-1,-1
340,2,1224.98,70.94,386.99,1009.75,-1,-1,-1,-1
340,8,316.66,178.49,341.15,882.30,-1,-1,-1,-1
340,4,1122.27,199.40,220.83,614.41,-1,-1,-1,-1
341,2,1236.49,52.04,394.08,1021.26,-1,-1,-1,-1
341,8,314.99,178.05,345.18,889.38,-1,-1,-1,-1
341,4,1107.12,206.88,222.52,614.16,-1,-1,-1,-1
342,2,1248.97,64.27,391.54,1006.28,-1,-1,-1,-1
342,8,314.85,175.71,352.50,907.02,-1,-1,-1,-1
342,4,1089.67,204.99,226.99,619.96,-1,-1,-1,-1
343,2,1262.57,71.47,391.31,1000.68,-1,-1,-1,-1
343,8,318.85,176.21,354.98,913.70,-1,-1,-1,-1
343,4,1070.04,208.73,225.65,613.52,-1,-1,-1,-1
344,2,1275.84,79.45,389.47,992.45,-1,-1,-1,-1
344,8,327.32,172.87,354.26,909.16,-1,-1,-1,-1
344,4,1050.38,210.84,224.92,612.36,-1,-1,-1,-1
345,2,1290.45,87.66,388.36,987.56,-1,-1,-1,-1
345,8,336.63,163.13,353.17,902.23,-1,-1,-1,-1
345,4,1027.83,205.98,224.89,616.28,-1,-1,-1,-1
346,2,1310.04,95.56,384.63,974.85,-1,-1,-1,-1
346,8,339.57,159.67,359.47,917.39,-1,-1,-1,-1
346,4,1002.92,202.68,222.63,613.64,-1,-1,-1,-1
347,2,1320.52,98.22,386.18,977.56,-1,-1,-1,-1
347,8,342.08,157.50,362.30,920.54,-1,-1,-1,-1
347,4,985.93,202.81,220.30,609.88,-1,-1,-1,-1
348,2,1329.32,98.02,386.87,981.15,-1,-1,-1,-1
348,8,353.88,154.38,366.20,925.37,-1,-1,-1,-1
348,4,968.05,205.53,218.55,604.32,-1,-1,-1,-1
349,2,1338.49,96.59,381.36,969.91,-1,-1,-1,-1
349,8,363.95,153.49,367.89,927.41,-1,-1,-1,-1
349,4,947.60,208.51,216.75,599.19,-1,-1,-1,-1
350,2,1344.41,106.40,374.21,952.31,-1,-1,-1,-1
350,8,378.78,153.69,368.42,922.06,-1,-1,-1,-1
350,4,928.54,219.07,212.39,582.38,-1,-1,-1,-1
351,2,1348.91,110.21,372.38,949.31,-1,-1,-1,-1
351,8,389.20,149.11,373.07,923.52,-1,-1,-1,-1
351,4,909.82,224.64,210.07,571.40,-1,-1,-1,-1
352,2,1351.04,114.57,366.62,938.21,-1,-1,-1,-1
352,8,404.85,150.60,376.59,921.22,-1,-1,-1,-1
352,4,887.56,224.24,212.89,574.94,-1,-1,-1,-1
353,2,1354.64,132.90,356.78,911.25,-1,-1,-1,-1
353,8,413.62,145.81,387.98,942.85,-1,-1,-1,-1
353,4,869.52,227.33,212.73,571.02,-1,-1,-1,-1
354,2,1354.15,145.73,344.12,877.57,-1,-1,-1,-1
354,8,428.10,130.91,397.00,960.76,-1,-1,-1,-1
354,4,844.54,224.89,211.95,571.61,-1,-1,-1,-1
355,2,1351.79,129.95,334.28,856.53,-1,-1,-1,-1
355,8,449.57,123.05,395.14,955.99,-1,-1,-1,-1
355,4,818.74,222.47,213.56,582.52,-1,-1,-1,-1
356,2,1348.64,125.02,330.09,850.68,-1,-1,-1,-1
356,8,461.09,118.27,401.04,975.10,-1,-1,-1,-1
356,4,805.13,222.72,212.35,584.54,-1,-1,-1,-1
357,2,1346.96,125.70,321.99,832.77,-1,-1,-1,-1
357,8,486.30,109.55,403.43,984.27,-1,-1,-1,-1
357,4,783.75,219.64,212.47,586.08,-1,-1,-1,-1
358,2,1342.10,125.24,320.67,831.12,-1,-1,-1,-1
358,8,506.68,105.37,404.70,993.91,-1,-1,-1,-1
358,4,766.60,221.02,211.04,586.36,-1,-1,-1,-1
359,2,1336.97,125.33,318.90,829.15,-1,-1,-1,-1
359,8,532.47,108.10,403.50,995.62,-1,-1,-1,-1
359,4,756.08,228.94,207.00,576.77,-1,-1,-1,-1
360,2,1332.52,126.75,317.95,828.54,-1,-1,-1,-1
360,8,558.85,110.62,401.56,994.87,-1,-1,-1,-1
360,4,731.86,222.47,214.30,594.18,-1,-1,-1,-1
361,2,1321.79,128.14,316.64,829.63,-1,-1,-1,-1
361,8,592.96,114.99,405.17,1002.29,-1,-1,-1,-1
362,2,1312.14,132.27,313.26,825.17,-1,-1,-1,-1
362,8,632.17,113.75,400.32,992.26,-1,-1,-1,-1
363,2,1305.62,141.08,307.52,814.35,-1,-1,-1,-1
363,8,671.37,94.00,397.60,984.53,-1,-1,-1,-1
363,4,664.91,236.31,202.34,560.37,-1,-1,-1,-1
364,2,1298.37,149.92,303.37,805.90,-1,-1,-1,-1
364,8,717.03,105.42,397.91,986.93,-1,-1,-1,-1
364,4,644.17,236.13,203.07,566.96,-1,-1,-1,-1
365,2,1287.71,148.83,298.50,797.93,-1,-1,-1,-1
365,8,766.04,99.56,396.70,985.90,-1,-1,-1,-1
365,4,622.37,232.56,205.31,576.62,-1,-1,-1,-1
366,2,1279.19,151.89,287.04,771.80,-1,-1,-1,-1
366,8,801.04,110.36,393.12,978.04,-1,-1,-1,-1
366,4,603.57,223.42,209.09,586.49,-1,-1,-1,-1
367,2,1271.55,150.94,280.24,755.34,-1,-1,-1,-1
367,8,823.41,106.28,391.62,975.49,-1,-1,-1,-1
367,4,588.12,221.98,209.38,586.52,-1,-1,-1,-1
368,2,1258.20,152.35,277.77,751.43,-1,-1,-1,-1
368,8,850.09,96.61,396.82,990.35,-1,-1,-1,-1
368,4,567.37,217.08,214.69,598.37,-1,-1,-1,-1
369,2,1248.16,156.62,271.56,737.92,-1,-1,-1,-1
369,8,872.68,102.48,401.43,1002.75,-1,-1,-1,-1
369,4,542.88,221.27,218.89,603.46,-1,-1,-1,-1
370,2,1237.42,158.05,266.27,730.55,-1,-1,-1,-1
370,8,905.76,94.61,403.04,1011.38,-1,-1,-1,-1
370,4,522.80,222.61,223.23,611.08,-1,-1,-1,-1
371,2,1225.59,164.44,260.13,717.53,-1,-1,-1,-1
371,8,936.47,96.91,399.89,1009.14,-1,-1,-1,-1
371,4,503.64,222.08,226.95,617.27,-1,-1,-1,-1
372,2,1224.24,165.37,259.30,721.05,-1,-1,-1,-1
372,8,969.49,90.20,398.46,1007.78,-1,-1,-1,-1
372,4,489.51,223.11,231.50,624.85,-1,-1,-1,-1
373,2,1217.22,171.61,249.61,698.54,-1,-1,-1,-1
373,8,1010.30,83.02,391.02,997.91,-1,-1,-1,-1
373,4,476.16,222.50,237.54,641.20,-1,-1,-1,-1
374,8,1059.03,73.83,380.12,972.16,-1,-1,-1,-1
374,4,462.12,219.78,239.92,647.55,-1,-1,-1,-1
375,8,1107.26,73.48,368.97,940.42,-1,-1,-1,-1
375,4,445.09,216.75,240.41,648.87,-1,-1,-1,-1
376,8,1124.38,71.14,379.00,964.02,-1,-1,-1,-1
376,4,433.67,211.82,242.94,656.17,-1,-1,-1,-1
377,8,1153.48,82.47,376.54,950.07,-1,-1,-1,-1
377,4,416.66,211.70,244.80,663.27,-1,-1,-1,-1
378,8,1171.46,85.51,383.87,960.43,-1,-1,-1,-1
378,4,400.88,209.50,245.08,664.54,-1,-1,-1,-1
379,8,1185.40,81.57,394.23,975.65,-1,-1,-1,-1
379,4,384.56,205.47,249.92,675.45,-1,-1,-1,-1
379,11,1106.00,168.00,253.53,674.48,-1,-1,-1,-1
380,8,1217.28,87.68,395.56,973.71,-1,-1,-1,-1
380,4,362.65,203.70,257.50,692.46,-1,-1,-1,-1
380,2,1091.13,172.04,241.19,670.38,-1,-1,-1,-1
381,8,1231.33,96.24,404.73,988.86,-1,-1,-1,-1
381,4,347.36,203.81,264.22,708.36,-1,-1,-1,-1
381,2,1066.19,180.39,234.51,650.73,-1,-1,-1,-1
382,8,1253.33,102.67,408.83,994.79,-1,-1,-1,-1
382,4,332.94,203.91,272.40,729.35,-1,-1,-1,-1
382,2,1043.63,183.21,236.28,654.84,-1,-1,-1,-1
383,8,1274.79,97.48,407.90,992.34,-1,-1,-1,-1
383,4,319.81,203.98,279.49,748.51,-1,-1,-1,-1
383,2,1028.34,187.17,234.92,651.08,-1,-1,-1,-1
384,8,1289.11,92.13,409.14,993.04,-1,-1,-1,-1
384,4,302.22,200.28,286.08,767.64,-1,-1,-1,-1
384,2,1015.23,193.69,231.67,642.55,-1,-1,-1,-1
385,8,1308.99,82.84,411.91,998.34,-1,-1,-1,-1
385,4,288.46,194.59,286.15,769.28,-1,-1,-1,-1
385,2,1003.35,191.42,227.61,636.90,-1,-1,-1,-1
386,8,1322.11,88.04,410.24,992.53,-1,-1,-1,-1
386,4,278.19,186.35,292.51,787.46,-1,-1,-1,-1
386,2,991.02,195.93,222.67,625.39,-1,-1,-1,-1
387,8,1343.02,99.75,400.43,968.61,-1,-1,-1,-1
387,4,269.51,186.03,292.73,787.82,-1,-1,-1,-1
387,2,972.28,195.40,219.85,620.13,-1,-1,-1,-1
388,8,1360.85,108.50,394.18,950.20,-1,-1,-1,-1
388,4,260.53,180.61,295.86,794.31,-1,-1,-1,-1
388,2,955.98,192.90,217.55,615.17,-1,-1,-1,-1
389,8,1373.38,117.29,395.62,953.51,-1,-1,-1,-1
389,4,250.06,176.87,301.60,808.02,-1,-1,-1,-1
389,2,936.57,196.01,218.77,617.76,-1,-1,-1,-1
390,8,1388.89,119.56,395.64,954.26,-1,-1,-1,-1
390,4,234.83,174.05,316.63,847.33,-1,-1,-1,-1
390,2,916.72,197.98,219.06,615.50,-1,-1,-1,-1
391,8,1400.89,118.62,396.82,957.81,-1,-1,-1,-1
391,4,224.55,170.30,325.10,867.48,-1,-1,-1,-1
391,2,899.01,203.32,219.96,613.14,-1,-1,-1,-1
392,8,1413.66,120.19,393.70,952.21,-1,-1,-1,-1
392,4,218.32,170.55,332.70,889.42,-1,-1,-1,-1
392,2,879.87,207.39,221.71,613.68,-1,-1,-1,-1
393,8,1422.96,130.11,388.27,943.62,-1,-1,-1,-1
393,4,211.05,166.51,341.02,914.23,-1,-1,-1,-1
393,2,864.52,206.28,222.99,615.38,-1,-1,-1,-1
394,8,1428.19,133.87,383.10,933.19,-1,-1,-1,-1
394,4,208.42,160.74,344.08,923.38,-1,-1,-1,-1
394,2,848.20,205.98,222.65,614.00,-1,-1,-1,-1
395,8,1429.21,136.50,381.56,930.96,-1,-1,-1,-1
395,4,207.92,157.01,345.72,928.01,-1,-1,-1,-1
395,2,834.78,202.68,222.59,616.42,-1,-1,-1,-1
396,8,1427.09,138.44,378.00,927.92,-1,-1,-1,-1
396,4,209.94,152.84,346.84,930.63,-1,-1,-1,-1
396,2,813.56,203.71,221.58,616.70,-1,-1,-1,-1
397,8,1430.47,139.90,360.91,886.86,-1,-1,-1,-1
397,4,212.09,146.29,346.78,927.38,-1,-1,-1,-1
397,2,792.98,202.77,219.97,616.46,-1,-1,-1,-1
398,8,1424.17,147.91,357.11,881.33,-1,-1,-1,-1
398,4,212.05,138.37,354.49,944.20,-1,-1,-1,-1
398,2,774.52,205.88,218.92,616.96,-1,-1,-1,-1
399,8,1417.20,150.22,349.83,869.06,-1,-1,-1,-1
399,4,216.52,132.25,356.84,947.01,-1,-1,-1,-1
399,2,752.49,208.75,216.21,608.28,-1,-1,-1,-1
400,8,1411.30,150.48,344.86,862.73,-1,-1,-1,-1
400,4,215.71,126.97,361.73,955.59,-1,-1,-1,-1
400,2,739.05,212.26,214.12,599.83,-1,-1,-1,-1
401,8,1409.87,158.51,330.67,832.88,-1,-1,-1,-1
401,4,221.02,126.25,363.31,954.95,-1,-1,-1,-1
401,2,722.42,211.88,215.77,600.86,-1,-1,-1,-1
402,8,1399.42,159.97,318.30,806.26,-1,-1,-1,-1
402,4,224.67,129.89,368.16,962.54,-1,-1,-1,-1
402,2,703.72,213.40,219.61,607.90,-1,-1,-1,-1
403,8,1385.55,160.74,311.99,794.16,-1,-1,-1,-1
403,4,230.60,118.51,370.00,960.01,-1,-1,-1,-1
403,2,688.62,211.75,220.59,608.93,-1,-1,-1,-1
404,8,1370.39,160.33,306.99,786.07,-1,-1,-1,-1
404,4,234.02,105.08,376.20,970.72,-1,-1,-1,-1
404,2,668.01,207.68,222.84,614.48,-1,-1,-1,-1
405,8,1356.99,164.76,303.59,780.77,-1,-1,-1,-1
405,4,237.38,108.70,384.69,986.13,-1,-1,-1,-1
405,2,652.02,206.47,222.23,617.80,-1,-1,-1,-1
406,8,1347.83,170.34,298.56,771.28,-1,-1,-1,-1
406,4,252.89,103.61,388.19,990.66,-1,-1,-1,-1
406,2,632.44,208.48,221.10,619.67,-1,-1,-1,-1
407,8,1335.01,172.06,297.89,774.92,-1,-1,-1,-1
407,4,263.48,98.80,396.64,1005.00,-1,-1,-1,-1
407,2,614.44,206.63,222.75,626.93,-1,-1,-1,-1
408,8,1319.91,181.32,291.87,761.87,-1,-1,-1,-1
408,4,282.67,91.03,392.76,986.64,-1,-1,-1,-1
408,2,594.76,199.74,226.70,639.15,-1,-1,-1,-1
409,8,1311.64,188.89,286.68,751.49,-1,-1,-1,-1
409,4,294.03,91.78,391.20,976.80,-1,-1,-1,-1
409,2,585.70,201.74,227.33,645.24,-1,-1,-1,-1
410,8,1304.95,193.60,279.60,737.03,-1,-1,-1,-1
410,4,309.50,85.04,401.71,999.54,-1,-1,-1,-1
410,2,574.48,199.84,223.98,636.31,-1,-1,-1,-1
411,8,1297.51,193.05,269.20,712.24,-1,-1,-1,-1
411,4,333.30,75.30,412.62,1023.70,-1,-1,-1,-1
412,8,1284.78,193.78,258.19,687.06,-1,-1,-1,-1
412,4,359.24,81.27,412.11,1015.64,-1,-1,-1,-1
413,8,1269.19,196.18,251.56,673.95,-1,-1,-1,-1
413,4,387.24,79.90,405.08,994.64,-1,-1,-1,-1
414,8,1257.43,196.63,247.26,664.82,-1,-1,-1,-1
414,4,406.53,75.14,413.87,1014.65,-1,-1,-1,-1
415,8,1239.45,198.03,245.09,658.24,-1,-1,-1,-1
415,4,440.68,85.30,405.62,996.03,-1,-1,-1,-1
416,8,1218.76,204.03,241.88,647.61,-1,-1,-1,-1
416,4,473.06,80.58,405.74,996.33,-1,-1,-1,-1
417,8,1201.67,208.08,240.39,640.90,-1,-1,-1,-1
417,4,496.32,71.78,414.55,1014.76,-1,-1,-1,-1
417,12,458.03,180.65,255.79,720.79,-1,-1,-1,-1
418,8,1185.61,207.14,240.73,637.26,-1,-1,-1,-1
418,4,556.04,64.19,407.67,1000.50,-1,-1,-1,-1
418,2,406.49,188.68,257.42,723.25,-1,-1,-1,-1
419,8,1164.33,208.46,240.19,632.94,-1,-1,-1,-1
419,4,610.26,60.92,407.30,1004.00,-1,-1,-1,-1
419,2,391.93,188.99,261.20,725.49,-1,-1,-1,-1
420,8,1147.34,208.15,237.43,625.06,-1,-1,-1,-1
420,4,653.24,49.59,411.53,1020.00,-1,-1,-1,-1
420,2,376.31,187.99,266.15,730.94,-1,-1,-1,-1
421,8,1135.76,209.04,234.39,618.58,-1,-1,-1,-1
421,4,677.75,46.09,411.20,1027.54,-1,-1,-1,-1
421,2,369.58,186.31,270.08,737.33,-1,-1,-1,-1
422,8,1115.51,208.77,232.47,618.46,-1,-1,-1,-1
422,4,713.24,51.52,408.02,1025.25,-1,-1,-1,-1
422,2,354.36,182.81,275.77,745.96,-1,-1,-1,-1
423,8,1091.79,209.78,230.72,618.83,-1,-1,-1,-1
423,4,759.95,61.98,405.63,1027.85,-1,-1,-1,-1
423,2,339.25,178.65,281.03,755.77,-1,-1,-1,-1
424,8,1077.02,208.17,227.86,614.46,-1,-1,-1,-1
424,4,812.27,48.97,406.43,1036.60,-1,-1,-1,-1
424,2,325.38,171.11,288.39,770.32,-1,-1,-1,-1
425,8,1068.42,223.17,219.07,597.46,-1,-1,-1,-1
425,4,869.60,51.79,403.54,1033.12,-1,-1,-1,-1
425,2,312.45,166.93,290.87,770.50,-1,-1,-1,-1
426,4,913.86,63.68,399.75,1027.93,-1,-1,-1,-1
426,2,301.00,162.39,296.18,779.28,-1,-1,-1,-1
427,4,958.54,39.79,409.32,1049.83,-1,-1,-1,-1
427,2,283.19,157.52,309.18,811.32,-1,-1,-1,-1
428,4,999.27,25.55,409.22,1041.61,-1,-1,-1,-1
428,2,270.20,161.14,318.56,833.41,-1,-1,-1,-1
429,4,1040.02,24.20,410.83,1034.17,-1,-1,-1,-1
429,2,261.71,159.20,326.73,856.42,-1,-1,-1,-1
430,4,1085.91,32.52,415.49,1034.35,-1,-1,-1,-1
430,2,256.61,155.14,328.90,863.41,-1,-1,-1,-1
430,8,978.87,216.64,214.61,586.94,-1,-1,-1,-1
431,4,1111.29,33.76,422.44,1042.71,-1,-1,-1,-1
431,2,254.95,153.57,328.39,863.19,-1,-1,-1,-1
431,8,962.58,216.13,212.65,581.77,-1,-1,-1,-1
432,4,1145.72,49.54,424.09,1038.87,-1,-1,-1,-1
432,2,251.54,149.51,330.95,869.49,-1,-1,-1,-1
432,8,940.89,213.51,213.52,583.12,-1,-1,-1,-1
433,4,1178.60,66.34,417.72,1013.68,-1,-1,-1,-1
433,2,249.50,145.84,331.95,874.39,-1,-1,-1,-1
433,8,925.20,219.00,211.28,575.27,-1,-1,-1,-1
434,4,1220.46,54.00,422.42,1024.96,-1,-1,-1,-1
434,2,246.74,138.97,335.08,883.49,-1,-1,-1,-1
434,8,909.20,222.71,212.22,576.40,-1,-1,-1,-1
435,4,1258.93,44.07,426.08,1033.39,-1,-1,-1,-1
435,2,239.25,133.00,349.30,923.69,-1,-1,-1,-1
435,8,888.86,223.60,213.38,574.97,-1,-1,-1,-1
436,4,1285.50,39.60,431.39,1040.53,-1,-1,-1,-1
436,2,235.96,127.88,356.66,945.97,-1,-1,-1,-1
436,8,871.81,225.80,214.17,574.09,-1,-1,-1,-1
437,4,1305.45,30.60,439.31,1057.19,-1,-1,-1,-1
437,2,236.65,125.34,359.38,956.36,-1,-1,-1,-1
437,8,861.58,226.49,215.69,575.77,-1,-1,-1,-1
438,4,1330.48,32.40,437.41,1045.76,-1,-1,-1,-1
438,2,242.09,125.75,358.68,956.08,-1,-1,-1,-1
438,8,846.46,226.30,215.08,574.06,-1,-1,-1,-1
439,4,1365.60,31.15,430.57,1024.76,-1,-1,-1,-1
439,2,251.17,127.87,356.22,947.40,-1,-1,-1,-1
439,8,827.63,226.05,214.96,576.30,-1,-1,-1,-1
440,4,1385.40,36.26,434.24,1027.75,-1,-1,-1,-1
440,2,254.01,122.04,360.44,956.04,-1,-1,-1,-1
440,8,808.84,226.82,214.90,580.51,-1,-1,-1,-1
441,4,1406.30,37.34,438.15,1029.90,-1,-1,-1,-1
441,2,261.76,119.28,364.76,965.23,-1,-1,-1,-1
441,8,792.58,226.76,214.72,583.47,-1,-1,-1,-1
442,4,1435.53,52.55,431.39,1007.51,-1,-1,-1,-1
442,2,271.31,109.98,365.97,964.61,-1,-1,-1,-1
442,8,778.24,227.17,213.54,581.29,-1,-1,-1,-1
443,4,1449.13,49.52,437.25,1018.13,-1,-1,-1,-1
443,2,284.40,107.70,370.38,973.14,-1,-1,-1,-1
443,8,761.91,225.64,213.07,577.55,-1,-1,-1,-1
444,4,1463.54,50.18,438.83,1020.86,-1,-1,-1,-1
444,2,300.37,101.92,374.76,983.39,-1,-1,-1,-1
444,8,746.33,223.18,216.14,585.44,-1,-1,-1,-1
445,4,1475.14,50.63,438.88,1021.26,-1,-1,-1,-1
445,2,322.92,99.32,369.63,966.86,-1,-1,-1,-1
445,8,737.22,225.70,216.33,588.91,-1,-1,-1,-1
446,4,1479.77,49.17,438.13,1021.57,-1,-1,-1,-1
446,2,340.60,92.49,376.66,982.59,-1,-1,-1,-1
446,8,722.93,223.30,218.44,596.23,-1,-1,-1,-1
447,4,1483.59,60.33,433.60,1013.27,-1,-1,-1,-1
447,8,710.22,219.75,221.08,602.66,-1,-1,-1,-1
448,4,1481.73,77.67,427.36,1002.06,-1,-1,-1,-1
448,8,698.81,223.45,218.33,596.60,-1,-1,-1,-1
448,2,383.46,97.25,378.28,991.59,-1,-1,-1,-1
449,4,1479.74,90.42,418.58,984.42,-1,-1,-1,-1
449,8,684.00,221.92,221.87,607.11,-1,-1,-1,-1
449,2,412.59,96.11,371.74,980.79,-1,-1,-1,-1
450,4,1475.47,109.24,410.24,970.97,-1,-1,-1,-1
450,8,671.21,218.67,227.07,625.59,-1,-1,-1,-1
450,2,445.32,95.04,368.68,983.07,-1,-1,-1,-1
451,4,1471.08,120.79,402.00,958.50,-1,-1,-1,-1
451,8,659.65,219.89,227.65,628.20,-1,-1,-1,-1
451,2,465.06,87.59,375.30,1013.12,-1,-1,-1,-1
452,4,1462.14,125.92,395.71,953.68,-1,-1,-1,-1
452,2,510.85,92.24,368.85,995.08,-1,-1,-1,-1
453,4,1455.56,128.15,378.80,918.29,-1,-1,-1,-1
453,2,534.89,86.46,370.88,1006.08,-1,-1,-1,-1
454,4,1444.85,129.18,368.21,897.56,-1,-1,-1,-1
454,2,570.66,91.47,365.86,994.39,-1,-1,-1,-1
455,4,1425.82,133.59,364.62,895.70,-1,-1,-1,-1
455,2,587.62,92.18,366.74,998.16,-1,-1,-1,-1
456,4,1404.91,133.84,361.22,895.76,-1,-1,-1,-1
456,2,611.47,105.14,358.68,981.27,-1,-1,-1,-1
457,4,1395.68,136.84,352.57,883.33,-1,-1,-1,-1
457,2,633.33,114.93,345.53,955.04,-1,-1,-1,-1
458,4,1384.52,140.20,342.99,869.49,-1,-1,-1,-1
458,2,674.63,92.93,354.34,992.23,-1,-1,-1,-1
458,14,596.20,218.67,232.94,669.91,-1,-1,-1,-1
459,4,1369.65,147.52,338.29,869.75,-1,-1,-1,-1
459,2,718.13,80.91,354.04,1004.21,-1,-1,-1,-1
459,14,584.69,216.83,230.84,663.32,-1,-1,-1,-1
460,4,1352.80,151.18,330.83,856.90,-1,-1,-1,-1
460,2,761.45,71.76,355.10,1014.62,-1,-1,-1,-1
460,14,571.01,221.31,234.56,671.29,-1,-1,-1,-1
461,4,1343.13,156.28,324.56,846.21,-1,-1,-1,-1
461,2,785.86,69.62,354.15,1015.27,-1,-1,-1,-1
461,14,561.33,214.48,240.46,684.54,-1,-1,-1,-1
462,4,1334.30,167.20,312.30,819.46,-1,-1,-1,-1
462,2,810.70,79.16,350.27,1006.73,-1,-1,-1,-1
462,14,548.18,212.25,245.88,695.82,-1,-1,-1,-1
463,4,1317.90,172.78,302.38,796.94,-1,-1,-1,-1
463,2,829.78,79.61,350.03,1007.58,-1,-1,-1,-1
463,14,536.02,213.77,251.79,707.93,-1,-1,-1,-1
464,4,1302.45,177.95,289.61,767.31,-1,-1,-1,-1
464,2,858.37,65.44,354.85,1019.17,-1,-1,-1,-1
464,14,522.45,211.88,257.33,718.71,-1,-1,-1,-1
465,4,1285.07,178.04,278.28,739.09,-1,-1,-1,-1
465,2,891.53,65.21,359.84,1029.60,-1,-1,-1,-1
465,14,510.37,208.47,261.55,724.92,-1,-1,-1,-1
466,4,1267.66,178.60,274.35,732.30,-1,-1,-1,-1
466,2,909.28,75.80,360.08,1024.81,-1,-1,-1,-1
466,14,503.11,205.62,264.58,728.45,-1,-1,-1,-1
467,4,1247.56,179.09,272.26,730.04,-1,-1,-1,-1
467,2,932.94,75.73,365.37,1039.97,-1,-1,-1,-1
467,14,495.16,202.31,267.90,734.25,-1,-1,-1,-1
468,4,1235.99,177.09,269.71,726.80,-1,-1,-1,-1
468,2,955.19,77.71,359.40,1021.90,-1,-1,-1,-1
468,14,485.61,200.52,270.60,736.18,-1,-1,-1,-1
469,4,1225.18,180.53,265.04,716.35,-1,-1,-1,-1
469,2,983.78,80.54,361.20,1028.07,-1,-1,-1,-1
469,14,476.98,198.70,273.21,739.32,-1,-1,-1,-1
470,4,1212.40,177.03,264.63,720.06,-1,-1,-1,-1
470,2,1013.60,86.98,353.68,1002.57,-1,-1,-1,-1
470,14,470.39,194.77,281.57,759.08,-1,-1,-1,-1
471,2,1049.87,85.07,352.83,995.39,-1,-1,-1,-1
471,14,466.59,193.86,291.60,786.15,-1,-1,-1,-1
472,2,1070.25,84.46,354.28,994.40,-1,-1,-1,-1
472,14,468.17,192.54,295.99,799.91,-1,-1,-1,-1
473,2,1085.85,84.44,358.33,1000.17,-1,-1,-1,-1
473,14,472.65,190.95,298.33,807.98,-1,-1,-1,-1
474,2,1107.43,101.08,351.91,973.33,-1,-1,-1,-1
474,14,480.44,190.66,299.80,811.61,-1,-1,-1,-1
475,2,1123.53,101.44,356.99,982.89,-1,-1,-1,-1
475,14,487.30,185.74,300.82,812.72,-1,-1,-1,-1
476,2,1139.00,100.44,361.08,985.71,-1,-1,-1,-1
476,14,493.39,180.35,304.21,818.09,-1,-1,-1,-1
476,8,1068.84,195.23,231.98,639.60,-1,-1,-1,-1
477,2,1162.84,112.32,357.89,973.01,-1,-1,-1,-1
477,14,496.33,176.07,309.52,831.28,-1,-1,-1,-1
477,8,1063.73,200.44,229.04,637.00,-1,-1,-1,-1
478,2,1174.24,116.14,357.20,966.57,-1,-1,-1,-1
478,14,498.32,181.32,317.75,857.40,-1,-1,-1,-1
478,8,1054.44,197.55,230.21,638.10,-1,-1,-1,-1
479,2,1183.41,108.10,360.41,972.95,-1,-1,-1,-1
479,14,501.92,182.17,321.76,870.01,-1,-1,-1,-1
479,8,1033.01,202.60,228.01,629.20,-1,-1,-1,-1
480,2,1192.29,104.99,361.02,971.80,-1,-1,-1,-1
480,14,507.50,180.51,325.43,881.15,-1,-1,-1,-1
480,8,1011.02,209.82,228.21,625.54,-1,-1,-1,-1
481,2,1198.37,116.41,355.75,954.91,-1,-1,-1,-1
481,14,514.43,179.31,325.64,885.54,-1,-1,-1,-1
481,8,993.01,216.25,225.32,613.81,-1,-1,-1,-1
482,2,1203.83,125.52,352.90,945.83,-1,-1,-1,-1
482,14,522.70,178.42,326.54,893.71,-1,-1,-1,-1
482,8,974.61,219.44,220.16,595.70,-1,-1,-1,-1
483,2,1205.10,130.48,354.04,947.04,-1,-1,-1,-1
483,14,528.75,173.94,328.20,903.62,-1,-1,-1,-1
483,8,959.74,221.16,218.31,588.84,-1,-1,-1,-1
484,2,1205.43,135.98,352.15,940.72,-1,-1,-1,-1
484,14,539.10,168.79,330.76,914.19,-1,-1,-1,-1
484,8,938.33,221.76,216.82,586.69,-1,-1,-1,-1
485,2,1205.17,141.09,347.48,929.28,-1,-1,-1,-1
485,14,553.55,169.09,333.20,921.90,-1,-1,-1,-1
485,8,916.58,222.80,213.20,580.53,-1,-1,-1,-1
486,2,1209.56,139.49,333.63,891.99,-1,-1,-1,-1
486,14,573.79,166.49,329.43,915.33,-1,-1,-1,-1
486,8,894.01,216.46,212.88,585.40,-1,-1,-1,-1
487,2,1210.80,139.24,325.26,869.38,-1,-1,-1,-1
487,14,588.58,162.32,332.00,924.31,-1,-1,-1,-1
487,8,875.78,218.98,210.83,582.63,-1,-1,-1,-1
488,2,1209.38,139.16,320.75,857.54,-1,-1,-1,-1
488,14,600.78,163.90,331.68,923.34,-1,-1,-1,-1
488,8,862.19,217.54,212.43,587.87,-1,-1,-1,-1
489,2,1207.83,141.53,314.59,841.70,-1,-1,-1,-1
489,14,621.66,163.64,331.79,922.36,-1,-1,-1,-1
489,8,851.62,221.89,209.11,580.77,-1,-1,-1,-1
490,2,1208.25,142.15,311.38,831.68,-1,-1,-1,-1
490,14,636.13,162.94,329.16,919.93,-1,-1,-1,-1
490,8,837.00,225.59,205.32,571.45,-1,-1,-1,-1
491,2,1202.93,148.49,307.72,819.94,-1,-1,-1,-1
491,14,658.31,163.33,325.64,910.26,-1,-1,-1,-1
491,8,807.25,219.75,218.77,608.34,-1,-1,-1,-1
492,2,1199.62,149.58,307.62,818.62,-1,-1,-1,-1
492,14,676.25,154.17,326.85,908.75,-1,-1,-1,-1
493,2,1197.42,151.20,306.43,817.53,-1,-1,-1,-1
493,14,699.16,154.32,327.51,912.23,-1,-1,-1,-1
494,2,1195.41,150.68,304.25,814.34,-1,-1,-1,-1
494,14,726.68,164.19,319.54,893.37,-1,-1,-1,-1
495,2,1192.88,156.26,298.26,798.93,-1,-1,-1,-1
495,14,757.99,168.80,310.20,860.47,-1,-1,-1,-1
495,8,735.64,223.34,212.17,596.99,-1,-1,-1,-1
496,2,1188.30,159.59,293.61,788.06,-1,-1,-1,-1
496,14,784.64,162.93,321.40,884.59,-1,-1,-1,-1
496,8,717.46,222.85,209.15,592.21,-1,-1,-1,-1
497,2,1185.10,161.54,288.91,777.99,-1,-1,-1,-1
497,14,798.40,165.06,327.29,899.82,-1,-1,-1,-1
497,8,704.10,223.61,206.43,587.77,-1,-1,-1,-1
498,2,1179.92,162.17,283.21,765.13,-1,-1,-1,-1
498,14,826.60,156.09,328.60,903.03,-1,-1,-1,-1
498,8,679.97,220.31,209.11,601.14,-1,-1,-1,-1
499,2,1177.53,162.79,274.50,743.53,-1,-1,-1,-1
499,14,844.32,152.91,335.00,921.33,-1,-1,-1,-1
499,8,655.20,212.14,214.77,615.23,-1,-1,-1,-1
500,14,863.99,151.69,334.78,916.81,-1,-1,-1,-1
500,8,636.33,217.85,213.67,607.13,-1,-1,-1,-1
501,14,884.17,151.67,337.56,920.80,-1,-1,-1,-1
501,8,615.84,220.82,219.15,615.18,-1,-1,-1,-1
501,2,1157.42,161.31,270.56,738.26,-1,-1,-1,-1
502,14,892.49,150.68,339.23,923.09,-1,-1,-1,-1
502,8,599.96,222.17,224.56,623.59,-1,-1,-1,-1
502,2,1149.92,161.97,268.19,739.91,-1,-1,-1,-1
503,14,914.03,146.09,342.56,931.16,-1,-1,-1,-1
503,8,583.66,221.74,231.11,638.47,-1,-1,-1,-1
503,2,1142.77,163.43,262.24,729.59,-1,-1,-1,-1
504,14,944.79,156.81,333.43,907.23,-1,-1,-1,-1
504,8,568.79,217.55,234.42,644.93,-1,-1,-1,-1
504,2,1133.86,168.51,258.71,724.17,-1,-1,-1,-1
505,14,975.61,152.06,325.38,890.55,-1,-1,-1,-1
505,8,549.47,218.36,235.24,643.21,-1,-1,-1,-1
505,2,1124.35,173.66,256.83,724.04,-1,-1,-1,-1
506,14,991.02,152.47,323.20,886.60,-1,-1,-1,-1
506,8,533.74,217.14,237.29,645.02,-1,-1,-1,-1
506,2,1126.18,186.61,250.85,704.68,-1,-1,-1,-1
507,14,1004.86,154.60,330.14,900.59,-1,-1,-1,-1
507,8,514.56,211.13,241.86,654.40,-1,-1,-1,-1
508,14,1012.66,145.90,337.95,918.30,-1,-1,-1,-1
508,8,496.53,202.46,249.13,671.46,-1,-1,-1,-1
509,8,477.80,200.31,259.34,697.03,-1,-1,-1,-1
509,2,1030.73,150.53,319.22,894.39,-1,-1,-1,-1
510,8,459.24,196.95,270.75,726.02,-1,-1,-1,-1
510,2,1025.70,148.78,328.61,915.94,-1,-1,-1,-1
511,8,450.42,194.79,276.16,737.85,-1,-1,-1,-1
511,2,1030.47,149.08,330.80,913.66,-1,-1,-1,-1
512,8,442.98,194.42,278.62,742.16,-1,-1,-1,-1
512,2,1035.73,150.93,331.72,905.57,-1,-1,-1,-1
513,8,434.09,198.70,283.74,754.64,-1,-1,-1,-1
513,2,1045.93,158.26,321.84,871.41,-1,-1,-1,-1
514,8,425.53,197.34,287.80,766.50,-1,-1,-1,-1
514,2,1067.77,152.36,326.32,886.37,-1,-1,-1,-1
515,8,413.88,190.84,292.45,780.33,-1,-1,-1,-1
515,2,1087.28,156.10,322.97,872.25,-1,-1,-1,-1
515,16,993.37,191.43,228.08,657.35,-1,-1,-1,-1
516,8,408.96,184.36,295.04,787.97,-1,-1,-1,-1
516,2,1096.03,155.32,322.81,867.72,-1,-1,-1,-1
516,16,986.95,194.72,226.80,653.69,-1,-1,-1,-1
517,8,403.48,178.45,296.54,792.82,-1,-1,-1,-1
517,2,1103.14,159.01,321.08,862.31,-1,-1,-1,-1
517,16,971.56,198.44,226.30,653.48,-1,-1,-1,-1
518,8,397.20,173.69,299.94,802.89,-1,-1,-1,-1
518,2,1110.86,165.01,318.92,856.78,-1,-1,-1,-1
518,16,957.38,193.07,222.98,645.64,-1,-1,-1,-1
519,8,395.93,173.34,300.72,804.35,-1,-1,-1,-1
519,2,1119.64,169.80,315.55,849.40,-1,-1,-1,-1
519,16,941.62,199.06,218.01,631.63,-1,-1,-1,-1
520,8,388.26,167.64,310.05,830.62,-1,-1,-1,-1
520,2,1125.98,175.51,316.83,854.12,-1,-1,-1,-1
520,16,927.84,198.34,217.97,631.35,-1,-1,-1,-1
521,8,384.56,166.30,315.53,846.32,-1,-1,-1,-1
521,2,1130.96,177.82,314.59,847.41,-1,-1,-1,-1
521,16,920.75,196.49,217.44,629.56,-1,-1,-1,-1
522,8,384.42,164.74,321.20,861.67,-1,-1,-1,-1
522,2,1140.45,174.37,310.39,833.83,-1,-1,-1,-1
522,16,904.02,198.42,218.96,632.39,-1,-1,-1,-1
523,8,376.63,166.12,335.33,901.25,-1,-1,-1,-1
523,2,1148.96,173.13,305.48,819.57,-1,-1,-1,-1
523,16,886.57,204.88,219.83,630.83,-1,-1,-1,-1
524,8,380.06,167.96,338.08,908.60,-1,-1,-1,-1
524,2,1156.36,172.72,298.65,799.24,-1,-1,-1,-1
524,16,869.49,204.18,223.28,636.40,-1,-1,-1,-1
525,8,386.47,166.73,342.50,918.06,-1,-1,-1,-1
525,2,1157.60,171.88,295.42,790.13,-1,-1,-1,-1
525,16,856.05,204.53,224.71,636.53,-1,-1,-1,-1
526,8,392.00,164.46,345.28,924.00,-1,-1,-1,-1
526,2,1158.28,172.08,293.55,784.86,-1,-1,-1,-1
526,16,844.87,201.29,226.40,638.69,-1,-1,-1,-1
527,8,399.49,157.40,348.65,931.64,-1,-1,-1,-1
527,2,1155.02,170.54,292.74,783.40,-1,-1,-1,-1
527,16,833.62,201.18,227.33,639.62,-1,-1,-1,-1
528,8,410.13,151.64,351.52,940.85,-1,-1,-1,-1
528,2,1150.72,172.92,290.82,780.20,-1,-1,-1,-1
528,16,816.87,204.65,227.01,638.37,-1,-1,-1,-1
529,8,419.57,146.29,351.14,941.87,-1,-1,-1,-1
529,2,1148.10,179.35,285.86,771.32,-1,-1,-1,-1
529,16,797.82,202.04,228.12,640.93,-1,-1,-1,-1
530,8,429.46,143.79,347.15,933.46,-1,-1,-1,-1
530,2,1145.67,183.81,281.45,762.52,-1,-1,-1,-1
530,16,785.20,199.21,228.69,644.37,-1,-1,-1,-1
531,8,442.96,143.34,349.35,942.40,-1,-1,-1,-1
531,2,1144.37,187.20,278.39,758.75,-1,-1,-1,-1
531,16,769.67,201.09,227.65,643.27,-1,-1,-1,-1
532,8,459.45,137.57,352.04,954.08,-1,-1,-1,-1
532,2,1142.69,188.87,272.50,746.17,-1,-1,-1,-1
532,16,754.30,200.94,226.79,640.40,-1,-1,-1,-1
533,8,478.17,135.24,352.30,953.95,-1,-1,-1,-1
533,2,1138.47,189.11,265.27,727.59,-1,-1,-1,-1
533,16,743.47,203.78,225.59,638.10,-1,-1,-1,-1
534,8,490.92,139.82,355.14,962.46,-1,-1,-1,-1
534,2,1135.72,189.04,258.00,712.28,-1,-1,-1,-1
534,16,730.31,210.85,221.94,630.07,-1,-1,-1,-1
535,8,512.16,144.81,350.22,951.82,-1,-1,-1,-1
535,2,1128.68,191.71,253.44,700.50,-1,-1,-1,-1
535,16,704.35,212.64,222.80,630.93,-1,-1,-1,-1
536,8,537.43,135.74,351.87,949.70,-1,-1,-1,-1
536,2,1119.61,191.42,251.60,696.13,-1,-1,-1,-1
537,8,549.77,126.55,354.47,954.92,-1,-1,-1,-1
537,2,1110.45,192.67,250.35,694.08,-1,-1,-1,-1
538,8,567.68,129.42,358.45,969.82,-1,-1,-1,-1
538,2,1096.82,197.13,247.60,685.98,-1,-1,-1,-1
539,8,588.13,125.96,353.69,959.54,-1,-1,-1,-1
539,2,1084.25,196.76,248.62,690.07,-1,-1,-1,-1
540,8,608.09,125.23,360.14,977.50,-1,-1,-1,-1
540,2,1072.82,197.64,246.92,685.06,-1,-1,-1,-1
541,8,618.42,126.45,352.57,958.04,-1,-1,-1,-1
541,2,1065.98,199.60,245.46,682.75,-1,-1,-1,-1
542,8,639.05,129.74,344.66,935.44,-1,-1,-1,-1
542,2,1058.69,202.09,243.01,676.36,-1,-1,-1,-1
543,8,685.53,117.98,354.64,968.21,-1,-1,-1,-1
543,2,1048.29,206.15,239.16,668.42,-1,-1,-1,-1
543,16,577.29,194.44,254.46,712.73,-1,-1,-1,-1
544,8,726.08,108.24,356.88,986.52,-1,-1,-1,-1
544,2,1042.33,206.56,235.91,662.13,-1,-1,-1,-1
544,16,565.96,198.29,257.80,716.90,-1,-1,-1,-1
545,8,761.72,108.25,357.73,994.22,-1,-1,-1,-1
545,2,1033.56,208.14,228.82,644.42,-1,-1,-1,-1
545,16,562.17,197.40,260.10,719.17,-1,-1,-1,-1
546,8,784.24,99.64,363.88,1011.38,-1,-1,-1,-1
546,2,1021.51,210.11,225.14,638.77,-1,-1,-1,-1
546,16,556.06,194.97,261.41,718.76,-1,-1,-1,-1
547,8,815.02,106.93,363.29,1007.26,-1,-1,-1,-1
547,2,1006.03,206.37,224.21,639.38,-1,-1,-1,-1
547,16,548.44,191.90,263.16,720.70,-1,-1,-1,-1
548,8,864.65,109.35,359.85,996.52,-1,-1,-1,-1
548,16,541.38,180.99,266.54,724.71,-1,-1,-1,-1
549,8,918.15,92.23,360.15,996.01,-1,-1,-1,-1
549,16,532.11,173.69,272.35,737.13,-1,-1,-1,-1
550,8,946.72,89.89,354.31,980.28,-1,-1,-1,-1
550,16,523.92,170.74,278.38,749.71,-1,-1,-1,-1
551,8,978.59,94.95,355.27,978.21,-1,-1,-1,-1
551,16,513.99,172.94,283.45,761.15,-1,-1,-1,-1
552,8,1015.55,95.17,356.45,981.02,-1,-1,-1,-1
552,16,505.06,172.04,288.54,772.58,-1,-1,-1,-1
553,8,1038.82,87.12,364.30,999.15,-1,-1,-1,-1
553,16,497.24,169.27,293.48,789.47,-1,-1,-1,-1
553,2,918.97,211.60,219.79,632.73,-1,-1,-1,-1
554,8,1054.07,77.53,369.88,1010.92,-1,-1,-1,-1
554,16,493.04,169.04,295.01,795.66,-1,-1,-1,-1
554,2,909.11,212.16,219.22,637.93,-1,-1,-1,-1
555,8,1085.24,82.77,364.59,987.65,-1,-1,-1,-1
555,16,486.63,167.34,296.48,798.34,-1,-1,-1,-1
555,2,892.50,212.86,217.99,638.53,-1,-1,-1,-1
556,8,1104.56,83.30,373.13,999.42,-1,-1,-1,-1
556,16,481.03,165.04,300.70,808.07,-1,-1,-1,-1
556,2,879.74,215.56,217.28,636.21,-1,-1,-1,-1
557,8,1129.80,90.24,375.90,993.69,-1,-1,-1,-1
557,16,479.44,158.88,305.46,819.21,-1,-1,-1,-1
557,2,860.88,216.18,216.68,628.92,-1,-1,-1,-1
558,8,1150.70,98.35,376.15,982.33,-1,-1,-1,-1
558,16,479.05,155.70,308.98,827.69,-1,-1,-1,-1
558,2,840.81,216.19,218.58,628.94,-1,-1,-1,-1
559,8,1173.76,102.60,375.92,973.13,-1,-1,-1,-1
559,16,476.46,152.76,315.56,844.97,-1,-1,-1,-1
559,2,821.96,218.99,221.19,630.26,-1,-1,-1,-1
560,8,1195.73,107.80,376.93,964.96,-1,-1,-1,-1
560,16,473.80,150.87,322.16,862.51,-1,-1,-1,-1
560,2,806.90,219.39,223.04,628.56,-1,-1,-1,-1
561,8,1220.20,106.52,381.42,971.43,-1,-1,-1,-1
561,16,475.80,151.00,325.62,873.35,-1,-1,-1,-1
561,2,793.83,220.36,223.60,628.36,-1,-1,-1,-1
562,8,1234.03,109.24,379.51,960.34,-1,-1,-1,-1
562,16,478.38,151.67,327.04,878.83,-1,-1,-1,-1
562,2,785.39,219.08,224.32,629.75,-1,-1,-1,-1
563,8,1246.55,107.31,380.93,960.07,-1,-1,-1,-1
563,16,483.77,151.40,326.71,880.75,-1,-1,-1,-1
563,2,773.96,216.97,224.37,630.37,-1,-1,-1,-1
564,8,1257.51,115.26,378.27,950.21,-1,-1,-1,-1
564,16,493.24,146.54,328.91,891.22,-1,-1,-1,-1
564,2,756.80,217.49,223.42,631.48,-1,-1,-1,-1
565,8,1266.45,122.64,374.61,940.55,-1,-1,-1,-1
565,16,499.71,143.00,331.94,913.12,-1,-1,-1,-1
565,2,735.90,218.56,222.63,633.69,-1,-1,-1,-1
566,8,1270.49,125.29,373.63,939.00,-1,-1,-1,-1
566,16,515.42,135.13,330.66,920.24,-1,-1,-1,-1
566,2,722.82,214.48,223.31,641.35,-1,-1,-1,-1
567,8,1270.37,128.18,374.78,946.79,-1,-1,-1,-1
567,16,535.24,128.95,332.13,929.86,-1,-1,-1,-1
567,2,715.04,217.80,219.83,633.81,-1,-1,-1,-1
568,8,1271.89,131.34,372.89,946.97,-1,-1,-1,-1
568,16,555.35,130.18,329.06,918.16,-1,-1,-1,-1
568,2,701.51,214.86,221.31,643.23,-1,-1,-1,-1
569,8,1272.17,136.87,369.19,943.20,-1,-1,-1,-1
569,16,574.67,130.06,331.15,920.91,-1,-1,-1,-1
570,8,1280.72,142.94,353.71,904.90,-1,-1,-1,-1
570,16,590.60,127.34,332.71,927.15,-1,-1,-1,-1
571,8,1283.05,150.30,352.37,907.21,-1,-1,-1,-1
571,16,596.23,122.10,338.39,946.56,-1,-1,-1,-1
572,8,1286.06,150.89,336.59,870.53,-1,-1,-1,-1
572,16,606.57,125.67,340.46,958.25,-1,-1,-1,-1
573,8,1285.73,151.32,329.65,857.79,-1,-1,-1,-1
573,16,612.52,126.47,338.96,958.52,-1,-1,-1,-1
574,8,1286.65,151.57,319.11,835.28,-1,-1,-1,-1
574,16,625.28,129.88,335.49,950.85,-1,-1,-1,-1
575,8,1286.51,153.51,309.87,816.66,-1,-1,-1,-1
575,16,647.72,142.13,324.37,918.97,-1,-1,-1,-1
576,8,1282.64,159.66,304.44,808.32,-1,-1,-1,-1
576,16,692.01,118.12,332.72,952.49,-1,-1,-1,-1
576,2,597.12,212.50,238.97,691.69,-1,-1,-1,-1
577,8,1280.11,166.28,299.05,800.85,-1,-1,-1,-1
577,16,720.16,116.99,333.96,959.25,-1,-1,-1,-1
577,2,587.13,213.99,242.44,693.23,-1,-1,-1,-1
578,8,1271.13,170.73,290.23,779.79,-1,-1,-1,-1
578,16,747.04,101.95,338.57,972.90,-1,-1,-1,-1
578,2,572.89,210.26,247.25,698.81,-1,-1,-1,-1
579,8,1261.60,174.94,282.84,761.20,-1,-1,-1,-1
579,16,779.48,101.50,338.38,967.91,-1,-1,-1,-1
579,2,564.30,206.07,253.58,709.43,-1,-1,-1,-1
580,8,1251.12,180.03,276.33,743.37,-1,-1,-1,-1
580,16,802.72,99.31,341.63,973.35,-1,-1,-1,-1
580,2,555.36,204.07,259.75,722.14,-1,-1,-1,-1
581,8,1241.40,183.64,271.44,729.66,-1,-1,-1,-1
581,16,822.58,100.89,343.74,975.13,-1,-1,-1,-1
581,2,541.65,200.04,267.01,735.49,-1,-1,-1,-1
582,8,1232.76,188.14,265.86,713.17,-1,-1,-1,-1
582,16,834.89,102.66,345.20,975.74,-1,-1,-1,-1
582,2,533.04,196.52,271.82,741.56,-1,-1,-1,-1
583,8,1217.30,187.37,263.44,704.03,-1,-1,-1,-1
583,16,854.89,104.26,348.80,991.89,-1,-1,-1,-1
583,2,523.23,196.14,276.95,748.05,-1,-1,-1,-1
584,8,1201.84,185.86,259.32,692.32,-1,-1,-1,-1
584,16,875.24,95.30,346.41,993.06,-1,-1,-1,-1
584,2,515.83,196.23,281.11,751.80,-1,-1,-1,-1
585,8,1186.03,183.49,255.84,688.35,-1,-1,-1,-1
585,16,905.59,93.30,343.45,994.19,-1,-1,-1,-1
585,2,510.84,192.48,284.56,754.99,-1,-1,-1,-1
586,8,1174.61,182.32,252.89,686.33,-1,-1,-1,-1
586,16,929.71,91.03,329.69,964.03,-1,-1,-1,-1
586,2,507.54,189.94,289.28,761.87,-1,-1,-1,-1
587,8,1155.59,181.81,250.30,686.40,-1,-1,-1,-1
587,16,945.97,92.09,328.38,970.03,-1,-1,-1,-1
587,2,505.98,188.79,293.49,770.87,-1,-1,-1,-1
588,8,1140.92,178.46,247.64,686.16,-1,-1,-1,-1
588,16,967.73,97.97,328.45,976.12,-1,-1,-1,-1
588,2,503.21,187.95,301.41,792.82,-1,-1,-1,-1
589,16,1001.53,93.49,329.24,976.99,-1,-1,-1,-1
589,2,503.16,188.35,305.11,805.77,-1,-1,-1,-1
590,16,1020.22,98.91,333.69,981.94,-1,-1,-1,-1
590,2,505.31,185.99,307.04,815.50,-1,-1,-1,-1
591,16,1033.48,98.95,338.70,988.60,-1,-1,-1,-1
591,2,508.49,186.31,306.62,819.32,-1,-1,-1,-1
592,16,1057.18,116.90,333.15,964.36,-1,-1,-1,-1
592,2,513.81,183.35,306.65,823.32,-1,-1,-1,-1
593,16,1083.46,129.30,327.54,942.07,-1,-1,-1,-1
593,2,517.47,179.26,306.74,827.74,-1,-1,-1,-1
594,16,1106.29,125.25,332.22,951.03,-1,-1,-1,-1
594,2,523.75,178.02,306.06,829.40,-1,-1,-1,-1
594,8,1053.87,199.47,229.69,644.68,-1,-1,-1,-1
595,16,1129.82,125.60,334.03,951.04,-1,-1,-1,-1
595,2,534.25,175.60,306.66,832.38,-1,-1,-1,-1
595,8,1038.21,196.89,226.03,640.14,-1,-1,-1,-1
596,16,1145.18,118.09,338.06,960.43,-1,-1,-1,-1
596,2,538.88,172.17,309.92,842.93,-1,-1,-1,-1
596,8,1023.85,199.13,222.13,632.77,-1,-1,-1,-1
597,16,1153.91,112.01,343.41,970.31,-1,-1,-1,-1
597,2,541.66,173.53,318.65,869.24,-1,-1,-1,-1
597,8,1005.74,202.64,218.76,622.05,-1,-1,-1,-1
598,16,1161.84,110.80,343.95,966.04,-1,-1,-1,-1
598,2,550.93,169.09,317.08,863.27,-1,-1,-1,-1
598,8,990.64,203.44,218.44,620.52,-1,-1,-1,-1
599,16,1167.01,116.35,343.95,960.82,-1,-1,-1,-1
599,2,556.75,174.21,324.29,883.52,-1,-1,-1,-1
599,8,976.92,206.04,217.64,614.55,-1,-1,-1,-1
600,16,1171.42,124.03,343.10,954.75,-1,-1,-1,-1
600,2,565.20,170.93,329.13,895.75,-1,-1,-1,-1
600,8,962.27,209.64,214.90,602.68,-1,-1,-1,-1
601,16,1176.81,120.79,343.98,953.24,-1,-1,-1,-1
601,2,570.56,169.10,329.22,898.34,-1,-1,-1,-1
601,8,946.60,212.69,213.88,596.29,-1,-1,-1,-1
602,16,1178.63,115.52,346.45,956.69,-1,-1,-1,-1
602,2,574.44,164.70,331.68,908.53,-1,-1,-1,-1
602,8,932.57,218.89,214.49,594.24,-1,-1,-1,-1
603,16,1191.59,124.04,332.13,914.57,-1,-1,-1,-1
603,2,581.13,161.90,331.53,912.58,-1,-1,-1,-1
603,8,918.79,224.46,211.60,583.89,-1,-1,-1,-1
604,16,1197.59,130.34,324.33,891.33,-1,-1,-1,-1
604,2,587.37,156.87,333.28,922.66,-1,-1,-1,-1
604,8,905.84,227.43,207.72,571.69,-1,-1,-1,-1
605,16,1200.02,134.39,317.71,872.42,-1,-1,-1,-1
605,2,595.78,153.53,336.23,935.56,-1,-1,-1,-1
605,8,883.05,226.76,206.48,572.95,-1,-1,-1,-1
606,16,1204.86,135.88,315.10,863.45,-1,-1,-1,-1
606,2,604.97,149.80,337.97,944.37,-1,-1,-1,-1
606,8,863.01,223.30,205.76,577.09,-1,-1,-1,-1
607,16,1207.45,136.95,314.09,858.98,-1,-1,-1,-1
607,2,616.45,142.10,338.64,954.27,-1,-1,-1,-1
607,8,839.09,222.92,205.46,580.23,-1,-1,-1,-1
608,16,1207.76,139.82,312.42,853.67,-1,-1,-1,-1
608,2,628.44,139.09,335.48,952.48,-1,-1,-1,-1
608,8,823.38,223.87,207.87,593.25,-1,-1,-1,-1
609,16,1207.12,142.30,311.36,851.64,-1,-1,-1,-1
609,2,648.86,146.39,326.45,926.01,-1,-1,-1,-1
609,8,809.05,227.89,207.28,594.57,-1,-1,-1,-1
610,16,1206.75,145.27,308.12,843.89,-1,-1,-1,-1
610,2,667.83,147.84,325.05,921.44,-1,-1,-1,-1
610,8,800.95,224.89,206.85,596.60,-1,-1,-1,-1
611,16,1209.53,150.31,297.73,813.75,-1,-1,-1,-1
611,2,684.74,147.82,328.44,923.90,-1,-1,-1,-1
612,16,1210.39,153.57,290.56,794.15,-1,-1,-1,-1
612,2,707.38,145.80,330.03,925.45,-1,-1,-1,-1
613,16,1208.46,158.40,283.23,776.48,-1,-1,-1,-1
613,2,723.35,157.42,321.77,901.96,-1,-1,-1,-1
613,8,725.17,235.84,202.54,585.81,-1,-1,-1,-1
614,16,1204.30,160.36,278.45,764.68,-1,-1,-1,-1
614,2,729.43,160.64,319.36,892.80,-1,-1,-1,-1
614,8,708.17,234.28,207.15,597.30,-1,-1,-1,-1
615,16,1199.57,160.34,276.35,762.13,-1,-1,-1,-1
615,2,752.31,152.14,328.72,923.30,-1,-1,-1,-1
615,8,689.99,229.89,207.28,597.97,-1,-1,-1,-1
616,16,1192.09,162.43,273.37,756.31,-1,-1,-1,-1
616,2,786.12,141.19,335.10,946.00,-1,-1,-1,-1
616,8,668.27,223.93,207.86,602.98,-1,-1,-1,-1
617,16,1182.32,162.88,270.06,746.74,-1,-1,-1,-1
617,2,813.06,136.63,335.98,950.11,-1,-1,-1,-1
617,8,645.68,215.50,212.25,617.29,-1,-1,-1,-1
618,16,1173.17,163.59,266.79,736.61,-1,-1,-1,-1
618,2,832.81,137.02,335.94,948.72,-1,-1,-1,-1
618,8,621.29,207.72,219.59,637.71,-1,-1,-1,-1
619,16,1164.54,172.47,263.19,725.79,-1,-1,-1,-1
619,2,851.80,133.66,334.47,943.49,-1,-1,-1,-1
619,8,600.58,210.35,222.69,644.55,-1,-1,-1,-1
620,16,1152.52,172.66,259.92,717.69,-1,-1,-1,-1
620,2,873.76,135.59,338.00,953.92,-1,-1,-1,-1
620,8,576.44,211.33,228.01,651.47,-1,-1,-1,-1
621,16,1137.76,172.30,258.67,715.68,-1,-1,-1,-1
621,2,896.98,134.92,334.41,940.51,-1,-1,-1,-1
621,8,554.49,208.17,235.98,664.80,-1,-1,-1,-1
622,16,1125.01,175.35,253.66,704.63,-1,-1,-1,-1
622,2,958.34,137.60,321.32,904.54,-1,-1,-1,-1
622,8,535.35,207.16,245.50,681.66,-1,-1,-1,-1
623,2,989.58,139.74,312.68,879.36,-1,-1,-1,-1
623,8,522.09,207.71,251.53,689.05,-1,-1,-1,-1
624,2,978.73,140.00,325.44,913.41,-1,-1,-1,-1
624,8,510.50,202.55,257.55,700.37,-1,-1,-1,-1
625,2,995.54,135.29,329.07,921.71,-1,-1,-1,-1
625,8,501.73,205.05,259.85,706.87,-1,-1,-1,-1
626,8,485.56,197.48,261.12,712.44,-1,-1,-1,-1
627,8,470.43,194.23,263.37,721.82,-1,-1,-1,-1
627,2,1025.81,134.70,333.44,924.65,-1,-1,-1,-1
628,8,454.89,192.61,264.66,728.75,-1,-1,-1,-1
628,2,1035.86,145.19,329.02,901.79,-1,-1,-1,-1
629,8,446.27,191.97,265.16,732.43,-1,-1,-1,-1
629,2,1047.96,146.00,337.24,913.16,-1,-1,-1,-1
630,8,432.45,191.83,269.91,746.54,-1,-1,-1,-1
630,2,1050.58,151.85,335.87,904.37,-1,-1,-1,-1
631,8,415.62,186.49,278.74,770.85,-1,-1,-1,-1
631,2,1069.35,156.95,340.66,913.39,-1,-1,-1,-1
632,8,404.96,185.15,282.70,781.58,-1,-1,-1,-1
632,2,1088.51,151.71,341.28,913.16,-1,-1,-1,-1
632,19,988.33,192.72,224.77,661.25,-1,-1,-1,-1
633,8,395.52,186.15,289.18,800.36,-1,-1,-1,-1
633,2,1100.34,149.85,335.54,895.09,-1,-1,-1,-1
633,19,972.66,192.79,220.40,648.41,-1,-1,-1,-1
634,8,390.57,187.30,294.37,815.57,-1,-1,-1,-1
634,2,1103.94,149.24,334.10,889.72,-1,-1,-1,-1
634,19,960.45,194.24,218.35,642.47,-1,-1,-1,-1
635,8,385.44,187.21,298.44,826.73,-1,-1,-1,-1
635,2,1108.78,147.95,332.49,881.67,-1,-1,-1,-1
635,19,947.70,197.78,216.56,636.80,-1,-1,-1,-1
636,8,380.97,182.73,301.56,833.52,-1,-1,-1,-1
636,2,1114.97,150.26,329.83,873.01,-1,-1,-1,-1
636,19,927.75,198.52,217.50,636.06,-1,-1,-1,-1
637,8,375.08,175.49,305.72,842.85,-1,-1,-1,-1
637,2,1119.89,153.67,326.63,864.23,-1,-1,-1,-1
637,19,906.47,198.18,219.23,638.00,-1,-1,-1,-1
638,8,368.26,164.61,310.44,851.91,-1,-1,-1,-1
638,2,1125.92,157.90,325.02,861.33,-1,-1,-1,-1
638,19,890.34,202.84,221.82,642.25,-1,-1,-1,-1
639,8,361.46,158.82,315.71,861.09,-1,-1,-1,-1
639,2,1129.86,164.33,323.71,857.59,-1,-1,-1,-1
639,19,880.15,206.08,223.75,643.87,-1,-1,-1,-1
640,8,355.21,152.86,323.22,876.14,-1,-1,-1,-1
640,2,1137.17,164.03,321.94,852.58,-1,-1,-1,-1
640,19,866.67,203.39,225.45,644.86,-1,-1,-1,-1
641,8,347.38,147.06,336.35,910.63,-1,-1,-1,-1
641,2,1148.53,164.45,316.83,838.68,-1,-1,-1,-1
641,19,852.05,199.79,227.20,647.80,-1,-1,-1,-1
642,8,349.70,146.39,340.27,917.67,-1,-1,-1,-1
642,2,1161.45,165.11,311.50,823.99,-1,-1,-1,-1
642,19,836.61,197.02,227.63,646.97,-1,-1,-1,-1
643,8,356.87,148.10,343.60,922.44,-1,-1,-1,-1
643,2,1171.34,168.06,303.55,802.08,-1,-1,-1,-1
643,19,819.38,200.07,226.79,644.34,-1,-1,-1,-1
644,8,365.46,148.24,346.08,928.47,-1,-1,-1,-1
644,2,1175.69,167.90,299.10,791.26,-1,-1,-1,-1
644,19,799.95,198.12,228.11,646.46,-1,-1,-1,-1
645,8,373.03,149.72,346.14,928.36,-1,-1,-1,-1
645,2,1177.93,169.10,296.62,787.27,-1,-1,-1,-1
645,19,786.89,196.12,228.49,647.02,-1,-1,-1,-1
646,8,385.20,150.05,345.64,926.43,-1,-1,-1,-1
646,2,1177.88,172.42,291.79,777.28,-1,-1,-1,-1
646,19,768.43,200.82,227.81,642.23,-1,-1,-1,-1
647,8,394.60,139.09,353.47,949.00,-1,-1,-1,-1
647,2,1173.26,175.78,285.77,763.18,-1,-1,-1,-1
647,19,750.49,200.22,229.29,642.56,-1,-1,-1,-1
648,8,408.34,134.11,354.83,948.78,-1,-1,-1,-1
648,2,1167.12,178.98,282.38,755.17,-1,-1,-1,-1
648,19,735.89,196.38,232.71,650.58,-1,-1,-1,-1
649,8,420.97,131.16,354.65,945.52,-1,-1,-1,-1
649,2,1161.59,183.69,277.61,745.52,-1,-1,-1,-1
649,19,720.41,200.60,233.36,652.29,-1,-1,-1,-1
650,8,431.02,124.91,358.41,952.44,-1,-1,-1,-1
650,2,1156.59,186.13,275.12,739.75,-1,-1,-1,-1
650,19,710.50,203.05,234.30,655.30,-1,-1,-1,-1
651,8,445.97,116.10,366.39,968.72,-1,-1,-1,-1
651,2,1146.90,188.90,271.77,731.15,-1,-1,-1,-1
651,19,692.71,203.13,233.58,654.40,-1,-1,-1,-1
652,8,464.03,107.52,376.27,992.22,-1,-1,-1,-1
652,2,1140.41,190.60,266.52,717.06,-1,-1,-1,-1
652,19,671.77,199.89,232.71,656.45,-1,-1,-1,-1
653,8,489.54,103.67,381.88,1004.74,-1,-1,-1,-1
653,2,1129.22,190.79,261.21,701.06,-1,-1,-1,-1
654,8,519.37,112.91,378.27,989.62,-1,-1,-1,-1
654,2,1112.88,193.21,257.62,690.80,-1,-1,-1,-1
655,8,538.77,118.67,375.60,978.90,-1,-1,-1,-1
655,2,1101.78,194.64,255.49,687.12,-1,-1,-1,-1
656,8,563.00,118.35,376.78,980.64,-1,-1,-1,-1
656,2,1087.55,197.03,254.27,686.53,-1,-1,-1,-1
657,8,588.84,125.40,373.40,973.48,-1,-1,-1,-1
657,2,1074.40,196.35,251.74,682.53,-1,-1,-1,-1
658,8,623.46,125.25,364.36,957.54,-1,-1,-1,-1
658,2,1061.02,197.84,251.96,684.56,-1,-1,-1,-1
658,19,582.51,189.06,255.30,711.34,-1,-1,-1,-1
659,8,660.81,105.74,370.56,980.09,-1,-1,-1,-1
659,2,1050.24,200.14,250.93,682.29,-1,-1,-1,-1
659,19,564.82,190.15,259.91,719.27,-1,-1,-1,-1
660,8,693.95,100.24,373.34,997.20,-1,-1,-1,-1
660,2,1042.75,203.19,249.86,679.50,-1,-1,-1,-1
660,19,551.75,190.77,260.79,726.15,-1,-1,-1,-1
661,8,732.94,86.39,366.81,994.27,-1,-1,-1,-1
661,2,1033.74,209.30,246.13,673.22,-1,-1,-1,-1
661,19,538.85,188.26,260.44,725.25,-1,-1,-1,-1
662,8,760.12,87.11,368.59,1008.81,-1,-1,-1,-1
662,2,1026.46,206.18,240.36,664.79,-1,-1,-1,-1
662,19,524.71,183.96,263.03,730.98,-1,-1,-1,-1
663,8,795.81,79.76,363.81,997.83,-1,-1,-1,-1
663,2,1016.62,206.48,232.20,646.34,-1,-1,-1,-1
663,19,513.41,183.87,265.02,734.62,-1,-1,-1,-1
664,8,824.58,83.70,366.41,1007.02,-1,-1,-1,-1
664,2,1003.89,208.63,227.57,638.08,-1,-1,-1,-1
664,19,502.07,181.15,268.70,741.59,-1,-1,-1,-1
665,8,848.21,86.54,369.09,1016.10,-1,-1,-1,-1
665,2,999.01,216.10,223.74,629.35,-1,-1,-1,-1
665,19,493.62,178.58,273.92,752.57,-1,-1,-1,-1
666,8,878.48,98.20,369.15,1010.33,-1,-1,-1,-1
666,19,480.29,176.97,280.70,768.76,-1,-1,-1,-1
667,8,912.98,89.44,370.97,1010.37,-1,-1,-1,-1
667,19,467.40,173.02,288.14,788.94,-1,-1,-1,-1
668,8,955.09,101.20,363.10,988.39,-1,-1,-1,-1
668,19,455.15,171.47,293.09,801.90,-1,-1,-1,-1
669,8,995.15,106.37,358.93,982.65,-1,-1,-1,-1
669,19,445.24,172.77,295.35,806.02,-1,-1,-1,-1
669,2,935.26,215.49,219.95,614.11,-1,-1,-1,-1
670,8,1028.20,103.87,357.34,983.82,-1,-1,-1,-1
670,19,437.58,169.88,298.45,811.14,-1,-1,-1,-1
670,2,920.38,217.77,219.99,611.51,-1,-1,-1,-1
671,8,1050.18,98.02,359.84,997.48,-1,-1,-1,-1
671,19,431.30,165.89,302.90,819.72,-1,-1,-1,-1
671,2,910.29,217.07,220.52,613.04,-1,-1,-1,-1
672,8,1078.89,91.69,363.09,1009.37,-1,-1,-1,-1
672,19,425.59,160.04,307.42,828.52,-1,-1,-1,-1
672,2,898.49,216.12,220.57,614.33,-1,-1,-1,-1
673,8,1100.89,89.80,363.31,1015.47,-1,-1,-1,-1
673,19,419.72,155.70,311.45,837.55,-1,-1,-1,-1
673,2,885.85,214.22,218.80,612.49,-1,-1,-1,-1
674,8,1118.37,88.86,359.89,1008.68,-1,-1,-1,-1
674,19,416.62,152.43,315.32,846.09,-1,-1,-1,-1
674,2,874.51,213.42,218.57,615.29,-1,-1,-1,-1