27,0,6.07,267.33,169.83,557.85,-1,-1,-1,-1
28,0,3.80,263.61,206.78,565.10,-1,-1,-1,-1
29,0,17.84,261.29,222.49,563.95,-1,-1,-1,-1
30,0,34.92,260.39,255.53,560.56,-1,-1,-1,-1
31,0,52.70,259.80,275.65,563.72,-1,-1,-1,-1
32,0,88.63,264.53,257.85,558.08,-1,-1,-1,-1
33,0,116.35,267.08,245.73,554.74,-1,-1,-1,-1
34,0,146.81,260.33,227.47,561.83,-1,-1,-1,-1
35,0,171.78,250.10,220.87,574.65,-1,-1,-1,-1
36,0,190.42,249.59,243.75,572.01,-1,-1,-1,-1
37,0,207.49,251.89,263.48,565.99,-1,-1,-1,-1
38,0,229.94,253.61,273.43,561.98,-1,-1,-1,-1
39,0,252.79,257.31,277.79,557.75,-1,-1,-1,-1
40,0,274.65,263.89,270.23,548.03,-1,-1,-1,-1
41,0,292.75,266.48,259.37,543.53,-1,-1,-1,-1
42,0,309.45,260.68,246.29,543.69,-1,-1,-1,-1
43,0,317.60,255.92,248.28,546.35,-1,-1,-1,-1
44,0,325.40,252.85,251.23,548.10,-1,-1,-1,-1
45,0,333.85,250.61,252.63,550.11,-1,-1,-1,-1
46,0,346.84,250.34,247.15,554.79,-1,-1,-1,-1
47,0,358.62,250.00,242.81,564.72,-1,-1,-1,-1
48,0,367.36,250.49,241.90,571.67,-1,-1,-1,-1
49,0,374.44,250.53,246.00,575.34,-1,-1,-1,-1
50,0,385.71,254.80,245.01,571.22,-1,-1,-1,-1
51,0,390.63,249.57,253.53,577.57,-1,-1,-1,-1
52,0,395.59,247.19,271.07,579.81,-1,-1,-1,-1
53,0,409.78,245.06,279.85,586.83,-1,-1,-1,-1
54,0,424.70,246.08,292.00,589.56,-1,-1,-1,-1
55,0,439.47,243.95,293.25,594.09,-1,-1,-1,-1
56,0,462.57,245.54,276.29,596.74,-1,-1,-1,-1
57,0,486.87,246.49,250.90,599.75,-1,-1,-1,-1
58,0,500.59,248.56,236.91,597.18,-1,-1,-1,-1
59,0,519.45,239.05,215.02,611.91,-1,-1,-1,-1
60,0,536.52,228.82,200.47,626.39,-1,-1,-1,-1
61,0,560.48,225.15,192.60,639.55,-1,-1,-1,-1
62,0,571.25,229.50,204.42,629.36,-1,-1,-1,-1
63,0,572.48,234.59,231.95,621.85,-1,-1,-1,-1
64,0,578.72,232.79,250.91,626.31,-1,-1,-1,-1
65,0,586.42,228.03,262.83,639.43,-1,-1,-1,-1
66,0,592.96,214.74,266.43,664.21,-1,-1,-1,-1
67,0,601.58,209.97,259.23,674.47,-1,-1,-1,-1
68,0,611.38,210.17,255.71,676.04,-1,-1,-1,-1
69,0,633.84,214.85,251.77,672.59,-1,-1,-1,-1
70,0,664.89,197.14,238.16,708.67,-1,-1,-1,-1
71,0,692.45,199.84,224.36,711.02,-1,-1,-1,-1
72,0,694.33,205.72,237.93,704.41,-1,-1,-1,-1
73,0,704.26,212.20,246.77,698.02,-1,-1,-1,-1
74,0,719.49,207.29,256.31,714.46,-1,-1,-1,-1
75,0,730.65,201.63,287.14,739.78,-1,-1,-1,-1
76,0,742.48,193.83,327.97,773.34,-1,-1,-1,-1
77,0,756.27,188.76,355.23,785.88,-1,-1,-1,-1
78,0,778.05,192.69,369.33,780.99,-1,-1,-1,-1
79,0,818.21,201.02,343.98,778.82,-1,-1,-1,-1
80,0,858.72,207.39,298.67,777.42,-1,-1,-1,-1
81,0,886.86,214.55,268.14,770.77,-1,-1,-1,-1
82,0,909.35,196.74,243.67,809.27,-1,-1,-1,-1
83,0,927.30,198.50,242.97,802.85,-1,-1,-1,-1
84,0,944.07,190.05,271.29,805.68,-1,-1,-1,-1
85,0,950.63,203.68,316.36,781.18,-1,-1,-1,-1
86,0,955.12,209.41,375.89,773.76,-1,-1,-1,-1
87,0,975.79,195.87,388.99,788.18,-1,-1,-1,-1
88,0,1007.44,187.69,373.31,797.32,-1,-1,-1,-1
89,0,1045.84,188.88,337.74,794.54,-1,-1,-1,-1
90,0,1092.57,174.45,299.20,811.43,-1,-1,-1,-1
91,0,1145.98,166.63,269.75,818.16,-1,-1,-1,-1
92,0,1182.13,155.78,293.98,840.87,-1,-1,-1,-1
93,0,1214.08,147.73,330.26,861.03,-1,-1,-1,-1
94,0,1251.59,147.13,338.55,864.54,-1,-1,-1,-1
95,0,1284.09,155.09,346.84,852.79,-1,-1,-1,-1
96,0,1306.98,171.11,351.46,826.13,-1,-1,-1,-1
97,0,1335.40,177.51,335.41,821.22,-1,-1,-1,-1
98,0,1353.80,172.57,317.35,836.41,-1,-1,-1,-1
99,0,1361.00,175.62,310.85,832.15,-1,-1,-1,-1
100,0,1367.16,169.91,311.68,843.55,-1,-1,-1,-1
101,0,1372.03,166.48,329.14,846.66,-1,-1,-1,-1
101,1,18.60,233.21,270.56,589.24,-1,-1,-1,-1
102,0,1379.48,172.85,341.68,836.18,-1,-1,-1,-1
102,1,27.18,240.34,269.42,576.49,-1,-1,-1,-1
103,0,1382.56,179.18,356.00,818.29,-1,-1,-1,-1
103,1,37.73,240.72,256.13,572.45,-1,-1,-1,-1
104,0,1395.27,173.71,345.10,820.96,-1,-1,-1,-1
104,1,47.98,235.45,250.00,575.95,-1,-1,-1,-1
105,0,1404.41,179.39,325.14,797.88,-1,-1,-1,-1
105,1,61.17,231.73,239.52,580.17,-1,-1,-1,-1
106,0,1418.18,182.86,297.91,782.27,-1,-1,-1,-1
106,1,66.81,230.19,250.39,578.47,-1,-1,-1,-1
107,0,1432.97,181.58,275.01,775.06,-1,-1,-1,-1
107,1,81.19,231.99,275.82,573.42,-1,-1,-1,-1
108,0,1453.71,186.21,247.25,756.81,-1,-1,-1,-1
108,1,97.18,242.11,296.53,556.66,-1,-1,-1,-1
109,0,1450.22,185.72,254.22,763.40,-1,-1,-1,-1
109,1,132.01,245.33,280.67,553.78,-1,-1,-1,-1
110,0,1443.44,185.31,254.92,759.15,-1,-1,-1,-1
110,1,165.20,248.90,259.85,549.28,-1,-1,-1,-1
111,0,1421.49,184.73,270.91,762.77,-1,-1,-1,-1
111,1,194.87,250.39,236.00,546.68,-1,-1,-1,-1
112,0,1402.86,184.39,277.30,757.91,-1,-1,-1,-1
112,1,216.69,232.46,224.19,568.73,-1,-1,-1,-1
113,0,1390.35,190.31,277.26,732.05,-1,-1,-1,-1
113,1,239.65,227.32,221.24,575.87,-1,-1,-1,-1
114,0,1383.70,194.12,268.92,712.21,-1,-1,-1,-1
114,1,258.24,220.48,223.65,587.31,-1,-1,-1,-1
115,0,1372.46,196.84,268.01,699.53,-1,-1,-1,-1
115,1,276.78,223.23,238.57,579.14,-1,-1,-1,-1
116,0,1361.75,197.08,270.73,693.65,-1,-1,-1,-1
116,1,293.56,224.11,254.82,574.33,-1,-1,-1,-1
117,0,1343.61,194.89,276.77,692.85,-1,-1,-1,-1
117,1,309.79,228.72,272.70,566.07,-1,-1,-1,-1
118,0,1320.82,198.25,285.50,686.78,-1,-1,-1,-1
118,1,330.80,234.02,262.81,558.95,-1,-1,-1,-1
119,0,1307.04,202.32,289.42,680.06,-1,-1,-1,-1
119,1,345.17,238.61,258.90,554.45,-1,-1,-1,-1
120,0,1294.38,202.91,301.80,683.63,-1,-1,-1,-1
120,1,352.37,237.99,267.74,554.13,-1,-1,-1,-1
121,0,1288.25,200.55,279.16,689.58,-1,-1,-1,-1
121,1,368.74,236.28,249.81,555.43,-1,-1,-1,-1
122,0,1282.97,184.28,240.79,713.83,-1,-1,-1,-1
122,1,380.10,233.38,251.01,556.44,-1,-1,-1,-1
123,0,1264.83,168.62,229.39,742.76,-1,-1,-1,-1
123,1,402.13,232.38,241.53,555.04,-1,-1,-1,-1
124,0,1248.58,167.96,222.88,739.29,-1,-1,-1,-1
124,1,415.56,230.92,240.20,552.93,-1,-1,-1,-1
125,0,1227.40,173.24,215.00,736.66,-1,-1,-1,-1
125,1,434.61,230.88,243.30,556.02,-1,-1,-1,-1
126,0,1191.16,178.15,231.69,730.80,-1,-1,-1,-1
126,1,453.74,234.44,243.79,555.57,-1,-1,-1,-1
127,0,1153.33,170.69,258.18,752.57,-1,-1,-1,-1
127,1,483.43,232.47,226.05,565.66,-1,-1,-1,-1
128,0,1136.48,182.12,262.58,742.78,-1,-1,-1,-1
128,1,504.34,229.40,214.22,574.91,-1,-1,-1,-1
129,0,1126.92,193.62,264.60,727.09,-1,-1,-1,-1
129,1,525.66,229.33,209.18,569.50,-1,-1,-1,-1
130,0,1114.47,196.36,267.29,726.04,-1,-1,-1,-1
130,1,547.59,225.46,202.00,570.61,-1,-1,-1,-1
131,0,1096.70,191.57,273.79,743.27,-1,-1,-1,-1
131,1,567.54,215.65,202.25,582.24,-1,-1,-1,-1
132,0,1070.71,187.35,301.78,760.91,-1,-1,-1,-1
132,1,585.15,218.37,211.68,574.93,-1,-1,-1,-1
133,0,1048.82,181.07,327.97,781.11,-1,-1,-1,-1
133,1,595.87,218.78,235.39,578.53,-1,-1,-1,-1
134,0,1018.78,173.74,364.62,810.77,-1,-1,-1,-1
134,1,614.19,219.89,242.98,581.90,-1,-1,-1,-1
135,0,991.76,171.18,388.90,830.64,-1,-1,-1,-1
135,1,632.87,225.07,240.99,577.96,-1,-1,-1,-1
136,0,968.55,177.97,391.88,817.59,-1,-1,-1,-1
136,1,648.24,222.33,241.73,585.06,-1,-1,-1,-1
137,0,953.27,174.77,371.02,857.83,-1,-1,-1,-1
137,1,658.18,216.92,243.54,589.17,-1,-1,-1,-1
138,0,942.04,172.31,354.41,872.57,-1,-1,-1,-1
138,1,663.78,217.06,247.65,578.92,-1,-1,-1,-1
139,0,940.09,178.69,325.41,861.99,-1,-1,-1,-1
139,1,671.70,217.21,246.23,574.18,-1,-1,-1,-1
140,0,946.19,174.18,293.74,874.36,-1,-1,-1,-1
140,1,701.32,211.03,222.60,577.66,-1,-1,-1,-1
141,0,952.38,163.50,261.18,887.06,-1,-1,-1,-1
141,1,722.72,217.45,221.40,565.71,-1,-1,-1,-1
142,0,941.07,151.57,253.80,909.43,-1,-1,-1,-1
142,1,749.32,215.83,215.82,570.29,-1,-1,-1,-1
143,0,900.90,152.37,288.07,920.49,-1,-1,-1,-1
143,1,776.81,213.83,205.33,577.47,-1,-1,-1,-1
144,0,848.39,150.19,339.44,927.98,-1,-1,-1,-1
144,1,795.96,217.16,201.93,570.78,-1,-1,-1,-1
145,0,825.99,164.11,343.75,909.40,-1,-1,-1,-1
145,1,818.09,220.16,183.86,557.21,-1,-1,-1,-1
146,0,819.18,159.55,331.07,918.13,-1,-1,-1,-1
146,1,836.41,222.59,181.56,550.26,-1,-1,-1,-1
147,0,821.55,155.57,299.72,926.32,-1,-1,-1,-1
147,1,854.74,225.03,179.27,543.31,-1,-1,-1,-1
148,0,817.42,154.43,285.47,922.30,-1,-1,-1,-1
148,1,873.06,227.46,176.97,536.36,-1,-1,-1,-1
149,0,798.14,145.18,296.00,931.09,-1,-1,-1,-1
149,1,891.39,229.90,174.68,529.41,-1,-1,-1,-1
150,0,766.63,146.20,317.88,924.27,-1,-1,-1,-1
151,0,744.06,152.97,322.72,908.53,-1,-1,-1,-1
151,1,941.14,225.74,176.85,529.42,-1,-1,-1,-1
152,0,726.12,150.35,296.98,909.47,-1,-1,-1,-1
152,1,952.97,222.69,190.52,542.02,-1,-1,-1,-1
153,0,696.35,155.19,298.44,909.56,-1,-1,-1,-1
153,1,961.95,213.15,201.39,560.97,-1,-1,-1,-1
154,0,665.63,148.07,316.21,923.71,-1,-1,-1,-1
154,1,977.18,217.89,198.13,549.66,-1,-1,-1,-1
155,0,620.74,149.82,353.27,922.99,-1,-1,-1,-1
155,1,998.23,215.58,180.87,553.37,-1,-1,-1,-1
156,0,566.52,143.82,373.13,932.81,-1,-1,-1,-1
156,1,1020.42,216.49,164.97,549.06,-1,-1,-1,-1
157,0,511.16,134.53,386.34,942.03,-1,-1,-1,-1
157,1,1041.32,208.16,165.00,559.04,-1,-1,-1,-1
158,0,457.80,128.44,405.00,946.24,-1,-1,-1,-1
158,1,1060.53,200.75,169.28,572.21,-1,-1,-1,-1
159,0,414.00,136.07,426.03,932.53,-1,-1,-1,-1
159,1,1075.86,211.72,181.33,554.12,-1,-1,-1,-1
160,0,387.39,136.03,437.68,932.01,-1,-1,-1,-1
160,1,1086.36,215.96,200.48,544.02,-1,-1,-1,-1
161,0,366.61,135.00,450.32,934.21,-1,-1,-1,-1
161,1,1094.81,204.80,220.02,563.77,-1,-1,-1,-1
162,0,361.10,133.95,448.06,938.81,-1,-1,-1,-1
162,1,1100.32,203.51,239.59,566.62,-1,-1,-1,-1
163,0,366.60,136.63,439.72,936.70,-1,-1,-1,-1
163,1,1108.36,210.83,244.92,556.70,-1,-1,-1,-1
164,0,388.26,138.57,416.64,934.31,-1,-1,-1,-1
164,1,1141.85,212.80,211.28,549.35,-1,-1,-1,-1
165,0,420.98,140.42,383.47,933.60,-1,-1,-1,-1
165,1,1175.02,205.38,181.54,557.86,-1,-1,-1,-1
166,0,452.64,142.73,354.55,931.74,-1,-1,-1,-1
166,1,1197.16,201.51,176.31,562.02,-1,-1,-1,-1
167,0,478.47,144.94,334.34,929.02,-1,-1,-1,-1
167,1,1208.18,192.64,185.13,576.26,-1,-1,-1,-1
168,0,501.74,149.22,317.21,919.72,-1,-1,-1,-1
168,1,1212.85,195.39,218.02,576.02,-1,-1,-1,-1
169,0,526.91,155.42,299.31,909.48,-1,-1,-1,-1
169,1,1220.90,197.45,259.63,576.42,-1,-1,-1,-1
170,0,546.30,164.20,288.75,892.12,-1,-1,-1,-1
170,1,1236.51,192.15,266.79,592.53,-1,-1,-1,-1
171,0,565.11,174.53,280.91,874.91,-1,-1,-1,-1
171,1,1254.03,183.18,262.04,614.56,-1,-1,-1,-1
172,0,585.47,176.84,262.29,872.48,-1,-1,-1,-1
172,1,1272.46,184.04,246.75,614.70,-1,-1,-1,-1
173,0,593.62,174.73,255.58,872.93,-1,-1,-1,-1
173,1,1283.97,189.44,238.59,608.92,-1,-1,-1,-1
174,0,597.28,171.65,247.53,864.79,-1,-1,-1,-1
174,1,1292.07,188.39,232.72,611.45,-1,-1,-1,-1
175,0,599.20,171.69,247.37,864.78,-1,-1,-1,-1
175,1,1301.90,199.90,232.90,593.76,-1,-1,-1,-1
176,0,595.43,174.34,271.40,855.68,-1,-1,-1,-1
176,1,1313.54,201.40,238.25,592.52,-1,-1,-1,-1
177,0,594.16,180.22,303.28,830.14,-1,-1,-1,-1
177,1,1325.67,197.85,247.99,602.94,-1,-1,-1,-1
178,0,594.82,186.24,324.90,807.75,-1,-1,-1,-1
178,1,1337.23,184.96,271.59,630.25,-1,-1,-1,-1
179,0,597.47,191.95,328.97,793.09,-1,-1,-1,-1
179,1,1343.13,179.20,288.02,648.26,-1,-1,-1,-1
180,0,594.04,196.99,339.10,777.87,-1,-1,-1,-1
180,1,1349.05,178.56,307.24,655.87,-1,-1,-1,-1
181,0,594.41,201.36,325.73,764.54,-1,-1,-1,-1
181,1,1356.67,174.37,297.93,673.34,-1,-1,-1,-1
182,0,589.05,206.68,312.65,742.89,-1,-1,-1,-1
182,1,1353.24,172.58,313.88,683.16,-1,-1,-1,-1
183,0,590.06,204.59,278.65,731.00,-1,-1,-1,-1
183,1,1351.66,173.14,325.95,687.34,-1,-1,-1,-1
184,0,587.92,201.57,260.96,722.65,-1,-1,-1,-1
184,1,1346.21,174.23,338.45,688.57,-1,-1,-1,-1
185,0,595.75,200.53,225.31,721.65,-1,-1,-1,-1
185,1,1365.03,172.74,311.74,695.94,-1,-1,-1,-1
186,0,605.07,204.60,198.74,709.85,-1,-1,-1,-1
186,1,1380.19,168.43,298.00,714.85,-1,-1,-1,-1
187,0,600.46,203.49,212.18,705.29,-1,-1,-1,-1
187,1,1387.87,162.76,290.43,741.00,-1,-1,-1,-1
188,0,607.86,210.62,210.51,688.62,-1,-1,-1,-1
188,1,1393.99,163.29,285.47,750.77,-1,-1,-1,-1
189,0,608.66,213.04,224.59,681.68,-1,-1,-1,-1
189,1,1401.15,168.29,279.72,752.99,-1,-1,-1,-1
189,2,12.92,257.43,238.47,553.38,-1,-1,-1,-1
190,0,609.09,217.01,241.10,664.06,-1,-1,-1,-1
190,1,1414.34,169.49,257.70,755.96,-1,-1,-1,-1
190,2,14.63,249.42,240.36,577.60,-1,-1,-1,-1
191,0,605.49,219.42,268.29,654.31,-1,-1,-1,-1
191,1,1415.94,166.63,243.19,761.08,-1,-1,-1,-1
191,2,20.26,246.29,238.02,585.86,-1,-1,-1,-1
192,0,602.18,227.73,284.29,639.83,-1,-1,-1,-1
192,1,1408.34,157.54,237.79,771.14,-1,-1,-1,-1
192,2,22.23,245.62,238.44,584.85,-1,-1,-1,-1
193,0,602.37,227.27,297.87,638.69,-1,-1,-1,-1
193,1,1396.17,161.27,241.30,754.03,-1,-1,-1,-1
193,2,26.93,246.38,239.51,578.11,-1,-1,-1,-1
194,0,617.97,230.34,304.27,633.63,-1,-1,-1,-1
194,1,1372.19,162.42,254.60,750.02,-1,-1,-1,-1
194,2,33.18,243.78,243.33,582.76,-1,-1,-1,-1
195,0,648.84,233.80,283.21,624.60,-1,-1,-1,-1
195,1,1332.67,164.15,283.13,745.04,-1,-1,-1,-1
195,2,45.09,241.09,242.47,587.09,-1,-1,-1,-1
196,0,678.62,237.32,259.99,613.58,-1,-1,-1,-1
196,1,1293.86,164.61,313.20,749.26,-1,-1,-1,-1
196,2,56.14,241.15,249.36,588.38,-1,-1,-1,-1
197,0,736.35,237.74,212.76,605.68,-1,-1,-1,-1
197,1,1269.66,170.12,329.84,744.73,-1,-1,-1,-1
197,2,69.15,249.70,249.25,577.69,-1,-1,-1,-1
198,0,775.41,232.08,185.65,593.86,-1,-1,-1,-1
198,1,1253.85,174.86,325.20,740.80,-1,-1,-1,-1
198,2,83.94,257.98,242.99,566.95,-1,-1,-1,-1
199,0,795.21,228.09,204.83,595.71,-1,-1,-1,-1
199,1,1245.51,173.11,295.87,742.76,-1,-1,-1,-1
199,2,93.43,252.24,240.57,576.57,-1,-1,-1,-1
200,0,811.39,231.82,228.81,576.63,-1,-1,-1,-1
200,1,1230.75,164.15,260.53,749.39,-1,-1,-1,-1
200,2,104.80,254.17,233.99,574.23,-1,-1,-1,-1
201,0,827.74,229.68,243.72,577.20,-1,-1,-1,-1
201,1,1208.70,154.88,252.73,763.01,-1,-1,-1,-1
201,2,110.29,249.38,233.47,582.94,-1,-1,-1,-1
202,0,843.36,231.08,254.41,572.75,-1,-1,-1,-1
202,1,1179.87,151.29,246.68,770.50,-1,-1,-1,-1
202,2,113.97,244.99,237.60,594.50,-1,-1,-1,-1
203,0,860.67,234.63,258.18,571.56,-1,-1,-1,-1
203,1,1130.93,151.39,276.79,771.55,-1,-1,-1,-1
203,2,116.69,242.96,252.03,600.55,-1,-1,-1,-1
204,0,885.78,232.86,248.28,574.48,-1,-1,-1,-1
204,1,1097.47,149.10,291.84,770.49,-1,-1,-1,-1
204,2,124.95,240.30,253.37,604.36,-1,-1,-1,-1
205,0,908.38,233.08,237.62,570.76,-1,-1,-1,-1
205,1,1075.56,155.45,307.70,766.70,-1,-1,-1,-1
205,2,131.55,238.73,248.32,604.45,-1,-1,-1,-1
206,0,941.83,233.71,211.37,580.46,-1,-1,-1,-1
206,1,1050.65,159.32,322.81,763.91,-1,-1,-1,-1
206,2,135.73,235.19,242.31,619.31,-1,-1,-1,-1
207,0,976.08,229.49,183.18,569.23,-1,-1,-1,-1
207,1,1042.08,159.98,315.70,772.40,-1,-1,-1,-1
207,2,139.11,235.32,235.51,633.79,-1,-1,-1,-1
208,0,996.86,229.04,182.13,565.99,-1,-1,-1,-1
208,1,1002.09,154.18,327.41,781.26,-1,-1,-1,-1
208,2,140.36,235.19,232.36,642.59,-1,-1,-1,-1
209,0,1017.65,228.59,181.08,562.74,-1,-1,-1,-1
209,1,969.84,153.80,313.31,774.34,-1,-1,-1,-1
209,2,141.97,235.15,227.98,652.62,-1,-1,-1,-1
210,0,1038.43,228.14,180.03,559.50,-1,-1,-1,-1
210,1,962.72,162.44,288.06,735.65,-1,-1,-1,-1
210,2,142.78,232.20,225.93,664.34,-1,-1,-1,-1
211,0,1059.21,227.69,178.97,556.25,-1,-1,-1,-1
211,1,937.47,161.09,311.26,744.21,-1,-1,-1,-1
211,2,139.86,233.26,228.16,665.73,-1,-1,-1,-1
212,1,905.52,171.56,347.34,728.00,-1,-1,-1,-1
212,2,134.96,237.60,230.77,656.42,-1,-1,-1,-1
213,0,1108.17,225.58,197.62,582.48,-1,-1,-1,-1
213,1,872.33,175.29,372.15,732.91,-1,-1,-1,-1
213,2,131.87,232.51,231.51,663.97,-1,-1,-1,-1
214,0,1105.62,215.05,228.68,596.83,-1,-1,-1,-1
214,1,852.28,166.76,351.98,757.18,-1,-1,-1,-1
214,2,125.53,225.33,236.17,675.36,-1,-1,-1,-1
215,0,1113.95,209.93,245.29,600.35,-1,-1,-1,-1
215,1,834.72,174.23,339.20,744.20,-1,-1,-1,-1
215,2,115.75,221.03,245.77,693.25,-1,-1,-1,-1
216,0,1126.36,207.88,251.26,600.21,-1,-1,-1,-1
216,1,819.84,173.71,328.08,748.61,-1,-1,-1,-1
216,2,107.43,222.27,255.55,702.48,-1,-1,-1,-1
217,0,1139.87,207.63,247.89,602.14,-1,-1,-1,-1
217,1,820.12,174.37,290.66,744.63,-1,-1,-1,-1
217,2,100.71,225.98,262.22,702.12,-1,-1,-1,-1
218,0,1155.05,213.71,248.33,590.87,-1,-1,-1,-1
218,1,807.99,180.60,262.18,727.71,-1,-1,-1,-1
218,2,89.98,226.71,272.25,712.26,-1,-1,-1,-1
219,0,1174.44,214.34,257.96,590.74,-1,-1,-1,-1
219,1,777.53,170.46,254.33,755.94,-1,-1,-1,-1
219,2,76.82,225.94,284.54,721.81,-1,-1,-1,-1
220,0,1190.12,209.33,262.75,600.82,-1,-1,-1,-1
220,1,744.71,172.59,267.14,751.75,-1,-1,-1,-1
220,2,65.46,223.46,295.70,731.06,-1,-1,-1,-1
221,0,1206.95,212.09,252.34,599.68,-1,-1,-1,-1
221,1,703.78,173.96,297.01,747.88,-1,-1,-1,-1
221,2,48.86,214.32,312.19,754.13,-1,-1,-1,-1
222,0,1217.91,213.24,247.46,597.89,-1,-1,-1,-1
222,1,667.37,173.99,325.49,748.05,-1,-1,-1,-1
222,2,37.45,210.28,320.55,762.21,-1,-1,-1,-1
223,0,1233.25,221.76,234.64,586.29,-1,-1,-1,-1
223,1,630.82,169.32,349.55,752.14,-1,-1,-1,-1
223,2,31.01,207.54,325.39,769.48,-1,-1,-1,-1
224,0,1255.40,220.95,211.92,592.98,-1,-1,-1,-1
224,1,610.14,169.44,355.44,752.72,-1,-1,-1,-1
224,2,29.36,202.48,321.91,784.24,-1,-1,-1,-1
225,0,1267.33,218.12,200.65,602.72,-1,-1,-1,-1
225,1,598.65,171.13,335.30,748.83,-1,-1,-1,-1
225,2,34.99,197.70,308.72,800.96,-1,-1,-1,-1
226,0,1270.48,216.80,204.82,609.40,-1,-1,-1,-1
226,1,580.32,172.89,311.71,744.81,-1,-1,-1,-1
226,2,43.13,191.98,295.85,818.81,-1,-1,-1,-1
227,0,1262.97,215.37,225.36,614.93,-1,-1,-1,-1
227,1,571.35,176.68,270.26,744.36,-1,-1,-1,-1
227,2,55.12,186.91,288.36,841.89,-1,-1,-1,-1
228,0,1255.75,216.54,242.27,618.04,-1,-1,-1,-1
228,1,556.03,171.99,254.44,748.22,-1,-1,-1,-1
228,2,64.47,186.75,283.66,850.96,-1,-1,-1,-1
229,0,1246.18,215.75,260.29,620.17,-1,-1,-1,-1
229,1,532.56,170.23,251.66,749.97,-1,-1,-1,-1
229,2,77.67,188.65,272.53,845.86,-1,-1,-1,-1
230,0,1239.91,219.02,270.32,615.07,-1,-1,-1,-1
230,1,510.67,172.47,252.07,742.91,-1,-1,-1,-1
230,2,94.82,189.93,262.51,846.02,-1,-1,-1,-1
231,0,1236.93,216.53,266.38,619.41,-1,-1,-1,-1
231,1,472.67,174.97,284.05,737.80,-1,-1,-1,-1
231,2,110.55,183.64,254.71,849.52,-1,-1,-1,-1
232,0,1235.13,217.79,251.79,622.84,-1,-1,-1,-1
232,1,432.64,176.69,317.72,740.79,-1,-1,-1,-1
232,2,124.99,179.93,252.78,848.25,-1,-1,-1,-1
233,0,1229.41,212.10,234.06,646.26,-1,-1,-1,-1
233,1,407.64,174.94,337.02,749.54,-1,-1,-1,-1
233,2,141.20,175.53,251.17,855.88,-1,-1,-1,-1
234,0,1228.01,210.72,211.95,654.27,-1,-1,-1,-1
234,1,402.00,181.16,321.60,744.23,-1,-1,-1,-1
234,2,150.19,175.67,262.00,859.58,-1,-1,-1,-1
235,0,1224.79,213.23,201.29,654.62,-1,-1,-1,-1
235,1,382.21,188.07,314.41,730.21,-1,-1,-1,-1
235,2,161.81,164.46,267.91,888.74,-1,-1,-1,-1
236,0,1212.62,212.95,204.17,662.87,-1,-1,-1,-1
236,1,366.41,191.82,291.38,721.59,-1,-1,-1,-1
236,2,178.85,172.32,269.62,876.61,-1,-1,-1,-1
237,0,1195.21,214.48,215.07,670.60,-1,-1,-1,-1
237,1,333.87,182.20,303.44,774.31,-1,-1,-1,-1
237,2,181.97,170.61,321.21,887.38,-1,-1,-1,-1
238,0,1172.31,209.67,222.26,682.88,-1,-1,-1,-1
238,1,311.70,187.59,318.04,755.82,-1,-1,-1,-1
238,2,185.50,165.92,372.05,903.52,-1,-1,-1,-1
239,0,1153.08,204.63,226.44,691.60,-1,-1,-1,-1
239,1,289.60,188.62,319.13,758.39,-1,-1,-1,-1
239,2,183.69,164.75,412.51,904.98,-1,-1,-1,-1
240,0,1137.61,203.40,227.67,692.91,-1,-1,-1,-1
240,1,267.51,189.66,320.22,760.97,-1,-1,-1,-1
240,2,195.01,169.19,403.43,903.64,-1,-1,-1,-1
241,0,1128.19,197.58,214.74,702.11,-1,-1,-1,-1
241,1,245.41,190.69,321.31,763.54,-1,-1,-1,-1
241,2,195.06,155.37,399.25,919.01,-1,-1,-1,-1
242,0,1111.17,196.85,218.44,697.20,-1,-1,-1,-1
242,1,223.32,191.72,322.40,766.11,-1,-1,-1,-1
242,2,190.74,159.01,398.43,912.21,-1,-1,-1,-1
243,0,1087.30,193.14,235.67,706.67,-1,-1,-1,-1
243,2,197.06,146.71,383.63,932.07,-1,-1,-1,-1
244,0,1067.48,199.04,252.99,697.29,-1,-1,-1,-1
244,2,196.21,142.42,386.00,935.19,-1,-1,-1,-1
245,0,1046.20,195.49,272.21,701.58,-1,-1,-1,-1
245,2,199.18,138.90,382.79,933.96,-1,-1,-1,-1
246,0,1039.39,198.94,253.75,691.36,-1,-1,-1,-1
246,2,181.29,129.79,411.03,938.35,-1,-1,-1,-1
247,0,1030.51,207.07,233.27,676.09,-1,-1,-1,-1
247,2,156.11,132.19,443.50,926.58,-1,-1,-1,-1
248,0,1013.30,214.95,217.02,657.42,-1,-1,-1,-1
248,2,140.69,138.30,463.93,911.75,-1,-1,-1,-1
249,0,999.23,207.89,212.38,664.18,-1,-1,-1,-1
249,2,139.63,134.94,464.36,919.69,-1,-1,-1,-1
250,0,983.82,208.43,204.27,668.18,-1,-1,-1,-1
250,1,316.92,138.17,302.98,920.86,-1,-1,-1,-1
250,2,149.19,152.52,364.00,868.79,-1,-1,-1,-1
251,0,961.51,206.71,212.31,670.74,-1,-1,-1,-1
251,1,317.75,132.37,317.34,930.78,-1,-1,-1,-1
251,2,131.25,163.46,327.19,844.84,-1,-1,-1,-1
252,0,928.16,203.92,232.86,671.90,-1,-1,-1,-1
252,1,323.01,117.94,332.49,956.62,-1,-1,-1,-1
252,2,115.75,160.85,303.70,854.90,-1,-1,-1,-1
253,0,912.59,200.00,236.79,677.65,-1,-1,-1,-1
253,1,323.73,123.42,366.30,945.42,-1,-1,-1,-1
253,2,101.89,163.60,294.61,848.49,-1,-1,-1,-1
254,0,903.96,206.89,231.12,669.56,-1,-1,-1,-1
254,1,322.11,122.16,397.50,949.14,-1,-1,-1,-1
254,2,74.72,152.83,312.82,877.13,-1,-1,-1,-1
255,0,900.28,213.36,218.10,659.65,-1,-1,-1,-1
255,1,324.26,114.73,418.43,960.11,-1,-1,-1,-1
255,2,51.27,153.10,334.08,884.56,-1,-1,-1,-1
256,0,890.65,220.60,210.52,643.55,-1,-1,-1,-1
256,1,329.61,101.01,439.20,975.07,-1,-1,-1,-1
256,2,39.91,146.32,335.13,899.98,-1,-1,-1,-1
257,0,882.34,215.36,195.15,651.65,-1,-1,-1,-1
257,1,338.55,97.32,451.65,978.35,-1,-1,-1,-1
257,2,37.06,138.55,332.66,917.07,-1,-1,-1,-1
258,0,871.89,211.52,186.41,659.82,-1,-1,-1,-1
258,1,365.04,98.76,439.41,972.89,-1,-1,-1,-1
258,2,29.05,133.98,343.84,929.72,-1,-1,-1,-1
259,0,858.82,219.64,187.35,647.57,-1,-1,-1,-1
259,1,396.09,97.39,420.90,970.56,-1,-1,-1,-1
259,2,41.21,131.63,326.69,943.04,-1,-1,-1,-1
260,0,849.68,223.15,190.71,642.96,-1,-1,-1,-1
260,1,415.72,86.63,424.26,984.21,-1,-1,-1,-1
260,2,51.29,133.56,315.83,941.15,-1,-1,-1,-1
261,0,847.60,223.92,185.79,646.09,-1,-1,-1,-1
261,1,449.05,71.25,399.89,999.88,-1,-1,-1,-1
261,2,65.31,137.64,298.77,934.33,-1,-1,-1,-1
262,0,844.07,229.39,184.59,636.49,-1,-1,-1,-1
262,1,485.97,55.25,388.47,1017.33,-1,-1,-1,-1
262,2,80.69,133.50,290.02,944.33,-1,-1,-1,-1
263,0,835.57,236.95,184.58,620.51,-1,-1,-1,-1
263,1,524.09,46.01,390.64,1024.46,-1,-1,-1,-1
263,2,96.88,141.71,286.48,922.83,-1,-1,-1,-1
264,0,829.71,234.60,192.13,622.47,-1,-1,-1,-1
264,1,566.91,43.56,393.26,1027.58,-1,-1,-1,-1
264,2,114.35,148.10,279.84,911.49,-1,-1,-1,-1
265,0,821.95,237.05,190.72,617.95,-1,-1,-1,-1
265,1,608.02,112.01,405.77,935.11,-1,-1,-1,-1
265,2,132.69,141.71,278.56,918.08,-1,-1,-1,-1
266,0,814.18,239.51,189.31,613.43,-1,-1,-1,-1
266,1,645.60,81.79,421.88,977.94,-1,-1,-1,-1
266,2,147.57,140.11,284.07,910.75,-1,-1,-1,-1
267,0,806.41,241.96,187.91,608.91,-1,-1,-1,-1
267,1,703.78,70.31,411.84,992.91,-1,-1,-1,-1
267,2,151.32,130.33,334.62,930.29,-1,-1,-1,-1
268,0,798.65,244.41,186.50,604.39,-1,-1,-1,-1
268,1,761.99,63.32,400.20,1001.71,-1,-1,-1,-1
268,2,168.07,126.35,368.39,939.57,-1,-1,-1,-1
269,1,807.43,60.83,393.71,1007.58,-1,-1,-1,-1
269,2,193.64,121.31,388.83,948.99,-1,-1,-1,-1
270,0,815.57,265.64,129.98,576.28,-1,-1,-1,-1
270,1,829.19,50.39,410.61,1018.32,-1,-1,-1,-1
270,2,219.54,130.20,405.92,938.01,-1,-1,-1,-1
271,0,804.53,245.51,164.13,613.48,-1,-1,-1,-1
271,1,861.12,42.13,422.56,1030.51,-1,-1,-1,-1
271,2,250.24,122.46,406.47,949.59,-1,-1,-1,-1
272,0,797.97,228.77,175.72,649.94,-1,-1,-1,-1
272,1,928.69,17.72,385.14,1058.59,-1,-1,-1,-1
272,2,296.37,112.40,352.52,953.11,-1,-1,-1,-1
273,0,791.34,227.56,185.42,654.50,-1,-1,-1,-1
273,1,971.17,15.30,376.23,1063.33,-1,-1,-1,-1
273,2,323.43,96.14,325.51,974.15,-1,-1,-1,-1
274,0,783.65,226.99,199.91,661.00,-1,-1,-1,-1
274,1,988.28,19.77,395.70,1056.26,-1,-1,-1,-1
274,2,348.67,92.59,316.00,970.28,-1,-1,-1,-1
275,0,772.13,229.50,213.24,660.24,-1,-1,-1,-1
275,1,1031.32,21.37,385.29,1048.00,-1,-1,-1,-1
275,2,371.00,82.52,319.64,980.04,-1,-1,-1,-1
276,0,754.40,231.31,227.19,661.38,-1,-1,-1,-1
276,1,1070.43,32.16,379.26,1035.62,-1,-1,-1,-1
276,2,394.59,78.19,342.10,991.87,-1,-1,-1,-1
277,0,735.84,222.14,236.64,679.18,-1,-1,-1,-1
277,1,1109.89,40.63,373.56,1027.46,-1,-1,-1,-1
277,2,423.31,82.47,357.20,989.93,-1,-1,-1,-1
278,0,717.67,222.19,245.23,680.77,-1,-1,-1,-1
278,1,1145.28,46.92,372.53,1019.75,-1,-1,-1,-1
278,2,454.81,98.17,382.95,971.81,-1,-1,-1,-1
279,0,707.43,213.40,241.14,694.41,-1,-1,-1,-1
279,1,1171.06,52.68,387.10,1014.44,-1,-1,-1,-1
279,2,494.74,82.42,353.13,995.47,-1,-1,-1,-1
280,0,699.17,200.78,238.77,715.19,-1,-1,-1,-1
280,1,1191.60,65.69,414.23,999.07,-1,-1,-1,-1
280,2,525.10,94.91,341.54,973.83,-1,-1,-1,-1
281,0,687.82,193.57,243.63,729.75,-1,-1,-1,-1
281,1,1214.45,68.75,439.94,1003.14,-1,-1,-1,-1
281,2,548.60,109.84,353.81,945.91,-1,-1,-1,-1
282,0,676.47,186.36,248.48,744.32,-1,-1,-1,-1
282,1,1234.07,74.78,467.24,992.34,-1,-1,-1,-1
282,2,586.38,107.68,322.48,959.40,-1,-1,-1,-1
283,0,665.11,179.15,253.34,758.89,-1,-1,-1,-1
283,1,1252.23,72.89,488.67,997.52,-1,-1,-1,-1
283,2,626.33,109.49,286.42,953.18,-1,-1,-1,-1
284,0,653.76,171.94,258.19,773.46,-1,-1,-1,-1
284,1,1273.58,76.36,501.46,996.32,-1,-1,-1,-1
284,2,651.00,98.65,285.62,959.28,-1,-1,-1,-1
285,1,1295.71,74.56,500.40,1003.48,-1,-1,-1,-1
285,2,653.65,97.84,317.69,960.92,-1,-1,-1,-1
286,1,1308.99,74.05,501.89,1004.21,-1,-1,-1,-1
286,2,644.99,108.44,361.28,951.82,-1,-1,-1,-1
287,1,1329.99,88.04,489.89,978.60,-1,-1,-1,-1
287,2,635.53,109.15,406.55,945.81,-1,-1,-1,-1
288,0,570.33,192.99,237.86,778.74,-1,-1,-1,-1
288,1,1349.31,100.21,466.27,959.51,-1,-1,-1,-1
288,2,693.42,150.97,353.44,904.67,-1,-1,-1,-1
289,0,524.39,211.64,272.96,762.37,-1,-1,-1,-1
289,1,1358.42,96.40,452.79,969.80,-1,-1,-1,-1
289,2,723.89,132.03,332.89,933.16,-1,-1,-1,-1
290,0,487.11,204.67,300.08,784.97,-1,-1,-1,-1
290,1,1363.33,103.26,441.98,960.95,-1,-1,-1,-1
290,2,766.27,119.04,303.00,948.65,-1,-1,-1,-1
291,0,465.01,203.53,315.54,800.64,-1,-1,-1,-1
291,1,1358.32,99.56,446.86,969.20,-1,-1,-1,-1
291,2,816.36,114.91,265.31,951.44,-1,-1,-1,-1
292,0,446.58,198.16,333.32,823.86,-1,-1,-1,-1
292,1,1372.18,99.33,425.85,976.34,-1,-1,-1,-1
292,2,863.52,111.03,248.84,941.89,-1,-1,-1,-1
293,0,421.47,202.43,360.31,827.49,-1,-1,-1,-1
293,1,1376.04,108.91,431.65,966.12,-1,-1,-1,-1
293,2,899.74,90.76,260.75,968.02,-1,-1,-1,-1
294,0,388.71,196.10,402.94,844.23,-1,-1,-1,-1
294,1,1390.67,100.66,409.28,980.04,-1,-1,-1,-1
294,2,930.70,96.85,294.21,961.12,-1,-1,-1,-1
295,0,373.56,188.54,418.66,862.20,-1,-1,-1,-1
295,1,1398.88,105.35,404.83,965.30,-1,-1,-1,-1
295,2,959.51,107.81,325.45,945.62,-1,-1,-1,-1
296,0,366.76,184.94,420.89,872.05,-1,-1,-1,-1
296,1,1406.79,109.27,395.32,959.68,-1,-1,-1,-1
296,2,989.59,98.63,339.73,955.32,-1,-1,-1,-1
297,0,369.42,183.25,404.10,876.51,-1,-1,-1,-1
297,1,1413.15,124.14,387.04,937.62,-1,-1,-1,-1
297,2,1017.40,98.24,341.01,946.48,-1,-1,-1,-1
298,0,381.95,184.62,358.80,871.98,-1,-1,-1,-1
298,1,1417.48,137.88,385.85,909.69,-1,-1,-1,-1
298,2,1052.87,101.31,325.53,943.75,-1,-1,-1,-1
299,0,399.10,185.36,312.56,869.52,-1,-1,-1,-1
299,1,1422.33,131.66,384.09,932.59,-1,-1,-1,-1
299,2,1084.42,100.14,307.16,949.31,-1,-1,-1,-1
300,0,413.38,191.53,279.15,857.25,-1,-1,-1,-1
300,1,1424.75,136.41,387.24,927.08,-1,-1,-1,-1
300,2,1112.23,87.93,308.33,966.07,-1,-1,-1,-1
301,0,422.50,189.43,264.15,860.47,-1,-1,-1,-1
301,1,1427.33,136.79,380.50,922.86,-1,-1,-1,-1
301,2,1132.70,91.91,312.96,963.23,-1,-1,-1,-1
302,0,429.92,190.15,254.71,857.99,-1,-1,-1,-1
302,1,1429.20,137.98,378.00,910.37,-1,-1,-1,-1
302,2,1149.41,82.42,331.04,983.33,-1,-1,-1,-1
303,0,437.91,180.84,251.47,875.91,-1,-1,-1,-1
303,1,1435.25,134.92,368.36,903.89,-1,-1,-1,-1
303,2,1168.21,75.19,339.37,998.82,-1,-1,-1,-1
304,0,450.31,183.57,243.59,869.67,-1,-1,-1,-1
304,1,1439.80,139.87,354.69,880.06,-1,-1,-1,-1
304,2,1184.73,85.69,355.24,990.45,-1,-1,-1,-1
305,0,459.79,188.85,243.07,863.10,-1,-1,-1,-1
305,1,1447.47,148.98,335.85,869.85,-1,-1,-1,-1
305,2,1208.83,97.83,360.20,978.66,-1,-1,-1,-1
306,0,471.25,188.54,248.62,864.33,-1,-1,-1,-1
306,1,1462.67,140.01,308.10,888.91,-1,-1,-1,-1
306,2,1224.81,120.55,379.16,947.34,-1,-1,-1,-1
307,0,473.67,187.99,274.08,867.19,-1,-1,-1,-1
307,1,1463.68,138.38,308.71,890.69,-1,-1,-1,-1
307,2,1236.73,125.66,422.33,940.20,-1,-1,-1,-1
308,0,478.79,187.73,291.60,872.74,-1,-1,-1,-1
308,1,1464.69,136.76,309.32,892.47,-1,-1,-1,-1
308,2,1256.67,136.70,440.90,926.99,-1,-1,-1,-1
309,0,481.38,191.29,310.81,871.24,-1,-1,-1,-1
309,1,1465.70,135.13,309.92,894.24,-1,-1,-1,-1
309,2,1282.76,126.67,445.83,938.16,-1,-1,-1,-1
310,0,483.73,190.39,319.96,882.29,-1,-1,-1,-1
310,1,1466.70,133.50,310.53,896.02,-1,-1,-1,-1
310,2,1302.11,114.16,462.13,952.50,-1,-1,-1,-1
311,0,479.48,188.77,335.40,890.10,-1,-1,-1,-1
311,2,1322.27,109.16,468.62,944.75,-1,-1,-1,-1
312,0,467.87,188.00,354.81,892.81,-1,-1,-1,-1
312,2,1341.46,102.91,494.41,940.87,-1,-1,-1,-1
313,0,456.82,188.92,366.43,890.94,-1,-1,-1,-1
313,2,1355.56,101.69,513.53,941.53,-1,-1,-1,-1
314,0,438.43,184.50,382.90,897.68,-1,-1,-1,-1
314,2,1375.80,98.00,504.91,951.31,-1,-1,-1,-1
315,0,421.46,187.37,391.46,890.42,-1,-1,-1,-1
315,2,1387.96,115.99,495.26,937.25,-1,-1,-1,-1
316,0,416.55,193.21,387.80,871.68,-1,-1,-1,-1
316,2,1395.78,123.30,490.61,925.82,-1,-1,-1,-1
317,0,417.82,188.19,377.52,874.95,-1,-1,-1,-1
317,2,1402.68,141.01,472.89,869.89,-1,-1,-1,-1
318,0,428.64,190.09,357.79,857.96,-1,-1,-1,-1
318,1,1389.49,140.01,298.18,777.76,-1,-1,-1,-1
318,2,1403.31,118.69,485.69,916.85,-1,-1,-1,-1
319,0,441.75,187.40,338.93,853.39,-1,-1,-1,-1
319,1,1372.85,143.36,260.19,772.89,-1,-1,-1,-1
319,2,1411.51,115.26,456.38,925.77,-1,-1,-1,-1
320,0,451.23,186.06,328.59,848.03,-1,-1,-1,-1
320,1,1363.84,145.58,247.94,763.02,-1,-1,-1,-1
320,2,1415.83,116.72,447.15,920.76,-1,-1,-1,-1
321,0,461.88,184.34,321.46,844.80,-1,-1,-1,-1
321,1,1352.45,164.63,248.10,735.68,-1,-1,-1,-1
321,2,1457.43,122.94,376.65,911.07,-1,-1,-1,-1
322,0,474.11,184.74,311.74,838.28,-1,-1,-1,-1
322,1,1336.12,176.60,259.92,703.13,-1,-1,-1,-1
322,2,1490.91,112.17,331.48,934.35,-1,-1,-1,-1
323,0,487.48,187.26,300.22,827.98,-1,-1,-1,-1
323,1,1326.18,189.48,269.84,678.72,-1,-1,-1,-1
323,2,1514.36,112.00,303.52,934.22,-1,-1,-1,-1
324,0,499.01,197.29,292.73,806.17,-1,-1,-1,-1
324,1,1320.11,194.26,267.00,655.65,-1,-1,-1,-1
324,2,1530.01,122.91,285.08,917.76,-1,-1,-1,-1
325,0,510.89,204.96,284.01,784.86,-1,-1,-1,-1
325,1,1306.81,195.87,307.16,643.71,-1,-1,-1,-1
325,2,1548.32,135.26,261.25,876.50,-1,-1,-1,-1
326,0,521.67,215.85,277.71,744.60,-1,-1,-1,-1
326,1,1304.18,196.42,272.33,633.21,-1,-1,-1,-1
326,2,1557.81,138.24,247.23,853.28,-1,-1,-1,-1
327,0,532.29,216.19,272.33,724.10,-1,-1,-1,-1
327,1,1292.74,199.19,250.14,626.28,-1,-1,-1,-1
327,2,1544.13,131.77,261.00,853.63,-1,-1,-1,-1
328,0,539.74,208.09,271.63,722.18,-1,-1,-1,-1
328,1,1275.08,202.75,247.59,617.05,-1,-1,-1,-1
328,2,1522.38,130.77,279.11,829.53,-1,-1,-1,-1
329,0,546.02,206.82,269.58,717.21,-1,-1,-1,-1
329,1,1265.44,200.99,231.92,620.15,-1,-1,-1,-1
329,2,1497.16,128.76,298.29,824.45,-1,-1,-1,-1
330,0,551.07,206.79,267.88,713.70,-1,-1,-1,-1
330,1,1257.81,202.37,226.87,619.08,-1,-1,-1,-1
330,2,1478.80,129.96,310.82,819.05,-1,-1,-1,-1
331,0,554.90,214.89,270.77,700.86,-1,-1,-1,-1
331,1,1253.88,197.39,218.31,624.65,-1,-1,-1,-1
331,2,1464.41,132.41,315.94,806.10,-1,-1,-1,-1
332,0,561.94,224.75,270.28,691.64,-1,-1,-1,-1
332,1,1249.99,193.46,209.58,632.27,-1,-1,-1,-1
332,2,1455.13,133.80,315.52,803.55,-1,-1,-1,-1
333,0,573.59,227.92,256.64,684.45,-1,-1,-1,-1
333,1,1246.05,204.98,187.50,614.17,-1,-1,-1,-1
333,2,1434.03,138.74,326.66,794.79,-1,-1,-1,-1
334,0,593.35,230.47,236.75,671.12,-1,-1,-1,-1
334,1,1233.13,214.17,176.55,593.39,-1,-1,-1,-1
334,2,1425.79,140.34,304.38,788.17,-1,-1,-1,-1
335,0,613.52,225.99,210.28,668.75,-1,-1,-1,-1
335,1,1211.77,213.21,182.15,587.25,-1,-1,-1,-1
335,2,1414.86,146.67,292.43,769.62,-1,-1,-1,-1
336,0,631.22,229.73,192.06,654.86,-1,-1,-1,-1
336,1,1182.62,209.21,199.20,590.05,-1,-1,-1,-1
336,2,1413.85,141.73,253.96,771.46,-1,-1,-1,-1
337,0,643.57,229.83,182.44,652.29,-1,-1,-1,-1
337,1,1162.20,208.73,208.67,588.18,-1,-1,-1,-1
337,2,1412.12,140.78,234.61,772.78,-1,-1,-1,-1
338,0,650.47,230.27,183.82,637.91,-1,-1,-1,-1
338,1,1145.60,202.85,217.70,593.92,-1,-1,-1,-1
338,2,1394.89,140.51,238.82,769.37,-1,-1,-1,-1
339,0,654.18,223.33,193.17,645.08,-1,-1,-1,-1
339,1,1130.11,212.68,229.58,571.91,-1,-1,-1,-1
339,2,1367.46,144.49,254.63,762.37,-1,-1,-1,-1
340,0,660.03,220.59,197.15,649.06,-1,-1,-1,-1
340,1,1120.71,209.84,230.87,576.92,-1,-1,-1,-1
340,2,1328.76,147.59,287.86,759.78,-1,-1,-1,-1
341,0,666.87,221.90,204.78,642.32,-1,-1,-1,-1
341,1,1109.73,214.34,234.76,570.37,-1,-1,-1,-1
341,2,1287.43,146.73,321.03,771.66,-1,-1,-1,-1
342,0,674.71,220.80,210.22,645.75,-1,-1,-1,-1
342,1,1102.17,218.28,236.76,568.45,-1,-1,-1,-1
342,2,1264.79,147.02,336.02,786.29,-1,-1,-1,-1
343,0,683.92,219.09,217.89,648.31,-1,-1,-1,-1
343,1,1091.20,212.26,234.54,587.84,-1,-1,-1,-1
343,2,1253.17,144.83,341.10,792.05,-1,-1,-1,-1
344,0,695.03,218.42,218.73,648.29,-1,-1,-1,-1
344,1,1087.10,211.52,212.20,583.23,-1,-1,-1,-1
344,2,1248.85,153.08,322.74,782.36,-1,-1,-1,-1
345,0,710.18,216.37,214.67,654.06,-1,-1,-1,-1
345,1,1076.07,215.67,199.82,581.76,-1,-1,-1,-1
345,2,1251.16,161.62,258.01,766.86,-1,-1,-1,-1
346,0,723.08,222.36,223.40,645.46,-1,-1,-1,-1
346,1,1065.55,207.55,187.11,591.72,-1,-1,-1,-1
346,2,1233.18,160.13,226.18,756.33,-1,-1,-1,-1
347,0,732.81,221.79,231.01,647.82,-1,-1,-1,-1
347,1,1054.73,205.71,178.62,593.31,-1,-1,-1,-1
347,2,1210.00,163.31,213.45,758.05,-1,-1,-1,-1
348,0,746.17,221.51,238.59,651.50,-1,-1,-1,-1
348,1,1048.29,211.39,162.43,581.97,-1,-1,-1,-1
348,2,1189.52,156.94,210.55,777.40,-1,-1,-1,-1
349,0,765.02,222.76,235.31,650.03,-1,-1,-1,-1
349,1,1036.30,206.62,162.13,592.95,-1,-1,-1,-1
349,2,1130.72,148.10,263.73,796.54,-1,-1,-1,-1
350,0,780.44,228.48,233.90,644.24,-1,-1,-1,-1
350,1,1022.21,201.73,171.41,612.92,-1,-1,-1,-1
350,2,1086.36,139.20,304.22,815.22,-1,-1,-1,-1
351,0,794.30,225.79,223.83,647.49,-1,-1,-1,-1
351,1,1012.38,206.72,177.00,601.73,-1,-1,-1,-1
351,2,1057.99,144.51,326.83,810.09,-1,-1,-1,-1
352,0,798.96,223.12,227.10,648.54,-1,-1,-1,-1
352,1,1010.06,212.41,168.01,602.83,-1,-1,-1,-1
352,2,1027.59,154.72,342.98,795.99,-1,-1,-1,-1
353,0,816.92,234.09,205.42,626.35,-1,-1,-1,-1
353,1,1007.59,218.84,152.10,589.79,-1,-1,-1,-1
353,2,1024.72,158.60,314.34,790.18,-1,-1,-1,-1
354,0,840.39,224.07,196.51,634.54,-1,-1,-1,-1
354,1,997.71,223.21,145.10,571.60,-1,-1,-1,-1
354,2,1009.74,157.84,296.08,791.95,-1,-1,-1,-1
355,0,857.59,218.01,206.27,645.84,-1,-1,-1,-1
355,1,994.58,215.31,150.23,595.42,-1,-1,-1,-1
355,2,1010.72,163.72,259.86,774.23,-1,-1,-1,-1
356,0,872.41,207.37,214.37,666.54,-1,-1,-1,-1
356,1,984.68,213.85,151.40,600.14,-1,-1,-1,-1
356,2,1010.26,166.94,240.49,758.29,-1,-1,-1,-1
357,0,885.59,200.62,218.11,678.19,-1,-1,-1,-1
357,1,974.77,212.40,152.57,604.86,-1,-1,-1,-1
357,2,938.32,162.59,304.31,759.88,-1,-1,-1,-1
358,0,898.78,193.86,221.85,689.84,-1,-1,-1,-1
358,1,964.87,210.95,153.73,609.59,-1,-1,-1,-1
358,2,896.82,155.04,329.62,772.92,-1,-1,-1,-1
359,0,911.96,187.10,225.58,701.50,-1,-1,-1,-1
359,1,954.96,209.50,154.90,614.31,-1,-1,-1,-1
359,2,875.01,159.76,325.56,764.46,-1,-1,-1,-1
360,0,925.14,180.34,229.32,713.15,-1,-1,-1,-1
360,2,852.74,156.02,333.04,774.81,-1,-1,-1,-1
361,2,841.00,156.30,339.70,784.21,-1,-1,-1,-1
362,2,827.85,152.65,343.90,795.27,-1,-1,-1,-1
363,2,804.08,161.26,361.76,788.45,-1,-1,-1,-1
364,2,796.88,165.71,358.78,786.14,-1,-1,-1,-1
365,0,968.51,226.74,221.17,611.42,-1,-1,-1,-1
365,2,786.41,180.81,363.21,748.85,-1,-1,-1,-1
366,0,951.99,214.94,243.41,655.06,-1,-1,-1,-1
366,2,775.91,186.73,347.21,747.84,-1,-1,-1,-1
367,0,965.36,215.25,240.20,654.23,-1,-1,-1,-1
367,2,752.97,177.28,304.21,743.61,-1,-1,-1,-1
368,0,974.59,221.02,239.73,644.02,-1,-1,-1,-1
368,2,733.93,180.73,276.00,697.30,-1,-1,-1,-1
369,0,992.33,221.80,226.16,638.32,-1,-1,-1,-1
369,2,714.45,168.58,280.86,726.40,-1,-1,-1,-1
370,0,1012.71,224.62,210.58,627.16,-1,-1,-1,-1
370,2,696.51,162.82,273.92,743.15,-1,-1,-1,-1
371,0,1040.10,222.21,188.67,630.94,-1,-1,-1,-1
371,2,657.10,153.64,320.39,784.31,-1,-1,-1,-1
372,0,1052.66,216.01,186.56,643.26,-1,-1,-1,-1
372,2,634.32,151.52,344.18,808.60,-1,-1,-1,-1
373,0,1059.46,217.53,195.46,633.53,-1,-1,-1,-1
373,2,627.50,146.33,346.09,840.30,-1,-1,-1,-1
374,0,1071.59,217.22,198.34,629.13,-1,-1,-1,-1
374,2,627.58,144.27,321.00,850.00,-1,-1,-1,-1
375,0,1074.53,227.15,215.08,612.50,-1,-1,-1,-1
375,2,605.77,152.04,308.79,838.68,-1,-1,-1,-1
376,0,1085.95,222.46,211.65,623.06,-1,-1,-1,-1
376,2,586.21,158.57,281.18,827.71,-1,-1,-1,-1
377,0,1097.48,221.14,210.81,625.71,-1,-1,-1,-1
377,2,559.52,161.22,279.45,824.68,-1,-1,-1,-1
378,0,1106.21,225.60,218.50,619.60,-1,-1,-1,-1
378,2,532.47,174.99,291.61,807.93,-1,-1,-1,-1
379,0,1112.06,220.60,224.73,627.95,-1,-1,-1,-1
379,2,492.72,181.03,318.35,800.51,-1,-1,-1,-1
380,0,1110.93,220.32,238.45,624.97,-1,-1,-1,-1
380,2,458.63,186.54,335.86,782.86,-1,-1,-1,-1
381,0,1114.01,226.37,241.22,617.32,-1,-1,-1,-1
381,2,443.07,180.63,344.84,795.77,-1,-1,-1,-1
382,0,1113.99,227.52,253.74,624.71,-1,-1,-1,-1
382,1,637.21,236.79,147.05,529.26,-1,-1,-1,-1
382,2,406.38,183.44,372.11,793.82,-1,-1,-1,-1
383,0,1117.83,224.83,258.78,636.51,-1,-1,-1,-1
383,1,622.77,227.62,160.30,577.53,-1,-1,-1,-1
383,2,371.01,180.07,408.72,807.31,-1,-1,-1,-1
384,0,1123.46,216.66,255.10,659.72,-1,-1,-1,-1
384,1,603.43,218.57,184.03,613.80,-1,-1,-1,-1
384,2,362.95,180.83,385.02,810.96,-1,-1,-1,-1
385,0,1128.07,219.13,253.65,657.40,-1,-1,-1,-1
385,1,585.11,210.79,195.47,636.62,-1,-1,-1,-1
385,2,348.99,184.35,377.27,805.05,-1,-1,-1,-1
386,0,1136.44,216.31,247.85,660.98,-1,-1,-1,-1
386,1,570.14,209.16,195.31,652.97,-1,-1,-1,-1
386,2,341.09,175.46,324.07,815.80,-1,-1,-1,-1
387,0,1148.19,212.78,243.68,671.88,-1,-1,-1,-1
387,1,554.51,208.06,200.21,658.51,-1,-1,-1,-1
387,2,312.32,178.98,318.13,799.12,-1,-1,-1,-1
388,0,1159.94,205.76,241.82,688.83,-1,-1,-1,-1
388,1,539.09,212.95,212.36,654.51,-1,-1,-1,-1
388,2,282.04,178.57,324.20,795.30,-1,-1,-1,-1
389,0,1174.40,201.82,236.59,694.62,-1,-1,-1,-1
389,1,527.41,218.97,223.55,647.02,-1,-1,-1,-1
389,2,258.22,177.60,333.69,797.23,-1,-1,-1,-1
390,0,1187.65,195.94,233.84,703.20,-1,-1,-1,-1
390,1,521.32,223.03,229.64,645.20,-1,-1,-1,-1
390,2,235.87,185.09,336.15,787.63,-1,-1,-1,-1
391,0,1197.21,190.95,234.53,711.55,-1,-1,-1,-1
391,1,518.45,226.18,235.81,647.85,-1,-1,-1,-1
391,2,209.54,184.02,356.75,798.43,-1,-1,-1,-1
392,0,1206.28,177.65,234.26,740.49,-1,-1,-1,-1
392,1,514.06,220.95,251.68,662.59,-1,-1,-1,-1
392,2,197.06,185.32,359.36,806.14,-1,-1,-1,-1
393,0,1209.04,179.45,240.79,751.50,-1,-1,-1,-1
393,1,517.01,222.95,258.31,664.99,-1,-1,-1,-1
393,2,183.27,189.79,359.86,801.66,-1,-1,-1,-1
394,0,1209.54,178.23,246.48,769.88,-1,-1,-1,-1
394,1,528.84,218.61,254.91,674.20,-1,-1,-1,-1
394,2,167.17,186.77,349.92,805.16,-1,-1,-1,-1
395,0,1205.36,178.83,254.24,790.33,-1,-1,-1,-1
395,1,549.60,221.07,236.77,671.21,-1,-1,-1,-1
395,2,159.09,189.91,328.13,794.67,-1,-1,-1,-1
396,0,1201.25,180.21,258.95,805.54,-1,-1,-1,-1
396,1,562.83,219.36,233.72,668.91,-1,-1,-1,-1
396,2,149.62,185.66,309.97,800.10,-1,-1,-1,-1
397,0,1195.67,184.19,265.97,810.64,-1,-1,-1,-1
397,1,572.68,220.45,232.95,667.15,-1,-1,-1,-1
397,2,138.49,183.95,309.58,805.38,-1,-1,-1,-1
398,0,1190.64,187.09,269.64,809.37,-1,-1,-1,-1
398,1,591.77,221.11,227.77,665.53,-1,-1,-1,-1
398,2,125.80,180.47,307.31,806.69,-1,-1,-1,-1
399,0,1184.11,187.03,285.03,811.83,-1,-1,-1,-1
399,1,614.60,217.52,222.23,671.11,-1,-1,-1,-1
399,2,112.69,186.90,307.28,797.04,-1,-1,-1,-1
400,0,1175.06,189.10,303.72,812.13,-1,-1,-1,-1
400,1,635.58,215.40,217.64,676.90,-1,-1,-1,-1
400,2,103.51,193.34,306.93,787.86,-1,-1,-1,-1
401,0,1167.33,178.72,319.97,845.71,-1,-1,-1,-1
401,1,657.01,209.22,209.47,690.70,-1,-1,-1,-1
401,2,98.85,198.27,305.08,779.69,-1,-1,-1,-1
402,0,1158.44,165.84,338.22,880.05,-1,-1,-1,-1
402,1,672.46,206.85,217.92,693.96,-1,-1,-1,-1
402,2,100.60,203.17,297.65,765.65,-1,-1,-1,-1
403,0,1150.83,159.86,350.00,905.58,-1,-1,-1,-1
403,1,685.19,212.14,236.50,684.05,-1,-1,-1,-1
403,2,105.43,206.74,292.57,743.49,-1,-1,-1,-1
404,0,1147.52,169.24,349.88,891.69,-1,-1,-1,-1
404,1,692.62,216.64,258.16,677.31,-1,-1,-1,-1
404,2,116.02,208.76,281.93,719.79,-1,-1,-1,-1
405,0,1152.80,164.93,328.33,897.79,-1,-1,-1,-1
405,1,701.50,221.61,270.57,672.02,-1,-1,-1,-1
405,2,131.14,207.22,267.88,710.07,-1,-1,-1,-1
406,0,1155.49,161.05,302.05,892.57,-1,-1,-1,-1
406,1,718.98,213.59,256.63,682.31,-1,-1,-1,-1
406,2,143.04,206.82,257.10,703.17,-1,-1,-1,-1
407,0,1161.06,157.30,267.24,897.25,-1,-1,-1,-1
407,1,729.44,206.13,253.35,687.61,-1,-1,-1,-1
407,2,162.75,200.81,235.14,704.11,-1,-1,-1,-1
408,0,1134.82,150.18,286.43,909.89,-1,-1,-1,-1
408,1,760.34,195.62,225.39,708.52,-1,-1,-1,-1
408,2,182.47,203.60,220.00,683.43,-1,-1,-1,-1
409,0,1120.41,150.83,282.37,913.12,-1,-1,-1,-1
409,1,786.48,185.87,207.33,724.04,-1,-1,-1,-1
409,2,203.39,203.15,209.21,669.35,-1,-1,-1,-1
410,0,1091.80,152.03,305.85,917.77,-1,-1,-1,-1
410,1,813.30,194.20,202.65,706.91,-1,-1,-1,-1
410,2,219.82,202.41,206.89,661.78,-1,-1,-1,-1
411,0,1066.10,154.56,321.96,915.21,-1,-1,-1,-1
411,1,843.29,188.62,185.04,712.03,-1,-1,-1,-1
411,2,233.90,206.54,209.55,649.67,-1,-1,-1,-1
412,0,1043.76,151.92,323.38,914.71,-1,-1,-1,-1
412,1,854.81,186.03,199.01,710.29,-1,-1,-1,-1
412,2,241.18,200.70,228.36,663.82,-1,-1,-1,-1
413,0,1030.64,151.29,307.34,913.23,-1,-1,-1,-1
413,1,859.83,193.16,217.51,702.91,-1,-1,-1,-1
413,2,253.18,197.98,234.48,667.82,-1,-1,-1,-1
414,0,960.30,170.37,353.40,884.95,-1,-1,-1,-1
414,1,867.89,197.36,219.74,698.31,-1,-1,-1,-1
414,2,284.35,207.91,208.97,648.98,-1,-1,-1,-1
415,0,905.47,165.35,372.70,889.73,-1,-1,-1,-1
415,1,884.00,199.05,218.53,694.52,-1,-1,-1,-1
415,2,311.23,214.35,207.09,630.94,-1,-1,-1,-1
416,0,895.14,166.06,350.80,890.04,-1,-1,-1,-1
416,1,900.10,200.74,217.33,690.74,-1,-1,-1,-1
416,2,334.55,217.23,215.43,618.68,-1,-1,-1,-1
417,0,898.87,158.95,315.63,898.66,-1,-1,-1,-1
417,1,916.21,202.44,216.13,686.96,-1,-1,-1,-1
417,2,355.48,213.73,222.83,612.84,-1,-1,-1,-1
418,0,885.60,171.05,309.20,869.22,-1,-1,-1,-1
418,1,932.31,204.13,214.92,683.17,-1,-1,-1,-1
418,2,376.89,218.24,227.47,599.72,-1,-1,-1,-1
419,0,868.03,179.77,320.87,851.42,-1,-1,-1,-1
419,2,386.66,213.09,250.11,611.02,-1,-1,-1,-1
420,0,858.14,190.21,322.36,825.83,-1,-1,-1,-1
420,2,396.18,216.02,256.15,603.78,-1,-1,-1,-1
421,0,847.63,195.37,332.75,811.82,-1,-1,-1,-1
421,2,401.58,207.37,276.42,616.50,-1,-1,-1,-1
422,0,826.59,190.21,370.22,807.84,-1,-1,-1,-1
422,1,1045.89,219.40,173.40,620.79,-1,-1,-1,-1
422,2,414.20,204.56,279.66,621.50,-1,-1,-1,-1
423,0,824.15,199.33,352.45,780.20,-1,-1,-1,-1
423,1,1036.15,210.42,231.75,648.75,-1,-1,-1,-1
423,2,429.64,206.97,269.36,617.25,-1,-1,-1,-1
424,0,824.11,204.84,304.16,757.84,-1,-1,-1,-1
424,1,1037.80,203.03,276.42,665.15,-1,-1,-1,-1
424,2,458.97,214.01,243.84,611.47,-1,-1,-1,-1
425,0,816.57,195.47,264.56,765.76,-1,-1,-1,-1
425,1,1049.90,197.53,294.13,674.77,-1,-1,-1,-1
425,2,492.19,218.83,213.93,599.06,-1,-1,-1,-1
426,0,802.00,203.63,245.14,733.25,-1,-1,-1,-1
426,1,1057.99,199.92,295.54,669.78,-1,-1,-1,-1
426,2,519.79,218.00,194.82,593.11,-1,-1,-1,-1
427,0,789.97,202.01,236.47,731.67,-1,-1,-1,-1
427,1,1067.49,203.91,292.51,661.19,-1,-1,-1,-1
427,2,540.90,215.23,191.22,594.30,-1,-1,-1,-1
428,0,780.74,198.05,231.64,738.92,-1,-1,-1,-1
428,1,1105.45,193.60,255.52,672.73,-1,-1,-1,-1
428,2,555.96,202.20,200.47,617.62,-1,-1,-1,-1
429,0,771.22,186.50,237.81,762.70,-1,-1,-1,-1
429,1,1126.10,190.82,241.06,668.74,-1,-1,-1,-1
429,2,573.67,205.86,203.29,608.32,-1,-1,-1,-1
430,0,756.12,192.49,250.71,757.04,-1,-1,-1,-1
430,1,1161.76,185.05,211.67,674.95,-1,-1,-1,-1
430,2,590.94,210.20,204.62,595.39,-1,-1,-1,-1
431,0,739.90,200.62,263.28,748.50,-1,-1,-1,-1
431,1,1190.40,184.47,202.68,670.08,-1,-1,-1,-1
431,2,596.90,210.94,215.92,595.61,-1,-1,-1,-1
432,0,730.46,211.38,259.89,724.09,-1,-1,-1,-1
432,1,1214.50,178.40,200.44,671.14,-1,-1,-1,-1
432,2,599.14,212.09,222.38,600.36,-1,-1,-1,-1
433,0,723.00,210.35,268.87,722.79,-1,-1,-1,-1
433,1,1229.48,182.74,204.39,661.79,-1,-1,-1,-1
433,2,601.75,208.53,223.20,606.92,-1,-1,-1,-1
434,0,700.98,209.40,298.79,717.44,-1,-1,-1,-1
434,1,1235.72,181.35,234.98,664.63,-1,-1,-1,-1
434,2,624.03,227.87,197.21,579.98,-1,-1,-1,-1
435,0,683.85,213.95,323.10,711.26,-1,-1,-1,-1
435,1,1248.79,180.30,254.98,669.83,-1,-1,-1,-1
435,2,637.73,233.94,193.70,569.67,-1,-1,-1,-1
436,0,682.71,208.80,319.48,726.12,-1,-1,-1,-1
436,1,1251.42,182.08,271.48,666.67,-1,-1,-1,-1
436,2,651.44,240.02,190.19,559.36,-1,-1,-1,-1
437,0,675.40,200.14,316.27,746.63,-1,-1,-1,-1
437,1,1261.70,183.41,277.54,665.93,-1,-1,-1,-1
437,2,665.14,246.09,186.68,549.04,-1,-1,-1,-1
438,0,674.55,199.48,301.67,748.36,-1,-1,-1,-1
438,1,1275.84,179.31,268.16,670.52,-1,-1,-1,-1
438,2,678.85,252.16,183.17,538.73,-1,-1,-1,-1
439,0,677.05,196.77,283.19,750.64,-1,-1,-1,-1
439,1,1306.64,181.58,240.67,667.96,-1,-1,-1,-1
440,0,685.17,197.07,262.47,752.69,-1,-1,-1,-1
440,1,1342.09,178.24,210.63,666.80,-1,-1,-1,-1
441,0,690.62,194.22,252.20,757.50,-1,-1,-1,-1
441,1,1373.94,172.90,194.28,678.28,-1,-1,-1,-1
442,0,698.08,193.94,247.81,757.64,-1,-1,-1,-1
442,1,1393.94,177.09,196.98,676.67,-1,-1,-1,-1
443,0,696.86,200.38,253.44,754.17,-1,-1,-1,-1
443,1,1407.82,179.47,214.88,675.76,-1,-1,-1,-1
444,0,686.52,189.86,287.30,782.82,-1,-1,-1,-1
444,1,1415.47,176.46,244.28,690.73,-1,-1,-1,-1
445,0,687.10,190.65,277.21,792.35,-1,-1,-1,-1
445,1,1423.20,179.24,257.34,690.81,-1,-1,-1,-1
445,2,846.95,211.35,150.36,600.70,-1,-1,-1,-1
446,0,687.48,189.14,266.97,809.79,-1,-1,-1,-1
446,1,1427.03,181.55,273.75,693.90,-1,-1,-1,-1
446,2,858.98,209.39,164.03,598.14,-1,-1,-1,-1
447,0,689.53,188.40,254.84,826.07,-1,-1,-1,-1
447,1,1441.35,182.58,268.04,702.11,-1,-1,-1,-1
447,2,869.91,219.86,173.66,559.51,-1,-1,-1,-1
448,0,691.77,183.37,241.29,840.73,-1,-1,-1,-1
448,1,1462.18,186.89,257.62,707.45,-1,-1,-1,-1
448,2,885.67,210.60,180.85,565.24,-1,-1,-1,-1
449,0,681.17,183.92,253.23,842.10,-1,-1,-1,-1
449,1,1483.64,190.03,252.57,701.66,-1,-1,-1,-1
449,2,903.42,215.85,189.71,537.76,-1,-1,-1,-1
450,0,667.48,185.44,262.49,846.45,-1,-1,-1,-1
450,1,1500.43,185.16,254.13,712.81,-1,-1,-1,-1
450,2,917.88,218.49,195.79,521.07,-1,-1,-1,-1
451,0,656.08,195.29,261.77,842.06,-1,-1,-1,-1
451,1,1512.50,183.72,255.18,710.96,-1,-1,-1,-1
451,2,924.61,217.34,204.98,511.42,-1,-1,-1,-1
452,0,639.93,193.94,257.21,850.95,-1,-1,-1,-1
452,1,1520.05,181.08,267.34,723.15,-1,-1,-1,-1
452,2,938.76,213.62,204.93,520.99,-1,-1,-1,-1
453,0,619.26,197.44,268.59,844.06,-1,-1,-1,-1
453,1,1523.85,176.22,290.75,741.20,-1,-1,-1,-1
453,2,944.97,204.41,214.87,546.69,-1,-1,-1,-1
454,0,594.10,194.50,286.57,851.34,-1,-1,-1,-1
454,1,1531.16,174.06,303.20,762.06,-1,-1,-1,-1
454,2,951.55,206.96,229.30,551.79,-1,-1,-1,-1
455,0,559.31,182.09,316.34,880.51,-1,-1,-1,-1
455,1,1536.07,171.10,316.32,780.09,-1,-1,-1,-1
455,2,975.25,214.15,216.58,548.55,-1,-1,-1,-1
456,0,518.35,180.16,352.87,887.75,-1,-1,-1,-1
456,1,1543.64,168.79,326.16,793.02,-1,-1,-1,-1
456,2,997.66,217.09,204.45,541.58,-1,-1,-1,-1
457,0,488.64,179.65,365.18,891.45,-1,-1,-1,-1
457,1,1550.87,166.33,334.47,803.89,-1,-1,-1,-1
457,2,1011.76,212.19,197.11,548.92,-1,-1,-1,-1
458,0,465.21,183.25,373.67,878.84,-1,-1,-1,-1
458,1,1558.70,162.41,336.22,819.09,-1,-1,-1,-1
458,2,1033.03,216.97,185.54,543.30,-1,-1,-1,-1
459,0,442.13,184.98,380.18,874.65,-1,-1,-1,-1
459,1,1563.98,159.49,333.74,826.78,-1,-1,-1,-1
459,2,1056.23,214.45,176.15,547.14,-1,-1,-1,-1
460,0,430.83,183.39,369.51,877.31,-1,-1,-1,-1
460,1,1575.51,152.98,320.57,840.36,-1,-1,-1,-1
460,2,1071.14,211.59,180.51,546.24,-1,-1,-1,-1
461,0,414.59,175.37,362.00,896.29,-1,-1,-1,-1
461,1,1585.54,148.18,308.38,850.63,-1,-1,-1,-1
461,2,1082.74,210.91,191.97,545.92,-1,-1,-1,-1
462,0,399.62,175.51,350.23,894.22,-1,-1,-1,-1
462,1,1590.73,151.71,299.55,849.21,-1,-1,-1,-1
462,2,1090.44,201.43,210.40,562.42,-1,-1,-1,-1
463,0,384.10,172.04,337.84,903.25,-1,-1,-1,-1
463,1,1593.74,151.78,292.17,856.84,-1,-1,-1,-1
463,2,1091.33,201.24,238.25,565.83,-1,-1,-1,-1
464,0,371.24,175.13,331.36,899.08,-1,-1,-1,-1
464,1,1594.70,144.23,284.46,877.17,-1,-1,-1,-1
464,2,1093.14,203.18,256.00,565.46,-1,-1,-1,-1
465,0,352.52,173.15,328.49,899.34,-1,-1,-1,-1
465,1,1592.68,145.17,272.65,882.28,-1,-1,-1,-1
465,2,1102.22,206.11,258.07,561.63,-1,-1,-1,-1
466,0,345.29,177.88,322.09,883.01,-1,-1,-1,-1
466,1,1585.09,145.37,273.68,893.09,-1,-1,-1,-1
466,2,1125.48,203.32,235.00,564.82,-1,-1,-1,-1
467,0,337.36,185.38,320.58,867.65,-1,-1,-1,-1
467,1,1573.02,143.48,277.43,905.53,-1,-1,-1,-1
467,2,1151.24,201.41,214.93,568.73,-1,-1,-1,-1
468,0,332.16,193.00,315.51,857.99,-1,-1,-1,-1
468,1,1555.36,139.04,288.16,915.12,-1,-1,-1,-1
468,2,1164.74,197.53,213.55,574.64,-1,-1,-1,-1
469,0,329.44,191.07,307.65,864.64,-1,-1,-1,-1
469,1,1538.30,145.28,293.71,907.55,-1,-1,-1,-1
469,2,1179.97,194.92,216.24,577.83,-1,-1,-1,-1
470,0,326.22,197.82,305.14,845.10,-1,-1,-1,-1
470,1,1516.16,139.28,304.67,922.69,-1,-1,-1,-1
470,2,1195.49,194.02,222.00,579.73,-1,-1,-1,-1
471,0,326.17,196.14,301.55,840.42,-1,-1,-1,-1
471,1,1487.18,135.51,324.41,925.58,-1,-1,-1,-1
471,2,1211.35,194.10,226.32,573.91,-1,-1,-1,-1
472,0,323.59,196.57,302.54,827.51,-1,-1,-1,-1
472,1,1454.00,130.73,343.09,940.93,-1,-1,-1,-1
472,2,1232.11,196.49,232.45,568.01,-1,-1,-1,-1
473,0,323.47,195.84,298.74,817.72,-1,-1,-1,-1
473,1,1431.55,128.18,346.24,947.29,-1,-1,-1,-1
473,2,1247.96,199.61,240.03,570.46,-1,-1,-1,-1
474,0,322.12,193.60,300.62,815.85,-1,-1,-1,-1
474,1,1410.55,133.21,346.59,943.04,-1,-1,-1,-1
474,2,1258.58,194.33,246.84,582.86,-1,-1,-1,-1
475,0,323.66,194.94,298.33,810.90,-1,-1,-1,-1
475,1,1377.48,130.27,359.53,946.84,-1,-1,-1,-1
475,2,1273.14,195.05,232.76,584.62,-1,-1,-1,-1
476,0,326.64,197.72,294.89,803.52,-1,-1,-1,-1
476,1,1344.31,137.41,374.86,928.43,-1,-1,-1,-1
476,2,1299.43,207.97,193.00,551.29,-1,-1,-1,-1
477,0,341.26,201.33,281.29,792.95,-1,-1,-1,-1
477,1,1320.35,132.04,378.64,940.16,-1,-1,-1,-1
477,2,1315.30,214.23,188.48,538.38,-1,-1,-1,-1
478,0,352.94,203.88,278.40,782.45,-1,-1,-1,-1
478,1,1313.54,127.47,356.92,948.49,-1,-1,-1,-1
478,2,1331.16,220.49,183.95,525.47,-1,-1,-1,-1
479,0,370.16,216.40,268.03,752.81,-1,-1,-1,-1
479,1,1298.58,135.49,339.33,928.33,-1,-1,-1,-1
479,2,1347.02,226.74,179.43,512.55,-1,-1,-1,-1
480,0,387.22,223.07,252.73,725.83,-1,-1,-1,-1
480,1,1289.58,127.10,317.38,943.31,-1,-1,-1,-1
480,2,1362.88,233.00,174.91,499.64,-1,-1,-1,-1
481,0,407.26,219.03,235.66,720.44,-1,-1,-1,-1
481,1,1264.86,123.90,336.08,948.50,-1,-1,-1,-1
482,0,419.80,214.37,236.23,717.60,-1,-1,-1,-1
482,1,1220.28,139.81,420.89,907.26,-1,-1,-1,-1
483,0,425.84,217.47,270.77,700.54,-1,-1,-1,-1
483,1,1192.48,134.13,438.71,924.02,-1,-1,-1,-1
483,2,1318.65,170.18,357.28,650.22,-1,-1,-1,-1
484,0,436.07,227.31,302.75,682.11,-1,-1,-1,-1
484,1,1155.79,122.65,390.19,948.64,-1,-1,-1,-1
484,2,1358.77,175.25,319.03,638.37,-1,-1,-1,-1
485,0,453.36,225.93,300.23,679.39,-1,-1,-1,-1
485,1,1091.39,119.68,412.54,957.93,-1,-1,-1,-1
485,2,1379.59,179.26,289.89,646.01,-1,-1,-1,-1
486,0,465.62,218.26,296.19,688.22,-1,-1,-1,-1
486,1,1058.57,126.37,409.00,946.88,-1,-1,-1,-1
486,2,1367.63,181.41,319.25,649.57,-1,-1,-1,-1
487,0,473.48,208.13,297.20,697.04,-1,-1,-1,-1
487,1,1036.46,134.37,409.71,939.82,-1,-1,-1,-1
487,2,1347.62,182.59,349.39,650.50,-1,-1,-1,-1
488,0,495.18,212.27,275.94,683.59,-1,-1,-1,-1
488,1,1023.42,148.69,396.01,920.89,-1,-1,-1,-1
488,2,1317.40,180.19,377.92,659.64,-1,-1,-1,-1
489,0,531.37,211.16,237.24,681.12,-1,-1,-1,-1
489,1,1021.12,149.51,357.90,917.38,-1,-1,-1,-1
489,2,1315.88,179.16,342.99,664.27,-1,-1,-1,-1
490,0,567.13,193.16,209.34,703.16,-1,-1,-1,-1
490,1,1009.14,149.67,325.00,913.50,-1,-1,-1,-1
490,2,1328.79,175.23,295.86,667.74,-1,-1,-1,-1
491,0,595.21,196.03,202.39,697.14,-1,-1,-1,-1
491,1,965.87,141.12,302.61,917.94,-1,-1,-1,-1
491,2,1314.02,169.19,298.35,678.55,-1,-1,-1,-1
492,0,621.83,200.85,215.45,692.92,-1,-1,-1,-1
492,1,915.02,126.59,303.34,943.98,-1,-1,-1,-1
492,2,1301.77,163.97,306.07,688.45,-1,-1,-1,-1
493,0,633.52,214.46,258.49,674.18,-1,-1,-1,-1
493,1,870.50,123.75,317.97,951.45,-1,-1,-1,-1
493,2,1295.94,161.17,301.30,695.84,-1,-1,-1,-1
494,0,650.38,212.24,264.97,682.62,-1,-1,-1,-1
494,1,825.40,133.50,343.73,938.97,-1,-1,-1,-1
494,2,1311.61,158.29,267.33,718.13,-1,-1,-1,-1
495,0,666.26,213.92,254.00,679.00,-1,-1,-1,-1
495,1,784.21,143.92,373.88,923.85,-1,-1,-1,-1
495,2,1329.27,157.12,236.43,738.72,-1,-1,-1,-1
496,0,693.67,212.00,222.14,680.77,-1,-1,-1,-1
496,1,747.49,141.37,388.67,930.27,-1,-1,-1,-1
496,2,1328.75,153.78,235.47,756.09,-1,-1,-1,-1
497,0,711.80,211.70,221.99,680.34,-1,-1,-1,-1
497,1,716.10,141.70,394.39,930.93,-1,-1,-1,-1
497,2,1318.45,154.96,246.47,760.11,-1,-1,-1,-1
498,0,729.93,211.40,221.84,679.91,-1,-1,-1,-1
498,1,707.96,137.17,362.34,932.54,-1,-1,-1,-1
498,2,1307.36,156.26,256.21,764.91,-1,-1,-1,-1
499,0,748.05,211.09,221.68,679.48,-1,-1,-1,-1
499,1,696.57,133.20,345.75,939.01,-1,-1,-1,-1
499,2,1296.84,162.09,263.04,752.01,-1,-1,-1,-1
500,0,766.18,210.79,221.53,679.05,-1,-1,-1,-1
500,1,683.84,135.68,329.15,918.86,-1,-1,-1,-1
500,2,1289.99,166.18,265.79,750.02,-1,-1,-1,-1
501,1,661.02,139.48,354.01,898.92,-1,-1,-1,-1
501,2,1277.71,167.96,271.78,749.16,-1,-1,-1,-1
502,0,821.35,210.47,247.60,680.86,-1,-1,-1,-1
502,1,625.58,132.89,396.54,908.16,-1,-1,-1,-1
502,2,1269.22,166.69,265.39,743.12,-1,-1,-1,-1
503,0,841.86,214.88,236.06,679.66,-1,-1,-1,-1
503,1,606.97,130.55,404.41,911.46,-1,-1,-1,-1
503,2,1259.73,169.08,265.34,729.30,-1,-1,-1,-1
504,0,847.73,224.10,248.86,670.40,-1,-1,-1,-1
504,1,592.44,125.46,358.64,926.27,-1,-1,-1,-1
504,2,1244.32,169.54,273.57,724.96,-1,-1,-1,-1
505,0,856.47,215.34,250.40,687.44,-1,-1,-1,-1
505,1,556.86,136.92,357.28,921.26,-1,-1,-1,-1
505,2,1214.19,160.19,303.34,752.56,-1,-1,-1,-1
506,0,860.55,220.03,257.06,677.67,-1,-1,-1,-1
506,1,516.09,147.48,376.32,912.60,-1,-1,-1,-1
506,2,1201.67,157.72,303.36,763.82,-1,-1,-1,-1
507,0,865.40,225.97,258.68,677.01,-1,-1,-1,-1
507,1,475.23,154.03,396.21,901.03,-1,-1,-1,-1
507,2,1191.27,162.74,293.74,762.95,-1,-1,-1,-1
508,0,870.08,229.55,254.32,676.71,-1,-1,-1,-1
508,1,446.77,152.70,399.18,907.30,-1,-1,-1,-1
508,2,1187.60,165.12,263.37,761.72,-1,-1,-1,-1
509,0,882.72,214.13,239.12,708.66,-1,-1,-1,-1
509,1,422.19,155.10,390.97,903.77,-1,-1,-1,-1
509,2,1168.37,164.99,253.32,755.35,-1,-1,-1,-1
510,0,897.42,216.90,233.65,701.78,-1,-1,-1,-1
510,1,401.87,155.24,372.67,899.69,-1,-1,-1,-1
510,2,1147.58,161.07,243.67,759.26,-1,-1,-1,-1
511,0,914.46,216.55,231.19,695.93,-1,-1,-1,-1
511,1,385.31,153.32,359.66,896.63,-1,-1,-1,-1
511,2,1131.14,157.50,229.77,765.59,-1,-1,-1,-1
512,0,930.82,204.43,238.65,728.29,-1,-1,-1,-1
512,1,373.19,154.03,344.26,891.95,-1,-1,-1,-1
512,2,1085.60,153.64,260.02,767.96,-1,-1,-1,-1
513,0,942.80,206.33,235.74,711.65,-1,-1,-1,-1
513,1,362.11,150.22,341.08,889.03,-1,-1,-1,-1
513,2,1065.23,150.55,259.24,763.83,-1,-1,-1,-1
514,0,964.33,212.11,200.23,678.02,-1,-1,-1,-1
514,1,356.48,156.02,329.85,873.52,-1,-1,-1,-1
514,2,1037.20,146.31,273.58,767.22,-1,-1,-1,-1
515,0,982.71,224.18,168.33,600.89,-1,-1,-1,-1
515,1,357.53,154.22,307.71,876.14,-1,-1,-1,-1
515,2,1006.36,149.67,302.93,774.95,-1,-1,-1,-1
516,0,998.30,238.94,156.29,557.99,-1,-1,-1,-1
516,1,356.91,156.64,290.35,871.26,-1,-1,-1,-1
516,2,984.78,147.46,320.72,788.34,-1,-1,-1,-1
517,0,1013.89,253.71,144.25,515.08,-1,-1,-1,-1
517,1,355.33,160.46,278.73,863.67,-1,-1,-1,-1
517,2,972.26,145.77,327.77,799.28,-1,-1,-1,-1
518,0,1029.47,268.47,132.22,472.18,-1,-1,-1,-1
518,1,352.25,171.62,270.93,855.80,-1,-1,-1,-1
518,2,967.54,153.07,322.73,795.43,-1,-1,-1,-1
519,0,1045.06,283.23,120.18,429.27,-1,-1,-1,-1
519,1,345.89,170.43,265.06,878.35,-1,-1,-1,-1
519,2,963.27,151.73,279.00,804.15,-1,-1,-1,-1
520,1,335.17,176.06,258.79,877.38,-1,-1,-1,-1
520,2,933.59,153.39,281.98,808.56,-1,-1,-1,-1
521,1,321.87,179.28,261.85,864.87,-1,-1,-1,-1
521,2,908.46,156.01,283.92,809.66,-1,-1,-1,-1
522,1,312.13,181.85,260.76,854.15,-1,-1,-1,-1
522,2,889.29,158.37,303.20,807.18,-1,-1,-1,-1
523,1,304.31,179.29,257.59,843.95,-1,-1,-1,-1
523,2,872.13,160.31,325.66,806.32,-1,-1,-1,-1
524,0,1049.14,224.40,174.28,633.59,-1,-1,-1,-1
524,1,297.20,179.94,256.11,833.90,-1,-1,-1,-1
524,2,861.07,200.25,276.05,671.74,-1,-1,-1,-1
525,0,1038.82,211.51,203.25,667.08,-1,-1,-1,-1
525,1,285.27,183.43,261.20,819.11,-1,-1,-1,-1
525,2,833.40,162.32,297.10,755.18,-1,-1,-1,-1
526,0,1041.87,202.24,208.54,686.21,-1,-1,-1,-1
526,1,276.90,188.16,264.26,805.77,-1,-1,-1,-1
526,2,809.56,151.41,301.68,781.17,-1,-1,-1,-1
527,0,1044.77,212.11,212.15,663.96,-1,-1,-1,-1
527,1,266.48,189.97,271.07,798.13,-1,-1,-1,-1
527,2,794.54,139.77,305.83,814.82,-1,-1,-1,-1
528,0,1044.59,214.16,221.66,663.45,-1,-1,-1,-1
528,1,253.61,193.38,274.18,790.39,-1,-1,-1,-1
528,2,757.13,149.22,338.71,808.20,-1,-1,-1,-1
529,0,1053.28,209.08,221.59,672.62,-1,-1,-1,-1
529,1,238.56,195.73,281.85,786.74,-1,-1,-1,-1
529,2,736.22,159.23,339.03,803.59,-1,-1,-1,-1
530,0,1050.66,212.87,247.00,660.70,-1,-1,-1,-1
530,1,230.31,199.54,283.96,780.21,-1,-1,-1,-1
530,2,732.20,164.44,320.79,790.95,-1,-1,-1,-1
531,0,1056.02,216.49,259.26,650.77,-1,-1,-1,-1
531,1,221.67,203.37,288.40,765.18,-1,-1,-1,-1
531,2,718.79,172.02,325.32,764.30,-1,-1,-1,-1
532,0,1070.45,210.13,260.07,660.37,-1,-1,-1,-1
532,1,214.73,202.86,289.95,759.14,-1,-1,-1,-1
532,2,704.65,156.11,331.52,807.43,-1,-1,-1,-1
533,0,1079.98,213.09,274.39,649.28,-1,-1,-1,-1
533,1,207.92,201.38,290.85,752.10,-1,-1,-1,-1
533,2,697.54,156.02,304.40,804.54,-1,-1,-1,-1
534,0,1096.91,215.78,272.92,639.58,-1,-1,-1,-1
534,1,205.37,198.28,289.09,749.63,-1,-1,-1,-1
534,2,689.07,151.83,295.00,814.38,-1,-1,-1,-1
535,0,1117.39,216.51,258.55,635.36,-1,-1,-1,-1
535,1,209.88,197.32,277.09,745.53,-1,-1,-1,-1
535,2,677.46,160.93,306.72,798.33,-1,-1,-1,-1
536,0,1135.33,225.05,250.61,621.49,-1,-1,-1,-1
536,1,223.22,197.92,249.26,745.01,-1,-1,-1,-1
536,2,662.86,156.34,329.66,798.67,-1,-1,-1,-1
537,0,1149.49,222.25,245.18,627.05,-1,-1,-1,-1
537,1,233.39,196.61,230.45,737.96,-1,-1,-1,-1
537,2,664.75,158.29,289.69,792.98,-1,-1,-1,-1
538,0,1167.13,200.24,239.18,669.00,-1,-1,-1,-1
538,1,241.05,191.47,215.16,738.89,-1,-1,-1,-1
538,2,652.47,157.88,293.90,799.06,-1,-1,-1,-1
539,0,1177.27,203.98,245.31,662.46,-1,-1,-1,-1
539,1,237.82,193.40,218.12,739.01,-1,-1,-1,-1
539,2,636.65,163.30,301.86,789.05,-1,-1,-1,-1
540,0,1185.73,202.19,252.36,681.73,-1,-1,-1,-1
540,1,245.73,199.52,217.88,719.81,-1,-1,-1,-1
540,2,622.03,168.49,299.93,776.02,-1,-1,-1,-1
541,0,1192.95,204.42,255.69,690.17,-1,-1,-1,-1
541,1,252.23,204.26,222.60,704.14,-1,-1,-1,-1
541,2,608.09,173.84,297.19,764.28,-1,-1,-1,-1
542,0,1196.19,199.26,265.05,716.29,-1,-1,-1,-1
542,1,261.11,204.33,218.35,710.22,-1,-1,-1,-1
542,2,594.11,196.27,283.95,647.74,-1,-1,-1,-1
543,0,1195.63,202.89,277.56,723.21,-1,-1,-1,-1
543,1,268.56,207.44,218.26,701.60,-1,-1,-1,-1
543,2,558.64,172.72,305.40,720.79,-1,-1,-1,-1
544,0,1199.01,206.34,279.25,729.45,-1,-1,-1,-1
544,1,276.47,201.59,212.74,703.83,-1,-1,-1,-1
544,2,536.38,157.01,309.51,763.37,-1,-1,-1,-1
545,0,1196.39,203.21,282.88,741.03,-1,-1,-1,-1
545,1,286.45,206.57,202.96,691.04,-1,-1,-1,-1
545,2,513.35,161.35,314.01,773.19,-1,-1,-1,-1
546,0,1189.55,199.14,290.89,746.80,-1,-1,-1,-1
546,1,292.87,213.06,205.78,674.43,-1,-1,-1,-1
546,2,480.04,166.64,332.85,775.64,-1,-1,-1,-1
547,0,1185.86,196.63,291.80,747.90,-1,-1,-1,-1
547,1,297.91,217.91,206.41,667.89,-1,-1,-1,-1
547,2,455.92,172.95,347.87,779.57,-1,-1,-1,-1
548,0,1173.93,193.71,305.24,755.68,-1,-1,-1,-1
548,1,303.04,219.65,212.36,668.02,-1,-1,-1,-1
548,2,443.15,184.29,346.14,770.18,-1,-1,-1,-1
549,0,1166.33,186.01,314.76,782.12,-1,-1,-1,-1
549,1,310.80,220.48,239.65,672.48,-1,-1,-1,-1
549,2,375.11,185.75,406.73,773.17,-1,-1,-1,-1
550,0,1159.02,183.75,323.97,794.67,-1,-1,-1,-1
550,1,319.23,220.85,239.41,671.81,-1,-1,-1,-1
550,2,349.34,191.44,400.58,767.73,-1,-1,-1,-1
551,0,1149.23,172.84,341.31,838.13,-1,-1,-1,-1
551,1,327.67,221.21,239.16,671.13,-1,-1,-1,-1
551,2,335.34,198.88,372.83,762.63,-1,-1,-1,-1
552,0,1142.59,175.24,351.44,855.87,-1,-1,-1,-1
552,1,336.11,221.58,238.92,670.45,-1,-1,-1,-1
552,2,339.66,195.35,321.80,781.86,-1,-1,-1,-1
553,0,1141.44,179.64,351.30,861.75,-1,-1,-1,-1
553,1,344.54,221.95,238.67,669.77,-1,-1,-1,-1
553,2,337.47,192.14,298.01,787.32,-1,-1,-1,-1
554,0,1141.62,174.56,347.48,875.43,-1,-1,-1,-1
554,2,324.83,193.44,302.56,776.28,-1,-1,-1,-1
555,0,1149.46,165.04,317.49,885.91,-1,-1,-1,-1
555,2,306.49,199.99,323.55,761.90,-1,-1,-1,-1
556,0,1148.18,164.74,299.72,885.15,-1,-1,-1,-1
556,2,289.15,197.15,348.47,761.93,-1,-1,-1,-1
557,0,1136.48,153.09,293.87,898.30,-1,-1,-1,-1
557,1,440.00,236.84,210.78,593.96,-1,-1,-1,-1
557,2,275.63,196.70,362.43,759.61,-1,-1,-1,-1
558,0,1119.73,149.11,292.01,906.53,-1,-1,-1,-1
558,1,450.82,230.40,236.66,583.97,-1,-1,-1,-1
558,2,268.42,195.14,320.02,759.13,-1,-1,-1,-1
559,0,1101.18,153.70,296.07,903.28,-1,-1,-1,-1
559,1,459.68,228.59,252.36,594.00,-1,-1,-1,-1
559,2,259.88,197.32,289.37,754.12,-1,-1,-1,-1
560,0,1080.87,158.19,295.79,902.73,-1,-1,-1,-1
560,1,468.08,226.98,256.70,597.17,-1,-1,-1,-1
560,2,243.70,196.09,285.32,752.01,-1,-1,-1,-1
561,0,1058.59,164.19,313.76,903.42,-1,-1,-1,-1
561,1,486.27,231.85,241.10,581.66,-1,-1,-1,-1
561,2,228.68,196.67,277.39,749.87,-1,-1,-1,-1
562,0,1042.01,169.98,314.99,897.59,-1,-1,-1,-1
562,1,502.66,232.13,224.93,576.14,-1,-1,-1,-1
562,2,201.36,192.60,284.88,752.82,-1,-1,-1,-1
563,0,1027.72,161.11,309.35,911.52,-1,-1,-1,-1
563,1,516.77,232.72,210.93,569.32,-1,-1,-1,-1
563,2,168.24,184.58,311.88,765.30,-1,-1,-1,-1
564,0,1019.82,156.88,287.49,913.85,-1,-1,-1,-1
564,1,542.04,236.94,193.07,555.08,-1,-1,-1,-1
564,2,131.53,177.09,346.42,775.61,-1,-1,-1,-1
565,0,1005.35,165.65,278.14,896.72,-1,-1,-1,-1
565,1,557.45,230.71,186.86,561.47,-1,-1,-1,-1
565,2,108.02,171.33,366.00,787.00,-1,-1,-1,-1
566,0,1000.25,159.38,257.62,906.72,-1,-1,-1,-1
566,1,570.05,231.75,194.95,558.30,-1,-1,-1,-1
566,2,99.17,163.33,363.43,817.17,-1,-1,-1,-1
567,0,988.48,160.85,247.20,905.52,-1,-1,-1,-1
567,1,581.60,233.27,202.17,553.96,-1,-1,-1,-1
567,2,99.00,159.48,350.60,838.66,-1,-1,-1,-1
568,0,969.25,163.36,247.70,903.17,-1,-1,-1,-1
568,1,591.62,233.38,217.01,553.58,-1,-1,-1,-1
568,2,81.55,156.77,365.65,859.90,-1,-1,-1,-1
569,0,949.08,165.20,255.45,904.62,-1,-1,-1,-1
569,1,605.64,234.35,227.21,550.97,-1,-1,-1,-1
569,2,44.13,156.78,397.11,868.49,-1,-1,-1,-1
570,0,921.06,163.44,268.89,906.72,-1,-1,-1,-1
570,1,611.38,238.29,236.97,545.63,-1,-1,-1,-1
570,2,14.31,157.04,412.64,875.11,-1,-1,-1,-1
571,0,896.47,164.13,285.21,911.17,-1,-1,-1,-1
571,1,617.38,241.84,239.42,540.74,-1,-1,-1,-1
571,2,-0.28,159.84,405.07,870.76,-1,-1,-1,-1
572,0,858.66,162.03,316.14,916.42,-1,-1,-1,-1
572,1,626.78,242.72,237.65,543.45,-1,-1,-1,-1
572,2,3.49,153.23,374.37,884.29,-1,-1,-1,-1
573,0,815.74,167.94,347.40,911.21,-1,-1,-1,-1
573,1,641.43,237.81,225.40,554.37,-1,-1,-1,-1
573,2,4.69,145.26,351.84,902.88,-1,-1,-1,-1
574,0,747.67,174.38,406.88,896.50,-1,-1,-1,-1
574,1,667.94,242.97,198.73,544.24,-1,-1,-1,-1
574,2,-2.34,152.70,350.36,886.22,-1,-1,-1,-1
575,0,722.45,178.59,414.69,884.83,-1,-1,-1,-1
575,1,696.68,248.73,178.34,532.47,-1,-1,-1,-1
575,2,-10.22,156.05,371.85,883.05,-1,-1,-1,-1
576,0,716.03,175.73,388.06,890.79,-1,-1,-1,-1
576,1,719.78,245.23,153.35,534.54,-1,-1,-1,-1
576,2,-14.08,139.89,382.64,912.73,-1,-1,-1,-1
577,0,711.22,177.02,369.29,890.16,-1,-1,-1,-1
577,1,732.76,246.15,152.57,531.92,-1,-1,-1,-1
577,2,-14.94,139.67,389.79,923.70,-1,-1,-1,-1
578,0,714.57,189.12,344.21,872.12,-1,-1,-1,-1
578,1,745.75,247.06,151.80,529.30,-1,-1,-1,-1
578,2,-10.04,153.61,377.24,901.27,-1,-1,-1,-1
579,0,714.09,191.24,325.51,872.39,-1,-1,-1,-1
579,1,758.73,247.97,151.03,526.68,-1,-1,-1,-1
579,2,-3.70,148.61,361.91,918.90,-1,-1,-1,-1
580,0,711.65,195.90,315.26,866.05,-1,-1,-1,-1
580,1,771.72,248.88,150.25,524.06,-1,-1,-1,-1
580,2,-6.78,145.91,370.44,927.47,-1,-1,-1,-1
581,0,710.68,201.69,298.40,848.27,-1,-1,-1,-1
581,2,-8.21,142.02,380.08,929.70,-1,-1,-1,-1
582,0,700.81,204.21,291.98,838.40,-1,-1,-1,-1
582,2,-8.97,145.39,398.41,910.43,-1,-1,-1,-1
583,0,691.80,206.21,288.22,830.31,-1,-1,-1,-1
583,2,-4.06,145.65,399.39,898.02,-1,-1,-1,-1
584,0,682.43,200.32,285.38,840.65,-1,-1,-1,-1
584,2,-0.10,134.82,402.54,917.75,-1,-1,-1,-1
585,0,664.66,204.04,307.66,822.10,-1,-1,-1,-1
585,2,3.46,119.34,396.13,934.02,-1,-1,-1,-1
586,0,642.61,212.37,337.42,802.86,-1,-1,-1,-1
586,1,868.48,235.75,138.73,528.02,-1,-1,-1,-1
586,2,11.57,112.12,388.77,946.26,-1,-1,-1,-1
587,0,636.31,215.66,319.75,787.36,-1,-1,-1,-1
587,1,872.02,230.31,158.52,554.08,-1,-1,-1,-1
587,2,28.00,109.82,382.65,951.78,-1,-1,-1,-1
588,0,624.24,225.11,308.91,765.09,-1,-1,-1,-1
588,1,882.00,232.28,170.88,553.56,-1,-1,-1,-1
588,2,40.12,105.23,394.98,960.13,-1,-1,-1,-1
589,0,610.96,228.06,305.57,750.91,-1,-1,-1,-1
589,1,889.01,235.14,196.98,550.18,-1,-1,-1,-1
589,2,64.38,101.72,374.12,964.90,-1,-1,-1,-1
590,0,596.98,224.91,294.84,746.72,-1,-1,-1,-1
590,1,897.07,236.19,214.42,547.84,-1,-1,-1,-1
590,2,99.36,94.16,368.67,974.20,-1,-1,-1,-1
591,0,581.53,221.36,274.35,735.86,-1,-1,-1,-1
591,1,903.62,236.60,222.67,548.43,-1,-1,-1,-1
591,2,130.59,98.81,384.15,961.28,-1,-1,-1,-1
592,0,555.97,211.81,277.49,748.55,-1,-1,-1,-1
592,1,912.30,236.44,222.46,549.56,-1,-1,-1,-1
592,2,164.23,120.14,394.14,931.59,-1,-1,-1,-1
593,0,537.51,209.02,279.84,744.90,-1,-1,-1,-1
593,1,932.42,229.86,208.61,561.04,-1,-1,-1,-1
593,2,199.48,107.82,405.34,953.91,-1,-1,-1,-1
594,0,522.94,210.06,285.16,734.07,-1,-1,-1,-1
594,1,944.41,248.37,206.99,535.87,-1,-1,-1,-1
594,2,224.82,155.42,432.88,883.30,-1,-1,-1,-1
595,0,499.18,220.96,305.40,706.51,-1,-1,-1,-1
595,1,962.00,241.81,198.53,544.29,-1,-1,-1,-1
595,2,259.54,171.59,451.46,868.96,-1,-1,-1,-1
596,0,480.68,208.96,321.20,722.85,-1,-1,-1,-1
596,1,984.55,237.59,182.93,544.22,-1,-1,-1,-1
596,2,292.96,133.51,446.44,929.42,-1,-1,-1,-1
597,0,488.03,209.37,305.51,693.06,-1,-1,-1,-1
597,1,1001.34,229.26,183.39,555.71,-1,-1,-1,-1
597,2,333.54,117.25,407.68,960.63,-1,-1,-1,-1
598,0,522.62,212.73,262.69,673.67,-1,-1,-1,-1
598,1,1016.80,218.72,193.21,573.25,-1,-1,-1,-1
598,2,379.14,109.37,343.19,973.30,-1,-1,-1,-1
599,0,518.27,215.06,256.26,657.15,-1,-1,-1,-1
599,1,1029.06,218.82,211.33,576.83,-1,-1,-1,-1
599,2,412.73,122.53,352.02,936.51,-1,-1,-1,-1
600,0,513.92,217.38,249.83,640.63,-1,-1,-1,-1
600,1,1039.55,222.97,218.05,574.85,-1,-1,-1,-1
600,2,435.36,115.13,355.28,941.22,-1,-1,-1,-1
601,0,509.56,219.70,243.40,624.10,-1,-1,-1,-1
601,1,1047.55,228.01,217.96,572.62,-1,-1,-1,-1
601,2,467.60,113.01,343.82,925.28,-1,-1,-1,-1
602,0,505.21,222.02,236.96,607.58,-1,-1,-1,-1
602,1,1054.21,228.42,214.08,573.12,-1,-1,-1,-1
602,2,502.88,92.71,335.41,945.89,-1,-1,-1,-1
603,1,1068.03,223.48,208.29,573.92,-1,-1,-1,-1
603,2,530.74,65.39,344.78,997.56,-1,-1,-1,-1
604,1,1077.58,221.51,215.42,575.43,-1,-1,-1,-1
604,2,552.33,128.64,373.83,920.30,-1,-1,-1,-1
605,1,1089.70,220.97,215.85,575.58,-1,-1,-1,-1
605,2,568.34,148.57,380.38,906.82,-1,-1,-1,-1
606,0,534.17,263.09,151.47,571.52,-1,-1,-1,-1
606,1,1102.44,215.63,216.00,588.51,-1,-1,-1,-1
606,2,584.35,110.76,370.51,964.23,-1,-1,-1,-1
607,0,523.75,253.03,177.05,593.36,-1,-1,-1,-1
607,1,1115.80,213.90,215.30,590.31,-1,-1,-1,-1
607,2,631.72,84.51,324.35,1002.26,-1,-1,-1,-1
608,0,510.42,244.91,190.70,609.63,-1,-1,-1,-1
608,1,1133.33,208.42,209.63,592.81,-1,-1,-1,-1
608,2,666.70,72.83,311.34,1009.59,-1,-1,-1,-1
609,0,499.33,233.84,198.90,636.71,-1,-1,-1,-1
609,1,1152.54,207.20,201.09,596.17,-1,-1,-1,-1
609,2,706.86,95.37,298.96,971.62,-1,-1,-1,-1
610,0,484.52,240.10,212.12,624.42,-1,-1,-1,-1
610,1,1164.32,214.71,203.26,583.31,-1,-1,-1,-1
610,2,738.34,79.35,291.89,991.56,-1,-1,-1,-1
611,0,464.85,246.47,230.97,608.84,-1,-1,-1,-1
611,1,1176.54,211.67,210.92,589.62,-1,-1,-1,-1
611,2,763.80,88.46,305.42,967.47,-1,-1,-1,-1
612,0,442.01,242.94,250.15,612.36,-1,-1,-1,-1
612,1,1183.28,208.53,228.31,596.99,-1,-1,-1,-1
612,2,794.26,89.30,310.99,937.66,-1,-1,-1,-1
613,0,411.27,238.58,279.72,623.87,-1,-1,-1,-1
613,1,1188.97,216.02,248.36,587.99,-1,-1,-1,-1
613,2,830.53,67.75,313.69,978.61,-1,-1,-1,-1
614,0,394.66,237.29,291.19,630.64,-1,-1,-1,-1
614,1,1196.10,210.52,249.94,595.40,-1,-1,-1,-1
614,2,856.04,86.66,317.35,957.73,-1,-1,-1,-1
615,0,383.05,236.00,294.77,637.42,-1,-1,-1,-1
615,1,1210.80,210.65,242.13,594.74,-1,-1,-1,-1
615,2,878.36,73.92,328.29,977.51,-1,-1,-1,-1
616,0,375.11,236.88,289.42,640.96,-1,-1,-1,-1
616,1,1241.55,211.01,204.70,590.52,-1,-1,-1,-1
616,2,905.38,113.88,340.08,938.39,-1,-1,-1,-1
617,0,367.47,231.93,276.54,652.47,-1,-1,-1,-1
617,1,1265.46,217.33,182.12,578.10,-1,-1,-1,-1
617,2,939.72,117.79,320.89,933.93,-1,-1,-1,-1
618,0,357.53,225.61,272.78,664.51,-1,-1,-1,-1
618,1,1277.78,215.49,173.64,581.59,-1,-1,-1,-1
618,2,967.52,98.08,299.13,969.78,-1,-1,-1,-1
619,0,350.85,221.38,263.15,673.19,-1,-1,-1,-1
619,1,1297.21,211.40,165.71,595.27,-1,-1,-1,-1
619,2,994.19,101.76,293.39,963.26,-1,-1,-1,-1
620,0,338.23,220.53,268.22,678.33,-1,-1,-1,-1
620,1,1311.69,220.44,175.93,585.95,-1,-1,-1,-1
620,2,1020.18,92.57,323.58,983.44,-1,-1,-1,-1
621,0,327.38,224.91,273.28,677.06,-1,-1,-1,-1
621,1,1327.24,210.69,193.36,608.28,-1,-1,-1,-1
621,2,1050.41,100.93,360.36,958.03,-1,-1,-1,-1
622,0,319.27,222.84,283.50,693.38,-1,-1,-1,-1
622,1,1342.65,185.51,199.55,648.23,-1,-1,-1,-1
622,2,1077.19,107.21,404.74,872.24,-1,-1,-1,-1
623,0,318.19,219.08,290.13,714.44,-1,-1,-1,-1
623,1,1365.66,184.88,189.01,652.29,-1,-1,-1,-1
623,2,1114.12,94.43,406.57,913.51,-1,-1,-1,-1
624,0,324.33,221.61,295.24,720.20,-1,-1,-1,-1
624,1,1380.04,177.82,193.21,666.90,-1,-1,-1,-1
624,2,1138.03,71.87,429.32,968.62,-1,-1,-1,-1
625,0,332.59,222.75,296.88,723.85,-1,-1,-1,-1
625,1,1396.86,187.92,170.66,636.99,-1,-1,-1,-1
625,2,1150.64,66.81,443.09,988.67,-1,-1,-1,-1
626,0,342.18,218.79,297.37,734.93,-1,-1,-1,-1
626,1,1407.70,179.78,164.96,645.54,-1,-1,-1,-1
626,2,1183.93,60.54,421.80,1005.98,-1,-1,-1,-1
627,0,351.97,221.11,303.21,733.80,-1,-1,-1,-1
627,1,1420.94,177.37,165.56,648.04,-1,-1,-1,-1
627,2,1202.15,66.73,423.68,1007.45,-1,-1,-1,-1
628,0,361.55,216.66,310.83,744.02,-1,-1,-1,-1
628,1,1434.19,174.96,166.16,650.54,-1,-1,-1,-1
628,2,1224.15,86.99,434.77,986.78,-1,-1,-1,-1
629,0,369.74,210.89,320.29,762.92,-1,-1,-1,-1
629,1,1447.43,172.56,166.76,653.04,-1,-1,-1,-1
629,2,1253.24,90.79,427.97,985.14,-1,-1,-1,-1
630,0,377.44,204.24,328.20,788.03,-1,-1,-1,-1
630,1,1460.67,170.15,167.36,655.53,-1,-1,-1,-1
630,2,1290.83,110.78,423.53,941.30,-1,-1,-1,-1
631,0,386.04,204.76,331.73,790.68,-1,-1,-1,-1
631,2,1314.67,112.52,424.02,933.73,-1,-1,-1,-1
632,0,395.59,201.33,331.06,818.39,-1,-1,-1,-1
632,2,1319.45,125.94,465.81,893.97,-1,-1,-1,-1
633,0,406.89,202.09,327.01,840.05,-1,-1,-1,-1
633,2,1336.79,111.05,507.18,898.35,-1,-1,-1,-1