35,0,11.27,260.78,200.17,576.56,-1,-1,-1,-1
36,0,16.96,265.77,226.51,569.37,-1,-1,-1,-1
37,0,16.72,269.58,246.78,564.76,-1,-1,-1,-1
38,0,15.49,269.57,264.20,563.51,-1,-1,-1,-1
39,0,25.68,269.71,257.17,565.23,-1,-1,-1,-1
40,0,45.61,261.63,240.51,576.11,-1,-1,-1,-1
41,0,62.59,255.13,225.56,584.17,-1,-1,-1,-1
42,0,73.50,249.87,236.20,588.73,-1,-1,-1,-1
43,0,88.74,245.43,251.24,591.46,-1,-1,-1,-1
44,0,99.68,253.19,276.77,579.60,-1,-1,-1,-1
45,0,120.41,247.62,290.46,591.28,-1,-1,-1,-1
46,0,143.27,252.18,293.63,588.10,-1,-1,-1,-1
47,0,176.50,246.45,266.88,598.68,-1,-1,-1,-1
48,0,198.25,253.18,256.74,591.29,-1,-1,-1,-1
49,0,216.39,244.40,244.77,605.37,-1,-1,-1,-1
50,0,233.96,249.10,238.43,595.71,-1,-1,-1,-1
51,0,248.14,249.10,242.19,595.83,-1,-1,-1,-1
52,0,254.54,243.00,264.69,602.81,-1,-1,-1,-1
53,0,267.92,235.94,279.35,620.52,-1,-1,-1,-1
54,0,288.59,236.09,281.90,620.94,-1,-1,-1,-1
55,0,308.41,243.10,278.51,612.88,-1,-1,-1,-1
56,0,322.74,241.99,279.89,620.60,-1,-1,-1,-1
57,0,344.67,239.53,265.27,628.04,-1,-1,-1,-1
58,0,367.93,234.84,237.37,639.96,-1,-1,-1,-1
59,0,388.51,231.52,220.50,646.99,-1,-1,-1,-1
60,0,403.79,225.69,220.67,653.98,-1,-1,-1,-1
61,0,414.50,231.05,232.80,646.75,-1,-1,-1,-1
62,0,429.88,222.68,265.11,658.47,-1,-1,-1,-1
63,0,442.61,220.88,294.70,661.16,-1,-1,-1,-1
64,0,463.44,225.40,300.99,660.24,-1,-1,-1,-1
65,0,485.69,221.32,282.49,666.64,-1,-1,-1,-1
66,0,505.24,215.96,266.78,673.48,-1,-1,-1,-1
67,0,537.91,220.97,235.25,666.14,-1,-1,-1,-1
68,0,557.91,220.38,241.46,665.46,-1,-1,-1,-1
69,0,576.19,214.95,267.24,678.99,-1,-1,-1,-1
70,0,599.61,213.04,282.91,692.60,-1,-1,-1,-1
71,0,619.17,213.55,299.79,697.29,-1,-1,-1,-1
72,0,639.30,212.60,310.00,708.16,-1,-1,-1,-1
73,0,663.28,211.69,304.20,716.90,-1,-1,-1,-1
74,0,688.08,214.33,286.81,717.72,-1,-1,-1,-1
75,0,711.24,213.28,261.12,719.68,-1,-1,-1,-1
76,0,733.27,201.53,232.36,741.06,-1,-1,-1,-1
77,0,750.37,194.74,229.80,746.37,-1,-1,-1,-1
78,0,769.67,192.98,238.44,751.74,-1,-1,-1,-1
79,0,784.87,192.46,268.37,752.95,-1,-1,-1,-1
80,0,803.02,192.50,285.14,756.32,-1,-1,-1,-1
81,0,822.70,197.31,288.80,759.43,-1,-1,-1,-1
82,0,848.12,202.17,274.09,756.41,-1,-1,-1,-1
83,0,877.92,196.66,255.35,768.88,-1,-1,-1,-1
84,0,906.47,199.18,235.04,764.71,-1,-1,-1,-1
85,0,932.03,194.92,229.15,775.34,-1,-1,-1,-1
86,0,956.92,187.91,237.04,792.29,-1,-1,-1,-1
87,0,969.59,187.05,285.09,797.97,-1,-1,-1,-1
88,0,984.82,183.20,308.96,802.67,-1,-1,-1,-1
89,0,1005.39,188.37,313.34,796.22,-1,-1,-1,-1
90,0,1024.11,190.37,309.70,791.42,-1,-1,-1,-1
91,0,1050.44,193.99,284.58,784.35,-1,-1,-1,-1
92,0,1071.34,194.08,282.87,781.08,-1,-1,-1,-1
93,0,1086.38,195.68,300.38,781.16,-1,-1,-1,-1
94,0,1099.13,184.08,296.68,795.73,-1,-1,-1,-1
95,0,1084.21,180.48,342.81,793.66,-1,-1,-1,-1
96,0,1077.36,177.69,363.94,796.23,-1,-1,-1,-1
97,0,1074.67,177.47,368.28,792.74,-1,-1,-1,-1
98,0,1081.94,181.50,351.64,788.73,-1,-1,-1,-1
99,0,1092.40,190.67,327.56,768.88,-1,-1,-1,-1
100,0,1111.54,195.80,290.10,742.93,-1,-1,-1,-1
101,0,1123.47,202.12,264.83,710.42,-1,-1,-1,-1
102,0,1131.33,197.64,249.07,703.35,-1,-1,-1,-1
103,0,1137.52,199.37,239.81,692.29,-1,-1,-1,-1
104,0,1142.91,200.67,235.12,682.74,-1,-1,-1,-1
105,0,1146.59,205.71,234.66,668.92,-1,-1,-1,-1
106,0,1152.76,207.89,231.68,663.84,-1,-1,-1,-1
107,0,1157.32,216.00,232.99,639.91,-1,-1,-1,-1
108,0,1166.06,210.43,229.49,640.50,-1,-1,-1,-1
109,0,1167.59,205.74,231.18,642.97,-1,-1,-1,-1
110,0,1167.72,206.27,232.81,634.01,-1,-1,-1,-1
111,0,1163.56,203.68,236.76,632.05,-1,-1,-1,-1
112,0,1162.00,202.67,235.44,632.96,-1,-1,-1,-1
113,0,1161.18,201.29,232.33,636.76,-1,-1,-1,-1
114,0,1157.41,202.14,235.37,632.15,-1,-1,-1,-1
115,0,1169.15,206.56,219.96,626.38,-1,-1,-1,-1
116,0,1189.16,209.15,192.76,621.38,-1,-1,-1,-1
117,0,1199.07,209.50,178.12,621.29,-1,-1,-1,-1
118,0,1200.29,204.82,170.40,622.82,-1,-1,-1,-1
119,0,1204.80,205.72,163.95,621.79,-1,-1,-1,-1
120,0,1207.22,207.44,164.65,615.83,-1,-1,-1,-1
121,0,1208.70,214.49,174.91,595.61,-1,-1,-1,-1
122,0,1202.99,217.33,198.40,585.15,-1,-1,-1,-1
123,0,1191.54,218.07,225.84,589.99,-1,-1,-1,-1
124,0,1184.38,211.19,243.78,606.70,-1,-1,-1,-1
125,0,1176.87,208.60,258.97,616.02,-1,-1,-1,-1
126,0,1182.91,206.16,254.75,628.52,-1,-1,-1,-1
127,0,1188.45,203.94,250.75,632.73,-1,-1,-1,-1
128,0,1193.23,201.02,248.30,639.54,-1,-1,-1,-1
129,0,1198.03,200.47,247.10,644.51,-1,-1,-1,-1
130,0,1201.44,203.70,250.43,645.64,-1,-1,-1,-1
131,0,1205.05,205.73,253.44,653.22,-1,-1,-1,-1
132,0,1210.08,200.88,254.68,674.16,-1,-1,-1,-1
133,0,1213.95,202.98,261.15,684.85,-1,-1,-1,-1
134,0,1217.26,206.62,268.74,682.63,-1,-1,-1,-1
135,0,1218.42,206.34,275.36,691.09,-1,-1,-1,-1
135,2,12.42,246.99,210.48,565.63,-1,-1,-1,-1
136,0,1218.36,203.91,283.66,694.75,-1,-1,-1,-1
136,2,15.99,251.59,220.79,563.19,-1,-1,-1,-1
137,0,1217.60,202.03,290.89,699.95,-1,-1,-1,-1
137,2,20.49,241.61,225.87,584.20,-1,-1,-1,-1
138,0,1218.82,196.61,292.91,713.39,-1,-1,-1,-1
138,2,22.73,240.99,227.73,583.83,-1,-1,-1,-1
139,0,1220.56,191.93,290.60,731.08,-1,-1,-1,-1
139,2,43.01,236.67,202.17,588.13,-1,-1,-1,-1
140,0,1221.31,189.39,289.05,744.46,-1,-1,-1,-1
140,2,50.42,230.91,192.16,596.68,-1,-1,-1,-1
141,0,1219.24,187.60,289.01,756.78,-1,-1,-1,-1
141,2,64.80,236.80,194.79,580.71,-1,-1,-1,-1
142,0,1218.25,187.37,283.42,771.21,-1,-1,-1,-1
142,2,82.91,230.35,206.36,591.84,-1,-1,-1,-1
143,0,1214.09,187.52,284.51,784.20,-1,-1,-1,-1
143,2,97.28,229.65,243.59,589.17,-1,-1,-1,-1
144,0,1206.32,181.53,288.54,802.87,-1,-1,-1,-1
144,2,116.02,227.25,270.51,591.63,-1,-1,-1,-1
145,0,1195.35,179.12,301.86,811.00,-1,-1,-1,-1
145,2,138.72,230.37,271.64,587.18,-1,-1,-1,-1
146,0,1183.04,177.12,319.50,815.37,-1,-1,-1,-1
146,2,163.54,232.82,256.83,584.27,-1,-1,-1,-1
147,0,1170.48,172.92,335.44,827.10,-1,-1,-1,-1
147,2,195.31,232.23,232.47,576.87,-1,-1,-1,-1
148,0,1159.74,168.30,349.87,849.55,-1,-1,-1,-1
148,2,228.87,232.54,200.71,570.19,-1,-1,-1,-1
149,0,1156.15,158.90,350.11,880.08,-1,-1,-1,-1
149,2,245.57,235.70,202.10,564.79,-1,-1,-1,-1
150,0,1150.15,159.78,360.29,889.53,-1,-1,-1,-1
150,2,258.28,239.80,207.86,557.67,-1,-1,-1,-1
151,0,1152.25,160.06,353.79,897.47,-1,-1,-1,-1
151,2,270.85,233.94,224.64,565.89,-1,-1,-1,-1
152,0,1156.46,170.47,344.28,877.83,-1,-1,-1,-1
152,2,277.33,233.04,278.29,566.11,-1,-1,-1,-1
153,0,1168.44,175.01,317.59,868.33,-1,-1,-1,-1
153,2,301.05,234.14,287.01,564.67,-1,-1,-1,-1
154,0,1183.00,169.97,285.59,878.04,-1,-1,-1,-1
154,2,331.06,240.99,277.26,555.35,-1,-1,-1,-1
155,0,1190.95,160.59,265.91,891.90,-1,-1,-1,-1
155,2,364.20,243.95,256.51,550.76,-1,-1,-1,-1
156,0,1193.34,152.04,250.78,903.66,-1,-1,-1,-1
156,2,400.13,231.48,219.72,569.35,-1,-1,-1,-1
157,0,1174.82,140.84,262.27,918.70,-1,-1,-1,-1
157,2,431.47,228.31,194.89,571.80,-1,-1,-1,-1
158,0,1140.23,129.52,291.70,938.71,-1,-1,-1,-1
158,2,460.50,220.82,179.20,582.29,-1,-1,-1,-1
159,0,1105.81,129.34,323.84,943.77,-1,-1,-1,-1
159,2,479.07,223.68,200.43,572.25,-1,-1,-1,-1
160,0,1076.36,129.89,340.94,948.12,-1,-1,-1,-1
160,2,496.53,222.80,237.98,572.17,-1,-1,-1,-1
161,0,1052.57,141.33,354.07,936.57,-1,-1,-1,-1
161,2,507.50,227.84,258.71,563.13,-1,-1,-1,-1
162,0,1037.62,155.31,362.96,918.70,-1,-1,-1,-1
162,2,524.55,226.03,261.22,565.33,-1,-1,-1,-1
163,0,1046.11,150.63,321.47,927.94,-1,-1,-1,-1
163,2,545.81,229.49,248.69,564.05,-1,-1,-1,-1
164,0,1042.76,163.33,284.74,904.15,-1,-1,-1,-1
164,2,574.25,223.50,221.40,570.52,-1,-1,-1,-1
165,0,1021.30,168.35,261.84,890.71,-1,-1,-1,-1
165,2,604.61,211.80,193.90,581.11,-1,-1,-1,-1
166,0,990.45,165.85,257.60,890.71,-1,-1,-1,-1
166,2,632.27,213.59,179.14,579.14,-1,-1,-1,-1
167,0,939.04,150.65,285.27,917.15,-1,-1,-1,-1
167,2,649.58,222.39,190.34,566.66,-1,-1,-1,-1
168,0,878.44,160.96,331.69,905.84,-1,-1,-1,-1
168,2,660.82,222.62,217.89,564.83,-1,-1,-1,-1
169,0,839.54,168.48,354.48,900.44,-1,-1,-1,-1
169,2,672.05,222.65,230.75,564.42,-1,-1,-1,-1
170,0,819.66,172.21,362.92,895.06,-1,-1,-1,-1
170,2,685.42,229.43,236.39,552.37,-1,-1,-1,-1
171,0,805.38,180.34,367.42,883.25,-1,-1,-1,-1
171,2,708.02,224.63,210.92,557.36,-1,-1,-1,-1
172,0,777.73,185.20,370.55,869.77,-1,-1,-1,-1
172,2,746.95,225.59,161.39,544.91,-1,-1,-1,-1
173,0,774.17,178.51,328.59,871.89,-1,-1,-1,-1
173,2,765.15,227.26,159.51,538.57,-1,-1,-1,-1
174,0,759.76,170.55,296.46,872.24,-1,-1,-1,-1
174,2,783.34,228.92,157.63,532.22,-1,-1,-1,-1
175,0,741.98,173.62,289.08,863.91,-1,-1,-1,-1
175,2,801.54,230.58,155.75,525.88,-1,-1,-1,-1
176,0,721.13,170.88,292.81,868.13,-1,-1,-1,-1
176,2,819.73,232.25,153.88,519.53,-1,-1,-1,-1
177,0,705.12,191.79,298.91,839.35,-1,-1,-1,-1
178,0,690.53,214.14,349.39,817.92,-1,-1,-1,-1
178,2,905.68,226.02,171.46,514.24,-1,-1,-1,-1
179,0,691.67,215.03,351.09,813.60,-1,-1,-1,-1
179,2,929.39,222.10,167.95,514.59,-1,-1,-1,-1
180,0,697.25,216.60,305.10,809.83,-1,-1,-1,-1
180,2,942.30,222.22,173.93,517.65,-1,-1,-1,-1
181,0,696.96,223.04,274.56,789.41,-1,-1,-1,-1
181,2,953.65,216.90,171.12,532.77,-1,-1,-1,-1
182,0,693.67,223.57,257.82,769.63,-1,-1,-1,-1
182,2,973.34,215.93,155.11,534.40,-1,-1,-1,-1
183,0,693.82,209.48,243.60,778.80,-1,-1,-1,-1
183,2,991.52,207.41,155.25,554.13,-1,-1,-1,-1
184,0,691.85,192.98,229.98,802.79,-1,-1,-1,-1
184,2,1003.54,201.49,172.52,569.01,-1,-1,-1,-1
185,0,687.14,185.75,225.61,811.31,-1,-1,-1,-1
185,2,1009.45,213.53,194.04,550.08,-1,-1,-1,-1
186,0,685.93,182.07,217.19,811.58,-1,-1,-1,-1
186,2,1019.31,215.69,216.78,545.12,-1,-1,-1,-1
187,0,677.69,179.05,221.39,812.23,-1,-1,-1,-1
187,2,1030.28,215.23,246.92,543.33,-1,-1,-1,-1
188,0,670.33,174.98,228.58,817.25,-1,-1,-1,-1
188,2,1040.86,212.68,258.46,550.54,-1,-1,-1,-1
189,0,655.58,180.02,241.35,806.59,-1,-1,-1,-1
189,2,1055.58,211.62,255.51,555.39,-1,-1,-1,-1
190,0,642.83,181.75,234.90,806.89,-1,-1,-1,-1
190,2,1076.38,215.62,238.20,547.75,-1,-1,-1,-1
191,0,627.35,180.62,235.25,810.63,-1,-1,-1,-1
191,2,1118.29,207.48,188.90,556.08,-1,-1,-1,-1
192,0,616.53,178.81,233.48,819.57,-1,-1,-1,-1
192,2,1145.18,196.71,169.71,573.55,-1,-1,-1,-1
193,0,602.26,179.65,239.28,819.80,-1,-1,-1,-1
193,2,1164.29,197.11,167.07,571.02,-1,-1,-1,-1
194,0,588.52,183.77,242.27,813.24,-1,-1,-1,-1
194,2,1178.53,202.48,184.16,562.06,-1,-1,-1,-1
195,0,565.05,182.89,255.19,824.29,-1,-1,-1,-1
195,2,1186.77,193.42,225.89,578.16,-1,-1,-1,-1
196,0,524.31,180.31,291.82,851.35,-1,-1,-1,-1
196,2,1196.74,185.34,257.29,592.25,-1,-1,-1,-1
197,0,490.70,173.54,323.18,876.60,-1,-1,-1,-1
197,2,1211.32,182.00,267.74,599.18,-1,-1,-1,-1
198,0,485.74,175.11,318.34,887.61,-1,-1,-1,-1
198,2,1224.71,188.11,264.05,591.88,-1,-1,-1,-1
199,0,475.56,177.19,324.09,892.17,-1,-1,-1,-1
199,2,1246.42,194.24,239.54,584.10,-1,-1,-1,-1
200,0,463.44,177.26,330.06,897.13,-1,-1,-1,-1
200,2,1268.97,203.17,219.57,570.34,-1,-1,-1,-1
201,0,456.28,171.82,329.47,907.12,-1,-1,-1,-1
201,2,1288.90,205.26,215.57,566.15,-1,-1,-1,-1
202,0,446.17,162.43,326.29,922.64,-1,-1,-1,-1
202,2,1292.08,203.53,281.48,574.44,-1,-1,-1,-1
203,0,440.43,164.14,301.42,914.04,-1,-1,-1,-1
203,2,1299.43,199.12,332.64,585.21,-1,-1,-1,-1
204,0,436.69,150.93,279.58,932.49,-1,-1,-1,-1
204,2,1309.25,194.40,365.22,598.43,-1,-1,-1,-1
205,0,423.18,153.47,267.82,920.08,-1,-1,-1,-1
205,2,1322.75,191.27,382.57,613.24,-1,-1,-1,-1
206,0,414.21,160.46,255.69,907.22,-1,-1,-1,-1
206,2,1347.04,190.26,367.40,617.09,-1,-1,-1,-1
207,0,405.96,164.29,248.31,899.84,-1,-1,-1,-1
207,2,1373.57,186.32,330.65,632.16,-1,-1,-1,-1
208,0,393.14,162.49,256.86,898.26,-1,-1,-1,-1
208,2,1390.94,188.12,298.59,628.44,-1,-1,-1,-1
209,0,367.41,170.77,285.01,885.94,-1,-1,-1,-1
209,2,1399.96,185.91,277.35,636.49,-1,-1,-1,-1
210,0,345.35,172.29,308.38,888.76,-1,-1,-1,-1
210,2,1406.53,189.81,262.66,626.86,-1,-1,-1,-1
211,0,322.19,170.09,337.73,900.59,-1,-1,-1,-1
211,2,1410.82,186.87,251.45,633.71,-1,-1,-1,-1
212,0,314.47,169.46,354.83,905.54,-1,-1,-1,-1
212,2,1403.47,177.86,259.11,657.76,-1,-1,-1,-1
213,0,317.25,172.73,368.54,900.39,-1,-1,-1,-1
213,2,1392.19,174.41,273.96,669.83,-1,-1,-1,-1
214,0,336.86,175.59,363.79,893.19,-1,-1,-1,-1
214,2,1378.07,164.87,295.51,701.12,-1,-1,-1,-1
215,0,361.62,171.96,353.13,900.42,-1,-1,-1,-1
215,2,1364.86,164.87,318.41,712.94,-1,-1,-1,-1
216,0,389.17,169.18,337.91,901.25,-1,-1,-1,-1
216,2,1362.08,169.56,320.50,709.55,-1,-1,-1,-1
217,0,415.24,166.93,323.69,896.08,-1,-1,-1,-1
217,2,1379.25,170.39,285.83,710.74,-1,-1,-1,-1
218,0,430.31,162.73,325.62,901.38,-1,-1,-1,-1
218,2,1391.57,170.96,262.37,709.49,-1,-1,-1,-1
219,0,447.09,164.14,324.93,895.06,-1,-1,-1,-1
219,2,1398.79,171.46,242.80,703.23,-1,-1,-1,-1
220,0,462.47,173.00,320.70,873.61,-1,-1,-1,-1
220,2,1396.74,159.85,235.66,723.82,-1,-1,-1,-1
221,0,475.34,176.58,317.10,859.40,-1,-1,-1,-1
221,2,1386.81,160.15,236.23,720.91,-1,-1,-1,-1
222,0,484.48,183.93,316.28,864.13,-1,-1,-1,-1
222,2,1361.48,154.88,259.71,736.07,-1,-1,-1,-1
223,0,489.83,193.17,315.54,850.90,-1,-1,-1,-1
223,2,1337.70,161.49,279.15,725.63,-1,-1,-1,-1
224,0,496.32,197.98,311.55,840.12,-1,-1,-1,-1
224,2,1314.87,170.13,289.31,710.21,-1,-1,-1,-1
225,0,508.71,204.09,299.57,813.15,-1,-1,-1,-1
225,2,1304.28,166.25,277.59,717.39,-1,-1,-1,-1
226,0,523.53,207.00,283.33,784.54,-1,-1,-1,-1
226,2,1304.61,160.12,238.25,724.91,-1,-1,-1,-1
227,0,534.73,205.35,272.83,771.04,-1,-1,-1,-1
227,2,1302.08,163.49,211.57,717.34,-1,-1,-1,-1
228,0,546.40,204.32,262.20,753.20,-1,-1,-1,-1
228,2,1277.87,169.80,208.89,708.63,-1,-1,-1,-1
229,0,555.47,206.99,257.68,739.42,-1,-1,-1,-1
229,2,1241.23,164.93,222.77,713.91,-1,-1,-1,-1
230,0,569.79,206.20,252.44,732.90,-1,-1,-1,-1
230,2,1196.99,165.56,260.36,716.84,-1,-1,-1,-1
231,0,584.81,210.45,243.70,718.24,-1,-1,-1,-1
231,2,1160.48,165.64,283.57,720.58,-1,-1,-1,-1
232,0,598.75,211.05,233.72,715.97,-1,-1,-1,-1
232,2,1135.75,170.60,294.68,716.71,-1,-1,-1,-1
233,0,612.15,216.36,227.02,695.75,-1,-1,-1,-1
233,2,1115.81,238.62,304.58,638.49,-1,-1,-1,-1
233,3,0.69,244.61,183.78,586.66,-1,-1,-1,-1
234,0,622.50,213.41,228.20,697.28,-1,-1,-1,-1
234,2,1113.93,208.44,287.89,686.43,-1,-1,-1,-1
234,3,3.68,249.06,181.55,577.32,-1,-1,-1,-1
235,0,632.30,217.83,231.40,678.26,-1,-1,-1,-1
235,2,1110.45,190.84,251.96,715.96,-1,-1,-1,-1
235,3,4.32,244.21,183.14,579.38,-1,-1,-1,-1
236,0,642.79,224.21,231.63,654.07,-1,-1,-1,-1
236,2,1096.69,175.60,233.30,732.55,-1,-1,-1,-1
236,3,7.51,252.05,196.97,566.53,-1,-1,-1,-1
237,0,650.47,220.70,232.63,648.41,-1,-1,-1,-1
237,2,1068.12,156.97,225.06,756.58,-1,-1,-1,-1
237,3,7.83,252.39,221.06,560.20,-1,-1,-1,-1
238,0,655.68,221.32,238.17,642.31,-1,-1,-1,-1
238,2,1026.23,160.65,242.60,744.83,-1,-1,-1,-1
238,3,13.45,245.70,239.39,561.77,-1,-1,-1,-1
239,0,657.67,217.43,245.33,651.39,-1,-1,-1,-1
239,2,987.89,164.43,265.89,734.55,-1,-1,-1,-1
239,3,26.17,244.05,259.97,563.27,-1,-1,-1,-1
240,0,665.91,219.81,241.43,648.98,-1,-1,-1,-1
240,2,956.26,164.55,274.99,738.29,-1,-1,-1,-1
240,3,40.88,237.84,272.12,577.77,-1,-1,-1,-1
241,0,679.67,229.27,233.06,626.51,-1,-1,-1,-1
241,2,930.03,166.07,296.97,733.12,-1,-1,-1,-1
241,3,49.42,239.11,295.18,575.03,-1,-1,-1,-1
242,0,693.46,242.47,219.21,601.03,-1,-1,-1,-1
242,2,916.07,165.17,292.04,733.40,-1,-1,-1,-1
242,3,68.03,238.89,287.47,573.20,-1,-1,-1,-1
243,0,711.26,244.28,200.55,584.25,-1,-1,-1,-1
243,2,913.15,167.14,258.81,734.17,-1,-1,-1,-1
243,3,92.40,246.73,272.05,561.28,-1,-1,-1,-1
244,0,726.91,245.35,188.73,573.71,-1,-1,-1,-1
244,2,895.62,166.53,220.12,734.83,-1,-1,-1,-1
244,3,113.07,250.91,251.45,556.47,-1,-1,-1,-1
245,0,742.69,241.68,174.19,571.46,-1,-1,-1,-1
245,2,838.41,176.14,257.87,718.17,-1,-1,-1,-1
245,3,130.59,242.52,237.04,573.82,-1,-1,-1,-1
246,0,752.96,238.38,161.49,567.81,-1,-1,-1,-1
246,2,807.69,181.57,265.96,709.45,-1,-1,-1,-1
246,3,145.11,236.98,225.05,585.12,-1,-1,-1,-1
247,0,764.67,227.43,151.07,580.59,-1,-1,-1,-1
247,2,776.52,175.91,281.84,723.28,-1,-1,-1,-1
247,3,162.85,240.00,211.63,580.59,-1,-1,-1,-1
248,0,771.77,222.43,151.66,582.91,-1,-1,-1,-1
248,2,754.61,176.17,299.04,727.48,-1,-1,-1,-1
248,3,174.52,236.04,210.21,589.23,-1,-1,-1,-1
249,0,778.86,217.43,152.25,585.22,-1,-1,-1,-1
249,2,724.89,177.53,328.45,732.34,-1,-1,-1,-1
249,3,185.18,237.75,222.21,584.22,-1,-1,-1,-1
250,0,785.96,212.42,152.84,587.54,-1,-1,-1,-1
250,2,719.91,175.27,314.43,738.82,-1,-1,-1,-1
250,3,197.13,241.19,242.39,578.48,-1,-1,-1,-1
251,0,793.06,207.42,153.43,589.85,-1,-1,-1,-1
251,2,723.10,182.41,272.90,732.06,-1,-1,-1,-1
251,3,217.27,242.74,242.67,578.72,-1,-1,-1,-1
252,2,709.76,182.58,271.99,735.46,-1,-1,-1,-1
252,3,230.80,252.94,241.60,563.46,-1,-1,-1,-1
253,0,843.29,230.17,146.14,566.73,-1,-1,-1,-1
253,2,694.79,174.67,253.32,748.09,-1,-1,-1,-1
253,3,250.23,247.32,225.82,576.64,-1,-1,-1,-1
254,0,857.07,229.59,149.32,565.02,-1,-1,-1,-1
254,2,675.77,170.45,229.59,749.61,-1,-1,-1,-1
254,3,266.83,242.71,212.79,584.86,-1,-1,-1,-1
255,0,865.09,233.74,154.21,555.38,-1,-1,-1,-1
255,2,635.40,168.68,242.02,751.52,-1,-1,-1,-1
255,3,280.22,244.54,202.32,583.53,-1,-1,-1,-1
256,0,870.73,232.41,177.58,555.87,-1,-1,-1,-1
256,2,593.89,171.89,263.73,742.77,-1,-1,-1,-1
256,3,292.10,246.52,200.02,572.67,-1,-1,-1,-1
257,0,878.28,234.62,197.37,551.43,-1,-1,-1,-1
257,2,541.74,183.43,310.38,727.97,-1,-1,-1,-1
257,3,304.54,245.11,199.84,571.15,-1,-1,-1,-1
258,0,886.50,238.20,213.45,550.72,-1,-1,-1,-1
258,2,504.55,191.98,338.97,721.70,-1,-1,-1,-1
258,3,311.86,242.28,218.52,574.06,-1,-1,-1,-1
259,0,896.30,236.76,216.26,555.75,-1,-1,-1,-1
259,2,492.53,186.83,333.99,738.68,-1,-1,-1,-1
259,3,325.37,233.49,230.56,587.40,-1,-1,-1,-1
260,0,906.55,235.14,210.38,558.86,-1,-1,-1,-1
260,2,488.45,180.65,318.49,752.55,-1,-1,-1,-1
260,3,338.57,227.75,232.57,597.38,-1,-1,-1,-1
261,0,916.58,231.30,210.98,564.08,-1,-1,-1,-1
261,2,479.66,183.85,300.39,744.40,-1,-1,-1,-1
261,3,354.01,224.17,225.02,604.36,-1,-1,-1,-1
262,0,921.47,231.80,222.17,565.62,-1,-1,-1,-1
262,2,480.52,194.64,227.54,685.68,-1,-1,-1,-1
262,3,366.75,220.21,221.75,606.86,-1,-1,-1,-1
263,0,929.26,231.03,232.74,570.54,-1,-1,-1,-1
263,2,413.32,183.35,273.34,720.58,-1,-1,-1,-1
263,3,379.09,216.50,223.65,612.07,-1,-1,-1,-1
264,0,937.10,230.51,235.55,576.93,-1,-1,-1,-1
264,2,368.88,169.59,303.58,753.41,-1,-1,-1,-1
264,3,391.43,212.79,225.56,617.28,-1,-1,-1,-1
265,0,943.96,234.96,234.79,566.26,-1,-1,-1,-1
265,2,322.63,159.86,349.15,776.72,-1,-1,-1,-1
265,3,403.78,209.07,227.47,622.49,-1,-1,-1,-1
266,0,952.15,237.25,231.89,560.30,-1,-1,-1,-1
266,2,265.37,151.75,411.10,812.53,-1,-1,-1,-1
266,3,416.12,205.36,229.37,627.71,-1,-1,-1,-1
267,0,958.69,238.26,228.41,560.08,-1,-1,-1,-1
267,2,226.04,148.72,448.43,838.33,-1,-1,-1,-1
268,0,964.41,236.55,223.42,564.43,-1,-1,-1,-1
268,2,213.37,155.74,445.26,841.30,-1,-1,-1,-1
269,0,968.71,234.47,218.61,570.48,-1,-1,-1,-1
269,2,235.79,166.30,380.51,837.17,-1,-1,-1,-1
269,3,463.64,247.99,174.85,474.32,-1,-1,-1,-1
270,0,970.00,227.74,217.86,576.49,-1,-1,-1,-1
270,2,251.97,179.30,337.62,812.45,-1,-1,-1,-1
270,3,459.85,238.58,182.91,539.36,-1,-1,-1,-1
271,0,975.13,219.34,211.47,606.01,-1,-1,-1,-1
271,2,247.68,166.37,322.83,841.81,-1,-1,-1,-1
271,3,460.38,219.78,186.31,599.06,-1,-1,-1,-1
272,0,979.04,216.91,213.57,619.18,-1,-1,-1,-1
272,2,227.55,161.53,325.08,854.14,-1,-1,-1,-1
272,3,455.29,218.67,196.88,616.70,-1,-1,-1,-1
273,0,985.41,213.27,211.31,629.75,-1,-1,-1,-1
273,2,201.98,155.97,357.14,868.96,-1,-1,-1,-1
273,3,454.79,216.93,193.53,625.55,-1,-1,-1,-1
274,0,993.41,204.14,219.32,655.38,-1,-1,-1,-1
274,2,188.65,147.93,349.51,888.70,-1,-1,-1,-1
274,3,445.88,223.42,200.63,624.43,-1,-1,-1,-1
275,0,998.46,213.54,252.14,649.41,-1,-1,-1,-1
275,2,179.11,143.90,339.49,908.66,-1,-1,-1,-1
275,3,439.15,223.35,205.09,631.33,-1,-1,-1,-1
276,0,1014.59,215.04,256.95,657.91,-1,-1,-1,-1
276,2,163.46,139.47,330.97,919.25,-1,-1,-1,-1
276,3,431.38,224.13,213.23,637.15,-1,-1,-1,-1
277,0,1031.85,214.56,250.16,669.31,-1,-1,-1,-1
277,2,141.26,138.45,336.80,926.89,-1,-1,-1,-1
277,3,427.58,230.38,217.62,630.50,-1,-1,-1,-1
278,0,1050.42,216.11,233.88,670.13,-1,-1,-1,-1
278,2,107.33,132.43,360.54,942.28,-1,-1,-1,-1
278,3,417.77,227.20,227.50,638.25,-1,-1,-1,-1
279,0,1061.81,217.63,236.34,669.38,-1,-1,-1,-1
279,2,75.93,131.69,376.97,942.96,-1,-1,-1,-1
279,3,410.07,226.48,235.29,647.77,-1,-1,-1,-1
280,0,1077.51,214.26,233.44,676.56,-1,-1,-1,-1
280,2,53.41,122.91,382.85,958.34,-1,-1,-1,-1
280,3,405.37,225.84,238.91,656.46,-1,-1,-1,-1
281,0,1092.37,208.25,240.23,687.28,-1,-1,-1,-1
281,2,26.87,115.19,401.20,967.62,-1,-1,-1,-1
281,3,397.45,224.44,250.02,675.24,-1,-1,-1,-1
282,0,1103.03,200.28,260.56,702.81,-1,-1,-1,-1
282,2,12.28,111.81,412.21,962.65,-1,-1,-1,-1
282,3,395.45,223.66,252.15,689.52,-1,-1,-1,-1
283,0,1114.16,192.20,280.83,720.23,-1,-1,-1,-1
283,2,26.33,115.05,382.34,953.37,-1,-1,-1,-1
283,3,394.72,222.54,253.11,697.97,-1,-1,-1,-1
284,0,1123.86,184.90,293.61,747.22,-1,-1,-1,-1
284,2,45.30,113.11,357.55,955.39,-1,-1,-1,-1
284,3,394.14,217.25,255.22,711.90,-1,-1,-1,-1
285,0,1132.03,184.13,299.73,762.39,-1,-1,-1,-1
285,2,57.59,120.68,349.69,943.94,-1,-1,-1,-1
285,3,391.86,214.61,260.18,717.34,-1,-1,-1,-1
286,0,1138.35,185.30,306.42,761.53,-1,-1,-1,-1
286,2,81.04,111.66,330.07,954.87,-1,-1,-1,-1
286,3,391.08,213.93,260.29,715.39,-1,-1,-1,-1
287,0,1144.50,186.73,305.07,764.32,-1,-1,-1,-1
287,2,99.78,118.17,331.61,945.03,-1,-1,-1,-1
287,3,401.09,215.22,245.25,709.00,-1,-1,-1,-1
287,5,1.84,226.40,142.67,569.52,-1,-1,-1,-1
288,0,1150.63,191.65,299.89,763.50,-1,-1,-1,-1
288,2,123.69,109.12,330.67,958.21,-1,-1,-1,-1
288,3,410.09,209.58,232.52,717.18,-1,-1,-1,-1
288,5,4.16,219.27,149.93,579.98,-1,-1,-1,-1
289,0,1154.01,192.19,299.61,771.81,-1,-1,-1,-1
289,2,143.24,104.16,331.75,959.52,-1,-1,-1,-1
289,3,416.91,209.37,223.11,706.66,-1,-1,-1,-1
289,5,5.70,216.65,154.07,585.16,-1,-1,-1,-1
290,0,1160.34,188.67,298.65,779.26,-1,-1,-1,-1
290,2,154.06,101.78,365.44,959.35,-1,-1,-1,-1
290,3,421.96,199.81,216.83,733.05,-1,-1,-1,-1
290,5,3.32,218.78,173.10,582.97,-1,-1,-1,-1
291,0,1166.76,184.91,305.76,793.28,-1,-1,-1,-1
291,2,173.30,107.32,393.82,942.72,-1,-1,-1,-1
291,3,427.17,184.03,211.17,757.05,-1,-1,-1,-1
291,5,5.28,226.23,176.51,573.28,-1,-1,-1,-1
292,0,1171.89,178.68,316.28,812.86,-1,-1,-1,-1
292,2,195.53,84.90,405.45,976.57,-1,-1,-1,-1
292,3,454.55,246.94,178.00,644.61,-1,-1,-1,-1
292,5,8.73,232.68,163.19,569.78,-1,-1,-1,-1
293,0,1179.73,175.41,319.16,831.53,-1,-1,-1,-1
293,2,216.61,93.32,430.34,963.93,-1,-1,-1,-1
293,3,463.10,268.43,166.65,603.56,-1,-1,-1,-1
293,5,7.16,232.28,167.85,573.11,-1,-1,-1,-1
294,0,1190.25,169.94,316.81,846.88,-1,-1,-1,-1
294,2,250.64,71.23,431.38,995.02,-1,-1,-1,-1
294,3,471.66,289.93,155.31,562.50,-1,-1,-1,-1
294,5,6.24,230.98,173.39,579.18,-1,-1,-1,-1
295,0,1202.10,169.98,308.67,850.35,-1,-1,-1,-1
295,2,292.31,76.28,413.02,992.04,-1,-1,-1,-1
295,3,480.21,311.42,143.97,521.45,-1,-1,-1,-1
295,5,7.83,228.59,177.17,581.68,-1,-1,-1,-1
296,0,1210.54,171.81,297.01,843.52,-1,-1,-1,-1
296,2,314.64,65.43,419.37,1001.12,-1,-1,-1,-1
296,3,488.77,332.92,132.63,480.40,-1,-1,-1,-1
296,5,6.81,223.33,190.12,588.80,-1,-1,-1,-1
297,0,1219.90,167.57,275.87,850.82,-1,-1,-1,-1
297,2,316.61,70.84,469.96,990.61,-1,-1,-1,-1
297,3,303.38,189.57,230.97,780.88,-1,-1,-1,-1
297,5,7.45,225.28,199.85,588.84,-1,-1,-1,-1
298,0,1223.99,165.88,265.08,852.34,-1,-1,-1,-1
298,2,308.87,106.53,527.02,950.80,-1,-1,-1,-1
298,3,274.10,178.58,267.40,817.32,-1,-1,-1,-1
298,5,8.61,226.42,216.36,589.52,-1,-1,-1,-1
299,0,1233.35,165.28,248.85,850.32,-1,-1,-1,-1
299,2,419.11,68.86,444.77,1007.21,-1,-1,-1,-1
299,3,250.80,170.36,295.96,846.32,-1,-1,-1,-1
299,5,10.91,226.45,228.81,588.68,-1,-1,-1,-1
300,0,1226.44,162.88,255.05,848.18,-1,-1,-1,-1
300,2,497.78,81.57,400.79,986.55,-1,-1,-1,-1
300,3,233.87,166.54,319.84,867.88,-1,-1,-1,-1
300,5,14.04,224.82,248.86,586.87,-1,-1,-1,-1
301,0,1233.74,165.70,236.65,841.68,-1,-1,-1,-1
301,2,564.29,61.51,375.10,1013.72,-1,-1,-1,-1
301,3,226.99,170.46,325.34,873.08,-1,-1,-1,-1
301,5,20.96,224.65,262.40,590.65,-1,-1,-1,-1
302,0,1222.28,179.35,245.84,820.42,-1,-1,-1,-1
302,2,637.08,49.43,332.59,1021.20,-1,-1,-1,-1
302,3,222.73,172.01,327.59,881.52,-1,-1,-1,-1
302,5,21.04,232.05,275.97,580.67,-1,-1,-1,-1
303,0,1209.03,178.14,249.12,824.25,-1,-1,-1,-1
303,2,696.97,41.40,317.91,1035.21,-1,-1,-1,-1
303,3,217.45,174.99,331.20,874.70,-1,-1,-1,-1
303,5,37.44,229.42,263.88,584.38,-1,-1,-1,-1
304,0,1186.96,186.60,261.71,800.86,-1,-1,-1,-1
304,2,745.85,26.76,320.12,1044.69,-1,-1,-1,-1
304,3,212.82,171.19,329.99,880.23,-1,-1,-1,-1
304,5,61.34,225.98,239.01,585.56,-1,-1,-1,-1
305,0,1170.76,181.22,263.19,809.52,-1,-1,-1,-1
305,2,794.05,26.46,334.44,1040.02,-1,-1,-1,-1
305,3,193.00,165.89,349.82,890.60,-1,-1,-1,-1
305,5,92.90,221.19,193.98,577.42,-1,-1,-1,-1
306,0,1155.00,182.72,268.72,802.57,-1,-1,-1,-1
306,2,839.78,31.11,353.31,1023.09,-1,-1,-1,-1
306,3,184.88,158.44,351.52,905.36,-1,-1,-1,-1
306,5,118.36,230.65,159.86,520.81,-1,-1,-1,-1
307,0,1144.80,187.95,267.31,797.15,-1,-1,-1,-1
307,2,890.20,92.42,355.99,944.76,-1,-1,-1,-1
307,3,171.98,155.24,360.51,911.46,-1,-1,-1,-1
307,5,133.62,218.87,147.78,547.65,-1,-1,-1,-1
308,0,1140.27,189.00,260.11,797.07,-1,-1,-1,-1
308,2,942.95,155.67,343.68,882.78,-1,-1,-1,-1
308,3,171.68,148.71,348.37,915.84,-1,-1,-1,-1
308,5,142.85,216.55,147.05,544.94,-1,-1,-1,-1
309,0,1132.45,190.57,259.18,794.22,-1,-1,-1,-1
309,2,972.93,92.49,397.58,970.15,-1,-1,-1,-1
309,3,164.36,140.20,350.26,930.99,-1,-1,-1,-1
309,5,152.08,214.23,146.32,542.23,-1,-1,-1,-1
310,0,1124.63,192.14,258.25,791.36,-1,-1,-1,-1
310,2,1023.20,60.57,390.03,1012.99,-1,-1,-1,-1
310,3,150.90,143.82,359.00,921.74,-1,-1,-1,-1
310,5,161.31,211.91,145.58,539.51,-1,-1,-1,-1
311,0,1116.81,193.70,257.31,788.51,-1,-1,-1,-1
311,2,1075.13,66.41,391.45,1001.96,-1,-1,-1,-1
311,3,131.55,144.77,377.83,919.38,-1,-1,-1,-1
311,5,170.54,209.58,144.85,536.80,-1,-1,-1,-1
312,0,1108.99,195.27,256.38,785.66,-1,-1,-1,-1
312,2,1114.46,59.75,401.23,1008.93,-1,-1,-1,-1
312,3,117.57,140.96,389.13,932.06,-1,-1,-1,-1
313,2,1131.50,43.88,416.29,1026.39,-1,-1,-1,-1
313,3,107.14,142.79,394.31,925.11,-1,-1,-1,-1
314,0,1074.89,242.54,227.37,681.54,-1,-1,-1,-1
314,2,1173.51,35.56,421.43,1039.01,-1,-1,-1,-1
314,3,84.82,137.59,410.51,935.83,-1,-1,-1,-1
315,0,1064.64,212.13,226.93,699.93,-1,-1,-1,-1
315,2,1203.13,13.53,450.35,1057.27,-1,-1,-1,-1
315,3,45.87,126.59,447.95,945.95,-1,-1,-1,-1
315,5,312.06,204.66,193.02,593.26,-1,-1,-1,-1
316,0,1052.64,206.90,246.40,703.48,-1,-1,-1,-1
316,2,1252.39,85.51,444.02,968.61,-1,-1,-1,-1
316,3,20.00,116.82,471.09,953.83,-1,-1,-1,-1
316,5,330.79,207.67,211.11,593.01,-1,-1,-1,-1
317,0,1053.29,204.60,246.89,703.41,-1,-1,-1,-1
317,2,1293.46,58.26,453.47,1007.89,-1,-1,-1,-1
317,3,5.89,108.75,476.23,959.65,-1,-1,-1,-1
317,5,346.47,200.24,234.10,610.82,-1,-1,-1,-1
318,0,1049.41,215.34,255.81,680.22,-1,-1,-1,-1
318,2,1352.60,49.31,443.82,1017.45,-1,-1,-1,-1
318,3,-2.86,98.96,480.57,968.09,-1,-1,-1,-1
318,5,365.90,199.74,260.51,622.63,-1,-1,-1,-1
319,0,1053.26,218.14,253.02,677.28,-1,-1,-1,-1
319,2,1395.46,46.98,460.54,1019.69,-1,-1,-1,-1
319,3,-2.38,90.09,456.26,982.63,-1,-1,-1,-1
319,5,384.59,201.57,271.41,628.72,-1,-1,-1,-1
320,0,1057.82,220.44,250.09,662.43,-1,-1,-1,-1
320,2,1445.19,43.02,451.28,1024.17,-1,-1,-1,-1
320,3,-7.03,89.36,454.64,980.52,-1,-1,-1,-1
320,5,400.32,206.77,273.68,626.20,-1,-1,-1,-1
321,0,1063.13,217.88,246.42,653.53,-1,-1,-1,-1
321,2,1488.40,67.33,438.84,984.32,-1,-1,-1,-1
321,3,-5.33,85.54,452.30,977.51,-1,-1,-1,-1
321,5,410.79,206.70,276.93,631.79,-1,-1,-1,-1
322,0,1070.70,218.31,238.46,638.49,-1,-1,-1,-1
322,2,1521.64,52.63,425.73,1015.26,-1,-1,-1,-1
322,3,0.60,92.76,452.64,968.65,-1,-1,-1,-1
322,5,427.47,197.23,258.92,650.08,-1,-1,-1,-1
323,0,1073.03,215.74,232.24,629.40,-1,-1,-1,-1
323,2,1555.04,37.91,402.50,1040.10,-1,-1,-1,-1
323,3,13.64,86.55,473.58,975.47,-1,-1,-1,-1
323,5,444.19,196.17,237.59,652.11,-1,-1,-1,-1
324,0,1075.58,218.39,222.26,617.37,-1,-1,-1,-1
324,2,1592.30,43.08,367.53,1036.44,-1,-1,-1,-1
324,3,24.70,85.14,502.23,970.78,-1,-1,-1,-1
324,5,452.22,189.09,228.37,658.92,-1,-1,-1,-1
325,0,1069.67,226.57,219.74,600.23,-1,-1,-1,-1
325,2,1614.37,51.84,346.11,1024.69,-1,-1,-1,-1
325,3,43.33,71.69,525.50,988.50,-1,-1,-1,-1
325,5,460.91,186.35,232.15,658.30,-1,-1,-1,-1
326,0,1066.16,230.99,212.46,591.68,-1,-1,-1,-1
326,2,1637.70,54.15,317.19,1023.96,-1,-1,-1,-1
326,3,69.27,59.24,529.16,1009.41,-1,-1,-1,-1
326,5,472.53,186.17,242.08,654.75,-1,-1,-1,-1
327,0,1064.13,231.04,200.74,593.63,-1,-1,-1,-1
327,2,1669.07,40.17,278.84,1042.52,-1,-1,-1,-1
327,3,101.43,48.33,511.16,1025.35,-1,-1,-1,-1
327,5,479.04,192.79,278.45,641.79,-1,-1,-1,-1
328,0,1057.51,228.76,198.15,591.97,-1,-1,-1,-1
328,2,1665.08,53.44,287.46,1009.05,-1,-1,-1,-1
328,3,112.28,38.33,518.42,1039.88,-1,-1,-1,-1
328,5,497.82,185.19,289.81,657.00,-1,-1,-1,-1
329,0,1048.51,229.17,201.16,586.88,-1,-1,-1,-1
329,2,1686.25,58.21,284.35,998.19,-1,-1,-1,-1
329,3,180.26,37.59,467.23,1032.04,-1,-1,-1,-1
329,5,516.46,185.36,280.27,663.77,-1,-1,-1,-1
330,0,1036.65,222.26,206.68,589.68,-1,-1,-1,-1
330,2,1647.47,92.11,298.93,855.51,-1,-1,-1,-1
330,3,229.58,24.37,426.53,1052.29,-1,-1,-1,-1
330,5,534.57,185.47,267.23,668.04,-1,-1,-1,-1
331,0,1026.10,229.71,209.37,571.83,-1,-1,-1,-1
331,2,1647.11,97.97,279.83,815.12,-1,-1,-1,-1
331,3,267.32,47.02,405.57,1016.59,-1,-1,-1,-1
331,5,552.33,176.73,249.33,689.41,-1,-1,-1,-1
332,0,1018.22,231.99,204.65,563.01,-1,-1,-1,-1
332,2,1672.41,105.06,240.35,736.31,-1,-1,-1,-1
332,3,314.02,81.74,376.08,976.80,-1,-1,-1,-1
332,5,562.98,176.55,252.47,686.71,-1,-1,-1,-1
333,0,1009.29,226.72,202.54,570.88,-1,-1,-1,-1
333,2,1689.68,124.30,219.35,671.98,-1,-1,-1,-1
333,3,348.85,54.36,395.97,1015.04,-1,-1,-1,-1
333,5,578.43,175.24,242.19,698.07,-1,-1,-1,-1
334,0,1002.80,228.66,198.77,568.54,-1,-1,-1,-1
334,2,1706.96,143.55,198.35,607.65,-1,-1,-1,-1
334,3,388.90,29.48,408.19,1048.43,-1,-1,-1,-1
334,5,590.54,172.41,245.02,706.21,-1,-1,-1,-1
335,0,999.97,234.67,190.02,562.34,-1,-1,-1,-1
335,2,1724.23,162.79,177.35,543.31,-1,-1,-1,-1
335,3,418.81,20.87,414.99,1053.13,-1,-1,-1,-1
335,5,602.65,169.58,247.85,714.35,-1,-1,-1,-1
336,0,1000.45,236.12,182.23,557.96,-1,-1,-1,-1
336,2,1717.15,76.61,202.92,757.08,-1,-1,-1,-1
336,3,460.11,16.71,412.58,1052.61,-1,-1,-1,-1
336,5,614.76,166.75,250.68,722.48,-1,-1,-1,-1
337,0,1005.91,228.55,172.16,565.63,-1,-1,-1,-1
337,2,1727.01,74.01,195.07,768.98,-1,-1,-1,-1
337,3,495.71,17.53,419.81,1049.86,-1,-1,-1,-1
337,5,626.88,163.92,253.51,730.62,-1,-1,-1,-1
338,0,1012.62,232.54,159.66,554.11,-1,-1,-1,-1
338,2,1715.14,71.44,211.79,789.07,-1,-1,-1,-1
338,3,534.70,4.74,425.96,1070.38,-1,-1,-1,-1
339,0,1015.48,234.53,154.69,553.43,-1,-1,-1,-1
339,2,1723.33,88.90,200.42,757.78,-1,-1,-1,-1
339,3,556.19,8.46,451.59,1059.75,-1,-1,-1,-1
340,0,1016.32,242.99,148.96,539.54,-1,-1,-1,-1
340,2,1726.56,101.23,197.47,778.01,-1,-1,-1,-1
340,3,574.27,31.61,478.75,1035.85,-1,-1,-1,-1
341,0,1008.62,244.29,152.97,535.41,-1,-1,-1,-1
341,2,1737.02,90.29,186.53,845.57,-1,-1,-1,-1
341,3,579.20,54.88,510.11,1009.83,-1,-1,-1,-1
342,0,1002.93,239.63,163.01,545.74,-1,-1,-1,-1
342,2,1738.95,100.31,187.02,835.01,-1,-1,-1,-1
342,3,629.50,60.28,489.67,1004.90,-1,-1,-1,-1
342,5,554.51,173.17,255.50,765.68,-1,-1,-1,-1
343,0,1004.60,245.02,161.94,527.08,-1,-1,-1,-1
343,2,1735.49,113.93,191.60,795.60,-1,-1,-1,-1
343,3,706.30,50.31,445.14,1017.32,-1,-1,-1,-1
343,5,537.63,167.67,264.92,775.30,-1,-1,-1,-1
344,0,1003.43,247.88,159.56,519.38,-1,-1,-1,-1
344,2,1724.26,116.10,202.88,812.59,-1,-1,-1,-1
344,3,767.40,41.73,420.96,1028.19,-1,-1,-1,-1
344,5,522.26,164.60,274.32,775.56,-1,-1,-1,-1
345,0,1002.25,250.75,157.19,511.67,-1,-1,-1,-1
345,2,1700.93,113.05,224.86,834.68,-1,-1,-1,-1
345,3,826.84,29.37,379.24,1040.10,-1,-1,-1,-1
345,5,504.95,164.72,283.10,769.08,-1,-1,-1,-1
346,0,1001.07,253.61,154.82,503.96,-1,-1,-1,-1
346,2,1672.29,124.75,250.20,824.77,-1,-1,-1,-1
346,3,869.29,18.77,366.35,1052.79,-1,-1,-1,-1
346,5,489.17,162.60,274.48,763.24,-1,-1,-1,-1
347,0,999.89,256.48,152.44,496.26,-1,-1,-1,-1
347,2,1656.05,131.57,248.64,820.88,-1,-1,-1,-1
347,3,895.69,30.94,382.52,1025.85,-1,-1,-1,-1
347,5,468.96,158.92,272.37,768.55,-1,-1,-1,-1
348,2,1636.38,140.81,268.82,803.22,-1,-1,-1,-1
348,3,923.71,34.99,397.69,1022.91,-1,-1,-1,-1
348,5,443.16,150.47,281.05,791.28,-1,-1,-1,-1
349,2,1623.95,143.13,281.02,799.55,-1,-1,-1,-1
349,3,949.17,18.27,403.19,1053.46,-1,-1,-1,-1
349,5,417.44,148.66,295.45,803.11,-1,-1,-1,-1
350,2,1626.67,144.01,253.22,795.30,-1,-1,-1,-1
350,3,952.94,29.85,439.53,1038.02,-1,-1,-1,-1
350,5,394.71,144.63,305.73,827.41,-1,-1,-1,-1
351,0,928.72,248.93,159.40,564.86,-1,-1,-1,-1
351,2,1621.12,135.41,241.92,811.08,-1,-1,-1,-1
351,3,961.10,57.02,461.37,992.65,-1,-1,-1,-1
351,5,372.84,144.07,316.50,833.77,-1,-1,-1,-1
352,0,905.13,232.56,191.62,590.24,-1,-1,-1,-1
352,2,1605.31,133.54,230.70,815.34,-1,-1,-1,-1
352,3,1011.07,51.01,425.39,1005.15,-1,-1,-1,-1
352,5,348.42,136.37,328.40,872.01,-1,-1,-1,-1
353,0,891.70,223.15,205.33,618.01,-1,-1,-1,-1
353,2,1567.30,143.25,253.33,787.73,-1,-1,-1,-1
353,3,1068.23,28.32,397.75,1044.66,-1,-1,-1,-1
353,5,331.94,137.38,331.36,883.28,-1,-1,-1,-1
354,0,876.91,229.30,219.48,612.32,-1,-1,-1,-1
354,2,1536.59,151.09,249.82,760.33,-1,-1,-1,-1
354,3,1107.67,30.55,388.13,1047.44,-1,-1,-1,-1
354,5,320.78,136.58,328.88,886.25,-1,-1,-1,-1
355,0,866.20,241.38,227.45,595.94,-1,-1,-1,-1
355,2,1508.15,142.61,263.53,773.00,-1,-1,-1,-1
355,3,1149.27,36.32,393.16,1038.18,-1,-1,-1,-1
355,5,310.95,133.71,323.16,894.88,-1,-1,-1,-1
356,0,859.88,234.72,230.18,608.38,-1,-1,-1,-1
356,2,1516.86,137.83,225.06,773.58,-1,-1,-1,-1
356,3,1182.20,44.64,414.35,1015.66,-1,-1,-1,-1
356,5,301.39,127.97,312.71,908.16,-1,-1,-1,-1
357,0,845.60,232.94,239.22,609.75,-1,-1,-1,-1
357,2,1511.68,165.75,199.51,643.35,-1,-1,-1,-1
357,3,1216.40,37.57,462.38,1027.32,-1,-1,-1,-1
357,5,290.85,114.67,303.65,939.20,-1,-1,-1,-1
358,0,833.81,231.04,245.72,617.01,-1,-1,-1,-1
358,2,1504.18,187.58,180.92,583.41,-1,-1,-1,-1
358,3,1255.59,40.32,474.52,1023.66,-1,-1,-1,-1
358,5,276.31,104.45,299.22,959.69,-1,-1,-1,-1
359,0,825.50,235.47,249.26,618.73,-1,-1,-1,-1
359,2,1496.67,209.41,162.33,523.47,-1,-1,-1,-1
359,3,1278.74,42.31,503.98,1021.85,-1,-1,-1,-1
359,5,253.46,92.69,310.38,985.16,-1,-1,-1,-1
360,0,816.36,224.63,255.14,642.57,-1,-1,-1,-1
360,2,1489.16,231.23,143.73,463.53,-1,-1,-1,-1
360,3,1320.09,43.40,503.16,1020.13,-1,-1,-1,-1
360,5,230.54,92.43,323.43,990.86,-1,-1,-1,-1
361,0,812.23,222.51,257.58,655.38,-1,-1,-1,-1
361,2,1481.66,253.06,125.14,403.59,-1,-1,-1,-1
361,3,1331.46,41.26,512.56,1018.63,-1,-1,-1,-1
361,5,203.63,100.05,338.29,978.40,-1,-1,-1,-1
362,0,809.77,219.45,259.27,670.19,-1,-1,-1,-1
362,3,1338.57,44.00,519.34,1016.55,-1,-1,-1,-1
362,5,174.53,103.95,355.21,975.31,-1,-1,-1,-1
363,0,809.74,215.99,261.53,682.16,-1,-1,-1,-1
363,3,1325.07,66.55,537.44,988.84,-1,-1,-1,-1
363,5,139.76,107.80,380.07,967.22,-1,-1,-1,-1
364,0,813.54,211.33,262.90,690.33,-1,-1,-1,-1
364,3,1354.37,74.83,530.18,975.41,-1,-1,-1,-1
364,5,107.77,114.44,400.37,948.84,-1,-1,-1,-1
365,0,819.84,214.48,262.86,682.12,-1,-1,-1,-1
365,2,1210.48,140.11,253.89,784.24,-1,-1,-1,-1
365,3,1383.68,83.10,522.93,961.99,-1,-1,-1,-1
365,5,73.31,96.51,420.68,975.02,-1,-1,-1,-1
366,0,828.72,216.52,263.36,675.12,-1,-1,-1,-1
366,2,1181.80,135.99,256.19,800.05,-1,-1,-1,-1
366,3,1310.92,62.51,532.13,1001.82,-1,-1,-1,-1
366,5,34.14,86.23,458.41,990.18,-1,-1,-1,-1
367,0,836.24,212.70,264.07,692.21,-1,-1,-1,-1
367,2,1172.22,132.69,241.02,812.80,-1,-1,-1,-1
367,3,1327.56,74.28,501.06,995.73,-1,-1,-1,-1
367,5,8.05,77.91,483.98,998.34,-1,-1,-1,-1
368,0,840.39,211.01,267.48,706.02,-1,-1,-1,-1
368,2,1174.77,141.51,205.14,799.54,-1,-1,-1,-1
368,3,1339.92,81.05,476.97,988.48,-1,-1,-1,-1
368,5,-6.78,59.99,490.18,1022.56,-1,-1,-1,-1
369,0,842.12,208.75,275.16,724.31,-1,-1,-1,-1
369,2,1166.59,150.56,193.52,786.80,-1,-1,-1,-1
369,3,1352.19,75.78,455.09,997.18,-1,-1,-1,-1
369,5,-13.79,49.27,483.53,1028.36,-1,-1,-1,-1
370,0,842.95,204.69,282.66,743.63,-1,-1,-1,-1
370,2,1143.71,152.64,209.76,782.84,-1,-1,-1,-1
370,3,1353.74,80.76,442.64,991.22,-1,-1,-1,-1
370,5,-14.80,50.80,479.36,1018.66,-1,-1,-1,-1
371,0,844.42,205.00,285.74,751.06,-1,-1,-1,-1
371,2,1127.20,158.85,217.96,776.03,-1,-1,-1,-1
371,3,1354.29,87.55,430.77,978.90,-1,-1,-1,-1
371,5,-14.20,58.98,472.70,1003.74,-1,-1,-1,-1
372,0,844.21,202.84,285.97,770.74,-1,-1,-1,-1
372,2,1100.67,157.38,242.58,772.96,-1,-1,-1,-1
372,3,1357.73,92.56,415.57,969.67,-1,-1,-1,-1
372,5,-3.75,56.00,465.53,1003.12,-1,-1,-1,-1
373,0,844.13,204.46,285.02,771.56,-1,-1,-1,-1
373,2,1087.80,169.17,249.61,754.86,-1,-1,-1,-1
373,3,1356.74,99.95,405.89,955.33,-1,-1,-1,-1
373,5,2.49,51.71,459.57,1011.78,-1,-1,-1,-1
374,0,843.27,200.00,283.42,786.54,-1,-1,-1,-1
374,2,1080.16,174.72,243.73,743.16,-1,-1,-1,-1
374,3,1355.57,108.33,391.69,943.34,-1,-1,-1,-1
374,5,2.75,45.03,473.76,1024.69,-1,-1,-1,-1
375,0,840.72,187.90,285.73,811.72,-1,-1,-1,-1
375,2,1075.18,169.56,223.54,748.38,-1,-1,-1,-1
375,3,1352.44,109.51,378.13,947.18,-1,-1,-1,-1
375,5,7.30,32.99,484.68,1038.84,-1,-1,-1,-1
376,0,833.45,187.34,306.38,807.39,-1,-1,-1,-1
376,2,1063.59,167.23,198.95,746.63,-1,-1,-1,-1
376,3,1344.69,116.28,376.64,939.00,-1,-1,-1,-1
376,5,22.19,22.42,493.99,1050.66,-1,-1,-1,-1
377,0,830.92,185.81,332.67,810.55,-1,-1,-1,-1
377,2,1061.61,178.17,161.54,729.04,-1,-1,-1,-1
377,3,1339.72,111.30,363.47,949.15,-1,-1,-1,-1
377,5,58.55,12.40,488.73,1065.67,-1,-1,-1,-1
378,0,836.77,175.20,348.29,835.55,-1,-1,-1,-1
378,2,1044.38,183.28,159.41,719.56,-1,-1,-1,-1
378,3,1327.92,111.79,361.83,948.99,-1,-1,-1,-1
378,5,63.78,3.29,494.61,1078.42,-1,-1,-1,-1
379,0,850.03,167.24,343.93,857.09,-1,-1,-1,-1
379,2,1027.15,188.40,157.29,710.08,-1,-1,-1,-1
379,3,1321.25,117.53,353.05,936.46,-1,-1,-1,-1
379,5,69.01,-5.82,500.49,1091.17,-1,-1,-1,-1
380,0,861.12,174.88,338.20,847.41,-1,-1,-1,-1
380,2,1009.92,193.51,155.16,700.59,-1,-1,-1,-1
380,3,1314.05,129.38,346.38,919.55,-1,-1,-1,-1
380,5,74.23,-14.92,506.37,1103.93,-1,-1,-1,-1
381,0,868.89,178.51,333.83,838.48,-1,-1,-1,-1
381,2,992.68,198.63,153.03,691.11,-1,-1,-1,-1
381,3,1302.49,131.62,343.10,916.57,-1,-1,-1,-1
381,5,79.46,-24.03,512.26,1116.68,-1,-1,-1,-1
382,0,866.58,166.75,348.02,868.42,-1,-1,-1,-1
382,3,1299.10,137.08,332.13,904.51,-1,-1,-1,-1
383,0,856.14,156.50,377.90,883.53,-1,-1,-1,-1
383,3,1294.45,143.29,322.13,886.08,-1,-1,-1,-1
383,5,210.09,261.10,183.08,561.11,-1,-1,-1,-1
384,0,889.59,159.92,349.50,878.53,-1,-1,-1,-1
384,2,841.60,182.28,198.78,744.55,-1,-1,-1,-1
384,3,1289.13,150.30,310.15,872.72,-1,-1,-1,-1
384,5,221.62,240.23,212.80,585.83,-1,-1,-1,-1
385,0,920.51,163.66,324.17,868.04,-1,-1,-1,-1
385,2,818.34,179.68,187.80,737.08,-1,-1,-1,-1
385,3,1282.63,151.61,304.06,878.62,-1,-1,-1,-1
385,5,231.54,259.25,204.14,542.30,-1,-1,-1,-1
386,0,951.02,173.70,300.20,856.72,-1,-1,-1,-1
386,2,789.86,174.05,190.40,744.44,-1,-1,-1,-1
386,3,1273.43,156.21,296.23,876.77,-1,-1,-1,-1
386,5,249.80,254.52,211.01,535.66,-1,-1,-1,-1
387,0,969.28,176.38,285.96,847.45,-1,-1,-1,-1
387,2,764.14,169.31,198.88,758.21,-1,-1,-1,-1
387,3,1264.99,158.70,292.31,864.70,-1,-1,-1,-1
387,5,280.47,238.93,195.02,557.01,-1,-1,-1,-1
388,0,986.38,174.68,268.67,849.09,-1,-1,-1,-1
388,2,745.21,158.66,203.43,781.30,-1,-1,-1,-1
388,3,1255.25,166.51,287.81,836.25,-1,-1,-1,-1
388,5,309.32,235.70,181.83,555.24,-1,-1,-1,-1
389,0,1001.82,178.68,248.91,836.86,-1,-1,-1,-1
389,2,624.36,57.94,332.16,976.11,-1,-1,-1,-1
389,3,1244.99,172.86,284.88,804.44,-1,-1,-1,-1
389,5,330.62,236.21,186.68,549.25,-1,-1,-1,-1
390,0,1014.13,163.16,237.60,865.11,-1,-1,-1,-1
390,2,577.90,10.19,364.54,1071.25,-1,-1,-1,-1
390,3,1238.03,173.73,279.90,788.99,-1,-1,-1,-1
390,5,349.16,240.01,199.88,547.05,-1,-1,-1,-1
391,0,1032.21,161.46,221.55,872.66,-1,-1,-1,-1
391,2,531.44,-37.57,396.92,1166.39,-1,-1,-1,-1
391,3,1231.02,176.16,276.86,782.54,-1,-1,-1,-1
391,5,364.68,239.60,236.84,551.30,-1,-1,-1,-1
392,0,1047.15,166.74,209.67,857.29,-1,-1,-1,-1
392,2,583.81,119.05,217.23,856.08,-1,-1,-1,-1
392,3,1221.34,186.27,273.73,768.29,-1,-1,-1,-1
392,5,395.65,235.05,242.69,558.61,-1,-1,-1,-1
393,0,1036.55,150.02,240.57,873.01,-1,-1,-1,-1
393,2,568.50,190.47,180.95,672.10,-1,-1,-1,-1
393,3,1212.99,187.10,269.49,768.71,-1,-1,-1,-1
393,5,425.87,231.37,214.77,567.61,-1,-1,-1,-1
394,0,931.83,68.67,384.60,988.05,-1,-1,-1,-1
394,2,497.70,189.03,238.77,718.55,-1,-1,-1,-1
394,3,1213.22,188.96,261.86,747.51,-1,-1,-1,-1
394,5,455.68,236.55,174.66,525.08,-1,-1,-1,-1
395,0,898.31,22.80,446.29,1045.68,-1,-1,-1,-1
395,2,463.10,185.53,266.84,741.02,-1,-1,-1,-1
395,3,1219.53,184.99,248.04,743.20,-1,-1,-1,-1
395,5,478.65,240.65,169.41,509.28,-1,-1,-1,-1
396,0,910.31,8.79,444.98,1066.05,-1,-1,-1,-1
396,2,413.86,179.39,319.34,760.23,-1,-1,-1,-1
396,3,1220.22,187.42,247.76,738.35,-1,-1,-1,-1
396,5,501.61,244.75,164.16,493.49,-1,-1,-1,-1
397,0,937.72,-6.56,452.52,1081.11,-1,-1,-1,-1
397,2,390.53,193.50,339.40,750.14,-1,-1,-1,-1
397,3,1258.77,221.66,192.55,580.24,-1,-1,-1,-1
397,5,524.57,248.85,158.91,477.70,-1,-1,-1,-1
398,0,974.80,-9.48,442.01,1072.70,-1,-1,-1,-1
398,2,385.07,206.96,335.27,737.57,-1,-1,-1,-1
398,3,1268.58,248.91,167.42,504.52,-1,-1,-1,-1
398,5,547.53,252.95,153.66,461.90,-1,-1,-1,-1
399,0,995.73,-9.39,449.50,1070.26,-1,-1,-1,-1
399,2,379.33,209.53,353.82,716.47,-1,-1,-1,-1
399,3,1278.38,276.16,142.28,428.79,-1,-1,-1,-1
399,5,543.95,258.16,238.19,531.28,-1,-1,-1,-1
400,0,1008.07,-18.57,452.04,1076.22,-1,-1,-1,-1
400,2,371.63,194.56,303.85,743.19,-1,-1,-1,-1
400,3,1288.18,303.42,117.15,353.07,-1,-1,-1,-1
400,5,547.71,232.67,270.32,579.73,-1,-1,-1,-1
401,0,1020.42,-27.74,454.58,1082.18,-1,-1,-1,-1
401,2,340.92,197.33,283.55,742.96,-1,-1,-1,-1
401,3,1297.99,330.67,92.02,277.35,-1,-1,-1,-1
401,5,564.30,223.70,263.30,602.71,-1,-1,-1,-1
402,0,1032.77,-36.92,457.12,1088.15,-1,-1,-1,-1
402,2,293.21,194.95,300.66,746.38,-1,-1,-1,-1
402,3,1135.53,83.40,477.87,985.98,-1,-1,-1,-1
402,5,579.92,217.32,251.36,617.47,-1,-1,-1,-1
403,0,1058.30,127.59,253.00,893.55,-1,-1,-1,-1
403,2,219.87,197.58,353.79,746.83,-1,-1,-1,-1
403,3,1118.11,49.42,516.45,1065.50,-1,-1,-1,-1
403,5,597.43,219.92,235.28,608.23,-1,-1,-1,-1
404,0,1049.69,153.43,258.33,886.79,-1,-1,-1,-1
404,2,161.41,201.54,392.92,742.75,-1,-1,-1,-1
404,3,1219.44,110.75,289.05,925.19,-1,-1,-1,-1
404,5,613.40,218.28,221.28,611.14,-1,-1,-1,-1
405,0,1049.32,170.79,279.89,865.72,-1,-1,-1,-1
405,2,124.56,201.51,401.09,747.71,-1,-1,-1,-1
405,3,1243.06,203.44,202.00,719.11,-1,-1,-1,-1
405,5,626.14,217.37,214.33,614.15,-1,-1,-1,-1
406,0,1053.88,171.13,270.62,881.63,-1,-1,-1,-1
406,2,120.52,202.30,373.78,743.01,-1,-1,-1,-1
406,3,1235.31,227.81,177.57,624.11,-1,-1,-1,-1
406,5,638.37,209.85,216.29,629.97,-1,-1,-1,-1
407,0,1055.98,166.52,265.43,894.21,-1,-1,-1,-1
407,2,145.96,205.79,321.70,726.04,-1,-1,-1,-1
407,3,1224.11,224.44,175.04,602.03,-1,-1,-1,-1
407,5,651.69,209.67,221.88,639.55,-1,-1,-1,-1
408,0,1051.40,173.96,293.92,888.64,-1,-1,-1,-1
408,2,168.90,205.96,291.94,716.76,-1,-1,-1,-1
408,3,1220.26,226.92,169.73,570.25,-1,-1,-1,-1
408,5,665.36,213.74,236.59,635.05,-1,-1,-1,-1
408,17,1408.32,24.95,516.33,1045.71,-1,-1,-1,-1
409,0,1049.68,178.22,313.77,878.05,-1,-1,-1,-1
409,2,184.54,206.92,278.38,706.46,-1,-1,-1,-1
409,3,1215.62,218.30,174.86,570.89,-1,-1,-1,-1
409,5,682.84,219.18,240.72,630.28,-1,-1,-1,-1
409,17,1430.47,38.83,498.36,1033.58,-1,-1,-1,-1
410,0,1049.85,174.47,318.95,886.37,-1,-1,-1,-1
410,2,192.90,207.70,278.43,697.02,-1,-1,-1,-1
410,3,1212.42,211.34,175.15,567.83,-1,-1,-1,-1
410,5,700.89,216.26,235.05,640.54,-1,-1,-1,-1
410,17,1442.54,14.86,489.87,1062.98,-1,-1,-1,-1
411,0,1046.31,175.79,330.97,876.40,-1,-1,-1,-1
411,2,194.29,203.63,280.70,699.01,-1,-1,-1,-1
411,3,1207.72,213.41,177.24,566.72,-1,-1,-1,-1
411,5,718.89,215.63,223.51,641.07,-1,-1,-1,-1
411,17,1450.57,47.10,490.47,1016.15,-1,-1,-1,-1
412,0,1047.34,177.82,308.28,872.74,-1,-1,-1,-1
412,2,198.48,203.33,286.77,694.12,-1,-1,-1,-1
412,3,1201.92,212.85,183.93,570.02,-1,-1,-1,-1
412,5,735.04,216.32,211.65,642.27,-1,-1,-1,-1
412,17,1478.63,69.49,453.99,989.74,-1,-1,-1,-1
413,0,1041.50,177.37,287.13,876.55,-1,-1,-1,-1
413,2,200.78,207.52,300.69,677.75,-1,-1,-1,-1
413,3,1201.05,209.92,186.60,575.28,-1,-1,-1,-1
413,5,753.25,214.17,201.55,647.24,-1,-1,-1,-1
413,17,1497.26,36.98,435.58,1030.54,-1,-1,-1,-1
414,0,1035.33,168.57,266.32,888.67,-1,-1,-1,-1
414,2,200.56,208.88,320.94,677.59,-1,-1,-1,-1
414,3,1201.81,211.15,187.05,578.18,-1,-1,-1,-1
414,5,773.04,205.14,195.52,661.98,-1,-1,-1,-1
414,17,1523.64,36.53,408.21,1022.94,-1,-1,-1,-1
415,0,1025.93,164.56,255.00,892.38,-1,-1,-1,-1
415,2,211.90,212.83,319.47,663.99,-1,-1,-1,-1
415,3,1203.16,215.50,186.27,570.41,-1,-1,-1,-1
415,5,784.68,198.23,219.11,669.69,-1,-1,-1,-1
415,17,1552.68,69.10,375.29,979.21,-1,-1,-1,-1
416,0,1013.71,166.02,255.73,889.72,-1,-1,-1,-1
416,2,223.59,212.29,289.66,652.32,-1,-1,-1,-1
416,3,1203.13,213.94,187.94,571.70,-1,-1,-1,-1
416,5,796.89,200.33,233.56,664.34,-1,-1,-1,-1
416,17,1568.55,54.69,362.35,1004.02,-1,-1,-1,-1
417,0,987.75,164.65,273.09,898.38,-1,-1,-1,-1
417,2,233.26,213.97,261.91,641.60,-1,-1,-1,-1
417,3,1207.43,212.12,184.68,570.67,-1,-1,-1,-1
417,5,813.18,196.06,235.59,672.76,-1,-1,-1,-1
417,17,1587.73,79.78,343.00,973.52,-1,-1,-1,-1
418,0,958.38,171.36,300.55,888.24,-1,-1,-1,-1
418,2,247.71,211.36,235.26,639.02,-1,-1,-1,-1
418,3,1216.31,216.94,176.38,554.55,-1,-1,-1,-1
418,5,822.97,193.47,233.50,685.95,-1,-1,-1,-1
418,17,1606.36,52.37,324.94,1020.07,-1,-1,-1,-1
419,0,907.77,171.03,347.92,888.06,-1,-1,-1,-1
419,2,262.78,212.07,217.69,635.11,-1,-1,-1,-1
419,3,1220.54,216.06,173.48,547.73,-1,-1,-1,-1
419,5,843.88,186.86,211.12,698.97,-1,-1,-1,-1
419,17,1619.87,35.70,313.15,1046.44,-1,-1,-1,-1
420,0,876.84,173.10,374.65,886.15,-1,-1,-1,-1
420,2,274.56,216.42,217.16,625.13,-1,-1,-1,-1
420,3,1225.67,217.13,171.78,542.09,-1,-1,-1,-1
420,5,856.73,182.09,214.32,709.57,-1,-1,-1,-1
420,17,1623.30,31.78,312.31,1043.39,-1,-1,-1,-1
421,0,879.75,177.38,354.15,879.75,-1,-1,-1,-1
421,2,289.15,221.51,227.69,616.54,-1,-1,-1,-1
421,3,1226.34,216.04,175.27,543.94,-1,-1,-1,-1
421,5,869.59,177.31,217.52,720.17,-1,-1,-1,-1
421,17,1635.02,41.03,298.02,1023.34,-1,-1,-1,-1
422,0,884.79,179.93,339.84,874.15,-1,-1,-1,-1
422,2,303.57,220.86,225.55,622.28,-1,-1,-1,-1
422,3,1236.18,218.75,166.73,537.96,-1,-1,-1,-1
422,5,882.44,172.53,220.72,730.76,-1,-1,-1,-1
422,17,1639.51,30.67,292.42,1036.50,-1,-1,-1,-1
423,0,883.43,179.14,325.14,874.08,-1,-1,-1,-1
423,2,313.72,222.75,225.78,615.29,-1,-1,-1,-1
423,3,1245.96,215.53,154.53,540.78,-1,-1,-1,-1
423,5,895.30,167.75,223.92,741.36,-1,-1,-1,-1
423,17,1648.19,44.58,281.65,1014.18,-1,-1,-1,-1
424,0,863.74,181.52,342.26,865.16,-1,-1,-1,-1
424,2,330.95,221.66,214.79,607.25,-1,-1,-1,-1
424,3,1249.37,216.17,159.67,538.79,-1,-1,-1,-1
424,17,1651.03,48.05,277.84,1019.38,-1,-1,-1,-1
425,0,829.52,183.12,405.38,843.66,-1,-1,-1,-1
425,2,358.49,221.92,189.50,594.32,-1,-1,-1,-1
425,3,1252.80,220.44,170.39,535.60,-1,-1,-1,-1
425,17,1658.74,50.78,268.20,1014.29,-1,-1,-1,-1
426,0,819.78,174.74,330.28,850.01,-1,-1,-1,-1
426,2,386.30,220.88,165.22,585.16,-1,-1,-1,-1
426,3,1261.35,214.03,163.55,548.39,-1,-1,-1,-1
426,5,989.86,201.02,245.00,656.49,-1,-1,-1,-1
426,17,1658.29,58.72,268.74,996.84,-1,-1,-1,-1
427,0,803.06,173.15,285.18,856.95,-1,-1,-1,-1
427,2,408.87,219.98,160.68,584.69,-1,-1,-1,-1
427,3,1264.52,213.31,168.37,546.00,-1,-1,-1,-1
427,5,1011.61,190.19,259.16,698.01,-1,-1,-1,-1
427,17,1662.56,54.87,262.68,992.22,-1,-1,-1,-1
428,0,785.35,174.22,265.01,864.56,-1,-1,-1,-1
428,2,419.52,225.87,180.40,571.72,-1,-1,-1,-1
428,3,1265.69,218.08,179.05,537.09,-1,-1,-1,-1
428,5,1032.70,181.39,264.61,732.61,-1,-1,-1,-1
428,17,1667.31,68.10,256.10,955.42,-1,-1,-1,-1
429,0,749.03,178.84,279.11,865.09,-1,-1,-1,-1
429,2,433.06,218.22,201.21,581.48,-1,-1,-1,-1
429,3,1269.96,218.87,184.09,533.95,-1,-1,-1,-1
429,5,1056.76,167.37,258.06,776.88,-1,-1,-1,-1
429,17,1670.35,82.75,248.31,917.07,-1,-1,-1,-1
430,0,701.72,189.78,310.45,853.14,-1,-1,-1,-1
430,2,439.80,224.38,239.77,572.30,-1,-1,-1,-1
430,3,1271.24,215.10,193.57,538.00,-1,-1,-1,-1
430,5,1078.30,171.83,248.37,773.45,-1,-1,-1,-1
430,17,1673.17,91.63,241.62,896.47,-1,-1,-1,-1
431,0,677.14,204.70,320.97,840.07,-1,-1,-1,-1
431,2,454.62,227.89,246.12,567.99,-1,-1,-1,-1
431,3,1278.22,217.45,192.91,534.05,-1,-1,-1,-1
431,5,1096.66,172.76,248.55,768.82,-1,-1,-1,-1
431,17,1662.57,83.15,254.13,912.61,-1,-1,-1,-1
432,0,663.03,215.78,328.43,826.07,-1,-1,-1,-1
432,2,478.70,229.95,229.35,561.59,-1,-1,-1,-1
432,3,1291.95,223.83,179.98,509.02,-1,-1,-1,-1
432,5,1114.79,166.67,274.22,772.55,-1,-1,-1,-1
432,17,1657.05,98.44,262.57,897.87,-1,-1,-1,-1
433,0,651.99,212.48,333.86,834.12,-1,-1,-1,-1
433,2,510.98,226.84,191.82,559.87,-1,-1,-1,-1
433,3,1307.47,221.59,170.15,493.38,-1,-1,-1,-1
433,5,1134.99,160.54,299.18,784.58,-1,-1,-1,-1
433,17,1650.86,106.56,269.81,882.57,-1,-1,-1,-1
434,0,623.36,206.60,353.94,845.57,-1,-1,-1,-1
434,2,534.34,226.26,170.72,553.79,-1,-1,-1,-1
434,3,1321.32,227.04,160.90,448.15,-1,-1,-1,-1
434,5,1151.36,161.91,337.02,790.09,-1,-1,-1,-1
434,17,1640.07,105.62,281.39,871.20,-1,-1,-1,-1
435,0,593.64,196.91,363.21,857.69,-1,-1,-1,-1
435,2,554.40,225.59,147.56,553.13,-1,-1,-1,-1
435,3,1333.65,235.27,150.79,420.01,-1,-1,-1,-1
435,5,1176.23,160.61,340.40,802.33,-1,-1,-1,-1
435,17,1628.75,112.89,287.88,851.18,-1,-1,-1,-1
436,0,577.18,197.34,345.06,858.26,-1,-1,-1,-1
436,2,563.34,229.88,141.45,536.69,-1,-1,-1,-1
436,3,1345.98,243.50,140.69,391.87,-1,-1,-1,-1
436,5,1196.26,159.47,341.31,814.70,-1,-1,-1,-1
436,17,1615.47,115.05,289.54,832.57,-1,-1,-1,-1
437,0,548.15,193.84,345.03,852.11,-1,-1,-1,-1
437,2,577.54,232.16,139.06,527.66,-1,-1,-1,-1
437,3,1358.31,251.73,130.58,363.73,-1,-1,-1,-1
437,5,1221.35,157.40,321.41,821.68,-1,-1,-1,-1
437,17,1597.43,114.79,296.84,817.94,-1,-1,-1,-1
438,0,514.55,188.52,358.39,846.89,-1,-1,-1,-1
438,2,591.74,234.44,136.67,518.64,-1,-1,-1,-1
438,3,1370.64,259.96,120.48,335.59,-1,-1,-1,-1
438,5,1246.52,144.95,307.17,844.69,-1,-1,-1,-1
438,17,1579.07,110.97,305.43,818.03,-1,-1,-1,-1
439,0,490.87,179.81,364.30,866.40,-1,-1,-1,-1
439,2,605.93,236.72,134.28,509.62,-1,-1,-1,-1
439,5,1268.22,134.64,301.17,860.02,-1,-1,-1,-1
439,17,1559.46,114.20,315.24,812.49,-1,-1,-1,-1
440,0,477.61,173.22,360.99,873.59,-1,-1,-1,-1
440,2,620.13,238.99,131.88,500.59,-1,-1,-1,-1
440,5,1279.61,131.03,302.94,864.72,-1,-1,-1,-1
440,17,1543.76,117.79,325.57,811.10,-1,-1,-1,-1
441,0,474.51,170.22,349.36,879.95,-1,-1,-1,-1
441,5,1284.56,127.21,322.84,881.78,-1,-1,-1,-1
441,17,1553.27,116.92,304.45,810.80,-1,-1,-1,-1
442,0,476.95,179.22,339.03,866.33,-1,-1,-1,-1
442,5,1283.30,130.42,365.33,883.39,-1,-1,-1,-1
442,17,1567.34,130.73,274.67,782.93,-1,-1,-1,-1
443,0,486.41,190.95,332.12,852.07,-1,-1,-1,-1
443,5,1293.91,126.66,384.47,910.96,-1,-1,-1,-1
443,17,1578.90,146.04,252.68,757.15,-1,-1,-1,-1
444,0,496.09,194.21,331.15,840.14,-1,-1,-1,-1
444,2,726.05,218.46,144.60,546.22,-1,-1,-1,-1
444,5,1305.09,125.58,399.07,927.24,-1,-1,-1,-1
444,17,1586.22,159.62,232.14,680.78,-1,-1,-1,-1
445,0,502.62,195.87,343.84,842.80,-1,-1,-1,-1
445,2,745.31,225.60,154.47,534.73,-1,-1,-1,-1
445,5,1314.04,126.75,414.76,933.19,-1,-1,-1,-1
445,17,1594.71,166.19,211.70,643.12,-1,-1,-1,-1
446,0,510.12,193.12,351.10,841.91,-1,-1,-1,-1
446,2,758.60,230.18,172.67,531.37,-1,-1,-1,-1
446,5,1319.93,110.20,434.13,967.91,-1,-1,-1,-1
446,17,1602.66,179.52,188.17,543.09,-1,-1,-1,-1
447,0,522.36,191.41,311.09,838.21,-1,-1,-1,-1
447,2,774.55,223.14,175.74,543.27,-1,-1,-1,-1
447,5,1329.88,95.09,421.38,991.70,-1,-1,-1,-1
447,17,1604.36,173.04,172.37,509.29,-1,-1,-1,-1
448,0,524.72,190.46,288.55,829.10,-1,-1,-1,-1
448,2,786.90,221.17,179.94,550.23,-1,-1,-1,-1
448,5,1333.11,92.44,411.73,996.65,-1,-1,-1,-1
448,17,1598.86,168.81,168.00,483.08,-1,-1,-1,-1
449,0,521.55,189.51,279.99,821.80,-1,-1,-1,-1
449,2,809.14,213.51,164.69,558.31,-1,-1,-1,-1
449,5,1332.18,93.11,410.69,989.06,-1,-1,-1,-1
449,17,1600.53,173.24,154.22,443.47,-1,-1,-1,-1
450,0,516.86,187.04,277.52,820.39,-1,-1,-1,-1
450,2,826.81,219.74,158.23,541.01,-1,-1,-1,-1
450,5,1329.41,96.22,410.95,983.53,-1,-1,-1,-1
450,17,1602.20,177.68,140.44,403.86,-1,-1,-1,-1
451,0,512.45,185.60,276.68,824.07,-1,-1,-1,-1
451,2,839.81,218.74,163.04,536.98,-1,-1,-1,-1
451,5,1328.38,93.29,403.71,987.80,-1,-1,-1,-1
451,17,1566.59,154.00,159.27,502.26,-1,-1,-1,-1
452,0,501.54,188.15,286.58,815.98,-1,-1,-1,-1
452,2,849.00,216.91,170.72,543.98,-1,-1,-1,-1
452,5,1330.86,94.06,395.45,983.78,-1,-1,-1,-1
452,17,1557.20,144.97,159.96,504.48,-1,-1,-1,-1
453,0,497.31,183.95,291.16,823.74,-1,-1,-1,-1
453,2,858.18,217.38,187.87,546.60,-1,-1,-1,-1
453,5,1331.31,93.29,391.36,971.12,-1,-1,-1,-1
453,17,1547.81,135.93,160.66,506.71,-1,-1,-1,-1
454,0,493.28,183.70,298.39,824.95,-1,-1,-1,-1
454,2,867.27,215.03,212.55,552.30,-1,-1,-1,-1
454,5,1330.83,97.42,389.13,962.10,-1,-1,-1,-1
454,17,1538.42,126.90,161.35,508.93,-1,-1,-1,-1
455,0,490.85,185.06,300.97,820.61,-1,-1,-1,-1
455,2,880.71,210.84,209.32,563.31,-1,-1,-1,-1
455,5,1327.76,77.51,392.12,991.92,-1,-1,-1,-1
455,17,1529.04,117.86,162.05,511.16,-1,-1,-1,-1
456,0,487.90,192.42,293.84,804.92,-1,-1,-1,-1
456,2,889.90,215.98,217.83,557.76,-1,-1,-1,-1
456,5,1324.63,56.64,384.41,1022.78,-1,-1,-1,-1
457,0,485.98,197.27,284.55,793.10,-1,-1,-1,-1
457,2,906.34,219.46,212.25,552.86,-1,-1,-1,-1
457,5,1304.65,61.27,385.22,1013.89,-1,-1,-1,-1
458,0,484.24,199.62,275.77,789.23,-1,-1,-1,-1
458,2,930.80,218.13,184.30,554.47,-1,-1,-1,-1
458,5,1281.02,62.62,381.73,1004.60,-1,-1,-1,-1
459,0,485.07,200.85,266.96,784.31,-1,-1,-1,-1
459,2,952.89,208.75,174.67,567.64,-1,-1,-1,-1
459,5,1253.59,67.37,385.61,992.81,-1,-1,-1,-1
460,0,487.10,199.50,260.52,783.86,-1,-1,-1,-1
460,2,974.30,207.63,171.51,565.99,-1,-1,-1,-1
460,5,1234.00,51.46,384.28,1014.49,-1,-1,-1,-1
460,17,1458.04,168.50,180.67,561.77,-1,-1,-1,-1
461,0,489.06,201.74,260.64,782.97,-1,-1,-1,-1
461,2,992.93,212.03,173.93,555.01,-1,-1,-1,-1
461,5,1207.59,70.08,412.24,985.96,-1,-1,-1,-1
461,17,1446.03,168.40,183.24,569.79,-1,-1,-1,-1
462,0,492.62,200.15,249.01,784.51,-1,-1,-1,-1
462,2,1014.04,208.06,167.38,556.30,-1,-1,-1,-1
462,5,1172.27,70.58,428.15,986.93,-1,-1,-1,-1
462,17,1417.43,153.31,222.07,697.26,-1,-1,-1,-1
463,0,498.37,199.61,237.52,784.96,-1,-1,-1,-1
463,2,1027.33,209.79,168.65,548.47,-1,-1,-1,-1
463,5,1146.18,74.60,398.45,972.99,-1,-1,-1,-1
463,17,1391.93,150.02,253.37,751.16,-1,-1,-1,-1
464,0,508.24,197.70,224.69,787.77,-1,-1,-1,-1
464,2,1051.03,210.15,144.33,542.90,-1,-1,-1,-1
464,5,1113.97,75.66,361.04,968.10,-1,-1,-1,-1
464,17,1361.10,148.79,294.35,794.22,-1,-1,-1,-1
465,0,511.73,193.26,226.35,792.60,-1,-1,-1,-1
465,2,1067.13,211.07,143.02,538.04,-1,-1,-1,-1
465,5,1087.13,72.88,316.62,978.60,-1,-1,-1,-1
465,17,1333.84,146.48,329.26,827.16,-1,-1,-1,-1
466,0,515.48,189.85,229.03,794.26,-1,-1,-1,-1
466,2,1083.23,211.99,141.71,533.17,-1,-1,-1,-1
466,5,1052.50,47.39,295.94,1017.46,-1,-1,-1,-1
466,17,1329.67,152.69,336.02,840.90,-1,-1,-1,-1
467,0,528.16,198.26,222.96,779.35,-1,-1,-1,-1
467,2,1099.33,212.91,140.41,528.31,-1,-1,-1,-1
467,5,981.93,113.04,322.86,936.01,-1,-1,-1,-1
467,17,1345.55,165.20,323.52,827.18,-1,-1,-1,-1
468,0,539.08,195.38,226.52,785.41,-1,-1,-1,-1
468,2,1115.43,213.83,139.10,523.45,-1,-1,-1,-1
468,5,927.62,83.91,341.17,969.23,-1,-1,-1,-1
468,17,1360.07,166.13,320.30,833.85,-1,-1,-1,-1
469,0,550.63,191.81,229.84,788.21,-1,-1,-1,-1
469,2,1140.90,211.92,168.39,537.22,-1,-1,-1,-1
469,5,876.25,77.09,358.31,973.07,-1,-1,-1,-1
469,17,1365.43,164.47,329.94,839.88,-1,-1,-1,-1
469,19,1203.56,198.33,208.86,559.63,-1,-1,-1,-1
470,0,567.78,192.74,223.98,789.70,-1,-1,-1,-1
470,2,1159.86,211.70,168.13,536.41,-1,-1,-1,-1
470,5,854.62,60.30,336.68,996.19,-1,-1,-1,-1
470,17,1372.02,156.89,334.51,853.88,-1,-1,-1,-1
470,19,1161.69,195.38,241.79,580.98,-1,-1,-1,-1
471,0,578.92,189.20,228.68,794.57,-1,-1,-1,-1
471,2,1178.81,211.48,167.87,535.60,-1,-1,-1,-1
471,5,820.48,53.79,340.71,1006.52,-1,-1,-1,-1
471,17,1376.07,151.50,336.41,865.86,-1,-1,-1,-1
471,19,1139.15,202.40,259.33,586.53,-1,-1,-1,-1
472,0,591.42,188.11,224.73,795.90,-1,-1,-1,-1
472,2,1197.77,211.26,167.62,534.79,-1,-1,-1,-1
472,5,776.16,43.01,355.38,1022.34,-1,-1,-1,-1
472,17,1378.22,145.89,337.61,881.99,-1,-1,-1,-1
472,19,1140.75,207.30,250.68,583.86,-1,-1,-1,-1
473,0,611.26,185.13,205.30,814.14,-1,-1,-1,-1
473,2,1216.72,211.05,167.36,533.98,-1,-1,-1,-1
473,5,705.69,57.10,389.89,996.90,-1,-1,-1,-1
473,17,1381.12,144.56,333.04,893.23,-1,-1,-1,-1
473,19,1149.44,200.62,236.81,602.40,-1,-1,-1,-1
474,0,615.66,154.45,232.60,857.83,-1,-1,-1,-1
474,5,664.55,52.16,364.11,1005.83,-1,-1,-1,-1
474,17,1376.06,139.70,334.83,907.81,-1,-1,-1,-1
474,19,1146.81,205.12,242.06,599.08,-1,-1,-1,-1
475,0,623.08,141.03,239.28,882.61,-1,-1,-1,-1
475,5,625.18,66.84,352.69,963.31,-1,-1,-1,-1
475,17,1373.00,140.02,321.84,911.12,-1,-1,-1,-1
475,19,1140.79,200.47,253.23,599.12,-1,-1,-1,-1
476,0,630.50,127.62,245.97,907.39,-1,-1,-1,-1
476,2,1136.81,195.65,164.06,557.07,-1,-1,-1,-1
476,5,570.26,74.16,366.34,934.73,-1,-1,-1,-1
476,17,1366.00,143.08,314.95,909.82,-1,-1,-1,-1
476,19,1127.97,196.15,268.76,598.10,-1,-1,-1,-1
477,0,637.92,114.20,252.65,932.17,-1,-1,-1,-1
477,2,1112.40,194.68,179.10,544.56,-1,-1,-1,-1
477,5,529.45,79.00,378.90,921.73,-1,-1,-1,-1
477,17,1361.73,138.07,301.60,919.27,-1,-1,-1,-1
477,19,1120.06,196.65,269.17,599.00,-1,-1,-1,-1
478,0,645.34,100.79,259.34,956.94,-1,-1,-1,-1
478,2,1095.05,196.14,183.60,538.80,-1,-1,-1,-1
478,5,465.34,82.06,434.67,940.54,-1,-1,-1,-1
478,17,1348.90,136.16,298.96,920.68,-1,-1,-1,-1
478,19,1197.21,192.33,203.63,605.00,-1,-1,-1,-1
479,0,760.99,220.65,138.56,548.44,-1,-1,-1,-1
479,2,1064.56,193.08,206.84,548.07,-1,-1,-1,-1
479,5,415.96,86.52,477.51,955.07,-1,-1,-1,-1
479,17,1307.96,137.42,334.25,923.18,-1,-1,-1,-1
479,19,1197.96,191.50,204.57,607.78,-1,-1,-1,-1
480,0,763.98,200.33,168.97,708.81,-1,-1,-1,-1
480,2,1043.73,191.92,223.88,554.12,-1,-1,-1,-1
480,5,393.16,88.81,493.44,961.32,-1,-1,-1,-1
480,17,1291.30,136.27,334.16,925.43,-1,-1,-1,-1
480,19,1198.72,190.67,205.51,610.56,-1,-1,-1,-1
481,0,769.88,189.76,189.88,745.60,-1,-1,-1,-1
481,2,1017.22,193.24,246.62,556.58,-1,-1,-1,-1
481,5,374.70,105.33,473.34,956.06,-1,-1,-1,-1
481,17,1279.35,135.01,329.23,926.04,-1,-1,-1,-1
481,19,1199.47,189.83,206.45,613.34,-1,-1,-1,-1
482,0,778.75,196.16,216.32,754.26,-1,-1,-1,-1
482,2,1004.57,198.42,253.03,549.68,-1,-1,-1,-1
482,5,354.82,112.92,442.31,950.81,-1,-1,-1,-1
482,17,1273.82,130.06,317.20,932.85,-1,-1,-1,-1
482,19,1200.22,189.00,207.39,616.13,-1,-1,-1,-1
483,0,785.15,202.00,253.26,748.73,-1,-1,-1,-1
483,2,993.13,203.95,253.26,542.22,-1,-1,-1,-1
483,5,336.21,111.25,424.01,957.86,-1,-1,-1,-1
483,17,1260.25,122.51,325.29,951.31,-1,-1,-1,-1
484,0,802.17,198.24,273.66,755.14,-1,-1,-1,-1
484,2,989.37,206.95,234.39,540.34,-1,-1,-1,-1
484,5,316.55,111.65,411.60,965.57,-1,-1,-1,-1
484,17,1242.21,117.28,336.34,963.01,-1,-1,-1,-1
485,0,816.93,206.60,300.66,738.20,-1,-1,-1,-1
485,2,983.33,208.35,212.43,539.51,-1,-1,-1,-1
485,5,303.51,118.75,401.85,960.77,-1,-1,-1,-1
485,17,1234.54,118.36,334.92,961.95,-1,-1,-1,-1
486,0,824.62,200.15,321.64,749.00,-1,-1,-1,-1
486,2,981.45,209.21,169.90,541.83,-1,-1,-1,-1
486,5,293.50,114.57,390.82,967.62,-1,-1,-1,-1
486,17,1217.99,126.67,340.46,951.73,-1,-1,-1,-1
486,19,1330.08,149.65,258.95,777.37,-1,-1,-1,-1
487,0,841.40,200.54,315.87,749.72,-1,-1,-1,-1
487,2,968.32,210.37,169.87,541.75,-1,-1,-1,-1
487,5,285.51,128.63,380.76,940.20,-1,-1,-1,-1
487,17,1198.74,134.92,341.11,943.19,-1,-1,-1,-1
487,19,1372.08,164.22,235.90,734.63,-1,-1,-1,-1
488,0,855.57,196.21,307.02,751.13,-1,-1,-1,-1
488,2,955.19,211.54,169.84,541.66,-1,-1,-1,-1
488,5,274.54,133.11,375.53,934.00,-1,-1,-1,-1
488,17,1188.09,126.37,336.13,955.24,-1,-1,-1,-1
488,19,1386.81,169.98,231.35,727.10,-1,-1,-1,-1
489,0,880.17,205.43,278.50,734.05,-1,-1,-1,-1
489,2,942.05,212.70,169.80,541.58,-1,-1,-1,-1
489,5,258.71,149.11,380.93,911.67,-1,-1,-1,-1
489,17,1179.89,125.40,317.62,952.77,-1,-1,-1,-1
489,19,1401.43,164.16,221.88,745.76,-1,-1,-1,-1
490,0,877.91,205.40,289.79,726.52,-1,-1,-1,-1
490,2,928.92,213.87,169.77,541.49,-1,-1,-1,-1
490,5,240.93,150.41,383.34,914.81,-1,-1,-1,-1
490,17,1169.99,121.29,295.81,954.19,-1,-1,-1,-1
490,19,1402.76,153.48,225.52,772.73,-1,-1,-1,-1
491,0,861.41,207.89,319.03,720.34,-1,-1,-1,-1
491,5,225.08,156.06,377.16,907.87,-1,-1,-1,-1
491,17,1150.99,132.67,284.66,935.79,-1,-1,-1,-1
491,19,1403.23,157.12,222.41,768.14,-1,-1,-1,-1
492,0,888.89,212.08,277.76,708.50,-1,-1,-1,-1
492,2,822.65,205.76,233.56,583.52,-1,-1,-1,-1
492,5,209.08,150.61,376.20,915.27,-1,-1,-1,-1
492,17,1131.02,118.15,278.53,953.32,-1,-1,-1,-1
492,19,1398.45,161.54,220.05,759.67,-1,-1,-1,-1
493,0,924.20,206.06,238.85,702.64,-1,-1,-1,-1
493,2,802.95,220.09,246.31,573.56,-1,-1,-1,-1
493,5,193.50,146.37,385.95,920.80,-1,-1,-1,-1
493,17,1077.62,115.54,321.90,943.92,-1,-1,-1,-1
493,19,1383.60,152.29,223.77,779.48,-1,-1,-1,-1
494,0,959.14,211.75,203.15,695.69,-1,-1,-1,-1
494,2,803.46,210.62,222.83,593.59,-1,-1,-1,-1
494,5,182.66,150.04,387.52,913.13,-1,-1,-1,-1
494,17,1032.59,113.42,342.61,951.38,-1,-1,-1,-1
494,19,1370.39,148.75,234.53,777.38,-1,-1,-1,-1
495,0,972.74,213.96,201.01,688.40,-1,-1,-1,-1
495,2,798.58,203.14,184.46,609.46,-1,-1,-1,-1
495,5,173.40,149.96,389.23,911.97,-1,-1,-1,-1
495,17,1006.19,115.15,342.10,953.96,-1,-1,-1,-1
495,19,1356.67,144.32,251.44,788.25,-1,-1,-1,-1
496,0,986.33,216.18,198.86,681.10,-1,-1,-1,-1
496,2,782.74,202.02,166.82,606.34,-1,-1,-1,-1
496,5,170.94,148.16,387.10,912.04,-1,-1,-1,-1
496,17,990.53,109.12,333.42,963.00,-1,-1,-1,-1
496,19,1347.30,140.33,253.79,803.37,-1,-1,-1,-1
497,0,999.93,218.39,196.71,673.80,-1,-1,-1,-1
497,2,751.74,201.78,179.06,604.14,-1,-1,-1,-1
497,5,179.38,154.38,366.85,901.44,-1,-1,-1,-1
497,17,968.03,120.74,341.84,949.48,-1,-1,-1,-1
497,19,1339.67,138.06,251.22,813.46,-1,-1,-1,-1
498,0,1013.53,220.60,194.57,666.51,-1,-1,-1,-1
498,2,712.16,198.72,202.84,606.85,-1,-1,-1,-1
498,5,187.91,157.64,350.75,896.25,-1,-1,-1,-1
498,17,951.74,116.41,344.48,954.67,-1,-1,-1,-1
498,19,1331.11,132.08,251.05,827.40,-1,-1,-1,-1
499,2,677.60,205.93,226.92,595.12,-1,-1,-1,-1
499,5,196.11,170.06,341.05,857.21,-1,-1,-1,-1
499,17,940.86,113.53,331.49,961.38,-1,-1,-1,-1
499,19,1323.33,130.47,229.00,838.59,-1,-1,-1,-1
500,2,648.71,205.92,250.30,594.27,-1,-1,-1,-1
500,5,214.21,181.96,321.34,810.63,-1,-1,-1,-1
500,17,922.99,130.64,333.67,938.83,-1,-1,-1,-1
500,19,1310.20,134.58,209.82,833.63,-1,-1,-1,-1
501,0,1070.24,226.14,189.42,653.94,-1,-1,-1,-1
501,2,633.34,203.34,255.44,601.32,-1,-1,-1,-1
501,5,233.36,183.40,304.73,797.66,-1,-1,-1,-1
501,17,904.62,121.14,339.01,945.19,-1,-1,-1,-1
501,19,1267.40,146.46,234.88,812.06,-1,-1,-1,-1
502,0,1080.61,225.04,193.67,646.70,-1,-1,-1,-1
502,2,617.54,203.20,261.14,605.24,-1,-1,-1,-1
502,5,256.61,176.92,284.19,806.85,-1,-1,-1,-1
502,17,872.15,112.40,341.52,960.98,-1,-1,-1,-1
502,19,1228.61,150.26,248.80,797.59,-1,-1,-1,-1
503,0,1084.20,215.29,200.92,647.52,-1,-1,-1,-1
503,2,608.66,202.67,243.83,607.04,-1,-1,-1,-1
503,5,279.89,173.72,266.83,815.10,-1,-1,-1,-1
503,17,842.61,110.70,312.37,961.12,-1,-1,-1,-1
503,19,1188.24,149.25,277.36,798.99,-1,-1,-1,-1
504,0,1091.65,199.45,201.17,680.90,-1,-1,-1,-1
504,2,594.19,208.93,235.73,595.83,-1,-1,-1,-1
504,5,303.44,176.11,247.74,799.75,-1,-1,-1,-1
504,17,806.09,110.09,299.84,956.79,-1,-1,-1,-1
504,19,1129.39,156.47,332.87,792.63,-1,-1,-1,-1
505,0,1101.69,190.20,205.38,695.18,-1,-1,-1,-1
505,2,582.05,209.69,234.36,592.59,-1,-1,-1,-1
505,5,320.82,181.68,237.51,787.06,-1,-1,-1,-1
505,17,772.74,123.75,300.78,926.68,-1,-1,-1,-1
505,19,1099.21,154.53,346.41,807.17,-1,-1,-1,-1
506,0,1111.72,180.95,209.58,709.46,-1,-1,-1,-1
506,2,568.07,205.00,243.90,600.13,-1,-1,-1,-1
506,5,338.55,178.13,232.34,789.45,-1,-1,-1,-1
506,17,736.41,123.48,310.50,926.28,-1,-1,-1,-1
506,19,1080.77,151.51,352.73,814.14,-1,-1,-1,-1
507,0,1121.75,171.70,213.78,723.74,-1,-1,-1,-1
507,2,565.92,199.74,229.44,608.57,-1,-1,-1,-1
507,5,354.80,175.06,233.09,794.76,-1,-1,-1,-1
507,17,704.12,128.93,321.70,926.06,-1,-1,-1,-1
507,19,1072.08,148.85,334.47,817.10,-1,-1,-1,-1
508,0,1131.78,162.45,217.98,738.02,-1,-1,-1,-1
508,2,568.86,199.12,212.66,607.80,-1,-1,-1,-1
508,5,370.41,175.02,238.72,800.52,-1,-1,-1,-1
508,17,667.00,145.02,342.91,914.03,-1,-1,-1,-1
508,19,1078.40,157.95,273.80,786.36,-1,-1,-1,-1
509,2,579.32,195.69,187.60,607.78,-1,-1,-1,-1
509,5,382.23,177.75,245.54,787.11,-1,-1,-1,-1
509,17,620.23,125.79,378.73,942.75,-1,-1,-1,-1
509,19,1075.81,169.28,251.89,752.36,-1,-1,-1,-1
510,2,568.20,194.28,187.96,608.98,-1,-1,-1,-1
510,5,408.66,184.10,224.84,760.60,-1,-1,-1,-1
510,17,600.80,108.91,366.89,965.89,-1,-1,-1,-1
510,19,1064.46,169.88,262.05,745.87,-1,-1,-1,-1
511,0,1158.65,238.24,209.90,615.73,-1,-1,-1,-1
511,2,557.09,192.88,188.32,610.19,-1,-1,-1,-1
511,5,438.07,189.14,202.24,731.60,-1,-1,-1,-1
511,17,530.09,109.80,429.10,953.87,-1,-1,-1,-1
511,19,1024.36,167.28,307.06,761.27,-1,-1,-1,-1
512,0,1163.23,213.34,221.55,644.67,-1,-1,-1,-1
512,2,545.97,191.47,188.69,611.39,-1,-1,-1,-1
512,5,460.12,192.76,179.08,714.18,-1,-1,-1,-1
512,17,508.78,105.14,416.14,955.07,-1,-1,-1,-1
512,19,978.45,160.91,325.93,783.21,-1,-1,-1,-1
513,0,1174.56,210.97,218.19,645.47,-1,-1,-1,-1
513,2,534.85,190.07,189.05,612.59,-1,-1,-1,-1
513,5,475.90,198.33,174.20,694.80,-1,-1,-1,-1
513,17,474.62,97.95,424.67,965.41,-1,-1,-1,-1
513,19,930.75,167.35,345.26,782.92,-1,-1,-1,-1
514,0,1183.83,206.04,213.18,653.68,-1,-1,-1,-1
514,5,491.68,203.89,169.32,675.42,-1,-1,-1,-1
514,17,467.83,98.58,401.93,963.62,-1,-1,-1,-1
514,19,904.42,171.66,340.37,781.19,-1,-1,-1,-1
515,0,1194.62,215.03,204.28,637.65,-1,-1,-1,-1
515,5,507.46,209.46,164.44,656.03,-1,-1,-1,-1
515,17,442.37,111.42,425.12,947.83,-1,-1,-1,-1
515,19,890.37,169.78,317.55,789.26,-1,-1,-1,-1
516,0,1204.95,212.07,192.65,640.94,-1,-1,-1,-1
516,5,523.25,215.02,159.57,636.65,-1,-1,-1,-1
516,17,425.90,86.15,370.55,984.41,-1,-1,-1,-1
516,19,881.10,190.50,270.88,761.12,-1,-1,-1,-1
517,0,1210.24,212.40,184.85,640.20,-1,-1,-1,-1
517,5,659.74,213.39,208.05,582.96,-1,-1,-1,-1
517,17,393.13,101.91,361.45,966.08,-1,-1,-1,-1
517,19,863.44,176.94,233.94,797.81,-1,-1,-1,-1
518,0,1210.95,208.54,182.61,644.21,-1,-1,-1,-1
518,5,696.58,211.26,201.50,548.45,-1,-1,-1,-1
518,17,361.37,106.52,376.37,961.69,-1,-1,-1,-1
518,19,830.12,183.03,230.94,784.70,-1,-1,-1,-1
519,0,1211.50,208.88,181.68,641.46,-1,-1,-1,-1
519,5,716.94,205.27,197.98,537.87,-1,-1,-1,-1
519,17,334.22,117.45,393.91,950.70,-1,-1,-1,-1
519,19,800.79,185.53,230.98,784.84,-1,-1,-1,-1
520,0,1212.26,210.12,187.84,635.90,-1,-1,-1,-1
520,2,560.03,203.93,173.86,681.99,-1,-1,-1,-1
520,5,733.62,186.35,201.80,568.49,-1,-1,-1,-1
520,17,317.07,112.20,401.48,959.24,-1,-1,-1,-1
520,19,735.61,164.76,302.00,812.10,-1,-1,-1,-1
521,0,1210.70,210.96,201.09,636.77,-1,-1,-1,-1
521,2,543.66,200.43,203.52,690.94,-1,-1,-1,-1
521,5,761.49,175.70,203.35,572.84,-1,-1,-1,-1
521,17,298.33,112.53,373.06,955.30,-1,-1,-1,-1
521,19,700.00,168.19,324.74,804.03,-1,-1,-1,-1
522,0,1205.35,210.31,221.71,636.58,-1,-1,-1,-1
522,2,536.90,202.12,218.07,691.77,-1,-1,-1,-1
522,5,789.36,165.05,204.90,577.18,-1,-1,-1,-1
522,17,280.08,113.01,350.75,960.05,-1,-1,-1,-1
522,19,675.39,177.45,339.34,785.80,-1,-1,-1,-1
523,0,1197.25,211.06,244.12,634.65,-1,-1,-1,-1
523,2,527.00,214.74,239.93,674.04,-1,-1,-1,-1
523,5,817.23,154.40,206.44,581.53,-1,-1,-1,-1
523,17,239.87,109.03,368.75,966.80,-1,-1,-1,-1
523,19,650.98,193.94,348.79,760.92,-1,-1,-1,-1
524,0,1184.38,213.01,272.35,625.95,-1,-1,-1,-1
524,2,517.73,217.04,246.70,664.78,-1,-1,-1,-1
524,5,845.09,143.76,207.99,585.87,-1,-1,-1,-1
524,17,212.77,107.95,351.07,965.98,-1,-1,-1,-1
524,19,653.34,194.57,321.65,756.51,-1,-1,-1,-1
525,0,1174.48,215.36,289.74,618.33,-1,-1,-1,-1
525,2,505.29,219.91,250.44,651.24,-1,-1,-1,-1
525,5,820.10,191.33,197.23,573.06,-1,-1,-1,-1
525,17,183.59,108.48,342.13,958.14,-1,-1,-1,-1
525,19,665.51,210.56,226.74,675.98,-1,-1,-1,-1
526,0,1169.77,218.07,289.80,612.65,-1,-1,-1,-1
526,2,499.91,227.58,244.14,634.72,-1,-1,-1,-1
526,5,819.55,200.45,195.02,567.44,-1,-1,-1,-1
526,17,149.81,122.18,346.48,938.91,-1,-1,-1,-1
526,19,654.46,217.76,209.72,621.18,-1,-1,-1,-1
527,0,1166.93,218.80,281.02,610.24,-1,-1,-1,-1
527,2,486.65,196.09,297.63,714.36,-1,-1,-1,-1
527,5,811.98,203.69,206.07,572.82,-1,-1,-1,-1
527,17,117.23,131.20,359.62,930.36,-1,-1,-1,-1
527,19,625.23,206.34,200.14,598.98,-1,-1,-1,-1
528,0,1166.80,212.56,261.81,621.66,-1,-1,-1,-1
528,2,479.38,183.89,309.79,743.48,-1,-1,-1,-1
528,5,817.37,201.70,205.43,585.35,-1,-1,-1,-1
528,17,89.04,136.07,371.79,921.30,-1,-1,-1,-1
528,19,537.67,168.54,276.20,716.56,-1,-1,-1,-1
529,0,1164.13,211.00,244.26,626.16,-1,-1,-1,-1
529,2,472.11,171.69,321.96,772.60,-1,-1,-1,-1
529,5,822.34,202.76,205.73,585.52,-1,-1,-1,-1
529,17,54.48,130.91,399.47,933.66,-1,-1,-1,-1
529,19,490.26,148.35,317.08,772.73,-1,-1,-1,-1
530,0,1157.89,210.87,235.83,626.75,-1,-1,-1,-1
530,2,464.84,159.48,334.12,801.72,-1,-1,-1,-1
530,5,825.88,203.20,205.82,583.14,-1,-1,-1,-1
530,17,22.56,128.90,408.30,938.48,-1,-1,-1,-1
530,19,469.17,140.17,328.43,805.27,-1,-1,-1,-1
531,0,1150.22,212.04,235.94,625.72,-1,-1,-1,-1
531,2,457.57,147.28,346.29,830.84,-1,-1,-1,-1
531,5,828.03,205.63,204.15,580.06,-1,-1,-1,-1
531,17,2.47,124.10,416.82,948.06,-1,-1,-1,-1
531,19,460.76,146.01,331.15,807.48,-1,-1,-1,-1
532,0,1144.19,211.21,237.63,629.27,-1,-1,-1,-1
532,5,830.24,198.25,204.08,601.16,-1,-1,-1,-1
532,17,-13.00,122.04,424.46,952.92,-1,-1,-1,-1
532,19,467.33,152.89,305.28,801.07,-1,-1,-1,-1
533,0,1140.52,214.22,237.65,626.22,-1,-1,-1,-1
533,5,831.64,195.23,205.02,613.40,-1,-1,-1,-1
533,17,-15.84,122.84,406.80,953.55,-1,-1,-1,-1
533,19,470.63,164.49,277.10,781.26,-1,-1,-1,-1
534,0,1134.02,208.22,248.41,639.06,-1,-1,-1,-1
534,5,832.40,190.50,213.66,627.50,-1,-1,-1,-1
534,17,-15.64,124.86,383.61,951.51,-1,-1,-1,-1
534,19,474.04,179.76,261.17,749.71,-1,-1,-1,-1
535,0,1132.63,204.96,251.14,650.09,-1,-1,-1,-1
535,2,560.42,233.54,200.63,601.41,-1,-1,-1,-1
535,5,835.59,188.28,217.96,644.34,-1,-1,-1,-1
535,17,-16.13,127.82,365.58,942.69,-1,-1,-1,-1
535,19,462.19,176.21,276.32,760.38,-1,-1,-1,-1
536,0,1137.68,207.95,238.32,647.87,-1,-1,-1,-1
536,2,589.19,225.85,181.21,587.48,-1,-1,-1,-1
536,5,838.74,198.23,221.11,635.49,-1,-1,-1,-1
536,17,-14.68,133.85,338.95,928.40,-1,-1,-1,-1
536,19,448.63,172.45,242.80,772.40,-1,-1,-1,-1
537,0,1139.63,220.31,230.71,633.37,-1,-1,-1,-1
537,2,606.24,220.01,168.17,582.08,-1,-1,-1,-1
537,5,843.92,202.50,220.95,637.69,-1,-1,-1,-1
537,17,-14.24,151.60,325.40,903.37,-1,-1,-1,-1
537,19,422.80,177.67,239.23,773.70,-1,-1,-1,-1
538,0,1148.93,205.14,219.33,663.32,-1,-1,-1,-1
538,2,618.92,224.99,165.28,565.83,-1,-1,-1,-1
538,5,850.74,201.48,221.80,646.11,-1,-1,-1,-1
538,17,-10.32,164.15,312.58,888.98,-1,-1,-1,-1
538,19,383.07,169.31,264.93,794.26,-1,-1,-1,-1
539,0,1156.73,200.20,213.06,671.74,-1,-1,-1,-1
539,2,635.28,227.57,157.00,558.94,-1,-1,-1,-1
539,5,856.72,182.85,223.28,675.40,-1,-1,-1,-1
539,17,-10.13,180.35,307.01,871.86,-1,-1,-1,-1
539,19,354.91,164.23,279.22,810.27,-1,-1,-1,-1
540,0,1157.62,207.48,217.52,661.52,-1,-1,-1,-1
540,2,648.97,222.20,154.58,572.69,-1,-1,-1,-1
540,5,859.58,174.10,230.51,690.25,-1,-1,-1,-1
540,17,-6.63,181.48,299.15,876.48,-1,-1,-1,-1
540,19,346.45,167.36,269.29,808.68,-1,-1,-1,-1
541,0,1165.94,199.83,210.95,675.28,-1,-1,-1,-1
541,2,660.63,220.70,162.17,572.76,-1,-1,-1,-1
541,5,866.41,171.81,228.80,690.03,-1,-1,-1,-1
541,17,-5.30,182.80,297.28,877.16,-1,-1,-1,-1
541,19,327.96,169.61,279.58,810.08,-1,-1,-1,-1
542,0,1167.87,195.89,210.52,681.93,-1,-1,-1,-1
542,2,672.67,225.29,174.12,563.92,-1,-1,-1,-1
542,5,868.52,169.36,237.50,700.92,-1,-1,-1,-1
542,17,-5.50,177.80,297.39,888.24,-1,-1,-1,-1
542,19,310.35,173.98,276.93,813.31,-1,-1,-1,-1
543,0,1172.00,196.32,211.68,679.29,-1,-1,-1,-1
543,2,679.47,217.02,191.33,574.32,-1,-1,-1,-1
543,5,865.93,165.80,253.58,713.34,-1,-1,-1,-1
543,17,-5.58,175.74,299.10,891.19,-1,-1,-1,-1
543,19,295.61,173.88,269.81,816.70,-1,-1,-1,-1
544,0,1166.36,196.16,227.00,677.71,-1,-1,-1,-1
544,2,681.60,226.16,215.44,560.38,-1,-1,-1,-1
544,5,869.41,162.63,258.46,725.67,-1,-1,-1,-1
544,17,-5.50,175.12,297.10,889.77,-1,-1,-1,-1
544,19,273.72,169.98,284.73,830.89,-1,-1,-1,-1
545,0,1146.59,197.14,253.89,672.94,-1,-1,-1,-1
545,2,691.76,235.77,216.30,544.97,-1,-1,-1,-1
545,5,868.00,163.98,270.41,728.31,-1,-1,-1,-1
545,17,-3.11,180.32,291.66,882.67,-1,-1,-1,-1
545,19,252.78,160.75,302.49,851.94,-1,-1,-1,-1
546,0,1123.27,200.36,276.48,665.22,-1,-1,-1,-1
546,2,701.71,234.63,212.03,549.14,-1,-1,-1,-1
546,5,863.77,169.76,285.37,717.90,-1,-1,-1,-1
546,17,2.11,183.93,282.05,874.75,-1,-1,-1,-1
546,19,237.24,155.30,310.74,868.63,-1,-1,-1,-1
547,0,1111.36,199.27,273.72,668.63,-1,-1,-1,-1
547,2,721.08,269.04,190.30,500.97,-1,-1,-1,-1
547,5,858.76,158.73,300.13,758.31,-1,-1,-1,-1
547,17,5.74,190.41,273.55,863.00,-1,-1,-1,-1
547,19,218.44,146.87,320.60,892.34,-1,-1,-1,-1
548,0,1102.23,207.34,270.59,661.63,-1,-1,-1,-1
548,2,754.50,248.09,170.66,527.62,-1,-1,-1,-1
548,5,856.60,151.51,307.72,789.56,-1,-1,-1,-1
548,17,6.60,191.09,268.74,854.77,-1,-1,-1,-1
548,19,204.33,142.94,323.72,907.00,-1,-1,-1,-1
549,0,1096.90,210.23,272.92,657.44,-1,-1,-1,-1
549,2,778.78,251.85,152.33,523.42,-1,-1,-1,-1
549,5,858.78,151.71,304.80,794.47,-1,-1,-1,-1
549,17,2.60,205.50,288.68,837.73,-1,-1,-1,-1
549,19,185.78,154.44,333.94,894.10,-1,-1,-1,-1
550,0,1093.82,224.45,271.34,641.41,-1,-1,-1,-1
550,2,792.87,253.27,151.64,521.08,-1,-1,-1,-1
550,5,862.27,140.92,302.16,817.92,-1,-1,-1,-1
550,17,6.71,214.24,266.47,820.94,-1,-1,-1,-1
550,19,158.98,158.58,356.47,896.03,-1,-1,-1,-1
551,0,1091.93,216.89,273.77,654.55,-1,-1,-1,-1
551,2,806.96,254.68,150.95,518.74,-1,-1,-1,-1
551,5,855.73,143.17,313.91,819.42,-1,-1,-1,-1
551,17,7.29,222.40,261.83,806.68,-1,-1,-1,-1
551,19,155.57,155.13,357.10,896.79,-1,-1,-1,-1
552,0,1101.13,211.51,251.76,664.32,-1,-1,-1,-1
552,2,827.02,243.30,135.41,525.58,-1,-1,-1,-1
552,5,867.83,138.82,302.11,823.76,-1,-1,-1,-1
552,17,7.63,215.97,249.88,780.09,-1,-1,-1,-1
552,19,146.72,146.39,366.94,908.97,-1,-1,-1,-1
553,0,1104.25,207.57,242.94,673.19,-1,-1,-1,-1
553,2,832.88,239.36,136.03,523.35,-1,-1,-1,-1
553,5,851.00,147.94,345.95,810.80,-1,-1,-1,-1
553,17,6.80,216.84,230.12,739.89,-1,-1,-1,-1
553,19,142.35,130.55,377.23,933.17,-1,-1,-1,-1
554,0,1102.02,195.67,231.14,698.13,-1,-1,-1,-1
554,2,845.28,237.93,135.85,522.72,-1,-1,-1,-1
554,5,844.62,148.81,418.59,819.74,-1,-1,-1,-1
554,17,8.27,212.76,218.45,724.58,-1,-1,-1,-1
554,19,136.34,122.82,386.03,943.55,-1,-1,-1,-1
555,0,1095.46,189.04,236.06,712.98,-1,-1,-1,-1
555,2,857.68,236.50,135.67,522.10,-1,-1,-1,-1
555,5,863.27,130.76,429.68,861.24,-1,-1,-1,-1
555,17,6.14,209.32,218.75,717.84,-1,-1,-1,-1
555,19,130.84,110.95,391.42,963.84,-1,-1,-1,-1
556,0,1088.90,182.41,240.97,727.84,-1,-1,-1,-1
556,2,870.09,235.08,135.48,521.47,-1,-1,-1,-1
556,5,872.99,123.38,439.59,887.87,-1,-1,-1,-1
556,17,7.88,199.11,205.94,699.77,-1,-1,-1,-1
556,19,115.72,107.03,421.63,966.06,-1,-1,-1,-1
557,0,1082.35,175.78,245.88,742.69,-1,-1,-1,-1
557,2,882.49,233.65,135.30,520.85,-1,-1,-1,-1
557,5,907.16,116.19,411.89,908.67,-1,-1,-1,-1
557,17,8.37,189.06,203.55,693.81,-1,-1,-1,-1
557,19,122.78,117.38,420.15,947.16,-1,-1,-1,-1
558,0,1075.79,169.15,250.80,757.54,-1,-1,-1,-1
558,5,935.03,116.83,381.45,908.54,-1,-1,-1,-1
558,17,9.07,184.69,206.24,696.51,-1,-1,-1,-1
558,19,121.81,110.98,433.55,950.08,-1,-1,-1,-1
559,2,931.44,230.83,128.19,538.10,-1,-1,-1,-1
559,5,940.61,98.47,389.73,939.26,-1,-1,-1,-1
559,17,10.69,205.96,213.90,626.09,-1,-1,-1,-1
559,19,135.43,105.65,431.38,950.55,-1,-1,-1,-1
560,2,947.48,230.37,130.47,541.04,-1,-1,-1,-1
560,5,959.40,81.58,379.05,965.91,-1,-1,-1,-1
560,17,25.26,183.68,212.52,704.46,-1,-1,-1,-1
560,19,132.67,103.75,449.99,952.20,-1,-1,-1,-1
561,2,962.33,228.54,131.16,543.97,-1,-1,-1,-1
561,5,952.71,80.36,424.48,960.79,-1,-1,-1,-1
561,17,35.03,206.19,208.53,622.72,-1,-1,-1,-1
561,19,125.25,96.92,476.02,965.06,-1,-1,-1,-1
562,2,949.15,203.64,211.38,639.73,-1,-1,-1,-1
562,5,1017.76,67.40,394.59,988.86,-1,-1,-1,-1
562,17,41.27,196.05,236.23,707.19,-1,-1,-1,-1
562,19,166.77,97.39,457.25,961.07,-1,-1,-1,-1
563,2,946.55,200.56,235.96,669.61,-1,-1,-1,-1
563,5,1040.58,69.00,428.95,985.01,-1,-1,-1,-1
563,17,54.40,200.56,244.12,722.43,-1,-1,-1,-1
563,19,157.26,92.85,504.02,965.06,-1,-1,-1,-1
564,2,949.23,195.04,234.37,692.30,-1,-1,-1,-1
564,5,1078.16,65.07,437.57,997.67,-1,-1,-1,-1
564,17,65.28,206.61,256.95,724.50,-1,-1,-1,-1
564,19,224.51,87.17,459.18,972.94,-1,-1,-1,-1
565,2,942.68,191.84,241.10,706.85,-1,-1,-1,-1
565,5,1111.85,61.42,440.61,1009.02,-1,-1,-1,-1
565,17,82.79,210.47,261.78,725.02,-1,-1,-1,-1
565,19,272.38,81.90,438.66,985.66,-1,-1,-1,-1
566,0,1036.79,223.69,140.06,540.08,-1,-1,-1,-1
566,2,931.01,196.16,256.49,704.81,-1,-1,-1,-1
566,5,1139.81,63.87,437.80,1010.21,-1,-1,-1,-1
566,17,93.90,215.17,281.99,717.00,-1,-1,-1,-1
566,19,322.84,77.86,410.65,988.03,-1,-1,-1,-1
567,0,1053.29,226.46,132.12,520.88,-1,-1,-1,-1
567,2,937.21,194.64,260.85,716.76,-1,-1,-1,-1
567,5,1159.51,64.94,426.51,1004.42,-1,-1,-1,-1
567,17,108.04,217.97,283.31,707.47,-1,-1,-1,-1
567,19,381.48,66.28,370.75,1000.00,-1,-1,-1,-1
568,0,1061.46,225.10,130.12,520.00,-1,-1,-1,-1
568,2,943.40,193.13,265.21,728.71,-1,-1,-1,-1
568,5,1173.87,60.54,391.08,1008.40,-1,-1,-1,-1
568,17,121.76,221.39,278.92,693.52,-1,-1,-1,-1
568,19,433.05,54.20,341.76,1013.83,-1,-1,-1,-1
569,0,1072.30,225.12,132.71,526.35,-1,-1,-1,-1
569,2,949.60,191.61,269.58,740.67,-1,-1,-1,-1
569,5,1174.71,60.27,375.83,1014.03,-1,-1,-1,-1
569,17,130.16,220.35,275.92,692.40,-1,-1,-1,-1
569,19,477.94,62.60,330.87,999.73,-1,-1,-1,-1
570,0,1079.32,226.20,141.88,516.92,-1,-1,-1,-1
570,2,955.79,190.09,273.94,752.62,-1,-1,-1,-1
570,5,1174.37,53.20,376.02,1026.49,-1,-1,-1,-1
570,17,134.48,221.65,276.48,688.92,-1,-1,-1,-1
570,19,517.24,53.68,333.81,1018.21,-1,-1,-1,-1
571,0,1087.95,228.64,155.07,517.65,-1,-1,-1,-1
571,2,873.30,222.05,206.98,658.83,-1,-1,-1,-1
571,5,1175.56,51.44,379.86,1028.73,-1,-1,-1,-1
571,17,143.87,224.25,267.67,682.88,-1,-1,-1,-1
571,19,549.32,45.78,401.30,1027.23,-1,-1,-1,-1
572,0,1096.34,225.86,165.44,528.48,-1,-1,-1,-1
572,2,850.04,210.00,205.55,710.48,-1,-1,-1,-1
572,5,1185.94,47.39,382.73,1032.98,-1,-1,-1,-1
572,17,154.43,227.95,256.79,674.48,-1,-1,-1,-1
572,19,600.71,64.21,397.81,996.51,-1,-1,-1,-1
573,0,1094.38,222.63,184.91,538.13,-1,-1,-1,-1
573,2,837.52,206.81,209.45,724.01,-1,-1,-1,-1
573,5,1197.64,66.75,392.56,1004.46,-1,-1,-1,-1
573,17,164.29,230.96,244.89,671.08,-1,-1,-1,-1
573,19,643.62,61.71,427.48,1001.50,-1,-1,-1,-1
574,0,1106.51,215.95,178.19,547.88,-1,-1,-1,-1
574,2,825.01,203.62,213.34,737.54,-1,-1,-1,-1
574,5,1221.18,63.21,397.18,1010.37,-1,-1,-1,-1
574,17,171.60,228.17,241.15,665.22,-1,-1,-1,-1
574,19,696.57,33.27,424.87,1043.81,-1,-1,-1,-1
575,0,1123.99,221.33,170.42,541.32,-1,-1,-1,-1
575,2,812.50,200.43,217.24,751.07,-1,-1,-1,-1
575,5,1249.81,69.06,389.55,1004.50,-1,-1,-1,-1
575,17,180.75,228.16,235.78,652.69,-1,-1,-1,-1
575,19,744.04,44.67,396.60,1006.44,-1,-1,-1,-1
576,0,1140.85,225.31,164.85,534.88,-1,-1,-1,-1
576,2,799.99,197.24,221.14,764.60,-1,-1,-1,-1
576,5,1264.85,74.93,389.07,1000.74,-1,-1,-1,-1
576,17,189.41,231.46,232.44,629.11,-1,-1,-1,-1
576,19,767.56,34.71,388.08,1015.67,-1,-1,-1,-1
577,0,1157.45,214.93,155.47,550.09,-1,-1,-1,-1
577,2,744.46,240.09,199.06,667.37,-1,-1,-1,-1
577,5,1265.17,56.77,391.62,1025.46,-1,-1,-1,-1
577,17,198.61,231.27,227.80,617.67,-1,-1,-1,-1
577,19,764.10,39.45,421.69,1001.53,-1,-1,-1,-1
578,0,1167.46,214.91,162.68,555.34,-1,-1,-1,-1
578,2,709.01,231.69,197.95,674.15,-1,-1,-1,-1
578,5,1272.97,72.80,384.51,1000.18,-1,-1,-1,-1
578,17,204.03,224.02,229.12,623.97,-1,-1,-1,-1
578,19,828.37,14.88,374.75,1038.56,-1,-1,-1,-1
579,0,1173.27,215.30,173.77,551.36,-1,-1,-1,-1
579,2,694.33,225.01,191.45,684.85,-1,-1,-1,-1
579,5,1301.28,86.05,352.62,977.54,-1,-1,-1,-1
579,17,211.63,221.00,232.19,625.05,-1,-1,-1,-1
579,19,891.27,108.18,354.41,934.00,-1,-1,-1,-1
580,0,1179.23,221.56,178.51,529.69,-1,-1,-1,-1
580,2,683.94,221.40,187.02,694.29,-1,-1,-1,-1
580,5,1326.45,67.35,329.75,997.66,-1,-1,-1,-1
580,17,220.00,222.05,235.71,620.99,-1,-1,-1,-1
580,19,952.27,122.55,344.37,929.48,-1,-1,-1,-1
581,0,1184.57,224.64,188.34,532.55,-1,-1,-1,-1
581,2,678.94,212.98,187.30,710.00,-1,-1,-1,-1
581,5,1342.12,48.68,318.23,1012.63,-1,-1,-1,-1
581,17,228.31,221.43,236.38,619.47,-1,-1,-1,-1
581,19,1000.88,202.23,353.65,843.19,-1,-1,-1,-1
582,0,1195.60,226.52,187.05,528.88,-1,-1,-1,-1
582,2,677.89,210.45,183.47,717.64,-1,-1,-1,-1
582,5,1349.96,29.14,312.27,1043.59,-1,-1,-1,-1
582,17,232.61,222.67,241.69,617.91,-1,-1,-1,-1
582,19,1050.67,127.04,342.60,946.34,-1,-1,-1,-1
583,0,1206.63,228.40,185.76,525.22,-1,-1,-1,-1
583,2,678.36,211.32,183.81,717.77,-1,-1,-1,-1
583,5,1358.04,28.55,302.85,1044.37,-1,-1,-1,-1
583,17,234.92,220.73,246.08,620.85,-1,-1,-1,-1
583,19,1101.48,85.87,338.47,998.91,-1,-1,-1,-1
584,0,1217.65,230.27,184.47,521.55,-1,-1,-1,-1
584,2,675.97,208.29,185.69,729.28,-1,-1,-1,-1
584,5,1349.77,53.60,306.82,1004.48,-1,-1,-1,-1
584,17,246.27,227.66,235.83,610.96,-1,-1,-1,-1
584,19,1144.34,56.68,371.02,1031.41,-1,-1,-1,-1
585,0,1228.68,232.15,183.17,517.89,-1,-1,-1,-1
585,2,676.95,211.41,186.56,723.49,-1,-1,-1,-1
585,5,1358.03,58.52,303.13,992.42,-1,-1,-1,-1
585,17,259.14,231.07,222.21,607.75,-1,-1,-1,-1
585,19,1175.40,41.82,427.27,1039.66,-1,-1,-1,-1
586,2,677.81,214.80,187.52,716.33,-1,-1,-1,-1
586,5,1366.30,63.45,299.43,980.36,-1,-1,-1,-1
586,17,264.93,237.07,216.82,595.18,-1,-1,-1,-1
586,19,1212.98,24.67,431.95,1058.00,-1,-1,-1,-1
587,2,677.50,212.46,189.88,717.55,-1,-1,-1,-1
587,5,1374.57,68.37,295.73,968.30,-1,-1,-1,-1
587,17,270.89,243.88,211.24,577.89,-1,-1,-1,-1
587,19,1234.96,11.08,457.45,1068.61,-1,-1,-1,-1
588,2,677.40,207.33,189.80,730.05,-1,-1,-1,-1
588,5,1382.84,73.29,292.04,956.24,-1,-1,-1,-1
588,17,280.91,237.03,203.38,585.34,-1,-1,-1,-1
588,19,1248.21,5.60,474.53,1067.47,-1,-1,-1,-1
589,2,672.76,204.10,197.38,737.05,-1,-1,-1,-1
589,5,1265.45,205.36,230.61,615.95,-1,-1,-1,-1
589,17,287.52,232.11,202.03,588.80,-1,-1,-1,-1
589,19,1263.04,5.95,473.97,1056.32,-1,-1,-1,-1
590,2,666.48,208.20,202.62,729.12,-1,-1,-1,-1
590,5,1224.55,218.23,192.22,558.42,-1,-1,-1,-1
590,17,297.68,238.86,198.42,571.13,-1,-1,-1,-1
590,19,1316.55,11.08,448.68,1051.10,-1,-1,-1,-1
591,2,667.18,205.78,194.27,726.66,-1,-1,-1,-1
591,5,1212.79,209.47,187.24,563.77,-1,-1,-1,-1
591,17,305.02,230.90,200.48,582.03,-1,-1,-1,-1
591,19,1345.50,38.55,448.80,1010.38,-1,-1,-1,-1
592,0,1261.87,118.79,331.45,828.89,-1,-1,-1,-1
592,2,661.00,205.80,198.11,727.76,-1,-1,-1,-1
592,5,1204.95,203.32,182.92,571.75,-1,-1,-1,-1
592,17,311.48,223.06,215.24,590.78,-1,-1,-1,-1
592,19,1349.14,55.20,468.50,986.45,-1,-1,-1,-1
593,0,1305.87,117.41,266.51,821.71,-1,-1,-1,-1
593,2,660.60,204.33,190.25,730.44,-1,-1,-1,-1
593,5,1198.32,198.60,178.28,581.91,-1,-1,-1,-1
593,17,319.73,229.18,232.34,583.16,-1,-1,-1,-1
593,19,1381.24,53.60,472.48,982.55,-1,-1,-1,-1
594,0,1279.07,113.18,309.76,831.56,-1,-1,-1,-1
594,2,664.16,201.98,184.58,735.22,-1,-1,-1,-1
594,5,1193.83,199.25,175.45,576.79,-1,-1,-1,-1
594,17,333.21,231.56,240.22,581.91,-1,-1,-1,-1
594,19,1446.52,27.13,440.41,1024.04,-1,-1,-1,-1
595,0,1263.04,113.82,331.15,841.16,-1,-1,-1,-1
595,2,665.09,201.26,184.36,737.55,-1,-1,-1,-1
595,5,1191.59,208.96,156.87,557.93,-1,-1,-1,-1
595,17,349.18,239.63,237.57,573.84,-1,-1,-1,-1
595,19,1495.75,27.92,419.74,1017.49,-1,-1,-1,-1
596,0,1251.86,126.75,334.05,820.90,-1,-1,-1,-1
596,2,667.74,197.30,181.54,741.02,-1,-1,-1,-1
596,5,1192.58,210.00,141.69,556.09,-1,-1,-1,-1
596,17,365.92,235.20,225.77,583.71,-1,-1,-1,-1
596,19,1528.79,22.93,407.40,1033.86,-1,-1,-1,-1
597,0,1239.95,130.63,336.07,809.86,-1,-1,-1,-1
597,2,669.29,203.21,181.67,730.59,-1,-1,-1,-1
597,5,1190.83,211.20,133.89,551.07,-1,-1,-1,-1
597,17,379.68,231.10,216.46,588.31,-1,-1,-1,-1
597,19,1543.29,20.76,406.14,1042.74,-1,-1,-1,-1
598,0,1227.20,136.77,331.62,798.81,-1,-1,-1,-1
598,2,673.71,200.46,179.37,735.20,-1,-1,-1,-1
598,5,1181.04,211.84,132.50,545.44,-1,-1,-1,-1
598,17,394.62,234.23,208.42,583.95,-1,-1,-1,-1
598,19,1568.29,32.75,381.79,1037.15,-1,-1,-1,-1
599,0,1223.27,143.18,300.03,770.40,-1,-1,-1,-1
599,2,673.09,202.53,181.09,733.55,-1,-1,-1,-1
599,5,1171.26,212.48,131.11,539.80,-1,-1,-1,-1
599,17,409.38,233.89,197.39,583.46,-1,-1,-1,-1
599,19,1587.94,39.00,362.00,1026.39,-1,-1,-1,-1
600,0,1222.40,152.23,259.34,738.93,-1,-1,-1,-1
600,2,670.48,199.17,184.84,736.48,-1,-1,-1,-1
600,5,1161.47,213.12,129.72,534.17,-1,-1,-1,-1
600,17,422.01,236.12,191.47,571.30,-1,-1,-1,-1
600,19,1612.73,41.93,360.79,1022.94,-1,-1,-1,-1
601,0,1209.66,148.66,244.77,729.74,-1,-1,-1,-1
601,2,667.40,200.91,186.98,736.32,-1,-1,-1,-1
601,5,1151.69,213.76,128.33,528.53,-1,-1,-1,-1
601,17,435.24,241.64,184.21,558.98,-1,-1,-1,-1
601,19,1639.92,57.62,308.16,974.17,-1,-1,-1,-1
602,0,1187.79,156.86,262.53,714.26,-1,-1,-1,-1
602,2,664.64,204.88,189.04,732.56,-1,-1,-1,-1
602,17,444.14,236.80,186.51,567.44,-1,-1,-1,-1
602,19,1658.14,61.17,283.07,984.99,-1,-1,-1,-1
603,0,1164.77,157.29,287.01,703.61,-1,-1,-1,-1
603,2,665.22,209.07,188.18,735.94,-1,-1,-1,-1
603,17,453.39,236.66,194.60,567.01,-1,-1,-1,-1
603,19,1667.49,59.89,269.80,991.92,-1,-1,-1,-1
604,0,1147.22,159.26,311.08,700.22,-1,-1,-1,-1
604,2,659.51,204.39,195.12,737.86,-1,-1,-1,-1
604,17,461.93,233.12,215.80,578.11,-1,-1,-1,-1
604,19,1672.82,66.58,263.09,971.90,-1,-1,-1,-1
605,0,1134.59,163.06,331.17,695.05,-1,-1,-1,-1
605,2,656.54,202.10,196.73,738.56,-1,-1,-1,-1
605,17,474.64,239.15,220.53,573.47,-1,-1,-1,-1
605,19,1683.60,72.87,243.73,955.82,-1,-1,-1,-1
606,0,1130.84,162.30,328.41,695.31,-1,-1,-1,-1
606,2,655.10,205.70,199.32,727.29,-1,-1,-1,-1
606,17,486.80,243.52,218.70,569.33,-1,-1,-1,-1
606,19,1687.33,92.11,236.10,897.94,-1,-1,-1,-1
607,0,1137.81,158.28,267.97,696.82,-1,-1,-1,-1
607,2,656.63,196.29,195.55,744.21,-1,-1,-1,-1
607,17,497.92,244.94,211.01,567.23,-1,-1,-1,-1
607,19,1683.27,103.07,238.80,917.38,-1,-1,-1,-1
608,0,1135.03,158.26,237.88,685.61,-1,-1,-1,-1
608,2,660.02,205.40,192.16,717.11,-1,-1,-1,-1
608,5,1274.80,212.59,205.16,568.22,-1,-1,-1,-1
608,17,513.07,243.24,197.30,567.14,-1,-1,-1,-1
608,19,1690.47,102.05,233.17,937.22,-1,-1,-1,-1
609,0,1126.40,164.81,217.52,668.75,-1,-1,-1,-1
609,2,624.55,207.61,228.74,710.98,-1,-1,-1,-1
609,5,1276.88,205.88,220.60,596.72,-1,-1,-1,-1
609,17,531.61,242.99,175.05,563.01,-1,-1,-1,-1
609,19,1700.69,120.10,222.69,862.76,-1,-1,-1,-1
610,0,1115.54,157.06,199.69,676.55,-1,-1,-1,-1
610,2,597.51,202.88,255.63,724.79,-1,-1,-1,-1
610,5,1278.63,208.36,230.24,596.77,-1,-1,-1,-1
610,17,545.98,240.48,155.33,558.61,-1,-1,-1,-1
610,19,1715.32,121.02,199.66,832.02,-1,-1,-1,-1
611,0,1102.28,160.19,186.93,665.83,-1,-1,-1,-1
611,2,579.18,203.81,271.21,726.61,-1,-1,-1,-1
611,5,1280.13,205.77,235.27,611.28,-1,-1,-1,-1
611,17,555.09,244.64,147.84,548.23,-1,-1,-1,-1
611,19,1718.30,103.06,197.15,881.28,-1,-1,-1,-1
612,0,1085.45,167.25,184.33,659.37,-1,-1,-1,-1
612,2,567.18,202.93,286.97,733.61,-1,-1,-1,-1
612,5,1284.63,198.55,235.31,630.28,-1,-1,-1,-1
612,17,564.52,246.88,146.07,541.73,-1,-1,-1,-1
612,19,1728.84,80.15,190.57,954.68,-1,-1,-1,-1
613,0,1073.77,166.98,186.62,666.38,-1,-1,-1,-1
613,2,571.21,203.51,282.23,737.25,-1,-1,-1,-1
613,5,1284.75,202.88,236.42,633.16,-1,-1,-1,-1
613,17,573.23,240.30,129.28,557.14,-1,-1,-1,-1
613,19,1726.67,88.27,192.49,935.96,-1,-1,-1,-1
614,0,1054.21,168.49,202.23,668.87,-1,-1,-1,-1
614,2,572.31,209.15,282.43,735.74,-1,-1,-1,-1
614,5,1284.60,202.81,236.77,637.72,-1,-1,-1,-1
614,17,580.16,238.87,129.62,558.73,-1,-1,-1,-1
614,19,1716.63,91.62,199.68,921.02,-1,-1,-1,-1
615,0,1022.40,175.03,232.10,662.15,-1,-1,-1,-1
615,2,571.67,208.39,288.26,741.12,-1,-1,-1,-1
615,5,1280.90,193.26,240.72,657.89,-1,-1,-1,-1
615,17,587.10,237.44,129.96,560.32,-1,-1,-1,-1
615,19,1716.23,98.36,193.79,902.88,-1,-1,-1,-1
616,0,994.15,177.69,257.90,664.74,-1,-1,-1,-1
616,2,571.09,206.50,293.71,747.30,-1,-1,-1,-1
616,5,1277.58,185.31,243.35,669.85,-1,-1,-1,-1
616,17,594.03,236.01,130.30,561.91,-1,-1,-1,-1
616,19,1716.60,97.01,197.62,914.82,-1,-1,-1,-1
617,0,977.52,177.86,271.45,669.98,-1,-1,-1,-1
617,2,566.89,205.28,301.19,750.66,-1,-1,-1,-1
617,5,1273.05,181.68,246.01,674.81,-1,-1,-1,-1
617,17,600.97,234.58,130.64,563.49,-1,-1,-1,-1
617,19,1719.23,96.75,198.40,939.60,-1,-1,-1,-1
618,0,966.73,177.77,284.88,678.45,-1,-1,-1,-1
618,2,561.13,208.28,307.84,745.71,-1,-1,-1,-1
618,5,1268.17,180.61,249.41,677.44,-1,-1,-1,-1
618,19,1711.65,98.80,210.33,950.67,-1,-1,-1,-1
619,0,960.99,178.71,282.50,673.97,-1,-1,-1,-1
619,2,557.24,209.63,300.02,738.54,-1,-1,-1,-1
619,5,1264.97,178.68,252.52,680.62,-1,-1,-1,-1
619,19,1702.07,114.94,216.67,901.88,-1,-1,-1,-1
620,0,960.84,177.87,263.03,675.85,-1,-1,-1,-1
620,2,549.10,210.49,300.90,739.87,-1,-1,-1,-1
620,5,1259.41,184.64,259.39,678.77,-1,-1,-1,-1
620,19,1686.43,122.75,231.96,880.41,-1,-1,-1,-1
621,0,955.36,178.67,244.52,677.73,-1,-1,-1,-1
621,2,541.73,212.03,309.19,738.98,-1,-1,-1,-1
621,5,1256.77,187.16,264.30,686.48,-1,-1,-1,-1
621,19,1659.68,126.50,255.51,863.79,-1,-1,-1,-1
622,0,946.64,170.68,220.58,692.03,-1,-1,-1,-1
622,2,536.68,212.57,318.68,741.21,-1,-1,-1,-1
622,5,1256.10,187.31,268.96,694.66,-1,-1,-1,-1
622,19,1636.99,127.61,265.02,846.70,-1,-1,-1,-1
623,0,928.02,170.27,200.15,693.62,-1,-1,-1,-1
623,2,534.65,212.77,333.59,738.13,-1,-1,-1,-1
623,5,1256.03,188.45,272.25,707.87,-1,-1,-1,-1
623,19,1612.66,127.71,274.26,842.49,-1,-1,-1,-1
624,0,900.95,169.04,202.66,697.92,-1,-1,-1,-1
624,2,544.86,209.97,341.81,736.94,-1,-1,-1,-1
624,5,1254.84,192.05,276.61,710.00,-1,-1,-1,-1
624,19,1590.75,137.40,286.71,825.76,-1,-1,-1,-1
625,0,859.86,159.98,234.33,711.99,-1,-1,-1,-1
625,2,551.63,205.93,349.11,738.65,-1,-1,-1,-1
625,5,1258.19,187.17,277.18,725.55,-1,-1,-1,-1
625,17,726.08,231.17,198.43,561.98,-1,-1,-1,-1
625,19,1570.75,152.08,293.60,804.95,-1,-1,-1,-1
626,0,837.46,168.58,248.52,692.58,-1,-1,-1,-1
626,2,559.71,201.65,344.24,740.03,-1,-1,-1,-1
626,5,1260.02,183.92,278.49,734.34,-1,-1,-1,-1
626,17,748.40,235.96,180.72,532.33,-1,-1,-1,-1
626,19,1564.20,154.99,285.08,800.18,-1,-1,-1,-1
627,0,812.76,173.12,268.95,691.22,-1,-1,-1,-1
627,2,570.31,203.52,314.79,739.02,-1,-1,-1,-1
627,5,1261.52,177.02,280.86,749.42,-1,-1,-1,-1
627,17,761.23,237.58,158.31,520.38,-1,-1,-1,-1
627,19,1572.68,151.65,243.67,797.28,-1,-1,-1,-1
628,0,779.89,177.73,304.76,689.69,-1,-1,-1,-1
628,2,577.69,200.21,292.63,743.86,-1,-1,-1,-1
628,5,1262.26,172.48,282.38,760.96,-1,-1,-1,-1
628,17,767.73,210.71,164.01,575.19,-1,-1,-1,-1
628,19,1559.66,151.14,229.88,784.65,-1,-1,-1,-1
629,0,766.85,176.29,307.80,692.07,-1,-1,-1,-1
629,2,582.41,198.66,286.81,745.98,-1,-1,-1,-1
629,5,1262.78,172.17,283.21,761.80,-1,-1,-1,-1
629,17,777.50,199.17,169.67,595.13,-1,-1,-1,-1
629,19,1538.75,143.28,226.91,780.33,-1,-1,-1,-1
630,0,740.86,177.57,316.18,695.60,-1,-1,-1,-1
630,2,586.94,190.00,323.60,750.05,-1,-1,-1,-1
630,5,1264.77,165.17,278.78,771.60,-1,-1,-1,-1
630,17,787.28,187.64,175.33,615.07,-1,-1,-1,-1
630,19,1505.63,143.54,241.74,769.84,-1,-1,-1,-1
631,0,723.26,178.21,316.92,697.13,-1,-1,-1,-1
631,2,596.90,188.20,333.00,749.83,-1,-1,-1,-1
631,5,1262.64,159.14,280.20,792.09,-1,-1,-1,-1
631,17,797.06,176.10,181.00,635.01,-1,-1,-1,-1
631,19,1481.04,147.71,251.12,756.69,-1,-1,-1,-1
632,0,705.65,178.84,317.66,698.65,-1,-1,-1,-1
632,2,607.83,182.26,331.03,758.91,-1,-1,-1,-1
632,5,1260.52,153.44,283.11,811.87,-1,-1,-1,-1
632,17,806.83,164.56,186.66,654.95,-1,-1,-1,-1
632,19,1477.48,147.14,251.58,754.36,-1,-1,-1,-1
633,0,688.04,179.48,318.40,700.18,-1,-1,-1,-1
633,2,622.39,180.23,327.46,767.21,-1,-1,-1,-1
633,5,1257.00,151.85,284.96,821.28,-1,-1,-1,-1
633,19,1461.23,148.94,256.36,749.42,-1,-1,-1,-1
634,0,747.92,207.04,219.29,681.27,-1,-1,-1,-1
634,2,641.21,176.57,292.98,773.61,-1,-1,-1,-1
634,5,1250.19,150.29,291.84,825.79,-1,-1,-1,-1
634,17,833.38,211.76,174.87,577.66,-1,-1,-1,-1
634,19,1442.40,152.59,277.66,745.85,-1,-1,-1,-1
635,0,740.55,215.48,176.40,645.97,-1,-1,-1,-1
635,2,647.17,172.41,295.44,780.04,-1,-1,-1,-1
635,5,1242.56,150.91,295.43,826.30,-1,-1,-1,-1
635,17,835.03,219.21,188.08,585.79,-1,-1,-1,-1
635,19,1428.92,164.73,279.90,732.86,-1,-1,-1,-1
636,0,646.12,183.19,293.99,730.88,-1,-1,-1,-1
636,2,653.14,168.25,297.89,786.47,-1,-1,-1,-1
636,5,1232.78,150.88,304.23,828.87,-1,-1,-1,-1
636,17,843.04,225.68,198.58,574.00,-1,-1,-1,-1
636,19,1434.27,156.08,242.63,749.24,-1,-1,-1,-1
637,0,598.82,172.80,333.32,762.75,-1,-1,-1,-1
637,2,659.10,164.09,300.34,792.90,-1,-1,-1,-1
637,5,1225.96,153.93,310.30,824.80,-1,-1,-1,-1
637,17,846.30,223.88,213.75,583.49,-1,-1,-1,-1
637,19,1417.70,155.01,239.28,745.00,-1,-1,-1,-1
638,0,537.07,170.06,391.57,779.85,-1,-1,-1,-1
638,2,665.07,159.94,302.80,799.32,-1,-1,-1,-1
638,5,1214.32,152.58,333.99,828.51,-1,-1,-1,-1
638,17,846.92,241.08,239.76,549.63,-1,-1,-1,-1
638,19,1401.15,162.63,213.68,718.30,-1,-1,-1,-1
639,0,504.02,168.01,407.37,798.10,-1,-1,-1,-1
639,2,715.56,225.35,216.83,596.56,-1,-1,-1,-1
639,5,1206.00,139.39,347.25,853.15,-1,-1,-1,-1
639,17,857.67,234.91,241.62,559.71,-1,-1,-1,-1
639,19,1386.00,166.90,210.03,706.04,-1,-1,-1,-1
640,0,484.61,168.91,405.38,797.71,-1,-1,-1,-1
640,2,702.25,207.72,226.20,711.24,-1,-1,-1,-1
640,5,1198.14,129.54,355.07,879.50,-1,-1,-1,-1
640,17,871.81,232.93,237.60,567.74,-1,-1,-1,-1
640,19,1370.84,171.18,206.38,693.79,-1,-1,-1,-1
641,0,484.14,174.53,352.81,769.89,-1,-1,-1,-1
641,2,712.33,205.14,215.21,712.01,-1,-1,-1,-1
641,5,1187.36,127.97,367.61,886.76,-1,-1,-1,-1
641,17,902.80,231.47,207.71,567.94,-1,-1,-1,-1
641,19,1355.69,175.45,202.73,681.54,-1,-1,-1,-1
642,0,486.30,179.51,287.08,739.54,-1,-1,-1,-1
642,2,709.57,185.18,245.11,771.47,-1,-1,-1,-1
642,5,1188.08,126.50,367.04,888.99,-1,-1,-1,-1
642,17,937.66,233.22,168.36,563.75,-1,-1,-1,-1
642,19,1340.53,179.73,199.08,669.29,-1,-1,-1,-1
643,0,460.66,170.82,266.42,739.05,-1,-1,-1,-1
643,2,712.53,185.10,256.33,789.46,-1,-1,-1,-1
643,5,1178.68,119.96,386.15,913.74,-1,-1,-1,-1
643,17,955.61,238.97,170.57,552.80,-1,-1,-1,-1
644,0,420.63,174.10,259.57,721.95,-1,-1,-1,-1
644,2,725.99,186.11,243.13,802.92,-1,-1,-1,-1
644,5,1185.22,123.55,384.50,908.80,-1,-1,-1,-1
644,17,979.74,236.02,163.74,557.78,-1,-1,-1,-1
645,0,372.30,172.34,267.39,718.28,-1,-1,-1,-1
645,2,740.54,186.03,231.96,805.10,-1,-1,-1,-1
645,5,1193.12,123.81,387.08,912.25,-1,-1,-1,-1
645,17,989.49,240.24,179.37,550.29,-1,-1,-1,-1
646,0,333.27,173.58,277.28,712.21,-1,-1,-1,-1
646,2,749.23,184.02,225.41,810.23,-1,-1,-1,-1
646,5,1200.05,118.23,396.38,918.55,-1,-1,-1,-1
646,17,993.14,232.48,209.35,559.79,-1,-1,-1,-1
646,19,1181.87,167.75,158.36,695.01,-1,-1,-1,-1
647,0,301.96,174.59,299.78,708.20,-1,-1,-1,-1
647,2,754.96,188.79,227.21,798.25,-1,-1,-1,-1
647,5,1206.65,115.20,404.78,927.78,-1,-1,-1,-1
647,17,998.75,222.02,223.82,575.45,-1,-1,-1,-1
647,19,1163.23,159.56,144.60,719.01,-1,-1,-1,-1
648,0,278.45,171.81,317.16,713.54,-1,-1,-1,-1
648,2,757.06,185.99,236.37,806.64,-1,-1,-1,-1
648,5,1221.21,108.12,397.10,951.68,-1,-1,-1,-1
648,17,1012.87,227.48,209.50,560.73,-1,-1,-1,-1
648,19,1130.19,168.69,164.09,696.52,-1,-1,-1,-1
649,0,264.98,173.12,324.53,715.14,-1,-1,-1,-1
649,2,767.53,186.70,227.02,801.78,-1,-1,-1,-1
649,5,1229.74,104.83,395.89,963.75,-1,-1,-1,-1
649,17,1027.39,227.56,208.73,558.68,-1,-1,-1,-1
649,19,1070.55,163.84,220.27,710.56,-1,-1,-1,-1
650,0,262.02,175.30,325.94,720.38,-1,-1,-1,-1
650,2,776.10,177.99,224.98,821.69,-1,-1,-1,-1
650,5,1236.01,103.48,392.67,970.93,-1,-1,-1,-1
650,17,1041.91,227.63,207.96,556.63,-1,-1,-1,-1
650,19,1023.07,163.31,261.19,715.82,-1,-1,-1,-1
651,0,267.62,172.52,317.34,728.61,-1,-1,-1,-1
651,2,789.58,174.66,223.43,825.10,-1,-1,-1,-1
651,5,1240.79,103.27,385.99,975.18,-1,-1,-1,-1
651,17,1056.43,227.71,207.19,554.58,-1,-1,-1,-1
651,19,999.68,175.50,269.04,705.49,-1,-1,-1,-1
652,0,262.93,175.13,301.64,718.22,-1,-1,-1,-1
652,2,807.15,178.31,217.02,817.51,-1,-1,-1,-1
652,5,1239.12,101.30,381.24,980.79,-1,-1,-1,-1
652,17,1070.95,227.78,206.42,552.54,-1,-1,-1,-1
652,19,996.24,174.59,262.14,711.35,-1,-1,-1,-1
653,0,253.81,178.60,274.93,706.52,-1,-1,-1,-1
653,2,824.10,176.92,212.97,812.28,-1,-1,-1,-1
653,5,1234.76,102.60,367.87,971.40,-1,-1,-1,-1
653,19,989.75,176.67,251.36,715.84,-1,-1,-1,-1
654,0,236.53,175.21,258.92,708.98,-1,-1,-1,-1
654,2,838.63,184.09,220.91,792.74,-1,-1,-1,-1
654,5,1226.88,106.74,348.96,962.14,-1,-1,-1,-1
654,17,1104.55,222.64,149.60,561.78,-1,-1,-1,-1
654,19,990.75,188.99,231.12,690.54,-1,-1,-1,-1
655,0,219.26,174.47,254.67,712.37,-1,-1,-1,-1
655,2,845.48,186.57,262.99,793.52,-1,-1,-1,-1
655,5,1213.03,106.39,333.72,959.20,-1,-1,-1,-1
655,17,1121.12,221.91,140.07,556.15,-1,-1,-1,-1
655,19,973.73,195.58,227.82,680.69,-1,-1,-1,-1
656,0,195.81,167.65,264.85,736.74,-1,-1,-1,-1
656,2,858.09,183.83,283.10,796.88,-1,-1,-1,-1
656,5,1183.00,91.77,338.49,971.98,-1,-1,-1,-1
656,17,1132.69,221.76,139.54,554.13,-1,-1,-1,-1
656,19,956.71,202.17,224.53,670.83,-1,-1,-1,-1
657,0,174.24,169.14,277.30,739.79,-1,-1,-1,-1
657,2,865.57,182.01,297.77,803.38,-1,-1,-1,-1
657,5,1158.64,84.92,341.90,984.98,-1,-1,-1,-1
657,17,1144.27,221.62,139.00,552.11,-1,-1,-1,-1
657,19,939.69,208.75,221.23,660.98,-1,-1,-1,-1
658,0,154.23,167.86,287.65,756.39,-1,-1,-1,-1
658,2,869.42,175.84,301.89,814.57,-1,-1,-1,-1
658,5,1147.00,75.90,320.07,994.44,-1,-1,-1,-1
658,17,1155.85,221.47,138.47,550.09,-1,-1,-1,-1
658,19,922.68,215.34,217.93,651.13,-1,-1,-1,-1
659,0,139.24,169.65,291.83,768.33,-1,-1,-1,-1
659,2,838.76,179.53,338.39,802.53,-1,-1,-1,-1
659,5,1134.83,69.59,295.18,1002.21,-1,-1,-1,-1
659,17,1167.42,221.33,137.93,548.07,-1,-1,-1,-1
660,0,129.94,164.56,291.29,795.09,-1,-1,-1,-1
660,2,808.49,179.16,361.25,809.99,-1,-1,-1,-1
660,5,1105.50,72.73,301.01,993.12,-1,-1,-1,-1
661,0,117.19,165.18,291.65,803.95,-1,-1,-1,-1
661,2,880.89,159.54,288.14,841.58,-1,-1,-1,-1
661,5,1053.45,74.53,330.13,986.21,-1,-1,-1,-1
661,19,770.96,196.32,256.40,699.22,-1,-1,-1,-1
662,0,105.09,165.02,296.05,811.85,-1,-1,-1,-1
662,2,908.97,113.11,345.14,934.02,-1,-1,-1,-1
662,5,1032.46,74.18,329.18,983.37,-1,-1,-1,-1
662,19,759.14,183.24,246.27,714.62,-1,-1,-1,-1
663,0,93.40,163.65,300.47,813.45,-1,-1,-1,-1
663,2,939.81,80.36,364.92,985.65,-1,-1,-1,-1
663,5,1163.21,190.61,160.52,665.42,-1,-1,-1,-1
663,19,753.28,184.82,215.72,711.02,-1,-1,-1,-1
664,0,85.41,159.45,300.05,819.14,-1,-1,-1,-1
664,2,964.00,70.83,383.15,1001.53,-1,-1,-1,-1
664,5,1167.81,241.35,131.77,546.36,-1,-1,-1,-1
664,17,1221.54,214.96,147.04,561.60,-1,-1,-1,-1
664,19,734.34,187.12,204.52,702.60,-1,-1,-1,-1
665,0,74.02,152.96,305.19,832.89,-1,-1,-1,-1
665,2,973.43,67.15,384.02,1005.91,-1,-1,-1,-1
665,5,1172.42,292.08,103.04,427.30,-1,-1,-1,-1
665,17,1235.34,211.64,148.00,566.03,-1,-1,-1,-1
665,19,705.06,176.87,211.06,717.85,-1,-1,-1,-1
666,0,65.51,145.02,309.25,855.65,-1,-1,-1,-1
666,2,980.66,64.80,375.25,1003.40,-1,-1,-1,-1
666,5,1177.01,342.82,74.31,308.24,-1,-1,-1,-1
666,17,1246.10,206.19,153.40,573.61,-1,-1,-1,-1
666,19,669.85,184.01,235.79,709.13,-1,-1,-1,-1
667,0,54.15,136.04,318.97,886.80,-1,-1,-1,-1
667,2,970.38,82.51,390.08,974.72,-1,-1,-1,-1
667,5,1181.60,393.56,45.60,189.18,-1,-1,-1,-1
667,17,1249.02,203.54,173.14,579.39,-1,-1,-1,-1
667,19,614.14,190.21,292.05,704.34,-1,-1,-1,-1
668,0,43.59,133.54,329.15,906.69,-1,-1,-1,-1
668,2,1047.39,142.25,283.59,876.60,-1,-1,-1,-1
668,5,893.78,22.69,265.15,1024.78,-1,-1,-1,-1
668,17,1263.96,202.12,172.12,582.08,-1,-1,-1,-1
668,19,585.79,202.11,307.86,689.36,-1,-1,-1,-1
669,0,35.79,139.62,335.29,905.18,-1,-1,-1,-1
669,2,1067.36,167.96,259.40,832.28,-1,-1,-1,-1
669,5,848.87,6.08,293.42,1060.40,-1,-1,-1,-1
669,17,1273.17,203.74,175.65,580.50,-1,-1,-1,-1
669,19,573.58,199.59,302.20,700.49,-1,-1,-1,-1
670,0,27.71,142.15,346.50,913.08,-1,-1,-1,-1
670,2,1083.86,175.47,251.96,824.36,-1,-1,-1,-1
670,5,815.41,1.56,305.29,1074.27,-1,-1,-1,-1
670,17,1282.66,206.03,170.93,576.96,-1,-1,-1,-1
670,19,568.45,196.86,269.28,705.99,-1,-1,-1,-1
671,0,21.35,142.70,358.33,918.34,-1,-1,-1,-1
671,2,1086.65,166.06,277.26,852.08,-1,-1,-1,-1
671,5,776.71,22.49,330.46,1045.32,-1,-1,-1,-1
671,17,1288.47,214.97,168.53,564.15,-1,-1,-1,-1
671,19,561.07,191.77,224.22,715.57,-1,-1,-1,-1
672,0,9.39,134.31,379.65,936.12,-1,-1,-1,-1
672,2,1090.22,170.91,307.01,858.44,-1,-1,-1,-1
672,5,745.68,49.15,344.17,1011.15,-1,-1,-1,-1
672,17,1297.65,216.00,156.68,575.45,-1,-1,-1,-1
672,19,529.19,190.51,219.80,719.83,-1,-1,-1,-1