32,0,2.96,264.82,192.75,555.25,-1,-1,-1,-1
33,0,4.97,259.32,208.66,565.07,-1,-1,-1,-1
34,0,4.76,251.95,226.24,575.70,-1,-1,-1,-1
35,0,5.46,251.45,247.52,579.06,-1,-1,-1,-1
36,0,3.08,257.88,278.67,565.87,-1,-1,-1,-1
37,0,8.65,260.98,292.31,559.24,-1,-1,-1,-1
38,0,13.37,261.00,308.19,559.52,-1,-1,-1,-1
39,0,21.72,263.02,310.20,560.46,-1,-1,-1,-1
40,0,34.49,260.87,304.05,569.14,-1,-1,-1,-1
41,0,41.69,254.39,303.77,582.20,-1,-1,-1,-1
42,0,51.62,246.79,307.84,594.01,-1,-1,-1,-1
43,0,61.53,242.56,325.54,597.04,-1,-1,-1,-1
44,0,73.58,240.99,338.29,596.83,-1,-1,-1,-1
45,0,82.62,243.30,358.21,594.53,-1,-1,-1,-1
46,0,104.48,242.96,348.94,597.76,-1,-1,-1,-1
47,0,130.35,239.35,325.57,603.89,-1,-1,-1,-1
48,0,154.51,240.00,309.60,604.83,-1,-1,-1,-1
49,0,178.76,240.37,298.37,604.22,-1,-1,-1,-1
50,0,201.16,246.13,285.17,599.66,-1,-1,-1,-1
51,0,217.27,241.28,277.02,608.90,-1,-1,-1,-1
52,0,228.10,229.49,278.96,635.05,-1,-1,-1,-1
53,0,234.21,222.53,285.91,655.61,-1,-1,-1,-1
54,0,240.55,220.65,293.02,660.37,-1,-1,-1,-1
55,0,253.70,220.89,283.08,666.35,-1,-1,-1,-1
56,0,263.91,224.56,282.63,674.55,-1,-1,-1,-1
57,0,270.24,224.26,287.33,686.88,-1,-1,-1,-1
58,0,274.12,222.02,293.01,697.07,-1,-1,-1,-1
59,0,269.98,222.16,313.91,697.51,-1,-1,-1,-1
60,0,267.71,221.45,331.44,698.89,-1,-1,-1,-1
61,0,278.32,218.94,336.59,704.67,-1,-1,-1,-1
62,0,290.63,217.30,367.15,709.86,-1,-1,-1,-1
63,0,320.57,220.46,370.27,706.41,-1,-1,-1,-1
64,0,351.55,226.16,358.65,697.35,-1,-1,-1,-1
65,0,390.85,220.38,320.32,704.72,-1,-1,-1,-1
66,0,415.64,219.99,301.84,701.87,-1,-1,-1,-1
67,0,444.90,215.90,277.28,703.66,-1,-1,-1,-1
68,0,476.16,208.40,250.57,721.95,-1,-1,-1,-1
69,0,497.94,199.55,255.03,749.75,-1,-1,-1,-1
70,0,525.07,199.58,252.45,747.03,-1,-1,-1,-1
71,0,546.83,205.18,294.81,741.48,-1,-1,-1,-1
72,0,565.08,209.26,321.47,730.11,-1,-1,-1,-1
73,0,591.98,201.48,329.91,739.71,-1,-1,-1,-1
74,0,613.87,201.97,328.06,737.43,-1,-1,-1,-1
75,0,644.37,209.25,304.38,725.33,-1,-1,-1,-1
76,0,682.11,197.78,268.23,736.89,-1,-1,-1,-1
77,0,714.34,194.70,240.89,739.47,-1,-1,-1,-1
78,0,726.33,184.81,238.21,748.21,-1,-1,-1,-1
79,0,747.03,178.30,238.83,751.79,-1,-1,-1,-1
80,0,759.74,184.30,276.76,743.16,-1,-1,-1,-1
81,0,780.43,192.62,313.30,734.42,-1,-1,-1,-1
82,0,802.15,189.56,329.69,747.73,-1,-1,-1,-1
83,0,830.86,196.23,313.30,745.19,-1,-1,-1,-1
84,0,858.57,193.28,288.47,751.55,-1,-1,-1,-1
85,0,888.65,189.16,267.36,756.40,-1,-1,-1,-1
86,0,921.35,181.71,235.04,767.53,-1,-1,-1,-1
87,0,940.39,167.26,226.00,803.46,-1,-1,-1,-1
88,0,954.69,165.21,226.51,816.66,-1,-1,-1,-1
89,0,976.82,161.71,220.65,840.10,-1,-1,-1,-1
90,0,986.71,157.46,263.98,868.76,-1,-1,-1,-1
91,0,1001.61,158.23,282.62,885.88,-1,-1,-1,-1
92,0,1027.01,171.31,269.24,872.12,-1,-1,-1,-1
93,0,1047.93,157.55,253.11,891.59,-1,-1,-1,-1
94,0,1060.24,154.38,254.06,899.51,-1,-1,-1,-1
95,0,1087.45,156.06,243.53,895.31,-1,-1,-1,-1
96,0,1100.48,146.68,309.33,916.96,-1,-1,-1,-1
97,0,1126.15,139.72,344.72,928.11,-1,-1,-1,-1
98,0,1148.85,139.12,373.51,928.91,-1,-1,-1,-1
99,0,1167.99,141.57,397.96,930.30,-1,-1,-1,-1
100,0,1184.05,144.27,415.12,932.82,-1,-1,-1,-1
101,0,1198.42,150.70,425.22,928.34,-1,-1,-1,-1
102,0,1205.04,164.99,445.27,913.05,-1,-1,-1,-1
103,0,1223.81,166.02,437.71,906.61,-1,-1,-1,-1
104,0,1262.89,169.08,405.53,901.71,-1,-1,-1,-1
105,0,1302.80,158.66,363.66,906.64,-1,-1,-1,-1
106,0,1333.42,163.14,357.61,895.13,-1,-1,-1,-1
107,0,1358.31,166.17,357.92,894.04,-1,-1,-1,-1
108,0,1374.41,157.68,413.92,907.36,-1,-1,-1,-1
109,0,1391.26,146.81,444.06,926.58,-1,-1,-1,-1
110,0,1424.10,145.90,410.64,924.98,-1,-1,-1,-1
111,0,1444.86,141.73,398.71,932.34,-1,-1,-1,-1
112,0,1454.33,137.38,407.95,936.10,-1,-1,-1,-1
113,0,1474.15,121.40,402.50,954.28,-1,-1,-1,-1
114,0,1499.49,119.19,397.09,952.47,-1,-1,-1,-1
115,0,1522.42,119.16,393.55,947.24,-1,-1,-1,-1
116,0,1540.44,118.75,382.31,943.52,-1,-1,-1,-1
117,0,1546.34,120.01,381.15,936.70,-1,-1,-1,-1
118,0,1541.15,124.26,389.82,927.93,-1,-1,-1,-1
119,0,1535.58,129.48,382.62,917.79,-1,-1,-1,-1
120,0,1537.65,143.61,360.17,886.55,-1,-1,-1,-1
121,0,1525.92,143.11,354.46,887.38,-1,-1,-1,-1
122,0,1516.84,139.50,337.99,883.25,-1,-1,-1,-1
123,0,1509.31,142.45,326.99,874.34,-1,-1,-1,-1
124,0,1493.82,159.68,312.79,842.03,-1,-1,-1,-1
125,0,1462.77,161.62,309.70,833.78,-1,-1,-1,-1
126,0,1435.68,157.74,306.49,839.26,-1,-1,-1,-1
127,0,1419.42,162.04,296.12,822.56,-1,-1,-1,-1
128,0,1408.26,161.14,291.80,820.47,-1,-1,-1,-1
129,0,1397.31,162.20,289.69,827.60,-1,-1,-1,-1
130,0,1378.81,172.79,309.48,812.02,-1,-1,-1,-1
131,0,1371.10,179.70,318.44,798.67,-1,-1,-1,-1
132,0,1377.58,180.02,292.83,791.43,-1,-1,-1,-1
133,0,1380.07,187.54,262.31,765.99,-1,-1,-1,-1
134,0,1377.14,176.67,224.02,760.86,-1,-1,-1,-1
135,0,1358.30,175.37,216.91,746.72,-1,-1,-1,-1
136,0,1332.57,177.64,233.65,739.69,-1,-1,-1,-1
137,0,1307.71,166.43,252.22,776.34,-1,-1,-1,-1
138,0,1286.20,157.24,269.25,809.09,-1,-1,-1,-1
138,1,15.16,253.57,231.75,549.87,-1,-1,-1,-1
139,0,1259.99,156.48,292.12,819.52,-1,-1,-1,-1
139,1,24.51,240.01,227.75,572.51,-1,-1,-1,-1
140,0,1231.13,156.07,316.33,839.91,-1,-1,-1,-1
140,1,38.36,238.56,219.64,571.18,-1,-1,-1,-1
141,0,1212.91,154.54,320.31,851.66,-1,-1,-1,-1
141,1,51.77,231.37,222.16,584.90,-1,-1,-1,-1
142,0,1199.26,145.28,327.41,876.97,-1,-1,-1,-1
142,1,64.72,237.97,257.24,575.31,-1,-1,-1,-1
143,0,1204.54,145.86,310.65,878.58,-1,-1,-1,-1
143,1,88.75,242.52,265.89,575.28,-1,-1,-1,-1
144,0,1219.97,142.92,281.33,886.22,-1,-1,-1,-1
144,1,115.63,238.29,255.92,586.03,-1,-1,-1,-1
145,0,1216.49,141.26,278.27,877.27,-1,-1,-1,-1
145,1,147.65,238.53,230.62,583.26,-1,-1,-1,-1
146,0,1211.37,139.80,277.63,885.36,-1,-1,-1,-1
146,1,180.51,240.48,215.65,573.06,-1,-1,-1,-1
147,0,1189.63,139.17,297.15,898.14,-1,-1,-1,-1
147,1,204.69,235.40,218.94,572.78,-1,-1,-1,-1
148,0,1167.45,138.09,310.80,910.22,-1,-1,-1,-1
148,1,230.79,226.91,228.35,582.54,-1,-1,-1,-1
149,0,1173.53,139.09,279.52,927.82,-1,-1,-1,-1
149,1,254.44,225.62,250.77,580.77,-1,-1,-1,-1
150,0,1144.16,157.56,309.14,908.93,-1,-1,-1,-1
150,1,279.17,228.90,268.38,577.71,-1,-1,-1,-1
151,0,1131.76,176.97,306.14,883.51,-1,-1,-1,-1
151,1,306.20,232.56,273.77,575.14,-1,-1,-1,-1
152,0,1122.52,176.94,292.83,884.91,-1,-1,-1,-1
152,1,342.11,234.79,248.99,569.18,-1,-1,-1,-1
153,0,1124.15,159.59,264.24,916.84,-1,-1,-1,-1
153,1,372.53,232.40,225.42,572.88,-1,-1,-1,-1
154,0,1110.09,170.32,251.71,895.41,-1,-1,-1,-1
154,1,404.20,230.90,200.31,568.78,-1,-1,-1,-1
155,0,1082.58,154.94,248.83,918.52,-1,-1,-1,-1
155,1,429.38,229.33,191.26,568.66,-1,-1,-1,-1
156,0,1057.03,156.97,246.10,919.62,-1,-1,-1,-1
156,1,452.46,226.75,188.42,569.64,-1,-1,-1,-1
157,0,986.36,146.97,314.73,933.32,-1,-1,-1,-1
157,1,470.97,222.96,206.46,574.48,-1,-1,-1,-1
158,0,926.56,125.24,363.83,958.47,-1,-1,-1,-1
158,1,482.06,232.25,246.55,563.51,-1,-1,-1,-1
159,0,903.01,139.12,370.51,930.85,-1,-1,-1,-1
159,1,507.90,226.19,250.67,576.80,-1,-1,-1,-1
160,0,905.15,146.74,348.96,925.72,-1,-1,-1,-1
160,1,546.24,229.25,226.28,570.98,-1,-1,-1,-1
161,0,888.90,156.95,355.98,916.58,-1,-1,-1,-1
161,1,589.01,223.14,199.43,577.19,-1,-1,-1,-1
162,0,874.73,159.18,342.17,912.19,-1,-1,-1,-1
162,1,621.48,230.08,191.30,567.68,-1,-1,-1,-1
163,0,857.63,158.74,338.66,916.34,-1,-1,-1,-1
163,1,646.31,227.10,201.84,571.41,-1,-1,-1,-1
164,0,843.36,171.45,331.60,892.78,-1,-1,-1,-1
164,1,660.82,222.00,228.58,579.89,-1,-1,-1,-1
165,0,839.11,170.96,314.74,896.61,-1,-1,-1,-1
165,1,683.23,221.96,225.09,580.20,-1,-1,-1,-1
166,0,783.06,175.40,387.69,878.38,-1,-1,-1,-1
166,1,709.02,220.50,225.98,582.47,-1,-1,-1,-1
167,0,747.37,184.43,422.49,849.77,-1,-1,-1,-1
167,1,746.59,240.38,160.61,522.73,-1,-1,-1,-1
168,0,733.67,207.06,395.90,813.47,-1,-1,-1,-1
168,1,772.31,248.69,154.28,502.13,-1,-1,-1,-1
169,0,720.54,214.57,357.83,819.05,-1,-1,-1,-1
169,1,798.03,257.01,147.95,481.53,-1,-1,-1,-1
170,0,710.42,188.99,322.35,864.64,-1,-1,-1,-1
170,1,823.75,265.32,141.61,460.93,-1,-1,-1,-1
171,0,696.27,158.32,308.81,908.40,-1,-1,-1,-1
171,1,849.48,273.63,135.28,440.34,-1,-1,-1,-1
172,0,681.74,153.32,312.71,912.97,-1,-1,-1,-1
173,0,660.67,159.37,339.51,892.31,-1,-1,-1,-1
173,1,875.49,215.41,152.83,539.82,-1,-1,-1,-1
174,0,646.34,168.43,360.12,882.28,-1,-1,-1,-1
174,1,889.82,220.55,172.61,533.61,-1,-1,-1,-1
175,0,622.80,168.15,381.33,884.27,-1,-1,-1,-1
175,1,909.95,211.65,168.00,558.81,-1,-1,-1,-1
176,0,595.54,173.76,378.62,882.71,-1,-1,-1,-1
176,1,940.31,212.74,144.43,559.76,-1,-1,-1,-1
177,0,569.35,160.16,357.90,901.34,-1,-1,-1,-1
177,1,956.58,210.76,149.91,565.38,-1,-1,-1,-1
178,0,544.33,160.40,335.48,895.63,-1,-1,-1,-1
178,1,967.47,202.22,172.33,571.99,-1,-1,-1,-1
179,0,522.60,162.28,315.81,893.35,-1,-1,-1,-1
179,1,983.14,202.57,181.60,563.65,-1,-1,-1,-1
180,0,502.93,171.92,305.63,879.38,-1,-1,-1,-1
180,1,987.28,210.14,217.46,548.96,-1,-1,-1,-1
181,0,497.03,170.68,291.95,878.32,-1,-1,-1,-1
181,1,999.22,217.96,234.41,538.65,-1,-1,-1,-1
182,0,499.91,174.91,267.97,871.90,-1,-1,-1,-1
182,1,1015.85,220.72,235.18,540.52,-1,-1,-1,-1
183,0,499.93,187.56,251.29,853.71,-1,-1,-1,-1
183,1,1049.44,210.27,209.04,557.96,-1,-1,-1,-1
184,0,494.13,186.66,243.29,850.95,-1,-1,-1,-1
184,1,1071.18,211.63,200.58,552.18,-1,-1,-1,-1
185,0,473.75,183.63,255.20,861.21,-1,-1,-1,-1
185,1,1096.70,206.95,186.51,554.76,-1,-1,-1,-1
186,0,452.93,182.99,266.48,860.77,-1,-1,-1,-1
186,1,1115.32,202.21,181.01,558.40,-1,-1,-1,-1
187,0,426.57,187.99,287.31,847.71,-1,-1,-1,-1
187,1,1135.26,202.07,182.21,560.73,-1,-1,-1,-1
188,0,412.53,193.51,298.60,826.83,-1,-1,-1,-1
188,1,1151.53,199.05,197.26,566.38,-1,-1,-1,-1
189,0,405.04,193.41,306.00,815.77,-1,-1,-1,-1
189,1,1156.24,204.70,226.29,561.16,-1,-1,-1,-1
190,0,410.21,195.78,300.52,801.07,-1,-1,-1,-1
190,1,1168.95,205.90,231.18,566.00,-1,-1,-1,-1
191,0,411.12,192.25,320.13,804.54,-1,-1,-1,-1
191,1,1184.69,207.84,228.61,567.13,-1,-1,-1,-1
192,0,415.71,193.30,315.76,801.60,-1,-1,-1,-1
192,1,1202.77,209.75,221.04,565.16,-1,-1,-1,-1
193,0,415.90,203.21,300.02,780.59,-1,-1,-1,-1
193,1,1218.89,206.84,225.21,569.56,-1,-1,-1,-1
194,0,412.68,209.03,282.38,759.25,-1,-1,-1,-1
194,1,1237.19,198.69,229.03,577.25,-1,-1,-1,-1
195,0,407.03,213.65,270.36,745.44,-1,-1,-1,-1
195,1,1253.75,187.38,235.91,596.00,-1,-1,-1,-1
196,0,399.67,209.36,263.92,743.26,-1,-1,-1,-1
196,1,1255.29,183.59,275.51,602.95,-1,-1,-1,-1
197,0,394.85,212.55,263.01,729.31,-1,-1,-1,-1
197,1,1257.57,183.58,304.36,611.69,-1,-1,-1,-1
198,0,395.96,212.98,261.84,719.79,-1,-1,-1,-1
198,1,1263.26,187.75,318.66,614.53,-1,-1,-1,-1
198,3,8.62,245.10,242.57,581.72,-1,-1,-1,-1
199,0,396.75,212.28,271.36,713.26,-1,-1,-1,-1
199,1,1280.87,186.51,317.46,625.80,-1,-1,-1,-1
199,3,4.97,251.09,246.02,566.70,-1,-1,-1,-1
200,0,404.82,214.70,281.19,704.72,-1,-1,-1,-1
200,1,1288.91,189.34,329.82,628.46,-1,-1,-1,-1
200,3,8.86,248.36,242.00,575.82,-1,-1,-1,-1
201,0,420.49,215.95,280.65,704.60,-1,-1,-1,-1
201,1,1295.65,185.76,343.88,634.70,-1,-1,-1,-1
201,3,12.49,248.91,232.06,576.07,-1,-1,-1,-1
202,0,441.28,219.25,268.87,695.62,-1,-1,-1,-1
202,1,1319.72,181.09,334.26,643.62,-1,-1,-1,-1
202,3,25.01,238.63,223.02,591.57,-1,-1,-1,-1
203,0,464.16,219.59,265.53,692.63,-1,-1,-1,-1
203,1,1335.85,173.83,330.50,667.03,-1,-1,-1,-1
203,3,39.69,243.87,218.12,582.52,-1,-1,-1,-1
204,0,479.24,222.00,266.02,683.98,-1,-1,-1,-1
204,1,1343.46,173.55,334.93,670.45,-1,-1,-1,-1
204,3,54.15,238.41,219.85,580.85,-1,-1,-1,-1
205,0,502.35,229.45,263.92,668.41,-1,-1,-1,-1
205,1,1346.88,175.07,344.33,685.20,-1,-1,-1,-1
205,3,70.10,236.77,224.69,586.35,-1,-1,-1,-1
206,0,536.83,233.06,244.11,660.99,-1,-1,-1,-1
206,1,1365.48,168.38,316.98,711.28,-1,-1,-1,-1
206,3,81.54,236.00,249.77,585.27,-1,-1,-1,-1
207,0,579.33,216.90,217.64,688.42,-1,-1,-1,-1
207,1,1375.36,166.42,302.91,721.78,-1,-1,-1,-1
207,3,96.19,241.40,269.86,579.97,-1,-1,-1,-1
208,0,598.79,208.96,217.88,703.74,-1,-1,-1,-1
208,1,1380.70,169.82,289.82,715.27,-1,-1,-1,-1
208,3,118.27,237.77,269.23,586.60,-1,-1,-1,-1
209,0,599.28,224.93,263.69,676.52,-1,-1,-1,-1
209,1,1370.46,168.10,293.36,720.39,-1,-1,-1,-1
209,3,127.05,229.20,291.11,596.04,-1,-1,-1,-1
210,0,594.01,228.66,332.57,670.85,-1,-1,-1,-1
210,1,1348.80,163.32,314.79,729.41,-1,-1,-1,-1
210,3,144.32,218.21,286.89,606.29,-1,-1,-1,-1
211,0,604.22,248.48,356.49,642.46,-1,-1,-1,-1
211,1,1345.16,165.78,312.27,728.92,-1,-1,-1,-1
211,3,164.31,216.68,263.56,600.27,-1,-1,-1,-1
212,0,620.93,254.45,359.15,637.11,-1,-1,-1,-1
212,1,1340.57,160.13,310.68,741.46,-1,-1,-1,-1
212,3,189.74,231.40,233.39,578.32,-1,-1,-1,-1
213,0,641.52,279.18,338.32,606.11,-1,-1,-1,-1
213,1,1343.79,156.95,282.34,756.61,-1,-1,-1,-1
213,3,221.14,228.47,199.73,574.07,-1,-1,-1,-1
214,0,669.30,255.62,307.39,635.91,-1,-1,-1,-1
214,1,1342.79,157.07,260.24,775.77,-1,-1,-1,-1
214,3,237.16,230.16,194.21,573.45,-1,-1,-1,-1
215,0,698.35,231.02,280.81,670.76,-1,-1,-1,-1
215,1,1325.36,163.14,261.60,760.75,-1,-1,-1,-1
215,3,248.77,230.14,207.36,574.97,-1,-1,-1,-1
216,0,725.66,225.72,260.77,675.47,-1,-1,-1,-1
216,1,1322.43,164.17,235.60,766.72,-1,-1,-1,-1
216,3,272.03,238.87,211.93,559.27,-1,-1,-1,-1
217,0,765.10,214.30,231.78,686.77,-1,-1,-1,-1
217,1,1295.08,153.35,239.71,782.94,-1,-1,-1,-1
217,3,284.69,241.81,245.57,560.39,-1,-1,-1,-1
218,0,794.71,212.27,216.88,686.79,-1,-1,-1,-1
218,1,1275.98,149.44,236.78,784.47,-1,-1,-1,-1
218,3,294.59,242.08,273.27,563.15,-1,-1,-1,-1
219,0,816.48,209.56,217.68,687.34,-1,-1,-1,-1
219,1,1246.05,147.70,253.01,784.07,-1,-1,-1,-1
219,3,308.29,245.35,282.86,559.54,-1,-1,-1,-1
220,0,832.99,215.74,227.91,672.12,-1,-1,-1,-1
220,1,1216.25,153.95,260.92,772.91,-1,-1,-1,-1
220,3,322.90,246.60,284.03,558.60,-1,-1,-1,-1
221,0,847.97,218.40,235.87,668.96,-1,-1,-1,-1
221,1,1190.44,161.04,270.90,764.79,-1,-1,-1,-1
221,3,345.67,245.16,265.61,564.75,-1,-1,-1,-1
222,0,868.83,218.66,232.80,665.73,-1,-1,-1,-1
222,1,1172.37,166.79,268.21,764.77,-1,-1,-1,-1
222,3,368.55,243.57,248.70,565.03,-1,-1,-1,-1
223,0,895.38,220.58,224.87,654.82,-1,-1,-1,-1
223,1,1159.11,172.19,248.63,753.80,-1,-1,-1,-1
223,3,392.80,243.33,223.93,562.32,-1,-1,-1,-1
224,0,923.92,211.85,216.89,647.46,-1,-1,-1,-1
224,1,1138.20,167.38,222.99,753.22,-1,-1,-1,-1
224,3,415.64,247.13,203.23,555.82,-1,-1,-1,-1
225,0,949.62,203.64,203.05,646.21,-1,-1,-1,-1
225,1,1093.57,158.57,225.25,768.52,-1,-1,-1,-1
225,3,439.60,248.19,185.55,552.19,-1,-1,-1,-1
226,0,973.58,205.32,181.10,641.05,-1,-1,-1,-1
226,1,1060.37,154.56,242.46,779.85,-1,-1,-1,-1
226,3,457.21,245.39,192.50,557.69,-1,-1,-1,-1
227,0,987.31,210.24,171.56,632.90,-1,-1,-1,-1
227,1,1022.32,155.25,272.10,780.33,-1,-1,-1,-1
227,3,470.97,256.32,205.41,541.27,-1,-1,-1,-1
228,0,1005.46,210.29,169.83,626.60,-1,-1,-1,-1
228,1,978.02,162.39,319.06,775.88,-1,-1,-1,-1
228,3,477.50,256.48,236.65,542.47,-1,-1,-1,-1
229,0,1023.62,210.33,168.11,620.30,-1,-1,-1,-1
229,1,952.71,158.61,334.06,788.40,-1,-1,-1,-1
229,3,494.25,260.23,243.38,539.24,-1,-1,-1,-1
230,0,1041.77,210.38,166.38,614.00,-1,-1,-1,-1
230,1,941.92,159.82,322.04,787.26,-1,-1,-1,-1
230,3,507.50,264.72,248.80,535.43,-1,-1,-1,-1
231,0,1052.79,278.50,205.04,529.74,-1,-1,-1,-1
231,1,938.71,163.74,308.90,786.35,-1,-1,-1,-1
231,3,516.11,261.24,256.49,541.05,-1,-1,-1,-1
232,0,1051.44,233.23,236.92,590.21,-1,-1,-1,-1
232,1,935.75,173.55,236.11,770.66,-1,-1,-1,-1
232,3,529.87,253.95,250.19,552.75,-1,-1,-1,-1
233,0,1074.01,222.16,226.49,599.40,-1,-1,-1,-1
233,1,900.54,221.24,232.00,708.10,-1,-1,-1,-1
233,3,553.54,247.33,227.76,561.27,-1,-1,-1,-1
234,0,1093.15,229.88,210.76,583.46,-1,-1,-1,-1
234,1,876.24,209.31,227.08,740.11,-1,-1,-1,-1
234,3,573.39,247.11,210.81,559.94,-1,-1,-1,-1
235,0,1109.72,230.76,187.21,583.56,-1,-1,-1,-1
235,1,837.77,197.44,246.20,754.25,-1,-1,-1,-1
235,3,599.43,247.01,190.58,561.73,-1,-1,-1,-1
236,0,1118.44,218.60,184.07,601.30,-1,-1,-1,-1
236,1,785.54,177.29,289.05,783.57,-1,-1,-1,-1
236,3,620.04,243.34,180.91,560.66,-1,-1,-1,-1
237,0,1120.77,211.42,202.76,611.22,-1,-1,-1,-1
237,1,746.35,186.86,319.88,760.36,-1,-1,-1,-1
237,3,638.28,237.72,183.51,571.93,-1,-1,-1,-1
238,0,1123.95,203.34,222.18,620.98,-1,-1,-1,-1
238,1,702.70,183.43,342.97,761.96,-1,-1,-1,-1
238,3,654.26,202.64,211.50,629.22,-1,-1,-1,-1
239,0,1133.75,208.59,232.94,615.20,-1,-1,-1,-1
239,1,683.55,188.96,312.29,745.63,-1,-1,-1,-1
239,3,670.11,190.37,204.44,643.82,-1,-1,-1,-1
240,0,1137.17,213.57,251.08,609.85,-1,-1,-1,-1
240,1,664.36,184.91,286.21,739.24,-1,-1,-1,-1
240,3,683.83,176.85,211.58,666.32,-1,-1,-1,-1
241,0,1141.61,217.33,260.38,608.22,-1,-1,-1,-1
241,1,652.19,167.07,271.67,771.69,-1,-1,-1,-1
241,3,697.54,163.32,218.71,688.82,-1,-1,-1,-1
242,0,1147.23,217.70,258.81,607.14,-1,-1,-1,-1
242,1,630.78,170.46,275.68,755.26,-1,-1,-1,-1
242,3,711.26,149.79,225.84,711.31,-1,-1,-1,-1
243,0,1154.23,217.63,252.95,602.16,-1,-1,-1,-1
243,1,599.43,167.03,308.40,764.98,-1,-1,-1,-1
243,3,724.97,136.26,232.98,733.81,-1,-1,-1,-1
244,0,1172.37,215.95,236.56,599.00,-1,-1,-1,-1
244,1,557.50,191.28,338.78,737.35,-1,-1,-1,-1
244,3,779.88,238.96,174.03,547.61,-1,-1,-1,-1
245,0,1195.35,210.22,215.25,601.21,-1,-1,-1,-1
245,1,547.55,185.40,311.36,748.43,-1,-1,-1,-1
245,3,798.90,242.42,172.74,540.86,-1,-1,-1,-1
246,0,1232.05,196.32,178.01,615.57,-1,-1,-1,-1
246,1,529.13,182.51,304.80,756.23,-1,-1,-1,-1
246,3,827.09,242.22,162.90,542.29,-1,-1,-1,-1
247,0,1261.36,197.99,149.78,610.87,-1,-1,-1,-1
247,1,509.14,166.43,300.50,791.86,-1,-1,-1,-1
247,3,843.09,238.53,159.66,552.61,-1,-1,-1,-1
248,0,1278.96,199.80,149.18,609.03,-1,-1,-1,-1
248,1,494.61,169.92,267.66,782.11,-1,-1,-1,-1
248,3,849.33,234.93,172.69,556.89,-1,-1,-1,-1
249,0,1283.75,204.81,172.89,602.51,-1,-1,-1,-1
249,1,472.13,169.17,243.18,779.97,-1,-1,-1,-1
249,3,855.56,236.08,193.89,552.09,-1,-1,-1,-1
250,0,1282.89,202.12,197.05,608.33,-1,-1,-1,-1
250,1,442.29,171.45,242.45,774.74,-1,-1,-1,-1
250,3,851.95,244.77,239.37,540.47,-1,-1,-1,-1
251,0,1267.03,203.01,228.73,606.33,-1,-1,-1,-1
251,1,414.23,167.92,241.57,780.98,-1,-1,-1,-1
251,3,861.73,244.92,252.01,541.42,-1,-1,-1,-1
252,0,1252.68,211.26,247.48,593.44,-1,-1,-1,-1
252,1,370.86,168.36,278.64,787.24,-1,-1,-1,-1
252,3,871.23,240.15,253.97,550.82,-1,-1,-1,-1
253,0,1244.54,214.55,256.07,591.52,-1,-1,-1,-1
253,1,340.03,164.18,300.49,805.24,-1,-1,-1,-1
253,3,887.52,238.92,246.33,550.83,-1,-1,-1,-1
254,0,1245.12,214.42,254.55,593.24,-1,-1,-1,-1
254,1,310.25,166.30,322.31,809.26,-1,-1,-1,-1
254,3,910.56,240.20,223.16,547.59,-1,-1,-1,-1
255,0,1255.59,205.83,247.19,607.36,-1,-1,-1,-1
255,1,269.70,176.28,346.13,792.96,-1,-1,-1,-1
255,3,939.65,233.61,193.67,556.03,-1,-1,-1,-1
256,0,1275.75,197.41,230.99,623.32,-1,-1,-1,-1
256,1,232.16,181.09,361.02,782.92,-1,-1,-1,-1
256,3,966.67,231.95,189.07,555.10,-1,-1,-1,-1
257,0,1301.34,192.84,209.53,639.51,-1,-1,-1,-1
257,1,213.81,170.56,354.81,799.79,-1,-1,-1,-1
257,3,989.34,229.92,198.76,555.06,-1,-1,-1,-1
258,0,1331.14,201.07,193.26,635.24,-1,-1,-1,-1
258,1,190.61,157.57,359.70,818.64,-1,-1,-1,-1
258,3,1005.09,226.79,214.60,557.35,-1,-1,-1,-1
259,0,1348.11,201.07,201.41,640.16,-1,-1,-1,-1
259,1,180.91,144.21,348.35,859.15,-1,-1,-1,-1
259,3,1016.47,229.00,231.49,554.18,-1,-1,-1,-1
260,0,1358.91,204.63,214.24,637.10,-1,-1,-1,-1
260,1,171.04,136.46,341.27,889.89,-1,-1,-1,-1
260,3,1025.03,229.64,243.84,554.06,-1,-1,-1,-1
261,0,1374.14,198.98,212.91,655.09,-1,-1,-1,-1
261,1,131.11,150.51,392.43,862.12,-1,-1,-1,-1
261,3,1031.62,226.86,249.06,557.41,-1,-1,-1,-1
262,0,1380.41,199.99,223.81,656.84,-1,-1,-1,-1
262,1,114.52,158.87,410.95,855.46,-1,-1,-1,-1
262,3,1043.00,222.44,241.71,560.55,-1,-1,-1,-1
263,0,1385.90,195.70,239.65,669.65,-1,-1,-1,-1
263,1,92.11,141.51,433.14,899.15,-1,-1,-1,-1
263,3,1061.20,220.73,223.09,562.03,-1,-1,-1,-1
264,0,1390.58,197.74,258.91,669.34,-1,-1,-1,-1
264,1,92.99,138.02,415.87,916.21,-1,-1,-1,-1
264,3,1085.82,213.86,194.53,571.57,-1,-1,-1,-1
265,0,1394.95,195.81,276.51,674.00,-1,-1,-1,-1
265,1,95.57,143.30,405.13,906.04,-1,-1,-1,-1
265,3,1107.20,214.67,172.34,566.22,-1,-1,-1,-1
266,0,1397.99,192.03,289.44,682.43,-1,-1,-1,-1
266,1,49.45,138.89,461.29,911.16,-1,-1,-1,-1
266,3,1137.73,210.54,140.38,573.17,-1,-1,-1,-1
266,4,0.28,209.70,211.01,597.77,-1,-1,-1,-1
267,0,1404.29,187.18,303.92,693.55,-1,-1,-1,-1
267,1,28.57,133.07,484.25,914.98,-1,-1,-1,-1
267,3,1150.97,208.20,146.14,579.98,-1,-1,-1,-1
267,4,5.06,219.57,190.09,586.93,-1,-1,-1,-1
268,0,1410.29,179.48,308.97,718.31,-1,-1,-1,-1
268,1,25.99,126.08,477.43,930.99,-1,-1,-1,-1
268,3,1153.16,205.90,176.86,581.73,-1,-1,-1,-1
268,4,6.49,226.12,204.30,522.85,-1,-1,-1,-1
269,0,1414.80,175.36,303.10,749.18,-1,-1,-1,-1
269,1,36.77,120.05,442.49,948.92,-1,-1,-1,-1
269,3,1154.59,212.98,225.47,572.66,-1,-1,-1,-1
269,4,12.94,234.66,168.94,483.76,-1,-1,-1,-1
270,0,1410.63,174.72,309.31,770.85,-1,-1,-1,-1
270,1,23.06,115.70,452.07,958.12,-1,-1,-1,-1
270,3,1165.06,211.09,239.08,580.20,-1,-1,-1,-1
270,4,18.12,240.35,158.07,452.66,-1,-1,-1,-1
271,0,1403.47,178.77,317.25,776.20,-1,-1,-1,-1
271,1,9.03,110.06,467.80,964.51,-1,-1,-1,-1
271,3,1172.97,209.72,244.93,584.07,-1,-1,-1,-1
271,4,23.30,246.05,147.21,421.56,-1,-1,-1,-1
272,0,1392.84,180.29,327.05,779.32,-1,-1,-1,-1
272,1,5.95,100.61,479.68,977.73,-1,-1,-1,-1
272,3,1186.47,203.12,239.87,596.81,-1,-1,-1,-1
272,4,28.48,251.74,136.35,390.46,-1,-1,-1,-1
273,0,1381.13,172.84,335.73,795.58,-1,-1,-1,-1
273,1,-0.85,93.16,498.49,989.13,-1,-1,-1,-1
273,3,1210.24,208.86,221.50,588.04,-1,-1,-1,-1
273,4,33.66,257.44,125.49,359.36,-1,-1,-1,-1
274,0,1371.62,167.82,343.78,800.19,-1,-1,-1,-1
274,1,11.57,89.82,492.12,984.29,-1,-1,-1,-1
274,3,1238.76,202.52,196.60,597.30,-1,-1,-1,-1
275,0,1365.30,164.10,349.58,815.31,-1,-1,-1,-1
275,1,39.32,94.43,470.55,975.68,-1,-1,-1,-1
275,3,1270.89,202.48,167.09,594.43,-1,-1,-1,-1
276,0,1357.73,159.07,356.91,829.09,-1,-1,-1,-1
276,1,65.67,90.49,451.51,979.94,-1,-1,-1,-1
276,3,1296.35,202.37,145.36,589.61,-1,-1,-1,-1
277,0,1351.75,158.50,365.50,852.96,-1,-1,-1,-1
277,1,93.14,90.79,436.17,978.56,-1,-1,-1,-1
277,3,1312.08,209.64,138.94,576.87,-1,-1,-1,-1
277,4,111.76,235.79,152.28,533.52,-1,-1,-1,-1
278,0,1349.29,160.56,365.77,865.31,-1,-1,-1,-1
278,1,120.10,84.90,431.13,987.18,-1,-1,-1,-1
278,3,1318.00,204.78,140.25,587.39,-1,-1,-1,-1
278,4,127.29,229.08,149.59,530.70,-1,-1,-1,-1
279,0,1339.02,167.84,380.78,869.92,-1,-1,-1,-1
279,1,142.36,78.40,443.59,994.21,-1,-1,-1,-1
279,3,1323.11,194.40,129.81,598.80,-1,-1,-1,-1
279,4,136.90,227.20,150.67,534.57,-1,-1,-1,-1
280,0,1329.58,160.11,391.91,883.55,-1,-1,-1,-1
280,1,165.12,71.80,453.88,993.10,-1,-1,-1,-1
280,3,1333.28,190.44,131.05,604.58,-1,-1,-1,-1
280,4,146.52,225.32,151.76,538.45,-1,-1,-1,-1
281,0,1332.26,152.03,386.86,893.83,-1,-1,-1,-1
281,1,186.67,60.63,475.21,1001.89,-1,-1,-1,-1
281,3,1343.44,186.48,132.28,610.35,-1,-1,-1,-1
281,4,156.13,223.44,152.85,542.32,-1,-1,-1,-1
282,0,1329.32,149.61,378.70,892.49,-1,-1,-1,-1
282,1,219.81,41.35,470.25,1027.48,-1,-1,-1,-1
282,3,1353.60,182.52,133.51,616.13,-1,-1,-1,-1
282,4,165.74,221.56,153.93,546.19,-1,-1,-1,-1
283,0,1321.19,139.15,363.01,907.75,-1,-1,-1,-1
283,1,250.50,39.42,471.68,1025.12,-1,-1,-1,-1
283,3,1363.76,178.55,134.74,621.90,-1,-1,-1,-1
284,0,1302.56,156.19,341.95,879.30,-1,-1,-1,-1
284,1,275.54,44.56,480.43,1024.79,-1,-1,-1,-1
284,3,1412.75,243.42,191.47,512.60,-1,-1,-1,-1
285,0,1254.45,166.62,368.56,861.68,-1,-1,-1,-1
285,1,292.20,57.53,504.44,1008.09,-1,-1,-1,-1
285,3,1431.63,253.85,182.92,518.03,-1,-1,-1,-1
285,5,252.11,301.30,285.85,527.47,-1,-1,-1,-1
286,0,1204.43,165.45,397.75,868.02,-1,-1,-1,-1
286,1,375.96,44.55,474.35,1021.88,-1,-1,-1,-1
286,3,1433.98,234.58,197.86,545.90,-1,-1,-1,-1
286,5,266.20,304.57,280.80,531.22,-1,-1,-1,-1
287,0,1178.93,166.76,396.07,872.87,-1,-1,-1,-1
287,1,461.17,18.38,446.48,1056.89,-1,-1,-1,-1
287,3,1428.14,210.01,227.36,600.90,-1,-1,-1,-1
287,5,279.14,314.56,281.47,523.39,-1,-1,-1,-1
288,0,1162.05,152.35,389.68,896.38,-1,-1,-1,-1
288,1,536.20,13.25,430.20,1055.98,-1,-1,-1,-1
288,3,1439.45,189.24,240.59,651.52,-1,-1,-1,-1
288,5,295.20,326.63,274.69,511.77,-1,-1,-1,-1
289,0,1148.56,153.25,384.38,901.33,-1,-1,-1,-1
289,1,600.12,72.01,425.32,980.88,-1,-1,-1,-1
289,3,1446.65,180.62,257.20,669.23,-1,-1,-1,-1
289,5,305.56,335.86,277.57,502.96,-1,-1,-1,-1
290,0,1151.21,151.33,349.57,910.41,-1,-1,-1,-1
290,1,656.57,95.94,400.16,958.28,-1,-1,-1,-1
290,3,1455.88,188.69,266.67,655.29,-1,-1,-1,-1
290,5,312.67,340.67,274.40,498.24,-1,-1,-1,-1
291,0,1151.44,159.38,309.15,888.56,-1,-1,-1,-1
291,1,702.40,66.19,385.89,1000.59,-1,-1,-1,-1
291,3,1461.40,195.93,276.82,648.18,-1,-1,-1,-1
291,5,320.01,335.54,267.52,505.54,-1,-1,-1,-1
292,0,1141.64,162.54,281.16,876.62,-1,-1,-1,-1
292,1,760.41,108.61,342.24,948.51,-1,-1,-1,-1
292,3,1467.75,195.48,275.45,653.20,-1,-1,-1,-1
292,5,327.21,318.05,261.69,529.33,-1,-1,-1,-1
293,0,1108.34,156.16,281.43,878.72,-1,-1,-1,-1
293,1,801.00,94.71,340.40,959.17,-1,-1,-1,-1
293,3,1476.20,193.90,269.61,661.01,-1,-1,-1,-1
293,5,336.79,295.49,254.00,558.27,-1,-1,-1,-1
294,0,1089.52,230.80,256.29,796.86,-1,-1,-1,-1
294,1,845.15,99.45,338.06,952.60,-1,-1,-1,-1
294,3,1488.26,191.09,255.26,669.20,-1,-1,-1,-1
294,5,349.78,265.04,238.98,597.09,-1,-1,-1,-1
295,0,976.20,115.34,353.51,960.30,-1,-1,-1,-1
295,1,889.31,104.18,335.73,946.04,-1,-1,-1,-1
295,3,1497.42,184.75,241.85,684.05,-1,-1,-1,-1
295,5,358.14,241.95,234.52,625.25,-1,-1,-1,-1
296,0,932.47,52.92,382.18,1045.17,-1,-1,-1,-1
296,1,933.46,108.92,333.39,939.47,-1,-1,-1,-1
296,3,1512.59,164.35,222.38,725.93,-1,-1,-1,-1
296,5,358.93,221.93,239.62,647.16,-1,-1,-1,-1
297,0,895.50,23.02,438.60,1072.27,-1,-1,-1,-1
297,1,977.61,113.66,331.06,932.90,-1,-1,-1,-1
297,3,1523.27,155.03,210.13,750.78,-1,-1,-1,-1
297,5,357.95,201.88,243.73,668.76,-1,-1,-1,-1
298,0,889.25,47.47,468.61,1025.35,-1,-1,-1,-1
298,3,1529.40,154.67,204.69,762.66,-1,-1,-1,-1
298,5,352.00,186.86,253.76,684.12,-1,-1,-1,-1
299,0,910.33,17.72,475.22,1062.60,-1,-1,-1,-1
299,3,1531.15,157.92,203.94,765.99,-1,-1,-1,-1
299,5,345.90,183.60,262.00,690.82,-1,-1,-1,-1
300,0,961.20,84.38,303.97,947.75,-1,-1,-1,-1
300,3,1523.15,171.16,214.96,749.54,-1,-1,-1,-1
300,5,344.11,187.79,261.79,685.79,-1,-1,-1,-1
301,0,948.33,143.54,281.85,865.23,-1,-1,-1,-1
301,1,1138.97,19.54,439.90,1056.86,-1,-1,-1,-1
301,3,1512.44,177.57,224.93,742.56,-1,-1,-1,-1
301,5,341.16,190.33,263.21,693.15,-1,-1,-1,-1
302,0,934.47,177.85,267.16,825.03,-1,-1,-1,-1
302,1,1189.26,28.53,499.71,1023.50,-1,-1,-1,-1
302,3,1515.70,182.50,223.87,739.10,-1,-1,-1,-1
302,5,338.40,191.66,261.90,709.51,-1,-1,-1,-1
303,0,918.42,177.38,251.23,819.09,-1,-1,-1,-1
303,1,1242.70,11.67,481.52,1050.46,-1,-1,-1,-1
303,3,1514.91,194.65,226.48,730.13,-1,-1,-1,-1
303,5,334.10,196.06,263.29,719.09,-1,-1,-1,-1
304,0,906.26,180.55,241.53,829.35,-1,-1,-1,-1
304,1,1291.03,3.14,486.31,1060.87,-1,-1,-1,-1
304,3,1527.80,201.52,242.42,731.36,-1,-1,-1,-1
304,5,326.08,194.07,264.93,735.90,-1,-1,-1,-1
305,0,894.01,176.68,239.53,844.81,-1,-1,-1,-1
305,1,1339.36,-5.39,491.10,1071.27,-1,-1,-1,-1
305,3,1533.79,207.44,241.52,728.67,-1,-1,-1,-1
305,5,315.35,183.24,271.39,764.98,-1,-1,-1,-1
306,0,879.55,168.56,244.49,850.79,-1,-1,-1,-1
306,1,1387.69,-13.92,495.89,1081.68,-1,-1,-1,-1
306,3,1539.79,213.35,240.62,725.98,-1,-1,-1,-1
306,5,303.69,176.36,273.07,775.49,-1,-1,-1,-1
307,0,867.82,167.73,249.12,846.86,-1,-1,-1,-1
307,1,1436.02,-22.45,500.69,1092.08,-1,-1,-1,-1
307,3,1545.78,219.27,239.73,723.29,-1,-1,-1,-1
307,5,290.25,166.05,285.22,796.34,-1,-1,-1,-1
308,0,861.85,169.79,253.87,838.58,-1,-1,-1,-1
308,3,1551.78,225.19,238.83,720.60,-1,-1,-1,-1
308,5,280.44,158.22,284.37,813.25,-1,-1,-1,-1
309,0,861.03,169.81,252.29,845.44,-1,-1,-1,-1
309,1,1415.01,19.39,516.10,1034.78,-1,-1,-1,-1
309,5,261.38,158.86,292.32,811.86,-1,-1,-1,-1
310,0,857.60,175.88,260.10,843.62,-1,-1,-1,-1
310,1,1436.42,33.01,502.54,1027.80,-1,-1,-1,-1
310,5,248.84,162.89,292.54,810.26,-1,-1,-1,-1
311,0,853.10,185.94,270.07,829.43,-1,-1,-1,-1
311,1,1472.49,40.57,470.61,1016.53,-1,-1,-1,-1
311,5,226.88,169.84,308.19,813.14,-1,-1,-1,-1
312,0,844.64,189.66,283.88,818.28,-1,-1,-1,-1
312,1,1514.72,30.47,426.61,1031.98,-1,-1,-1,-1
312,5,196.55,184.15,345.54,800.55,-1,-1,-1,-1
313,0,836.69,198.26,296.31,799.14,-1,-1,-1,-1
313,1,1518.98,54.09,430.98,1012.65,-1,-1,-1,-1
313,5,174.14,204.66,368.05,786.51,-1,-1,-1,-1
314,0,830.41,203.67,303.86,780.72,-1,-1,-1,-1
314,1,1529.95,53.28,419.10,1007.43,-1,-1,-1,-1
314,5,157.76,227.43,383.21,778.02,-1,-1,-1,-1
315,0,823.02,205.33,308.54,759.07,-1,-1,-1,-1
315,1,1533.32,41.01,414.57,1024.20,-1,-1,-1,-1
315,5,145.62,250.60,402.00,769.91,-1,-1,-1,-1
316,0,813.32,207.31,312.92,746.36,-1,-1,-1,-1
316,1,1557.63,52.65,383.82,1008.72,-1,-1,-1,-1
316,3,1511.94,133.29,244.14,886.49,-1,-1,-1,-1
316,5,144.12,265.90,407.56,779.11,-1,-1,-1,-1
317,0,803.74,210.33,313.69,733.46,-1,-1,-1,-1
317,1,1621.92,43.30,306.86,1029.98,-1,-1,-1,-1
317,3,1512.33,126.49,236.18,896.39,-1,-1,-1,-1
317,5,148.22,274.58,409.58,784.14,-1,-1,-1,-1
318,0,797.90,203.49,305.35,741.28,-1,-1,-1,-1
318,1,1663.36,53.02,264.47,1023.33,-1,-1,-1,-1
318,3,1500.87,132.65,250.16,882.68,-1,-1,-1,-1
318,5,163.98,262.75,397.81,808.07,-1,-1,-1,-1
319,0,796.09,203.43,296.92,732.64,-1,-1,-1,-1
319,1,1684.78,43.35,246.90,1038.66,-1,-1,-1,-1
319,3,1476.14,139.84,279.40,862.80,-1,-1,-1,-1
319,5,184.50,236.81,379.65,845.18,-1,-1,-1,-1
320,0,805.27,210.47,277.55,710.12,-1,-1,-1,-1
320,1,1697.05,84.57,238.66,973.87,-1,-1,-1,-1
320,3,1451.70,138.81,288.47,859.15,-1,-1,-1,-1
320,5,206.40,206.93,357.89,883.71,-1,-1,-1,-1
321,0,814.01,217.91,265.14,692.61,-1,-1,-1,-1
321,1,1699.62,94.67,236.30,962.08,-1,-1,-1,-1
321,3,1443.46,130.63,264.69,870.62,-1,-1,-1,-1
321,5,222.49,173.11,351.27,918.82,-1,-1,-1,-1
322,0,825.78,226.92,259.81,654.76,-1,-1,-1,-1
322,1,1708.98,81.63,224.57,947.47,-1,-1,-1,-1
322,3,1405.20,131.81,291.10,862.89,-1,-1,-1,-1
322,5,233.86,142.54,349.87,952.25,-1,-1,-1,-1
323,0,836.77,207.42,268.01,682.64,-1,-1,-1,-1
323,1,1722.12,88.80,220.50,930.44,-1,-1,-1,-1
323,3,1365.64,122.36,311.98,873.98,-1,-1,-1,-1
323,5,246.38,118.08,347.92,970.18,-1,-1,-1,-1
324,0,858.12,199.17,275.97,693.37,-1,-1,-1,-1
324,1,1735.27,95.97,216.42,913.41,-1,-1,-1,-1
324,3,1334.25,130.98,324.53,867.55,-1,-1,-1,-1
324,5,246.24,90.47,363.98,996.81,-1,-1,-1,-1
325,0,877.01,195.86,289.33,698.48,-1,-1,-1,-1
325,1,1748.41,103.14,212.35,896.38,-1,-1,-1,-1
325,3,1310.83,126.66,333.79,877.30,-1,-1,-1,-1
325,5,246.34,81.03,382.51,999.53,-1,-1,-1,-1
326,0,896.63,206.74,299.64,678.45,-1,-1,-1,-1
326,1,1761.56,110.31,208.29,879.35,-1,-1,-1,-1
326,3,1283.96,130.32,347.45,881.13,-1,-1,-1,-1
326,5,225.71,84.87,435.79,986.94,-1,-1,-1,-1
327,0,912.01,209.36,303.16,673.59,-1,-1,-1,-1
327,3,1267.27,137.21,355.03,882.78,-1,-1,-1,-1
327,5,219.58,92.56,463.18,968.18,-1,-1,-1,-1
327,10,1694.62,89.13,210.40,677.18,-1,-1,-1,-1
328,0,928.21,217.55,298.95,662.80,-1,-1,-1,-1
328,3,1250.94,154.33,364.68,864.92,-1,-1,-1,-1
328,5,222.78,98.72,476.58,960.70,-1,-1,-1,-1
328,10,1717.79,106.21,192.38,592.74,-1,-1,-1,-1
329,0,943.77,222.83,281.31,656.74,-1,-1,-1,-1
329,3,1233.77,161.67,371.70,861.30,-1,-1,-1,-1
329,5,234.73,97.97,483.82,968.66,-1,-1,-1,-1
329,10,1713.11,88.48,195.98,698.91,-1,-1,-1,-1
330,0,959.68,224.92,267.94,657.40,-1,-1,-1,-1
330,3,1230.04,160.28,334.16,866.04,-1,-1,-1,-1
330,5,247.67,105.49,485.12,964.39,-1,-1,-1,-1
330,10,1701.45,84.49,208.14,711.43,-1,-1,-1,-1
331,0,966.16,223.68,271.32,658.01,-1,-1,-1,-1
331,3,1216.30,152.67,303.78,876.14,-1,-1,-1,-1
331,5,280.43,94.11,466.46,982.42,-1,-1,-1,-1
331,10,1682.61,78.32,231.92,780.84,-1,-1,-1,-1
332,0,967.14,224.16,287.61,654.76,-1,-1,-1,-1
332,3,1194.32,158.08,285.59,871.11,-1,-1,-1,-1
332,5,314.92,73.47,448.19,1009.47,-1,-1,-1,-1
332,10,1681.35,80.19,230.30,812.59,-1,-1,-1,-1
333,0,975.57,220.51,275.47,657.49,-1,-1,-1,-1
333,3,1169.39,151.79,269.49,891.49,-1,-1,-1,-1
333,5,347.31,62.80,432.53,1017.61,-1,-1,-1,-1
333,10,1683.18,82.65,227.35,836.04,-1,-1,-1,-1
334,0,981.00,222.70,267.85,651.90,-1,-1,-1,-1
334,3,1120.16,157.09,294.26,892.29,-1,-1,-1,-1
334,5,369.74,59.76,436.19,1009.54,-1,-1,-1,-1
334,10,1703.05,101.85,206.87,799.78,-1,-1,-1,-1
335,0,993.30,225.92,243.45,636.10,-1,-1,-1,-1
335,3,1070.62,159.43,328.05,892.32,-1,-1,-1,-1
335,5,389.86,48.70,431.77,1021.09,-1,-1,-1,-1
335,10,1689.42,95.92,228.65,846.98,-1,-1,-1,-1
336,0,1001.28,228.75,240.19,627.57,-1,-1,-1,-1
336,3,1032.04,152.22,356.58,897.48,-1,-1,-1,-1
336,5,418.01,33.18,417.75,1041.03,-1,-1,-1,-1
336,10,1691.85,79.35,225.77,897.24,-1,-1,-1,-1
337,0,1009.26,231.57,236.93,619.04,-1,-1,-1,-1
337,3,1009.96,150.08,365.71,899.44,-1,-1,-1,-1
337,5,438.66,27.13,416.18,1046.36,-1,-1,-1,-1
337,10,1677.23,98.85,244.82,876.31,-1,-1,-1,-1
338,0,1017.24,234.40,233.66,610.51,-1,-1,-1,-1
338,3,993.13,147.21,363.98,908.72,-1,-1,-1,-1
338,5,450.96,28.30,442.31,1040.69,-1,-1,-1,-1
338,10,1651.94,114.86,273.69,864.49,-1,-1,-1,-1
339,0,1025.22,237.23,230.40,601.98,-1,-1,-1,-1
339,3,989.07,161.05,345.73,893.18,-1,-1,-1,-1
339,5,466.97,30.50,473.93,1038.02,-1,-1,-1,-1
339,10,1631.20,139.50,293.03,839.63,-1,-1,-1,-1
340,3,982.62,161.32,322.55,884.24,-1,-1,-1,-1
340,5,499.90,24.48,475.86,1049.20,-1,-1,-1,-1
340,10,1621.72,138.95,291.19,847.89,-1,-1,-1,-1
341,3,975.66,162.44,295.09,883.14,-1,-1,-1,-1
341,5,524.03,33.11,494.18,1040.71,-1,-1,-1,-1
341,10,1613.85,141.87,271.91,845.16,-1,-1,-1,-1
342,3,951.01,158.14,301.20,884.95,-1,-1,-1,-1
342,5,553.84,44.84,497.42,1020.72,-1,-1,-1,-1
342,10,1608.33,142.64,246.30,838.13,-1,-1,-1,-1
343,3,929.09,160.64,280.86,887.25,-1,-1,-1,-1
343,5,625.47,42.72,466.91,1018.46,-1,-1,-1,-1
343,10,1574.32,147.55,240.83,825.04,-1,-1,-1,-1
344,0,1057.08,284.25,141.69,501.41,-1,-1,-1,-1
344,3,905.92,161.22,280.95,887.59,-1,-1,-1,-1
344,5,659.20,44.69,464.06,1012.22,-1,-1,-1,-1
344,10,1536.68,143.07,240.46,821.53,-1,-1,-1,-1
345,0,1033.00,244.16,159.51,575.45,-1,-1,-1,-1
345,3,882.74,161.80,281.04,887.93,-1,-1,-1,-1
345,5,706.23,30.43,466.84,1030.49,-1,-1,-1,-1
345,10,1496.00,143.72,248.66,811.36,-1,-1,-1,-1
346,0,1039.82,241.51,141.24,576.07,-1,-1,-1,-1
346,3,859.57,162.38,281.14,888.26,-1,-1,-1,-1
346,5,728.78,29.72,463.52,1025.78,-1,-1,-1,-1
346,10,1428.91,154.04,301.29,789.10,-1,-1,-1,-1
347,0,1037.66,233.71,144.32,588.72,-1,-1,-1,-1
347,3,836.40,162.96,281.23,888.60,-1,-1,-1,-1
347,5,761.49,27.82,463.39,1025.47,-1,-1,-1,-1
347,10,1397.19,149.22,316.10,791.56,-1,-1,-1,-1
348,0,1035.49,225.92,147.39,601.37,-1,-1,-1,-1
348,5,794.21,25.92,463.27,1025.16,-1,-1,-1,-1
348,10,1379.12,143.98,310.54,795.49,-1,-1,-1,-1
349,0,1033.32,218.12,150.46,614.02,-1,-1,-1,-1
349,5,826.92,24.02,463.14,1024.86,-1,-1,-1,-1
349,10,1367.39,134.91,299.81,805.27,-1,-1,-1,-1
350,0,1031.15,210.33,153.53,626.68,-1,-1,-1,-1
350,5,859.63,22.11,463.01,1024.55,-1,-1,-1,-1
350,10,1361.41,140.80,264.66,787.65,-1,-1,-1,-1
351,3,694.95,125.19,323.64,919.94,-1,-1,-1,-1
351,10,1359.87,135.72,215.71,781.98,-1,-1,-1,-1
352,3,671.61,126.70,301.89,934.14,-1,-1,-1,-1
352,10,1332.17,134.38,210.17,780.82,-1,-1,-1,-1
353,3,642.36,146.42,337.00,908.80,-1,-1,-1,-1
353,10,1302.06,129.52,215.67,786.30,-1,-1,-1,-1
353,17,13.49,241.81,219.20,629.41,-1,-1,-1,-1
354,3,593.42,148.45,394.93,907.83,-1,-1,-1,-1
354,10,1275.36,135.34,226.15,778.54,-1,-1,-1,-1
354,17,13.50,255.42,233.98,605.70,-1,-1,-1,-1
355,0,937.36,241.05,157.69,543.39,-1,-1,-1,-1
355,3,568.48,161.18,407.49,896.11,-1,-1,-1,-1
355,10,1259.54,135.92,224.84,778.53,-1,-1,-1,-1
355,17,18.59,246.76,227.77,618.31,-1,-1,-1,-1
356,0,907.95,232.96,172.99,543.99,-1,-1,-1,-1
356,3,537.31,167.01,404.09,893.32,-1,-1,-1,-1
356,10,1236.63,135.56,224.31,776.73,-1,-1,-1,-1
356,17,15.93,243.05,234.49,614.29,-1,-1,-1,-1
357,0,905.60,241.06,166.28,519.10,-1,-1,-1,-1
357,3,503.66,176.37,414.62,882.48,-1,-1,-1,-1
357,5,939.29,36.75,498.34,1022.20,-1,-1,-1,-1
357,10,1213.71,135.20,223.79,774.93,-1,-1,-1,-1
357,17,14.93,238.45,237.69,613.57,-1,-1,-1,-1
358,0,888.58,237.15,187.13,541.15,-1,-1,-1,-1
358,3,496.21,166.85,373.44,899.40,-1,-1,-1,-1
358,5,991.73,20.94,459.99,1045.57,-1,-1,-1,-1
358,10,1190.80,134.83,223.27,773.14,-1,-1,-1,-1
358,17,15.02,236.07,241.55,613.07,-1,-1,-1,-1
359,0,870.17,232.87,205.04,554.67,-1,-1,-1,-1
359,3,475.35,157.94,357.64,914.98,-1,-1,-1,-1
359,5,1052.61,23.08,422.85,1042.31,-1,-1,-1,-1
359,10,1167.88,134.47,222.75,771.34,-1,-1,-1,-1
359,17,16.01,233.21,257.79,614.33,-1,-1,-1,-1
360,0,833.71,237.77,240.03,552.83,-1,-1,-1,-1
360,3,451.54,152.47,333.04,921.88,-1,-1,-1,-1
360,5,1098.81,22.27,412.56,1046.72,-1,-1,-1,-1
360,17,15.24,240.00,292.71,606.26,-1,-1,-1,-1
361,0,802.55,235.18,266.97,562.67,-1,-1,-1,-1
361,3,419.09,149.95,316.19,921.07,-1,-1,-1,-1
361,5,1122.78,27.63,424.16,1043.15,-1,-1,-1,-1
361,10,1062.99,146.15,202.99,755.42,-1,-1,-1,-1
361,17,31.57,240.79,304.18,605.80,-1,-1,-1,-1
362,0,794.42,246.73,259.71,559.14,-1,-1,-1,-1
362,3,385.83,148.72,312.72,912.09,-1,-1,-1,-1
362,5,1121.16,25.40,457.48,1042.82,-1,-1,-1,-1
362,10,1031.74,147.76,201.87,751.26,-1,-1,-1,-1
362,17,50.27,238.85,302.84,611.89,-1,-1,-1,-1
363,0,795.83,245.56,246.13,573.00,-1,-1,-1,-1
363,3,355.37,143.01,316.04,921.72,-1,-1,-1,-1
363,5,1119.49,19.24,474.80,1050.83,-1,-1,-1,-1
363,10,1000.48,149.36,200.75,747.10,-1,-1,-1,-1
363,17,66.61,236.89,297.56,616.98,-1,-1,-1,-1
364,0,795.48,239.94,232.55,587.57,-1,-1,-1,-1
364,3,304.99,144.34,371.17,924.15,-1,-1,-1,-1
364,5,1140.86,17.18,476.48,1054.51,-1,-1,-1,-1
364,10,969.22,150.97,199.63,742.94,-1,-1,-1,-1
364,17,79.90,235.37,291.87,620.46,-1,-1,-1,-1
365,0,791.70,234.61,221.17,598.76,-1,-1,-1,-1
365,3,283.20,147.58,391.61,926.15,-1,-1,-1,-1
365,5,1162.23,15.13,478.16,1058.20,-1,-1,-1,-1
365,10,957.25,183.92,258.17,719.72,-1,-1,-1,-1
365,17,94.37,231.65,280.63,625.60,-1,-1,-1,-1
366,0,786.31,226.38,212.04,612.35,-1,-1,-1,-1
366,3,242.90,152.94,429.17,923.46,-1,-1,-1,-1
366,5,1143.23,11.27,503.76,1051.69,-1,-1,-1,-1
366,10,951.44,172.84,223.19,730.77,-1,-1,-1,-1
366,17,108.92,226.59,269.04,632.34,-1,-1,-1,-1
367,0,774.87,221.85,211.63,620.05,-1,-1,-1,-1
367,3,218.55,154.20,441.72,924.58,-1,-1,-1,-1
367,5,1154.60,36.07,497.45,1020.35,-1,-1,-1,-1
367,10,919.19,170.96,237.03,740.90,-1,-1,-1,-1
367,17,122.11,232.33,254.70,630.28,-1,-1,-1,-1
368,0,762.04,221.29,212.17,629.18,-1,-1,-1,-1
368,3,172.89,165.24,471.05,910.16,-1,-1,-1,-1
368,5,1159.91,44.99,497.51,1014.00,-1,-1,-1,-1
368,10,898.86,166.76,236.84,757.09,-1,-1,-1,-1
368,17,134.02,215.59,261.02,659.47,-1,-1,-1,-1
369,0,746.88,210.75,219.97,639.38,-1,-1,-1,-1
369,3,149.14,181.31,448.33,890.97,-1,-1,-1,-1
369,5,1174.24,42.56,485.58,1023.82,-1,-1,-1,-1
369,10,884.89,163.09,236.88,762.62,-1,-1,-1,-1
369,17,142.18,208.36,266.65,673.66,-1,-1,-1,-1
370,0,736.24,216.84,226.81,615.50,-1,-1,-1,-1
370,3,129.50,179.49,417.31,893.88,-1,-1,-1,-1
370,5,1207.32,33.18,448.91,1038.12,-1,-1,-1,-1
370,10,813.13,166.93,308.70,779.18,-1,-1,-1,-1
370,17,150.35,201.12,272.28,687.85,-1,-1,-1,-1
371,0,726.93,218.81,224.90,610.35,-1,-1,-1,-1
371,3,115.78,172.19,376.85,890.01,-1,-1,-1,-1
371,5,1244.30,31.74,412.53,1033.31,-1,-1,-1,-1
371,10,771.45,157.68,337.47,804.55,-1,-1,-1,-1
371,17,158.51,193.89,277.91,702.05,-1,-1,-1,-1
372,0,738.25,262.47,169.06,549.76,-1,-1,-1,-1
372,3,94.15,163.67,374.84,908.89,-1,-1,-1,-1
372,5,1261.23,12.72,399.84,1064.30,-1,-1,-1,-1
372,10,749.02,167.36,341.50,800.04,-1,-1,-1,-1
372,17,166.68,186.65,283.54,716.24,-1,-1,-1,-1
373,0,730.83,276.98,161.22,524.28,-1,-1,-1,-1
373,3,62.65,155.97,391.57,922.95,-1,-1,-1,-1
373,5,1275.73,13.62,385.62,1065.15,-1,-1,-1,-1
373,10,751.75,165.64,310.34,804.70,-1,-1,-1,-1
374,0,723.42,291.50,153.37,498.81,-1,-1,-1,-1
374,3,23.60,156.99,432.04,922.72,-1,-1,-1,-1
374,5,1291.41,31.04,359.68,1032.39,-1,-1,-1,-1
374,10,754.43,168.76,270.37,793.46,-1,-1,-1,-1
375,0,715.99,306.01,145.52,473.33,-1,-1,-1,-1
375,3,4.36,155.07,450.16,926.04,-1,-1,-1,-1
375,5,1300.57,40.17,345.00,1016.50,-1,-1,-1,-1
375,10,734.39,174.00,281.50,790.40,-1,-1,-1,-1
376,0,708.57,320.52,137.68,447.86,-1,-1,-1,-1
376,3,-2.48,174.48,435.57,896.66,-1,-1,-1,-1
376,5,1299.05,30.70,356.69,1024.28,-1,-1,-1,-1
376,10,717.42,177.34,283.94,791.18,-1,-1,-1,-1
376,17,238.16,218.79,209.73,631.76,-1,-1,-1,-1
377,3,-8.91,170.59,431.21,904.22,-1,-1,-1,-1
377,5,1299.60,40.24,366.33,1018.44,-1,-1,-1,-1
377,10,692.05,175.77,299.65,793.86,-1,-1,-1,-1
377,17,244.34,213.22,222.36,653.36,-1,-1,-1,-1
378,3,-1.63,170.55,395.59,897.09,-1,-1,-1,-1
378,5,1301.09,45.08,384.13,1023.24,-1,-1,-1,-1
378,10,655.92,172.66,297.33,799.44,-1,-1,-1,-1
378,17,243.71,208.28,246.62,670.07,-1,-1,-1,-1
379,3,-0.53,169.01,359.23,900.54,-1,-1,-1,-1
379,5,1303.83,56.53,399.99,1016.41,-1,-1,-1,-1
379,10,604.17,183.38,332.07,792.23,-1,-1,-1,-1
379,17,229.00,195.42,293.56,698.68,-1,-1,-1,-1
380,3,-4.73,165.75,332.89,904.47,-1,-1,-1,-1
380,5,1305.40,69.11,415.31,1005.45,-1,-1,-1,-1
380,10,578.04,205.90,339.03,767.45,-1,-1,-1,-1
380,17,231.63,198.65,326.17,700.40,-1,-1,-1,-1
380,20,809.61,209.53,250.48,667.28,-1,-1,-1,-1
381,3,-11.00,168.41,322.87,898.82,-1,-1,-1,-1
381,5,1315.54,91.26,402.85,979.41,-1,-1,-1,-1
381,10,572.92,194.67,295.36,789.48,-1,-1,-1,-1
381,17,239.04,203.73,332.37,693.33,-1,-1,-1,-1
381,20,812.07,207.03,253.42,675.57,-1,-1,-1,-1
382,3,-15.00,176.03,318.66,889.44,-1,-1,-1,-1
382,5,1315.73,97.03,392.73,972.36,-1,-1,-1,-1
382,10,557.29,184.54,261.04,808.67,-1,-1,-1,-1
382,17,238.53,204.77,344.35,695.82,-1,-1,-1,-1
382,20,816.75,210.59,254.95,674.55,-1,-1,-1,-1
383,3,-16.20,171.66,315.02,896.84,-1,-1,-1,-1
383,5,1320.73,97.55,378.75,972.84,-1,-1,-1,-1
383,10,525.74,182.57,244.51,814.05,-1,-1,-1,-1
383,17,239.82,205.42,350.78,701.56,-1,-1,-1,-1
383,20,825.21,214.51,257.62,656.37,-1,-1,-1,-1
384,3,-16.68,173.25,315.06,895.62,-1,-1,-1,-1
384,5,1332.36,98.83,348.34,960.62,-1,-1,-1,-1
384,10,483.58,180.81,256.34,801.39,-1,-1,-1,-1
384,17,250.09,191.86,335.87,735.25,-1,-1,-1,-1
384,20,836.07,220.80,260.33,624.03,-1,-1,-1,-1
385,3,-13.90,184.45,308.83,880.61,-1,-1,-1,-1
385,5,1332.98,103.37,340.85,933.89,-1,-1,-1,-1
385,10,444.45,178.58,275.80,810.49,-1,-1,-1,-1
385,17,256.05,189.10,318.67,743.68,-1,-1,-1,-1
385,20,843.76,217.19,264.99,627.91,-1,-1,-1,-1
386,3,-7.33,194.38,298.96,868.28,-1,-1,-1,-1
386,5,1341.25,101.39,330.28,902.83,-1,-1,-1,-1
386,10,372.65,174.91,342.43,827.37,-1,-1,-1,-1
386,17,270.53,186.02,282.35,762.71,-1,-1,-1,-1
386,20,850.20,205.51,267.92,655.18,-1,-1,-1,-1
387,3,-5.01,194.36,294.88,865.92,-1,-1,-1,-1
387,5,1353.87,101.81,306.50,863.45,-1,-1,-1,-1
387,10,327.60,172.64,375.24,839.81,-1,-1,-1,-1
387,17,287.61,191.18,241.14,755.95,-1,-1,-1,-1
387,20,851.12,193.33,279.59,701.16,-1,-1,-1,-1
388,3,-5.33,203.32,294.08,821.70,-1,-1,-1,-1
388,5,1364.35,102.52,282.80,841.07,-1,-1,-1,-1
388,10,303.99,180.50,377.87,833.63,-1,-1,-1,-1
388,17,289.66,190.85,243.01,761.78,-1,-1,-1,-1
388,20,854.51,185.59,288.39,723.52,-1,-1,-1,-1
389,3,-3.92,202.30,292.42,800.43,-1,-1,-1,-1
389,5,1368.75,110.52,271.10,802.43,-1,-1,-1,-1
389,10,296.52,181.29,355.82,829.89,-1,-1,-1,-1
389,17,291.71,190.53,244.87,767.61,-1,-1,-1,-1
389,20,856.24,186.22,301.99,726.65,-1,-1,-1,-1
390,3,-3.42,198.94,295.00,793.61,-1,-1,-1,-1
390,5,1368.73,111.91,264.44,792.44,-1,-1,-1,-1
390,10,286.58,188.38,344.70,814.48,-1,-1,-1,-1
390,17,293.76,190.21,246.73,773.44,-1,-1,-1,-1
390,20,863.22,183.16,309.32,743.61,-1,-1,-1,-1
391,3,-1.81,198.84,298.51,784.65,-1,-1,-1,-1
391,5,1364.85,109.63,259.69,795.33,-1,-1,-1,-1
391,10,277.42,184.14,338.52,809.03,-1,-1,-1,-1
391,17,416.99,312.71,189.83,569.82,-1,-1,-1,-1
391,20,873.84,180.50,316.55,760.26,-1,-1,-1,-1
392,3,0.11,200.27,300.67,770.31,-1,-1,-1,-1
392,5,1362.07,116.67,254.58,789.37,-1,-1,-1,-1
392,10,256.17,189.70,348.21,783.64,-1,-1,-1,-1
392,17,443.73,224.26,213.54,673.34,-1,-1,-1,-1
392,20,880.54,190.27,339.46,751.36,-1,-1,-1,-1
393,3,6.05,195.48,293.68,777.76,-1,-1,-1,-1
393,5,1363.11,125.68,242.22,786.95,-1,-1,-1,-1
393,10,240.92,174.71,333.68,811.47,-1,-1,-1,-1
393,17,461.95,208.85,224.25,694.69,-1,-1,-1,-1
393,20,895.29,191.51,346.05,756.32,-1,-1,-1,-1
394,3,13.38,193.55,286.98,784.04,-1,-1,-1,-1
394,5,1361.16,133.98,229.65,777.32,-1,-1,-1,-1
394,10,232.10,167.10,317.81,819.76,-1,-1,-1,-1
394,17,462.43,196.51,256.21,718.31,-1,-1,-1,-1
394,20,910.15,200.90,348.53,754.00,-1,-1,-1,-1
395,3,21.42,196.60,280.79,781.37,-1,-1,-1,-1
395,5,1356.53,134.65,221.23,783.26,-1,-1,-1,-1
395,10,230.30,171.61,295.72,801.60,-1,-1,-1,-1
395,17,466.54,191.87,275.07,732.03,-1,-1,-1,-1
395,20,928.65,189.18,334.95,787.97,-1,-1,-1,-1
396,3,30.07,203.94,277.57,769.34,-1,-1,-1,-1
396,5,1344.10,137.88,225.64,772.35,-1,-1,-1,-1
396,10,231.26,177.98,272.53,775.95,-1,-1,-1,-1
396,17,472.87,194.83,285.57,734.37,-1,-1,-1,-1
396,20,949.89,189.44,315.83,792.45,-1,-1,-1,-1
397,3,40.39,207.59,282.40,757.13,-1,-1,-1,-1
397,5,1328.79,137.79,230.39,763.22,-1,-1,-1,-1
397,10,228.83,181.54,269.69,765.50,-1,-1,-1,-1
397,17,477.47,200.75,292.67,733.40,-1,-1,-1,-1
397,20,967.49,190.03,305.16,790.33,-1,-1,-1,-1
398,3,51.88,216.66,273.90,720.50,-1,-1,-1,-1
398,5,1317.23,143.81,229.78,736.61,-1,-1,-1,-1
398,10,238.35,185.91,250.87,743.50,-1,-1,-1,-1
398,17,484.06,200.43,288.35,736.90,-1,-1,-1,-1
398,20,985.05,177.50,291.48,806.78,-1,-1,-1,-1
399,3,60.89,218.74,270.31,708.75,-1,-1,-1,-1
399,5,1305.65,149.61,230.14,709.47,-1,-1,-1,-1
399,10,249.25,183.52,234.76,738.24,-1,-1,-1,-1
399,17,487.20,196.46,290.42,747.29,-1,-1,-1,-1
399,20,997.33,177.01,287.37,802.21,-1,-1,-1,-1
400,3,67.03,216.86,271.23,703.40,-1,-1,-1,-1
400,5,1294.47,146.67,217.75,699.98,-1,-1,-1,-1
400,10,257.00,184.29,230.88,735.13,-1,-1,-1,-1
400,17,487.60,191.94,297.08,757.07,-1,-1,-1,-1
400,20,1010.97,171.95,282.05,810.12,-1,-1,-1,-1
401,3,73.23,214.26,270.09,699.77,-1,-1,-1,-1
401,5,1274.88,142.73,214.62,694.15,-1,-1,-1,-1
401,10,270.94,187.01,219.92,722.46,-1,-1,-1,-1
401,17,492.94,189.11,297.15,762.11,-1,-1,-1,-1
401,20,1020.37,169.68,280.53,818.76,-1,-1,-1,-1
402,3,81.07,216.01,266.45,693.56,-1,-1,-1,-1
402,5,1270.39,141.17,198.67,691.25,-1,-1,-1,-1
402,10,290.43,185.96,205.86,719.62,-1,-1,-1,-1
402,17,492.58,183.58,306.53,769.43,-1,-1,-1,-1
402,20,1033.67,165.58,267.06,842.64,-1,-1,-1,-1
403,3,83.04,212.51,275.83,697.20,-1,-1,-1,-1
403,5,1262.56,144.39,203.33,680.75,-1,-1,-1,-1
403,10,305.83,191.26,209.24,711.02,-1,-1,-1,-1
403,17,490.11,183.71,322.40,766.69,-1,-1,-1,-1
403,20,1043.35,167.66,255.71,859.26,-1,-1,-1,-1
404,3,90.34,211.86,273.68,697.99,-1,-1,-1,-1
404,5,1248.53,151.30,229.21,670.90,-1,-1,-1,-1
404,10,321.87,200.70,210.95,684.62,-1,-1,-1,-1
404,17,493.04,180.56,334.23,782.87,-1,-1,-1,-1
404,20,1046.29,174.10,252.61,860.47,-1,-1,-1,-1
405,3,101.49,219.65,267.92,684.85,-1,-1,-1,-1
405,5,1238.74,159.75,251.73,665.23,-1,-1,-1,-1
405,10,339.12,208.30,210.17,664.15,-1,-1,-1,-1
405,17,505.32,180.80,327.94,795.22,-1,-1,-1,-1
405,20,1048.54,177.10,245.41,860.25,-1,-1,-1,-1
406,3,111.29,218.28,262.20,686.02,-1,-1,-1,-1
406,5,1230.94,166.37,277.82,669.29,-1,-1,-1,-1
406,10,358.26,209.69,201.57,660.74,-1,-1,-1,-1
406,17,518.64,183.83,319.22,796.42,-1,-1,-1,-1
406,20,1048.71,181.81,239.30,854.15,-1,-1,-1,-1
407,3,119.34,225.51,260.82,675.20,-1,-1,-1,-1
407,5,1219.31,183.13,303.50,665.67,-1,-1,-1,-1
407,10,382.43,212.65,188.49,633.21,-1,-1,-1,-1
407,17,525.73,181.37,318.52,802.45,-1,-1,-1,-1
407,20,1048.39,176.72,242.67,864.80,-1,-1,-1,-1
408,3,131.00,228.27,255.00,663.69,-1,-1,-1,-1
408,5,1214.50,189.07,295.49,661.31,-1,-1,-1,-1
408,10,401.43,206.56,185.27,645.71,-1,-1,-1,-1
408,17,520.38,177.53,334.41,803.56,-1,-1,-1,-1
408,20,1048.99,176.51,237.83,865.84,-1,-1,-1,-1
409,3,136.98,224.71,258.23,663.84,-1,-1,-1,-1
409,5,1215.55,190.66,275.36,662.73,-1,-1,-1,-1
409,10,416.08,204.57,181.49,645.36,-1,-1,-1,-1
409,17,524.51,171.09,329.07,812.28,-1,-1,-1,-1
409,20,1049.79,181.53,237.39,862.14,-1,-1,-1,-1
410,3,141.84,232.24,266.56,644.13,-1,-1,-1,-1
410,5,1213.33,187.17,258.61,662.51,-1,-1,-1,-1
410,10,428.47,201.59,178.74,648.86,-1,-1,-1,-1
410,17,520.12,166.82,343.39,815.47,-1,-1,-1,-1
410,20,1056.44,164.96,234.65,896.36,-1,-1,-1,-1
411,3,157.10,233.44,254.83,632.25,-1,-1,-1,-1
411,5,1197.58,176.14,262.27,670.60,-1,-1,-1,-1
411,10,445.68,206.96,168.87,626.71,-1,-1,-1,-1
411,17,538.87,162.02,324.47,827.88,-1,-1,-1,-1
411,20,1060.20,159.97,232.43,904.85,-1,-1,-1,-1
412,3,166.48,232.21,252.21,622.55,-1,-1,-1,-1
412,5,1177.08,174.65,255.17,665.73,-1,-1,-1,-1
412,10,454.64,208.78,169.77,626.10,-1,-1,-1,-1
412,17,549.90,158.79,317.95,847.62,-1,-1,-1,-1
412,20,1060.62,176.62,244.68,874.42,-1,-1,-1,-1
413,3,182.79,229.94,239.27,618.53,-1,-1,-1,-1
413,5,1166.38,174.39,255.00,665.30,-1,-1,-1,-1
413,10,466.62,206.49,168.31,630.98,-1,-1,-1,-1
413,17,530.51,155.23,342.87,862.06,-1,-1,-1,-1
413,20,1058.67,175.29,256.65,863.66,-1,-1,-1,-1
414,3,202.63,230.19,225.53,613.80,-1,-1,-1,-1
414,5,1155.68,174.13,254.84,664.86,-1,-1,-1,-1
414,10,478.17,205.11,168.06,630.08,-1,-1,-1,-1
414,17,530.76,150.62,328.20,885.54,-1,-1,-1,-1
414,20,1065.78,194.00,242.15,844.01,-1,-1,-1,-1
415,3,219.93,231.93,218.45,608.99,-1,-1,-1,-1
415,5,1144.98,173.87,254.67,664.43,-1,-1,-1,-1
415,10,489.71,203.73,167.81,629.18,-1,-1,-1,-1
415,17,534.64,152.62,310.23,884.62,-1,-1,-1,-1
415,20,1066.06,186.12,239.64,867.84,-1,-1,-1,-1
416,3,234.76,232.06,203.34,607.83,-1,-1,-1,-1
416,5,1134.28,173.61,254.51,664.00,-1,-1,-1,-1
416,10,501.26,202.35,167.57,628.27,-1,-1,-1,-1
416,17,548.04,153.33,277.85,889.94,-1,-1,-1,-1
416,20,1054.92,201.30,266.64,851.27,-1,-1,-1,-1
417,3,246.43,226.09,190.45,613.33,-1,-1,-1,-1
417,10,512.81,200.98,167.32,627.37,-1,-1,-1,-1
417,17,555.95,161.30,257.16,874.42,-1,-1,-1,-1
417,20,1046.28,194.13,293.21,870.07,-1,-1,-1,-1
418,3,258.97,232.77,185.89,597.30,-1,-1,-1,-1
418,17,556.04,175.27,251.89,857.16,-1,-1,-1,-1
418,20,1017.68,178.06,357.75,888.36,-1,-1,-1,-1
419,3,263.95,233.17,192.47,591.72,-1,-1,-1,-1
419,17,526.82,174.88,279.97,861.85,-1,-1,-1,-1
419,20,996.22,156.51,400.17,917.58,-1,-1,-1,-1
420,3,263.28,234.55,205.13,582.23,-1,-1,-1,-1
420,17,496.76,168.49,314.96,879.85,-1,-1,-1,-1
420,20,989.98,140.74,426.01,937.47,-1,-1,-1,-1
421,3,261.84,234.02,213.51,579.18,-1,-1,-1,-1
421,17,463.39,171.40,360.87,894.57,-1,-1,-1,-1
421,20,1002.69,131.87,434.40,951.02,-1,-1,-1,-1
422,3,266.29,232.63,214.56,580.73,-1,-1,-1,-1
422,10,705.69,224.39,133.79,560.49,-1,-1,-1,-1
422,17,437.35,161.76,390.26,917.73,-1,-1,-1,-1
422,20,1002.40,128.04,459.67,953.78,-1,-1,-1,-1
423,3,267.32,230.29,218.19,581.33,-1,-1,-1,-1
423,10,714.80,220.34,166.03,570.66,-1,-1,-1,-1
423,17,418.12,165.18,401.86,912.82,-1,-1,-1,-1
423,20,1001.94,129.88,478.25,950.83,-1,-1,-1,-1
424,3,271.44,236.92,228.50,571.98,-1,-1,-1,-1
424,5,976.28,179.11,241.38,641.99,-1,-1,-1,-1
424,10,738.71,219.14,165.83,569.95,-1,-1,-1,-1
424,17,406.66,153.82,416.16,923.32,-1,-1,-1,-1
424,20,1036.23,132.12,457.38,947.38,-1,-1,-1,-1
425,3,277.74,242.14,243.50,568.37,-1,-1,-1,-1
425,5,938.60,175.63,272.87,658.22,-1,-1,-1,-1
425,10,759.39,226.56,148.34,547.10,-1,-1,-1,-1
425,17,413.06,151.11,398.47,922.24,-1,-1,-1,-1
425,20,1076.86,137.31,439.03,940.71,-1,-1,-1,-1
426,3,286.67,241.92,248.41,572.00,-1,-1,-1,-1
426,5,940.22,173.84,252.17,670.30,-1,-1,-1,-1
426,10,756.50,217.82,172.41,550.25,-1,-1,-1,-1
426,17,408.65,147.69,410.13,921.89,-1,-1,-1,-1
426,20,1110.84,140.43,431.64,937.25,-1,-1,-1,-1
427,3,294.51,250.09,250.55,561.03,-1,-1,-1,-1
427,5,952.05,164.99,222.19,688.90,-1,-1,-1,-1
427,10,765.95,215.98,183.92,556.02,-1,-1,-1,-1
427,17,417.73,139.24,394.66,929.97,-1,-1,-1,-1
427,20,1112.24,143.75,459.51,933.90,-1,-1,-1,-1
428,3,308.93,242.59,236.58,573.93,-1,-1,-1,-1
428,5,947.19,163.09,214.99,690.78,-1,-1,-1,-1
428,10,778.56,218.17,186.94,555.56,-1,-1,-1,-1
428,17,428.80,133.87,376.92,941.73,-1,-1,-1,-1
428,20,1137.71,149.06,454.00,928.34,-1,-1,-1,-1
429,3,322.99,255.42,223.22,553.68,-1,-1,-1,-1
429,5,912.41,167.94,241.92,676.37,-1,-1,-1,-1
429,10,796.74,222.96,180.31,541.96,-1,-1,-1,-1
429,17,427.67,123.56,372.90,956.74,-1,-1,-1,-1
429,20,1174.19,141.36,425.07,937.56,-1,-1,-1,-1
430,3,342.28,258.01,197.09,548.10,-1,-1,-1,-1
430,5,876.20,171.25,268.37,671.62,-1,-1,-1,-1
430,10,807.79,210.40,196.83,577.85,-1,-1,-1,-1
430,17,425.49,120.58,369.53,961.03,-1,-1,-1,-1
430,20,1206.42,134.24,403.28,937.23,-1,-1,-1,-1
431,3,353.68,256.30,184.05,544.69,-1,-1,-1,-1
431,5,821.96,184.60,325.63,658.47,-1,-1,-1,-1
431,10,823.29,203.82,201.20,590.67,-1,-1,-1,-1
431,17,427.68,121.30,364.72,953.58,-1,-1,-1,-1
431,20,1234.43,131.88,383.11,936.71,-1,-1,-1,-1
432,3,363.89,260.19,171.64,536.30,-1,-1,-1,-1
432,5,789.29,191.63,348.73,653.49,-1,-1,-1,-1
432,10,838.80,197.25,205.57,603.49,-1,-1,-1,-1
432,17,426.13,126.56,356.36,938.73,-1,-1,-1,-1
432,20,1258.09,134.32,365.03,927.07,-1,-1,-1,-1
433,3,366.01,249.14,180.11,553.23,-1,-1,-1,-1
433,5,766.74,198.28,358.05,649.89,-1,-1,-1,-1
433,10,854.30,190.67,209.94,616.31,-1,-1,-1,-1
433,17,421.01,120.41,367.30,945.68,-1,-1,-1,-1
433,20,1271.24,127.72,362.16,938.36,-1,-1,-1,-1
434,3,371.99,246.43,181.42,557.27,-1,-1,-1,-1
434,5,751.25,199.57,368.49,654.57,-1,-1,-1,-1
434,10,869.80,184.10,214.31,629.13,-1,-1,-1,-1
434,17,422.71,127.81,362.71,931.32,-1,-1,-1,-1
434,20,1281.08,140.31,356.49,915.16,-1,-1,-1,-1
435,3,396.63,243.58,141.80,559.31,-1,-1,-1,-1
435,5,746.16,199.12,371.78,660.33,-1,-1,-1,-1
435,17,416.72,122.12,397.16,944.45,-1,-1,-1,-1
435,20,1283.85,138.21,359.56,922.00,-1,-1,-1,-1
436,3,393.25,249.94,152.11,528.95,-1,-1,-1,-1
436,5,741.64,199.78,378.78,660.75,-1,-1,-1,-1
436,17,407.21,129.45,410.75,940.88,-1,-1,-1,-1
436,20,1286.63,142.62,358.46,917.04,-1,-1,-1,-1
437,3,400.33,253.00,149.04,518.33,-1,-1,-1,-1
437,5,740.42,186.96,378.43,676.20,-1,-1,-1,-1
437,10,969.36,216.17,178.38,540.22,-1,-1,-1,-1
437,17,395.02,134.15,423.67,936.27,-1,-1,-1,-1
437,20,1289.39,139.68,352.26,923.58,-1,-1,-1,-1
438,3,386.53,238.59,183.12,544.71,-1,-1,-1,-1
438,5,757.58,177.95,325.10,683.08,-1,-1,-1,-1
438,10,971.21,224.44,204.24,526.70,-1,-1,-1,-1
438,17,386.50,144.53,428.91,928.66,-1,-1,-1,-1
438,20,1294.94,142.58,339.98,913.80,-1,-1,-1,-1
439,3,401.48,234.92,172.13,518.37,-1,-1,-1,-1
439,5,768.32,173.87,266.47,687.19,-1,-1,-1,-1
439,10,994.94,210.57,194.33,545.02,-1,-1,-1,-1
439,17,397.80,151.90,406.21,923.79,-1,-1,-1,-1
439,20,1300.30,147.79,333.28,898.60,-1,-1,-1,-1
440,3,427.06,228.71,151.08,549.81,-1,-1,-1,-1
440,5,760.34,170.30,234.06,688.77,-1,-1,-1,-1
440,10,1015.76,217.39,183.29,534.40,-1,-1,-1,-1
440,17,430.97,151.73,353.34,927.21,-1,-1,-1,-1
440,20,1304.28,150.47,326.96,879.76,-1,-1,-1,-1
441,3,433.34,222.10,153.54,558.84,-1,-1,-1,-1
441,5,746.83,166.84,213.35,687.15,-1,-1,-1,-1
441,10,1043.62,215.40,157.01,535.39,-1,-1,-1,-1
441,17,458.82,147.88,310.06,933.85,-1,-1,-1,-1
441,20,1306.66,149.02,325.54,876.15,-1,-1,-1,-1
442,3,439.61,215.48,156.00,567.86,-1,-1,-1,-1
442,5,725.80,149.28,204.01,717.12,-1,-1,-1,-1
442,10,1063.35,213.72,153.63,537.03,-1,-1,-1,-1
442,17,475.84,138.15,285.88,941.36,-1,-1,-1,-1
442,20,1306.04,154.29,329.89,862.33,-1,-1,-1,-1
443,3,445.88,208.86,158.46,576.89,-1,-1,-1,-1
443,5,708.04,153.30,200.22,709.36,-1,-1,-1,-1
443,10,1082.13,209.18,149.03,549.14,-1,-1,-1,-1
443,17,486.55,142.76,278.94,921.07,-1,-1,-1,-1
443,20,1305.38,159.18,336.79,851.08,-1,-1,-1,-1
444,3,452.16,202.24,160.91,585.92,-1,-1,-1,-1
444,5,709.79,166.91,189.34,675.15,-1,-1,-1,-1
444,10,1094.21,201.03,160.97,566.77,-1,-1,-1,-1
444,17,488.69,143.79,328.76,916.23,-1,-1,-1,-1
444,20,1306.04,161.66,344.70,845.18,-1,-1,-1,-1
445,5,709.10,196.45,180.09,560.83,-1,-1,-1,-1
445,10,1100.57,199.40,196.37,573.91,-1,-1,-1,-1
445,17,477.38,143.75,382.77,921.14,-1,-1,-1,-1
445,20,1309.11,164.35,349.64,837.88,-1,-1,-1,-1
446,5,710.19,209.75,156.80,493.70,-1,-1,-1,-1
446,10,1107.84,207.87,223.04,563.90,-1,-1,-1,-1
446,17,459.62,145.77,430.75,897.11,-1,-1,-1,-1
446,20,1314.56,178.65,352.19,806.02,-1,-1,-1,-1
447,5,707.22,231.86,136.95,431.21,-1,-1,-1,-1
447,10,1120.52,207.94,229.11,565.44,-1,-1,-1,-1
447,17,446.83,146.29,448.21,885.22,-1,-1,-1,-1
447,20,1322.82,175.81,340.26,805.05,-1,-1,-1,-1
448,5,704.24,253.96,117.09,368.71,-1,-1,-1,-1
448,10,1136.73,204.23,219.57,573.97,-1,-1,-1,-1
448,17,449.46,137.04,448.74,907.18,-1,-1,-1,-1
448,20,1326.62,175.01,327.61,792.61,-1,-1,-1,-1
449,5,701.27,276.07,97.24,306.21,-1,-1,-1,-1
449,10,1171.66,212.04,177.12,554.46,-1,-1,-1,-1
449,17,464.47,130.11,420.84,913.18,-1,-1,-1,-1
449,20,1325.35,178.47,318.80,779.59,-1,-1,-1,-1
450,5,698.29,298.18,77.39,243.71,-1,-1,-1,-1
450,10,1195.99,204.61,163.82,565.44,-1,-1,-1,-1
450,17,460.12,123.27,419.89,938.97,-1,-1,-1,-1
450,20,1318.99,180.67,313.20,765.32,-1,-1,-1,-1
451,10,1211.95,198.74,169.31,575.46,-1,-1,-1,-1
451,17,464.43,116.06,397.88,956.27,-1,-1,-1,-1
451,20,1294.21,180.00,318.46,759.86,-1,-1,-1,-1
452,10,1229.80,194.51,160.18,583.32,-1,-1,-1,-1
452,17,461.28,125.63,390.28,949.53,-1,-1,-1,-1
452,20,1277.26,180.06,315.17,755.76,-1,-1,-1,-1
453,10,1244.45,204.36,147.51,557.48,-1,-1,-1,-1
453,17,462.78,130.17,374.33,944.45,-1,-1,-1,-1
453,20,1259.93,183.73,317.12,748.47,-1,-1,-1,-1
454,10,1252.66,203.68,145.44,563.70,-1,-1,-1,-1
454,17,454.40,138.43,380.74,932.13,-1,-1,-1,-1
454,20,1248.65,182.73,317.10,747.14,-1,-1,-1,-1
455,10,1266.45,204.27,145.02,562.09,-1,-1,-1,-1
455,17,461.20,133.34,367.66,942.31,-1,-1,-1,-1
455,20,1236.49,182.71,316.70,746.46,-1,-1,-1,-1
456,10,1280.24,204.86,144.60,560.49,-1,-1,-1,-1
456,17,450.40,143.73,388.83,925.77,-1,-1,-1,-1
456,20,1229.33,183.22,320.73,741.17,-1,-1,-1,-1
457,10,1294.03,205.44,144.18,558.88,-1,-1,-1,-1
457,17,441.27,143.77,408.71,928.86,-1,-1,-1,-1
457,20,1234.12,186.21,298.76,733.27,-1,-1,-1,-1
458,5,428.49,170.58,211.58,708.69,-1,-1,-1,-1
458,10,1347.14,205.42,158.80,560.63,-1,-1,-1,-1
458,17,417.55,145.80,470.77,919.76,-1,-1,-1,-1
458,20,1239.19,189.81,264.95,726.98,-1,-1,-1,-1
459,5,404.54,163.72,218.38,731.51,-1,-1,-1,-1
459,10,1358.46,193.85,182.79,598.48,-1,-1,-1,-1
459,17,403.20,144.55,503.83,919.75,-1,-1,-1,-1
459,20,1233.35,186.68,250.34,726.46,-1,-1,-1,-1
460,5,377.34,159.26,236.68,755.44,-1,-1,-1,-1
460,10,1364.12,185.70,203.39,613.93,-1,-1,-1,-1
460,17,401.26,156.79,514.09,898.77,-1,-1,-1,-1
460,20,1228.11,180.70,235.11,734.24,-1,-1,-1,-1
461,5,346.06,160.26,267.17,773.02,-1,-1,-1,-1
461,10,1363.26,172.69,233.74,640.13,-1,-1,-1,-1
461,17,416.99,143.40,503.43,921.93,-1,-1,-1,-1
461,20,1220.53,178.16,199.63,734.63,-1,-1,-1,-1
462,5,314.17,169.36,312.23,778.69,-1,-1,-1,-1
462,10,1357.76,170.97,264.51,647.02,-1,-1,-1,-1
462,17,475.89,134.21,450.27,941.16,-1,-1,-1,-1
462,20,1188.76,177.69,213.10,734.79,-1,-1,-1,-1
463,5,295.76,177.14,338.72,780.42,-1,-1,-1,-1
463,10,1350.38,174.30,300.43,652.58,-1,-1,-1,-1
463,17,516.42,131.78,424.90,948.08,-1,-1,-1,-1
463,20,1132.76,181.68,265.41,725.63,-1,-1,-1,-1
464,5,300.05,175.20,341.61,786.13,-1,-1,-1,-1
464,10,1355.66,173.55,306.20,662.53,-1,-1,-1,-1
464,17,542.70,117.12,422.04,967.65,-1,-1,-1,-1
464,20,1088.57,186.12,298.66,717.51,-1,-1,-1,-1
465,5,309.33,169.27,327.38,793.41,-1,-1,-1,-1
465,10,1374.44,173.97,285.22,670.99,-1,-1,-1,-1
465,17,564.91,117.37,420.38,958.42,-1,-1,-1,-1
465,20,1057.89,192.26,319.83,710.35,-1,-1,-1,-1
466,5,311.90,166.73,300.03,793.13,-1,-1,-1,-1
466,10,1373.20,182.55,309.05,666.01,-1,-1,-1,-1
466,17,584.53,122.27,427.43,936.53,-1,-1,-1,-1
466,20,1040.91,190.65,323.74,716.74,-1,-1,-1,-1
467,5,312.98,160.29,263.40,795.43,-1,-1,-1,-1
467,10,1382.91,178.26,310.08,668.69,-1,-1,-1,-1
467,17,608.71,125.80,418.55,925.51,-1,-1,-1,-1
467,20,1037.79,186.62,310.60,726.52,-1,-1,-1,-1
468,5,301.66,156.07,246.12,798.95,-1,-1,-1,-1
468,10,1398.69,169.69,294.56,682.63,-1,-1,-1,-1
468,17,623.67,116.64,403.52,948.91,-1,-1,-1,-1
468,20,1036.19,188.41,291.43,720.17,-1,-1,-1,-1
469,5,285.54,153.44,248.43,797.61,-1,-1,-1,-1
469,10,1411.07,166.64,281.61,689.92,-1,-1,-1,-1
469,17,632.22,120.95,433.01,950.66,-1,-1,-1,-1
469,20,1035.72,194.82,267.91,713.80,-1,-1,-1,-1
470,5,261.88,152.05,279.12,798.49,-1,-1,-1,-1
470,10,1418.64,159.94,276.13,711.38,-1,-1,-1,-1
470,17,640.50,124.00,443.30,947.42,-1,-1,-1,-1
470,20,1034.59,208.76,248.06,695.97,-1,-1,-1,-1
471,5,237.78,154.58,333.44,793.85,-1,-1,-1,-1
471,10,1425.28,161.67,272.66,712.46,-1,-1,-1,-1
471,17,662.08,120.08,443.94,954.79,-1,-1,-1,-1
471,20,1032.60,206.63,220.91,693.66,-1,-1,-1,-1
472,5,220.86,154.64,371.87,794.73,-1,-1,-1,-1
472,10,1426.94,165.31,282.30,708.43,-1,-1,-1,-1
472,17,691.00,134.01,447.54,926.69,-1,-1,-1,-1
472,20,1033.78,201.21,193.68,706.18,-1,-1,-1,-1
473,5,210.14,157.10,415.68,790.07,-1,-1,-1,-1
473,10,1426.64,169.00,300.22,703.81,-1,-1,-1,-1
473,17,726.95,121.77,449.37,939.25,-1,-1,-1,-1
473,20,1019.14,200.65,194.27,708.35,-1,-1,-1,-1
474,5,202.92,160.24,441.56,790.19,-1,-1,-1,-1
474,10,1423.69,163.69,318.69,716.44,-1,-1,-1,-1
474,17,791.79,111.00,399.19,947.59,-1,-1,-1,-1
474,20,1004.50,200.09,194.86,710.53,-1,-1,-1,-1
475,5,188.08,162.80,466.84,790.74,-1,-1,-1,-1
475,10,1423.61,161.98,330.86,720.46,-1,-1,-1,-1
475,17,858.83,103.24,341.44,956.42,-1,-1,-1,-1
475,20,989.86,199.52,195.45,712.70,-1,-1,-1,-1
476,5,179.12,159.35,470.84,799.95,-1,-1,-1,-1
476,10,1429.44,155.84,314.77,739.05,-1,-1,-1,-1
476,17,903.35,101.02,317.66,932.48,-1,-1,-1,-1
476,20,975.22,198.96,196.04,714.88,-1,-1,-1,-1
477,5,172.04,159.85,461.38,802.23,-1,-1,-1,-1
477,10,1437.34,155.02,296.71,742.89,-1,-1,-1,-1
477,17,925.90,114.06,332.51,936.83,-1,-1,-1,-1
478,5,174.41,157.15,435.11,810.04,-1,-1,-1,-1
478,10,1440.76,155.16,283.10,754.40,-1,-1,-1,-1
478,17,929.51,163.39,416.24,885.47,-1,-1,-1,-1
479,5,170.64,152.52,414.34,826.36,-1,-1,-1,-1
479,10,1429.00,150.21,282.20,775.29,-1,-1,-1,-1
479,17,955.51,172.55,480.36,890.90,-1,-1,-1,-1
479,20,912.06,270.60,186.49,650.31,-1,-1,-1,-1
480,5,174.37,154.22,335.39,822.86,-1,-1,-1,-1
480,10,1425.22,157.91,264.37,766.84,-1,-1,-1,-1
480,17,1002.90,156.07,505.32,921.60,-1,-1,-1,-1
480,20,897.89,244.87,198.56,676.79,-1,-1,-1,-1
481,5,162.14,158.72,291.55,816.02,-1,-1,-1,-1
481,10,1416.68,165.53,256.65,752.54,-1,-1,-1,-1
481,17,1038.67,150.74,527.43,933.36,-1,-1,-1,-1
481,20,888.76,236.04,197.72,685.81,-1,-1,-1,-1
482,5,134.73,162.00,290.49,820.31,-1,-1,-1,-1
482,10,1394.90,155.95,272.10,776.46,-1,-1,-1,-1
482,17,1106.70,142.46,466.01,942.62,-1,-1,-1,-1
482,20,879.45,232.34,178.73,692.23,-1,-1,-1,-1
483,5,114.03,162.45,292.86,828.13,-1,-1,-1,-1
483,10,1382.84,176.54,272.21,748.28,-1,-1,-1,-1
483,17,1159.24,145.19,417.68,923.50,-1,-1,-1,-1
483,20,858.39,220.22,189.75,708.15,-1,-1,-1,-1
484,5,92.67,162.81,302.97,838.16,-1,-1,-1,-1
484,10,1385.18,166.86,229.73,757.79,-1,-1,-1,-1
484,17,1216.02,126.81,343.98,945.27,-1,-1,-1,-1
484,20,829.87,202.89,201.30,731.31,-1,-1,-1,-1
485,5,62.28,160.96,329.53,857.33,-1,-1,-1,-1
485,10,1376.19,168.68,229.70,757.69,-1,-1,-1,-1
485,17,1247.34,121.24,333.05,946.58,-1,-1,-1,-1
485,20,792.56,204.56,233.77,731.89,-1,-1,-1,-1
485,25,1051.34,214.40,192.84,569.19,-1,-1,-1,-1
486,5,23.07,168.13,366.49,859.63,-1,-1,-1,-1
486,10,1367.21,170.49,229.66,757.58,-1,-1,-1,-1
486,17,1278.68,115.73,334.12,954.57,-1,-1,-1,-1
486,20,755.91,220.53,260.83,712.36,-1,-1,-1,-1
486,25,1083.13,216.33,168.59,562.46,-1,-1,-1,-1
487,5,1.95,169.33,380.62,866.38,-1,-1,-1,-1
487,10,1358.22,172.31,229.62,757.47,-1,-1,-1,-1
487,17,1290.76,101.89,371.41,976.05,-1,-1,-1,-1
487,20,736.48,211.06,269.41,743.76,-1,-1,-1,-1
487,25,1103.15,217.97,162.78,554.99,-1,-1,-1,-1
488,5,-11.11,165.91,388.12,884.35,-1,-1,-1,-1
488,10,1349.24,174.12,229.59,757.36,-1,-1,-1,-1
488,17,1278.04,108.61,437.61,963.43,-1,-1,-1,-1
488,20,733.59,204.40,255.49,760.52,-1,-1,-1,-1
488,25,1118.98,216.42,155.59,562.20,-1,-1,-1,-1
489,5,-17.23,154.01,392.91,909.57,-1,-1,-1,-1
489,10,1275.46,172.45,176.62,737.88,-1,-1,-1,-1
489,17,1282.01,109.31,445.57,955.43,-1,-1,-1,-1
489,20,732.59,196.00,244.60,782.56,-1,-1,-1,-1
489,25,1134.59,211.63,146.44,568.65,-1,-1,-1,-1
490,5,-17.71,140.77,391.26,930.19,-1,-1,-1,-1
490,10,1245.08,173.69,178.50,689.90,-1,-1,-1,-1
490,17,1304.28,104.45,438.04,957.93,-1,-1,-1,-1
490,20,732.44,190.48,234.15,793.24,-1,-1,-1,-1
490,25,1132.10,211.46,160.62,568.83,-1,-1,-1,-1
491,5,-16.58,127.96,387.22,948.16,-1,-1,-1,-1
491,10,1167.67,161.19,254.30,745.86,-1,-1,-1,-1
491,17,1361.55,112.23,383.45,938.44,-1,-1,-1,-1
491,20,721.48,193.68,240.55,787.74,-1,-1,-1,-1
491,25,1126.49,203.33,194.67,587.47,-1,-1,-1,-1
492,5,-15.06,118.12,385.08,955.12,-1,-1,-1,-1
492,10,1129.45,149.13,269.67,775.52,-1,-1,-1,-1
492,17,1409.72,103.05,345.36,956.24,-1,-1,-1,-1
492,20,713.85,209.17,244.21,764.01,-1,-1,-1,-1
492,25,1137.58,197.59,197.76,596.79,-1,-1,-1,-1
493,5,-11.82,110.19,382.84,961.51,-1,-1,-1,-1
493,10,1117.26,142.23,252.06,794.79,-1,-1,-1,-1
493,17,1428.90,109.03,385.53,945.92,-1,-1,-1,-1
493,20,705.67,210.60,252.71,763.56,-1,-1,-1,-1
493,25,1148.68,191.86,200.85,606.12,-1,-1,-1,-1
494,5,-5.55,106.20,387.91,959.97,-1,-1,-1,-1
494,10,1100.01,143.52,249.28,800.06,-1,-1,-1,-1
494,17,1441.33,114.00,435.85,951.41,-1,-1,-1,-1
494,20,700.70,197.05,258.51,798.67,-1,-1,-1,-1
494,25,1159.77,186.12,203.94,615.45,-1,-1,-1,-1
495,5,-1.29,100.49,386.13,960.06,-1,-1,-1,-1
495,10,1075.65,136.16,262.45,819.67,-1,-1,-1,-1
495,17,1453.84,115.07,455.48,951.80,-1,-1,-1,-1
495,20,699.19,194.38,242.96,809.38,-1,-1,-1,-1
495,25,1170.86,180.39,207.03,624.77,-1,-1,-1,-1
496,5,1.02,96.05,392.18,973.17,-1,-1,-1,-1
496,10,1047.78,150.60,294.44,796.93,-1,-1,-1,-1
496,17,1469.90,117.16,451.68,948.67,-1,-1,-1,-1
496,20,679.12,185.51,246.99,827.81,-1,-1,-1,-1
497,5,1.02,95.87,388.75,977.94,-1,-1,-1,-1
497,10,1008.59,163.47,329.56,773.03,-1,-1,-1,-1
497,17,1487.58,117.84,434.40,949.51,-1,-1,-1,-1
497,20,638.00,187.99,266.94,819.57,-1,-1,-1,-1
497,25,1216.64,203.07,177.24,578.37,-1,-1,-1,-1
498,5,1.20,102.73,388.18,971.40,-1,-1,-1,-1
498,10,1004.96,171.03,290.19,749.85,-1,-1,-1,-1
498,17,1510.64,135.56,396.56,872.90,-1,-1,-1,-1
498,20,617.16,191.46,264.91,814.89,-1,-1,-1,-1
498,25,1221.82,206.46,185.35,581.73,-1,-1,-1,-1
499,5,0.84,103.19,395.45,972.13,-1,-1,-1,-1
499,10,992.15,188.43,251.71,714.83,-1,-1,-1,-1
499,17,1517.77,137.37,369.54,852.27,-1,-1,-1,-1
499,20,604.60,192.19,260.47,817.22,-1,-1,-1,-1
499,25,1230.00,206.67,191.07,595.78,-1,-1,-1,-1
500,5,9.13,88.81,400.00,992.26,-1,-1,-1,-1
500,10,957.69,184.64,230.38,726.47,-1,-1,-1,-1
500,17,1523.44,144.12,337.88,820.74,-1,-1,-1,-1
500,20,594.73,199.35,255.73,810.86,-1,-1,-1,-1
500,25,1239.67,205.05,192.49,608.02,-1,-1,-1,-1
501,5,16.31,72.24,409.83,1009.75,-1,-1,-1,-1
501,10,926.64,183.16,222.78,720.18,-1,-1,-1,-1
501,17,1521.04,140.83,332.85,829.22,-1,-1,-1,-1
501,20,581.40,209.93,261.73,793.02,-1,-1,-1,-1
501,25,1244.44,207.96,202.84,613.71,-1,-1,-1,-1
502,5,25.88,67.43,417.37,1010.41,-1,-1,-1,-1
502,10,890.40,181.47,238.32,721.32,-1,-1,-1,-1
502,17,1521.15,143.45,329.41,823.84,-1,-1,-1,-1
502,20,563.99,205.49,276.18,800.06,-1,-1,-1,-1
502,25,1247.38,206.43,213.71,624.53,-1,-1,-1,-1
503,5,43.49,57.36,412.20,1016.49,-1,-1,-1,-1
503,10,861.11,197.74,252.00,699.18,-1,-1,-1,-1
503,17,1519.41,148.87,335.05,814.95,-1,-1,-1,-1
503,20,542.38,195.81,293.99,817.33,-1,-1,-1,-1
503,25,1249.74,209.91,226.13,622.86,-1,-1,-1,-1
504,5,61.79,50.37,408.20,1021.59,-1,-1,-1,-1
504,10,845.32,201.59,255.63,698.49,-1,-1,-1,-1
504,17,1526.33,154.95,330.16,808.27,-1,-1,-1,-1
504,20,505.60,189.40,333.08,829.41,-1,-1,-1,-1
504,25,1246.88,208.72,241.26,620.59,-1,-1,-1,-1
505,5,79.89,45.39,417.56,1026.27,-1,-1,-1,-1
505,10,835.07,186.50,248.92,725.38,-1,-1,-1,-1
505,17,1528.04,164.08,330.69,781.72,-1,-1,-1,-1
505,20,474.55,188.46,367.92,824.93,-1,-1,-1,-1
505,25,1244.16,199.57,251.57,639.58,-1,-1,-1,-1
506,5,100.02,41.42,411.79,1026.34,-1,-1,-1,-1
506,10,824.76,189.16,232.16,719.15,-1,-1,-1,-1
506,17,1530.85,169.61,326.11,764.93,-1,-1,-1,-1
506,20,473.27,197.03,360.10,806.02,-1,-1,-1,-1
506,25,1239.10,194.83,265.13,655.59,-1,-1,-1,-1
507,5,111.89,42.71,446.91,1026.18,-1,-1,-1,-1
507,10,814.04,180.42,209.80,731.18,-1,-1,-1,-1
507,17,1533.92,170.81,320.34,737.80,-1,-1,-1,-1
507,20,486.84,208.81,334.84,788.64,-1,-1,-1,-1
507,25,1230.99,193.88,276.82,665.68,-1,-1,-1,-1
508,5,136.08,35.77,451.04,1031.38,-1,-1,-1,-1
508,10,800.71,172.29,199.24,749.35,-1,-1,-1,-1
508,17,1537.99,172.55,310.20,719.77,-1,-1,-1,-1
508,20,500.97,212.51,309.01,774.65,-1,-1,-1,-1
508,25,1221.12,193.43,285.18,676.44,-1,-1,-1,-1
509,5,157.94,40.91,474.13,1020.67,-1,-1,-1,-1
509,10,785.84,165.76,197.44,761.92,-1,-1,-1,-1
509,17,1541.95,170.50,300.09,712.96,-1,-1,-1,-1
509,20,515.76,210.69,287.95,768.26,-1,-1,-1,-1
509,25,1214.85,191.76,290.42,689.21,-1,-1,-1,-1
510,5,182.42,57.45,499.24,1002.49,-1,-1,-1,-1
510,10,773.33,163.17,197.53,760.96,-1,-1,-1,-1
510,17,1545.66,165.78,282.39,716.31,-1,-1,-1,-1
510,20,529.59,209.41,265.78,758.63,-1,-1,-1,-1
510,25,1217.60,189.86,282.89,702.30,-1,-1,-1,-1
511,5,221.60,73.03,473.10,981.33,-1,-1,-1,-1
511,10,764.74,168.49,197.33,751.44,-1,-1,-1,-1
511,17,1548.50,170.51,264.34,696.15,-1,-1,-1,-1
511,20,543.51,205.85,247.98,748.63,-1,-1,-1,-1
511,25,1222.35,188.65,275.85,709.14,-1,-1,-1,-1
512,5,259.36,61.57,491.45,994.16,-1,-1,-1,-1
512,10,755.09,161.09,202.01,760.37,-1,-1,-1,-1
512,17,1547.52,177.77,245.43,667.69,-1,-1,-1,-1
512,20,556.83,203.11,239.66,743.50,-1,-1,-1,-1
512,25,1241.57,190.14,258.62,706.61,-1,-1,-1,-1
513,5,301.30,43.62,457.37,1019.02,-1,-1,-1,-1
513,10,744.04,169.00,206.14,747.03,-1,-1,-1,-1
513,17,1535.92,170.30,238.77,681.32,-1,-1,-1,-1
513,20,563.28,217.22,253.80,716.04,-1,-1,-1,-1
513,25,1255.54,190.43,249.36,705.89,-1,-1,-1,-1
514,5,341.40,25.74,409.77,1042.91,-1,-1,-1,-1
514,10,730.10,166.02,211.34,747.93,-1,-1,-1,-1
514,17,1524.50,177.84,231.24,652.35,-1,-1,-1,-1
514,20,567.00,192.71,298.79,755.62,-1,-1,-1,-1
514,25,1263.87,185.90,242.42,715.31,-1,-1,-1,-1
515,5,365.02,18.55,421.70,1045.19,-1,-1,-1,-1
515,10,695.66,169.85,236.11,738.16,-1,-1,-1,-1
515,17,1509.56,172.41,223.31,660.13,-1,-1,-1,-1
515,20,572.18,185.00,302.31,764.49,-1,-1,-1,-1
515,25,1268.58,180.09,239.79,726.47,-1,-1,-1,-1
516,5,392.07,19.32,437.38,1036.90,-1,-1,-1,-1
516,10,684.21,167.57,249.78,745.40,-1,-1,-1,-1
516,17,1496.98,173.95,217.08,658.81,-1,-1,-1,-1
516,20,577.35,177.30,305.83,773.37,-1,-1,-1,-1
516,25,1272.57,179.49,241.21,739.66,-1,-1,-1,-1
517,5,434.76,14.82,396.11,1042.29,-1,-1,-1,-1
517,10,675.03,169.21,257.91,749.22,-1,-1,-1,-1
517,17,1487.71,175.24,206.14,655.97,-1,-1,-1,-1
517,20,582.53,169.60,309.35,782.24,-1,-1,-1,-1
517,25,1276.06,179.58,241.82,751.81,-1,-1,-1,-1
518,5,458.22,15.20,444.84,1033.05,-1,-1,-1,-1
518,10,662.93,168.54,258.56,751.11,-1,-1,-1,-1
518,17,1476.02,179.87,198.98,636.11,-1,-1,-1,-1
518,20,587.71,161.90,312.87,791.12,-1,-1,-1,-1
518,25,1278.75,170.21,246.20,778.31,-1,-1,-1,-1
519,5,478.90,17.24,470.89,1013.26,-1,-1,-1,-1
519,10,650.83,167.87,259.22,753.00,-1,-1,-1,-1
519,17,1466.29,184.79,194.96,628.16,-1,-1,-1,-1
519,25,1278.58,175.76,250.50,776.53,-1,-1,-1,-1
520,5,492.78,20.56,468.12,1002.29,-1,-1,-1,-1
520,10,638.74,167.21,259.87,754.88,-1,-1,-1,-1
520,17,1459.11,182.90,185.69,632.96,-1,-1,-1,-1
520,25,1277.63,170.00,257.29,795.83,-1,-1,-1,-1
521,5,495.68,13.71,468.17,1014.80,-1,-1,-1,-1
521,10,626.64,166.54,260.53,756.77,-1,-1,-1,-1
521,17,1450.18,186.50,181.54,627.07,-1,-1,-1,-1
521,25,1276.21,174.12,282.30,793.14,-1,-1,-1,-1
522,5,483.86,8.25,487.04,1033.54,-1,-1,-1,-1
522,17,1458.15,212.52,156.12,554.10,-1,-1,-1,-1
522,25,1275.14,175.84,319.33,788.56,-1,-1,-1,-1
523,5,464.98,40.21,520.70,1000.89,-1,-1,-1,-1
523,17,1452.67,227.14,146.15,518.76,-1,-1,-1,-1
523,25,1284.49,170.69,323.94,796.29,-1,-1,-1,-1
524,5,478.37,60.80,505.88,985.28,-1,-1,-1,-1
524,17,1447.19,241.75,136.19,483.43,-1,-1,-1,-1
524,25,1298.44,166.62,303.38,803.33,-1,-1,-1,-1
525,5,468.86,72.66,531.58,978.81,-1,-1,-1,-1
525,10,440.64,182.84,289.56,785.78,-1,-1,-1,-1
525,17,1441.70,256.36,126.23,448.09,-1,-1,-1,-1
525,25,1308.46,160.91,295.38,817.28,-1,-1,-1,-1
526,5,490.50,78.73,508.55,973.64,-1,-1,-1,-1
526,10,406.36,157.85,314.24,839.03,-1,-1,-1,-1
526,17,1436.22,270.97,116.27,412.75,-1,-1,-1,-1
526,25,1315.57,155.54,297.48,833.91,-1,-1,-1,-1
527,5,540.54,70.19,462.54,985.96,-1,-1,-1,-1
527,10,372.26,166.66,351.99,842.43,-1,-1,-1,-1
527,20,387.88,170.34,260.48,596.37,-1,-1,-1,-1
527,25,1316.45,153.03,311.42,854.27,-1,-1,-1,-1
528,5,586.68,58.77,430.92,1004.43,-1,-1,-1,-1
528,10,345.62,163.59,358.22,857.27,-1,-1,-1,-1
528,20,334.92,137.43,367.92,819.39,-1,-1,-1,-1
528,25,1315.28,155.20,330.96,854.44,-1,-1,-1,-1
529,5,624.96,63.20,402.06,1010.10,-1,-1,-1,-1
529,10,318.98,160.53,364.45,872.11,-1,-1,-1,-1
529,20,292.39,116.02,402.24,886.60,-1,-1,-1,-1
529,25,1313.53,145.53,342.09,893.06,-1,-1,-1,-1
530,5,654.44,69.36,384.94,990.59,-1,-1,-1,-1
530,10,292.34,157.46,370.67,886.95,-1,-1,-1,-1
530,17,1196.54,274.92,224.87,519.14,-1,-1,-1,-1
530,20,256.65,115.93,412.27,905.76,-1,-1,-1,-1
530,25,1311.75,142.63,349.77,912.84,-1,-1,-1,-1
531,5,685.22,71.16,365.94,988.38,-1,-1,-1,-1
531,10,265.70,154.39,376.90,901.79,-1,-1,-1,-1
531,17,1169.90,253.97,245.07,546.66,-1,-1,-1,-1
531,20,236.91,117.88,409.05,926.72,-1,-1,-1,-1
531,25,1319.41,143.62,342.48,919.52,-1,-1,-1,-1
532,5,702.27,66.57,367.80,991.99,-1,-1,-1,-1
532,17,1153.69,240.52,254.48,561.40,-1,-1,-1,-1
532,20,207.49,129.11,426.66,907.84,-1,-1,-1,-1
532,25,1340.56,131.46,313.15,945.91,-1,-1,-1,-1
533,5,709.31,67.45,372.36,962.70,-1,-1,-1,-1
533,17,1153.76,226.34,242.14,577.45,-1,-1,-1,-1
533,20,192.71,129.32,424.91,912.47,-1,-1,-1,-1
533,25,1361.18,128.55,290.45,944.11,-1,-1,-1,-1
533,29,641.83,236.11,174.81,596.24,-1,-1,-1,-1
534,5,730.63,81.80,385.77,932.51,-1,-1,-1,-1
534,17,1155.00,242.14,223.08,546.55,-1,-1,-1,-1
534,20,180.49,132.80,413.05,913.75,-1,-1,-1,-1
534,25,1383.78,127.87,273.98,928.26,-1,-1,-1,-1
534,29,655.86,249.46,173.16,578.58,-1,-1,-1,-1
535,5,737.01,79.34,429.21,943.78,-1,-1,-1,-1
535,17,1160.06,232.55,189.40,549.94,-1,-1,-1,-1
535,20,157.20,132.73,404.48,920.78,-1,-1,-1,-1
535,25,1409.13,121.50,265.93,936.95,-1,-1,-1,-1
535,29,668.86,260.09,167.93,564.44,-1,-1,-1,-1
536,5,767.44,84.79,426.57,945.51,-1,-1,-1,-1
536,17,1151.29,226.74,173.19,556.93,-1,-1,-1,-1
536,20,149.43,133.08,381.02,925.08,-1,-1,-1,-1
536,25,1423.45,123.46,273.50,944.08,-1,-1,-1,-1
536,29,679.51,257.68,164.79,563.52,-1,-1,-1,-1
537,5,800.25,117.40,406.19,920.75,-1,-1,-1,-1
537,17,1136.04,211.68,169.32,575.91,-1,-1,-1,-1
537,20,128.37,138.66,380.65,920.23,-1,-1,-1,-1
537,25,1432.29,108.54,298.32,968.84,-1,-1,-1,-1
537,29,684.78,240.11,170.07,590.95,-1,-1,-1,-1
538,5,828.70,135.71,389.78,912.00,-1,-1,-1,-1
538,17,1115.71,210.22,176.09,571.07,-1,-1,-1,-1
538,20,107.76,133.23,395.05,934.13,-1,-1,-1,-1
538,25,1441.29,114.97,318.55,964.44,-1,-1,-1,-1
538,29,678.14,231.07,189.65,607.82,-1,-1,-1,-1
539,5,840.14,131.46,384.80,925.70,-1,-1,-1,-1
539,17,1098.44,202.71,185.82,581.81,-1,-1,-1,-1
539,20,85.43,132.30,408.68,937.00,-1,-1,-1,-1
539,25,1448.02,115.41,328.46,965.76,-1,-1,-1,-1
539,29,672.27,226.68,203.22,616.29,-1,-1,-1,-1
540,5,861.61,131.55,356.50,927.37,-1,-1,-1,-1
540,17,1078.21,201.76,202.27,587.55,-1,-1,-1,-1
540,20,43.33,126.76,458.20,941.28,-1,-1,-1,-1
540,25,1453.46,105.34,337.96,977.44,-1,-1,-1,-1
540,29,663.00,223.10,221.65,623.56,-1,-1,-1,-1
541,5,871.51,126.87,357.18,934.28,-1,-1,-1,-1
541,17,1086.77,219.47,177.38,559.69,-1,-1,-1,-1
541,20,26.66,119.44,473.07,945.98,-1,-1,-1,-1
541,25,1449.73,105.79,359.75,974.21,-1,-1,-1,-1
541,29,651.90,232.23,233.65,609.87,-1,-1,-1,-1
542,5,883.33,125.11,367.22,914.29,-1,-1,-1,-1
542,17,1074.93,223.31,174.52,550.67,-1,-1,-1,-1
542,20,13.63,118.56,477.00,947.48,-1,-1,-1,-1
542,25,1459.11,116.82,362.71,958.90,-1,-1,-1,-1
542,29,651.28,238.30,226.22,607.96,-1,-1,-1,-1
543,5,919.77,126.23,330.52,895.00,-1,-1,-1,-1
543,17,1063.10,227.14,171.66,541.64,-1,-1,-1,-1
543,20,20.48,117.55,448.40,949.10,-1,-1,-1,-1
543,25,1487.74,126.37,347.75,949.12,-1,-1,-1,-1
543,29,655.36,239.97,214.04,610.33,-1,-1,-1,-1
544,5,965.52,114.56,300.94,895.09,-1,-1,-1,-1
544,17,1051.26,230.97,168.79,532.62,-1,-1,-1,-1
544,20,30.16,103.60,442.83,967.25,-1,-1,-1,-1
544,25,1518.94,133.43,340.29,932.57,-1,-1,-1,-1
544,29,656.03,236.01,209.10,617.75,-1,-1,-1,-1
545,5,983.20,111.46,310.44,881.60,-1,-1,-1,-1
545,17,1039.42,234.81,165.93,523.60,-1,-1,-1,-1
545,20,42.47,96.57,412.94,980.65,-1,-1,-1,-1
545,25,1542.81,128.60,335.06,938.12,-1,-1,-1,-1
545,29,653.09,239.18,211.49,614.19,-1,-1,-1,-1
546,5,992.82,103.28,326.38,893.62,-1,-1,-1,-1
546,20,46.51,99.15,434.97,967.84,-1,-1,-1,-1
546,25,1556.57,114.73,337.35,960.98,-1,-1,-1,-1
546,29,646.66,237.51,218.77,616.64,-1,-1,-1,-1
547,5,1004.67,111.88,322.94,879.48,-1,-1,-1,-1
547,20,51.93,92.63,420.86,976.12,-1,-1,-1,-1
547,25,1569.82,113.75,334.32,964.07,-1,-1,-1,-1
547,29,638.25,236.19,232.47,622.49,-1,-1,-1,-1
548,5,996.98,125.39,352.24,858.71,-1,-1,-1,-1
548,20,43.85,81.94,486.87,989.86,-1,-1,-1,-1
548,25,1575.53,122.25,335.29,943.26,-1,-1,-1,-1
548,29,631.89,235.42,242.73,629.78,-1,-1,-1,-1
549,5,1006.70,136.03,351.13,848.26,-1,-1,-1,-1
549,20,76.19,75.75,439.23,990.72,-1,-1,-1,-1
549,25,1578.60,130.36,337.60,922.93,-1,-1,-1,-1
549,29,622.80,230.16,257.91,648.40,-1,-1,-1,-1
550,5,1021.34,153.10,338.90,827.40,-1,-1,-1,-1
550,17,930.72,235.46,203.10,528.45,-1,-1,-1,-1
550,20,97.29,79.15,426.43,977.85,-1,-1,-1,-1
550,25,1581.21,129.32,334.15,929.11,-1,-1,-1,-1
550,29,621.59,223.33,262.64,667.90,-1,-1,-1,-1
551,5,1048.25,149.52,315.59,832.25,-1,-1,-1,-1
551,17,916.74,233.54,202.25,530.19,-1,-1,-1,-1
551,20,129.54,58.98,393.74,1005.26,-1,-1,-1,-1
551,25,1578.18,121.75,336.38,942.74,-1,-1,-1,-1
551,29,616.42,224.48,272.11,676.20,-1,-1,-1,-1
552,5,1069.49,145.37,301.41,825.63,-1,-1,-1,-1
552,17,908.89,229.05,182.36,537.41,-1,-1,-1,-1
552,20,157.39,60.49,386.39,999.29,-1,-1,-1,-1
552,25,1572.54,122.88,344.59,937.14,-1,-1,-1,-1
552,29,617.99,225.30,275.38,677.13,-1,-1,-1,-1
553,5,1088.05,142.22,291.97,817.36,-1,-1,-1,-1
553,17,894.47,227.89,171.88,536.55,-1,-1,-1,-1
553,20,177.55,68.56,416.63,991.00,-1,-1,-1,-1
553,25,1572.94,133.31,338.71,903.43,-1,-1,-1,-1
553,29,625.64,224.49,270.96,680.87,-1,-1,-1,-1
554,5,1102.62,144.42,283.07,785.92,-1,-1,-1,-1
554,17,874.40,225.11,170.86,537.01,-1,-1,-1,-1
554,20,200.21,71.12,453.28,994.05,-1,-1,-1,-1
554,25,1578.92,142.24,319.78,873.63,-1,-1,-1,-1
554,29,621.85,218.32,285.22,696.96,-1,-1,-1,-1
555,5,1123.17,150.49,261.89,742.39,-1,-1,-1,-1
555,17,857.50,226.44,171.24,532.72,-1,-1,-1,-1
555,20,229.19,62.93,503.24,1002.75,-1,-1,-1,-1
555,25,1590.86,145.75,293.63,853.35,-1,-1,-1,-1
555,29,663.48,213.14,240.61,712.19,-1,-1,-1,-1
556,5,1135.06,147.32,248.20,727.37,-1,-1,-1,-1
556,17,840.56,226.27,170.79,531.33,-1,-1,-1,-1
556,20,253.82,59.64,505.33,1006.83,-1,-1,-1,-1
556,25,1593.63,150.56,280.54,833.38,-1,-1,-1,-1
556,29,642.40,219.93,307.90,698.65,-1,-1,-1,-1
557,5,1143.70,147.53,242.67,711.38,-1,-1,-1,-1
557,17,823.62,226.11,170.34,529.95,-1,-1,-1,-1
557,20,337.23,66.66,462.73,996.23,-1,-1,-1,-1
557,25,1592.18,150.70,271.30,826.83,-1,-1,-1,-1
557,29,662.48,227.67,311.67,689.57,-1,-1,-1,-1
558,5,1150.61,144.52,241.01,708.83,-1,-1,-1,-1
558,17,806.68,225.94,169.89,528.57,-1,-1,-1,-1
558,20,394.39,93.80,477.90,958.50,-1,-1,-1,-1
558,25,1580.25,149.81,272.70,826.89,-1,-1,-1,-1
558,29,700.75,236.42,282.39,693.08,-1,-1,-1,-1
559,5,1156.67,148.00,235.74,706.15,-1,-1,-1,-1
559,17,789.74,225.77,169.44,527.19,-1,-1,-1,-1
559,20,463.53,96.64,442.08,961.05,-1,-1,-1,-1
559,25,1575.76,151.81,260.93,814.27,-1,-1,-1,-1
559,29,712.45,240.17,282.24,692.69,-1,-1,-1,-1
560,5,1163.74,159.82,232.17,689.91,-1,-1,-1,-1
560,20,521.19,84.10,431.79,983.68,-1,-1,-1,-1
560,25,1570.42,150.33,251.18,818.85,-1,-1,-1,-1
560,29,724.15,243.93,282.10,692.31,-1,-1,-1,-1
561,5,1170.76,163.55,234.16,686.44,-1,-1,-1,-1
561,20,582.15,69.11,388.05,997.11,-1,-1,-1,-1
561,25,1563.08,157.52,247.20,802.68,-1,-1,-1,-1
561,29,735.85,247.68,281.95,691.92,-1,-1,-1,-1
562,5,1181.33,162.81,228.14,689.96,-1,-1,-1,-1
562,20,628.99,50.85,371.76,1016.75,-1,-1,-1,-1
562,25,1554.82,159.74,244.54,790.61,-1,-1,-1,-1
562,29,747.55,251.44,281.80,691.53,-1,-1,-1,-1
563,5,1192.11,168.98,222.28,674.95,-1,-1,-1,-1
563,20,671.27,63.61,371.27,1007.49,-1,-1,-1,-1
563,25,1542.55,163.94,247.08,773.28,-1,-1,-1,-1
564,5,1200.78,176.58,217.82,649.40,-1,-1,-1,-1
564,20,702.07,61.80,390.10,1003.70,-1,-1,-1,-1
564,25,1530.21,166.73,249.78,758.94,-1,-1,-1,-1
565,5,1204.86,181.52,216.83,630.44,-1,-1,-1,-1
565,20,718.59,50.31,405.72,1017.14,-1,-1,-1,-1
565,25,1519.12,164.97,257.94,755.43,-1,-1,-1,-1
566,5,1215.89,182.28,208.85,620.01,-1,-1,-1,-1
566,20,734.98,65.22,418.44,995.08,-1,-1,-1,-1
566,25,1509.28,162.47,261.64,756.19,-1,-1,-1,-1
566,29,666.69,256.38,221.10,579.96,-1,-1,-1,-1
567,5,1221.70,184.29,209.88,611.09,-1,-1,-1,-1
567,20,755.10,86.38,429.31,978.26,-1,-1,-1,-1
567,25,1497.54,166.21,266.13,751.31,-1,-1,-1,-1
567,29,621.81,250.47,241.04,569.18,-1,-1,-1,-1
568,5,1218.48,181.91,212.28,607.36,-1,-1,-1,-1
568,20,826.05,162.52,406.26,886.11,-1,-1,-1,-1
568,25,1490.24,160.36,264.47,757.33,-1,-1,-1,-1
568,29,610.99,241.82,239.99,575.83,-1,-1,-1,-1
569,5,1190.24,171.65,247.11,615.93,-1,-1,-1,-1
569,17,759.10,226.93,231.05,701.24,-1,-1,-1,-1
569,20,889.47,165.44,396.68,872.63,-1,-1,-1,-1
569,25,1481.68,165.85,259.63,741.41,-1,-1,-1,-1
569,29,602.97,231.22,237.33,587.21,-1,-1,-1,-1
570,5,1177.32,139.11,254.69,654.45,-1,-1,-1,-1
570,17,751.35,224.47,276.72,734.49,-1,-1,-1,-1
570,20,952.69,110.47,406.70,925.26,-1,-1,-1,-1
570,25,1474.36,172.35,252.38,730.35,-1,-1,-1,-1
570,29,597.99,223.47,234.18,595.50,-1,-1,-1,-1
571,5,1190.39,184.67,236.14,592.64,-1,-1,-1,-1
571,17,757.36,222.08,288.46,755.92,-1,-1,-1,-1
571,20,1003.18,70.98,431.04,974.04,-1,-1,-1,-1
571,25,1470.67,176.44,241.08,719.84,-1,-1,-1,-1
571,29,591.64,212.92,229.36,606.48,-1,-1,-1,-1
572,5,1194.63,191.96,228.89,574.44,-1,-1,-1,-1
572,17,768.51,224.05,289.79,764.66,-1,-1,-1,-1
572,20,1055.44,75.12,447.98,971.10,-1,-1,-1,-1
572,25,1456.43,172.41,243.56,715.32,-1,-1,-1,-1
572,29,592.30,211.87,206.05,606.78,-1,-1,-1,-1
573,5,1198.86,199.24,221.64,556.24,-1,-1,-1,-1
573,17,784.69,223.14,283.13,771.18,-1,-1,-1,-1
573,20,1104.52,65.66,454.08,984.27,-1,-1,-1,-1
573,25,1354.87,174.48,348.31,707.06,-1,-1,-1,-1
573,29,579.62,204.14,200.42,617.31,-1,-1,-1,-1
574,5,1203.10,206.53,214.39,538.04,-1,-1,-1,-1
574,17,805.09,220.29,267.15,777.85,-1,-1,-1,-1
574,20,1136.57,46.36,489.19,1003.64,-1,-1,-1,-1
574,25,1307.93,169.60,370.92,702.53,-1,-1,-1,-1
574,29,564.66,202.83,197.21,622.70,-1,-1,-1,-1
575,5,1207.34,213.82,207.14,519.84,-1,-1,-1,-1
575,17,823.46,213.75,254.87,785.74,-1,-1,-1,-1
575,20,1174.23,54.68,473.91,994.46,-1,-1,-1,-1
575,25,1364.33,169.31,285.72,711.09,-1,-1,-1,-1
575,29,541.92,210.76,199.34,610.29,-1,-1,-1,-1
576,17,836.75,197.37,246.16,806.84,-1,-1,-1,-1
576,20,1216.53,59.86,463.62,986.29,-1,-1,-1,-1
576,25,1337.67,185.61,344.02,686.97,-1,-1,-1,-1
576,29,506.88,213.89,221.86,604.53,-1,-1,-1,-1
577,5,1158.33,193.39,175.30,579.15,-1,-1,-1,-1
577,17,846.30,184.66,245.44,818.61,-1,-1,-1,-1
577,20,1257.65,52.17,468.61,991.45,-1,-1,-1,-1
577,25,1329.21,190.15,338.70,676.32,-1,-1,-1,-1
577,29,464.74,217.92,256.64,607.06,-1,-1,-1,-1
578,5,1139.32,188.17,193.10,588.33,-1,-1,-1,-1
578,17,856.84,178.92,241.35,821.62,-1,-1,-1,-1
578,20,1286.90,49.75,493.09,1005.19,-1,-1,-1,-1
578,25,1320.75,194.70,333.38,665.67,-1,-1,-1,-1
578,29,443.63,222.58,263.53,611.34,-1,-1,-1,-1
579,5,1109.77,187.49,224.78,584.43,-1,-1,-1,-1
579,17,865.15,180.24,242.21,818.16,-1,-1,-1,-1
579,20,1322.37,42.93,489.83,1026.08,-1,-1,-1,-1
579,25,1312.30,199.24,328.07,655.01,-1,-1,-1,-1
579,29,431.19,223.74,265.16,622.41,-1,-1,-1,-1
580,5,1086.23,189.93,239.93,576.46,-1,-1,-1,-1
580,17,872.78,174.95,238.78,838.20,-1,-1,-1,-1
580,20,1343.30,38.80,509.25,1033.49,-1,-1,-1,-1
580,25,1303.84,203.78,322.75,644.36,-1,-1,-1,-1
580,29,414.98,231.05,271.10,618.06,-1,-1,-1,-1
581,5,1078.44,193.85,229.93,566.67,-1,-1,-1,-1
581,17,878.35,178.64,240.20,827.01,-1,-1,-1,-1
581,20,1381.37,32.99,514.57,1044.22,-1,-1,-1,-1
581,29,394.00,222.46,273.22,631.34,-1,-1,-1,-1
582,5,1075.61,200.46,216.24,553.15,-1,-1,-1,-1
582,17,882.62,177.80,242.57,831.34,-1,-1,-1,-1
582,20,1408.58,50.21,497.56,1025.42,-1,-1,-1,-1
582,29,376.14,213.58,265.71,647.24,-1,-1,-1,-1
583,5,1075.74,199.84,201.74,553.20,-1,-1,-1,-1
583,17,891.59,170.54,233.20,855.17,-1,-1,-1,-1
583,20,1429.45,69.62,494.78,1003.34,-1,-1,-1,-1
583,25,1339.12,174.73,199.35,659.05,-1,-1,-1,-1
583,29,346.68,212.54,273.19,648.54,-1,-1,-1,-1
584,5,1076.00,192.10,182.22,566.25,-1,-1,-1,-1
584,17,892.98,168.15,239.83,858.52,-1,-1,-1,-1
584,20,1478.22,73.49,449.38,1001.54,-1,-1,-1,-1
584,25,1339.87,178.28,209.82,657.76,-1,-1,-1,-1
584,29,332.93,211.43,267.82,650.02,-1,-1,-1,-1
585,5,1077.16,190.96,167.50,570.95,-1,-1,-1,-1
585,17,895.11,165.05,239.13,876.15,-1,-1,-1,-1
585,20,1513.60,67.58,420.54,1009.48,-1,-1,-1,-1
585,25,1332.94,179.25,221.96,659.98,-1,-1,-1,-1
585,29,322.20,210.31,264.29,653.73,-1,-1,-1,-1
586,5,1067.79,193.01,171.71,568.77,-1,-1,-1,-1
586,17,894.02,173.26,251.26,861.00,-1,-1,-1,-1
586,20,1543.79,59.76,398.90,1021.46,-1,-1,-1,-1
586,25,1330.82,183.55,210.38,651.46,-1,-1,-1,-1
586,29,318.87,210.65,255.39,666.07,-1,-1,-1,-1
587,5,1051.38,196.10,182.90,562.37,-1,-1,-1,-1
587,17,897.67,170.42,249.21,869.76,-1,-1,-1,-1
587,20,1567.74,49.78,378.21,1034.56,-1,-1,-1,-1
587,25,1323.85,185.55,193.10,645.82,-1,-1,-1,-1
587,29,316.96,213.83,247.95,675.60,-1,-1,-1,-1
588,5,1049.29,215.11,173.26,535.20,-1,-1,-1,-1
588,17,895.76,174.58,256.90,858.76,-1,-1,-1,-1
588,20,1584.69,51.32,361.72,1025.01,-1,-1,-1,-1
588,25,1308.98,187.53,185.04,642.54,-1,-1,-1,-1
588,29,322.26,218.91,231.99,683.12,-1,-1,-1,-1
589,5,1042.76,222.72,168.89,521.74,-1,-1,-1,-1
589,17,895.76,169.20,272.99,870.60,-1,-1,-1,-1
589,20,1603.45,49.22,338.72,1029.22,-1,-1,-1,-1
589,25,1294.55,189.35,182.63,638.36,-1,-1,-1,-1
589,29,332.32,224.27,212.16,695.66,-1,-1,-1,-1
590,5,1036.23,230.33,164.52,508.28,-1,-1,-1,-1
590,17,903.29,167.03,266.42,868.52,-1,-1,-1,-1
590,20,1626.94,76.52,313.15,980.19,-1,-1,-1,-1
590,25,1271.98,190.94,193.50,631.92,-1,-1,-1,-1
590,29,334.11,229.70,212.12,690.99,-1,-1,-1,-1
591,5,1029.70,237.94,160.15,494.82,-1,-1,-1,-1
591,17,908.20,156.17,268.46,881.94,-1,-1,-1,-1
591,20,1642.82,111.02,288.64,926.11,-1,-1,-1,-1
591,25,1239.90,188.91,221.82,637.77,-1,-1,-1,-1
591,29,335.77,230.41,209.82,696.55,-1,-1,-1,-1
592,5,1023.17,245.55,155.78,481.36,-1,-1,-1,-1
592,17,905.27,155.05,295.32,896.04,-1,-1,-1,-1
592,20,1642.46,116.03,285.60,923.90,-1,-1,-1,-1
592,25,1220.29,186.94,235.25,641.21,-1,-1,-1,-1
592,29,333.23,234.51,214.26,686.60,-1,-1,-1,-1
593,17,893.04,153.66,338.24,910.13,-1,-1,-1,-1
593,20,1621.59,110.12,313.07,950.90,-1,-1,-1,-1
593,25,1203.90,190.59,247.68,638.56,-1,-1,-1,-1
593,29,332.28,224.97,211.54,699.22,-1,-1,-1,-1
594,5,865.95,193.71,196.63,610.83,-1,-1,-1,-1
594,17,897.69,169.96,347.67,894.89,-1,-1,-1,-1
594,20,1600.47,104.28,335.88,962.43,-1,-1,-1,-1
594,25,1197.53,199.50,247.38,632.38,-1,-1,-1,-1
594,29,324.45,225.32,227.20,696.10,-1,-1,-1,-1
595,5,824.52,196.43,217.55,591.23,-1,-1,-1,-1
595,17,925.60,170.89,322.09,902.27,-1,-1,-1,-1
595,20,1579.47,98.27,355.01,970.99,-1,-1,-1,-1
595,25,1194.27,199.05,235.39,640.65,-1,-1,-1,-1
595,29,322.67,216.47,232.67,715.80,-1,-1,-1,-1
596,5,788.40,198.15,253.26,584.74,-1,-1,-1,-1
596,17,940.01,175.10,317.24,898.70,-1,-1,-1,-1
596,20,1605.15,97.50,318.68,979.51,-1,-1,-1,-1
596,25,1184.13,194.65,226.53,648.08,-1,-1,-1,-1
596,29,323.29,209.10,233.57,734.21,-1,-1,-1,-1
597,5,760.08,204.63,286.88,579.29,-1,-1,-1,-1
597,17,972.61,176.73,273.30,876.05,-1,-1,-1,-1
597,20,1580.95,91.26,347.14,981.44,-1,-1,-1,-1
597,25,1167.58,203.32,224.42,623.82,-1,-1,-1,-1
597,29,317.35,207.18,245.27,749.77,-1,-1,-1,-1
598,5,742.92,206.71,315.54,582.24,-1,-1,-1,-1
598,17,996.01,186.73,272.88,852.01,-1,-1,-1,-1
598,20,1584.29,93.97,337.86,977.32,-1,-1,-1,-1
598,25,1156.86,206.27,216.33,595.00,-1,-1,-1,-1
598,29,311.64,200.14,259.90,784.57,-1,-1,-1,-1
599,5,733.27,206.69,325.06,587.11,-1,-1,-1,-1
599,17,1035.26,176.60,272.74,878.63,-1,-1,-1,-1
599,20,1584.88,97.41,336.22,965.37,-1,-1,-1,-1
599,25,1146.81,213.21,209.93,577.40,-1,-1,-1,-1
599,29,308.09,204.89,263.75,786.55,-1,-1,-1,-1
600,5,734.19,204.93,310.35,589.83,-1,-1,-1,-1
600,17,1060.49,183.59,269.53,873.01,-1,-1,-1,-1
600,20,1589.36,108.12,329.99,933.20,-1,-1,-1,-1
600,25,1136.75,220.15,203.53,559.79,-1,-1,-1,-1
600,29,300.24,205.90,273.36,789.21,-1,-1,-1,-1
601,5,735.37,200.71,286.81,600.83,-1,-1,-1,-1
601,17,1077.56,188.04,269.02,865.29,-1,-1,-1,-1
601,20,1596.84,117.95,320.66,897.88,-1,-1,-1,-1
601,25,1126.70,227.09,197.13,542.19,-1,-1,-1,-1
601,29,289.22,201.48,282.28,809.42,-1,-1,-1,-1
602,5,739.45,209.86,243.44,588.64,-1,-1,-1,-1
602,17,1083.98,183.00,305.25,883.45,-1,-1,-1,-1
602,20,1600.28,125.58,315.58,862.72,-1,-1,-1,-1
602,25,1116.65,234.03,190.73,524.58,-1,-1,-1,-1
602,29,289.47,204.64,281.75,812.27,-1,-1,-1,-1
603,5,735.66,199.71,208.93,610.40,-1,-1,-1,-1
603,17,1090.42,174.50,340.42,902.71,-1,-1,-1,-1
603,20,1608.50,123.92,305.28,848.80,-1,-1,-1,-1
603,29,292.42,202.48,281.63,810.33,-1,-1,-1,-1
604,5,709.57,200.52,200.49,608.55,-1,-1,-1,-1
604,17,1105.76,165.09,341.70,918.54,-1,-1,-1,-1
604,20,1611.13,122.13,296.81,839.75,-1,-1,-1,-1
604,29,292.55,191.85,285.41,827.40,-1,-1,-1,-1
605,5,682.56,198.66,199.47,607.36,-1,-1,-1,-1
605,17,1116.27,165.77,342.32,916.11,-1,-1,-1,-1
605,20,1600.22,129.71,302.36,818.87,-1,-1,-1,-1
605,29,268.43,183.07,390.35,838.52,-1,-1,-1,-1
606,5,651.15,194.61,216.23,610.19,-1,-1,-1,-1
606,17,1121.36,173.62,340.45,900.24,-1,-1,-1,-1
606,20,1589.95,136.59,300.45,805.88,-1,-1,-1,-1
606,29,252.28,174.51,443.80,859.52,-1,-1,-1,-1
607,5,614.75,196.50,245.81,602.94,-1,-1,-1,-1
607,17,1131.77,173.24,328.30,897.21,-1,-1,-1,-1
607,20,1581.45,143.80,288.96,781.77,-1,-1,-1,-1
607,25,1096.57,217.36,134.59,545.70,-1,-1,-1,-1
607,29,242.24,173.16,457.92,865.39,-1,-1,-1,-1
608,5,590.16,191.03,265.08,611.25,-1,-1,-1,-1
608,17,1137.90,168.41,335.82,904.21,-1,-1,-1,-1
608,20,1570.34,147.00,282.39,776.15,-1,-1,-1,-1
608,25,1085.49,213.60,151.66,557.86,-1,-1,-1,-1
608,29,243.84,172.23,436.59,868.00,-1,-1,-1,-1
609,5,574.01,203.61,273.63,597.44,-1,-1,-1,-1
609,17,1145.43,171.07,345.90,898.77,-1,-1,-1,-1
609,20,1562.72,139.06,256.09,781.65,-1,-1,-1,-1
609,25,1077.81,214.91,156.69,569.65,-1,-1,-1,-1
609,29,262.92,170.45,387.56,873.96,-1,-1,-1,-1
610,5,558.51,208.53,288.70,592.58,-1,-1,-1,-1
610,17,1166.41,160.81,344.09,908.75,-1,-1,-1,-1
610,20,1552.49,122.26,238.87,797.05,-1,-1,-1,-1
610,25,1071.34,217.71,158.42,561.82,-1,-1,-1,-1
610,29,274.18,167.69,378.79,876.50,-1,-1,-1,-1
611,5,557.20,207.58,285.07,599.60,-1,-1,-1,-1
611,17,1198.93,146.84,322.19,925.85,-1,-1,-1,-1
611,20,1536.26,125.41,231.96,785.07,-1,-1,-1,-1
611,25,1064.25,220.82,160.19,554.92,-1,-1,-1,-1
611,29,298.11,162.21,358.94,875.33,-1,-1,-1,-1
612,5,563.32,205.00,260.48,607.09,-1,-1,-1,-1
612,17,1238.01,146.15,309.38,924.97,-1,-1,-1,-1
612,20,1521.21,141.53,226.85,759.99,-1,-1,-1,-1
612,25,1054.76,217.31,162.85,558.99,-1,-1,-1,-1
612,29,320.52,144.74,357.44,914.00,-1,-1,-1,-1
613,5,562.35,202.69,241.07,597.42,-1,-1,-1,-1
613,17,1271.18,143.99,309.47,928.70,-1,-1,-1,-1
613,20,1501.30,146.64,238.40,752.50,-1,-1,-1,-1
613,25,1041.28,215.12,170.10,562.92,-1,-1,-1,-1
613,29,336.05,135.73,373.39,933.80,-1,-1,-1,-1
614,5,550.68,203.54,240.13,595.09,-1,-1,-1,-1
614,17,1294.48,146.86,312.57,922.06,-1,-1,-1,-1
614,20,1490.90,157.60,230.61,733.66,-1,-1,-1,-1
614,25,1022.92,217.46,184.98,557.33,-1,-1,-1,-1
614,29,349.74,139.47,388.65,930.94,-1,-1,-1,-1
615,5,539.00,204.40,239.19,592.76,-1,-1,-1,-1
615,17,1313.64,140.71,326.19,933.77,-1,-1,-1,-1
615,20,1495.97,170.81,200.06,689.73,-1,-1,-1,-1
615,25,1003.30,221.34,201.29,551.35,-1,-1,-1,-1
615,29,375.43,139.51,346.72,935.42,-1,-1,-1,-1
616,5,527.32,205.25,238.26,590.43,-1,-1,-1,-1
616,17,1325.26,146.80,333.81,928.64,-1,-1,-1,-1
616,20,1486.78,181.96,191.99,661.97,-1,-1,-1,-1
616,25,977.05,221.89,226.28,556.58,-1,-1,-1,-1
616,29,396.15,159.59,310.40,895.73,-1,-1,-1,-1
617,5,515.65,206.11,237.32,588.10,-1,-1,-1,-1
617,17,1340.08,145.71,323.26,928.80,-1,-1,-1,-1
617,20,1477.58,193.12,183.93,634.21,-1,-1,-1,-1
617,25,961.62,221.36,238.37,562.79,-1,-1,-1,-1
617,29,403.67,171.35,298.62,869.63,-1,-1,-1,-1
618,17,1362.05,148.19,311.81,916.06,-1,-1,-1,-1
618,20,1468.39,204.27,175.86,606.45,-1,-1,-1,-1
618,25,947.68,224.93,250.98,561.38,-1,-1,-1,-1
618,29,392.68,165.61,323.71,884.59,-1,-1,-1,-1
619,17,1374.17,143.53,314.47,923.72,-1,-1,-1,-1
619,20,1459.19,215.43,167.80,578.69,-1,-1,-1,-1
619,25,937.36,230.28,259.98,556.02,-1,-1,-1,-1
619,29,359.42,157.86,371.85,901.44,-1,-1,-1,-1
620,5,348.03,199.11,236.40,615.49,-1,-1,-1,-1
620,17,1369.65,137.85,342.26,930.34,-1,-1,-1,-1
620,25,938.66,229.58,242.92,558.80,-1,-1,-1,-1
620,29,369.72,158.62,369.88,905.11,-1,-1,-1,-1
621,5,320.86,190.12,245.33,665.34,-1,-1,-1,-1
621,17,1359.91,144.93,376.87,920.86,-1,-1,-1,-1
621,25,935.55,239.80,219.63,543.21,-1,-1,-1,-1
621,29,381.46,152.42,382.09,917.89,-1,-1,-1,-1
622,5,295.99,185.76,264.14,689.06,-1,-1,-1,-1
622,17,1375.79,152.40,390.81,915.82,-1,-1,-1,-1
622,20,1298.98,127.08,199.51,755.40,-1,-1,-1,-1
622,25,927.03,241.41,207.24,543.62,-1,-1,-1,-1
622,29,419.72,136.00,366.85,939.21,-1,-1,-1,-1
623,5,284.23,179.39,270.51,710.79,-1,-1,-1,-1
623,17,1398.73,141.81,388.42,932.21,-1,-1,-1,-1
623,20,1275.93,139.07,204.02,745.00,-1,-1,-1,-1
623,25,919.31,244.20,193.70,535.33,-1,-1,-1,-1
623,29,456.91,126.49,356.60,951.64,-1,-1,-1,-1
624,5,285.95,178.93,260.84,715.33,-1,-1,-1,-1
624,17,1426.26,141.61,370.14,931.55,-1,-1,-1,-1
624,20,1253.85,147.19,208.21,729.76,-1,-1,-1,-1
624,25,906.22,240.33,188.71,538.21,-1,-1,-1,-1
624,29,485.15,123.73,358.73,942.45,-1,-1,-1,-1
625,5,289.96,181.16,249.26,712.97,-1,-1,-1,-1
625,17,1443.31,141.55,364.67,930.01,-1,-1,-1,-1
625,20,1233.95,152.33,216.69,730.00,-1,-1,-1,-1
625,25,896.42,239.04,183.18,538.10,-1,-1,-1,-1
625,29,509.32,128.09,359.63,933.11,-1,-1,-1,-1
626,5,290.13,186.03,233.05,701.22,-1,-1,-1,-1
626,17,1459.62,143.33,361.43,930.69,-1,-1,-1,-1
626,20,1214.93,155.18,223.22,723.01,-1,-1,-1,-1
626,25,886.47,230.26,173.58,553.84,-1,-1,-1,-1
626,29,529.75,127.13,384.90,934.62,-1,-1,-1,-1
627,5,282.63,186.80,228.79,703.42,-1,-1,-1,-1
627,17,1478.42,147.22,361.39,915.46,-1,-1,-1,-1
627,20,1188.50,154.72,234.47,718.50,-1,-1,-1,-1
627,25,872.01,231.34,173.54,558.73,-1,-1,-1,-1
627,29,558.74,115.97,396.30,952.73,-1,-1,-1,-1
628,5,275.99,185.30,219.74,710.79,-1,-1,-1,-1
628,17,1490.04,144.05,368.49,917.53,-1,-1,-1,-1
628,20,1166.57,156.42,246.28,714.78,-1,-1,-1,-1
628,25,870.06,239.36,163.61,542.99,-1,-1,-1,-1
628,29,582.61,105.58,393.23,965.77,-1,-1,-1,-1
629,5,260.06,180.32,226.10,712.38,-1,-1,-1,-1
629,17,1500.80,139.76,374.35,920.47,-1,-1,-1,-1
629,20,1152.82,153.48,243.47,718.06,-1,-1,-1,-1
629,25,869.80,245.27,150.77,531.64,-1,-1,-1,-1
629,29,613.55,105.89,383.26,959.97,-1,-1,-1,-1
630,5,241.77,173.70,236.65,724.39,-1,-1,-1,-1
630,17,1506.59,137.03,380.39,917.25,-1,-1,-1,-1
630,20,1139.19,155.81,233.11,723.51,-1,-1,-1,-1
630,25,859.86,249.32,148.72,524.42,-1,-1,-1,-1
630,29,648.05,89.57,360.54,985.76,-1,-1,-1,-1
631,5,218.48,167.19,254.66,743.46,-1,-1,-1,-1
631,17,1510.84,133.80,383.63,919.22,-1,-1,-1,-1
631,20,1127.43,161.15,210.56,714.22,-1,-1,-1,-1
631,25,849.93,253.36,146.66,517.21,-1,-1,-1,-1
631,29,678.98,90.30,337.27,981.07,-1,-1,-1,-1
632,5,197.86,168.63,270.37,750.73,-1,-1,-1,-1
632,17,1509.71,135.38,381.29,912.70,-1,-1,-1,-1
632,20,1097.74,161.41,212.89,718.89,-1,-1,-1,-1
632,25,839.99,257.41,144.61,509.99,-1,-1,-1,-1
632,29,713.77,87.03,308.72,988.53,-1,-1,-1,-1
633,5,192.29,164.49,263.06,764.00,-1,-1,-1,-1
633,17,1510.30,138.93,368.73,900.75,-1,-1,-1,-1
633,20,1063.97,156.83,225.77,726.03,-1,-1,-1,-1
633,25,830.05,261.46,142.55,502.78,-1,-1,-1,-1
633,29,734.43,97.55,304.33,966.47,-1,-1,-1,-1
634,5,183.73,166.87,262.94,775.62,-1,-1,-1,-1
634,17,1511.13,143.48,353.88,893.68,-1,-1,-1,-1
634,20,1032.20,162.26,237.72,727.42,-1,-1,-1,-1
634,29,748.72,98.80,317.44,968.37,-1,-1,-1,-1
635,5,166.89,165.04,277.53,797.18,-1,-1,-1,-1
635,17,1510.71,147.72,338.17,886.51,-1,-1,-1,-1
635,20,1011.57,161.20,245.88,734.46,-1,-1,-1,-1
635,29,758.81,115.55,336.92,950.73,-1,-1,-1,-1
636,5,150.30,161.73,286.77,816.41,-1,-1,-1,-1
636,17,1506.19,148.38,328.79,882.49,-1,-1,-1,-1
636,20,994.79,169.95,244.02,721.08,-1,-1,-1,-1
636,29,757.37,151.02,369.76,896.57,-1,-1,-1,-1
637,5,130.04,163.69,300.26,821.78,-1,-1,-1,-1
637,17,1489.05,148.43,341.06,869.57,-1,-1,-1,-1
637,20,993.45,181.16,205.36,698.52,-1,-1,-1,-1
637,25,700.09,242.43,166.96,554.14,-1,-1,-1,-1
637,29,763.62,151.19,393.61,912.12,-1,-1,-1,-1
638,5,108.72,169.74,309.28,815.85,-1,-1,-1,-1
638,17,1478.65,155.54,338.34,851.18,-1,-1,-1,-1
638,20,974.11,188.67,201.79,686.46,-1,-1,-1,-1
638,25,671.96,235.37,193.25,565.16,-1,-1,-1,-1
638,29,774.41,143.26,397.79,918.97,-1,-1,-1,-1
639,5,87.60,169.70,317.15,814.23,-1,-1,-1,-1
639,17,1466.58,153.19,336.84,852.11,-1,-1,-1,-1
639,20,954.77,196.18,198.23,674.39,-1,-1,-1,-1
639,25,654.71,233.46,212.75,565.98,-1,-1,-1,-1
639,29,809.53,128.85,374.46,934.85,-1,-1,-1,-1
640,5,67.95,169.54,322.99,814.59,-1,-1,-1,-1
640,17,1448.10,152.64,343.79,843.61,-1,-1,-1,-1
640,20,935.43,203.69,194.67,662.33,-1,-1,-1,-1
640,25,647.55,231.22,221.10,570.94,-1,-1,-1,-1
640,29,842.81,113.22,372.95,957.31,-1,-1,-1,-1
641,5,48.47,161.14,333.73,827.78,-1,-1,-1,-1
641,17,1424.04,154.00,356.71,830.84,-1,-1,-1,-1
641,20,916.09,211.19,191.11,650.26,-1,-1,-1,-1
641,25,642.98,231.31,218.78,570.26,-1,-1,-1,-1
641,29,872.93,123.58,362.73,942.88,-1,-1,-1,-1
642,5,29.54,147.45,349.54,848.42,-1,-1,-1,-1
642,17,1406.11,154.68,356.69,827.85,-1,-1,-1,-1
642,20,851.73,194.89,163.35,695.27,-1,-1,-1,-1
642,25,639.59,237.29,207.19,559.89,-1,-1,-1,-1
642,29,873.09,116.22,387.64,957.74,-1,-1,-1,-1
643,5,17.65,135.18,364.05,867.25,-1,-1,-1,-1
643,17,1407.12,156.30,334.55,830.50,-1,-1,-1,-1
643,20,810.10,198.55,192.57,689.77,-1,-1,-1,-1
643,25,632.84,243.63,191.66,548.96,-1,-1,-1,-1
643,29,913.39,120.98,358.34,950.22,-1,-1,-1,-1
644,5,3.60,123.17,388.83,888.89,-1,-1,-1,-1
644,17,1419.23,158.61,297.60,836.67,-1,-1,-1,-1
644,20,777.87,200.18,217.20,691.97,-1,-1,-1,-1
644,25,617.72,240.15,189.01,559.68,-1,-1,-1,-1
644,29,942.87,108.41,347.02,966.29,-1,-1,-1,-1
645,5,0.96,119.04,409.17,903.83,-1,-1,-1,-1
645,17,1431.26,168.16,267.12,814.20,-1,-1,-1,-1
645,20,761.38,209.40,212.93,680.56,-1,-1,-1,-1
645,25,594.64,232.77,219.39,574.51,-1,-1,-1,-1
645,29,982.11,93.48,323.04,987.82,-1,-1,-1,-1
646,5,15.96,123.84,399.09,909.80,-1,-1,-1,-1
646,17,1438.15,180.37,245.04,776.99,-1,-1,-1,-1
646,20,736.50,198.13,222.55,696.13,-1,-1,-1,-1
646,25,569.03,227.93,258.45,588.25,-1,-1,-1,-1
646,29,1023.32,99.87,309.27,969.38,-1,-1,-1,-1
647,5,45.67,120.34,378.90,923.31,-1,-1,-1,-1
647,17,1439.95,187.74,231.36,737.48,-1,-1,-1,-1
647,20,688.30,193.48,247.09,710.97,-1,-1,-1,-1
647,25,561.60,229.51,230.69,590.17,-1,-1,-1,-1
647,29,1065.57,101.47,297.48,965.75,-1,-1,-1,-1