31,0,1.67,272.13,231.20,585.04,-1,-1,-1,-1
32,0,6.31,258.24,231.11,596.03,-1,-1,-1,-1
33,0,6.34,245.10,234.87,604.43,-1,-1,-1,-1
34,0,8.68,240.32,235.13,614.27,-1,-1,-1,-1
35,0,12.31,235.79,231.81,617.33,-1,-1,-1,-1
36,0,22.19,243.58,227.78,600.81,-1,-1,-1,-1
37,0,29.70,240.19,246.09,604.97,-1,-1,-1,-1
38,0,35.98,245.92,279.14,593.82,-1,-1,-1,-1
39,0,47.88,248.09,313.21,587.54,-1,-1,-1,-1
40,0,62.15,252.49,331.08,581.37,-1,-1,-1,-1
41,0,77.30,249.89,335.85,588.61,-1,-1,-1,-1
42,0,96.70,252.51,335.11,589.00,-1,-1,-1,-1
43,0,116.82,254.24,320.41,588.85,-1,-1,-1,-1
44,0,148.37,252.57,294.49,593.30,-1,-1,-1,-1
45,0,189.77,250.25,255.80,599.50,-1,-1,-1,-1
46,0,217.60,240.60,234.55,616.88,-1,-1,-1,-1
47,0,242.54,231.07,219.43,626.20,-1,-1,-1,-1
48,0,257.48,226.71,224.45,632.16,-1,-1,-1,-1
49,0,264.38,230.55,264.45,624.00,-1,-1,-1,-1
50,0,278.31,234.99,287.27,615.38,-1,-1,-1,-1
51,0,286.29,235.22,327.31,614.51,-1,-1,-1,-1
52,0,295.25,240.63,352.04,609.68,-1,-1,-1,-1
53,0,310.73,246.49,362.75,606.97,-1,-1,-1,-1
54,0,324.82,246.04,362.12,611.61,-1,-1,-1,-1
55,0,346.44,237.87,345.32,624.40,-1,-1,-1,-1
56,0,376.47,234.31,309.22,629.48,-1,-1,-1,-1
57,0,404.17,230.12,276.57,637.05,-1,-1,-1,-1
58,0,432.05,226.99,248.21,652.39,-1,-1,-1,-1
59,0,453.23,219.33,230.17,667.30,-1,-1,-1,-1
60,0,466.38,218.30,224.78,670.96,-1,-1,-1,-1
61,0,478.67,219.61,225.90,682.88,-1,-1,-1,-1
62,0,486.30,221.03,236.24,697.94,-1,-1,-1,-1
63,0,495.77,222.78,246.46,708.28,-1,-1,-1,-1
64,0,509.19,225.81,256.99,709.71,-1,-1,-1,-1
65,0,519.61,227.64,282.00,708.17,-1,-1,-1,-1
66,0,535.22,231.87,285.61,705.14,-1,-1,-1,-1
67,0,563.77,223.45,268.04,715.67,-1,-1,-1,-1
68,0,591.54,220.79,244.87,718.19,-1,-1,-1,-1
69,0,610.64,216.31,244.81,722.41,-1,-1,-1,-1
70,0,616.45,221.12,294.58,712.39,-1,-1,-1,-1
71,0,630.13,225.12,320.74,705.59,-1,-1,-1,-1
72,0,638.81,230.07,336.85,696.04,-1,-1,-1,-1
73,0,638.95,232.01,369.82,691.55,-1,-1,-1,-1
74,0,649.01,237.19,379.86,680.83,-1,-1,-1,-1
75,0,672.26,237.81,361.65,676.61,-1,-1,-1,-1
76,0,718.62,232.52,301.08,673.12,-1,-1,-1,-1
77,0,775.15,228.57,236.23,662.60,-1,-1,-1,-1
78,0,818.58,213.32,206.63,673.96,-1,-1,-1,-1
79,0,845.69,200.87,217.05,685.43,-1,-1,-1,-1
80,0,854.09,211.67,279.35,660.47,-1,-1,-1,-1
81,0,863.80,214.99,319.43,650.29,-1,-1,-1,-1
82,0,874.71,218.48,348.00,648.40,-1,-1,-1,-1
83,0,902.32,216.42,331.56,652.82,-1,-1,-1,-1
84,0,942.64,215.72,299.03,653.25,-1,-1,-1,-1
85,0,973.05,215.93,276.75,651.14,-1,-1,-1,-1
86,0,1014.67,208.06,236.18,664.49,-1,-1,-1,-1
87,0,1050.45,203.88,207.91,669.33,-1,-1,-1,-1
88,0,1073.31,202.28,204.79,667.16,-1,-1,-1,-1
89,0,1082.93,200.00,242.24,666.91,-1,-1,-1,-1
90,0,1090.85,207.13,294.10,651.46,-1,-1,-1,-1
91,0,1106.12,214.49,319.88,639.56,-1,-1,-1,-1
92,0,1117.50,226.85,326.66,627.75,-1,-1,-1,-1
93,0,1119.54,222.92,323.48,641.39,-1,-1,-1,-1
94,0,1124.10,217.74,329.95,653.62,-1,-1,-1,-1
95,0,1134.17,212.70,331.29,659.94,-1,-1,-1,-1
96,0,1153.81,213.82,316.85,652.62,-1,-1,-1,-1
97,0,1174.54,214.43,300.13,649.38,-1,-1,-1,-1
98,0,1201.36,210.93,281.41,651.93,-1,-1,-1,-1
99,0,1231.93,211.90,252.53,650.47,-1,-1,-1,-1
100,0,1256.87,211.18,227.16,649.61,-1,-1,-1,-1
101,0,1275.70,215.19,201.08,641.03,-1,-1,-1,-1
102,0,1291.63,211.40,175.93,649.95,-1,-1,-1,-1
103,0,1303.77,213.94,164.90,643.83,-1,-1,-1,-1
104,0,1305.70,219.08,167.10,633.13,-1,-1,-1,-1
105,0,1296.56,228.39,182.43,618.37,-1,-1,-1,-1
106,0,1286.05,226.34,192.28,609.50,-1,-1,-1,-1
107,0,1278.16,221.36,198.35,610.18,-1,-1,-1,-1
108,0,1270.62,222.03,206.23,601.33,-1,-1,-1,-1
109,0,1269.89,217.60,203.37,598.70,-1,-1,-1,-1
110,0,1262.51,215.71,211.72,590.50,-1,-1,-1,-1
111,0,1251.87,219.07,218.72,578.34,-1,-1,-1,-1
112,0,1236.66,219.70,228.96,573.36,-1,-1,-1,-1
113,0,1218.11,219.49,243.60,570.09,-1,-1,-1,-1
114,0,1206.00,225.11,251.15,561.39,-1,-1,-1,-1
115,0,1197.57,231.02,255.06,553.36,-1,-1,-1,-1
116,0,1192.06,231.75,253.31,551.92,-1,-1,-1,-1
117,0,1182.82,233.61,246.80,544.83,-1,-1,-1,-1
118,0,1172.85,226.85,233.94,548.94,-1,-1,-1,-1
119,0,1157.77,226.52,223.38,539.69,-1,-1,-1,-1
120,0,1137.00,224.07,208.07,539.20,-1,-1,-1,-1
121,0,1119.11,222.20,201.04,543.21,-1,-1,-1,-1
122,0,1098.92,229.06,201.04,535.17,-1,-1,-1,-1
123,0,1077.74,227.37,211.49,539.94,-1,-1,-1,-1
124,0,1052.83,220.93,233.59,549.16,-1,-1,-1,-1
125,0,1037.60,217.17,245.30,555.79,-1,-1,-1,-1
126,0,1023.22,222.66,253.80,551.49,-1,-1,-1,-1
127,0,1017.00,230.59,252.45,548.60,-1,-1,-1,-1
128,0,1004.73,238.85,256.35,539.94,-1,-1,-1,-1
129,0,977.41,238.32,283.20,545.78,-1,-1,-1,-1
130,0,930.59,232.58,329.26,555.50,-1,-1,-1,-1
131,0,896.98,230.72,344.06,565.93,-1,-1,-1,-1
131,1,13.00,237.07,215.01,573.03,-1,-1,-1,-1
132,0,883.36,231.20,327.16,566.82,-1,-1,-1,-1
132,1,20.52,233.55,237.94,573.39,-1,-1,-1,-1
133,0,875.27,227.81,303.59,575.89,-1,-1,-1,-1
133,1,34.26,239.08,254.44,567.74,-1,-1,-1,-1
134,0,878.10,233.69,263.29,562.36,-1,-1,-1,-1
134,1,57.15,233.52,263.92,577.46,-1,-1,-1,-1
135,0,881.89,229.21,237.58,591.46,-1,-1,-1,-1
135,1,81.66,230.88,264.97,585.18,-1,-1,-1,-1
136,0,883.54,233.21,222.50,597.68,-1,-1,-1,-1
136,1,113.36,236.42,245.60,572.09,-1,-1,-1,-1
137,0,885.96,234.20,214.08,603.66,-1,-1,-1,-1
137,1,141.73,235.98,228.65,573.55,-1,-1,-1,-1
138,0,882.81,229.03,217.34,608.52,-1,-1,-1,-1
138,1,164.66,228.56,228.09,585.45,-1,-1,-1,-1
139,0,881.47,229.64,222.87,586.49,-1,-1,-1,-1
139,1,184.94,224.30,226.19,593.01,-1,-1,-1,-1
140,0,875.27,215.57,242.53,609.25,-1,-1,-1,-1
140,1,204.53,220.53,235.97,590.40,-1,-1,-1,-1
141,0,857.47,206.73,278.74,644.92,-1,-1,-1,-1
141,1,225.74,225.87,247.37,567.46,-1,-1,-1,-1
142,0,835.23,204.64,318.49,671.43,-1,-1,-1,-1
142,1,245.55,219.21,263.85,575.96,-1,-1,-1,-1
143,0,825.60,202.70,334.89,689.46,-1,-1,-1,-1
143,1,268.76,230.98,272.66,560.93,-1,-1,-1,-1
144,0,829.54,210.28,323.03,693.45,-1,-1,-1,-1
144,1,292.28,227.66,273.57,568.60,-1,-1,-1,-1
145,0,835.53,213.44,300.51,696.73,-1,-1,-1,-1
145,1,313.98,225.63,264.34,574.73,-1,-1,-1,-1
146,0,842.06,210.78,262.87,707.36,-1,-1,-1,-1
146,1,344.06,231.62,239.36,561.74,-1,-1,-1,-1
147,0,841.30,210.49,237.27,720.08,-1,-1,-1,-1
147,1,368.41,228.42,216.81,558.83,-1,-1,-1,-1
148,0,834.84,208.37,222.41,725.14,-1,-1,-1,-1
148,1,386.68,217.36,212.07,571.59,-1,-1,-1,-1
149,0,827.79,204.65,212.87,734.01,-1,-1,-1,-1
149,1,409.07,210.87,208.54,581.80,-1,-1,-1,-1
150,0,815.04,195.35,218.62,753.89,-1,-1,-1,-1
150,1,436.54,216.66,199.88,573.41,-1,-1,-1,-1
151,0,801.15,191.21,227.30,774.57,-1,-1,-1,-1
151,1,452.59,222.84,214.40,560.07,-1,-1,-1,-1
152,0,783.85,187.08,243.18,796.00,-1,-1,-1,-1
152,1,464.84,232.91,243.25,552.89,-1,-1,-1,-1
153,0,760.46,183.37,270.90,821.00,-1,-1,-1,-1
153,1,485.30,241.80,251.50,549.84,-1,-1,-1,-1
154,0,734.64,189.87,304.48,832.36,-1,-1,-1,-1
154,1,521.36,233.79,228.44,565.90,-1,-1,-1,-1
155,0,711.53,185.25,336.95,853.75,-1,-1,-1,-1
155,1,551.70,216.46,205.80,591.05,-1,-1,-1,-1
156,0,705.32,187.83,353.97,860.64,-1,-1,-1,-1
156,1,577.57,216.53,197.27,588.15,-1,-1,-1,-1
157,0,713.01,183.55,361.66,863.72,-1,-1,-1,-1
157,1,598.00,222.27,193.29,580.92,-1,-1,-1,-1
158,0,725.94,184.79,374.80,865.74,-1,-1,-1,-1
158,1,615.56,219.17,188.69,580.53,-1,-1,-1,-1
159,0,736.41,187.28,404.05,865.37,-1,-1,-1,-1
159,1,636.16,213.90,179.08,587.50,-1,-1,-1,-1
160,0,772.81,185.44,393.61,871.48,-1,-1,-1,-1
160,1,645.89,215.42,195.23,585.70,-1,-1,-1,-1
161,0,801.45,185.81,383.86,867.20,-1,-1,-1,-1
161,1,651.73,218.69,220.25,580.42,-1,-1,-1,-1
162,0,830.49,190.34,365.22,858.90,-1,-1,-1,-1
162,1,658.77,217.06,238.08,579.90,-1,-1,-1,-1
163,0,854.63,199.03,335.61,843.10,-1,-1,-1,-1
163,1,671.81,231.55,245.44,560.06,-1,-1,-1,-1
164,0,880.70,203.35,287.30,847.05,-1,-1,-1,-1
164,1,694.69,232.67,226.67,558.21,-1,-1,-1,-1
165,0,891.90,193.06,288.96,870.12,-1,-1,-1,-1
165,1,737.64,233.29,187.98,543.60,-1,-1,-1,-1
166,0,878.56,200.30,316.17,863.86,-1,-1,-1,-1
166,1,774.25,231.32,160.14,537.47,-1,-1,-1,-1
167,0,896.37,181.57,308.12,892.11,-1,-1,-1,-1
167,1,799.21,218.46,157.81,567.34,-1,-1,-1,-1
168,0,897.56,176.35,346.76,900.52,-1,-1,-1,-1
168,1,818.07,212.21,170.62,576.23,-1,-1,-1,-1
169,0,894.43,168.05,390.12,905.34,-1,-1,-1,-1
169,1,835.53,213.26,171.74,571.75,-1,-1,-1,-1
170,0,911.15,168.44,404.98,905.27,-1,-1,-1,-1
170,1,848.06,213.52,178.95,568.30,-1,-1,-1,-1
171,0,927.36,145.89,411.03,936.60,-1,-1,-1,-1
171,1,854.88,218.82,195.94,559.15,-1,-1,-1,-1
172,0,956.61,141.53,402.51,937.33,-1,-1,-1,-1
172,1,870.24,219.40,208.50,553.63,-1,-1,-1,-1
173,0,995.42,143.80,377.09,912.68,-1,-1,-1,-1
173,1,912.05,222.02,174.82,535.92,-1,-1,-1,-1
174,0,1021.81,142.68,365.42,910.46,-1,-1,-1,-1
174,1,948.46,218.72,147.95,533.51,-1,-1,-1,-1
175,0,1031.91,138.97,368.45,914.59,-1,-1,-1,-1
175,1,970.33,219.65,146.04,526.64,-1,-1,-1,-1
176,0,1054.48,135.43,356.17,919.39,-1,-1,-1,-1
176,1,992.19,220.59,144.13,519.76,-1,-1,-1,-1
177,0,1078.77,139.21,341.49,919.72,-1,-1,-1,-1
177,1,1019.76,202.26,135.23,553.31,-1,-1,-1,-1
178,0,1093.89,152.15,338.27,900.03,-1,-1,-1,-1
178,1,1036.05,199.25,136.53,557.56,-1,-1,-1,-1
179,0,1102.00,151.95,338.46,901.57,-1,-1,-1,-1
179,1,1047.80,199.34,142.66,555.41,-1,-1,-1,-1
180,0,1094.91,152.17,369.49,892.46,-1,-1,-1,-1
180,1,1059.21,209.81,146.16,525.61,-1,-1,-1,-1
181,0,1132.73,150.14,338.53,897.28,-1,-1,-1,-1
181,1,1063.66,197.12,185.52,547.77,-1,-1,-1,-1
182,0,1136.42,150.00,367.30,893.10,-1,-1,-1,-1
182,1,1087.87,199.94,174.91,545.11,-1,-1,-1,-1
183,0,1152.92,150.21,366.25,890.55,-1,-1,-1,-1
183,1,1102.33,207.50,174.67,531.69,-1,-1,-1,-1
184,0,1139.02,138.28,413.05,909.86,-1,-1,-1,-1
184,1,1122.06,201.44,155.42,533.11,-1,-1,-1,-1
185,0,1148.03,149.69,412.40,888.23,-1,-1,-1,-1
185,1,1139.34,200.82,154.68,530.59,-1,-1,-1,-1
186,0,1157.89,156.83,402.49,869.20,-1,-1,-1,-1
186,1,1156.63,200.19,153.94,528.07,-1,-1,-1,-1
187,0,1164.63,162.89,392.93,849.68,-1,-1,-1,-1
187,1,1173.91,199.56,153.20,525.55,-1,-1,-1,-1
188,0,1172.51,173.39,384.06,827.15,-1,-1,-1,-1
188,1,1191.19,198.93,152.46,523.03,-1,-1,-1,-1
189,0,1191.53,176.65,362.27,822.99,-1,-1,-1,-1
189,1,1190.80,205.52,152.68,532.72,-1,-1,-1,-1
190,0,1205.43,176.42,345.36,819.95,-1,-1,-1,-1
190,1,1200.48,211.98,152.82,528.32,-1,-1,-1,-1
191,0,1216.58,171.80,332.55,820.98,-1,-1,-1,-1
191,1,1214.59,213.39,152.33,526.64,-1,-1,-1,-1
192,0,1209.76,175.44,337.71,811.51,-1,-1,-1,-1
192,1,1228.70,214.79,151.84,524.96,-1,-1,-1,-1
193,0,1202.38,183.76,339.82,788.37,-1,-1,-1,-1
193,1,1242.80,216.19,151.35,523.28,-1,-1,-1,-1
194,0,1190.31,177.98,340.16,798.84,-1,-1,-1,-1
194,1,1256.91,217.60,150.86,521.61,-1,-1,-1,-1
195,0,1176.13,169.80,371.69,810.13,-1,-1,-1,-1
196,0,1176.64,173.97,371.73,791.88,-1,-1,-1,-1
197,0,1184.05,184.63,383.63,763.66,-1,-1,-1,-1
198,0,1181.32,187.69,409.65,745.23,-1,-1,-1,-1
199,0,1154.56,182.19,457.01,746.65,-1,-1,-1,-1
199,1,1334.78,185.87,264.89,590.22,-1,-1,-1,-1
200,0,1146.86,181.57,397.52,744.80,-1,-1,-1,-1
200,1,1356.83,182.44,261.19,616.64,-1,-1,-1,-1
201,0,1136.72,186.14,375.17,737.94,-1,-1,-1,-1
201,1,1367.67,181.61,260.31,632.70,-1,-1,-1,-1
202,0,1129.38,186.42,358.32,735.24,-1,-1,-1,-1
202,1,1375.96,185.42,265.10,629.85,-1,-1,-1,-1
203,0,1117.57,188.92,347.09,729.43,-1,-1,-1,-1
203,1,1387.64,190.73,261.94,631.23,-1,-1,-1,-1
204,0,1104.23,195.43,333.14,715.37,-1,-1,-1,-1
204,1,1395.05,184.84,266.99,640.38,-1,-1,-1,-1
205,0,1093.43,193.80,310.17,707.63,-1,-1,-1,-1
205,1,1404.95,183.08,261.55,638.13,-1,-1,-1,-1
206,0,1089.59,187.22,265.47,715.06,-1,-1,-1,-1
206,1,1413.88,178.94,255.89,642.44,-1,-1,-1,-1
207,0,1069.16,184.54,237.51,713.27,-1,-1,-1,-1
207,1,1424.63,161.60,245.91,669.07,-1,-1,-1,-1
208,0,992.03,182.17,290.19,720.10,-1,-1,-1,-1
208,1,1444.85,158.07,219.70,683.91,-1,-1,-1,-1
209,0,919.58,188.59,344.13,710.78,-1,-1,-1,-1
209,1,1436.46,159.27,227.24,693.73,-1,-1,-1,-1
210,0,871.76,192.40,375.39,703.50,-1,-1,-1,-1
210,1,1415.78,150.62,246.43,726.75,-1,-1,-1,-1
211,0,832.13,200.56,412.14,693.86,-1,-1,-1,-1
211,1,1404.17,161.17,256.80,719.34,-1,-1,-1,-1
212,0,795.20,208.66,454.29,682.36,-1,-1,-1,-1
212,1,1402.98,167.36,253.73,720.34,-1,-1,-1,-1
213,0,781.82,218.38,468.27,670.43,-1,-1,-1,-1
213,1,1392.83,169.50,267.94,717.98,-1,-1,-1,-1
213,3,3.48,237.17,256.40,602.60,-1,-1,-1,-1
214,0,779.66,216.63,458.99,670.38,-1,-1,-1,-1
214,1,1378.63,181.38,294.36,704.09,-1,-1,-1,-1
214,3,11.87,226.89,244.44,613.78,-1,-1,-1,-1
215,0,795.76,214.97,418.29,670.13,-1,-1,-1,-1
215,1,1371.97,179.49,283.05,713.65,-1,-1,-1,-1
215,3,20.56,218.84,233.85,621.67,-1,-1,-1,-1
216,0,819.61,214.54,346.39,657.67,-1,-1,-1,-1
216,1,1347.59,167.29,293.58,730.44,-1,-1,-1,-1
216,3,38.17,225.09,222.68,601.25,-1,-1,-1,-1
217,0,846.72,214.44,276.67,649.81,-1,-1,-1,-1
217,1,1315.46,166.77,317.57,719.70,-1,-1,-1,-1
217,3,56.59,226.20,228.62,593.93,-1,-1,-1,-1
218,0,868.77,207.27,222.34,657.87,-1,-1,-1,-1
218,1,1285.19,156.98,339.77,734.07,-1,-1,-1,-1
218,3,79.48,230.25,254.57,591.68,-1,-1,-1,-1
219,0,871.46,205.93,197.55,662.30,-1,-1,-1,-1
219,1,1281.85,151.40,381.34,742.43,-1,-1,-1,-1
219,3,94.61,228.38,291.47,591.72,-1,-1,-1,-1
220,0,855.66,202.06,207.10,669.08,-1,-1,-1,-1
220,1,1288.91,151.57,383.12,738.66,-1,-1,-1,-1
220,3,115.79,234.12,304.18,586.48,-1,-1,-1,-1
221,0,808.53,207.13,272.81,658.82,-1,-1,-1,-1
221,1,1281.62,158.99,371.19,735.98,-1,-1,-1,-1
221,3,139.39,242.84,294.90,575.49,-1,-1,-1,-1
222,0,773.93,207.81,319.42,659.15,-1,-1,-1,-1
222,1,1277.75,161.95,317.79,731.73,-1,-1,-1,-1
222,3,160.28,241.46,280.74,580.16,-1,-1,-1,-1
223,0,748.47,206.48,345.06,666.97,-1,-1,-1,-1
223,1,1270.35,164.07,279.51,734.56,-1,-1,-1,-1
223,3,196.92,242.18,248.36,581.01,-1,-1,-1,-1
224,0,723.04,209.41,360.88,668.71,-1,-1,-1,-1
224,1,1239.57,160.40,261.27,739.78,-1,-1,-1,-1
224,3,234.82,239.29,219.84,585.60,-1,-1,-1,-1
225,0,709.86,212.39,354.65,667.25,-1,-1,-1,-1
225,1,1213.82,156.88,247.80,744.14,-1,-1,-1,-1
225,3,258.37,238.92,207.66,581.29,-1,-1,-1,-1
226,0,697.19,216.62,321.79,662.94,-1,-1,-1,-1
226,1,1185.80,156.40,238.92,743.73,-1,-1,-1,-1
226,3,278.61,241.20,196.49,575.59,-1,-1,-1,-1
227,0,680.40,217.17,286.51,666.70,-1,-1,-1,-1
227,1,1156.33,150.26,239.63,763.98,-1,-1,-1,-1
227,3,293.92,240.12,202.41,572.00,-1,-1,-1,-1
228,0,672.07,219.10,252.76,666.39,-1,-1,-1,-1
228,1,1126.57,144.21,252.53,766.45,-1,-1,-1,-1
228,3,310.18,233.06,222.47,584.42,-1,-1,-1,-1
229,0,673.56,218.09,215.56,665.42,-1,-1,-1,-1
229,1,1102.79,142.81,251.93,753.23,-1,-1,-1,-1
229,3,321.02,239.83,258.18,571.77,-1,-1,-1,-1
230,0,651.12,213.15,222.22,673.48,-1,-1,-1,-1
230,1,1081.44,144.61,261.14,747.61,-1,-1,-1,-1
230,3,335.74,248.79,272.07,562.21,-1,-1,-1,-1
231,0,595.74,225.70,276.42,661.48,-1,-1,-1,-1
231,1,1062.31,158.64,278.14,730.82,-1,-1,-1,-1
231,3,347.58,265.51,291.22,539.16,-1,-1,-1,-1
232,0,550.07,228.32,318.72,666.27,-1,-1,-1,-1
232,1,1052.46,161.50,275.36,738.14,-1,-1,-1,-1
232,3,371.00,267.17,273.99,540.03,-1,-1,-1,-1
233,0,529.38,233.75,329.33,664.66,-1,-1,-1,-1
233,1,1048.49,163.38,262.67,738.93,-1,-1,-1,-1
233,3,397.79,249.67,243.47,569.84,-1,-1,-1,-1
234,0,523.17,239.67,330.46,670.72,-1,-1,-1,-1
234,1,1051.21,162.03,224.11,748.44,-1,-1,-1,-1
234,3,423.90,252.31,217.77,559.26,-1,-1,-1,-1
235,0,515.64,232.91,334.43,695.02,-1,-1,-1,-1
235,1,1027.37,175.42,223.18,722.22,-1,-1,-1,-1
235,3,450.82,246.69,192.23,554.60,-1,-1,-1,-1
236,0,505.90,222.92,326.47,716.00,-1,-1,-1,-1
236,1,997.64,169.87,217.22,727.31,-1,-1,-1,-1
236,3,475.29,244.32,165.97,555.87,-1,-1,-1,-1
237,0,488.03,220.69,331.33,722.56,-1,-1,-1,-1
237,1,963.26,158.64,226.34,738.37,-1,-1,-1,-1
237,3,491.29,242.90,165.84,555.45,-1,-1,-1,-1
238,0,487.94,221.44,304.70,721.23,-1,-1,-1,-1
238,1,928.05,178.20,239.12,641.48,-1,-1,-1,-1
238,3,507.28,241.48,165.71,555.03,-1,-1,-1,-1
239,0,480.92,218.00,312.70,726.31,-1,-1,-1,-1
239,1,901.92,160.58,251.61,701.09,-1,-1,-1,-1
239,3,523.28,240.05,165.57,554.62,-1,-1,-1,-1
240,0,435.98,213.91,378.56,733.91,-1,-1,-1,-1
240,1,891.43,145.63,248.03,747.70,-1,-1,-1,-1
240,3,539.27,238.63,165.44,554.20,-1,-1,-1,-1
241,0,372.43,205.50,460.22,760.80,-1,-1,-1,-1
241,1,878.57,150.74,262.81,761.96,-1,-1,-1,-1
242,0,312.92,203.25,525.61,776.78,-1,-1,-1,-1
242,1,866.14,148.72,264.60,784.29,-1,-1,-1,-1
243,0,273.41,200.26,545.18,798.39,-1,-1,-1,-1
243,1,851.42,147.41,248.28,813.81,-1,-1,-1,-1
244,0,254.87,201.64,544.78,819.10,-1,-1,-1,-1
244,1,837.55,149.16,228.52,835.84,-1,-1,-1,-1
245,0,262.70,210.79,521.30,817.98,-1,-1,-1,-1
245,1,820.92,159.48,222.51,809.61,-1,-1,-1,-1
246,0,290.02,210.48,485.99,830.21,-1,-1,-1,-1
246,1,800.42,170.32,221.91,789.96,-1,-1,-1,-1
247,0,341.71,206.80,451.34,829.12,-1,-1,-1,-1
247,1,771.29,197.32,238.73,743.48,-1,-1,-1,-1
247,3,720.62,231.66,138.83,557.22,-1,-1,-1,-1
248,0,410.50,206.23,384.86,834.38,-1,-1,-1,-1
248,1,753.15,184.51,237.10,747.34,-1,-1,-1,-1
248,3,741.64,230.43,138.89,557.50,-1,-1,-1,-1
249,0,452.71,191.57,383.54,859.21,-1,-1,-1,-1
249,1,743.19,172.90,226.74,745.19,-1,-1,-1,-1
249,3,762.65,229.20,138.95,557.78,-1,-1,-1,-1
250,0,491.04,177.94,366.62,887.83,-1,-1,-1,-1
250,1,712.40,180.08,256.60,732.16,-1,-1,-1,-1
250,3,783.67,227.97,139.00,558.05,-1,-1,-1,-1
251,0,522.30,176.65,369.80,891.91,-1,-1,-1,-1
251,1,697.00,190.39,272.20,731.57,-1,-1,-1,-1
251,3,804.69,226.74,139.06,558.33,-1,-1,-1,-1
252,0,550.35,171.65,369.45,890.43,-1,-1,-1,-1
252,1,689.34,189.03,276.89,748.20,-1,-1,-1,-1
252,3,802.56,253.44,146.50,510.63,-1,-1,-1,-1
253,0,562.09,184.27,402.91,838.25,-1,-1,-1,-1
253,1,674.42,189.07,278.51,752.59,-1,-1,-1,-1
253,3,820.48,255.41,159.31,494.80,-1,-1,-1,-1
254,0,570.66,168.88,426.36,884.57,-1,-1,-1,-1
254,1,659.49,189.11,280.14,756.98,-1,-1,-1,-1
254,3,825.08,244.97,179.30,525.61,-1,-1,-1,-1
255,0,572.89,165.09,451.29,900.24,-1,-1,-1,-1
255,1,644.57,189.15,281.77,761.37,-1,-1,-1,-1
255,3,843.66,243.18,174.69,531.76,-1,-1,-1,-1
256,0,579.06,165.13,459.35,908.18,-1,-1,-1,-1
256,1,629.64,189.19,283.40,765.76,-1,-1,-1,-1
256,3,867.01,241.19,162.63,523.70,-1,-1,-1,-1
257,0,574.11,165.44,467.71,910.04,-1,-1,-1,-1
257,3,882.74,232.43,160.68,546.82,-1,-1,-1,-1
258,0,557.19,157.93,495.18,916.59,-1,-1,-1,-1
258,1,547.10,174.70,218.67,641.06,-1,-1,-1,-1
258,3,895.56,224.64,170.34,557.24,-1,-1,-1,-1
259,0,637.45,168.66,375.67,872.74,-1,-1,-1,-1
259,1,510.86,156.78,241.94,715.49,-1,-1,-1,-1
259,3,914.53,226.45,182.54,554.16,-1,-1,-1,-1
260,0,696.19,165.10,308.15,882.86,-1,-1,-1,-1
260,1,487.90,169.02,262.01,712.92,-1,-1,-1,-1
260,3,925.24,228.87,214.55,543.03,-1,-1,-1,-1
261,0,766.71,166.85,235.23,853.53,-1,-1,-1,-1
261,1,468.67,169.26,288.55,731.00,-1,-1,-1,-1
261,3,945.14,224.72,221.72,546.04,-1,-1,-1,-1
262,0,801.24,169.84,253.48,857.05,-1,-1,-1,-1
262,1,450.93,171.11,304.97,739.33,-1,-1,-1,-1
262,3,971.98,229.02,213.05,538.94,-1,-1,-1,-1
263,0,808.74,165.78,314.02,879.85,-1,-1,-1,-1
263,1,436.58,175.93,301.74,741.18,-1,-1,-1,-1
263,3,996.28,227.35,207.88,544.25,-1,-1,-1,-1
264,0,788.33,178.89,426.92,852.00,-1,-1,-1,-1
264,1,426.57,179.64,264.26,741.92,-1,-1,-1,-1
264,3,1019.00,247.40,215.44,468.04,-1,-1,-1,-1
265,0,786.75,179.39,495.13,858.42,-1,-1,-1,-1
265,1,414.14,185.84,239.12,737.50,-1,-1,-1,-1
265,3,1019.45,228.47,267.28,514.33,-1,-1,-1,-1
266,0,794.76,189.47,542.66,853.81,-1,-1,-1,-1
266,1,385.62,171.52,239.79,766.68,-1,-1,-1,-1
266,3,1041.80,224.89,268.63,516.90,-1,-1,-1,-1
267,0,791.70,209.78,595.51,810.59,-1,-1,-1,-1
267,1,349.58,164.26,252.50,788.50,-1,-1,-1,-1
267,3,1064.15,221.30,269.97,519.48,-1,-1,-1,-1
268,0,835.28,198.37,546.78,832.84,-1,-1,-1,-1
268,1,322.58,167.84,256.73,771.89,-1,-1,-1,-1
268,3,1086.50,217.72,271.32,522.06,-1,-1,-1,-1
269,0,894.78,192.12,467.51,833.39,-1,-1,-1,-1
269,1,296.98,171.88,267.15,744.39,-1,-1,-1,-1
269,3,1108.85,214.14,272.67,524.64,-1,-1,-1,-1
270,0,944.28,192.94,403.55,820.45,-1,-1,-1,-1
270,1,275.44,171.68,278.18,745.54,-1,-1,-1,-1
270,3,1135.51,207.64,215.63,562.35,-1,-1,-1,-1
271,0,967.42,182.34,388.34,823.29,-1,-1,-1,-1
271,1,259.63,165.82,288.64,773.83,-1,-1,-1,-1
271,3,1159.25,220.04,202.70,550.90,-1,-1,-1,-1
272,0,984.04,168.52,367.65,846.70,-1,-1,-1,-1
272,1,249.93,157.24,292.65,812.49,-1,-1,-1,-1
272,3,1180.24,225.66,193.94,549.08,-1,-1,-1,-1
273,0,995.28,160.87,353.55,852.01,-1,-1,-1,-1
273,1,228.37,161.65,301.56,814.78,-1,-1,-1,-1
273,3,1195.67,226.36,180.59,554.87,-1,-1,-1,-1
274,0,1001.94,171.98,341.79,825.03,-1,-1,-1,-1
274,1,201.29,165.56,315.02,822.26,-1,-1,-1,-1
274,3,1213.53,225.42,171.85,555.19,-1,-1,-1,-1
274,11,2.86,252.49,217.11,576.51,-1,-1,-1,-1
275,0,1007.12,174.32,325.49,821.49,-1,-1,-1,-1
275,1,176.81,163.14,335.48,832.50,-1,-1,-1,-1
275,3,1222.04,226.33,183.99,552.39,-1,-1,-1,-1
275,11,1.64,263.26,223.04,567.25,-1,-1,-1,-1
276,0,1010.96,183.09,299.95,810.78,-1,-1,-1,-1
276,1,153.78,154.00,357.36,842.38,-1,-1,-1,-1
276,3,1232.66,218.31,189.60,566.99,-1,-1,-1,-1
276,11,3.84,269.46,226.30,562.06,-1,-1,-1,-1
277,0,1007.80,189.99,293.12,798.51,-1,-1,-1,-1
277,1,131.60,152.13,374.74,844.17,-1,-1,-1,-1
277,3,1240.38,214.81,197.52,568.65,-1,-1,-1,-1
277,11,3.87,275.38,234.78,548.36,-1,-1,-1,-1
278,0,995.43,194.89,307.95,789.37,-1,-1,-1,-1
278,1,102.73,144.91,397.63,866.01,-1,-1,-1,-1
278,3,1249.60,214.36,211.43,565.67,-1,-1,-1,-1
278,11,14.47,281.31,218.79,528.45,-1,-1,-1,-1
279,0,983.64,200.30,320.70,759.24,-1,-1,-1,-1
279,1,72.75,141.12,410.98,878.49,-1,-1,-1,-1
279,3,1261.68,211.72,217.72,567.91,-1,-1,-1,-1
279,11,30.13,281.94,198.92,545.07,-1,-1,-1,-1
280,0,967.21,195.73,335.24,752.45,-1,-1,-1,-1
280,1,60.21,144.11,398.87,893.54,-1,-1,-1,-1
280,3,1263.51,206.44,244.16,575.19,-1,-1,-1,-1
280,11,40.12,285.90,190.51,542.97,-1,-1,-1,-1
281,0,943.88,199.63,346.74,728.79,-1,-1,-1,-1
281,1,55.99,145.00,381.91,911.53,-1,-1,-1,-1
281,3,1266.08,206.02,272.73,578.21,-1,-1,-1,-1
281,11,42.74,290.71,190.25,542.26,-1,-1,-1,-1
282,0,929.92,202.09,342.95,708.41,-1,-1,-1,-1
282,1,57.01,145.04,371.78,925.17,-1,-1,-1,-1
282,3,1272.24,202.44,283.80,588.86,-1,-1,-1,-1
282,11,45.36,295.51,190.00,541.54,-1,-1,-1,-1
283,0,941.60,206.84,303.55,685.77,-1,-1,-1,-1
283,1,54.56,133.91,378.17,946.32,-1,-1,-1,-1
283,3,1285.43,203.15,283.96,592.93,-1,-1,-1,-1
283,11,47.98,300.32,189.75,540.83,-1,-1,-1,-1
284,0,971.03,191.88,250.68,707.18,-1,-1,-1,-1
284,1,49.42,126.15,400.09,956.61,-1,-1,-1,-1
284,3,1298.27,200.72,278.02,592.12,-1,-1,-1,-1
284,11,50.60,305.13,189.49,540.12,-1,-1,-1,-1
285,0,976.32,199.82,236.25,690.41,-1,-1,-1,-1
285,1,48.61,131.84,419.82,936.96,-1,-1,-1,-1
285,3,1321.44,192.88,253.21,605.38,-1,-1,-1,-1
286,0,973.45,214.12,241.25,663.73,-1,-1,-1,-1
286,1,51.76,126.52,449.66,930.83,-1,-1,-1,-1
286,3,1355.43,194.65,217.90,599.52,-1,-1,-1,-1
287,0,962.60,223.92,254.27,646.62,-1,-1,-1,-1
287,1,75.75,113.82,437.22,943.34,-1,-1,-1,-1
287,3,1388.60,205.05,192.11,583.20,-1,-1,-1,-1
288,0,954.17,226.02,252.48,642.11,-1,-1,-1,-1
288,1,111.05,99.67,409.46,960.01,-1,-1,-1,-1
288,3,1410.59,201.60,202.66,592.32,-1,-1,-1,-1
289,0,940.30,231.27,257.99,623.97,-1,-1,-1,-1
289,1,129.88,87.99,399.44,979.24,-1,-1,-1,-1
289,3,1426.98,196.54,225.87,608.38,-1,-1,-1,-1
290,0,932.89,229.93,252.09,620.45,-1,-1,-1,-1
290,1,146.58,90.22,404.51,982.04,-1,-1,-1,-1
290,3,1439.76,196.55,254.07,613.82,-1,-1,-1,-1
291,0,907.31,230.14,256.26,599.64,-1,-1,-1,-1
291,1,159.92,92.52,446.69,976.15,-1,-1,-1,-1
291,3,1450.66,193.25,275.49,625.72,-1,-1,-1,-1
292,0,867.88,225.89,261.72,598.73,-1,-1,-1,-1
292,1,186.21,106.21,457.66,945.80,-1,-1,-1,-1
292,3,1459.87,193.17,287.48,634.34,-1,-1,-1,-1
293,0,819.62,222.18,280.15,596.55,-1,-1,-1,-1
293,1,215.67,99.44,434.46,958.04,-1,-1,-1,-1
293,3,1470.96,197.83,296.84,627.97,-1,-1,-1,-1
294,0,775.39,220.32,297.21,587.24,-1,-1,-1,-1
294,1,242.79,92.00,439.09,962.78,-1,-1,-1,-1
294,3,1483.25,195.81,296.81,630.42,-1,-1,-1,-1
295,0,739.64,223.98,320.78,584.54,-1,-1,-1,-1
295,1,250.12,71.51,470.54,987.71,-1,-1,-1,-1
295,3,1498.07,203.85,299.16,622.94,-1,-1,-1,-1
296,0,715.05,229.78,334.27,579.94,-1,-1,-1,-1
296,1,277.16,67.19,477.90,979.84,-1,-1,-1,-1
296,3,1515.55,203.97,301.65,625.80,-1,-1,-1,-1
297,0,716.12,233.27,323.77,581.46,-1,-1,-1,-1
297,1,323.99,57.41,477.74,985.68,-1,-1,-1,-1
297,3,1531.75,188.95,302.19,652.42,-1,-1,-1,-1
298,0,722.03,227.69,306.17,592.00,-1,-1,-1,-1
298,1,390.69,25.85,462.06,1040.33,-1,-1,-1,-1
298,3,1542.78,183.37,307.42,658.99,-1,-1,-1,-1
298,12,255.10,275.77,236.10,609.25,-1,-1,-1,-1
299,0,739.09,231.28,274.33,585.43,-1,-1,-1,-1
299,1,443.09,23.09,449.44,1045.66,-1,-1,-1,-1
299,3,1554.05,181.83,300.21,664.92,-1,-1,-1,-1
299,12,261.10,277.26,247.29,614.62,-1,-1,-1,-1
300,0,773.63,249.12,217.89,556.00,-1,-1,-1,-1
300,1,496.06,28.92,411.03,1035.50,-1,-1,-1,-1
300,3,1559.62,180.47,305.80,672.67,-1,-1,-1,-1
300,12,267.72,282.34,260.47,614.18,-1,-1,-1,-1
301,0,793.64,247.87,179.70,554.10,-1,-1,-1,-1
301,1,534.82,41.71,382.00,1026.30,-1,-1,-1,-1
301,3,1566.69,177.77,302.44,686.16,-1,-1,-1,-1
301,12,276.37,289.07,262.05,613.23,-1,-1,-1,-1
302,0,787.77,251.75,176.96,545.71,-1,-1,-1,-1
302,1,578.59,61.37,356.38,1003.31,-1,-1,-1,-1
302,3,1572.86,179.86,309.12,681.62,-1,-1,-1,-1
302,12,289.92,293.43,252.56,609.08,-1,-1,-1,-1
303,0,781.90,255.63,174.22,537.32,-1,-1,-1,-1
303,1,631.98,113.76,318.56,933.98,-1,-1,-1,-1
303,3,1583.50,180.36,300.58,689.76,-1,-1,-1,-1
303,12,298.51,298.77,254.29,599.57,-1,-1,-1,-1
304,0,776.02,259.51,171.48,528.93,-1,-1,-1,-1
304,1,653.48,99.51,338.71,926.42,-1,-1,-1,-1
304,3,1591.22,175.45,305.29,705.91,-1,-1,-1,-1
304,12,292.91,302.38,277.63,598.28,-1,-1,-1,-1
305,0,770.15,263.39,168.74,520.55,-1,-1,-1,-1
305,1,667.38,76.45,387.02,921.29,-1,-1,-1,-1
305,3,1598.95,173.06,310.35,711.77,-1,-1,-1,-1
305,12,275.46,306.65,322.30,598.59,-1,-1,-1,-1
306,1,680.03,72.61,443.85,877.23,-1,-1,-1,-1
306,3,1611.33,173.38,303.14,707.81,-1,-1,-1,-1
306,12,262.63,310.28,364.68,601.91,-1,-1,-1,-1
307,1,680.08,65.06,503.52,901.13,-1,-1,-1,-1
307,3,1622.12,166.60,297.67,719.94,-1,-1,-1,-1
307,12,258.26,304.76,388.39,634.05,-1,-1,-1,-1
308,0,640.15,255.32,274.58,575.14,-1,-1,-1,-1
308,1,756.14,40.26,463.54,966.82,-1,-1,-1,-1
308,3,1629.63,163.96,294.81,729.11,-1,-1,-1,-1
308,12,259.76,301.99,396.82,660.68,-1,-1,-1,-1
309,0,617.90,251.55,283.06,578.14,-1,-1,-1,-1
309,1,824.72,6.75,431.95,1043.34,-1,-1,-1,-1
309,3,1635.35,160.85,289.08,743.72,-1,-1,-1,-1
309,12,271.58,301.71,389.72,674.65,-1,-1,-1,-1
310,0,612.15,254.32,267.38,570.80,-1,-1,-1,-1
310,1,879.26,-0.03,401.08,1069.83,-1,-1,-1,-1
310,3,1633.29,155.06,289.05,777.75,-1,-1,-1,-1
310,12,289.47,304.10,366.98,680.45,-1,-1,-1,-1
311,0,608.24,243.11,243.29,590.11,-1,-1,-1,-1
311,1,923.94,7.20,442.49,1070.69,-1,-1,-1,-1
311,3,1635.27,153.07,284.86,799.73,-1,-1,-1,-1
311,12,308.28,308.63,334.13,676.16,-1,-1,-1,-1
312,0,605.96,242.37,208.60,592.29,-1,-1,-1,-1
312,1,964.25,-3.17,451.78,1093.13,-1,-1,-1,-1
312,3,1631.94,151.65,289.46,818.09,-1,-1,-1,-1
312,12,318.49,306.82,311.15,679.40,-1,-1,-1,-1
313,0,603.36,240.76,176.44,597.71,-1,-1,-1,-1
313,1,1004.56,-13.53,461.07,1115.56,-1,-1,-1,-1
313,3,1631.72,152.73,286.60,834.46,-1,-1,-1,-1
313,12,322.27,302.48,307.46,690.04,-1,-1,-1,-1
314,0,588.36,241.75,167.20,589.64,-1,-1,-1,-1
314,1,1087.71,18.29,438.99,1047.52,-1,-1,-1,-1
314,3,1628.47,155.05,285.77,839.16,-1,-1,-1,-1
314,12,324.77,294.48,306.27,708.34,-1,-1,-1,-1
315,0,574.34,239.32,161.68,592.83,-1,-1,-1,-1
315,1,1149.19,6.65,406.75,1069.06,-1,-1,-1,-1
315,3,1622.70,153.90,291.44,848.34,-1,-1,-1,-1
315,12,325.73,284.74,320.19,733.70,-1,-1,-1,-1
316,0,571.46,262.81,152.52,561.68,-1,-1,-1,-1
316,1,1195.28,1.72,374.48,1078.10,-1,-1,-1,-1
316,3,1620.67,151.25,289.97,848.93,-1,-1,-1,-1
316,12,325.76,269.94,357.16,762.31,-1,-1,-1,-1
317,0,558.31,270.86,148.85,548.27,-1,-1,-1,-1
317,1,1211.74,1.22,395.31,1072.81,-1,-1,-1,-1
317,3,1617.39,147.69,292.97,859.30,-1,-1,-1,-1
317,12,337.59,250.47,363.53,795.47,-1,-1,-1,-1
318,0,545.17,278.91,145.18,534.87,-1,-1,-1,-1
318,1,1223.41,0.20,414.92,1073.22,-1,-1,-1,-1
318,3,1617.48,141.40,292.26,875.99,-1,-1,-1,-1
318,12,358.70,230.85,353.21,826.24,-1,-1,-1,-1
319,0,532.02,286.96,141.51,521.46,-1,-1,-1,-1
319,1,1241.46,19.85,419.90,1045.40,-1,-1,-1,-1
319,3,1615.82,129.80,296.56,903.75,-1,-1,-1,-1
319,12,363.02,202.98,369.10,864.55,-1,-1,-1,-1
320,0,518.88,295.01,137.85,508.06,-1,-1,-1,-1
320,1,1279.55,41.08,400.28,1018.40,-1,-1,-1,-1
320,3,1613.29,126.00,299.95,913.45,-1,-1,-1,-1
320,12,354.21,162.89,405.40,922.30,-1,-1,-1,-1
321,1,1317.80,114.06,458.04,936.32,-1,-1,-1,-1
321,3,1622.04,133.35,283.95,910.05,-1,-1,-1,-1
321,12,336.48,134.99,457.72,954.05,-1,-1,-1,-1
322,1,1369.56,145.35,434.84,888.84,-1,-1,-1,-1
322,3,1662.44,168.70,232.87,851.58,-1,-1,-1,-1
322,12,319.97,107.97,499.81,974.32,-1,-1,-1,-1
323,1,1404.28,118.05,476.04,947.44,-1,-1,-1,-1
323,3,1690.66,169.10,206.11,818.53,-1,-1,-1,-1
323,12,321.13,84.57,523.51,997.63,-1,-1,-1,-1
324,1,1445.88,124.47,473.03,937.06,-1,-1,-1,-1
324,3,1698.99,182.80,199.24,791.34,-1,-1,-1,-1
324,12,324.94,69.73,537.08,1005.88,-1,-1,-1,-1
325,0,330.66,277.81,177.62,557.97,-1,-1,-1,-1
325,1,1481.40,97.15,453.98,973.14,-1,-1,-1,-1
325,3,1707.32,196.49,192.36,764.15,-1,-1,-1,-1
325,12,329.71,52.39,547.20,1024.79,-1,-1,-1,-1
326,0,310.70,268.42,185.61,569.39,-1,-1,-1,-1
326,1,1521.42,66.45,420.14,1018.27,-1,-1,-1,-1
326,3,1715.65,210.19,185.50,736.96,-1,-1,-1,-1
326,12,350.43,36.03,508.29,1034.25,-1,-1,-1,-1
327,0,299.93,261.72,189.41,571.53,-1,-1,-1,-1
327,1,1550.84,29.17,403.17,1066.65,-1,-1,-1,-1
327,3,1723.98,223.89,178.63,709.77,-1,-1,-1,-1
327,12,366.75,26.42,496.56,1047.27,-1,-1,-1,-1
328,0,294.65,259.78,198.99,574.77,-1,-1,-1,-1
328,1,1575.12,26.65,383.49,1065.72,-1,-1,-1,-1
328,12,372.07,11.59,503.43,1061.72,-1,-1,-1,-1
329,0,297.20,262.96,207.26,571.81,-1,-1,-1,-1
329,1,1607.08,9.65,348.86,1081.99,-1,-1,-1,-1
329,12,377.40,-3.24,510.29,1076.18,-1,-1,-1,-1
330,0,305.45,259.04,223.55,572.78,-1,-1,-1,-1
330,1,1620.85,15.27,335.63,1067.73,-1,-1,-1,-1
330,12,426.13,9.77,485.38,1060.52,-1,-1,-1,-1
331,0,320.80,258.19,235.65,577.60,-1,-1,-1,-1
331,1,1632.07,25.17,320.90,1052.51,-1,-1,-1,-1
331,12,491.95,52.97,441.03,1004.51,-1,-1,-1,-1
332,0,334.81,262.05,252.09,585.67,-1,-1,-1,-1
332,1,1629.99,26.74,316.74,1040.33,-1,-1,-1,-1
332,12,532.64,39.45,424.57,1027.89,-1,-1,-1,-1
333,0,351.73,260.77,270.00,602.29,-1,-1,-1,-1
333,1,1618.35,64.21,323.28,990.75,-1,-1,-1,-1
333,12,565.02,27.45,391.51,1043.64,-1,-1,-1,-1
334,0,367.84,259.09,276.23,609.09,-1,-1,-1,-1
334,1,1602.55,80.91,327.93,974.22,-1,-1,-1,-1
334,12,601.85,12.56,356.46,1057.55,-1,-1,-1,-1
335,0,380.36,256.64,286.32,618.40,-1,-1,-1,-1
335,1,1580.67,99.08,344.43,956.72,-1,-1,-1,-1
335,12,631.00,13.25,353.82,1053.25,-1,-1,-1,-1
336,0,391.47,250.66,293.08,632.99,-1,-1,-1,-1
336,1,1568.97,112.25,340.48,938.59,-1,-1,-1,-1
336,12,653.87,10.61,387.03,1043.59,-1,-1,-1,-1
337,0,400.24,245.72,297.48,648.51,-1,-1,-1,-1
337,1,1559.74,130.48,322.03,910.74,-1,-1,-1,-1
337,12,675.93,4.32,432.57,1060.74,-1,-1,-1,-1
338,0,401.26,244.42,309.38,661.50,-1,-1,-1,-1
338,1,1543.58,129.81,315.50,917.65,-1,-1,-1,-1
338,12,706.45,35.10,456.30,1025.54,-1,-1,-1,-1
339,0,394.18,238.30,330.53,688.70,-1,-1,-1,-1
339,1,1524.01,131.55,308.81,913.02,-1,-1,-1,-1
339,12,739.68,35.98,455.67,1029.67,-1,-1,-1,-1
340,0,384.94,231.90,352.84,718.81,-1,-1,-1,-1
340,1,1501.43,140.97,299.05,891.77,-1,-1,-1,-1
340,12,781.73,66.01,435.82,988.18,-1,-1,-1,-1
341,0,376.09,230.84,370.59,737.38,-1,-1,-1,-1
341,1,1472.61,129.68,289.14,920.83,-1,-1,-1,-1
341,12,821.03,33.75,403.75,1031.00,-1,-1,-1,-1
342,0,373.45,227.27,375.59,768.52,-1,-1,-1,-1
342,1,1438.84,129.41,292.59,923.76,-1,-1,-1,-1
342,12,847.76,31.36,367.98,1030.17,-1,-1,-1,-1
343,0,365.89,231.36,379.45,783.98,-1,-1,-1,-1
343,1,1406.90,132.26,300.39,919.66,-1,-1,-1,-1
343,12,865.24,27.47,365.37,1034.15,-1,-1,-1,-1
344,0,353.10,236.37,377.51,782.12,-1,-1,-1,-1
344,1,1376.30,137.43,316.51,911.17,-1,-1,-1,-1
344,3,1692.87,274.79,222.59,759.96,-1,-1,-1,-1
344,12,879.99,28.01,366.60,1028.32,-1,-1,-1,-1
345,0,336.85,230.56,350.16,792.75,-1,-1,-1,-1
345,1,1355.57,144.23,307.73,902.81,-1,-1,-1,-1
345,3,1708.19,268.86,200.18,766.03,-1,-1,-1,-1
345,12,868.91,30.73,400.07,1030.60,-1,-1,-1,-1
346,0,317.63,221.59,326.01,806.86,-1,-1,-1,-1
346,1,1342.20,144.02,281.86,899.94,-1,-1,-1,-1
346,3,1708.22,269.34,201.47,771.09,-1,-1,-1,-1
346,12,847.65,39.38,428.78,1021.06,-1,-1,-1,-1
347,0,297.49,213.16,313.42,815.69,-1,-1,-1,-1
347,1,1320.09,133.81,271.55,914.92,-1,-1,-1,-1
347,3,1711.47,172.77,203.07,911.88,-1,-1,-1,-1
347,12,834.33,41.10,430.28,1016.55,-1,-1,-1,-1
348,0,277.82,206.64,313.94,823.84,-1,-1,-1,-1
348,1,1301.85,143.81,262.54,899.06,-1,-1,-1,-1
348,3,1706.52,151.16,215.27,917.65,-1,-1,-1,-1
348,12,824.58,54.04,422.43,1000.56,-1,-1,-1,-1
349,0,266.32,200.51,322.74,834.64,-1,-1,-1,-1
349,1,1279.52,147.91,262.75,888.67,-1,-1,-1,-1
349,3,1707.56,122.65,215.36,944.31,-1,-1,-1,-1
349,12,819.74,55.63,402.18,1006.93,-1,-1,-1,-1
350,0,261.30,195.73,348.28,845.24,-1,-1,-1,-1
350,1,1254.02,148.60,269.24,879.68,-1,-1,-1,-1
350,3,1689.95,125.67,237.55,878.89,-1,-1,-1,-1
350,12,818.22,57.96,384.99,991.28,-1,-1,-1,-1
351,0,265.96,196.59,388.66,847.25,-1,-1,-1,-1
351,1,1239.61,152.20,265.23,879.07,-1,-1,-1,-1
351,3,1670.68,112.78,256.16,889.35,-1,-1,-1,-1
351,12,820.35,51.86,367.63,1008.17,-1,-1,-1,-1
352,0,276.00,199.69,425.45,848.94,-1,-1,-1,-1
352,1,1214.29,152.64,287.82,884.83,-1,-1,-1,-1
352,3,1655.99,122.20,269.10,859.55,-1,-1,-1,-1
352,12,819.66,44.02,359.31,1028.80,-1,-1,-1,-1
353,0,306.30,206.15,427.38,845.82,-1,-1,-1,-1
353,1,1201.17,158.08,286.67,874.38,-1,-1,-1,-1
353,3,1637.49,123.17,279.87,852.13,-1,-1,-1,-1
353,12,823.93,49.15,338.68,1021.70,-1,-1,-1,-1
354,0,337.32,205.57,413.25,852.28,-1,-1,-1,-1
354,1,1190.33,158.27,287.30,874.90,-1,-1,-1,-1
354,3,1623.30,115.94,276.95,858.22,-1,-1,-1,-1
354,12,815.02,62.29,338.20,992.06,-1,-1,-1,-1
355,0,363.68,197.77,397.04,865.92,-1,-1,-1,-1
355,1,1182.29,158.65,276.70,872.39,-1,-1,-1,-1
355,3,1606.43,134.69,280.20,804.15,-1,-1,-1,-1
355,12,800.28,73.32,347.92,967.30,-1,-1,-1,-1
356,0,380.82,186.36,393.33,884.72,-1,-1,-1,-1
356,1,1169.82,158.12,262.97,864.95,-1,-1,-1,-1
356,3,1587.26,149.56,273.09,760.86,-1,-1,-1,-1
356,12,781.41,81.26,368.78,943.61,-1,-1,-1,-1
357,0,398.15,179.35,390.26,897.58,-1,-1,-1,-1
357,1,1153.07,156.62,248.68,857.15,-1,-1,-1,-1
357,3,1564.36,174.50,273.98,725.67,-1,-1,-1,-1
357,12,771.53,93.59,375.71,933.49,-1,-1,-1,-1
358,0,409.59,177.63,389.83,898.23,-1,-1,-1,-1
358,1,1141.63,154.59,234.23,849.95,-1,-1,-1,-1
358,3,1537.31,171.43,268.76,672.00,-1,-1,-1,-1
358,12,768.34,102.61,363.91,932.23,-1,-1,-1,-1
359,0,419.54,179.29,390.19,894.87,-1,-1,-1,-1
359,1,1119.62,155.53,237.62,847.44,-1,-1,-1,-1
359,3,1508.43,148.90,274.74,689.38,-1,-1,-1,-1
359,12,771.79,114.38,343.07,909.50,-1,-1,-1,-1
360,0,426.60,182.34,393.81,892.27,-1,-1,-1,-1
360,1,1087.25,165.08,260.27,830.66,-1,-1,-1,-1
360,3,1481.27,127.35,281.15,728.36,-1,-1,-1,-1
360,12,772.05,123.37,326.58,876.81,-1,-1,-1,-1
361,0,432.81,181.53,395.04,890.95,-1,-1,-1,-1
361,1,1064.27,161.03,276.46,834.12,-1,-1,-1,-1
361,3,1463.40,122.49,283.28,733.18,-1,-1,-1,-1
361,12,774.01,130.23,311.86,845.08,-1,-1,-1,-1
362,0,431.81,185.91,409.27,886.27,-1,-1,-1,-1
362,1,1048.12,162.70,282.95,833.75,-1,-1,-1,-1
362,3,1442.17,122.00,299.45,743.69,-1,-1,-1,-1
362,12,777.69,139.94,289.74,812.43,-1,-1,-1,-1
363,0,425.42,195.53,437.53,874.40,-1,-1,-1,-1
363,1,1033.07,168.10,295.43,829.25,-1,-1,-1,-1
363,3,1407.54,129.39,337.89,745.99,-1,-1,-1,-1
363,12,782.76,144.61,267.77,785.49,-1,-1,-1,-1
364,0,429.10,184.45,426.75,893.02,-1,-1,-1,-1
364,1,1019.39,159.26,299.75,843.03,-1,-1,-1,-1
364,3,1383.72,136.54,359.77,752.54,-1,-1,-1,-1
364,12,785.10,147.59,253.33,771.58,-1,-1,-1,-1
365,0,439.50,166.74,394.62,917.05,-1,-1,-1,-1
365,1,1012.18,157.82,285.87,846.73,-1,-1,-1,-1
365,3,1370.25,147.60,335.35,743.80,-1,-1,-1,-1
365,12,781.80,148.94,248.07,767.61,-1,-1,-1,-1
365,17,12.76,241.04,236.00,628.35,-1,-1,-1,-1
366,0,449.11,179.26,375.42,900.03,-1,-1,-1,-1
366,1,996.45,163.74,272.86,836.53,-1,-1,-1,-1
366,3,1351.39,155.92,297.94,728.77,-1,-1,-1,-1
366,12,783.32,141.47,236.10,772.95,-1,-1,-1,-1
366,17,13.98,236.28,237.97,641.60,-1,-1,-1,-1
367,0,461.97,175.08,363.33,903.43,-1,-1,-1,-1
367,1,990.52,154.54,245.75,857.87,-1,-1,-1,-1
367,3,1341.76,159.44,261.16,722.85,-1,-1,-1,-1
367,12,776.43,144.85,236.26,769.79,-1,-1,-1,-1
367,17,14.65,233.10,238.60,642.61,-1,-1,-1,-1
368,0,483.25,165.28,358.59,911.75,-1,-1,-1,-1
368,1,975.57,156.43,231.26,848.39,-1,-1,-1,-1
368,3,1320.55,163.83,249.86,717.72,-1,-1,-1,-1
368,12,765.94,145.62,235.41,769.88,-1,-1,-1,-1
368,17,12.41,237.11,243.71,627.16,-1,-1,-1,-1
369,0,499.89,142.24,356.21,937.09,-1,-1,-1,-1
369,1,954.12,154.94,232.96,853.48,-1,-1,-1,-1
369,3,1296.35,163.39,249.11,715.88,-1,-1,-1,-1
369,12,759.13,151.46,226.54,751.43,-1,-1,-1,-1
369,17,8.07,237.74,256.06,623.16,-1,-1,-1,-1
370,0,506.25,129.62,402.54,951.56,-1,-1,-1,-1
370,1,916.86,159.08,260.12,843.76,-1,-1,-1,-1
370,3,1274.63,157.05,254.80,723.36,-1,-1,-1,-1
370,12,760.03,195.77,203.56,681.06,-1,-1,-1,-1
370,17,4.07,236.34,280.66,620.75,-1,-1,-1,-1
371,0,517.86,126.88,420.26,945.44,-1,-1,-1,-1
371,1,891.58,164.13,276.81,836.71,-1,-1,-1,-1
371,3,1255.84,153.49,256.23,721.56,-1,-1,-1,-1
371,12,757.28,214.25,192.49,644.05,-1,-1,-1,-1
371,17,2.37,234.13,318.03,622.39,-1,-1,-1,-1
372,0,536.25,130.19,432.93,937.59,-1,-1,-1,-1
372,1,878.80,174.17,283.73,829.87,-1,-1,-1,-1
372,3,1231.03,157.68,275.74,709.79,-1,-1,-1,-1
372,12,754.53,232.73,181.42,607.03,-1,-1,-1,-1
372,17,9.52,233.72,330.83,628.42,-1,-1,-1,-1
373,0,554.42,134.87,485.86,930.04,-1,-1,-1,-1
373,1,835.93,182.18,332.32,824.57,-1,-1,-1,-1
373,3,1198.01,159.68,320.03,715.48,-1,-1,-1,-1
373,12,751.77,251.21,170.35,570.02,-1,-1,-1,-1
373,17,21.58,227.63,321.76,641.32,-1,-1,-1,-1
374,0,595.95,153.87,486.27,902.79,-1,-1,-1,-1
374,1,819.67,186.99,330.09,819.02,-1,-1,-1,-1
374,3,1189.86,164.28,308.26,712.02,-1,-1,-1,-1
374,12,749.02,269.70,159.28,533.00,-1,-1,-1,-1
374,17,33.33,227.01,316.28,648.79,-1,-1,-1,-1
375,0,649.72,150.16,440.37,908.56,-1,-1,-1,-1
375,1,803.41,191.81,327.87,813.48,-1,-1,-1,-1
375,3,1185.43,168.47,279.54,710.46,-1,-1,-1,-1
375,17,47.29,226.12,299.70,653.08,-1,-1,-1,-1
376,0,707.02,141.78,370.17,917.40,-1,-1,-1,-1
376,1,787.15,196.62,325.65,807.94,-1,-1,-1,-1
376,3,1170.74,169.89,257.04,706.73,-1,-1,-1,-1
376,17,55.51,220.54,296.39,662.12,-1,-1,-1,-1
377,0,728.56,136.87,358.70,922.23,-1,-1,-1,-1
377,1,770.89,201.44,323.43,802.40,-1,-1,-1,-1
377,3,1149.02,167.30,235.08,718.70,-1,-1,-1,-1
377,17,61.73,216.69,300.29,671.06,-1,-1,-1,-1
378,0,747.61,142.19,360.44,908.68,-1,-1,-1,-1
378,1,732.44,190.62,198.10,652.36,-1,-1,-1,-1
378,3,1109.37,161.38,242.88,720.73,-1,-1,-1,-1
378,17,69.75,213.52,301.21,679.41,-1,-1,-1,-1
379,0,747.30,137.89,385.74,914.30,-1,-1,-1,-1
379,1,720.15,189.61,171.58,521.35,-1,-1,-1,-1
379,3,1075.84,155.37,253.94,725.38,-1,-1,-1,-1
379,17,77.85,210.30,300.08,687.60,-1,-1,-1,-1
380,0,798.55,151.97,368.76,903.02,-1,-1,-1,-1
380,1,704.24,208.96,146.70,445.76,-1,-1,-1,-1
380,3,1061.47,153.66,247.62,723.41,-1,-1,-1,-1
380,12,677.96,176.21,253.19,842.55,-1,-1,-1,-1
380,17,86.92,207.84,294.14,702.60,-1,-1,-1,-1
381,0,855.71,136.02,374.35,932.62,-1,-1,-1,-1
381,1,688.34,228.31,121.82,370.18,-1,-1,-1,-1
381,3,1058.50,158.02,231.29,713.91,-1,-1,-1,-1
381,12,642.44,173.73,303.81,858.54,-1,-1,-1,-1
381,17,99.05,209.60,280.96,713.49,-1,-1,-1,-1
382,0,887.02,139.26,403.74,930.15,-1,-1,-1,-1
382,1,672.43,247.66,96.95,294.60,-1,-1,-1,-1
382,3,1055.53,166.17,231.28,713.69,-1,-1,-1,-1
382,12,614.50,176.68,333.91,858.00,-1,-1,-1,-1
382,17,108.49,209.67,268.35,730.41,-1,-1,-1,-1
383,0,913.02,129.53,437.16,946.76,-1,-1,-1,-1
383,1,656.52,267.01,72.07,219.02,-1,-1,-1,-1
383,3,1037.79,168.00,230.59,711.61,-1,-1,-1,-1
383,12,593.93,172.32,352.24,869.99,-1,-1,-1,-1
383,17,113.41,205.04,263.64,760.33,-1,-1,-1,-1
384,0,947.38,136.93,440.40,931.56,-1,-1,-1,-1
384,3,1020.05,169.83,229.90,709.53,-1,-1,-1,-1
384,12,579.88,174.26,356.26,867.28,-1,-1,-1,-1
384,17,103.31,202.11,275.08,775.42,-1,-1,-1,-1
385,0,969.98,143.72,441.06,925.82,-1,-1,-1,-1
385,3,1002.31,171.66,229.22,707.45,-1,-1,-1,-1
385,12,574.20,176.53,344.09,860.73,-1,-1,-1,-1
385,17,96.71,197.32,279.20,794.40,-1,-1,-1,-1
386,0,988.27,139.26,460.24,931.38,-1,-1,-1,-1
386,3,984.57,173.49,228.53,705.37,-1,-1,-1,-1
386,12,571.95,170.08,320.11,871.39,-1,-1,-1,-1
386,17,83.51,197.06,293.81,796.73,-1,-1,-1,-1
387,0,996.54,126.58,520.26,950.16,-1,-1,-1,-1
387,3,957.45,185.70,180.41,661.70,-1,-1,-1,-1
387,12,543.42,168.09,336.54,871.10,-1,-1,-1,-1
387,17,70.31,195.50,306.54,794.85,-1,-1,-1,-1
388,0,1027.54,121.76,525.16,959.01,-1,-1,-1,-1
388,3,915.74,154.94,217.44,734.22,-1,-1,-1,-1
388,12,523.63,165.75,307.21,879.91,-1,-1,-1,-1
388,17,51.62,191.34,330.02,799.02,-1,-1,-1,-1
389,0,1058.55,116.95,530.06,967.87,-1,-1,-1,-1
389,3,882.71,168.70,233.56,708.86,-1,-1,-1,-1
389,12,493.23,157.42,293.27,893.96,-1,-1,-1,-1
389,17,33.96,186.42,362.41,806.67,-1,-1,-1,-1
390,0,1095.86,139.37,534.53,932.45,-1,-1,-1,-1
390,3,853.51,179.84,244.57,667.39,-1,-1,-1,-1
390,12,455.98,157.77,300.14,900.61,-1,-1,-1,-1
390,17,15.14,176.59,399.74,820.00,-1,-1,-1,-1
390,19,679.86,197.11,283.07,608.24,-1,-1,-1,-1
391,0,1151.77,119.26,490.76,954.28,-1,-1,-1,-1
391,3,824.65,167.22,267.66,714.14,-1,-1,-1,-1
391,12,417.32,157.42,311.96,911.70,-1,-1,-1,-1
391,17,13.12,179.33,412.71,814.86,-1,-1,-1,-1
391,19,669.30,201.19,276.87,610.49,-1,-1,-1,-1
392,0,1229.37,87.28,395.54,995.93,-1,-1,-1,-1
392,3,797.73,177.98,296.01,720.08,-1,-1,-1,-1
392,12,382.98,169.53,333.20,895.05,-1,-1,-1,-1
392,17,14.70,178.63,425.73,824.49,-1,-1,-1,-1
392,19,653.41,197.10,304.29,630.49,-1,-1,-1,-1
393,0,1285.98,79.09,329.94,1005.50,-1,-1,-1,-1
393,3,785.74,171.71,298.98,741.71,-1,-1,-1,-1
393,12,359.33,173.18,340.68,890.72,-1,-1,-1,-1
393,17,34.96,178.53,404.29,831.85,-1,-1,-1,-1
393,19,649.24,192.87,305.23,641.93,-1,-1,-1,-1
394,0,1317.55,76.78,308.10,1003.93,-1,-1,-1,-1
394,3,775.40,168.58,283.46,753.89,-1,-1,-1,-1
394,12,335.81,179.70,343.19,885.95,-1,-1,-1,-1
394,17,63.50,182.28,356.97,824.37,-1,-1,-1,-1
394,19,651.67,195.25,279.57,637.46,-1,-1,-1,-1
395,0,1288.13,80.16,384.90,996.14,-1,-1,-1,-1
395,3,709.13,180.57,302.65,723.99,-1,-1,-1,-1
395,12,230.60,163.76,421.42,908.93,-1,-1,-1,-1
395,17,66.58,183.47,357.09,824.64,-1,-1,-1,-1
395,19,649.07,197.06,281.95,642.87,-1,-1,-1,-1
396,0,1242.51,83.67,478.20,988.67,-1,-1,-1,-1
396,3,674.29,187.95,296.59,709.60,-1,-1,-1,-1
396,12,177.26,159.54,426.51,910.47,-1,-1,-1,-1
396,17,69.66,184.66,357.22,824.90,-1,-1,-1,-1
396,19,646.47,198.87,284.33,648.28,-1,-1,-1,-1
397,0,1264.81,82.93,476.91,985.95,-1,-1,-1,-1
397,3,658.74,182.10,283.43,718.82,-1,-1,-1,-1
397,12,146.22,152.82,424.85,914.27,-1,-1,-1,-1
397,17,72.74,185.85,357.34,825.16,-1,-1,-1,-1
397,19,643.87,200.67,286.72,653.69,-1,-1,-1,-1
398,0,1287.11,82.19,475.62,983.23,-1,-1,-1,-1
398,3,642.01,181.03,283.44,714.91,-1,-1,-1,-1
398,12,139.80,161.41,407.16,889.38,-1,-1,-1,-1
398,17,75.82,187.04,357.47,825.43,-1,-1,-1,-1
398,19,641.27,202.48,289.10,659.10,-1,-1,-1,-1
399,0,1309.41,81.45,474.32,980.51,-1,-1,-1,-1
399,3,630.84,178.30,284.38,713.06,-1,-1,-1,-1
399,12,121.56,155.57,405.37,897.35,-1,-1,-1,-1
400,0,1331.72,80.71,473.03,977.79,-1,-1,-1,-1
400,3,608.56,176.37,308.19,720.40,-1,-1,-1,-1
400,12,94.31,151.94,422.15,899.00,-1,-1,-1,-1
401,0,1292.67,92.31,526.54,976.11,-1,-1,-1,-1
401,3,578.87,181.45,345.22,714.96,-1,-1,-1,-1
401,12,68.80,152.34,447.33,900.79,-1,-1,-1,-1
401,17,336.05,165.96,206.96,825.97,-1,-1,-1,-1
402,0,1306.63,97.08,506.63,974.41,-1,-1,-1,-1
402,3,558.74,181.67,381.46,725.63,-1,-1,-1,-1
402,12,46.87,150.15,476.63,910.76,-1,-1,-1,-1
402,17,366.31,179.31,206.41,761.57,-1,-1,-1,-1
402,19,732.91,220.44,237.96,624.74,-1,-1,-1,-1
403,0,1294.24,99.00,510.93,975.08,-1,-1,-1,-1
403,3,557.33,199.08,381.28,710.53,-1,-1,-1,-1
403,12,37.63,140.88,505.66,926.25,-1,-1,-1,-1
403,17,357.76,171.45,279.03,825.67,-1,-1,-1,-1
403,19,716.38,232.04,292.06,603.39,-1,-1,-1,-1
404,0,1274.89,101.39,501.02,969.16,-1,-1,-1,-1
404,3,572.14,221.64,260.44,642.61,-1,-1,-1,-1
404,12,35.29,136.14,455.86,932.54,-1,-1,-1,-1
404,17,374.96,161.67,296.19,852.73,-1,-1,-1,-1
404,19,697.37,241.69,353.45,577.53,-1,-1,-1,-1
405,0,1263.49,113.10,472.24,959.53,-1,-1,-1,-1
405,3,559.99,238.52,247.05,609.55,-1,-1,-1,-1
405,12,19.52,130.45,442.56,943.19,-1,-1,-1,-1
405,17,391.86,148.44,311.21,887.38,-1,-1,-1,-1
405,19,687.08,245.00,395.19,560.37,-1,-1,-1,-1
406,0,1253.80,111.63,428.86,965.44,-1,-1,-1,-1
406,3,547.84,255.39,233.65,576.50,-1,-1,-1,-1
406,12,3.26,119.67,446.03,959.30,-1,-1,-1,-1
406,17,405.85,157.05,309.21,872.43,-1,-1,-1,-1
406,19,686.44,244.71,410.28,558.14,-1,-1,-1,-1
407,0,1212.92,127.71,410.85,946.04,-1,-1,-1,-1
407,3,535.69,272.27,220.26,543.45,-1,-1,-1,-1
407,12,-9.90,118.06,456.62,954.80,-1,-1,-1,-1
407,17,416.27,148.28,318.27,895.01,-1,-1,-1,-1
407,19,707.83,243.12,380.98,561.77,-1,-1,-1,-1
408,0,1172.42,132.42,397.00,940.83,-1,-1,-1,-1
408,3,523.55,289.14,206.86,510.39,-1,-1,-1,-1
408,12,-13.64,110.57,450.51,959.23,-1,-1,-1,-1
408,17,422.22,142.46,334.67,912.32,-1,-1,-1,-1
408,19,752.34,247.73,318.45,547.83,-1,-1,-1,-1
409,0,1173.00,142.57,331.31,921.02,-1,-1,-1,-1
409,12,-17.81,105.73,459.89,966.00,-1,-1,-1,-1
409,17,432.51,138.64,340.61,926.56,-1,-1,-1,-1
409,19,794.49,239.96,282.12,568.29,-1,-1,-1,-1
410,0,1149.56,147.47,298.52,908.80,-1,-1,-1,-1
410,12,-19.19,106.84,468.24,962.79,-1,-1,-1,-1
410,17,435.46,137.96,367.15,930.95,-1,-1,-1,-1
410,19,827.46,239.86,270.64,565.24,-1,-1,-1,-1
411,0,1105.49,164.11,309.37,887.70,-1,-1,-1,-1
411,12,-17.21,96.78,475.73,979.30,-1,-1,-1,-1
411,17,439.18,140.89,406.62,932.37,-1,-1,-1,-1
411,19,853.37,234.37,262.77,580.36,-1,-1,-1,-1
412,0,1030.11,171.31,373.67,889.84,-1,-1,-1,-1
412,3,390.32,239.90,203.72,654.45,-1,-1,-1,-1
412,12,-9.72,79.44,487.81,1002.38,-1,-1,-1,-1
412,17,455.95,153.10,434.34,923.31,-1,-1,-1,-1
412,19,856.95,235.90,276.85,577.67,-1,-1,-1,-1
413,0,937.74,166.36,481.30,894.24,-1,-1,-1,-1
413,3,371.39,246.51,188.23,586.95,-1,-1,-1,-1
413,12,2.61,80.05,506.40,995.56,-1,-1,-1,-1
413,17,490.04,154.31,404.20,921.86,-1,-1,-1,-1
413,19,857.62,239.97,288.23,570.49,-1,-1,-1,-1
414,0,905.67,172.01,509.65,883.58,-1,-1,-1,-1
414,3,356.51,256.76,181.42,499.46,-1,-1,-1,-1
414,12,37.95,78.48,473.70,992.70,-1,-1,-1,-1
414,17,520.00,153.89,393.87,923.10,-1,-1,-1,-1
414,19,858.58,243.36,313.84,552.13,-1,-1,-1,-1
415,0,896.20,173.50,506.49,881.86,-1,-1,-1,-1
415,3,357.89,251.04,168.14,447.83,-1,-1,-1,-1
415,12,71.16,74.70,460.99,996.33,-1,-1,-1,-1
415,17,560.26,149.44,353.20,919.13,-1,-1,-1,-1
415,19,885.60,229.72,285.49,580.90,-1,-1,-1,-1
416,0,906.31,175.94,459.11,875.72,-1,-1,-1,-1
416,3,347.43,267.89,147.34,392.45,-1,-1,-1,-1
416,12,106.09,61.93,459.31,1006.47,-1,-1,-1,-1
416,17,594.73,136.80,330.12,934.87,-1,-1,-1,-1
416,19,897.06,225.16,289.43,588.90,-1,-1,-1,-1
417,0,934.97,189.11,382.54,842.68,-1,-1,-1,-1
417,3,336.97,284.73,126.55,337.07,-1,-1,-1,-1
417,12,157.11,59.60,440.98,1008.89,-1,-1,-1,-1
417,17,623.21,135.77,312.87,935.59,-1,-1,-1,-1
417,19,908.52,220.61,293.37,596.90,-1,-1,-1,-1
418,0,957.15,199.12,303.41,815.08,-1,-1,-1,-1
418,3,326.51,301.58,105.76,281.69,-1,-1,-1,-1
418,12,194.90,71.43,434.91,992.81,-1,-1,-1,-1
418,17,633.83,128.15,333.59,944.39,-1,-1,-1,-1
418,19,919.97,216.06,297.31,604.90,-1,-1,-1,-1
419,0,961.16,211.34,281.21,753.21,-1,-1,-1,-1
419,3,316.05,318.43,84.97,226.31,-1,-1,-1,-1
419,12,225.84,64.24,442.95,996.04,-1,-1,-1,-1
419,17,652.16,135.27,357.34,921.51,-1,-1,-1,-1
419,19,931.43,211.51,301.25,612.90,-1,-1,-1,-1
420,0,960.87,216.41,258.27,678.64,-1,-1,-1,-1
420,12,256.84,141.32,459.24,904.00,-1,-1,-1,-1
420,17,678.90,125.18,367.75,938.99,-1,-1,-1,-1
420,19,1078.87,228.51,217.03,565.94,-1,-1,-1,-1
421,0,959.75,203.19,251.86,682.60,-1,-1,-1,-1
421,12,278.61,194.34,470.86,854.74,-1,-1,-1,-1
421,17,709.71,119.34,356.80,953.55,-1,-1,-1,-1
421,19,1112.24,231.60,226.69,551.97,-1,-1,-1,-1
422,0,969.28,198.19,203.52,665.52,-1,-1,-1,-1
422,3,252.66,263.13,174.54,564.11,-1,-1,-1,-1
422,12,290.03,106.95,493.33,975.88,-1,-1,-1,-1
422,17,734.03,122.40,372.11,949.17,-1,-1,-1,-1
422,19,1092.41,219.64,303.81,585.23,-1,-1,-1,-1
423,0,996.73,231.52,149.18,601.14,-1,-1,-1,-1
423,3,234.51,256.17,184.64,588.26,-1,-1,-1,-1
423,12,301.61,65.28,513.93,1029.56,-1,-1,-1,-1
423,17,765.39,135.95,377.19,931.56,-1,-1,-1,-1
423,19,1098.63,214.85,343.65,602.14,-1,-1,-1,-1
424,0,990.57,244.42,138.69,559.05,-1,-1,-1,-1
424,3,215.05,251.14,212.82,604.89,-1,-1,-1,-1
424,12,344.04,36.12,489.87,1061.64,-1,-1,-1,-1
424,17,796.24,127.82,359.94,947.38,-1,-1,-1,-1
424,19,1099.13,211.78,391.07,618.43,-1,-1,-1,-1
425,0,984.42,257.32,128.20,516.95,-1,-1,-1,-1
425,3,212.78,247.22,222.25,612.55,-1,-1,-1,-1
425,12,413.93,25.68,452.98,1065.92,-1,-1,-1,-1
425,17,831.23,118.26,330.28,962.17,-1,-1,-1,-1
425,19,1104.07,215.96,415.10,621.32,-1,-1,-1,-1
426,0,978.26,270.23,117.72,474.86,-1,-1,-1,-1
426,3,220.58,240.45,225.77,616.31,-1,-1,-1,-1
426,12,459.98,28.36,463.94,1043.95,-1,-1,-1,-1
426,17,853.72,110.56,336.01,972.48,-1,-1,-1,-1
426,19,1134.06,213.43,401.12,630.97,-1,-1,-1,-1
427,0,856.35,205.90,160.67,678.71,-1,-1,-1,-1
427,3,236.08,233.24,237.09,619.81,-1,-1,-1,-1
427,12,511.85,20.57,467.06,1046.59,-1,-1,-1,-1
427,17,877.25,115.53,343.35,951.42,-1,-1,-1,-1
427,19,1161.89,213.12,380.60,633.45,-1,-1,-1,-1
428,0,817.57,189.70,207.60,730.03,-1,-1,-1,-1
428,3,264.24,233.02,225.03,606.07,-1,-1,-1,-1
428,12,562.33,25.36,455.06,1036.23,-1,-1,-1,-1
428,17,893.96,103.50,371.64,966.04,-1,-1,-1,-1
428,19,1190.12,205.95,340.42,644.99,-1,-1,-1,-1
429,0,789.30,174.14,216.75,762.38,-1,-1,-1,-1
429,3,290.57,236.50,226.07,590.66,-1,-1,-1,-1
429,12,611.02,26.43,441.05,1031.42,-1,-1,-1,-1
429,17,943.85,114.58,364.93,949.00,-1,-1,-1,-1
429,19,1222.46,203.66,296.13,647.36,-1,-1,-1,-1
430,0,761.03,158.59,225.90,794.72,-1,-1,-1,-1
430,3,309.01,236.68,227.73,587.25,-1,-1,-1,-1
430,12,657.86,25.62,436.26,1027.20,-1,-1,-1,-1
430,17,985.60,117.67,380.78,952.15,-1,-1,-1,-1
430,19,1242.73,206.30,283.40,639.93,-1,-1,-1,-1
431,0,732.76,143.03,235.04,827.07,-1,-1,-1,-1
431,3,323.16,235.31,230.18,581.36,-1,-1,-1,-1
431,12,717.91,112.42,396.97,925.90,-1,-1,-1,-1
431,17,1018.11,134.72,413.79,929.43,-1,-1,-1,-1
431,19,1273.35,199.50,274.72,643.38,-1,-1,-1,-1
432,0,704.50,127.48,244.17,859.42,-1,-1,-1,-1
432,3,335.34,231.46,231.79,579.96,-1,-1,-1,-1
432,12,760.03,68.06,391.56,984.74,-1,-1,-1,-1
432,17,1067.11,134.49,391.53,925.04,-1,-1,-1,-1
432,19,1294.84,205.13,293.26,611.74,-1,-1,-1,-1
433,3,349.09,234.94,223.57,569.28,-1,-1,-1,-1
433,12,775.97,72.65,400.32,978.43,-1,-1,-1,-1
433,17,1088.32,120.58,469.55,946.80,-1,-1,-1,-1
433,19,1308.65,202.19,310.16,606.56,-1,-1,-1,-1
434,3,366.84,232.32,212.35,568.85,-1,-1,-1,-1
434,12,759.21,53.24,457.44,1009.98,-1,-1,-1,-1
434,17,1124.26,111.62,499.09,961.49,-1,-1,-1,-1
434,19,1332.58,204.12,305.22,596.87,-1,-1,-1,-1
435,0,672.70,229.64,256.93,656.30,-1,-1,-1,-1
435,3,399.23,229.81,189.40,563.15,-1,-1,-1,-1
435,12,770.93,35.29,480.16,1041.76,-1,-1,-1,-1
435,17,1171.33,99.40,491.05,975.06,-1,-1,-1,-1
435,19,1374.92,229.02,293.97,425.26,-1,-1,-1,-1
436,0,661.73,236.38,277.38,647.95,-1,-1,-1,-1
436,3,428.58,227.64,176.43,561.85,-1,-1,-1,-1
436,12,848.10,26.83,421.13,1046.90,-1,-1,-1,-1
436,17,1202.15,129.12,519.51,929.86,-1,-1,-1,-1
436,19,1423.16,250.76,245.78,355.52,-1,-1,-1,-1
437,0,644.88,238.19,292.39,644.25,-1,-1,-1,-1
437,3,448.70,226.76,175.86,551.06,-1,-1,-1,-1
437,12,911.52,8.54,388.86,1073.24,-1,-1,-1,-1
437,17,1251.96,131.41,479.40,935.52,-1,-1,-1,-1
437,19,1471.41,272.50,197.58,285.78,-1,-1,-1,-1
438,0,631.80,241.29,284.56,636.63,-1,-1,-1,-1
438,3,467.82,228.41,181.49,535.26,-1,-1,-1,-1
438,12,962.15,-0.59,369.00,1084.68,-1,-1,-1,-1
438,17,1292.46,117.70,444.09,957.06,-1,-1,-1,-1
438,19,1519.66,294.23,149.37,216.04,-1,-1,-1,-1
439,0,617.90,232.95,286.76,651.43,-1,-1,-1,-1
439,3,475.79,227.51,206.04,538.73,-1,-1,-1,-1
439,12,1006.59,-4.14,351.48,1087.39,-1,-1,-1,-1
439,17,1327.23,107.76,400.79,965.86,-1,-1,-1,-1
439,19,1567.92,315.97,101.16,146.30,-1,-1,-1,-1
440,0,616.90,228.13,272.76,658.59,-1,-1,-1,-1
440,3,485.13,234.47,219.09,529.09,-1,-1,-1,-1
440,12,1035.25,-1.69,371.05,1077.08,-1,-1,-1,-1
440,17,1344.55,104.56,393.75,969.75,-1,-1,-1,-1
441,0,618.62,228.00,261.41,650.97,-1,-1,-1,-1
441,3,502.60,225.85,217.47,549.37,-1,-1,-1,-1
441,12,1071.96,-4.65,371.36,1078.03,-1,-1,-1,-1
441,17,1381.37,113.51,362.38,947.09,-1,-1,-1,-1
442,0,605.63,232.86,264.59,646.04,-1,-1,-1,-1
442,3,526.89,236.77,204.61,543.31,-1,-1,-1,-1
442,12,1108.68,-7.61,371.68,1078.99,-1,-1,-1,-1
442,17,1400.97,120.18,347.43,930.44,-1,-1,-1,-1
443,0,594.74,233.95,263.45,643.28,-1,-1,-1,-1
443,3,541.05,225.08,260.84,610.86,-1,-1,-1,-1
443,12,1145.39,-10.56,372.00,1079.94,-1,-1,-1,-1
443,17,1456.93,106.16,288.76,951.01,-1,-1,-1,-1
444,0,583.85,235.04,262.32,640.53,-1,-1,-1,-1
444,3,548.57,216.85,286.44,655.02,-1,-1,-1,-1
444,12,1182.10,-13.52,372.32,1080.90,-1,-1,-1,-1
444,17,1481.85,102.89,289.70,954.16,-1,-1,-1,-1
445,0,572.95,236.13,261.19,637.77,-1,-1,-1,-1
445,3,559.60,211.67,278.08,689.23,-1,-1,-1,-1
445,17,1489.40,86.56,337.77,974.92,-1,-1,-1,-1
446,0,562.06,237.22,260.05,635.01,-1,-1,-1,-1
446,3,560.06,213.03,281.18,699.34,-1,-1,-1,-1
446,17,1551.28,116.59,310.51,853.68,-1,-1,-1,-1
447,3,562.24,225.33,286.56,679.54,-1,-1,-1,-1
447,17,1613.21,119.80,264.71,822.08,-1,-1,-1,-1
448,0,668.37,241.43,172.25,504.99,-1,-1,-1,-1
448,3,556.60,228.69,298.74,673.68,-1,-1,-1,-1
448,17,1586.90,80.82,327.79,914.44,-1,-1,-1,-1
448,19,1622.10,110.93,297.53,596.28,-1,-1,-1,-1
449,0,686.72,233.55,187.46,528.45,-1,-1,-1,-1
449,3,544.23,224.47,296.99,681.69,-1,-1,-1,-1
449,12,1300.98,34.33,497.31,1035.30,-1,-1,-1,-1
449,17,1555.39,92.67,391.86,926.19,-1,-1,-1,-1
449,19,1637.66,99.05,305.77,612.78,-1,-1,-1,-1
450,0,688.18,232.39,199.66,532.32,-1,-1,-1,-1
450,3,522.80,226.63,304.84,684.94,-1,-1,-1,-1
450,12,1338.98,38.71,494.43,1029.25,-1,-1,-1,-1
450,17,1627.63,100.16,300.41,908.95,-1,-1,-1,-1
450,19,1653.21,87.18,314.02,629.28,-1,-1,-1,-1
451,0,692.65,231.68,214.73,531.37,-1,-1,-1,-1
451,3,493.25,224.96,322.87,690.70,-1,-1,-1,-1
451,12,1376.99,43.09,491.55,1023.21,-1,-1,-1,-1
451,17,1648.74,111.88,286.26,891.53,-1,-1,-1,-1
451,19,1668.77,75.30,322.26,645.78,-1,-1,-1,-1
452,0,723.37,226.35,200.87,538.13,-1,-1,-1,-1
452,3,467.94,220.53,327.67,706.35,-1,-1,-1,-1
452,12,1374.76,76.43,518.72,984.57,-1,-1,-1,-1
452,17,1645.47,113.15,290.54,892.57,-1,-1,-1,-1
452,19,1684.32,63.43,330.51,662.27,-1,-1,-1,-1
453,0,759.75,222.67,183.30,540.95,-1,-1,-1,-1
453,3,447.75,213.73,319.15,724.18,-1,-1,-1,-1
453,12,1421.54,100.64,490.03,950.52,-1,-1,-1,-1
453,17,1662.99,114.86,289.50,889.38,-1,-1,-1,-1
454,0,784.78,212.42,196.48,556.27,-1,-1,-1,-1
454,3,430.34,209.16,310.84,743.73,-1,-1,-1,-1
454,12,1454.45,108.15,463.46,940.97,-1,-1,-1,-1
454,17,1677.44,120.22,256.12,845.24,-1,-1,-1,-1
455,0,806.97,212.18,215.85,548.31,-1,-1,-1,-1
455,3,417.08,206.23,304.77,773.11,-1,-1,-1,-1
455,12,1465.96,85.51,453.75,984.92,-1,-1,-1,-1
455,17,1636.89,113.92,298.86,793.27,-1,-1,-1,-1
455,27,1160.36,204.88,332.06,690.64,-1,-1,-1,-1
456,0,829.68,215.15,223.35,528.69,-1,-1,-1,-1
456,3,405.36,204.96,304.43,798.07,-1,-1,-1,-1
456,12,1470.38,104.05,468.25,949.97,-1,-1,-1,-1
456,17,1650.89,122.14,286.66,760.89,-1,-1,-1,-1
456,27,1136.48,209.77,349.43,688.06,-1,-1,-1,-1
457,0,851.82,215.14,223.29,521.21,-1,-1,-1,-1
457,3,398.96,208.34,305.80,812.77,-1,-1,-1,-1
457,12,1479.63,93.32,454.37,968.37,-1,-1,-1,-1
457,17,1664.89,130.36,274.46,728.50,-1,-1,-1,-1
457,27,1125.48,203.67,363.05,702.02,-1,-1,-1,-1
458,0,854.99,217.53,246.11,522.57,-1,-1,-1,-1
458,3,401.04,214.35,303.31,817.41,-1,-1,-1,-1
458,12,1472.81,87.14,466.79,975.15,-1,-1,-1,-1
458,17,1678.89,138.58,262.27,696.11,-1,-1,-1,-1
458,27,1116.80,193.02,382.10,716.78,-1,-1,-1,-1
459,0,865.09,214.19,251.07,530.63,-1,-1,-1,-1
459,3,409.71,213.45,297.66,828.98,-1,-1,-1,-1
459,12,1467.02,73.80,468.06,997.45,-1,-1,-1,-1
459,17,1692.89,146.80,250.07,663.73,-1,-1,-1,-1
459,27,1116.09,176.14,381.05,736.10,-1,-1,-1,-1
460,0,879.04,220.05,246.13,524.20,-1,-1,-1,-1
460,3,413.62,207.14,303.50,842.03,-1,-1,-1,-1
460,12,1457.08,67.31,481.37,1008.01,-1,-1,-1,-1
460,27,1120.95,171.66,342.31,736.03,-1,-1,-1,-1
461,0,920.23,226.56,212.43,518.06,-1,-1,-1,-1
461,3,414.32,205.80,321.89,839.89,-1,-1,-1,-1
461,12,1455.68,74.04,481.03,1001.29,-1,-1,-1,-1
461,27,1113.95,173.31,302.06,720.78,-1,-1,-1,-1
462,0,957.06,226.57,172.59,514.17,-1,-1,-1,-1
462,3,415.09,198.62,329.96,851.41,-1,-1,-1,-1
462,12,1464.34,75.30,463.10,1002.73,-1,-1,-1,-1
462,27,1086.99,175.84,287.92,714.85,-1,-1,-1,-1
463,0,975.87,227.87,171.26,510.30,-1,-1,-1,-1
463,3,412.67,198.14,341.48,855.37,-1,-1,-1,-1
463,12,1471.45,98.74,454.66,965.07,-1,-1,-1,-1
463,27,1016.86,178.11,335.51,714.15,-1,-1,-1,-1
464,0,994.68,229.17,169.94,506.42,-1,-1,-1,-1
464,3,409.89,193.86,351.63,866.16,-1,-1,-1,-1
464,12,1479.36,95.46,439.68,969.44,-1,-1,-1,-1
464,27,973.43,177.09,366.11,719.38,-1,-1,-1,-1
465,0,1013.49,230.47,168.62,502.55,-1,-1,-1,-1
465,3,401.68,189.30,366.93,870.51,-1,-1,-1,-1
465,12,1478.18,95.91,444.03,966.26,-1,-1,-1,-1
465,27,937.84,180.85,396.23,712.64,-1,-1,-1,-1
466,0,1032.30,231.77,167.30,498.67,-1,-1,-1,-1
466,3,388.67,187.80,382.81,873.16,-1,-1,-1,-1
466,12,1487.39,108.70,433.95,947.84,-1,-1,-1,-1
466,27,913.37,179.59,413.71,732.20,-1,-1,-1,-1
467,3,379.13,184.79,391.24,882.05,-1,-1,-1,-1
467,12,1501.65,99.87,417.27,970.22,-1,-1,-1,-1
467,27,920.77,178.90,383.64,751.94,-1,-1,-1,-1
468,3,383.64,182.84,379.91,881.59,-1,-1,-1,-1
468,12,1516.16,88.59,401.51,985.27,-1,-1,-1,-1
468,27,896.33,176.66,399.30,768.37,-1,-1,-1,-1
469,0,1126.47,220.14,174.60,504.90,-1,-1,-1,-1
469,3,402.28,175.80,349.93,891.82,-1,-1,-1,-1
469,12,1527.54,78.28,390.05,996.97,-1,-1,-1,-1
469,27,881.56,178.15,407.61,765.88,-1,-1,-1,-1
470,0,1134.77,210.66,190.31,534.44,-1,-1,-1,-1
470,3,414.58,172.28,338.69,894.24,-1,-1,-1,-1
470,12,1539.70,84.49,379.48,990.24,-1,-1,-1,-1
470,27,867.29,166.04,397.74,787.80,-1,-1,-1,-1
471,0,1146.98,207.51,194.70,541.20,-1,-1,-1,-1
471,3,420.63,162.17,347.31,903.23,-1,-1,-1,-1
471,12,1544.22,117.28,378.01,942.95,-1,-1,-1,-1
471,27,856.61,163.71,371.88,792.34,-1,-1,-1,-1
472,0,1168.71,200.93,181.20,556.87,-1,-1,-1,-1
472,3,434.69,165.38,353.19,904.60,-1,-1,-1,-1
472,12,1536.79,112.94,387.72,948.21,-1,-1,-1,-1
472,27,857.02,170.07,312.42,779.77,-1,-1,-1,-1
473,0,1184.68,199.10,186.07,566.69,-1,-1,-1,-1
473,3,450.91,179.79,367.46,886.70,-1,-1,-1,-1
473,12,1520.73,109.73,406.50,961.52,-1,-1,-1,-1
473,27,851.67,166.74,270.46,776.81,-1,-1,-1,-1
474,0,1203.03,197.42,187.92,561.61,-1,-1,-1,-1
474,3,483.11,191.16,386.08,876.39,-1,-1,-1,-1
474,12,1499.05,110.81,426.55,963.86,-1,-1,-1,-1
474,17,1477.86,157.20,245.02,746.97,-1,-1,-1,-1
474,27,820.87,157.70,279.39,795.42,-1,-1,-1,-1
475,0,1214.41,205.46,206.16,545.01,-1,-1,-1,-1
475,3,514.65,204.15,408.39,867.09,-1,-1,-1,-1
475,12,1563.88,124.17,344.96,938.72,-1,-1,-1,-1
475,17,1453.97,150.73,274.77,774.43,-1,-1,-1,-1
475,27,789.16,156.72,290.28,800.98,-1,-1,-1,-1
476,0,1219.61,211.70,230.55,535.50,-1,-1,-1,-1
476,3,536.98,190.95,436.35,886.90,-1,-1,-1,-1
476,12,1604.24,112.02,305.74,958.63,-1,-1,-1,-1
476,17,1444.36,144.00,277.67,800.69,-1,-1,-1,-1
476,27,747.95,152.79,310.55,820.67,-1,-1,-1,-1
477,0,1227.03,211.45,248.12,541.30,-1,-1,-1,-1
477,3,569.89,174.25,447.61,910.33,-1,-1,-1,-1
477,12,1625.57,114.59,290.08,959.97,-1,-1,-1,-1
477,17,1444.59,153.75,265.10,775.45,-1,-1,-1,-1
477,27,721.10,148.18,315.27,833.17,-1,-1,-1,-1
478,0,1238.80,206.54,245.26,555.53,-1,-1,-1,-1
478,3,595.27,166.29,454.25,918.30,-1,-1,-1,-1
478,12,1644.87,124.03,273.71,947.59,-1,-1,-1,-1
478,17,1433.76,168.31,257.66,748.57,-1,-1,-1,-1
478,27,694.25,143.58,320.00,845.67,-1,-1,-1,-1
479,0,1259.17,212.67,217.10,543.10,-1,-1,-1,-1
479,3,627.36,155.02,431.08,931.02,-1,-1,-1,-1
479,12,1658.95,138.11,258.98,921.83,-1,-1,-1,-1
479,17,1431.61,169.00,215.53,736.84,-1,-1,-1,-1
479,27,667.40,138.97,324.73,858.17,-1,-1,-1,-1
480,0,1287.05,218.63,190.04,533.03,-1,-1,-1,-1
480,3,630.80,148.62,440.99,936.70,-1,-1,-1,-1
480,12,1667.10,148.63,255.01,911.98,-1,-1,-1,-1
480,17,1371.21,173.71,242.48,734.09,-1,-1,-1,-1
480,27,640.55,134.36,329.46,870.67,-1,-1,-1,-1
481,0,1303.15,222.24,187.93,527.17,-1,-1,-1,-1
481,3,603.28,155.77,479.29,906.46,-1,-1,-1,-1
481,12,1679.16,138.26,239.27,924.74,-1,-1,-1,-1
481,17,1325.60,168.40,258.95,741.86,-1,-1,-1,-1
482,0,1319.25,225.85,185.82,521.31,-1,-1,-1,-1
482,3,593.72,154.81,498.74,906.38,-1,-1,-1,-1
482,12,1684.21,144.00,236.54,922.73,-1,-1,-1,-1
482,17,1275.46,178.79,299.96,722.73,-1,-1,-1,-1
483,0,1335.36,229.47,183.72,515.45,-1,-1,-1,-1
483,3,613.05,153.96,499.46,907.50,-1,-1,-1,-1
483,12,1688.68,144.54,232.36,915.38,-1,-1,-1,-1
483,17,1242.02,180.05,321.54,722.41,-1,-1,-1,-1
483,27,560.09,151.24,357.41,830.80,-1,-1,-1,-1
484,0,1351.46,233.08,181.61,509.59,-1,-1,-1,-1
484,3,643.14,152.70,501.73,915.50,-1,-1,-1,-1
484,12,1680.48,147.47,245.36,908.37,-1,-1,-1,-1
484,17,1225.83,185.98,332.57,714.54,-1,-1,-1,-1
484,27,559.85,172.86,299.52,747.97,-1,-1,-1,-1
485,0,1356.65,193.97,201.66,568.42,-1,-1,-1,-1
485,3,734.20,159.83,446.69,907.84,-1,-1,-1,-1
485,12,1687.42,133.38,233.15,927.32,-1,-1,-1,-1
485,17,1211.66,187.77,332.81,707.51,-1,-1,-1,-1
485,27,550.75,173.71,293.38,754.51,-1,-1,-1,-1
486,0,1374.56,188.87,194.96,583.99,-1,-1,-1,-1
486,3,797.98,180.98,426.83,884.80,-1,-1,-1,-1
486,12,1692.69,133.18,227.53,918.17,-1,-1,-1,-1
486,17,1207.97,179.87,293.19,717.13,-1,-1,-1,-1
486,27,516.90,167.13,302.28,767.75,-1,-1,-1,-1
487,0,1384.26,192.87,198.05,591.45,-1,-1,-1,-1
487,3,850.84,156.44,390.58,921.62,-1,-1,-1,-1
487,12,1684.13,145.01,239.97,897.91,-1,-1,-1,-1
487,17,1201.65,179.99,249.78,709.85,-1,-1,-1,-1
487,27,474.00,162.53,322.58,770.77,-1,-1,-1,-1
488,0,1388.50,193.29,208.58,601.08,-1,-1,-1,-1
488,3,889.27,165.89,350.40,906.40,-1,-1,-1,-1
488,12,1685.26,151.78,232.07,848.36,-1,-1,-1,-1
488,17,1182.99,176.56,220.11,711.01,-1,-1,-1,-1
488,27,427.44,156.88,358.50,783.20,-1,-1,-1,-1
489,0,1394.32,182.57,218.90,637.32,-1,-1,-1,-1
489,3,920.99,161.46,329.02,911.06,-1,-1,-1,-1
489,12,1693.12,143.02,224.82,865.18,-1,-1,-1,-1
489,17,1169.59,179.47,194.09,718.29,-1,-1,-1,-1
489,27,386.55,154.90,396.50,788.34,-1,-1,-1,-1
490,0,1399.97,185.81,225.94,638.97,-1,-1,-1,-1
490,3,938.77,157.83,357.31,915.81,-1,-1,-1,-1
490,12,1694.75,146.48,225.01,862.90,-1,-1,-1,-1
490,17,1163.89,191.89,171.32,689.94,-1,-1,-1,-1
490,27,353.83,153.80,426.95,801.00,-1,-1,-1,-1
491,0,1396.55,185.83,252.15,642.42,-1,-1,-1,-1
491,3,970.71,139.44,361.77,941.73,-1,-1,-1,-1
491,12,1697.21,153.92,223.32,858.68,-1,-1,-1,-1
491,17,1142.19,197.40,168.50,678.66,-1,-1,-1,-1
491,27,326.98,157.59,442.77,811.53,-1,-1,-1,-1
492,0,1389.82,183.34,276.97,649.26,-1,-1,-1,-1
492,3,975.90,131.91,376.19,945.86,-1,-1,-1,-1
492,12,1699.20,147.02,219.85,882.26,-1,-1,-1,-1
492,17,1120.49,202.91,165.68,667.38,-1,-1,-1,-1
492,27,315.80,158.69,448.25,836.05,-1,-1,-1,-1
493,0,1384.28,177.83,294.95,659.57,-1,-1,-1,-1
493,3,967.83,123.33,386.71,957.32,-1,-1,-1,-1
493,12,1702.51,155.64,214.58,871.48,-1,-1,-1,-1
493,17,1098.78,208.42,162.87,656.11,-1,-1,-1,-1
493,27,304.35,167.26,458.29,835.39,-1,-1,-1,-1
494,0,1378.58,170.32,304.23,669.93,-1,-1,-1,-1
494,3,960.35,117.22,393.02,947.50,-1,-1,-1,-1
494,12,1704.12,163.02,215.06,869.34,-1,-1,-1,-1
494,17,1077.08,213.93,160.06,644.83,-1,-1,-1,-1
494,27,308.77,161.35,439.92,848.64,-1,-1,-1,-1
495,0,1380.98,162.08,290.05,681.61,-1,-1,-1,-1
495,3,939.96,123.94,420.82,934.49,-1,-1,-1,-1
495,12,1701.90,161.08,218.74,866.02,-1,-1,-1,-1
495,27,314.77,155.84,403.49,853.15,-1,-1,-1,-1
496,0,1379.59,158.83,279.93,686.44,-1,-1,-1,-1
496,3,932.99,119.01,445.00,948.87,-1,-1,-1,-1
496,12,1704.23,171.23,215.59,836.19,-1,-1,-1,-1
496,27,313.52,150.20,361.67,857.22,-1,-1,-1,-1
497,0,1382.32,156.67,265.76,699.56,-1,-1,-1,-1
497,3,935.15,116.78,463.12,954.09,-1,-1,-1,-1
497,12,1702.36,182.36,217.76,784.41,-1,-1,-1,-1
497,27,301.53,145.85,323.96,862.05,-1,-1,-1,-1
498,0,1390.42,161.44,250.09,709.20,-1,-1,-1,-1
498,3,954.07,124.33,459.12,947.30,-1,-1,-1,-1
498,12,1711.21,169.12,207.23,787.86,-1,-1,-1,-1
498,27,283.98,144.68,302.81,856.63,-1,-1,-1,-1
499,0,1391.81,161.91,250.85,733.10,-1,-1,-1,-1
499,3,969.03,130.04,451.84,944.11,-1,-1,-1,-1
499,12,1714.45,164.85,204.49,782.54,-1,-1,-1,-1
499,27,264.62,140.88,305.81,863.61,-1,-1,-1,-1
500,0,1398.48,159.84,242.19,751.34,-1,-1,-1,-1
500,3,963.91,139.76,467.35,931.12,-1,-1,-1,-1
500,12,1702.85,163.76,217.32,768.81,-1,-1,-1,-1
500,27,244.43,138.35,328.43,869.11,-1,-1,-1,-1
501,0,1396.23,159.17,240.56,759.26,-1,-1,-1,-1
501,3,949.56,137.05,477.96,938.83,-1,-1,-1,-1
501,12,1698.33,162.46,222.15,767.93,-1,-1,-1,-1
501,27,228.22,144.13,349.20,863.81,-1,-1,-1,-1
502,0,1393.25,162.92,235.06,757.94,-1,-1,-1,-1
502,3,938.19,141.29,480.35,936.34,-1,-1,-1,-1
502,12,1684.67,161.28,232.90,761.91,-1,-1,-1,-1
502,27,216.81,150.51,360.28,859.51,-1,-1,-1,-1
503,0,1372.94,162.74,247.31,761.00,-1,-1,-1,-1
503,3,921.66,138.76,483.14,934.93,-1,-1,-1,-1
503,12,1668.86,165.76,247.99,752.92,-1,-1,-1,-1
503,17,896.41,209.27,160.61,622.66,-1,-1,-1,-1
503,27,215.99,164.88,359.41,832.39,-1,-1,-1,-1
504,0,1347.11,157.00,262.07,773.88,-1,-1,-1,-1
504,3,922.12,152.97,467.67,910.62,-1,-1,-1,-1
504,12,1659.20,171.83,247.53,739.94,-1,-1,-1,-1
504,17,883.26,200.58,156.24,640.35,-1,-1,-1,-1
504,27,214.83,177.93,359.23,817.19,-1,-1,-1,-1
505,0,1322.41,152.52,279.94,770.41,-1,-1,-1,-1
505,3,941.00,149.87,439.47,920.73,-1,-1,-1,-1
505,12,1652.11,170.25,242.45,733.32,-1,-1,-1,-1
505,17,863.54,194.74,168.85,651.18,-1,-1,-1,-1
505,27,219.07,181.43,350.54,816.41,-1,-1,-1,-1
506,0,1289.72,166.85,309.46,732.09,-1,-1,-1,-1
506,3,924.85,143.41,461.40,928.69,-1,-1,-1,-1
506,12,1645.19,162.61,244.42,742.02,-1,-1,-1,-1
506,17,848.71,196.09,170.37,647.73,-1,-1,-1,-1
506,27,230.52,182.96,330.06,811.78,-1,-1,-1,-1
507,0,1274.81,173.79,320.76,721.70,-1,-1,-1,-1
507,3,945.13,143.14,429.68,929.20,-1,-1,-1,-1
507,12,1638.10,160.00,242.30,741.62,-1,-1,-1,-1
507,17,835.94,202.47,171.34,637.60,-1,-1,-1,-1
507,27,244.72,185.58,311.27,802.83,-1,-1,-1,-1
508,0,1274.53,163.42,308.84,745.41,-1,-1,-1,-1
508,3,938.88,141.23,440.61,934.23,-1,-1,-1,-1
508,12,1632.77,165.48,233.14,718.10,-1,-1,-1,-1
508,17,811.57,206.26,186.16,630.90,-1,-1,-1,-1
508,27,259.79,182.81,291.81,799.98,-1,-1,-1,-1
509,0,1258.83,169.56,313.55,742.64,-1,-1,-1,-1
509,3,952.25,145.65,421.59,927.29,-1,-1,-1,-1
509,12,1627.89,176.96,211.32,696.75,-1,-1,-1,-1
509,17,774.43,199.23,217.04,643.97,-1,-1,-1,-1
509,27,272.29,192.94,276.59,754.17,-1,-1,-1,-1
510,0,1247.99,173.48,299.01,736.41,-1,-1,-1,-1
510,3,964.35,146.93,402.96,929.47,-1,-1,-1,-1
510,12,1623.99,173.52,193.14,699.22,-1,-1,-1,-1
510,17,752.80,209.15,230.54,625.90,-1,-1,-1,-1
510,27,280.46,195.06,269.00,719.11,-1,-1,-1,-1
511,0,1235.43,181.22,261.16,721.41,-1,-1,-1,-1
511,3,978.26,145.59,402.72,931.53,-1,-1,-1,-1
511,12,1610.18,172.79,189.54,691.66,-1,-1,-1,-1
511,17,738.08,209.16,237.11,631.48,-1,-1,-1,-1
511,27,284.13,194.47,268.96,697.35,-1,-1,-1,-1
512,0,1222.00,186.43,258.22,713.34,-1,-1,-1,-1
512,3,998.48,157.12,390.70,905.85,-1,-1,-1,-1
512,12,1588.44,174.14,192.49,681.33,-1,-1,-1,-1
512,17,728.63,210.20,238.75,633.66,-1,-1,-1,-1
512,27,287.06,191.17,268.99,691.83,-1,-1,-1,-1
513,0,1208.57,191.64,255.28,705.27,-1,-1,-1,-1
513,3,1016.01,150.07,392.04,918.58,-1,-1,-1,-1
513,12,1548.77,177.28,218.60,668.61,-1,-1,-1,-1
513,17,727.79,211.74,227.90,631.50,-1,-1,-1,-1
513,27,285.83,181.93,273.82,702.08,-1,-1,-1,-1
514,0,1195.13,196.86,252.34,697.20,-1,-1,-1,-1
514,3,1036.07,149.09,392.57,912.33,-1,-1,-1,-1
514,12,1520.21,174.32,236.67,670.81,-1,-1,-1,-1
514,17,721.72,215.31,215.11,619.91,-1,-1,-1,-1
514,27,282.00,179.08,280.45,704.84,-1,-1,-1,-1
515,0,1181.70,202.07,249.39,689.13,-1,-1,-1,-1
515,3,1052.81,141.77,395.17,900.95,-1,-1,-1,-1
515,12,1502.77,180.34,246.58,662.41,-1,-1,-1,-1
515,17,726.01,208.91,191.84,633.44,-1,-1,-1,-1
515,27,278.02,182.59,284.25,698.92,-1,-1,-1,-1
516,3,1063.38,127.88,354.10,910.45,-1,-1,-1,-1
516,12,1498.01,183.91,235.86,653.47,-1,-1,-1,-1
516,17,718.97,210.57,182.63,633.53,-1,-1,-1,-1
516,27,275.11,188.46,286.49,690.61,-1,-1,-1,-1
517,3,1036.80,114.45,356.71,931.58,-1,-1,-1,-1
517,12,1491.58,189.57,226.62,639.01,-1,-1,-1,-1
517,17,714.74,215.64,175.44,626.68,-1,-1,-1,-1
517,27,273.02,196.16,284.53,683.21,-1,-1,-1,-1
518,3,998.67,134.61,388.99,898.29,-1,-1,-1,-1
518,12,1485.41,186.76,215.62,642.77,-1,-1,-1,-1
518,17,716.70,210.72,159.09,634.60,-1,-1,-1,-1
518,27,269.35,203.81,287.35,673.73,-1,-1,-1,-1
519,3,984.00,129.58,398.71,907.93,-1,-1,-1,-1
519,12,1474.63,188.98,201.04,630.99,-1,-1,-1,-1
519,17,712.06,209.43,158.49,636.61,-1,-1,-1,-1
519,27,268.81,203.73,285.90,678.45,-1,-1,-1,-1
520,0,987.85,178.89,172.90,663.86,-1,-1,-1,-1
520,3,985.70,115.20,396.48,925.55,-1,-1,-1,-1
520,12,1456.00,187.72,198.52,624.43,-1,-1,-1,-1
520,17,710.41,222.47,150.05,618.23,-1,-1,-1,-1
520,27,272.40,206.26,276.54,665.85,-1,-1,-1,-1
521,0,930.24,181.56,204.01,724.96,-1,-1,-1,-1
521,3,974.00,119.34,411.71,934.54,-1,-1,-1,-1
521,12,1440.02,184.26,191.39,628.96,-1,-1,-1,-1
521,17,706.58,213.23,148.47,630.26,-1,-1,-1,-1
521,27,273.52,210.54,270.88,652.12,-1,-1,-1,-1
522,0,883.25,169.46,225.91,750.49,-1,-1,-1,-1
522,3,939.71,126.69,457.60,926.76,-1,-1,-1,-1
522,12,1425.83,184.47,191.61,633.56,-1,-1,-1,-1
522,17,700.54,214.84,154.71,625.71,-1,-1,-1,-1
522,27,275.01,215.18,264.42,628.82,-1,-1,-1,-1
523,0,811.11,161.31,286.13,756.38,-1,-1,-1,-1
523,3,968.37,120.63,419.95,947.90,-1,-1,-1,-1
523,12,1396.03,184.00,213.09,633.81,-1,-1,-1,-1
523,17,696.82,201.12,153.58,641.48,-1,-1,-1,-1
523,27,279.38,218.45,249.80,611.27,-1,-1,-1,-1
524,0,758.50,156.33,325.39,774.34,-1,-1,-1,-1
524,3,998.29,122.08,398.77,947.78,-1,-1,-1,-1
524,12,1374.12,181.70,228.27,641.46,-1,-1,-1,-1
524,17,696.91,197.55,146.25,635.03,-1,-1,-1,-1
524,27,283.16,214.73,238.56,610.92,-1,-1,-1,-1
525,0,708.13,156.15,380.69,784.99,-1,-1,-1,-1
525,3,1014.02,120.44,412.61,947.13,-1,-1,-1,-1
525,12,1370.83,186.52,218.25,630.34,-1,-1,-1,-1
525,17,693.48,196.76,153.05,635.26,-1,-1,-1,-1
525,27,287.60,215.60,226.52,603.27,-1,-1,-1,-1
526,0,682.88,148.90,398.62,806.33,-1,-1,-1,-1
526,3,1028.82,114.75,426.28,951.26,-1,-1,-1,-1
526,12,1364.51,201.58,213.17,603.45,-1,-1,-1,-1
526,17,688.54,194.68,153.14,635.72,-1,-1,-1,-1
526,27,290.83,213.68,219.92,604.12,-1,-1,-1,-1
527,0,664.31,154.48,395.92,805.13,-1,-1,-1,-1
527,3,1037.94,105.33,459.43,969.16,-1,-1,-1,-1
527,12,1362.96,216.46,185.11,550.24,-1,-1,-1,-1
527,17,683.61,192.60,153.24,636.18,-1,-1,-1,-1
527,27,292.45,211.70,221.32,607.81,-1,-1,-1,-1
528,0,660.61,166.07,364.24,793.07,-1,-1,-1,-1
528,3,1060.55,107.65,441.96,966.64,-1,-1,-1,-1
528,12,1353.12,189.32,169.82,591.50,-1,-1,-1,-1
528,17,678.67,190.51,153.33,636.64,-1,-1,-1,-1
528,27,295.81,206.34,219.67,615.63,-1,-1,-1,-1
529,0,661.90,177.14,333.01,773.92,-1,-1,-1,-1
529,3,1071.27,106.83,434.78,966.86,-1,-1,-1,-1
529,12,1338.29,185.21,170.34,593.36,-1,-1,-1,-1
529,17,673.73,188.43,153.43,637.11,-1,-1,-1,-1
529,27,300.73,206.19,214.83,617.73,-1,-1,-1,-1
530,0,668.37,171.32,258.02,778.03,-1,-1,-1,-1
530,3,1084.59,121.69,420.91,950.04,-1,-1,-1,-1
530,12,1323.45,181.11,170.86,595.22,-1,-1,-1,-1
530,27,307.41,208.38,213.22,614.52,-1,-1,-1,-1
531,0,621.38,165.71,262.47,771.48,-1,-1,-1,-1
531,3,1093.54,129.05,417.54,945.27,-1,-1,-1,-1
531,12,1308.62,177.00,171.37,597.07,-1,-1,-1,-1
531,27,318.81,209.21,212.68,614.63,-1,-1,-1,-1
532,0,572.29,165.71,293.40,774.73,-1,-1,-1,-1
532,3,1107.71,127.13,409.41,948.34,-1,-1,-1,-1
532,12,1293.79,172.89,171.89,598.93,-1,-1,-1,-1
532,27,328.27,207.89,217.96,616.01,-1,-1,-1,-1
533,0,501.35,144.60,362.88,812.96,-1,-1,-1,-1
533,3,1119.14,134.81,409.78,941.69,-1,-1,-1,-1
533,27,341.16,217.22,217.76,597.89,-1,-1,-1,-1
534,0,434.95,144.40,430.49,821.34,-1,-1,-1,-1
534,3,1126.43,142.85,416.26,926.47,-1,-1,-1,-1
534,27,356.13,213.20,220.97,605.99,-1,-1,-1,-1
535,0,391.09,162.02,456.27,812.88,-1,-1,-1,-1
535,3,1139.39,147.54,417.01,920.55,-1,-1,-1,-1
535,27,366.71,209.93,225.37,622.36,-1,-1,-1,-1
536,0,362.98,170.06,448.67,816.25,-1,-1,-1,-1
536,3,1158.52,146.18,410.34,928.52,-1,-1,-1,-1
536,17,688.56,90.01,173.09,740.96,-1,-1,-1,-1
536,27,374.47,206.93,227.92,629.42,-1,-1,-1,-1
537,0,343.00,168.56,411.19,817.91,-1,-1,-1,-1
537,3,1170.90,153.28,412.05,917.21,-1,-1,-1,-1
537,17,687.58,78.98,175.94,753.25,-1,-1,-1,-1
537,27,382.22,203.93,230.48,636.49,-1,-1,-1,-1
538,0,322.12,169.72,390.70,803.00,-1,-1,-1,-1
538,3,1184.84,155.10,412.28,915.28,-1,-1,-1,-1
538,12,1160.21,200.29,175.57,591.19,-1,-1,-1,-1
538,17,685.16,92.39,190.12,741.34,-1,-1,-1,-1
538,27,389.98,200.94,233.03,643.55,-1,-1,-1,-1
539,0,302.99,158.07,393.22,838.29,-1,-1,-1,-1
539,3,1192.54,160.49,416.57,907.48,-1,-1,-1,-1
539,12,1145.70,198.33,183.98,589.36,-1,-1,-1,-1
539,17,682.39,108.51,196.16,722.83,-1,-1,-1,-1
539,27,397.74,197.94,235.58,650.61,-1,-1,-1,-1
540,0,289.59,163.74,402.58,834.44,-1,-1,-1,-1
540,3,1201.10,165.10,419.82,898.82,-1,-1,-1,-1
540,12,1130.14,198.98,188.15,588.49,-1,-1,-1,-1
540,17,677.84,112.67,200.42,722.79,-1,-1,-1,-1
541,0,280.16,159.17,397.53,838.72,-1,-1,-1,-1
541,3,1192.72,161.06,446.33,912.08,-1,-1,-1,-1
541,12,1115.33,201.36,187.31,585.27,-1,-1,-1,-1
541,17,659.92,151.11,214.22,672.17,-1,-1,-1,-1
541,27,517.92,239.39,170.29,559.55,-1,-1,-1,-1
542,0,273.64,157.29,355.54,843.67,-1,-1,-1,-1
542,3,1213.70,151.60,435.10,928.50,-1,-1,-1,-1
542,12,1098.27,201.52,193.34,598.55,-1,-1,-1,-1
542,17,653.27,178.84,211.56,642.67,-1,-1,-1,-1
542,27,533.35,236.68,167.48,553.38,-1,-1,-1,-1
543,0,263.46,144.42,332.64,885.41,-1,-1,-1,-1
543,3,1238.59,145.90,422.39,937.04,-1,-1,-1,-1
543,12,1080.48,200.28,198.38,610.97,-1,-1,-1,-1
543,17,657.68,182.90,203.10,645.48,-1,-1,-1,-1
543,27,549.90,225.83,172.04,563.45,-1,-1,-1,-1
544,0,255.81,141.77,308.10,895.10,-1,-1,-1,-1
544,3,1262.43,142.76,408.53,940.45,-1,-1,-1,-1
544,12,1065.04,207.06,202.29,609.09,-1,-1,-1,-1
544,17,629.80,194.03,229.60,640.23,-1,-1,-1,-1
544,27,566.97,221.11,155.33,566.90,-1,-1,-1,-1
545,0,240.76,137.49,307.35,910.05,-1,-1,-1,-1
545,3,1275.81,138.52,403.93,940.14,-1,-1,-1,-1
545,12,1053.12,212.87,205.70,604.74,-1,-1,-1,-1
545,17,600.12,206.93,253.29,626.18,-1,-1,-1,-1
545,27,582.82,224.37,141.58,555.26,-1,-1,-1,-1
546,0,222.58,141.39,313.96,912.07,-1,-1,-1,-1
546,3,1293.09,138.45,391.90,933.52,-1,-1,-1,-1
546,12,1048.11,210.12,201.97,614.87,-1,-1,-1,-1
546,17,589.73,212.30,258.28,629.52,-1,-1,-1,-1
546,27,597.99,224.55,140.42,550.78,-1,-1,-1,-1
547,0,204.36,131.91,324.51,929.79,-1,-1,-1,-1
547,3,1302.51,145.88,386.83,915.04,-1,-1,-1,-1
547,12,1046.41,209.22,194.17,620.53,-1,-1,-1,-1
547,17,581.64,212.57,273.31,633.32,-1,-1,-1,-1
547,27,613.16,224.73,139.26,546.29,-1,-1,-1,-1
548,0,181.24,124.71,345.25,944.19,-1,-1,-1,-1
548,3,1305.43,148.59,380.91,908.16,-1,-1,-1,-1
548,12,1040.46,209.25,190.74,616.16,-1,-1,-1,-1
548,17,581.17,213.05,288.43,637.81,-1,-1,-1,-1
548,27,628.34,224.91,138.11,541.80,-1,-1,-1,-1
549,0,159.41,123.15,371.04,948.04,-1,-1,-1,-1
549,3,1305.20,160.50,375.92,889.80,-1,-1,-1,-1
549,12,1033.35,209.15,187.43,619.46,-1,-1,-1,-1
549,17,575.13,220.49,310.31,634.87,-1,-1,-1,-1
549,27,643.51,225.09,136.95,537.32,-1,-1,-1,-1
550,0,138.22,126.13,399.63,941.67,-1,-1,-1,-1
550,3,1299.98,159.60,368.38,886.34,-1,-1,-1,-1
550,12,1019.33,211.92,194.24,608.05,-1,-1,-1,-1
550,17,568.75,226.45,334.56,630.60,-1,-1,-1,-1
551,0,120.68,127.34,416.47,940.88,-1,-1,-1,-1
551,3,1287.46,160.23,371.49,871.92,-1,-1,-1,-1
551,12,1006.79,211.02,195.89,608.41,-1,-1,-1,-1
551,17,550.99,227.23,363.76,632.61,-1,-1,-1,-1
552,0,112.79,132.87,418.12,931.03,-1,-1,-1,-1
552,3,1275.60,155.88,372.83,871.17,-1,-1,-1,-1
552,12,992.36,211.63,201.35,613.16,-1,-1,-1,-1
552,17,540.88,221.61,348.46,642.98,-1,-1,-1,-1
552,27,660.74,209.38,242.77,594.24,-1,-1,-1,-1
553,0,104.15,132.41,426.28,939.28,-1,-1,-1,-1
553,3,1270.47,153.60,366.85,861.40,-1,-1,-1,-1
553,12,982.45,203.67,200.46,632.47,-1,-1,-1,-1
553,17,539.17,212.27,319.54,654.03,-1,-1,-1,-1
553,27,692.64,213.09,230.39,580.02,-1,-1,-1,-1
554,0,103.29,159.08,439.85,900.95,-1,-1,-1,-1
554,3,1265.07,163.63,362.12,836.25,-1,-1,-1,-1
554,12,971.92,200.29,202.09,644.48,-1,-1,-1,-1
554,17,533.85,210.31,290.63,655.48,-1,-1,-1,-1
554,27,719.47,210.56,227.33,573.21,-1,-1,-1,-1
555,0,113.76,181.44,456.70,874.68,-1,-1,-1,-1
555,3,1267.50,166.16,347.47,826.59,-1,-1,-1,-1
555,12,956.81,208.15,209.36,636.35,-1,-1,-1,-1
555,17,511.89,206.51,294.74,661.49,-1,-1,-1,-1
555,27,744.76,210.04,220.40,561.75,-1,-1,-1,-1
556,0,121.11,190.11,504.82,869.93,-1,-1,-1,-1
556,3,1266.64,172.69,337.70,809.04,-1,-1,-1,-1
556,12,946.55,200.34,210.10,658.13,-1,-1,-1,-1
556,17,515.77,225.26,246.05,638.87,-1,-1,-1,-1
556,27,771.02,207.57,211.61,561.64,-1,-1,-1,-1
557,0,136.70,179.09,510.16,886.15,-1,-1,-1,-1
557,3,1268.19,174.08,324.28,808.17,-1,-1,-1,-1
557,12,927.18,202.33,227.63,656.39,-1,-1,-1,-1
557,17,498.05,242.07,225.68,615.42,-1,-1,-1,-1
557,27,786.85,208.98,207.25,549.03,-1,-1,-1,-1
558,0,155.32,168.92,499.08,897.64,-1,-1,-1,-1
558,3,1271.19,167.68,299.54,819.71,-1,-1,-1,-1
558,12,915.95,203.06,229.71,659.93,-1,-1,-1,-1
558,17,485.36,252.01,220.37,600.92,-1,-1,-1,-1
558,27,800.95,204.14,194.27,562.49,-1,-1,-1,-1
559,0,170.80,152.81,482.10,917.96,-1,-1,-1,-1
559,3,1273.59,164.66,280.66,828.21,-1,-1,-1,-1
559,12,911.51,198.16,223.13,676.68,-1,-1,-1,-1
559,17,472.68,261.94,215.06,586.42,-1,-1,-1,-1
559,27,816.30,212.90,178.05,548.35,-1,-1,-1,-1
560,0,189.24,128.80,462.60,945.71,-1,-1,-1,-1
560,3,1268.28,173.55,272.58,809.90,-1,-1,-1,-1
560,12,907.78,198.88,220.73,675.44,-1,-1,-1,-1
560,17,460.00,271.87,209.74,571.91,-1,-1,-1,-1
560,27,823.79,210.98,176.75,560.08,-1,-1,-1,-1
561,0,206.74,112.65,446.53,962.53,-1,-1,-1,-1
561,3,1266.41,174.70,271.12,812.77,-1,-1,-1,-1
561,12,874.21,205.97,255.87,665.83,-1,-1,-1,-1
561,17,447.32,281.81,204.43,557.41,-1,-1,-1,-1
561,27,831.61,214.68,166.89,553.55,-1,-1,-1,-1
562,0,221.16,98.57,438.05,970.38,-1,-1,-1,-1
562,3,1265.31,211.83,263.48,748.78,-1,-1,-1,-1
562,12,849.49,207.21,277.71,669.08,-1,-1,-1,-1
562,27,843.43,215.48,166.37,551.87,-1,-1,-1,-1
563,0,238.39,80.59,432.11,994.68,-1,-1,-1,-1
563,3,1263.49,204.77,255.23,757.02,-1,-1,-1,-1
563,12,837.77,215.70,281.56,629.51,-1,-1,-1,-1
563,27,855.26,216.27,165.85,550.18,-1,-1,-1,-1
564,0,262.81,82.97,428.03,990.15,-1,-1,-1,-1
564,3,1256.10,208.23,256.12,741.81,-1,-1,-1,-1
564,12,832.49,211.79,277.74,612.79,-1,-1,-1,-1
564,27,867.08,217.07,165.33,548.50,-1,-1,-1,-1
565,0,289.95,76.88,425.61,997.34,-1,-1,-1,-1
565,3,1252.52,203.44,248.32,742.40,-1,-1,-1,-1
565,12,826.55,207.01,273.57,601.27,-1,-1,-1,-1
565,27,878.91,217.86,164.81,546.82,-1,-1,-1,-1
566,0,317.53,77.13,429.82,997.33,-1,-1,-1,-1
566,3,1245.63,192.62,245.59,748.20,-1,-1,-1,-1
566,12,818.32,187.24,275.71,676.01,-1,-1,-1,-1
567,0,384.48,80.95,379.02,993.28,-1,-1,-1,-1
567,3,1242.86,188.15,235.18,744.88,-1,-1,-1,-1
567,12,811.47,174.25,271.40,729.81,-1,-1,-1,-1
567,17,323.55,209.29,201.76,686.18,-1,-1,-1,-1
568,0,414.22,80.32,429.60,988.38,-1,-1,-1,-1
568,3,1238.27,189.55,225.95,726.45,-1,-1,-1,-1
568,12,793.69,172.38,279.54,758.01,-1,-1,-1,-1
568,17,302.50,200.18,198.12,702.49,-1,-1,-1,-1
569,0,460.24,86.37,440.69,973.16,-1,-1,-1,-1
569,3,1228.67,189.10,225.81,716.70,-1,-1,-1,-1
569,12,789.90,174.65,280.77,771.19,-1,-1,-1,-1
569,17,280.87,195.77,201.57,713.16,-1,-1,-1,-1
570,0,495.26,70.83,447.33,1000.26,-1,-1,-1,-1
570,3,1220.77,192.43,226.34,699.84,-1,-1,-1,-1
570,12,789.78,183.24,284.02,767.22,-1,-1,-1,-1
570,17,258.26,191.51,210.45,726.01,-1,-1,-1,-1
571,0,530.27,65.94,456.60,1010.28,-1,-1,-1,-1
571,3,1211.10,188.78,225.49,705.81,-1,-1,-1,-1
571,12,804.96,200.22,283.21,694.78,-1,-1,-1,-1
571,17,221.31,176.07,236.86,773.49,-1,-1,-1,-1
571,27,968.67,207.93,165.51,514.47,-1,-1,-1,-1
572,0,565.98,63.44,463.57,1011.09,-1,-1,-1,-1
572,3,1200.06,181.14,225.68,723.33,-1,-1,-1,-1
572,12,835.27,211.77,228.59,630.77,-1,-1,-1,-1
572,17,185.50,188.40,270.38,760.54,-1,-1,-1,-1
572,27,964.83,206.88,189.11,532.59,-1,-1,-1,-1
573,0,610.31,80.51,432.23,987.13,-1,-1,-1,-1
573,3,1187.87,182.89,226.03,715.03,-1,-1,-1,-1
573,12,840.85,230.41,213.11,588.06,-1,-1,-1,-1
573,17,174.66,194.20,272.62,764.58,-1,-1,-1,-1
573,27,966.47,196.97,209.06,559.18,-1,-1,-1,-1
574,0,651.72,67.57,407.91,1005.00,-1,-1,-1,-1
574,3,1168.18,189.52,235.57,700.66,-1,-1,-1,-1
574,12,846.42,249.05,197.63,545.35,-1,-1,-1,-1
574,17,163.86,203.06,276.82,760.52,-1,-1,-1,-1
574,27,970.76,187.37,226.54,582.52,-1,-1,-1,-1
575,0,712.33,77.86,349.86,992.09,-1,-1,-1,-1
575,3,1134.88,194.33,260.45,691.93,-1,-1,-1,-1
575,12,851.99,267.69,182.15,502.65,-1,-1,-1,-1
575,17,154.54,202.20,274.36,769.20,-1,-1,-1,-1
575,27,981.21,186.40,225.89,599.66,-1,-1,-1,-1
576,0,734.25,105.54,383.35,948.27,-1,-1,-1,-1
576,3,1115.39,202.65,268.89,679.41,-1,-1,-1,-1
576,12,857.56,286.33,166.67,459.94,-1,-1,-1,-1
576,17,137.38,202.67,280.81,772.79,-1,-1,-1,-1
576,27,1003.33,198.53,198.26,594.94,-1,-1,-1,-1
577,0,735.74,123.43,405.20,915.50,-1,-1,-1,-1
577,3,1103.16,211.35,265.83,666.94,-1,-1,-1,-1
577,17,113.06,200.15,296.99,780.99,-1,-1,-1,-1
577,27,1013.48,197.23,201.03,603.29,-1,-1,-1,-1
578,0,739.64,125.11,415.70,906.98,-1,-1,-1,-1
578,3,1093.49,220.06,271.56,655.73,-1,-1,-1,-1
578,17,87.26,194.99,319.14,792.81,-1,-1,-1,-1
578,27,1023.64,195.94,203.80,611.63,-1,-1,-1,-1
579,0,824.77,131.60,403.71,842.78,-1,-1,-1,-1
579,3,1067.47,207.96,295.48,658.94,-1,-1,-1,-1
579,12,710.36,176.24,274.19,820.52,-1,-1,-1,-1
579,17,62.49,190.26,339.90,803.85,-1,-1,-1,-1
579,27,1033.79,194.64,206.58,619.97,-1,-1,-1,-1
580,0,896.00,82.56,410.91,894.72,-1,-1,-1,-1
580,3,1056.24,208.45,293.43,654.34,-1,-1,-1,-1
580,12,687.09,168.81,292.86,846.91,-1,-1,-1,-1
580,17,33.54,185.73,357.95,821.72,-1,-1,-1,-1
580,27,1043.94,193.35,209.35,628.32,-1,-1,-1,-1
581,0,946.41,62.89,423.85,956.83,-1,-1,-1,-1
581,3,1045.00,208.94,291.38,649.74,-1,-1,-1,-1
581,12,674.85,170.54,294.37,852.54,-1,-1,-1,-1
581,17,9.84,177.43,372.87,846.20,-1,-1,-1,-1
582,0,978.05,96.98,450.21,935.03,-1,-1,-1,-1
582,3,1033.77,209.43,289.33,645.14,-1,-1,-1,-1
582,12,665.46,181.02,282.59,835.98,-1,-1,-1,-1
582,17,-2.51,179.61,375.43,852.90,-1,-1,-1,-1
583,0,993.52,58.57,469.92,1001.18,-1,-1,-1,-1
583,3,1022.53,209.92,287.28,640.53,-1,-1,-1,-1
583,12,648.37,189.71,271.48,819.80,-1,-1,-1,-1
583,17,-8.90,176.08,367.93,869.06,-1,-1,-1,-1
584,0,1031.05,115.52,460.54,940.46,-1,-1,-1,-1
584,12,622.83,197.42,264.10,808.90,-1,-1,-1,-1
584,17,-14.55,171.71,368.31,880.73,-1,-1,-1,-1
585,0,1049.07,78.65,490.71,991.71,-1,-1,-1,-1
585,12,596.58,192.16,252.74,821.57,-1,-1,-1,-1
585,17,-16.70,161.55,368.61,901.08,-1,-1,-1,-1
586,0,1077.03,93.65,522.76,973.72,-1,-1,-1,-1
586,3,1004.40,203.09,222.13,692.30,-1,-1,-1,-1
586,12,572.28,185.80,246.66,836.88,-1,-1,-1,-1
586,17,-19.01,157.86,378.79,904.41,-1,-1,-1,-1
587,0,1117.20,83.98,500.05,990.26,-1,-1,-1,-1
587,3,979.15,206.22,260.52,686.56,-1,-1,-1,-1
587,12,534.43,183.21,272.27,841.74,-1,-1,-1,-1
587,17,-17.82,156.72,384.10,901.38,-1,-1,-1,-1
587,27,1149.11,202.63,139.13,587.42,-1,-1,-1,-1
588,0,1150.53,80.41,468.40,998.64,-1,-1,-1,-1
588,3,957.35,212.07,274.74,674.80,-1,-1,-1,-1
588,12,494.13,180.35,302.73,847.41,-1,-1,-1,-1
588,17,-13.31,151.84,378.63,908.53,-1,-1,-1,-1
588,27,1133.94,202.36,162.61,578.75,-1,-1,-1,-1
589,0,1218.66,56.34,422.01,1029.63,-1,-1,-1,-1
589,3,956.85,215.47,252.54,670.50,-1,-1,-1,-1
589,12,466.06,184.74,322.43,838.66,-1,-1,-1,-1
589,17,-7.75,148.43,378.81,917.92,-1,-1,-1,-1
589,27,1114.21,206.02,202.01,575.88,-1,-1,-1,-1
590,0,1258.60,31.55,470.11,1051.59,-1,-1,-1,-1
590,3,949.53,223.03,236.05,646.20,-1,-1,-1,-1
590,12,455.51,183.52,329.56,847.75,-1,-1,-1,-1
590,17,-8.01,149.45,386.48,913.95,-1,-1,-1,-1
590,27,1091.75,194.87,244.93,609.88,-1,-1,-1,-1
591,0,1295.31,18.79,479.10,1071.66,-1,-1,-1,-1
591,3,939.21,231.14,229.37,623.07,-1,-1,-1,-1
591,12,443.80,186.86,334.64,838.06,-1,-1,-1,-1
591,17,-5.78,152.51,386.22,913.45,-1,-1,-1,-1
591,27,1081.20,190.96,251.78,608.60,-1,-1,-1,-1
592,0,1332.02,6.03,488.09,1091.72,-1,-1,-1,-1
592,3,928.63,222.98,233.01,643.70,-1,-1,-1,-1
592,12,433.90,183.09,330.53,840.98,-1,-1,-1,-1
592,17,-3.05,153.73,386.08,909.57,-1,-1,-1,-1
592,27,1068.97,191.60,256.95,597.87,-1,-1,-1,-1
593,0,1368.73,-6.73,497.08,1111.79,-1,-1,-1,-1
593,3,918.38,216.35,230.00,660.88,-1,-1,-1,-1
593,12,416.06,179.60,325.33,845.64,-1,-1,-1,-1
593,17,-1.49,150.22,387.01,914.67,-1,-1,-1,-1
593,27,1063.66,189.23,259.03,602.38,-1,-1,-1,-1
594,0,1405.44,-19.49,506.06,1131.86,-1,-1,-1,-1
594,3,917.70,224.01,217.90,641.81,-1,-1,-1,-1
594,12,388.05,173.38,310.00,848.47,-1,-1,-1,-1
594,17,0.37,140.34,378.64,925.45,-1,-1,-1,-1
594,27,1055.74,192.07,265.50,599.06,-1,-1,-1,-1
595,0,1398.11,40.56,477.84,1021.78,-1,-1,-1,-1
595,3,916.34,226.63,199.44,628.57,-1,-1,-1,-1
595,12,358.79,168.13,303.26,852.94,-1,-1,-1,-1
595,17,1.97,126.66,365.71,939.78,-1,-1,-1,-1
595,27,1053.35,190.96,256.25,597.05,-1,-1,-1,-1
596,0,1444.79,37.93,469.62,1028.00,-1,-1,-1,-1
596,3,906.85,226.81,193.94,621.00,-1,-1,-1,-1
596,12,316.59,179.34,319.04,840.52,-1,-1,-1,-1
596,17,2.46,126.27,365.76,938.52,-1,-1,-1,-1
596,27,1052.14,196.48,244.96,583.74,-1,-1,-1,-1
597,0,1489.91,70.44,438.41,993.85,-1,-1,-1,-1
597,3,898.14,223.52,193.03,623.41,-1,-1,-1,-1
597,12,296.43,186.20,313.99,829.76,-1,-1,-1,-1
597,17,0.31,119.34,378.07,937.06,-1,-1,-1,-1
597,27,1048.49,201.40,239.24,573.63,-1,-1,-1,-1
598,0,1520.97,68.99,417.27,1002.94,-1,-1,-1,-1
598,3,892.23,226.11,180.93,607.33,-1,-1,-1,-1
598,12,282.42,193.14,312.45,820.11,-1,-1,-1,-1
598,17,9.79,109.84,369.58,951.95,-1,-1,-1,-1
598,27,1044.42,199.19,228.61,572.82,-1,-1,-1,-1
599,0,1548.62,49.93,390.65,1030.80,-1,-1,-1,-1
599,3,882.22,223.98,179.09,613.19,-1,-1,-1,-1
599,12,282.26,188.59,303.63,830.38,-1,-1,-1,-1
599,17,5.07,108.81,390.81,957.99,-1,-1,-1,-1
599,27,1037.69,195.57,225.70,577.01,-1,-1,-1,-1
600,0,1562.91,37.53,384.69,1047.31,-1,-1,-1,-1
600,3,874.85,212.33,176.03,627.47,-1,-1,-1,-1
600,12,284.00,186.42,297.69,836.60,-1,-1,-1,-1
600,17,-4.09,119.51,458.01,941.89,-1,-1,-1,-1
600,27,1030.58,194.94,224.16,577.13,-1,-1,-1,-1
601,0,1584.08,36.57,364.09,1047.54,-1,-1,-1,-1
601,3,868.43,209.29,176.20,637.10,-1,-1,-1,-1
601,12,289.17,171.96,268.07,855.97,-1,-1,-1,-1
601,17,-3.39,120.32,498.27,941.65,-1,-1,-1,-1
601,27,1026.85,193.11,217.07,589.52,-1,-1,-1,-1
602,0,1607.37,45.21,338.02,1035.51,-1,-1,-1,-1
602,3,859.00,220.19,185.03,611.40,-1,-1,-1,-1
602,12,272.79,166.49,271.28,866.29,-1,-1,-1,-1
602,17,2.82,118.34,515.05,947.17,-1,-1,-1,-1
602,27,1023.52,187.78,213.70,607.68,-1,-1,-1,-1
603,0,1628.74,45.34,313.50,1034.83,-1,-1,-1,-1
603,3,853.54,224.85,187.40,601.03,-1,-1,-1,-1
603,12,256.41,161.02,274.50,876.62,-1,-1,-1,-1
603,17,32.90,114.97,468.90,949.15,-1,-1,-1,-1
603,27,1019.86,180.90,215.07,630.73,-1,-1,-1,-1
604,0,1654.84,74.20,283.19,990.22,-1,-1,-1,-1
604,3,845.51,223.54,193.55,605.13,-1,-1,-1,-1
604,12,240.03,155.56,277.71,886.94,-1,-1,-1,-1
604,17,58.04,97.86,441.21,972.80,-1,-1,-1,-1
604,27,1016.77,185.74,216.55,635.17,-1,-1,-1,-1
605,0,1682.96,72.66,244.94,998.71,-1,-1,-1,-1
605,3,827.33,217.47,209.36,620.44,-1,-1,-1,-1
605,12,223.65,150.09,280.92,897.27,-1,-1,-1,-1
605,17,77.59,96.71,443.36,968.56,-1,-1,-1,-1
605,27,1015.58,184.62,215.07,648.97,-1,-1,-1,-1
606,0,1692.79,73.31,239.47,997.33,-1,-1,-1,-1
606,3,802.24,218.03,232.58,622.86,-1,-1,-1,-1
606,17,107.69,97.55,440.46,958.64,-1,-1,-1,-1
606,27,1015.17,186.71,216.73,652.79,-1,-1,-1,-1
607,0,1684.14,88.73,252.83,963.77,-1,-1,-1,-1
607,3,773.03,219.33,266.67,624.05,-1,-1,-1,-1
607,17,120.21,101.69,475.85,953.34,-1,-1,-1,-1
607,27,1016.67,176.61,213.61,670.53,-1,-1,-1,-1
608,0,1680.06,95.15,255.08,942.48,-1,-1,-1,-1
608,3,757.86,222.69,276.22,623.35,-1,-1,-1,-1
608,12,139.02,203.02,199.11,756.13,-1,-1,-1,-1
608,17,120.02,105.51,521.23,950.35,-1,-1,-1,-1
608,27,1016.43,167.28,213.88,685.64,-1,-1,-1,-1
609,0,1686.28,93.37,242.14,928.81,-1,-1,-1,-1
609,3,747.16,226.91,280.89,619.06,-1,-1,-1,-1
609,12,109.35,193.66,259.77,783.55,-1,-1,-1,-1
609,17,172.69,112.24,473.71,939.66,-1,-1,-1,-1
609,27,1016.26,165.63,217.92,689.80,-1,-1,-1,-1
610,0,1684.86,96.15,240.59,911.98,-1,-1,-1,-1
610,3,747.81,234.87,275.01,613.32,-1,-1,-1,-1
610,12,84.55,193.94,271.35,778.25,-1,-1,-1,-1
610,17,248.91,122.14,419.25,927.10,-1,-1,-1,-1
610,27,1016.31,159.49,222.17,700.11,-1,-1,-1,-1
611,0,1673.77,101.59,253.34,906.33,-1,-1,-1,-1
611,3,747.45,236.34,271.68,620.16,-1,-1,-1,-1
611,12,54.67,191.12,304.19,783.62,-1,-1,-1,-1
611,17,316.81,117.00,370.92,938.33,-1,-1,-1,-1
611,27,1010.91,169.74,236.90,675.61,-1,-1,-1,-1
612,0,1675.03,107.92,245.57,893.31,-1,-1,-1,-1
612,3,750.62,231.63,259.01,628.83,-1,-1,-1,-1
612,12,32.56,190.14,319.20,787.20,-1,-1,-1,-1
612,17,377.17,114.14,344.66,949.48,-1,-1,-1,-1
612,27,999.26,170.69,256.99,669.07,-1,-1,-1,-1
613,0,1667.69,109.44,250.44,893.11,-1,-1,-1,-1
613,3,753.12,233.92,233.83,622.61,-1,-1,-1,-1
613,12,15.87,191.68,329.58,780.14,-1,-1,-1,-1
613,17,423.08,90.51,354.51,982.08,-1,-1,-1,-1
613,27,983.33,167.91,277.18,672.67,-1,-1,-1,-1
614,0,1656.57,120.23,257.54,864.03,-1,-1,-1,-1
614,3,755.63,235.38,200.68,617.74,-1,-1,-1,-1
614,12,6.91,192.44,329.35,772.57,-1,-1,-1,-1
614,17,477.43,93.55,355.63,973.91,-1,-1,-1,-1
614,27,964.50,164.45,297.80,682.65,-1,-1,-1,-1
615,0,1651.04,121.81,250.10,849.10,-1,-1,-1,-1
615,3,749.40,263.51,180.55,487.10,-1,-1,-1,-1
615,12,-2.47,189.66,329.15,775.46,-1,-1,-1,-1
615,17,528.24,89.84,359.35,977.41,-1,-1,-1,-1
615,27,951.27,162.94,310.46,692.32,-1,-1,-1,-1
616,0,1642.05,127.19,249.25,835.48,-1,-1,-1,-1
616,3,750.76,287.50,158.27,427.00,-1,-1,-1,-1
616,12,-2.21,190.57,332.70,778.84,-1,-1,-1,-1
616,17,563.62,93.91,370.84,968.95,-1,-1,-1,-1
616,27,939.65,163.60,320.19,696.72,-1,-1,-1,-1
617,0,1629.15,132.14,266.95,820.83,-1,-1,-1,-1
617,3,752.13,311.48,135.99,366.90,-1,-1,-1,-1
617,12,0.21,190.74,332.29,782.32,-1,-1,-1,-1
617,17,604.56,78.49,397.25,995.82,-1,-1,-1,-1
617,27,927.67,165.13,331.65,701.32,-1,-1,-1,-1
618,0,1620.29,126.98,279.00,833.50,-1,-1,-1,-1
618,3,753.49,335.47,113.71,306.81,-1,-1,-1,-1
618,12,5.50,196.30,330.63,772.62,-1,-1,-1,-1
618,17,646.60,87.67,401.08,986.44,-1,-1,-1,-1
618,27,920.74,160.60,328.40,711.29,-1,-1,-1,-1
619,0,1603.57,127.74,287.60,830.74,-1,-1,-1,-1
619,3,754.85,359.46,91.44,246.71,-1,-1,-1,-1
619,12,16.59,207.16,321.85,754.39,-1,-1,-1,-1
619,17,690.04,86.57,401.95,988.54,-1,-1,-1,-1
619,27,921.25,158.85,309.25,710.67,-1,-1,-1,-1
620,0,1555.48,139.92,309.98,799.97,-1,-1,-1,-1
620,12,29.08,216.35,309.11,734.15,-1,-1,-1,-1
620,17,644.74,152.77,446.78,804.07,-1,-1,-1,-1
620,27,918.03,158.76,305.05,707.63,-1,-1,-1,-1
621,0,1538.21,134.30,284.94,805.37,-1,-1,-1,-1
621,3,565.87,211.19,282.21,642.77,-1,-1,-1,-1
621,12,43.56,224.15,293.02,715.49,-1,-1,-1,-1
621,17,698.89,159.11,362.39,809.04,-1,-1,-1,-1
621,27,910.28,151.79,309.63,714.36,-1,-1,-1,-1
622,0,1513.61,139.65,283.24,796.89,-1,-1,-1,-1
622,3,527.58,204.75,323.35,661.69,-1,-1,-1,-1
622,12,58.82,228.99,277.94,703.43,-1,-1,-1,-1
622,17,763.72,106.35,376.62,906.96,-1,-1,-1,-1
622,27,903.75,149.71,311.12,717.77,-1,-1,-1,-1
623,0,1502.01,135.72,269.38,804.13,-1,-1,-1,-1
623,3,506.18,206.72,339.55,667.04,-1,-1,-1,-1
623,12,68.67,233.22,272.72,686.75,-1,-1,-1,-1
623,17,813.78,71.53,368.38,975.04,-1,-1,-1,-1
623,27,897.23,147.63,312.61,721.18,-1,-1,-1,-1
624,0,1494.30,139.05,237.52,794.09,-1,-1,-1,-1
624,3,511.07,221.66,323.44,654.67,-1,-1,-1,-1
624,12,81.28,237.20,265.39,665.52,-1,-1,-1,-1
624,17,842.96,61.56,387.53,1002.61,-1,-1,-1,-1
624,27,890.71,145.55,314.09,724.59,-1,-1,-1,-1
625,0,1480.86,132.95,220.54,790.53,-1,-1,-1,-1
625,3,521.28,234.98,306.51,646.63,-1,-1,-1,-1
625,12,90.35,237.36,262.74,656.04,-1,-1,-1,-1
625,17,863.79,62.00,396.60,1008.23,-1,-1,-1,-1
625,27,884.18,143.46,315.58,728.00,-1,-1,-1,-1
626,0,1456.94,136.73,211.14,765.18,-1,-1,-1,-1
626,3,522.41,243.63,307.49,646.74,-1,-1,-1,-1
626,12,96.55,234.98,268.04,655.82,-1,-1,-1,-1
626,17,843.60,86.64,457.39,985.52,-1,-1,-1,-1
627,0,1416.72,147.64,224.13,731.87,-1,-1,-1,-1
627,3,519.36,241.17,314.42,658.11,-1,-1,-1,-1
627,12,100.94,231.50,277.59,659.40,-1,-1,-1,-1
627,17,827.53,99.72,506.33,966.22,-1,-1,-1,-1
628,0,1387.58,154.73,232.80,716.68,-1,-1,-1,-1
628,3,518.38,238.89,300.61,666.33,-1,-1,-1,-1
628,12,107.04,230.57,283.03,658.37,-1,-1,-1,-1
628,17,888.96,110.99,460.56,953.80,-1,-1,-1,-1
628,27,797.52,144.19,314.72,759.41,-1,-1,-1,-1
629,0,1343.65,158.53,267.72,706.63,-1,-1,-1,-1
629,3,512.58,235.53,288.10,673.76,-1,-1,-1,-1
629,12,115.37,230.71,284.65,656.75,-1,-1,-1,-1
629,17,969.18,110.93,406.92,956.97,-1,-1,-1,-1
629,27,784.04,139.51,318.92,773.61,-1,-1,-1,-1
630,0,1333.50,158.58,265.46,700.46,-1,-1,-1,-1
630,3,501.69,230.47,282.56,685.17,-1,-1,-1,-1
630,12,124.82,228.35,281.93,658.78,-1,-1,-1,-1
630,17,1035.46,87.46,356.71,991.04,-1,-1,-1,-1
630,27,783.42,131.30,306.27,803.52,-1,-1,-1,-1
631,0,1335.40,162.09,261.65,697.40,-1,-1,-1,-1
631,3,489.57,227.71,277.51,692.14,-1,-1,-1,-1
631,12,132.71,228.72,278.15,657.47,-1,-1,-1,-1
631,17,1085.56,96.44,329.89,980.06,-1,-1,-1,-1
631,27,792.37,131.85,290.32,817.74,-1,-1,-1,-1
632,0,1319.34,163.74,258.87,690.03,-1,-1,-1,-1
632,3,477.18,224.74,276.06,705.48,-1,-1,-1,-1
632,12,146.92,226.66,256.99,661.09,-1,-1,-1,-1
632,17,1093.18,95.96,446.77,973.35,-1,-1,-1,-1
632,27,808.08,131.09,267.00,839.72,-1,-1,-1,-1
633,0,1303.27,165.40,256.09,682.66,-1,-1,-1,-1
633,3,465.87,221.70,279.62,718.26,-1,-1,-1,-1
633,12,161.21,228.90,236.15,657.67,-1,-1,-1,-1
633,17,1134.63,97.23,446.05,971.70,-1,-1,-1,-1
633,27,820.23,125.70,255.23,863.21,-1,-1,-1,-1
634,0,1287.20,167.05,253.31,675.29,-1,-1,-1,-1
634,3,453.84,223.33,286.74,719.06,-1,-1,-1,-1
634,12,172.00,228.39,220.38,655.64,-1,-1,-1,-1
634,17,1139.05,136.05,521.54,868.01,-1,-1,-1,-1
634,27,837.12,114.92,235.16,876.82,-1,-1,-1,-1
635,0,1271.14,168.70,250.53,667.92,-1,-1,-1,-1
635,3,445.66,220.35,291.53,727.34,-1,-1,-1,-1
635,12,182.84,233.38,204.59,645.72,-1,-1,-1,-1
635,17,1151.49,131.53,552.70,899.16,-1,-1,-1,-1
635,27,851.46,114.21,220.52,866.42,-1,-1,-1,-1
636,3,441.08,214.53,289.64,740.98,-1,-1,-1,-1
636,12,192.62,234.36,198.20,627.72,-1,-1,-1,-1
636,17,1181.43,118.18,543.80,938.07,-1,-1,-1,-1
636,27,861.69,108.48,213.05,891.45,-1,-1,-1,-1
637,3,436.56,211.22,289.68,747.38,-1,-1,-1,-1
637,12,201.23,236.11,195.51,606.94,-1,-1,-1,-1
637,17,1229.18,122.89,485.25,943.53,-1,-1,-1,-1
637,27,861.94,100.83,222.48,901.76,-1,-1,-1,-1
638,0,1210.28,162.27,190.72,760.91,-1,-1,-1,-1
638,3,429.03,211.18,301.16,748.66,-1,-1,-1,-1
638,12,211.74,232.99,196.28,601.94,-1,-1,-1,-1
638,17,1256.89,120.40,448.75,949.89,-1,-1,-1,-1
638,27,844.25,98.72,258.19,901.29,-1,-1,-1,-1
639,0,1185.68,177.27,185.25,703.74,-1,-1,-1,-1
639,3,422.96,207.42,310.06,755.25,-1,-1,-1,-1
639,12,222.78,227.26,201.51,607.02,-1,-1,-1,-1
639,17,1255.00,131.55,453.90,935.75,-1,-1,-1,-1
639,27,836.11,92.39,288.11,909.40,-1,-1,-1,-1
640,0,1155.34,182.47,188.52,673.46,-1,-1,-1,-1
640,3,413.95,210.91,321.43,749.47,-1,-1,-1,-1
640,12,231.68,227.55,211.35,601.19,-1,-1,-1,-1
640,17,1271.62,118.19,417.94,960.14,-1,-1,-1,-1
640,27,819.61,85.71,326.64,919.81,-1,-1,-1,-1
641,0,1135.25,183.23,183.61,666.66,-1,-1,-1,-1
641,3,406.53,213.92,326.73,750.33,-1,-1,-1,-1
641,12,242.11,226.23,222.26,599.68,-1,-1,-1,-1
641,17,1259.34,116.20,440.38,961.98,-1,-1,-1,-1
641,27,811.13,83.39,353.90,928.15,-1,-1,-1,-1
642,0,1124.07,184.43,177.02,658.04,-1,-1,-1,-1
642,3,402.18,211.23,325.49,761.53,-1,-1,-1,-1
642,12,254.12,239.81,232.80,580.43,-1,-1,-1,-1
642,17,1249.22,107.61,475.58,969.17,-1,-1,-1,-1
642,27,805.66,81.16,382.56,932.25,-1,-1,-1,-1
643,0,1109.08,175.18,175.90,657.07,-1,-1,-1,-1
643,3,382.28,204.25,343.21,783.87,-1,-1,-1,-1
643,12,273.06,247.00,219.21,568.12,-1,-1,-1,-1
643,17,1243.90,94.48,497.35,978.50,-1,-1,-1,-1
643,27,805.14,82.54,399.21,944.42,-1,-1,-1,-1
644,0,1103.22,180.25,162.73,640.65,-1,-1,-1,-1
644,3,390.79,207.09,324.26,793.92,-1,-1,-1,-1
644,12,283.15,249.08,212.10,565.20,-1,-1,-1,-1
644,17,1231.77,86.21,513.27,982.14,-1,-1,-1,-1
644,27,811.86,91.38,420.58,933.58,-1,-1,-1,-1