23,2,0.11,245.06,102.13,573.66,-1,-1,-1,-1
24,2,3.77,243.72,108.15,606.52,-1,-1,-1,-1
25,2,13.57,257.43,109.83,611.70,-1,-1,-1,-1
26,2,18.92,266.76,110.25,606.00,-1,-1,-1,-1
27,2,23.68,255.72,112.93,608.27,-1,-1,-1,-1
28,2,26.21,247.64,116.34,611.40,-1,-1,-1,-1
29,2,27.27,247.32,120.06,613.78,-1,-1,-1,-1
30,2,29.00,244.81,123.63,611.91,-1,-1,-1,-1
31,2,31.49,239.32,128.03,610.31,-1,-1,-1,-1
32,2,32.95,241.69,132.96,609.08,-1,-1,-1,-1
33,2,35.83,234.10,140.75,617.00,-1,-1,-1,-1
34,2,42.53,236.29,146.87,612.22,-1,-1,-1,-1
35,2,49.78,238.30,155.17,614.51,-1,-1,-1,-1
36,2,55.87,241.04,163.72,617.75,-1,-1,-1,-1
37,2,65.86,240.42,171.07,619.23,-1,-1,-1,-1
38,2,79.72,241.43,178.09,620.31,-1,-1,-1,-1
39,2,86.93,238.81,184.88,622.41,-1,-1,-1,-1
40,2,94.46,233.23,192.92,630.14,-1,-1,-1,-1
41,2,101.78,227.24,202.06,643.91,-1,-1,-1,-1
42,2,109.43,219.62,211.88,660.31,-1,-1,-1,-1
43,2,115.65,220.10,220.01,671.77,-1,-1,-1,-1
44,2,123.13,219.61,226.23,676.23,-1,-1,-1,-1
45,2,129.71,220.28,234.41,688.67,-1,-1,-1,-1
46,2,133.19,215.40,243.23,703.37,-1,-1,-1,-1
47,2,136.79,210.75,249.41,710.88,-1,-1,-1,-1
48,2,142.52,206.66,254.00,713.83,-1,-1,-1,-1
49,2,147.85,213.07,253.70,707.26,-1,-1,-1,-1
50,2,150.93,214.80,255.01,706.73,-1,-1,-1,-1
51,2,155.50,206.50,259.60,714.15,-1,-1,-1,-1
52,2,166.57,203.25,261.84,712.97,-1,-1,-1,-1
53,2,179.58,211.47,262.75,709.49,-1,-1,-1,-1
54,2,192.60,205.23,267.24,714.89,-1,-1,-1,-1
55,2,205.83,203.29,271.37,719.21,-1,-1,-1,-1
56,2,218.05,204.25,273.04,719.93,-1,-1,-1,-1
57,2,233.79,204.48,273.41,719.97,-1,-1,-1,-1
58,2,245.43,199.12,277.05,726.95,-1,-1,-1,-1
59,2,261.50,196.90,279.70,731.20,-1,-1,-1,-1
60,2,276.43,189.37,287.22,750.20,-1,-1,-1,-1
61,2,288.83,186.97,294.06,771.27,-1,-1,-1,-1
62,2,298.09,184.59,295.34,775.88,-1,-1,-1,-1
63,2,311.08,183.92,300.39,785.89,-1,-1,-1,-1
64,2,324.72,187.57,304.28,794.54,-1,-1,-1,-1
65,2,337.75,189.48,305.63,795.99,-1,-1,-1,-1
66,2,349.38,184.74,308.21,801.50,-1,-1,-1,-1
67,2,360.15,181.12,310.57,811.51,-1,-1,-1,-1
68,2,371.00,179.46,311.82,821.98,-1,-1,-1,-1
69,2,391.23,178.30,310.74,823.02,-1,-1,-1,-1
70,2,412.55,174.53,311.01,827.31,-1,-1,-1,-1
71,2,440.00,178.67,309.10,819.73,-1,-1,-1,-1
72,2,464.23,175.21,311.83,823.23,-1,-1,-1,-1
73,2,483.02,178.05,312.70,821.90,-1,-1,-1,-1
74,2,503.60,181.76,311.96,817.25,-1,-1,-1,-1
75,2,517.45,179.05,311.93,816.14,-1,-1,-1,-1
76,2,535.52,175.33,312.80,821.57,-1,-1,-1,-1
77,2,555.38,171.56,314.87,836.99,-1,-1,-1,-1
78,2,595.14,172.06,308.49,827.57,-1,-1,-1,-1
79,2,624.17,181.53,306.44,834.63,-1,-1,-1,-1
80,2,643.20,171.75,309.21,846.68,-1,-1,-1,-1
81,2,669.35,171.45,310.47,848.57,-1,-1,-1,-1
82,2,690.66,170.36,313.39,856.29,-1,-1,-1,-1
83,2,712.47,169.82,312.06,851.83,-1,-1,-1,-1
84,2,730.25,163.46,317.82,873.01,-1,-1,-1,-1
85,2,751.96,160.45,318.93,883.44,-1,-1,-1,-1
86,2,765.58,155.11,317.95,890.31,-1,-1,-1,-1
87,2,794.25,161.26,313.38,896.13,-1,-1,-1,-1
88,2,830.79,158.09,313.11,906.68,-1,-1,-1,-1
89,2,860.78,165.54,310.17,902.06,-1,-1,-1,-1
90,2,897.67,153.20,308.43,887.65,-1,-1,-1,-1
91,2,919.32,153.47,309.84,883.27,-1,-1,-1,-1
92,2,940.51,157.89,313.57,885.98,-1,-1,-1,-1
93,2,951.14,159.53,319.34,901.08,-1,-1,-1,-1
94,2,976.83,157.71,317.02,890.24,-1,-1,-1,-1
95,2,1006.09,157.99,312.58,875.12,-1,-1,-1,-1
96,2,1032.26,157.98,316.33,886.23,-1,-1,-1,-1
97,2,1058.16,160.25,308.32,861.07,-1,-1,-1,-1
98,2,1085.07,166.95,306.34,847.20,-1,-1,-1,-1
99,2,1099.47,165.54,306.98,841.80,-1,-1,-1,-1
100,2,1117.41,165.22,310.03,843.49,-1,-1,-1,-1
101,2,1129.35,162.12,314.18,849.17,-1,-1,-1,-1
102,2,1141.05,158.49,316.07,850.57,-1,-1,-1,-1
103,2,1158.82,158.01,316.58,847.93,-1,-1,-1,-1
104,2,1176.49,156.99,316.37,848.20,-1,-1,-1,-1
105,2,1187.57,154.33,315.69,848.01,-1,-1,-1,-1
106,2,1194.94,151.80,316.94,852.68,-1,-1,-1,-1
107,2,1202.70,151.46,316.20,850.21,-1,-1,-1,-1
108,2,1207.91,152.19,315.87,848.80,-1,-1,-1,-1
109,2,1212.22,156.97,315.08,846.01,-1,-1,-1,-1
110,2,1216.24,162.88,311.63,834.86,-1,-1,-1,-1
111,2,1218.57,164.49,307.34,822.19,-1,-1,-1,-1
112,2,1219.93,172.04,295.91,793.34,-1,-1,-1,-1
113,2,1218.25,174.42,288.09,773.12,-1,-1,-1,-1
114,2,1214.43,177.12,282.29,759.13,-1,-1,-1,-1
115,2,1210.79,178.57,279.22,752.27,-1,-1,-1,-1
116,2,1205.31,177.96,277.44,751.21,-1,-1,-1,-1
117,2,1198.83,179.29,274.65,748.95,-1,-1,-1,-1
118,2,1192.24,183.91,270.76,741.99,-1,-1,-1,-1
119,2,1184.43,187.85,266.64,733.66,-1,-1,-1,-1
120,2,1178.46,191.78,260.45,717.13,-1,-1,-1,-1
120,3,10.16,232.89,90.59,583.16,-1,-1,-1,-1
121,2,1173.46,199.77,252.05,695.33,-1,-1,-1,-1
121,3,31.20,234.38,89.86,569.10,-1,-1,-1,-1
122,2,1169.36,201.79,248.84,686.68,-1,-1,-1,-1
122,3,39.65,235.62,91.28,563.38,-1,-1,-1,-1
123,2,1160.57,203.36,244.48,674.52,-1,-1,-1,-1
124,2,1150.16,200.45,241.77,667.93,-1,-1,-1,-1
124,4,7.52,237.41,184.79,566.76,-1,-1,-1,-1
125,2,1142.30,201.34,236.85,657.13,-1,-1,-1,-1
125,4,15.11,235.46,189.19,578.87,-1,-1,-1,-1
126,2,1134.89,204.28,233.49,650.52,-1,-1,-1,-1
126,4,26.76,232.94,191.68,584.65,-1,-1,-1,-1
127,2,1120.05,207.52,232.52,646.69,-1,-1,-1,-1
127,4,51.51,234.47,191.45,581.69,-1,-1,-1,-1
128,2,1106.45,211.87,231.83,641.06,-1,-1,-1,-1
128,4,75.30,234.72,191.73,578.92,-1,-1,-1,-1
129,2,1094.32,215.97,231.36,635.28,-1,-1,-1,-1
129,4,104.07,238.45,191.75,573.67,-1,-1,-1,-1
130,2,1082.74,215.69,232.54,633.12,-1,-1,-1,-1
130,4,126.42,234.16,193.57,573.02,-1,-1,-1,-1
131,2,1070.14,215.27,232.58,630.05,-1,-1,-1,-1
131,4,147.82,232.50,196.05,573.18,-1,-1,-1,-1
132,2,1051.98,215.78,233.69,630.42,-1,-1,-1,-1
132,4,171.22,235.88,195.56,565.90,-1,-1,-1,-1
133,2,1041.51,216.15,234.27,631.17,-1,-1,-1,-1
133,4,185.74,235.83,197.71,565.65,-1,-1,-1,-1
134,2,1028.63,216.85,232.66,625.86,-1,-1,-1,-1
134,4,202.78,226.70,201.57,573.05,-1,-1,-1,-1
135,2,1014.29,215.25,231.83,624.65,-1,-1,-1,-1
135,4,221.75,225.59,201.78,572.34,-1,-1,-1,-1
136,2,1006.20,216.08,231.14,623.17,-1,-1,-1,-1
136,4,242.68,225.32,204.77,582.49,-1,-1,-1,-1
137,2,1000.76,218.32,229.79,619.35,-1,-1,-1,-1
137,4,271.26,226.68,204.67,577.18,-1,-1,-1,-1
138,2,998.14,220.85,228.51,614.98,-1,-1,-1,-1
138,4,295.08,227.38,204.95,571.89,-1,-1,-1,-1
139,2,994.79,221.28,226.35,606.55,-1,-1,-1,-1
139,4,315.91,225.61,206.84,571.84,-1,-1,-1,-1
140,2,994.38,222.25,223.89,598.56,-1,-1,-1,-1
140,4,337.35,227.61,207.74,570.25,-1,-1,-1,-1
141,2,998.50,221.50,218.34,583.20,-1,-1,-1,-1
141,4,357.72,225.95,210.32,575.35,-1,-1,-1,-1
142,2,1000.38,222.33,216.96,578.88,-1,-1,-1,-1
142,4,378.70,222.91,213.89,582.17,-1,-1,-1,-1
143,2,1003.74,226.45,213.99,569.84,-1,-1,-1,-1
143,4,401.87,221.41,215.41,584.99,-1,-1,-1,-1
144,2,1006.98,227.89,212.71,565.51,-1,-1,-1,-1
144,4,417.76,219.48,215.69,583.74,-1,-1,-1,-1
145,2,1018.36,225.79,211.40,564.63,-1,-1,-1,-1
145,4,451.97,221.78,214.21,575.62,-1,-1,-1,-1
146,2,1025.88,226.19,210.53,564.73,-1,-1,-1,-1
146,4,472.08,225.45,213.32,568.54,-1,-1,-1,-1
147,2,1035.25,228.17,209.76,564.72,-1,-1,-1,-1
147,4,492.56,222.31,217.44,574.54,-1,-1,-1,-1
148,2,1042.03,230.50,208.58,563.61,-1,-1,-1,-1
148,4,507.79,224.50,216.73,570.07,-1,-1,-1,-1
149,2,1048.65,229.44,205.83,555.15,-1,-1,-1,-1
149,4,528.48,219.91,219.18,576.93,-1,-1,-1,-1
150,2,1054.49,229.16,203.69,548.87,-1,-1,-1,-1
150,4,551.04,220.69,219.28,579.21,-1,-1,-1,-1
151,2,1061.89,229.02,201.26,541.41,-1,-1,-1,-1
151,4,573.68,220.84,216.76,576.40,-1,-1,-1,-1
152,2,1069.94,226.32,204.18,553.19,-1,-1,-1,-1
152,4,593.93,215.72,217.82,580.68,-1,-1,-1,-1
153,2,1081.24,225.74,203.48,554.45,-1,-1,-1,-1
153,4,619.62,218.21,217.30,577.88,-1,-1,-1,-1
154,2,1095.42,223.90,206.57,563.46,-1,-1,-1,-1
154,4,642.53,217.09,218.18,579.51,-1,-1,-1,-1
155,2,1104.58,224.36,207.39,566.54,-1,-1,-1,-1
155,4,657.62,214.69,219.79,581.96,-1,-1,-1,-1
156,2,1120.82,230.58,206.67,564.20,-1,-1,-1,-1
156,4,683.45,214.47,220.65,584.12,-1,-1,-1,-1
157,2,1129.70,230.64,208.01,565.74,-1,-1,-1,-1
157,4,707.65,213.48,221.99,591.10,-1,-1,-1,-1
158,2,1138.39,228.27,209.40,568.28,-1,-1,-1,-1
158,4,734.01,211.22,221.95,594.41,-1,-1,-1,-1
159,2,1145.55,222.25,213.95,581.64,-1,-1,-1,-1
159,4,764.22,209.57,222.00,594.88,-1,-1,-1,-1
160,2,1149.55,221.51,216.32,588.19,-1,-1,-1,-1
160,4,782.15,212.37,218.90,586.19,-1,-1,-1,-1
161,2,1156.91,217.31,216.49,589.09,-1,-1,-1,-1
161,4,795.71,211.31,220.52,589.82,-1,-1,-1,-1
162,2,1165.65,209.59,219.66,598.86,-1,-1,-1,-1
162,4,816.53,209.72,220.79,587.30,-1,-1,-1,-1
163,2,1179.05,209.19,221.06,601.65,-1,-1,-1,-1
163,4,838.69,215.13,219.32,578.98,-1,-1,-1,-1
164,2,1192.60,210.81,227.08,613.79,-1,-1,-1,-1
164,4,862.92,219.13,218.26,571.79,-1,-1,-1,-1
165,2,1203.14,212.87,232.12,623.11,-1,-1,-1,-1
165,4,891.84,210.76,219.88,578.50,-1,-1,-1,-1
166,2,1211.26,214.24,235.98,632.41,-1,-1,-1,-1
166,4,909.25,205.76,223.01,594.18,-1,-1,-1,-1
167,2,1223.51,217.23,236.67,631.99,-1,-1,-1,-1
167,4,929.35,205.03,220.14,593.17,-1,-1,-1,-1
168,2,1233.96,212.66,239.55,637.38,-1,-1,-1,-1
168,4,950.79,202.99,217.02,586.06,-1,-1,-1,-1
169,2,1240.21,202.94,244.95,650.81,-1,-1,-1,-1
169,4,973.11,203.04,215.47,585.43,-1,-1,-1,-1
170,2,1243.68,199.48,247.94,656.22,-1,-1,-1,-1
170,4,989.33,202.22,213.95,580.21,-1,-1,-1,-1
171,2,1247.06,194.92,251.56,664.86,-1,-1,-1,-1
171,4,1010.19,203.43,214.11,576.95,-1,-1,-1,-1
172,2,1245.43,189.68,259.20,686.07,-1,-1,-1,-1
172,4,1026.46,202.51,218.17,585.12,-1,-1,-1,-1
173,2,1244.03,185.92,265.10,702.67,-1,-1,-1,-1
173,4,1048.69,201.10,218.43,585.82,-1,-1,-1,-1
174,2,1243.82,184.83,268.65,714.39,-1,-1,-1,-1
174,4,1063.90,201.32,220.21,592.00,-1,-1,-1,-1
175,2,1242.33,185.36,271.47,725.60,-1,-1,-1,-1
175,4,1081.40,198.11,220.27,600.13,-1,-1,-1,-1
176,2,1238.25,189.11,270.30,726.04,-1,-1,-1,-1
176,4,1106.72,196.19,221.11,608.74,-1,-1,-1,-1
177,2,1233.49,188.92,270.54,727.95,-1,-1,-1,-1
177,4,1131.54,195.74,216.54,599.41,-1,-1,-1,-1
178,2,1199.71,203.32,244.63,660.64,-1,-1,-1,-1
179,2,1212.09,188.65,265.00,712.17,-1,-1,-1,-1
180,2,1207.32,184.08,282.15,758.86,-1,-1,-1,-1
181,2,1207.23,184.59,283.17,764.71,-1,-1,-1,-1
182,2,1201.48,185.36,288.18,782.36,-1,-1,-1,-1
183,2,1196.63,180.53,291.75,793.93,-1,-1,-1,-1
184,2,1219.86,193.56,267.06,733.30,-1,-1,-1,-1
185,2,1223.67,195.03,260.14,721.11,-1,-1,-1,-1
186,2,1181.51,182.88,276.57,775.81,-1,-1,-1,-1
187,2,1163.83,179.10,281.63,798.91,-1,-1,-1,-1
188,2,1147.20,172.41,282.05,808.11,-1,-1,-1,-1
189,2,1129.98,166.96,280.68,807.65,-1,-1,-1,-1
189,6,1355.52,186.31,247.45,636.08,-1,-1,-1,-1
190,2,1115.45,171.68,281.19,809.66,-1,-1,-1,-1
190,6,1367.84,180.08,251.02,645.12,-1,-1,-1,-1
191,2,1101.34,171.67,282.09,807.96,-1,-1,-1,-1
191,6,1381.90,174.31,254.44,654.30,-1,-1,-1,-1
192,2,1094.19,174.95,282.18,802.48,-1,-1,-1,-1
192,6,1395.86,168.54,253.54,652.69,-1,-1,-1,-1
193,2,1090.58,176.26,284.23,805.25,-1,-1,-1,-1
193,6,1405.12,168.00,256.73,662.33,-1,-1,-1,-1
194,2,1083.80,177.69,287.18,812.33,-1,-1,-1,-1
194,6,1411.02,167.71,263.88,682.90,-1,-1,-1,-1
195,2,1074.48,179.44,282.81,799.50,-1,-1,-1,-1
195,6,1414.74,166.71,270.87,703.91,-1,-1,-1,-1
196,2,1062.74,185.92,274.44,777.36,-1,-1,-1,-1
196,6,1423.85,165.46,272.28,708.69,-1,-1,-1,-1
197,2,1054.09,187.89,267.85,761.21,-1,-1,-1,-1
197,6,1430.06,163.69,276.53,722.45,-1,-1,-1,-1
198,2,1046.70,188.89,264.22,752.77,-1,-1,-1,-1
198,6,1437.42,161.84,277.56,727.58,-1,-1,-1,-1
199,2,1040.91,190.00,260.55,744.08,-1,-1,-1,-1
199,6,1443.10,158.77,278.38,731.25,-1,-1,-1,-1
200,2,1034.03,195.44,257.69,736.01,-1,-1,-1,-1
200,6,1442.97,154.08,278.71,734.89,-1,-1,-1,-1
201,2,1027.52,200.12,254.35,725.98,-1,-1,-1,-1
201,6,1438.91,150.05,278.91,740.96,-1,-1,-1,-1
202,2,1023.10,207.79,248.43,705.83,-1,-1,-1,-1
202,6,1432.73,145.72,281.86,756.43,-1,-1,-1,-1
203,2,1020.30,207.65,243.04,688.22,-1,-1,-1,-1
203,6,1424.21,145.22,281.84,762.25,-1,-1,-1,-1
204,2,1016.56,207.78,238.13,670.66,-1,-1,-1,-1
204,6,1413.45,150.51,280.66,764.89,-1,-1,-1,-1
205,2,1011.75,208.63,233.93,657.01,-1,-1,-1,-1
205,6,1404.41,156.87,276.40,760.34,-1,-1,-1,-1
206,2,1008.18,209.87,231.71,648.37,-1,-1,-1,-1
206,6,1398.12,156.40,273.91,761.10,-1,-1,-1,-1
206,7,15.98,237.71,119.50,564.36,-1,-1,-1,-1
207,2,1003.63,211.13,231.04,645.16,-1,-1,-1,-1
207,6,1389.37,150.02,275.11,775.25,-1,-1,-1,-1
207,7,24.78,242.26,116.07,542.98,-1,-1,-1,-1
208,2,995.75,213.04,229.51,641.30,-1,-1,-1,-1
208,6,1377.82,148.14,272.20,778.91,-1,-1,-1,-1
208,7,38.52,247.15,120.46,552.27,-1,-1,-1,-1
209,2,986.24,215.13,228.95,640.56,-1,-1,-1,-1
209,6,1355.80,144.48,272.29,787.81,-1,-1,-1,-1
209,7,42.93,241.55,126.69,566.09,-1,-1,-1,-1
210,2,982.58,213.42,225.23,631.61,-1,-1,-1,-1
210,6,1340.04,144.68,271.39,789.95,-1,-1,-1,-1
210,7,45.12,236.92,135.12,585.56,-1,-1,-1,-1
211,2,979.06,216.81,220.47,619.77,-1,-1,-1,-1
211,6,1317.07,145.53,276.85,799.28,-1,-1,-1,-1
211,7,52.66,235.56,139.77,584.64,-1,-1,-1,-1
212,2,973.93,218.11,219.47,618.36,-1,-1,-1,-1
212,6,1288.83,146.23,278.40,793.72,-1,-1,-1,-1
212,7,63.32,233.39,144.50,581.36,-1,-1,-1,-1
213,2,970.13,214.46,217.75,615.09,-1,-1,-1,-1
213,6,1262.90,150.46,282.10,793.91,-1,-1,-1,-1
213,7,77.96,231.75,148.54,575.40,-1,-1,-1,-1
214,2,965.97,216.38,212.33,600.23,-1,-1,-1,-1
214,6,1237.14,149.95,287.31,803.21,-1,-1,-1,-1
214,7,85.97,234.84,154.86,578.11,-1,-1,-1,-1
215,2,962.20,217.27,208.80,590.59,-1,-1,-1,-1
215,6,1211.92,147.57,289.24,810.70,-1,-1,-1,-1
215,7,95.69,230.98,162.26,585.84,-1,-1,-1,-1
216,2,955.79,217.32,207.28,585.58,-1,-1,-1,-1
216,6,1183.85,144.28,291.25,820.79,-1,-1,-1,-1
216,7,104.41,231.51,171.23,599.22,-1,-1,-1,-1
217,2,944.11,220.90,204.75,578.12,-1,-1,-1,-1
217,6,1147.15,141.16,292.06,834.96,-1,-1,-1,-1
217,7,112.05,234.43,176.87,601.31,-1,-1,-1,-1
218,2,936.14,225.28,204.62,576.44,-1,-1,-1,-1
218,6,1125.34,138.52,289.22,838.71,-1,-1,-1,-1
218,7,117.94,230.84,183.85,609.29,-1,-1,-1,-1
219,2,925.58,228.42,207.22,581.79,-1,-1,-1,-1
219,6,1100.90,132.24,288.29,838.78,-1,-1,-1,-1
219,7,123.11,227.47,190.73,618.68,-1,-1,-1,-1
220,2,918.51,230.92,206.25,578.74,-1,-1,-1,-1
220,6,1073.61,142.35,284.07,818.95,-1,-1,-1,-1
220,7,130.78,230.37,195.81,620.64,-1,-1,-1,-1
221,2,909.20,230.93,203.29,572.07,-1,-1,-1,-1
221,6,1046.43,142.43,284.73,815.94,-1,-1,-1,-1
221,7,137.71,228.67,200.22,621.86,-1,-1,-1,-1
222,2,897.75,231.72,199.47,565.27,-1,-1,-1,-1
222,6,1024.12,144.22,283.97,809.53,-1,-1,-1,-1
222,7,141.82,225.89,204.81,624.97,-1,-1,-1,-1
223,2,890.50,232.28,199.42,567.77,-1,-1,-1,-1
223,6,996.99,141.53,285.50,811.82,-1,-1,-1,-1
223,7,146.04,224.00,209.56,629.87,-1,-1,-1,-1
224,2,877.05,229.23,199.09,571.54,-1,-1,-1,-1
224,6,974.02,148.88,279.45,805.25,-1,-1,-1,-1
224,7,149.01,222.98,213.76,632.97,-1,-1,-1,-1
225,2,869.66,228.73,194.00,557.25,-1,-1,-1,-1
225,6,938.90,154.73,268.78,783.06,-1,-1,-1,-1
225,7,150.46,222.74,219.98,642.86,-1,-1,-1,-1
226,2,855.86,217.74,196.06,564.85,-1,-1,-1,-1
226,6,904.00,163.68,260.32,763.62,-1,-1,-1,-1
226,7,150.31,222.63,225.66,653.12,-1,-1,-1,-1
227,6,873.85,165.62,261.46,770.45,-1,-1,-1,-1
227,7,150.34,222.79,229.70,659.49,-1,-1,-1,-1
228,6,857.47,159.07,265.43,779.96,-1,-1,-1,-1
228,7,152.05,222.07,234.73,670.56,-1,-1,-1,-1
229,6,832.19,155.66,268.78,784.03,-1,-1,-1,-1
229,7,154.22,220.34,238.12,677.74,-1,-1,-1,-1
230,6,809.56,152.00,274.25,791.19,-1,-1,-1,-1
230,7,155.86,215.64,241.75,685.04,-1,-1,-1,-1
231,6,784.97,155.68,279.33,799.60,-1,-1,-1,-1
231,7,155.03,210.29,245.05,690.98,-1,-1,-1,-1
232,6,759.43,156.88,281.31,805.64,-1,-1,-1,-1
232,7,152.14,201.65,249.72,699.85,-1,-1,-1,-1
233,6,753.71,178.05,260.75,754.73,-1,-1,-1,-1
233,7,148.76,198.85,253.16,706.63,-1,-1,-1,-1
234,6,755.22,193.71,250.06,726.61,-1,-1,-1,-1
234,7,145.54,198.00,255.61,711.14,-1,-1,-1,-1
235,6,687.72,160.16,272.48,799.28,-1,-1,-1,-1
235,7,136.44,196.10,267.74,745.25,-1,-1,-1,-1
235,2,828.20,225.57,204.09,585.09,-1,-1,-1,-1
236,6,646.69,153.35,277.39,818.89,-1,-1,-1,-1
236,7,130.30,197.84,273.19,760.62,-1,-1,-1,-1
236,2,829.17,224.46,205.86,586.84,-1,-1,-1,-1
237,6,611.67,148.92,277.88,816.51,-1,-1,-1,-1
237,7,122.17,199.23,280.76,783.56,-1,-1,-1,-1
237,2,825.66,224.90,205.68,581.26,-1,-1,-1,-1
238,6,586.02,151.11,280.24,817.80,-1,-1,-1,-1
238,7,115.86,200.24,284.26,794.72,-1,-1,-1,-1
238,2,819.97,227.71,204.75,572.76,-1,-1,-1,-1
239,6,563.37,153.87,281.42,812.13,-1,-1,-1,-1
239,7,110.23,193.47,287.27,804.00,-1,-1,-1,-1
239,2,818.46,230.20,203.70,566.07,-1,-1,-1,-1
240,6,545.45,151.64,287.98,824.44,-1,-1,-1,-1
240,7,105.29,186.18,289.75,810.10,-1,-1,-1,-1
240,2,817.84,230.53,205.57,568.45,-1,-1,-1,-1
241,6,523.87,153.06,286.71,821.57,-1,-1,-1,-1
241,7,97.06,179.49,295.72,822.07,-1,-1,-1,-1
241,2,816.99,230.90,205.24,566.60,-1,-1,-1,-1
242,6,505.80,152.88,284.22,816.59,-1,-1,-1,-1
242,7,89.62,174.25,299.74,827.06,-1,-1,-1,-1
242,2,817.52,233.06,206.30,569.84,-1,-1,-1,-1
243,6,480.14,153.58,281.72,818.04,-1,-1,-1,-1
243,7,79.17,166.96,306.20,839.71,-1,-1,-1,-1
243,2,818.21,234.76,206.80,571.28,-1,-1,-1,-1
244,6,450.45,151.07,281.02,819.12,-1,-1,-1,-1
244,7,71.59,162.36,314.66,857.42,-1,-1,-1,-1
244,2,817.84,235.14,207.25,572.24,-1,-1,-1,-1
245,6,428.77,147.52,281.73,819.77,-1,-1,-1,-1
245,7,62.43,160.54,328.65,893.24,-1,-1,-1,-1
245,2,816.43,233.18,207.76,574.05,-1,-1,-1,-1
246,6,406.07,150.15,284.59,813.03,-1,-1,-1,-1
246,7,59.87,156.53,333.89,900.92,-1,-1,-1,-1
246,2,814.12,232.99,207.77,574.69,-1,-1,-1,-1
247,6,393.17,152.00,288.04,810.68,-1,-1,-1,-1
247,7,58.15,156.23,338.75,908.37,-1,-1,-1,-1
247,2,812.48,231.59,207.87,576.64,-1,-1,-1,-1
248,6,378.18,152.51,294.62,821.77,-1,-1,-1,-1
248,7,56.34,154.66,344.04,921.58,-1,-1,-1,-1
248,2,811.97,230.39,207.65,578.23,-1,-1,-1,-1
249,6,365.18,151.98,297.69,826.20,-1,-1,-1,-1
249,7,52.39,151.42,345.72,925.93,-1,-1,-1,-1
249,2,813.80,231.03,205.42,574.59,-1,-1,-1,-1
250,6,349.05,148.02,300.34,834.61,-1,-1,-1,-1
250,7,51.24,143.65,350.15,935.09,-1,-1,-1,-1
250,2,814.00,234.81,202.01,568.81,-1,-1,-1,-1
251,6,326.15,149.54,298.67,836.65,-1,-1,-1,-1
251,7,48.46,134.36,355.84,947.85,-1,-1,-1,-1
251,2,813.86,233.93,201.34,570.12,-1,-1,-1,-1
252,6,293.56,150.97,297.80,842.68,-1,-1,-1,-1
252,7,48.20,131.99,357.83,949.65,-1,-1,-1,-1
252,2,812.60,234.14,200.43,570.13,-1,-1,-1,-1
253,6,229.72,145.19,302.83,861.58,-1,-1,-1,-1
253,7,46.94,124.63,358.61,951.57,-1,-1,-1,-1
253,2,811.56,234.73,199.34,569.18,-1,-1,-1,-1
254,6,206.27,138.56,302.96,868.28,-1,-1,-1,-1
254,7,46.90,122.40,358.75,948.37,-1,-1,-1,-1
254,2,810.06,234.37,198.35,566.19,-1,-1,-1,-1
255,6,197.05,133.29,302.58,873.66,-1,-1,-1,-1
255,7,42.94,118.58,365.39,962.69,-1,-1,-1,-1
255,2,809.54,232.80,199.27,567.98,-1,-1,-1,-1
256,6,215.52,150.72,292.41,851.76,-1,-1,-1,-1
256,7,42.57,116.94,370.13,969.12,-1,-1,-1,-1
256,2,810.89,233.48,200.50,567.96,-1,-1,-1,-1
257,6,215.54,158.62,288.09,845.35,-1,-1,-1,-1
257,7,43.43,112.00,374.38,970.09,-1,-1,-1,-1
257,2,812.06,230.43,203.46,571.05,-1,-1,-1,-1
258,7,39.67,108.67,378.44,968.68,-1,-1,-1,-1
258,2,814.90,230.05,206.27,572.82,-1,-1,-1,-1
259,7,36.26,105.01,384.01,975.23,-1,-1,-1,-1
259,2,817.82,228.14,209.02,574.22,-1,-1,-1,-1
260,7,40.12,94.04,391.93,989.23,-1,-1,-1,-1
260,2,818.78,225.28,213.51,580.31,-1,-1,-1,-1
261,7,44.62,87.25,397.08,994.83,-1,-1,-1,-1
261,2,823.44,227.70,216.63,583.16,-1,-1,-1,-1
262,7,52.80,76.25,402.26,1000.37,-1,-1,-1,-1
262,2,829.97,226.75,219.42,586.71,-1,-1,-1,-1
263,7,72.94,79.65,402.61,987.66,-1,-1,-1,-1
263,2,843.70,223.24,220.80,589.95,-1,-1,-1,-1
264,7,98.09,98.99,402.83,976.50,-1,-1,-1,-1
264,2,857.46,228.67,220.96,591.11,-1,-1,-1,-1
265,7,117.49,101.76,406.54,979.92,-1,-1,-1,-1
265,2,872.90,227.20,220.54,593.31,-1,-1,-1,-1
265,8,10.98,115.43,318.73,871.61,-1,-1,-1,-1
266,7,115.13,89.60,417.67,1001.77,-1,-1,-1,-1
266,2,888.01,226.93,220.76,597.18,-1,-1,-1,-1
266,8,19.89,116.55,311.27,850.26,-1,-1,-1,-1
267,7,87.47,92.59,413.08,990.56,-1,-1,-1,-1
267,2,898.60,225.60,221.32,601.23,-1,-1,-1,-1
268,7,164.15,80.30,417.81,998.39,-1,-1,-1,-1
268,2,909.50,223.27,221.90,606.34,-1,-1,-1,-1
269,7,212.90,86.59,414.56,991.94,-1,-1,-1,-1
269,2,923.41,220.58,228.14,626.52,-1,-1,-1,-1
269,9,6.63,117.67,388.10,961.61,-1,-1,-1,-1
270,7,253.21,87.46,414.08,989.56,-1,-1,-1,-1
270,2,935.28,221.93,230.57,635.45,-1,-1,-1,-1
270,9,3.09,110.13,392.81,973.84,-1,-1,-1,-1
271,7,285.81,82.28,417.06,995.32,-1,-1,-1,-1
271,2,947.16,222.78,231.97,640.47,-1,-1,-1,-1
271,9,-7.32,111.63,393.35,976.64,-1,-1,-1,-1
272,7,327.10,84.33,415.13,987.79,-1,-1,-1,-1
272,2,958.67,218.47,233.30,645.66,-1,-1,-1,-1
272,9,-7.27,97.63,398.16,989.63,-1,-1,-1,-1
273,7,367.46,89.23,414.96,983.27,-1,-1,-1,-1
273,2,968.43,216.12,234.41,651.45,-1,-1,-1,-1
273,9,-4.44,93.61,398.61,991.25,-1,-1,-1,-1
274,7,401.14,52.57,422.07,1000.56,-1,-1,-1,-1
274,2,979.90,214.27,234.21,655.64,-1,-1,-1,-1
274,9,-1.12,94.75,397.39,988.62,-1,-1,-1,-1
275,7,441.18,83.13,413.52,977.19,-1,-1,-1,-1
275,2,992.12,212.35,232.81,656.91,-1,-1,-1,-1
275,9,5.96,92.56,395.60,984.99,-1,-1,-1,-1
276,7,474.09,46.29,427.12,1014.81,-1,-1,-1,-1
276,2,1004.51,209.22,233.82,662.66,-1,-1,-1,-1
276,9,12.66,88.21,400.21,994.94,-1,-1,-1,-1
277,7,521.35,31.09,427.42,1026.41,-1,-1,-1,-1
277,2,1024.69,209.66,232.89,661.69,-1,-1,-1,-1
277,9,17.47,79.02,404.91,1004.34,-1,-1,-1,-1
278,7,577.15,85.25,408.05,981.62,-1,-1,-1,-1
278,2,1047.24,211.63,233.32,659.51,-1,-1,-1,-1
278,9,20.93,72.56,408.91,1015.20,-1,-1,-1,-1
279,7,621.85,80.88,401.41,976.22,-1,-1,-1,-1
279,2,1064.68,212.27,236.27,659.39,-1,-1,-1,-1
279,9,32.81,56.42,412.12,1018.96,-1,-1,-1,-1
280,7,667.50,114.18,393.80,957.78,-1,-1,-1,-1
280,2,1076.90,211.96,239.45,662.61,-1,-1,-1,-1
280,9,39.39,50.51,416.22,1026.49,-1,-1,-1,-1
281,7,719.39,74.08,406.80,989.66,-1,-1,-1,-1
281,2,1096.73,213.08,239.96,662.32,-1,-1,-1,-1
281,9,65.59,57.22,415.88,1021.98,-1,-1,-1,-1
282,7,757.65,59.51,412.02,1004.16,-1,-1,-1,-1
282,2,1113.75,207.24,240.89,668.72,-1,-1,-1,-1
282,9,97.26,68.15,417.73,1021.30,-1,-1,-1,-1
283,7,790.99,49.94,417.48,1016.12,-1,-1,-1,-1
283,2,1127.07,197.17,241.95,678.24,-1,-1,-1,-1
283,9,129.08,56.60,415.22,1008.55,-1,-1,-1,-1
284,7,829.27,41.56,420.78,1026.87,-1,-1,-1,-1
284,2,1145.29,199.66,241.58,678.71,-1,-1,-1,-1
284,9,162.46,58.19,412.51,998.31,-1,-1,-1,-1
285,7,872.10,37.05,417.89,1025.60,-1,-1,-1,-1
285,2,1159.20,195.57,246.74,692.58,-1,-1,-1,-1
285,9,193.84,52.03,410.36,987.45,-1,-1,-1,-1
286,7,909.98,30.76,416.87,1034.15,-1,-1,-1,-1
286,2,1172.06,186.32,254.69,714.22,-1,-1,-1,-1
286,9,213.50,45.56,425.33,1021.74,-1,-1,-1,-1
287,7,968.19,41.82,405.40,1007.72,-1,-1,-1,-1
287,2,1172.29,170.79,267.13,745.51,-1,-1,-1,-1
287,9,246.67,37.50,432.14,1028.67,-1,-1,-1,-1
288,7,1025.67,53.57,405.42,1007.41,-1,-1,-1,-1
288,9,268.59,27.00,440.31,1039.23,-1,-1,-1,-1
289,7,1067.74,56.69,406.07,1010.13,-1,-1,-1,-1
289,9,298.43,20.75,446.97,1047.02,-1,-1,-1,-1
290,7,1089.22,57.57,407.02,1013.59,-1,-1,-1,-1
290,9,322.84,20.09,451.75,1050.69,-1,-1,-1,-1
291,7,1123.56,56.39,412.78,1026.89,-1,-1,-1,-1
291,9,369.62,31.54,453.73,1047.72,-1,-1,-1,-1
292,7,1152.07,47.13,412.65,1024.99,-1,-1,-1,-1
292,9,403.98,21.31,460.79,1061.22,-1,-1,-1,-1
293,7,1187.93,81.04,401.32,991.18,-1,-1,-1,-1
293,9,448.19,15.71,456.06,1053.62,-1,-1,-1,-1
294,7,1217.18,58.04,411.80,1013.64,-1,-1,-1,-1
294,9,489.59,10.48,452.50,1046.61,-1,-1,-1,-1
295,7,1247.61,51.46,412.34,1013.86,-1,-1,-1,-1
295,9,544.84,2.17,449.72,1046.51,-1,-1,-1,-1
295,10,506.35,189.43,208.28,594.91,-1,-1,-1,-1
296,7,1280.19,64.91,411.63,1012.68,-1,-1,-1,-1
296,9,592.55,5.93,462.12,1078.63,-1,-1,-1,-1
296,10,533.75,191.72,201.00,572.76,-1,-1,-1,-1
297,7,1321.98,57.70,419.84,1038.92,-1,-1,-1,-1
297,9,645.34,7.87,461.00,1081.86,-1,-1,-1,-1
297,10,545.85,189.45,211.61,601.87,-1,-1,-1,-1
297,11,1253.22,168.19,279.51,757.98,-1,-1,-1,-1
297,12,11.87,249.03,163.99,605.66,-1,-1,-1,-1
298,7,1359.33,54.37,419.04,1038.61,-1,-1,-1,-1
298,9,689.63,2.40,460.22,1086.60,-1,-1,-1,-1
298,10,554.76,187.11,217.68,617.77,-1,-1,-1,-1
298,11,1248.82,175.99,274.98,746.21,-1,-1,-1,-1
298,12,15.52,238.23,168.34,619.32,-1,-1,-1,-1
299,7,1389.01,41.98,417.59,1035.68,-1,-1,-1,-1
299,9,749.61,0.75,448.71,1055.65,-1,-1,-1,-1
299,10,571.88,189.49,218.61,618.37,-1,-1,-1,-1
299,11,1252.55,175.07,276.19,749.84,-1,-1,-1,-1
299,12,19.30,233.68,170.97,624.63,-1,-1,-1,-1
300,7,1406.65,31.39,423.80,1044.36,-1,-1,-1,-1
300,9,784.68,10.12,452.38,1064.60,-1,-1,-1,-1
300,10,587.07,189.74,221.05,621.39,-1,-1,-1,-1
300,12,19.82,230.54,171.19,619.95,-1,-1,-1,-1
300,2,1262.61,169.14,275.06,762.65,-1,-1,-1,-1
301,7,1436.16,28.20,423.31,1039.43,-1,-1,-1,-1
301,9,820.45,12.72,453.54,1070.49,-1,-1,-1,-1
301,10,599.91,192.57,220.83,617.89,-1,-1,-1,-1
301,12,20.68,218.22,173.39,620.90,-1,-1,-1,-1
301,2,1267.08,170.83,278.86,769.85,-1,-1,-1,-1
302,7,1452.44,30.15,426.35,1041.67,-1,-1,-1,-1
302,9,862.21,3.91,440.96,1041.32,-1,-1,-1,-1
302,10,613.93,191.45,222.06,617.20,-1,-1,-1,-1
302,12,22.25,214.67,178.50,630.35,-1,-1,-1,-1
302,2,1270.38,170.69,279.10,766.95,-1,-1,-1,-1
303,7,1476.53,32.15,425.03,1039.62,-1,-1,-1,-1
303,9,892.22,2.47,439.74,1041.87,-1,-1,-1,-1
303,10,627.88,192.50,223.70,617.49,-1,-1,-1,-1
303,12,33.45,219.13,180.27,622.00,-1,-1,-1,-1
303,2,1274.87,168.90,277.63,762.68,-1,-1,-1,-1
304,7,1495.70,31.57,424.92,1043.76,-1,-1,-1,-1
304,9,921.63,2.07,439.41,1043.87,-1,-1,-1,-1
304,10,638.70,190.62,225.48,618.46,-1,-1,-1,-1
304,12,43.47,222.53,183.74,617.86,-1,-1,-1,-1
304,2,1278.67,167.80,277.16,760.17,-1,-1,-1,-1
305,7,1511.95,30.17,424.34,1045.48,-1,-1,-1,-1
305,9,946.82,1.64,440.02,1050.29,-1,-1,-1,-1
305,10,646.05,189.10,226.58,618.38,-1,-1,-1,-1
305,12,58.97,226.90,189.33,618.49,-1,-1,-1,-1
305,2,1281.91,169.27,274.53,753.78,-1,-1,-1,-1
306,7,1524.16,30.65,423.98,1046.59,-1,-1,-1,-1
306,9,965.47,9.08,445.60,1079.13,-1,-1,-1,-1
306,10,652.87,187.16,227.91,620.29,-1,-1,-1,-1
306,12,74.37,228.89,194.72,619.77,-1,-1,-1,-1
306,2,1282.30,172.07,274.28,754.76,-1,-1,-1,-1
307,7,1528.66,25.74,426.30,1056.06,-1,-1,-1,-1
307,9,1002.93,11.72,438.68,1075.90,-1,-1,-1,-1
307,10,662.96,188.03,228.91,621.92,-1,-1,-1,-1
307,12,87.81,229.96,198.92,617.29,-1,-1,-1,-1
307,2,1283.02,176.03,274.20,761.49,-1,-1,-1,-1
308,7,1536.58,22.12,423.07,1056.21,-1,-1,-1,-1
308,9,1060.79,29.32,434.29,1070.44,-1,-1,-1,-1
308,10,670.12,186.67,230.62,625.50,-1,-1,-1,-1
308,12,96.15,224.74,204.00,618.23,-1,-1,-1,-1
308,2,1268.66,154.93,282.56,789.20,-1,-1,-1,-1
309,7,1539.60,18.61,419.86,1058.29,-1,-1,-1,-1
309,9,1107.89,39.92,432.11,1067.84,-1,-1,-1,-1
309,10,673.44,185.10,232.41,629.66,-1,-1,-1,-1
309,12,106.38,221.62,209.81,621.40,-1,-1,-1,-1
310,7,1540.23,16.73,416.33,1060.77,-1,-1,-1,-1
310,9,1156.54,24.71,421.62,1038.43,-1,-1,-1,-1
310,10,674.36,183.15,237.74,642.05,-1,-1,-1,-1
310,12,117.30,218.99,216.75,627.79,-1,-1,-1,-1
311,7,1540.47,16.73,412.44,1061.27,-1,-1,-1,-1
311,9,1190.81,14.61,415.80,1019.19,-1,-1,-1,-1
311,10,674.20,183.40,242.09,652.01,-1,-1,-1,-1
311,12,124.11,217.36,224.43,638.62,-1,-1,-1,-1
312,7,1538.66,20.44,409.36,1065.16,-1,-1,-1,-1
312,9,1222.03,21.94,424.69,1040.25,-1,-1,-1,-1
312,10,670.62,182.67,246.05,663.74,-1,-1,-1,-1
312,12,130.73,213.41,234.40,657.07,-1,-1,-1,-1
313,7,1556.61,27.62,401.25,1061.46,-1,-1,-1,-1
313,9,1242.54,24.37,430.15,1054.13,-1,-1,-1,-1
313,10,667.51,182.98,249.19,675.42,-1,-1,-1,-1
313,12,135.36,213.17,245.14,675.74,-1,-1,-1,-1
314,7,1578.99,36.92,390.40,1053.29,-1,-1,-1,-1
314,9,1260.74,28.52,433.08,1064.19,-1,-1,-1,-1
314,10,664.62,182.64,252.66,687.67,-1,-1,-1,-1
314,12,136.42,212.82,251.46,684.91,-1,-1,-1,-1
315,7,1589.42,28.54,382.35,1054.79,-1,-1,-1,-1
315,9,1278.65,38.33,431.62,1062.89,-1,-1,-1,-1
315,10,660.56,178.74,254.99,695.86,-1,-1,-1,-1
315,12,134.60,209.14,258.35,694.55,-1,-1,-1,-1
315,13,1223.24,173.52,257.09,718.59,-1,-1,-1,-1
316,7,1594.38,29.72,374.85,1056.65,-1,-1,-1,-1
316,9,1306.11,45.90,425.52,1049.43,-1,-1,-1,-1
316,10,656.88,171.64,257.31,703.93,-1,-1,-1,-1
316,12,132.69,206.92,260.45,693.84,-1,-1,-1,-1
316,13,1211.59,182.51,260.85,729.20,-1,-1,-1,-1
317,9,1338.47,34.95,414.88,1024.35,-1,-1,-1,-1
317,10,651.07,167.90,259.29,709.81,-1,-1,-1,-1
317,12,130.92,204.92,263.04,694.01,-1,-1,-1,-1
317,2,1202.35,183.46,267.28,743.14,-1,-1,-1,-1
318,9,1371.20,27.73,413.69,1024.28,-1,-1,-1,-1
318,10,645.09,165.80,261.19,714.66,-1,-1,-1,-1
318,12,128.69,201.55,266.92,698.46,-1,-1,-1,-1
318,2,1183.67,188.35,260.02,726.46,-1,-1,-1,-1
318,7,1601.95,11.07,366.68,1058.61,-1,-1,-1,-1
319,9,1377.19,40.84,411.65,1028.17,-1,-1,-1,-1
319,10,639.29,161.28,263.02,719.32,-1,-1,-1,-1
319,12,128.76,200.17,269.57,699.91,-1,-1,-1,-1
319,2,1166.61,188.56,259.81,734.54,-1,-1,-1,-1
319,7,1571.35,33.80,358.98,1043.31,-1,-1,-1,-1
320,9,1381.03,49.72,407.82,1027.73,-1,-1,-1,-1
320,10,633.37,157.14,265.70,726.43,-1,-1,-1,-1
320,12,124.89,188.81,280.32,721.68,-1,-1,-1,-1
320,2,1154.11,191.91,256.27,726.12,-1,-1,-1,-1
320,7,1603.96,28.66,350.03,1045.41,-1,-1,-1,-1
321,9,1387.39,41.64,409.22,1039.67,-1,-1,-1,-1
321,10,625.79,156.60,273.44,751.58,-1,-1,-1,-1
321,12,124.51,187.60,289.34,739.41,-1,-1,-1,-1
321,2,1138.36,198.93,251.95,709.39,-1,-1,-1,-1
321,7,1620.16,31.36,340.82,1045.76,-1,-1,-1,-1
322,9,1423.14,48.38,400.88,1022.74,-1,-1,-1,-1
322,10,619.81,157.65,280.80,776.25,-1,-1,-1,-1
322,12,128.97,189.42,293.16,744.05,-1,-1,-1,-1
322,2,1124.43,200.71,254.73,707.47,-1,-1,-1,-1
322,7,1633.42,50.85,321.26,1006.30,-1,-1,-1,-1
323,9,1439.35,52.19,404.40,1038.57,-1,-1,-1,-1
323,10,616.41,157.71,285.51,794.57,-1,-1,-1,-1
323,12,129.54,188.78,300.06,757.05,-1,-1,-1,-1
323,2,1113.99,203.27,255.86,701.75,-1,-1,-1,-1
323,7,1626.54,56.79,312.34,989.97,-1,-1,-1,-1
324,9,1453.31,59.79,402.98,1035.38,-1,-1,-1,-1
324,10,614.68,156.69,287.11,803.69,-1,-1,-1,-1
324,12,132.31,185.41,306.09,767.61,-1,-1,-1,-1
324,2,1102.99,206.90,256.20,699.05,-1,-1,-1,-1
324,7,1629.05,34.41,313.41,1010.41,-1,-1,-1,-1
325,10,614.17,152.01,286.88,808.36,-1,-1,-1,-1
325,12,135.23,184.20,308.57,769.94,-1,-1,-1,-1
325,2,1089.17,206.58,257.68,703.62,-1,-1,-1,-1
325,7,1590.31,50.10,316.91,1013.25,-1,-1,-1,-1
326,10,612.95,141.95,290.04,821.03,-1,-1,-1,-1
326,12,136.36,180.77,310.59,770.67,-1,-1,-1,-1
326,2,1073.24,204.80,257.73,706.52,-1,-1,-1,-1
326,9,1501.77,53.05,400.69,1033.10,-1,-1,-1,-1
327,10,609.06,135.18,297.14,843.84,-1,-1,-1,-1
327,12,142.64,178.80,314.06,775.43,-1,-1,-1,-1
327,2,1055.57,203.72,257.39,711.77,-1,-1,-1,-1
327,9,1516.55,53.11,389.83,1006.66,-1,-1,-1,-1
328,10,607.06,126.54,298.29,849.27,-1,-1,-1,-1
328,12,143.01,178.64,320.63,791.99,-1,-1,-1,-1
328,2,1021.65,200.16,255.11,712.26,-1,-1,-1,-1
328,9,1521.45,69.55,384.45,991.40,-1,-1,-1,-1
329,10,600.73,118.12,305.33,872.19,-1,-1,-1,-1
329,12,139.31,179.44,328.89,814.62,-1,-1,-1,-1
329,2,999.61,203.30,249.23,698.46,-1,-1,-1,-1
329,9,1524.04,58.59,384.86,988.89,-1,-1,-1,-1
330,10,593.37,113.10,314.37,899.10,-1,-1,-1,-1
330,12,135.95,179.98,333.63,827.42,-1,-1,-1,-1
330,2,976.39,203.78,248.56,697.04,-1,-1,-1,-1
330,9,1531.59,61.45,387.50,999.09,-1,-1,-1,-1
331,10,577.16,110.70,326.86,935.75,-1,-1,-1,-1
331,12,132.87,179.74,336.32,835.92,-1,-1,-1,-1
331,2,959.38,207.82,246.31,687.84,-1,-1,-1,-1
331,9,1531.57,62.35,393.55,1017.59,-1,-1,-1,-1
332,10,564.15,108.92,333.80,954.55,-1,-1,-1,-1
332,12,129.29,177.55,338.25,841.18,-1,-1,-1,-1
332,2,944.88,211.95,244.89,680.10,-1,-1,-1,-1
332,9,1531.23,67.88,393.79,1020.71,-1,-1,-1,-1
333,10,563.16,112.26,326.95,924.15,-1,-1,-1,-1
333,12,126.02,174.08,339.58,843.95,-1,-1,-1,-1
333,2,927.68,209.90,247.41,683.70,-1,-1,-1,-1
333,9,1523.65,69.04,396.31,1028.46,-1,-1,-1,-1
334,10,548.55,113.57,337.05,949.62,-1,-1,-1,-1
334,12,121.08,168.31,344.36,854.39,-1,-1,-1,-1
334,2,912.43,207.93,246.30,680.75,-1,-1,-1,-1
334,9,1512.05,66.75,397.97,1033.66,-1,-1,-1,-1
335,10,529.76,102.72,344.86,964.48,-1,-1,-1,-1
335,12,114.82,163.17,352.59,870.65,-1,-1,-1,-1
335,2,893.18,212.13,238.83,663.14,-1,-1,-1,-1
335,9,1490.65,71.80,395.35,1027.22,-1,-1,-1,-1
336,10,515.00,87.50,353.42,980.33,-1,-1,-1,-1
336,12,109.93,156.21,359.23,882.12,-1,-1,-1,-1
336,2,874.79,217.20,235.19,656.26,-1,-1,-1,-1
336,9,1475.11,80.86,391.03,1020.33,-1,-1,-1,-1
337,10,510.18,80.41,352.82,963.20,-1,-1,-1,-1
337,12,103.20,151.14,371.51,909.49,-1,-1,-1,-1
337,2,859.46,222.60,230.42,643.81,-1,-1,-1,-1
337,9,1446.05,87.56,387.70,1014.94,-1,-1,-1,-1
338,10,499.74,80.75,366.88,991.51,-1,-1,-1,-1
338,12,106.20,147.43,370.47,899.48,-1,-1,-1,-1
338,2,847.62,221.63,228.64,638.77,-1,-1,-1,-1
338,9,1428.33,90.77,384.36,1012.62,-1,-1,-1,-1
339,10,495.16,77.63,375.46,1002.97,-1,-1,-1,-1
339,12,105.61,147.05,380.81,921.57,-1,-1,-1,-1
339,2,838.19,220.90,227.75,636.05,-1,-1,-1,-1
339,9,1412.08,98.78,377.57,1005.00,-1,-1,-1,-1
340,10,496.18,70.38,383.43,1012.81,-1,-1,-1,-1
340,12,110.58,151.73,384.33,925.61,-1,-1,-1,-1
340,2,827.36,222.61,228.42,636.27,-1,-1,-1,-1
340,9,1395.51,107.07,367.09,981.43,-1,-1,-1,-1
341,10,506.69,62.21,386.79,1014.55,-1,-1,-1,-1
341,12,122.61,146.62,388.60,934.52,-1,-1,-1,-1
341,2,810.39,222.95,226.26,627.84,-1,-1,-1,-1
341,9,1365.02,105.26,365.65,986.56,-1,-1,-1,-1
342,10,519.64,63.07,389.97,1020.31,-1,-1,-1,-1
342,12,137.03,142.10,387.34,931.14,-1,-1,-1,-1
342,2,784.62,223.23,223.11,619.88,-1,-1,-1,-1
342,9,1337.74,101.66,361.03,983.56,-1,-1,-1,-1
343,10,533.90,61.41,391.83,1027.13,-1,-1,-1,-1
343,12,147.11,148.49,387.03,932.97,-1,-1,-1,-1
343,2,764.16,224.76,221.97,617.57,-1,-1,-1,-1
343,9,1318.55,100.28,356.54,979.17,-1,-1,-1,-1
344,10,561.35,65.29,390.86,1026.41,-1,-1,-1,-1
344,12,155.23,148.64,386.35,934.06,-1,-1,-1,-1
344,9,1296.91,99.98,353.01,975.93,-1,-1,-1,-1
345,10,586.84,50.92,392.91,1032.34,-1,-1,-1,-1
345,12,161.42,137.80,392.95,953.25,-1,-1,-1,-1
345,9,1282.57,107.99,348.83,965.35,-1,-1,-1,-1
346,10,612.78,45.11,396.92,1042.84,-1,-1,-1,-1
346,12,170.12,124.17,395.50,963.72,-1,-1,-1,-1
346,9,1269.59,116.18,342.60,952.09,-1,-1,-1,-1
347,10,638.12,40.32,391.57,1036.17,-1,-1,-1,-1
347,12,181.93,123.67,393.12,960.70,-1,-1,-1,-1
347,9,1255.87,116.15,342.31,954.49,-1,-1,-1,-1
348,10,659.56,38.19,387.05,1031.79,-1,-1,-1,-1
348,12,190.94,127.92,391.46,959.78,-1,-1,-1,-1
348,9,1247.36,120.31,338.09,943.23,-1,-1,-1,-1
349,10,689.99,38.73,383.25,1035.71,-1,-1,-1,-1
349,12,195.00,127.16,388.70,957.14,-1,-1,-1,-1
349,9,1242.27,126.85,331.00,922.40,-1,-1,-1,-1
349,2,645.58,226.96,219.94,607.65,-1,-1,-1,-1
350,10,725.78,41.13,381.87,1034.10,-1,-1,-1,-1
350,12,201.63,129.42,387.81,956.30,-1,-1,-1,-1
350,9,1233.24,129.32,331.97,924.17,-1,-1,-1,-1
350,2,640.85,223.53,224.59,614.32,-1,-1,-1,-1
351,10,749.51,29.21,387.07,1045.63,-1,-1,-1,-1
351,12,202.24,130.14,389.06,962.44,-1,-1,-1,-1
351,9,1222.19,136.99,328.42,911.84,-1,-1,-1,-1
351,2,622.78,222.62,228.74,622.84,-1,-1,-1,-1
352,10,770.55,19.22,393.88,1058.64,-1,-1,-1,-1
352,12,202.82,120.59,389.51,966.23,-1,-1,-1,-1
352,9,1210.04,134.52,328.51,912.33,-1,-1,-1,-1
352,2,610.94,223.26,229.68,622.99,-1,-1,-1,-1
353,10,792.08,18.73,397.50,1061.18,-1,-1,-1,-1
353,12,205.90,121.77,388.03,964.92,-1,-1,-1,-1
353,9,1223.47,141.35,331.19,918.39,-1,-1,-1,-1
353,2,598.70,223.40,227.98,618.57,-1,-1,-1,-1
354,10,812.99,19.65,399.14,1060.74,-1,-1,-1,-1
354,12,206.09,121.84,388.92,971.99,-1,-1,-1,-1
354,9,1236.90,176.43,324.71,893.00,-1,-1,-1,-1
354,2,584.67,224.33,228.04,620.34,-1,-1,-1,-1
354,15,1142.61,153.41,283.90,821.05,-1,-1,-1,-1
355,10,836.84,56.07,394.38,1038.78,-1,-1,-1,-1
355,12,208.39,121.70,386.45,970.30,-1,-1,-1,-1
355,9,1227.89,160.63,327.44,904.80,-1,-1,-1,-1
355,2,566.05,224.00,230.77,634.36,-1,-1,-1,-1
355,15,1083.55,137.44,277.14,802.28,-1,-1,-1,-1
356,10,867.70,31.45,403.16,1061.74,-1,-1,-1,-1
356,12,211.52,114.02,383.13,968.08,-1,-1,-1,-1
356,9,1228.35,154.51,321.16,888.56,-1,-1,-1,-1
356,2,551.37,222.98,229.47,636.23,-1,-1,-1,-1
356,15,1048.23,166.62,265.33,767.28,-1,-1,-1,-1
357,10,902.61,28.02,402.06,1051.23,-1,-1,-1,-1
357,12,212.75,116.16,383.24,972.92,-1,-1,-1,-1
357,9,1230.74,153.84,313.79,867.80,-1,-1,-1,-1
357,2,540.08,223.17,231.48,642.82,-1,-1,-1,-1
358,10,922.83,35.30,403.83,1054.85,-1,-1,-1,-1
358,12,220.36,117.45,380.44,968.42,-1,-1,-1,-1
358,9,1231.08,153.80,309.03,855.29,-1,-1,-1,-1
358,2,528.36,230.80,232.59,644.02,-1,-1,-1,-1
359,10,941.27,19.02,399.92,1049.01,-1,-1,-1,-1
359,12,219.27,114.43,381.35,973.01,-1,-1,-1,-1
359,9,1233.95,153.36,301.84,835.82,-1,-1,-1,-1
359,2,520.65,228.99,232.06,641.05,-1,-1,-1,-1
360,10,959.14,29.16,400.43,1053.35,-1,-1,-1,-1
360,12,219.65,112.42,381.43,975.18,-1,-1,-1,-1
360,9,1234.86,157.94,295.93,824.77,-1,-1,-1,-1
360,2,514.71,227.35,231.41,637.68,-1,-1,-1,-1
361,10,993.39,21.38,402.02,1060.70,-1,-1,-1,-1
361,12,224.84,114.44,380.13,973.90,-1,-1,-1,-1
361,9,1237.67,157.53,291.32,824.43,-1,-1,-1,-1
361,2,501.22,225.79,233.16,644.81,-1,-1,-1,-1
361,15,923.94,147.89,267.52,779.53,-1,-1,-1,-1
362,10,1023.07,18.70,397.74,1041.47,-1,-1,-1,-1
362,12,228.24,110.84,379.03,973.07,-1,-1,-1,-1
362,9,1231.44,148.21,288.61,822.31,-1,-1,-1,-1
362,2,496.40,226.38,232.98,644.45,-1,-1,-1,-1
362,15,886.12,150.40,274.91,810.32,-1,-1,-1,-1
363,10,1060.04,20.21,404.35,1037.66,-1,-1,-1,-1
363,12,228.13,119.98,376.00,964.74,-1,-1,-1,-1
363,2,485.95,224.00,236.54,651.17,-1,-1,-1,-1
363,15,851.33,149.99,273.03,806.97,-1,-1,-1,-1
364,10,1078.27,8.45,416.24,1052.80,-1,-1,-1,-1
364,12,241.86,130.94,369.08,948.79,-1,-1,-1,-1
364,2,478.72,215.72,243.20,668.79,-1,-1,-1,-1
364,15,823.53,156.78,273.24,800.63,-1,-1,-1,-1
365,10,1097.22,4.39,431.15,1070.51,-1,-1,-1,-1
365,12,242.14,133.72,371.80,958.92,-1,-1,-1,-1
365,2,471.39,213.78,244.97,672.71,-1,-1,-1,-1
365,15,804.31,161.96,274.08,791.39,-1,-1,-1,-1
366,10,1127.93,1.88,440.26,1074.99,-1,-1,-1,-1
366,12,252.50,134.92,374.20,966.71,-1,-1,-1,-1
366,2,468.11,218.34,244.56,668.90,-1,-1,-1,-1
366,15,787.08,163.38,277.22,789.28,-1,-1,-1,-1
367,10,1163.88,-0.38,443.52,1064.78,-1,-1,-1,-1
367,12,267.24,130.34,376.13,970.72,-1,-1,-1,-1
367,2,468.73,224.38,241.17,656.56,-1,-1,-1,-1
367,15,760.19,156.90,284.43,806.41,-1,-1,-1,-1
368,10,1193.62,0.29,448.43,1061.38,-1,-1,-1,-1
368,12,281.44,124.99,378.98,974.45,-1,-1,-1,-1
368,2,466.83,225.71,240.49,652.68,-1,-1,-1,-1
368,15,728.92,158.69,286.85,816.12,-1,-1,-1,-1
369,10,1228.57,9.01,442.66,1047.09,-1,-1,-1,-1
369,12,305.51,117.71,382.80,983.18,-1,-1,-1,-1
369,2,466.08,240.52,234.61,630.88,-1,-1,-1,-1
369,15,671.92,155.45,287.84,821.14,-1,-1,-1,-1
370,10,1254.08,29.85,434.62,1034.44,-1,-1,-1,-1
370,12,331.36,124.85,378.02,965.05,-1,-1,-1,-1
370,15,634.24,158.92,288.09,822.84,-1,-1,-1,-1
370,17,1187.20,184.17,230.48,671.44,-1,-1,-1,-1
371,10,1271.53,22.82,436.25,1048.31,-1,-1,-1,-1
371,12,343.78,107.77,384.18,982.68,-1,-1,-1,-1
371,15,604.00,161.43,290.01,824.53,-1,-1,-1,-1
371,9,1178.20,185.42,242.48,693.07,-1,-1,-1,-1
372,10,1285.19,31.11,429.76,1042.50,-1,-1,-1,-1
372,12,355.16,111.06,382.18,980.66,-1,-1,-1,-1
372,15,564.00,158.33,291.21,822.83,-1,-1,-1,-1
372,9,1176.52,189.21,238.58,681.09,-1,-1,-1,-1
373,10,1293.61,25.44,428.43,1056.50,-1,-1,-1,-1
373,12,401.84,97.78,386.20,979.53,-1,-1,-1,-1
373,9,1171.77,191.46,237.91,677.15,-1,-1,-1,-1
374,10,1286.78,9.09,431.03,1073.61,-1,-1,-1,-1
374,12,432.57,99.56,383.63,970.52,-1,-1,-1,-1
374,9,1168.40,194.43,235.30,668.33,-1,-1,-1,-1
375,10,1278.72,8.38,428.70,1073.67,-1,-1,-1,-1
375,12,440.82,108.33,374.54,958.22,-1,-1,-1,-1
375,9,1166.52,197.42,234.25,660.30,-1,-1,-1,-1
376,10,1273.18,16.35,421.55,1054.92,-1,-1,-1,-1
376,9,1160.87,193.52,234.87,656.67,-1,-1,-1,-1
377,10,1267.01,23.98,418.03,1046.77,-1,-1,-1,-1
377,9,1151.01,188.50,229.72,639.45,-1,-1,-1,-1
377,12,455.74,124.73,364.28,932.54,-1,-1,-1,-1
378,10,1258.16,28.71,419.46,1051.55,-1,-1,-1,-1
378,9,1142.27,191.23,225.88,626.54,-1,-1,-1,-1
378,12,492.21,113.56,377.52,964.67,-1,-1,-1,-1
379,10,1246.83,29.62,420.50,1057.76,-1,-1,-1,-1
379,9,1135.24,187.76,224.91,622.67,-1,-1,-1,-1
379,12,523.63,113.06,378.81,966.27,-1,-1,-1,-1
379,18,358.96,157.12,283.23,842.53,-1,-1,-1,-1
380,10,1239.41,30.45,420.01,1060.27,-1,-1,-1,-1
380,9,1129.55,190.15,221.91,612.66,-1,-1,-1,-1
380,12,551.08,126.42,376.79,963.18,-1,-1,-1,-1
380,18,334.47,161.86,283.91,841.11,-1,-1,-1,-1
381,10,1232.57,32.18,413.16,1045.76,-1,-1,-1,-1
381,9,1125.48,199.03,217.41,599.38,-1,-1,-1,-1
381,12,583.01,129.42,373.53,958.38,-1,-1,-1,-1
381,18,304.56,166.98,287.31,845.06,-1,-1,-1,-1
381,2,483.29,228.53,241.10,652.44,-1,-1,-1,-1
382,10,1228.59,35.96,407.04,1035.10,-1,-1,-1,-1
382,9,1119.26,202.06,214.99,590.52,-1,-1,-1,-1
382,12,608.48,128.41,370.27,954.14,-1,-1,-1,-1
382,18,274.34,168.80,288.63,842.22,-1,-1,-1,-1
382,2,488.22,226.00,241.04,653.72,-1,-1,-1,-1
383,10,1230.02,51.79,400.49,1024.15,-1,-1,-1,-1
383,9,1108.23,205.71,213.31,585.58,-1,-1,-1,-1
383,12,638.42,117.92,372.03,963.74,-1,-1,-1,-1
383,18,237.98,165.96,292.55,847.01,-1,-1,-1,-1
383,2,492.72,223.53,240.23,652.07,-1,-1,-1,-1
384,10,1225.26,53.62,396.81,1021.94,-1,-1,-1,-1
384,9,1099.70,210.45,210.55,577.30,-1,-1,-1,-1
384,12,664.34,105.69,375.56,974.93,-1,-1,-1,-1
384,18,208.00,156.78,298.81,859.81,-1,-1,-1,-1
384,2,496.67,222.06,239.54,650.00,-1,-1,-1,-1
385,10,1221.03,60.06,391.55,1014.11,-1,-1,-1,-1
385,9,1090.99,206.13,208.45,573.82,-1,-1,-1,-1
385,12,685.80,99.27,375.97,980.57,-1,-1,-1,-1
385,18,176.79,153.18,302.63,863.24,-1,-1,-1,-1
385,2,498.73,222.45,238.97,647.19,-1,-1,-1,-1
386,10,1208.64,62.95,387.56,1010.67,-1,-1,-1,-1
386,9,1080.81,206.47,205.74,567.04,-1,-1,-1,-1
386,12,704.63,103.79,377.76,987.33,-1,-1,-1,-1
386,18,151.29,149.43,306.81,868.21,-1,-1,-1,-1
386,2,501.29,222.79,241.06,648.38,-1,-1,-1,-1
387,10,1204.77,76.69,382.64,1002.89,-1,-1,-1,-1
387,9,1071.22,204.67,203.31,560.01,-1,-1,-1,-1
387,12,729.68,100.32,378.38,989.34,-1,-1,-1,-1
387,18,135.66,153.13,306.03,856.64,-1,-1,-1,-1
387,2,503.45,228.93,242.65,648.51,-1,-1,-1,-1
388,10,1201.62,94.58,370.30,977.98,-1,-1,-1,-1
388,9,1058.94,206.17,201.51,557.19,-1,-1,-1,-1
388,12,752.21,104.28,377.47,985.95,-1,-1,-1,-1
388,18,116.45,154.22,309.35,857.88,-1,-1,-1,-1
388,2,506.13,231.24,245.76,654.69,-1,-1,-1,-1
389,10,1192.97,96.84,363.96,972.82,-1,-1,-1,-1
389,9,1047.16,208.86,200.37,556.02,-1,-1,-1,-1
389,12,771.39,101.12,376.20,979.90,-1,-1,-1,-1
389,18,100.18,161.54,307.88,848.50,-1,-1,-1,-1
389,2,507.55,234.36,249.15,663.12,-1,-1,-1,-1
390,10,1181.62,98.61,354.73,956.10,-1,-1,-1,-1
390,9,1031.40,212.35,200.90,560.97,-1,-1,-1,-1
390,12,793.98,93.09,378.27,986.32,-1,-1,-1,-1
390,18,85.49,167.91,305.03,835.83,-1,-1,-1,-1
390,2,508.93,235.34,251.85,670.32,-1,-1,-1,-1
391,10,1168.48,100.89,342.52,929.29,-1,-1,-1,-1
391,9,1020.43,211.55,202.74,570.73,-1,-1,-1,-1
391,12,815.12,85.24,379.34,998.50,-1,-1,-1,-1
391,18,69.54,173.59,298.58,816.07,-1,-1,-1,-1
391,2,510.92,236.33,252.27,672.11,-1,-1,-1,-1
392,10,1164.90,100.42,323.22,877.24,-1,-1,-1,-1
392,9,1011.70,203.62,204.71,585.03,-1,-1,-1,-1
392,12,843.90,83.50,372.08,996.07,-1,-1,-1,-1
392,18,52.10,167.66,301.98,823.85,-1,-1,-1,-1
392,2,513.27,235.21,254.42,679.55,-1,-1,-1,-1
393,10,1160.75,101.34,313.89,850.89,-1,-1,-1,-1
393,12,875.69,72.75,369.81,1006.68,-1,-1,-1,-1
393,18,45.06,163.22,302.53,824.39,-1,-1,-1,-1
393,2,515.78,234.61,255.96,684.58,-1,-1,-1,-1
394,10,1154.04,102.44,309.59,838.78,-1,-1,-1,-1
394,12,906.65,69.86,368.86,1018.42,-1,-1,-1,-1
394,18,42.94,163.44,298.97,814.93,-1,-1,-1,-1
394,2,518.49,235.26,256.87,686.85,-1,-1,-1,-1
395,10,1141.05,100.84,310.05,845.38,-1,-1,-1,-1
395,12,940.82,101.67,352.87,980.48,-1,-1,-1,-1
395,18,41.35,163.82,298.40,811.33,-1,-1,-1,-1
395,2,517.69,232.53,259.12,692.13,-1,-1,-1,-1
396,12,1042.50,96.15,329.67,919.62,-1,-1,-1,-1
396,18,41.29,166.93,295.95,807.19,-1,-1,-1,-1
396,2,513.80,228.37,262.49,699.74,-1,-1,-1,-1
397,12,1059.72,97.03,337.80,936.57,-1,-1,-1,-1
397,18,48.14,174.26,288.50,789.40,-1,-1,-1,-1
397,2,510.02,225.67,264.57,704.80,-1,-1,-1,-1
398,12,1062.88,88.30,352.32,970.56,-1,-1,-1,-1
398,18,55.43,179.86,284.60,780.87,-1,-1,-1,-1
398,2,509.23,224.25,264.94,705.78,-1,-1,-1,-1
398,9,935.45,222.46,187.07,542.52,-1,-1,-1,-1
399,12,1068.32,77.63,363.19,989.18,-1,-1,-1,-1
399,18,66.99,184.99,272.33,746.96,-1,-1,-1,-1
399,2,508.54,220.22,266.82,710.05,-1,-1,-1,-1
399,9,926.36,219.63,187.21,539.94,-1,-1,-1,-1
400,18,78.14,187.34,264.09,725.73,-1,-1,-1,-1
400,2,510.47,218.02,269.10,715.51,-1,-1,-1,-1
400,9,910.52,221.51,187.07,535.17,-1,-1,-1,-1
400,10,1092.77,86.78,360.66,976.79,-1,-1,-1,-1
401,18,88.23,187.40,260.11,719.57,-1,-1,-1,-1
401,2,514.56,213.48,274.60,728.18,-1,-1,-1,-1
401,9,896.22,223.44,187.51,531.42,-1,-1,-1,-1
401,10,1107.57,97.38,362.63,982.68,-1,-1,-1,-1
402,18,102.87,188.39,257.55,716.19,-1,-1,-1,-1
402,2,517.92,206.81,281.87,746.29,-1,-1,-1,-1
402,9,882.18,225.07,191.15,535.48,-1,-1,-1,-1
402,10,1126.57,104.35,365.60,988.06,-1,-1,-1,-1
403,18,118.00,191.11,252.31,702.91,-1,-1,-1,-1
403,2,522.50,203.52,286.93,758.97,-1,-1,-1,-1
403,9,865.70,226.27,195.24,539.57,-1,-1,-1,-1
403,10,1141.06,94.35,373.35,1002.71,-1,-1,-1,-1
404,18,138.29,198.06,245.90,683.07,-1,-1,-1,-1
404,2,530.09,200.02,288.50,765.48,-1,-1,-1,-1
404,9,853.62,227.60,198.52,541.48,-1,-1,-1,-1
404,10,1158.13,87.91,374.29,992.04,-1,-1,-1,-1
405,18,156.80,202.32,242.94,672.10,-1,-1,-1,-1
405,2,538.33,196.38,290.47,772.48,-1,-1,-1,-1
405,9,842.98,228.62,201.81,546.01,-1,-1,-1,-1
405,10,1188.62,105.68,374.06,980.41,-1,-1,-1,-1
406,18,171.71,205.64,240.66,663.75,-1,-1,-1,-1
406,2,548.96,186.37,295.72,789.69,-1,-1,-1,-1
406,9,834.23,228.25,204.89,552.79,-1,-1,-1,-1
406,10,1218.14,96.80,378.76,984.04,-1,-1,-1,-1
406,22,1172.41,170.51,260.43,684.75,-1,-1,-1,-1
407,18,184.38,208.54,238.54,656.46,-1,-1,-1,-1
407,2,561.00,182.76,298.52,796.71,-1,-1,-1,-1
407,9,822.82,227.76,204.25,552.22,-1,-1,-1,-1
407,10,1247.61,112.25,377.35,971.14,-1,-1,-1,-1
407,22,1174.53,161.34,259.61,683.09,-1,-1,-1,-1
408,18,203.30,206.69,233.81,644.10,-1,-1,-1,-1
408,2,569.67,180.56,304.82,810.65,-1,-1,-1,-1
408,9,812.51,229.81,201.96,548.50,-1,-1,-1,-1
408,10,1281.62,121.38,377.53,964.96,-1,-1,-1,-1
408,22,1169.89,155.71,261.98,691.39,-1,-1,-1,-1
409,18,221.84,202.84,232.94,649.71,-1,-1,-1,-1
409,2,579.57,176.03,308.24,822.85,-1,-1,-1,-1
409,9,794.12,228.62,200.06,548.31,-1,-1,-1,-1
409,10,1314.21,117.93,377.88,967.09,-1,-1,-1,-1
409,22,1164.15,150.35,264.42,701.65,-1,-1,-1,-1
410,18,246.15,204.52,231.11,645.38,-1,-1,-1,-1
410,2,580.64,170.86,320.41,863.44,-1,-1,-1,-1
410,9,779.31,229.51,199.83,552.22,-1,-1,-1,-1
410,10,1347.75,94.24,382.14,981.17,-1,-1,-1,-1
410,22,1157.65,145.95,262.64,700.92,-1,-1,-1,-1
411,18,265.62,205.26,231.02,642.23,-1,-1,-1,-1
411,2,585.84,171.12,325.93,882.54,-1,-1,-1,-1
411,9,769.56,229.41,197.04,547.95,-1,-1,-1,-1
411,10,1371.73,84.14,384.89,994.45,-1,-1,-1,-1
411,22,1148.19,146.70,257.08,689.28,-1,-1,-1,-1
412,18,286.32,206.64,229.63,635.12,-1,-1,-1,-1
412,2,591.04,172.08,327.38,889.73,-1,-1,-1,-1
412,9,759.26,228.73,196.61,550.98,-1,-1,-1,-1
412,10,1401.80,82.64,384.25,1000.73,-1,-1,-1,-1
412,22,1138.92,148.94,254.24,683.73,-1,-1,-1,-1
413,18,302.17,208.90,230.33,633.62,-1,-1,-1,-1
413,2,592.39,169.65,330.54,899.13,-1,-1,-1,-1
413,9,751.34,231.03,196.40,554.12,-1,-1,-1,-1
413,10,1434.88,82.99,379.00,995.67,-1,-1,-1,-1
413,22,1124.61,148.67,253.94,684.36,-1,-1,-1,-1
414,18,315.62,210.85,230.74,632.09,-1,-1,-1,-1
414,2,594.52,167.75,332.20,904.22,-1,-1,-1,-1
414,9,747.03,237.69,193.89,549.82,-1,-1,-1,-1
414,10,1470.89,91.62,370.98,984.48,-1,-1,-1,-1
414,22,1111.74,147.43,253.07,683.29,-1,-1,-1,-1
415,18,330.02,206.17,231.09,631.92,-1,-1,-1,-1
415,2,599.06,164.58,335.17,912.01,-1,-1,-1,-1
415,10,1496.16,91.94,370.21,989.44,-1,-1,-1,-1
415,22,1099.47,148.61,251.86,681.21,-1,-1,-1,-1
416,18,344.25,209.96,229.61,624.76,-1,-1,-1,-1
416,2,604.37,159.06,337.86,920.19,-1,-1,-1,-1
416,10,1511.32,97.25,366.28,988.21,-1,-1,-1,-1
416,22,1089.33,151.40,250.58,678.23,-1,-1,-1,-1
417,18,359.25,210.01,230.09,622.95,-1,-1,-1,-1
417,2,606.78,151.01,338.46,924.75,-1,-1,-1,-1
417,10,1529.50,110.33,356.79,968.71,-1,-1,-1,-1
417,22,1076.62,156.04,251.85,679.45,-1,-1,-1,-1
418,18,379.95,208.58,226.95,612.88,-1,-1,-1,-1
418,2,611.40,133.87,342.55,934.72,-1,-1,-1,-1
418,10,1545.66,105.97,353.29,969.88,-1,-1,-1,-1
418,22,1068.17,161.01,249.91,673.81,-1,-1,-1,-1
419,18,395.14,205.94,231.01,619.85,-1,-1,-1,-1
419,2,617.62,127.02,346.98,946.19,-1,-1,-1,-1
419,10,1554.68,95.64,354.32,974.60,-1,-1,-1,-1
419,22,1058.86,159.57,249.16,673.65,-1,-1,-1,-1
420,18,408.81,206.91,233.48,620.20,-1,-1,-1,-1
420,2,634.69,125.74,348.92,947.47,-1,-1,-1,-1
420,10,1570.08,96.42,350.36,964.68,-1,-1,-1,-1
420,22,1046.84,157.31,250.02,679.09,-1,-1,-1,-1
421,18,423.21,209.57,235.07,618.92,-1,-1,-1,-1
421,2,646.38,134.16,350.99,949.03,-1,-1,-1,-1
421,10,1577.62,92.67,348.43,961.39,-1,-1,-1,-1
421,22,1033.26,161.27,248.08,680.23,-1,-1,-1,-1
422,18,440.53,213.21,236.52,615.39,-1,-1,-1,-1
422,2,660.92,138.83,352.44,951.19,-1,-1,-1,-1
422,10,1577.93,85.88,350.74,968.47,-1,-1,-1,-1
422,22,1020.11,159.94,245.27,675.44,-1,-1,-1,-1
423,18,456.22,212.66,237.40,612.43,-1,-1,-1,-1
423,2,677.57,136.04,354.56,954.78,-1,-1,-1,-1
423,10,1575.99,86.57,350.60,965.75,-1,-1,-1,-1
423,22,1003.51,157.05,246.86,680.98,-1,-1,-1,-1
424,18,467.46,211.69,239.57,617.97,-1,-1,-1,-1
424,2,696.31,122.58,354.13,952.91,-1,-1,-1,-1
424,10,1581.76,90.68,341.69,937.30,-1,-1,-1,-1
424,22,990.74,158.50,247.10,682.82,-1,-1,-1,-1
425,18,531.44,214.53,231.07,597.51,-1,-1,-1,-1
425,2,717.37,125.25,358.00,963.86,-1,-1,-1,-1
425,10,1586.67,94.13,336.82,920.88,-1,-1,-1,-1
425,22,975.71,159.47,251.23,696.84,-1,-1,-1,-1
426,18,551.71,214.99,230.00,591.37,-1,-1,-1,-1
426,2,736.78,111.95,357.03,964.33,-1,-1,-1,-1
426,10,1589.79,95.80,335.44,915.14,-1,-1,-1,-1
426,22,958.82,161.70,259.06,722.76,-1,-1,-1,-1
427,18,553.73,211.60,236.92,604.10,-1,-1,-1,-1
427,2,774.41,110.36,349.40,945.81,-1,-1,-1,-1
427,10,1592.85,92.04,337.47,922.90,-1,-1,-1,-1
427,22,945.66,156.93,264.71,746.44,-1,-1,-1,-1
428,18,564.32,205.61,242.53,616.36,-1,-1,-1,-1
428,2,804.65,112.19,344.01,933.33,-1,-1,-1,-1
428,10,1602.54,95.32,335.08,923.41,-1,-1,-1,-1
429,18,575.37,208.69,238.49,604.11,-1,-1,-1,-1
429,2,816.11,116.44,341.58,924.82,-1,-1,-1,-1
429,10,1607.14,94.45,332.40,924.47,-1,-1,-1,-1
430,18,567.06,222.77,226.99,576.50,-1,-1,-1,-1
430,2,808.90,108.16,359.03,973.95,-1,-1,-1,-1
430,10,1608.24,98.01,325.35,912.26,-1,-1,-1,-1
431,18,617.59,215.05,233.18,594.81,-1,-1,-1,-1
431,2,803.24,99.65,363.25,988.01,-1,-1,-1,-1
431,10,1612.85,101.65,323.44,919.45,-1,-1,-1,-1
431,9,522.51,230.99,199.39,560.49,-1,-1,-1,-1
432,18,644.67,210.42,234.75,601.48,-1,-1,-1,-1
432,2,800.12,94.37,362.72,992.98,-1,-1,-1,-1
432,10,1613.68,100.73,319.91,919.71,-1,-1,-1,-1
432,9,511.84,229.82,200.87,562.29,-1,-1,-1,-1
433,18,665.02,208.06,235.66,612.26,-1,-1,-1,-1
433,2,807.90,98.60,347.30,965.46,-1,-1,-1,-1
433,10,1616.24,101.62,315.65,914.23,-1,-1,-1,-1
433,9,501.13,231.80,198.17,556.36,-1,-1,-1,-1
434,18,690.87,205.62,234.66,618.69,-1,-1,-1,-1
434,2,799.32,102.64,342.69,961.91,-1,-1,-1,-1
434,10,1615.15,106.98,311.09,904.69,-1,-1,-1,-1
434,9,485.04,235.43,196.48,543.53,-1,-1,-1,-1
435,18,722.48,209.04,218.98,582.81,-1,-1,-1,-1
435,2,804.84,100.78,337.65,955.31,-1,-1,-1,-1
435,10,1613.03,111.03,306.93,896.53,-1,-1,-1,-1
435,9,470.60,240.12,197.53,538.81,-1,-1,-1,-1
436,18,734.00,197.80,243.77,660.62,-1,-1,-1,-1
436,2,794.05,113.83,323.46,923.40,-1,-1,-1,-1
436,10,1615.30,114.48,303.18,889.96,-1,-1,-1,-1
436,9,459.14,241.03,199.96,539.95,-1,-1,-1,-1
437,2,769.32,131.19,305.24,872.47,-1,-1,-1,-1
437,10,1620.03,114.66,300.20,885.54,-1,-1,-1,-1
437,9,447.43,242.56,203.65,545.55,-1,-1,-1,-1
438,2,749.37,147.65,294.42,847.50,-1,-1,-1,-1
438,10,1624.91,109.57,300.06,893.71,-1,-1,-1,-1
438,9,435.67,240.99,205.26,545.82,-1,-1,-1,-1
439,2,732.50,125.96,294.65,854.42,-1,-1,-1,-1
439,10,1628.41,105.73,298.95,899.05,-1,-1,-1,-1
439,9,424.47,239.39,207.35,548.90,-1,-1,-1,-1
439,25,836.57,97.21,316.78,960.69,-1,-1,-1,-1
440,2,729.36,119.02,299.04,870.01,-1,-1,-1,-1
440,10,1631.66,99.99,297.85,905.52,-1,-1,-1,-1
440,9,413.07,240.29,208.10,550.04,-1,-1,-1,-1
440,25,851.04,141.76,303.97,919.99,-1,-1,-1,-1
441,2,686.58,119.45,295.94,864.56,-1,-1,-1,-1
441,10,1633.67,101.89,295.72,906.64,-1,-1,-1,-1
441,9,398.25,238.23,208.98,551.52,-1,-1,-1,-1
441,25,799.20,99.00,318.20,961.91,-1,-1,-1,-1
442,2,648.11,121.15,291.91,850.34,-1,-1,-1,-1
442,10,1632.94,99.57,294.88,910.65,-1,-1,-1,-1
442,9,383.19,238.03,210.65,554.83,-1,-1,-1,-1
442,25,815.36,87.08,328.12,989.99,-1,-1,-1,-1
443,2,616.04,117.72,295.38,854.31,-1,-1,-1,-1
443,10,1633.68,97.65,292.90,911.10,-1,-1,-1,-1
443,9,369.20,230.89,215.44,567.60,-1,-1,-1,-1
443,25,824.17,75.97,332.15,1002.01,-1,-1,-1,-1
444,2,562.98,113.25,319.53,923.47,-1,-1,-1,-1
444,10,1633.97,101.13,288.99,900.40,-1,-1,-1,-1
444,9,352.98,225.92,224.97,594.23,-1,-1,-1,-1
444,25,832.45,78.61,334.06,1005.93,-1,-1,-1,-1
445,2,536.54,113.03,329.92,948.05,-1,-1,-1,-1
445,10,1631.15,105.73,285.63,888.46,-1,-1,-1,-1
445,9,340.52,221.72,232.01,614.15,-1,-1,-1,-1
445,25,832.41,69.07,334.41,1003.03,-1,-1,-1,-1
446,2,514.46,104.41,338.77,970.54,-1,-1,-1,-1
446,10,1623.63,113.88,280.87,872.39,-1,-1,-1,-1
446,9,333.52,226.78,233.74,617.63,-1,-1,-1,-1
446,25,833.54,71.30,332.99,999.02,-1,-1,-1,-1
447,2,494.07,100.02,339.28,973.35,-1,-1,-1,-1
447,10,1612.27,119.41,280.01,870.31,-1,-1,-1,-1
447,9,325.17,225.59,236.40,627.63,-1,-1,-1,-1
447,25,832.40,68.32,337.15,1014.85,-1,-1,-1,-1
447,26,1012.22,209.71,180.89,540.95,-1,-1,-1,-1
448,2,472.78,95.84,337.47,976.72,-1,-1,-1,-1
448,10,1595.87,123.79,279.13,863.63,-1,-1,-1,-1
448,9,317.02,222.12,237.82,635.46,-1,-1,-1,-1
448,25,834.22,69.76,336.58,1016.74,-1,-1,-1,-1
448,26,1025.18,208.64,186.37,557.58,-1,-1,-1,-1
449,2,443.22,90.08,337.31,987.90,-1,-1,-1,-1
449,10,1584.39,125.69,277.66,851.90,-1,-1,-1,-1
449,9,312.87,221.82,234.61,630.21,-1,-1,-1,-1
449,25,840.99,74.99,334.77,1010.39,-1,-1,-1,-1
449,26,1041.46,210.26,186.43,557.65,-1,-1,-1,-1
450,2,420.27,83.51,334.69,991.20,-1,-1,-1,-1
450,10,1565.55,124.54,278.44,850.27,-1,-1,-1,-1
450,9,307.25,220.68,234.58,633.66,-1,-1,-1,-1
450,25,849.34,79.65,330.84,998.29,-1,-1,-1,-1
450,26,1055.88,203.94,191.91,574.26,-1,-1,-1,-1
451,2,399.01,79.61,334.84,992.13,-1,-1,-1,-1
451,10,1548.93,124.89,276.74,842.39,-1,-1,-1,-1
451,9,300.25,219.63,234.54,636.87,-1,-1,-1,-1
451,25,863.30,81.89,334.64,1010.56,-1,-1,-1,-1
451,26,1075.87,198.01,190.48,568.12,-1,-1,-1,-1
452,2,375.61,79.44,334.99,989.19,-1,-1,-1,-1
452,10,1534.99,130.07,275.64,837.78,-1,-1,-1,-1
452,9,293.53,218.95,232.15,633.77,-1,-1,-1,-1
452,25,873.73,88.55,333.74,1001.53,-1,-1,-1,-1
452,26,1099.59,201.94,190.43,564.09,-1,-1,-1,-1
453,2,356.41,80.09,338.59,993.27,-1,-1,-1,-1
453,10,1520.49,136.50,270.30,818.34,-1,-1,-1,-1
453,9,288.02,217.21,235.85,647.10,-1,-1,-1,-1
453,25,879.76,95.77,334.40,990.91,-1,-1,-1,-1
453,26,1123.58,196.18,195.54,573.38,-1,-1,-1,-1
454,2,339.03,114.26,321.49,935.05,-1,-1,-1,-1
454,10,1505.34,143.42,268.20,801.57,-1,-1,-1,-1
454,9,280.12,215.49,242.88,669.75,-1,-1,-1,-1
454,25,887.59,104.11,335.85,983.68,-1,-1,-1,-1
454,26,1144.60,197.01,197.49,572.02,-1,-1,-1,-1
455,2,309.00,124.50,316.10,914.65,-1,-1,-1,-1
455,10,1485.16,148.42,269.17,790.92,-1,-1,-1,-1
455,25,895.16,106.74,339.31,982.92,-1,-1,-1,-1
455,26,1161.25,202.25,199.75,572.28,-1,-1,-1,-1
456,2,286.23,130.33,316.85,915.11,-1,-1,-1,-1
456,10,1467.20,152.40,270.41,779.82,-1,-1,-1,-1
456,25,900.03,103.57,346.56,993.09,-1,-1,-1,-1
456,26,1179.47,206.44,201.75,574.44,-1,-1,-1,-1
457,2,260.24,119.96,320.69,932.31,-1,-1,-1,-1
457,10,1448.77,152.09,269.15,762.33,-1,-1,-1,-1
457,25,909.97,100.14,350.40,996.35,-1,-1,-1,-1
457,26,1190.77,200.00,205.25,587.79,-1,-1,-1,-1
458,2,246.14,103.55,329.20,962.83,-1,-1,-1,-1
458,10,1427.27,154.30,271.22,758.23,-1,-1,-1,-1
458,25,920.81,100.21,349.95,992.39,-1,-1,-1,-1
458,26,1201.42,195.26,206.29,595.39,-1,-1,-1,-1
459,2,227.11,80.27,341.74,1002.87,-1,-1,-1,-1
459,10,1404.39,156.91,271.78,755.31,-1,-1,-1,-1
459,25,930.75,111.43,345.85,970.58,-1,-1,-1,-1
459,26,1217.97,190.74,208.32,604.04,-1,-1,-1,-1
460,2,215.41,72.38,348.79,1017.12,-1,-1,-1,-1
460,10,1383.58,156.92,270.73,753.59,-1,-1,-1,-1
460,25,938.54,120.56,345.51,962.81,-1,-1,-1,-1
460,26,1235.86,187.40,207.98,603.08,-1,-1,-1,-1
461,2,205.86,65.87,354.27,1021.19,-1,-1,-1,-1
461,10,1363.46,160.42,266.60,742.89,-1,-1,-1,-1
461,25,947.02,127.06,345.06,956.18,-1,-1,-1,-1
461,26,1255.37,189.88,207.80,600.82,-1,-1,-1,-1
462,2,202.38,66.60,357.41,1012.56,-1,-1,-1,-1
462,25,960.17,135.25,343.24,944.18,-1,-1,-1,-1
462,18,1295.93,193.69,232.70,633.38,-1,-1,-1,-1
463,2,199.23,61.61,365.71,1021.79,-1,-1,-1,-1
463,25,980.55,138.42,339.77,925.88,-1,-1,-1,-1
463,18,1307.63,181.87,244.43,667.02,-1,-1,-1,-1
464,2,207.77,66.10,367.49,1013.52,-1,-1,-1,-1
464,25,992.72,136.89,341.77,922.89,-1,-1,-1,-1
464,10,1301.58,165.10,263.06,733.86,-1,-1,-1,-1
465,2,220.69,68.21,370.82,1007.27,-1,-1,-1,-1
465,25,1004.32,134.77,348.93,935.86,-1,-1,-1,-1
465,10,1289.58,175.17,256.87,717.59,-1,-1,-1,-1
466,2,242.80,71.52,368.00,978.54,-1,-1,-1,-1
466,25,1015.75,134.00,358.59,951.42,-1,-1,-1,-1
466,18,1301.77,187.15,249.54,674.26,-1,-1,-1,-1
467,2,259.19,74.99,373.67,969.69,-1,-1,-1,-1
467,25,1027.54,126.43,366.67,963.81,-1,-1,-1,-1
467,18,1284.31,181.31,257.57,696.07,-1,-1,-1,-1
468,2,279.69,79.97,382.50,978.85,-1,-1,-1,-1
468,25,1075.10,128.48,350.87,917.86,-1,-1,-1,-1
468,18,1261.45,182.59,264.93,718.37,-1,-1,-1,-1
469,2,306.98,87.64,383.72,972.15,-1,-1,-1,-1
469,25,1082.33,128.54,358.13,931.23,-1,-1,-1,-1
469,9,248.99,184.12,274.56,746.45,-1,-1,-1,-1
470,2,319.24,85.83,386.43,970.47,-1,-1,-1,-1
470,25,1083.99,126.34,363.21,943.01,-1,-1,-1,-1
470,9,240.26,192.29,268.41,731.10,-1,-1,-1,-1
471,2,345.17,95.23,388.63,974.57,-1,-1,-1,-1
471,25,1091.89,126.23,364.74,948.52,-1,-1,-1,-1
471,9,241.55,199.04,262.11,712.97,-1,-1,-1,-1
471,30,1394.58,176.83,239.52,652.09,-1,-1,-1,-1
472,2,374.09,87.24,386.41,967.32,-1,-1,-1,-1
472,25,1102.03,127.85,365.80,952.59,-1,-1,-1,-1
472,9,239.40,201.32,261.12,710.12,-1,-1,-1,-1
472,30,1402.66,175.34,243.02,661.28,-1,-1,-1,-1
473,2,401.68,95.25,379.73,954.61,-1,-1,-1,-1
473,25,1111.27,131.44,366.06,953.45,-1,-1,-1,-1
473,9,236.82,197.50,266.63,724.53,-1,-1,-1,-1
473,30,1411.17,175.36,244.75,665.83,-1,-1,-1,-1
474,2,434.60,97.67,368.45,929.95,-1,-1,-1,-1
474,25,1117.84,130.38,369.71,963.24,-1,-1,-1,-1
474,9,236.29,195.88,270.52,734.17,-1,-1,-1,-1
474,30,1420.81,172.00,248.21,675.55,-1,-1,-1,-1
475,2,458.16,99.78,363.71,925.93,-1,-1,-1,-1
475,25,1119.65,135.33,362.81,942.54,-1,-1,-1,-1
475,9,237.34,194.15,273.91,741.94,-1,-1,-1,-1
475,30,1430.15,165.67,250.59,682.32,-1,-1,-1,-1
476,2,478.68,111.36,357.02,917.96,-1,-1,-1,-1
476,25,1122.81,136.10,356.08,923.67,-1,-1,-1,-1
476,9,237.91,190.47,277.78,750.21,-1,-1,-1,-1
476,30,1439.85,163.58,251.61,684.25,-1,-1,-1,-1
476,18,1083.98,192.01,249.48,668.57,-1,-1,-1,-1
477,2,492.94,112.56,352.26,914.66,-1,-1,-1,-1
477,25,1130.62,130.58,359.18,932.83,-1,-1,-1,-1
477,9,236.74,187.74,283.05,763.60,-1,-1,-1,-1
477,30,1445.86,159.90,255.59,693.87,-1,-1,-1,-1
477,18,1047.08,189.94,257.05,681.70,-1,-1,-1,-1
478,2,503.47,116.58,347.12,909.13,-1,-1,-1,-1
478,25,1139.21,125.45,362.86,945.09,-1,-1,-1,-1
478,9,236.40,186.39,288.93,779.28,-1,-1,-1,-1
478,30,1449.42,159.47,261.27,709.85,-1,-1,-1,-1
478,18,1035.87,193.96,256.76,679.46,-1,-1,-1,-1
479,2,515.23,123.07,339.90,895.13,-1,-1,-1,-1
479,25,1142.77,142.45,358.19,932.62,-1,-1,-1,-1
479,9,236.21,189.64,291.27,783.60,-1,-1,-1,-1
479,30,1451.42,158.89,263.93,717.55,-1,-1,-1,-1
479,18,1024.86,193.95,252.51,669.94,-1,-1,-1,-1
480,2,526.54,129.20,335.25,886.82,-1,-1,-1,-1
480,25,1156.34,150.28,351.58,916.28,-1,-1,-1,-1
480,9,236.29,191.96,293.44,787.26,-1,-1,-1,-1
480,30,1453.01,160.30,269.41,732.11,-1,-1,-1,-1
480,18,1001.56,193.75,248.44,662.11,-1,-1,-1,-1
481,2,537.25,136.45,330.57,879.50,-1,-1,-1,-1
481,25,1166.55,152.13,340.73,887.77,-1,-1,-1,-1
481,9,235.35,191.12,295.75,792.69,-1,-1,-1,-1
481,30,1456.66,159.15,274.86,747.49,-1,-1,-1,-1
481,18,983.16,191.36,246.66,662.75,-1,-1,-1,-1
482,2,550.82,139.83,321.23,857.47,-1,-1,-1,-1
482,25,1171.25,152.57,336.31,874.58,-1,-1,-1,-1
482,9,234.11,185.95,298.74,800.55,-1,-1,-1,-1
482,30,1465.09,152.87,278.12,752.05,-1,-1,-1,-1
482,18,970.36,191.26,243.60,661.03,-1,-1,-1,-1
483,2,560.99,141.97,311.64,831.71,-1,-1,-1,-1
483,25,1174.49,152.40,333.20,866.57,-1,-1,-1,-1
483,9,234.33,178.61,301.85,809.14,-1,-1,-1,-1
483,30,1469.07,149.10,282.43,759.34,-1,-1,-1,-1
483,18,953.20,191.47,239.54,656.40,-1,-1,-1,-1
484,2,569.25,141.18,300.52,796.83,-1,-1,-1,-1
484,25,1179.30,154.35,329.50,859.08,-1,-1,-1,-1
484,9,235.30,172.92,304.21,814.19,-1,-1,-1,-1
484,30,1470.46,145.55,286.64,766.15,-1,-1,-1,-1
484,10,946.50,191.10,232.01,653.84,-1,-1,-1,-1
485,2,573.57,138.74,294.56,777.45,-1,-1,-1,-1
485,25,1184.96,153.89,329.23,860.67,-1,-1,-1,-1
485,9,237.56,168.77,304.74,814.24,-1,-1,-1,-1
485,30,1471.06,138.87,291.08,774.07,-1,-1,-1,-1
485,10,929.32,197.32,231.46,649.56,-1,-1,-1,-1
486,2,575.79,140.38,291.77,768.35,-1,-1,-1,-1
486,25,1191.89,151.40,327.77,861.66,-1,-1,-1,-1
486,9,240.55,164.15,307.69,819.60,-1,-1,-1,-1
486,30,1466.23,135.42,297.75,792.67,-1,-1,-1,-1
486,10,915.35,202.44,231.76,645.72,-1,-1,-1,-1
487,2,575.70,146.61,289.23,760.74,-1,-1,-1,-1
487,25,1199.11,151.56,325.14,858.95,-1,-1,-1,-1
487,9,243.90,162.70,312.47,830.47,-1,-1,-1,-1
487,30,1463.70,132.93,302.16,804.35,-1,-1,-1,-1
487,10,905.56,204.04,231.50,645.66,-1,-1,-1,-1
488,2,574.77,154.12,285.93,752.17,-1,-1,-1,-1
488,25,1206.14,152.78,322.55,857.26,-1,-1,-1,-1
488,9,247.51,161.72,317.27,841.02,-1,-1,-1,-1
488,30,1458.13,130.46,305.81,817.12,-1,-1,-1,-1
488,10,895.88,206.04,229.71,640.74,-1,-1,-1,-1
489,2,573.55,159.42,284.78,748.67,-1,-1,-1,-1
489,25,1208.47,161.74,320.13,856.41,-1,-1,-1,-1
489,9,249.99,162.52,321.53,850.18,-1,-1,-1,-1
489,30,1454.05,131.28,307.92,826.71,-1,-1,-1,-1
489,10,887.89,208.81,228.02,633.16,-1,-1,-1,-1
490,2,573.73,164.08,283.57,746.29,-1,-1,-1,-1
490,25,1208.91,168.98,317.01,852.39,-1,-1,-1,-1
490,9,250.79,161.95,329.23,870.55,-1,-1,-1,-1
490,30,1449.84,129.41,310.04,835.34,-1,-1,-1,-1
490,10,880.12,207.92,227.31,629.02,-1,-1,-1,-1
491,2,575.49,173.89,278.70,734.13,-1,-1,-1,-1
491,25,1207.09,171.14,313.91,845.12,-1,-1,-1,-1
491,9,256.00,159.73,335.78,888.01,-1,-1,-1,-1
491,30,1445.12,124.52,310.59,840.81,-1,-1,-1,-1
491,10,869.25,206.94,227.41,629.16,-1,-1,-1,-1
492,2,582.21,175.43,271.47,714.96,-1,-1,-1,-1
492,25,1204.41,170.61,310.57,835.61,-1,-1,-1,-1
492,9,254.37,151.95,346.42,915.65,-1,-1,-1,-1
492,30,1441.17,120.91,310.38,844.80,-1,-1,-1,-1
492,10,856.60,204.46,230.85,640.15,-1,-1,-1,-1
493,2,585.82,177.55,265.61,700.69,-1,-1,-1,-1
493,25,1203.56,173.35,307.43,827.85,-1,-1,-1,-1
493,9,256.78,141.45,348.29,918.68,-1,-1,-1,-1
493,30,1435.91,117.41,310.45,849.06,-1,-1,-1,-1
493,10,840.09,202.78,234.88,657.14,-1,-1,-1,-1
494,2,589.01,178.37,257.88,678.85,-1,-1,-1,-1
494,25,1198.89,182.43,301.28,811.02,-1,-1,-1,-1
494,9,259.27,137.42,349.90,919.40,-1,-1,-1,-1
494,30,1426.30,115.94,315.53,874.66,-1,-1,-1,-1
494,10,828.53,201.28,236.89,664.60,-1,-1,-1,-1
495,2,587.63,177.24,254.56,666.97,-1,-1,-1,-1
495,25,1195.45,179.89,296.73,799.11,-1,-1,-1,-1
495,9,257.63,131.66,358.32,938.46,-1,-1,-1,-1
495,30,1421.10,110.82,321.62,900.54,-1,-1,-1,-1
495,10,816.46,205.13,237.86,666.99,-1,-1,-1,-1
496,2,585.13,178.47,252.46,658.86,-1,-1,-1,-1
496,25,1190.00,175.07,295.05,794.45,-1,-1,-1,-1
496,9,258.51,127.66,363.02,948.61,-1,-1,-1,-1
496,30,1414.96,107.44,326.51,919.06,-1,-1,-1,-1
496,10,809.37,207.58,238.67,667.93,-1,-1,-1,-1
497,2,584.21,175.68,251.30,655.84,-1,-1,-1,-1
497,25,1184.86,169.31,291.76,785.97,-1,-1,-1,-1
497,9,259.66,123.41,366.09,954.97,-1,-1,-1,-1
497,30,1407.87,105.69,329.95,935.39,-1,-1,-1,-1
497,10,802.19,204.40,239.18,669.58,-1,-1,-1,-1
498,2,581.00,175.74,251.80,657.24,-1,-1,-1,-1
498,25,1180.94,168.11,289.82,780.96,-1,-1,-1,-1
498,9,260.10,119.38,368.06,957.90,-1,-1,-1,-1
498,30,1395.96,104.92,332.31,949.91,-1,-1,-1,-1
498,10,788.84,198.20,240.21,673.17,-1,-1,-1,-1
499,2,577.42,174.25,251.81,658.80,-1,-1,-1,-1
499,25,1178.01,167.75,288.84,777.94,-1,-1,-1,-1
499,9,260.47,120.33,369.06,958.59,-1,-1,-1,-1
499,30,1378.85,108.59,326.53,940.27,-1,-1,-1,-1
499,10,776.35,194.24,241.16,677.00,-1,-1,-1,-1
500,2,573.10,176.80,250.26,657.06,-1,-1,-1,-1
500,25,1176.86,171.31,283.11,763.99,-1,-1,-1,-1
500,9,256.29,119.22,373.39,967.35,-1,-1,-1,-1
500,30,1348.53,107.80,325.37,945.92,-1,-1,-1,-1
500,10,763.81,191.44,242.52,680.43,-1,-1,-1,-1
501,2,568.05,176.68,250.14,658.53,-1,-1,-1,-1
501,25,1174.93,177.28,278.40,754.84,-1,-1,-1,-1
501,9,250.58,116.78,378.22,976.01,-1,-1,-1,-1
501,30,1331.19,109.52,316.38,926.34,-1,-1,-1,-1
501,10,751.49,189.48,241.99,679.12,-1,-1,-1,-1
502,2,565.80,176.16,250.34,660.97,-1,-1,-1,-1
502,25,1180.63,175.52,279.03,758.74,-1,-1,-1,-1
502,9,251.11,107.04,377.75,970.05,-1,-1,-1,-1
502,30,1314.40,115.43,311.48,916.52,-1,-1,-1,-1
502,10,743.77,189.28,241.37,677.03,-1,-1,-1,-1
503,2,561.35,173.96,253.59,671.95,-1,-1,-1,-1
503,25,1202.76,151.51,300.58,815.49,-1,-1,-1,-1
503,9,247.91,98.97,381.47,974.25,-1,-1,-1,-1
503,10,726.03,185.31,244.30,686.52,-1,-1,-1,-1
504,2,557.96,176.27,257.46,683.81,-1,-1,-1,-1
504,9,245.18,96.06,383.60,972.62,-1,-1,-1,-1
504,10,706.08,187.02,247.51,693.02,-1,-1,-1,-1
504,30,1236.48,116.31,315.30,910.48,-1,-1,-1,-1
505,2,554.69,177.29,259.82,693.72,-1,-1,-1,-1
505,9,240.44,86.65,388.84,977.42,-1,-1,-1,-1
505,10,692.45,190.77,249.44,696.38,-1,-1,-1,-1
505,30,1213.46,117.92,316.12,904.28,-1,-1,-1,-1
506,2,569.90,185.69,254.00,682.83,-1,-1,-1,-1
506,9,234.74,81.11,392.80,979.11,-1,-1,-1,-1
506,10,682.74,203.67,249.01,693.24,-1,-1,-1,-1
506,30,1193.43,120.58,320.62,911.35,-1,-1,-1,-1
507,9,233.70,77.26,397.36,983.07,-1,-1,-1,-1
507,10,628.45,195.13,245.22,684.89,-1,-1,-1,-1
507,30,1173.02,122.49,321.75,909.29,-1,-1,-1,-1
508,9,234.01,79.85,399.97,983.21,-1,-1,-1,-1
508,10,612.98,196.64,243.93,680.70,-1,-1,-1,-1
508,30,1156.06,129.31,313.93,891.84,-1,-1,-1,-1
509,9,234.27,84.08,402.73,984.50,-1,-1,-1,-1
509,10,595.07,194.50,249.74,695.73,-1,-1,-1,-1
509,30,1128.73,131.54,306.77,880.58,-1,-1,-1,-1
509,25,1234.67,178.89,272.54,757.86,-1,-1,-1,-1
510,9,242.85,89.19,406.86,987.02,-1,-1,-1,-1
510,30,1116.24,136.29,299.36,866.68,-1,-1,-1,-1
510,25,1233.31,179.25,263.35,749.15,-1,-1,-1,-1
511,9,243.44,87.67,409.05,985.71,-1,-1,-1,-1
511,30,1055.53,118.18,306.36,894.27,-1,-1,-1,-1
511,25,1230.86,180.07,258.36,746.09,-1,-1,-1,-1
511,2,569.45,182.63,261.03,708.20,-1,-1,-1,-1
512,9,249.72,75.04,412.98,981.66,-1,-1,-1,-1
512,30,1016.99,123.39,305.88,889.87,-1,-1,-1,-1
512,25,1225.21,185.90,251.71,730.50,-1,-1,-1,-1
512,2,559.99,193.89,251.59,690.20,-1,-1,-1,-1
513,9,255.52,81.27,417.80,985.57,-1,-1,-1,-1
513,30,989.40,124.27,309.78,890.80,-1,-1,-1,-1
513,25,1215.85,190.09,247.33,718.02,-1,-1,-1,-1
513,2,561.57,193.60,245.78,682.60,-1,-1,-1,-1
514,9,259.01,60.60,429.29,1005.16,-1,-1,-1,-1
514,30,970.77,130.46,307.77,878.51,-1,-1,-1,-1
514,25,1205.30,193.40,243.55,704.18,-1,-1,-1,-1
514,2,560.77,188.89,246.52,689.79,-1,-1,-1,-1
515,9,271.47,60.08,433.36,1007.06,-1,-1,-1,-1
515,30,940.45,128.49,310.85,885.42,-1,-1,-1,-1
515,25,1199.27,197.19,240.12,691.59,-1,-1,-1,-1
515,2,592.38,185.21,234.61,660.78,-1,-1,-1,-1
516,9,276.27,50.90,441.33,1018.73,-1,-1,-1,-1
516,30,917.41,121.12,309.83,891.03,-1,-1,-1,-1
516,25,1193.86,200.60,236.75,676.18,-1,-1,-1,-1
516,2,609.78,182.38,230.15,649.09,-1,-1,-1,-1
517,9,275.74,51.06,447.88,1033.38,-1,-1,-1,-1
517,30,893.27,124.73,306.30,889.23,-1,-1,-1,-1
517,25,1184.74,203.29,232.40,659.32,-1,-1,-1,-1
517,2,618.59,174.61,226.69,645.32,-1,-1,-1,-1
518,9,273.22,34.90,448.68,1042.88,-1,-1,-1,-1
518,30,868.56,121.05,303.97,893.51,-1,-1,-1,-1
518,25,1175.40,206.23,230.91,650.46,-1,-1,-1,-1
518,2,627.99,173.95,223.08,638.14,-1,-1,-1,-1
519,9,276.67,34.00,438.46,1030.30,-1,-1,-1,-1
519,30,841.45,120.11,302.73,893.94,-1,-1,-1,-1
519,25,1167.09,209.06,229.73,642.63,-1,-1,-1,-1
519,2,634.51,178.23,222.12,636.39,-1,-1,-1,-1
520,9,271.88,36.88,438.89,1044.95,-1,-1,-1,-1
520,30,820.25,118.92,301.16,890.04,-1,-1,-1,-1
520,25,1162.10,207.32,229.67,640.70,-1,-1,-1,-1
520,2,634.29,178.23,223.70,651.08,-1,-1,-1,-1
521,9,286.83,76.51,415.75,993.29,-1,-1,-1,-1
521,30,800.57,127.75,298.09,878.33,-1,-1,-1,-1
521,25,1156.79,209.50,229.71,637.89,-1,-1,-1,-1
521,2,644.00,173.47,221.01,651.09,-1,-1,-1,-1
522,9,281.06,57.96,421.27,1004.09,-1,-1,-1,-1
522,30,782.64,132.97,296.58,870.40,-1,-1,-1,-1
522,25,1156.98,209.65,228.62,634.16,-1,-1,-1,-1
522,2,654.66,175.51,216.99,640.12,-1,-1,-1,-1
523,9,281.36,46.96,420.02,997.90,-1,-1,-1,-1
523,30,762.73,138.02,295.87,864.61,-1,-1,-1,-1
523,25,1158.37,210.07,227.81,632.25,-1,-1,-1,-1
523,2,662.99,176.54,216.11,638.93,-1,-1,-1,-1
524,9,276.13,92.57,407.33,962.35,-1,-1,-1,-1
524,30,751.54,140.17,291.70,855.51,-1,-1,-1,-1
524,25,1160.37,209.67,226.84,629.76,-1,-1,-1,-1
524,2,669.09,179.07,216.32,640.28,-1,-1,-1,-1
525,9,269.89,102.47,409.43,957.11,-1,-1,-1,-1
525,30,720.72,151.02,284.14,832.76,-1,-1,-1,-1
525,25,1162.95,210.67,225.19,625.16,-1,-1,-1,-1
526,9,269.31,104.03,415.96,967.59,-1,-1,-1,-1
526,30,692.47,152.08,278.36,815.84,-1,-1,-1,-1
526,25,1167.28,212.24,222.48,618.04,-1,-1,-1,-1
527,9,267.26,53.19,430.07,998.12,-1,-1,-1,-1
527,30,673.10,152.50,275.80,807.96,-1,-1,-1,-1
527,25,1170.59,214.50,218.88,610.43,-1,-1,-1,-1
528,9,269.55,78.95,432.09,1000.59,-1,-1,-1,-1
528,30,663.78,150.11,281.50,824.87,-1,-1,-1,-1
528,25,1170.65,214.00,218.15,611.02,-1,-1,-1,-1
528,32,196.25,146.41,294.17,861.20,-1,-1,-1,-1
529,9,254.54,64.38,433.94,1001.37,-1,-1,-1,-1
529,30,652.47,150.83,284.04,829.23,-1,-1,-1,-1
529,25,1168.22,210.66,218.00,613.35,-1,-1,-1,-1
529,32,176.80,151.22,297.84,871.62,-1,-1,-1,-1
530,9,243.88,58.40,435.61,1002.86,-1,-1,-1,-1
530,30,641.11,152.42,280.86,813.11,-1,-1,-1,-1
530,25,1161.05,209.07,217.08,609.48,-1,-1,-1,-1
530,32,161.70,152.19,301.39,881.26,-1,-1,-1,-1
531,9,246.42,49.54,442.76,1014.24,-1,-1,-1,-1
531,30,618.03,161.31,278.42,801.22,-1,-1,-1,-1
531,25,1154.47,215.35,214.31,599.45,-1,-1,-1,-1
531,32,147.33,149.73,301.49,879.57,-1,-1,-1,-1
531,2,758.74,170.89,226.33,671.89,-1,-1,-1,-1
532,9,251.34,48.28,448.99,1025.52,-1,-1,-1,-1
532,30,590.52,147.80,285.71,821.42,-1,-1,-1,-1
532,25,1146.36,215.72,215.12,599.85,-1,-1,-1,-1
532,32,140.92,140.58,311.92,903.17,-1,-1,-1,-1
532,2,771.11,163.13,230.64,685.39,-1,-1,-1,-1
533,9,253.38,74.08,440.86,1003.28,-1,-1,-1,-1
533,30,559.69,148.86,286.48,818.83,-1,-1,-1,-1
533,25,1139.21,216.34,215.43,597.46,-1,-1,-1,-1
533,32,123.26,132.65,323.93,931.21,-1,-1,-1,-1
533,2,784.96,164.19,235.03,695.89,-1,-1,-1,-1
534,9,266.54,92.46,433.37,981.85,-1,-1,-1,-1
534,30,515.35,146.93,286.24,814.80,-1,-1,-1,-1
534,25,1133.66,215.19,216.67,597.92,-1,-1,-1,-1
534,32,109.61,129.82,331.12,942.71,-1,-1,-1,-1
534,2,801.31,162.91,238.45,701.55,-1,-1,-1,-1
535,9,280.04,83.40,432.26,981.07,-1,-1,-1,-1
535,30,497.73,148.99,280.87,800.71,-1,-1,-1,-1
535,25,1129.02,213.57,216.38,595.92,-1,-1,-1,-1
535,32,81.23,132.36,333.58,939.41,-1,-1,-1,-1
535,2,820.52,163.90,240.76,701.12,-1,-1,-1,-1
536,9,276.30,65.28,441.18,999.83,-1,-1,-1,-1
536,30,483.27,153.89,281.10,800.32,-1,-1,-1,-1
536,25,1118.56,213.06,216.07,594.44,-1,-1,-1,-1
536,32,57.97,125.67,341.09,951.56,-1,-1,-1,-1
536,2,839.97,164.96,244.32,699.08,-1,-1,-1,-1
537,9,302.79,82.05,431.09,979.13,-1,-1,-1,-1
537,25,1109.96,215.27,213.63,586.83,-1,-1,-1,-1
537,32,42.97,119.81,348.61,958.22,-1,-1,-1,-1
537,2,854.71,166.73,250.15,703.03,-1,-1,-1,-1
538,9,303.12,74.67,435.24,990.33,-1,-1,-1,-1
538,25,1101.39,217.56,213.57,589.31,-1,-1,-1,-1
538,32,30.67,119.99,352.66,955.91,-1,-1,-1,-1
538,2,866.55,168.09,254.62,703.85,-1,-1,-1,-1
539,9,305.47,82.56,434.51,989.02,-1,-1,-1,-1
539,25,1094.67,221.54,212.26,589.31,-1,-1,-1,-1
539,32,22.76,120.40,358.31,958.39,-1,-1,-1,-1
539,2,877.78,159.70,258.16,704.92,-1,-1,-1,-1
540,9,317.11,90.42,431.77,982.13,-1,-1,-1,-1
540,25,1083.60,219.56,211.65,594.65,-1,-1,-1,-1
540,32,17.16,112.85,361.96,957.49,-1,-1,-1,-1
540,2,890.57,154.94,260.18,708.04,-1,-1,-1,-1
541,9,331.53,92.16,430.81,980.02,-1,-1,-1,-1
541,25,1078.49,218.72,209.21,598.46,-1,-1,-1,-1
541,32,13.67,117.32,366.34,959.77,-1,-1,-1,-1
541,2,910.31,153.86,257.53,706.59,-1,-1,-1,-1
542,9,341.87,85.33,435.50,992.50,-1,-1,-1,-1
542,25,1077.35,217.60,206.82,604.50,-1,-1,-1,-1
542,32,11.50,116.10,370.11,961.29,-1,-1,-1,-1
542,2,924.19,150.86,256.79,713.70,-1,-1,-1,-1
543,9,351.08,86.55,434.13,990.80,-1,-1,-1,-1
543,25,1076.06,211.11,202.62,603.74,-1,-1,-1,-1
543,32,5.39,116.82,373.99,967.56,-1,-1,-1,-1
543,2,961.69,150.40,249.49,708.01,-1,-1,-1,-1
544,9,358.72,87.04,435.40,995.83,-1,-1,-1,-1
544,25,1076.40,210.84,197.13,592.78,-1,-1,-1,-1
544,32,-2.23,116.11,376.37,974.44,-1,-1,-1,-1
544,2,981.89,147.20,245.22,708.51,-1,-1,-1,-1
545,9,371.44,91.71,437.24,1004.88,-1,-1,-1,-1
545,25,1088.66,211.84,196.25,594.71,-1,-1,-1,-1
545,32,-7.24,115.70,371.40,964.38,-1,-1,-1,-1
545,2,998.76,146.25,247.48,725.58,-1,-1,-1,-1
546,9,386.85,96.64,435.45,1006.67,-1,-1,-1,-1
546,32,-13.29,109.43,376.08,983.04,-1,-1,-1,-1
546,2,1018.35,142.67,258.02,751.92,-1,-1,-1,-1
546,30,321.20,149.17,301.84,859.99,-1,-1,-1,-1
547,9,394.67,103.77,427.52,991.87,-1,-1,-1,-1
547,32,-17.60,106.06,373.83,985.77,-1,-1,-1,-1
547,2,1033.95,140.43,267.25,771.77,-1,-1,-1,-1
547,30,300.33,150.34,306.50,880.96,-1,-1,-1,-1
548,9,405.10,106.46,423.40,988.13,-1,-1,-1,-1
548,32,-19.91,97.98,372.22,991.10,-1,-1,-1,-1
548,2,1043.68,140.32,273.55,785.66,-1,-1,-1,-1
548,30,291.54,146.34,310.47,887.99,-1,-1,-1,-1
549,9,417.09,113.11,421.47,994.73,-1,-1,-1,-1
549,32,-21.60,89.90,371.71,1000.32,-1,-1,-1,-1
549,2,1050.35,144.26,275.41,787.07,-1,-1,-1,-1
549,30,286.65,131.23,325.61,923.24,-1,-1,-1,-1
550,9,430.00,116.59,410.34,978.07,-1,-1,-1,-1
550,32,-15.92,92.84,365.34,988.56,-1,-1,-1,-1
550,2,1063.88,153.10,273.56,777.97,-1,-1,-1,-1
550,30,268.59,126.69,332.87,938.42,-1,-1,-1,-1
551,9,446.98,122.15,400.46,965.47,-1,-1,-1,-1
551,32,-16.77,87.67,369.28,1007.49,-1,-1,-1,-1
551,2,1083.14,163.92,262.94,751.71,-1,-1,-1,-1
551,30,256.31,123.57,337.93,949.22,-1,-1,-1,-1
552,9,458.78,122.90,393.23,961.14,-1,-1,-1,-1
552,32,-8.23,98.28,360.22,983.22,-1,-1,-1,-1
552,2,1103.17,140.66,272.39,789.00,-1,-1,-1,-1
552,30,235.67,118.16,342.79,970.70,-1,-1,-1,-1
552,25,1043.85,219.63,182.48,548.56,-1,-1,-1,-1
553,9,468.22,126.73,387.06,959.73,-1,-1,-1,-1
553,32,-1.64,102.04,358.48,976.21,-1,-1,-1,-1
553,2,1118.50,127.21,275.13,812.01,-1,-1,-1,-1
553,30,224.47,111.90,343.75,978.17,-1,-1,-1,-1
553,25,1040.42,218.88,184.03,550.29,-1,-1,-1,-1
554,9,480.45,139.66,374.20,941.70,-1,-1,-1,-1
554,32,4.01,106.67,358.24,970.52,-1,-1,-1,-1
554,2,1134.27,112.30,281.33,834.54,-1,-1,-1,-1
554,30,216.75,101.82,346.18,983.97,-1,-1,-1,-1
554,25,1038.33,225.71,186.81,553.36,-1,-1,-1,-1
555,9,488.23,143.90,365.01,932.69,-1,-1,-1,-1
555,32,4.68,96.97,361.36,975.43,-1,-1,-1,-1
555,2,1151.26,109.36,286.03,845.00,-1,-1,-1,-1
555,30,213.59,92.56,350.17,988.69,-1,-1,-1,-1
555,25,1035.52,227.32,186.35,548.23,-1,-1,-1,-1
556,9,494.85,141.88,359.36,932.10,-1,-1,-1,-1
556,32,7.41,84.76,366.60,983.87,-1,-1,-1,-1
556,2,1170.90,106.34,289.55,851.24,-1,-1,-1,-1
556,30,232.98,96.61,350.79,986.37,-1,-1,-1,-1
556,25,1034.63,227.64,189.27,552.35,-1,-1,-1,-1
557,9,506.27,144.29,350.45,919.13,-1,-1,-1,-1
557,32,7.54,74.86,374.83,1001.22,-1,-1,-1,-1
557,2,1197.20,110.09,289.26,839.22,-1,-1,-1,-1
557,30,255.61,88.51,356.88,1000.82,-1,-1,-1,-1
557,25,1034.13,225.52,192.79,559.53,-1,-1,-1,-1
558,9,491.52,140.85,353.46,931.68,-1,-1,-1,-1
558,32,9.63,71.37,373.76,991.75,-1,-1,-1,-1
558,2,1218.66,111.79,295.42,841.88,-1,-1,-1,-1
558,30,290.32,87.67,358.29,990.84,-1,-1,-1,-1
558,25,1035.30,225.68,194.26,561.91,-1,-1,-1,-1
559,32,10.01,68.16,377.06,994.41,-1,-1,-1,-1
559,2,1235.24,110.73,301.69,845.90,-1,-1,-1,-1
559,30,381.35,94.43,359.98,984.84,-1,-1,-1,-1
559,25,1036.05,225.14,194.10,561.31,-1,-1,-1,-1
560,32,13.17,74.58,378.83,990.39,-1,-1,-1,-1
560,2,1249.56,111.92,309.83,855.81,-1,-1,-1,-1
560,30,393.78,89.64,367.79,989.63,-1,-1,-1,-1
560,25,1037.29,223.93,194.44,564.07,-1,-1,-1,-1
561,32,12.02,72.37,381.22,990.14,-1,-1,-1,-1
561,2,1265.83,106.78,317.11,862.32,-1,-1,-1,-1
561,30,402.09,92.04,362.41,965.10,-1,-1,-1,-1
561,25,1039.56,224.13,194.63,566.51,-1,-1,-1,-1
562,32,14.31,77.22,384.70,990.37,-1,-1,-1,-1
562,2,1281.46,95.83,327.50,885.87,-1,-1,-1,-1
562,30,398.35,86.50,375.96,1002.06,-1,-1,-1,-1
562,25,1041.44,224.02,193.90,567.51,-1,-1,-1,-1
563,32,15.58,90.09,382.88,976.54,-1,-1,-1,-1
563,2,1294.22,95.23,332.80,893.14,-1,-1,-1,-1
563,30,445.37,97.30,370.48,988.28,-1,-1,-1,-1
563,25,1044.64,224.28,193.73,568.71,-1,-1,-1,-1
564,32,15.75,97.48,384.76,972.67,-1,-1,-1,-1
564,2,1307.45,85.00,337.44,900.39,-1,-1,-1,-1
564,30,479.72,93.95,366.56,985.86,-1,-1,-1,-1
564,25,1046.14,223.82,194.41,570.75,-1,-1,-1,-1
565,32,14.95,105.63,385.45,966.55,-1,-1,-1,-1
565,2,1318.79,78.70,342.80,910.52,-1,-1,-1,-1
565,30,532.12,77.39,360.72,964.59,-1,-1,-1,-1
565,25,1047.29,221.81,195.00,574.12,-1,-1,-1,-1
566,32,11.21,113.34,383.53,956.85,-1,-1,-1,-1
566,2,1328.22,78.06,345.25,912.90,-1,-1,-1,-1
566,25,1047.02,221.01,196.37,577.23,-1,-1,-1,-1
566,9,555.12,53.63,372.23,981.17,-1,-1,-1,-1
567,32,13.81,135.85,375.46,928.66,-1,-1,-1,-1
567,2,1330.62,79.44,346.47,912.96,-1,-1,-1,-1
567,25,1046.44,220.76,196.68,576.13,-1,-1,-1,-1
567,9,568.39,59.30,383.78,1011.03,-1,-1,-1,-1
568,32,11.66,105.48,389.59,963.41,-1,-1,-1,-1
568,2,1327.07,81.52,347.65,913.37,-1,-1,-1,-1
568,25,1048.38,223.87,196.35,571.75,-1,-1,-1,-1
568,9,580.29,46.89,393.31,1033.86,-1,-1,-1,-1
569,32,22.71,105.92,391.15,961.62,-1,-1,-1,-1
569,2,1318.02,81.05,347.74,910.32,-1,-1,-1,-1
569,25,1049.41,225.53,196.84,569.69,-1,-1,-1,-1
569,9,601.06,48.72,395.47,1040.69,-1,-1,-1,-1
570,32,16.26,72.95,402.61,989.50,-1,-1,-1,-1
570,2,1308.01,82.05,347.94,909.95,-1,-1,-1,-1
570,25,1050.54,225.51,197.08,566.65,-1,-1,-1,-1
570,9,639.24,48.83,394.10,1042.09,-1,-1,-1,-1
570,36,589.78,182.75,252.43,734.18,-1,-1,-1,-1
571,32,13.00,24.16,418.06,1027.25,-1,-1,-1,-1
571,2,1294.61,86.92,348.59,910.03,-1,-1,-1,-1
571,25,1052.76,227.08,197.07,563.55,-1,-1,-1,-1
571,9,691.49,48.24,389.84,1038.63,-1,-1,-1,-1
571,36,582.85,188.35,255.06,741.50,-1,-1,-1,-1
572,32,37.20,70.01,408.14,991.52,-1,-1,-1,-1
572,2,1286.23,83.81,343.30,896.16,-1,-1,-1,-1
572,25,1054.89,224.44,200.63,569.99,-1,-1,-1,-1
572,9,750.50,37.29,380.58,1018.70,-1,-1,-1,-1
572,36,581.31,188.31,260.37,756.10,-1,-1,-1,-1
573,32,50.60,94.59,407.99,971.55,-1,-1,-1,-1
573,2,1271.26,80.85,345.57,906.34,-1,-1,-1,-1
573,25,1052.27,223.95,203.06,574.13,-1,-1,-1,-1
573,9,782.51,39.17,386.73,1039.80,-1,-1,-1,-1
573,36,580.54,187.85,260.17,753.71,-1,-1,-1,-1
574,32,56.06,90.75,417.33,971.24,-1,-1,-1,-1
574,2,1258.97,82.32,345.41,911.12,-1,-1,-1,-1
574,25,1058.25,230.07,205.70,584.23,-1,-1,-1,-1
574,9,821.93,44.08,387.95,1047.03,-1,-1,-1,-1
574,36,581.38,186.10,256.60,739.60,-1,-1,-1,-1
575,32,49.84,61.81,442.98,1008.72,-1,-1,-1,-1
575,2,1243.17,81.25,338.26,894.63,-1,-1,-1,-1
575,25,1063.11,251.80,206.68,592.71,-1,-1,-1,-1
575,9,869.15,35.42,379.19,1020.37,-1,-1,-1,-1
575,36,584.08,188.37,252.24,723.06,-1,-1,-1,-1
576,32,45.72,53.16,460.34,1027.60,-1,-1,-1,-1
576,2,1225.77,85.08,331.57,881.53,-1,-1,-1,-1
576,9,904.19,34.18,392.03,1046.48,-1,-1,-1,-1
576,36,584.03,190.74,250.67,714.83,-1,-1,-1,-1
577,32,43.80,48.60,471.02,1031.21,-1,-1,-1,-1
577,2,1209.44,91.47,328.81,890.31,-1,-1,-1,-1
577,9,955.47,65.05,388.34,1032.15,-1,-1,-1,-1
577,36,586.57,198.87,245.38,698.13,-1,-1,-1,-1
578,32,36.83,37.01,483.03,1042.39,-1,-1,-1,-1
578,9,1015.36,57.74,390.50,1033.32,-1,-1,-1,-1
578,36,588.85,205.30,242.55,689.43,-1,-1,-1,-1
579,32,33.06,34.60,491.46,1046.43,-1,-1,-1,-1
579,9,1069.43,47.90,390.85,1042.30,-1,-1,-1,-1
579,36,591.89,211.77,241.19,685.81,-1,-1,-1,-1
580,32,32.71,30.22,499.34,1048.44,-1,-1,-1,-1
580,9,1107.27,40.90,385.79,1030.19,-1,-1,-1,-1
580,36,595.12,217.20,239.89,682.29,-1,-1,-1,-1
580,38,1018.85,214.28,223.17,589.08,-1,-1,-1,-1
581,32,46.23,29.74,504.46,1047.82,-1,-1,-1,-1
581,9,1133.27,45.92,387.38,1020.52,-1,-1,-1,-1
581,36,598.89,220.89,238.10,677.18,-1,-1,-1,-1
581,25,1026.16,224.36,200.15,568.91,-1,-1,-1,-1
582,32,51.17,23.68,503.15,1036.72,-1,-1,-1,-1
582,9,1129.71,65.50,374.48,978.62,-1,-1,-1,-1
582,36,603.31,216.75,235.59,669.84,-1,-1,-1,-1
582,25,1018.76,225.24,198.69,561.17,-1,-1,-1,-1
583,32,53.44,26.53,501.83,1025.78,-1,-1,-1,-1
583,9,1108.79,88.94,360.89,943.89,-1,-1,-1,-1
583,36,608.83,218.54,232.57,660.13,-1,-1,-1,-1
583,25,1010.83,227.24,198.71,559.00,-1,-1,-1,-1
584,32,57.55,51.97,497.27,1012.34,-1,-1,-1,-1
584,36,616.64,219.06,228.29,644.33,-1,-1,-1,-1
584,25,1003.88,229.46,196.97,552.60,-1,-1,-1,-1
584,39,1258.10,0.00,423.99,1080.15,-1,-1,-1,-1
585,32,57.27,61.27,497.38,1008.32,-1,-1,-1,-1
585,36,620.43,219.18,224.01,630.03,-1,-1,-1,-1
585,25,998.83,226.26,197.50,554.66,-1,-1,-1,-1
585,39,1295.11,16.37,408.22,1037.61,-1,-1,-1,-1
585,40,1028.68,94.66,329.53,887.50,-1,-1,-1,-1
586,32,57.09,64.17,499.29,1008.52,-1,-1,-1,-1
586,36,622.47,219.03,220.95,619.50,-1,-1,-1,-1
586,25,992.01,226.87,193.87,550.17,-1,-1,-1,-1
586,39,1323.31,4.94,418.40,1058.85,-1,-1,-1,-1
586,40,1024.32,107.91,322.88,871.26,-1,-1,-1,-1
587,32,49.35,53.79,502.07,1009.99,-1,-1,-1,-1
587,36,621.66,217.46,219.78,614.50,-1,-1,-1,-1
587,25,982.57,230.17,188.29,543.19,-1,-1,-1,-1
587,39,1368.51,1.24,425.54,1072.40,-1,-1,-1,-1
587,40,995.01,105.44,322.96,875.38,-1,-1,-1,-1
588,32,41.39,56.79,508.86,1020.41,-1,-1,-1,-1
588,36,621.13,216.81,219.35,611.47,-1,-1,-1,-1
588,39,1408.35,0.09,430.52,1080.22,-1,-1,-1,-1
588,40,964.36,105.05,315.54,862.34,-1,-1,-1,-1
589,32,43.15,62.84,506.92,1015.08,-1,-1,-1,-1
589,36,619.46,221.85,214.54,597.97,-1,-1,-1,-1
589,39,1452.04,18.84,424.72,1063.03,-1,-1,-1,-1
589,40,921.53,94.46,327.36,903.17,-1,-1,-1,-1
590,32,46.39,64.80,503.61,1007.57,-1,-1,-1,-1
590,36,616.56,220.11,214.93,598.75,-1,-1,-1,-1
590,39,1495.21,40.61,415.65,1040.57,-1,-1,-1,-1
590,40,896.04,96.95,325.02,901.38,-1,-1,-1,-1
591,32,46.17,77.55,496.47,991.79,-1,-1,-1,-1
591,36,613.05,220.64,216.63,602.96,-1,-1,-1,-1
591,39,1515.93,48.41,414.52,1044.58,-1,-1,-1,-1
591,40,871.96,99.04,319.97,888.60,-1,-1,-1,-1
592,32,45.82,75.34,497.52,993.88,-1,-1,-1,-1
592,36,607.72,221.21,216.34,600.97,-1,-1,-1,-1
592,39,1543.58,39.52,408.96,1041.81,-1,-1,-1,-1
592,40,851.35,103.76,317.74,881.76,-1,-1,-1,-1
593,32,38.09,77.66,495.99,991.58,-1,-1,-1,-1
593,36,604.26,221.61,212.85,589.93,-1,-1,-1,-1
593,39,1581.80,48.09,374.95,965.43,-1,-1,-1,-1
593,40,827.20,123.69,309.60,857.82,-1,-1,-1,-1
593,25,986.93,224.11,193.82,566.95,-1,-1,-1,-1
594,32,36.31,80.36,493.64,988.45,-1,-1,-1,-1
594,36,597.97,222.58,209.75,578.95,-1,-1,-1,-1
594,39,1599.97,78.30,342.80,892.40,-1,-1,-1,-1
594,40,799.72,121.87,310.84,858.85,-1,-1,-1,-1
594,25,987.14,228.37,192.63,564.17,-1,-1,-1,-1
595,32,37.27,91.34,487.50,979.89,-1,-1,-1,-1
595,36,589.26,223.07,210.87,579.59,-1,-1,-1,-1
595,39,1612.72,92.00,352.87,939.99,-1,-1,-1,-1
595,40,778.56,116.54,311.62,859.76,-1,-1,-1,-1
595,25,987.43,230.03,193.41,564.32,-1,-1,-1,-1
596,32,39.54,101.60,478.55,965.70,-1,-1,-1,-1
596,36,581.52,218.88,213.93,585.65,-1,-1,-1,-1
596,39,1614.64,86.82,346.18,938.20,-1,-1,-1,-1
596,40,759.50,115.11,306.76,849.73,-1,-1,-1,-1
596,25,984.71,226.09,199.71,579.37,-1,-1,-1,-1
597,32,44.63,109.24,471.82,954.94,-1,-1,-1,-1
597,36,569.61,217.54,215.40,587.98,-1,-1,-1,-1
597,39,1622.07,85.30,333.62,918.25,-1,-1,-1,-1
597,40,740.51,109.90,303.94,848.20,-1,-1,-1,-1
597,25,980.46,226.99,202.66,581.13,-1,-1,-1,-1
598,32,59.88,120.20,469.60,947.19,-1,-1,-1,-1
598,36,559.52,221.36,212.83,579.63,-1,-1,-1,-1
598,39,1631.26,74.74,328.38,922.65,-1,-1,-1,-1
598,40,724.49,109.43,301.78,846.95,-1,-1,-1,-1
598,25,978.06,228.78,204.61,580.18,-1,-1,-1,-1
599,32,71.09,109.71,477.27,962.79,-1,-1,-1,-1
599,36,547.62,222.68,210.20,572.11,-1,-1,-1,-1
599,39,1646.34,72.08,308.29,880.55,-1,-1,-1,-1
599,40,707.12,114.74,299.36,841.19,-1,-1,-1,-1
599,25,976.71,229.21,207.17,583.11,-1,-1,-1,-1
600,32,87.19,93.07,482.60,974.15,-1,-1,-1,-1
600,36,534.99,224.10,210.69,571.69,-1,-1,-1,-1
600,39,1653.87,71.93,301.74,879.18,-1,-1,-1,-1
600,40,684.96,116.01,299.91,839.73,-1,-1,-1,-1
600,25,976.63,226.53,209.81,588.27,-1,-1,-1,-1
601,32,103.85,83.34,481.19,978.70,-1,-1,-1,-1
601,36,528.68,229.43,209.48,568.49,-1,-1,-1,-1
601,39,1660.92,76.24,292.55,870.35,-1,-1,-1,-1
601,40,663.76,119.79,299.90,835.37,-1,-1,-1,-1
601,25,976.52,224.33,211.01,592.04,-1,-1,-1,-1
602,32,124.60,72.81,485.08,992.50,-1,-1,-1,-1
602,36,520.54,231.36,209.62,571.58,-1,-1,-1,-1
602,39,1669.38,83.70,285.06,867.42,-1,-1,-1,-1
602,40,649.41,124.15,300.38,830.29,-1,-1,-1,-1
602,25,978.31,223.73,211.20,593.02,-1,-1,-1,-1
603,32,152.75,70.12,486.19,1004.71,-1,-1,-1,-1
603,36,513.48,231.61,208.49,571.59,-1,-1,-1,-1
603,39,1671.30,89.13,280.14,869.88,-1,-1,-1,-1
603,40,641.18,124.56,301.90,827.20,-1,-1,-1,-1
603,25,980.45,224.72,209.90,588.18,-1,-1,-1,-1
604,32,195.46,68.89,483.53,1013.68,-1,-1,-1,-1
604,36,500.46,235.46,207.95,571.68,-1,-1,-1,-1
604,39,1667.19,93.62,274.11,859.28,-1,-1,-1,-1
604,40,626.96,123.07,305.26,832.25,-1,-1,-1,-1
604,25,981.63,222.97,210.91,589.78,-1,-1,-1,-1
605,32,231.90,69.93,476.81,1015.29,-1,-1,-1,-1
605,36,480.68,228.20,206.04,568.44,-1,-1,-1,-1
605,39,1667.10,99.88,278.28,885.51,-1,-1,-1,-1
605,40,612.09,117.65,308.64,840.00,-1,-1,-1,-1
605,25,984.11,220.19,212.83,593.73,-1,-1,-1,-1
606,39,1666.80,96.93,276.07,891.15,-1,-1,-1,-1
606,40,585.63,112.98,310.29,852.85,-1,-1,-1,-1
606,25,986.11,216.40,215.06,598.49,-1,-1,-1,-1
606,9,320.43,86.60,390.05,1016.17,-1,-1,-1,-1
607,39,1668.27,92.44,272.53,892.47,-1,-1,-1,-1
607,40,555.53,117.53,308.18,852.34,-1,-1,-1,-1
607,25,987.58,216.15,218.71,609.02,-1,-1,-1,-1
607,9,326.76,80.31,392.44,1017.55,-1,-1,-1,-1
608,39,1662.43,101.63,264.27,867.47,-1,-1,-1,-1
608,25,989.23,216.29,219.90,611.94,-1,-1,-1,-1
608,9,371.71,77.00,386.21,1002.55,-1,-1,-1,-1
609,39,1649.93,98.89,261.57,854.56,-1,-1,-1,-1
609,25,990.25,215.42,220.94,613.77,-1,-1,-1,-1
609,9,389.57,81.68,386.21,994.79,-1,-1,-1,-1
610,39,1639.51,110.23,261.26,846.55,-1,-1,-1,-1
610,25,989.37,212.42,220.39,610.35,-1,-1,-1,-1
610,32,410.71,115.34,443.37,961.00,-1,-1,-1,-1
611,39,1622.81,112.78,264.30,843.82,-1,-1,-1,-1
611,25,984.59,212.41,223.07,616.83,-1,-1,-1,-1
611,42,373.88,226.36,252.26,620.55,-1,-1,-1,-1
611,32,442.84,99.27,448.31,988.84,-1,-1,-1,-1
612,39,1607.21,114.69,265.27,834.64,-1,-1,-1,-1
612,25,978.25,213.22,226.00,623.10,-1,-1,-1,-1
612,42,361.80,221.46,257.24,633.72,-1,-1,-1,-1
612,32,462.87,102.02,447.62,998.41,-1,-1,-1,-1
613,39,1590.09,118.55,262.02,819.72,-1,-1,-1,-1
613,25,973.23,213.47,227.09,625.63,-1,-1,-1,-1
613,42,342.23,216.41,253.75,627.94,-1,-1,-1,-1
613,40,429.67,131.77,298.76,828.85,-1,-1,-1,-1
613,9,496.90,108.81,365.80,953.54,-1,-1,-1,-1
614,39,1570.49,118.81,262.62,829.50,-1,-1,-1,-1
614,25,968.05,213.91,227.80,627.97,-1,-1,-1,-1
614,42,337.96,214.39,253.30,631.00,-1,-1,-1,-1
614,40,407.22,144.88,295.01,815.32,-1,-1,-1,-1
614,32,540.07,106.47,432.64,983.99,-1,-1,-1,-1
615,39,1541.56,113.26,264.05,836.84,-1,-1,-1,-1
615,25,961.15,209.01,230.83,638.39,-1,-1,-1,-1
615,42,327.71,218.22,252.80,636.28,-1,-1,-1,-1
615,40,402.87,144.14,294.47,818.89,-1,-1,-1,-1
615,32,571.24,98.67,427.22,993.36,-1,-1,-1,-1
616,39,1516.09,121.15,263.05,830.69,-1,-1,-1,-1
616,25,954.32,213.37,230.13,639.04,-1,-1,-1,-1
616,42,320.50,221.88,243.01,618.05,-1,-1,-1,-1
616,40,395.81,142.96,295.17,824.98,-1,-1,-1,-1
616,32,603.33,95.49,414.39,987.37,-1,-1,-1,-1
617,39,1483.58,129.17,260.62,812.85,-1,-1,-1,-1
617,25,948.66,212.63,229.19,638.69,-1,-1,-1,-1
617,42,309.24,222.77,237.44,610.64,-1,-1,-1,-1
617,40,378.13,145.08,296.88,831.06,-1,-1,-1,-1
617,32,633.32,93.21,402.74,983.07,-1,-1,-1,-1
618,39,1452.76,133.90,258.08,792.25,-1,-1,-1,-1
618,25,943.88,214.54,227.46,634.38,-1,-1,-1,-1
618,42,303.39,217.05,238.51,619.79,-1,-1,-1,-1
618,40,361.46,142.26,297.77,838.58,-1,-1,-1,-1
618,32,660.48,94.68,393.46,982.67,-1,-1,-1,-1
619,39,1426.99,139.09,256.86,778.56,-1,-1,-1,-1
619,25,935.53,218.36,225.77,631.42,-1,-1,-1,-1
619,42,289.42,222.99,239.70,627.77,-1,-1,-1,-1
619,40,348.23,151.07,293.87,829.42,-1,-1,-1,-1
619,32,689.03,96.68,381.98,970.41,-1,-1,-1,-1
620,39,1404.75,140.94,256.10,769.96,-1,-1,-1,-1
620,25,929.91,217.91,224.36,629.39,-1,-1,-1,-1
620,42,272.67,220.10,241.02,634.52,-1,-1,-1,-1
620,40,340.60,153.96,293.09,829.81,-1,-1,-1,-1
620,32,721.65,106.05,375.80,965.77,-1,-1,-1,-1
621,39,1383.48,144.72,255.13,764.80,-1,-1,-1,-1
621,25,914.35,220.24,225.15,634.69,-1,-1,-1,-1
621,42,259.04,213.86,245.15,648.07,-1,-1,-1,-1
621,40,333.43,153.37,298.34,848.10,-1,-1,-1,-1
621,32,761.38,124.67,353.11,913.17,-1,-1,-1,-1
622,39,1365.84,146.23,252.45,761.19,-1,-1,-1,-1
622,42,243.63,216.24,246.71,654.91,-1,-1,-1,-1
622,32,789.40,124.79,359.75,933.93,-1,-1,-1,-1
622,9,321.97,136.84,338.84,895.70,-1,-1,-1,-1
623,39,1342.52,147.27,249.04,754.72,-1,-1,-1,-1
623,42,229.12,220.76,245.17,654.26,-1,-1,-1,-1
623,32,814.96,114.88,369.18,958.69,-1,-1,-1,-1
623,9,314.18,137.00,343.67,913.33,-1,-1,-1,-1
624,39,1314.35,150.09,248.96,756.48,-1,-1,-1,-1
624,32,844.52,111.70,366.59,959.71,-1,-1,-1,-1
624,9,311.55,132.73,348.50,931.00,-1,-1,-1,-1
624,36,220.23,222.85,240.54,662.51,-1,-1,-1,-1
625,39,1289.41,150.51,248.02,752.91,-1,-1,-1,-1
625,32,868.98,116.09,366.92,969.59,-1,-1,-1,-1
625,9,311.36,130.01,349.25,939.34,-1,-1,-1,-1
625,36,206.36,215.55,247.45,677.10,-1,-1,-1,-1
626,39,1270.12,157.74,245.56,740.22,-1,-1,-1,-1
626,32,894.55,129.27,345.44,918.64,-1,-1,-1,-1
626,9,314.51,128.08,348.08,941.33,-1,-1,-1,-1
626,36,196.53,218.97,251.19,681.54,-1,-1,-1,-1
627,39,1250.91,157.74,248.80,741.81,-1,-1,-1,-1
627,32,912.86,110.91,360.27,963.87,-1,-1,-1,-1
627,9,318.14,121.76,348.62,947.10,-1,-1,-1,-1
627,36,185.88,217.96,253.87,682.69,-1,-1,-1,-1
628,39,1237.40,161.07,250.41,738.97,-1,-1,-1,-1
628,32,940.94,100.67,362.54,978.24,-1,-1,-1,-1
628,9,323.62,112.87,351.17,955.59,-1,-1,-1,-1
628,36,174.93,216.02,254.61,683.18,-1,-1,-1,-1
628,25,862.39,218.50,225.36,651.40,-1,-1,-1,-1
629,39,1223.43,165.84,249.71,735.73,-1,-1,-1,-1
629,32,971.27,104.22,360.44,975.64,-1,-1,-1,-1
629,9,328.66,101.66,355.60,971.44,-1,-1,-1,-1
629,36,166.90,210.40,254.76,683.91,-1,-1,-1,-1
629,25,850.09,216.54,225.87,662.49,-1,-1,-1,-1
630,39,1194.49,164.24,250.74,742.83,-1,-1,-1,-1
630,32,999.96,95.92,358.93,976.06,-1,-1,-1,-1
630,9,332.66,91.15,359.53,984.78,-1,-1,-1,-1
630,36,156.43,205.20,259.01,692.43,-1,-1,-1,-1
630,25,841.65,213.03,226.59,672.67,-1,-1,-1,-1
631,32,1055.55,119.15,335.32,916.20,-1,-1,-1,-1
631,9,336.81,86.83,363.47,994.86,-1,-1,-1,-1
631,36,143.80,204.11,266.51,711.30,-1,-1,-1,-1
631,25,837.72,212.96,223.80,667.36,-1,-1,-1,-1
632,32,1075.57,115.33,341.63,928.33,-1,-1,-1,-1
632,9,342.71,73.19,366.77,1004.32,-1,-1,-1,-1
632,36,135.01,200.33,273.87,728.08,-1,-1,-1,-1
632,25,829.20,213.67,222.40,664.43,-1,-1,-1,-1
633,32,1082.15,115.08,351.49,950.72,-1,-1,-1,-1
633,9,351.38,70.27,368.84,1003.80,-1,-1,-1,-1
633,36,126.96,196.37,280.29,742.53,-1,-1,-1,-1
633,25,822.77,219.60,218.23,649.98,-1,-1,-1,-1
634,32,1095.54,121.64,344.32,927.03,-1,-1,-1,-1
634,9,359.45,65.19,364.01,982.63,-1,-1,-1,-1
634,36,119.15,196.39,284.45,751.97,-1,-1,-1,-1
634,25,814.32,220.69,217.06,640.24,-1,-1,-1,-1
635,32,1099.10,128.54,331.75,890.07,-1,-1,-1,-1
635,9,366.30,73.46,372.45,999.83,-1,-1,-1,-1
635,36,113.58,193.54,287.40,758.42,-1,-1,-1,-1
635,25,803.36,220.24,219.62,640.95,-1,-1,-1,-1
636,32,1115.37,134.37,328.40,876.40,-1,-1,-1,-1
636,9,375.94,75.53,367.60,978.82,-1,-1,-1,-1
636,36,109.48,189.32,290.06,764.23,-1,-1,-1,-1
636,25,794.11,220.80,223.30,646.02,-1,-1,-1,-1
637,32,1159.94,113.25,346.77,930.69,-1,-1,-1,-1
637,9,380.90,74.05,376.08,998.85,-1,-1,-1,-1
637,36,106.34,187.47,291.52,767.11,-1,-1,-1,-1
637,25,783.88,220.94,224.83,645.48,-1,-1,-1,-1
638,32,1198.39,106.66,349.14,934.75,-1,-1,-1,-1
638,9,388.32,69.45,381.03,1008.88,-1,-1,-1,-1
638,36,101.96,185.20,292.71,769.81,-1,-1,-1,-1
638,25,775.10,222.05,226.01,646.60,-1,-1,-1,-1
638,39,1000.37,155.50,258.52,757.72,-1,-1,-1,-1
639,32,1225.79,104.70,353.67,945.95,-1,-1,-1,-1
639,9,395.12,62.23,387.08,1018.23,-1,-1,-1,-1
639,36,97.08,179.73,292.48,770.01,-1,-1,-1,-1
639,25,769.66,221.23,227.97,649.39,-1,-1,-1,-1
639,39,974.20,160.27,258.06,757.52,-1,-1,-1,-1
640,32,1248.92,117.93,352.03,936.56,-1,-1,-1,-1
640,9,402.51,45.00,397.85,1042.86,-1,-1,-1,-1
640,36,91.15,179.48,295.71,779.54,-1,-1,-1,-1
640,25,766.76,221.85,228.29,649.21,-1,-1,-1,-1
640,39,948.05,157.95,258.06,764.81,-1,-1,-1,-1
641,32,1274.69,112.20,354.09,937.48,-1,-1,-1,-1
641,9,413.46,37.13,401.40,1046.04,-1,-1,-1,-1
641,36,81.20,176.60,302.38,799.89,-1,-1,-1,-1
641,25,759.91,220.44,227.87,647.62,-1,-1,-1,-1
641,39,924.99,158.13,254.69,757.71,-1,-1,-1,-1