23,1,2.47,555.45,149.03,250.92,1,-1,-1,-1
24,1,3.83,414.79,162.80,391.13,1,-1,-1,-1
25,1,-7.31,365.02,198.24,455.20,1,-1,-1,-1
26,1,1.78,362.73,194.77,450.55,1,-1,-1,-1
27,1,9.12,359.32,190.39,457.95,1,-1,-1,-1
28,1,-9.56,254.37,198.51,470.90,1,-1,-1,-1
29,1,-2.36,256.25,225.45,469.01,1,-1,-1,-1
30,1,19.11,256.77,226.77,466.54,1,-1,-1,-1
31,1,52.00,260.00,274.00,556.00,1,-1,-1,-1
32,1,67.16,258.16,280.88,560.41,1,-1,-1,-1
33,1,100.80,263.81,261.45,557.20,1,-1,-1,-1
34,1,117.11,262.32,256.68,555.47,1,-1,-1,-1
35,1,144.98,252.66,244.92,561.08,1,-1,-1,-1
36,1,162.42,239.86,246.15,570.83,1,-1,-1,-1
37,1,182.63,238.94,268.70,568.72,1,-1,-1,-1
38,1,196.10,243.93,277.64,565.06,1,-1,-1,-1
39,1,221.49,247.93,279.24,562.81,1,-1,-1,-1
40,1,246.13,252.78,279.32,559.83,1,-1,-1,-1
41,1,267.83,257.57,271.40,552.27,1,-1,-1,-1
42,1,281.62,256.48,263.29,548.32,1,-1,-1,-1
43,1,301.43,247.29,254.81,547.43,1,-1,-1,-1
44,1,314.01,247.48,259.93,548.34,1,-1,-1,-1
45,1,326.69,246.36,261.66,548.79,1,-1,-1,-1
46,1,338.89,249.24,261.86,549.83,1,-1,-1,-1
47,1,354.18,251.31,257.10,553.24,1,-1,-1,-1
48,1,364.83,251.82,255.84,560.92,1,-1,-1,-1
49,1,368.68,249.52,258.07,566.57,1,-1,-1,-1
50,1,377.11,248.07,263.06,570.19,1,-1,-1,-1
51,1,391.47,247.86,262.14,568.16,1,-1,-1,-1
52,1,395.90,240.00,269.17,574.26,1,-1,-1,-1
53,1,405.36,240.45,282.00,576.71,1,-1,-1,-1
54,1,423.55,241.01,284.26,582.88,1,-1,-1,-1
55,1,437.88,243.22,292.69,585.67,1,-1,-1,-1
56,1,446.71,239.62,290.72,590.07,1,-1,-1,-1
57,1,465.10,245.07,277.71,592.99,1,-1,-1,-1
58,1,483.10,244.83,263.24,596.25,1,-1,-1,-1
59,1,488.49,243.79,260.78,595.14,1,-1,-1,-1
60,1,503.37,232.62,246.78,607.23,1,-1,-1,-1
61,1,537.00,220.00,189.00,630.00,1,-1,-1,-1
62,1,567.42,221.39,187.31,635.59,1,-1,-1,-1
63,1,570.72,222.13,200.02,626.21,1,-1,-1,-1
64,1,574.54,229.71,218.19,621.59,1,-1,-1,-1
65,1,585.93,229.73,224.76,625.68,1,-1,-1,-1
66,1,599.09,228.81,228.71,635.86,1,-1,-1,-1
67,1,607.06,217.34,228.61,655.23,1,-1,-1,-1
68,1,612.55,216.25,223.91,663.54,1,-1,-1,-1
69,1,627.94,215.91,224.93,666.62,1,-1,-1,-1
70,1,661.83,218.05,223.93,666.55,1,-1,-1,-1
71,1,687.75,196.77,213.43,696.39,1,-1,-1,-1
72,1,706.43,203.79,210.72,699.03,1,-1,-1,-1
73,1,695.67,206.08,226.95,696.87,1,-1,-1,-1
74,1,714.79,213.65,230.42,694.97,1,-1,-1,-1
75,1,734.03,205.74,235.20,709.25,1,-1,-1,-1
76,1,749.56,202.57,258.79,729.72,1,-1,-1,-1
77,1,765.85,194.98,284.47,757.00,1,-1,-1,-1
78,1,774.92,187.21,296.38,768.10,1,-1,-1,-1
79,1,797.18,194.10,301.62,767.76,1,-1,-1,-1
80,1,830.93,205.95,278.46,770.52,1,-1,-1,-1
81,1,857.32,206.21,250.65,772.66,1,-1,-1,-1
82,1,872.32,204.28,240.64,769.61,1,-1,-1,-1
83,1,894.14,185.10,228.44,799.95,1,-1,-1,-1
84,1,916.00,187.33,239.80,794.62,1,-1,-1,-1
85,1,945.19,182.77,263.02,799.31,1,-1,-1,-1
86,1,950.78,204.56,291.05,782.43,1,-1,-1,-1
87,1,967.54,209.93,324.76,778.34,1,-1,-1,-1
88,1,1001.48,197.55,315.94,788.91,1,-1,-1,-1
89,1,1037.00,193.37,299.62,795.04,1,-1,-1,-1
90,1,1068.47,195.16,276.64,792.55,1,-1,-1,-1
91,1,1115.91,176.64,255.70,806.02,1,-1,-1,-1
92,1,1163.29,164.27,245.76,811.59,1,-1,-1,-1
93,1,1194.05,162.28,275.40,830.37,1,-1,-1,-1
94,1,1221.30,161.17,299.39,847.35,1,-1,-1,-1
95,1,1248.77,160.38,296.97,852.05,1,-1,-1,-1
96,1,1274.17,168.92,302.60,846.16,1,-1,-1,-1
97,2,1.31,315.59,84.51,539.07,1,-1,-1,-1
97,1,1284.94,174.69,304.33,829.05,1,-1,-1,-1
98,2,6.26,284.11,113.52,532.13,1,-1,-1,-1
98,1,1317.98,176.77,288.37,826.71,1,-1,-1,-1
99,2,12.76,262.43,154.78,557.75,1,-1,-1,-1
99,1,1333.00,168.58,277.36,837.58,1,-1,-1,-1
100,2,6.00,245.00,247.00,560.00,1,-1,-1,-1
100,1,1341.84,170.20,278.89,833.08,1,-1,-1,-1
101,2,1.53,246.23,264.08,561.47,1,-1,-1,-1
101,1,1357.63,166.76,280.91,841.50,1,-1,-1,-1
102,2,17.01,239.29,259.25,577.80,1,-1,-1,-1
102,1,1356.00,161.00,338.00,845.00,1,-1,-1,-1
103,2,25.26,240.08,260.34,570.28,1,-1,-1,-1
103,1,1366.80,172.04,343.32,836.67,1,-1,-1,-1
104,2,34.37,235.47,249.75,570.08,1,-1,-1,-1
104,1,1370.03,176.28,350.23,823.52,1,-1,-1,-1
105,2,50.18,227.22,248.86,574.23,1,-1,-1,-1
105,1,1385.72,173.47,334.75,825.23,1,-1,-1,-1
106,2,74.33,222.78,242.94,578.09,1,-1,-1,-1
106,1,1387.20,178.08,322.44,806.54,1,-1,-1,-1
107,2,84.95,221.63,255.77,577.17,1,-1,-1,-1
107,1,1401.02,181.71,303.55,793.67,1,-1,-1,-1
108,2,109.21,223.36,272.98,573.81,1,-1,-1,-1
108,1,1413.09,173.29,290.58,786.02,1,-1,-1,-1
109,2,127.13,231.94,281.54,561.42,1,-1,-1,-1
109,1,1432.37,180.31,273.68,769.56,1,-1,-1,-1
110,2,156.72,233.55,260.39,558.99,1,-1,-1,-1
110,1,1422.02,183.40,284.22,771.57,1,-1,-1,-1
111,2,176.15,237.56,247.65,554.52,1,-1,-1,-1
111,1,1414.95,184.67,282.47,765.50,1,-1,-1,-1
112,2,195.73,234.45,233.59,551.30,1,-1,-1,-1
112,1,1393.36,189.80,293.90,766.26,1,-1,-1,-1
113,2,213.07,222.31,229.60,566.78,1,-1,-1,-1
113,1,1380.22,185.90,294.01,761.01,1,-1,-1,-1
114,2,236.29,222.77,233.76,571.14,1,-1,-1,-1
114,1,1376.17,183.50,291.40,740.48,1,-1,-1,-1
115,2,251.62,207.08,237.60,580.35,1,-1,-1,-1
115,1,1372.63,185.10,281.69,724.74,1,-1,-1,-1
116,2,283.00,227.00,245.00,569.00,1,-1,-1,-1
116,1,1360.49,188.08,280.47,712.96,1,-1,-1,-1
117,2,286.07,225.54,254.78,570.03,1,-1,-1,-1
117,1,1354.76,191.18,280.34,705.43,1,-1,-1,-1
118,2,302.14,227.35,264.82,566.26,1,-1,-1,-1
118,1,1332.30,191.48,282.44,701.62,1,-1,-1,-1
119,2,317.14,228.38,251.00,561.94,1,-1,-1,-1
119,1,1310.48,196.42,286.52,694.21,1,-1,-1,-1
120,2,334.93,230.87,250.01,558.48,1,-1,-1,-1
120,1,1300.88,203.81,285.56,686.98,1,-1,-1,-1
121,2,342.35,228.93,257.48,557.53,1,-1,-1,-1
121,1,1292.77,205.65,292.80,687.85,1,-1,-1,-1
122,2,363.55,227.03,239.68,557.59,1,-1,-1,-1
122,1,1274.56,203.96,270.13,690.80,1,-1,-1,-1
123,2,382.75,222.99,246.02,557.56,1,-1,-1,-1
123,1,1259.16,189.38,245.48,708.46,1,-1,-1,-1
124,2,407.32,220.38,237.92,555.96,1,-1,-1,-1
124,1,1236.59,181.64,251.32,730.62,1,-1,-1,-1
125,2,414.74,219.25,239.50,554.07,1,-1,-1,-1
125,1,1224.45,182.61,253.81,727.97,1,-1,-1,-1
126,2,440.94,225.72,241.98,556.20,1,-1,-1,-1
126,1,1199.09,187.30,249.98,729.07,1,-1,-1,-1
127,2,459.41,231.23,241.72,555.59,1,-1,-1,-1
127,1,1165.60,189.51,266.48,727.33,1,-1,-1,-1
128,2,489.45,228.39,226.77,563.26,1,-1,-1,-1
128,1,1139.12,183.43,282.68,745.70,1,-1,-1,-1
129,2,498.73,222.35,224.03,570.37,1,-1,-1,-1
129,1,1134.29,197.08,280.84,738.72,1,-1,-1,-1
130,2,521.89,219.46,225.22,566.53,1,-1,-1,-1
130,1,1125.79,201.26,280.79,728.59,1,-1,-1,-1
131,2,543.38,215.85,220.61,568.53,1,-1,-1,-1
131,1,1106.49,197.51,280.82,728.68,1,-1,-1,-1
132,2,561.51,206.51,223.28,578.16,1,-1,-1,-1
132,1,1089.21,195.31,284.72,741.50,1,-1,-1,-1
133,2,580.54,212.60,232.60,572.84,1,-1,-1,-1
133,1,1064.28,193.62,307.23,754.60,1,-1,-1,-1
134,2,589.19,214.46,248.34,576.63,1,-1,-1,-1
134,1,1052.18,189.24,321.66,770.50,1,-1,-1,-1
135,2,608.20,218.65,247.76,579.75,1,-1,-1,-1
135,1,1021.85,185.41,345.86,794.87,1,-1,-1,-1
136,2,625.81,224.31,244.49,577.14,1,-1,-1,-1
136,1,999.24,184.08,357.91,812.23,1,-1,-1,-1
137,2,642.71,220.55,245.24,583.08,1,-1,-1,-1
137,1,980.64,187.16,356.34,804.94,1,-1,-1,-1
138,2,653.85,212.49,247.46,586.44,1,-1,-1,-1
138,1,971.52,193.97,337.73,840.39,1,-1,-1,-1
139,2,657.92,211.43,248.75,573.65,1,-1,-1,-1
139,1,961.82,180.53,337.42,854.56,1,-1,-1,-1
140,2,674.58,210.86,244.34,568.21,1,-1,-1,-1
140,1,958.72,180.93,323.00,849.96,1,-1,-1,-1
141,2,709.45,204.73,226.52,574.75,1,-1,-1,-1
141,1,959.91,168.05,306.20,863.97,1,-1,-1,-1
142,2,733.99,211.15,234.28,567.15,1,-1,-1,-1
142,1,955.34,156.07,292.32,876.66,1,-1,-1,-1
143,2,761.56,214.17,228.68,571.27,1,-1,-1,-1
143,1,927.42,157.32,298.82,896.38,1,-1,-1,-1
144,2,781.47,214.10,222.32,576.56,1,-1,-1,-1
144,1,878.54,170.35,332.50,907.09,1,-1,-1,-1
145,2,791.33,215.47,223.87,571.09,1,-1,-1,-1
145,1,830.30,160.67,369.00,924.30,1,-1,-1,-1
146,2,810.95,215.25,209.80,561.03,1,-1,-1,-1
146,1,825.34,176.73,357.03,908.73,1,-1,-1,-1
147,1,821.58,169.32,343.32,916.21,1,-1,-1,-1
148,1,813.49,153.36,322.95,922.75,1,-1,-1,-1
149,1,801.93,154.19,322.54,920.03,1,-1,-1,-1
150,1,780.01,143.53,335.08,927.60,1,-1,-1,-1
151,1,745.16,151.33,350.78,922.86,1,-1,-1,-1
152,2,943.00,224.00,177.00,529.00,1,-1,-1,-1
152,1,710.57,162.32,347.67,911.73,1,-1,-1,-1
153,2,944.15,218.52,187.75,539.57,1,-1,-1,-1
153,1,686.73,162.79,323.43,912.69,1,-1,-1,-1
154,2,953.12,212.44,193.79,554.54,1,-1,-1,-1
154,1,660.31,172.67,332.52,912.10,1,-1,-1,-1
155,2,971.85,217.37,189.90,546.05,1,-1,-1,-1
155,1,639.59,164.63,346.07,922.16,1,-1,-1,-1
156,2,996.49,214.54,176.29,550.54,1,-1,-1,-1
156,1,591.55,163.73,371.91,920.91,1,-1,-1,-1
157,2,1015.35,208.82,169.65,548.16,1,-1,-1,-1
157,1,536.94,158.62,376.51,928.79,1,-1,-1,-1
158,2,1036.18,200.48,174.11,556.41,1,-1,-1,-1
158,1,492.55,151.57,382.25,936.34,1,-1,-1,-1
159,2,1049.61,195.82,178.60,566.86,1,-1,-1,-1
159,1,461.77,147.09,394.61,940.42,1,-1,-1,-1
160,2,1067.30,205.93,188.28,552.99,1,-1,-1,-1
160,1,440.36,156.95,406.88,931.15,1,-1,-1,-1
161,2,1080.52,207.70,199.06,546.90,1,-1,-1,-1
161,1,436.00,155.84,409.03,932.18,1,-1,-1,-1
162,2,1093.16,203.13,207.91,561.84,1,-1,-1,-1
162,1,426.78,156.79,415.69,934.25,1,-1,-1,-1
163,2,1102.88,207.24,219.17,563.51,1,-1,-1,-1
163,1,426.94,157.46,410.07,937.75,1,-1,-1,-1
164,2,1117.38,217.26,217.92,556.23,1,-1,-1,-1
164,1,432.05,158.25,404.62,936.10,1,-1,-1,-1
165,2,1155.95,215.15,188.84,551.46,1,-1,-1,-1
165,1,444.93,160.50,388.46,934.52,1,-1,-1,-1
166,2,1178.36,200.64,173.77,557.94,1,-1,-1,-1
166,1,467.62,160.41,368.51,934.13,1,-1,-1,-1
167,2,1193.21,206.02,179.70,560.74,1,-1,-1,-1
167,1,482.08,161.26,355.31,932.67,1,-1,-1,-1
168,2,1195.76,196.33,190.51,576.91,1,-1,-1,-1
168,1,493.35,160.28,347.65,930.47,1,-1,-1,-1
169,2,1206.11,205.05,214.76,574.16,1,-1,-1,-1
169,1,508.96,159.84,339.79,923.16,1,-1,-1,-1
170,2,1223.99,207.92,238.17,574.25,1,-1,-1,-1
170,1,525.08,165.36,329.45,915.04,1,-1,-1,-1
171,2,1236.18,200.79,231.07,587.02,1,-1,-1,-1
171,1,534.67,168.54,325.08,901.07,1,-1,-1,-1
172,2,1253.63,190.61,226.28,604.64,1,-1,-1,-1
172,1,547.82,179.45,319.55,886.69,1,-1,-1,-1
173,2,1272.66,190.23,218.11,605.34,1,-1,-1,-1
173,1,561.07,179.65,303.82,882.52,1,-1,-1,-1
174,2,1284.41,191.17,217.29,603.30,1,-1,-1,-1
174,1,562.18,171.53,302.88,880.14,1,-1,-1,-1
175,2,1292.49,185.97,215.22,607.52,1,-1,-1,-1
175,1,561.80,167.85,297.79,871.55,1,-1,-1,-1
176,2,1307.91,193.73,218.10,595.33,1,-1,-1,-1
176,1,563.59,170.61,298.41,869.77,1,-1,-1,-1
177,2,1324.28,192.35,221.07,595.26,1,-1,-1,-1
177,1,565.96,169.91,317.39,861.23,1,-1,-1,-1
178,2,1337.40,190.10,228.74,608.47,1,-1,-1,-1
178,1,571.19,171.00,334.25,840.67,1,-1,-1,-1
179,2,1342.00,176.00,285.00,643.00,1,-1,-1,-1
179,1,569.09,180.30,339.01,822.39,1,-1,-1,-1
180,2,1340.36,177.86,289.78,646.95,1,-1,-1,-1
180,1,566.76,187.27,332.40,808.60,1,-1,-1,-1
181,2,1347.25,182.83,300.74,649.03,1,-1,-1,-1
181,1,559.72,194.53,336.50,793.57,1,-1,-1,-1
182,2,1353.11,180.63,288.05,662.72,1,-1,-1,-1
182,1,558.38,198.63,319.51,779.71,1,-1,-1,-1
183,2,1354.33,175.74,306.76,671.60,1,-1,-1,-1
183,1,553.89,199.08,310.36,759.60,1,-1,-1,-1
184,2,1359.92,174.99,313.82,677.14,1,-1,-1,-1
184,1,558.39,195.61,282.80,746.74,1,-1,-1,-1
185,2,1356.31,174.29,321.93,680.79,1,-1,-1,-1
185,1,560.16,196.53,275.93,736.37,1,-1,-1,-1
186,3,0.00,272.87,136.99,522.95,1,-1,-1,-1
186,2,1377.91,169.28,297.60,688.90,1,-1,-1,-1
186,1,572.15,202.94,249.81,731.78,1,-1,-1,-1
187,3,4.66,261.65,171.22,531.32,1,-1,-1,-1
187,2,1385.23,162.43,296.18,705.33,1,-1,-1,-1
187,1,586.00,203.66,238.34,719.57,1,-1,-1,-1
188,3,9.88,259.43,186.67,544.84,1,-1,-1,-1
188,2,1383.50,161.80,297.36,727.26,1,-1,-1,-1
188,1,590.81,205.29,254.92,713.59,1,-1,-1,-1
189,3,10.89,258.37,184.87,547.74,1,-1,-1,-1
189,2,1385.19,161.36,300.25,736.47,1,-1,-1,-1
189,1,600.45,210.03,248.26,698.65,1,-1,-1,-1
190,3,17.21,261.74,193.61,547.45,1,-1,-1,-1
190,2,1387.15,165.88,299.75,741.23,1,-1,-1,-1
190,1,603.66,207.32,257.41,691.26,1,-1,-1,-1
191,3,23.42,255.16,191.03,567.88,1,-1,-1,-1
191,2,1391.94,163.33,285.44,746.94,1,-1,-1,-1
191,1,607.69,206.82,264.90,675.59,1,-1,-1,-1
192,3,33.90,250.71,190.71,575.64,1,-1,-1,-1
192,2,1386.08,167.43,282.01,753.68,1,-1,-1,-1
192,1,610.50,211.00,279.11,665.77,1,-1,-1,-1
193,3,42.61,249.02,193.12,576.95,1,-1,-1,-1
193,2,1372.84,162.00,283.62,763.56,1,-1,-1,-1
193,1,612.23,224.49,281.74,652.09,1,-1,-1,-1
194,3,50.83,246.75,194.73,574.27,1,-1,-1,-1
194,2,1359.63,167.13,290.34,751.94,1,-1,-1,-1
194,1,621.07,223.06,285.08,648.26,1,-1,-1,-1
195,3,61.97,242.41,198.96,585.10,1,-1,-1,-1
195,2,1344.00,159.00,263.00,749.00,1,-1,-1,-1
195,1,649.07,231.63,284.80,641.59,1,-1,-1,-1
196,3,82.05,240.54,196.88,586.70,1,-1,-1,-1
196,2,1312.29,166.22,282.26,746.69,1,-1,-1,-1
196,1,682.46,232.65,264.46,632.42,1,-1,-1,-1
197,3,62.00,241.00,252.00,587.00,1,-1,-1,-1
197,2,1288.43,172.91,297.45,750.16,1,-1,-1,-1
197,1,709.13,233.01,250.50,622.14,1,-1,-1,-1
198,3,71.63,248.70,250.47,578.86,1,-1,-1,-1
198,2,1274.19,179.45,301.85,746.35,1,-1,-1,-1
198,1,763.90,229.30,217.34,614.22,1,-1,-1,-1
199,3,84.64,253.90,244.47,571.09,1,-1,-1,-1
199,2,1256.55,184.06,292.55,743.15,1,-1,-1,-1
199,1,779.61,217.95,208.34,603.23,1,-1,-1,-1
200,3,94.71,249.14,242.51,577.90,1,-1,-1,-1
200,2,1241.51,183.49,269.56,744.25,1,-1,-1,-1
200,1,795.01,225.02,229.87,602.41,1,-1,-1,-1
201,3,102.58,251.52,238.98,575.26,1,-1,-1,-1
201,2,1224.54,171.99,249.82,748.79,1,-1,-1,-1
201,1,811.72,226.94,242.70,585.74,1,-1,-1,-1
202,3,107.23,245.34,239.94,581.58,1,-1,-1,-1
202,2,1211.37,171.52,254.92,758.90,1,-1,-1,-1
202,1,823.70,230.14,244.78,584.30,1,-1,-1,-1
203,3,112.55,242.85,244.36,590.25,1,-1,-1,-1
203,2,1179.57,164.25,253.94,764.68,1,-1,-1,-1
203,1,840.70,231.66,248.11,578.89,1,-1,-1,-1
204,3,117.65,241.42,256.29,595.10,1,-1,-1,-1
204,2,1143.74,164.86,281.16,766.33,1,-1,-1,-1
204,1,861.78,237.29,246.67,576.26,1,-1,-1,-1
205,3,124.01,238.23,254.01,598.94,1,-1,-1,-1
205,2,1119.04,164.70,282.20,759.96,1,-1,-1,-1
205,1,890.47,234.73,236.61,577.02,1,-1,-1,-1
206,3,124.17,237.11,250.56,600.25,1,-1,-1,-1
206,2,1106.55,174.79,289.56,754.90,1,-1,-1,-1
206,1,905.44,234.95,231.07,573.04,1,-1,-1,-1
207,3,125.38,236.64,247.45,612.95,1,-1,-1,-1
207,2,1066.13,177.61,298.70,758.82,1,-1,-1,-1
207,1,937.47,241.95,211.95,579.79,1,-1,-1,-1
208,3,126.92,239.45,246.11,625.12,1,-1,-1,-1
208,2,1060.98,174.47,288.82,768.24,1,-1,-1,-1
208,1,963.38,224.85,196.82,565.26,1,-1,-1,-1
209,3,125.45,236.13,248.14,633.20,1,-1,-1,-1
209,2,1007.64,165.52,301.76,776.35,1,-1,-1,-1
210,3,125.94,234.29,247.43,642.90,1,-1,-1,-1
210,2,975.50,165.28,288.13,771.89,1,-1,-1,-1
211,3,127.30,228.35,249.23,654.09,1,-1,-1,-1
211,2,988.01,170.22,272.71,743.67,1,-1,-1,-1
212,3,121.64,226.52,254.10,657.25,1,-1,-1,-1
212,2,964.03,177.15,294.89,749.86,1,-1,-1,-1
213,3,116.35,227.20,256.72,652.51,1,-1,-1,-1
213,2,933.89,182.02,317.13,736.15,1,-1,-1,-1
214,3,114.92,221.61,255.94,660.31,1,-1,-1,-1
214,2,898.09,186.65,324.26,738.33,1,-1,-1,-1
214,1,1109.00,227.00,199.00,583.00,1,-1,-1,-1
215,3,107.61,218.10,260.82,670.08,1,-1,-1,-1
215,2,866.53,178.99,298.79,755.12,1,-1,-1,-1
215,1,1103.96,216.25,222.07,592.92,1,-1,-1,-1
216,3,98.42,220.05,268.86,684.75,1,-1,-1,-1
216,2,845.31,185.12,297.21,743.26,1,-1,-1,-1
216,1,1121.68,213.67,227.97,595.50,1,-1,-1,-1
217,3,91.93,224.08,276.49,692.88,1,-1,-1,-1
217,2,826.87,184.54,291.05,747.29,1,-1,-1,-1
217,1,1136.52,212.61,228.48,596.34,1,-1,-1,-1
218,3,87.10,223.77,280.76,694.40,1,-1,-1,-1
218,2,824.30,188.51,264.98,744.49,1,-1,-1,-1
218,1,1145.12,213.51,224.32,598.97,1,-1,-1,-1
219,3,78.06,226.24,287.57,704.51,1,-1,-1,-1
219,2,800.42,180.70,253.61,731.92,1,-1,-1,-1
219,1,1162.30,217.00,226.41,591.27,1,-1,-1,-1
220,3,68.28,224.20,296.37,713.67,1,-1,-1,-1
220,2,764.68,168.32,253.00,752.93,1,-1,-1,-1
220,1,1186.45,219.12,233.28,591.90,1,-1,-1,-1
221,3,63.69,220.54,303.44,722.57,1,-1,-1,-1
221,2,736.23,170.80,268.83,748.74,1,-1,-1,-1
221,1,1197.88,217.31,233.90,599.53,1,-1,-1,-1
222,3,50.05,212.58,315.06,742.30,1,-1,-1,-1
222,2,701.79,171.50,288.87,746.57,1,-1,-1,-1
222,1,1212.03,221.58,224.91,598.35,1,-1,-1,-1
223,3,42.91,207.71,320.27,750.17,1,-1,-1,-1
223,2,681.91,173.17,302.64,747.42,1,-1,-1,-1
223,1,1217.76,221.01,224.23,597.28,1,-1,-1,-1
224,3,41.44,206.29,323.70,758.49,1,-1,-1,-1
224,2,650.84,170.91,313.41,750.88,1,-1,-1,-1
224,1,1233.23,229.03,215.58,588.74,1,-1,-1,-1
225,3,41.42,203.00,321.30,772.70,1,-1,-1,-1
225,2,634.90,176.37,311.13,751.47,1,-1,-1,-1
225,1,1253.16,225.36,199.58,593.85,1,-1,-1,-1
226,3,45.42,199.92,314.51,788.15,1,-1,-1,-1
226,2,614.40,173.45,293.34,748.78,1,-1,-1,-1
226,1,1260.17,217.04,197.94,600.87,1,-1,-1,-1
227,3,48.10,196.85,311.36,804.54,1,-1,-1,-1
227,2,586.98,171.05,280.27,746.03,1,-1,-1,-1
227,1,1266.80,215.43,205.77,605.75,1,-1,-1,-1
228,3,54.81,196.40,312.68,825.31,1,-1,-1,-1
228,2,574.73,173.80,253.53,745.69,1,-1,-1,-1
228,1,1262.30,216.00,221.84,610.36,1,-1,-1,-1
229,3,54.70,194.78,315.62,835.22,1,-1,-1,-1
229,2,561.93,163.13,253.28,748.38,1,-1,-1,-1
229,1,1259.60,217.00,229.91,613.54,1,-1,-1,-1
230,3,60.73,193.93,310.89,835.00,1,-1,-1,-1
230,2,535.66,171.21,256.26,749.40,1,-1,-1,-1
230,1,1248.58,215.09,239.89,616.23,1,-1,-1,-1
231,3,72.64,196.01,306.92,839.00,1,-1,-1,-1
231,2,512.38,178.97,257.70,743.92,1,-1,-1,-1
231,1,1244.02,217.11,243.05,613.36,1,-1,-1,-1
232,3,79.55,190.80,304.72,844.32,1,-1,-1,-1
232,2,476.90,185.81,282.76,740.18,1,-1,-1,-1
232,1,1239.29,214.47,236.59,617.62,1,-1,-1,-1
233,3,137.00,172.00,251.00,845.00,1,-1,-1,-1
233,2,443.94,188.22,299.64,742.20,1,-1,-1,-1
233,1,1236.56,219.28,226.52,620.69,1,-1,-1,-1
234,3,151.42,174.78,250.37,852.11,1,-1,-1,-1
234,2,428.19,185.89,304.78,748.38,1,-1,-1,-1
234,1,1224.22,216.87,216.46,639.13,1,-1,-1,-1
235,3,155.61,167.69,260.53,855.73,1,-1,-1,-1
235,2,424.12,189.17,287.13,743.86,1,-1,-1,-1
235,1,1222.06,211.52,206.99,645.55,1,-1,-1,-1
236,3,164.37,157.34,262.17,879.04,1,-1,-1,-1
236,2,389.14,182.44,285.92,733.47,1,-1,-1,-1
236,1,1220.39,212.18,206.67,647.31,1,-1,-1,-1
237,3,184.14,168.62,264.53,869.82,1,-1,-1,-1
237,2,363.00,189.00,279.00,720.00,1,-1,-1,-1
237,1,1205.11,210.15,212.88,655.76,1,-1,-1,-1
238,3,189.83,157.78,305.51,880.64,1,-1,-1,-1
238,2,334.29,184.84,294.21,762.35,1,-1,-1,-1
238,1,1186.89,213.62,222.16,663.41,1,-1,-1,-1
239,3,191.68,162.74,331.89,894.72,1,-1,-1,-1
239,2,315.10,177.31,308.14,746.93,1,-1,-1,-1
239,1,1161.22,207.65,225.82,674.54,1,-1,-1,-1
240,3,187.71,156.23,352.67,905.61,1,-1,-1,-1
240,2,266.77,166.80,333.43,556.04,1,-1,-1,-1
240,1,1146.37,204.29,228.69,682.84,1,-1,-1,-1
241,3,196.11,160.22,335.17,910.96,1,-1,-1,-1
241,2,332.67,231.82,215.47,556.04,1,-1,-1,-1
241,1,1138.52,203.56,229.90,685.69,1,-1,-1,-1
242,3,197.94,143.25,335.44,926.80,1,-1,-1,-1
242,2,353.67,232.67,219.51,566.47,1,-1,-1,-1
242,1,1126.48,195.91,219.75,694.86,1,-1,-1,-1
243,3,194.46,154.07,335.65,915.23,1,-1,-1,-1
243,1,1109.87,195.52,228.35,692.67,1,-1,-1,-1
244,3,211.77,143.21,322.38,928.43,1,-1,-1,-1
244,1,1088.72,195.85,241.16,701.68,1,-1,-1,-1
245,3,213.39,137.10,330.45,929.92,1,-1,-1,-1
245,1,1076.84,203.51,251.04,695.47,1,-1,-1,-1
246,3,223.86,133.66,327.78,929.76,1,-1,-1,-1
246,1,1056.26,198.08,260.84,699.97,1,-1,-1,-1
247,3,207.71,126.57,351.91,934.37,1,-1,-1,-1
247,1,1045.64,200.85,240.78,692.61,1,-1,-1,-1
248,3,191.57,133.48,370.04,926.31,1,-1,-1,-1
248,1,1031.62,206.50,229.29,681.47,1,-1,-1,-1
249,3,196.64,139.17,376.47,916.05,1,-1,-1,-1
249,1,1011.55,210.27,221.02,667.08,1,-1,-1,-1
250,3,211.75,139.85,369.18,921.98,1,-1,-1,-1
250,1,1008.63,203.85,219.43,670.46,1,-1,-1,-1
251,3,330.68,143.92,285.19,921.75,1,-1,-1,-1
251,2,119.00,156.00,308.00,842.00,1,-1,-1,-1
251,1,989.53,210.73,214.31,671.51,1,-1,-1,-1
252,3,349.03,136.36,297.67,924.02,1,-1,-1,-1
252,2,105.89,161.73,309.29,843.33,1,-1,-1,-1
252,1,968.93,207.52,223.27,671.95,1,-1,-1,-1
253,3,335.00,108.00,338.00,962.00,1,-1,-1,-1
253,2,97.38,161.20,300.29,857.05,1,-1,-1,-1
253,1,939.06,206.33,237.37,671.99,1,-1,-1,-1
254,3,351.60,121.15,360.40,945.56,1,-1,-1,-1
254,2,87.58,163.78,302.12,853.26,1,-1,-1,-1
254,1,935.37,205.67,234.13,676.09,1,-1,-1,-1
255,3,352.70,120.20,373.86,946.93,1,-1,-1,-1
255,2,68.32,156.08,318.41,874.53,1,-1,-1,-1
255,1,926.41,213.77,229.03,669.77,1,-1,-1,-1
256,3,357.12,111.22,381.36,955.19,1,-1,-1,-1
256,2,56.69,153.61,332.57,879.11,1,-1,-1,-1
256,1,917.44,215.01,219.73,662.65,1,-1,-1,-1
257,3,371.08,105.03,392.74,967.18,1,-1,-1,-1
257,2,57.81,144.79,327.61,891.53,1,-1,-1,-1
257,1,899.78,217.79,216.79,650.43,1,-1,-1,-1
258,3,392.88,114.52,398.13,970.66,1,-1,-1,-1
258,2,57.88,140.17,327.23,905.89,1,-1,-1,-1
258,1,891.83,212.90,204.29,655.51,1,-1,-1,-1
259,3,424.57,119.50,385.66,968.28,1,-1,-1,-1
259,2,45.00,138.75,342.61,925.92,1,-1,-1,-1
259,1,880.45,207.96,202.37,660.38,1,-1,-1,-1
260,3,450.82,115.01,374.71,968.37,1,-1,-1,-1
260,2,59.48,142.66,325.86,934.46,1,-1,-1,-1
260,1,864.91,215.44,206.55,649.89,1,-1,-1,-1
261,3,457.79,106.25,383.00,979.91,1,-1,-1,-1
261,2,60.96,140.47,327.47,942.30,1,-1,-1,-1
261,1,862.02,216.79,207.68,646.29,1,-1,-1,-1
262,3,480.92,98.69,363.48,992.53,1,-1,-1,-1
262,2,67.20,143.23,316.06,934.73,1,-1,-1,-1
262,1,861.27,221.31,201.93,648.10,1,-1,-1,-1
263,3,511.84,94.10,363.64,1006.90,1,-1,-1,-1
263,2,80.44,135.95,313.02,941.98,1,-1,-1,-1
263,1,850.03,224.52,202.72,640.00,1,-1,-1,-1
264,3,553.54,88.99,371.35,1013.87,1,-1,-1,-1
264,2,101.26,144.43,314.24,925.26,1,-1,-1,-1
264,1,834.10,228.20,202.10,627.43,1,-1,-1,-1
265,3,597.00,49.00,392.00,1023.00,1,-1,-1,-1
265,2,113.66,151.61,307.86,917.29,1,-1,-1,-1
265,1,839.19,223.16,206.21,627.83,1,-1,-1,-1
266,4,708.28,36.39,217.76,304.14,1,-1,-1,-1
266,3,636.82,120.06,401.13,952.10,1,-1,-1,-1
266,2,133.67,141.37,307.22,921.60,1,-1,-1,-1
266,1,851.35,221.91,214.30,627.83,1,-1,-1,-1
267,4,745.35,30.92,217.00,304.00,1,-1,-1,-1
267,3,671.10,80.01,399.60,981.33,1,-1,-1,-1
267,2,142.80,136.96,312.53,914.74,1,-1,-1,-1
268,4,809.81,44.79,217.00,304.00,1,-1,-1,-1
268,3,731.42,86.23,390.67,991.65,1,-1,-1,-1
268,2,153.98,135.89,350.76,928.71,1,-1,-1,-1
269,3,782.93,87.06,385.65,997.39,1,-1,-1,-1
269,2,177.46,138.62,363.79,934.94,1,-1,-1,-1
270,3,812.89,80.82,385.06,1002.06,1,-1,-1,-1
270,2,199.69,136.81,370.78,942.44,1,-1,-1,-1
271,3,822.09,62.97,405.27,1020.68,1,-1,-1,-1
271,2,219.76,148.04,379.60,934.86,1,-1,-1,-1
271,1,819.00,266.00,122.00,575.00,1,-1,-1,-1
272,3,859.73,46.43,409.42,1026.61,1,-1,-1,-1
272,2,249.37,137.25,374.14,945.29,1,-1,-1,-1
272,1,813.72,249.42,152.77,603.92,1,-1,-1,-1
273,3,937.80,33.16,375.81,1047.56,1,-1,-1,-1
273,2,286.10,128.20,331.87,948.78,1,-1,-1,-1
273,1,809.19,237.64,154.47,634.24,1,-1,-1,-1
274,3,958.37,51.29,384.19,1051.56,1,-1,-1,-1
274,2,301.66,117.58,326.94,965.96,1,-1,-1,-1
274,1,801.10,233.87,160.99,638.81,1,-1,-1,-1
275,3,983.69,52.88,404.05,1048.61,1,-1,-1,-1
275,2,334.40,117.61,330.71,963.67,1,-1,-1,-1
275,1,791.46,224.17,170.94,647.70,1,-1,-1,-1
276,3,1041.88,52.71,390.16,1045.19,1,-1,-1,-1
276,2,373.00,77.00,320.00,982.00,1,-1,-1,-1
276,1,773.99,222.55,178.44,650.76,1,-1,-1,-1
277,3,1076.05,60.46,388.42,1037.65,1,-1,-1,-1
277,2,393.13,87.36,337.26,988.25,1,-1,-1,-1
277,1,754.70,224.02,186.39,654.83,1,-1,-1,-1
278,3,1107.83,59.60,388.33,1041.86,1,-1,-1,-1
278,2,418.14,95.69,343.36,986.02,1,-1,-1,-1
278,1,742.05,220.06,191.44,676.91,1,-1,-1,-1
279,3,1140.37,62.53,386.39,1030.69,1,-1,-1,-1
279,2,464.13,112.66,359.63,972.96,1,-1,-1,-1
279,1,704.00,223.00,248.00,675.00,1,-1,-1,-1
280,3,1164.48,64.49,396.34,1023.12,1,-1,-1,-1
280,2,490.82,98.20,325.45,991.64,1,-1,-1,-1
280,1,702.97,215.62,242.47,686.72,1,-1,-1,-1
281,3,1188.07,67.77,416.01,1018.39,1,-1,-1,-1
281,2,526.18,97.44,328.30,974.60,1,-1,-1,-1
281,1,698.41,205.20,243.61,704.12,1,-1,-1,-1
282,3,1216.03,62.74,427.83,1023.99,1,-1,-1,-1
282,2,563.26,100.47,340.33,954.63,1,-1,-1,-1
282,1,672.38,209.46,258.70,704.12,1,-1,-1,-1
283,4,648.00,85.00,169.00,239.00,1,-1,-1,-1
283,3,1235.47,60.73,438.80,1006.34,1,-1,-1,-1
283,2,595.37,102.54,307.74,964.04,1,-1,-1,-1
283,1,659.31,216.72,258.70,704.12,1,-1,-1,-1
284,4,661.42,80.53,169.00,239.00,1,-1,-1,-1
284,3,1253.05,67.63,448.19,1014.50,1,-1,-1,-1
284,2,619.52,98.40,289.51,957.60,1,-1,-1,-1
284,1,652.05,215.27,258.70,704.12,1,-1,-1,-1
285,4,696.55,73.50,169.00,239.00,1,-1,-1,-1
285,3,1273.36,73.74,452.91,1015.01,1,-1,-1,-1
285,2,634.81,83.22,298.82,961.12,1,-1,-1,-1
286,3,1289.86,69.28,447.98,1021.01,1,-1,-1,-1
286,2,629.74,95.85,325.31,961.34,1,-1,-1,-1
287,3,1298.29,73.78,446.67,1012.14,1,-1,-1,-1
287,2,621.26,118.86,353.50,962.90,1,-1,-1,-1
288,3,1320.49,87.62,435.45,988.08,1,-1,-1,-1
288,2,613.91,115.47,374.56,953.72,1,-1,-1,-1
289,3,1336.81,94.62,417.09,971.69,1,-1,-1,-1
289,2,573.96,167.81,272.90,865.76,1,-1,-1,-1
289,1,721.00,188.00,324.00,885.00,1,-1,-1,-1
290,3,1344.37,86.94,409.61,976.83,1,-1,-1,-1
290,2,524.75,192.62,286.25,809.22,1,-1,-1,-1
290,1,719.34,151.77,322.52,920.58,1,-1,-1,-1
291,3,1351.96,91.13,405.39,967.38,1,-1,-1,-1
291,2,470.00,198.00,316.00,796.00,1,-1,-1,-1
291,1,766.43,136.71,307.19,930.24,1,-1,-1,-1
292,3,1354.09,87.38,410.78,971.92,1,-1,-1,-1
292,2,460.68,206.29,319.30,799.87,1,-1,-1,-1
292,1,817.18,132.53,287.59,931.03,1,-1,-1,-1
293,3,1375.53,88.48,392.37,975.90,1,-1,-1,-1
293,2,445.22,204.82,329.28,814.75,1,-1,-1,-1
293,1,837.23,125.61,289.54,932.37,1,-1,-1,-1
294,3,1376.21,93.07,404.27,967.27,1,-1,-1,-1
294,2,420.31,209.33,347.97,817.20,1,-1,-1,-1
294,1,890.42,81.58,304.53,957.29,1,-1,-1,-1
295,3,1392.31,91.18,382.84,977.95,1,-1,-1,-1
295,2,386.85,200.77,375.35,832.23,1,-1,-1,-1
295,1,916.15,94.67,331.57,954.10,1,-1,-1,-1
296,3,1397.78,92.65,388.05,966.27,1,-1,-1,-1
296,2,379.70,192.78,377.31,848.43,1,-1,-1,-1
296,1,939.57,111.89,346.69,944.96,1,-1,-1,-1
297,3,1403.64,96.19,380.41,962.56,1,-1,-1,-1
297,2,373.89,188.73,377.26,858.59,1,-1,-1,-1
297,1,968.58,111.61,347.60,953.94,1,-1,-1,-1
298,3,1409.81,111.34,376.34,945.61,1,-1,-1,-1
298,2,376.49,186.01,365.54,865.16,1,-1,-1,-1
298,1,994.18,106.80,345.48,947.44,1,-1,-1,-1
299,3,1415.78,118.40,375.65,923.86,1,-1,-1,-1
299,2,380.37,187.26,336.35,864.82,1,-1,-1,-1
299,1,1033.54,109.45,331.76,945.71,1,-1,-1,-1
300,3,1426.06,115.61,369.58,938.33,1,-1,-1,-1
300,2,386.68,187.87,313.49,865.71,1,-1,-1,-1
300,1,1061.29,112.41,321.12,949.74,1,-1,-1,-1
301,3,1431.35,119.87,374.46,931.24,1,-1,-1,-1
301,2,398.18,192.88,301.42,858.10,1,-1,-1,-1
301,1,1085.43,96.37,331.31,971.07,1,-1,-1,-1
302,3,1433.47,119.07,366.96,926.63,1,-1,-1,-1
302,2,401.67,191.42,298.08,861.42,1,-1,-1,-1
302,1,1099.81,99.50,334.95,964.12,1,-1,-1,-1
303,3,1436.97,118.54,366.36,916.12,1,-1,-1,-1
303,2,410.09,192.44,295.58,859.42,1,-1,-1,-1
303,1,1123.88,98.31,347.13,978.24,1,-1,-1,-1
304,3,1442.44,113.60,357.66,910.25,1,-1,-1,-1
304,2,418.42,185.86,295.15,872.86,1,-1,-1,-1
304,1,1146.75,101.75,346.93,981.02,1,-1,-1,-1
305,3,1440.31,112.47,348.79,890.84,1,-1,-1,-1
305,2,430.41,188.50,292.16,867.55,1,-1,-1,-1
305,1,1269.36,102.63,360.76,979.76,1,-1,-1,-1
306,3,1440.72,121.94,334.46,881.42,1,-1,-1,-1
306,2,438.25,195.15,293.58,863.31,1,-1,-1,-1
306,1,1205.00,108.00,362.00,970.00,1,-1,-1,-1
307,3,1469.00,133.00,291.00,904.00,1,-1,-1,-1
307,2,449.71,195.46,297.55,864.75,1,-1,-1,-1
307,1,1219.75,118.37,377.00,951.53,1,-1,-1,-1
308,3,1478.29,135.67,270.88,757.28,1,-1,-1,-1
308,2,453.57,199.28,316.62,866.93,1,-1,-1,-1
308,1,1241.55,119.12,403.95,947.97,1,-1,-1,-1
309,3,1497.79,148.79,224.66,586.92,1,-1,-1,-1
309,2,456.22,193.29,323.18,871.08,1,-1,-1,-1
309,1,1257.78,132.38,404.75,937.17,1,-1,-1,-1
310,3,1524.24,194.20,188.93,586.92,1,-1,-1,-1
310,2,454.04,191.48,333.95,869.95,1,-1,-1,-1
310,1,1290.10,118.63,400.48,943.61,1,-1,-1,-1
311,3,1536.97,213.87,188.93,586.92,1,-1,-1,-1
311,2,452.10,194.66,335.25,878.79,1,-1,-1,-1
311,1,1306.17,106.32,412.20,952.40,1,-1,-1,-1
312,2,445.20,190.73,346.27,885.08,1,-1,-1,-1
312,1,1329.56,101.90,413.33,944.89,1,-1,-1,-1
313,2,435.85,189.79,358.33,887.90,1,-1,-1,-1
313,1,1348.99,97.12,431.58,941.98,1,-1,-1,-1
314,2,428.19,189.95,362.51,887.61,1,-1,-1,-1
314,1,1354.55,101.35,438.71,942.45,1,-1,-1,-1
315,2,415.27,185.78,372.43,893.95,1,-1,-1,-1
315,1,1373.03,106.03,425.45,949.68,1,-1,-1,-1
316,2,405.04,187.82,375.40,889.13,1,-1,-1,-1
316,1,1375.50,127.81,421.56,938.55,1,-1,-1,-1
317,2,408.26,190.87,369.73,875.80,1,-1,-1,-1
317,1,1381.12,126.10,419.86,930.32,1,-1,-1,-1
318,2,414.03,181.09,360.25,878.42,1,-1,-1,-1
318,1,1382.16,129.21,406.92,887.80,1,-1,-1,-1
319,3,1388.00,103.00,495.00,950.00,1,-1,-1,-1
319,2,426.56,182.37,347.96,864.63,1,-1,-1,-1
319,1,1378.40,128.32,315.76,832.46,1,-1,-1,-1
320,3,1382.07,113.31,465.66,938.93,1,-1,-1,-1
320,2,435.04,179.40,336.33,860.26,1,-1,-1,-1
320,1,1360.07,132.51,276.44,803.90,1,-1,-1,-1
321,3,1397.22,115.17,464.48,926.50,1,-1,-1,-1
321,2,442.03,180.48,332.70,854.65,1,-1,-1,-1
321,1,1350.76,139.05,271.24,783.29,1,-1,-1,-1
322,3,1427.00,120.83,408.27,915.80,1,-1,-1,-1
322,2,449.54,178.86,328.87,850.55,1,-1,-1,-1
322,1,1349.00,178.00,251.00,728.00,1,-1,-1,-1
323,3,1438.15,102.65,389.60,931.96,1,-1,-1,-1
323,2,456.89,177.51,322.32,844.02,1,-1,-1,-1
323,1,1331.88,169.48,261.30,712.50,1,-1,-1,-1
324,3,1446.77,101.33,385.19,930.64,1,-1,-1,-1
324,2,467.70,180.46,314.84,834.80,1,-1,-1,-1
324,1,1326.57,174.56,263.64,695.70,1,-1,-1,-1
325,3,1455.87,109.92,379.24,918.52,1,-1,-1,-1
325,2,476.62,189.33,310.90,816.93,1,-1,-1,-1
325,1,1319.96,176.49,255.53,676.03,1,-1,-1,-1
326,3,1468.29,110.45,363.85,888.28,1,-1,-1,-1
326,2,486.99,193.40,303.22,799.15,1,-1,-1,-1
326,1,1313.77,180.47,285.46,662.63,1,-1,-1,-1
327,3,1475.76,113.35,352.71,870.32,1,-1,-1,-1
327,2,498.16,197.36,297.95,766.39,1,-1,-1,-1
327,1,1305.44,184.44,241.94,649.83,1,-1,-1,-1
328,3,1466.95,114.80,363.15,867.28,1,-1,-1,-1
328,2,512.05,200.04,289.60,746.86,1,-1,-1,-1
328,1,1289.11,195.91,231.89,639.99,1,-1,-1,-1
329,3,1455.07,116.93,372.26,845.26,1,-1,-1,-1
329,2,519.98,198.23,286.04,739.78,1,-1,-1,-1
329,1,1276.71,196.98,234.67,629.01,1,-1,-1,-1
330,3,1442.03,128.21,376.93,837.84,1,-1,-1,-1
330,2,526.27,203.43,282.44,730.81,1,-1,-1,-1
330,1,1268.85,202.05,220.37,627.93,1,-1,-1,-1
331,3,1446.67,135.21,378.80,830.08,1,-1,-1,-1
331,2,531.52,205.88,279.50,723.89,1,-1,-1,-1
331,1,1264.15,205.68,220.55,624.33,1,-1,-1,-1
332,3,1434.68,137.31,376.91,817.04,1,-1,-1,-1
332,2,537.85,216.12,280.85,710.86,1,-1,-1,-1
332,1,1255.42,205.71,214.26,626.70,1,-1,-1,-1
333,3,1428.71,143.78,371.60,812.35,1,-1,-1,-1
333,2,546.12,225.27,277.23,701.36,1,-1,-1,-1
333,1,1240.73,206.71,209.89,631.28,1,-1,-1,-1
334,3,1411.01,148.70,379.28,803.12,1,-1,-1,-1
334,2,556.80,224.99,264.39,693.48,1,-1,-1,-1
334,1,1225.31,213.55,195.85,616.63,1,-1,-1,-1
335,3,1404.95,144.10,355.49,795.95,1,-1,-1,-1
335,2,578.34,225.95,251.00,681.05,1,-1,-1,-1
335,1,1208.25,206.27,192.08,601.35,1,-1,-1,-1
336,3,1389.24,147.42,351.01,779.90,1,-1,-1,-1
336,2,591.59,221.92,233.00,676.95,1,-1,-1,-1
336,1,1190.28,218.19,197.52,595.83,1,-1,-1,-1
337,3,1386.73,146.24,319.10,779.16,1,-1,-1,-1
337,2,605.57,225.71,225.62,664.10,1,-1,-1,-1
337,1,1167.23,217.88,208.42,596.05,1,-1,-1,-1
338,3,1384.11,148.46,314.73,777.87,1,-1,-1,-1
338,2,611.93,225.89,220.81,660.05,1,-1,-1,-1
338,1,1160.61,218.59,210.41,592.67,1,-1,-1,-1
339,3,1360.30,149.02,323.63,773.41,1,-1,-1,-1
339,2,617.44,222.95,224.02,647.00,1,-1,-1,-1
339,1,1151.35,205.18,215.96,601.15,1,-1,-1,-1
340,3,1331.28,153.36,334.00,766.85,1,-1,-1,-1
340,2,624.66,222.93,228.57,650.31,1,-1,-1,-1
340,1,1144.28,210.67,221.95,580.30,1,-1,-1,-1
341,3,1297.16,161.85,354.47,763.88,1,-1,-1,-1
341,2,631.30,220.71,229.04,651.37,1,-1,-1,-1
341,1,1140.02,214.87,216.63,582.07,1,-1,-1,-1
342,3,1265.72,165.90,370.17,771.86,1,-1,-1,-1
342,2,644.77,222.17,234.03,644.88,1,-1,-1,-1
342,1,1127.71,221.14,219.33,575.25,1,-1,-1,-1
343,3,1254.24,168.24,373.20,782.20,1,-1,-1,-1
343,2,651.71,226.24,234.98,646.91,1,-1,-1,-1
343,1,1121.59,225.01,218.69,572.52,1,-1,-1,-1
344,3,1244.58,164.34,374.82,786.38,1,-1,-1,-1
344,2,665.01,224.15,239.70,648.29,1,-1,-1,-1
344,1,1101.35,220.13,215.08,586.09,1,-1,-1,-1
345,3,1232.82,172.39,359.99,779.72,1,-1,-1,-1
345,2,675.06,224.22,238.20,647.96,1,-1,-1,-1
345,1,1092.81,216.64,199.66,581.33,1,-1,-1,-1
346,3,1213.12,172.71,312.98,769.37,1,-1,-1,-1
346,2,694.27,223.31,234.54,652.38,1,-1,-1,-1
346,1,1071.44,226.71,196.19,580.69,1,-1,-1,-1
347,3,1181.10,165.47,304.56,762.01,1,-1,-1,-1
347,2,705.63,227.09,243.64,645.78,1,-1,-1,-1
347,1,1065.14,217.39,189.45,588.76,1,-1,-1,-1
348,3,1200.00,165.00,206.00,763.00,1,-1,-1,-1
348,2,707.34,222.68,246.22,647.98,1,-1,-1,-1
348,1,1057.64,216.55,187.78,590.19,1,-1,-1,-1
349,3,1190.61,157.54,207.31,776.32,1,-1,-1,-1
349,2,724.43,222.26,250.23,650.76,1,-1,-1,-1
349,1,1051.69,216.76,177.97,582.13,1,-1,-1,-1
350,3,1136.77,152.84,252.80,789.98,1,-1,-1,-1
350,2,741.55,224.00,245.69,649.58,1,-1,-1,-1
350,1,1039.07,209.99,181.36,591.14,1,-1,-1,-1
351,3,1116.59,151.56,270.09,804.46,1,-1,-1,-1
351,2,755.44,230.99,245.52,645.32,1,-1,-1,-1
351,1,1024.00,203.00,176.00,622.00,1,-1,-1,-1
352,3,1110.69,162.76,277.11,801.41,1,-1,-1,-1
352,2,764.17,225.86,237.03,647.89,1,-1,-1,-1
352,1,1021.80,202.81,177.26,605.44,1,-1,-1,-1
353,3,1080.13,171.68,284.00,793.30,1,-1,-1,-1
353,2,769.34,224.67,243.15,648.47,1,-1,-1,-1
353,1,1024.58,211.70,168.41,609.86,1,-1,-1,-1
354,3,1068.95,175.58,255.91,791.01,1,-1,-1,-1
354,2,792.77,231.76,225.23,631.35,1,-1,-1,-1
354,1,1017.19,208.48,157.64,596.11,1,-1,-1,-1
355,3,1039.28,172.01,249.51,793.01,1,-1,-1,-1
355,2,822.36,217.57,221.28,637.25,1,-1,-1,-1
355,1,999.90,202.93,155.37,580.64,1,-1,-1,-1
356,3,1037.20,175.58,226.50,779.35,1,-1,-1,-1
356,2,840.49,221.14,232.69,645.01,1,-1,-1,-1
356,1,978.25,210.80,160.62,601.80,1,-1,-1,-1
357,5,917.05,224.12,181.16,242.48,1,-1,-1,-1
357,3,1024.94,167.35,222.56,774.36,1,-1,-1,-1
357,2,851.08,207.91,237.16,660.37,1,-1,-1,-1
358,5,911.36,222.34,181.00,242.00,1,-1,-1,-1
358,3,948.61,167.61,279.72,777.73,1,-1,-1,-1
358,2,829.13,203.86,262.16,660.37,1,-1,-1,-1
359,5,905.39,233.61,181.00,242.00,1,-1,-1,-1
359,3,934.45,169.22,278.19,780.26,1,-1,-1,-1
359,2,830.52,199.66,262.16,660.37,1,-1,-1,-1
360,3,918.60,167.94,266.65,769.26,1,-1,-1,-1
361,3,896.05,161.05,272.73,775.33,1,-1,-1,-1
362,3,896.50,165.62,276.04,781.42,1,-1,-1,-1
363,3,882.66,168.10,277.84,789.72,1,-1,-1,-1
364,3,860.96,177.22,291.91,784.86,1,-1,-1,-1
365,3,861.66,178.81,284.28,784.49,1,-1,-1,-1
366,3,860.57,178.43,289.23,756.94,1,-1,-1,-1
366,1,961.00,226.00,222.00,609.00,1,-1,-1,-1
367,3,858.55,185.88,272.64,756.04,1,-1,-1,-1
367,1,954.16,218.71,237.40,640.00,1,-1,-1,-1
368,6,726.86,158.25,279.88,746.39,1,-1,-1,-1
368,3,971.79,187.43,204.12,756.04,1,-1,-1,-1
368,1,970.63,218.91,234.71,643.93,1,-1,-1,-1
369,6,723.85,161.91,270.74,711.59,1,-1,-1,-1
369,1,974.31,222.61,236.90,640.40,1,-1,-1,-1
370,6,714.45,169.86,275.93,730.79,1,-1,-1,-1
370,1,991.64,223.03,225.98,638.51,1,-1,-1,-1
371,6,693.33,173.28,271.20,741.82,1,-1,-1,-1
371,1,1010.20,226.28,217.48,630.98,1,-1,-1,-1
372,6,648.87,169.34,312.76,772.73,1,-1,-1,-1
372,1,1034.74,224.86,202.93,633.65,1,-1,-1,-1
373,6,636.18,172.10,321.10,791.18,1,-1,-1,-1
373,1,1036.38,219.50,208.08,642.29,1,-1,-1,-1
374,6,625.64,162.23,318.43,818.26,1,-1,-1,-1
374,1,1041.68,220.75,215.05,628.16,1,-1,-1,-1
375,6,606.82,150.81,302.63,828.81,1,-1,-1,-1
375,1,1055.88,220.20,214.78,628.02,1,-1,-1,-1
376,6,575.44,149.35,300.95,817.49,1,-1,-1,-1
376,1,1060.43,229.27,227.49,616.76,1,-1,-1,-1
377,6,555.22,141.85,284.76,818.22,1,-1,-1,-1
377,1,1076.03,226.23,217.64,624.72,1,-1,-1,-1
378,6,535.08,134.73,292.40,821.10,1,-1,-1,-1
378,1,1087.33,226.81,219.00,626.00,1,-1,-1,-1
379,6,514.49,147.79,303.45,810.77,1,-1,-1,-1
379,1,1098.64,230.36,225.66,620.87,1,-1,-1,-1
380,6,476.00,178.00,336.00,801.00,1,-1,-1,-1
380,1,1104.32,222.96,227.52,627.13,1,-1,-1,-1
381,6,450.99,178.40,342.43,789.53,1,-1,-1,-1
381,3,692.00,243.00,114.00,573.00,1,-1,-1,-1
381,1,1104.75,219.36,237.49,624.54,1,-1,-1,-1
382,6,446.24,176.44,341.79,798.88,1,-1,-1,-1
382,3,679.22,236.12,114.00,573.00,1,-1,-1,-1
382,1,1110.69,227.73,235.39,618.89,1,-1,-1,-1
383,6,405.63,188.09,362.16,796.08,1,-1,-1,-1
383,3,648.07,231.83,130.76,551.06,1,-1,-1,-1
383,1,1115.33,227.59,243.79,624.56,1,-1,-1,-1
384,6,375.74,187.76,382.76,805.64,1,-1,-1,-1
384,3,634.29,240.96,137.32,574.36,1,-1,-1,-1
384,1,1121.73,225.80,244.44,633.34,1,-1,-1,-1
385,6,365.87,184.08,353.37,807.84,1,-1,-1,-1
385,3,620.76,244.71,154.81,600.98,1,-1,-1,-1
385,1,1127.22,221.07,240.73,651.33,1,-1,-1,-1
386,6,343.92,180.13,355.21,803.59,1,-1,-1,-1
386,3,615.20,236.86,158.23,616.51,1,-1,-1,-1
386,1,1131.46,221.51,243.52,649.58,1,-1,-1,-1
387,6,326.80,177.11,313.58,812.55,1,-1,-1,-1
387,3,597.61,212.99,157.63,637.44,1,-1,-1,-1
387,1,1143.38,215.34,239.80,654.46,1,-1,-1,-1
388,6,289.31,176.05,327.36,799.96,1,-1,-1,-1
388,3,579.17,199.66,164.21,649.06,1,-1,-1,-1
388,1,1158.16,214.52,239.12,664.70,1,-1,-1,-1
389,6,264.10,176.62,332.33,797.89,1,-1,-1,-1
389,3,574.13,203.89,174.28,652.51,1,-1,-1,-1
389,1,1169.34,206.94,240.47,679.33,1,-1,-1,-1
390,6,249.88,179.27,337.57,799.20,1,-1,-1,-1
390,3,572.02,206.55,180.75,652.09,1,-1,-1,-1
390,1,1179.50,204.13,239.28,685.22,1,-1,-1,-1
391,6,223.10,186.32,336.77,791.28,1,-1,-1,-1
391,3,573.83,208.95,182.77,654.18,1,-1,-1,-1
391,1,1189.27,197.55,240.01,694.05,1,-1,-1,-1
392,6,200.96,183.40,351.15,798.94,1,-1,-1,-1
392,3,575.05,213.13,186.12,657.99,1,-1,-1,-1
392,1,1194.46,195.47,243.08,702.65,1,-1,-1,-1
393,6,190.28,184.01,347.67,804.09,1,-1,-1,-1
393,2,523.00,214.00,261.00,669.00,1,-1,-1,-1
393,1,1199.66,186.58,243.91,727.19,1,-1,-1,-1
394,6,168.70,185.91,348.22,800.39,1,-1,-1,-1
394,2,531.63,219.94,260.89,665.66,1,-1,-1,-1
394,1,1198.55,191.75,253.23,737.34,1,-1,-1,-1
395,6,142.13,181.19,339.61,803.56,1,-1,-1,-1
395,2,547.50,215.96,255.58,671.07,1,-1,-1,-1
395,1,1195.16,190.16,257.91,754.66,1,-1,-1,-1
396,6,165.00,187.00,314.00,788.00,1,-1,-1,-1
396,2,565.71,218.00,243.11,668.40,1,-1,-1,-1
396,1,1188.54,192.55,265.43,773.68,1,-1,-1,-1
397,6,149.57,181.19,306.55,796.39,1,-1,-1,-1
397,2,573.97,212.23,246.11,667.39,1,-1,-1,-1
397,1,1186.84,191.44,270.16,788.74,1,-1,-1,-1
398,6,142.72,179.92,313.20,802.19,1,-1,-1,-1
398,2,579.09,215.13,246.42,666.72,1,-1,-1,-1
398,1,1183.57,191.49,277.29,796.31,1,-1,-1,-1
399,6,129.95,175.57,312.49,804.08,1,-1,-1,-1
399,2,597.46,215.28,242.43,665.86,1,-1,-1,-1
399,1,1181.05,187.99,280.03,799.28,1,-1,-1,-1
400,6,124.61,183.26,313.76,797.44,1,-1,-1,-1
400,2,618.11,212.29,239.27,670.23,1,-1,-1,-1
400,1,1179.16,184.55,292.36,804.64,1,-1,-1,-1
401,6,120.10,191.11,312.73,791.12,1,-1,-1,-1
401,2,632.46,212.76,237.89,674.60,1,-1,-1,-1
401,1,1173.64,186.83,303.84,807.30,1,-1,-1,-1
402,6,120.92,194.42,310.34,784.83,1,-1,-1,-1
402,2,648.12,208.98,233.24,685.42,1,-1,-1,-1
402,1,1167.15,181.37,311.41,834.75,1,-1,-1,-1
403,6,124.17,195.46,303.90,773.43,1,-1,-1,-1
403,2,660.03,208.27,244.52,688.28,1,-1,-1,-1
403,1,1159.05,171.86,324.94,862.70,1,-1,-1,-1
404,6,128.27,195.23,300.29,755.47,1,-1,-1,-1
404,2,672.48,214.44,257.63,681.82,1,-1,-1,-1
404,1,1150.17,170.47,332.97,884.46,1,-1,-1,-1
405,6,138.47,195.28,290.32,735.69,1,-1,-1,-1
405,2,680.04,218.90,268.91,678.12,1,-1,-1,-1
405,1,1146.80,176.55,333.17,876.48,1,-1,-1,-1
406,6,150.87,197.26,278.18,725.12,1,-1,-1,-1
406,2,690.12,223.85,271.85,674.65,1,-1,-1,-1
406,1,1150.20,171.48,316.37,886.71,1,-1,-1,-1
407,6,158.25,200.15,271.21,716.13,1,-1,-1,-1
407,2,704.75,215.03,255.68,682.24,1,-1,-1,-1
407,1,1145.72,163.46,304.06,886.34,1,-1,-1,-1
408,6,173.24,195.49,254.33,713.19,1,-1,-1,-1
408,2,715.98,207.30,258.43,685.77,1,-1,-1,-1
408,1,1143.13,160.52,284.16,892.61,1,-1,-1,-1
409,6,185.24,196.95,248.32,694.38,1,-1,-1,-1
409,2,751.03,204.59,236.81,701.86,1,-1,-1,-1
409,1,1112.59,157.11,311.53,903.85,1,-1,-1,-1
410,6,202.71,199.19,240.91,681.48,1,-1,-1,-1
410,2,774.32,194.29,233.79,714.15,1,-1,-1,-1
410,1,1097.42,160.24,304.02,907.36,1,-1,-1,-1
411,6,215.99,204.02,239.67,673.01,1,-1,-1,-1
411,2,795.24,202.38,240.81,708.46,1,-1,-1,-1
411,1,1068.36,160.80,325.04,912.34,1,-1,-1,-1
412,6,227.07,210.93,240.74,660.97,1,-1,-1,-1
412,2,819.98,196.81,225.17,711.62,1,-1,-1,-1
412,1,1049.00,155.00,330.00,911.00,1,-1,-1,-1
413,6,239.09,209.72,252.52,668.70,1,-1,-1,-1
413,2,825.16,196.58,242.48,709.92,1,-1,-1,-1
413,1,1034.24,153.52,326.98,912.29,1,-1,-1,-1
414,6,255.63,207.33,252.31,669.29,1,-1,-1,-1
414,2,826.61,207.27,252.93,704.37,1,-1,-1,-1
414,1,1020.04,155.94,313.93,912.18,1,-1,-1,-1
415,3,301.00,217.00,193.00,637.00,1,-1,-1,-1
415,2,846.79,213.63,248.28,700.95,1,-1,-1,-1
415,1,946.06,172.87,355.85,891.19,1,-1,-1,-1
416,3,321.48,212.47,200.39,631.35,1,-1,-1,-1
416,2,884.14,215.06,273.47,700.95,1,-1,-1,-1
416,1,915.51,163.61,354.97,894.73,1,-1,-1,-1
417,3,336.85,211.18,207.18,625.00,1,-1,-1,-1
417,2,959.66,213.08,278.59,714.09,1,-1,-1,-1
417,1,919.75,161.60,331.16,893.76,1,-1,-1,-1
418,3,352.87,206.09,209.59,620.47,1,-1,-1,-1
418,2,952.14,211.57,278.59,714.09,1,-1,-1,-1
418,1,924.88,155.58,308.74,899.16,1,-1,-1,-1
419,3,369.19,210.30,210.27,609.14,1,-1,-1,-1
419,2,929.25,212.68,283.82,727.48,1,-1,-1,-1
419,1,905.30,164.96,315.55,875.51,1,-1,-1,-1
420,3,373.28,208.12,225.35,615.57,1,-1,-1,-1
420,2,915.47,216.98,289.14,741.12,1,-1,-1,-1
420,1,890.86,174.23,324.01,862.03,1,-1,-1,-1
421,3,383.80,210.93,223.35,607.93,1,-1,-1,-1
421,2,895.19,221.66,289.14,741.12,1,-1,-1,-1
421,1,880.23,183.27,319.67,841.23,1,-1,-1,-1
422,3,401.57,206.23,236.87,616.47,1,-1,-1,-1
422,2,884.38,222.81,294.56,755.02,1,-1,-1,-1
422,1,871.66,187.16,324.19,827.85,1,-1,-1,-1
423,3,419.41,205.84,233.69,619.36,1,-1,-1,-1
423,2,960.59,215.93,235.40,694.70,1,-1,-1,-1
423,1,848.74,180.60,348.67,821.04,1,-1,-1,-1
424,3,432.13,208.41,224.91,615.96,1,-1,-1,-1
424,2,989.17,202.73,267.69,679.19,1,-1,-1,-1
424,1,845.75,189.55,321.45,796.38,1,-1,-1,-1
425,7,1031.28,202.71,302.16,670.24,1,-1,-1,-1
425,3,463.81,212.72,207.51,612.08,1,-1,-1,-1
425,1,820.86,194.94,284.19,776.22,1,-1,-1,-1
426,7,1038.08,203.20,302.08,671.93,1,-1,-1,-1
426,3,492.36,208.39,191.12,602.98,1,-1,-1,-1
426,1,808.59,191.35,261.74,777.68,1,-1,-1,-1
427,7,1039.28,209.27,298.47,666.73,1,-1,-1,-1
427,3,514.74,202.08,183.58,598.28,1,-1,-1,-1
427,1,797.09,195.49,258.72,748.82,1,-1,-1,-1
428,7,1056.20,210.56,295.36,660.82,1,-1,-1,-1
428,3,532.13,197.14,185.63,598.22,1,-1,-1,-1
428,1,791.57,198.76,252.62,744.29,1,-1,-1,-1
429,7,1109.61,192.59,264.85,670.19,1,-1,-1,-1
429,3,548.33,188.61,193.66,614.84,1,-1,-1,-1
429,1,781.29,200.77,249.85,746.26,1,-1,-1,-1
430,7,1117.85,189.64,266.79,667.22,1,-1,-1,-1
430,3,562.12,195.98,194.77,606.22,1,-1,-1,-1
430,1,773.71,191.91,255.89,761.61,1,-1,-1,-1
431,7,1154.23,183.98,246.87,672.60,1,-1,-1,-1
431,3,577.24,200.10,194.65,597.24,1,-1,-1,-1
431,1,756.24,201.04,266.34,754.97,1,-1,-1,-1
432,7,1176.56,183.93,249.99,669.18,1,-1,-1,-1
432,3,584.90,203.38,202.43,597.82,1,-1,-1,-1
432,1,740.22,202.32,272.05,748.78,1,-1,-1,-1
433,7,1197.97,178.01,250.37,670.57,1,-1,-1,-1
433,3,595.09,205.65,203.96,601.08,1,-1,-1,-1
433,1,733.23,203.72,265.11,730.77,1,-1,-1,-1
434,7,1206.22,185.48,254.61,663.65,1,-1,-1,-1
434,3,603.40,199.58,202.75,605.61,1,-1,-1,-1
434,1,730.15,201.38,270.70,729.41,1,-1,-1,-1
435,7,1217.20,186.25,276.91,665.90,1,-1,-1,-1
435,3,641.22,212.75,181.05,579.04,1,-1,-1,-1
435,1,709.43,202.57,291.58,723.93,1,-1,-1,-1
436,7,1234.58,188.47,283.83,669.51,1,-1,-1,-1
436,5,695.00,226.00,113.00,214.00,1,-1,-1,-1
436,1,700.99,217.10,301.00,717.66,1,-1,-1,-1
437,7,1237.58,190.65,291.52,666.74,1,-1,-1,-1
437,5,707.63,224.48,113.00,214.00,1,-1,-1,-1
437,1,701.31,216.24,288.85,727.31,1,-1,-1,-1
438,7,1253.93,189.18,290.97,666.25,1,-1,-1,-1
438,5,720.26,222.97,113.00,214.00,1,-1,-1,-1
438,1,691.12,207.93,288.06,741.77,1,-1,-1,-1
439,7,1268.01,182.04,281.27,669.75,1,-1,-1,-1
439,1,691.39,205.95,279.39,742.36,1,-1,-1,-1
440,7,1298.11,187.33,262.71,667.69,1,-1,-1,-1
440,1,691.89,203.09,269.60,745.25,1,-1,-1,-1
441,7,1328.72,178.43,246.57,666.99,1,-1,-1,-1
441,1,698.27,205.38,259.33,748.22,1,-1,-1,-1
442,7,1354.13,181.35,242.15,675.82,1,-1,-1,-1
442,1,700.74,201.54,258.03,753.19,1,-1,-1,-1
443,7,1369.49,181.15,251.26,674.46,1,-1,-1,-1
443,1,702.14,200.42,258.61,754.33,1,-1,-1,-1
444,7,1381.98,182.82,264.81,674.35,1,-1,-1,-1
444,1,693.46,203.81,264.91,752.70,1,-1,-1,-1
445,7,1395.68,177.14,283.16,686.33,1,-1,-1,-1
445,1,685.50,194.39,290.39,775.34,1,-1,-1,-1
446,7,1405.09,176.81,286.62,686.59,1,-1,-1,-1
446,6,851.00,209.00,145.00,601.00,1,-1,-1,-1
446,1,681.01,198.64,274.52,782.91,1,-1,-1,-1
447,7,1412.66,178.86,296.23,690.01,1,-1,-1,-1
447,6,850.23,201.70,157.53,597.06,1,-1,-1,-1
447,1,673.14,194.51,270.79,798.08,1,-1,-1,-1
448,7,1432.75,177.22,287.23,697.32,1,-1,-1,-1
448,6,866.44,214.99,161.66,568.36,1,-1,-1,-1
448,1,672.35,201.70,266.76,812.72,1,-1,-1,-1
449,7,1454.66,177.21,282.09,702.30,1,-1,-1,-1
449,6,881.46,210.01,163.54,577.04,1,-1,-1,-1
449,1,669.13,193.85,262.24,826.61,1,-1,-1,-1
450,7,1476.08,171.77,282.55,698.89,1,-1,-1,-1
450,6,910.02,198.90,168.02,552.33,1,-1,-1,-1
450,1,654.37,193.08,278.72,830.52,1,-1,-1,-1
451,7,1493.19,165.98,284.81,708.65,1,-1,-1,-1
451,6,929.10,199.54,168.21,536.67,1,-1,-1,-1
451,1,639.22,196.10,283.74,837.26,1,-1,-1,-1
452,7,1503.87,165.60,287.13,707.85,1,-1,-1,-1
452,6,936.72,203.93,171.86,525.66,1,-1,-1,-1
452,1,631.74,206.34,281.79,836.62,1,-1,-1,-1
453,7,1514.81,168.10,296.61,718.19,1,-1,-1,-1
453,6,953.45,208.90,166.84,528.90,1,-1,-1,-1
453,1,616.39,196.04,278.43,845.64,1,-1,-1,-1
454,7,1525.36,166.88,313.70,732.88,1,-1,-1,-1
454,6,958.52,206.06,174.25,545.58,1,-1,-1,-1
454,1,599.94,193.07,290.56,841.62,1,-1,-1,-1
455,7,1536.42,166.59,319.14,750.09,1,-1,-1,-1
455,6,970.83,213.36,183.64,547.15,1,-1,-1,-1
455,1,572.88,188.01,304.11,856.35,1,-1,-1,-1
456,7,1542.93,161.68,329.31,765.74,1,-1,-1,-1
456,6,998.12,221.61,169.58,544.71,1,-1,-1,-1
456,1,540.16,178.02,324.98,883.51,1,-1,-1,-1
457,7,1554.72,158.55,336.60,778.25,1,-1,-1,-1
457,6,1016.82,211.99,164.07,540.51,1,-1,-1,-1
457,1,505.71,180.39,346.00,883.42,1,-1,-1,-1
458,7,1562.85,154.68,343.31,789.87,1,-1,-1,-1
458,6,1023.95,206.27,161.42,546.98,1,-1,-1,-1
458,1,490.68,181.19,345.04,885.28,1,-1,-1,-1
459,7,1569.04,152.17,344.93,805.04,1,-1,-1,-1
459,6,1047.14,208.36,155.08,542.93,1,-1,-1,-1
459,1,474.12,182.32,348.95,876.46,1,-1,-1,-1
460,7,1571.37,146.70,345.83,814.10,1,-1,-1,-1
460,6,1068.36,198.24,150.67,546.34,1,-1,-1,-1
460,1,457.85,187.49,351.05,874.79,1,-1,-1,-1
461,7,1582.92,139.33,338.24,827.87,1,-1,-1,-1
461,6,1080.58,196.03,157.42,545.75,1,-1,-1,-1
461,1,450.04,188.51,340.09,877.41,1,-1,-1,-1
462,7,1586.63,134.26,335.60,838.69,1,-1,-1,-1
462,6,1095.18,198.58,165.34,545.70,1,-1,-1,-1
462,1,430.68,182.62,337.12,891.94,1,-1,-1,-1
463,7,1585.28,138.94,334.99,840.38,1,-1,-1,-1
463,6,1102.70,196.80,176.63,558.43,1,-1,-1,-1
463,1,411.92,180.12,332.15,890.12,1,-1,-1,-1
464,7,1585.61,138.17,332.55,849.13,1,-1,-1,-1
464,6,1104.20,207.27,194.18,560.98,1,-1,-1,-1
464,1,395.45,178.45,325.73,898.11,1,-1,-1,-1
465,7,1582.51,131.23,330.26,866.90,1,-1,-1,-1
465,6,1109.92,216.02,200.42,561.57,1,-1,-1,-1
465,1,387.58,183.04,325.80,895.79,1,-1,-1,-1
466,7,1575.34,137.23,326.90,872.42,1,-1,-1,-1
466,6,1124.92,216.63,197.11,559.79,1,-1,-1,-1
466,1,368.65,177.35,325.45,897.24,1,-1,-1,-1
467,7,1568.75,135.03,332.88,883.17,1,-1,-1,-1
467,6,1147.77,205.69,177.78,563.16,1,-1,-1,-1
467,1,364.67,180.06,321.75,885.55,1,-1,-1,-1
468,7,1558.38,135.09,337.95,895.03,1,-1,-1,-1
468,6,1172.93,196.07,168.94,566.62,1,-1,-1,-1
468,1,353.95,188.50,321.15,874.46,1,-1,-1,-1
469,7,1541.38,126.55,348.07,904.66,1,-1,-1,-1
469,6,1183.46,184.22,174.35,571.55,1,-1,-1,-1
469,1,348.59,193.59,315.77,866.47,1,-1,-1,-1
470,7,1528.63,133.32,351.56,901.12,1,-1,-1,-1
470,6,1200.94,196.25,177.44,574.45,1,-1,-1,-1
470,1,344.39,188.31,309.06,869.81,1,-1,-1,-1
471,7,1507.71,121.40,358.42,915.26,1,-1,-1,-1
471,6,1215.21,205.15,181.67,576.61,1,-1,-1,-1
471,1,338.80,192.03,309.83,852.92,1,-1,-1,-1
472,7,1479.63,120.24,377.63,927.56,1,-1,-1,-1
472,6,1232.83,185.95,183.80,572.92,1,-1,-1,-1
472,1,338.00,188.28,305.16,848.06,1,-1,-1,-1
473,7,1446.68,114.13,385.67,936.84,1,-1,-1,-1
473,6,1253.59,193.66,187.42,569.21,1,-1,-1,-1
473,1,333.72,187.07,306.11,836.45,1,-1,-1,-1
474,7,1420.43,123.71,384.14,941.03,1,-1,-1,-1
474,6,1263.13,203.28,191.33,571.28,1,-1,-1,-1
474,1,334.22,188.09,300.82,827.16,1,-1,-1,-1
475,7,1403.76,127.71,388.66,947.39,1,-1,-1,-1
475,6,1271.33,201.54,194.30,580.54,1,-1,-1,-1
475,1,332.84,188.59,301.67,823.55,1,-1,-1,-1
476,7,1367.87,127.77,396.96,947.39,1,-1,-1,-1
476,3,1263.00,196.00,222.00,582.00,1,-1,-1,-1
476,1,335.75,191.79,298.31,817.57,1,-1,-1,-1
477,7,1335.16,132.00,405.41,932.12,1,-1,-1,-1
477,3,1286.03,205.71,196.10,556.60,1,-1,-1,-1
477,1,338.38,195.14,295.13,810.11,1,-1,-1,-1
478,7,1311.76,128.54,400.94,940.73,1,-1,-1,-1
478,3,1290.37,193.27,212.31,556.60,1,-1,-1,-1
478,1,351.99,198.22,284.00,800.47,1,-1,-1,-1
479,7,1304.37,119.15,383.37,946.39,1,-1,-1,-1
479,3,1300.83,152.58,212.31,556.60,1,-1,-1,-1
479,1,361.06,200.08,284.24,790.91,1,-1,-1,-1
480,7,1278.84,119.77,377.43,930.59,1,-1,-1,-1
480,1,374.12,208.28,275.49,766.74,1,-1,-1,-1
481,7,1268.03,115.14,361.67,942.34,1,-1,-1,-1
481,1,386.08,211.48,262.80,744.30,1,-1,-1,-1
482,7,1264.00,121.00,346.00,949.00,1,-1,-1,-1
482,1,401.85,210.34,249.18,736.29,1,-1,-1,-1
483,7,1229.47,136.25,407.62,915.84,1,-1,-1,-1
483,1,411.11,210.15,252.91,729.88,1,-1,-1,-1
484,7,1204.90,134.68,393.14,927.70,1,-1,-1,-1
484,5,1309.00,169.00,375.00,652.00,1,-1,-1,-1
484,1,421.38,216.23,279.13,713.19,1,-1,-1,-1
485,7,1153.57,124.76,351.39,953.91,1,-1,-1,-1
485,5,1347.31,178.01,332.16,631.61,1,-1,-1,-1
485,1,436.19,229.43,291.96,696.27,1,-1,-1,-1
486,7,1084.44,130.62,385.74,955.60,1,-1,-1,-1
486,5,1353.00,187.18,316.89,639.49,1,-1,-1,-1
486,1,452.28,228.88,277.14,690.87,1,-1,-1,-1
487,7,1077.46,139.24,376.55,945.41,1,-1,-1,-1
487,5,1344.22,181.04,351.67,643.75,1,-1,-1,-1
487,2,460.00,212.00,295.00,697.00,1,-1,-1,-1
488,7,1064.06,145.65,377.49,940.65,1,-1,-1,-1
488,5,1329.10,181.07,368.35,646.01,1,-1,-1,-1
488,2,468.62,209.30,296.39,699.74,1,-1,-1,-1
489,7,1041.45,152.82,366.02,926.62,1,-1,-1,-1
489,5,1311.15,180.61,382.96,654.40,1,-1,-1,-1
489,2,495.86,214.72,279.45,687.03,1,-1,-1,-1
490,7,1027.13,145.60,337.16,923.63,1,-1,-1,-1
490,5,1316.66,176.94,347.90,659.00,1,-1,-1,-1
490,2,533.74,212.78,252.50,684.52,1,-1,-1,-1
491,7,997.79,142.29,321.46,919.40,1,-1,-1,-1
491,5,1327.48,167.75,322.12,662.87,1,-1,-1,-1
491,2,562.42,197.89,240.31,700.45,1,-1,-1,-1
492,7,938.26,126.27,309.30,912.99,1,-1,-1,-1
492,5,1316.05,159.39,339.83,672.42,1,-1,-1,-1
492,2,582.88,204.00,246.68,694.74,1,-1,-1,-1
493,7,901.39,130.40,317.97,935.72,1,-1,-1,-1
493,5,1312.46,161.21,347.77,681.16,1,-1,-1,-1
493,2,609.59,206.74,258.65,692.26,1,-1,-1,-1
494,7,879.85,137.30,332.99,942.53,1,-1,-1,-1
494,5,1309.97,160.69,343.91,688.20,1,-1,-1,-1
494,2,616.66,219.52,288.85,678.58,1,-1,-1,-1
495,7,846.18,148.07,350.59,934.67,1,-1,-1,-1
495,5,1313.91,167.09,319.42,707.13,1,-1,-1,-1
495,2,632.15,216.46,278.75,684.84,1,-1,-1,-1
496,7,810.41,156.49,366.71,925.43,1,-1,-1,-1
496,5,1322.49,161.20,310.18,724.74,1,-1,-1,-1
496,2,645.28,215.03,268.72,681.24,1,-1,-1,-1
497,7,773.67,150.13,368.23,931.22,1,-1,-1,-1
497,5,1333.00,155.00,231.00,756.00,1,-1,-1,-1
497,2,689.09,214.72,245.50,682.05,1,-1,-1,-1
498,7,737.30,144.67,368.81,931.50,1,-1,-1,-1
498,5,1327.00,154.30,240.47,754.20,1,-1,-1,-1
498,2,715.49,212.67,294.09,694.84,1,-1,-1,-1
499,7,731.46,132.63,341.04,932.51,1,-1,-1,-1
499,5,1314.23,156.99,245.24,757.74,1,-1,-1,-1
499,2,736.18,188.96,299.60,707.87,1,-1,-1,-1
500,7,719.75,128.82,337.52,937.32,1,-1,-1,-1
500,5,1306.54,161.55,248.64,749.04,1,-1,-1,-1
501,7,699.99,129.18,330.38,921.76,1,-1,-1,-1
501,5,1299.69,167.86,248.31,749.30,1,-1,-1,-1
502,7,679.37,135.67,353.60,907.17,1,-1,-1,-1
502,5,1287.00,163.00,252.37,749.39,1,-1,-1,-1
503,7,642.99,134.70,378.18,913.11,1,-1,-1,-1
503,5,1273.68,153.90,245.44,744.99,1,-1,-1,-1
503,1,825.00,209.00,251.00,680.00,1,-1,-1,-1
504,7,627.41,133.92,371.39,913.95,1,-1,-1,-1
504,5,1263.68,159.54,247.00,734.45,1,-1,-1,-1
504,1,832.50,213.17,240.46,679.52,1,-1,-1,-1
505,7,590.78,133.68,331.16,924.10,1,-1,-1,-1
505,5,1245.62,167.89,252.38,730.64,1,-1,-1,-1
505,1,839.22,218.87,253.85,672.77,1,-1,-1,-1
506,7,540.29,149.07,346.03,919.45,1,-1,-1,-1
506,5,1216.36,167.89,272.92,750.31,1,-1,-1,-1
506,1,854.32,210.28,249.74,685.25,1,-1,-1,-1
507,7,510.10,156.39,361.55,913.37,1,-1,-1,-1
507,5,1211.09,168.15,265.17,757.73,1,-1,-1,-1
507,1,858.71,214.42,256.55,677.33,1,-1,-1,-1
508,7,481.32,156.65,371.22,905.02,1,-1,-1,-1
508,5,1196.05,174.90,258.60,757.25,1,-1,-1,-1
508,1,869.65,222.86,255.00,677.37,1,-1,-1,-1
509,7,463.48,154.17,366.10,909.50,1,-1,-1,-1
509,5,1189.36,171.59,237.59,757.77,1,-1,-1,-1
509,1,872.87,223.91,250.94,677.25,1,-1,-1,-1
510,7,439.33,149.48,358.93,905.95,1,-1,-1,-1
510,5,1162.38,171.00,239.25,754.26,1,-1,-1,-1
510,1,885.23,210.31,238.86,701.58,1,-1,-1,-1
511,7,416.82,149.39,346.17,902.31,1,-1,-1,-1
511,5,1144.28,174.46,234.13,758.18,1,-1,-1,-1
511,1,899.40,212.84,243.27,695.41,1,-1,-1,-1
512,7,407.84,149.40,340.68,899.46,1,-1,-1,-1
512,5,1127.58,150.70,226.22,763.34,1,-1,-1,-1
512,1,921.01,210.79,242.85,692.87,1,-1,-1,-1
513,7,396.27,155.49,331.76,895.27,1,-1,-1,-1
513,5,1081.67,155.35,255.66,765.39,1,-1,-1,-1
513,2,939.00,200.00,242.00,745.00,1,-1,-1,-1
514,7,390.74,150.27,333.19,892.37,1,-1,-1,-1
514,5,1070.21,152.72,246.11,762.71,1,-1,-1,-1
514,2,937.67,199.75,236.56,719.03,1,-1,-1,-1
515,7,380.70,158.84,324.79,879.78,1,-1,-1,-1
515,5,1044.50,157.87,257.74,765.93,1,-1,-1,-1
515,2,954.00,202.15,206.98,689.74,1,-1,-1,-1
516,7,376.04,158.38,308.06,880.84,1,-1,-1,-1
516,5,1018.34,167.49,277.40,772.14,1,-1,-1,-1
516,2,966.71,198.08,189.51,631.02,1,-1,-1,-1
517,7,366.15,161.16,300.81,875.73,1,-1,-1,-1
517,5,985.21,161.73,283.24,782.74,1,-1,-1,-1
517,2,960.19,213.90,204.98,631.02,1,-1,-1,-1
518,7,361.78,164.58,295.93,868.82,1,-1,-1,-1
518,5,984.09,159.52,284.56,791.73,1,-1,-1,-1
518,2,953.95,222.64,204.98,631.02,1,-1,-1,-1
519,7,352.30,176.41,292.06,861.76,1,-1,-1,-1
519,5,974.52,165.14,279.75,789.85,1,-1,-1,-1
519,2,975.17,193.94,204.98,631.02,1,-1,-1,-1
520,7,341.49,171.65,287.81,877.55,1,-1,-1,-1
520,5,955.87,159.16,246.00,798.37,1,-1,-1,-1
521,7,326.55,170.81,286.91,875.35,1,-1,-1,-1
521,5,928.35,142.86,263.27,803.07,1,-1,-1,-1
522,7,315.88,165.08,291.30,865.90,1,-1,-1,-1
522,5,915.43,157.39,267.04,812.78,1,-1,-1,-1
523,7,310.49,168.59,288.37,858.28,1,-1,-1,-1
523,5,914.09,158.33,281.39,808.41,1,-1,-1,-1
524,7,300.84,167.71,285.00,850.30,1,-1,-1,-1
524,5,901.06,151.54,293.19,806.95,1,-1,-1,-1
525,7,292.70,174.07,283.43,841.68,1,-1,-1,-1
525,5,869.57,167.07,248.03,703.85,1,-1,-1,-1
525,3,1048.00,224.00,174.00,634.00,1,-1,-1,-1
526,7,277.12,178.58,286.56,828.97,1,-1,-1,-1
526,5,850.64,151.50,260.49,751.72,1,-1,-1,-1
526,3,1033.10,201.32,201.87,675.70,1,-1,-1,-1
527,7,272.09,182.63,285.38,816.97,1,-1,-1,-1
527,5,827.01,154.95,266.55,773.27,1,-1,-1,-1
527,3,1043.79,195.29,196.32,679.26,1,-1,-1,-1
528,7,260.70,184.76,287.76,808.74,1,-1,-1,-1
528,5,812.24,154.99,270.42,799.75,1,-1,-1,-1
528,3,1049.03,202.05,197.86,657.58,1,-1,-1,-1
529,7,245.76,187.19,286.52,800.20,1,-1,-1,-1
529,5,765.56,160.91,298.32,794.69,1,-1,-1,-1
529,3,1053.50,207.33,203.92,660.12,1,-1,-1,-1
530,7,232.57,186.44,290.07,794.86,1,-1,-1,-1
530,3,1067.46,202.16,202.87,674.88,1,-1,-1,-1
530,2,733.00,171.00,337.00,795.00,1,-1,-1,-1
531,7,227.05,188.42,288.27,787.57,1,-1,-1,-1
531,3,1072.19,206.86,223.38,663.32,1,-1,-1,-1
531,2,733.64,166.51,323.22,788.71,1,-1,-1,-1
532,7,219.94,189.42,290.00,774.20,1,-1,-1,-1
532,3,1079.91,213.47,224.85,655.28,1,-1,-1,-1
532,2,719.41,167.94,332.01,770.69,1,-1,-1,-1
533,7,211.45,188.58,287.71,767.76,1,-1,-1,-1
533,3,1097.97,209.49,220.56,661.77,1,-1,-1,-1
533,2,696.81,161.09,330.79,802.62,1,-1,-1,-1
534,7,205.21,187.11,286.63,760.28,1,-1,-1,-1
534,3,1107.82,211.99,232.32,652.24,1,-1,-1,-1
534,2,677.69,162.83,312.72,799.15,1,-1,-1,-1
535,7,203.46,185.19,283.42,756.31,1,-1,-1,-1
535,3,1126.63,215.60,226.19,644.58,1,-1,-1,-1
535,2,673.62,164.21,313.27,808.03,1,-1,-1,-1
536,7,206.91,190.14,273.32,751.26,1,-1,-1,-1
536,5,688.00,166.00,312.00,785.00,1,-1,-1,-1
536,3,1145.71,217.46,214.10,640.63,1,-1,-1,-1
537,7,217.36,194.83,253.39,749.25,1,-1,-1,-1
537,5,665.07,154.65,328.25,792.72,1,-1,-1,-1
537,3,1163.06,224.76,211.65,628.95,1,-1,-1,-1
538,7,223.38,190.72,246.41,742.50,1,-1,-1,-1
538,5,658.98,160.71,290.39,791.78,1,-1,-1,-1
538,3,1172.85,218.89,207.93,631.68,1,-1,-1,-1
539,7,228.83,191.25,238.54,742.16,1,-1,-1,-1
539,5,642.02,164.12,305.83,797.88,1,-1,-1,-1
539,3,1191.19,201.37,203.35,662.21,1,-1,-1,-1
540,7,222.14,196.25,245.44,741.19,1,-1,-1,-1
540,5,623.35,161.08,311.94,790.54,1,-1,-1,-1
540,3,1195.38,207.60,214.95,660.89,1,-1,-1,-1
541,7,235.83,197.12,244.27,725.73,1,-1,-1,-1
541,5,610.83,160.66,307.12,780.98,1,-1,-1,-1
541,3,1203.02,208.17,219.80,680.90,1,-1,-1,-1
542,7,239.04,198.83,246.02,713.36,1,-1,-1,-1
542,5,599.64,168.18,303.99,771.72,1,-1,-1,-1
542,3,1206.13,208.49,222.67,690.79,1,-1,-1,-1
543,7,248.44,202.22,238.67,716.25,1,-1,-1,-1
543,5,580.62,169.71,292.72,683.04,1,-1,-1,-1
543,3,1208.28,203.59,230.61,714.38,1,-1,-1,-1
544,7,258.57,204.93,240.10,707.67,1,-1,-1,-1
544,5,553.89,178.80,293.84,722.83,1,-1,-1,-1
544,3,1206.51,206.87,240.48,722.33,1,-1,-1,-1
545,7,268.69,197.85,234.09,707.86,1,-1,-1,-1
545,5,549.07,168.77,299.22,756.12,1,-1,-1,-1
545,3,1211.31,210.37,237.82,724.04,1,-1,-1,-1
546,7,276.18,201.92,227.90,696.67,1,-1,-1,-1
546,5,515.12,179.73,305.94,761.01,1,-1,-1,-1
546,3,1206.86,198.86,240.72,733.00,1,-1,-1,-1
547,7,283.36,205.31,231.53,683.14,1,-1,-1,-1
547,5,489.60,180.47,321.42,764.40,1,-1,-1,-1
547,3,1199.48,194.57,249.17,745.41,1,-1,-1,-1
548,7,289.64,209.81,228.92,676.69,1,-1,-1,-1
548,5,471.55,184.81,329.19,770.32,1,-1,-1,-1
548,3,1199.77,192.10,247.54,744.63,1,-1,-1,-1
549,7,298.97,212.16,232.13,674.70,1,-1,-1,-1
549,5,438.08,181.95,324.85,765.72,1,-1,-1,-1
549,3,1189.91,187.96,258.29,750.85,1,-1,-1,-1
550,7,311.27,214.22,251.75,676.05,1,-1,-1,-1
550,5,369.41,177.17,374.29,770.26,1,-1,-1,-1
550,3,1186.22,185.68,264.19,779.03,1,-1,-1,-1
551,5,353.63,192.74,351.41,767.21,1,-1,-1,-1
551,3,1179.66,183.39,271.83,793.33,1,-1,-1,-1
552,5,342.06,192.99,330.71,764.05,1,-1,-1,-1
552,3,1174.12,180.89,282.80,824.10,1,-1,-1,-1
553,5,353.41,190.42,296.18,778.77,1,-1,-1,-1
553,3,1168.54,184.60,288.48,837.03,1,-1,-1,-1
554,5,348.91,182.37,295.58,782.65,1,-1,-1,-1
554,3,1169.23,180.22,287.67,844.35,1,-1,-1,-1
555,5,333.45,182.35,307.63,774.71,1,-1,-1,-1
555,3,1167.23,168.58,286.51,859.41,1,-1,-1,-1
556,5,318.82,188.61,322.46,765.00,1,-1,-1,-1
556,3,1168.75,155.89,265.73,871.49,1,-1,-1,-1
557,5,313.42,194.93,334.82,765.29,1,-1,-1,-1
557,3,1159.39,154.82,262.82,874.55,1,-1,-1,-1
558,8,446.69,234.21,210.34,593.02,1,-1,-1,-1
558,5,314.86,194.89,338.14,762.88,1,-1,-1,-1
558,3,1142.33,141.48,264.32,888.14,1,-1,-1,-1
559,8,451.40,223.28,231.23,588.82,1,-1,-1,-1
559,5,304.07,192.40,298.85,761.73,1,-1,-1,-1
559,3,1123.31,145.43,266.35,896.95,1,-1,-1,-1
560,8,457.59,224.24,235.83,595.73,1,-1,-1,-1
560,5,297.16,202.36,286.95,757.13,1,-1,-1,-1
560,3,1109.41,153.47,271.58,896.75,1,-1,-1,-1
561,8,463.50,223.70,235.10,597.26,1,-1,-1,-1
561,5,253.61,192.09,292.24,754.89,1,-1,-1,-1
561,3,1090.92,159.21,270.58,898.66,1,-1,-1,-1
562,8,479.71,230.00,221.81,585.19,1,-1,-1,-1
562,5,221.21,193.56,286.58,752.55,1,-1,-1,-1
562,3,1073.88,164.08,285.58,900.78,1,-1,-1,-1
563,8,502.78,232.64,211.87,580.86,1,-1,-1,-1
563,5,190.00,187.00,289.00,755.00,1,-1,-1,-1
563,3,1056.24,168.93,281.45,897.30,1,-1,-1,-1
564,8,518.62,230.67,204.73,574.87,1,-1,-1,-1
564,5,165.87,173.27,308.74,763.49,1,-1,-1,-1
564,3,1036.98,153.57,275.93,908.54,1,-1,-1,-1
565,5,141.91,164.65,329.32,770.86,1,-1,-1,-1
565,3,1026.63,156.40,261.19,910.40,1,-1,-1,-1
565,2,551.00,237.00,183.00,551.00,1,-1,-1,-1
566,5,132.57,162.53,335.49,779.95,1,-1,-1,-1
566,3,1015.90,158.96,261.04,897.89,1,-1,-1,-1
566,2,555.36,229.89,183.61,560.20,1,-1,-1,-1
567,5,121.37,158.46,328.37,804.38,1,-1,-1,-1
567,3,1010.39,156.62,245.79,906.23,1,-1,-1,-1
567,2,565.25,230.63,193.27,559.08,1,-1,-1,-1
568,5,110.32,154.25,322.67,822.36,1,-1,-1,-1
568,3,993.13,156.83,244.67,905.15,1,-1,-1,-1
568,2,575.92,231.49,196.47,556.12,1,-1,-1,-1
569,5,80.90,149.11,342.29,841.52,1,-1,-1,-1
569,3,972.17,162.90,250.57,911.96,1,-1,-1,-1
569,2,587.38,232.69,205.81,555.66,1,-1,-1,-1
570,5,37.33,137.10,366.53,851.52,1,-1,-1,-1
570,3,956.77,159.05,255.33,908.91,1,-1,-1,-1
570,2,602.84,235.01,209.28,553.18,1,-1,-1,-1
571,5,15.56,132.95,371.98,860.90,1,-1,-1,-1
571,3,918.40,159.95,265.64,916.85,1,-1,-1,-1
571,2,608.13,240.54,213.68,548.62,1,-1,-1,-1
572,5,8.41,130.01,366.67,869.57,1,-1,-1,-1
572,3,906.32,164.02,273.36,914.92,1,-1,-1,-1
572,2,614.63,243.24,212.08,544.37,1,-1,-1,-1
573,5,18.75,143.33,343.14,879.35,1,-1,-1,-1
573,3,870.18,160.69,295.29,924.97,1,-1,-1,-1
573,2,628.45,245.63,209.07,545.68,1,-1,-1,-1
574,5,15.41,146.87,335.86,893.91,1,-1,-1,-1
574,3,832.34,167.55,312.23,924.33,1,-1,-1,-1
574,2,648.78,237.64,199.29,553.23,1,-1,-1,-1
575,5,4.80,141.54,344.45,881.64,1,-1,-1,-1
575,3,779.75,170.31,348.48,906.63,1,-1,-1,-1
575,2,680.67,244.02,182.89,544.68,1,-1,-1,-1
576,5,0.67,139.13,361.36,881.61,1,-1,-1,-1
576,3,778.32,176.16,335.19,894.49,1,-1,-1,-1
576,2,704.78,250.16,173.88,536.12,1,-1,-1,-1
577,5,-4.08,119.28,362.92,905.30,1,-1,-1,-1
577,3,772.60,178.44,309.24,896.40,1,-1,-1,-1
577,2,721.28,230.69,158.32,537.45,1,-1,-1,-1
578,5,-5.85,126.18,368.75,914.06,1,-1,-1,-1
578,3,768.78,180.60,302.10,893.70,1,-1,-1,-1
578,2,727.44,231.66,150.45,526.57,1,-1,-1,-1
579,5,-3.66,152.22,361.89,906.64,1,-1,-1,-1
579,3,761.65,189.27,289.93,886.92,1,-1,-1,-1
579,2,720.22,236.66,174.89,526.57,1,-1,-1,-1
580,5,-1.35,157.67,349.47,918.08,1,-1,-1,-1
580,3,752.07,186.68,281.76,890.28,1,-1,-1,-1
580,2,720.79,266.70,171.73,517.06,1,-1,-1,-1
581,5,-5.95,134.61,362.81,923.49,1,-1,-1,-1
581,3,746.29,187.29,277.22,877.76,1,-1,-1,-1
581,2,711.70,232.99,174.95,526.75,1,-1,-1,-1
582,5,-3.57,120.75,368.93,925.25,1,-1,-1,-1
582,3,737.63,188.81,265.35,859.84,1,-1,-1,-1
582,2,702.25,229.85,174.95,526.75,1,-1,-1,-1
583,5,1.65,118.14,381.40,911.32,1,-1,-1,-1
583,3,722.21,189.58,265.39,857.47,1,-1,-1,-1
583,2,697.01,222.50,174.95,526.75,1,-1,-1,-1
584,5,5.33,119.91,375.36,903.04,1,-1,-1,-1
584,3,719.06,192.12,261.70,844.50,1,-1,-1,-1
584,2,700.15,223.55,174.95,526.75,1,-1,-1,-1
585,5,7.74,107.37,375.48,917.57,1,-1,-1,-1
585,3,706.43,187.00,260.44,855.51,1,-1,-1,-1
585,2,745.33,224.06,178.23,536.63,1,-1,-1,-1
586,5,5.46,109.98,374.18,937.78,1,-1,-1,-1
586,3,693.75,188.62,278.11,833.90,1,-1,-1,-1
587,7,869.00,233.00,137.00,528.00,1,-1,-1,-1
587,5,17.43,96.62,370.29,942.77,1,-1,-1,-1
587,3,689.18,199.41,293.36,815.73,1,-1,-1,-1
588,7,872.00,223.06,153.00,547.27,1,-1,-1,-1
588,5,40.18,59.07,368.58,945.81,1,-1,-1,-1
588,3,698.42,203.34,268.16,801.04,1,-1,-1,-1
589,7,885.56,225.97,159.16,547.15,1,-1,-1,-1
589,5,49.88,78.05,381.27,952.94,1,-1,-1,-1
589,3,693.58,212.98,263.04,781.12,1,-1,-1,-1
590,7,899.78,227.71,176.98,546.48,1,-1,-1,-1
590,5,69.02,97.81,358.72,949.32,1,-1,-1,-1
590,3,628.91,217.92,261.07,766.92,1,-1,-1,-1
591,7,911.56,227.28,183.36,546.23,1,-1,-1,-1
591,5,106.51,97.83,360.20,953.86,1,-1,-1,-1
591,3,604.78,213.73,252.98,766.95,1,-1,-1,-1
592,7,918.27,228.35,184.76,547.54,1,-1,-1,-1
592,5,131.78,100.56,375.28,943.25,1,-1,-1,-1
592,3,593.93,209.20,239.37,758.57,1,-1,-1,-1
593,7,927.85,228.49,182.16,548.82,1,-1,-1,-1
593,5,161.52,113.29,377.89,921.62,1,-1,-1,-1
593,3,567.40,202.90,244.52,759.46,1,-1,-1,-1
594,7,950.41,223.10,170.81,557.83,1,-1,-1,-1
594,5,194.45,90.73,383.33,946.53,1,-1,-1,-1
594,1,536.00,207.00,281.00,742.00,1,-1,-1,-1
595,7,958.74,239.41,174.85,538.24,1,-1,-1,-1
595,5,212.72,149.45,401.41,886.23,1,-1,-1,-1
595,1,533.34,211.81,285.02,735.63,1,-1,-1,-1
596,7,978.47,223.12,166.86,545.22,1,-1,-1,-1
596,5,245.58,188.66,402.06,873.09,1,-1,-1,-1
596,1,517.18,223.81,299.01,715.55,1,-1,-1,-1
597,7,999.32,220.07,157.45,544.91,1,-1,-1,-1
597,5,267.07,127.57,388.21,921.33,1,-1,-1,-1
597,1,510.17,218.06,302.17,726.71,1,-1,-1,-1
598,7,1014.66,212.70,162.38,553.47,1,-1,-1,-1
598,5,332.00,108.00,378.00,970.00,1,-1,-1,-1
598,1,531.53,215.65,286.15,702.04,1,-1,-1,-1
599,7,1031.78,207.39,170.87,566.90,1,-1,-1,-1
599,5,357.58,99.08,338.10,968.69,1,-1,-1,-1
599,1,560.35,221.26,253.24,686.62,1,-1,-1,-1
600,7,1044.88,213.61,183.64,569.81,1,-1,-1,-1
600,5,398.95,93.72,365.38,936.94,1,-1,-1,-1
600,1,571.17,244.28,238.92,648.31,1,-1,-1,-1
601,7,1050.37,218.34,184.23,569.71,1,-1,-1,-1
601,5,412.96,95.23,361.68,941.76,1,-1,-1,-1
601,1,574.56,245.61,245.52,648.31,1,-1,-1,-1
602,7,1057.60,218.14,182.56,569.71,1,-1,-1,-1
602,5,450.71,108.90,352.31,929.69,1,-1,-1,-1
602,1,556.85,240.94,250.12,660.47,1,-1,-1,-1
603,7,1064.56,213.63,179.66,571.34,1,-1,-1,-1
603,5,481.01,101.25,346.37,944.97,1,-1,-1,-1
604,7,1082.22,205.23,176.40,572.66,1,-1,-1,-1
604,5,505.84,70.11,358.16,984.24,1,-1,-1,-1
605,7,1095.78,205.27,184.12,574.25,1,-1,-1,-1
605,5,528.23,119.42,381.68,920.20,1,-1,-1,-1
606,9,669.47,69.40,171.06,246.63,1,-1,-1,-1
606,7,1109.86,206.93,182.44,574.67,1,-1,-1,-1
606,5,534.43,113.71,373.82,914.99,1,-1,-1,-1
607,9,694.75,64.74,171.00,246.00,1,-1,-1,-1
607,7,1124.45,204.50,182.29,584.85,1,-1,-1,-1
607,5,553.59,88.90,356.39,949.46,1,-1,-1,-1
607,2,538.00,265.00,143.00,571.00,1,-1,-1,-1
608,9,726.73,71.92,171.00,246.00,1,-1,-1,-1
608,7,1138.25,201.84,182.66,586.35,1,-1,-1,-1
608,5,608.01,87.64,330.27,982.38,1,-1,-1,-1
608,2,524.65,251.11,167.72,590.02,1,-1,-1,-1
609,7,1155.74,196.16,178.69,589.11,1,-1,-1,-1
609,5,647.12,77.91,340.59,990.15,1,-1,-1,-1
609,2,506.62,239.55,172.93,603.06,1,-1,-1,-1
610,7,1172.04,198.72,173.96,592.62,1,-1,-1,-1
610,5,694.68,100.16,333.88,956.19,1,-1,-1,-1
610,2,496.55,232.69,176.29,624.37,1,-1,-1,-1
611,8,740.00,64.00,287.00,1004.00,1,-1,-1,-1
611,7,1180.03,203.96,178.96,583.56,1,-1,-1,-1
611,5,400.49,84.52,365.88,938.91,1,-1,-1,-1
611,2,482.12,241.49,186.36,615.56,1,-1,-1,-1
612,8,756.53,74.61,299.96,977.73,1,-1,-1,-1
612,7,1195.36,200.63,183.79,589.15,1,-1,-1,-1
612,2,460.90,242.58,197.94,607.04,1,-1,-1,-1
613,8,784.20,67.07,300.64,961.44,1,-1,-1,-1
613,7,1204.23,201.40,195.85,594.86,1,-1,-1,-1
613,2,440.45,242.59,207.43,611.65,1,-1,-1,-1
614,8,830.94,67.06,295.31,984.04,1,-1,-1,-1
614,7,1216.55,214.50,207.05,587.93,1,-1,-1,-1
614,2,415.19,243.34,225.67,621.03,1,-1,-1,-1
615,8,845.32,93.09,299.61,962.27,1,-1,-1,-1
615,7,1223.03,209.18,201.77,594.08,1,-1,-1,-1
615,2,409.12,243.58,226.22,626.41,1,-1,-1,-1
616,8,873.17,70.93,305.15,976.12,1,-1,-1,-1
616,7,1239.75,207.16,195.49,593.63,1,-1,-1,-1
616,2,399.71,244.19,226.10,632.23,1,-1,-1,-1
617,8,909.16,104.31,312.47,944.62,1,-1,-1,-1
617,7,1268.61,205.59,167.91,590.71,1,-1,-1,-1
617,2,391.46,244.13,222.87,641.80,1,-1,-1,-1
618,8,938.58,95.33,290.79,941.58,1,-1,-1,-1
618,7,1285.69,201.44,161.20,581.54,1,-1,-1,-1
618,2,380.76,238.97,213.77,648.91,1,-1,-1,-1
619,8,956.63,79.96,276.96,967.30,1,-1,-1,-1
619,7,1292.85,195.86,160.02,584.00,1,-1,-1,-1
619,2,372.54,232.72,215.37,657.87,1,-1,-1,-1
620,8,988.29,93.48,282.27,960.20,1,-1,-1,-1
620,7,1317.98,197.60,156.02,593.77,1,-1,-1,-1
620,2,366.18,230.00,209.75,665.22,1,-1,-1,-1
621,8,1022.25,80.34,308.04,976.39,1,-1,-1,-1
621,7,1331.89,203.62,167.68,585.78,1,-1,-1,-1
621,2,357.55,228.64,217.89,670.62,1,-1,-1,-1
622,8,1057.98,96.35,329.55,957.04,1,-1,-1,-1
622,7,1349.99,193.58,176.63,597.85,1,-1,-1,-1
622,2,353.58,230.45,222.92,677.74,1,-1,-1,-1
623,8,1086.91,82.28,352.40,894.52,1,-1,-1,-1
623,2,347.70,229.04,229.14,688.96,1,-1,-1,-1
623,1,1345.00,165.00,200.00,666.00,1,-1,-1,-1
624,8,1118.38,94.37,332.92,920.51,1,-1,-1,-1
624,2,355.96,229.30,232.07,705.04,1,-1,-1,-1
624,1,1365.09,183.73,189.16,653.00,1,-1,-1,-1
625,8,1135.61,81.66,355.49,969.82,1,-1,-1,-1
625,2,367.85,228.96,237.35,716.65,1,-1,-1,-1
625,1,1377.81,189.95,196.10,653.00,1,-1,-1,-1
626,8,1138.15,81.19,363.81,987.33,1,-1,-1,-1
626,2,365.87,225.76,237.42,718.31,1,-1,-1,-1
626,1,1390.65,196.04,179.28,639.37,1,-1,-1,-1
627,8,1187.32,81.19,342.50,995.34,1,-1,-1,-1
627,2,376.78,222.62,237.76,727.59,1,-1,-1,-1
627,1,1408.25,207.31,176.74,644.70,1,-1,-1,-1
628,8,1230.11,65.07,352.27,996.13,1,-1,-1,-1
628,2,383.66,223.05,243.46,727.84,1,-1,-1,-1
628,1,1414.38,228.28,190.11,633.05,1,-1,-1,-1
629,8,1261.22,92.06,361.87,982.65,1,-1,-1,-1
629,2,389.89,218.27,248.24,737.45,1,-1,-1,-1
629,1,1425.37,173.34,190.11,633.05,1,-1,-1,-1
630,8,1289.53,98.62,352.66,984.17,1,-1,-1,-1
630,2,397.39,216.09,254.33,753.45,1,-1,-1,-1
630,1,1468.10,159.92,190.11,633.05,1,-1,-1,-1
631,8,1331.79,115.87,354.60,961.13,1,-1,-1,-1
631,2,407.13,213.11,259.14,774.39,1,-1,-1,-1
631,1,1495.45,162.85,193.67,644.92,1,-1,-1,-1
632,8,1345.53,115.19,351.99,950.54,1,-1,-1,-1
632,2,409.23,210.88,261.65,777.97,1,-1,-1,-1
633,8,1353.21,117.32,386.29,924.95,1,-1,-1,-1
633,2,422.14,213.33,260.95,802.74,1,-1,-1,-1
634,8,1388.41,90.23,402.00,918.68,1,-1,-1,-1
634,2,428.46,213.84,260.41,822.32,1,-1,-1,-1
