15,1,4.04,361.58,76.65,524.73,-1,-1,-1,-1
17,1,0.78,381.85,73.10,500.20,-1,-1,-1,-1
28,1,10.27,301.27,83.47,551.18,-1,-1,-1,-1
29,1,10.28,296.36,86.88,555.03,-1,-1,-1,-1
30,1,11.71,260.63,96.53,596.49,-1,-1,-1,-1
31,1,16.05,256.76,99.17,582.74,-1,-1,-1,-1
32,1,20.33,258.30,103.03,572.21,-1,-1,-1,-1
33,1,23.09,251.81,110.38,580.82,-1,-1,-1,-1
34,1,25.14,252.00,116.60,581.42,-1,-1,-1,-1
35,1,28.60,244.82,125.95,593.65,-1,-1,-1,-1
36,1,32.60,243.41,132.45,586.89,-1,-1,-1,-1
37,1,39.78,250.73,141.29,584.95,-1,-1,-1,-1
38,1,49.47,256.40,149.42,581.94,-1,-1,-1,-1
39,1,55.12,253.62,158.78,585.16,-1,-1,-1,-1
40,1,63.16,251.45,166.81,588.38,-1,-1,-1,-1
41,1,76.30,251.70,172.30,586.37,-1,-1,-1,-1
42,1,89.34,243.89,180.72,598.85,-1,-1,-1,-1
43,1,101.27,238.22,189.36,611.08,-1,-1,-1,-1
44,1,120.39,234.34,192.85,607.24,-1,-1,-1,-1
45,1,133.54,234.61,197.15,606.24,-1,-1,-1,-1
46,1,149.51,236.69,202.30,609.42,-1,-1,-1,-1
47,1,168.94,241.15,204.72,605.02,-1,-1,-1,-1
48,1,185.27,242.01,208.05,604.71,-1,-1,-1,-1
49,1,199.59,242.84,210.52,604.83,-1,-1,-1,-1
50,1,207.54,236.76,214.97,611.84,-1,-1,-1,-1
51,1,222.67,234.45,216.78,611.40,-1,-1,-1,-1
52,1,244.36,232.47,218.96,611.65,-1,-1,-1,-1
53,1,258.35,231.81,223.98,622.19,-1,-1,-1,-1
54,1,276.92,230.79,228.95,632.26,-1,-1,-1,-1
55,1,293.54,229.53,233.28,641.11,-1,-1,-1,-1
56,1,307.04,232.27,236.52,647.66,-1,-1,-1,-1
57,1,323.55,235.16,239.44,651.37,-1,-1,-1,-1
58,1,338.86,231.58,242.89,657.87,-1,-1,-1,-1
59,1,351.94,227.12,246.62,666.21,-1,-1,-1,-1
60,1,368.03,221.61,246.98,665.69,-1,-1,-1,-1
61,1,386.02,216.98,247.33,667.21,-1,-1,-1,-1
62,1,399.70,216.54,249.10,671.43,-1,-1,-1,-1
63,1,422.50,216.16,250.08,670.79,-1,-1,-1,-1
64,1,441.65,217.93,252.01,672.70,-1,-1,-1,-1
65,1,460.96,222.10,253.27,673.85,-1,-1,-1,-1
66,1,480.94,218.46,253.15,669.50,-1,-1,-1,-1
67,1,499.28,216.60,253.50,668.07,-1,-1,-1,-1
68,1,518.72,215.02,253.44,667.70,-1,-1,-1,-1
69,1,543.95,211.86,254.02,668.58,-1,-1,-1,-1
70,1,566.92,206.34,258.04,677.96,-1,-1,-1,-1
71,1,585.06,200.33,268.11,706.13,-1,-1,-1,-1
72,1,605.61,201.14,271.81,715.61,-1,-1,-1,-1
73,1,625.74,204.40,273.77,722.74,-1,-1,-1,-1
74,1,638.80,205.76,275.83,730.18,-1,-1,-1,-1
75,1,654.02,205.07,274.83,732.97,-1,-1,-1,-1
76,1,675.05,201.34,275.08,740.62,-1,-1,-1,-1
77,1,694.37,195.19,276.25,752.88,-1,-1,-1,-1
78,1,716.77,188.07,275.72,758.97,-1,-1,-1,-1
79,1,742.12,184.29,278.28,770.40,-1,-1,-1,-1
80,1,769.11,183.29,279.85,776.40,-1,-1,-1,-1
81,1,794.14,185.59,279.73,771.01,-1,-1,-1,-1
82,1,813.37,188.47,281.97,775.43,-1,-1,-1,-1
83,1,833.94,191.41,280.59,772.57,-1,-1,-1,-1
84,1,857.14,186.13,280.59,779.19,-1,-1,-1,-1
85,1,875.12,184.28,279.92,788.87,-1,-1,-1,-1
86,1,904.81,177.38,277.20,785.66,-1,-1,-1,-1
87,1,933.05,175.24,282.26,803.53,-1,-1,-1,-1
88,1,961.91,171.62,282.66,804.94,-1,-1,-1,-1
89,1,979.46,179.42,290.99,824.47,-1,-1,-1,-1
90,1,1004.55,182.17,288.55,814.08,-1,-1,-1,-1
91,1,1023.11,178.50,288.94,813.86,-1,-1,-1,-1
92,1,1033.41,178.82,289.01,808.24,-1,-1,-1,-1
93,1,1048.18,176.54,292.63,815.15,-1,-1,-1,-1
94,1,1067.65,172.55,294.18,818.58,-1,-1,-1,-1
95,1,1079.53,170.10,294.13,817.10,-1,-1,-1,-1
96,1,1086.60,168.94,294.34,811.83,-1,-1,-1,-1
97,1,1092.44,173.85,294.76,807.79,-1,-1,-1,-1
98,1,1095.38,184.40,292.84,797.54,-1,-1,-1,-1
99,1,1099.32,181.25,292.86,794.60,-1,-1,-1,-1
100,1,1104.49,183.86,287.82,778.92,-1,-1,-1,-1
101,1,1111.92,184.58,279.00,753.43,-1,-1,-1,-1
102,1,1121.08,187.70,269.38,727.55,-1,-1,-1,-1
103,1,1124.90,188.44,265.13,715.55,-1,-1,-1,-1
104,1,1129.39,191.30,262.31,706.68,-1,-1,-1,-1
105,1,1132.72,194.63,260.44,701.31,-1,-1,-1,-1
106,1,1134.93,197.31,258.46,698.36,-1,-1,-1,-1
107,1,1139.99,200.16,252.84,684.55,-1,-1,-1,-1
108,1,1144.96,201.57,247.56,670.04,-1,-1,-1,-1
109,1,1149.08,201.98,243.63,660.20,-1,-1,-1,-1
110,1,1151.49,202.19,240.94,652.62,-1,-1,-1,-1
111,1,1153.78,200.96,240.07,648.30,-1,-1,-1,-1
112,1,1154.34,199.86,240.20,646.92,-1,-1,-1,-1
113,1,1155.30,200.67,240.06,644.84,-1,-1,-1,-1
114,1,1156.75,202.46,239.04,640.74,-1,-1,-1,-1
115,1,1159.22,203.99,237.58,636.40,-1,-1,-1,-1
116,1,1164.43,203.28,234.65,630.81,-1,-1,-1,-1
117,1,1169.07,202.38,232.51,629.33,-1,-1,-1,-1
118,1,1170.24,202.58,230.23,626.74,-1,-1,-1,-1
119,1,1167.28,200.84,228.64,628.49,-1,-1,-1,-1
119,2,1.33,232.32,98.57,597.06,-1,-1,-1,-1
120,1,1168.12,202.57,224.80,624.31,-1,-1,-1,-1
120,2,2.01,231.48,99.13,599.91,-1,-1,-1,-1
121,1,1173.06,203.36,221.54,624.44,-1,-1,-1,-1
121,2,1.62,217.27,105.15,635.89,-1,-1,-1,-1
122,1,1177.21,207.53,218.08,619.99,-1,-1,-1,-1
122,2,4.34,216.83,104.88,631.65,-1,-1,-1,-1
123,1,1180.95,207.34,216.42,614.81,-1,-1,-1,-1
123,2,5.38,217.74,104.69,627.33,-1,-1,-1,-1
124,1,1185.87,204.26,219.71,620.15,-1,-1,-1,-1
124,2,4.98,220.30,105.64,630.09,-1,-1,-1,-1
125,1,1187.21,202.86,223.41,626.59,-1,-1,-1,-1
125,2,4.93,219.36,106.71,632.94,-1,-1,-1,-1
126,1,1189.40,204.67,227.08,630.76,-1,-1,-1,-1
126,2,6.03,221.72,106.40,625.85,-1,-1,-1,-1
127,1,1192.94,205.35,229.45,632.42,-1,-1,-1,-1
127,2,7.57,226.18,105.14,611.17,-1,-1,-1,-1
128,1,1197.29,203.62,231.25,633.71,-1,-1,-1,-1
128,2,10.24,230.70,103.48,591.42,-1,-1,-1,-1
129,1,1199.68,201.41,233.62,637.64,-1,-1,-1,-1
129,2,11.15,234.10,105.60,592.79,-1,-1,-1,-1
130,1,1203.10,200.07,237.27,645.44,-1,-1,-1,-1
130,2,13.04,238.10,107.19,588.13,-1,-1,-1,-1
131,1,1205.29,201.09,240.57,651.79,-1,-1,-1,-1
131,2,12.58,241.36,110.57,594.86,-1,-1,-1,-1
132,1,1206.43,201.57,245.90,665.64,-1,-1,-1,-1
132,2,12.15,239.50,115.24,608.52,-1,-1,-1,-1
133,1,1208.85,204.67,249.32,676.63,-1,-1,-1,-1
133,2,17.31,234.63,115.78,590.78,-1,-1,-1,-1
134,1,1212.42,204.89,253.74,690.45,-1,-1,-1,-1
134,2,26.32,233.48,120.37,583.61,-1,-1,-1,-1
135,1,1215.10,203.44,256.50,698.80,-1,-1,-1,-1
135,2,31.82,233.23,125.43,575.06,-1,-1,-1,-1
136,1,1218.65,198.29,259.40,705.50,-1,-1,-1,-1
136,2,35.05,235.91,132.16,572.76,-1,-1,-1,-1
137,1,1221.13,192.86,262.62,712.70,-1,-1,-1,-1
137,2,36.54,234.04,141.05,579.41,-1,-1,-1,-1
138,1,1221.88,187.41,265.38,717.71,-1,-1,-1,-1
138,2,37.46,233.00,150.44,587.03,-1,-1,-1,-1
139,1,1220.73,181.54,268.70,724.43,-1,-1,-1,-1
139,2,43.90,228.90,158.65,594.44,-1,-1,-1,-1
140,1,1217.91,178.10,273.27,736.28,-1,-1,-1,-1
140,2,52.04,223.72,165.86,601.42,-1,-1,-1,-1
141,1,1215.36,177.04,277.61,748.92,-1,-1,-1,-1
141,2,60.49,225.81,169.85,599.07,-1,-1,-1,-1
142,1,1211.09,176.51,282.85,764.58,-1,-1,-1,-1
142,2,75.08,222.49,172.88,594.87,-1,-1,-1,-1
143,1,1204.93,178.29,287.96,781.12,-1,-1,-1,-1
143,2,96.21,221.66,178.71,598.81,-1,-1,-1,-1
144,1,1197.31,179.43,293.34,799.26,-1,-1,-1,-1
144,2,117.52,224.42,183.26,597.74,-1,-1,-1,-1
145,1,1192.04,177.87,296.28,810.46,-1,-1,-1,-1
145,2,137.41,224.81,187.99,598.77,-1,-1,-1,-1
146,1,1188.93,171.41,295.05,805.92,-1,-1,-1,-1
146,2,161.93,228.22,189.04,589.44,-1,-1,-1,-1
147,1,1182.91,165.62,298.92,815.81,-1,-1,-1,-1
147,2,181.67,225.53,192.78,589.15,-1,-1,-1,-1
148,1,1176.38,157.89,307.86,837.06,-1,-1,-1,-1
148,2,200.52,222.85,195.86,588.22,-1,-1,-1,-1
149,1,1169.15,152.47,318.71,862.52,-1,-1,-1,-1
149,2,220.73,221.66,199.21,590.92,-1,-1,-1,-1
150,1,1163.56,148.87,329.88,889.38,-1,-1,-1,-1
150,2,240.41,220.74,200.28,587.20,-1,-1,-1,-1
151,1,1158.97,150.81,336.51,907.20,-1,-1,-1,-1
151,2,260.05,223.72,201.85,584.56,-1,-1,-1,-1
152,1,1157.06,151.67,340.91,918.34,-1,-1,-1,-1
152,2,278.98,225.19,202.00,576.68,-1,-1,-1,-1
153,1,1154.19,151.97,343.60,928.65,-1,-1,-1,-1
153,2,299.19,223.26,204.17,575.87,-1,-1,-1,-1
154,1,1151.54,150.10,342.63,932.84,-1,-1,-1,-1
154,2,319.40,223.11,206.72,576.89,-1,-1,-1,-1
155,1,1151.76,143.37,341.55,937.08,-1,-1,-1,-1
155,2,341.38,221.63,210.14,581.36,-1,-1,-1,-1
156,1,1151.65,142.85,335.51,931.77,-1,-1,-1,-1
156,2,370.54,218.85,213.67,585.69,-1,-1,-1,-1
157,1,1148.15,142.25,330.12,927.46,-1,-1,-1,-1
157,2,392.30,219.16,212.30,580.84,-1,-1,-1,-1
158,1,1137.45,135.16,332.19,942.86,-1,-1,-1,-1
158,2,414.20,219.46,212.19,579.34,-1,-1,-1,-1
159,1,1120.73,137.69,330.64,940.54,-1,-1,-1,-1
159,2,434.35,218.80,214.68,585.64,-1,-1,-1,-1
160,1,1100.86,136.37,331.10,939.43,-1,-1,-1,-1
160,2,462.69,217.43,216.68,588.60,-1,-1,-1,-1
161,1,1078.48,135.50,335.65,950.19,-1,-1,-1,-1
161,2,487.28,214.03,218.52,590.73,-1,-1,-1,-1
162,1,1069.35,139.49,334.88,944.22,-1,-1,-1,-1
162,2,503.24,217.73,218.12,586.05,-1,-1,-1,-1
163,1,1053.93,140.77,335.65,943.38,-1,-1,-1,-1
163,2,521.27,217.23,218.92,585.67,-1,-1,-1,-1
164,1,1027.03,147.36,338.07,951.29,-1,-1,-1,-1
164,2,541.23,215.36,219.17,584.03,-1,-1,-1,-1
165,1,1001.86,145.32,334.29,946.58,-1,-1,-1,-1
165,2,564.49,218.35,215.27,572.99,-1,-1,-1,-1
166,1,974.43,146.49,326.29,937.45,-1,-1,-1,-1
166,2,585.92,218.20,212.78,567.96,-1,-1,-1,-1
167,1,947.57,142.91,321.96,929.05,-1,-1,-1,-1
167,2,611.96,212.10,216.78,580.61,-1,-1,-1,-1
168,1,923.91,144.43,320.26,931.79,-1,-1,-1,-1
168,2,633.18,216.21,214.88,574.95,-1,-1,-1,-1
169,1,891.65,155.13,317.76,923.19,-1,-1,-1,-1
169,2,655.32,213.26,214.84,575.22,-1,-1,-1,-1
170,1,877.22,157.00,317.79,920.09,-1,-1,-1,-1
170,2,668.95,216.22,213.42,570.11,-1,-1,-1,-1
171,1,856.82,159.96,317.84,916.52,-1,-1,-1,-1
171,2,686.83,219.16,213.09,568.93,-1,-1,-1,-1
172,1,836.63,161.85,317.56,911.82,-1,-1,-1,-1
172,2,701.40,222.17,212.69,570.50,-1,-1,-1,-1
173,1,824.33,165.24,311.35,890.45,-1,-1,-1,-1
173,2,727.80,223.49,210.40,567.86,-1,-1,-1,-1
174,1,795.78,171.51,308.19,880.92,-1,-1,-1,-1
175,1,772.25,170.43,304.83,868.82,-1,-1,-1,-1
176,1,755.29,168.29,304.97,865.79,-1,-1,-1,-1
177,1,737.44,177.64,305.28,863.86,-1,-1,-1,-1
178,1,722.29,183.58,304.00,858.80,-1,-1,-1,-1
179,1,709.32,194.62,295.73,834.75,-1,-1,-1,-1
180,1,701.01,197.62,293.79,826.32,-1,-1,-1,-1
180,2,886.73,212.42,210.89,573.12,-1,-1,-1,-1
181,1,693.11,199.26,291.27,818.20,-1,-1,-1,-1
181,2,903.20,213.47,207.58,570.93,-1,-1,-1,-1
182,1,685.61,199.60,287.68,806.42,-1,-1,-1,-1
182,2,924.57,210.71,206.06,576.31,-1,-1,-1,-1
183,1,681.36,193.07,285.48,799.92,-1,-1,-1,-1
183,2,942.21,206.30,205.11,582.15,-1,-1,-1,-1
184,1,673.54,184.82,285.56,804.04,-1,-1,-1,-1
184,2,962.71,202.88,202.10,577.10,-1,-1,-1,-1
185,1,666.51,183.86,282.22,797.75,-1,-1,-1,-1
185,2,985.31,202.04,200.42,572.64,-1,-1,-1,-1
186,1,662.24,183.27,278.84,793.40,-1,-1,-1,-1
186,2,998.17,197.85,201.34,573.01,-1,-1,-1,-1
187,1,654.38,179.75,276.04,794.79,-1,-1,-1,-1
187,2,1017.81,196.46,203.14,572.15,-1,-1,-1,-1
188,1,645.11,177.72,279.52,811.32,-1,-1,-1,-1
188,2,1036.01,200.62,202.55,565.52,-1,-1,-1,-1
189,1,637.36,171.42,283.09,829.98,-1,-1,-1,-1
189,2,1052.20,197.82,206.23,570.87,-1,-1,-1,-1
190,1,627.42,171.04,282.05,833.99,-1,-1,-1,-1
190,2,1071.88,198.89,208.33,573.24,-1,-1,-1,-1
191,1,615.53,177.28,281.43,836.68,-1,-1,-1,-1
191,2,1090.13,201.64,207.45,572.13,-1,-1,-1,-1
192,1,602.06,176.51,282.00,841.68,-1,-1,-1,-1
192,2,1106.78,200.86,208.22,578.97,-1,-1,-1,-1
193,1,592.34,174.33,280.04,841.89,-1,-1,-1,-1
193,2,1122.15,201.40,205.74,581.06,-1,-1,-1,-1
194,1,577.80,170.97,279.62,842.52,-1,-1,-1,-1
194,2,1139.80,196.32,208.60,593.28,-1,-1,-1,-1
195,1,565.94,172.48,282.06,849.20,-1,-1,-1,-1
195,2,1160.09,196.65,206.15,585.29,-1,-1,-1,-1
196,1,547.83,174.13,284.32,854.58,-1,-1,-1,-1
196,2,1184.10,196.18,205.32,577.54,-1,-1,-1,-1
197,1,530.75,173.93,288.36,857.12,-1,-1,-1,-1
197,2,1201.51,190.13,209.00,584.33,-1,-1,-1,-1
198,1,509.54,175.46,298.66,881.37,-1,-1,-1,-1
198,2,1219.85,190.37,211.14,586.75,-1,-1,-1,-1
199,1,499.00,175.71,305.45,894.82,-1,-1,-1,-1
199,2,1229.28,192.33,213.14,589.10,-1,-1,-1,-1
200,1,489.37,175.85,307.64,897.39,-1,-1,-1,-1
200,2,1241.52,191.04,215.35,593.29,-1,-1,-1,-1
201,1,471.27,168.24,310.52,903.42,-1,-1,-1,-1
201,2,1262.11,192.35,213.48,586.86,-1,-1,-1,-1
202,1,453.39,164.34,317.17,914.56,-1,-1,-1,-1
202,2,1283.51,190.04,213.76,586.40,-1,-1,-1,-1
203,1,434.32,156.59,317.83,907.73,-1,-1,-1,-1
203,2,1297.38,185.72,215.79,589.34,-1,-1,-1,-1
204,1,415.90,150.10,325.76,928.84,-1,-1,-1,-1
204,2,1309.81,181.55,222.99,604.22,-1,-1,-1,-1
205,1,400.23,147.64,326.60,937.17,-1,-1,-1,-1
205,2,1319.75,179.11,228.56,615.53,-1,-1,-1,-1
206,1,389.05,141.85,329.25,949.77,-1,-1,-1,-1
206,2,1332.57,182.70,231.68,622.36,-1,-1,-1,-1
207,1,380.76,150.54,324.97,944.62,-1,-1,-1,-1
207,2,1344.58,184.20,235.77,631.36,-1,-1,-1,-1
208,1,373.17,149.42,326.22,949.57,-1,-1,-1,-1
208,2,1360.96,182.05,241.00,643.53,-1,-1,-1,-1
209,1,366.75,147.29,324.02,936.62,-1,-1,-1,-1
209,2,1375.77,176.23,244.83,653.25,-1,-1,-1,-1
210,1,351.54,137.77,332.39,947.93,-1,-1,-1,-1
210,2,1391.63,173.91,246.15,656.76,-1,-1,-1,-1
211,1,342.65,133.34,337.76,946.04,-1,-1,-1,-1
211,2,1399.80,171.12,245.76,656.61,-1,-1,-1,-1
212,1,331.91,132.04,346.18,950.28,-1,-1,-1,-1
212,2,1406.33,166.66,245.47,656.49,-1,-1,-1,-1
213,1,332.63,131.55,350.80,947.53,-1,-1,-1,-1
213,2,1409.36,162.37,249.97,670.42,-1,-1,-1,-1
214,1,340.35,134.50,354.31,942.84,-1,-1,-1,-1
214,2,1412.17,157.32,256.30,687.73,-1,-1,-1,-1
215,1,349.98,140.09,358.11,943.05,-1,-1,-1,-1
215,2,1413.86,157.75,260.71,699.54,-1,-1,-1,-1
216,1,369.80,144.00,357.32,932.34,-1,-1,-1,-1
216,2,1415.91,158.33,263.35,706.10,-1,-1,-1,-1
217,1,388.52,149.50,356.88,926.11,-1,-1,-1,-1
217,2,1416.80,157.92,265.22,712.69,-1,-1,-1,-1
218,1,403.38,152.35,359.52,929.95,-1,-1,-1,-1
218,2,1409.54,158.45,267.67,721.33,-1,-1,-1,-1
219,1,411.67,151.28,361.07,931.79,-1,-1,-1,-1
219,2,1403.97,157.94,267.24,722.14,-1,-1,-1,-1
220,1,423.35,151.88,357.03,920.14,-1,-1,-1,-1
220,2,1397.55,156.83,267.13,729.14,-1,-1,-1,-1
221,1,432.46,155.71,357.23,922.45,-1,-1,-1,-1
221,2,1386.43,158.79,267.32,735.97,-1,-1,-1,-1
222,1,442.06,160.05,355.64,919.22,-1,-1,-1,-1
222,2,1369.90,156.33,266.92,741.08,-1,-1,-1,-1
223,1,452.09,167.18,351.91,909.22,-1,-1,-1,-1
223,2,1352.81,154.25,265.35,738.47,-1,-1,-1,-1
224,1,460.24,175.37,344.51,889.42,-1,-1,-1,-1
224,2,1338.16,161.73,262.37,728.84,-1,-1,-1,-1
225,1,473.64,177.40,335.81,865.32,-1,-1,-1,-1
225,2,1321.65,164.00,261.63,726.36,-1,-1,-1,-1
226,1,487.32,180.74,324.52,836.59,-1,-1,-1,-1
226,2,1305.40,155.02,264.68,737.91,-1,-1,-1,-1
227,1,502.48,183.44,313.76,810.09,-1,-1,-1,-1
227,2,1285.57,154.36,264.51,744.08,-1,-1,-1,-1
228,1,509.85,183.96,308.02,794.25,-1,-1,-1,-1
228,2,1272.39,157.06,262.48,744.33,-1,-1,-1,-1
229,1,519.62,182.74,302.48,780.90,-1,-1,-1,-1
229,2,1248.26,154.63,260.47,749.37,-1,-1,-1,-1
230,1,529.05,186.12,300.69,779.70,-1,-1,-1,-1
230,2,1225.45,155.89,258.39,747.48,-1,-1,-1,-1
230,4,12.63,265.08,92.81,579.69,-1,-1,-1,-1
231,1,540.16,194.06,295.53,769.32,-1,-1,-1,-1
231,2,1203.35,154.66,258.44,743.98,-1,-1,-1,-1
231,4,27.52,244.97,93.88,578.47,-1,-1,-1,-1
232,1,555.12,199.34,287.05,749.15,-1,-1,-1,-1
232,2,1184.41,156.05,258.73,740.39,-1,-1,-1,-1
232,4,35.88,242.86,94.22,567.23,-1,-1,-1,-1
233,1,567.29,206.71,280.19,733.77,-1,-1,-1,-1
233,2,1161.53,159.02,261.68,744.08,-1,-1,-1,-1
233,4,38.24,240.85,96.65,564.76,-1,-1,-1,-1
234,1,578.30,210.96,274.41,721.64,-1,-1,-1,-1
234,2,1145.68,160.25,263.31,745.52,-1,-1,-1,-1
234,4,39.36,241.52,100.03,563.58,-1,-1,-1,-1
235,1,595.58,210.64,266.53,703.20,-1,-1,-1,-1
235,2,1125.76,163.69,261.84,745.03,-1,-1,-1,-1
235,4,40.78,242.47,104.35,563.27,-1,-1,-1,-1
236,1,613.00,210.38,259.78,686.08,-1,-1,-1,-1
236,2,1102.18,159.00,264.70,758.83,-1,-1,-1,-1
236,4,43.97,242.88,109.17,559.51,-1,-1,-1,-1
237,1,625.07,211.34,254.08,672.71,-1,-1,-1,-1
237,2,1074.30,155.78,265.91,774.09,-1,-1,-1,-1
238,1,635.93,211.28,248.43,658.18,-1,-1,-1,-1
238,2,1047.66,154.43,264.11,778.89,-1,-1,-1,-1
238,5,6.23,239.78,213.39,571.00,-1,-1,-1,-1
239,1,643.37,214.05,246.83,653.53,-1,-1,-1,-1
239,2,1024.05,156.44,260.21,774.13,-1,-1,-1,-1
239,5,20.62,235.58,214.56,573.27,-1,-1,-1,-1
240,1,649.80,214.70,248.76,656.86,-1,-1,-1,-1
240,2,998.56,156.36,258.35,768.31,-1,-1,-1,-1
240,5,39.43,231.90,217.30,579.20,-1,-1,-1,-1
241,1,656.98,218.32,246.04,651.01,-1,-1,-1,-1
241,2,980.18,161.57,255.52,758.61,-1,-1,-1,-1
241,5,56.78,234.56,216.62,576.08,-1,-1,-1,-1
242,1,665.95,220.09,244.57,649.30,-1,-1,-1,-1
242,2,961.92,166.89,253.28,750.09,-1,-1,-1,-1
242,5,69.25,238.17,217.50,576.82,-1,-1,-1,-1
243,1,677.95,222.89,238.31,635.57,-1,-1,-1,-1
243,2,937.02,164.55,254.55,754.79,-1,-1,-1,-1
243,5,83.67,234.47,219.95,582.39,-1,-1,-1,-1
244,1,688.68,224.75,232.91,623.07,-1,-1,-1,-1
244,2,912.19,165.30,254.33,758.55,-1,-1,-1,-1
244,5,97.57,234.77,220.93,584.21,-1,-1,-1,-1
245,1,703.19,222.15,228.67,613.33,-1,-1,-1,-1
245,2,887.44,161.79,254.12,766.10,-1,-1,-1,-1
245,5,110.80,237.17,219.80,580.30,-1,-1,-1,-1
246,1,715.39,224.16,223.47,600.76,-1,-1,-1,-1
246,2,863.02,159.46,251.37,761.06,-1,-1,-1,-1
246,5,126.59,236.38,219.76,579.54,-1,-1,-1,-1
247,1,724.24,228.50,220.92,597.34,-1,-1,-1,-1
247,2,845.40,160.74,247.28,751.79,-1,-1,-1,-1
247,5,134.68,236.47,219.68,578.70,-1,-1,-1,-1
248,1,735.06,231.93,215.05,586.12,-1,-1,-1,-1
248,2,819.63,174.22,240.12,726.93,-1,-1,-1,-1
248,5,149.28,233.69,220.10,580.17,-1,-1,-1,-1
249,2,792.00,178.76,238.46,715.50,-1,-1,-1,-1
249,5,164.42,235.95,218.92,577.77,-1,-1,-1,-1
250,2,768.82,169.61,250.60,742.45,-1,-1,-1,-1
250,5,181.80,233.55,220.91,581.91,-1,-1,-1,-1
251,2,747.58,166.36,257.15,755.66,-1,-1,-1,-1
251,5,195.86,233.95,222.28,583.64,-1,-1,-1,-1
252,2,730.84,175.94,256.47,750.66,-1,-1,-1,-1
252,5,208.18,233.88,222.25,582.09,-1,-1,-1,-1
253,2,708.27,176.43,252.42,743.43,-1,-1,-1,-1
253,5,219.84,234.39,223.00,583.79,-1,-1,-1,-1
254,2,667.50,168.31,257.17,768.78,-1,-1,-1,-1
254,5,233.50,230.44,225.05,590.02,-1,-1,-1,-1
254,6,829.87,225.71,176.98,582.61,-1,-1,-1,-1
255,2,642.72,163.50,257.82,779.75,-1,-1,-1,-1
255,5,244.65,231.45,225.23,591.18,-1,-1,-1,-1
255,6,838.86,226.44,178.28,586.36,-1,-1,-1,-1
256,2,617.60,160.34,256.63,779.41,-1,-1,-1,-1
256,5,259.53,229.22,225.50,593.63,-1,-1,-1,-1
256,6,852.14,226.35,176.75,579.37,-1,-1,-1,-1
257,2,588.08,164.30,256.88,769.54,-1,-1,-1,-1
257,5,274.42,228.14,225.98,595.75,-1,-1,-1,-1
257,6,867.08,229.49,174.44,567.60,-1,-1,-1,-1
258,2,560.30,162.71,261.69,768.91,-1,-1,-1,-1
258,5,289.94,223.46,226.62,598.26,-1,-1,-1,-1
258,1,863.30,229.44,210.15,568.70,-1,-1,-1,-1
259,2,537.87,165.78,266.63,770.23,-1,-1,-1,-1
259,5,305.17,226.17,223.06,589.81,-1,-1,-1,-1
259,1,875.67,227.87,210.28,567.54,-1,-1,-1,-1
260,2,516.84,169.42,269.65,771.04,-1,-1,-1,-1
260,5,319.34,224.78,224.33,592.86,-1,-1,-1,-1
260,1,886.73,228.23,212.16,571.14,-1,-1,-1,-1
261,2,501.50,166.89,274.04,777.39,-1,-1,-1,-1
261,5,324.49,219.74,229.35,606.73,-1,-1,-1,-1
261,1,893.16,229.92,212.91,571.91,-1,-1,-1,-1
262,2,481.67,160.96,272.45,770.70,-1,-1,-1,-1
262,5,334.06,220.84,228.99,607.37,-1,-1,-1,-1
262,1,907.02,231.96,211.95,566.66,-1,-1,-1,-1
263,2,457.89,161.19,273.14,773.50,-1,-1,-1,-1
263,5,342.49,218.29,229.24,610.60,-1,-1,-1,-1
263,1,916.04,227.11,214.82,573.25,-1,-1,-1,-1
264,2,406.40,182.18,250.07,707.38,-1,-1,-1,-1
264,1,925.60,221.79,217.61,579.43,-1,-1,-1,-1
265,2,382.51,165.06,268.73,753.07,-1,-1,-1,-1
265,1,934.04,220.35,219.84,586.12,-1,-1,-1,-1
266,2,361.20,155.17,287.11,797.14,-1,-1,-1,-1
266,1,937.65,218.95,222.56,594.22,-1,-1,-1,-1
267,1,942.37,214.82,226.04,605.16,-1,-1,-1,-1
268,1,947.34,214.56,229.61,616.29,-1,-1,-1,-1
268,2,322.74,150.03,308.16,847.22,-1,-1,-1,-1
269,1,952.17,211.07,234.36,631.35,-1,-1,-1,-1
269,2,308.25,156.29,313.51,851.27,-1,-1,-1,-1
270,1,955.39,211.95,234.71,634.94,-1,-1,-1,-1
270,2,293.17,156.03,314.76,848.12,-1,-1,-1,-1
271,1,958.27,211.95,235.64,640.47,-1,-1,-1,-1
271,2,274.07,153.22,314.69,845.02,-1,-1,-1,-1
272,1,963.43,211.38,235.94,643.13,-1,-1,-1,-1
272,2,240.80,144.82,319.74,855.90,-1,-1,-1,-1
273,1,970.60,209.51,235.84,645.46,-1,-1,-1,-1
273,2,208.84,140.63,329.45,882.84,-1,-1,-1,-1
273,7,410.94,222.45,233.22,641.49,-1,-1,-1,-1
274,1,975.67,207.32,236.40,649.19,-1,-1,-1,-1
274,2,186.85,135.30,338.50,908.07,-1,-1,-1,-1
274,7,411.45,216.40,233.84,643.29,-1,-1,-1,-1
275,1,985.43,205.86,238.20,653.74,-1,-1,-1,-1
275,2,172.00,133.55,340.47,911.99,-1,-1,-1,-1
275,7,414.06,215.19,235.37,647.99,-1,-1,-1,-1
276,1,1002.28,207.07,239.66,657.54,-1,-1,-1,-1
276,2,149.97,137.38,346.28,924.45,-1,-1,-1,-1
276,7,414.64,211.43,236.70,651.55,-1,-1,-1,-1
277,1,1014.11,208.73,242.36,667.99,-1,-1,-1,-1
277,2,135.08,138.20,349.61,927.49,-1,-1,-1,-1
277,7,415.76,211.74,236.52,652.34,-1,-1,-1,-1
277,8,1.26,200.58,126.93,636.48,-1,-1,-1,-1
278,1,1026.70,207.20,244.50,674.70,-1,-1,-1,-1
278,2,115.76,125.16,352.74,928.90,-1,-1,-1,-1
278,7,416.22,210.86,236.27,651.53,-1,-1,-1,-1
278,8,1.01,208.24,123.99,621.54,-1,-1,-1,-1
279,1,1038.15,203.43,246.07,680.03,-1,-1,-1,-1
279,2,92.97,115.73,363.38,953.00,-1,-1,-1,-1
279,7,412.33,209.33,239.15,658.42,-1,-1,-1,-1
279,8,-2.52,204.67,126.44,634.88,-1,-1,-1,-1
280,1,1051.48,201.32,247.14,683.79,-1,-1,-1,-1
280,2,72.68,114.53,371.72,965.65,-1,-1,-1,-1
280,7,406.65,206.94,245.14,673.36,-1,-1,-1,-1
280,8,6.13,217.67,126.61,631.91,-1,-1,-1,-1
281,1,1065.42,197.41,248.41,687.63,-1,-1,-1,-1
281,2,56.13,99.47,379.33,978.72,-1,-1,-1,-1
281,7,403.46,204.36,253.61,695.23,-1,-1,-1,-1
281,8,0.24,218.69,130.34,651.78,-1,-1,-1,-1
282,1,1080.53,192.33,252.77,699.50,-1,-1,-1,-1
282,2,45.32,88.41,386.60,987.93,-1,-1,-1,-1
282,7,400.38,199.76,258.94,708.58,-1,-1,-1,-1
282,8,1.76,224.43,125.10,624.13,-1,-1,-1,-1
283,1,1095.71,188.61,259.39,717.49,-1,-1,-1,-1
283,2,45.78,88.60,389.17,994.62,-1,-1,-1,-1
283,7,398.13,198.64,263.75,720.83,-1,-1,-1,-1
283,8,12.39,218.52,123.99,607.79,-1,-1,-1,-1
284,1,1105.98,189.49,264.03,730.58,-1,-1,-1,-1
284,2,47.47,92.97,388.45,990.13,-1,-1,-1,-1
284,7,397.88,196.67,265.43,725.10,-1,-1,-1,-1
284,8,16.27,222.26,126.09,606.34,-1,-1,-1,-1
285,1,1115.95,187.45,269.55,745.64,-1,-1,-1,-1
285,2,44.24,93.44,387.98,984.29,-1,-1,-1,-1
285,7,396.37,193.41,267.95,731.40,-1,-1,-1,-1
285,8,17.25,220.24,129.31,609.78,-1,-1,-1,-1
286,1,1124.37,185.91,274.09,757.80,-1,-1,-1,-1
286,2,46.42,91.61,392.18,989.34,-1,-1,-1,-1
286,7,394.99,190.59,269.17,734.66,-1,-1,-1,-1
286,8,18.65,219.62,131.74,607.25,-1,-1,-1,-1
287,1,1132.97,180.68,281.14,776.47,-1,-1,-1,-1
287,2,54.21,85.18,394.54,992.94,-1,-1,-1,-1
287,7,391.70,188.20,268.91,734.28,-1,-1,-1,-1
287,8,19.60,216.22,138.61,624.19,-1,-1,-1,-1
288,1,1141.99,178.73,285.96,786.86,-1,-1,-1,-1
288,2,73.75,77.48,395.83,995.83,-1,-1,-1,-1
288,7,390.31,188.09,268.53,734.66,-1,-1,-1,-1
288,8,20.39,210.78,140.77,617.93,-1,-1,-1,-1
289,1,1146.60,179.62,288.71,792.72,-1,-1,-1,-1
289,2,91.57,75.33,396.81,1004.08,-1,-1,-1,-1
289,7,386.33,187.91,269.67,742.61,-1,-1,-1,-1
289,8,19.55,204.28,144.64,620.26,-1,-1,-1,-1
290,1,1148.74,178.97,292.45,802.73,-1,-1,-1,-1
290,2,102.72,69.81,401.02,1015.45,-1,-1,-1,-1
290,7,383.76,187.58,270.14,748.71,-1,-1,-1,-1
290,8,21.29,201.89,147.69,615.86,-1,-1,-1,-1
291,1,1153.24,172.45,295.11,808.96,-1,-1,-1,-1
291,2,121.38,54.09,400.38,1016.99,-1,-1,-1,-1
291,7,379.82,184.23,272.79,764.60,-1,-1,-1,-1
291,8,21.67,201.14,150.44,610.22,-1,-1,-1,-1
292,1,1164.52,170.07,296.71,809.29,-1,-1,-1,-1
292,2,191.40,83.22,374.38,958.52,-1,-1,-1,-1
292,7,380.07,185.51,270.78,761.19,-1,-1,-1,-1
292,8,21.98,202.15,153.37,604.88,-1,-1,-1,-1
293,1,1171.29,167.35,303.57,825.35,-1,-1,-1,-1
293,2,231.06,105.20,361.11,926.59,-1,-1,-1,-1
293,8,22.37,201.87,157.35,603.31,-1,-1,-1,-1
294,1,1177.84,164.93,309.13,839.03,-1,-1,-1,-1
294,2,244.46,89.25,380.18,970.28,-1,-1,-1,-1
294,8,20.92,202.30,161.38,603.67,-1,-1,-1,-1
295,1,1184.56,164.70,311.38,844.30,-1,-1,-1,-1
295,2,258.13,65.43,396.09,1004.79,-1,-1,-1,-1
295,8,21.99,201.68,165.36,601.69,-1,-1,-1,-1
296,1,1189.99,161.72,312.70,848.68,-1,-1,-1,-1
296,2,292.35,86.14,392.52,995.52,-1,-1,-1,-1
296,8,22.41,205.13,168.62,596.90,-1,-1,-1,-1
297,1,1188.55,160.74,319.02,871.04,-1,-1,-1,-1
297,2,309.34,71.82,401.51,1015.95,-1,-1,-1,-1
297,8,21.52,209.69,171.91,593.48,-1,-1,-1,-1
298,1,1196.11,159.11,315.78,867.99,-1,-1,-1,-1
298,2,334.98,75.18,403.02,1006.85,-1,-1,-1,-1
298,8,22.34,214.81,174.37,585.80,-1,-1,-1,-1
299,1,1195.12,157.37,315.91,877.75,-1,-1,-1,-1
299,2,387.80,72.39,409.47,1015.50,-1,-1,-1,-1
299,8,22.78,210.26,182.46,597.31,-1,-1,-1,-1
300,1,1198.96,156.04,313.21,881.81,-1,-1,-1,-1
300,2,446.19,36.71,413.31,1026.31,-1,-1,-1,-1
300,8,28.04,210.74,186.68,594.86,-1,-1,-1,-1
300,7,268.82,157.20,311.96,868.09,-1,-1,-1,-1
301,1,1203.79,160.18,308.37,882.69,-1,-1,-1,-1
301,2,494.75,27.98,420.52,1051.62,-1,-1,-1,-1
301,8,39.12,213.82,193.03,598.77,-1,-1,-1,-1
301,7,254.26,153.27,324.91,895.41,-1,-1,-1,-1
302,1,1202.07,161.48,300.19,866.89,-1,-1,-1,-1
302,2,540.26,26.95,422.19,1060.10,-1,-1,-1,-1
302,8,47.13,218.52,198.15,597.77,-1,-1,-1,-1
302,7,243.51,151.17,336.25,918.10,-1,-1,-1,-1
303,1,1196.58,165.33,296.22,854.02,-1,-1,-1,-1
303,2,598.07,29.60,418.65,1055.46,-1,-1,-1,-1
303,8,56.78,219.16,202.35,594.87,-1,-1,-1,-1
303,7,231.13,148.19,341.76,930.28,-1,-1,-1,-1
304,1,1186.93,166.85,296.83,852.57,-1,-1,-1,-1
304,2,653.46,22.74,420.14,1065.08,-1,-1,-1,-1
304,8,64.56,217.96,208.30,600.32,-1,-1,-1,-1
304,7,222.63,142.83,348.84,946.97,-1,-1,-1,-1
305,1,1173.71,165.99,295.47,846.93,-1,-1,-1,-1
305,2,705.65,9.64,408.39,1037.57,-1,-1,-1,-1
305,8,73.63,214.94,214.10,609.17,-1,-1,-1,-1
305,7,212.27,142.62,348.84,941.51,-1,-1,-1,-1
306,1,1160.28,164.85,295.81,844.78,-1,-1,-1,-1
306,2,741.70,22.45,414.42,1057.58,-1,-1,-1,-1
306,8,86.44,204.35,217.21,616.90,-1,-1,-1,-1
306,7,200.58,139.34,349.99,938.62,-1,-1,-1,-1
307,1,1149.07,167.38,294.44,838.60,-1,-1,-1,-1
307,2,780.81,33.45,416.92,1064.18,-1,-1,-1,-1
307,8,102.11,202.36,220.68,629.97,-1,-1,-1,-1
307,7,185.61,131.79,355.82,947.01,-1,-1,-1,-1
308,1,1143.27,171.20,291.96,832.03,-1,-1,-1,-1
308,2,834.60,22.97,423.07,1080.64,-1,-1,-1,-1
308,8,115.96,198.20,222.14,641.20,-1,-1,-1,-1
308,7,166.94,133.01,359.43,950.31,-1,-1,-1,-1
309,1,1129.54,170.71,291.04,832.38,-1,-1,-1,-1
309,2,894.32,50.85,409.95,1043.48,-1,-1,-1,-1
309,7,159.87,133.27,360.17,950.63,-1,-1,-1,-1
310,2,943.93,30.95,411.60,1042.88,-1,-1,-1,-1
310,7,152.52,120.10,367.07,965.53,-1,-1,-1,-1
311,2,991.51,33.02,421.45,1070.24,-1,-1,-1,-1
311,7,144.10,119.48,368.49,963.47,-1,-1,-1,-1
312,2,1040.16,26.30,422.90,1076.51,-1,-1,-1,-1
312,7,129.06,118.61,373.30,967.99,-1,-1,-1,-1
313,2,1078.71,23.10,414.95,1060.70,-1,-1,-1,-1
313,7,112.05,109.94,376.50,968.24,-1,-1,-1,-1
314,2,1104.73,7.08,405.05,1035.71,-1,-1,-1,-1
314,7,102.76,106.56,379.23,966.81,-1,-1,-1,-1
315,2,1169.12,1.14,401.72,1029.74,-1,-1,-1,-1
315,7,84.62,101.57,384.09,967.94,-1,-1,-1,-1
315,1,1061.78,186.04,264.88,765.50,-1,-1,-1,-1
316,2,1231.37,27.90,404.01,1049.38,-1,-1,-1,-1
316,7,64.73,98.22,393.10,975.22,-1,-1,-1,-1
316,1,1060.17,187.81,260.52,750.53,-1,-1,-1,-1
317,2,1275.28,17.67,406.91,1060.15,-1,-1,-1,-1
317,7,48.07,89.29,402.23,983.99,-1,-1,-1,-1
317,1,1060.94,189.64,260.66,745.62,-1,-1,-1,-1
318,2,1296.58,12.06,412.61,1070.62,-1,-1,-1,-1
318,7,37.53,86.94,407.54,981.60,-1,-1,-1,-1
318,1,1059.71,194.43,258.80,734.79,-1,-1,-1,-1
318,10,320.36,183.07,222.47,621.98,-1,-1,-1,-1
319,2,1355.41,8.08,414.69,1070.10,-1,-1,-1,-1
319,7,28.12,87.58,411.49,977.81,-1,-1,-1,-1
319,1,1065.55,203.36,252.30,709.81,-1,-1,-1,-1
319,10,342.71,188.25,228.10,637.75,-1,-1,-1,-1
320,2,1399.56,16.43,410.79,1056.75,-1,-1,-1,-1
320,7,19.86,79.34,420.66,988.30,-1,-1,-1,-1
320,1,1070.32,205.51,248.39,691.89,-1,-1,-1,-1
320,10,358.82,190.26,232.28,648.30,-1,-1,-1,-1
321,2,1429.06,5.19,415.91,1065.43,-1,-1,-1,-1
321,7,16.07,74.82,425.13,988.73,-1,-1,-1,-1
321,1,1072.20,205.73,245.89,679.62,-1,-1,-1,-1
321,10,373.85,188.38,237.15,659.58,-1,-1,-1,-1
322,2,1467.00,1.99,417.05,1068.37,-1,-1,-1,-1
322,7,16.46,69.53,433.39,999.88,-1,-1,-1,-1
322,1,1073.05,209.59,239.46,655.49,-1,-1,-1,-1
322,10,384.51,184.82,239.37,663.02,-1,-1,-1,-1
323,2,1503.38,8.99,416.65,1065.19,-1,-1,-1,-1
323,7,23.72,64.45,441.97,1010.71,-1,-1,-1,-1
323,1,1073.37,210.57,235.93,640.03,-1,-1,-1,-1
323,10,394.85,183.85,241.06,665.64,-1,-1,-1,-1
324,2,1528.47,21.86,416.06,1070.90,-1,-1,-1,-1
324,7,41.46,65.07,446.61,1012.53,-1,-1,-1,-1
324,1,1071.33,212.23,233.65,630.73,-1,-1,-1,-1
324,10,412.51,182.42,240.15,663.04,-1,-1,-1,-1
325,2,1549.47,52.03,401.53,1043.77,-1,-1,-1,-1
325,7,57.79,49.59,455.56,1023.64,-1,-1,-1,-1
325,1,1067.50,214.55,231.51,626.06,-1,-1,-1,-1
325,10,420.85,183.84,241.37,664.57,-1,-1,-1,-1
326,2,1558.05,18.52,402.47,1062.13,-1,-1,-1,-1
326,7,76.28,36.99,465.59,1036.78,-1,-1,-1,-1
326,1,1061.72,213.74,230.21,623.04,-1,-1,-1,-1
326,10,435.48,177.21,240.54,660.31,-1,-1,-1,-1
327,2,1579.22,22.04,389.26,1045.95,-1,-1,-1,-1
327,7,91.12,30.32,471.60,1044.30,-1,-1,-1,-1
327,1,1054.88,218.49,228.40,617.96,-1,-1,-1,-1
327,10,457.19,179.68,241.94,660.65,-1,-1,-1,-1
328,2,1603.68,64.83,365.82,1001.83,-1,-1,-1,-1
328,7,109.96,24.00,473.37,1047.08,-1,-1,-1,-1
328,1,1047.45,222.00,226.42,611.57,-1,-1,-1,-1
328,10,477.20,181.55,244.74,662.41,-1,-1,-1,-1
329,7,126.69,19.66,475.15,1051.99,-1,-1,-1,-1
329,1,1041.85,221.71,224.40,605.40,-1,-1,-1,-1
329,10,494.61,182.64,246.74,662.25,-1,-1,-1,-1
330,7,152.78,18.63,480.98,1070.10,-1,-1,-1,-1
330,1,1038.89,220.70,220.96,594.46,-1,-1,-1,-1
330,10,507.92,182.85,252.79,673.01,-1,-1,-1,-1
331,7,181.50,18.62,478.07,1068.63,-1,-1,-1,-1
331,1,1033.30,220.81,218.47,586.18,-1,-1,-1,-1
331,10,522.51,182.63,255.49,677.72,-1,-1,-1,-1
331,11,1646.08,58.00,280.93,894.06,-1,-1,-1,-1
332,7,212.36,39.96,471.75,1055.97,-1,-1,-1,-1
332,1,1025.10,224.00,217.22,581.57,-1,-1,-1,-1
332,10,536.68,175.87,258.07,682.30,-1,-1,-1,-1
332,11,1660.18,69.67,273.92,874.04,-1,-1,-1,-1
333,7,241.04,35.03,472.17,1066.88,-1,-1,-1,-1
333,1,1019.61,225.06,215.23,573.88,-1,-1,-1,-1
333,10,546.97,168.21,261.36,688.74,-1,-1,-1,-1
333,11,1670.58,79.30,266.83,854.42,-1,-1,-1,-1
334,7,332.99,75.30,424.70,966.47,-1,-1,-1,-1
334,1,1010.71,224.28,216.44,576.59,-1,-1,-1,-1
334,10,551.45,165.88,260.96,687.01,-1,-1,-1,-1
334,11,1674.14,89.43,267.19,860.63,-1,-1,-1,-1
335,7,365.08,55.56,431.43,984.89,-1,-1,-1,-1
335,1,1004.36,219.72,218.85,583.36,-1,-1,-1,-1
335,10,557.90,170.18,262.42,689.73,-1,-1,-1,-1
335,11,1669.29,91.96,281.18,914.89,-1,-1,-1,-1
336,7,401.25,43.72,447.95,1025.76,-1,-1,-1,-1
336,1,997.50,218.92,220.02,586.39,-1,-1,-1,-1
336,11,1677.10,94.47,271.70,893.13,-1,-1,-1,-1
337,7,430.75,33.41,459.14,1056.13,-1,-1,-1,-1
337,1,993.27,220.26,218.32,585.75,-1,-1,-1,-1
337,11,1688.48,99.53,259.79,864.42,-1,-1,-1,-1
338,7,463.34,24.79,460.65,1063.35,-1,-1,-1,-1
338,1,990.95,219.96,215.43,580.40,-1,-1,-1,-1
338,11,1693.12,95.33,250.76,843.25,-1,-1,-1,-1
339,7,502.11,9.83,463.30,1072.18,-1,-1,-1,-1
339,1,989.43,222.39,211.13,570.84,-1,-1,-1,-1
339,11,1695.32,94.64,247.32,841.40,-1,-1,-1,-1
340,7,533.36,18.29,460.64,1065.13,-1,-1,-1,-1
340,1,987.95,224.86,206.41,561.29,-1,-1,-1,-1
340,11,1702.57,104.70,242.23,836.15,-1,-1,-1,-1
341,7,560.93,19.11,460.01,1060.74,-1,-1,-1,-1
341,1,985.77,226.65,203.28,559.70,-1,-1,-1,-1
341,11,1705.09,99.52,242.90,853.07,-1,-1,-1,-1
341,10,542.64,191.02,273.66,716.38,-1,-1,-1,-1
342,7,608.40,21.79,458.90,1066.83,-1,-1,-1,-1
342,1,982.72,228.13,201.26,559.28,-1,-1,-1,-1
342,11,1703.49,97.44,242.83,865.99,-1,-1,-1,-1
342,10,526.69,179.04,285.60,752.41,-1,-1,-1,-1
343,7,645.18,16.02,458.73,1077.92,-1,-1,-1,-1
343,1,980.83,228.90,200.10,554.98,-1,-1,-1,-1
343,11,1694.19,107.97,241.16,865.11,-1,-1,-1,-1
343,10,514.17,173.51,289.78,767.63,-1,-1,-1,-1
344,7,690.60,10.86,450.96,1069.93,-1,-1,-1,-1
344,1,980.90,229.19,197.60,546.19,-1,-1,-1,-1
344,11,1682.77,108.39,240.98,862.29,-1,-1,-1,-1
344,10,507.39,161.81,292.29,776.53,-1,-1,-1,-1
345,7,736.87,7.84,437.24,1043.19,-1,-1,-1,-1
345,1,976.04,229.46,194.14,532.48,-1,-1,-1,-1
345,11,1680.42,107.78,238.81,851.07,-1,-1,-1,-1
345,10,500.52,151.65,293.41,779.58,-1,-1,-1,-1
346,7,776.40,20.61,440.74,1057.47,-1,-1,-1,-1
346,11,1677.78,106.48,240.20,854.05,-1,-1,-1,-1
346,10,480.48,144.78,298.62,794.46,-1,-1,-1,-1
347,7,821.45,25.67,438.20,1055.17,-1,-1,-1,-1
347,11,1666.87,101.40,243.15,856.53,-1,-1,-1,-1
347,10,461.87,139.20,300.49,799.41,-1,-1,-1,-1
348,7,867.95,16.70,437.90,1058.92,-1,-1,-1,-1
348,11,1661.12,104.77,244.67,852.41,-1,-1,-1,-1
348,10,444.98,136.12,301.99,802.09,-1,-1,-1,-1
349,7,898.76,23.16,440.80,1063.39,-1,-1,-1,-1
349,11,1653.45,109.76,245.07,844.55,-1,-1,-1,-1
349,10,425.49,133.88,304.14,809.38,-1,-1,-1,-1
350,7,923.23,21.37,434.60,1048.78,-1,-1,-1,-1
350,11,1645.04,118.76,246.80,840.72,-1,-1,-1,-1
350,10,410.17,132.63,309.76,826.74,-1,-1,-1,-1
351,7,949.71,21.86,438.45,1054.44,-1,-1,-1,-1
351,11,1634.89,118.96,248.00,840.72,-1,-1,-1,-1
351,10,390.58,133.46,321.88,862.46,-1,-1,-1,-1
351,1,916.54,249.70,197.90,539.24,-1,-1,-1,-1
352,7,983.86,24.09,441.09,1065.36,-1,-1,-1,-1
352,11,1621.62,114.17,249.79,843.28,-1,-1,-1,-1
352,10,371.61,130.38,335.92,902.64,-1,-1,-1,-1
352,1,906.41,226.56,212.72,578.44,-1,-1,-1,-1
353,7,1025.51,15.12,442.91,1075.00,-1,-1,-1,-1
353,11,1586.11,115.14,252.99,843.28,-1,-1,-1,-1
353,10,349.63,131.26,344.84,928.14,-1,-1,-1,-1
353,1,893.08,223.03,222.57,603.23,-1,-1,-1,-1
354,7,1060.45,17.65,441.72,1074.82,-1,-1,-1,-1
354,11,1557.93,117.43,254.92,837.81,-1,-1,-1,-1
354,10,330.29,127.40,349.67,944.67,-1,-1,-1,-1
354,1,881.60,221.95,229.24,621.79,-1,-1,-1,-1
355,7,1094.32,31.44,436.63,1064.07,-1,-1,-1,-1
355,11,1531.12,116.70,257.52,832.42,-1,-1,-1,-1
355,10,311.78,124.22,353.67,961.13,-1,-1,-1,-1
355,1,870.74,222.63,232.94,630.54,-1,-1,-1,-1
356,7,1128.85,32.47,436.94,1066.31,-1,-1,-1,-1
356,11,1511.10,118.10,258.02,821.31,-1,-1,-1,-1
356,10,296.52,109.76,358.83,978.19,-1,-1,-1,-1
356,1,862.59,220.72,234.52,633.13,-1,-1,-1,-1
357,7,1170.50,24.50,436.65,1066.49,-1,-1,-1,-1
357,11,1491.49,116.33,262.07,830.64,-1,-1,-1,-1
357,10,278.11,99.31,362.07,992.04,-1,-1,-1,-1
357,1,854.19,218.14,234.74,630.77,-1,-1,-1,-1
358,7,1285.33,54.11,392.44,964.68,-1,-1,-1,-1
358,10,260.89,93.92,360.27,991.51,-1,-1,-1,-1
358,1,845.97,215.52,237.31,633.64,-1,-1,-1,-1
359,7,1290.90,21.98,403.06,984.72,-1,-1,-1,-1
359,10,243.41,91.56,359.42,990.71,-1,-1,-1,-1
359,1,837.12,212.80,241.33,639.64,-1,-1,-1,-1
360,7,1291.06,20.26,426.26,1035.66,-1,-1,-1,-1
360,10,220.57,89.84,361.39,996.98,-1,-1,-1,-1
360,1,830.85,211.67,245.31,646.35,-1,-1,-1,-1
361,7,1299.78,26.20,437.95,1055.38,-1,-1,-1,-1
361,10,199.78,79.13,362.69,1002.29,-1,-1,-1,-1
361,1,823.58,207.33,253.55,665.99,-1,-1,-1,-1
362,7,1311.26,19.44,446.00,1067.99,-1,-1,-1,-1
362,10,180.18,78.14,364.94,1005.02,-1,-1,-1,-1
362,1,819.22,204.86,261.17,684.74,-1,-1,-1,-1
363,7,1320.66,15.24,448.00,1064.51,-1,-1,-1,-1
363,10,159.95,79.91,366.97,1001.19,-1,-1,-1,-1
363,1,818.34,205.03,265.27,693.84,-1,-1,-1,-1
364,7,1343.19,28.87,441.54,1044.95,-1,-1,-1,-1
364,10,140.38,77.25,374.11,1008.11,-1,-1,-1,-1
364,1,820.11,205.09,267.58,700.35,-1,-1,-1,-1
365,7,1355.33,39.70,440.78,1038.20,-1,-1,-1,-1
365,10,115.46,78.51,376.81,998.80,-1,-1,-1,-1
365,1,823.28,200.28,269.02,705.20,-1,-1,-1,-1
365,12,1261.64,121.88,299.66,808.27,-1,-1,-1,-1
366,7,1359.05,41.63,441.47,1042.67,-1,-1,-1,-1
366,10,86.42,59.16,391.96,1024.58,-1,-1,-1,-1
366,1,827.86,196.77,269.81,709.97,-1,-1,-1,-1
366,12,1245.70,137.86,298.23,804.29,-1,-1,-1,-1
367,7,1357.21,39.09,442.13,1045.75,-1,-1,-1,-1
367,10,61.97,47.10,400.77,1032.08,-1,-1,-1,-1
367,1,831.87,197.02,270.84,713.37,-1,-1,-1,-1
367,12,1226.94,138.73,300.35,810.62,-1,-1,-1,-1
368,7,1355.96,40.37,440.93,1045.94,-1,-1,-1,-1
368,10,40.90,56.06,405.40,1023.64,-1,-1,-1,-1
368,1,836.90,196.34,272.22,716.49,-1,-1,-1,-1
368,11,1221.98,141.28,258.56,804.44,-1,-1,-1,-1
369,7,1361.79,46.01,436.64,1035.82,-1,-1,-1,-1
369,10,27.98,54.49,411.61,1021.93,-1,-1,-1,-1
369,1,838.07,193.03,277.97,732.05,-1,-1,-1,-1
369,11,1193.07,143.42,263.96,818.51,-1,-1,-1,-1
370,7,1354.79,50.43,442.35,1051.69,-1,-1,-1,-1
370,10,20.51,51.17,416.89,1020.80,-1,-1,-1,-1
370,1,836.74,190.07,285.23,752.02,-1,-1,-1,-1
370,11,1159.86,136.10,264.99,818.99,-1,-1,-1,-1
371,7,1353.67,51.59,438.72,1045.35,-1,-1,-1,-1
371,10,15.84,52.81,421.44,1020.06,-1,-1,-1,-1
371,1,835.42,187.79,291.98,772.64,-1,-1,-1,-1
371,11,1135.88,128.77,266.97,824.70,-1,-1,-1,-1
372,7,1348.30,47.26,436.56,1037.88,-1,-1,-1,-1
372,10,11.00,52.43,425.56,1021.37,-1,-1,-1,-1
372,1,833.23,187.77,296.37,786.09,-1,-1,-1,-1
372,11,1117.31,134.99,268.13,824.92,-1,-1,-1,-1
373,7,1349.27,57.35,424.78,1007.29,-1,-1,-1,-1
373,10,13.17,60.59,425.68,1012.56,-1,-1,-1,-1
373,1,832.44,189.73,299.26,797.42,-1,-1,-1,-1
373,11,1096.91,133.28,268.23,815.42,-1,-1,-1,-1
374,7,1345.67,64.07,416.16,986.90,-1,-1,-1,-1
374,10,18.28,36.59,442.24,1046.49,-1,-1,-1,-1
374,1,833.56,189.33,298.19,797.47,-1,-1,-1,-1
374,11,1081.06,135.47,269.83,812.44,-1,-1,-1,-1
375,7,1333.68,75.35,423.05,1006.35,-1,-1,-1,-1
375,10,31.46,45.21,441.88,1035.00,-1,-1,-1,-1
375,1,831.04,183.16,302.62,813.52,-1,-1,-1,-1
375,11,1065.19,142.93,268.62,806.33,-1,-1,-1,-1
376,7,1323.84,79.81,421.62,1006.97,-1,-1,-1,-1
376,10,45.94,23.30,453.94,1054.67,-1,-1,-1,-1
376,1,829.72,180.54,304.31,821.44,-1,-1,-1,-1
376,11,1044.83,146.87,266.58,802.08,-1,-1,-1,-1
376,13,10.82,220.17,180.69,637.57,-1,-1,-1,-1
377,7,1313.93,86.87,416.57,998.73,-1,-1,-1,-1
377,10,72.51,10.58,458.14,1058.82,-1,-1,-1,-1
377,1,831.47,179.70,305.08,826.32,-1,-1,-1,-1
377,11,1021.94,151.14,258.22,778.15,-1,-1,-1,-1
377,13,37.47,231.46,174.68,612.66,-1,-1,-1,-1
378,7,1304.13,87.47,410.67,988.49,-1,-1,-1,-1
378,10,114.63,6.38,462.09,1064.12,-1,-1,-1,-1
378,11,941.83,156.10,270.31,813.78,-1,-1,-1,-1
378,13,81.00,219.16,175.58,609.98,-1,-1,-1,-1
379,7,1299.27,95.95,404.42,978.07,-1,-1,-1,-1
379,10,149.02,4.47,463.62,1063.73,-1,-1,-1,-1
379,11,907.15,147.58,278.70,827.88,-1,-1,-1,-1
379,13,109.25,215.47,173.91,597.04,-1,-1,-1,-1
380,7,1290.18,102.44,396.91,967.27,-1,-1,-1,-1
380,10,177.33,-0.21,467.38,1063.58,-1,-1,-1,-1
380,13,133.85,225.72,176.16,596.92,-1,-1,-1,-1
380,1,852.37,159.37,326.64,883.32,-1,-1,-1,-1
381,7,1282.53,106.98,392.79,964.50,-1,-1,-1,-1
381,10,202.53,-1.38,474.94,1069.34,-1,-1,-1,-1
381,13,155.73,227.42,181.84,607.60,-1,-1,-1,-1
381,1,861.64,161.57,323.41,870.08,-1,-1,-1,-1
382,7,1274.89,109.66,387.91,960.68,-1,-1,-1,-1
382,10,228.08,-1.16,482.59,1077.87,-1,-1,-1,-1
382,13,172.66,229.60,186.21,613.63,-1,-1,-1,-1
382,1,868.10,163.07,322.05,861.68,-1,-1,-1,-1
383,7,1269.16,114.58,383.44,958.29,-1,-1,-1,-1
383,10,257.20,-0.05,482.35,1069.07,-1,-1,-1,-1
383,13,190.89,219.69,189.95,616.21,-1,-1,-1,-1
383,1,871.70,161.50,324.67,868.21,-1,-1,-1,-1
384,7,1263.10,124.31,376.28,947.52,-1,-1,-1,-1
384,10,287.32,-1.22,482.34,1066.47,-1,-1,-1,-1
384,13,210.71,213.72,192.51,611.16,-1,-1,-1,-1
384,1,882.34,151.55,330.79,889.44,-1,-1,-1,-1
384,11,816.26,162.78,255.07,756.52,-1,-1,-1,-1
385,7,1258.90,134.44,369.24,938.23,-1,-1,-1,-1
385,10,318.66,5.23,480.95,1065.18,-1,-1,-1,-1
385,13,228.45,220.13,191.88,598.25,-1,-1,-1,-1
385,1,907.72,141.67,332.78,901.92,-1,-1,-1,-1
385,11,796.88,160.82,260.18,776.13,-1,-1,-1,-1
386,7,1255.05,141.36,361.47,926.66,-1,-1,-1,-1
386,10,338.83,8.81,479.56,1064.20,-1,-1,-1,-1
386,13,243.96,219.69,193.74,593.15,-1,-1,-1,-1
386,1,925.93,148.88,333.27,907.38,-1,-1,-1,-1
386,11,774.30,155.69,262.62,788.55,-1,-1,-1,-1
387,7,1249.96,147.71,348.89,899.37,-1,-1,-1,-1
387,10,365.78,5.31,477.88,1065.35,-1,-1,-1,-1
387,13,266.71,222.81,191.97,576.60,-1,-1,-1,-1
387,1,942.61,150.09,332.19,907.70,-1,-1,-1,-1
387,11,747.64,153.39,265.92,800.06,-1,-1,-1,-1
388,7,1243.96,152.23,337.11,871.71,-1,-1,-1,-1
388,10,388.61,22.39,467.94,1053.03,-1,-1,-1,-1
388,13,289.14,222.57,193.43,571.82,-1,-1,-1,-1
388,1,953.60,143.25,333.91,918.26,-1,-1,-1,-1
388,11,728.75,158.37,262.55,790.11,-1,-1,-1,-1
389,7,1234.73,152.83,327.83,850.99,-1,-1,-1,-1
389,10,432.99,40.00,454.92,1033.55,-1,-1,-1,-1
389,13,309.76,225.28,195.14,569.46,-1,-1,-1,-1
389,1,962.89,139.77,329.03,916.73,-1,-1,-1,-1
389,11,686.88,154.30,262.53,785.01,-1,-1,-1,-1
390,7,1229.30,151.56,320.11,833.19,-1,-1,-1,-1
390,10,495.99,43.76,447.50,1018.10,-1,-1,-1,-1
390,13,332.05,227.87,197.78,570.76,-1,-1,-1,-1
390,1,973.95,141.85,318.75,900.29,-1,-1,-1,-1
391,7,1225.28,152.27,313.00,814.96,-1,-1,-1,-1
391,10,532.50,15.34,451.58,1029.83,-1,-1,-1,-1
391,13,356.17,234.24,199.25,567.91,-1,-1,-1,-1
391,1,981.56,144.97,313.38,899.53,-1,-1,-1,-1
392,7,1220.58,153.28,308.14,803.16,-1,-1,-1,-1
392,10,579.30,4.80,455.22,1034.43,-1,-1,-1,-1
392,13,376.40,231.79,201.38,566.74,-1,-1,-1,-1
392,1,991.61,150.55,306.69,892.00,-1,-1,-1,-1
393,7,1210.07,154.90,307.50,803.84,-1,-1,-1,-1
393,10,647.78,17.89,458.50,1048.71,-1,-1,-1,-1
393,13,400.57,232.31,205.23,570.21,-1,-1,-1,-1
393,1,998.09,146.65,307.79,903.84,-1,-1,-1,-1
393,11,555.00,164.61,262.55,775.28,-1,-1,-1,-1
394,7,1205.71,160.58,304.43,798.54,-1,-1,-1,-1
394,10,708.72,35.83,455.67,1048.08,-1,-1,-1,-1
394,13,417.50,230.56,208.53,576.60,-1,-1,-1,-1
394,1,1007.04,145.46,301.98,900.32,-1,-1,-1,-1
394,11,529.64,173.96,258.79,761.43,-1,-1,-1,-1
395,7,1199.43,169.00,300.51,790.49,-1,-1,-1,-1
395,10,765.60,38.36,451.14,1036.63,-1,-1,-1,-1
395,13,438.87,222.69,205.13,569.69,-1,-1,-1,-1
395,1,1000.60,143.50,291.28,867.27,-1,-1,-1,-1
395,11,509.01,178.68,257.89,753.89,-1,-1,-1,-1
396,7,1194.94,175.36,296.49,780.56,-1,-1,-1,-1
396,10,832.66,15.85,453.45,1044.27,-1,-1,-1,-1
396,11,466.70,172.37,264.87,763.54,-1,-1,-1,-1
397,7,1194.28,177.35,290.55,771.76,-1,-1,-1,-1
397,10,873.56,8.22,465.00,1077.49,-1,-1,-1,-1
397,11,439.93,171.16,274.09,776.96,-1,-1,-1,-1
398,7,1166.70,164.04,303.17,806.38,-1,-1,-1,-1
398,10,945.35,2.43,454.77,1058.61,-1,-1,-1,-1
398,11,421.79,174.86,279.60,780.73,-1,-1,-1,-1
399,10,991.94,3.10,455.74,1059.58,-1,-1,-1,-1
399,11,401.05,180.32,280.61,772.67,-1,-1,-1,-1
400,10,1023.91,21.59,455.55,1057.60,-1,-1,-1,-1
400,11,364.76,177.39,282.49,774.86,-1,-1,-1,-1
401,10,1047.90,41.48,452.26,1037.98,-1,-1,-1,-1
401,11,333.78,172.73,283.62,773.70,-1,-1,-1,-1
401,13,544.51,219.14,217.47,597.79,-1,-1,-1,-1
402,10,1070.12,53.96,443.08,1016.76,-1,-1,-1,-1
402,11,307.65,169.30,290.21,785.03,-1,-1,-1,-1
402,13,557.38,216.66,221.60,605.26,-1,-1,-1,-1
403,10,1144.17,28.77,456.29,1053.39,-1,-1,-1,-1
403,11,291.16,168.56,291.96,782.08,-1,-1,-1,-1
403,13,567.23,214.43,224.77,608.85,-1,-1,-1,-1
404,10,1201.04,27.08,457.97,1057.25,-1,-1,-1,-1
404,11,280.77,168.26,293.26,777.62,-1,-1,-1,-1
404,13,579.36,214.17,227.77,611.86,-1,-1,-1,-1
404,1,1013.99,150.04,294.54,875.49,-1,-1,-1,-1
405,10,1270.79,34.76,453.94,1047.26,-1,-1,-1,-1
405,11,270.67,172.75,294.52,773.57,-1,-1,-1,-1
405,13,595.56,211.16,230.45,617.99,-1,-1,-1,-1
405,1,1012.65,149.74,297.74,892.27,-1,-1,-1,-1
406,10,1341.74,31.74,451.28,1040.51,-1,-1,-1,-1
406,11,258.40,175.10,295.23,768.95,-1,-1,-1,-1
406,13,613.14,206.23,233.21,625.40,-1,-1,-1,-1
406,1,1013.13,150.18,297.29,898.11,-1,-1,-1,-1
406,16,1182.97,194.34,230.03,677.73,-1,-1,-1,-1
407,10,1380.29,10.86,461.78,1066.43,-1,-1,-1,-1
407,11,243.69,174.11,295.97,769.74,-1,-1,-1,-1
407,13,627.57,204.34,235.96,631.65,-1,-1,-1,-1
407,1,1043.23,161.89,288.15,860.94,-1,-1,-1,-1
407,16,1185.22,195.14,225.26,663.34,-1,-1,-1,-1
408,10,1405.81,3.09,466.41,1070.18,-1,-1,-1,-1
408,11,226.47,180.81,293.85,762.80,-1,-1,-1,-1
408,13,639.77,202.16,241.68,647.23,-1,-1,-1,-1
408,1,1028.38,157.71,288.43,863.64,-1,-1,-1,-1
408,16,1186.22,194.51,220.13,647.72,-1,-1,-1,-1
409,10,1437.38,21.33,465.72,1062.50,-1,-1,-1,-1
409,11,216.63,183.39,286.11,743.26,-1,-1,-1,-1
409,13,657.62,204.38,243.23,652.13,-1,-1,-1,-1
409,1,1025.08,155.98,286.60,859.00,-1,-1,-1,-1
409,16,1190.40,198.07,213.98,628.29,-1,-1,-1,-1
410,10,1443.47,7.13,474.34,1078.78,-1,-1,-1,-1
410,11,212.16,185.23,280.06,727.97,-1,-1,-1,-1
410,13,671.64,203.21,245.32,659.85,-1,-1,-1,-1
410,1,1021.78,156.61,285.01,858.07,-1,-1,-1,-1
410,16,1191.83,197.13,210.99,617.95,-1,-1,-1,-1
411,10,1459.34,2.42,477.67,1090.22,-1,-1,-1,-1
411,11,209.54,195.64,277.54,722.15,-1,-1,-1,-1
411,13,685.33,200.63,246.89,666.39,-1,-1,-1,-1
411,1,1019.94,155.87,284.52,857.37,-1,-1,-1,-1
411,7,1180.67,197.12,229.04,613.89,-1,-1,-1,-1
412,10,1487.38,0.10,453.31,1034.35,-1,-1,-1,-1
412,11,209.47,202.47,275.05,716.19,-1,-1,-1,-1
412,13,697.40,199.86,247.36,670.32,-1,-1,-1,-1
412,1,1012.00,150.55,285.51,866.76,-1,-1,-1,-1
412,7,1181.57,199.65,225.99,608.15,-1,-1,-1,-1
413,10,1487.91,-0.67,468.27,1076.91,-1,-1,-1,-1
413,11,210.45,206.63,274.69,714.98,-1,-1,-1,-1
413,13,713.09,194.59,246.62,674.34,-1,-1,-1,-1
413,1,1007.01,149.17,283.82,869.29,-1,-1,-1,-1
413,7,1183.20,202.78,222.86,600.44,-1,-1,-1,-1
414,10,1503.94,-0.92,465.30,1081.53,-1,-1,-1,-1
414,11,213.83,207.71,271.77,707.92,-1,-1,-1,-1
414,13,727.08,188.30,246.36,680.58,-1,-1,-1,-1
414,1,1003.65,148.26,284.87,881.91,-1,-1,-1,-1
414,7,1183.67,205.54,221.58,597.48,-1,-1,-1,-1
415,10,1516.69,-0.93,461.09,1088.35,-1,-1,-1,-1
415,11,215.87,207.08,269.69,702.61,-1,-1,-1,-1
415,13,742.16,186.60,246.04,681.11,-1,-1,-1,-1
415,1,996.79,138.27,286.33,896.55,-1,-1,-1,-1
415,7,1185.31,208.13,221.18,597.17,-1,-1,-1,-1
416,10,1528.05,-0.56,451.90,1086.25,-1,-1,-1,-1
416,11,215.27,207.87,265.49,691.52,-1,-1,-1,-1
416,13,763.51,187.52,246.51,682.25,-1,-1,-1,-1
416,1,985.83,135.92,287.44,903.99,-1,-1,-1,-1
416,7,1188.39,212.76,217.93,589.53,-1,-1,-1,-1
417,10,1538.32,-0.67,439.95,1078.99,-1,-1,-1,-1
417,11,218.67,206.70,260.10,675.97,-1,-1,-1,-1
417,13,781.16,185.76,246.47,680.86,-1,-1,-1,-1
417,1,975.88,146.31,284.89,899.89,-1,-1,-1,-1
417,7,1193.00,214.99,214.66,582.92,-1,-1,-1,-1
418,10,1540.94,-0.07,432.97,1082.23,-1,-1,-1,-1
418,11,224.56,205.01,253.52,658.45,-1,-1,-1,-1
418,13,795.36,185.70,252.10,694.93,-1,-1,-1,-1
418,1,964.77,154.99,279.80,879.34,-1,-1,-1,-1
418,7,1198.59,213.05,211.31,574.99,-1,-1,-1,-1
419,10,1550.57,0.77,426.15,1088.15,-1,-1,-1,-1
419,11,233.23,205.69,249.13,648.16,-1,-1,-1,-1
419,13,807.67,184.83,255.88,706.72,-1,-1,-1,-1
419,1,953.90,164.21,278.47,868.12,-1,-1,-1,-1
419,7,1202.63,212.35,207.66,565.45,-1,-1,-1,-1
420,10,1563.67,12.70,414.35,1081.39,-1,-1,-1,-1
420,11,247.15,203.97,247.27,646.91,-1,-1,-1,-1
420,13,826.45,183.55,255.83,708.26,-1,-1,-1,-1
420,1,936.12,166.98,278.25,865.92,-1,-1,-1,-1
420,7,1206.45,216.79,204.32,555.32,-1,-1,-1,-1
421,10,1575.83,21.11,399.90,1070.18,-1,-1,-1,-1
421,11,259.43,208.22,243.57,638.85,-1,-1,-1,-1
421,1,911.06,173.94,274.93,851.47,-1,-1,-1,-1
421,7,1207.35,218.49,202.08,550.82,-1,-1,-1,-1
422,10,1588.67,27.65,384.80,1055.34,-1,-1,-1,-1
422,11,276.69,212.32,239.37,628.83,-1,-1,-1,-1
422,1,903.90,173.74,280.87,857.88,-1,-1,-1,-1
422,7,1210.00,214.49,201.28,550.51,-1,-1,-1,-1
423,10,1600.38,36.40,370.84,1038.85,-1,-1,-1,-1
423,11,289.88,215.68,236.54,623.18,-1,-1,-1,-1
423,7,1213.08,215.41,200.67,551.29,-1,-1,-1,-1
424,10,1608.48,43.05,361.49,1034.61,-1,-1,-1,-1
424,11,303.28,216.62,233.20,614.82,-1,-1,-1,-1
424,7,1217.87,212.13,199.32,550.41,-1,-1,-1,-1
424,1,887.25,170.10,287.02,870.03,-1,-1,-1,-1
425,10,1612.14,35.58,346.32,1009.73,-1,-1,-1,-1
425,11,318.46,217.96,227.01,600.33,-1,-1,-1,-1
425,7,1226.47,210.61,198.80,553.01,-1,-1,-1,-1
425,1,875.98,168.11,292.91,871.80,-1,-1,-1,-1
426,10,1619.80,33.37,332.29,986.68,-1,-1,-1,-1
426,11,337.93,218.04,222.59,593.44,-1,-1,-1,-1
426,7,1232.50,207.55,199.38,557.96,-1,-1,-1,-1
426,1,847.27,160.97,297.57,875.31,-1,-1,-1,-1
427,10,1623.18,33.52,325.43,983.83,-1,-1,-1,-1
427,11,355.73,214.55,220.25,590.34,-1,-1,-1,-1
427,7,1240.24,208.82,197.57,556.39,-1,-1,-1,-1
427,1,809.81,165.27,294.24,864.56,-1,-1,-1,-1
427,17,990.79,167.67,258.70,767.54,-1,-1,-1,-1
428,10,1627.88,34.88,315.80,970.10,-1,-1,-1,-1
428,11,376.15,215.99,220.48,592.63,-1,-1,-1,-1
428,7,1249.12,209.37,195.24,552.35,-1,-1,-1,-1
428,1,782.01,170.66,295.88,869.04,-1,-1,-1,-1
428,17,1009.81,171.25,257.43,762.64,-1,-1,-1,-1
429,10,1634.24,38.03,305.15,951.46,-1,-1,-1,-1
429,11,396.67,214.04,220.11,590.96,-1,-1,-1,-1
429,7,1257.20,207.60,194.05,551.38,-1,-1,-1,-1
429,1,762.61,169.85,293.40,861.31,-1,-1,-1,-1
429,17,1026.54,165.61,259.30,766.96,-1,-1,-1,-1
430,10,1639.37,47.55,292.33,920.16,-1,-1,-1,-1
430,11,418.22,213.59,220.75,590.22,-1,-1,-1,-1
430,7,1266.08,208.91,192.51,548.35,-1,-1,-1,-1
430,1,739.71,179.72,298.26,867.40,-1,-1,-1,-1
430,17,1041.40,159.70,262.75,776.11,-1,-1,-1,-1
431,10,1640.80,54.66,283.68,898.70,-1,-1,-1,-1
431,11,437.31,218.04,218.62,581.71,-1,-1,-1,-1
431,7,1269.96,207.38,193.50,553.33,-1,-1,-1,-1
431,1,716.41,180.60,303.51,873.08,-1,-1,-1,-1
431,17,1060.73,159.30,263.33,777.50,-1,-1,-1,-1
432,10,1641.22,61.29,278.69,886.77,-1,-1,-1,-1
432,11,455.11,221.81,215.96,572.11,-1,-1,-1,-1
432,7,1272.98,210.94,194.34,555.10,-1,-1,-1,-1
432,1,696.95,181.45,304.47,865.87,-1,-1,-1,-1
432,17,1079.63,155.31,264.33,781.14,-1,-1,-1,-1
433,10,1640.90,68.86,276.04,880.51,-1,-1,-1,-1
433,11,468.58,221.59,217.68,579.59,-1,-1,-1,-1
433,7,1276.05,210.37,195.83,560.85,-1,-1,-1,-1
433,1,676.09,186.00,307.96,868.98,-1,-1,-1,-1
433,17,1099.44,147.22,267.64,793.06,-1,-1,-1,-1
434,10,1636.74,76.11,276.95,880.54,-1,-1,-1,-1
434,11,484.23,215.71,219.14,589.15,-1,-1,-1,-1
434,7,1281.29,207.79,195.19,560.38,-1,-1,-1,-1
434,1,658.49,182.76,310.99,872.83,-1,-1,-1,-1
434,17,1122.85,155.28,266.05,788.17,-1,-1,-1,-1
435,10,1630.93,77.73,279.38,880.59,-1,-1,-1,-1
435,11,506.65,219.00,213.16,576.58,-1,-1,-1,-1
435,7,1278.93,194.28,205.66,588.68,-1,-1,-1,-1
435,1,633.95,182.78,313.99,875.15,-1,-1,-1,-1
435,17,1149.27,158.08,269.64,792.17,-1,-1,-1,-1
436,10,1622.96,83.44,282.01,876.97,-1,-1,-1,-1
436,11,519.60,216.58,215.27,588.72,-1,-1,-1,-1
436,1,612.64,182.73,317.08,877.61,-1,-1,-1,-1
436,17,1189.14,155.47,272.57,794.05,-1,-1,-1,-1
437,10,1615.37,89.52,282.60,863.61,-1,-1,-1,-1
437,11,537.20,216.71,217.74,595.14,-1,-1,-1,-1
437,1,588.86,172.44,321.88,886.89,-1,-1,-1,-1
437,17,1208.00,154.20,278.68,804.74,-1,-1,-1,-1
438,10,1609.01,92.56,283.39,850.97,-1,-1,-1,-1
438,1,565.71,164.57,325.64,893.40,-1,-1,-1,-1
438,17,1224.30,144.43,291.18,835.87,-1,-1,-1,-1
439,10,1601.57,99.06,283.82,837.61,-1,-1,-1,-1
439,1,547.85,170.63,326.99,890.57,-1,-1,-1,-1
439,17,1235.14,130.59,301.54,862.43,-1,-1,-1,-1
440,10,1589.91,97.27,288.74,842.60,-1,-1,-1,-1
440,1,530.13,167.45,332.07,897.50,-1,-1,-1,-1
440,17,1254.50,125.02,306.98,872.69,-1,-1,-1,-1
441,10,1581.18,100.86,290.82,839.47,-1,-1,-1,-1
441,1,516.86,166.68,334.03,894.19,-1,-1,-1,-1
441,17,1269.20,115.08,315.23,890.91,-1,-1,-1,-1
442,10,1572.58,105.82,291.30,836.04,-1,-1,-1,-1
442,1,509.10,168.04,333.78,885.45,-1,-1,-1,-1
442,17,1283.62,106.81,320.81,899.39,-1,-1,-1,-1
443,10,1567.80,112.63,287.57,823.36,-1,-1,-1,-1
443,1,509.94,176.85,331.18,876.28,-1,-1,-1,-1
443,17,1298.59,119.91,330.57,919.55,-1,-1,-1,-1
444,10,1564.43,120.81,283.47,814.74,-1,-1,-1,-1
444,1,510.01,181.68,329.76,870.65,-1,-1,-1,-1
444,17,1300.83,101.67,351.27,976.88,-1,-1,-1,-1
445,10,1564.95,124.58,276.32,797.56,-1,-1,-1,-1
445,1,509.69,185.22,326.70,864.36,-1,-1,-1,-1
445,17,1311.07,101.43,354.36,979.06,-1,-1,-1,-1
445,11,683.54,221.75,205.05,569.92,-1,-1,-1,-1
446,10,1563.77,129.76,267.24,774.16,-1,-1,-1,-1
446,1,505.76,179.28,327.85,867.44,-1,-1,-1,-1
446,17,1318.73,85.15,364.68,993.83,-1,-1,-1,-1
446,11,709.62,213.88,204.00,567.74,-1,-1,-1,-1
447,10,1564.36,135.41,251.71,729.78,-1,-1,-1,-1
447,1,500.86,171.27,330.31,873.52,-1,-1,-1,-1
447,17,1329.61,85.02,368.97,992.41,-1,-1,-1,-1
447,11,730.32,211.73,203.93,566.12,-1,-1,-1,-1
448,10,1561.53,136.59,243.91,708.56,-1,-1,-1,-1
448,1,498.39,174.31,325.88,860.62,-1,-1,-1,-1
448,17,1330.94,81.73,373.02,994.87,-1,-1,-1,-1
448,11,749.87,213.55,203.14,564.97,-1,-1,-1,-1
449,10,1553.15,132.28,242.51,707.16,-1,-1,-1,-1
449,1,495.56,177.77,321.86,850.26,-1,-1,-1,-1
449,17,1330.96,80.94,376.28,994.23,-1,-1,-1,-1
449,11,766.82,214.68,203.96,570.62,-1,-1,-1,-1
450,10,1547.58,130.56,233.60,686.86,-1,-1,-1,-1
450,1,494.73,179.46,318.56,841.22,-1,-1,-1,-1
450,17,1330.42,82.81,378.22,992.43,-1,-1,-1,-1
450,11,780.66,209.16,203.98,574.25,-1,-1,-1,-1
451,10,1540.57,132.34,228.26,676.94,-1,-1,-1,-1
451,1,493.66,181.43,317.15,835.75,-1,-1,-1,-1
451,17,1328.99,83.16,380.39,992.55,-1,-1,-1,-1
451,11,797.40,208.39,201.41,568.05,-1,-1,-1,-1
452,10,1530.10,141.82,226.27,678.09,-1,-1,-1,-1
452,1,487.47,176.65,318.00,833.93,-1,-1,-1,-1
452,17,1327.47,83.54,380.93,986.80,-1,-1,-1,-1
452,11,812.99,207.34,199.66,563.57,-1,-1,-1,-1
453,1,481.39,174.48,318.93,831.91,-1,-1,-1,-1
453,17,1324.54,85.17,385.42,995.80,-1,-1,-1,-1
453,11,829.59,204.86,201.56,568.64,-1,-1,-1,-1
454,1,477.53,176.37,318.84,827.69,-1,-1,-1,-1
454,17,1320.89,88.03,387.19,996.57,-1,-1,-1,-1
454,11,847.22,206.38,202.64,569.20,-1,-1,-1,-1
455,1,471.75,179.31,319.61,827.34,-1,-1,-1,-1
455,17,1320.20,89.74,384.85,981.28,-1,-1,-1,-1
455,11,860.76,206.57,203.66,567.79,-1,-1,-1,-1
456,1,465.12,180.25,318.29,821.80,-1,-1,-1,-1
456,17,1309.93,64.99,395.51,1009.35,-1,-1,-1,-1
456,11,872.59,211.81,206.10,570.21,-1,-1,-1,-1
457,1,456.43,178.16,315.34,815.82,-1,-1,-1,-1
457,17,1299.10,48.34,400.23,1028.40,-1,-1,-1,-1
457,11,885.30,211.60,206.40,570.50,-1,-1,-1,-1
458,1,452.80,177.95,313.04,812.68,-1,-1,-1,-1
458,17,1275.63,45.86,403.99,1041.06,-1,-1,-1,-1
458,11,899.80,211.61,206.54,571.82,-1,-1,-1,-1
459,1,450.83,178.16,309.62,807.36,-1,-1,-1,-1
459,17,1252.37,51.89,403.20,1036.64,-1,-1,-1,-1
459,11,915.35,205.05,207.93,576.54,-1,-1,-1,-1
460,1,447.30,176.39,308.80,810.46,-1,-1,-1,-1
460,17,1232.62,36.01,410.03,1052.07,-1,-1,-1,-1
460,11,932.07,202.91,209.04,579.82,-1,-1,-1,-1
461,1,447.38,176.79,307.19,811.38,-1,-1,-1,-1
461,17,1215.16,32.27,413.08,1057.09,-1,-1,-1,-1
461,11,951.97,203.06,208.26,577.16,-1,-1,-1,-1
462,1,449.24,177.19,305.55,811.99,-1,-1,-1,-1
462,17,1200.96,29.01,413.82,1052.00,-1,-1,-1,-1
462,11,969.75,198.07,209.86,581.25,-1,-1,-1,-1
463,1,450.24,178.30,303.70,813.63,-1,-1,-1,-1
463,17,1162.94,47.92,408.23,1037.50,-1,-1,-1,-1
463,11,987.35,196.01,210.29,582.82,-1,-1,-1,-1
464,1,454.46,178.12,301.48,812.69,-1,-1,-1,-1
464,17,1108.19,46.10,406.43,1042.25,-1,-1,-1,-1
464,11,1000.60,199.83,211.02,585.66,-1,-1,-1,-1
464,10,1383.23,153.22,267.42,796.25,-1,-1,-1,-1
465,1,460.79,184.24,297.14,805.64,-1,-1,-1,-1
465,17,1072.69,41.87,402.13,1046.99,-1,-1,-1,-1
465,11,1019.22,206.00,206.82,574.04,-1,-1,-1,-1
465,10,1372.57,148.37,277.71,818.79,-1,-1,-1,-1
466,1,469.71,184.28,295.88,808.00,-1,-1,-1,-1
466,17,1031.13,67.62,386.62,1014.24,-1,-1,-1,-1
466,11,1043.78,198.00,196.32,548.29,-1,-1,-1,-1
466,10,1374.79,149.07,285.25,837.05,-1,-1,-1,-1
467,1,477.92,185.70,293.16,803.64,-1,-1,-1,-1
467,17,980.28,57.01,388.45,1031.52,-1,-1,-1,-1
467,10,1370.19,145.57,295.42,862.21,-1,-1,-1,-1
467,20,1287.14,179.87,184.25,597.49,-1,-1,-1,-1
468,1,491.79,180.38,294.32,810.41,-1,-1,-1,-1
468,17,928.84,41.39,387.73,1039.39,-1,-1,-1,-1
468,10,1375.08,142.27,302.37,875.23,-1,-1,-1,-1
468,20,1261.40,181.26,182.31,589.47,-1,-1,-1,-1
469,1,505.95,185.20,288.27,795.89,-1,-1,-1,-1
469,17,898.68,49.65,387.43,1040.37,-1,-1,-1,-1
469,10,1378.17,138.12,308.71,886.25,-1,-1,-1,-1
469,20,1241.47,176.12,185.49,597.80,-1,-1,-1,-1
470,1,522.31,181.86,289.66,802.70,-1,-1,-1,-1
470,17,858.57,54.92,387.28,1039.40,-1,-1,-1,-1
470,10,1377.92,133.71,315.03,894.25,-1,-1,-1,-1
470,20,1154.40,188.14,183.70,590.10,-1,-1,-1,-1
471,1,533.34,180.51,291.29,810.83,-1,-1,-1,-1
471,17,819.89,59.78,388.98,1040.00,-1,-1,-1,-1
471,10,1376.57,129.53,320.64,899.46,-1,-1,-1,-1
471,22,1220.05,183.78,196.38,578.96,-1,-1,-1,-1
472,1,548.57,179.63,289.61,808.92,-1,-1,-1,-1
472,17,784.51,62.31,386.08,1026.44,-1,-1,-1,-1
472,10,1373.89,125.89,325.21,903.70,-1,-1,-1,-1
472,22,1182.01,188.07,203.79,598.83,-1,-1,-1,-1
473,1,557.39,176.22,289.56,814.24,-1,-1,-1,-1
473,17,745.54,66.17,385.24,1023.21,-1,-1,-1,-1
473,10,1371.31,123.16,330.63,909.40,-1,-1,-1,-1
473,11,1160.08,186.09,223.58,617.37,-1,-1,-1,-1
474,1,568.87,188.36,286.11,814.68,-1,-1,-1,-1
474,17,701.26,64.37,382.71,1021.26,-1,-1,-1,-1
474,10,1366.50,121.93,334.28,915.31,-1,-1,-1,-1
474,11,1171.46,188.06,225.56,617.67,-1,-1,-1,-1
475,17,642.89,75.87,386.02,1024.06,-1,-1,-1,-1
475,10,1359.74,117.50,339.31,927.89,-1,-1,-1,-1
475,11,1165.04,183.86,222.61,608.49,-1,-1,-1,-1
476,17,602.81,60.27,385.55,1025.13,-1,-1,-1,-1
476,10,1353.72,125.96,341.10,932.23,-1,-1,-1,-1
476,11,1198.10,179.81,227.33,624.24,-1,-1,-1,-1
477,17,558.56,68.48,394.24,1041.52,-1,-1,-1,-1
477,10,1344.42,127.48,340.94,932.18,-1,-1,-1,-1
477,11,1137.75,180.15,217.27,604.50,-1,-1,-1,-1
478,17,533.05,74.25,388.19,1016.35,-1,-1,-1,-1
478,10,1324.55,127.60,337.26,921.20,-1,-1,-1,-1
478,11,1100.95,179.04,211.81,590.07,-1,-1,-1,-1
478,24,1241.74,170.39,216.68,654.41,-1,-1,-1,-1
479,17,507.80,88.67,381.65,983.03,-1,-1,-1,-1
479,10,1303.02,133.50,335.09,911.93,-1,-1,-1,-1
479,11,1075.84,175.89,212.04,589.85,-1,-1,-1,-1
479,24,1253.44,169.07,219.47,661.51,-1,-1,-1,-1
480,17,478.16,76.63,393.28,1002.19,-1,-1,-1,-1
480,10,1283.88,136.34,335.27,908.83,-1,-1,-1,-1
480,11,1057.01,180.20,209.66,578.31,-1,-1,-1,-1
481,17,450.04,86.78,394.11,991.36,-1,-1,-1,-1
481,10,1274.11,131.36,338.76,915.74,-1,-1,-1,-1
481,11,1044.81,186.50,207.17,569.72,-1,-1,-1,-1
481,25,673.40,168.90,275.80,794.38,-1,-1,-1,-1
482,17,420.50,91.07,401.61,1004.56,-1,-1,-1,-1
482,10,1270.24,122.89,348.14,938.62,-1,-1,-1,-1
482,11,1031.29,187.10,208.44,569.72,-1,-1,-1,-1
482,25,708.19,178.88,276.31,796.55,-1,-1,-1,-1
483,17,384.16,92.72,408.14,1014.04,-1,-1,-1,-1
483,10,1256.84,114.41,356.60,959.56,-1,-1,-1,-1
483,11,1016.53,188.04,209.21,568.64,-1,-1,-1,-1
483,1,736.84,176.72,272.66,781.98,-1,-1,-1,-1
484,17,356.54,85.02,405.82,999.17,-1,-1,-1,-1
484,10,1249.01,110.76,358.84,962.36,-1,-1,-1,-1
484,11,1000.35,190.53,211.07,570.00,-1,-1,-1,-1
484,1,759.51,177.56,270.98,777.26,-1,-1,-1,-1
485,17,334.35,81.54,405.39,990.61,-1,-1,-1,-1
485,10,1237.48,105.92,363.68,970.43,-1,-1,-1,-1
485,11,978.55,190.82,212.42,572.15,-1,-1,-1,-1
485,1,779.87,184.63,267.96,764.51,-1,-1,-1,-1
486,17,313.04,82.04,407.20,989.88,-1,-1,-1,-1
486,10,1224.16,109.70,364.95,968.10,-1,-1,-1,-1
486,11,957.99,189.43,211.65,570.23,-1,-1,-1,-1
486,1,794.41,188.31,266.66,757.43,-1,-1,-1,-1
487,17,295.50,81.94,407.89,989.25,-1,-1,-1,-1
487,10,1202.13,114.22,365.48,960.06,-1,-1,-1,-1
487,11,921.94,201.30,219.04,592.60,-1,-1,-1,-1
488,17,279.00,82.96,407.14,983.85,-1,-1,-1,-1
488,10,1189.16,105.39,365.70,958.09,-1,-1,-1,-1
488,26,1349.32,154.19,253.95,738.39,-1,-1,-1,-1
488,1,838.25,197.67,267.51,751.23,-1,-1,-1,-1
489,17,262.71,90.76,404.31,974.65,-1,-1,-1,-1
489,10,1179.90,103.67,361.88,950.36,-1,-1,-1,-1
489,26,1350.90,161.22,256.15,745.29,-1,-1,-1,-1
489,1,852.66,188.79,271.46,756.61,-1,-1,-1,-1
490,17,256.16,111.14,401.84,969.47,-1,-1,-1,-1
490,10,1143.51,101.48,366.86,971.04,-1,-1,-1,-1
490,26,1355.05,158.97,259.32,755.24,-1,-1,-1,-1
490,1,863.67,187.09,272.50,754.73,-1,-1,-1,-1
491,17,239.12,113.72,399.83,963.25,-1,-1,-1,-1
491,10,1121.44,102.80,364.62,970.59,-1,-1,-1,-1
491,26,1358.73,154.20,263.71,769.06,-1,-1,-1,-1
491,1,873.34,187.29,268.22,735.66,-1,-1,-1,-1
492,17,222.21,119.83,394.53,950.73,-1,-1,-1,-1
492,10,1096.32,103.96,364.11,979.26,-1,-1,-1,-1
492,26,1359.05,149.07,265.36,774.85,-1,-1,-1,-1
492,1,859.69,192.57,249.12,675.51,-1,-1,-1,-1
493,17,209.36,120.74,392.92,951.41,-1,-1,-1,-1
493,10,1078.71,97.72,363.09,992.27,-1,-1,-1,-1
493,26,1351.77,140.49,269.76,790.32,-1,-1,-1,-1
493,1,904.40,185.37,262.59,719.31,-1,-1,-1,-1
493,11,813.83,200.21,216.14,589.05,-1,-1,-1,-1
494,17,194.81,123.77,391.17,951.73,-1,-1,-1,-1
494,10,1051.65,89.48,362.86,1003.88,-1,-1,-1,-1
494,26,1345.10,130.22,274.97,809.08,-1,-1,-1,-1
494,1,927.65,186.15,265.60,734.56,-1,-1,-1,-1
494,11,800.49,193.46,223.26,611.14,-1,-1,-1,-1
495,17,188.12,116.90,392.28,958.99,-1,-1,-1,-1
495,10,1012.43,120.95,339.31,942.29,-1,-1,-1,-1
495,26,1342.69,126.01,274.93,809.87,-1,-1,-1,-1
495,1,946.41,187.64,255.63,713.49,-1,-1,-1,-1
495,11,785.81,184.83,225.80,621.92,-1,-1,-1,-1
496,17,186.48,119.57,388.81,953.69,-1,-1,-1,-1
496,10,998.91,114.94,342.34,951.92,-1,-1,-1,-1
496,26,1330.67,121.00,283.22,833.91,-1,-1,-1,-1
496,1,967.35,193.37,244.02,685.21,-1,-1,-1,-1
496,11,766.19,180.79,226.44,631.88,-1,-1,-1,-1
497,17,187.15,129.55,383.65,942.20,-1,-1,-1,-1
497,10,973.61,92.03,354.90,980.25,-1,-1,-1,-1
497,26,1321.21,122.55,285.86,839.72,-1,-1,-1,-1
497,11,744.60,178.72,226.34,637.31,-1,-1,-1,-1
498,17,188.81,133.47,379.92,935.05,-1,-1,-1,-1
498,10,951.38,84.07,361.60,991.83,-1,-1,-1,-1
498,26,1312.85,126.12,287.55,843.32,-1,-1,-1,-1
498,11,724.67,182.40,223.12,627.80,-1,-1,-1,-1
499,17,192.56,134.09,379.97,937.82,-1,-1,-1,-1
499,10,930.30,88.80,367.37,1003.06,-1,-1,-1,-1
499,26,1301.06,124.69,288.57,848.15,-1,-1,-1,-1
499,11,703.94,183.99,222.03,622.03,-1,-1,-1,-1
500,17,199.56,144.69,369.43,915.04,-1,-1,-1,-1
500,10,907.89,89.28,368.20,1001.82,-1,-1,-1,-1
500,26,1280.46,120.96,288.36,852.20,-1,-1,-1,-1
500,11,682.43,185.79,222.29,617.29,-1,-1,-1,-1
501,17,213.70,152.53,353.15,874.56,-1,-1,-1,-1
501,10,886.53,100.79,363.22,984.41,-1,-1,-1,-1
501,26,1257.43,123.46,287.30,852.39,-1,-1,-1,-1
501,11,664.67,188.84,223.58,615.80,-1,-1,-1,-1
502,17,226.87,151.98,344.11,857.02,-1,-1,-1,-1
502,10,855.03,97.94,368.52,995.67,-1,-1,-1,-1
502,26,1229.43,121.70,287.92,855.56,-1,-1,-1,-1
502,11,648.46,193.69,224.07,613.27,-1,-1,-1,-1
502,1,1017.64,219.90,241.55,670.70,-1,-1,-1,-1
503,17,238.69,151.58,336.61,845.09,-1,-1,-1,-1
503,10,814.19,99.48,371.62,1003.43,-1,-1,-1,-1
503,26,1206.94,131.70,284.38,845.44,-1,-1,-1,-1
503,11,634.34,197.13,224.52,611.28,-1,-1,-1,-1
503,1,1001.64,185.43,265.52,732.95,-1,-1,-1,-1
504,17,256.02,156.13,328.71,833.00,-1,-1,-1,-1
504,10,772.50,95.43,371.48,1012.77,-1,-1,-1,-1
504,26,1187.73,129.42,282.92,837.83,-1,-1,-1,-1
504,11,620.31,196.69,226.74,613.58,-1,-1,-1,-1
504,1,1034.32,187.90,255.62,712.17,-1,-1,-1,-1
505,17,268.67,157.74,322.37,825.87,-1,-1,-1,-1
505,10,745.22,83.20,369.75,1019.67,-1,-1,-1,-1
505,11,604.80,193.09,229.09,617.50,-1,-1,-1,-1
505,1,1105.54,163.08,278.62,779.73,-1,-1,-1,-1
506,17,278.89,165.25,317.71,824.48,-1,-1,-1,-1
506,10,727.95,81.45,366.34,1017.71,-1,-1,-1,-1
506,11,593.78,190.00,231.10,621.48,-1,-1,-1,-1
506,1,1129.36,155.83,283.93,796.61,-1,-1,-1,-1
507,17,293.04,172.17,313.15,819.50,-1,-1,-1,-1
507,10,712.56,78.34,364.70,1018.32,-1,-1,-1,-1
507,11,585.47,189.04,231.85,621.62,-1,-1,-1,-1
507,1,1117.85,150.74,288.28,807.70,-1,-1,-1,-1
508,17,309.86,175.92,309.04,814.40,-1,-1,-1,-1
508,10,687.06,76.07,363.15,1014.72,-1,-1,-1,-1
508,11,580.69,188.29,232.50,622.12,-1,-1,-1,-1
508,26,1091.68,139.26,276.76,811.10,-1,-1,-1,-1
509,17,324.26,173.81,305.54,812.39,-1,-1,-1,-1
509,10,666.68,84.72,359.64,1005.61,-1,-1,-1,-1
509,11,576.43,189.72,229.81,618.29,-1,-1,-1,-1
509,26,1072.75,140.72,272.34,800.15,-1,-1,-1,-1
510,17,341.15,177.81,295.44,791.16,-1,-1,-1,-1
510,10,643.03,91.83,355.73,993.41,-1,-1,-1,-1
510,11,578.59,187.16,229.36,621.20,-1,-1,-1,-1
510,1,1080.39,155.14,274.02,775.06,-1,-1,-1,-1
511,17,368.34,181.90,284.45,765.52,-1,-1,-1,-1
511,10,591.50,90.64,363.05,1006.93,-1,-1,-1,-1
511,1,1047.00,160.48,271.40,779.96,-1,-1,-1,-1
511,26,1120.93,189.43,235.36,696.79,-1,-1,-1,-1
512,17,391.35,178.51,277.84,751.25,-1,-1,-1,-1
512,10,556.11,85.79,366.68,1015.02,-1,-1,-1,-1
512,1,1002.79,150.88,276.23,800.76,-1,-1,-1,-1
512,26,1136.30,192.35,228.81,676.69,-1,-1,-1,-1
513,10,530.42,93.87,364.30,1009.08,-1,-1,-1,-1
513,1,975.24,144.14,278.83,806.95,-1,-1,-1,-1
513,26,1142.52,195.25,227.50,667.04,-1,-1,-1,-1
513,11,436.78,182.15,262.02,716.74,-1,-1,-1,-1
514,10,496.17,90.74,362.12,1000.07,-1,-1,-1,-1
514,1,951.43,147.36,277.92,801.21,-1,-1,-1,-1
514,26,1150.74,195.46,226.73,662.68,-1,-1,-1,-1
514,11,416.87,164.77,278.67,771.02,-1,-1,-1,-1
515,10,453.78,72.37,374.67,1026.62,-1,-1,-1,-1
515,1,926.14,148.62,281.57,809.98,-1,-1,-1,-1
515,26,1159.28,198.65,224.64,658.12,-1,-1,-1,-1
516,10,427.56,71.04,377.22,1030.22,-1,-1,-1,-1
516,1,898.35,147.57,283.46,816.37,-1,-1,-1,-1
516,26,1166.05,200.34,224.55,658.45,-1,-1,-1,-1
516,28,642.43,186.89,236.15,601.52,-1,-1,-1,-1
517,10,394.49,74.51,374.25,1020.90,-1,-1,-1,-1
517,1,868.14,143.07,285.86,831.55,-1,-1,-1,-1
517,26,1168.81,201.67,223.93,660.44,-1,-1,-1,-1
517,28,658.53,196.60,232.65,593.52,-1,-1,-1,-1
518,10,366.14,87.41,372.97,1013.96,-1,-1,-1,-1
518,1,842.96,143.71,286.94,842.26,-1,-1,-1,-1
518,26,1170.30,201.98,222.18,658.07,-1,-1,-1,-1
518,28,658.65,194.90,246.35,630.58,-1,-1,-1,-1
519,10,352.07,92.76,374.97,1011.28,-1,-1,-1,-1
519,1,810.70,145.03,282.95,833.39,-1,-1,-1,-1
519,26,1174.15,196.80,221.42,657.97,-1,-1,-1,-1
519,28,674.14,199.08,238.21,611.49,-1,-1,-1,-1
520,10,335.30,96.69,378.75,1013.73,-1,-1,-1,-1
520,1,795.65,147.02,280.86,828.58,-1,-1,-1,-1
520,26,1178.99,195.21,220.44,658.16,-1,-1,-1,-1
520,28,687.56,197.00,229.12,589.86,-1,-1,-1,-1
521,10,301.37,97.17,382.61,1021.63,-1,-1,-1,-1
521,1,770.15,151.50,278.56,815.85,-1,-1,-1,-1
521,26,1183.29,190.40,221.82,665.06,-1,-1,-1,-1
521,28,704.94,179.35,229.68,595.02,-1,-1,-1,-1
521,29,495.47,185.23,265.26,732.63,-1,-1,-1,-1
522,10,261.94,97.74,375.79,1007.13,-1,-1,-1,-1
522,1,733.89,148.03,284.13,822.59,-1,-1,-1,-1
522,26,1188.57,200.39,219.26,654.46,-1,-1,-1,-1
522,11,500.88,190.57,258.30,719.46,-1,-1,-1,-1
523,10,233.41,90.80,371.79,1003.33,-1,-1,-1,-1
523,1,711.62,146.85,285.56,820.70,-1,-1,-1,-1
523,26,1190.64,203.09,219.08,647.24,-1,-1,-1,-1
523,11,510.31,190.33,258.19,717.54,-1,-1,-1,-1
524,10,200.50,86.06,374.79,1015.55,-1,-1,-1,-1
524,1,694.66,161.24,281.24,800.41,-1,-1,-1,-1
524,26,1188.58,203.83,220.69,643.35,-1,-1,-1,-1
524,11,510.50,200.69,256.23,706.14,-1,-1,-1,-1
525,10,179.04,94.60,372.40,1004.44,-1,-1,-1,-1
525,1,690.67,167.09,276.57,782.94,-1,-1,-1,-1
525,26,1184.74,207.21,221.30,634.18,-1,-1,-1,-1
525,11,504.35,202.28,253.33,694.59,-1,-1,-1,-1
526,10,149.80,90.26,378.47,1012.67,-1,-1,-1,-1
526,1,655.77,169.65,265.58,757.64,-1,-1,-1,-1
526,26,1179.53,209.68,222.51,627.02,-1,-1,-1,-1
526,11,495.39,204.04,252.98,690.74,-1,-1,-1,-1
526,28,751.91,188.78,236.47,620.28,-1,-1,-1,-1
527,10,130.27,91.94,379.09,1006.04,-1,-1,-1,-1
527,1,623.80,182.79,261.00,755.12,-1,-1,-1,-1
527,26,1174.69,210.62,224.72,624.48,-1,-1,-1,-1
527,11,514.25,197.30,251.40,688.52,-1,-1,-1,-1
527,28,769.78,189.97,231.46,610.25,-1,-1,-1,-1
528,10,107.68,90.67,382.35,1004.77,-1,-1,-1,-1
528,1,572.17,174.30,260.11,752.23,-1,-1,-1,-1
528,26,1169.24,209.55,227.40,624.93,-1,-1,-1,-1
528,28,781.10,189.39,232.24,615.26,-1,-1,-1,-1
529,10,90.74,96.25,382.91,995.88,-1,-1,-1,-1
529,1,548.08,162.29,268.10,776.44,-1,-1,-1,-1
529,26,1162.68,207.22,230.04,627.21,-1,-1,-1,-1
529,28,788.27,189.15,234.25,623.90,-1,-1,-1,-1
530,10,71.92,96.39,381.24,977.88,-1,-1,-1,-1
530,1,524.52,153.76,274.30,784.61,-1,-1,-1,-1
530,26,1154.41,205.40,232.06,629.17,-1,-1,-1,-1
530,28,797.82,189.62,230.89,617.13,-1,-1,-1,-1
531,10,46.77,100.53,387.74,985.16,-1,-1,-1,-1
531,1,508.33,154.66,280.46,790.43,-1,-1,-1,-1
531,26,1147.76,204.68,234.05,631.34,-1,-1,-1,-1
531,28,804.56,189.57,230.19,616.38,-1,-1,-1,-1
532,10,31.10,105.57,382.22,960.20,-1,-1,-1,-1
532,1,496.31,156.19,285.95,797.61,-1,-1,-1,-1
532,26,1143.79,203.84,236.13,633.99,-1,-1,-1,-1
532,28,808.85,186.70,231.74,620.96,-1,-1,-1,-1
533,10,9.16,103.45,394.04,984.63,-1,-1,-1,-1
533,26,1140.47,204.69,236.64,633.36,-1,-1,-1,-1
533,28,813.84,184.66,232.42,622.78,-1,-1,-1,-1
533,11,497.93,158.00,287.42,785.66,-1,-1,-1,-1
534,10,-1.45,101.44,389.67,971.03,-1,-1,-1,-1
534,26,1136.98,203.88,237.98,635.65,-1,-1,-1,-1
534,28,817.55,183.07,234.27,629.56,-1,-1,-1,-1
534,11,489.35,161.99,288.72,786.29,-1,-1,-1,-1
535,10,-7.92,99.26,384.12,957.47,-1,-1,-1,-1
535,26,1134.97,202.68,240.27,640.57,-1,-1,-1,-1
535,28,818.87,181.32,238.58,641.18,-1,-1,-1,-1
535,11,477.57,162.60,287.47,779.06,-1,-1,-1,-1
536,10,-11.72,99.82,378.31,945.13,-1,-1,-1,-1
536,26,1132.79,201.04,244.45,650.88,-1,-1,-1,-1
536,28,821.43,181.21,243.32,653.47,-1,-1,-1,-1
536,1,479.26,186.91,257.42,719.04,-1,-1,-1,-1
537,10,-20.70,98.39,381.51,962.08,-1,-1,-1,-1
537,26,1131.32,200.45,247.96,661.07,-1,-1,-1,-1
537,28,828.10,181.74,247.67,665.20,-1,-1,-1,-1
537,1,540.96,204.42,231.09,647.35,-1,-1,-1,-1
537,11,409.22,162.95,290.35,794.18,-1,-1,-1,-1
538,10,-22.69,100.51,372.46,947.72,-1,-1,-1,-1
538,26,1132.72,200.05,249.41,666.75,-1,-1,-1,-1
538,28,833.58,180.05,251.72,676.69,-1,-1,-1,-1
538,1,572.44,212.47,217.68,611.87,-1,-1,-1,-1
538,11,383.87,157.42,289.96,798.24,-1,-1,-1,-1
539,10,-25.79,111.00,372.81,959.60,-1,-1,-1,-1
539,26,1136.65,198.46,249.92,669.85,-1,-1,-1,-1
539,28,838.00,176.10,255.38,688.09,-1,-1,-1,-1
539,1,591.35,213.13,211.61,599.26,-1,-1,-1,-1
539,11,360.21,152.83,294.24,813.77,-1,-1,-1,-1
540,10,-25.91,119.94,367.67,957.04,-1,-1,-1,-1
540,26,1141.90,198.12,250.29,672.50,-1,-1,-1,-1
540,28,842.66,167.60,260.20,701.55,-1,-1,-1,-1
540,1,605.15,211.69,209.11,595.96,-1,-1,-1,-1
540,11,337.72,152.55,300.59,829.33,-1,-1,-1,-1
541,10,-27.03,129.98,361.63,953.48,-1,-1,-1,-1
541,26,1149.44,199.13,249.49,675.81,-1,-1,-1,-1
541,28,847.41,161.10,263.01,710.40,-1,-1,-1,-1
541,1,618.33,217.03,205.43,590.15,-1,-1,-1,-1
541,11,324.06,151.94,306.36,845.95,-1,-1,-1,-1
542,10,-21.63,128.61,350.66,932.18,-1,-1,-1,-1
542,26,1155.20,198.97,248.26,677.11,-1,-1,-1,-1
542,28,850.48,156.73,264.29,714.51,-1,-1,-1,-1
542,1,634.37,219.34,201.94,582.58,-1,-1,-1,-1
542,11,312.62,149.15,310.77,858.13,-1,-1,-1,-1
543,10,-18.96,128.87,344.80,924.08,-1,-1,-1,-1
543,26,1158.27,196.53,249.22,684.91,-1,-1,-1,-1
543,28,853.25,153.44,266.15,719.10,-1,-1,-1,-1
543,1,649.12,219.33,203.20,586.41,-1,-1,-1,-1
543,11,293.45,144.04,311.86,861.29,-1,-1,-1,-1
544,10,-20.42,130.79,346.13,937.51,-1,-1,-1,-1
544,26,1159.89,194.36,248.12,682.64,-1,-1,-1,-1
544,28,856.35,151.49,269.31,728.06,-1,-1,-1,-1
544,1,662.26,219.01,203.65,585.28,-1,-1,-1,-1
544,11,275.84,144.83,313.35,865.11,-1,-1,-1,-1
545,10,-23.44,131.94,344.51,945.59,-1,-1,-1,-1
545,26,1160.29,193.81,247.33,680.04,-1,-1,-1,-1
545,28,855.08,149.86,279.16,755.80,-1,-1,-1,-1
545,1,675.16,223.04,202.02,577.67,-1,-1,-1,-1
545,11,262.09,139.94,315.24,868.80,-1,-1,-1,-1
546,10,-25.69,132.32,340.61,948.78,-1,-1,-1,-1
546,26,1156.56,194.55,246.88,678.21,-1,-1,-1,-1
546,28,853.66,148.67,286.96,778.59,-1,-1,-1,-1
546,1,687.40,225.14,202.26,576.66,-1,-1,-1,-1
546,11,245.64,136.05,321.55,882.41,-1,-1,-1,-1
547,10,-21.99,134.19,331.75,934.25,-1,-1,-1,-1
547,26,1148.97,195.07,246.32,676.35,-1,-1,-1,-1
547,28,856.42,146.40,286.54,775.15,-1,-1,-1,-1
547,1,700.61,225.45,201.02,571.90,-1,-1,-1,-1
547,11,225.02,133.44,336.08,921.19,-1,-1,-1,-1
548,10,-22.58,135.96,330.66,943.40,-1,-1,-1,-1
548,26,1142.13,197.39,245.05,672.37,-1,-1,-1,-1
548,28,859.88,143.12,287.65,775.91,-1,-1,-1,-1
548,1,717.44,224.07,199.33,569.70,-1,-1,-1,-1
548,11,209.45,135.19,339.79,931.58,-1,-1,-1,-1
549,10,-18.30,143.15,324.73,934.76,-1,-1,-1,-1
549,26,1134.99,198.67,246.00,674.00,-1,-1,-1,-1
549,28,853.90,138.42,301.82,817.68,-1,-1,-1,-1
549,1,739.40,225.77,192.84,554.33,-1,-1,-1,-1
549,11,198.15,136.49,343.88,940.99,-1,-1,-1,-1
550,10,-15.62,149.45,319.80,928.09,-1,-1,-1,-1
550,26,1128.71,197.99,248.62,679.61,-1,-1,-1,-1
550,28,853.68,133.25,308.11,838.06,-1,-1,-1,-1
550,1,756.12,226.55,191.39,551.24,-1,-1,-1,-1
550,11,190.48,138.19,346.12,944.43,-1,-1,-1,-1
551,10,-14.98,161.05,309.21,906.21,-1,-1,-1,-1
551,26,1115.64,200.66,249.23,681.18,-1,-1,-1,-1
551,28,860.95,132.37,311.56,853.80,-1,-1,-1,-1
551,1,776.37,230.71,192.08,554.60,-1,-1,-1,-1
551,11,171.05,129.76,352.27,956.85,-1,-1,-1,-1
552,10,-13.29,163.90,299.09,885.92,-1,-1,-1,-1
552,26,1103.28,206.10,248.03,678.51,-1,-1,-1,-1
552,28,865.37,123.56,316.27,871.15,-1,-1,-1,-1
552,1,789.68,233.74,196.62,568.28,-1,-1,-1,-1
552,11,155.98,128.64,356.41,961.44,-1,-1,-1,-1
553,10,20.47,172.46,295.44,871.60,-1,-1,-1,-1
553,26,1093.16,206.04,247.87,682.51,-1,-1,-1,-1
553,28,871.08,107.84,321.56,893.63,-1,-1,-1,-1
553,1,799.92,234.22,196.68,570.01,-1,-1,-1,-1
553,11,155.58,114.22,366.00,981.84,-1,-1,-1,-1
554,10,27.33,172.76,291.71,855.86,-1,-1,-1,-1
554,26,1084.52,205.93,247.50,688.05,-1,-1,-1,-1
554,28,880.16,105.93,321.36,897.92,-1,-1,-1,-1
554,1,808.64,236.11,195.74,566.81,-1,-1,-1,-1
554,11,152.55,107.48,372.20,992.32,-1,-1,-1,-1
555,10,9.27,172.44,286.82,845.06,-1,-1,-1,-1
555,26,1070.73,209.47,241.43,673.35,-1,-1,-1,-1
555,28,894.85,112.30,325.18,907.79,-1,-1,-1,-1
555,1,822.38,235.06,193.26,558.76,-1,-1,-1,-1
555,11,151.63,102.83,372.51,987.24,-1,-1,-1,-1
556,10,38.39,165.90,291.74,850.38,-1,-1,-1,-1
556,26,1064.41,202.60,238.29,665.82,-1,-1,-1,-1
556,28,903.74,110.18,329.28,917.96,-1,-1,-1,-1
556,1,834.68,236.26,192.58,554.73,-1,-1,-1,-1
556,11,151.79,104.04,375.86,986.63,-1,-1,-1,-1
557,10,14.73,169.10,285.93,837.08,-1,-1,-1,-1
557,28,928.00,102.46,334.52,924.82,-1,-1,-1,-1
557,1,852.12,232.01,191.86,552.11,-1,-1,-1,-1
557,11,155.92,93.60,378.63,987.24,-1,-1,-1,-1
558,10,7.09,168.90,284.26,834.81,-1,-1,-1,-1
558,28,943.37,102.70,338.63,934.09,-1,-1,-1,-1
558,1,873.83,226.55,188.94,544.04,-1,-1,-1,-1
558,11,157.13,91.95,385.60,998.81,-1,-1,-1,-1
559,10,2.93,172.92,281.18,829.96,-1,-1,-1,-1
559,28,962.84,98.83,341.70,942.20,-1,-1,-1,-1
559,1,890.07,226.20,189.51,549.83,-1,-1,-1,-1
559,11,162.59,90.24,389.24,1002.75,-1,-1,-1,-1
560,10,4.72,170.86,279.45,827.27,-1,-1,-1,-1
560,28,986.19,97.59,344.61,951.85,-1,-1,-1,-1
560,1,906.45,221.62,189.04,552.54,-1,-1,-1,-1
560,11,171.42,80.51,391.73,1004.43,-1,-1,-1,-1
561,10,15.33,176.88,278.27,825.98,-1,-1,-1,-1
561,28,999.02,104.84,338.86,935.61,-1,-1,-1,-1
561,1,923.72,221.04,188.91,553.93,-1,-1,-1,-1
561,11,180.62,78.76,398.39,1013.64,-1,-1,-1,-1
562,10,33.73,188.64,278.05,824.44,-1,-1,-1,-1
562,28,1022.83,90.14,348.47,965.01,-1,-1,-1,-1
562,1,945.62,215.31,206.81,601.91,-1,-1,-1,-1
562,11,206.38,84.02,395.52,1002.33,-1,-1,-1,-1
563,10,46.28,185.05,275.58,813.13,-1,-1,-1,-1
563,28,1058.50,91.34,353.39,977.08,-1,-1,-1,-1
563,11,228.74,61.37,395.67,992.12,-1,-1,-1,-1
563,26,934.53,208.73,247.43,690.63,-1,-1,-1,-1
564,10,58.05,185.82,271.45,795.89,-1,-1,-1,-1
564,28,1075.58,68.55,362.32,1001.64,-1,-1,-1,-1
564,11,242.65,56.29,407.19,1012.85,-1,-1,-1,-1
564,26,921.80,203.63,248.11,695.37,-1,-1,-1,-1
565,10,73.01,190.37,268.54,780.47,-1,-1,-1,-1
565,28,1089.50,64.48,364.98,1008.99,-1,-1,-1,-1
565,11,264.53,54.50,416.76,1031.06,-1,-1,-1,-1
565,26,913.20,204.49,243.58,687.06,-1,-1,-1,-1
566,10,96.52,196.18,263.94,755.86,-1,-1,-1,-1
566,28,1104.69,60.07,368.04,1014.71,-1,-1,-1,-1
566,11,300.25,44.66,419.55,1035.47,-1,-1,-1,-1
566,26,902.74,202.58,242.98,685.01,-1,-1,-1,-1
567,10,109.06,195.63,261.25,738.26,-1,-1,-1,-1
567,28,1122.19,57.59,370.53,1018.46,-1,-1,-1,-1
567,11,341.46,46.02,410.90,1009.89,-1,-1,-1,-1
567,26,879.95,203.16,247.57,701.52,-1,-1,-1,-1
567,1,982.83,210.29,200.42,586.01,-1,-1,-1,-1
568,10,117.50,193.67,261.82,730.85,-1,-1,-1,-1
568,28,1129.50,56.45,371.82,1022.15,-1,-1,-1,-1
568,11,377.27,46.71,414.26,1021.90,-1,-1,-1,-1
568,26,858.16,200.77,243.88,697.57,-1,-1,-1,-1
568,1,1021.72,207.35,191.39,565.18,-1,-1,-1,-1
569,10,123.81,195.64,262.59,724.84,-1,-1,-1,-1
569,28,1142.08,48.08,373.83,1022.35,-1,-1,-1,-1
569,11,411.26,36.85,418.82,1039.51,-1,-1,-1,-1
569,26,836.78,198.19,243.62,695.24,-1,-1,-1,-1
569,1,1041.54,207.54,191.72,568.63,-1,-1,-1,-1
570,10,129.58,199.11,263.98,721.16,-1,-1,-1,-1
570,28,1157.62,56.25,375.91,1024.62,-1,-1,-1,-1
570,11,446.53,37.60,414.00,1036.20,-1,-1,-1,-1
570,26,813.19,198.67,247.59,699.46,-1,-1,-1,-1
570,1,1056.44,209.43,191.30,565.51,-1,-1,-1,-1
571,10,136.01,204.16,264.20,715.67,-1,-1,-1,-1
571,28,1175.33,70.96,373.82,1015.69,-1,-1,-1,-1
571,11,489.61,39.74,409.40,1031.60,-1,-1,-1,-1
571,26,799.33,202.29,249.70,702.87,-1,-1,-1,-1
571,1,1067.31,213.11,187.69,554.29,-1,-1,-1,-1
572,10,142.52,207.41,263.98,710.08,-1,-1,-1,-1
572,28,1183.05,42.13,382.37,1031.91,-1,-1,-1,-1
572,11,531.50,22.11,414.46,1049.16,-1,-1,-1,-1
572,26,781.92,192.26,257.66,729.00,-1,-1,-1,-1
572,1,1074.72,210.41,190.60,558.78,-1,-1,-1,-1
573,10,148.81,209.74,263.22,704.88,-1,-1,-1,-1
573,28,1198.61,34.72,387.08,1039.19,-1,-1,-1,-1
573,11,574.88,23.44,417.70,1064.54,-1,-1,-1,-1
573,26,775.25,217.39,242.40,683.25,-1,-1,-1,-1
573,1,1084.31,212.33,192.32,557.23,-1,-1,-1,-1
574,10,157.37,209.43,262.01,699.70,-1,-1,-1,-1
574,28,1215.26,45.04,388.75,1031.29,-1,-1,-1,-1
574,11,628.02,19.43,400.50,1020.12,-1,-1,-1,-1
574,1,1092.70,205.71,196.99,565.21,-1,-1,-1,-1
575,10,165.72,211.51,257.38,685.29,-1,-1,-1,-1
575,28,1232.72,51.21,391.35,1028.71,-1,-1,-1,-1
575,11,658.41,28.40,409.70,1047.72,-1,-1,-1,-1
575,1,1100.37,205.73,199.87,568.64,-1,-1,-1,-1
576,10,173.69,212.71,252.58,668.61,-1,-1,-1,-1
576,28,1249.93,37.19,397.55,1040.90,-1,-1,-1,-1
576,11,689.09,13.92,413.28,1061.95,-1,-1,-1,-1
576,1,1108.91,203.05,201.80,571.30,-1,-1,-1,-1
577,10,181.63,215.10,247.53,654.55,-1,-1,-1,-1
577,28,1265.87,56.26,391.25,1018.06,-1,-1,-1,-1
577,11,717.78,17.93,411.83,1062.25,-1,-1,-1,-1
577,1,1123.49,202.25,202.13,572.14,-1,-1,-1,-1
578,10,189.45,216.32,242.62,639.70,-1,-1,-1,-1
578,28,1275.67,37.37,395.49,1034.73,-1,-1,-1,-1
578,11,777.48,26.88,404.20,1052.72,-1,-1,-1,-1
578,1,1136.68,197.29,203.94,577.10,-1,-1,-1,-1
578,26,701.24,200.54,251.37,710.36,-1,-1,-1,-1
579,10,197.52,217.41,239.78,630.48,-1,-1,-1,-1
579,28,1290.91,35.31,393.61,1034.77,-1,-1,-1,-1
579,11,833.80,42.60,398.36,1048.34,-1,-1,-1,-1
579,1,1148.74,198.14,204.31,577.56,-1,-1,-1,-1
579,26,687.76,201.37,251.32,718.65,-1,-1,-1,-1
580,10,205.87,217.46,238.89,626.33,-1,-1,-1,-1
580,28,1303.53,26.93,389.01,1030.84,-1,-1,-1,-1
580,11,872.67,42.89,395.53,1048.86,-1,-1,-1,-1
580,1,1158.56,201.10,202.79,570.83,-1,-1,-1,-1
580,26,675.70,200.12,250.72,727.82,-1,-1,-1,-1
581,10,212.76,216.92,238.01,622.04,-1,-1,-1,-1
581,28,1315.98,25.03,389.87,1042.88,-1,-1,-1,-1
581,11,915.30,30.31,396.84,1054.99,-1,-1,-1,-1
581,1,1168.11,200.85,203.58,567.60,-1,-1,-1,-1
581,26,672.49,200.59,246.76,724.34,-1,-1,-1,-1
582,10,220.45,216.43,238.02,619.83,-1,-1,-1,-1
582,28,1321.64,27.13,388.70,1048.61,-1,-1,-1,-1
582,11,958.97,41.58,386.55,1039.41,-1,-1,-1,-1
582,1,1170.83,195.43,208.14,575.20,-1,-1,-1,-1
582,26,669.58,200.47,245.55,729.36,-1,-1,-1,-1
583,10,227.35,217.47,238.53,619.37,-1,-1,-1,-1
583,28,1328.06,35.39,382.02,1040.36,-1,-1,-1,-1
583,11,1030.88,91.13,351.70,946.66,-1,-1,-1,-1
583,1,1181.96,206.45,215.59,595.83,-1,-1,-1,-1
583,26,667.16,201.85,243.81,735.05,-1,-1,-1,-1
584,10,232.67,219.84,238.48,618.08,-1,-1,-1,-1
584,28,1333.27,42.67,373.44,1029.69,-1,-1,-1,-1
584,11,1073.49,69.17,375.05,1005.48,-1,-1,-1,-1
584,26,663.46,203.89,242.31,739.20,-1,-1,-1,-1
585,10,237.84,221.42,238.68,618.48,-1,-1,-1,-1
585,28,1288.09,44.92,373.93,1030.75,-1,-1,-1,-1
585,11,1118.58,30.78,367.06,983.58,-1,-1,-1,-1
585,26,661.03,201.78,242.65,747.67,-1,-1,-1,-1
586,10,244.83,222.04,237.13,614.36,-1,-1,-1,-1
586,11,1193.68,9.37,383.63,1017.42,-1,-1,-1,-1
586,26,658.57,199.23,242.73,752.89,-1,-1,-1,-1
587,10,252.94,223.10,233.71,605.38,-1,-1,-1,-1
587,11,1238.70,6.07,393.75,1030.44,-1,-1,-1,-1
587,26,657.12,197.41,241.51,753.83,-1,-1,-1,-1
587,1,1196.24,216.47,202.18,560.55,-1,-1,-1,-1
588,10,260.38,222.03,231.80,600.24,-1,-1,-1,-1
588,11,1263.00,0.50,399.79,1040.12,-1,-1,-1,-1
588,26,656.23,198.88,238.77,748.24,-1,-1,-1,-1
588,1,1199.99,196.49,208.07,578.00,-1,-1,-1,-1
589,10,267.92,225.43,229.39,593.12,-1,-1,-1,-1
589,11,1285.17,-1.44,404.55,1057.88,-1,-1,-1,-1
589,26,653.61,197.99,236.52,743.41,-1,-1,-1,-1
589,1,1202.77,198.26,210.79,583.58,-1,-1,-1,-1
590,10,273.75,223.80,230.74,596.64,-1,-1,-1,-1
590,11,1311.62,22.22,402.59,1058.74,-1,-1,-1,-1
590,26,652.72,200.09,235.55,740.44,-1,-1,-1,-1
590,1,1200.83,193.32,214.02,593.89,-1,-1,-1,-1
591,10,280.03,222.10,231.15,598.42,-1,-1,-1,-1
591,11,1331.84,44.26,402.52,1058.04,-1,-1,-1,-1
591,26,650.46,203.07,234.21,736.34,-1,-1,-1,-1
591,1,1200.35,194.70,213.76,593.24,-1,-1,-1,-1
592,10,291.56,224.14,228.81,592.94,-1,-1,-1,-1
592,11,1367.21,38.02,391.36,1020.61,-1,-1,-1,-1
592,26,649.18,201.67,233.55,729.55,-1,-1,-1,-1
592,1,1200.81,195.07,213.83,592.94,-1,-1,-1,-1
593,10,303.16,223.06,226.90,588.20,-1,-1,-1,-1
593,11,1426.06,12.70,390.77,1030.69,-1,-1,-1,-1
593,26,647.55,201.23,232.06,722.44,-1,-1,-1,-1
593,1,1197.42,194.37,213.26,592.76,-1,-1,-1,-1
594,10,313.83,222.40,226.55,586.60,-1,-1,-1,-1
594,11,1488.93,22.22,397.30,1066.94,-1,-1,-1,-1
594,26,646.46,201.44,232.06,718.42,-1,-1,-1,-1
594,1,1195.53,194.07,213.10,593.68,-1,-1,-1,-1
594,30,1299.92,93.84,318.14,859.40,-1,-1,-1,-1
595,10,323.51,226.81,227.36,587.56,-1,-1,-1,-1
595,11,1533.04,16.23,395.90,1077.38,-1,-1,-1,-1
595,26,646.08,200.75,232.99,719.94,-1,-1,-1,-1
595,1,1193.47,193.52,212.93,593.20,-1,-1,-1,-1
595,30,1286.01,103.15,316.23,854.16,-1,-1,-1,-1
596,10,333.67,223.31,229.82,594.37,-1,-1,-1,-1
596,11,1540.31,17.84,393.83,1066.69,-1,-1,-1,-1
596,26,648.11,201.91,233.52,719.96,-1,-1,-1,-1
596,1,1192.70,194.64,213.08,590.83,-1,-1,-1,-1
596,30,1277.36,113.72,311.02,839.66,-1,-1,-1,-1
597,10,345.17,221.18,229.51,594.48,-1,-1,-1,-1
597,11,1557.00,38.57,388.38,1053.30,-1,-1,-1,-1
597,26,648.65,202.65,233.42,719.78,-1,-1,-1,-1
597,1,1190.27,196.47,212.07,588.54,-1,-1,-1,-1
597,30,1264.65,126.78,307.56,829.88,-1,-1,-1,-1
598,10,357.20,222.32,227.50,589.14,-1,-1,-1,-1
598,11,1550.41,29.38,390.09,1053.18,-1,-1,-1,-1
598,26,648.01,202.49,233.98,720.64,-1,-1,-1,-1
598,1,1186.23,200.20,211.56,590.35,-1,-1,-1,-1
598,30,1253.20,127.09,305.23,823.46,-1,-1,-1,-1
599,10,370.24,222.37,226.51,586.27,-1,-1,-1,-1
599,11,1557.15,14.40,391.61,1055.09,-1,-1,-1,-1
599,26,648.22,200.83,235.28,724.95,-1,-1,-1,-1
599,1,1185.43,202.94,209.36,589.72,-1,-1,-1,-1
599,30,1227.01,127.60,301.25,812.16,-1,-1,-1,-1
600,10,383.02,222.91,226.05,585.73,-1,-1,-1,-1
600,26,649.12,197.45,236.59,728.86,-1,-1,-1,-1
600,30,1207.63,126.80,293.37,791.22,-1,-1,-1,-1
601,10,394.94,221.79,224.98,585.24,-1,-1,-1,-1
601,26,647.17,197.54,235.16,727.14,-1,-1,-1,-1
601,30,1194.58,128.46,281.59,762.22,-1,-1,-1,-1
602,10,405.39,224.82,223.19,582.57,-1,-1,-1,-1
602,26,645.74,195.94,235.31,729.72,-1,-1,-1,-1
602,1,1188.06,139.06,256.78,724.30,-1,-1,-1,-1
603,10,418.08,222.38,224.19,586.55,-1,-1,-1,-1
603,26,645.46,195.75,235.19,731.81,-1,-1,-1,-1
603,1,1186.16,137.57,261.82,736.40,-1,-1,-1,-1
604,10,430.89,222.07,224.80,586.32,-1,-1,-1,-1
604,26,645.31,195.74,235.12,731.98,-1,-1,-1,-1
604,1,1179.43,143.10,257.26,723.02,-1,-1,-1,-1
604,11,1599.92,26.68,373.20,1035.43,-1,-1,-1,-1
605,10,440.57,220.17,226.80,590.32,-1,-1,-1,-1
605,26,644.08,196.25,234.86,731.55,-1,-1,-1,-1
605,1,1162.13,143.48,259.08,728.17,-1,-1,-1,-1
606,10,450.58,220.05,227.82,592.69,-1,-1,-1,-1
606,26,642.43,195.14,234.35,728.89,-1,-1,-1,-1
606,1,1144.31,148.74,260.73,732.56,-1,-1,-1,-1
606,32,1269.08,188.43,206.35,612.45,-1,-1,-1,-1
607,10,460.99,221.32,226.67,589.56,-1,-1,-1,-1
607,26,640.61,192.81,236.21,737.05,-1,-1,-1,-1
607,1,1129.93,153.23,260.22,730.86,-1,-1,-1,-1
607,32,1274.29,185.48,207.05,613.98,-1,-1,-1,-1
608,10,474.95,224.67,223.29,582.53,-1,-1,-1,-1
608,26,640.96,191.87,237.02,740.59,-1,-1,-1,-1
608,1,1114.09,153.20,257.38,724.35,-1,-1,-1,-1
608,32,1280.16,185.74,207.31,613.80,-1,-1,-1,-1
608,33,1654.81,86.08,273.73,882.35,-1,-1,-1,-1
609,10,484.22,224.40,224.48,590.32,-1,-1,-1,-1
609,26,640.03,190.80,237.13,743.54,-1,-1,-1,-1
609,1,1103.04,149.70,252.71,714.72,-1,-1,-1,-1
609,32,1282.93,185.72,209.29,618.04,-1,-1,-1,-1
609,33,1657.03,82.11,276.81,894.47,-1,-1,-1,-1
610,10,497.11,229.64,221.41,588.59,-1,-1,-1,-1
610,26,638.09,190.14,238.24,747.61,-1,-1,-1,-1
610,1,1093.89,153.98,245.91,697.51,-1,-1,-1,-1
610,32,1281.49,186.38,213.55,628.54,-1,-1,-1,-1
610,33,1657.69,80.61,278.22,901.95,-1,-1,-1,-1
611,10,509.74,229.32,220.88,595.15,-1,-1,-1,-1
611,26,630.90,193.09,238.55,744.86,-1,-1,-1,-1
611,1,1081.93,156.49,242.33,691.67,-1,-1,-1,-1
611,32,1279.05,186.15,217.98,638.12,-1,-1,-1,-1
611,33,1663.24,83.96,289.25,946.25,-1,-1,-1,-1
612,26,598.42,211.25,222.60,687.65,-1,-1,-1,-1
612,1,1069.73,157.11,238.21,684.37,-1,-1,-1,-1
612,32,1276.86,186.81,221.57,645.11,-1,-1,-1,-1
612,33,1667.14,85.98,286.04,945.14,-1,-1,-1,-1
613,26,570.18,225.65,204.13,627.48,-1,-1,-1,-1
613,1,1060.33,158.18,233.15,674.87,-1,-1,-1,-1
613,32,1276.17,188.26,224.68,651.81,-1,-1,-1,-1
613,33,1670.49,83.99,281.79,941.72,-1,-1,-1,-1
614,26,572.56,227.74,208.47,635.50,-1,-1,-1,-1
614,1,1052.50,159.22,232.45,676.67,-1,-1,-1,-1
614,32,1274.26,187.26,227.77,657.80,-1,-1,-1,-1
614,33,1674.42,86.65,277.45,939.40,-1,-1,-1,-1
615,26,585.27,209.27,236.18,708.29,-1,-1,-1,-1
615,1,1039.10,161.36,233.31,679.54,-1,-1,-1,-1
615,32,1271.97,185.63,231.28,664.22,-1,-1,-1,-1
615,33,1677.87,91.90,269.86,926.50,-1,-1,-1,-1
616,26,591.22,206.49,248.25,732.20,-1,-1,-1,-1
616,1,1023.29,164.13,233.79,676.69,-1,-1,-1,-1
616,32,1269.82,182.29,234.54,669.46,-1,-1,-1,-1
616,33,1679.50,98.89,264.67,921.14,-1,-1,-1,-1
617,26,588.67,199.85,256.54,744.02,-1,-1,-1,-1
617,1,1008.79,162.07,236.98,678.20,-1,-1,-1,-1
617,32,1267.26,179.27,237.76,674.40,-1,-1,-1,-1
617,33,1678.03,102.53,261.88,920.88,-1,-1,-1,-1
618,26,583.76,195.47,261.94,749.06,-1,-1,-1,-1
618,1,995.90,161.85,241.51,686.43,-1,-1,-1,-1
618,32,1265.05,177.13,240.47,677.57,-1,-1,-1,-1
618,33,1677.88,105.57,257.12,912.50,-1,-1,-1,-1
619,26,576.79,192.43,265.90,750.93,-1,-1,-1,-1
619,1,983.52,165.75,244.97,693.71,-1,-1,-1,-1
619,32,1262.15,174.79,244.41,684.42,-1,-1,-1,-1
619,33,1664.58,95.72,258.06,917.95,-1,-1,-1,-1
620,26,567.23,191.98,270.86,755.93,-1,-1,-1,-1
620,1,968.23,160.17,249.19,702.84,-1,-1,-1,-1
620,32,1259.41,171.88,247.52,689.03,-1,-1,-1,-1
620,33,1658.89,91.64,257.70,917.88,-1,-1,-1,-1
621,26,557.59,191.08,276.97,765.07,-1,-1,-1,-1
621,1,952.64,157.73,249.92,704.76,-1,-1,-1,-1
621,32,1258.78,168.38,251.28,696.18,-1,-1,-1,-1
621,33,1649.83,89.65,257.91,915.35,-1,-1,-1,-1
622,26,550.76,191.90,281.84,771.18,-1,-1,-1,-1
622,1,936.45,156.74,251.54,712.30,-1,-1,-1,-1
622,32,1255.81,168.41,257.39,712.66,-1,-1,-1,-1
622,33,1645.42,92.16,256.32,905.07,-1,-1,-1,-1
623,26,569.80,206.37,268.05,732.85,-1,-1,-1,-1
623,1,917.78,154.91,249.68,715.10,-1,-1,-1,-1
623,32,1254.85,168.93,261.66,725.41,-1,-1,-1,-1
623,33,1639.28,96.35,257.37,905.09,-1,-1,-1,-1
624,26,589.33,214.48,253.73,694.32,-1,-1,-1,-1
624,1,894.33,150.40,250.54,727.96,-1,-1,-1,-1
624,32,1253.38,168.69,266.59,741.12,-1,-1,-1,-1
624,33,1622.06,103.37,259.04,899.03,-1,-1,-1,-1
625,26,585.82,216.35,254.91,697.55,-1,-1,-1,-1
625,1,876.55,154.31,248.19,730.82,-1,-1,-1,-1
625,32,1253.75,167.11,268.82,749.09,-1,-1,-1,-1
625,33,1605.62,109.10,255.86,875.53,-1,-1,-1,-1
626,26,572.35,213.68,262.58,718.10,-1,-1,-1,-1
626,1,857.76,154.89,245.69,725.81,-1,-1,-1,-1
626,32,1257.44,165.40,272.25,759.54,-1,-1,-1,-1
626,33,1589.17,114.16,254.41,858.77,-1,-1,-1,-1
627,26,566.94,213.16,266.49,727.88,-1,-1,-1,-1
627,1,845.96,154.84,244.18,721.45,-1,-1,-1,-1
627,32,1258.43,161.19,276.56,771.36,-1,-1,-1,-1
627,33,1576.59,116.98,255.10,849.61,-1,-1,-1,-1
628,26,563.13,207.65,272.32,742.54,-1,-1,-1,-1
628,1,832.17,160.05,240.51,708.82,-1,-1,-1,-1
628,32,1255.50,153.98,281.99,784.84,-1,-1,-1,-1
628,33,1562.65,119.26,252.31,835.40,-1,-1,-1,-1
629,26,565.64,206.14,274.71,749.87,-1,-1,-1,-1
629,1,818.70,164.61,241.71,712.63,-1,-1,-1,-1
629,32,1255.41,150.60,285.86,793.29,-1,-1,-1,-1
629,33,1543.63,125.62,248.98,817.27,-1,-1,-1,-1
629,37,720.40,218.06,196.80,608.77,-1,-1,-1,-1
630,26,570.75,203.71,277.35,754.56,-1,-1,-1,-1
630,1,787.73,170.44,241.72,708.73,-1,-1,-1,-1
630,32,1255.16,148.07,287.34,796.80,-1,-1,-1,-1
630,33,1525.39,125.49,248.42,813.98,-1,-1,-1,-1
631,26,578.65,202.63,278.32,755.40,-1,-1,-1,-1
631,1,769.57,170.46,240.16,701.31,-1,-1,-1,-1
631,32,1252.91,146.32,289.60,803.12,-1,-1,-1,-1
631,33,1505.67,129.30,249.07,812.51,-1,-1,-1,-1
632,26,588.47,195.97,276.69,751.68,-1,-1,-1,-1
632,32,1248.01,149.13,291.20,805.22,-1,-1,-1,-1
632,33,1493.79,128.96,249.27,805.33,-1,-1,-1,-1
633,26,596.02,192.44,276.48,750.91,-1,-1,-1,-1
633,32,1239.59,147.98,299.19,828.38,-1,-1,-1,-1
633,33,1489.13,131.22,246.69,787.82,-1,-1,-1,-1
634,26,608.56,190.00,282.76,765.45,-1,-1,-1,-1
634,32,1234.95,148.28,301.95,837.17,-1,-1,-1,-1
634,33,1473.66,128.89,249.26,785.42,-1,-1,-1,-1
634,1,760.70,205.00,222.69,650.49,-1,-1,-1,-1
635,26,616.72,181.14,291.66,792.00,-1,-1,-1,-1
635,32,1230.38,148.71,302.02,834.74,-1,-1,-1,-1
635,33,1455.11,129.94,251.27,780.35,-1,-1,-1,-1
635,1,794.50,220.11,204.99,595.93,-1,-1,-1,-1
636,26,614.06,176.13,296.88,810.84,-1,-1,-1,-1
636,32,1222.43,142.78,303.07,836.13,-1,-1,-1,-1
636,33,1433.67,136.41,253.08,777.57,-1,-1,-1,-1
636,1,818.19,221.92,200.22,581.52,-1,-1,-1,-1
637,26,606.50,175.72,295.52,807.38,-1,-1,-1,-1
637,32,1212.29,134.70,303.67,839.70,-1,-1,-1,-1
637,33,1410.33,144.73,250.54,771.09,-1,-1,-1,-1
637,1,835.42,224.25,198.14,576.05,-1,-1,-1,-1
638,26,602.72,174.38,294.23,800.95,-1,-1,-1,-1
638,32,1206.14,129.74,304.01,842.10,-1,-1,-1,-1
638,33,1390.29,149.41,247.49,764.70,-1,-1,-1,-1
638,1,848.72,230.92,195.83,565.34,-1,-1,-1,-1
639,26,601.31,176.97,289.22,783.08,-1,-1,-1,-1
639,32,1208.58,130.73,307.25,852.03,-1,-1,-1,-1
639,33,1367.85,148.32,242.73,752.86,-1,-1,-1,-1
639,1,863.42,231.38,196.12,561.49,-1,-1,-1,-1
640,26,615.65,178.73,289.59,784.71,-1,-1,-1,-1
640,32,1208.58,132.14,312.73,865.20,-1,-1,-1,-1
640,33,1351.82,179.41,231.46,729.12,-1,-1,-1,-1
640,1,875.87,231.93,198.61,564.23,-1,-1,-1,-1
641,26,651.35,184.27,290.95,795.08,-1,-1,-1,-1
641,32,1206.42,126.09,325.50,897.05,-1,-1,-1,-1
641,1,893.37,233.36,200.74,568.37,-1,-1,-1,-1
641,39,496.71,171.23,282.72,737.76,-1,-1,-1,-1
642,26,669.65,181.43,290.62,802.68,-1,-1,-1,-1
642,32,1204.20,122.86,338.08,924.39,-1,-1,-1,-1
642,1,909.94,231.35,201.02,569.97,-1,-1,-1,-1
642,39,478.25,161.33,284.92,744.05,-1,-1,-1,-1
643,26,680.86,180.12,288.76,803.95,-1,-1,-1,-1
643,32,1204.48,126.70,344.33,933.54,-1,-1,-1,-1
643,1,924.27,228.68,201.04,572.56,-1,-1,-1,-1
643,39,458.41,160.40,283.51,741.32,-1,-1,-1,-1
644,26,686.30,179.29,287.57,805.43,-1,-1,-1,-1
644,32,1205.77,122.33,349.65,942.13,-1,-1,-1,-1
644,1,939.66,223.13,201.43,575.62,-1,-1,-1,-1
644,39,431.13,154.38,286.77,751.44,-1,-1,-1,-1
645,26,691.57,179.19,286.47,806.07,-1,-1,-1,-1
645,32,1209.46,118.72,355.61,951.07,-1,-1,-1,-1
645,1,954.31,220.92,202.19,576.45,-1,-1,-1,-1
645,39,405.93,151.73,287.81,754.96,-1,-1,-1,-1
646,26,698.52,176.44,286.90,811.34,-1,-1,-1,-1
646,32,1208.71,116.21,356.27,950.06,-1,-1,-1,-1
646,1,968.12,215.10,204.45,580.72,-1,-1,-1,-1
646,39,377.36,148.84,288.68,757.93,-1,-1,-1,-1
647,26,708.32,174.20,287.58,816.28,-1,-1,-1,-1
647,32,1222.84,110.11,364.40,968.18,-1,-1,-1,-1
647,1,981.88,217.40,205.13,579.23,-1,-1,-1,-1
647,39,356.84,150.59,287.43,753.22,-1,-1,-1,-1
647,33,1177.44,166.85,229.15,715.41,-1,-1,-1,-1
648,26,718.64,173.59,286.98,818.76,-1,-1,-1,-1
648,32,1228.64,106.64,367.94,974.98,-1,-1,-1,-1
648,1,990.79,214.83,207.44,585.31,-1,-1,-1,-1
648,39,337.43,154.86,283.66,741.72,-1,-1,-1,-1
648,33,1139.68,159.95,231.13,721.37,-1,-1,-1,-1
649,26,726.93,168.11,287.33,827.27,-1,-1,-1,-1
649,32,1230.88,106.18,370.63,978.08,-1,-1,-1,-1
649,1,1000.90,220.99,206.47,589.16,-1,-1,-1,-1
649,39,323.67,159.91,279.11,729.06,-1,-1,-1,-1
649,33,1111.59,165.28,229.48,717.64,-1,-1,-1,-1
650,26,733.99,165.32,286.49,829.76,-1,-1,-1,-1
650,32,1229.74,103.11,373.25,979.55,-1,-1,-1,-1
650,1,1006.80,218.59,201.02,576.11,-1,-1,-1,-1
650,39,313.98,164.49,277.42,723.16,-1,-1,-1,-1
650,33,1097.13,166.44,228.92,712.35,-1,-1,-1,-1
651,26,742.04,167.31,282.52,821.92,-1,-1,-1,-1
651,32,1227.81,102.56,373.99,975.08,-1,-1,-1,-1
651,39,299.90,169.51,275.31,716.61,-1,-1,-1,-1
651,33,1054.14,171.95,223.19,680.54,-1,-1,-1,-1
652,26,757.23,169.23,280.61,821.84,-1,-1,-1,-1
652,32,1219.78,81.88,383.98,999.07,-1,-1,-1,-1
652,39,285.47,166.47,275.62,717.65,-1,-1,-1,-1
652,33,1032.33,166.14,236.97,710.24,-1,-1,-1,-1
653,26,776.45,172.63,279.23,824.36,-1,-1,-1,-1
653,32,1215.74,90.63,378.75,981.57,-1,-1,-1,-1
653,39,263.57,161.53,276.66,719.74,-1,-1,-1,-1
653,33,1019.47,170.14,240.96,713.55,-1,-1,-1,-1
654,26,790.31,166.23,279.51,829.94,-1,-1,-1,-1
654,32,1200.45,86.05,384.71,994.78,-1,-1,-1,-1
654,39,243.35,161.36,278.89,726.08,-1,-1,-1,-1
654,33,1012.21,181.03,238.32,703.73,-1,-1,-1,-1
655,26,803.05,173.37,273.98,818.44,-1,-1,-1,-1
655,32,1185.49,76.66,385.32,998.77,-1,-1,-1,-1
655,39,221.05,160.04,277.65,724.82,-1,-1,-1,-1
655,33,998.98,188.21,230.43,686.01,-1,-1,-1,-1
656,32,1161.71,74.80,386.23,1006.70,-1,-1,-1,-1
656,39,196.77,155.46,285.82,748.82,-1,-1,-1,-1
656,33,928.49,198.51,233.82,700.06,-1,-1,-1,-1
657,32,1138.09,75.10,385.95,1009.28,-1,-1,-1,-1
657,39,177.99,153.15,293.09,768.30,-1,-1,-1,-1
657,33,867.43,183.62,258.78,772.69,-1,-1,-1,-1
657,40,1116.43,215.22,182.19,605.71,-1,-1,-1,-1
658,32,1113.66,73.09,386.33,1016.29,-1,-1,-1,-1
658,39,164.06,154.29,297.23,780.25,-1,-1,-1,-1
658,40,1125.08,229.03,182.02,605.13,-1,-1,-1,-1
658,26,849.43,175.26,276.28,821.83,-1,-1,-1,-1
659,32,1090.83,69.62,383.17,1016.51,-1,-1,-1,-1
659,39,149.77,153.08,306.66,807.14,-1,-1,-1,-1
659,26,856.08,173.30,279.00,823.91,-1,-1,-1,-1
660,32,1075.08,73.63,380.48,1020.35,-1,-1,-1,-1
660,39,136.84,152.46,312.29,824.07,-1,-1,-1,-1
660,26,853.86,171.76,277.98,808.47,-1,-1,-1,-1
661,32,1051.61,73.29,373.67,1016.18,-1,-1,-1,-1
661,39,124.28,150.60,313.94,832.59,-1,-1,-1,-1
661,33,826.35,181.16,263.71,779.01,-1,-1,-1,-1
662,32,1038.33,88.15,363.25,998.14,-1,-1,-1,-1
662,39,109.46,146.55,316.73,843.74,-1,-1,-1,-1
662,1,780.94,181.19,245.74,708.98,-1,-1,-1,-1
663,32,999.88,76.61,368.72,1016.54,-1,-1,-1,-1
663,39,97.66,145.32,316.48,845.44,-1,-1,-1,-1
663,1,761.78,180.58,247.54,715.05,-1,-1,-1,-1
663,40,1191.81,226.54,176.67,587.03,-1,-1,-1,-1
664,32,973.84,65.24,375.14,1027.71,-1,-1,-1,-1
664,39,88.42,141.44,317.08,849.60,-1,-1,-1,-1
664,1,739.52,176.82,246.55,721.44,-1,-1,-1,-1
664,40,1193.85,217.40,178.60,591.16,-1,-1,-1,-1
665,32,947.64,60.41,375.14,1030.37,-1,-1,-1,-1
665,39,77.21,134.91,320.67,858.88,-1,-1,-1,-1
665,1,710.46,175.03,247.64,721.84,-1,-1,-1,-1
665,40,1204.36,211.00,177.52,583.99,-1,-1,-1,-1
666,32,934.60,62.89,372.84,1025.77,-1,-1,-1,-1
666,39,68.11,129.29,322.36,861.41,-1,-1,-1,-1
666,1,686.35,174.68,250.55,727.05,-1,-1,-1,-1
666,40,1217.58,203.78,177.14,582.92,-1,-1,-1,-1
667,32,927.94,72.49,366.02,1006.08,-1,-1,-1,-1
667,39,57.08,125.46,328.66,878.45,-1,-1,-1,-1
667,1,655.84,176.54,254.52,726.55,-1,-1,-1,-1
667,40,1228.60,203.71,177.99,585.28,-1,-1,-1,-1
668,32,907.90,61.62,370.01,1010.24,-1,-1,-1,-1
668,39,44.20,125.39,338.86,906.55,-1,-1,-1,-1
668,1,627.58,175.99,258.71,725.78,-1,-1,-1,-1
668,40,1242.42,199.41,179.10,583.63,-1,-1,-1,-1
669,32,885.81,59.07,372.13,1013.62,-1,-1,-1,-1
669,39,36.10,124.24,346.60,928.95,-1,-1,-1,-1
669,1,604.97,180.57,262.60,725.19,-1,-1,-1,-1
669,40,1252.65,199.74,181.29,583.57,-1,-1,-1,-1
670,32,846.64,66.65,366.71,999.36,-1,-1,-1,-1
670,39,30.44,121.39,352.13,947.11,-1,-1,-1,-1
670,1,578.16,181.62,265.55,725.65,-1,-1,-1,-1
670,40,1258.52,198.21,185.29,590.59,-1,-1,-1,-1
670,26,999.79,144.05,300.06,868.56,-1,-1,-1,-1
671,32,805.00,78.75,371.22,1010.45,-1,-1,-1,-1
671,39,26.50,121.85,355.91,957.79,-1,-1,-1,-1
671,1,552.67,180.89,268.25,728.74,-1,-1,-1,-1
671,40,1264.33,197.23,187.13,592.53,-1,-1,-1,-1
671,26,1042.61,161.26,296.89,851.85,-1,-1,-1,-1
672,32,771.30,69.15,378.05,1025.61,-1,-1,-1,-1
672,39,23.09,118.78,358.03,962.61,-1,-1,-1,-1
672,1,523.22,180.65,267.48,728.41,-1,-1,-1,-1
672,40,1267.30,198.56,186.66,587.28,-1,-1,-1,-1
672,26,1060.70,162.14,303.85,865.26,-1,-1,-1,-1
673,32,743.17,77.74,379.95,1027.80,-1,-1,-1,-1
673,39,18.85,115.87,358.12,959.14,-1,-1,-1,-1
673,1,500.71,181.37,266.06,729.60,-1,-1,-1,-1
673,40,1274.46,204.61,185.61,583.25,-1,-1,-1,-1
673,26,1071.71,163.07,305.90,867.29,-1,-1,-1,-1