2,1,-0.95,263.31,92.89,588.07,-1,-1,-1,-1
3,1,-1.26,259.70,93.84,594.43,-1,-1,-1,-1
4,1,-0.69,261.59,93.65,593.43,-1,-1,-1,-1
5,1,-0.61,259.26,94.26,597.60,-1,-1,-1,-1
6,1,-0.74,254.89,95.18,603.91,-1,-1,-1,-1
7,1,-1.02,252.87,95.30,605.51,-1,-1,-1,-1
16,1,-0.75,250.03,95.98,611.27,-1,-1,-1,-1
17,1,-0.96,257.82,95.54,610.45,-1,-1,-1,-1
18,1,-1.61,271.92,93.83,602.96,-1,-1,-1,-1
19,1,-0.92,272.46,92.94,598.15,-1,-1,-1,-1
20,1,-0.06,264.25,93.39,600.50,-1,-1,-1,-1
21,1,0.36,259.65,94.02,603.72,-1,-1,-1,-1
22,1,0.07,252.38,95.08,610.75,-1,-1,-1,-1
23,1,1.41,244.12,96.63,617.58,-1,-1,-1,-1
24,1,5.95,246.21,98.88,619.54,-1,-1,-1,-1
25,1,14.15,279.12,94.73,565.53,-1,-1,-1,-1
26,1,21.02,306.50,93.99,528.08,-1,-1,-1,-1
27,1,23.07,280.86,104.35,559.73,-1,-1,-1,-1
28,1,28.45,258.60,113.93,577.19,-1,-1,-1,-1
29,1,31.88,249.75,121.72,580.21,-1,-1,-1,-1
30,1,34.09,254.25,128.44,576.32,-1,-1,-1,-1
31,1,33.97,252.39,135.90,577.80,-1,-1,-1,-1
32,1,33.26,247.76,146.05,591.98,-1,-1,-1,-1
33,1,32.62,242.38,156.02,605.22,-1,-1,-1,-1
34,1,37.53,242.62,161.25,599.04,-1,-1,-1,-1
35,1,41.72,245.93,167.71,601.02,-1,-1,-1,-1
36,1,58.41,250.47,171.05,590.73,-1,-1,-1,-1
37,1,79.31,245.07,178.22,594.20,-1,-1,-1,-1
38,1,93.86,245.35,183.84,594.71,-1,-1,-1,-1
39,1,101.81,246.91,189.22,596.27,-1,-1,-1,-1
40,1,112.62,250.44,193.93,599.07,-1,-1,-1,-1
41,1,126.24,243.87,199.26,602.34,-1,-1,-1,-1
42,1,139.10,240.79,203.98,607.10,-1,-1,-1,-1
43,1,151.31,241.35,206.83,606.06,-1,-1,-1,-1
44,1,159.30,238.14,210.92,609.76,-1,-1,-1,-1
45,1,174.24,235.25,213.88,607.67,-1,-1,-1,-1
46,1,190.78,233.88,217.84,609.43,-1,-1,-1,-1
47,1,204.97,233.96,221.74,611.52,-1,-1,-1,-1
48,1,215.72,235.06,224.50,611.24,-1,-1,-1,-1
49,1,232.54,237.49,226.24,612.57,-1,-1,-1,-1
50,1,250.67,243.74,226.18,609.86,-1,-1,-1,-1
51,1,277.29,244.12,226.88,609.78,-1,-1,-1,-1
52,1,293.37,242.09,226.88,609.38,-1,-1,-1,-1
53,1,307.20,238.84,230.48,621.13,-1,-1,-1,-1
54,1,327.28,237.24,231.86,624.55,-1,-1,-1,-1
55,1,346.48,234.69,233.77,624.89,-1,-1,-1,-1
56,1,368.18,234.27,234.34,620.23,-1,-1,-1,-1
57,1,380.74,233.66,235.09,615.62,-1,-1,-1,-1
58,1,394.52,237.74,232.44,603.25,-1,-1,-1,-1
59,1,414.19,240.03,233.38,601.73,-1,-1,-1,-1
60,1,436.81,232.33,236.76,607.18,-1,-1,-1,-1
61,1,451.59,232.52,236.54,603.81,-1,-1,-1,-1
62,1,465.18,227.20,238.78,610.45,-1,-1,-1,-1
63,1,482.26,222.87,240.47,616.69,-1,-1,-1,-1
64,1,495.51,219.07,240.59,618.50,-1,-1,-1,-1
65,1,517.27,222.11,238.01,611.39,-1,-1,-1,-1
66,1,544.68,225.77,236.35,605.93,-1,-1,-1,-1
67,1,568.91,236.44,234.21,597.98,-1,-1,-1,-1
68,1,591.21,240.02,231.91,590.95,-1,-1,-1,-1
69,1,604.32,242.09,230.98,588.91,-1,-1,-1,-1
70,1,618.22,235.67,230.89,590.01,-1,-1,-1,-1
71,1,636.71,230.01,229.56,590.77,-1,-1,-1,-1
72,1,656.00,230.93,230.01,594.80,-1,-1,-1,-1
73,1,672.49,228.40,232.85,608.90,-1,-1,-1,-1
74,1,686.11,227.44,236.51,620.77,-1,-1,-1,-1
75,1,703.16,229.85,239.33,629.51,-1,-1,-1,-1
76,1,722.26,234.66,241.38,638.69,-1,-1,-1,-1
77,1,738.88,233.86,243.22,645.97,-1,-1,-1,-1
78,1,753.33,226.23,246.28,656.00,-1,-1,-1,-1
79,1,769.39,220.85,247.59,660.21,-1,-1,-1,-1
80,1,780.93,214.26,249.01,665.72,-1,-1,-1,-1
81,1,797.82,212.00,250.30,670.95,-1,-1,-1,-1
82,1,821.71,208.17,252.41,673.26,-1,-1,-1,-1
83,1,846.99,209.04,256.54,684.33,-1,-1,-1,-1
84,1,868.43,210.34,258.94,688.77,-1,-1,-1,-1
85,1,886.19,210.14,260.72,696.31,-1,-1,-1,-1
86,1,898.81,207.24,259.69,695.23,-1,-1,-1,-1
87,1,917.75,202.96,260.75,701.71,-1,-1,-1,-1
88,1,936.88,197.14,261.59,711.61,-1,-1,-1,-1
89,1,957.63,191.22,263.66,727.59,-1,-1,-1,-1
90,1,979.58,185.72,267.84,752.89,-1,-1,-1,-1
91,1,1002.68,182.42,267.95,764.07,-1,-1,-1,-1
92,1,1028.95,181.40,270.10,774.06,-1,-1,-1,-1
93,1,1042.57,181.50,271.70,780.77,-1,-1,-1,-1
94,1,1063.48,181.52,274.80,788.26,-1,-1,-1,-1
95,1,1082.16,179.83,277.99,801.00,-1,-1,-1,-1
96,1,1101.62,175.13,278.65,807.31,-1,-1,-1,-1
97,1,1123.16,173.30,275.33,809.24,-1,-1,-1,-1
98,1,1139.45,169.38,275.52,820.20,-1,-1,-1,-1
99,1,1173.48,167.86,276.94,827.37,-1,-1,-1,-1
100,1,1204.59,165.12,276.80,827.29,-1,-1,-1,-1
101,1,1238.31,170.61,274.39,812.08,-1,-1,-1,-1
102,1,1263.55,174.84,275.12,807.39,-1,-1,-1,-1
103,1,1287.82,177.17,275.81,803.57,-1,-1,-1,-1
104,1,1309.74,171.66,277.82,804.89,-1,-1,-1,-1
105,1,1333.17,171.14,274.94,788.75,-1,-1,-1,-1
106,1,1346.30,168.50,278.21,791.13,-1,-1,-1,-1
107,1,1356.23,170.01,279.55,789.02,-1,-1,-1,-1
108,1,1361.07,172.57,278.83,781.26,-1,-1,-1,-1
109,1,1358.24,179.19,274.77,770.00,-1,-1,-1,-1
110,1,1355.04,183.18,272.11,763.55,-1,-1,-1,-1
111,1,1354.08,185.64,269.18,755.52,-1,-1,-1,-1
112,1,1354.05,187.64,266.59,748.46,-1,-1,-1,-1
113,1,1352.47,188.11,263.08,737.68,-1,-1,-1,-1
114,1,1343.23,186.26,260.68,729.11,-1,-1,-1,-1
115,1,1332.48,184.40,258.00,719.61,-1,-1,-1,-1
116,1,1322.49,185.84,252.51,703.96,-1,-1,-1,-1
117,1,1315.39,188.37,250.00,697.16,-1,-1,-1,-1
118,1,1308.14,191.03,247.96,690.60,-1,-1,-1,-1
119,1,1291.92,193.52,246.15,681.65,-1,-1,-1,-1
120,1,1277.21,197.78,245.11,674.46,-1,-1,-1,-1
121,1,1265.56,202.48,242.19,664.83,-1,-1,-1,-1
122,1,1256.57,203.91,241.61,660.42,-1,-1,-1,-1
123,1,1238.68,204.37,239.06,651.63,-1,-1,-1,-1
124,1,1215.95,202.76,236.74,648.55,-1,-1,-1,-1
125,1,1191.63,193.31,236.87,658.48,-1,-1,-1,-1
126,1,1167.29,201.64,232.45,649.34,-1,-1,-1,-1
127,1,1141.95,204.59,230.09,639.68,-1,-1,-1,-1
128,1,1122.41,204.66,230.14,637.10,-1,-1,-1,-1
129,1,1100.23,204.55,233.25,642.49,-1,-1,-1,-1
130,1,1081.41,207.85,234.29,641.43,-1,-1,-1,-1
131,1,1060.48,208.59,235.44,642.37,-1,-1,-1,-1
132,1,1039.54,208.40,235.72,643.24,-1,-1,-1,-1
133,1,1017.52,203.42,237.32,656.08,-1,-1,-1,-1
134,1,1005.44,198.12,236.04,661.35,-1,-1,-1,-1
135,1,990.20,193.57,235.53,668.09,-1,-1,-1,-1
136,1,972.22,196.27,236.26,679.39,-1,-1,-1,-1
137,1,956.14,197.06,242.12,702.42,-1,-1,-1,-1
138,1,945.48,197.42,244.66,712.62,-1,-1,-1,-1
139,1,933.85,199.39,249.08,726.49,-1,-1,-1,-1
140,1,916.97,196.82,252.97,739.92,-1,-1,-1,-1
141,1,898.55,192.26,256.55,757.59,-1,-1,-1,-1
142,1,886.93,186.97,254.72,758.30,-1,-1,-1,-1
143,1,873.51,183.56,253.84,757.86,-1,-1,-1,-1
144,1,857.77,177.17,257.97,775.29,-1,-1,-1,-1
144,2,19.92,328.47,85.96,482.29,-1,-1,-1,-1
145,1,839.73,180.02,264.31,798.35,-1,-1,-1,-1
145,2,19.61,271.08,97.03,540.17,-1,-1,-1,-1
146,1,828.96,178.86,268.74,813.71,-1,-1,-1,-1
146,2,24.23,250.15,102.51,562.56,-1,-1,-1,-1
147,1,818.41,180.11,274.28,833.37,-1,-1,-1,-1
147,2,25.46,236.61,108.68,585.53,-1,-1,-1,-1
148,1,804.15,175.57,282.49,861.86,-1,-1,-1,-1
148,2,29.65,231.76,111.73,585.76,-1,-1,-1,-1
149,1,795.31,178.31,282.48,865.17,-1,-1,-1,-1
149,2,33.27,223.69,116.79,592.13,-1,-1,-1,-1
150,1,783.55,178.55,283.20,869.25,-1,-1,-1,-1
150,2,36.92,221.17,120.95,588.63,-1,-1,-1,-1
151,1,778.20,178.66,282.94,869.03,-1,-1,-1,-1
151,2,42.27,219.30,125.58,582.91,-1,-1,-1,-1
152,1,763.84,165.62,287.22,883.27,-1,-1,-1,-1
152,2,56.24,219.06,134.45,591.74,-1,-1,-1,-1
153,1,746.91,154.21,293.47,900.60,-1,-1,-1,-1
153,2,74.46,221.38,141.76,589.97,-1,-1,-1,-1
154,1,731.38,154.16,298.44,915.89,-1,-1,-1,-1
154,2,90.05,223.61,148.19,587.26,-1,-1,-1,-1
155,1,718.21,154.80,298.86,913.19,-1,-1,-1,-1
155,2,106.85,221.36,156.83,595.39,-1,-1,-1,-1
156,1,695.76,150.38,303.77,923.29,-1,-1,-1,-1
156,2,128.61,223.80,159.84,585.35,-1,-1,-1,-1
157,1,679.64,155.32,302.32,919.33,-1,-1,-1,-1
157,2,147.31,224.65,164.55,584.80,-1,-1,-1,-1
158,1,663.45,152.20,305.03,925.42,-1,-1,-1,-1
158,2,160.24,220.98,171.22,592.63,-1,-1,-1,-1
159,1,640.91,146.38,306.83,927.43,-1,-1,-1,-1
159,2,181.58,220.89,173.88,586.23,-1,-1,-1,-1
160,1,615.96,141.82,310.87,934.96,-1,-1,-1,-1
160,2,203.99,221.93,177.82,580.80,-1,-1,-1,-1
161,1,587.62,138.71,314.42,942.62,-1,-1,-1,-1
161,2,224.95,224.60,182.11,576.56,-1,-1,-1,-1
162,1,558.52,132.48,316.35,947.61,-1,-1,-1,-1
162,2,243.16,224.25,186.41,574.26,-1,-1,-1,-1
163,1,536.99,134.22,319.83,950.96,-1,-1,-1,-1
163,2,255.67,224.92,189.42,570.26,-1,-1,-1,-1
164,1,516.28,140.29,325.19,955.80,-1,-1,-1,-1
164,2,273.60,222.63,194.46,573.91,-1,-1,-1,-1
165,1,496.15,137.04,330.85,962.51,-1,-1,-1,-1
165,2,293.18,224.24,196.25,570.56,-1,-1,-1,-1
166,1,471.71,131.56,337.28,968.81,-1,-1,-1,-1
166,2,307.47,223.17,199.17,571.01,-1,-1,-1,-1
167,1,446.80,135.42,339.22,962.48,-1,-1,-1,-1
167,2,320.73,216.15,201.91,572.70,-1,-1,-1,-1
168,1,409.84,142.07,338.36,949.76,-1,-1,-1,-1
168,2,334.20,216.45,205.84,579.98,-1,-1,-1,-1
169,1,359.03,164.56,338.04,938.09,-1,-1,-1,-1
170,1,332.19,168.75,338.18,929.32,-1,-1,-1,-1
171,1,311.85,157.31,342.61,938.73,-1,-1,-1,-1
172,1,294.74,151.14,343.65,928.50,-1,-1,-1,-1
173,1,277.72,147.51,350.28,931.69,-1,-1,-1,-1
174,1,270.36,150.13,351.83,924.78,-1,-1,-1,-1
175,1,263.70,150.66,352.29,919.01,-1,-1,-1,-1
176,1,253.65,148.07,352.24,914.99,-1,-1,-1,-1
177,1,246.79,166.64,348.75,903.41,-1,-1,-1,-1
177,2,498.66,217.15,212.89,592.61,-1,-1,-1,-1
178,1,243.46,170.91,344.97,889.24,-1,-1,-1,-1
178,2,524.88,218.60,215.92,597.82,-1,-1,-1,-1
179,1,240.12,172.25,344.33,883.13,-1,-1,-1,-1
179,2,541.33,219.49,218.30,603.02,-1,-1,-1,-1
180,1,238.94,170.05,344.92,879.58,-1,-1,-1,-1
180,2,553.01,221.12,219.17,604.91,-1,-1,-1,-1
181,1,240.73,165.81,345.86,876.88,-1,-1,-1,-1
181,2,572.85,226.15,216.60,599.18,-1,-1,-1,-1
182,1,245.99,163.40,345.44,871.33,-1,-1,-1,-1
182,2,588.95,221.05,218.35,604.93,-1,-1,-1,-1
183,1,255.81,161.36,343.63,868.16,-1,-1,-1,-1
183,2,608.71,222.04,216.08,600.86,-1,-1,-1,-1
184,1,264.69,156.83,340.55,859.12,-1,-1,-1,-1
184,2,630.48,215.87,215.75,603.32,-1,-1,-1,-1
185,1,273.88,158.85,336.70,850.17,-1,-1,-1,-1
185,2,646.03,212.61,214.06,599.97,-1,-1,-1,-1
186,1,294.37,165.95,330.82,836.57,-1,-1,-1,-1
186,2,664.50,210.96,213.85,599.94,-1,-1,-1,-1
187,1,314.81,173.16,322.77,819.13,-1,-1,-1,-1
187,2,680.08,211.81,213.82,597.23,-1,-1,-1,-1
188,1,335.35,176.79,316.04,809.89,-1,-1,-1,-1
188,2,698.58,217.42,211.04,585.58,-1,-1,-1,-1
189,1,353.32,173.57,313.59,808.60,-1,-1,-1,-1
189,2,715.13,213.44,213.11,588.59,-1,-1,-1,-1
190,1,373.45,169.79,310.85,807.45,-1,-1,-1,-1
190,2,728.73,215.46,212.34,584.85,-1,-1,-1,-1
191,1,397.52,174.02,309.12,807.69,-1,-1,-1,-1
191,2,750.53,215.20,211.03,580.12,-1,-1,-1,-1
192,1,419.83,173.19,308.22,807.75,-1,-1,-1,-1
192,2,771.03,207.51,214.80,590.10,-1,-1,-1,-1
193,1,446.31,175.95,304.39,797.92,-1,-1,-1,-1
193,2,790.76,203.84,214.79,591.36,-1,-1,-1,-1
194,1,462.40,177.19,303.95,795.31,-1,-1,-1,-1
194,2,802.80,199.90,216.92,597.11,-1,-1,-1,-1
195,1,482.81,182.07,305.98,796.67,-1,-1,-1,-1
195,2,818.49,201.36,218.57,601.51,-1,-1,-1,-1
196,1,500.05,183.93,307.71,795.34,-1,-1,-1,-1
196,2,836.20,206.14,218.09,598.63,-1,-1,-1,-1
197,1,518.30,181.19,306.87,789.28,-1,-1,-1,-1
197,2,852.59,202.66,220.78,605.45,-1,-1,-1,-1
198,1,531.77,180.16,307.36,790.45,-1,-1,-1,-1
198,2,866.31,206.77,221.14,604.61,-1,-1,-1,-1
199,1,553.21,179.47,306.52,788.69,-1,-1,-1,-1
199,2,877.57,206.65,222.60,608.08,-1,-1,-1,-1
200,1,578.95,177.72,304.13,791.35,-1,-1,-1,-1
200,2,891.74,204.27,221.90,606.59,-1,-1,-1,-1
201,1,603.13,175.76,300.83,794.29,-1,-1,-1,-1
201,2,905.46,204.75,222.24,609.01,-1,-1,-1,-1
202,1,618.80,171.07,304.07,814.58,-1,-1,-1,-1
202,2,916.43,203.04,223.95,615.86,-1,-1,-1,-1
203,1,637.77,174.04,305.76,833.88,-1,-1,-1,-1
203,2,927.93,201.08,223.45,614.03,-1,-1,-1,-1
204,1,660.60,169.51,302.66,833.25,-1,-1,-1,-1
204,2,942.99,200.42,222.44,612.40,-1,-1,-1,-1
205,1,685.67,172.02,304.56,849.30,-1,-1,-1,-1
205,2,963.21,196.25,222.00,616.52,-1,-1,-1,-1
206,1,711.36,175.46,299.31,839.33,-1,-1,-1,-1
206,2,982.47,198.29,218.52,610.73,-1,-1,-1,-1
207,1,734.45,170.23,299.18,845.90,-1,-1,-1,-1
207,2,1004.29,202.53,215.39,608.15,-1,-1,-1,-1
208,1,757.18,168.78,298.91,850.95,-1,-1,-1,-1
208,2,1024.21,197.61,215.96,616.81,-1,-1,-1,-1
209,1,785.73,163.74,298.20,856.61,-1,-1,-1,-1
209,2,1043.59,191.43,216.40,627.51,-1,-1,-1,-1
210,1,803.63,164.74,300.50,870.42,-1,-1,-1,-1
210,2,1062.02,190.98,213.24,622.15,-1,-1,-1,-1
211,1,828.23,166.78,296.68,859.80,-1,-1,-1,-1
211,2,1081.71,189.28,210.51,615.40,-1,-1,-1,-1
212,1,852.73,168.54,293.75,847.60,-1,-1,-1,-1
212,2,1102.91,193.80,208.01,607.75,-1,-1,-1,-1
213,1,879.45,172.38,293.09,840.85,-1,-1,-1,-1
213,2,1119.34,194.24,208.92,608.81,-1,-1,-1,-1
214,1,894.58,174.01,293.70,839.25,-1,-1,-1,-1
214,2,1130.90,197.97,208.80,605.32,-1,-1,-1,-1
215,1,910.43,181.14,297.60,848.09,-1,-1,-1,-1
215,2,1144.10,190.38,211.62,613.87,-1,-1,-1,-1
216,1,933.10,184.33,299.60,856.17,-1,-1,-1,-1
216,2,1158.03,188.65,211.59,614.57,-1,-1,-1,-1
217,1,956.90,189.34,294.93,847.70,-1,-1,-1,-1
217,2,1171.59,185.26,210.24,612.22,-1,-1,-1,-1
218,1,988.92,190.06,291.12,836.50,-1,-1,-1,-1
218,2,1186.35,183.60,210.93,613.42,-1,-1,-1,-1
219,1,1005.65,188.83,293.78,844.66,-1,-1,-1,-1
219,2,1197.02,182.35,215.53,623.82,-1,-1,-1,-1
220,1,1017.79,190.47,288.42,824.58,-1,-1,-1,-1
220,2,1205.56,184.75,221.24,636.37,-1,-1,-1,-1
221,1,1026.27,188.46,290.61,821.55,-1,-1,-1,-1
221,2,1216.98,186.43,226.00,647.83,-1,-1,-1,-1
222,1,1033.47,189.75,296.19,829.93,-1,-1,-1,-1
222,2,1229.64,184.30,229.58,661.13,-1,-1,-1,-1
223,1,1039.68,195.82,297.35,826.79,-1,-1,-1,-1
223,2,1247.40,187.11,229.66,658.74,-1,-1,-1,-1
224,1,1051.02,200.39,295.21,816.08,-1,-1,-1,-1
224,2,1259.34,185.00,232.81,665.16,-1,-1,-1,-1
225,1,1065.15,199.49,290.99,799.05,-1,-1,-1,-1
225,2,1271.50,179.84,235.62,670.74,-1,-1,-1,-1
226,1,1073.05,199.96,289.38,788.79,-1,-1,-1,-1
226,2,1283.16,175.57,238.80,677.05,-1,-1,-1,-1
227,1,1077.66,199.67,290.10,787.49,-1,-1,-1,-1
227,2,1297.32,167.11,244.83,689.88,-1,-1,-1,-1
228,1,1082.13,200.15,288.25,778.91,-1,-1,-1,-1
228,2,1305.39,162.48,252.10,706.61,-1,-1,-1,-1
229,1,1083.19,205.46,285.30,769.98,-1,-1,-1,-1
229,2,1309.65,161.39,258.86,727.18,-1,-1,-1,-1
230,1,1082.08,210.09,284.07,764.58,-1,-1,-1,-1
230,2,1312.12,161.25,264.54,743.23,-1,-1,-1,-1
231,1,1079.68,214.25,282.27,757.33,-1,-1,-1,-1
231,2,1314.82,158.74,268.13,752.35,-1,-1,-1,-1
232,1,1076.88,216.06,280.00,747.69,-1,-1,-1,-1
232,2,1320.48,155.81,272.25,760.72,-1,-1,-1,-1
233,1,1071.75,218.37,278.96,741.50,-1,-1,-1,-1
233,2,1327.59,150.45,274.25,764.98,-1,-1,-1,-1
234,1,1069.12,223.52,273.97,723.97,-1,-1,-1,-1
234,2,1335.33,145.59,274.67,768.95,-1,-1,-1,-1
235,1,1062.21,226.08,269.70,708.32,-1,-1,-1,-1
235,2,1340.11,139.50,276.19,779.11,-1,-1,-1,-1
236,1,1055.13,227.39,267.84,697.93,-1,-1,-1,-1
236,2,1342.31,137.45,275.84,779.62,-1,-1,-1,-1
237,1,1045.61,226.15,264.71,685.16,-1,-1,-1,-1
237,2,1339.48,135.33,277.86,788.89,-1,-1,-1,-1
238,1,1035.68,222.36,260.89,671.36,-1,-1,-1,-1
238,2,1332.97,137.44,279.53,795.93,-1,-1,-1,-1
239,1,1021.37,224.42,258.41,664.59,-1,-1,-1,-1
239,2,1325.66,139.02,281.22,804.91,-1,-1,-1,-1
240,1,1009.44,224.72,256.53,660.10,-1,-1,-1,-1
240,2,1315.55,139.73,280.23,805.51,-1,-1,-1,-1
241,1,1002.51,225.84,254.57,656.93,-1,-1,-1,-1
241,2,1310.14,141.78,279.31,808.50,-1,-1,-1,-1
242,1,1000.43,222.42,254.52,658.26,-1,-1,-1,-1
242,2,1304.13,139.76,280.89,816.18,-1,-1,-1,-1
243,1,999.46,223.87,253.22,654.94,-1,-1,-1,-1
243,2,1294.09,142.29,278.98,814.30,-1,-1,-1,-1
244,1,997.54,225.52,250.62,648.33,-1,-1,-1,-1
244,2,1280.11,138.73,277.63,812.07,-1,-1,-1,-1
245,1,995.22,225.97,246.73,639.65,-1,-1,-1,-1
245,2,1262.08,139.69,279.72,819.53,-1,-1,-1,-1
246,1,989.76,226.60,242.68,631.57,-1,-1,-1,-1
246,2,1239.24,141.11,278.74,815.85,-1,-1,-1,-1
247,1,987.70,227.10,238.51,622.21,-1,-1,-1,-1
247,2,1221.59,142.48,279.17,814.70,-1,-1,-1,-1
248,1,985.60,228.13,231.32,604.26,-1,-1,-1,-1
248,2,1207.88,147.56,278.24,809.71,-1,-1,-1,-1
249,1,981.43,223.88,226.54,591.81,-1,-1,-1,-1
249,2,1185.17,149.31,277.55,803.98,-1,-1,-1,-1
250,1,974.20,223.52,223.96,585.11,-1,-1,-1,-1
250,2,1160.45,149.09,276.76,805.37,-1,-1,-1,-1
251,1,960.86,227.37,223.39,582.50,-1,-1,-1,-1
251,2,1138.66,143.62,276.88,810.83,-1,-1,-1,-1
252,1,952.07,228.95,222.16,577.69,-1,-1,-1,-1
252,2,1121.56,143.19,274.90,808.59,-1,-1,-1,-1
253,1,944.14,229.87,222.45,578.67,-1,-1,-1,-1
253,2,1095.57,148.13,271.28,806.43,-1,-1,-1,-1
254,1,930.48,231.61,221.87,576.47,-1,-1,-1,-1
254,2,1073.28,148.83,268.61,805.13,-1,-1,-1,-1
255,1,919.47,233.39,219.84,570.78,-1,-1,-1,-1
255,2,1050.57,158.21,265.23,796.87,-1,-1,-1,-1
256,1,913.72,235.38,215.82,560.98,-1,-1,-1,-1
256,2,1033.29,156.96,262.94,790.15,-1,-1,-1,-1
257,1,898.06,232.39,216.77,565.54,-1,-1,-1,-1
257,2,1018.78,160.25,261.71,785.13,-1,-1,-1,-1
258,1,881.88,232.42,214.88,563.33,-1,-1,-1,-1
258,2,1002.16,159.01,261.24,787.20,-1,-1,-1,-1
259,1,872.13,231.40,213.44,562.84,-1,-1,-1,-1
259,2,980.47,165.89,258.58,779.52,-1,-1,-1,-1
260,1,862.36,233.72,209.89,557.29,-1,-1,-1,-1
260,2,956.18,165.57,254.08,772.85,-1,-1,-1,-1
261,1,849.05,237.11,203.74,543.99,-1,-1,-1,-1
261,2,936.70,167.04,251.12,773.72,-1,-1,-1,-1
262,1,838.65,221.82,215.01,578.71,-1,-1,-1,-1
262,2,913.24,170.93,248.94,770.79,-1,-1,-1,-1
263,1,821.64,233.88,205.21,551.37,-1,-1,-1,-1
263,2,893.47,172.07,250.43,777.73,-1,-1,-1,-1
264,1,803.67,220.58,201.95,544.02,-1,-1,-1,-1
264,2,866.52,181.19,238.49,734.37,-1,-1,-1,-1
265,1,785.81,213.88,210.71,573.20,-1,-1,-1,-1
265,2,851.99,181.11,241.16,741.27,-1,-1,-1,-1
266,2,815.59,193.86,224.14,682.97,-1,-1,-1,-1
267,2,783.90,181.36,232.55,702.99,-1,-1,-1,-1
268,2,761.11,172.05,244.94,737.22,-1,-1,-1,-1
269,2,748.59,169.67,247.57,744.20,-1,-1,-1,-1
270,2,726.06,166.41,253.53,762.04,-1,-1,-1,-1
271,2,705.75,162.84,258.55,777.05,-1,-1,-1,-1
272,2,682.85,167.85,258.42,773.73,-1,-1,-1,-1
273,2,658.43,173.96,256.02,759.81,-1,-1,-1,-1
274,2,645.40,175.65,258.35,758.52,-1,-1,-1,-1
275,2,626.94,181.21,259.85,754.80,-1,-1,-1,-1
276,2,618.87,188.40,257.31,743.11,-1,-1,-1,-1
276,1,748.24,229.59,208.88,578.60,-1,-1,-1,-1
277,2,574.60,183.19,261.33,751.32,-1,-1,-1,-1
277,1,746.36,225.69,213.45,602.28,-1,-1,-1,-1
278,2,544.43,180.20,265.13,760.73,-1,-1,-1,-1
278,1,746.96,224.39,213.20,604.25,-1,-1,-1,-1
279,2,521.58,176.47,269.06,772.18,-1,-1,-1,-1
279,1,748.83,227.58,213.06,604.73,-1,-1,-1,-1
280,2,499.45,166.49,273.38,784.09,-1,-1,-1,-1
280,1,752.24,226.94,213.71,606.36,-1,-1,-1,-1
281,2,482.16,164.35,274.37,783.39,-1,-1,-1,-1
281,1,755.99,225.64,217.91,617.00,-1,-1,-1,-1
282,2,459.13,165.24,280.22,795.08,-1,-1,-1,-1
282,1,758.82,226.42,223.44,630.39,-1,-1,-1,-1
283,2,440.77,164.28,284.24,798.95,-1,-1,-1,-1
283,1,760.52,227.24,226.26,636.54,-1,-1,-1,-1
284,2,423.71,166.16,288.04,802.42,-1,-1,-1,-1
284,1,761.45,229.28,230.19,645.76,-1,-1,-1,-1
285,2,401.43,170.67,289.92,807.25,-1,-1,-1,-1
285,1,762.38,230.00,234.00,655.66,-1,-1,-1,-1
286,2,372.25,172.40,293.35,815.31,-1,-1,-1,-1
286,1,764.05,226.66,237.38,664.28,-1,-1,-1,-1
287,2,348.37,171.49,293.60,815.39,-1,-1,-1,-1
287,1,765.05,221.08,240.13,672.72,-1,-1,-1,-1
288,2,331.27,171.68,292.99,811.01,-1,-1,-1,-1
288,1,767.85,218.07,241.39,675.52,-1,-1,-1,-1
289,2,306.67,164.38,296.18,818.26,-1,-1,-1,-1
289,1,770.32,212.66,241.36,679.08,-1,-1,-1,-1
290,2,291.40,160.71,296.86,820.32,-1,-1,-1,-1
290,1,776.13,212.58,242.00,682.89,-1,-1,-1,-1
291,2,275.26,155.55,296.89,822.08,-1,-1,-1,-1
291,1,782.49,209.11,243.13,687.02,-1,-1,-1,-1
292,2,251.94,154.57,301.62,834.49,-1,-1,-1,-1
292,1,790.22,212.44,245.32,693.25,-1,-1,-1,-1
293,2,233.66,149.68,307.07,844.65,-1,-1,-1,-1
293,1,796.22,214.65,248.23,699.70,-1,-1,-1,-1
294,2,210.36,149.31,315.70,862.12,-1,-1,-1,-1
294,1,801.05,208.03,255.15,715.44,-1,-1,-1,-1
295,2,193.13,151.47,323.17,881.98,-1,-1,-1,-1
295,1,804.93,205.03,263.47,738.25,-1,-1,-1,-1
296,2,169.07,151.33,328.78,896.49,-1,-1,-1,-1
296,1,812.70,204.55,265.09,742.75,-1,-1,-1,-1
297,2,143.04,152.73,335.45,916.80,-1,-1,-1,-1
297,1,824.52,199.78,267.30,754.46,-1,-1,-1,-1
298,2,123.52,146.16,339.58,928.97,-1,-1,-1,-1
298,1,835.44,197.47,266.50,755.78,-1,-1,-1,-1
299,2,109.06,146.01,340.61,929.63,-1,-1,-1,-1
299,1,844.42,194.97,265.10,755.45,-1,-1,-1,-1
300,2,98.03,135.89,345.50,940.75,-1,-1,-1,-1
300,1,854.51,186.91,270.55,772.96,-1,-1,-1,-1
301,2,87.35,123.33,349.32,952.88,-1,-1,-1,-1
301,1,865.86,182.07,274.86,792.37,-1,-1,-1,-1
302,2,75.42,117.15,353.42,963.39,-1,-1,-1,-1
302,1,881.15,184.73,280.91,815.68,-1,-1,-1,-1
303,2,64.74,109.10,358.07,972.45,-1,-1,-1,-1
303,1,892.04,181.81,283.86,827.97,-1,-1,-1,-1
304,2,54.22,102.67,363.59,978.11,-1,-1,-1,-1
304,1,904.28,181.11,282.88,824.29,-1,-1,-1,-1
305,2,48.84,104.29,367.61,980.19,-1,-1,-1,-1
305,1,915.27,177.09,286.45,833.96,-1,-1,-1,-1
306,2,48.69,95.38,370.37,979.32,-1,-1,-1,-1
306,1,930.46,178.61,294.38,859.58,-1,-1,-1,-1
307,2,49.60,98.69,370.16,964.63,-1,-1,-1,-1
307,1,946.47,173.09,298.14,871.47,-1,-1,-1,-1
308,2,46.35,98.32,376.23,971.96,-1,-1,-1,-1
308,1,963.48,162.76,304.27,886.82,-1,-1,-1,-1
309,2,43.71,96.25,385.30,986.78,-1,-1,-1,-1
309,1,980.55,155.31,310.74,901.04,-1,-1,-1,-1
310,2,33.50,86.35,395.51,1006.96,-1,-1,-1,-1
310,1,993.81,147.81,319.66,922.70,-1,-1,-1,-1
311,2,34.50,76.87,391.70,992.70,-1,-1,-1,-1
311,1,1004.28,146.64,325.84,932.52,-1,-1,-1,-1
312,2,32.74,73.67,397.88,1007.46,-1,-1,-1,-1
312,1,1019.04,151.92,326.17,924.63,-1,-1,-1,-1
313,2,31.39,69.02,402.37,1015.95,-1,-1,-1,-1
313,1,1035.83,157.62,325.82,919.24,-1,-1,-1,-1
313,6,-6.59,253.28,143.87,602.43,-1,-1,-1,-1
314,2,21.12,52.87,405.40,1023.75,-1,-1,-1,-1
314,1,1046.45,155.58,330.76,924.44,-1,-1,-1,-1
315,2,16.90,46.30,409.33,1034.62,-1,-1,-1,-1
315,1,1051.80,146.00,332.85,925.71,-1,-1,-1,-1
316,2,27.72,37.74,400.62,1005.07,-1,-1,-1,-1
316,1,1050.87,139.95,340.25,939.34,-1,-1,-1,-1
317,2,24.17,50.31,409.24,1022.23,-1,-1,-1,-1
317,1,1066.10,137.11,341.63,946.29,-1,-1,-1,-1
318,2,33.55,41.43,416.08,1029.97,-1,-1,-1,-1
318,1,1075.11,132.34,344.51,956.76,-1,-1,-1,-1
319,2,33.39,40.30,423.51,1040.69,-1,-1,-1,-1
319,1,1077.99,127.56,347.04,964.99,-1,-1,-1,-1
320,2,31.39,23.65,427.57,1048.46,-1,-1,-1,-1
320,1,1078.41,129.34,345.26,961.83,-1,-1,-1,-1
321,2,38.05,28.22,430.11,1052.22,-1,-1,-1,-1
321,1,1073.65,139.03,340.23,948.91,-1,-1,-1,-1
322,2,63.26,34.33,428.58,1036.89,-1,-1,-1,-1
322,1,1064.77,135.98,342.74,959.16,-1,-1,-1,-1
323,2,77.46,25.14,443.35,1057.31,-1,-1,-1,-1
323,1,1061.00,138.65,333.16,932.34,-1,-1,-1,-1
324,2,96.02,15.80,440.08,1038.24,-1,-1,-1,-1
324,1,1055.57,137.60,334.33,940.01,-1,-1,-1,-1
325,2,123.99,18.73,448.21,1057.72,-1,-1,-1,-1
325,1,1054.13,137.00,327.14,924.97,-1,-1,-1,-1
326,2,147.83,11.28,436.49,1028.32,-1,-1,-1,-1
326,1,1052.70,134.46,323.12,917.02,-1,-1,-1,-1
327,2,170.69,9.82,431.46,1013.93,-1,-1,-1,-1
327,1,1055.86,134.83,314.11,894.18,-1,-1,-1,-1
328,2,215.15,14.41,426.12,998.09,-1,-1,-1,-1
328,1,1052.45,142.03,312.61,897.05,-1,-1,-1,-1
329,2,254.79,3.85,427.26,995.79,-1,-1,-1,-1
329,1,1047.92,146.51,310.43,901.97,-1,-1,-1,-1
330,2,287.57,0.04,431.14,998.29,-1,-1,-1,-1
330,1,1047.42,154.70,298.24,873.53,-1,-1,-1,-1
330,7,211.80,228.81,234.12,572.62,-1,-1,-1,-1
331,2,336.24,-1.25,438.32,1010.95,-1,-1,-1,-1
331,1,1043.22,155.74,292.82,861.00,-1,-1,-1,-1
331,7,242.01,226.17,236.47,578.61,-1,-1,-1,-1
332,2,378.40,-0.55,448.43,1037.34,-1,-1,-1,-1
332,1,1037.07,157.18,286.47,843.45,-1,-1,-1,-1
332,7,275.11,232.75,232.83,570.23,-1,-1,-1,-1
333,2,411.28,6.50,457.48,1068.72,-1,-1,-1,-1
333,1,1030.56,161.03,278.51,818.50,-1,-1,-1,-1
333,7,305.10,229.50,233.26,572.01,-1,-1,-1,-1
334,2,466.61,19.70,448.38,1061.61,-1,-1,-1,-1
334,1,1023.83,166.97,270.52,792.84,-1,-1,-1,-1
334,7,328.80,227.87,235.52,579.34,-1,-1,-1,-1
335,2,528.08,25.93,443.51,1059.24,-1,-1,-1,-1
335,1,1015.04,169.35,267.65,787.84,-1,-1,-1,-1
335,7,353.40,230.19,233.66,575.84,-1,-1,-1,-1
336,2,573.65,39.15,437.17,1053.58,-1,-1,-1,-1
336,1,1004.78,170.49,266.30,787.87,-1,-1,-1,-1
336,7,375.98,227.93,234.20,577.21,-1,-1,-1,-1
337,2,610.36,18.74,435.04,1061.66,-1,-1,-1,-1
337,1,996.01,174.40,262.12,781.26,-1,-1,-1,-1
337,7,401.17,227.42,231.86,571.37,-1,-1,-1,-1
338,2,637.97,9.00,430.60,1064.60,-1,-1,-1,-1
338,1,990.75,177.50,259.75,776.81,-1,-1,-1,-1
338,7,417.02,230.71,231.00,569.00,-1,-1,-1,-1
339,2,677.27,8.85,430.78,1070.41,-1,-1,-1,-1
339,1,982.09,175.29,258.78,774.67,-1,-1,-1,-1
339,7,431.99,227.46,232.45,571.81,-1,-1,-1,-1
340,2,720.90,13.97,420.13,1049.03,-1,-1,-1,-1
340,1,960.75,159.02,259.97,775.69,-1,-1,-1,-1
340,7,450.25,228.03,231.79,569.09,-1,-1,-1,-1
341,2,759.62,7.33,422.36,1060.55,-1,-1,-1,-1
341,7,474.89,231.55,230.17,564.47,-1,-1,-1,-1
342,2,797.74,9.03,433.10,1085.58,-1,-1,-1,-1
342,7,497.92,234.32,229.24,562.26,-1,-1,-1,-1
343,2,830.26,18.26,432.14,1086.56,-1,-1,-1,-1
343,7,519.99,235.79,226.48,556.97,-1,-1,-1,-1
344,2,877.76,29.88,423.29,1064.82,-1,-1,-1,-1
344,7,540.19,235.23,227.23,559.75,-1,-1,-1,-1
345,2,937.50,26.99,419.91,1061.60,-1,-1,-1,-1
345,7,561.14,229.70,226.66,560.92,-1,-1,-1,-1
345,1,871.67,176.26,249.44,738.75,-1,-1,-1,-1
346,2,997.33,14.01,408.11,1029.51,-1,-1,-1,-1
346,7,583.99,226.37,226.36,561.69,-1,-1,-1,-1
346,1,854.08,188.67,248.90,724.09,-1,-1,-1,-1
347,2,1037.81,19.58,410.50,1039.72,-1,-1,-1,-1
347,7,601.34,227.16,225.01,559.60,-1,-1,-1,-1
347,1,839.59,197.88,250.09,716.68,-1,-1,-1,-1
348,2,1060.03,24.81,415.47,1054.76,-1,-1,-1,-1
348,7,617.25,229.96,222.44,555.95,-1,-1,-1,-1
348,1,825.57,200.02,253.40,714.11,-1,-1,-1,-1
349,2,1106.53,16.74,399.25,1009.64,-1,-1,-1,-1
349,7,635.06,235.00,219.22,553.43,-1,-1,-1,-1
349,1,803.73,199.55,256.80,716.58,-1,-1,-1,-1
350,2,1129.53,7.23,401.98,1010.13,-1,-1,-1,-1
350,7,647.80,235.15,216.26,550.02,-1,-1,-1,-1
350,1,787.10,201.25,259.10,714.06,-1,-1,-1,-1
351,2,1167.65,1.94,409.48,1022.37,-1,-1,-1,-1
351,7,666.11,236.13,216.91,557.13,-1,-1,-1,-1
351,1,771.28,203.18,260.00,711.14,-1,-1,-1,-1
352,2,1197.17,6.99,413.47,1024.42,-1,-1,-1,-1
352,7,685.88,227.89,215.59,561.83,-1,-1,-1,-1
352,1,749.47,205.09,253.77,696.01,-1,-1,-1,-1
353,2,1226.26,31.01,430.18,1060.01,-1,-1,-1,-1
353,1,718.48,203.85,255.56,701.75,-1,-1,-1,-1
354,2,1256.55,27.42,434.03,1058.39,-1,-1,-1,-1
354,1,698.14,202.30,255.92,706.45,-1,-1,-1,-1
355,2,1293.75,12.73,441.61,1062.37,-1,-1,-1,-1
355,1,687.19,206.66,252.59,696.43,-1,-1,-1,-1
356,2,1333.70,18.57,445.12,1067.01,-1,-1,-1,-1
356,1,712.46,216.82,230.25,633.22,-1,-1,-1,-1
357,2,1373.03,6.41,440.36,1050.88,-1,-1,-1,-1
357,1,650.60,221.97,247.29,674.35,-1,-1,-1,-1
357,7,791.20,228.69,208.17,543.55,-1,-1,-1,-1
358,2,1416.68,1.77,441.66,1061.32,-1,-1,-1,-1
358,1,618.95,216.69,256.34,697.41,-1,-1,-1,-1
358,7,811.02,231.19,208.86,546.99,-1,-1,-1,-1
359,2,1443.85,0.08,422.35,1007.85,-1,-1,-1,-1
359,1,593.42,207.82,260.62,709.39,-1,-1,-1,-1
359,7,826.72,227.40,209.82,548.47,-1,-1,-1,-1
360,2,1458.01,1.33,414.33,983.12,-1,-1,-1,-1
360,1,566.65,203.99,264.02,716.90,-1,-1,-1,-1
360,7,846.57,229.32,208.42,542.95,-1,-1,-1,-1
361,2,1450.24,20.36,437.69,1029.14,-1,-1,-1,-1
361,1,544.43,197.87,263.75,715.27,-1,-1,-1,-1
361,7,866.82,228.15,208.22,545.19,-1,-1,-1,-1
362,2,1450.21,22.70,447.98,1045.94,-1,-1,-1,-1
362,1,528.78,198.35,264.53,716.02,-1,-1,-1,-1
362,7,878.80,229.62,206.47,542.33,-1,-1,-1,-1
363,2,1472.36,32.95,428.37,996.12,-1,-1,-1,-1
363,1,507.99,197.97,267.97,721.43,-1,-1,-1,-1
363,7,893.06,224.60,205.89,544.57,-1,-1,-1,-1
364,2,1469.93,36.42,429.82,999.84,-1,-1,-1,-1
364,1,490.32,197.78,271.07,725.60,-1,-1,-1,-1
364,7,909.79,222.52,207.34,552.90,-1,-1,-1,-1
365,2,1469.00,40.45,431.67,1005.58,-1,-1,-1,-1
365,1,471.47,201.09,271.48,721.34,-1,-1,-1,-1
365,7,924.65,219.79,206.58,551.48,-1,-1,-1,-1
366,2,1451.74,28.59,443.17,1033.32,-1,-1,-1,-1
366,1,456.45,204.80,272.33,719.52,-1,-1,-1,-1
366,7,939.96,216.77,208.84,555.94,-1,-1,-1,-1
367,2,1459.46,53.11,440.20,1029.22,-1,-1,-1,-1
367,1,433.31,203.43,276.48,727.00,-1,-1,-1,-1
367,7,961.78,213.92,209.89,555.54,-1,-1,-1,-1
368,2,1463.56,67.02,438.05,1028.95,-1,-1,-1,-1
368,1,414.96,198.67,281.26,739.55,-1,-1,-1,-1
368,7,978.76,216.43,210.72,555.41,-1,-1,-1,-1
369,2,1468.88,48.63,421.18,992.75,-1,-1,-1,-1
369,1,397.18,197.87,284.61,750.19,-1,-1,-1,-1
369,7,991.90,216.45,211.41,555.51,-1,-1,-1,-1
370,2,1473.22,59.17,421.71,1005.04,-1,-1,-1,-1
370,1,376.29,193.26,291.96,776.61,-1,-1,-1,-1
370,7,1005.85,213.73,213.23,560.52,-1,-1,-1,-1
371,2,1471.65,67.44,413.79,1000.89,-1,-1,-1,-1
371,1,359.79,186.94,297.12,796.19,-1,-1,-1,-1
371,7,1026.35,217.26,211.93,558.90,-1,-1,-1,-1
372,2,1472.80,80.71,401.31,989.31,-1,-1,-1,-1
372,1,343.89,184.90,299.66,807.34,-1,-1,-1,-1
372,7,1044.93,218.07,210.95,559.83,-1,-1,-1,-1
373,2,1469.24,86.40,384.98,964.97,-1,-1,-1,-1
373,1,331.76,188.03,299.67,811.06,-1,-1,-1,-1
373,7,1060.93,212.80,213.22,570.75,-1,-1,-1,-1
374,2,1465.97,87.10,373.19,949.69,-1,-1,-1,-1
374,1,324.50,190.01,301.42,817.12,-1,-1,-1,-1
374,7,1072.11,209.76,212.75,571.64,-1,-1,-1,-1
375,2,1468.79,81.38,366.26,947.34,-1,-1,-1,-1
375,1,313.38,190.12,304.45,825.95,-1,-1,-1,-1
375,7,1088.60,206.98,212.64,571.64,-1,-1,-1,-1
376,2,1470.07,82.09,358.74,933.81,-1,-1,-1,-1
376,1,307.16,188.27,306.70,831.15,-1,-1,-1,-1
376,7,1107.03,206.09,215.04,575.88,-1,-1,-1,-1
377,2,1451.31,82.15,357.56,936.77,-1,-1,-1,-1
377,1,300.46,184.77,309.04,835.66,-1,-1,-1,-1
377,7,1120.87,207.82,215.86,574.08,-1,-1,-1,-1
378,2,1430.86,85.38,351.18,927.05,-1,-1,-1,-1
378,1,298.36,181.29,310.51,838.90,-1,-1,-1,-1
378,7,1132.95,207.34,217.99,577.41,-1,-1,-1,-1
379,2,1410.30,95.56,346.00,913.63,-1,-1,-1,-1
379,1,298.51,177.73,312.30,842.15,-1,-1,-1,-1
379,7,1145.54,205.50,218.89,580.20,-1,-1,-1,-1
380,2,1389.09,106.12,339.96,901.06,-1,-1,-1,-1
380,1,297.91,174.96,319.84,862.47,-1,-1,-1,-1
380,7,1160.55,206.03,218.92,581.75,-1,-1,-1,-1
381,2,1369.53,110.19,334.58,897.76,-1,-1,-1,-1
381,1,299.39,172.92,326.51,880.16,-1,-1,-1,-1
381,7,1174.00,203.28,219.89,586.96,-1,-1,-1,-1
382,2,1355.02,104.85,330.42,900.56,-1,-1,-1,-1
382,1,300.87,171.35,330.24,890.00,-1,-1,-1,-1
382,7,1182.70,197.82,221.25,594.05,-1,-1,-1,-1
383,2,1335.57,110.18,323.35,896.38,-1,-1,-1,-1
383,1,302.00,165.50,335.15,903.40,-1,-1,-1,-1
383,7,1194.75,194.38,223.29,604.45,-1,-1,-1,-1
384,2,1316.75,123.10,313.34,880.95,-1,-1,-1,-1
384,1,306.99,165.32,339.25,911.74,-1,-1,-1,-1
384,7,1207.85,189.83,223.14,608.81,-1,-1,-1,-1
385,2,1299.45,128.83,302.89,865.79,-1,-1,-1,-1
385,1,313.31,161.38,345.54,929.53,-1,-1,-1,-1
385,7,1221.82,192.83,219.27,601.90,-1,-1,-1,-1
386,2,1262.74,137.98,294.20,839.31,-1,-1,-1,-1
386,1,320.12,153.31,348.21,936.44,-1,-1,-1,-1
387,2,1243.46,137.49,291.95,835.66,-1,-1,-1,-1
387,1,334.85,143.03,353.73,949.37,-1,-1,-1,-1
388,2,1227.58,131.32,294.37,843.47,-1,-1,-1,-1
388,1,353.61,134.59,355.51,947.70,-1,-1,-1,-1
389,2,1202.02,125.29,294.11,839.12,-1,-1,-1,-1
389,1,373.85,134.60,359.39,954.22,-1,-1,-1,-1
390,2,1188.80,132.03,291.90,828.00,-1,-1,-1,-1
390,1,392.40,133.42,362.97,959.62,-1,-1,-1,-1
391,2,1171.95,151.48,286.44,813.03,-1,-1,-1,-1
391,1,415.09,139.23,365.85,963.51,-1,-1,-1,-1
392,2,1132.46,150.25,283.06,811.17,-1,-1,-1,-1
392,1,438.96,130.55,367.99,968.84,-1,-1,-1,-1
392,7,1301.49,196.24,240.21,664.52,-1,-1,-1,-1
393,2,1115.14,152.02,278.15,805.01,-1,-1,-1,-1
393,1,454.26,124.96,370.11,974.78,-1,-1,-1,-1
393,7,1306.87,194.56,241.18,669.49,-1,-1,-1,-1
394,2,1089.51,144.10,277.09,811.75,-1,-1,-1,-1
394,1,482.54,123.32,368.88,974.03,-1,-1,-1,-1
394,7,1312.33,190.60,241.81,671.58,-1,-1,-1,-1
395,2,1067.04,134.24,275.37,819.87,-1,-1,-1,-1
395,1,510.29,115.78,364.60,964.74,-1,-1,-1,-1
395,7,1316.32,187.10,246.70,686.93,-1,-1,-1,-1
396,2,1042.60,123.20,275.57,827.43,-1,-1,-1,-1
396,1,540.05,111.40,365.88,970.74,-1,-1,-1,-1
396,7,1317.95,183.52,252.63,703.53,-1,-1,-1,-1
397,2,1025.97,125.30,270.64,819.06,-1,-1,-1,-1
397,1,574.69,113.17,364.79,970.15,-1,-1,-1,-1
397,7,1319.69,181.33,257.24,717.98,-1,-1,-1,-1
398,2,1013.32,128.82,268.92,815.37,-1,-1,-1,-1
398,1,591.74,113.63,366.22,975.55,-1,-1,-1,-1
398,7,1322.95,180.04,258.32,722.96,-1,-1,-1,-1
399,2,995.26,131.77,269.93,816.90,-1,-1,-1,-1
399,1,617.96,106.75,367.78,977.78,-1,-1,-1,-1
399,7,1326.17,178.85,260.84,732.00,-1,-1,-1,-1
400,2,979.73,136.12,269.92,814.06,-1,-1,-1,-1
400,1,643.28,116.82,368.85,980.07,-1,-1,-1,-1
400,7,1326.12,176.58,263.46,740.03,-1,-1,-1,-1
401,2,957.83,144.39,270.52,820.83,-1,-1,-1,-1
401,1,674.27,114.67,369.23,989.29,-1,-1,-1,-1
401,7,1325.98,173.39,265.20,747.49,-1,-1,-1,-1
402,2,915.99,152.37,266.19,810.71,-1,-1,-1,-1
402,1,712.99,110.24,359.80,978.12,-1,-1,-1,-1
402,7,1325.54,170.77,265.39,750.88,-1,-1,-1,-1
403,1,763.27,118.19,347.78,949.15,-1,-1,-1,-1
403,7,1323.07,166.71,265.86,755.67,-1,-1,-1,-1
404,1,789.67,119.31,348.40,949.40,-1,-1,-1,-1
404,7,1321.68,165.37,265.43,758.14,-1,-1,-1,-1
405,1,815.67,118.75,347.96,943.51,-1,-1,-1,-1
405,7,1319.59,158.83,268.07,769.55,-1,-1,-1,-1
406,1,836.49,120.19,340.15,917.34,-1,-1,-1,-1
406,7,1314.89,155.77,267.90,772.24,-1,-1,-1,-1
407,1,851.23,122.60,352.93,943.17,-1,-1,-1,-1
407,7,1306.12,155.66,267.48,769.12,-1,-1,-1,-1
408,1,837.20,133.59,325.27,867.66,-1,-1,-1,-1
408,7,1294.33,157.97,268.72,768.58,-1,-1,-1,-1
409,1,817.20,137.25,311.76,832.28,-1,-1,-1,-1
409,7,1284.99,161.52,267.80,761.74,-1,-1,-1,-1
410,1,882.22,127.87,346.38,916.81,-1,-1,-1,-1
410,7,1274.19,164.28,268.04,760.00,-1,-1,-1,-1
410,2,751.53,149.76,264.61,798.89,-1,-1,-1,-1
411,1,915.72,124.60,358.92,947.18,-1,-1,-1,-1
411,7,1263.81,164.75,269.31,764.92,-1,-1,-1,-1
411,2,735.77,150.09,264.94,799.16,-1,-1,-1,-1
412,1,940.31,122.97,363.30,961.61,-1,-1,-1,-1
412,7,1250.33,165.08,268.86,765.67,-1,-1,-1,-1
412,2,708.90,154.25,266.80,808.25,-1,-1,-1,-1
413,1,958.02,112.14,369.42,974.21,-1,-1,-1,-1
413,7,1236.24,166.46,266.00,761.96,-1,-1,-1,-1
413,2,681.71,164.94,263.82,801.75,-1,-1,-1,-1
414,1,966.94,112.50,371.18,975.75,-1,-1,-1,-1
414,7,1226.47,165.65,265.07,765.38,-1,-1,-1,-1
414,2,660.76,168.88,260.52,795.70,-1,-1,-1,-1
415,1,984.30,111.48,373.11,979.64,-1,-1,-1,-1
415,7,1203.89,163.56,262.18,762.92,-1,-1,-1,-1
415,2,644.46,165.64,258.61,789.92,-1,-1,-1,-1
416,1,994.22,108.78,372.26,978.38,-1,-1,-1,-1
416,7,1185.72,171.31,251.85,739.00,-1,-1,-1,-1
416,2,619.41,160.08,259.74,791.64,-1,-1,-1,-1
417,1,1000.80,110.50,370.04,977.16,-1,-1,-1,-1
417,7,1170.38,186.24,243.87,718.52,-1,-1,-1,-1
417,2,594.52,152.51,263.58,798.79,-1,-1,-1,-1
418,1,1034.55,121.26,351.08,930.70,-1,-1,-1,-1
418,2,573.59,153.93,266.85,798.53,-1,-1,-1,-1
419,1,1024.62,126.10,349.93,928.58,-1,-1,-1,-1
419,2,546.81,155.75,273.37,803.90,-1,-1,-1,-1
420,1,1019.51,123.40,356.29,946.98,-1,-1,-1,-1
420,2,519.10,155.15,284.47,824.49,-1,-1,-1,-1
421,1,1024.31,120.43,360.23,960.03,-1,-1,-1,-1
421,2,494.85,152.84,291.77,840.20,-1,-1,-1,-1
422,1,1030.76,113.28,364.01,970.12,-1,-1,-1,-1
422,2,472.08,153.59,296.40,850.45,-1,-1,-1,-1
423,2,449.19,155.01,296.38,847.35,-1,-1,-1,-1
424,2,423.25,154.94,298.09,854.78,-1,-1,-1,-1
424,1,1050.30,120.13,366.62,974.14,-1,-1,-1,-1
425,2,389.64,152.54,298.52,853.03,-1,-1,-1,-1
425,1,1048.05,134.31,341.62,911.83,-1,-1,-1,-1
426,2,363.61,152.70,300.72,852.45,-1,-1,-1,-1
426,1,1039.21,147.44,326.39,877.23,-1,-1,-1,-1
427,2,344.44,153.99,302.51,847.26,-1,-1,-1,-1
427,1,1092.56,142.25,346.30,926.95,-1,-1,-1,-1
428,2,324.72,160.91,303.87,841.20,-1,-1,-1,-1
428,1,1125.78,131.02,348.21,928.76,-1,-1,-1,-1
428,11,954.20,161.68,278.42,795.98,-1,-1,-1,-1
429,2,303.00,166.76,303.40,830.97,-1,-1,-1,-1
429,1,1142.76,124.43,349.69,932.35,-1,-1,-1,-1
429,11,941.83,164.86,276.04,788.87,-1,-1,-1,-1
430,2,285.80,172.64,302.49,822.06,-1,-1,-1,-1
430,1,1149.71,121.47,354.90,950.70,-1,-1,-1,-1
430,11,925.89,164.43,277.62,793.17,-1,-1,-1,-1
431,2,267.86,181.57,298.87,809.20,-1,-1,-1,-1
431,1,1160.14,130.29,350.37,948.31,-1,-1,-1,-1
431,11,909.62,164.38,276.90,791.59,-1,-1,-1,-1
432,2,249.36,185.87,295.38,792.34,-1,-1,-1,-1
432,1,1170.63,140.38,347.04,949.36,-1,-1,-1,-1
432,11,891.91,166.90,274.46,786.79,-1,-1,-1,-1
433,2,231.77,191.09,292.53,780.30,-1,-1,-1,-1
433,1,1174.85,152.46,340.11,938.50,-1,-1,-1,-1
433,11,871.97,166.63,272.34,781.49,-1,-1,-1,-1
434,2,218.16,188.18,293.98,776.97,-1,-1,-1,-1
434,1,1175.53,162.86,329.06,914.77,-1,-1,-1,-1
434,11,847.32,168.12,269.63,774.42,-1,-1,-1,-1
435,2,208.45,185.68,296.75,776.88,-1,-1,-1,-1
435,1,1179.96,169.64,314.39,877.31,-1,-1,-1,-1
435,11,826.23,168.84,271.77,782.63,-1,-1,-1,-1
436,2,199.57,179.68,300.42,779.05,-1,-1,-1,-1
436,1,1176.81,172.25,304.98,855.65,-1,-1,-1,-1
436,11,801.85,163.64,273.32,786.67,-1,-1,-1,-1
437,2,192.93,169.91,300.77,776.49,-1,-1,-1,-1
437,1,1173.19,168.56,298.42,840.05,-1,-1,-1,-1
437,11,783.94,168.41,271.35,779.68,-1,-1,-1,-1
438,2,189.74,170.79,299.34,773.73,-1,-1,-1,-1
438,1,1167.99,162.10,294.65,828.48,-1,-1,-1,-1
438,11,763.17,169.82,268.41,767.52,-1,-1,-1,-1
439,2,192.65,183.08,294.47,764.68,-1,-1,-1,-1
439,1,1157.91,160.55,292.43,818.83,-1,-1,-1,-1
439,11,743.23,168.69,269.50,767.89,-1,-1,-1,-1
440,2,209.01,195.92,284.42,743.47,-1,-1,-1,-1
440,1,1147.65,159.09,291.36,818.67,-1,-1,-1,-1
440,11,729.80,174.40,268.99,768.17,-1,-1,-1,-1
441,2,223.52,205.16,271.29,715.41,-1,-1,-1,-1
441,1,1141.90,155.57,290.93,823.51,-1,-1,-1,-1
441,11,713.69,176.97,268.52,770.90,-1,-1,-1,-1
442,2,243.71,212.39,252.94,672.77,-1,-1,-1,-1
442,1,1132.58,150.91,287.90,825.05,-1,-1,-1,-1
442,11,694.13,180.19,266.06,768.61,-1,-1,-1,-1
443,2,257.77,213.30,246.31,655.67,-1,-1,-1,-1
443,1,1132.24,160.34,278.09,808.78,-1,-1,-1,-1
443,11,676.30,179.12,263.32,767.12,-1,-1,-1,-1
444,2,264.19,210.09,244.58,653.43,-1,-1,-1,-1
444,1,1131.66,169.46,268.74,791.53,-1,-1,-1,-1
444,11,663.54,181.33,260.42,762.91,-1,-1,-1,-1
445,2,273.52,206.33,244.68,658.43,-1,-1,-1,-1
445,1,1127.42,180.76,258.94,771.06,-1,-1,-1,-1
445,11,639.64,179.56,258.72,761.34,-1,-1,-1,-1
446,2,283.17,200.25,242.05,657.98,-1,-1,-1,-1
446,1,1118.62,185.63,253.26,757.72,-1,-1,-1,-1
446,11,611.76,174.96,259.27,767.60,-1,-1,-1,-1
447,2,293.89,199.79,242.30,662.83,-1,-1,-1,-1
447,1,1101.19,187.82,245.58,737.06,-1,-1,-1,-1
447,11,583.94,166.49,262.17,775.26,-1,-1,-1,-1
448,2,310.24,198.34,239.15,655.78,-1,-1,-1,-1
448,1,1092.16,193.04,235.67,705.59,-1,-1,-1,-1
448,11,565.94,166.98,263.30,773.40,-1,-1,-1,-1
449,2,327.36,204.97,233.74,641.61,-1,-1,-1,-1
449,1,1086.35,197.90,230.92,689.93,-1,-1,-1,-1
449,11,547.23,171.34,265.51,771.55,-1,-1,-1,-1
450,2,346.87,209.75,228.97,628.21,-1,-1,-1,-1
450,1,1081.69,200.28,228.33,683.48,-1,-1,-1,-1
450,11,527.81,174.71,268.11,769.27,-1,-1,-1,-1
451,2,368.28,215.32,220.55,604.59,-1,-1,-1,-1
451,1,1075.05,202.31,225.77,675.44,-1,-1,-1,-1
451,11,508.51,174.46,272.64,776.07,-1,-1,-1,-1
452,2,385.38,215.21,219.23,604.05,-1,-1,-1,-1
452,1,1070.47,203.89,225.02,670.60,-1,-1,-1,-1
452,11,494.07,176.52,273.67,772.29,-1,-1,-1,-1
453,1,1064.95,205.42,223.95,666.29,-1,-1,-1,-1
453,11,462.70,194.58,258.19,724.43,-1,-1,-1,-1
454,1,1055.69,213.26,219.71,651.47,-1,-1,-1,-1
454,11,437.19,187.13,270.59,753.13,-1,-1,-1,-1
455,1,1044.49,214.52,217.34,641.31,-1,-1,-1,-1
455,11,414.35,183.87,278.20,769.65,-1,-1,-1,-1
456,1,1030.89,214.21,217.00,639.20,-1,-1,-1,-1
456,11,383.62,182.15,284.89,784.87,-1,-1,-1,-1
457,1,1024.53,216.66,213.39,630.79,-1,-1,-1,-1
457,11,354.90,181.24,288.64,789.80,-1,-1,-1,-1
457,2,474.73,195.67,205.24,564.92,-1,-1,-1,-1
458,1,1019.45,218.95,211.22,626.08,-1,-1,-1,-1
458,11,331.41,182.48,293.63,796.97,-1,-1,-1,-1
458,2,477.98,201.89,209.82,575.91,-1,-1,-1,-1
459,1,1015.86,227.24,206.31,611.57,-1,-1,-1,-1
459,11,304.81,178.38,300.21,806.66,-1,-1,-1,-1
459,2,504.54,204.47,209.07,569.22,-1,-1,-1,-1
460,1,1013.67,236.93,201.76,595.35,-1,-1,-1,-1
460,11,282.83,180.68,302.88,806.86,-1,-1,-1,-1
460,2,522.21,217.77,210.61,569.05,-1,-1,-1,-1
461,1,1012.10,240.96,199.08,584.11,-1,-1,-1,-1
461,11,255.24,179.71,310.19,821.18,-1,-1,-1,-1
461,2,539.95,223.05,214.26,575.82,-1,-1,-1,-1
462,1,1008.52,238.24,198.69,581.37,-1,-1,-1,-1
462,11,228.72,175.94,312.42,824.74,-1,-1,-1,-1
462,2,561.43,228.22,211.45,565.78,-1,-1,-1,-1
463,1,1002.74,231.15,198.59,583.90,-1,-1,-1,-1
463,11,204.73,183.29,315.43,829.20,-1,-1,-1,-1
463,2,581.61,230.30,209.75,558.76,-1,-1,-1,-1
464,1,999.14,226.41,199.07,587.65,-1,-1,-1,-1
464,11,188.34,181.35,316.80,832.26,-1,-1,-1,-1
464,2,591.43,228.26,211.47,560.49,-1,-1,-1,-1
465,1,993.91,223.60,200.16,597.27,-1,-1,-1,-1
465,11,164.35,176.34,316.32,833.47,-1,-1,-1,-1
465,2,599.54,225.15,217.22,573.29,-1,-1,-1,-1
466,1,987.96,221.95,201.04,602.98,-1,-1,-1,-1
466,11,137.57,175.17,318.00,844.90,-1,-1,-1,-1
466,2,613.63,228.21,217.77,572.06,-1,-1,-1,-1
467,1,977.28,221.68,202.96,606.92,-1,-1,-1,-1
467,11,113.76,170.71,318.50,859.70,-1,-1,-1,-1
467,2,633.33,225.53,218.67,574.65,-1,-1,-1,-1
468,1,971.75,221.34,206.24,612.58,-1,-1,-1,-1
468,11,93.25,159.96,316.67,860.59,-1,-1,-1,-1
468,2,648.09,223.53,216.97,570.49,-1,-1,-1,-1
469,1,967.59,221.69,208.87,617.21,-1,-1,-1,-1
469,11,74.38,158.00,322.25,882.27,-1,-1,-1,-1
469,2,666.31,229.93,212.72,566.79,-1,-1,-1,-1
470,1,963.25,218.90,211.39,620.74,-1,-1,-1,-1
470,11,64.44,154.91,324.69,893.05,-1,-1,-1,-1
470,2,678.46,232.71,208.48,562.28,-1,-1,-1,-1
471,1,958.18,215.92,214.94,626.85,-1,-1,-1,-1
471,11,49.50,150.25,329.92,904.21,-1,-1,-1,-1
471,2,694.21,236.78,203.00,551.28,-1,-1,-1,-1
472,1,947.96,218.41,217.08,628.90,-1,-1,-1,-1
472,11,30.05,150.44,331.87,900.31,-1,-1,-1,-1
472,2,707.06,232.63,201.35,551.90,-1,-1,-1,-1
473,1,935.65,217.01,218.91,631.56,-1,-1,-1,-1
473,11,14.67,146.74,335.46,901.93,-1,-1,-1,-1
473,2,726.20,228.10,200.85,554.57,-1,-1,-1,-1
474,1,925.05,215.10,220.80,633.27,-1,-1,-1,-1
474,11,5.21,142.58,338.08,902.53,-1,-1,-1,-1
474,2,738.32,223.30,200.49,557.38,-1,-1,-1,-1
475,1,913.88,214.42,224.41,641.62,-1,-1,-1,-1
475,11,-2.64,136.71,342.51,912.52,-1,-1,-1,-1
475,2,753.07,220.52,198.10,553.67,-1,-1,-1,-1
476,1,905.49,211.96,228.14,653.43,-1,-1,-1,-1
476,11,-11.71,132.32,350.60,938.29,-1,-1,-1,-1
476,2,762.21,219.94,198.98,559.32,-1,-1,-1,-1
477,1,899.67,211.26,232.80,671.99,-1,-1,-1,-1
477,11,-15.28,124.92,354.25,952.89,-1,-1,-1,-1
477,2,772.99,224.42,197.19,556.47,-1,-1,-1,-1
478,1,890.51,211.82,236.64,688.04,-1,-1,-1,-1
478,11,-19.07,122.81,353.13,957.56,-1,-1,-1,-1
478,2,789.18,226.09,193.14,545.78,-1,-1,-1,-1
479,1,880.58,211.35,236.07,689.72,-1,-1,-1,-1
479,11,-19.04,120.71,351.10,958.91,-1,-1,-1,-1
479,2,804.44,225.52,188.89,532.67,-1,-1,-1,-1
480,1,867.96,211.38,235.55,686.07,-1,-1,-1,-1
480,11,-17.34,124.24,349.32,959.88,-1,-1,-1,-1
480,2,813.52,231.36,189.35,535.51,-1,-1,-1,-1
481,1,856.54,207.18,238.05,693.98,-1,-1,-1,-1
481,11,-15.22,125.77,348.74,963.18,-1,-1,-1,-1
482,1,850.47,203.69,240.89,701.86,-1,-1,-1,-1
482,11,-11.53,128.68,348.72,965.68,-1,-1,-1,-1
483,1,843.43,197.25,249.43,728.31,-1,-1,-1,-1
483,11,-5.98,124.62,351.33,971.92,-1,-1,-1,-1
484,1,835.09,190.90,260.42,762.87,-1,-1,-1,-1
484,11,-0.26,116.84,350.73,967.12,-1,-1,-1,-1
485,1,826.42,189.94,267.71,783.87,-1,-1,-1,-1
485,11,7.21,107.96,359.11,982.75,-1,-1,-1,-1
486,1,824.39,196.15,266.06,776.97,-1,-1,-1,-1
486,11,20.74,98.28,361.31,980.55,-1,-1,-1,-1
487,1,824.54,202.09,261.57,760.59,-1,-1,-1,-1
487,11,26.97,100.22,370.91,997.12,-1,-1,-1,-1
488,1,819.46,202.86,264.23,767.54,-1,-1,-1,-1
488,11,37.73,96.31,371.05,989.96,-1,-1,-1,-1
488,2,939.24,205.57,192.42,546.21,-1,-1,-1,-1
489,1,859.89,210.53,244.55,711.72,-1,-1,-1,-1
489,11,51.94,91.69,378.39,1002.30,-1,-1,-1,-1
490,1,824.14,192.66,267.68,778.79,-1,-1,-1,-1
490,11,73.52,94.32,376.59,986.79,-1,-1,-1,-1
490,2,976.80,213.54,194.59,547.36,-1,-1,-1,-1
491,1,804.31,183.58,277.67,804.72,-1,-1,-1,-1
491,11,89.75,91.38,384.43,995.95,-1,-1,-1,-1
491,2,991.27,216.71,197.73,549.17,-1,-1,-1,-1
492,1,785.71,182.13,281.39,811.45,-1,-1,-1,-1
492,11,109.54,96.59,389.74,1000.24,-1,-1,-1,-1
492,2,1005.86,219.66,201.23,551.88,-1,-1,-1,-1
493,1,767.51,179.32,283.96,818.38,-1,-1,-1,-1
493,11,126.87,99.42,386.51,984.74,-1,-1,-1,-1
493,2,1014.96,218.01,203.93,555.33,-1,-1,-1,-1
494,1,745.97,177.29,287.90,823.16,-1,-1,-1,-1
494,11,146.73,91.75,393.82,998.43,-1,-1,-1,-1
494,2,1028.69,217.12,205.51,555.45,-1,-1,-1,-1
495,1,729.68,179.00,289.97,822.60,-1,-1,-1,-1
495,11,168.75,98.18,390.60,983.65,-1,-1,-1,-1
495,2,1039.90,213.67,207.44,555.69,-1,-1,-1,-1
496,1,708.54,183.56,295.08,832.47,-1,-1,-1,-1
496,11,188.83,102.86,391.22,979.48,-1,-1,-1,-1
496,2,1046.66,210.48,208.23,553.53,-1,-1,-1,-1
497,1,691.20,183.53,294.64,825.59,-1,-1,-1,-1
497,11,220.20,95.48,396.18,984.48,-1,-1,-1,-1
497,2,1053.00,207.47,210.51,555.90,-1,-1,-1,-1
498,1,670.05,185.34,294.21,820.64,-1,-1,-1,-1
498,11,246.37,71.06,406.16,999.75,-1,-1,-1,-1
498,2,1056.24,210.48,214.95,564.02,-1,-1,-1,-1
499,1,654.21,185.75,292.97,816.11,-1,-1,-1,-1
499,11,265.09,68.09,410.33,994.23,-1,-1,-1,-1
499,2,1060.47,215.29,220.23,575.50,-1,-1,-1,-1
500,1,635.28,186.27,293.64,820.03,-1,-1,-1,-1
500,11,287.85,81.75,413.26,988.42,-1,-1,-1,-1
500,2,1072.41,222.39,220.69,575.21,-1,-1,-1,-1
501,1,625.65,187.11,291.81,819.11,-1,-1,-1,-1
501,11,311.42,79.03,421.43,993.63,-1,-1,-1,-1
501,2,1082.64,220.99,222.94,583.25,-1,-1,-1,-1
502,1,619.14,186.35,287.99,816.55,-1,-1,-1,-1
502,11,341.53,74.90,429.55,1003.50,-1,-1,-1,-1
502,2,1093.80,217.28,223.56,587.22,-1,-1,-1,-1
503,1,611.08,195.47,289.61,829.11,-1,-1,-1,-1
503,11,388.88,72.88,439.23,1021.05,-1,-1,-1,-1
503,2,1106.99,202.83,227.47,602.86,-1,-1,-1,-1
504,11,436.25,63.37,431.11,993.23,-1,-1,-1,-1
504,2,1123.96,191.16,228.33,609.18,-1,-1,-1,-1
505,11,482.58,78.16,433.26,994.09,-1,-1,-1,-1
505,2,1133.76,184.74,227.87,612.50,-1,-1,-1,-1
506,11,509.80,75.64,435.95,996.08,-1,-1,-1,-1
506,2,1137.85,181.17,227.38,615.63,-1,-1,-1,-1
507,11,530.00,63.77,446.24,1020.31,-1,-1,-1,-1
507,2,1145.44,183.57,224.28,608.35,-1,-1,-1,-1
508,11,579.74,71.12,437.49,1009.33,-1,-1,-1,-1
508,2,1156.50,182.20,226.22,614.59,-1,-1,-1,-1
508,1,505.14,176.79,283.08,807.76,-1,-1,-1,-1
509,11,614.05,62.15,435.16,1020.66,-1,-1,-1,-1
509,2,1169.90,189.75,224.10,608.85,-1,-1,-1,-1
509,1,485.06,185.08,287.49,819.25,-1,-1,-1,-1
510,11,646.16,53.34,435.91,1038.24,-1,-1,-1,-1
510,2,1183.01,190.98,222.58,605.37,-1,-1,-1,-1
510,1,464.70,185.71,291.36,832.21,-1,-1,-1,-1
511,11,682.42,60.29,426.42,1033.59,-1,-1,-1,-1
511,2,1196.88,191.29,222.23,608.35,-1,-1,-1,-1
511,1,440.10,180.91,298.18,862.76,-1,-1,-1,-1
512,11,717.35,70.12,418.84,1027.67,-1,-1,-1,-1
512,2,1213.61,191.55,223.13,611.64,-1,-1,-1,-1
512,1,422.86,177.07,300.20,875.97,-1,-1,-1,-1
513,11,757.93,61.62,416.58,1028.84,-1,-1,-1,-1
513,2,1231.64,191.23,224.30,615.55,-1,-1,-1,-1
513,1,400.83,178.72,303.55,885.68,-1,-1,-1,-1
514,11,805.55,64.81,414.34,1025.39,-1,-1,-1,-1
514,2,1250.17,185.64,227.33,620.71,-1,-1,-1,-1
514,1,383.38,176.20,307.90,893.12,-1,-1,-1,-1
515,11,832.94,68.28,414.33,1025.46,-1,-1,-1,-1
515,2,1262.41,181.74,230.88,626.30,-1,-1,-1,-1
515,1,373.33,175.73,310.22,893.93,-1,-1,-1,-1
516,11,860.81,69.71,414.52,1025.95,-1,-1,-1,-1
516,2,1279.00,181.08,234.65,629.01,-1,-1,-1,-1
516,1,361.78,171.05,313.33,890.13,-1,-1,-1,-1
517,11,891.25,67.06,414.45,1026.86,-1,-1,-1,-1
517,2,1295.84,179.28,240.48,641.40,-1,-1,-1,-1
517,1,351.46,171.86,317.17,893.78,-1,-1,-1,-1
518,11,922.94,62.61,413.50,1026.31,-1,-1,-1,-1
518,2,1310.15,179.45,247.07,658.81,-1,-1,-1,-1
518,1,341.44,165.42,321.09,892.61,-1,-1,-1,-1
519,11,950.33,63.69,409.73,1014.94,-1,-1,-1,-1
519,2,1326.35,177.22,247.91,662.41,-1,-1,-1,-1
519,1,330.37,150.23,333.23,916.62,-1,-1,-1,-1
520,11,975.85,62.04,410.70,1019.74,-1,-1,-1,-1
520,2,1344.35,177.23,249.64,667.73,-1,-1,-1,-1
520,1,326.52,143.25,340.26,926.26,-1,-1,-1,-1
521,11,1004.27,58.01,409.95,1021.19,-1,-1,-1,-1
521,2,1353.57,174.19,252.93,676.56,-1,-1,-1,-1
521,1,326.92,141.84,347.11,934.23,-1,-1,-1,-1
522,11,1031.85,64.97,407.01,1017.98,-1,-1,-1,-1
522,2,1358.02,163.41,255.45,686.46,-1,-1,-1,-1
522,1,333.67,140.71,352.29,938.60,-1,-1,-1,-1
523,11,1058.43,74.90,400.18,1005.72,-1,-1,-1,-1
523,2,1360.06,158.66,255.24,691.23,-1,-1,-1,-1
523,1,346.88,138.20,358.20,940.61,-1,-1,-1,-1
524,11,1073.94,75.22,398.60,999.68,-1,-1,-1,-1
524,2,1360.45,156.60,254.57,695.17,-1,-1,-1,-1
524,1,355.73,138.84,361.58,940.29,-1,-1,-1,-1
525,11,1105.29,80.07,398.88,1001.37,-1,-1,-1,-1
525,2,1353.66,156.98,255.95,707.07,-1,-1,-1,-1
525,1,364.77,142.48,364.46,942.24,-1,-1,-1,-1
526,11,1145.99,87.32,392.95,986.82,-1,-1,-1,-1
526,2,1371.00,197.11,238.88,662.58,-1,-1,-1,-1
526,1,386.38,149.20,366.08,944.31,-1,-1,-1,-1
527,11,1181.20,87.57,395.47,998.76,-1,-1,-1,-1
527,1,409.28,152.39,366.00,946.44,-1,-1,-1,-1
528,11,1239.04,87.40,392.21,996.30,-1,-1,-1,-1
528,1,454.39,145.75,367.26,955.75,-1,-1,-1,-1
529,11,1280.61,90.50,391.60,1003.88,-1,-1,-1,-1
529,1,499.58,139.87,361.59,953.30,-1,-1,-1,-1
530,11,1305.56,89.06,389.96,999.31,-1,-1,-1,-1
530,1,537.31,142.90,353.14,945.06,-1,-1,-1,-1
531,11,1326.57,87.94,390.11,999.47,-1,-1,-1,-1
531,1,576.30,147.05,345.02,929.91,-1,-1,-1,-1
532,11,1352.72,88.41,389.71,996.09,-1,-1,-1,-1
532,1,605.31,145.29,346.99,935.26,-1,-1,-1,-1
532,2,1254.02,153.73,265.14,740.33,-1,-1,-1,-1
533,11,1370.59,93.00,386.43,979.52,-1,-1,-1,-1
533,1,619.96,146.06,347.33,934.37,-1,-1,-1,-1
533,2,1232.11,153.15,268.37,753.03,-1,-1,-1,-1
534,11,1387.42,90.34,393.31,993.13,-1,-1,-1,-1
534,1,641.69,149.43,345.37,926.85,-1,-1,-1,-1
534,2,1208.78,160.78,269.76,754.18,-1,-1,-1,-1
535,11,1418.64,91.98,397.46,1000.42,-1,-1,-1,-1
535,1,664.63,156.68,341.47,918.18,-1,-1,-1,-1
535,2,1192.71,163.33,273.55,763.51,-1,-1,-1,-1
536,11,1444.90,84.84,394.47,992.58,-1,-1,-1,-1
536,1,698.05,156.33,337.25,905.36,-1,-1,-1,-1
536,2,1170.86,158.26,277.46,777.54,-1,-1,-1,-1
537,11,1468.36,83.98,393.16,988.61,-1,-1,-1,-1
537,1,726.45,156.13,333.75,893.65,-1,-1,-1,-1
537,2,1138.55,160.57,277.10,782.41,-1,-1,-1,-1
538,11,1484.12,86.65,395.19,993.25,-1,-1,-1,-1
538,1,751.57,151.10,329.20,878.61,-1,-1,-1,-1
538,2,1112.79,164.17,274.70,782.63,-1,-1,-1,-1
539,11,1502.99,84.48,394.47,994.92,-1,-1,-1,-1
539,1,770.06,150.57,327.92,876.47,-1,-1,-1,-1
539,2,1088.61,164.34,273.40,782.51,-1,-1,-1,-1
540,11,1517.97,85.85,390.48,986.89,-1,-1,-1,-1
540,1,790.00,148.41,334.94,898.75,-1,-1,-1,-1
540,2,1069.29,163.13,270.93,779.13,-1,-1,-1,-1
541,11,1525.45,89.55,390.53,992.41,-1,-1,-1,-1
541,1,814.14,152.13,335.02,905.86,-1,-1,-1,-1
541,2,1045.34,160.79,271.81,783.00,-1,-1,-1,-1
542,11,1535.59,104.55,382.00,978.82,-1,-1,-1,-1
542,1,844.07,149.83,328.28,893.31,-1,-1,-1,-1
542,2,1024.79,161.63,268.21,775.72,-1,-1,-1,-1
543,11,1544.85,113.81,375.36,970.53,-1,-1,-1,-1
543,1,885.38,164.20,320.23,875.12,-1,-1,-1,-1
544,11,1549.00,119.80,370.38,965.96,-1,-1,-1,-1
544,1,913.20,165.01,314.64,856.85,-1,-1,-1,-1
545,11,1560.47,115.87,353.70,926.00,-1,-1,-1,-1
545,1,920.34,170.65,318.47,871.41,-1,-1,-1,-1
546,11,1560.77,118.73,348.73,916.76,-1,-1,-1,-1
546,1,931.05,175.36,316.93,870.45,-1,-1,-1,-1
547,11,1562.42,119.55,343.67,907.22,-1,-1,-1,-1
547,1,946.23,168.52,307.75,843.58,-1,-1,-1,-1
548,11,1563.06,120.81,338.45,897.02,-1,-1,-1,-1
548,1,970.68,166.63,311.77,855.70,-1,-1,-1,-1
548,2,851.76,176.18,251.11,729.29,-1,-1,-1,-1
549,11,1564.08,124.57,333.40,887.37,-1,-1,-1,-1
549,1,987.59,168.21,307.30,840.32,-1,-1,-1,-1
549,2,823.90,168.73,250.29,730.68,-1,-1,-1,-1
550,11,1565.46,128.36,330.44,881.97,-1,-1,-1,-1
550,1,996.36,171.23,304.95,830.14,-1,-1,-1,-1
550,2,797.67,162.39,253.61,737.44,-1,-1,-1,-1
551,11,1564.06,132.46,331.17,882.37,-1,-1,-1,-1
551,1,992.31,172.13,305.55,830.74,-1,-1,-1,-1
551,2,776.76,164.91,254.16,733.78,-1,-1,-1,-1
552,11,1562.01,140.33,329.37,876.20,-1,-1,-1,-1
552,1,986.96,179.73,306.11,832.40,-1,-1,-1,-1
552,2,750.66,169.61,260.13,743.46,-1,-1,-1,-1
553,11,1560.02,144.90,321.09,853.79,-1,-1,-1,-1
553,1,987.55,190.50,300.57,822.03,-1,-1,-1,-1
553,2,728.07,172.01,263.85,752.85,-1,-1,-1,-1
554,11,1554.12,145.72,312.64,832.68,-1,-1,-1,-1
554,1,982.41,194.91,295.42,812.09,-1,-1,-1,-1
554,2,691.68,173.40,263.07,757.34,-1,-1,-1,-1
555,11,1546.22,145.89,304.65,816.18,-1,-1,-1,-1
555,1,971.53,195.86,291.38,805.20,-1,-1,-1,-1
555,2,662.42,176.27,261.00,760.56,-1,-1,-1,-1
556,11,1542.58,149.42,294.05,790.36,-1,-1,-1,-1
556,1,962.87,201.31,283.18,787.90,-1,-1,-1,-1
556,2,636.96,173.56,259.16,757.60,-1,-1,-1,-1
557,11,1533.52,151.85,289.72,783.17,-1,-1,-1,-1
557,1,953.98,208.44,270.12,753.69,-1,-1,-1,-1
557,2,610.14,165.45,264.12,774.59,-1,-1,-1,-1
558,11,1526.90,153.68,282.04,765.58,-1,-1,-1,-1
558,1,938.22,208.94,264.96,737.62,-1,-1,-1,-1
558,2,582.03,160.52,266.66,781.22,-1,-1,-1,-1
559,11,1518.78,155.64,275.52,750.50,-1,-1,-1,-1
559,1,921.18,207.26,263.40,731.05,-1,-1,-1,-1
559,2,556.85,152.60,271.66,792.92,-1,-1,-1,-1
560,11,1509.87,160.99,271.10,739.95,-1,-1,-1,-1
560,1,904.37,213.05,259.33,714.83,-1,-1,-1,-1
560,2,533.48,151.91,271.41,782.99,-1,-1,-1,-1
561,11,1496.61,164.27,265.31,723.62,-1,-1,-1,-1
561,1,881.97,209.70,262.94,717.19,-1,-1,-1,-1
561,2,499.11,153.45,274.18,778.12,-1,-1,-1,-1
562,11,1485.70,169.08,260.09,707.54,-1,-1,-1,-1
562,1,861.32,211.24,261.25,706.24,-1,-1,-1,-1
562,2,468.25,161.46,280.81,785.03,-1,-1,-1,-1
563,11,1473.50,174.19,256.53,694.91,-1,-1,-1,-1
563,1,849.57,218.16,257.28,688.78,-1,-1,-1,-1
563,2,437.39,166.16,287.34,794.03,-1,-1,-1,-1
564,11,1455.19,180.57,248.61,673.25,-1,-1,-1,-1
564,1,837.05,218.54,256.37,680.02,-1,-1,-1,-1
564,2,397.83,168.94,291.91,801.14,-1,-1,-1,-1
565,11,1437.46,183.17,244.11,662.19,-1,-1,-1,-1
565,1,815.00,223.65,251.27,665.47,-1,-1,-1,-1
565,2,357.34,158.23,300.24,822.31,-1,-1,-1,-1
566,11,1427.30,184.36,240.93,655.00,-1,-1,-1,-1
566,1,801.46,224.95,247.47,654.32,-1,-1,-1,-1
566,2,335.39,152.00,303.89,828.55,-1,-1,-1,-1
567,11,1418.83,184.34,235.88,643.17,-1,-1,-1,-1
567,1,782.15,222.70,244.01,643.43,-1,-1,-1,-1
567,2,313.70,144.44,308.35,835.80,-1,-1,-1,-1
568,11,1405.98,185.25,233.83,637.81,-1,-1,-1,-1
568,1,758.42,220.82,245.06,646.18,-1,-1,-1,-1
568,2,286.70,136.77,317.79,854.55,-1,-1,-1,-1
569,11,1390.85,188.37,233.51,638.79,-1,-1,-1,-1
569,1,737.66,221.43,243.05,642.33,-1,-1,-1,-1
569,2,268.81,128.05,320.16,858.74,-1,-1,-1,-1
570,11,1376.61,192.85,230.20,632.06,-1,-1,-1,-1
570,1,714.97,220.72,242.45,643.21,-1,-1,-1,-1
570,2,240.88,127.78,329.33,879.87,-1,-1,-1,-1
571,11,1367.48,195.00,227.68,626.91,-1,-1,-1,-1
571,1,699.26,224.69,241.05,639.13,-1,-1,-1,-1
571,2,223.28,129.61,343.49,915.12,-1,-1,-1,-1
572,11,1351.74,199.99,225.16,619.96,-1,-1,-1,-1
572,1,681.70,229.79,242.75,642.97,-1,-1,-1,-1
572,2,208.50,132.33,350.87,934.35,-1,-1,-1,-1
573,11,1339.48,201.94,222.50,611.44,-1,-1,-1,-1
573,1,659.57,233.13,240.00,636.74,-1,-1,-1,-1
573,2,187.24,128.97,356.85,951.77,-1,-1,-1,-1
574,11,1326.37,201.37,220.55,605.19,-1,-1,-1,-1
574,1,634.74,235.68,238.02,631.52,-1,-1,-1,-1
574,2,163.83,128.61,358.81,952.88,-1,-1,-1,-1
575,11,1305.33,195.78,222.40,611.15,-1,-1,-1,-1
575,1,610.49,231.29,238.20,631.31,-1,-1,-1,-1
575,2,144.56,119.08,362.50,957.42,-1,-1,-1,-1
576,11,1287.07,197.16,218.34,599.03,-1,-1,-1,-1
576,1,583.50,230.14,241.40,638.15,-1,-1,-1,-1
576,2,130.29,106.61,368.67,971.60,-1,-1,-1,-1
577,11,1269.71,201.91,211.16,583.18,-1,-1,-1,-1
577,1,555.81,223.09,248.54,651.98,-1,-1,-1,-1
577,2,121.68,94.25,377.28,992.12,-1,-1,-1,-1
578,11,1251.67,202.00,206.62,576.42,-1,-1,-1,-1
578,1,532.86,222.24,256.04,664.60,-1,-1,-1,-1
578,2,113.86,84.54,385.56,1005.85,-1,-1,-1,-1
579,11,1234.67,200.43,206.31,576.69,-1,-1,-1,-1
579,1,513.21,226.21,260.32,669.44,-1,-1,-1,-1
579,2,107.72,80.47,391.04,1012.41,-1,-1,-1,-1
580,11,1221.45,198.85,207.44,579.44,-1,-1,-1,-1
580,1,501.64,227.68,265.45,678.31,-1,-1,-1,-1
580,2,105.31,79.52,394.34,1013.78,-1,-1,-1,-1
581,11,1208.93,200.55,206.93,575.38,-1,-1,-1,-1
581,1,492.77,225.36,269.01,682.68,-1,-1,-1,-1
581,2,111.23,77.21,397.09,1016.66,-1,-1,-1,-1
582,11,1196.43,202.18,207.00,572.57,-1,-1,-1,-1
582,1,483.50,219.35,274.70,694.06,-1,-1,-1,-1
582,2,122.12,81.58,392.87,1003.61,-1,-1,-1,-1
583,11,1182.18,203.63,207.48,571.65,-1,-1,-1,-1
583,1,475.59,214.28,279.28,705.14,-1,-1,-1,-1
583,2,134.01,86.30,393.87,1000.78,-1,-1,-1,-1
584,11,1168.10,203.32,210.83,579.33,-1,-1,-1,-1
584,1,473.06,210.09,283.54,717.50,-1,-1,-1,-1
584,2,147.91,75.46,398.58,1009.69,-1,-1,-1,-1
585,11,1154.81,208.34,207.88,573.38,-1,-1,-1,-1
585,1,460.87,200.98,292.38,742.33,-1,-1,-1,-1
585,2,174.84,62.30,401.33,1019.88,-1,-1,-1,-1
586,11,1144.77,204.69,206.30,573.22,-1,-1,-1,-1
586,1,454.14,197.54,290.94,738.01,-1,-1,-1,-1
586,2,194.32,52.88,403.84,1026.95,-1,-1,-1,-1
587,11,1129.81,205.90,204.78,573.49,-1,-1,-1,-1
587,1,424.61,180.19,305.65,783.54,-1,-1,-1,-1
587,2,232.32,46.96,406.35,1033.26,-1,-1,-1,-1
588,11,1110.22,204.96,204.30,575.06,-1,-1,-1,-1
588,1,431.20,188.55,302.84,787.34,-1,-1,-1,-1
588,2,263.89,46.46,410.45,1044.21,-1,-1,-1,-1
589,11,1093.71,204.40,201.70,569.83,-1,-1,-1,-1
589,2,305.19,63.13,402.07,1025.08,-1,-1,-1,-1
590,11,1075.73,205.30,201.64,570.29,-1,-1,-1,-1
590,2,355.68,67.21,410.69,1037.53,-1,-1,-1,-1
591,11,1063.44,209.98,200.92,566.06,-1,-1,-1,-1
591,2,397.18,77.71,407.78,1025.82,-1,-1,-1,-1
592,11,1050.09,209.69,200.12,562.14,-1,-1,-1,-1
592,2,441.70,82.64,402.77,1026.52,-1,-1,-1,-1
593,11,1039.88,214.29,199.49,558.32,-1,-1,-1,-1
593,2,481.00,91.11,390.82,1008.18,-1,-1,-1,-1
594,11,1027.65,216.46,200.83,560.78,-1,-1,-1,-1
594,2,517.35,88.77,384.76,996.39,-1,-1,-1,-1
595,11,1011.90,220.03,200.11,560.95,-1,-1,-1,-1
595,2,545.18,68.55,390.83,1012.54,-1,-1,-1,-1
596,11,1002.41,218.65,198.61,559.28,-1,-1,-1,-1
596,2,567.40,67.03,388.69,1002.77,-1,-1,-1,-1
597,11,990.48,221.35,194.03,549.35,-1,-1,-1,-1
597,2,596.75,52.97,389.60,1001.49,-1,-1,-1,-1
598,11,980.35,221.59,190.94,538.91,-1,-1,-1,-1
598,2,632.83,40.50,396.03,1015.65,-1,-1,-1,-1
599,11,971.46,223.55,191.43,537.15,-1,-1,-1,-1
599,2,675.25,51.97,398.79,1016.18,-1,-1,-1,-1
600,11,948.44,201.99,211.29,592.82,-1,-1,-1,-1
600,2,759.76,73.24,394.32,1011.88,-1,-1,-1,-1
601,2,833.33,70.81,390.84,1013.78,-1,-1,-1,-1
601,14,727.16,198.96,278.74,787.72,-1,-1,-1,-1
602,2,880.61,55.53,394.30,1037.83,-1,-1,-1,-1
602,14,742.50,200.54,275.92,780.54,-1,-1,-1,-1
603,2,930.11,53.68,390.83,1034.90,-1,-1,-1,-1
603,14,779.97,203.69,271.77,767.58,-1,-1,-1,-1
604,2,980.01,39.50,392.74,1045.59,-1,-1,-1,-1
604,14,813.49,216.98,257.38,726.41,-1,-1,-1,-1
605,2,1018.12,34.84,392.11,1049.65,-1,-1,-1,-1
605,14,843.27,216.87,262.69,737.72,-1,-1,-1,-1
606,2,1062.84,20.93,389.86,1039.11,-1,-1,-1,-1
606,14,870.12,214.56,263.04,732.86,-1,-1,-1,-1
607,2,1118.76,24.25,397.50,1046.49,-1,-1,-1,-1
607,14,889.43,209.75,267.17,738.60,-1,-1,-1,-1
608,2,1179.56,24.37,390.98,1016.11,-1,-1,-1,-1
608,14,915.94,206.33,263.65,728.28,-1,-1,-1,-1
608,11,847.20,207.90,220.85,629.42,-1,-1,-1,-1
609,2,1226.84,24.21,389.15,1001.42,-1,-1,-1,-1
609,14,946.93,204.87,264.51,728.69,-1,-1,-1,-1
609,1,821.55,211.83,236.02,631.49,-1,-1,-1,-1
610,2,1249.16,10.10,414.22,1056.13,-1,-1,-1,-1
610,14,965.46,208.35,264.82,727.43,-1,-1,-1,-1
610,1,816.18,210.51,235.15,636.96,-1,-1,-1,-1
611,2,1299.71,25.81,417.99,1051.07,-1,-1,-1,-1
611,14,979.07,204.93,267.16,731.78,-1,-1,-1,-1
611,1,811.02,212.42,233.12,637.18,-1,-1,-1,-1
612,2,1332.81,8.14,430.86,1062.11,-1,-1,-1,-1
612,14,988.43,210.42,267.88,730.94,-1,-1,-1,-1
612,1,801.83,211.18,237.61,650.42,-1,-1,-1,-1
613,2,1360.63,8.94,437.59,1058.46,-1,-1,-1,-1
613,14,993.64,216.29,265.12,723.93,-1,-1,-1,-1
613,1,788.05,210.22,237.08,653.02,-1,-1,-1,-1
614,2,1386.91,1.96,442.10,1064.53,-1,-1,-1,-1
614,14,1002.59,214.70,259.45,707.40,-1,-1,-1,-1
614,1,774.47,206.42,237.36,656.65,-1,-1,-1,-1
615,2,1417.35,17.05,445.07,1060.02,-1,-1,-1,-1
615,14,1008.95,220.12,249.19,679.36,-1,-1,-1,-1
615,1,758.44,204.48,237.48,660.78,-1,-1,-1,-1
616,2,1452.43,36.85,444.54,1050.09,-1,-1,-1,-1
616,14,1011.50,221.38,240.38,653.49,-1,-1,-1,-1
616,1,737.99,201.96,238.15,668.91,-1,-1,-1,-1
617,2,1478.97,25.44,433.43,1018.03,-1,-1,-1,-1
617,14,1009.43,223.07,235.88,637.46,-1,-1,-1,-1
617,1,718.73,196.16,240.71,680.04,-1,-1,-1,-1
618,2,1505.19,34.19,425.70,999.50,-1,-1,-1,-1
618,14,1004.61,223.07,234.64,631.62,-1,-1,-1,-1
618,1,695.88,189.64,250.26,712.38,-1,-1,-1,-1
619,2,1522.21,47.76,420.57,988.59,-1,-1,-1,-1
619,14,994.57,223.40,234.95,632.90,-1,-1,-1,-1
619,1,675.63,188.70,257.96,739.67,-1,-1,-1,-1
620,2,1537.64,64.57,425.29,1009.06,-1,-1,-1,-1
620,14,985.77,224.70,233.53,629.39,-1,-1,-1,-1
620,1,659.56,192.04,258.26,740.96,-1,-1,-1,-1
621,2,1549.04,69.51,413.53,990.92,-1,-1,-1,-1
621,14,975.56,228.94,232.00,624.50,-1,-1,-1,-1
621,1,641.45,190.79,262.44,753.95,-1,-1,-1,-1
622,2,1555.53,70.32,408.86,994.91,-1,-1,-1,-1
622,14,964.89,224.77,229.54,616.84,-1,-1,-1,-1
622,1,624.39,195.23,266.71,770.24,-1,-1,-1,-1
623,2,1564.60,65.39,392.31,968.74,-1,-1,-1,-1
623,14,952.07,227.25,223.82,599.74,-1,-1,-1,-1
623,1,609.12,194.90,267.33,778.11,-1,-1,-1,-1
624,2,1563.04,69.02,378.44,944.53,-1,-1,-1,-1
624,14,937.64,229.83,216.82,579.33,-1,-1,-1,-1
624,1,593.22,191.36,268.47,784.17,-1,-1,-1,-1
625,2,1561.13,74.05,369.23,932.19,-1,-1,-1,-1
625,14,924.87,230.23,213.39,570.03,-1,-1,-1,-1
625,1,576.58,183.55,269.31,792.24,-1,-1,-1,-1
626,2,1558.43,80.40,361.93,922.16,-1,-1,-1,-1
626,14,913.51,229.74,211.91,566.21,-1,-1,-1,-1
626,1,564.06,178.57,269.44,799.33,-1,-1,-1,-1
627,2,1551.09,86.19,357.85,917.23,-1,-1,-1,-1
627,14,900.30,229.05,213.78,570.35,-1,-1,-1,-1
627,1,548.68,177.94,269.87,802.75,-1,-1,-1,-1
628,2,1540.22,95.27,359.93,926.99,-1,-1,-1,-1
628,14,884.75,226.96,215.23,573.51,-1,-1,-1,-1
628,1,533.40,172.87,276.65,821.01,-1,-1,-1,-1
629,2,1526.54,102.08,357.46,922.81,-1,-1,-1,-1
629,14,868.28,232.43,212.69,563.34,-1,-1,-1,-1
629,1,514.05,171.28,283.53,835.35,-1,-1,-1,-1
630,2,1506.97,109.76,340.80,884.02,-1,-1,-1,-1
630,14,852.87,238.50,211.17,556.15,-1,-1,-1,-1
630,1,494.55,168.67,286.75,836.64,-1,-1,-1,-1
631,2,1477.90,118.38,335.41,878.29,-1,-1,-1,-1
631,14,830.96,240.84,211.12,553.31,-1,-1,-1,-1
631,1,478.67,171.94,292.26,849.30,-1,-1,-1,-1
632,2,1458.78,119.94,328.89,868.80,-1,-1,-1,-1
632,14,809.09,235.09,213.10,557.10,-1,-1,-1,-1
632,1,456.51,172.86,299.32,868.31,-1,-1,-1,-1
633,2,1437.62,116.68,329.74,876.72,-1,-1,-1,-1
633,14,790.82,232.33,214.25,562.98,-1,-1,-1,-1
633,1,438.96,171.68,300.72,870.79,-1,-1,-1,-1
634,2,1412.67,119.56,324.18,864.46,-1,-1,-1,-1
634,14,770.07,230.31,214.10,568.05,-1,-1,-1,-1
634,1,417.39,166.55,305.69,881.88,-1,-1,-1,-1
635,2,1384.55,116.29,325.49,869.50,-1,-1,-1,-1
635,14,751.41,235.48,211.64,563.95,-1,-1,-1,-1
635,1,392.16,161.70,312.52,898.27,-1,-1,-1,-1
636,2,1361.03,119.62,317.18,845.25,-1,-1,-1,-1
636,14,728.48,235.58,210.75,560.14,-1,-1,-1,-1
636,1,367.94,158.23,316.54,903.01,-1,-1,-1,-1
637,2,1322.37,125.01,316.51,840.19,-1,-1,-1,-1
637,14,702.50,237.49,213.65,567.63,-1,-1,-1,-1
637,1,336.62,150.07,320.54,914.16,-1,-1,-1,-1
638,2,1303.72,132.32,313.87,829.83,-1,-1,-1,-1
638,14,689.20,238.88,215.91,573.00,-1,-1,-1,-1
638,1,317.28,152.58,323.75,925.40,-1,-1,-1,-1
639,2,1283.04,138.07,311.70,825.21,-1,-1,-1,-1
639,14,673.15,236.85,221.09,584.81,-1,-1,-1,-1
639,1,301.66,150.76,325.88,932.28,-1,-1,-1,-1
640,2,1253.67,140.84,307.12,813.40,-1,-1,-1,-1
640,14,651.29,239.38,223.56,588.82,-1,-1,-1,-1
640,1,282.86,144.33,328.01,934.02,-1,-1,-1,-1
641,2,1225.07,144.70,301.46,805.71,-1,-1,-1,-1
641,14,634.53,239.36,225.83,593.44,-1,-1,-1,-1
641,1,261.03,139.30,329.57,934.19,-1,-1,-1,-1
642,2,1187.91,147.63,299.15,806.20,-1,-1,-1,-1
642,14,614.85,227.92,231.70,609.25,-1,-1,-1,-1
642,1,246.14,144.43,329.69,929.77,-1,-1,-1,-1
643,2,1153.80,137.51,298.25,807.40,-1,-1,-1,-1
643,14,600.59,229.49,232.49,609.73,-1,-1,-1,-1
643,1,225.41,144.60,330.69,922.10,-1,-1,-1,-1