37,0,10.47,264.39,300.50,587.31,-1,-1,-1,-1
38,0,13.23,265.35,315.88,585.46,-1,-1,-1,-1
39,0,20.59,272.66,313.02,579.68,-1,-1,-1,-1
40,0,36.17,274.23,301.05,573.40,-1,-1,-1,-1
41,0,48.12,261.71,289.43,590.68,-1,-1,-1,-1
42,0,59.29,255.31,279.16,601.71,-1,-1,-1,-1
43,0,66.31,250.74,276.28,615.37,-1,-1,-1,-1
44,0,72.69,242.49,271.10,635.50,-1,-1,-1,-1
45,0,81.97,241.39,256.20,641.86,-1,-1,-1,-1
46,0,80.53,247.56,260.53,637.10,-1,-1,-1,-1
47,0,73.84,250.03,270.78,639.20,-1,-1,-1,-1
48,0,60.18,246.68,286.48,666.07,-1,-1,-1,-1
49,0,47.61,246.03,296.73,681.12,-1,-1,-1,-1
50,0,38.02,240.44,301.13,698.41,-1,-1,-1,-1
51,0,28.12,238.31,310.10,707.35,-1,-1,-1,-1
52,0,21.60,233.47,313.48,722.71,-1,-1,-1,-1
53,0,18.94,231.54,316.10,735.52,-1,-1,-1,-1
54,0,20.56,231.85,337.61,751.73,-1,-1,-1,-1
55,0,39.02,231.17,333.72,765.57,-1,-1,-1,-1
56,0,61.06,232.59,316.86,765.73,-1,-1,-1,-1
57,0,88.08,228.94,289.26,770.26,-1,-1,-1,-1
58,0,107.44,227.75,275.21,768.92,-1,-1,-1,-1
59,0,124.50,233.55,271.92,761.80,-1,-1,-1,-1
60,0,145.74,216.65,268.86,797.26,-1,-1,-1,-1
61,0,155.90,215.57,294.44,801.82,-1,-1,-1,-1
62,0,170.99,203.29,307.27,826.90,-1,-1,-1,-1
63,0,183.86,194.04,326.01,848.25,-1,-1,-1,-1
64,0,195.97,187.07,328.80,864.79,-1,-1,-1,-1
65,0,214.84,179.89,317.08,888.32,-1,-1,-1,-1
66,0,226.56,174.60,317.46,901.43,-1,-1,-1,-1
67,0,232.64,169.34,329.03,902.84,-1,-1,-1,-1
68,0,233.80,160.05,342.44,913.20,-1,-1,-1,-1
69,0,238.45,150.22,346.96,928.18,-1,-1,-1,-1
70,0,239.87,142.08,360.75,937.24,-1,-1,-1,-1
71,0,247.15,142.62,357.34,931.63,-1,-1,-1,-1
72,0,249.35,152.94,369.85,913.67,-1,-1,-1,-1
73,0,255.46,158.71,373.29,905.85,-1,-1,-1,-1
74,0,266.88,165.61,371.47,900.85,-1,-1,-1,-1
75,0,284.44,165.05,365.78,897.89,-1,-1,-1,-1
76,0,306.62,143.53,359.35,930.98,-1,-1,-1,-1
77,0,325.36,136.50,362.88,934.76,-1,-1,-1,-1
78,0,347.05,125.56,365.50,946.34,-1,-1,-1,-1
79,0,362.97,124.68,383.52,941.97,-1,-1,-1,-1
80,0,388.59,106.15,396.46,967.00,-1,-1,-1,-1
81,0,405.48,98.89,425.99,974.37,-1,-1,-1,-1
82,0,427.35,95.32,450.99,974.54,-1,-1,-1,-1
83,0,471.23,101.88,448.26,967.62,-1,-1,-1,-1
84,0,534.38,97.63,416.39,974.48,-1,-1,-1,-1
85,0,579.86,87.12,404.48,989.36,-1,-1,-1,-1
86,0,633.25,93.16,385.82,978.63,-1,-1,-1,-1
87,0,703.60,71.10,355.55,1007.56,-1,-1,-1,-1
88,0,763.87,96.24,335.82,966.05,-1,-1,-1,-1
89,0,812.52,53.96,319.79,1024.43,-1,-1,-1,-1
90,0,836.21,56.37,352.68,1014.54,-1,-1,-1,-1
91,0,858.23,61.83,393.09,1010.83,-1,-1,-1,-1
92,0,886.22,62.29,408.27,1012.76,-1,-1,-1,-1
93,0,909.26,66.70,432.23,1009.09,-1,-1,-1,-1
94,0,939.09,83.25,452.23,990.42,-1,-1,-1,-1
95,0,996.91,99.33,427.87,964.06,-1,-1,-1,-1
96,0,1037.62,102.97,441.11,959.94,-1,-1,-1,-1
97,0,1093.60,100.64,433.94,969.17,-1,-1,-1,-1
98,0,1143.72,84.63,418.25,994.61,-1,-1,-1,-1
99,0,1188.11,86.34,400.52,992.29,-1,-1,-1,-1
100,0,1232.06,104.46,376.02,965.81,-1,-1,-1,-1
101,0,1271.27,107.77,361.75,959.85,-1,-1,-1,-1
102,0,1315.99,118.14,330.64,953.44,-1,-1,-1,-1
103,0,1352.87,141.32,305.18,920.21,-1,-1,-1,-1
104,0,1350.53,147.86,315.11,911.82,-1,-1,-1,-1
105,0,1336.64,136.29,332.57,934.34,-1,-1,-1,-1
106,0,1349.68,135.39,321.13,937.00,-1,-1,-1,-1
107,0,1376.13,139.92,310.20,921.90,-1,-1,-1,-1
108,0,1415.41,141.56,283.33,919.39,-1,-1,-1,-1
109,0,1423.01,147.52,301.47,919.14,-1,-1,-1,-1
110,0,1428.96,154.82,315.60,902.86,-1,-1,-1,-1
111,0,1421.63,162.87,340.20,887.35,-1,-1,-1,-1
112,0,1402.06,162.81,375.47,872.75,-1,-1,-1,-1
113,0,1402.19,170.54,391.80,839.74,-1,-1,-1,-1
114,0,1423.00,160.54,383.47,837.68,-1,-1,-1,-1
115,0,1464.45,155.02,354.52,834.20,-1,-1,-1,-1
116,0,1504.00,157.54,326.92,824.27,-1,-1,-1,-1
117,0,1531.48,161.00,321.24,810.86,-1,-1,-1,-1
118,0,1557.04,162.75,301.57,800.27,-1,-1,-1,-1
119,0,1571.45,170.02,301.38,787.24,-1,-1,-1,-1
120,0,1584.65,175.48,297.88,778.25,-1,-1,-1,-1
121,0,1596.74,173.16,286.61,773.05,-1,-1,-1,-1
122,0,1602.15,169.91,283.18,773.17,-1,-1,-1,-1
123,0,1603.83,174.35,276.27,763.18,-1,-1,-1,-1
124,0,1596.89,179.67,277.51,749.28,-1,-1,-1,-1
125,0,1574.32,176.00,293.87,751.25,-1,-1,-1,-1
126,0,1545.50,189.81,313.16,729.60,-1,-1,-1,-1
127,0,1527.37,194.40,306.06,717.71,-1,-1,-1,-1
127,1,11.31,259.21,219.32,566.08,-1,-1,-1,-1
128,0,1517.47,199.52,292.10,696.59,-1,-1,-1,-1
128,1,8.88,242.06,227.20,587.64,-1,-1,-1,-1
129,0,1512.14,190.42,272.31,700.39,-1,-1,-1,-1
129,1,7.87,230.88,240.49,599.78,-1,-1,-1,-1
130,0,1506.78,190.66,247.38,690.58,-1,-1,-1,-1
130,1,9.24,232.25,263.61,596.51,-1,-1,-1,-1
131,0,1506.63,184.85,207.95,685.41,-1,-1,-1,-1
131,1,6.83,234.19,313.66,590.78,-1,-1,-1,-1
132,0,1493.90,183.00,194.95,684.29,-1,-1,-1,-1
132,1,12.61,232.51,345.43,594.33,-1,-1,-1,-1
133,0,1480.11,183.56,186.52,682.43,-1,-1,-1,-1
133,1,28.41,233.56,347.45,591.78,-1,-1,-1,-1
134,0,1458.87,193.82,202.15,662.75,-1,-1,-1,-1
134,1,28.87,234.82,374.47,597.62,-1,-1,-1,-1
135,0,1415.24,214.26,244.19,626.93,-1,-1,-1,-1
135,1,31.76,232.94,390.94,603.60,-1,-1,-1,-1
136,0,1374.14,227.05,279.93,605.13,-1,-1,-1,-1
136,1,66.79,234.79,356.23,600.75,-1,-1,-1,-1
137,0,1344.36,235.63,299.27,594.04,-1,-1,-1,-1
137,1,97.88,227.40,317.47,610.86,-1,-1,-1,-1
138,0,1332.79,233.62,283.36,595.56,-1,-1,-1,-1
138,1,125.82,219.25,285.93,628.64,-1,-1,-1,-1
139,0,1324.32,228.05,252.99,592.36,-1,-1,-1,-1
139,1,146.95,213.68,261.61,650.29,-1,-1,-1,-1
140,0,1320.64,212.56,214.10,603.90,-1,-1,-1,-1
140,1,161.26,211.63,245.38,661.32,-1,-1,-1,-1
141,0,1306.45,214.54,192.27,588.41,-1,-1,-1,-1
141,1,171.56,205.61,233.80,678.61,-1,-1,-1,-1
142,0,1274.73,210.10,195.87,592.24,-1,-1,-1,-1
142,1,175.14,206.49,230.67,684.28,-1,-1,-1,-1
143,0,1237.28,212.09,213.55,584.95,-1,-1,-1,-1
143,1,175.94,202.69,231.98,696.15,-1,-1,-1,-1
144,0,1202.91,213.73,237.13,583.37,-1,-1,-1,-1
144,1,175.92,207.50,236.21,689.60,-1,-1,-1,-1
145,0,1175.49,212.95,256.30,587.45,-1,-1,-1,-1
145,1,173.83,204.46,242.82,690.25,-1,-1,-1,-1
146,0,1153.97,211.33,260.12,594.70,-1,-1,-1,-1
146,1,178.45,197.06,238.64,701.13,-1,-1,-1,-1
147,0,1140.78,216.72,257.42,589.45,-1,-1,-1,-1
147,1,178.23,195.27,243.31,710.90,-1,-1,-1,-1
148,0,1136.81,213.72,235.71,600.90,-1,-1,-1,-1
148,1,186.87,197.39,236.59,722.15,-1,-1,-1,-1
149,0,1132.57,215.95,204.17,594.54,-1,-1,-1,-1
149,1,193.64,196.65,235.88,736.99,-1,-1,-1,-1
150,0,1114.20,213.03,187.19,604.16,-1,-1,-1,-1
150,1,195.24,193.01,240.52,744.06,-1,-1,-1,-1
151,0,1076.01,219.88,198.72,590.91,-1,-1,-1,-1
151,1,188.28,189.63,260.26,759.72,-1,-1,-1,-1
152,0,1054.09,224.29,202.02,577.10,-1,-1,-1,-1
152,1,171.63,185.22,293.42,769.44,-1,-1,-1,-1
153,0,1025.54,233.35,224.17,564.63,-1,-1,-1,-1
153,1,145.20,180.21,345.55,778.49,-1,-1,-1,-1
154,0,999.29,240.04,256.86,564.53,-1,-1,-1,-1
154,1,138.96,176.41,365.47,784.33,-1,-1,-1,-1
155,0,975.94,239.35,280.49,566.59,-1,-1,-1,-1
155,1,148.13,169.66,364.40,796.71,-1,-1,-1,-1
156,0,962.50,235.26,264.58,585.69,-1,-1,-1,-1
156,1,150.85,165.80,367.84,813.54,-1,-1,-1,-1
157,0,947.45,234.72,254.86,596.33,-1,-1,-1,-1
157,1,149.89,158.32,376.55,831.41,-1,-1,-1,-1
158,0,927.39,230.41,247.64,610.51,-1,-1,-1,-1
158,1,131.31,163.43,412.06,833.08,-1,-1,-1,-1
159,0,908.39,230.68,228.61,608.15,-1,-1,-1,-1
159,1,119.64,159.11,452.47,852.25,-1,-1,-1,-1
160,0,885.04,220.94,218.86,628.87,-1,-1,-1,-1
160,1,111.48,159.70,492.91,863.07,-1,-1,-1,-1
161,0,859.94,221.17,229.09,626.61,-1,-1,-1,-1
161,1,143.13,155.90,477.83,882.65,-1,-1,-1,-1
162,0,821.33,227.79,265.05,615.94,-1,-1,-1,-1
162,1,180.94,143.81,460.10,903.22,-1,-1,-1,-1
163,0,800.52,233.78,281.26,607.67,-1,-1,-1,-1
163,1,210.41,128.70,444.82,927.27,-1,-1,-1,-1
164,0,787.11,231.22,281.54,615.01,-1,-1,-1,-1
164,1,236.53,125.82,419.44,933.91,-1,-1,-1,-1
165,0,778.80,223.15,250.75,627.79,-1,-1,-1,-1
165,1,251.49,130.25,408.02,929.91,-1,-1,-1,-1
166,0,771.25,219.48,223.43,633.00,-1,-1,-1,-1
166,1,257.83,131.26,408.17,929.28,-1,-1,-1,-1
167,0,755.93,219.95,212.59,630.97,-1,-1,-1,-1
167,1,260.58,134.51,413.09,926.16,-1,-1,-1,-1
168,0,721.21,212.72,225.93,641.22,-1,-1,-1,-1
168,1,250.76,139.35,446.44,921.15,-1,-1,-1,-1
169,0,696.42,215.94,230.83,637.08,-1,-1,-1,-1
169,1,251.82,130.55,449.48,939.45,-1,-1,-1,-1
170,0,665.89,220.24,252.55,630.66,-1,-1,-1,-1
170,1,276.35,124.14,408.49,953.94,-1,-1,-1,-1
171,0,633.42,225.95,279.88,622.66,-1,-1,-1,-1
171,1,299.69,120.62,388.47,960.79,-1,-1,-1,-1
172,0,631.61,220.14,274.99,637.45,-1,-1,-1,-1
172,1,318.57,121.55,382.32,956.58,-1,-1,-1,-1
173,0,627.99,229.40,272.86,627.66,-1,-1,-1,-1
173,1,328.80,114.27,389.22,962.79,-1,-1,-1,-1
174,0,616.80,221.07,277.03,640.86,-1,-1,-1,-1
174,1,332.25,103.01,443.55,976.71,-1,-1,-1,-1
175,0,601.50,219.51,279.09,645.60,-1,-1,-1,-1
175,1,360.82,85.36,452.81,999.04,-1,-1,-1,-1
176,0,586.20,217.96,281.14,650.33,-1,-1,-1,-1
176,1,408.87,85.45,405.72,991.38,-1,-1,-1,-1
177,0,570.90,216.40,283.20,655.07,-1,-1,-1,-1
177,1,462.32,63.45,373.57,1018.98,-1,-1,-1,-1
178,0,555.61,214.85,285.26,659.81,-1,-1,-1,-1
178,1,510.60,56.67,335.30,1015.33,-1,-1,-1,-1
179,1,517.64,35.64,362.60,1042.80,-1,-1,-1,-1
180,0,456.32,235.67,240.77,709.21,-1,-1,-1,-1
180,1,509.76,40.95,415.15,1021.81,-1,-1,-1,-1
181,0,418.88,232.99,273.09,724.16,-1,-1,-1,-1
181,1,517.64,53.18,456.76,994.84,-1,-1,-1,-1
182,0,406.97,233.48,275.49,729.76,-1,-1,-1,-1
182,1,554.35,51.69,463.20,1000.81,-1,-1,-1,-1
183,0,405.99,236.82,262.13,726.35,-1,-1,-1,-1
183,1,603.10,72.78,460.84,983.34,-1,-1,-1,-1
184,0,398.25,227.54,248.10,741.91,-1,-1,-1,-1
184,1,676.73,54.71,428.16,1016.22,-1,-1,-1,-1
185,0,371.05,222.59,269.28,750.75,-1,-1,-1,-1
185,1,747.02,41.89,406.89,1037.09,-1,-1,-1,-1
186,0,350.25,222.58,271.99,745.31,-1,-1,-1,-1
186,1,801.49,27.40,398.00,1056.74,-1,-1,-1,-1
187,0,307.42,209.91,299.34,773.23,-1,-1,-1,-1
187,1,831.95,23.10,422.60,1053.79,-1,-1,-1,-1
188,0,271.43,203.77,316.16,798.66,-1,-1,-1,-1
188,1,863.17,35.79,467.07,1021.80,-1,-1,-1,-1
189,0,254.73,205.87,313.88,813.71,-1,-1,-1,-1
189,1,927.40,61.94,478.37,985.34,-1,-1,-1,-1
190,0,249.30,209.99,302.53,816.22,-1,-1,-1,-1
190,1,1021.69,54.94,438.37,1008.27,-1,-1,-1,-1
191,0,236.31,209.06,306.78,832.90,-1,-1,-1,-1
191,1,1096.66,61.73,415.56,1005.22,-1,-1,-1,-1
192,0,220.06,205.02,311.33,842.37,-1,-1,-1,-1
192,1,1152.50,34.98,407.07,1045.11,-1,-1,-1,-1
193,0,205.36,200.25,313.12,855.36,-1,-1,-1,-1
193,1,1191.04,48.20,414.12,1024.27,-1,-1,-1,-1
194,0,177.47,190.70,337.77,871.99,-1,-1,-1,-1
194,1,1224.60,67.20,416.09,1005.10,-1,-1,-1,-1
195,0,138.87,181.98,380.08,888.10,-1,-1,-1,-1
195,1,1246.86,68.13,455.08,1008.23,-1,-1,-1,-1
196,0,108.58,176.68,407.83,892.95,-1,-1,-1,-1
196,1,1295.32,71.86,453.59,1004.90,-1,-1,-1,-1
197,0,81.64,173.80,436.22,898.87,-1,-1,-1,-1
197,1,1343.77,75.60,452.09,1001.56,-1,-1,-1,-1
198,0,64.18,178.63,440.79,898.51,-1,-1,-1,-1
198,1,1392.23,79.33,450.60,998.22,-1,-1,-1,-1
199,0,57.52,186.85,446.75,885.61,-1,-1,-1,-1
199,1,1440.69,83.07,449.10,994.89,-1,-1,-1,-1
200,0,61.79,178.83,447.36,894.81,-1,-1,-1,-1
200,1,1409.52,97.29,509.54,971.91,-1,-1,-1,-1
201,0,63.70,176.23,453.21,894.66,-1,-1,-1,-1
201,1,1449.48,116.91,485.95,939.67,-1,-1,-1,-1
202,0,80.13,163.05,449.60,912.62,-1,-1,-1,-1
202,1,1473.25,121.47,472.53,935.10,-1,-1,-1,-1
203,0,98.24,153.01,448.31,925.58,-1,-1,-1,-1
203,1,1472.15,127.27,473.60,915.90,-1,-1,-1,-1
204,0,111.08,153.93,454.49,925.75,-1,-1,-1,-1
204,1,1465.76,123.43,473.29,907.27,-1,-1,-1,-1
205,0,124.45,160.69,468.18,903.98,-1,-1,-1,-1
205,1,1467.19,122.86,467.75,902.72,-1,-1,-1,-1
206,0,150.23,162.85,468.26,901.87,-1,-1,-1,-1
206,1,1479.28,120.02,448.97,906.92,-1,-1,-1,-1
206,3,8.49,251.71,216.52,598.49,-1,-1,-1,-1
207,0,179.61,161.74,466.33,909.13,-1,-1,-1,-1
207,1,1512.82,114.33,409.15,914.48,-1,-1,-1,-1
207,3,11.49,261.34,227.21,579.59,-1,-1,-1,-1
208,0,203.69,163.37,473.86,907.57,-1,-1,-1,-1
208,1,1540.78,125.31,371.08,905.10,-1,-1,-1,-1
208,3,17.60,255.82,231.09,591.87,-1,-1,-1,-1
209,0,236.48,166.46,458.24,899.89,-1,-1,-1,-1
209,1,1566.47,135.22,336.56,885.47,-1,-1,-1,-1
209,3,22.70,250.66,228.50,602.51,-1,-1,-1,-1
210,0,264.37,157.51,463.55,911.62,-1,-1,-1,-1
210,1,1579.76,149.28,317.80,834.91,-1,-1,-1,-1
210,3,20.21,248.23,233.02,608.13,-1,-1,-1,-1
211,0,300.38,141.38,458.68,935.11,-1,-1,-1,-1
211,1,1587.79,154.33,303.54,808.48,-1,-1,-1,-1
211,3,20.83,243.74,236.16,608.32,-1,-1,-1,-1
212,0,335.17,129.76,458.08,945.43,-1,-1,-1,-1
212,1,1596.51,158.66,272.43,769.05,-1,-1,-1,-1
212,3,26.84,242.68,237.05,603.30,-1,-1,-1,-1
213,0,361.74,122.47,483.93,955.06,-1,-1,-1,-1
213,1,1592.43,164.27,266.13,737.36,-1,-1,-1,-1
213,3,38.21,238.55,238.17,607.34,-1,-1,-1,-1
214,0,394.94,126.67,498.08,945.14,-1,-1,-1,-1
214,1,1583.76,158.06,269.42,736.31,-1,-1,-1,-1
214,3,50.63,238.01,246.16,609.58,-1,-1,-1,-1
215,0,424.10,127.32,510.24,941.84,-1,-1,-1,-1
215,1,1573.57,160.66,262.73,734.30,-1,-1,-1,-1
215,3,61.17,240.98,259.58,607.08,-1,-1,-1,-1
216,0,466.33,131.89,494.83,932.46,-1,-1,-1,-1
216,1,1563.76,159.62,246.74,727.61,-1,-1,-1,-1
216,3,72.63,236.25,276.52,622.18,-1,-1,-1,-1
217,0,511.94,126.71,479.05,939.32,-1,-1,-1,-1
217,1,1544.68,162.72,244.81,715.73,-1,-1,-1,-1
217,3,86.23,233.17,285.90,633.35,-1,-1,-1,-1
218,0,570.32,136.58,444.82,930.58,-1,-1,-1,-1
218,1,1526.11,168.66,232.68,698.30,-1,-1,-1,-1
218,3,103.95,235.68,278.93,633.64,-1,-1,-1,-1
219,0,615.92,134.64,436.85,929.18,-1,-1,-1,-1
219,1,1514.22,169.26,213.00,690.33,-1,-1,-1,-1
219,3,121.58,239.18,267.73,628.65,-1,-1,-1,-1
220,0,674.45,108.69,408.56,966.14,-1,-1,-1,-1
220,1,1470.68,163.15,234.48,695.18,-1,-1,-1,-1
220,3,135.82,232.27,251.77,636.88,-1,-1,-1,-1
221,0,708.12,103.96,423.23,972.54,-1,-1,-1,-1
221,1,1439.33,157.76,239.23,693.06,-1,-1,-1,-1
221,3,147.70,226.12,240.56,643.63,-1,-1,-1,-1
222,0,736.31,84.21,436.23,985.58,-1,-1,-1,-1
222,1,1409.58,159.45,258.55,682.19,-1,-1,-1,-1
222,3,159.84,220.79,234.29,646.60,-1,-1,-1,-1
223,0,769.55,69.70,456.78,1001.20,-1,-1,-1,-1
223,1,1396.72,159.82,262.77,680.85,-1,-1,-1,-1
223,3,173.84,216.86,225.44,654.84,-1,-1,-1,-1
224,0,797.55,70.46,471.29,997.45,-1,-1,-1,-1
224,1,1385.27,161.28,272.56,671.06,-1,-1,-1,-1
224,3,185.42,213.25,216.24,659.54,-1,-1,-1,-1
225,0,821.74,84.25,487.51,977.20,-1,-1,-1,-1
225,1,1386.23,172.85,262.30,653.27,-1,-1,-1,-1
225,3,198.20,215.48,212.36,671.95,-1,-1,-1,-1
226,0,860.48,98.32,503.04,959.83,-1,-1,-1,-1
226,1,1372.86,183.11,265.22,634.46,-1,-1,-1,-1
226,3,204.71,212.29,235.27,684.49,-1,-1,-1,-1
227,0,901.93,102.75,497.32,948.83,-1,-1,-1,-1
227,1,1357.03,188.47,235.02,611.97,-1,-1,-1,-1
227,3,215.00,218.81,233.56,676.68,-1,-1,-1,-1
228,0,951.72,115.32,535.31,943.00,-1,-1,-1,-1
228,1,1350.81,199.69,197.72,578.18,-1,-1,-1,-1
228,3,222.72,219.40,228.78,680.30,-1,-1,-1,-1
229,0,1024.99,116.28,496.80,942.28,-1,-1,-1,-1
229,1,1340.47,190.42,202.49,584.42,-1,-1,-1,-1
229,3,222.30,219.28,249.04,687.55,-1,-1,-1,-1
230,0,1099.42,117.90,469.28,929.60,-1,-1,-1,-1
230,1,1326.20,192.13,198.72,573.56,-1,-1,-1,-1
230,3,219.68,218.28,276.96,699.09,-1,-1,-1,-1
231,0,1170.97,103.48,392.92,949.05,-1,-1,-1,-1
231,1,1311.94,193.85,194.95,562.69,-1,-1,-1,-1
231,3,214.37,211.46,309.87,718.98,-1,-1,-1,-1
232,0,1220.63,88.39,357.86,970.96,-1,-1,-1,-1
232,1,1297.68,195.56,191.18,551.83,-1,-1,-1,-1
232,3,208.65,205.57,333.12,732.81,-1,-1,-1,-1
233,0,1255.63,81.87,344.78,989.64,-1,-1,-1,-1
233,1,1283.41,197.28,187.41,540.96,-1,-1,-1,-1
233,3,204.36,204.17,341.78,735.74,-1,-1,-1,-1
234,0,1258.76,74.02,370.82,1004.98,-1,-1,-1,-1
234,3,200.86,198.77,336.94,749.51,-1,-1,-1,-1
235,0,1254.07,106.19,407.82,949.16,-1,-1,-1,-1
235,3,197.73,192.04,328.41,782.29,-1,-1,-1,-1
236,0,1249.80,120.66,446.03,940.42,-1,-1,-1,-1
236,3,194.38,192.69,312.29,794.50,-1,-1,-1,-1
237,0,1232.75,136.46,472.41,925.90,-1,-1,-1,-1
237,1,1163.39,195.07,183.71,565.49,-1,-1,-1,-1
237,3,183.10,190.47,305.83,819.74,-1,-1,-1,-1
238,0,1264.90,136.94,444.19,930.58,-1,-1,-1,-1
238,1,1139.46,200.66,177.53,569.04,-1,-1,-1,-1
238,3,173.01,188.24,298.68,827.84,-1,-1,-1,-1
239,0,1294.01,134.93,439.35,935.44,-1,-1,-1,-1
239,1,1111.84,202.04,190.98,564.79,-1,-1,-1,-1
239,3,163.44,185.47,298.32,832.81,-1,-1,-1,-1
240,0,1307.99,130.01,465.97,945.91,-1,-1,-1,-1
240,1,1074.22,200.43,222.79,565.45,-1,-1,-1,-1
240,3,152.97,183.89,305.89,832.62,-1,-1,-1,-1
241,0,1322.20,129.82,475.72,946.92,-1,-1,-1,-1
241,1,1053.47,196.53,239.01,570.66,-1,-1,-1,-1
241,3,145.53,177.84,315.51,852.93,-1,-1,-1,-1
242,0,1335.82,127.07,482.59,952.65,-1,-1,-1,-1
242,1,1036.42,205.59,239.29,561.96,-1,-1,-1,-1
242,3,148.55,171.10,311.61,859.39,-1,-1,-1,-1
243,0,1357.86,132.19,473.03,946.66,-1,-1,-1,-1
243,1,1031.59,217.01,219.00,544.68,-1,-1,-1,-1
243,3,147.42,164.03,320.84,880.05,-1,-1,-1,-1
244,0,1368.84,142.96,472.86,928.71,-1,-1,-1,-1
244,1,1029.24,223.02,172.97,527.44,-1,-1,-1,-1
244,3,154.77,161.98,323.83,883.28,-1,-1,-1,-1
245,0,1384.29,154.96,465.37,910.42,-1,-1,-1,-1
245,1,1002.04,220.45,165.89,530.47,-1,-1,-1,-1
245,3,150.18,161.36,341.63,893.78,-1,-1,-1,-1
246,0,1396.67,165.67,461.11,891.08,-1,-1,-1,-1
246,1,963.33,220.77,187.14,527.49,-1,-1,-1,-1
246,3,145.36,159.88,352.50,897.31,-1,-1,-1,-1
247,0,1403.15,175.04,464.97,884.59,-1,-1,-1,-1
247,1,936.10,211.92,197.12,539.46,-1,-1,-1,-1
247,3,152.79,160.73,347.03,902.23,-1,-1,-1,-1
248,0,1413.42,179.10,465.64,888.21,-1,-1,-1,-1
248,1,907.94,207.76,220.07,548.56,-1,-1,-1,-1
248,3,162.63,160.96,340.61,903.18,-1,-1,-1,-1
249,0,1431.30,188.11,450.38,873.47,-1,-1,-1,-1
249,1,881.24,209.26,242.29,545.78,-1,-1,-1,-1
249,3,168.78,156.64,341.62,905.51,-1,-1,-1,-1
250,0,1443.34,193.14,438.21,859.14,-1,-1,-1,-1
250,1,856.02,226.23,265.20,526.26,-1,-1,-1,-1
250,3,161.14,148.85,358.72,915.59,-1,-1,-1,-1
251,0,1448.55,183.49,424.48,862.32,-1,-1,-1,-1
251,1,847.71,252.04,267.83,494.04,-1,-1,-1,-1
251,3,133.02,139.10,402.27,931.25,-1,-1,-1,-1
252,0,1450.61,178.02,403.89,853.42,-1,-1,-1,-1
252,1,850.29,239.94,222.73,515.22,-1,-1,-1,-1
252,3,133.81,128.15,400.35,944.24,-1,-1,-1,-1
253,0,1449.15,175.27,386.30,842.86,-1,-1,-1,-1
253,1,837.80,230.59,195.12,531.20,-1,-1,-1,-1
253,3,135.79,125.04,400.87,944.86,-1,-1,-1,-1
254,0,1452.96,168.67,362.80,846.35,-1,-1,-1,-1
254,1,819.08,228.44,184.84,535.30,-1,-1,-1,-1
254,3,116.28,124.07,429.07,938.32,-1,-1,-1,-1
255,0,1459.14,167.11,348.05,847.97,-1,-1,-1,-1
255,1,792.97,216.66,181.45,548.32,-1,-1,-1,-1
255,3,108.44,125.71,441.18,935.07,-1,-1,-1,-1
256,0,1477.36,173.03,317.71,832.39,-1,-1,-1,-1
256,1,764.94,207.69,195.75,554.99,-1,-1,-1,-1
256,3,108.09,136.26,445.82,915.29,-1,-1,-1,-1
257,0,1481.88,183.68,315.83,804.87,-1,-1,-1,-1
257,1,724.76,213.31,223.51,544.72,-1,-1,-1,-1
257,3,128.95,128.32,442.91,926.44,-1,-1,-1,-1
257,7,1.72,227.91,170.68,585.92,-1,-1,-1,-1
258,0,1458.63,193.09,334.92,778.82,-1,-1,-1,-1
258,1,698.74,220.62,236.82,537.89,-1,-1,-1,-1
258,3,139.63,105.21,452.72,963.25,-1,-1,-1,-1
258,7,3.61,222.01,171.49,603.05,-1,-1,-1,-1
259,0,1434.96,189.23,348.05,768.25,-1,-1,-1,-1
259,1,671.15,225.40,254.80,543.11,-1,-1,-1,-1
259,3,146.06,100.48,472.12,964.68,-1,-1,-1,-1
259,7,4.95,215.09,168.31,623.00,-1,-1,-1,-1
260,0,1416.51,190.20,338.09,744.21,-1,-1,-1,-1
260,1,657.08,225.99,240.24,551.37,-1,-1,-1,-1
260,3,148.37,96.42,499.79,967.55,-1,-1,-1,-1
260,7,4.92,213.30,164.89,633.77,-1,-1,-1,-1
261,0,1402.24,191.43,321.85,731.66,-1,-1,-1,-1
261,1,649.38,227.85,209.83,553.71,-1,-1,-1,-1
261,3,163.93,93.75,514.46,968.24,-1,-1,-1,-1
261,7,5.31,223.40,155.49,610.61,-1,-1,-1,-1
262,0,1386.32,195.85,322.42,718.86,-1,-1,-1,-1
262,1,638.29,222.59,186.79,562.75,-1,-1,-1,-1
262,3,211.32,95.50,500.68,968.22,-1,-1,-1,-1
262,7,4.59,231.05,150.89,589.02,-1,-1,-1,-1
263,0,1365.77,203.55,341.96,698.74,-1,-1,-1,-1
263,1,626.43,218.96,179.72,556.94,-1,-1,-1,-1
263,3,264.66,83.36,490.11,987.87,-1,-1,-1,-1
263,7,4.97,226.64,145.89,590.09,-1,-1,-1,-1
264,0,1362.63,204.87,339.38,693.68,-1,-1,-1,-1
264,1,623.82,214.65,164.60,565.76,-1,-1,-1,-1
264,3,332.52,77.46,445.87,996.32,-1,-1,-1,-1
264,7,3.54,233.69,147.50,575.40,-1,-1,-1,-1
265,0,1367.60,202.43,309.51,695.19,-1,-1,-1,-1
265,1,604.51,212.63,165.84,570.07,-1,-1,-1,-1
265,3,398.88,59.52,398.39,1014.75,-1,-1,-1,-1
265,7,3.27,236.89,147.11,558.16,-1,-1,-1,-1
266,0,1364.98,205.42,278.48,679.43,-1,-1,-1,-1
266,1,585.19,210.62,167.08,574.37,-1,-1,-1,-1
266,3,458.66,68.08,357.46,1004.73,-1,-1,-1,-1
266,7,2.91,232.30,147.17,568.98,-1,-1,-1,-1
267,0,1361.17,202.05,258.26,671.66,-1,-1,-1,-1
267,1,565.88,208.60,168.32,578.68,-1,-1,-1,-1
267,3,496.29,74.08,348.39,990.15,-1,-1,-1,-1
267,7,2.97,232.61,147.57,568.01,-1,-1,-1,-1
268,0,1358.97,204.85,220.49,662.52,-1,-1,-1,-1
268,1,546.56,206.59,169.56,582.99,-1,-1,-1,-1
268,3,524.98,71.71,343.95,992.58,-1,-1,-1,-1
268,7,1.43,229.12,161.69,568.59,-1,-1,-1,-1
269,0,1348.32,211.33,208.86,644.47,-1,-1,-1,-1
269,1,470.98,208.36,187.35,631.41,-1,-1,-1,-1
269,3,542.75,69.33,346.31,1001.17,-1,-1,-1,-1
269,7,-0.99,226.95,188.64,572.17,-1,-1,-1,-1
270,0,1329.66,209.17,221.12,640.34,-1,-1,-1,-1
270,1,430.42,204.74,217.51,642.14,-1,-1,-1,-1
270,3,599.04,66.55,309.03,997.18,-1,-1,-1,-1
270,7,1.63,227.34,207.89,575.97,-1,-1,-1,-1
271,0,1300.79,207.58,251.14,635.78,-1,-1,-1,-1
271,1,402.24,203.04,234.39,650.49,-1,-1,-1,-1
271,3,643.52,68.19,299.54,991.04,-1,-1,-1,-1
271,7,3.59,228.05,225.17,574.68,-1,-1,-1,-1
272,0,1276.72,208.16,271.23,627.07,-1,-1,-1,-1
272,1,378.78,206.06,251.27,647.71,-1,-1,-1,-1
272,3,686.18,70.98,317.49,988.43,-1,-1,-1,-1
272,7,7.63,232.98,225.63,569.55,-1,-1,-1,-1
273,0,1253.47,217.24,279.85,606.71,-1,-1,-1,-1
273,1,362.12,203.30,253.48,652.77,-1,-1,-1,-1
273,3,722.30,81.17,330.54,978.94,-1,-1,-1,-1
273,7,9.62,235.45,239.93,568.00,-1,-1,-1,-1
274,0,1226.44,221.55,292.06,592.32,-1,-1,-1,-1
274,1,350.78,202.08,246.13,651.59,-1,-1,-1,-1
274,3,753.33,77.64,362.59,988.41,-1,-1,-1,-1
274,7,15.45,235.36,237.55,570.51,-1,-1,-1,-1
275,0,1225.39,228.24,272.59,584.24,-1,-1,-1,-1
275,1,336.88,198.63,240.84,659.37,-1,-1,-1,-1
275,3,781.56,69.40,394.50,1002.08,-1,-1,-1,-1
275,7,25.12,223.29,222.87,594.43,-1,-1,-1,-1
276,0,1213.23,230.63,262.89,579.95,-1,-1,-1,-1
276,1,322.92,194.57,244.38,678.19,-1,-1,-1,-1
276,3,808.13,65.52,412.80,1012.03,-1,-1,-1,-1
276,7,23.37,218.86,228.85,602.10,-1,-1,-1,-1
277,0,1203.78,235.26,257.09,566.51,-1,-1,-1,-1
277,1,312.08,194.39,249.73,693.53,-1,-1,-1,-1
277,3,832.38,71.56,405.40,1007.12,-1,-1,-1,-1
277,7,24.69,220.81,230.16,593.73,-1,-1,-1,-1
278,0,1194.77,238.98,246.60,551.16,-1,-1,-1,-1
278,1,295.27,195.03,264.98,704.07,-1,-1,-1,-1
278,3,844.91,91.15,407.76,984.72,-1,-1,-1,-1
278,7,26.85,216.96,236.21,603.28,-1,-1,-1,-1
279,0,1189.23,231.99,231.72,551.61,-1,-1,-1,-1
279,1,277.55,195.78,276.53,712.28,-1,-1,-1,-1
279,3,857.77,89.60,413.42,984.57,-1,-1,-1,-1
279,7,31.01,213.53,239.29,609.06,-1,-1,-1,-1
280,0,1191.65,240.95,203.69,524.50,-1,-1,-1,-1
280,1,251.12,195.17,293.00,721.84,-1,-1,-1,-1
280,3,882.77,77.38,420.58,997.39,-1,-1,-1,-1
280,7,39.55,209.97,243.41,615.63,-1,-1,-1,-1
281,0,1180.90,245.63,197.48,508.49,-1,-1,-1,-1
281,1,242.21,189.15,282.09,739.20,-1,-1,-1,-1
281,3,908.66,63.36,434.95,1014.25,-1,-1,-1,-1
281,7,50.47,207.20,241.44,618.19,-1,-1,-1,-1
282,0,1170.16,250.31,191.26,492.49,-1,-1,-1,-1
282,1,210.44,189.09,310.02,743.07,-1,-1,-1,-1
282,3,943.17,64.18,420.55,1009.97,-1,-1,-1,-1
282,7,54.84,203.35,242.85,620.56,-1,-1,-1,-1
283,0,1159.41,254.99,185.04,476.48,-1,-1,-1,-1
283,1,184.09,190.29,330.45,733.53,-1,-1,-1,-1
283,3,979.23,66.82,407.89,1006.09,-1,-1,-1,-1
283,7,61.20,194.23,263.35,664.45,-1,-1,-1,-1
284,0,1148.66,259.67,178.83,460.47,-1,-1,-1,-1
284,1,160.86,174.64,343.80,790.82,-1,-1,-1,-1
284,3,1022.71,80.27,384.16,992.79,-1,-1,-1,-1
284,7,73.82,207.64,244.45,634.40,-1,-1,-1,-1
285,1,123.23,181.67,380.86,793.18,-1,-1,-1,-1
285,3,1064.04,79.61,359.26,996.88,-1,-1,-1,-1
285,7,86.34,211.74,228.59,621.16,-1,-1,-1,-1
286,1,122.93,172.73,359.23,840.91,-1,-1,-1,-1
286,3,1094.89,86.39,350.90,985.47,-1,-1,-1,-1
286,7,106.14,226.14,188.72,566.41,-1,-1,-1,-1
287,1,103.97,175.72,376.95,856.43,-1,-1,-1,-1
287,3,1119.57,111.59,343.90,953.14,-1,-1,-1,-1
287,7,116.32,238.33,179.28,538.07,-1,-1,-1,-1
288,0,1041.89,232.89,182.54,534.32,-1,-1,-1,-1
288,1,56.49,178.40,452.88,848.09,-1,-1,-1,-1
288,3,1143.46,126.14,340.48,942.61,-1,-1,-1,-1
288,7,126.50,250.51,169.84,509.72,-1,-1,-1,-1
289,0,1018.08,240.07,199.82,528.57,-1,-1,-1,-1
289,1,46.76,180.27,464.33,833.52,-1,-1,-1,-1
289,3,1152.28,133.84,352.75,935.12,-1,-1,-1,-1
289,7,136.69,262.70,160.40,481.38,-1,-1,-1,-1
290,0,1005.88,243.66,190.03,523.65,-1,-1,-1,-1
290,1,60.75,171.21,447.46,842.75,-1,-1,-1,-1
290,3,1149.00,121.23,371.06,954.67,-1,-1,-1,-1
290,7,146.87,274.89,150.96,453.03,-1,-1,-1,-1
291,0,991.39,238.62,177.55,533.50,-1,-1,-1,-1
291,1,73.29,158.68,432.61,861.86,-1,-1,-1,-1
291,3,1125.26,119.12,421.35,959.24,-1,-1,-1,-1
292,0,966.12,238.22,191.60,538.53,-1,-1,-1,-1
292,1,41.44,145.73,480.92,887.27,-1,-1,-1,-1
292,3,1123.33,125.68,424.68,942.44,-1,-1,-1,-1
293,0,935.40,238.46,218.39,540.50,-1,-1,-1,-1
293,1,25.22,137.56,511.84,911.33,-1,-1,-1,-1
293,3,1147.05,115.04,404.62,955.44,-1,-1,-1,-1
294,0,895.16,240.62,253.95,544.98,-1,-1,-1,-1
294,1,22.74,131.48,513.68,922.75,-1,-1,-1,-1
294,3,1170.26,121.69,393.94,940.59,-1,-1,-1,-1
295,0,873.49,247.80,265.22,538.82,-1,-1,-1,-1
295,1,9.82,135.31,513.59,928.03,-1,-1,-1,-1
295,3,1205.45,131.82,370.26,917.74,-1,-1,-1,-1
296,0,853.44,248.16,275.68,540.66,-1,-1,-1,-1
296,1,4.50,141.95,496.67,919.99,-1,-1,-1,-1
296,3,1249.67,143.13,336.82,891.26,-1,-1,-1,-1
297,0,841.26,244.54,267.62,550.59,-1,-1,-1,-1
297,1,10.37,143.20,496.29,915.02,-1,-1,-1,-1
297,3,1291.12,158.19,311.93,860.74,-1,-1,-1,-1
298,0,830.01,244.33,249.28,553.42,-1,-1,-1,-1
298,1,25.52,130.60,507.06,927.23,-1,-1,-1,-1
298,3,1316.73,163.45,305.25,852.45,-1,-1,-1,-1
299,0,822.07,239.94,226.73,556.77,-1,-1,-1,-1
299,1,21.85,98.47,526.84,966.65,-1,-1,-1,-1
299,3,1341.61,154.14,296.53,866.84,-1,-1,-1,-1
300,0,810.22,234.59,216.35,565.66,-1,-1,-1,-1
300,1,22.03,80.18,542.02,969.11,-1,-1,-1,-1
300,3,1365.39,146.59,285.28,867.21,-1,-1,-1,-1
301,0,798.64,231.29,213.16,572.38,-1,-1,-1,-1
301,1,52.76,72.57,512.43,980.58,-1,-1,-1,-1
301,3,1386.02,141.89,272.51,863.06,-1,-1,-1,-1
302,0,780.82,229.91,221.36,578.08,-1,-1,-1,-1
302,1,59.98,71.37,521.91,987.91,-1,-1,-1,-1
302,3,1408.48,140.48,257.59,848.84,-1,-1,-1,-1
303,0,754.55,229.74,236.11,593.31,-1,-1,-1,-1
303,1,91.59,80.87,500.76,978.60,-1,-1,-1,-1
303,3,1428.45,139.46,246.17,839.92,-1,-1,-1,-1
304,0,730.82,231.85,244.00,600.77,-1,-1,-1,-1
304,1,130.29,97.09,461.24,963.95,-1,-1,-1,-1
304,3,1444.50,137.95,238.16,836.05,-1,-1,-1,-1
305,0,715.17,238.50,239.59,597.18,-1,-1,-1,-1
305,1,145.52,105.62,481.00,961.27,-1,-1,-1,-1
305,3,1459.43,135.54,228.65,829.32,-1,-1,-1,-1
306,0,701.49,245.17,230.92,595.13,-1,-1,-1,-1
306,1,207.33,111.86,454.06,955.91,-1,-1,-1,-1
306,3,1472.22,132.02,223.41,839.59,-1,-1,-1,-1
306,7,140.05,167.81,238.91,738.89,-1,-1,-1,-1
307,0,679.31,230.43,239.32,625.97,-1,-1,-1,-1
307,1,273.32,92.40,406.81,977.87,-1,-1,-1,-1
307,3,1485.19,135.24,221.26,836.54,-1,-1,-1,-1
307,7,132.65,159.87,263.21,758.97,-1,-1,-1,-1
308,0,689.23,227.71,210.42,635.03,-1,-1,-1,-1
308,1,320.52,77.82,406.42,985.25,-1,-1,-1,-1
308,3,1497.81,137.38,216.50,842.00,-1,-1,-1,-1
308,7,129.28,144.97,286.03,798.95,-1,-1,-1,-1
309,0,694.92,224.53,194.83,637.79,-1,-1,-1,-1
309,1,369.66,53.13,415.21,1013.83,-1,-1,-1,-1
309,3,1505.03,151.88,216.68,812.85,-1,-1,-1,-1
309,7,130.62,127.44,304.15,845.53,-1,-1,-1,-1
310,0,697.37,236.72,189.05,622.77,-1,-1,-1,-1
310,1,438.48,54.20,396.50,1012.09,-1,-1,-1,-1
310,3,1495.08,158.28,231.80,804.97,-1,-1,-1,-1
310,7,135.94,114.22,324.52,884.08,-1,-1,-1,-1
311,0,686.98,240.30,188.33,620.45,-1,-1,-1,-1
311,1,506.68,38.62,381.86,1027.45,-1,-1,-1,-1
311,3,1478.30,163.69,250.27,790.89,-1,-1,-1,-1
311,7,149.23,103.55,330.76,924.34,-1,-1,-1,-1
312,0,676.58,243.88,187.61,618.13,-1,-1,-1,-1
312,1,577.41,48.84,348.06,1015.53,-1,-1,-1,-1
312,3,1469.57,166.78,257.96,779.88,-1,-1,-1,-1
312,7,159.90,103.82,337.85,943.08,-1,-1,-1,-1
313,0,666.18,247.46,186.88,615.81,-1,-1,-1,-1
313,1,622.97,49.35,353.09,1011.60,-1,-1,-1,-1
313,3,1461.25,172.75,266.46,760.17,-1,-1,-1,-1
313,7,168.34,112.02,343.25,948.77,-1,-1,-1,-1
314,0,619.68,247.35,177.16,641.91,-1,-1,-1,-1
314,1,641.58,47.43,409.62,1015.86,-1,-1,-1,-1
314,3,1457.58,179.04,265.29,741.15,-1,-1,-1,-1
314,7,171.92,124.01,352.31,935.59,-1,-1,-1,-1
315,0,591.34,248.06,203.13,633.49,-1,-1,-1,-1
315,1,686.38,45.05,410.14,1017.13,-1,-1,-1,-1
315,3,1453.09,183.47,266.22,726.44,-1,-1,-1,-1
315,7,173.45,125.72,360.53,934.86,-1,-1,-1,-1
316,0,561.83,240.50,248.30,643.44,-1,-1,-1,-1
316,1,745.99,24.08,448.85,1053.12,-1,-1,-1,-1
316,3,1443.35,183.50,272.99,716.70,-1,-1,-1,-1
316,7,171.28,126.37,369.27,935.62,-1,-1,-1,-1
317,0,543.40,235.31,264.85,651.32,-1,-1,-1,-1
317,1,802.34,26.48,459.55,1047.38,-1,-1,-1,-1
317,3,1433.46,185.46,283.48,703.73,-1,-1,-1,-1
317,7,167.50,115.31,373.93,955.48,-1,-1,-1,-1
318,0,519.43,226.17,268.09,672.30,-1,-1,-1,-1
318,1,863.71,15.67,444.55,1062.87,-1,-1,-1,-1
318,3,1420.14,185.63,294.36,702.51,-1,-1,-1,-1
318,7,156.56,103.82,382.81,973.49,-1,-1,-1,-1
319,0,506.28,220.94,255.13,674.50,-1,-1,-1,-1
319,1,914.52,8.65,448.81,1073.02,-1,-1,-1,-1
319,3,1412.06,189.74,296.53,694.36,-1,-1,-1,-1
319,7,146.66,96.79,399.96,976.41,-1,-1,-1,-1
320,0,500.66,215.56,238.09,689.53,-1,-1,-1,-1
320,1,972.16,71.44,385.96,984.67,-1,-1,-1,-1
320,3,1406.63,192.20,281.03,684.34,-1,-1,-1,-1
320,7,146.95,91.05,407.87,981.85,-1,-1,-1,-1
321,0,492.43,216.56,232.84,683.66,-1,-1,-1,-1
321,1,1031.49,83.72,358.47,978.00,-1,-1,-1,-1
321,3,1400.82,186.77,269.15,683.51,-1,-1,-1,-1
321,7,141.40,85.87,427.80,991.88,-1,-1,-1,-1
322,0,479.30,210.30,241.18,691.48,-1,-1,-1,-1
322,1,1072.98,86.27,385.93,984.28,-1,-1,-1,-1
322,3,1389.96,181.71,274.84,686.02,-1,-1,-1,-1
322,7,148.71,87.49,425.53,985.53,-1,-1,-1,-1
323,0,465.27,213.47,250.14,684.50,-1,-1,-1,-1
323,1,1119.46,120.52,427.91,938.60,-1,-1,-1,-1
323,3,1361.03,163.21,289.46,704.15,-1,-1,-1,-1
323,7,162.00,94.74,437.07,973.35,-1,-1,-1,-1
324,0,468.56,216.49,243.50,678.47,-1,-1,-1,-1
324,1,1177.16,98.95,453.86,962.49,-1,-1,-1,-1
324,3,1379.71,195.73,270.99,634.92,-1,-1,-1,-1
324,7,183.22,101.21,450.00,967.95,-1,-1,-1,-1
325,0,473.97,212.09,234.38,692.06,-1,-1,-1,-1
325,1,1217.50,72.08,467.88,1005.69,-1,-1,-1,-1
325,3,1379.36,205.50,259.42,607.79,-1,-1,-1,-1
325,7,205.42,106.95,455.64,958.58,-1,-1,-1,-1
326,0,464.56,210.06,235.93,696.67,-1,-1,-1,-1
326,1,1253.57,53.91,472.01,1032.26,-1,-1,-1,-1
326,3,1379.02,215.27,247.85,580.65,-1,-1,-1,-1
326,7,245.39,91.65,434.95,979.78,-1,-1,-1,-1
327,0,455.15,208.03,237.47,701.27,-1,-1,-1,-1
327,1,1280.01,47.69,494.85,1039.82,-1,-1,-1,-1
327,3,1378.68,225.04,236.28,553.52,-1,-1,-1,-1
327,7,280.54,77.58,427.20,997.85,-1,-1,-1,-1
328,0,445.74,206.01,239.02,705.87,-1,-1,-1,-1
328,1,1325.18,39.17,502.28,1055.39,-1,-1,-1,-1
328,3,1378.34,234.80,224.71,526.38,-1,-1,-1,-1
328,7,324.83,61.80,403.51,1011.51,-1,-1,-1,-1
329,0,436.33,203.98,240.56,710.47,-1,-1,-1,-1
329,1,1370.36,30.65,509.72,1070.96,-1,-1,-1,-1
329,7,352.53,48.37,412.64,1018.83,-1,-1,-1,-1
330,0,377.75,237.36,149.01,589.72,-1,-1,-1,-1
330,1,1415.53,22.13,517.15,1086.53,-1,-1,-1,-1
330,3,1308.61,210.21,200.89,576.56,-1,-1,-1,-1
330,7,365.60,33.26,444.56,1030.31,-1,-1,-1,-1
331,0,346.48,217.48,180.03,716.26,-1,-1,-1,-1
331,1,1460.70,13.61,524.58,1102.09,-1,-1,-1,-1
331,3,1309.07,198.66,193.82,608.23,-1,-1,-1,-1
331,7,398.41,28.70,468.70,1029.18,-1,-1,-1,-1
332,0,324.23,187.36,206.80,812.18,-1,-1,-1,-1
332,3,1299.66,198.38,201.88,619.36,-1,-1,-1,-1
332,7,425.22,21.10,471.20,1034.61,-1,-1,-1,-1
333,0,294.75,179.30,246.89,850.40,-1,-1,-1,-1
333,3,1297.85,197.83,199.52,619.50,-1,-1,-1,-1
333,7,452.02,13.49,473.69,1040.03,-1,-1,-1,-1
334,0,277.15,178.22,276.22,866.23,-1,-1,-1,-1
334,3,1295.32,204.78,181.69,602.00,-1,-1,-1,-1
334,7,478.83,5.89,476.19,1045.45,-1,-1,-1,-1
335,0,261.01,176.53,311.98,877.86,-1,-1,-1,-1
335,1,1458.17,55.86,495.80,1008.68,-1,-1,-1,-1
335,3,1277.30,202.64,183.69,600.09,-1,-1,-1,-1
335,7,505.63,-1.72,478.69,1050.88,-1,-1,-1,-1
336,0,254.85,173.39,327.42,890.83,-1,-1,-1,-1
336,1,1473.33,84.83,448.22,968.38,-1,-1,-1,-1
336,3,1257.38,207.94,186.90,587.45,-1,-1,-1,-1
337,0,251.78,176.14,341.68,886.22,-1,-1,-1,-1
337,1,1521.68,96.10,378.02,944.85,-1,-1,-1,-1
337,3,1230.96,205.94,199.24,588.98,-1,-1,-1,-1
337,7,665.00,10.95,453.48,1062.10,-1,-1,-1,-1
338,0,249.45,177.02,363.25,888.82,-1,-1,-1,-1
338,1,1539.30,97.63,364.01,946.48,-1,-1,-1,-1
338,3,1198.09,207.32,225.15,583.62,-1,-1,-1,-1
338,7,724.30,16.65,408.97,1054.17,-1,-1,-1,-1
339,0,250.59,176.35,378.26,891.80,-1,-1,-1,-1
339,1,1530.43,108.38,394.22,930.28,-1,-1,-1,-1
339,3,1162.12,208.34,256.08,582.42,-1,-1,-1,-1
339,7,783.37,22.52,364.24,1040.70,-1,-1,-1,-1
340,0,249.42,172.76,385.66,905.47,-1,-1,-1,-1
340,1,1504.18,113.49,430.29,913.34,-1,-1,-1,-1
340,3,1146.57,214.07,263.69,574.11,-1,-1,-1,-1
340,7,829.60,8.45,363.25,1065.29,-1,-1,-1,-1
341,0,241.39,175.73,401.76,903.78,-1,-1,-1,-1
341,1,1477.23,103.52,460.40,938.31,-1,-1,-1,-1
341,3,1156.01,222.31,245.44,558.53,-1,-1,-1,-1
341,7,863.81,9.34,378.73,1060.53,-1,-1,-1,-1
342,0,235.84,182.22,411.25,891.09,-1,-1,-1,-1
342,1,1470.46,95.44,461.66,948.72,-1,-1,-1,-1
342,3,1169.22,226.09,225.58,552.15,-1,-1,-1,-1
342,7,863.15,5.47,436.94,1066.25,-1,-1,-1,-1
343,0,226.22,179.99,417.89,890.88,-1,-1,-1,-1
343,1,1473.14,105.29,447.60,930.41,-1,-1,-1,-1
343,3,1174.59,227.77,214.71,554.64,-1,-1,-1,-1
343,7,900.48,2.45,438.53,1070.06,-1,-1,-1,-1
344,0,220.77,181.03,416.98,882.30,-1,-1,-1,-1
344,1,1502.71,112.80,390.32,915.34,-1,-1,-1,-1
344,3,1167.48,229.93,213.39,551.23,-1,-1,-1,-1
344,7,937.80,-0.58,440.11,1073.87,-1,-1,-1,-1
345,0,211.87,171.70,423.69,898.34,-1,-1,-1,-1
345,1,1532.03,124.67,335.74,889.25,-1,-1,-1,-1
345,3,1160.36,232.10,212.08,547.81,-1,-1,-1,-1
345,7,906.58,10.14,478.48,1056.59,-1,-1,-1,-1
346,0,209.59,156.77,432.33,914.22,-1,-1,-1,-1
346,1,1553.95,143.75,302.96,849.93,-1,-1,-1,-1
346,3,1153.25,234.26,210.76,544.39,-1,-1,-1,-1
346,7,933.08,7.82,455.47,1060.73,-1,-1,-1,-1
347,0,209.71,146.04,458.79,926.89,-1,-1,-1,-1
347,1,1554.35,155.39,301.55,809.26,-1,-1,-1,-1
347,3,1146.13,236.43,209.45,540.98,-1,-1,-1,-1
347,7,968.44,12.90,437.13,1052.24,-1,-1,-1,-1
348,0,214.60,135.72,481.80,937.73,-1,-1,-1,-1
348,1,1550.11,157.87,290.46,790.04,-1,-1,-1,-1
348,7,1003.84,15.21,436.60,1043.73,-1,-1,-1,-1
349,0,244.24,136.70,463.41,930.21,-1,-1,-1,-1
349,1,1547.46,155.36,267.31,760.91,-1,-1,-1,-1
349,3,1064.04,220.73,200.81,568.72,-1,-1,-1,-1
349,7,1036.15,12.36,442.38,1047.04,-1,-1,-1,-1
350,0,271.92,141.49,459.69,922.23,-1,-1,-1,-1
350,1,1541.62,155.13,255.43,749.66,-1,-1,-1,-1
350,3,1020.28,225.35,226.55,557.53,-1,-1,-1,-1
350,7,1043.30,4.50,475.98,1060.73,-1,-1,-1,-1
351,0,317.73,147.78,438.00,917.69,-1,-1,-1,-1
351,1,1531.08,149.32,252.90,753.65,-1,-1,-1,-1
351,3,989.80,229.92,243.09,556.23,-1,-1,-1,-1
351,7,1063.10,-1.00,488.38,1075.03,-1,-1,-1,-1
352,0,377.50,149.27,399.93,919.43,-1,-1,-1,-1
352,1,1524.41,144.82,251.63,760.14,-1,-1,-1,-1
352,3,968.45,238.26,247.16,544.77,-1,-1,-1,-1
352,7,1105.77,0.87,480.96,1067.38,-1,-1,-1,-1
353,0,434.36,141.48,373.72,934.49,-1,-1,-1,-1
353,1,1511.40,144.38,259.13,772.25,-1,-1,-1,-1
353,3,954.37,243.40,234.69,536.61,-1,-1,-1,-1
353,7,1140.80,19.41,495.05,1038.65,-1,-1,-1,-1
354,0,484.30,125.13,346.43,957.31,-1,-1,-1,-1
354,1,1513.42,158.90,227.71,740.81,-1,-1,-1,-1
354,3,938.49,238.87,214.99,534.80,-1,-1,-1,-1
354,7,1182.40,13.45,468.36,1054.17,-1,-1,-1,-1
355,0,530.55,96.59,325.94,992.43,-1,-1,-1,-1
355,1,1507.09,162.43,224.08,729.08,-1,-1,-1,-1
355,3,915.76,235.00,193.84,532.87,-1,-1,-1,-1
355,7,1210.63,38.90,460.00,1019.55,-1,-1,-1,-1
356,0,569.31,102.08,320.41,977.89,-1,-1,-1,-1
356,1,1500.76,165.96,220.46,717.36,-1,-1,-1,-1
356,3,894.58,233.85,179.80,534.34,-1,-1,-1,-1
356,7,1246.97,40.72,428.24,1023.54,-1,-1,-1,-1
357,0,607.47,97.32,331.88,981.16,-1,-1,-1,-1
357,1,1494.43,169.50,216.83,705.63,-1,-1,-1,-1
357,3,867.78,233.37,186.49,532.79,-1,-1,-1,-1
357,7,1279.48,44.87,407.20,1023.28,-1,-1,-1,-1
357,12,-0.82,220.70,263.78,645.03,-1,-1,-1,-1
358,0,648.55,111.70,336.38,958.54,-1,-1,-1,-1
358,1,1488.09,173.03,213.21,693.90,-1,-1,-1,-1
358,3,844.11,233.03,186.00,531.40,-1,-1,-1,-1
358,7,1306.02,40.57,402.29,1035.93,-1,-1,-1,-1
358,12,-2.44,222.41,275.78,628.80,-1,-1,-1,-1
359,0,697.95,156.64,328.05,898.61,-1,-1,-1,-1
359,3,820.45,232.68,185.52,530.02,-1,-1,-1,-1
359,7,1328.49,37.23,412.07,1044.07,-1,-1,-1,-1
359,12,0.89,221.79,297.48,626.87,-1,-1,-1,-1
360,0,738.06,184.12,323.60,867.36,-1,-1,-1,-1
360,3,796.78,232.33,185.04,528.64,-1,-1,-1,-1
360,7,1345.32,51.99,432.87,1018.89,-1,-1,-1,-1
360,12,4.57,217.55,322.99,639.25,-1,-1,-1,-1
361,0,769.15,237.43,317.13,809.16,-1,-1,-1,-1
361,3,773.11,231.99,184.56,527.26,-1,-1,-1,-1
361,7,1366.18,52.71,434.96,1020.91,-1,-1,-1,-1
361,12,10.14,218.67,338.08,650.84,-1,-1,-1,-1
362,0,795.98,190.86,319.86,879.46,-1,-1,-1,-1
362,7,1370.09,48.24,460.44,1018.75,-1,-1,-1,-1
362,12,17.22,216.73,355.98,661.34,-1,-1,-1,-1
363,0,802.85,201.38,359.78,866.89,-1,-1,-1,-1
363,1,1320.27,223.25,162.10,576.92,-1,-1,-1,-1
363,3,755.15,233.68,170.49,553.06,-1,-1,-1,-1
363,7,1366.76,49.83,481.93,1009.48,-1,-1,-1,-1
363,12,36.71,222.67,342.32,662.43,-1,-1,-1,-1
364,0,846.28,154.48,346.56,924.93,-1,-1,-1,-1
364,1,1299.46,231.07,156.57,557.31,-1,-1,-1,-1
364,3,740.78,230.02,184.32,561.63,-1,-1,-1,-1
364,7,1365.02,49.31,471.00,1003.33,-1,-1,-1,-1
364,12,53.30,224.28,328.13,671.29,-1,-1,-1,-1
365,0,878.77,125.97,362.06,955.79,-1,-1,-1,-1
365,1,1278.66,238.89,151.04,537.69,-1,-1,-1,-1
365,3,730.40,228.26,184.93,577.28,-1,-1,-1,-1
365,7,1342.80,62.25,487.52,979.68,-1,-1,-1,-1
365,12,59.87,221.10,323.76,681.65,-1,-1,-1,-1
366,0,918.73,98.98,375.37,982.91,-1,-1,-1,-1
366,1,1244.65,182.96,205.62,617.39,-1,-1,-1,-1
366,3,718.24,223.04,186.41,593.00,-1,-1,-1,-1
366,7,1303.36,83.16,538.53,948.01,-1,-1,-1,-1
366,12,70.04,222.42,305.78,681.84,-1,-1,-1,-1
367,0,941.35,100.88,392.96,978.65,-1,-1,-1,-1
367,1,1221.52,173.48,209.32,628.55,-1,-1,-1,-1
367,3,702.68,215.03,194.63,615.17,-1,-1,-1,-1
367,7,1302.18,95.14,532.31,939.86,-1,-1,-1,-1
367,12,70.03,216.40,305.04,692.49,-1,-1,-1,-1
368,0,954.41,95.31,435.07,978.19,-1,-1,-1,-1
368,1,1198.39,164.00,213.03,639.71,-1,-1,-1,-1
368,3,664.09,221.68,234.02,604.21,-1,-1,-1,-1
368,7,1288.18,105.43,534.42,913.45,-1,-1,-1,-1
368,12,69.19,214.21,308.72,696.69,-1,-1,-1,-1
369,0,988.17,87.45,438.35,985.50,-1,-1,-1,-1
369,1,1175.27,154.51,216.73,650.87,-1,-1,-1,-1
369,3,641.87,223.15,250.76,606.04,-1,-1,-1,-1
369,7,1298.38,104.55,505.92,899.95,-1,-1,-1,-1
369,12,67.45,212.74,319.48,699.98,-1,-1,-1,-1
370,0,1021.94,79.59,441.62,992.82,-1,-1,-1,-1
370,1,1152.14,145.03,220.43,662.03,-1,-1,-1,-1
370,3,620.71,232.00,269.49,597.54,-1,-1,-1,-1
370,7,1320.66,113.92,470.80,843.56,-1,-1,-1,-1
370,12,61.86,213.75,341.74,703.97,-1,-1,-1,-1
371,0,1055.70,71.73,444.90,1000.13,-1,-1,-1,-1
371,3,609.25,241.53,278.38,589.50,-1,-1,-1,-1
371,7,1352.79,113.76,435.77,822.79,-1,-1,-1,-1
371,12,59.65,210.53,354.49,715.55,-1,-1,-1,-1
372,0,1089.46,63.87,448.17,1007.44,-1,-1,-1,-1
372,3,593.49,237.43,287.27,598.07,-1,-1,-1,-1
372,7,1383.32,109.64,395.79,806.94,-1,-1,-1,-1
372,12,65.35,206.48,355.25,734.12,-1,-1,-1,-1
373,3,580.59,230.46,293.57,606.99,-1,-1,-1,-1
373,7,1396.89,118.74,375.07,749.64,-1,-1,-1,-1
373,12,74.13,202.55,349.72,746.16,-1,-1,-1,-1
374,0,1082.70,111.75,542.46,940.89,-1,-1,-1,-1
374,3,575.37,230.12,276.80,610.44,-1,-1,-1,-1
374,7,1413.24,134.84,326.44,673.23,-1,-1,-1,-1
374,12,84.69,198.55,348.78,757.01,-1,-1,-1,-1
375,0,1116.65,114.59,537.73,932.57,-1,-1,-1,-1
375,1,1050.64,196.81,218.24,586.77,-1,-1,-1,-1
375,3,567.96,220.37,245.85,624.04,-1,-1,-1,-1
375,7,1437.62,136.31,275.86,596.25,-1,-1,-1,-1
375,12,101.03,193.97,336.72,767.20,-1,-1,-1,-1
376,0,1135.87,121.01,535.36,944.20,-1,-1,-1,-1
376,1,1028.73,213.01,230.87,555.12,-1,-1,-1,-1
376,3,543.89,213.51,239.19,636.60,-1,-1,-1,-1
376,7,1463.79,133.95,226.32,590.43,-1,-1,-1,-1
376,12,109.16,190.26,343.13,775.77,-1,-1,-1,-1
377,0,1165.57,128.87,533.62,943.67,-1,-1,-1,-1
377,1,1008.44,213.31,235.39,558.53,-1,-1,-1,-1
377,3,515.63,214.88,232.85,643.77,-1,-1,-1,-1
377,7,1472.36,138.16,212.06,553.21,-1,-1,-1,-1
377,12,120.71,182.74,344.74,796.49,-1,-1,-1,-1
378,0,1197.53,110.56,532.09,969.58,-1,-1,-1,-1
378,1,993.96,223.76,219.35,547.21,-1,-1,-1,-1
378,3,486.71,212.10,240.56,653.33,-1,-1,-1,-1
378,7,1480.93,142.36,197.80,516.00,-1,-1,-1,-1
378,12,147.89,178.33,321.23,823.04,-1,-1,-1,-1
379,0,1238.51,101.19,511.20,979.73,-1,-1,-1,-1
379,1,977.03,221.59,198.50,544.47,-1,-1,-1,-1
379,3,452.31,212.73,271.33,650.15,-1,-1,-1,-1
379,7,1489.50,146.57,183.54,478.78,-1,-1,-1,-1
379,12,173.00,174.16,302.70,846.01,-1,-1,-1,-1
380,0,1277.82,121.27,493.95,946.71,-1,-1,-1,-1
380,1,951.84,219.66,198.74,546.43,-1,-1,-1,-1
380,3,411.14,216.88,310.22,647.40,-1,-1,-1,-1
380,7,1498.06,150.77,169.28,441.57,-1,-1,-1,-1
380,12,193.64,176.12,289.61,861.72,-1,-1,-1,-1
381,0,1314.98,122.82,472.72,948.03,-1,-1,-1,-1
381,1,930.60,212.67,197.78,558.22,-1,-1,-1,-1
381,3,392.40,223.10,319.76,640.47,-1,-1,-1,-1
381,12,203.05,174.96,286.75,884.59,-1,-1,-1,-1
382,0,1344.97,119.38,467.25,953.51,-1,-1,-1,-1
382,1,903.29,218.23,203.52,548.53,-1,-1,-1,-1
382,3,389.36,227.70,303.56,636.06,-1,-1,-1,-1
382,12,206.62,174.69,297.39,891.61,-1,-1,-1,-1
383,0,1379.70,105.25,455.56,973.80,-1,-1,-1,-1
383,1,866.38,213.02,221.53,558.64,-1,-1,-1,-1
383,3,386.76,220.14,278.42,652.94,-1,-1,-1,-1
383,7,1362.45,140.31,201.08,712.74,-1,-1,-1,-1
383,12,210.02,180.58,319.77,884.12,-1,-1,-1,-1
384,0,1433.13,98.92,414.79,981.69,-1,-1,-1,-1
384,1,833.09,216.52,246.72,560.20,-1,-1,-1,-1
384,3,382.46,221.56,254.82,641.12,-1,-1,-1,-1
384,7,1346.80,140.46,214.23,727.29,-1,-1,-1,-1
384,12,216.09,179.04,333.20,883.81,-1,-1,-1,-1
385,0,1470.50,100.29,389.75,973.79,-1,-1,-1,-1
385,1,818.61,227.06,230.37,551.13,-1,-1,-1,-1
385,3,381.87,209.07,239.82,676.82,-1,-1,-1,-1
385,7,1330.15,143.55,226.48,728.13,-1,-1,-1,-1
385,12,217.55,167.22,368.61,898.70,-1,-1,-1,-1
386,0,1496.76,98.15,378.37,972.01,-1,-1,-1,-1
386,1,808.58,224.88,194.05,558.30,-1,-1,-1,-1
386,3,363.76,203.01,245.08,691.66,-1,-1,-1,-1
386,7,1316.47,145.49,236.39,725.45,-1,-1,-1,-1
386,12,227.27,159.83,388.86,910.39,-1,-1,-1,-1
387,0,1524.02,97.04,355.84,967.30,-1,-1,-1,-1
387,1,787.58,217.54,173.13,576.58,-1,-1,-1,-1
387,3,345.66,196.94,250.35,706.51,-1,-1,-1,-1
387,7,1302.99,150.19,245.72,714.53,-1,-1,-1,-1
387,12,245.85,152.83,395.61,926.30,-1,-1,-1,-1
388,0,1545.48,118.79,343.36,937.99,-1,-1,-1,-1
388,1,763.88,208.21,166.21,586.38,-1,-1,-1,-1
388,3,327.55,190.88,255.61,721.36,-1,-1,-1,-1
388,7,1285.11,155.03,256.31,699.43,-1,-1,-1,-1
388,12,267.63,166.23,382.78,906.90,-1,-1,-1,-1
389,0,1560.99,144.85,314.20,903.09,-1,-1,-1,-1
389,1,724.47,208.40,192.70,574.95,-1,-1,-1,-1
389,3,309.45,184.82,260.88,736.20,-1,-1,-1,-1
389,7,1256.72,157.74,279.14,683.36,-1,-1,-1,-1
389,12,292.38,155.77,349.10,921.81,-1,-1,-1,-1
390,0,1568.62,151.55,278.54,887.45,-1,-1,-1,-1
390,1,692.51,208.15,212.35,567.89,-1,-1,-1,-1
390,7,1230.04,156.96,292.01,674.17,-1,-1,-1,-1
390,12,300.71,146.04,355.93,936.42,-1,-1,-1,-1
391,0,1557.68,155.10,284.44,891.19,-1,-1,-1,-1
391,1,650.89,200.24,241.17,585.02,-1,-1,-1,-1
391,7,1216.79,157.91,283.19,662.79,-1,-1,-1,-1
391,12,297.89,142.70,393.13,925.39,-1,-1,-1,-1
392,0,1531.87,151.55,322.13,908.79,-1,-1,-1,-1
392,1,621.98,219.18,263.65,561.66,-1,-1,-1,-1
392,7,1205.59,163.29,274.41,650.85,-1,-1,-1,-1
392,12,303.72,144.33,406.49,907.99,-1,-1,-1,-1
393,0,1491.92,149.45,391.44,916.26,-1,-1,-1,-1
393,1,613.62,230.66,251.33,553.69,-1,-1,-1,-1
393,3,227.23,185.07,230.04,762.92,-1,-1,-1,-1
393,7,1203.19,168.75,263.67,639.09,-1,-1,-1,-1
393,12,327.01,124.42,397.03,943.04,-1,-1,-1,-1
394,0,1454.63,145.23,450.30,922.22,-1,-1,-1,-1
394,1,607.40,226.02,227.71,558.54,-1,-1,-1,-1
394,3,189.40,188.40,288.48,771.04,-1,-1,-1,-1
394,7,1197.50,168.57,258.12,640.53,-1,-1,-1,-1
394,12,344.63,118.11,405.02,943.70,-1,-1,-1,-1
395,0,1428.72,137.43,486.15,928.27,-1,-1,-1,-1
395,1,602.85,242.78,192.06,533.56,-1,-1,-1,-1
395,3,163.17,185.45,310.43,782.57,-1,-1,-1,-1
395,7,1191.18,163.33,248.70,646.34,-1,-1,-1,-1
395,12,354.99,124.94,420.57,917.64,-1,-1,-1,-1
396,0,1407.21,141.86,502.74,911.01,-1,-1,-1,-1
396,1,583.38,250.69,187.60,521.18,-1,-1,-1,-1
396,3,143.92,179.96,325.23,804.21,-1,-1,-1,-1
396,7,1180.69,170.47,233.78,631.21,-1,-1,-1,-1
396,12,331.43,126.89,461.10,918.21,-1,-1,-1,-1
397,0,1403.37,150.58,479.78,888.28,-1,-1,-1,-1
397,1,563.92,258.61,183.13,508.80,-1,-1,-1,-1
397,3,125.74,178.19,335.93,819.76,-1,-1,-1,-1
397,7,1165.31,171.78,219.94,627.05,-1,-1,-1,-1
397,12,386.00,107.16,422.52,956.18,-1,-1,-1,-1
398,0,1429.04,168.08,403.20,855.53,-1,-1,-1,-1
398,1,544.46,266.53,178.67,496.42,-1,-1,-1,-1
398,3,103.35,179.47,351.91,841.60,-1,-1,-1,-1
398,7,1141.36,177.83,216.84,616.55,-1,-1,-1,-1
398,12,437.91,100.17,389.68,972.29,-1,-1,-1,-1
399,0,1461.22,167.81,302.20,842.55,-1,-1,-1,-1
399,1,525.00,274.44,174.21,484.05,-1,-1,-1,-1
399,3,73.58,180.50,383.64,857.71,-1,-1,-1,-1
399,7,1121.65,192.47,210.94,599.40,-1,-1,-1,-1
399,12,469.16,90.94,399.87,988.30,-1,-1,-1,-1
400,0,1469.93,172.52,243.82,813.62,-1,-1,-1,-1
400,3,49.17,184.53,419.56,866.00,-1,-1,-1,-1
400,7,1077.74,209.52,244.86,582.15,-1,-1,-1,-1
400,12,484.20,82.64,413.02,999.94,-1,-1,-1,-1
401,0,1460.73,159.07,227.65,832.63,-1,-1,-1,-1
401,1,458.87,225.39,152.44,623.95,-1,-1,-1,-1
401,3,24.02,196.67,469.00,837.74,-1,-1,-1,-1
401,7,1031.16,225.80,290.42,567.22,-1,-1,-1,-1
401,12,507.80,82.24,413.48,994.43,-1,-1,-1,-1
402,0,1437.15,164.59,223.46,811.81,-1,-1,-1,-1
402,1,421.84,219.82,185.76,631.65,-1,-1,-1,-1
402,3,24.42,190.28,471.19,850.13,-1,-1,-1,-1
402,7,996.49,243.95,319.79,550.40,-1,-1,-1,-1
402,12,532.05,62.17,418.14,1020.03,-1,-1,-1,-1
403,0,1400.52,168.34,242.88,782.61,-1,-1,-1,-1
403,1,389.11,216.77,208.70,634.51,-1,-1,-1,-1
403,3,43.03,178.12,440.24,873.59,-1,-1,-1,-1
403,7,964.78,262.39,347.45,534.89,-1,-1,-1,-1
403,12,594.14,69.53,382.66,1009.70,-1,-1,-1,-1
404,0,1368.80,169.94,263.16,766.07,-1,-1,-1,-1
404,1,367.93,211.32,217.22,642.08,-1,-1,-1,-1
404,3,61.57,164.95,404.05,901.43,-1,-1,-1,-1
404,7,943.84,280.09,362.54,517.23,-1,-1,-1,-1
404,12,641.99,47.18,370.81,1036.51,-1,-1,-1,-1
405,0,1345.49,171.28,280.68,754.03,-1,-1,-1,-1
405,1,356.26,211.71,217.05,633.78,-1,-1,-1,-1
405,3,59.82,160.48,395.71,911.74,-1,-1,-1,-1
405,7,937.00,291.25,349.56,509.02,-1,-1,-1,-1
405,12,689.51,80.52,364.72,993.14,-1,-1,-1,-1
406,0,1324.97,179.12,291.23,736.26,-1,-1,-1,-1
406,1,352.73,209.94,202.55,626.95,-1,-1,-1,-1
406,3,75.32,155.33,377.90,924.73,-1,-1,-1,-1
406,7,936.65,290.91,317.09,520.27,-1,-1,-1,-1
406,12,690.98,76.81,425.86,999.12,-1,-1,-1,-1
407,0,1296.68,177.69,309.81,737.50,-1,-1,-1,-1
407,1,346.01,215.48,194.67,620.70,-1,-1,-1,-1
407,3,85.80,160.53,376.95,916.24,-1,-1,-1,-1
407,7,919.75,298.07,316.07,518.54,-1,-1,-1,-1
407,12,737.69,87.61,409.99,987.05,-1,-1,-1,-1
408,0,1271.45,185.28,314.07,723.54,-1,-1,-1,-1
408,1,337.11,216.16,184.51,626.85,-1,-1,-1,-1
408,3,96.38,165.50,374.02,912.82,-1,-1,-1,-1
408,7,902.85,305.22,315.05,516.81,-1,-1,-1,-1
408,12,802.68,93.55,362.61,970.33,-1,-1,-1,-1
409,0,1252.96,199.38,304.82,701.39,-1,-1,-1,-1
409,1,319.79,216.86,184.62,627.29,-1,-1,-1,-1
409,3,99.22,170.91,378.26,898.95,-1,-1,-1,-1
409,7,885.95,312.38,314.02,515.08,-1,-1,-1,-1
409,12,859.03,92.33,336.67,968.89,-1,-1,-1,-1
410,0,1240.14,206.36,296.99,694.81,-1,-1,-1,-1
410,1,302.47,217.57,184.73,627.74,-1,-1,-1,-1
410,3,103.20,175.58,381.57,891.51,-1,-1,-1,-1
410,7,869.04,319.54,313.00,513.35,-1,-1,-1,-1
410,12,860.61,78.09,382.01,994.14,-1,-1,-1,-1
411,0,1223.49,210.95,304.81,689.31,-1,-1,-1,-1
411,1,285.15,218.27,184.83,628.18,-1,-1,-1,-1
411,3,110.77,177.73,383.51,889.35,-1,-1,-1,-1
411,7,821.29,305.06,207.81,486.67,-1,-1,-1,-1
411,12,913.49,74.26,370.27,1003.23,-1,-1,-1,-1
412,0,1217.16,212.88,269.32,688.29,-1,-1,-1,-1
412,1,267.83,218.98,184.94,628.63,-1,-1,-1,-1
412,3,111.99,160.36,401.59,909.63,-1,-1,-1,-1
412,7,779.18,293.84,260.39,509.33,-1,-1,-1,-1
412,12,963.00,124.90,365.77,936.86,-1,-1,-1,-1
413,0,1199.35,215.62,267.24,682.98,-1,-1,-1,-1
413,3,117.91,140.39,418.54,936.19,-1,-1,-1,-1
413,7,739.03,295.07,311.50,511.23,-1,-1,-1,-1
413,12,1001.58,119.52,380.07,947.21,-1,-1,-1,-1
414,0,1181.54,218.36,265.16,677.67,-1,-1,-1,-1
414,3,121.05,121.55,448.17,956.86,-1,-1,-1,-1
414,7,714.15,291.79,342.32,518.48,-1,-1,-1,-1
414,12,1043.47,155.87,379.50,904.52,-1,-1,-1,-1
415,0,1163.73,221.09,263.08,672.36,-1,-1,-1,-1
415,3,140.69,107.28,448.20,969.59,-1,-1,-1,-1
415,7,701.86,292.63,346.53,517.19,-1,-1,-1,-1
415,12,1091.35,145.51,371.27,923.55,-1,-1,-1,-1
416,0,1145.92,223.83,261.00,667.05,-1,-1,-1,-1
416,3,162.79,97.99,438.20,976.94,-1,-1,-1,-1
416,7,691.34,296.41,333.07,505.64,-1,-1,-1,-1
416,12,1128.67,127.23,369.98,950.87,-1,-1,-1,-1
417,3,176.40,91.33,432.89,976.22,-1,-1,-1,-1
417,7,680.30,294.87,303.35,502.97,-1,-1,-1,-1
417,12,1158.31,96.97,376.00,991.82,-1,-1,-1,-1
418,0,1085.01,208.94,213.07,643.46,-1,-1,-1,-1
418,3,180.03,87.74,445.48,979.68,-1,-1,-1,-1
418,7,662.96,292.94,283.75,501.53,-1,-1,-1,-1
418,12,1183.90,91.16,378.92,998.18,-1,-1,-1,-1
419,0,1072.01,214.15,211.47,634.65,-1,-1,-1,-1
419,1,82.68,170.33,277.27,675.57,-1,-1,-1,-1
419,3,222.42,91.33,426.13,970.98,-1,-1,-1,-1
419,7,646.74,294.05,269.33,493.95,-1,-1,-1,-1
419,12,1226.19,67.68,349.69,1024.31,-1,-1,-1,-1
420,0,1058.86,230.33,222.20,611.23,-1,-1,-1,-1
420,1,80.56,159.08,283.78,749.54,-1,-1,-1,-1
420,3,261.89,84.95,416.73,985.21,-1,-1,-1,-1
420,7,628.77,286.12,267.34,509.30,-1,-1,-1,-1
420,12,1273.33,53.17,318.25,1037.55,-1,-1,-1,-1
421,0,1050.68,236.15,230.22,602.05,-1,-1,-1,-1
421,1,55.57,144.22,326.24,818.59,-1,-1,-1,-1
421,3,305.36,95.59,403.11,971.87,-1,-1,-1,-1
421,7,613.94,281.57,265.69,517.20,-1,-1,-1,-1
421,12,1307.80,60.04,315.59,1014.67,-1,-1,-1,-1
422,0,1036.33,238.59,251.23,599.94,-1,-1,-1,-1
422,1,22.83,132.37,375.17,872.14,-1,-1,-1,-1
422,3,333.45,93.19,419.63,974.30,-1,-1,-1,-1
422,7,600.66,276.73,263.36,529.64,-1,-1,-1,-1
422,12,1337.36,64.74,310.44,1002.12,-1,-1,-1,-1
423,0,1023.16,239.03,260.94,601.83,-1,-1,-1,-1
423,1,12.69,137.18,393.69,887.18,-1,-1,-1,-1
423,3,357.07,76.73,469.39,995.85,-1,-1,-1,-1
423,7,579.05,271.92,267.78,538.49,-1,-1,-1,-1
423,12,1363.23,71.96,308.69,981.55,-1,-1,-1,-1
424,0,1017.58,236.48,245.52,602.49,-1,-1,-1,-1
424,1,5.83,145.85,412.46,885.27,-1,-1,-1,-1
424,3,388.47,67.24,480.46,1007.97,-1,-1,-1,-1
424,7,557.45,267.10,272.20,547.34,-1,-1,-1,-1
424,12,1388.75,84.13,303.42,966.99,-1,-1,-1,-1
425,0,1003.81,233.73,228.33,603.71,-1,-1,-1,-1
425,1,1.89,152.70,430.40,881.51,-1,-1,-1,-1
425,3,415.22,62.43,478.57,1006.45,-1,-1,-1,-1
425,7,535.84,262.28,276.63,556.19,-1,-1,-1,-1
425,12,1402.86,93.91,329.20,960.06,-1,-1,-1,-1
426,0,986.97,235.40,210.75,593.89,-1,-1,-1,-1
426,1,15.24,157.87,428.03,881.46,-1,-1,-1,-1
426,3,436.49,45.03,484.64,1031.92,-1,-1,-1,-1
426,7,514.24,257.46,281.05,565.04,-1,-1,-1,-1
426,12,1411.41,94.61,391.31,968.70,-1,-1,-1,-1
427,0,965.49,237.54,203.95,579.64,-1,-1,-1,-1
427,1,11.89,150.55,507.32,887.47,-1,-1,-1,-1
427,3,476.89,53.91,471.02,1019.93,-1,-1,-1,-1
427,12,1419.38,94.71,438.20,975.30,-1,-1,-1,-1
428,0,947.69,239.94,199.66,570.71,-1,-1,-1,-1
428,1,20.46,132.90,535.60,908.01,-1,-1,-1,-1
428,3,521.27,37.92,446.21,1041.42,-1,-1,-1,-1
428,12,1419.59,106.68,472.40,935.33,-1,-1,-1,-1
429,0,930.37,235.95,201.00,588.54,-1,-1,-1,-1
429,1,33.49,113.90,509.85,944.17,-1,-1,-1,-1
429,3,558.74,52.79,435.81,1005.71,-1,-1,-1,-1
429,7,437.53,197.95,244.23,630.08,-1,-1,-1,-1
429,12,1410.89,109.62,502.43,925.56,-1,-1,-1,-1
430,0,925.15,238.42,186.83,573.63,-1,-1,-1,-1
430,1,30.82,119.78,509.25,931.10,-1,-1,-1,-1
430,3,621.55,49.26,416.92,1015.73,-1,-1,-1,-1
430,7,418.43,194.27,251.28,638.33,-1,-1,-1,-1
430,12,1402.63,104.43,516.23,936.68,-1,-1,-1,-1
431,0,908.60,239.39,185.19,568.65,-1,-1,-1,-1
431,1,47.83,115.25,490.54,941.13,-1,-1,-1,-1
431,3,688.04,47.44,396.05,1017.99,-1,-1,-1,-1
431,7,413.38,187.50,251.04,649.96,-1,-1,-1,-1
431,12,1400.87,106.47,497.67,938.67,-1,-1,-1,-1
432,0,892.05,240.36,183.55,563.67,-1,-1,-1,-1
432,1,91.31,113.10,422.80,957.52,-1,-1,-1,-1
432,3,754.36,35.78,378.42,1033.67,-1,-1,-1,-1
432,7,403.53,190.44,256.00,647.61,-1,-1,-1,-1
432,12,1397.59,111.91,462.78,930.33,-1,-1,-1,-1
433,0,875.50,241.33,181.91,558.69,-1,-1,-1,-1
433,1,120.63,117.11,392.13,955.25,-1,-1,-1,-1
433,3,806.20,38.97,408.41,1021.00,-1,-1,-1,-1
433,7,407.67,197.54,246.85,639.93,-1,-1,-1,-1
433,12,1395.62,125.51,443.33,912.39,-1,-1,-1,-1
434,0,858.95,242.30,180.27,553.71,-1,-1,-1,-1
434,1,113.51,112.61,474.93,958.14,-1,-1,-1,-1
434,3,851.00,39.80,445.65,1017.80,-1,-1,-1,-1
434,7,390.69,192.75,265.80,647.49,-1,-1,-1,-1
434,12,1401.40,142.13,418.19,887.75,-1,-1,-1,-1
435,1,116.51,99.57,505.74,963.51,-1,-1,-1,-1
435,3,892.00,38.74,464.59,1019.71,-1,-1,-1,-1
435,7,376.31,190.14,267.10,650.62,-1,-1,-1,-1
435,12,1410.89,146.00,401.46,886.98,-1,-1,-1,-1
436,0,848.83,247.94,139.69,533.59,-1,-1,-1,-1
436,1,124.91,78.76,515.13,996.13,-1,-1,-1,-1
436,3,934.58,35.27,472.39,1033.65,-1,-1,-1,-1
436,7,361.93,187.53,268.40,653.76,-1,-1,-1,-1
436,12,1424.84,157.67,384.28,854.22,-1,-1,-1,-1
437,0,814.68,245.52,189.31,545.04,-1,-1,-1,-1
437,1,143.48,67.76,486.59,1002.59,-1,-1,-1,-1
437,3,983.89,45.84,451.64,1022.00,-1,-1,-1,-1
437,7,347.55,184.92,269.69,656.89,-1,-1,-1,-1
437,12,1437.46,168.13,373.85,812.42,-1,-1,-1,-1
438,0,785.21,243.81,236.06,544.88,-1,-1,-1,-1
438,1,188.79,48.32,423.88,1021.86,-1,-1,-1,-1
438,3,1026.63,66.39,416.15,999.80,-1,-1,-1,-1
438,7,333.16,182.31,270.99,660.03,-1,-1,-1,-1
438,12,1444.98,168.88,369.55,796.94,-1,-1,-1,-1
439,0,773.25,241.53,256.59,545.58,-1,-1,-1,-1
439,1,221.05,37.35,394.29,1038.12,-1,-1,-1,-1
439,3,1069.20,66.09,389.53,1005.01,-1,-1,-1,-1
439,12,1446.77,173.84,366.22,780.34,-1,-1,-1,-1
440,0,772.42,245.38,253.39,541.99,-1,-1,-1,-1
440,1,241.81,49.57,391.08,1018.49,-1,-1,-1,-1
440,3,1108.52,67.68,374.21,998.11,-1,-1,-1,-1
440,12,1447.85,170.83,354.10,783.00,-1,-1,-1,-1
441,0,775.06,241.63,244.41,552.89,-1,-1,-1,-1
441,1,261.40,60.84,396.63,1008.91,-1,-1,-1,-1
441,3,1139.90,72.61,373.63,990.74,-1,-1,-1,-1
441,12,1457.50,183.15,328.83,758.62,-1,-1,-1,-1
442,0,770.67,241.86,237.77,556.80,-1,-1,-1,-1
442,1,290.78,64.96,384.95,998.91,-1,-1,-1,-1
442,3,1168.62,76.52,378.76,989.84,-1,-1,-1,-1
442,7,250.14,175.39,236.32,768.41,-1,-1,-1,-1
442,12,1460.53,188.38,308.40,754.31,-1,-1,-1,-1
443,0,761.29,240.07,239.51,560.84,-1,-1,-1,-1
443,1,353.35,59.15,363.68,1011.16,-1,-1,-1,-1
443,3,1204.87,68.12,374.93,1003.75,-1,-1,-1,-1
443,7,237.41,168.88,240.40,802.83,-1,-1,-1,-1
443,12,1449.67,192.38,303.06,752.74,-1,-1,-1,-1
444,0,758.02,232.72,209.95,580.17,-1,-1,-1,-1
444,1,406.16,39.17,397.97,1038.43,-1,-1,-1,-1
444,3,1221.53,68.23,430.54,998.47,-1,-1,-1,-1
444,7,221.32,168.98,253.90,800.50,-1,-1,-1,-1
444,12,1461.24,209.93,268.72,724.68,-1,-1,-1,-1
445,0,746.09,228.48,213.45,589.86,-1,-1,-1,-1
445,1,458.19,39.64,421.66,1031.78,-1,-1,-1,-1
445,3,1260.91,75.99,419.03,988.34,-1,-1,-1,-1
445,7,211.20,167.53,258.43,804.15,-1,-1,-1,-1
445,12,1469.04,221.59,229.53,653.95,-1,-1,-1,-1
446,0,734.17,224.23,216.95,599.54,-1,-1,-1,-1
446,1,504.83,31.82,433.67,1040.80,-1,-1,-1,-1
446,3,1288.21,78.38,404.55,993.50,-1,-1,-1,-1
446,7,200.11,165.66,265.29,806.95,-1,-1,-1,-1
446,12,1470.99,238.04,215.11,612.91,-1,-1,-1,-1
447,0,722.24,219.99,220.44,609.23,-1,-1,-1,-1
447,1,551.39,32.15,438.58,1043.37,-1,-1,-1,-1
447,3,1310.75,75.45,391.34,1002.33,-1,-1,-1,-1
447,7,190.30,162.51,276.21,811.21,-1,-1,-1,-1
447,12,1472.93,254.49,200.70,571.87,-1,-1,-1,-1
448,0,710.32,215.74,223.94,618.91,-1,-1,-1,-1
448,1,591.82,40.68,435.62,1026.67,-1,-1,-1,-1
448,3,1333.05,79.17,383.14,999.29,-1,-1,-1,-1
448,7,183.20,158.08,284.19,815.11,-1,-1,-1,-1
448,12,1474.88,270.94,186.29,530.83,-1,-1,-1,-1
449,1,613.11,46.07,448.62,1019.01,-1,-1,-1,-1
449,3,1350.69,82.00,383.13,997.30,-1,-1,-1,-1
449,7,176.89,149.92,294.14,836.57,-1,-1,-1,-1
449,12,1476.82,287.39,171.87,489.79,-1,-1,-1,-1
450,0,603.80,248.90,211.64,590.52,-1,-1,-1,-1
450,1,627.14,56.04,443.97,1007.79,-1,-1,-1,-1
450,3,1360.43,89.74,394.89,989.36,-1,-1,-1,-1
450,7,172.00,150.77,301.31,850.48,-1,-1,-1,-1
451,0,596.39,238.47,198.15,614.28,-1,-1,-1,-1
451,1,707.51,131.53,382.84,919.00,-1,-1,-1,-1
451,3,1358.29,85.10,425.60,990.48,-1,-1,-1,-1
451,7,167.82,155.36,310.53,858.48,-1,-1,-1,-1
452,0,586.17,246.89,201.70,607.93,-1,-1,-1,-1
452,1,753.73,159.84,364.20,874.24,-1,-1,-1,-1
452,3,1375.73,99.83,429.40,964.58,-1,-1,-1,-1
452,7,160.78,158.24,323.81,873.59,-1,-1,-1,-1
452,12,1298.75,210.42,242.08,637.87,-1,-1,-1,-1
453,0,575.14,246.25,202.80,619.29,-1,-1,-1,-1
453,1,823.70,88.23,366.95,979.26,-1,-1,-1,-1
453,3,1400.40,99.54,429.98,966.22,-1,-1,-1,-1
453,7,154.72,162.57,332.88,878.49,-1,-1,-1,-1
453,12,1268.14,200.28,258.59,657.17,-1,-1,-1,-1
454,0,559.21,252.07,207.56,609.86,-1,-1,-1,-1
454,1,876.31,80.25,381.91,980.14,-1,-1,-1,-1
454,3,1430.91,92.03,404.56,981.55,-1,-1,-1,-1
454,7,153.48,161.62,334.44,891.64,-1,-1,-1,-1
454,12,1242.80,200.95,255.52,639.26,-1,-1,-1,-1
455,0,537.89,258.36,219.95,600.89,-1,-1,-1,-1
455,1,916.99,44.61,416.01,1027.24,-1,-1,-1,-1
455,3,1445.88,88.89,397.87,987.92,-1,-1,-1,-1
455,7,149.65,152.55,348.08,910.14,-1,-1,-1,-1
455,12,1222.09,203.70,248.80,610.81,-1,-1,-1,-1
456,0,484.69,258.74,261.54,604.44,-1,-1,-1,-1
456,1,956.01,29.47,438.06,1039.08,-1,-1,-1,-1
456,3,1459.17,94.83,385.68,982.67,-1,-1,-1,-1
456,7,127.15,142.04,381.14,924.20,-1,-1,-1,-1
456,12,1213.45,202.70,219.17,581.92,-1,-1,-1,-1
457,0,459.80,259.75,275.35,604.77,-1,-1,-1,-1
457,1,991.76,25.65,456.33,1040.41,-1,-1,-1,-1
457,3,1467.94,107.79,376.13,963.96,-1,-1,-1,-1
457,7,119.93,129.98,389.12,940.44,-1,-1,-1,-1
457,12,1203.65,199.65,206.57,565.32,-1,-1,-1,-1
458,0,458.19,277.28,266.90,587.02,-1,-1,-1,-1
458,1,1023.91,33.22,456.96,1031.58,-1,-1,-1,-1
458,3,1475.59,117.62,363.85,950.31,-1,-1,-1,-1
458,7,110.37,110.10,413.52,970.12,-1,-1,-1,-1
458,12,1186.15,201.62,199.57,546.18,-1,-1,-1,-1
459,0,455.56,285.71,263.77,581.98,-1,-1,-1,-1
459,1,1058.21,39.19,439.30,1024.80,-1,-1,-1,-1
459,3,1481.52,122.74,352.29,945.87,-1,-1,-1,-1
459,7,109.22,95.83,428.00,987.74,-1,-1,-1,-1
459,12,1168.66,203.59,192.57,527.04,-1,-1,-1,-1
460,0,445.76,295.33,271.47,571.48,-1,-1,-1,-1
460,1,1102.21,51.59,425.44,1016.59,-1,-1,-1,-1
460,3,1489.15,125.98,333.00,929.43,-1,-1,-1,-1
460,7,121.94,95.76,429.41,984.83,-1,-1,-1,-1
460,12,1151.16,205.55,185.57,507.90,-1,-1,-1,-1
461,0,440.61,288.58,263.27,591.88,-1,-1,-1,-1
461,1,1137.93,41.75,426.82,1034.31,-1,-1,-1,-1
461,3,1504.79,134.53,303.16,906.11,-1,-1,-1,-1
461,7,140.03,96.62,428.70,976.18,-1,-1,-1,-1
461,12,1100.69,204.77,169.18,582.28,-1,-1,-1,-1
462,0,437.28,313.21,242.57,563.72,-1,-1,-1,-1
462,1,1192.13,31.08,413.75,1050.18,-1,-1,-1,-1
462,3,1524.32,137.73,271.00,894.98,-1,-1,-1,-1
462,7,154.76,93.28,458.66,980.85,-1,-1,-1,-1
462,12,1067.26,202.24,196.31,591.55,-1,-1,-1,-1
463,0,427.11,323.47,238.20,553.54,-1,-1,-1,-1
463,1,1217.69,55.24,473.67,1012.97,-1,-1,-1,-1
463,3,1544.71,133.42,237.25,890.55,-1,-1,-1,-1
463,7,187.89,100.77,448.57,963.08,-1,-1,-1,-1
463,12,1054.37,199.00,183.05,605.31,-1,-1,-1,-1
464,0,416.93,333.73,233.83,543.36,-1,-1,-1,-1
464,1,1256.30,71.07,489.43,986.37,-1,-1,-1,-1
464,3,1551.54,136.76,234.60,880.72,-1,-1,-1,-1
464,7,216.18,97.72,447.32,971.58,-1,-1,-1,-1
464,12,1037.54,191.10,173.11,622.22,-1,-1,-1,-1
465,0,406.76,343.99,229.45,533.17,-1,-1,-1,-1
465,1,1298.96,59.04,478.85,1006.36,-1,-1,-1,-1
465,3,1558.38,140.11,231.96,870.89,-1,-1,-1,-1
465,7,239.36,90.97,441.84,984.75,-1,-1,-1,-1
465,12,1011.56,191.00,184.54,622.41,-1,-1,-1,-1
466,0,396.58,354.25,225.08,522.99,-1,-1,-1,-1
466,1,1338.25,55.15,469.95,1015.02,-1,-1,-1,-1
466,3,1565.21,143.45,229.31,861.06,-1,-1,-1,-1
466,7,246.73,79.22,449.89,1001.29,-1,-1,-1,-1
466,12,977.63,195.74,210.76,612.43,-1,-1,-1,-1
467,1,1367.07,58.49,469.54,1006.47,-1,-1,-1,-1
467,3,1572.05,146.79,226.67,851.24,-1,-1,-1,-1
467,7,231.04,74.97,476.18,1006.34,-1,-1,-1,-1
467,12,949.75,207.86,233.29,590.74,-1,-1,-1,-1
468,1,1390.67,58.80,470.50,1007.68,-1,-1,-1,-1
468,7,231.66,65.40,486.32,1007.34,-1,-1,-1,-1
468,12,928.37,214.10,248.00,585.82,-1,-1,-1,-1
469,0,218.59,288.92,279.12,641.36,-1,-1,-1,-1
469,1,1421.73,64.70,453.52,994.74,-1,-1,-1,-1
469,7,271.39,67.13,480.21,988.50,-1,-1,-1,-1
469,12,910.52,215.12,258.44,589.19,-1,-1,-1,-1
470,0,197.32,290.13,291.67,651.04,-1,-1,-1,-1
470,1,1447.70,75.08,442.50,978.38,-1,-1,-1,-1
470,7,312.00,51.15,504.99,1009.92,-1,-1,-1,-1
470,12,898.41,212.20,256.06,596.03,-1,-1,-1,-1
471,0,192.62,290.70,285.31,653.51,-1,-1,-1,-1
471,1,1450.81,76.75,456.36,974.16,-1,-1,-1,-1
471,7,357.58,41.64,518.83,1024.38,-1,-1,-1,-1
471,12,881.34,218.68,255.27,589.06,-1,-1,-1,-1
472,0,204.13,301.17,271.41,633.90,-1,-1,-1,-1
472,1,1457.70,68.65,457.85,995.36,-1,-1,-1,-1
472,3,1414.67,150.06,214.65,725.70,-1,-1,-1,-1
472,7,404.69,38.01,529.13,1024.49,-1,-1,-1,-1
472,12,850.78,210.18,261.63,607.50,-1,-1,-1,-1
473,0,219.76,297.10,265.38,648.39,-1,-1,-1,-1
473,1,1484.26,66.74,428.55,998.76,-1,-1,-1,-1
473,3,1395.48,158.30,217.47,719.62,-1,-1,-1,-1
473,7,435.52,31.61,532.07,1030.10,-1,-1,-1,-1
473,12,845.95,209.20,233.70,610.33,-1,-1,-1,-1
474,0,235.95,286.33,259.27,677.42,-1,-1,-1,-1
474,1,1501.31,62.75,414.97,1011.96,-1,-1,-1,-1
474,3,1382.55,169.34,230.31,701.57,-1,-1,-1,-1
474,7,466.36,25.21,535.02,1035.71,-1,-1,-1,-1
474,12,838.41,222.64,203.43,596.18,-1,-1,-1,-1
475,0,237.43,268.96,270.18,717.78,-1,-1,-1,-1
475,1,1534.60,65.54,388.09,1013.02,-1,-1,-1,-1
475,3,1382.33,180.19,234.63,679.14,-1,-1,-1,-1
475,7,497.20,18.82,537.97,1041.32,-1,-1,-1,-1
475,12,839.14,308.63,187.46,486.54,-1,-1,-1,-1
476,0,227.97,249.26,296.75,751.20,-1,-1,-1,-1
476,1,1558.55,66.03,366.00,1013.20,-1,-1,-1,-1
476,3,1379.50,193.26,241.98,661.41,-1,-1,-1,-1
476,7,595.71,18.53,509.91,1048.85,-1,-1,-1,-1
476,12,831.28,341.63,167.75,435.40,-1,-1,-1,-1
477,0,217.76,231.38,354.04,782.73,-1,-1,-1,-1
477,1,1572.56,77.10,357.19,991.13,-1,-1,-1,-1
477,3,1378.16,194.16,237.43,663.12,-1,-1,-1,-1
477,7,637.81,16.48,512.41,1047.57,-1,-1,-1,-1
477,12,823.43,374.63,148.04,384.25,-1,-1,-1,-1
478,0,207.68,221.41,393.88,801.31,-1,-1,-1,-1
478,1,1587.83,81.00,342.77,975.08,-1,-1,-1,-1
478,3,1369.14,202.34,253.58,651.54,-1,-1,-1,-1
478,7,681.02,13.76,506.65,1041.67,-1,-1,-1,-1
478,12,815.57,407.63,128.33,333.11,-1,-1,-1,-1
479,0,202.07,207.45,385.94,830.03,-1,-1,-1,-1
479,1,1599.60,84.92,329.29,958.07,-1,-1,-1,-1
479,3,1359.21,207.44,257.62,637.35,-1,-1,-1,-1
479,7,731.12,7.50,459.19,1059.81,-1,-1,-1,-1
479,12,807.71,440.63,108.63,281.97,-1,-1,-1,-1
480,0,179.65,197.01,413.86,847.33,-1,-1,-1,-1
480,1,1594.52,98.80,334.63,915.86,-1,-1,-1,-1
480,3,1349.59,204.70,236.51,629.26,-1,-1,-1,-1
480,7,754.40,10.90,488.37,1054.34,-1,-1,-1,-1
480,12,685.59,279.20,190.61,548.37,-1,-1,-1,-1
481,0,172.11,189.67,400.84,860.43,-1,-1,-1,-1
481,1,1573.51,101.06,350.42,913.90,-1,-1,-1,-1
481,3,1334.57,211.50,221.82,611.65,-1,-1,-1,-1
481,7,791.97,8.42,489.24,1056.14,-1,-1,-1,-1
481,12,652.66,271.50,214.44,561.87,-1,-1,-1,-1
482,0,169.03,184.87,376.06,864.77,-1,-1,-1,-1
482,1,1574.06,109.41,333.77,897.39,-1,-1,-1,-1
482,3,1317.04,206.20,207.17,608.42,-1,-1,-1,-1
482,7,829.54,5.94,490.11,1057.95,-1,-1,-1,-1
482,12,620.74,247.92,244.63,592.47,-1,-1,-1,-1
483,0,167.51,181.03,357.78,875.31,-1,-1,-1,-1
483,1,1551.76,120.92,346.52,868.25,-1,-1,-1,-1
483,3,1296.57,209.86,201.84,603.40,-1,-1,-1,-1
483,7,867.11,3.46,490.98,1059.75,-1,-1,-1,-1
483,12,596.50,228.31,264.88,614.29,-1,-1,-1,-1
484,0,162.39,176.17,372.19,894.48,-1,-1,-1,-1
484,1,1510.04,138.75,379.86,831.48,-1,-1,-1,-1
484,3,1271.68,211.41,212.33,597.99,-1,-1,-1,-1
484,7,904.68,0.98,491.85,1061.56,-1,-1,-1,-1
484,12,573.44,219.57,286.80,617.18,-1,-1,-1,-1
485,0,163.25,174.19,402.78,904.13,-1,-1,-1,-1
485,1,1514.48,135.10,353.62,819.76,-1,-1,-1,-1
485,3,1252.20,215.85,225.89,589.68,-1,-1,-1,-1
485,12,555.89,219.56,312.60,612.23,-1,-1,-1,-1
486,0,178.50,171.50,409.45,910.86,-1,-1,-1,-1
486,1,1510.92,141.68,341.16,789.05,-1,-1,-1,-1
486,3,1243.94,216.83,232.79,586.11,-1,-1,-1,-1
486,12,550.72,225.54,309.65,603.89,-1,-1,-1,-1
487,0,203.02,168.73,401.64,915.25,-1,-1,-1,-1
487,1,1526.56,137.76,312.05,783.79,-1,-1,-1,-1
487,3,1231.27,218.24,230.58,580.54,-1,-1,-1,-1
487,12,546.43,225.44,295.53,600.96,-1,-1,-1,-1
488,0,228.61,172.96,389.56,909.65,-1,-1,-1,-1
488,1,1524.29,135.66,305.96,787.84,-1,-1,-1,-1
488,3,1218.61,219.65,228.38,574.97,-1,-1,-1,-1
488,12,553.86,220.29,264.79,604.65,-1,-1,-1,-1
489,0,261.95,179.45,358.32,896.50,-1,-1,-1,-1
489,1,1531.56,127.46,279.48,806.91,-1,-1,-1,-1
489,3,1205.94,221.05,226.18,569.39,-1,-1,-1,-1
489,12,562.93,214.58,222.13,606.00,-1,-1,-1,-1
490,0,287.57,163.92,347.91,917.40,-1,-1,-1,-1
490,1,1535.96,128.96,256.92,810.09,-1,-1,-1,-1
490,3,1193.27,222.46,223.97,563.82,-1,-1,-1,-1
490,7,1091.79,13.22,484.84,1064.66,-1,-1,-1,-1
490,12,559.92,208.87,189.19,610.65,-1,-1,-1,-1
491,0,313.97,165.73,337.07,911.13,-1,-1,-1,-1
491,1,1521.86,152.74,256.42,749.79,-1,-1,-1,-1
491,7,1138.93,25.19,463.32,1051.94,-1,-1,-1,-1
491,12,551.71,199.58,168.36,628.14,-1,-1,-1,-1
492,0,331.51,157.46,360.53,922.58,-1,-1,-1,-1
492,1,1514.21,157.63,240.88,718.56,-1,-1,-1,-1
492,7,1178.59,26.34,423.03,1048.78,-1,-1,-1,-1
492,12,535.04,192.69,170.84,637.46,-1,-1,-1,-1
493,0,344.59,139.93,421.25,944.19,-1,-1,-1,-1
493,1,1500.74,154.51,231.59,717.47,-1,-1,-1,-1
493,3,1140.05,222.60,140.17,551.63,-1,-1,-1,-1
493,7,1200.21,42.52,427.95,1018.23,-1,-1,-1,-1
493,12,518.38,185.80,173.31,646.77,-1,-1,-1,-1
494,0,363.05,135.90,472.30,935.23,-1,-1,-1,-1
494,1,1493.58,148.01,220.39,718.24,-1,-1,-1,-1
494,3,1105.55,210.22,183.72,564.29,-1,-1,-1,-1
494,7,1225.77,40.75,423.18,1018.59,-1,-1,-1,-1
494,12,501.71,178.91,175.78,656.09,-1,-1,-1,-1
495,0,394.54,125.82,489.10,950.24,-1,-1,-1,-1
495,1,1484.47,148.98,223.34,720.79,-1,-1,-1,-1
495,3,1064.46,208.51,229.92,569.21,-1,-1,-1,-1
495,7,1272.79,36.63,393.66,1027.81,-1,-1,-1,-1
495,12,485.05,172.02,178.25,665.40,-1,-1,-1,-1
496,0,406.88,124.51,517.83,952.74,-1,-1,-1,-1
496,1,1473.43,129.93,244.86,758.36,-1,-1,-1,-1
496,3,1027.38,206.89,265.05,575.94,-1,-1,-1,-1
496,7,1286.69,28.77,418.34,1042.39,-1,-1,-1,-1
497,0,415.42,136.79,533.43,938.02,-1,-1,-1,-1
497,1,1462.56,119.73,249.77,773.63,-1,-1,-1,-1
497,3,994.57,218.41,288.28,553.97,-1,-1,-1,-1
497,7,1314.48,25.96,420.84,1048.58,-1,-1,-1,-1
497,12,394.64,190.34,216.23,670.08,-1,-1,-1,-1
498,0,427.32,153.42,521.89,916.83,-1,-1,-1,-1
498,1,1451.69,109.53,254.67,788.90,-1,-1,-1,-1
498,3,958.79,219.57,310.20,552.88,-1,-1,-1,-1
498,7,1342.27,23.15,423.34,1054.78,-1,-1,-1,-1
498,12,373.93,194.92,214.09,667.60,-1,-1,-1,-1
499,0,506.85,154.33,394.01,911.27,-1,-1,-1,-1
499,1,1440.82,99.33,259.57,804.16,-1,-1,-1,-1
499,3,926.60,223.30,315.99,545.31,-1,-1,-1,-1
499,7,1370.05,20.33,425.83,1060.97,-1,-1,-1,-1
499,12,354.01,203.06,225.30,660.34,-1,-1,-1,-1
500,0,545.21,152.94,341.10,917.50,-1,-1,-1,-1
500,1,1429.96,89.13,264.47,819.43,-1,-1,-1,-1
500,3,903.68,220.90,308.73,560.36,-1,-1,-1,-1
500,7,1397.84,17.52,428.33,1067.16,-1,-1,-1,-1
500,12,338.16,205.51,238.47,661.14,-1,-1,-1,-1
501,0,570.01,139.39,331.86,933.96,-1,-1,-1,-1
501,3,893.44,218.89,277.47,564.09,-1,-1,-1,-1
501,12,318.19,205.26,255.34,675.27,-1,-1,-1,-1
502,0,589.57,132.95,346.66,938.60,-1,-1,-1,-1
502,3,882.07,215.98,258.38,567.96,-1,-1,-1,-1
502,7,1363.64,91.41,436.76,954.64,-1,-1,-1,-1
502,12,293.36,207.46,276.09,691.75,-1,-1,-1,-1
503,0,627.92,122.42,349.84,953.06,-1,-1,-1,-1
503,1,1316.68,173.28,225.24,634.78,-1,-1,-1,-1
503,3,893.43,214.78,225.01,572.34,-1,-1,-1,-1
503,7,1344.33,83.28,386.79,953.11,-1,-1,-1,-1
503,12,282.13,211.32,276.50,700.93,-1,-1,-1,-1
504,0,660.48,110.00,356.62,970.55,-1,-1,-1,-1
504,1,1300.06,183.29,216.27,609.51,-1,-1,-1,-1
504,3,903.94,223.88,212.17,555.39,-1,-1,-1,-1
504,7,1331.98,74.52,387.38,974.60,-1,-1,-1,-1
504,12,262.66,209.56,292.00,723.93,-1,-1,-1,-1
505,0,695.10,129.35,367.15,942.15,-1,-1,-1,-1
505,1,1281.03,186.84,187.30,613.07,-1,-1,-1,-1
505,3,919.25,221.59,197.17,568.45,-1,-1,-1,-1
505,7,1355.85,59.03,365.54,1006.71,-1,-1,-1,-1
505,12,239.07,210.21,311.66,733.89,-1,-1,-1,-1
506,0,721.69,124.03,382.57,951.78,-1,-1,-1,-1
506,1,1267.29,192.40,167.09,608.01,-1,-1,-1,-1
506,3,921.41,228.10,189.84,566.28,-1,-1,-1,-1
506,7,1373.00,60.88,375.72,1009.08,-1,-1,-1,-1
506,12,223.67,213.28,312.88,738.87,-1,-1,-1,-1
507,0,751.17,141.65,376.83,931.45,-1,-1,-1,-1
507,1,1234.86,195.50,181.40,590.73,-1,-1,-1,-1
507,3,911.92,229.68,190.04,566.91,-1,-1,-1,-1
507,7,1390.39,66.90,372.34,1009.20,-1,-1,-1,-1
507,12,209.33,209.64,318.44,749.68,-1,-1,-1,-1
508,0,768.81,153.04,371.83,911.08,-1,-1,-1,-1
508,1,1214.63,188.63,189.49,593.28,-1,-1,-1,-1
508,3,902.42,231.25,190.25,567.53,-1,-1,-1,-1
508,7,1408.05,82.42,357.78,989.37,-1,-1,-1,-1
508,12,185.29,206.24,336.63,753.79,-1,-1,-1,-1
509,0,791.32,152.61,364.73,901.44,-1,-1,-1,-1
509,1,1195.47,185.64,200.74,593.38,-1,-1,-1,-1
509,3,892.92,232.83,190.45,568.16,-1,-1,-1,-1
509,7,1423.16,108.53,326.57,957.47,-1,-1,-1,-1
509,12,167.58,198.82,340.76,767.91,-1,-1,-1,-1
510,0,811.54,159.23,356.50,886.42,-1,-1,-1,-1
510,1,1179.40,185.40,212.02,592.35,-1,-1,-1,-1
510,3,883.42,234.41,190.66,568.78,-1,-1,-1,-1
510,7,1432.46,121.05,297.05,931.73,-1,-1,-1,-1
510,12,149.69,193.37,352.05,789.70,-1,-1,-1,-1
511,0,836.70,176.36,354.50,875.85,-1,-1,-1,-1
511,1,1167.28,188.66,218.74,591.43,-1,-1,-1,-1
511,3,807.16,147.36,233.30,655.05,-1,-1,-1,-1
511,7,1428.53,137.67,292.92,892.47,-1,-1,-1,-1
511,12,126.08,185.83,376.79,816.06,-1,-1,-1,-1
512,0,866.05,165.33,352.80,897.40,-1,-1,-1,-1
512,1,1152.95,194.39,220.20,587.28,-1,-1,-1,-1
512,3,786.59,170.12,216.06,628.28,-1,-1,-1,-1
512,7,1414.90,133.62,319.46,882.15,-1,-1,-1,-1
512,12,106.54,186.31,403.99,824.59,-1,-1,-1,-1
513,0,919.62,172.33,326.41,890.33,-1,-1,-1,-1
513,1,1144.53,195.03,185.20,587.93,-1,-1,-1,-1
513,3,762.49,195.60,201.75,603.66,-1,-1,-1,-1
513,7,1395.89,129.16,341.53,858.06,-1,-1,-1,-1
513,12,96.52,186.60,420.55,831.93,-1,-1,-1,-1
514,0,955.05,178.68,330.93,879.13,-1,-1,-1,-1
514,1,1131.44,211.52,163.31,516.50,-1,-1,-1,-1
514,3,726.33,222.27,221.14,572.47,-1,-1,-1,-1
514,7,1384.21,128.44,343.78,837.20,-1,-1,-1,-1
514,12,100.82,184.27,414.37,837.48,-1,-1,-1,-1
515,0,992.53,190.45,320.18,870.10,-1,-1,-1,-1
515,1,1117.71,224.33,152.89,483.61,-1,-1,-1,-1
515,3,708.21,226.61,225.26,583.42,-1,-1,-1,-1
515,7,1379.64,123.61,326.06,823.09,-1,-1,-1,-1
515,12,116.05,180.77,391.41,843.81,-1,-1,-1,-1
516,0,1005.98,167.15,352.72,907.73,-1,-1,-1,-1
516,1,1103.99,237.14,142.48,450.71,-1,-1,-1,-1
516,3,693.39,235.43,235.44,582.43,-1,-1,-1,-1
516,7,1369.78,114.39,308.09,825.94,-1,-1,-1,-1
516,12,142.17,183.68,351.64,836.89,-1,-1,-1,-1
517,0,1019.81,159.42,416.34,922.51,-1,-1,-1,-1
517,1,1090.27,249.95,132.06,417.81,-1,-1,-1,-1
517,3,675.42,241.56,240.44,581.94,-1,-1,-1,-1
517,7,1361.46,107.78,289.59,826.31,-1,-1,-1,-1
517,12,169.56,186.18,308.84,838.68,-1,-1,-1,-1
518,0,1039.98,172.65,435.89,902.80,-1,-1,-1,-1
518,1,1076.54,262.76,121.65,384.92,-1,-1,-1,-1
518,3,654.08,244.87,233.39,581.44,-1,-1,-1,-1
518,7,1345.32,99.24,273.31,837.35,-1,-1,-1,-1
518,12,184.58,189.63,291.27,845.28,-1,-1,-1,-1
519,0,1061.41,168.26,440.14,905.65,-1,-1,-1,-1
519,1,1030.52,204.64,139.92,538.15,-1,-1,-1,-1
519,3,634.90,238.54,217.23,596.30,-1,-1,-1,-1
519,7,1343.77,97.10,246.88,841.46,-1,-1,-1,-1
519,12,189.17,193.74,303.39,852.45,-1,-1,-1,-1
520,0,1071.91,166.83,453.64,908.58,-1,-1,-1,-1
520,1,1003.26,202.42,154.79,553.05,-1,-1,-1,-1
520,3,616.94,228.56,207.05,612.70,-1,-1,-1,-1
520,7,1353.72,104.73,213.67,825.65,-1,-1,-1,-1
520,12,192.64,197.56,317.08,857.98,-1,-1,-1,-1
521,0,1097.70,156.20,449.21,924.52,-1,-1,-1,-1
521,1,973.85,201.09,172.53,555.99,-1,-1,-1,-1
521,3,597.98,223.09,202.42,626.06,-1,-1,-1,-1
521,7,1356.80,120.25,193.86,804.05,-1,-1,-1,-1
521,12,196.72,200.75,315.98,861.09,-1,-1,-1,-1
522,0,1129.75,144.82,429.05,934.26,-1,-1,-1,-1
522,1,953.03,192.94,179.47,573.01,-1,-1,-1,-1
522,3,567.12,218.77,215.42,640.06,-1,-1,-1,-1
522,7,1347.94,124.26,190.77,791.41,-1,-1,-1,-1
522,12,203.10,207.11,318.49,857.23,-1,-1,-1,-1
523,0,1161.49,136.77,405.68,935.93,-1,-1,-1,-1
523,1,927.85,191.14,205.86,581.88,-1,-1,-1,-1
523,3,537.33,219.58,231.85,651.61,-1,-1,-1,-1
523,7,1339.08,128.27,187.69,778.78,-1,-1,-1,-1
523,12,206.69,203.97,323.62,862.47,-1,-1,-1,-1
524,0,1187.30,122.98,394.33,950.51,-1,-1,-1,-1
524,1,906.68,201.55,227.49,572.17,-1,-1,-1,-1
524,3,519.52,214.72,232.60,663.07,-1,-1,-1,-1
524,7,1330.21,132.28,184.61,766.14,-1,-1,-1,-1
524,12,209.51,196.03,332.59,871.05,-1,-1,-1,-1
525,0,1206.60,122.23,391.07,945.88,-1,-1,-1,-1
525,1,891.64,208.61,230.20,573.26,-1,-1,-1,-1
525,3,500.71,219.94,256.35,647.53,-1,-1,-1,-1
525,7,1321.35,136.29,181.53,753.50,-1,-1,-1,-1
525,12,206.54,193.81,354.00,869.12,-1,-1,-1,-1
526,0,1238.86,112.46,360.98,957.73,-1,-1,-1,-1
526,1,885.27,209.80,225.14,578.66,-1,-1,-1,-1
526,3,492.62,226.97,273.16,629.80,-1,-1,-1,-1
526,12,207.91,190.50,364.39,868.19,-1,-1,-1,-1
527,0,1275.49,119.54,334.62,935.28,-1,-1,-1,-1
527,1,863.45,203.65,211.09,594.55,-1,-1,-1,-1
527,3,482.88,224.19,270.04,629.39,-1,-1,-1,-1
527,7,1239.73,158.19,195.66,682.58,-1,-1,-1,-1
527,12,223.61,179.64,369.07,891.10,-1,-1,-1,-1
528,0,1333.57,120.10,275.40,927.41,-1,-1,-1,-1
528,1,842.59,200.87,202.68,599.90,-1,-1,-1,-1
528,3,483.32,210.59,240.09,659.42,-1,-1,-1,-1
528,7,1206.92,150.79,206.27,678.46,-1,-1,-1,-1
528,12,241.78,181.02,388.90,895.74,-1,-1,-1,-1
529,0,1363.08,123.32,250.01,918.86,-1,-1,-1,-1
529,1,824.99,200.00,197.73,598.69,-1,-1,-1,-1
529,3,492.65,218.39,199.22,651.31,-1,-1,-1,-1
529,7,1192.82,144.11,210.84,688.67,-1,-1,-1,-1
529,12,258.76,183.96,396.60,894.54,-1,-1,-1,-1
530,0,1384.92,115.12,235.20,937.24,-1,-1,-1,-1
530,1,805.95,200.38,202.07,594.69,-1,-1,-1,-1
530,3,478.47,218.34,199.95,653.75,-1,-1,-1,-1
530,7,1173.40,148.71,221.02,678.62,-1,-1,-1,-1
530,12,284.74,185.02,387.55,895.41,-1,-1,-1,-1
531,0,1385.33,120.61,248.24,940.13,-1,-1,-1,-1
531,1,784.71,203.27,213.09,582.70,-1,-1,-1,-1
531,3,464.29,218.30,200.69,656.19,-1,-1,-1,-1
531,7,1138.22,143.54,248.14,684.30,-1,-1,-1,-1
531,12,316.23,171.72,370.07,912.74,-1,-1,-1,-1
532,0,1381.35,132.29,262.80,919.63,-1,-1,-1,-1
532,1,755.38,210.29,231.86,579.59,-1,-1,-1,-1
532,3,450.11,218.26,201.42,658.63,-1,-1,-1,-1
532,7,1104.77,140.94,275.11,692.31,-1,-1,-1,-1
532,12,343.65,161.04,383.77,922.34,-1,-1,-1,-1
533,0,1366.11,142.41,314.02,900.10,-1,-1,-1,-1
533,1,744.74,221.52,217.53,572.77,-1,-1,-1,-1
533,3,435.93,218.21,202.15,661.07,-1,-1,-1,-1
533,7,1078.51,154.83,299.83,676.43,-1,-1,-1,-1
533,12,362.08,151.66,407.15,928.05,-1,-1,-1,-1
534,0,1362.40,150.76,345.71,883.61,-1,-1,-1,-1
534,1,738.62,225.93,192.15,571.57,-1,-1,-1,-1
534,7,1058.13,160.11,312.32,671.31,-1,-1,-1,-1
534,12,357.10,142.39,437.67,932.34,-1,-1,-1,-1
535,0,1369.14,153.51,366.66,887.16,-1,-1,-1,-1
535,1,717.29,216.16,191.09,590.66,-1,-1,-1,-1
535,3,318.97,175.03,281.21,743.81,-1,-1,-1,-1
535,7,1041.29,162.40,318.50,664.27,-1,-1,-1,-1
535,12,360.59,144.31,445.36,901.34,-1,-1,-1,-1
536,0,1380.62,159.24,366.89,878.56,-1,-1,-1,-1
536,1,709.94,224.68,171.18,578.15,-1,-1,-1,-1
536,3,296.35,187.36,282.53,758.63,-1,-1,-1,-1
536,7,1030.85,161.92,321.12,659.81,-1,-1,-1,-1
536,12,355.42,125.82,491.13,933.78,-1,-1,-1,-1
537,0,1400.51,168.12,331.75,854.90,-1,-1,-1,-1
537,1,691.44,227.80,170.58,576.20,-1,-1,-1,-1
537,3,286.97,186.64,264.73,778.59,-1,-1,-1,-1
537,7,1043.59,165.12,282.77,644.54,-1,-1,-1,-1
537,12,394.45,133.59,474.47,927.94,-1,-1,-1,-1
538,0,1417.32,175.96,296.52,838.95,-1,-1,-1,-1
538,1,672.93,230.91,169.97,574.26,-1,-1,-1,-1
538,3,273.77,191.14,249.94,782.61,-1,-1,-1,-1
538,7,1055.03,171.45,238.13,624.14,-1,-1,-1,-1
538,12,441.69,128.79,444.42,933.74,-1,-1,-1,-1
539,0,1438.45,184.92,249.05,804.12,-1,-1,-1,-1
539,1,654.43,234.03,169.37,572.31,-1,-1,-1,-1
539,3,265.23,164.54,227.47,832.56,-1,-1,-1,-1
539,7,1050.19,167.67,210.02,623.13,-1,-1,-1,-1
539,12,488.72,125.94,428.87,941.65,-1,-1,-1,-1
540,0,1427.42,188.44,250.60,787.31,-1,-1,-1,-1
540,1,635.93,237.15,168.77,570.37,-1,-1,-1,-1
540,3,241.81,177.23,240.57,812.03,-1,-1,-1,-1
540,7,1026.44,162.83,210.06,624.19,-1,-1,-1,-1
540,12,531.17,114.24,418.98,961.64,-1,-1,-1,-1
541,0,1391.27,192.26,280.80,768.85,-1,-1,-1,-1
541,1,550.08,215.22,204.02,602.69,-1,-1,-1,-1
541,3,223.78,183.16,250.91,804.28,-1,-1,-1,-1
541,7,993.41,163.32,220.29,622.52,-1,-1,-1,-1
541,12,548.36,117.24,460.37,951.52,-1,-1,-1,-1
542,0,1372.26,184.40,288.48,768.14,-1,-1,-1,-1
542,1,511.28,205.04,229.50,610.42,-1,-1,-1,-1
542,3,213.24,185.19,253.42,803.69,-1,-1,-1,-1
542,7,971.09,161.87,229.31,630.69,-1,-1,-1,-1
542,12,609.19,110.94,438.90,963.90,-1,-1,-1,-1
543,0,1359.45,182.44,302.48,757.17,-1,-1,-1,-1
543,1,482.13,201.11,244.07,623.15,-1,-1,-1,-1
543,3,206.22,185.28,252.90,817.81,-1,-1,-1,-1
543,7,961.79,160.61,231.51,643.46,-1,-1,-1,-1
543,12,665.90,94.13,426.71,986.89,-1,-1,-1,-1
544,0,1354.30,185.57,314.40,740.35,-1,-1,-1,-1
544,1,454.65,195.82,258.83,641.09,-1,-1,-1,-1
544,3,191.25,187.48,265.40,825.44,-1,-1,-1,-1
544,7,972.37,181.53,210.23,614.61,-1,-1,-1,-1
544,12,703.96,88.60,446.16,991.18,-1,-1,-1,-1
545,0,1357.96,187.07,311.98,730.17,-1,-1,-1,-1
545,1,430.16,191.44,274.79,657.13,-1,-1,-1,-1
545,3,173.45,183.91,282.67,852.83,-1,-1,-1,-1
545,7,960.68,187.19,207.09,605.46,-1,-1,-1,-1
545,12,753.76,122.78,452.48,941.42,-1,-1,-1,-1
546,0,1359.58,185.87,310.42,723.51,-1,-1,-1,-1
546,1,426.80,182.47,258.53,682.76,-1,-1,-1,-1
546,3,145.80,185.93,308.88,860.75,-1,-1,-1,-1
546,7,948.99,192.84,203.96,596.31,-1,-1,-1,-1
546,12,795.51,119.01,446.32,945.08,-1,-1,-1,-1
547,0,1364.66,186.04,298.33,718.94,-1,-1,-1,-1
547,1,414.64,188.59,251.96,679.20,-1,-1,-1,-1
547,3,112.66,184.77,367.94,873.57,-1,-1,-1,-1
547,7,937.30,198.50,200.82,587.16,-1,-1,-1,-1
547,12,837.86,107.56,425.54,961.55,-1,-1,-1,-1
548,0,1375.61,178.50,277.89,727.00,-1,-1,-1,-1
548,1,397.36,193.98,249.25,665.15,-1,-1,-1,-1
548,3,81.57,181.83,447.90,882.07,-1,-1,-1,-1
548,7,925.61,204.16,197.69,578.01,-1,-1,-1,-1
548,12,879.89,107.73,403.30,966.44,-1,-1,-1,-1
549,0,1385.07,184.55,260.51,712.58,-1,-1,-1,-1
549,1,384.45,190.94,240.92,677.63,-1,-1,-1,-1
549,3,70.22,169.05,486.79,910.63,-1,-1,-1,-1
549,7,879.83,206.32,191.52,555.04,-1,-1,-1,-1
549,12,910.63,96.48,392.49,979.28,-1,-1,-1,-1
550,0,1380.79,190.56,262.32,700.83,-1,-1,-1,-1
550,1,366.32,172.01,239.24,708.11,-1,-1,-1,-1
550,3,68.96,163.28,506.04,920.28,-1,-1,-1,-1
550,7,865.99,210.40,180.08,540.57,-1,-1,-1,-1
550,12,932.98,78.09,398.17,1004.16,-1,-1,-1,-1
551,0,1378.88,198.39,247.69,681.60,-1,-1,-1,-1
551,1,357.48,181.90,224.43,709.58,-1,-1,-1,-1
551,3,79.76,159.46,495.34,927.62,-1,-1,-1,-1
551,7,842.88,206.61,186.77,548.80,-1,-1,-1,-1
551,12,948.50,82.00,434.28,988.62,-1,-1,-1,-1
552,0,1373.75,202.08,230.56,666.53,-1,-1,-1,-1
552,1,347.92,192.51,214.13,697.21,-1,-1,-1,-1
552,3,102.59,156.91,450.23,924.20,-1,-1,-1,-1
552,7,810.50,191.19,214.30,576.66,-1,-1,-1,-1
552,12,978.00,82.22,457.52,973.90,-1,-1,-1,-1
553,0,1366.29,199.12,222.93,663.96,-1,-1,-1,-1
553,1,334.78,193.95,216.28,703.39,-1,-1,-1,-1
553,3,116.26,158.79,414.04,922.95,-1,-1,-1,-1
553,7,783.48,182.67,234.94,594.58,-1,-1,-1,-1
553,12,998.76,77.19,473.51,981.02,-1,-1,-1,-1
554,0,1365.92,214.43,208.54,637.88,-1,-1,-1,-1
554,1,336.39,190.22,203.93,715.57,-1,-1,-1,-1
554,3,130.23,160.09,373.90,914.07,-1,-1,-1,-1
554,7,752.15,181.89,259.75,599.65,-1,-1,-1,-1
554,12,1008.59,86.79,500.83,968.43,-1,-1,-1,-1
555,0,1381.48,233.22,175.83,566.30,-1,-1,-1,-1
555,1,320.75,189.81,205.88,722.54,-1,-1,-1,-1
555,3,136.76,161.80,376.28,901.20,-1,-1,-1,-1
555,7,710.82,186.05,300.68,600.49,-1,-1,-1,-1
555,12,1029.19,85.77,520.23,973.88,-1,-1,-1,-1
556,0,1382.73,249.16,162.85,524.59,-1,-1,-1,-1
556,1,305.11,189.39,207.83,729.51,-1,-1,-1,-1
556,3,150.59,152.20,373.32,904.39,-1,-1,-1,-1
556,7,694.40,189.86,309.18,604.08,-1,-1,-1,-1
556,12,1069.75,95.14,506.36,965.87,-1,-1,-1,-1
557,0,1383.98,265.11,149.88,482.88,-1,-1,-1,-1
557,1,289.48,188.98,209.77,736.47,-1,-1,-1,-1
557,3,166.81,141.10,365.78,918.62,-1,-1,-1,-1
557,7,664.40,188.98,342.82,617.87,-1,-1,-1,-1
557,12,1123.73,99.46,465.69,959.56,-1,-1,-1,-1
558,0,1385.22,281.05,136.91,441.17,-1,-1,-1,-1
558,1,273.84,188.57,211.72,743.44,-1,-1,-1,-1
558,3,170.12,132.31,369.99,933.57,-1,-1,-1,-1
558,7,647.25,194.36,359.83,619.31,-1,-1,-1,-1
558,12,1174.20,89.22,437.51,982.33,-1,-1,-1,-1
559,0,1386.46,296.99,123.95,399.46,-1,-1,-1,-1
559,3,156.82,130.57,405.49,927.41,-1,-1,-1,-1
559,7,647.92,189.97,334.76,633.85,-1,-1,-1,-1
559,12,1223.83,81.72,404.38,995.40,-1,-1,-1,-1
560,3,125.77,134.18,462.08,922.49,-1,-1,-1,-1
560,7,650.09,187.74,301.87,639.30,-1,-1,-1,-1
560,12,1259.41,98.73,396.65,967.87,-1,-1,-1,-1
561,0,1270.91,254.97,208.09,565.93,-1,-1,-1,-1
561,1,79.97,156.72,324.89,848.12,-1,-1,-1,-1
561,3,208.27,138.29,382.87,922.31,-1,-1,-1,-1
561,7,659.46,186.52,244.04,643.41,-1,-1,-1,-1
561,12,1283.98,98.77,398.89,968.17,-1,-1,-1,-1
562,0,1267.54,245.06,193.95,588.55,-1,-1,-1,-1
562,1,70.47,145.40,316.48,877.41,-1,-1,-1,-1
562,3,259.76,119.06,365.54,950.72,-1,-1,-1,-1
562,7,660.70,180.20,206.61,656.47,-1,-1,-1,-1
562,12,1325.43,90.34,376.51,985.11,-1,-1,-1,-1
563,0,1266.53,251.98,182.88,577.95,-1,-1,-1,-1
563,1,64.10,140.69,316.65,897.09,-1,-1,-1,-1
563,3,279.48,109.23,398.75,968.39,-1,-1,-1,-1
563,7,639.12,179.98,201.52,658.13,-1,-1,-1,-1
563,12,1359.92,89.67,361.78,980.66,-1,-1,-1,-1
564,0,1261.18,260.98,177.24,559.59,-1,-1,-1,-1
564,1,51.67,143.03,322.33,893.75,-1,-1,-1,-1
564,3,300.04,107.63,451.68,967.35,-1,-1,-1,-1
564,7,642.20,179.78,173.12,653.73,-1,-1,-1,-1
564,12,1401.25,94.51,340.13,979.73,-1,-1,-1,-1
565,0,1249.57,255.13,187.88,557.99,-1,-1,-1,-1
565,1,53.08,144.87,319.03,899.34,-1,-1,-1,-1
565,3,333.39,111.68,470.85,960.55,-1,-1,-1,-1
565,7,644.32,192.95,148.56,612.90,-1,-1,-1,-1
565,12,1445.24,106.94,308.10,962.76,-1,-1,-1,-1
566,0,1235.06,265.09,188.27,543.86,-1,-1,-1,-1
566,1,40.12,143.92,349.16,906.60,-1,-1,-1,-1
566,3,382.45,129.85,441.78,936.05,-1,-1,-1,-1
566,7,631.34,201.22,144.26,595.29,-1,-1,-1,-1
566,12,1471.07,112.83,297.65,953.45,-1,-1,-1,-1
567,0,1211.98,259.81,206.53,550.95,-1,-1,-1,-1
567,1,34.68,134.16,369.36,929.37,-1,-1,-1,-1
567,3,425.55,116.89,424.58,950.34,-1,-1,-1,-1
567,7,618.35,209.50,139.97,577.68,-1,-1,-1,-1
567,12,1490.60,115.73,290.61,948.10,-1,-1,-1,-1
568,0,1178.95,261.22,235.84,543.61,-1,-1,-1,-1
568,1,15.95,117.43,431.72,957.62,-1,-1,-1,-1
568,3,475.83,104.56,390.96,958.92,-1,-1,-1,-1
568,7,605.36,217.78,135.67,560.08,-1,-1,-1,-1
568,12,1508.74,108.98,281.96,941.82,-1,-1,-1,-1
569,0,1145.15,271.71,257.80,530.37,-1,-1,-1,-1
569,1,23.42,106.46,410.77,973.08,-1,-1,-1,-1
569,3,476.96,91.07,417.24,976.74,-1,-1,-1,-1
569,7,592.38,226.05,131.38,542.47,-1,-1,-1,-1
569,12,1521.62,119.52,278.75,908.78,-1,-1,-1,-1
570,0,1124.39,276.91,270.50,524.88,-1,-1,-1,-1
570,1,7.08,119.87,458.69,950.07,-1,-1,-1,-1
570,3,494.96,86.64,419.33,985.67,-1,-1,-1,-1
570,7,481.05,152.44,235.82,722.98,-1,-1,-1,-1
570,12,1528.66,117.87,281.34,913.83,-1,-1,-1,-1
571,0,1118.20,271.33,264.24,533.18,-1,-1,-1,-1
571,1,11.89,117.17,457.88,947.83,-1,-1,-1,-1
571,3,585.44,69.19,358.53,1003.40,-1,-1,-1,-1
571,7,466.64,157.17,245.27,718.35,-1,-1,-1,-1
571,12,1536.90,116.87,274.75,914.22,-1,-1,-1,-1
572,0,1120.37,265.27,234.80,540.54,-1,-1,-1,-1
572,1,13.03,104.44,455.63,967.92,-1,-1,-1,-1
572,3,648.16,47.89,359.21,1032.62,-1,-1,-1,-1
572,7,432.26,165.68,269.26,712.15,-1,-1,-1,-1
572,12,1541.03,122.67,276.29,896.74,-1,-1,-1,-1
573,0,1113.76,256.78,218.67,546.03,-1,-1,-1,-1
573,1,10.25,96.47,450.25,971.27,-1,-1,-1,-1
573,3,695.52,27.45,366.72,1057.54,-1,-1,-1,-1
573,7,391.68,175.03,294.99,699.68,-1,-1,-1,-1
573,12,1542.98,121.78,278.58,905.89,-1,-1,-1,-1
574,0,1103.98,251.96,202.61,548.67,-1,-1,-1,-1
574,1,12.40,87.98,447.01,979.00,-1,-1,-1,-1
574,3,733.86,34.62,368.83,1039.60,-1,-1,-1,-1
574,7,380.18,180.24,296.17,696.63,-1,-1,-1,-1
574,12,1541.90,134.90,291.99,884.35,-1,-1,-1,-1
575,0,1101.91,241.38,175.00,560.57,-1,-1,-1,-1
575,1,9.69,84.56,443.61,980.35,-1,-1,-1,-1
575,3,760.00,41.67,399.84,1027.22,-1,-1,-1,-1
575,7,366.27,179.04,318.82,709.85,-1,-1,-1,-1
575,12,1544.27,143.05,301.41,862.51,-1,-1,-1,-1
576,0,1086.09,235.57,177.25,567.85,-1,-1,-1,-1
576,1,25.59,84.08,432.84,975.14,-1,-1,-1,-1
576,3,784.82,42.64,432.37,1028.04,-1,-1,-1,-1
576,7,373.03,177.85,312.30,720.37,-1,-1,-1,-1
576,12,1545.04,150.37,303.73,845.43,-1,-1,-1,-1
577,0,1070.27,229.77,179.50,575.14,-1,-1,-1,-1
577,1,30.80,80.78,444.45,978.19,-1,-1,-1,-1
577,3,819.42,53.65,438.14,1012.76,-1,-1,-1,-1
577,7,385.66,172.72,291.14,746.85,-1,-1,-1,-1
577,12,1544.93,154.18,301.48,812.92,-1,-1,-1,-1
578,0,1054.45,223.97,181.74,582.42,-1,-1,-1,-1
578,1,76.42,68.51,404.18,991.97,-1,-1,-1,-1
578,3,853.37,59.03,442.11,1009.16,-1,-1,-1,-1
578,7,402.46,181.94,262.55,762.15,-1,-1,-1,-1
578,12,1541.23,155.37,299.01,776.25,-1,-1,-1,-1
579,0,1038.63,218.16,183.99,589.71,-1,-1,-1,-1
579,1,77.96,54.71,439.35,1006.83,-1,-1,-1,-1
579,3,901.09,51.48,437.86,1015.99,-1,-1,-1,-1
579,7,417.35,184.55,234.68,776.88,-1,-1,-1,-1
579,12,1534.07,152.54,295.63,754.15,-1,-1,-1,-1
580,1,103.86,43.03,428.21,1025.18,-1,-1,-1,-1
580,3,940.95,28.12,464.71,1045.80,-1,-1,-1,-1
580,7,427.84,179.16,214.37,796.68,-1,-1,-1,-1
580,12,1520.39,155.63,290.46,736.55,-1,-1,-1,-1
581,1,135.90,48.93,436.09,1007.80,-1,-1,-1,-1
581,3,980.71,18.92,470.71,1059.20,-1,-1,-1,-1
581,7,436.33,170.03,218.48,817.50,-1,-1,-1,-1
581,12,1510.31,152.76,275.02,731.93,-1,-1,-1,-1
582,1,172.83,53.42,463.96,993.51,-1,-1,-1,-1
582,3,1019.73,28.47,472.81,1034.17,-1,-1,-1,-1
582,7,431.47,166.33,223.48,836.33,-1,-1,-1,-1
582,12,1497.88,155.09,260.63,733.02,-1,-1,-1,-1
583,0,946.62,241.57,190.56,545.85,-1,-1,-1,-1
583,1,194.47,49.83,479.97,1002.61,-1,-1,-1,-1
583,3,1064.82,40.34,468.68,1016.30,-1,-1,-1,-1
583,7,426.61,162.62,228.48,855.16,-1,-1,-1,-1
583,12,1482.94,158.72,257.06,731.07,-1,-1,-1,-1
584,0,922.69,236.13,199.25,555.17,-1,-1,-1,-1
584,1,213.14,45.57,482.17,1007.61,-1,-1,-1,-1
584,3,1112.39,51.81,467.29,1012.95,-1,-1,-1,-1
584,7,421.75,158.92,233.47,873.99,-1,-1,-1,-1
584,12,1473.57,159.12,241.86,733.16,-1,-1,-1,-1
585,0,898.97,244.39,197.55,550.00,-1,-1,-1,-1
585,1,234.05,33.82,491.98,1025.75,-1,-1,-1,-1
585,3,1181.35,52.04,453.25,1014.68,-1,-1,-1,-1
585,7,416.90,155.22,238.47,892.82,-1,-1,-1,-1
585,12,1471.55,159.35,223.63,724.66,-1,-1,-1,-1
586,0,870.42,243.87,214.45,558.13,-1,-1,-1,-1
586,1,269.98,23.55,506.06,1042.92,-1,-1,-1,-1
586,3,1244.69,54.20,430.10,1010.88,-1,-1,-1,-1
586,12,1461.40,159.02,222.13,719.91,-1,-1,-1,-1
587,0,837.11,250.25,241.62,545.51,-1,-1,-1,-1
587,1,302.29,13.90,510.27,1058.88,-1,-1,-1,-1
587,3,1282.34,54.58,435.74,1009.90,-1,-1,-1,-1
587,12,1451.24,158.69,220.64,715.15,-1,-1,-1,-1
588,0,808.46,249.62,260.28,556.52,-1,-1,-1,-1
588,1,315.35,61.96,534.46,999.00,-1,-1,-1,-1
588,3,1302.63,54.97,466.90,1003.31,-1,-1,-1,-1
588,12,1441.08,158.36,219.14,710.39,-1,-1,-1,-1
589,0,795.97,247.63,252.04,569.11,-1,-1,-1,-1
589,1,347.97,72.91,524.47,980.18,-1,-1,-1,-1
589,3,1347.88,56.78,465.02,999.18,-1,-1,-1,-1
589,7,324.68,147.41,299.04,777.46,-1,-1,-1,-1
589,12,1430.93,158.02,217.65,705.64,-1,-1,-1,-1
590,0,799.82,246.05,222.77,572.22,-1,-1,-1,-1
590,1,380.58,83.86,514.47,961.36,-1,-1,-1,-1
590,3,1393.13,58.59,463.15,995.05,-1,-1,-1,-1
590,7,318.72,149.05,294.68,766.11,-1,-1,-1,-1
591,0,781.45,244.96,224.84,577.55,-1,-1,-1,-1
591,1,520.63,38.66,437.32,1029.35,-1,-1,-1,-1
591,3,1438.37,60.41,461.27,990.92,-1,-1,-1,-1
591,7,331.98,107.46,317.54,929.71,-1,-1,-1,-1
592,0,763.07,243.86,226.91,582.87,-1,-1,-1,-1
592,1,614.64,50.89,385.98,1019.22,-1,-1,-1,-1
592,3,1377.18,73.32,494.52,990.92,-1,-1,-1,-1
592,7,342.28,98.36,322.91,964.38,-1,-1,-1,-1
593,0,744.70,242.77,228.98,588.20,-1,-1,-1,-1
593,1,687.15,31.99,371.34,1047.51,-1,-1,-1,-1
593,3,1422.91,80.90,441.84,980.57,-1,-1,-1,-1
593,7,354.60,97.77,303.08,967.87,-1,-1,-1,-1
593,12,1277.64,196.30,241.12,620.05,-1,-1,-1,-1
594,0,726.33,241.67,231.05,593.53,-1,-1,-1,-1
594,1,728.80,24.10,398.63,1059.09,-1,-1,-1,-1
594,3,1447.05,88.81,423.18,970.79,-1,-1,-1,-1
594,7,359.48,86.20,293.01,991.05,-1,-1,-1,-1
594,12,1261.59,194.10,264.68,631.63,-1,-1,-1,-1
595,1,743.84,120.60,445.01,938.07,-1,-1,-1,-1
595,3,1462.99,91.59,419.24,971.16,-1,-1,-1,-1
595,7,359.51,79.25,287.00,1001.26,-1,-1,-1,-1
595,12,1249.77,195.12,258.85,628.12,-1,-1,-1,-1
596,0,686.28,224.74,230.74,615.92,-1,-1,-1,-1
596,1,839.67,137.56,386.10,921.57,-1,-1,-1,-1
596,3,1472.25,96.05,427.81,967.32,-1,-1,-1,-1
596,7,345.45,72.00,296.90,1012.33,-1,-1,-1,-1
596,12,1248.69,202.41,227.37,604.06,-1,-1,-1,-1
597,0,654.06,229.08,250.43,613.49,-1,-1,-1,-1
597,1,904.01,79.02,426.41,1003.07,-1,-1,-1,-1
597,3,1472.32,101.51,449.46,967.00,-1,-1,-1,-1
597,7,329.33,66.64,312.63,1019.34,-1,-1,-1,-1
597,12,1247.69,224.26,185.85,562.75,-1,-1,-1,-1
598,0,627.91,233.45,267.48,610.85,-1,-1,-1,-1
598,1,950.81,71.54,448.65,1003.88,-1,-1,-1,-1
598,3,1479.85,98.48,453.68,975.02,-1,-1,-1,-1
598,7,305.33,60.94,333.68,1023.22,-1,-1,-1,-1
598,12,1224.39,239.93,185.14,549.59,-1,-1,-1,-1
599,0,616.82,237.21,270.92,613.52,-1,-1,-1,-1
599,1,999.72,31.76,440.64,1056.67,-1,-1,-1,-1
599,3,1490.60,93.42,444.22,984.15,-1,-1,-1,-1
599,7,272.40,62.88,367.99,1018.73,-1,-1,-1,-1
599,12,1233.01,312.59,173.71,461.33,-1,-1,-1,-1
600,0,622.02,233.90,257.83,631.66,-1,-1,-1,-1
600,1,1030.22,15.98,477.81,1069.82,-1,-1,-1,-1
600,3,1494.61,92.21,442.07,987.38,-1,-1,-1,-1
600,7,230.37,67.87,412.04,1002.13,-1,-1,-1,-1
600,12,1227.50,344.90,154.26,409.71,-1,-1,-1,-1
601,0,619.71,224.90,254.71,657.55,-1,-1,-1,-1
601,1,1057.21,8.46,484.88,1063.84,-1,-1,-1,-1
601,3,1507.29,91.63,444.09,991.80,-1,-1,-1,-1
601,7,242.11,70.74,403.80,997.43,-1,-1,-1,-1
601,12,1221.99,377.22,134.82,358.09,-1,-1,-1,-1
602,0,609.88,226.55,261.38,654.50,-1,-1,-1,-1
602,1,1093.85,-0.84,454.32,1074.02,-1,-1,-1,-1
602,3,1466.13,107.27,476.58,967.25,-1,-1,-1,-1
602,7,248.86,60.81,412.45,1014.45,-1,-1,-1,-1
602,12,1216.48,409.54,115.38,306.47,-1,-1,-1,-1
603,0,596.79,225.24,270.17,669.73,-1,-1,-1,-1
603,1,1125.28,3.74,447.33,1052.68,-1,-1,-1,-1
603,3,1459.80,113.29,469.70,959.13,-1,-1,-1,-1
603,7,244.37,72.46,423.98,999.30,-1,-1,-1,-1
603,12,1210.97,441.86,95.94,254.85,-1,-1,-1,-1
604,0,586.41,228.98,256.21,663.30,-1,-1,-1,-1
604,1,1146.49,14.21,451.56,1048.04,-1,-1,-1,-1
604,3,1470.89,123.09,437.41,939.16,-1,-1,-1,-1
604,7,243.86,59.33,427.61,1015.86,-1,-1,-1,-1
605,0,560.17,220.96,257.35,685.95,-1,-1,-1,-1
605,1,1201.64,26.99,428.07,1031.12,-1,-1,-1,-1
605,3,1500.26,123.07,380.60,939.67,-1,-1,-1,-1
605,7,237.32,49.61,458.10,1024.56,-1,-1,-1,-1
605,12,1106.95,234.61,180.48,566.11,-1,-1,-1,-1
606,0,537.90,227.98,238.75,680.35,-1,-1,-1,-1
606,1,1256.18,24.59,425.34,1040.71,-1,-1,-1,-1
606,3,1541.12,149.53,324.55,883.80,-1,-1,-1,-1
606,7,235.90,32.23,490.82,1046.98,-1,-1,-1,-1
606,12,1087.65,227.97,175.84,578.13,-1,-1,-1,-1
607,0,506.93,236.51,263.02,666.76,-1,-1,-1,-1
607,1,1301.15,15.11,448.94,1059.11,-1,-1,-1,-1
607,3,1576.88,145.89,294.10,869.19,-1,-1,-1,-1
607,7,235.56,22.87,497.32,1060.75,-1,-1,-1,-1
607,12,1063.14,226.32,179.66,582.55,-1,-1,-1,-1
608,0,507.34,270.87,224.48,564.23,-1,-1,-1,-1
608,1,1337.32,33.43,464.39,1035.07,-1,-1,-1,-1
608,3,1610.93,166.95,263.15,769.77,-1,-1,-1,-1
608,7,235.23,13.52,503.83,1074.52,-1,-1,-1,-1
608,12,1029.56,233.07,202.89,569.61,-1,-1,-1,-1
609,0,515.33,301.13,217.39,562.72,-1,-1,-1,-1
609,1,1366.08,60.04,476.93,994.87,-1,-1,-1,-1
609,3,1630.24,189.19,243.40,712.02,-1,-1,-1,-1
609,7,374.38,148.30,399.32,779.20,-1,-1,-1,-1
609,12,993.09,240.48,228.82,555.33,-1,-1,-1,-1
610,0,506.81,319.48,207.02,535.89,-1,-1,-1,-1
610,1,1404.36,54.91,467.17,1013.04,-1,-1,-1,-1
610,3,1649.55,211.44,223.65,654.27,-1,-1,-1,-1
610,7,411.19,184.41,358.14,698.75,-1,-1,-1,-1
610,12,964.32,246.48,247.24,546.95,-1,-1,-1,-1
611,0,498.28,337.82,196.66,509.07,-1,-1,-1,-1
611,1,1433.05,50.49,457.69,1020.20,-1,-1,-1,-1
611,3,1668.85,233.69,203.90,596.52,-1,-1,-1,-1
611,7,448.01,220.52,316.94,618.30,-1,-1,-1,-1
611,12,953.57,246.88,239.68,548.16,-1,-1,-1,-1
612,0,489.76,356.16,186.30,482.25,-1,-1,-1,-1
612,1,1465.48,60.71,450.30,1003.81,-1,-1,-1,-1
612,3,1688.16,255.94,184.15,538.76,-1,-1,-1,-1
612,7,484.82,256.63,275.73,537.85,-1,-1,-1,-1
612,12,937.89,252.95,237.51,545.37,-1,-1,-1,-1
613,0,481.23,374.50,175.93,455.42,-1,-1,-1,-1
613,1,1486.40,57.19,449.28,1010.88,-1,-1,-1,-1
613,7,521.65,292.74,234.52,457.39,-1,-1,-1,-1
613,12,931.50,244.78,217.23,555.73,-1,-1,-1,-1
614,1,1519.54,59.76,422.14,1003.59,-1,-1,-1,-1
614,7,390.24,1.24,474.80,1073.49,-1,-1,-1,-1
614,12,918.24,247.56,191.73,552.87,-1,-1,-1,-1
615,0,359.10,181.41,223.89,785.64,-1,-1,-1,-1
615,1,1547.33,55.85,396.31,1009.98,-1,-1,-1,-1
615,3,1492.08,158.52,172.25,683.91,-1,-1,-1,-1
615,7,395.67,-17.08,498.25,1105.96,-1,-1,-1,-1
615,12,894.97,245.13,182.74,566.57,-1,-1,-1,-1
616,0,332.17,177.71,237.70,803.55,-1,-1,-1,-1
616,1,1561.72,62.35,383.93,1004.90,-1,-1,-1,-1
616,3,1473.89,150.88,177.86,699.89,-1,-1,-1,-1
616,7,426.36,-14.87,470.66,1097.53,-1,-1,-1,-1
616,12,868.29,244.06,184.85,564.42,-1,-1,-1,-1
617,0,315.17,197.66,260.69,789.69,-1,-1,-1,-1
617,1,1562.92,70.30,382.97,989.79,-1,-1,-1,-1
617,3,1457.09,144.42,195.87,723.87,-1,-1,-1,-1
617,7,436.31,-25.62,478.51,1115.76,-1,-1,-1,-1
617,12,843.36,232.98,197.59,581.84,-1,-1,-1,-1
618,0,316.25,208.42,258.23,796.37,-1,-1,-1,-1
618,1,1574.92,92.47,367.31,967.84,-1,-1,-1,-1
618,3,1437.82,151.63,213.24,725.53,-1,-1,-1,-1
618,7,490.68,-7.55,480.24,1077.68,-1,-1,-1,-1
618,12,820.31,228.34,200.70,591.04,-1,-1,-1,-1
619,0,316.17,216.01,277.15,798.06,-1,-1,-1,-1
619,1,1582.18,94.48,354.42,968.33,-1,-1,-1,-1
619,3,1420.73,158.75,230.47,714.14,-1,-1,-1,-1
619,7,572.59,-1.17,430.64,1068.05,-1,-1,-1,-1
619,12,797.27,223.70,203.81,600.24,-1,-1,-1,-1
620,0,314.00,213.45,296.19,813.75,-1,-1,-1,-1
620,1,1585.88,102.08,345.30,957.82,-1,-1,-1,-1
620,3,1403.60,173.69,243.29,689.65,-1,-1,-1,-1
620,7,657.69,3.80,377.11,1043.46,-1,-1,-1,-1
620,12,774.22,219.06,206.91,609.43,-1,-1,-1,-1
621,0,312.67,211.04,300.77,828.58,-1,-1,-1,-1
621,1,1587.10,103.72,338.91,955.44,-1,-1,-1,-1
621,3,1389.70,184.45,250.35,671.53,-1,-1,-1,-1
621,7,721.86,-0.79,346.85,1061.52,-1,-1,-1,-1
621,12,751.17,214.43,210.02,618.63,-1,-1,-1,-1
622,0,298.67,208.76,319.55,832.04,-1,-1,-1,-1
622,1,1572.98,102.04,348.55,962.04,-1,-1,-1,-1
622,3,1380.37,190.56,252.94,664.69,-1,-1,-1,-1
622,7,760.15,6.78,366.82,1059.09,-1,-1,-1,-1
622,12,746.20,221.35,136.74,611.13,-1,-1,-1,-1
623,0,287.13,201.50,325.49,856.31,-1,-1,-1,-1
623,1,1572.90,92.04,347.49,975.45,-1,-1,-1,-1
623,3,1376.46,193.97,251.16,655.70,-1,-1,-1,-1
623,7,802.73,3.44,400.95,1070.02,-1,-1,-1,-1
623,12,706.57,212.03,179.89,623.01,-1,-1,-1,-1
624,0,230.59,200.69,381.56,860.01,-1,-1,-1,-1
624,1,1574.30,96.90,340.25,964.86,-1,-1,-1,-1
624,3,1378.19,191.47,229.45,647.21,-1,-1,-1,-1
624,7,877.72,6.36,405.96,1053.03,-1,-1,-1,-1
624,12,652.26,219.76,235.26,611.29,-1,-1,-1,-1
625,0,184.90,192.26,418.61,878.90,-1,-1,-1,-1
625,1,1565.20,111.12,345.84,933.99,-1,-1,-1,-1
625,3,1375.88,188.74,208.70,638.83,-1,-1,-1,-1
625,7,937.16,18.99,418.02,1041.15,-1,-1,-1,-1
625,12,608.55,230.72,273.15,597.30,-1,-1,-1,-1
626,0,143.24,188.21,455.64,890.22,-1,-1,-1,-1
626,1,1560.19,120.83,344.24,909.11,-1,-1,-1,-1
626,3,1366.87,202.78,196.76,600.30,-1,-1,-1,-1
626,7,990.11,23.95,414.75,1032.96,-1,-1,-1,-1
626,12,586.87,239.14,294.45,592.82,-1,-1,-1,-1
627,0,120.38,182.57,472.70,899.46,-1,-1,-1,-1
627,1,1541.76,146.39,350.35,832.41,-1,-1,-1,-1
627,3,1360.89,227.09,171.39,563.84,-1,-1,-1,-1
627,7,1052.42,11.06,440.35,1042.35,-1,-1,-1,-1
627,12,569.41,240.70,292.58,594.38,-1,-1,-1,-1
628,0,139.29,175.62,438.17,910.16,-1,-1,-1,-1
628,1,1533.85,146.40,324.95,802.40,-1,-1,-1,-1
628,3,1352.42,240.32,162.62,535.06,-1,-1,-1,-1
628,7,1105.97,3.30,448.51,1058.14,-1,-1,-1,-1
628,12,549.87,235.50,272.54,604.02,-1,-1,-1,-1
629,0,150.13,165.76,424.99,922.08,-1,-1,-1,-1
629,1,1538.71,143.59,292.62,784.95,-1,-1,-1,-1
629,3,1343.95,253.56,153.86,506.27,-1,-1,-1,-1
629,7,1142.21,4.47,462.45,1056.65,-1,-1,-1,-1
629,12,530.71,235.14,256.44,608.82,-1,-1,-1,-1
630,0,151.21,163.10,429.59,923.46,-1,-1,-1,-1
630,1,1550.76,146.69,258.65,767.73,-1,-1,-1,-1
630,3,1335.48,266.79,145.10,477.49,-1,-1,-1,-1
630,7,1170.66,0.53,472.57,1065.43,-1,-1,-1,-1
630,12,512.90,231.41,249.09,619.55,-1,-1,-1,-1
631,0,169.37,159.21,415.54,915.99,-1,-1,-1,-1
631,1,1550.81,145.90,243.43,770.16,-1,-1,-1,-1
631,3,1327.01,280.03,136.34,448.71,-1,-1,-1,-1
631,7,1197.95,6.07,462.69,1058.65,-1,-1,-1,-1
631,12,502.51,227.18,240.63,635.22,-1,-1,-1,-1
632,0,182.60,151.16,422.34,918.01,-1,-1,-1,-1
632,1,1549.51,150.04,226.09,753.17,-1,-1,-1,-1
632,7,1219.30,4.89,451.46,1062.70,-1,-1,-1,-1
632,12,494.54,227.75,231.70,640.26,-1,-1,-1,-1
633,0,195.29,140.66,431.98,925.80,-1,-1,-1,-1
633,1,1544.09,152.35,221.86,739.17,-1,-1,-1,-1
633,7,1233.52,2.25,463.53,1065.99,-1,-1,-1,-1
633,12,487.96,232.17,224.34,625.12,-1,-1,-1,-1
634,0,208.06,133.36,438.17,936.89,-1,-1,-1,-1
634,1,1538.67,154.66,217.62,725.18,-1,-1,-1,-1
634,3,1155.37,211.64,171.40,558.17,-1,-1,-1,-1
634,7,1250.60,12.13,471.25,1057.80,-1,-1,-1,-1
634,12,470.17,234.46,223.54,622.93,-1,-1,-1,-1
635,0,219.08,131.22,447.20,938.67,-1,-1,-1,-1
635,1,1533.25,156.97,213.38,711.18,-1,-1,-1,-1
635,3,1120.44,209.65,184.70,553.65,-1,-1,-1,-1
635,7,1268.14,17.95,477.20,1048.39,-1,-1,-1,-1
635,12,483.33,266.45,201.95,472.27,-1,-1,-1,-1