30,1,10.93,259.16,137.90,585.19,-1,-1,-1,-1
31,1,19.14,251.78,134.47,566.93,-1,-1,-1,-1
32,1,23.04,251.89,134.65,561.96,-1,-1,-1,-1
33,1,26.79,249.64,137.91,566.89,-1,-1,-1,-1
34,1,29.59,245.72,143.52,578.65,-1,-1,-1,-1
35,1,35.55,241.94,148.78,584.21,-1,-1,-1,-1
36,1,44.43,248.55,152.14,580.27,-1,-1,-1,-1
37,1,62.94,245.77,156.19,577.31,-1,-1,-1,-1
38,1,70.76,243.34,162.15,580.08,-1,-1,-1,-1
39,1,82.79,242.65,168.40,582.24,-1,-1,-1,-1
40,1,95.50,244.49,175.31,589.96,-1,-1,-1,-1
41,1,107.79,242.13,182.04,594.79,-1,-1,-1,-1
42,1,118.04,236.33,190.41,607.01,-1,-1,-1,-1
43,1,133.67,235.10,195.13,606.95,-1,-1,-1,-1
44,1,150.08,237.25,199.23,605.56,-1,-1,-1,-1
45,1,161.69,235.98,204.24,605.99,-1,-1,-1,-1
46,1,176.82,240.33,208.40,603.73,-1,-1,-1,-1
47,1,188.90,240.92,214.00,607.52,-1,-1,-1,-1
48,1,200.14,241.59,218.01,609.21,-1,-1,-1,-1
49,1,215.97,240.67,220.83,608.86,-1,-1,-1,-1
50,1,231.24,238.84,224.86,612.28,-1,-1,-1,-1
51,1,244.17,236.85,228.93,617.54,-1,-1,-1,-1
52,1,254.86,232.28,234.35,626.38,-1,-1,-1,-1
53,1,263.74,228.21,240.99,640.14,-1,-1,-1,-1
54,1,269.19,222.83,248.57,655.66,-1,-1,-1,-1
55,1,276.55,224.39,251.24,662.05,-1,-1,-1,-1
56,1,284.23,226.30,253.76,667.85,-1,-1,-1,-1
57,1,290.72,229.58,258.64,680.12,-1,-1,-1,-1
58,1,297.26,226.98,263.53,691.26,-1,-1,-1,-1
59,1,305.76,223.32,267.84,698.82,-1,-1,-1,-1
60,1,312.70,217.32,271.98,705.45,-1,-1,-1,-1
61,1,319.46,212.07,275.60,712.74,-1,-1,-1,-1
62,1,333.06,209.32,278.43,713.70,-1,-1,-1,-1
63,1,353.44,209.97,279.52,710.03,-1,-1,-1,-1
64,1,371.97,211.86,283.54,712.45,-1,-1,-1,-1
65,1,392.65,215.96,284.80,709.14,-1,-1,-1,-1
66,1,413.76,215.72,285.33,704.91,-1,-1,-1,-1
67,1,427.52,214.49,285.98,703.78,-1,-1,-1,-1
68,1,446.57,209.39,286.51,703.85,-1,-1,-1,-1
69,1,467.39,208.30,286.78,706.86,-1,-1,-1,-1
70,1,491.35,203.62,291.15,719.78,-1,-1,-1,-1
71,1,513.25,201.07,295.38,729.62,-1,-1,-1,-1
72,1,543.55,201.25,297.71,734.33,-1,-1,-1,-1
73,1,560.46,200.59,298.31,733.38,-1,-1,-1,-1
74,1,580.97,201.02,301.01,738.52,-1,-1,-1,-1
75,1,605.68,203.27,299.94,737.83,-1,-1,-1,-1
76,1,625.58,203.98,300.11,742.96,-1,-1,-1,-1
77,1,649.00,197.66,299.97,751.04,-1,-1,-1,-1
78,1,674.33,187.90,299.89,759.39,-1,-1,-1,-1
79,1,692.80,184.26,297.13,759.96,-1,-1,-1,-1
80,1,716.87,186.48,292.53,756.13,-1,-1,-1,-1
81,1,742.47,183.42,293.78,762.64,-1,-1,-1,-1
82,1,767.68,180.57,295.59,765.69,-1,-1,-1,-1
83,1,792.25,189.40,294.55,761.68,-1,-1,-1,-1
84,1,813.78,190.88,292.94,758.29,-1,-1,-1,-1
85,1,834.37,189.26,290.39,754.83,-1,-1,-1,-1
86,1,852.38,191.05,287.82,752.89,-1,-1,-1,-1
87,1,880.91,184.72,290.01,766.05,-1,-1,-1,-1
88,1,904.15,178.57,289.33,772.29,-1,-1,-1,-1
89,1,916.29,174.24,299.16,811.65,-1,-1,-1,-1
90,1,937.89,173.87,299.46,823.46,-1,-1,-1,-1
91,1,967.21,171.32,298.08,826.93,-1,-1,-1,-1
92,1,981.49,172.94,304.02,849.21,-1,-1,-1,-1
93,1,1002.29,172.71,298.93,844.49,-1,-1,-1,-1
94,1,1011.90,169.69,297.13,846.94,-1,-1,-1,-1
95,1,1027.86,172.71,304.96,877.33,-1,-1,-1,-1
96,1,1048.53,164.72,308.88,890.99,-1,-1,-1,-1
97,1,1071.43,156.16,309.60,901.12,-1,-1,-1,-1
98,1,1100.34,139.69,317.72,930.30,-1,-1,-1,-1
99,1,1124.86,133.05,322.22,940.25,-1,-1,-1,-1
100,1,1151.22,130.47,323.94,933.64,-1,-1,-1,-1
101,1,1172.30,130.55,327.82,928.75,-1,-1,-1,-1
102,1,1192.08,133.11,337.82,944.29,-1,-1,-1,-1
103,1,1212.55,132.60,340.84,937.05,-1,-1,-1,-1
104,1,1234.05,138.16,342.36,926.43,-1,-1,-1,-1
105,1,1269.37,146.11,345.49,927.04,-1,-1,-1,-1
106,1,1314.02,154.82,339.88,910.35,-1,-1,-1,-1
107,1,1338.91,146.61,346.47,926.61,-1,-1,-1,-1
108,1,1364.00,150.88,343.94,918.22,-1,-1,-1,-1
109,1,1388.13,141.96,340.99,907.43,-1,-1,-1,-1
110,1,1399.77,138.05,349.39,931.01,-1,-1,-1,-1
111,1,1423.72,129.85,352.93,935.18,-1,-1,-1,-1
112,1,1441.16,118.10,362.22,956.71,-1,-1,-1,-1
113,1,1460.80,108.31,371.97,977.75,-1,-1,-1,-1
114,1,1485.62,106.16,373.24,975.15,-1,-1,-1,-1
115,1,1510.56,104.91,374.38,973.49,-1,-1,-1,-1
116,1,1522.17,104.75,373.85,960.84,-1,-1,-1,-1
117,1,1524.52,109.43,378.54,972.34,-1,-1,-1,-1
118,1,1524.78,110.51,381.27,979.27,-1,-1,-1,-1
119,1,1528.11,111.68,379.96,973.62,-1,-1,-1,-1
120,1,1523.80,118.32,378.53,970.78,-1,-1,-1,-1
121,1,1516.73,124.00,373.97,961.69,-1,-1,-1,-1
122,1,1509.79,129.42,369.75,953.23,-1,-1,-1,-1
123,1,1496.82,123.93,353.37,909.65,-1,-1,-1,-1
124,1,1476.06,126.07,347.69,898.33,-1,-1,-1,-1
125,1,1459.23,131.96,340.82,884.72,-1,-1,-1,-1
126,1,1447.26,133.81,334.57,874.80,-1,-1,-1,-1
127,1,1431.43,138.26,328.26,865.46,-1,-1,-1,-1
128,1,1417.09,146.30,323.44,862.62,-1,-1,-1,-1
129,1,1404.61,150.05,316.19,852.06,-1,-1,-1,-1
130,1,1390.22,158.94,307.80,831.47,-1,-1,-1,-1
131,1,1380.35,165.85,299.80,813.61,-1,-1,-1,-1
132,1,1373.00,169.46,293.80,799.49,-1,-1,-1,-1
133,1,1363.21,174.78,287.17,788.10,-1,-1,-1,-1
134,1,1355.67,177.05,279.44,776.45,-1,-1,-1,-1
134,2,9.10,235.11,106.16,575.32,-1,-1,-1,-1
135,1,1342.03,174.29,274.22,771.77,-1,-1,-1,-1
135,2,24.84,235.16,106.88,572.80,-1,-1,-1,-1
136,1,1324.84,168.81,272.11,772.72,-1,-1,-1,-1
136,2,36.01,235.86,108.46,569.47,-1,-1,-1,-1
137,1,1309.73,170.46,272.54,775.64,-1,-1,-1,-1
137,2,44.24,239.33,110.75,563.45,-1,-1,-1,-1
138,1,1295.61,166.21,280.38,800.05,-1,-1,-1,-1
138,2,46.53,236.38,116.84,573.19,-1,-1,-1,-1
139,1,1288.12,166.12,283.93,812.13,-1,-1,-1,-1
139,2,51.72,236.79,122.66,576.82,-1,-1,-1,-1
140,1,1279.75,167.99,286.99,821.17,-1,-1,-1,-1
140,2,59.61,234.34,129.06,580.66,-1,-1,-1,-1
141,1,1270.78,167.92,293.26,838.81,-1,-1,-1,-1
141,2,76.52,229.25,135.76,585.43,-1,-1,-1,-1
142,1,1266.74,166.78,295.80,844.00,-1,-1,-1,-1
142,2,97.46,233.53,141.94,584.67,-1,-1,-1,-1
143,1,1254.63,160.73,300.37,855.42,-1,-1,-1,-1
143,2,119.86,234.15,148.09,582.74,-1,-1,-1,-1
144,1,1242.58,153.55,302.20,861.98,-1,-1,-1,-1
144,2,139.86,234.12,155.61,587.33,-1,-1,-1,-1
145,1,1232.75,152.28,302.68,866.47,-1,-1,-1,-1
145,2,158.26,236.18,162.51,591.42,-1,-1,-1,-1
146,1,1222.47,148.69,302.88,869.43,-1,-1,-1,-1
146,2,181.76,237.03,167.83,591.26,-1,-1,-1,-1
147,1,1212.99,151.51,301.41,865.29,-1,-1,-1,-1
147,2,203.83,230.69,173.72,594.70,-1,-1,-1,-1
148,1,1191.27,144.37,305.32,872.25,-1,-1,-1,-1
148,2,225.69,222.72,179.53,598.36,-1,-1,-1,-1
149,1,1169.11,141.19,317.12,910.32,-1,-1,-1,-1
149,2,247.66,217.12,185.21,600.17,-1,-1,-1,-1
150,1,1152.66,145.20,322.93,927.64,-1,-1,-1,-1
150,2,278.92,214.96,189.02,598.38,-1,-1,-1,-1
151,1,1135.75,148.68,321.55,926.03,-1,-1,-1,-1
151,2,307.21,216.99,190.63,589.57,-1,-1,-1,-1
152,1,1114.91,150.63,322.93,932.17,-1,-1,-1,-1
152,2,334.16,224.42,191.26,579.50,-1,-1,-1,-1
153,1,1093.90,152.84,322.42,929.26,-1,-1,-1,-1
153,2,358.14,226.95,193.70,578.43,-1,-1,-1,-1
154,1,1083.35,149.24,317.05,909.22,-1,-1,-1,-1
154,2,373.33,225.89,195.46,576.09,-1,-1,-1,-1
155,1,1062.50,146.17,323.79,932.67,-1,-1,-1,-1
155,2,392.99,224.25,198.77,577.72,-1,-1,-1,-1
156,1,1030.83,143.54,324.16,945.36,-1,-1,-1,-1
156,2,416.10,218.43,202.81,582.10,-1,-1,-1,-1
157,1,1004.32,143.58,319.44,940.78,-1,-1,-1,-1
157,2,437.31,220.00,204.08,579.74,-1,-1,-1,-1
158,1,985.12,143.39,316.60,933.96,-1,-1,-1,-1
158,2,467.69,224.74,204.13,571.63,-1,-1,-1,-1
159,1,961.59,153.04,315.02,923.67,-1,-1,-1,-1
159,2,489.33,224.70,207.22,572.82,-1,-1,-1,-1
160,1,942.51,149.42,316.12,921.73,-1,-1,-1,-1
160,2,509.05,223.56,210.82,576.75,-1,-1,-1,-1
161,1,927.65,149.56,318.00,919.42,-1,-1,-1,-1
161,2,541.04,225.74,214.03,581.87,-1,-1,-1,-1
162,1,893.80,147.47,322.83,922.56,-1,-1,-1,-1
162,2,573.52,219.05,219.25,598.19,-1,-1,-1,-1
163,1,868.74,149.01,327.21,923.40,-1,-1,-1,-1
163,2,602.03,218.55,219.60,598.19,-1,-1,-1,-1
164,1,847.17,144.84,330.50,923.45,-1,-1,-1,-1
164,2,624.74,215.93,222.07,605.21,-1,-1,-1,-1
165,1,827.85,150.88,328.46,909.13,-1,-1,-1,-1
165,2,650.32,217.30,221.07,602.04,-1,-1,-1,-1
166,1,808.51,153.02,329.67,906.02,-1,-1,-1,-1
166,2,673.08,220.91,218.43,592.82,-1,-1,-1,-1
167,1,794.17,149.65,326.08,895.62,-1,-1,-1,-1
167,2,698.78,222.53,216.37,586.03,-1,-1,-1,-1
168,1,792.16,143.89,321.07,880.92,-1,-1,-1,-1
168,2,720.33,221.25,215.74,582.73,-1,-1,-1,-1
169,1,771.68,161.21,314.00,869.71,-1,-1,-1,-1
169,2,736.86,212.23,215.65,590.90,-1,-1,-1,-1
170,1,747.57,148.76,315.82,874.25,-1,-1,-1,-1
171,1,723.94,139.73,319.00,883.01,-1,-1,-1,-1
172,1,699.59,148.61,326.67,907.45,-1,-1,-1,-1
173,1,684.11,154.03,329.45,918.07,-1,-1,-1,-1
174,1,661.48,154.54,332.45,922.59,-1,-1,-1,-1
174,2,845.34,212.50,212.01,585.53,-1,-1,-1,-1
175,1,647.06,159.53,326.66,890.41,-1,-1,-1,-1
175,2,861.88,216.53,210.21,580.65,-1,-1,-1,-1
176,1,621.99,154.20,332.09,889.77,-1,-1,-1,-1
176,2,880.52,219.28,209.16,578.79,-1,-1,-1,-1
177,1,592.69,149.31,335.54,887.63,-1,-1,-1,-1
177,2,902.96,216.26,208.74,583.29,-1,-1,-1,-1
178,1,558.24,149.31,345.05,910.67,-1,-1,-1,-1
178,2,926.90,213.06,205.22,575.96,-1,-1,-1,-1
179,1,533.53,156.90,343.90,901.89,-1,-1,-1,-1
179,2,950.26,202.36,207.17,584.11,-1,-1,-1,-1
180,1,510.72,161.44,346.43,909.47,-1,-1,-1,-1
180,2,973.51,202.60,205.98,579.41,-1,-1,-1,-1
181,1,492.24,168.72,344.75,910.55,-1,-1,-1,-1
181,2,995.71,200.86,207.34,580.70,-1,-1,-1,-1
182,1,483.06,173.19,340.41,901.89,-1,-1,-1,-1
182,2,1009.69,205.47,206.82,574.34,-1,-1,-1,-1
183,1,477.30,185.88,331.49,882.45,-1,-1,-1,-1
183,2,1025.31,210.96,206.91,569.45,-1,-1,-1,-1
184,1,469.79,192.82,324.50,869.40,-1,-1,-1,-1
184,2,1043.77,205.73,210.09,578.48,-1,-1,-1,-1
185,1,456.15,186.92,320.13,865.63,-1,-1,-1,-1
185,2,1065.65,200.61,212.21,584.10,-1,-1,-1,-1
186,1,443.05,183.22,313.41,851.14,-1,-1,-1,-1
186,2,1085.03,197.09,211.66,585.63,-1,-1,-1,-1
187,1,431.07,182.87,308.95,837.11,-1,-1,-1,-1
187,2,1101.47,191.41,208.92,580.45,-1,-1,-1,-1
188,1,423.46,184.14,306.34,824.90,-1,-1,-1,-1
188,2,1120.77,194.53,211.12,584.49,-1,-1,-1,-1
189,1,421.32,186.08,305.29,815.46,-1,-1,-1,-1
189,2,1144.18,196.28,210.76,579.62,-1,-1,-1,-1
190,1,419.02,187.20,305.93,809.22,-1,-1,-1,-1
190,2,1155.89,196.16,213.05,581.01,-1,-1,-1,-1
191,1,418.58,190.56,305.74,798.62,-1,-1,-1,-1
191,2,1170.43,199.67,214.23,580.07,-1,-1,-1,-1
192,1,418.85,196.14,307.53,798.64,-1,-1,-1,-1
192,2,1184.64,202.82,214.31,576.91,-1,-1,-1,-1
193,1,412.50,195.54,305.26,791.40,-1,-1,-1,-1
193,2,1205.08,203.06,215.23,577.60,-1,-1,-1,-1
194,1,405.07,196.56,303.25,783.75,-1,-1,-1,-1
194,2,1225.62,196.39,219.23,584.81,-1,-1,-1,-1
194,3,11.56,227.59,122.40,603.21,-1,-1,-1,-1
195,1,400.60,198.34,300.52,772.41,-1,-1,-1,-1
195,2,1250.13,187.60,223.71,595.32,-1,-1,-1,-1
195,3,24.28,236.25,117.00,571.01,-1,-1,-1,-1
196,1,395.81,198.38,296.62,760.37,-1,-1,-1,-1
196,2,1264.44,181.46,229.17,605.92,-1,-1,-1,-1
196,3,29.15,240.91,120.05,577.63,-1,-1,-1,-1
197,1,389.92,201.51,290.90,746.63,-1,-1,-1,-1
197,2,1281.23,183.15,232.87,609.99,-1,-1,-1,-1
197,3,30.57,245.30,122.02,576.16,-1,-1,-1,-1
198,1,389.23,209.72,285.68,733.82,-1,-1,-1,-1
198,2,1294.88,187.77,235.89,612.51,-1,-1,-1,-1
198,3,35.08,238.97,125.17,575.21,-1,-1,-1,-1
199,1,391.78,206.50,282.90,726.75,-1,-1,-1,-1
199,2,1304.91,189.43,241.60,622.80,-1,-1,-1,-1
199,3,35.64,240.13,127.90,570.99,-1,-1,-1,-1
200,1,398.09,201.39,284.08,729.89,-1,-1,-1,-1
200,2,1317.49,186.60,247.36,634.48,-1,-1,-1,-1
200,3,36.84,238.15,133.20,574.62,-1,-1,-1,-1
201,1,409.71,199.25,283.54,726.97,-1,-1,-1,-1
201,2,1330.92,180.03,250.84,637.31,-1,-1,-1,-1
201,3,36.89,235.79,140.13,583.39,-1,-1,-1,-1
202,1,422.75,202.84,283.11,725.86,-1,-1,-1,-1
202,2,1337.12,173.40,254.91,641.57,-1,-1,-1,-1
202,3,40.64,234.82,146.36,587.11,-1,-1,-1,-1
203,1,442.48,207.15,280.01,717.75,-1,-1,-1,-1
203,2,1352.31,167.92,260.67,654.93,-1,-1,-1,-1
203,3,54.76,233.48,152.52,591.34,-1,-1,-1,-1
204,1,462.25,209.25,279.29,715.14,-1,-1,-1,-1
204,2,1361.90,167.99,267.70,670.87,-1,-1,-1,-1
204,3,72.86,232.72,154.49,579.38,-1,-1,-1,-1
205,1,482.93,215.78,272.22,696.39,-1,-1,-1,-1
205,2,1367.48,168.31,271.28,678.44,-1,-1,-1,-1
205,3,81.24,231.81,157.62,576.67,-1,-1,-1,-1
206,1,505.68,223.65,269.39,692.83,-1,-1,-1,-1
206,2,1368.28,167.15,277.45,691.72,-1,-1,-1,-1
206,3,94.61,234.59,160.43,573.42,-1,-1,-1,-1
207,1,524.94,219.92,266.74,688.72,-1,-1,-1,-1
207,2,1367.45,163.83,285.12,713.38,-1,-1,-1,-1
207,3,112.47,238.85,167.18,577.75,-1,-1,-1,-1
208,1,550.76,219.05,265.16,691.71,-1,-1,-1,-1
208,2,1365.08,160.75,287.61,725.08,-1,-1,-1,-1
208,3,130.32,235.56,174.69,583.57,-1,-1,-1,-1
209,1,574.01,222.46,261.91,686.26,-1,-1,-1,-1
209,2,1364.42,159.92,287.97,729.52,-1,-1,-1,-1
209,3,145.46,236.42,180.41,583.23,-1,-1,-1,-1
210,1,603.72,213.75,262.40,686.68,-1,-1,-1,-1
210,2,1363.51,156.72,288.88,735.01,-1,-1,-1,-1
210,3,160.82,237.76,184.74,580.49,-1,-1,-1,-1
211,1,621.55,215.00,262.53,682.89,-1,-1,-1,-1
211,2,1358.97,154.66,287.72,731.25,-1,-1,-1,-1
211,3,177.22,234.84,185.81,572.47,-1,-1,-1,-1
212,1,642.92,215.05,262.62,680.01,-1,-1,-1,-1
212,2,1346.66,146.77,295.33,754.04,-1,-1,-1,-1
212,3,191.05,244.50,188.01,567.42,-1,-1,-1,-1
213,1,654.47,217.86,263.37,678.88,-1,-1,-1,-1
213,2,1345.01,146.17,297.25,765.69,-1,-1,-1,-1
213,3,200.24,246.49,191.93,568.90,-1,-1,-1,-1
214,1,671.82,222.58,263.31,675.49,-1,-1,-1,-1
214,2,1333.46,147.89,300.38,780.33,-1,-1,-1,-1
214,3,213.94,239.65,197.57,577.28,-1,-1,-1,-1
215,1,691.71,222.16,263.34,674.16,-1,-1,-1,-1
215,2,1323.17,153.58,298.72,783.13,-1,-1,-1,-1
215,3,232.93,241.86,198.23,574.54,-1,-1,-1,-1
216,1,710.98,214.97,266.11,680.13,-1,-1,-1,-1
216,2,1312.56,154.07,296.65,782.83,-1,-1,-1,-1
216,3,254.76,244.42,197.76,566.04,-1,-1,-1,-1
217,1,730.13,208.95,267.07,686.30,-1,-1,-1,-1
217,2,1294.51,149.06,296.23,793.47,-1,-1,-1,-1
217,3,277.50,249.76,197.66,557.32,-1,-1,-1,-1
218,1,753.28,205.72,268.06,693.37,-1,-1,-1,-1
218,2,1264.29,147.73,296.24,803.44,-1,-1,-1,-1
218,3,298.59,249.36,198.96,551.94,-1,-1,-1,-1
219,1,768.36,205.48,264.61,688.80,-1,-1,-1,-1
219,2,1244.52,143.34,294.86,808.67,-1,-1,-1,-1
219,3,312.23,252.84,199.75,546.56,-1,-1,-1,-1
220,1,788.82,206.14,263.41,688.66,-1,-1,-1,-1
220,2,1223.06,144.17,291.35,801.83,-1,-1,-1,-1
220,3,327.91,258.15,200.69,542.07,-1,-1,-1,-1
221,1,813.85,208.97,260.80,683.56,-1,-1,-1,-1
221,2,1192.96,153.68,285.45,782.62,-1,-1,-1,-1
221,3,340.57,256.18,202.74,542.30,-1,-1,-1,-1
222,1,836.10,213.48,257.63,675.83,-1,-1,-1,-1
222,2,1177.74,160.18,284.13,778.00,-1,-1,-1,-1
222,3,356.36,256.56,204.48,542.59,-1,-1,-1,-1
223,1,852.61,209.67,255.92,672.30,-1,-1,-1,-1
223,2,1151.92,163.89,284.37,778.67,-1,-1,-1,-1
223,3,373.63,253.01,206.54,542.76,-1,-1,-1,-1
224,1,876.28,208.08,251.92,662.23,-1,-1,-1,-1
224,2,1129.07,162.17,282.33,777.31,-1,-1,-1,-1
224,3,389.17,251.43,209.27,547.82,-1,-1,-1,-1
225,1,900.78,205.96,246.28,650.21,-1,-1,-1,-1
225,2,1102.73,153.93,281.01,781.64,-1,-1,-1,-1
225,3,408.64,256.95,206.80,539.33,-1,-1,-1,-1
226,1,923.08,202.81,246.38,654.04,-1,-1,-1,-1
226,2,1069.92,145.21,281.17,789.75,-1,-1,-1,-1
226,3,424.76,253.82,209.68,544.92,-1,-1,-1,-1
227,1,937.80,205.50,243.08,655.12,-1,-1,-1,-1
227,2,1047.89,151.66,277.58,786.78,-1,-1,-1,-1
227,3,446.43,253.96,209.94,542.71,-1,-1,-1,-1
228,1,949.58,203.29,236.39,646.31,-1,-1,-1,-1
228,2,1032.64,157.56,274.83,781.47,-1,-1,-1,-1
228,3,459.77,252.94,210.97,541.82,-1,-1,-1,-1
229,2,1003.12,158.78,275.19,783.55,-1,-1,-1,-1
229,3,477.27,252.93,211.62,539.61,-1,-1,-1,-1
230,2,975.59,155.42,274.82,780.15,-1,-1,-1,-1
230,3,492.34,253.82,213.98,541.15,-1,-1,-1,-1
231,2,957.41,150.00,280.78,800.29,-1,-1,-1,-1
231,3,506.88,255.28,214.58,538.73,-1,-1,-1,-1
232,2,930.77,152.79,276.59,798.89,-1,-1,-1,-1
232,3,520.81,256.47,215.91,539.23,-1,-1,-1,-1
233,2,885.81,140.57,280.34,821.49,-1,-1,-1,-1
233,3,536.95,254.85,217.09,538.46,-1,-1,-1,-1
233,1,1044.31,204.87,227.93,628.50,-1,-1,-1,-1
234,2,853.11,138.00,281.07,825.44,-1,-1,-1,-1
234,3,555.39,255.57,218.96,541.95,-1,-1,-1,-1
234,1,1062.01,207.83,224.12,622.33,-1,-1,-1,-1
235,2,833.21,142.14,279.39,819.46,-1,-1,-1,-1
235,3,565.23,254.91,219.90,544.08,-1,-1,-1,-1
235,1,1074.03,211.92,219.84,609.86,-1,-1,-1,-1
236,2,807.13,147.71,278.89,809.32,-1,-1,-1,-1
236,3,582.60,252.30,220.90,546.95,-1,-1,-1,-1
236,1,1077.06,208.95,220.99,613.24,-1,-1,-1,-1
237,2,780.19,150.19,282.81,809.77,-1,-1,-1,-1
237,3,602.76,251.06,220.48,546.74,-1,-1,-1,-1
237,1,1091.28,210.44,222.48,616.28,-1,-1,-1,-1
238,2,758.64,155.68,281.83,797.29,-1,-1,-1,-1
238,3,619.53,248.41,222.18,552.96,-1,-1,-1,-1
238,1,1106.62,212.40,222.21,611.66,-1,-1,-1,-1
239,2,735.51,158.18,280.38,790.27,-1,-1,-1,-1
239,3,632.98,232.31,227.92,574.04,-1,-1,-1,-1
239,1,1124.56,214.92,223.78,611.01,-1,-1,-1,-1
240,2,689.57,164.07,271.85,763.19,-1,-1,-1,-1
240,1,1136.94,213.00,227.25,613.60,-1,-1,-1,-1
241,2,660.58,164.71,267.21,755.95,-1,-1,-1,-1
241,1,1149.73,214.61,228.46,612.67,-1,-1,-1,-1
242,2,650.11,158.43,259.80,734.81,-1,-1,-1,-1
242,1,1156.37,216.48,229.60,612.14,-1,-1,-1,-1
243,2,628.48,162.12,269.33,760.17,-1,-1,-1,-1
243,1,1163.50,217.12,230.42,613.17,-1,-1,-1,-1
244,2,598.49,165.56,276.81,775.57,-1,-1,-1,-1
244,1,1172.53,214.00,231.97,615.59,-1,-1,-1,-1
244,4,748.02,252.73,191.63,531.52,-1,-1,-1,-1
245,2,565.48,166.20,280.81,780.02,-1,-1,-1,-1
245,1,1181.55,211.04,231.49,615.34,-1,-1,-1,-1
245,3,764.64,246.38,212.59,537.02,-1,-1,-1,-1
246,2,545.74,169.94,284.35,778.97,-1,-1,-1,-1
246,1,1199.59,214.34,228.13,608.54,-1,-1,-1,-1
246,3,780.46,243.07,213.85,542.90,-1,-1,-1,-1
247,2,521.12,170.96,286.30,777.61,-1,-1,-1,-1
247,1,1219.88,204.28,229.02,615.77,-1,-1,-1,-1
247,3,796.80,241.29,212.84,542.49,-1,-1,-1,-1
248,2,504.54,170.19,288.77,784.71,-1,-1,-1,-1
248,1,1233.07,204.55,226.52,614.25,-1,-1,-1,-1
248,3,809.16,235.57,213.50,548.74,-1,-1,-1,-1
249,2,479.40,164.14,290.87,790.98,-1,-1,-1,-1
249,1,1243.14,200.53,228.20,624.54,-1,-1,-1,-1
249,3,821.88,232.43,213.36,551.03,-1,-1,-1,-1
250,2,450.60,159.89,292.30,798.38,-1,-1,-1,-1
250,1,1254.24,204.77,223.43,613.27,-1,-1,-1,-1
250,3,840.04,232.91,212.08,545.78,-1,-1,-1,-1
251,2,422.63,155.67,292.64,804.14,-1,-1,-1,-1
251,1,1261.21,208.62,224.17,612.49,-1,-1,-1,-1
251,3,856.62,232.46,211.61,543.89,-1,-1,-1,-1
252,2,394.08,153.64,293.98,809.31,-1,-1,-1,-1
252,1,1267.74,210.00,225.02,612.27,-1,-1,-1,-1
252,3,872.48,233.92,211.17,541.85,-1,-1,-1,-1
253,2,371.44,153.76,296.30,815.44,-1,-1,-1,-1
253,1,1275.07,207.62,223.98,608.03,-1,-1,-1,-1
253,3,888.41,230.06,213.56,549.26,-1,-1,-1,-1
254,2,348.74,154.12,298.06,816.52,-1,-1,-1,-1
254,1,1279.56,210.63,223.89,605.40,-1,-1,-1,-1
254,3,905.79,228.70,214.89,555.10,-1,-1,-1,-1
255,2,331.39,156.60,300.10,815.45,-1,-1,-1,-1
255,1,1283.40,209.76,224.84,605.69,-1,-1,-1,-1
255,3,914.38,229.37,214.96,557.04,-1,-1,-1,-1
256,2,296.47,152.91,309.11,833.14,-1,-1,-1,-1
256,1,1289.70,207.75,227.43,612.32,-1,-1,-1,-1
256,3,928.43,225.10,213.78,557.95,-1,-1,-1,-1
257,2,270.89,152.38,311.45,838.03,-1,-1,-1,-1
257,1,1299.72,204.03,230.90,624.57,-1,-1,-1,-1
257,3,949.88,221.98,214.26,560.52,-1,-1,-1,-1
258,2,244.55,151.21,315.62,845.97,-1,-1,-1,-1
258,1,1312.12,205.80,232.87,633.11,-1,-1,-1,-1
258,3,967.71,218.24,214.15,563.88,-1,-1,-1,-1
259,2,221.76,142.26,317.61,845.26,-1,-1,-1,-1
259,1,1328.00,204.06,234.78,641.95,-1,-1,-1,-1
259,3,985.35,216.12,214.72,565.96,-1,-1,-1,-1
260,2,198.05,134.68,334.98,890.58,-1,-1,-1,-1
260,1,1339.83,203.39,235.76,647.13,-1,-1,-1,-1
260,3,1002.21,214.41,215.69,566.17,-1,-1,-1,-1
261,2,179.81,132.50,348.55,929.27,-1,-1,-1,-1
261,1,1350.92,203.44,237.15,651.67,-1,-1,-1,-1
261,3,1016.54,216.09,216.18,563.87,-1,-1,-1,-1
262,2,167.21,134.68,350.46,929.26,-1,-1,-1,-1
262,1,1363.61,203.83,240.76,661.36,-1,-1,-1,-1
262,3,1030.47,218.47,215.94,560.55,-1,-1,-1,-1
263,2,149.85,134.85,353.95,934.09,-1,-1,-1,-1
263,1,1370.95,201.61,243.26,667.83,-1,-1,-1,-1
263,3,1043.91,220.34,216.71,560.87,-1,-1,-1,-1
264,2,134.20,138.32,355.57,933.34,-1,-1,-1,-1
264,1,1380.04,197.81,247.14,676.89,-1,-1,-1,-1
264,3,1055.57,215.97,220.23,569.58,-1,-1,-1,-1
265,2,116.52,129.17,359.27,943.88,-1,-1,-1,-1
265,1,1389.12,189.71,254.78,696.38,-1,-1,-1,-1
265,3,1070.54,215.25,217.83,568.31,-1,-1,-1,-1
266,2,103.99,120.97,362.33,954.60,-1,-1,-1,-1
266,1,1393.32,185.91,258.28,702.78,-1,-1,-1,-1
266,3,1083.00,213.59,215.55,569.07,-1,-1,-1,-1
266,5,3.91,210.53,169.88,602.72,-1,-1,-1,-1
267,2,84.05,116.01,366.50,964.32,-1,-1,-1,-1
267,1,1397.95,185.90,261.81,708.08,-1,-1,-1,-1
267,3,1098.10,208.73,215.81,574.71,-1,-1,-1,-1
267,5,6.62,199.43,172.41,610.62,-1,-1,-1,-1
268,2,72.16,104.59,371.24,970.52,-1,-1,-1,-1
268,1,1401.19,183.23,265.22,711.67,-1,-1,-1,-1
268,3,1115.01,209.22,217.00,579.32,-1,-1,-1,-1
268,5,3.42,195.18,182.92,647.55,-1,-1,-1,-1
269,2,69.59,99.64,373.72,975.88,-1,-1,-1,-1
269,1,1397.18,179.64,272.01,722.62,-1,-1,-1,-1
269,3,1131.40,206.81,219.01,580.74,-1,-1,-1,-1
269,5,13.37,197.33,185.13,651.28,-1,-1,-1,-1
270,2,63.66,104.78,375.69,976.13,-1,-1,-1,-1
270,1,1392.88,173.07,282.73,750.02,-1,-1,-1,-1
270,3,1155.01,207.38,219.72,578.34,-1,-1,-1,-1
271,2,63.47,90.97,378.15,980.50,-1,-1,-1,-1
271,1,1387.45,172.77,289.57,765.87,-1,-1,-1,-1
271,3,1168.37,208.00,222.12,581.76,-1,-1,-1,-1
272,2,61.87,87.57,387.09,997.55,-1,-1,-1,-1
272,1,1383.11,167.73,294.46,777.10,-1,-1,-1,-1
272,3,1175.08,204.41,225.35,588.73,-1,-1,-1,-1
273,2,66.71,78.77,393.61,1009.34,-1,-1,-1,-1
273,1,1379.05,170.45,297.04,783.29,-1,-1,-1,-1
273,3,1184.44,200.82,226.71,592.80,-1,-1,-1,-1
274,2,67.07,69.75,402.13,1022.66,-1,-1,-1,-1
274,1,1375.60,167.20,300.05,789.94,-1,-1,-1,-1
274,3,1200.79,203.15,225.77,593.51,-1,-1,-1,-1
275,2,73.81,64.91,408.52,1028.79,-1,-1,-1,-1
275,1,1370.52,154.55,306.61,808.69,-1,-1,-1,-1
275,3,1219.38,201.09,224.58,595.54,-1,-1,-1,-1
276,2,97.12,69.47,408.96,1023.36,-1,-1,-1,-1
276,1,1364.00,154.97,313.56,829.63,-1,-1,-1,-1
276,3,1239.38,199.10,224.42,600.58,-1,-1,-1,-1
277,2,107.48,73.14,412.73,1025.37,-1,-1,-1,-1
277,1,1358.76,157.26,316.64,840.09,-1,-1,-1,-1
277,3,1261.87,196.91,223.66,605.55,-1,-1,-1,-1
278,2,129.94,69.70,416.81,1029.46,-1,-1,-1,-1
278,1,1354.54,159.00,316.44,842.30,-1,-1,-1,-1
278,3,1274.40,190.70,223.77,612.07,-1,-1,-1,-1
279,2,158.03,63.81,422.07,1033.59,-1,-1,-1,-1
279,1,1347.90,159.87,314.21,836.50,-1,-1,-1,-1
279,3,1286.20,192.92,220.25,608.61,-1,-1,-1,-1
280,2,180.33,53.25,424.50,1036.68,-1,-1,-1,-1
280,1,1342.03,156.36,313.33,834.81,-1,-1,-1,-1
280,3,1293.90,203.75,214.64,595.17,-1,-1,-1,-1
281,2,211.71,37.59,426.12,1037.73,-1,-1,-1,-1
281,1,1330.04,154.88,319.48,850.00,-1,-1,-1,-1
281,6,180.84,199.58,207.74,584.13,-1,-1,-1,-1
282,2,244.30,33.23,427.66,1039.40,-1,-1,-1,-1
282,1,1319.17,149.12,324.03,863.28,-1,-1,-1,-1
282,6,189.40,206.24,218.96,614.68,-1,-1,-1,-1
283,2,276.50,22.26,432.81,1052.18,-1,-1,-1,-1
283,1,1308.31,152.51,332.40,887.80,-1,-1,-1,-1
283,6,207.13,213.67,218.16,611.36,-1,-1,-1,-1
284,2,316.54,22.59,437.91,1063.23,-1,-1,-1,-1
284,1,1295.26,141.23,332.45,885.21,-1,-1,-1,-1
284,6,224.89,234.67,213.66,596.23,-1,-1,-1,-1
285,2,358.32,20.00,432.26,1046.02,-1,-1,-1,-1
285,1,1274.70,140.53,332.04,887.71,-1,-1,-1,-1
285,6,244.13,256.01,206.78,573.05,-1,-1,-1,-1
286,2,402.50,26.35,434.84,1056.18,-1,-1,-1,-1
286,1,1256.58,133.15,331.60,887.27,-1,-1,-1,-1
286,6,265.67,265.40,204.45,561.99,-1,-1,-1,-1
286,3,1386.60,194.22,225.75,626.31,-1,-1,-1,-1
287,2,451.06,11.47,423.92,1026.60,-1,-1,-1,-1
287,1,1224.58,136.17,332.01,884.97,-1,-1,-1,-1
287,6,281.08,277.80,202.16,549.36,-1,-1,-1,-1
287,3,1404.50,193.46,228.22,631.98,-1,-1,-1,-1
288,2,494.12,12.70,435.21,1059.34,-1,-1,-1,-1
288,1,1195.16,140.25,332.45,881.94,-1,-1,-1,-1
288,6,301.71,292.70,200.15,536.76,-1,-1,-1,-1
288,3,1423.60,187.86,236.34,655.16,-1,-1,-1,-1
289,2,542.72,16.05,434.31,1065.44,-1,-1,-1,-1
289,1,1177.88,143.75,332.79,882.79,-1,-1,-1,-1
289,6,316.54,309.01,197.98,522.58,-1,-1,-1,-1
289,3,1437.25,185.31,239.09,663.27,-1,-1,-1,-1
290,2,589.20,17.08,432.32,1063.96,-1,-1,-1,-1
290,1,1158.09,143.41,332.50,882.11,-1,-1,-1,-1
290,6,328.30,319.84,198.67,516.72,-1,-1,-1,-1
290,3,1455.27,185.37,239.99,665.92,-1,-1,-1,-1
291,2,617.65,10.06,432.65,1068.42,-1,-1,-1,-1
291,1,1140.20,141.51,334.12,887.19,-1,-1,-1,-1
291,6,331.92,320.00,202.40,518.49,-1,-1,-1,-1
291,3,1465.14,187.87,240.52,664.69,-1,-1,-1,-1
292,2,641.67,11.67,433.28,1078.77,-1,-1,-1,-1
292,1,1117.62,143.15,335.12,888.93,-1,-1,-1,-1
292,6,337.69,313.61,208.50,526.65,-1,-1,-1,-1
292,3,1471.78,187.92,243.27,667.96,-1,-1,-1,-1
293,2,679.05,12.86,430.96,1077.71,-1,-1,-1,-1
293,1,1092.41,138.84,336.45,893.42,-1,-1,-1,-1
293,6,342.76,296.79,218.96,548.49,-1,-1,-1,-1
293,3,1476.68,186.21,245.35,670.58,-1,-1,-1,-1
294,2,720.06,25.76,425.57,1069.32,-1,-1,-1,-1
294,1,1061.87,138.50,333.72,890.83,-1,-1,-1,-1
294,6,346.85,275.64,229.89,573.30,-1,-1,-1,-1
294,3,1480.74,182.49,248.52,677.66,-1,-1,-1,-1
295,2,769.91,16.26,414.37,1053.21,-1,-1,-1,-1
295,1,1040.85,139.15,330.42,888.99,-1,-1,-1,-1
295,6,347.64,250.03,239.96,598.69,-1,-1,-1,-1
295,3,1485.68,177.78,252.04,687.57,-1,-1,-1,-1
296,2,865.67,12.49,413.84,1044.40,-1,-1,-1,-1
296,6,345.68,226.86,250.01,624.74,-1,-1,-1,-1
296,3,1487.74,172.40,254.47,697.32,-1,-1,-1,-1
297,2,916.74,8.20,420.58,1058.81,-1,-1,-1,-1
297,6,342.48,208.01,259.06,648.89,-1,-1,-1,-1
297,3,1489.43,167.66,258.37,715.00,-1,-1,-1,-1
298,2,943.90,11.98,423.44,1066.70,-1,-1,-1,-1
298,6,336.88,194.05,266.06,667.20,-1,-1,-1,-1
298,3,1493.21,164.48,259.31,725.61,-1,-1,-1,-1
299,2,979.87,3.56,408.71,1024.58,-1,-1,-1,-1
299,6,335.54,184.64,272.24,683.29,-1,-1,-1,-1
299,3,1493.38,163.24,260.08,735.24,-1,-1,-1,-1
300,2,1014.15,0.41,418.23,1040.35,-1,-1,-1,-1
300,6,334.20,179.83,278.05,698.57,-1,-1,-1,-1
300,3,1490.78,161.71,263.53,750.97,-1,-1,-1,-1
301,2,1053.82,8.04,429.51,1072.45,-1,-1,-1,-1
301,6,327.52,180.28,285.41,720.25,-1,-1,-1,-1
301,3,1486.71,162.53,267.31,765.46,-1,-1,-1,-1
301,7,921.04,143.58,290.60,896.91,-1,-1,-1,-1
302,2,1108.05,12.63,431.26,1079.86,-1,-1,-1,-1
302,6,321.65,183.32,291.54,739.12,-1,-1,-1,-1
302,3,1485.30,160.97,269.89,774.66,-1,-1,-1,-1
302,1,903.20,150.05,319.12,868.68,-1,-1,-1,-1
303,2,1163.85,4.12,419.39,1047.95,-1,-1,-1,-1
303,6,314.95,184.84,298.45,762.15,-1,-1,-1,-1
303,3,1485.64,158.90,271.60,778.77,-1,-1,-1,-1
303,1,891.99,153.12,317.78,871.00,-1,-1,-1,-1
304,2,1216.94,0.88,410.04,1027.86,-1,-1,-1,-1
304,6,308.03,187.58,301.71,772.75,-1,-1,-1,-1
304,3,1491.83,158.55,270.50,774.86,-1,-1,-1,-1
304,1,881.30,155.93,314.09,870.49,-1,-1,-1,-1
305,2,1325.63,-0.26,398.23,987.48,-1,-1,-1,-1
305,6,298.70,187.27,303.10,781.47,-1,-1,-1,-1
305,1,865.09,153.60,312.21,878.50,-1,-1,-1,-1
306,2,1358.91,-0.61,405.05,995.71,-1,-1,-1,-1
306,6,291.80,182.82,303.54,785.13,-1,-1,-1,-1
306,1,855.96,153.05,308.11,877.87,-1,-1,-1,-1
307,2,1374.05,-0.69,408.68,1000.76,-1,-1,-1,-1
307,6,281.25,168.85,306.86,795.16,-1,-1,-1,-1
307,1,851.58,161.92,299.08,863.81,-1,-1,-1,-1
308,2,1367.01,-0.67,428.19,1045.96,-1,-1,-1,-1
308,6,267.21,152.77,314.40,820.38,-1,-1,-1,-1
308,1,846.43,164.76,295.60,860.69,-1,-1,-1,-1
309,6,258.06,142.65,317.65,832.88,-1,-1,-1,-1
309,1,846.01,168.95,292.59,854.93,-1,-1,-1,-1
310,6,244.50,139.22,318.55,836.21,-1,-1,-1,-1
310,1,842.54,175.51,289.71,845.26,-1,-1,-1,-1
311,6,233.37,140.52,319.45,836.76,-1,-1,-1,-1
311,1,838.54,181.92,286.72,836.00,-1,-1,-1,-1
311,2,1479.92,-0.35,407.59,989.51,-1,-1,-1,-1
312,6,226.32,149.81,320.53,836.76,-1,-1,-1,-1
312,1,835.77,185.80,282.78,825.77,-1,-1,-1,-1
312,2,1504.94,-0.11,415.80,1013.00,-1,-1,-1,-1
313,6,221.54,168.94,317.62,824.43,-1,-1,-1,-1
313,1,829.09,186.43,280.14,817.33,-1,-1,-1,-1
313,2,1521.21,4.81,414.63,1022.30,-1,-1,-1,-1
314,6,218.60,191.84,315.34,812.61,-1,-1,-1,-1
314,1,823.71,183.26,277.52,805.10,-1,-1,-1,-1
314,2,1527.61,1.83,411.73,1026.71,-1,-1,-1,-1
315,6,217.13,221.31,314.82,807.55,-1,-1,-1,-1
315,1,819.44,190.99,276.08,796.85,-1,-1,-1,-1
315,2,1522.85,43.05,406.76,1020.25,-1,-1,-1,-1
316,6,220.21,248.01,315.92,804.67,-1,-1,-1,-1
316,1,820.81,202.97,267.40,764.90,-1,-1,-1,-1
316,2,1505.55,92.67,376.25,961.18,-1,-1,-1,-1
317,6,221.00,264.72,320.17,809.20,-1,-1,-1,-1
317,1,819.46,203.21,268.90,762.42,-1,-1,-1,-1
317,2,1501.63,115.17,358.36,927.43,-1,-1,-1,-1
318,6,221.71,263.69,326.70,820.72,-1,-1,-1,-1
318,1,821.56,197.32,269.41,759.81,-1,-1,-1,-1
318,2,1484.96,125.74,343.20,908.90,-1,-1,-1,-1
319,6,219.66,242.27,338.53,846.39,-1,-1,-1,-1
319,1,824.37,195.48,271.14,761.60,-1,-1,-1,-1
319,2,1468.42,126.72,333.49,899.26,-1,-1,-1,-1
320,6,218.09,202.12,353.72,883.19,-1,-1,-1,-1
320,1,830.26,198.62,268.50,753.29,-1,-1,-1,-1
320,2,1454.92,128.91,325.55,890.67,-1,-1,-1,-1
320,9,1674.50,58.10,253.68,1002.12,-1,-1,-1,-1
321,6,214.03,161.52,368.97,922.59,-1,-1,-1,-1
321,1,838.18,200.82,263.40,737.07,-1,-1,-1,-1
321,2,1438.69,123.76,324.24,900.13,-1,-1,-1,-1
321,9,1691.02,54.53,244.93,969.68,-1,-1,-1,-1
322,6,211.06,131.57,380.27,953.18,-1,-1,-1,-1
322,1,848.09,204.42,256.46,718.59,-1,-1,-1,-1
322,2,1418.12,120.89,323.19,903.47,-1,-1,-1,-1
322,9,1704.40,41.86,236.61,940.01,-1,-1,-1,-1
323,6,212.16,110.15,387.74,975.15,-1,-1,-1,-1
323,1,859.52,209.07,248.41,693.61,-1,-1,-1,-1
323,2,1400.29,123.76,317.50,892.03,-1,-1,-1,-1
323,9,1711.10,53.89,227.21,906.55,-1,-1,-1,-1
324,6,216.69,86.76,395.21,996.71,-1,-1,-1,-1
324,1,877.15,209.49,244.37,679.93,-1,-1,-1,-1
324,9,1718.84,65.17,223.06,896.80,-1,-1,-1,-1
324,3,1376.92,120.96,309.32,887.46,-1,-1,-1,-1
325,6,225.30,69.46,402.43,1015.70,-1,-1,-1,-1
325,1,897.67,206.37,243.87,679.20,-1,-1,-1,-1
325,9,1724.25,74.55,215.94,874.75,-1,-1,-1,-1
325,3,1354.76,127.21,308.97,882.39,-1,-1,-1,-1
326,6,232.82,62.02,404.87,1020.77,-1,-1,-1,-1
326,1,912.01,207.62,244.80,679.99,-1,-1,-1,-1
326,9,1727.06,88.86,208.11,847.46,-1,-1,-1,-1
326,3,1339.79,126.95,312.20,882.87,-1,-1,-1,-1
327,6,241.88,64.65,408.91,1020.49,-1,-1,-1,-1
327,1,927.63,213.11,244.89,677.54,-1,-1,-1,-1
327,9,1723.78,92.26,206.73,845.05,-1,-1,-1,-1
327,3,1310.61,129.60,319.27,886.41,-1,-1,-1,-1
328,6,251.96,68.86,410.96,1013.37,-1,-1,-1,-1
328,1,943.35,213.92,246.85,678.41,-1,-1,-1,-1
328,9,1726.12,88.87,206.20,848.29,-1,-1,-1,-1
328,3,1288.32,136.86,320.38,880.58,-1,-1,-1,-1
329,6,268.89,81.62,412.03,1003.36,-1,-1,-1,-1
329,1,956.11,212.04,250.67,684.92,-1,-1,-1,-1
329,9,1725.92,90.37,205.68,851.22,-1,-1,-1,-1
329,3,1264.97,140.14,324.34,881.47,-1,-1,-1,-1
330,6,281.46,92.15,413.77,995.64,-1,-1,-1,-1
330,1,964.90,209.36,251.35,680.98,-1,-1,-1,-1
330,9,1726.52,77.00,207.93,868.82,-1,-1,-1,-1
330,3,1241.80,142.74,325.54,880.93,-1,-1,-1,-1
331,6,298.59,94.63,412.80,979.74,-1,-1,-1,-1
331,1,971.48,212.24,250.87,674.19,-1,-1,-1,-1
331,9,1719.36,80.36,210.09,882.33,-1,-1,-1,-1
331,3,1224.26,147.25,324.16,877.21,-1,-1,-1,-1
332,6,309.85,76.39,426.01,1003.91,-1,-1,-1,-1
332,1,980.48,215.21,252.98,675.42,-1,-1,-1,-1
332,9,1715.63,89.19,207.92,873.11,-1,-1,-1,-1
332,3,1203.84,145.36,322.62,880.71,-1,-1,-1,-1
333,6,326.07,61.01,432.22,1014.98,-1,-1,-1,-1
333,1,986.90,213.72,256.62,680.66,-1,-1,-1,-1
333,9,1715.88,80.42,210.16,886.01,-1,-1,-1,-1
333,3,1180.54,154.19,317.99,877.04,-1,-1,-1,-1
334,6,348.88,57.88,440.83,1029.42,-1,-1,-1,-1
334,1,996.56,211.70,257.69,680.24,-1,-1,-1,-1
334,9,1718.30,92.38,203.92,858.78,-1,-1,-1,-1
334,3,1151.96,143.92,321.17,903.97,-1,-1,-1,-1
335,6,372.04,55.95,445.91,1034.14,-1,-1,-1,-1
335,1,1001.84,211.62,255.16,673.74,-1,-1,-1,-1
335,9,1713.33,95.13,211.83,894.90,-1,-1,-1,-1
335,3,1131.01,152.19,310.25,880.91,-1,-1,-1,-1
336,6,389.20,44.41,446.82,1032.29,-1,-1,-1,-1
336,1,1003.60,210.64,251.10,662.89,-1,-1,-1,-1
336,9,1710.25,87.59,213.75,902.50,-1,-1,-1,-1
336,3,1093.26,160.96,301.29,857.15,-1,-1,-1,-1
337,6,409.31,38.46,449.68,1041.01,-1,-1,-1,-1
337,1,1006.13,205.42,248.56,658.14,-1,-1,-1,-1
337,9,1706.92,88.84,211.51,886.80,-1,-1,-1,-1
337,3,1070.58,166.73,300.25,852.94,-1,-1,-1,-1
338,6,430.00,30.99,451.52,1046.33,-1,-1,-1,-1
338,1,1005.59,203.84,241.19,639.77,-1,-1,-1,-1
338,9,1697.29,101.75,211.28,872.19,-1,-1,-1,-1
338,3,1059.28,167.57,296.94,839.60,-1,-1,-1,-1
339,6,449.85,23.19,457.77,1062.50,-1,-1,-1,-1
339,9,1681.99,120.38,211.69,847.02,-1,-1,-1,-1
339,3,1019.22,165.08,301.51,850.37,-1,-1,-1,-1
340,6,477.55,26.20,461.49,1065.77,-1,-1,-1,-1
340,9,1664.01,115.31,221.87,861.35,-1,-1,-1,-1
340,3,996.59,158.51,307.05,861.01,-1,-1,-1,-1
341,6,507.27,26.05,463.88,1061.49,-1,-1,-1,-1
341,9,1646.93,117.80,229.46,865.18,-1,-1,-1,-1
341,3,980.33,157.00,312.92,873.53,-1,-1,-1,-1
342,6,529.06,28.72,462.16,1054.15,-1,-1,-1,-1
342,3,953.92,151.07,320.36,895.57,-1,-1,-1,-1
342,2,1580.27,114.87,302.25,853.38,-1,-1,-1,-1
343,6,562.05,32.05,460.17,1048.27,-1,-1,-1,-1
343,3,934.15,145.17,320.61,895.31,-1,-1,-1,-1
343,2,1573.62,116.75,298.76,848.41,-1,-1,-1,-1
344,6,648.44,57.61,444.80,1022.44,-1,-1,-1,-1
344,3,892.98,136.55,322.03,910.67,-1,-1,-1,-1
344,2,1524.69,112.74,299.64,853.85,-1,-1,-1,-1
345,6,675.65,27.67,451.90,1047.11,-1,-1,-1,-1
345,3,926.80,182.28,262.01,739.45,-1,-1,-1,-1
345,2,1492.67,116.60,297.83,849.03,-1,-1,-1,-1
346,6,690.43,10.87,455.50,1065.54,-1,-1,-1,-1
346,3,961.33,216.02,224.11,636.67,-1,-1,-1,-1
346,2,1462.58,121.35,295.01,835.09,-1,-1,-1,-1
347,6,715.18,9.52,456.38,1081.27,-1,-1,-1,-1
347,3,963.54,232.44,209.95,593.61,-1,-1,-1,-1
347,2,1434.65,129.84,290.21,817.47,-1,-1,-1,-1
348,6,749.30,38.98,441.03,1054.99,-1,-1,-1,-1
348,2,1407.57,129.42,287.92,811.26,-1,-1,-1,-1
348,10,3.41,238.75,137.39,628.73,-1,-1,-1,-1
349,6,755.26,36.32,436.58,1052.20,-1,-1,-1,-1
349,2,1378.13,136.87,284.65,806.02,-1,-1,-1,-1
349,10,8.93,244.78,130.03,593.11,-1,-1,-1,-1
350,6,761.59,35.02,427.34,1037.55,-1,-1,-1,-1
350,2,1360.64,137.27,282.74,802.81,-1,-1,-1,-1
350,10,9.10,236.81,132.51,602.14,-1,-1,-1,-1
351,6,783.42,31.49,421.18,1028.54,-1,-1,-1,-1
351,2,1343.02,140.83,277.64,792.01,-1,-1,-1,-1
351,10,9.77,228.26,143.22,647.56,-1,-1,-1,-1
352,6,818.26,16.43,422.14,1036.87,-1,-1,-1,-1
352,2,1323.10,139.39,274.75,790.22,-1,-1,-1,-1
352,10,21.44,233.04,145.37,645.96,-1,-1,-1,-1
352,11,724.67,131.90,301.72,903.70,-1,-1,-1,-1
353,6,864.90,9.53,425.87,1057.94,-1,-1,-1,-1
353,2,1294.94,133.31,278.94,810.26,-1,-1,-1,-1
353,10,26.48,233.57,149.46,650.67,-1,-1,-1,-1
353,11,688.74,143.95,297.54,888.34,-1,-1,-1,-1
354,6,893.80,27.65,422.43,1056.46,-1,-1,-1,-1
354,2,1271.83,138.71,273.22,797.50,-1,-1,-1,-1
354,10,31.85,226.59,150.59,637.37,-1,-1,-1,-1
354,11,654.11,147.00,300.24,893.21,-1,-1,-1,-1
355,6,940.32,32.12,411.25,1039.64,-1,-1,-1,-1
355,2,1246.49,155.07,269.34,780.90,-1,-1,-1,-1
355,10,33.69,222.74,155.17,637.40,-1,-1,-1,-1
355,12,909.55,216.54,232.19,567.17,-1,-1,-1,-1
355,3,626.18,155.71,307.24,863.86,-1,-1,-1,-1
356,6,968.49,24.68,417.96,1057.24,-1,-1,-1,-1
356,2,1182.68,128.30,282.50,814.69,-1,-1,-1,-1
356,10,34.75,218.69,159.05,632.44,-1,-1,-1,-1
356,3,588.72,147.88,319.89,899.51,-1,-1,-1,-1
356,1,904.22,224.46,218.12,570.56,-1,-1,-1,-1
357,6,1004.34,15.01,425.55,1076.59,-1,-1,-1,-1
357,2,1185.00,128.13,280.83,805.53,-1,-1,-1,-1
357,10,35.88,216.63,164.72,633.19,-1,-1,-1,-1
357,3,554.68,147.48,326.75,910.60,-1,-1,-1,-1
357,1,893.15,221.79,219.96,569.89,-1,-1,-1,-1
358,6,1030.75,19.40,426.70,1071.02,-1,-1,-1,-1
358,10,39.36,216.16,170.62,633.17,-1,-1,-1,-1
358,3,518.78,146.22,331.97,913.44,-1,-1,-1,-1
358,1,886.21,219.84,222.74,576.86,-1,-1,-1,-1
359,6,1048.95,18.37,428.49,1066.25,-1,-1,-1,-1
359,10,45.35,218.36,176.90,633.21,-1,-1,-1,-1
359,3,489.83,146.44,337.23,926.60,-1,-1,-1,-1
359,1,872.84,227.47,219.51,567.67,-1,-1,-1,-1
360,6,1072.12,15.45,432.78,1074.88,-1,-1,-1,-1
360,10,53.08,217.92,184.51,637.24,-1,-1,-1,-1
360,3,464.91,144.04,340.59,935.34,-1,-1,-1,-1
360,1,855.73,229.26,219.48,567.38,-1,-1,-1,-1
361,6,1111.67,26.01,430.08,1069.24,-1,-1,-1,-1
361,10,66.39,213.96,192.54,637.14,-1,-1,-1,-1
361,3,439.03,141.98,340.74,937.67,-1,-1,-1,-1
361,1,836.51,227.44,222.82,574.79,-1,-1,-1,-1
362,6,1138.65,19.43,428.54,1065.41,-1,-1,-1,-1
362,10,82.25,222.39,197.49,631.95,-1,-1,-1,-1
362,3,410.08,137.86,342.60,944.13,-1,-1,-1,-1
362,1,820.66,224.28,225.81,581.12,-1,-1,-1,-1
363,6,1157.45,9.69,429.63,1067.05,-1,-1,-1,-1
363,10,90.26,228.58,202.87,630.11,-1,-1,-1,-1
363,3,388.62,140.99,337.02,921.46,-1,-1,-1,-1
363,1,805.82,222.66,228.76,589.25,-1,-1,-1,-1
363,14,1032.83,155.22,270.23,794.62,-1,-1,-1,-1
364,6,1172.25,2.65,426.66,1054.09,-1,-1,-1,-1
364,10,99.18,231.53,206.94,625.84,-1,-1,-1,-1
364,3,371.34,142.42,336.31,913.95,-1,-1,-1,-1
364,1,795.09,223.38,231.85,598.97,-1,-1,-1,-1
364,14,1017.49,162.00,269.38,789.55,-1,-1,-1,-1
365,6,1180.90,9.04,432.44,1057.35,-1,-1,-1,-1
365,10,108.65,231.77,212.02,625.87,-1,-1,-1,-1
365,3,351.19,141.46,339.00,911.73,-1,-1,-1,-1
365,1,782.76,222.19,233.92,607.22,-1,-1,-1,-1
365,14,993.67,161.78,269.77,788.08,-1,-1,-1,-1
366,6,1186.91,7.38,438.18,1059.61,-1,-1,-1,-1
366,10,117.85,224.64,219.85,633.52,-1,-1,-1,-1
366,3,332.73,145.89,338.42,901.84,-1,-1,-1,-1
366,1,772.03,222.18,234.61,611.65,-1,-1,-1,-1
366,14,967.22,160.76,268.55,781.88,-1,-1,-1,-1
367,6,1193.77,14.88,443.42,1060.82,-1,-1,-1,-1
367,10,126.14,223.81,223.53,633.08,-1,-1,-1,-1
367,3,307.79,150.59,344.47,913.73,-1,-1,-1,-1
367,1,760.32,222.41,234.29,612.70,-1,-1,-1,-1
367,14,937.06,157.72,268.00,778.03,-1,-1,-1,-1
368,6,1205.31,19.54,438.48,1037.31,-1,-1,-1,-1
368,10,133.40,221.25,229.73,640.09,-1,-1,-1,-1
368,3,282.28,151.21,345.19,914.64,-1,-1,-1,-1
368,1,752.61,219.91,236.42,619.47,-1,-1,-1,-1
368,14,914.98,157.95,268.08,779.49,-1,-1,-1,-1
369,6,1218.31,25.00,434.97,1022.27,-1,-1,-1,-1
369,10,139.21,207.94,242.10,664.26,-1,-1,-1,-1
369,3,248.54,156.15,342.29,905.51,-1,-1,-1,-1
369,1,747.21,221.80,236.92,621.62,-1,-1,-1,-1
369,14,892.30,157.07,270.10,785.62,-1,-1,-1,-1
370,6,1227.07,24.43,436.22,1026.63,-1,-1,-1,-1
370,10,143.16,213.18,244.23,662.66,-1,-1,-1,-1
370,3,213.10,163.99,329.61,866.55,-1,-1,-1,-1
370,1,740.70,221.06,238.45,624.46,-1,-1,-1,-1
370,14,872.12,159.06,270.90,787.46,-1,-1,-1,-1
371,6,1226.51,23.61,445.28,1048.06,-1,-1,-1,-1
371,3,158.95,163.58,344.62,895.43,-1,-1,-1,-1
371,1,740.36,221.04,238.31,622.96,-1,-1,-1,-1
371,14,848.83,159.08,272.29,788.37,-1,-1,-1,-1
372,6,1229.00,23.94,447.80,1057.87,-1,-1,-1,-1
372,3,133.18,152.99,357.40,925.45,-1,-1,-1,-1
372,14,793.48,192.15,246.90,709.61,-1,-1,-1,-1
373,6,1231.38,26.39,448.61,1067.79,-1,-1,-1,-1
373,3,108.84,148.03,357.58,922.09,-1,-1,-1,-1
373,14,788.40,177.55,265.27,763.25,-1,-1,-1,-1
374,6,1247.98,24.21,432.71,1034.02,-1,-1,-1,-1
374,3,97.15,143.53,357.74,916.96,-1,-1,-1,-1
374,2,759.82,149.96,276.27,788.37,-1,-1,-1,-1
375,6,1249.94,27.65,430.89,1040.88,-1,-1,-1,-1
375,3,82.73,141.85,362.06,925.94,-1,-1,-1,-1
375,2,743.01,152.49,281.60,815.26,-1,-1,-1,-1
376,6,1254.17,35.82,427.00,1041.15,-1,-1,-1,-1
376,3,79.01,153.68,359.80,917.55,-1,-1,-1,-1
376,2,736.58,168.05,272.42,792.90,-1,-1,-1,-1
377,6,1258.98,42.16,424.05,1040.18,-1,-1,-1,-1
377,3,64.47,152.58,359.55,914.55,-1,-1,-1,-1
377,2,694.50,155.01,277.78,821.00,-1,-1,-1,-1
378,6,1263.72,38.90,423.17,1042.67,-1,-1,-1,-1
378,3,37.88,140.05,365.11,930.90,-1,-1,-1,-1
378,2,654.82,144.86,278.66,830.19,-1,-1,-1,-1
378,10,219.59,203.70,250.84,683.39,-1,-1,-1,-1
378,1,801.12,193.45,259.20,695.79,-1,-1,-1,-1
379,6,1277.07,40.89,410.75,1017.38,-1,-1,-1,-1
379,3,15.79,142.12,363.89,931.66,-1,-1,-1,-1
379,2,620.28,152.15,278.92,815.57,-1,-1,-1,-1
379,10,231.54,203.22,255.87,694.79,-1,-1,-1,-1
379,1,813.53,197.67,252.98,688.12,-1,-1,-1,-1
380,6,1284.63,59.01,406.89,1012.66,-1,-1,-1,-1
380,3,-1.81,139.89,363.29,936.06,-1,-1,-1,-1
380,2,593.48,152.14,286.44,826.15,-1,-1,-1,-1
380,10,233.56,198.59,262.28,709.57,-1,-1,-1,-1
380,1,828.09,199.45,247.74,677.74,-1,-1,-1,-1
381,6,1290.50,75.05,401.48,1002.55,-1,-1,-1,-1
381,3,-13.79,143.66,357.94,927.14,-1,-1,-1,-1
381,2,567.71,152.26,292.98,840.80,-1,-1,-1,-1
381,10,233.79,194.69,267.04,716.41,-1,-1,-1,-1
381,1,835.26,198.30,250.91,688.82,-1,-1,-1,-1
382,6,1291.86,85.09,396.35,993.78,-1,-1,-1,-1
382,3,-17.49,143.73,356.19,928.20,-1,-1,-1,-1
382,2,543.58,149.10,297.75,852.75,-1,-1,-1,-1
382,10,234.33,191.63,274.90,728.15,-1,-1,-1,-1
382,1,844.55,197.63,251.57,690.74,-1,-1,-1,-1
383,6,1296.39,86.71,394.86,997.75,-1,-1,-1,-1
383,3,-17.29,150.44,351.26,919.43,-1,-1,-1,-1
383,2,517.97,147.44,297.34,849.30,-1,-1,-1,-1
383,10,233.75,187.93,279.92,738.08,-1,-1,-1,-1
383,1,849.56,196.98,254.39,699.42,-1,-1,-1,-1
384,6,1303.57,93.95,386.17,978.59,-1,-1,-1,-1
384,3,-15.30,152.60,349.47,917.79,-1,-1,-1,-1
384,2,479.36,146.87,299.10,851.82,-1,-1,-1,-1
384,10,238.65,185.53,282.87,735.68,-1,-1,-1,-1
384,1,855.60,196.39,257.86,707.06,-1,-1,-1,-1
385,6,1306.61,90.25,381.30,973.11,-1,-1,-1,-1
385,3,-16.17,149.84,350.43,925.34,-1,-1,-1,-1
385,2,449.14,147.33,298.39,849.41,-1,-1,-1,-1
385,10,244.14,185.25,286.48,739.47,-1,-1,-1,-1
385,1,862.50,197.82,259.25,710.27,-1,-1,-1,-1
386,6,1310.22,84.58,375.12,963.03,-1,-1,-1,-1
386,3,-15.88,151.98,348.54,925.33,-1,-1,-1,-1
386,2,428.05,146.57,301.05,852.60,-1,-1,-1,-1
386,10,252.77,187.00,290.11,747.53,-1,-1,-1,-1
386,1,868.72,196.83,264.12,722.95,-1,-1,-1,-1
387,6,1327.24,89.15,349.63,901.20,-1,-1,-1,-1
387,3,-15.44,155.29,343.80,917.95,-1,-1,-1,-1
387,2,398.79,149.59,306.52,858.32,-1,-1,-1,-1
387,10,271.47,185.87,287.54,742.11,-1,-1,-1,-1
387,1,871.96,196.89,267.01,729.40,-1,-1,-1,-1
388,6,1335.11,92.49,334.81,867.10,-1,-1,-1,-1
388,3,-13.79,161.04,336.99,904.08,-1,-1,-1,-1
388,2,378.71,157.75,305.27,847.02,-1,-1,-1,-1
388,10,273.46,198.77,281.33,732.77,-1,-1,-1,-1
388,1,875.95,195.77,268.89,732.82,-1,-1,-1,-1
389,6,1335.77,92.15,328.89,860.24,-1,-1,-1,-1
389,3,-8.77,169.81,330.26,886.76,-1,-1,-1,-1
389,2,340.21,155.32,312.73,857.70,-1,-1,-1,-1
389,1,879.93,193.25,270.78,737.61,-1,-1,-1,-1
390,6,1336.63,91.66,324.25,858.32,-1,-1,-1,-1
390,3,-4.35,166.73,324.59,870.36,-1,-1,-1,-1
390,2,321.55,164.63,310.12,845.52,-1,-1,-1,-1
390,1,885.96,194.08,268.84,732.97,-1,-1,-1,-1
391,6,1336.62,99.50,317.42,851.17,-1,-1,-1,-1
391,3,-3.50,164.04,320.68,859.87,-1,-1,-1,-1
391,2,304.55,172.70,310.18,841.39,-1,-1,-1,-1
391,1,894.54,192.01,271.29,735.56,-1,-1,-1,-1
392,6,1335.68,108.36,309.49,836.69,-1,-1,-1,-1
392,3,-0.83,166.56,316.04,847.84,-1,-1,-1,-1
392,1,904.11,191.98,275.37,742.91,-1,-1,-1,-1
393,6,1331.16,120.09,302.92,825.01,-1,-1,-1,-1
393,3,2.64,166.97,315.35,844.93,-1,-1,-1,-1
393,1,913.88,194.40,285.79,763.45,-1,-1,-1,-1
393,17,440.87,205.98,223.03,682.26,-1,-1,-1,-1
394,6,1328.82,133.47,297.36,815.28,-1,-1,-1,-1
394,3,7.84,169.51,314.08,839.87,-1,-1,-1,-1
394,1,922.10,198.72,297.07,787.57,-1,-1,-1,-1
394,17,447.57,191.38,233.40,711.95,-1,-1,-1,-1
394,2,240.08,159.51,314.52,855.26,-1,-1,-1,-1
395,6,1326.21,141.60,289.64,798.76,-1,-1,-1,-1
395,3,14.55,176.04,310.24,829.04,-1,-1,-1,-1
395,1,930.40,202.61,302.52,796.49,-1,-1,-1,-1
395,17,458.97,184.15,242.26,735.42,-1,-1,-1,-1
395,2,232.20,164.83,310.56,843.93,-1,-1,-1,-1
396,6,1319.54,140.63,287.59,796.03,-1,-1,-1,-1
396,3,21.82,184.25,303.63,811.48,-1,-1,-1,-1
396,1,945.39,196.97,300.71,787.87,-1,-1,-1,-1
396,17,468.19,183.54,247.90,748.72,-1,-1,-1,-1
396,2,227.87,161.97,306.47,834.34,-1,-1,-1,-1
397,6,1313.13,133.39,285.91,794.47,-1,-1,-1,-1
397,3,30.07,189.64,297.44,794.35,-1,-1,-1,-1
397,1,956.74,194.26,306.87,801.58,-1,-1,-1,-1
397,17,478.39,185.36,251.03,751.12,-1,-1,-1,-1
397,2,228.44,160.45,302.03,823.34,-1,-1,-1,-1
398,6,1307.17,129.43,280.73,780.47,-1,-1,-1,-1
398,3,35.60,187.63,296.25,792.09,-1,-1,-1,-1
398,1,966.63,188.92,308.06,802.72,-1,-1,-1,-1
398,17,484.71,187.97,255.94,758.75,-1,-1,-1,-1
398,2,232.68,166.75,292.04,796.70,-1,-1,-1,-1
399,6,1299.26,130.65,274.08,763.09,-1,-1,-1,-1
399,3,42.04,187.92,291.74,781.31,-1,-1,-1,-1
399,1,976.44,181.66,309.90,807.27,-1,-1,-1,-1
399,17,490.14,186.80,259.54,762.33,-1,-1,-1,-1
399,2,239.27,170.03,285.92,777.63,-1,-1,-1,-1
400,6,1292.10,137.91,261.70,729.90,-1,-1,-1,-1
400,3,53.17,197.19,284.30,761.74,-1,-1,-1,-1
400,1,985.16,172.46,309.16,806.74,-1,-1,-1,-1
400,17,494.40,181.80,263.50,765.73,-1,-1,-1,-1
400,2,239.75,168.99,285.19,775.71,-1,-1,-1,-1
401,6,1274.87,141.19,256.09,711.14,-1,-1,-1,-1
401,3,63.64,193.80,278.56,745.60,-1,-1,-1,-1
401,1,993.16,172.14,309.18,808.77,-1,-1,-1,-1
401,17,499.00,180.10,266.80,766.41,-1,-1,-1,-1
401,2,243.11,169.05,283.06,770.97,-1,-1,-1,-1
402,6,1255.14,139.04,253.89,705.27,-1,-1,-1,-1
402,3,73.64,193.89,273.65,730.79,-1,-1,-1,-1
402,1,999.62,170.15,312.51,818.15,-1,-1,-1,-1
402,17,507.89,178.34,270.20,766.98,-1,-1,-1,-1
402,2,249.36,173.04,279.10,764.02,-1,-1,-1,-1
403,6,1244.15,139.61,251.22,700.42,-1,-1,-1,-1
403,3,81.41,196.53,271.22,721.83,-1,-1,-1,-1
403,1,1003.91,171.19,315.84,829.13,-1,-1,-1,-1
403,17,513.99,173.64,273.77,768.61,-1,-1,-1,-1
403,2,263.40,177.95,274.20,755.69,-1,-1,-1,-1
404,6,1239.96,143.06,247.76,689.21,-1,-1,-1,-1
404,3,87.81,197.91,271.90,721.89,-1,-1,-1,-1
404,1,1007.50,171.63,318.02,837.45,-1,-1,-1,-1
404,17,518.43,178.75,280.70,776.98,-1,-1,-1,-1
404,2,277.99,179.10,274.26,759.04,-1,-1,-1,-1
405,6,1234.74,147.81,248.25,686.56,-1,-1,-1,-1
405,3,96.71,201.38,271.48,718.46,-1,-1,-1,-1
405,1,1010.42,175.60,316.53,838.84,-1,-1,-1,-1
405,17,522.93,181.64,288.73,787.62,-1,-1,-1,-1
405,2,294.52,182.13,270.89,751.34,-1,-1,-1,-1
406,6,1226.87,156.49,246.75,679.17,-1,-1,-1,-1
406,3,106.11,203.78,271.46,715.89,-1,-1,-1,-1
406,1,1002.62,177.07,320.49,857.23,-1,-1,-1,-1
406,17,519.50,177.31,302.39,813.78,-1,-1,-1,-1
406,2,308.87,184.58,265.87,739.13,-1,-1,-1,-1
407,6,1224.96,167.38,243.44,669.38,-1,-1,-1,-1
407,3,113.21,207.69,271.31,714.08,-1,-1,-1,-1
407,1,1004.22,179.55,312.39,843.35,-1,-1,-1,-1
407,17,522.83,175.86,310.74,826.71,-1,-1,-1,-1
407,2,330.44,193.18,257.12,718.75,-1,-1,-1,-1
408,6,1216.09,177.28,239.61,658.39,-1,-1,-1,-1
408,3,121.09,210.36,270.28,709.78,-1,-1,-1,-1
408,1,1006.53,181.54,307.62,839.75,-1,-1,-1,-1
408,17,530.56,171.62,314.89,829.66,-1,-1,-1,-1
408,2,356.29,195.50,245.22,686.08,-1,-1,-1,-1
409,6,1208.17,181.67,236.79,651.17,-1,-1,-1,-1
409,3,134.53,209.48,264.78,694.35,-1,-1,-1,-1
409,1,1008.05,174.73,310.09,851.07,-1,-1,-1,-1
409,17,539.09,164.68,314.87,825.32,-1,-1,-1,-1
409,2,374.92,196.14,240.78,675.63,-1,-1,-1,-1
410,6,1197.91,180.17,236.38,650.35,-1,-1,-1,-1
410,3,143.31,208.39,261.65,683.63,-1,-1,-1,-1
410,1,1010.55,161.78,319.90,882.73,-1,-1,-1,-1
410,17,544.19,159.57,317.21,828.48,-1,-1,-1,-1
410,2,388.97,192.39,239.23,672.83,-1,-1,-1,-1
411,6,1180.48,177.76,236.70,652.08,-1,-1,-1,-1
411,3,153.07,214.47,256.29,667.45,-1,-1,-1,-1
411,1,1026.74,149.88,318.07,880.14,-1,-1,-1,-1
411,17,550.06,157.72,320.86,836.28,-1,-1,-1,-1
411,2,407.51,194.74,236.22,665.66,-1,-1,-1,-1
412,6,1166.39,178.69,236.51,655.12,-1,-1,-1,-1
412,3,165.55,218.33,248.94,645.25,-1,-1,-1,-1
412,1,1013.26,159.57,319.76,893.09,-1,-1,-1,-1
412,17,552.18,157.24,325.29,847.21,-1,-1,-1,-1
412,2,422.76,198.16,235.01,662.55,-1,-1,-1,-1
413,6,1148.31,182.04,230.98,642.67,-1,-1,-1,-1
413,3,174.13,220.27,246.21,636.76,-1,-1,-1,-1
413,1,1010.66,151.75,320.88,907.16,-1,-1,-1,-1
413,17,549.23,156.21,329.84,858.21,-1,-1,-1,-1
413,2,438.54,202.16,233.81,659.52,-1,-1,-1,-1
414,6,1137.25,185.22,223.42,627.70,-1,-1,-1,-1
414,3,183.95,219.76,245.76,634.68,-1,-1,-1,-1
414,1,1012.53,149.44,315.70,909.19,-1,-1,-1,-1
414,17,539.63,156.64,332.29,864.93,-1,-1,-1,-1
414,2,456.98,205.31,230.72,649.41,-1,-1,-1,-1
415,6,1125.51,183.85,218.47,626.56,-1,-1,-1,-1
415,3,192.60,218.64,246.11,634.23,-1,-1,-1,-1
415,1,1015.55,150.08,311.81,908.53,-1,-1,-1,-1
415,17,518.94,155.07,330.76,860.92,-1,-1,-1,-1
416,3,203.99,221.63,243.39,628.46,-1,-1,-1,-1
416,1,1017.11,143.27,315.98,923.38,-1,-1,-1,-1
416,17,513.60,150.70,334.04,868.57,-1,-1,-1,-1
417,3,214.02,223.35,240.52,623.42,-1,-1,-1,-1
417,1,1022.06,143.88,313.13,907.56,-1,-1,-1,-1
417,17,513.51,152.45,336.40,880.22,-1,-1,-1,-1
418,3,221.14,220.49,240.59,628.13,-1,-1,-1,-1
418,1,1025.10,144.68,321.62,921.22,-1,-1,-1,-1
418,17,508.97,152.90,339.10,897.81,-1,-1,-1,-1
419,3,233.26,224.04,235.74,620.83,-1,-1,-1,-1
419,1,1028.80,137.46,331.99,935.32,-1,-1,-1,-1
419,17,498.76,145.40,340.84,915.70,-1,-1,-1,-1
420,3,241.52,227.93,227.74,602.38,-1,-1,-1,-1
420,1,1030.62,130.18,339.45,942.60,-1,-1,-1,-1
420,17,489.24,147.40,334.35,899.94,-1,-1,-1,-1
421,3,248.02,228.87,225.07,594.07,-1,-1,-1,-1
421,1,1031.36,125.73,347.63,952.75,-1,-1,-1,-1
421,17,476.46,146.95,333.14,891.63,-1,-1,-1,-1
422,3,254.36,229.00,222.01,583.35,-1,-1,-1,-1
422,1,1044.68,118.12,359.81,974.12,-1,-1,-1,-1
422,17,462.66,138.62,347.37,920.33,-1,-1,-1,-1
422,19,630.73,215.59,210.38,576.54,-1,-1,-1,-1
423,3,262.92,231.79,219.85,573.86,-1,-1,-1,-1
423,1,1059.96,121.82,365.73,981.26,-1,-1,-1,-1
423,17,456.20,130.16,352.21,926.38,-1,-1,-1,-1
423,19,646.46,219.89,213.84,585.61,-1,-1,-1,-1
423,6,1030.81,208.79,226.59,633.18,-1,-1,-1,-1
424,3,269.30,230.96,221.04,571.51,-1,-1,-1,-1
424,1,1073.14,126.87,369.85,984.84,-1,-1,-1,-1
424,17,447.44,126.98,357.57,934.97,-1,-1,-1,-1
424,19,656.36,217.58,218.03,597.19,-1,-1,-1,-1
424,6,1008.76,182.26,247.95,685.78,-1,-1,-1,-1
425,3,277.98,232.52,223.65,573.41,-1,-1,-1,-1
425,1,1098.79,121.68,363.44,959.58,-1,-1,-1,-1
425,17,436.42,119.00,365.54,948.21,-1,-1,-1,-1
425,19,678.02,224.51,214.83,591.01,-1,-1,-1,-1
425,6,1004.78,168.23,254.89,702.51,-1,-1,-1,-1
426,3,290.92,232.22,225.86,577.44,-1,-1,-1,-1
426,1,1114.03,123.63,362.99,951.24,-1,-1,-1,-1
426,17,431.02,117.89,372.95,959.22,-1,-1,-1,-1
426,6,994.11,163.36,255.74,702.06,-1,-1,-1,-1
426,2,701.42,212.96,206.69,585.23,-1,-1,-1,-1
427,3,299.48,233.96,226.87,578.15,-1,-1,-1,-1
427,1,1134.80,132.42,362.97,944.06,-1,-1,-1,-1
427,17,434.50,110.95,375.72,955.30,-1,-1,-1,-1
427,6,976.72,164.36,254.30,696.56,-1,-1,-1,-1
427,2,723.97,213.98,204.94,577.93,-1,-1,-1,-1
428,3,304.02,236.22,225.50,574.30,-1,-1,-1,-1
428,1,1155.33,141.61,362.48,934.57,-1,-1,-1,-1
428,17,434.31,119.56,378.44,958.50,-1,-1,-1,-1
428,6,964.29,160.18,253.47,701.70,-1,-1,-1,-1
428,2,739.87,211.57,206.06,575.81,-1,-1,-1,-1
429,3,310.29,238.18,224.15,570.64,-1,-1,-1,-1
429,1,1163.44,140.19,366.80,939.62,-1,-1,-1,-1
429,17,435.50,124.28,378.63,957.50,-1,-1,-1,-1
429,6,950.98,151.48,253.01,706.12,-1,-1,-1,-1
429,2,759.27,212.04,208.32,581.93,-1,-1,-1,-1
430,3,319.77,237.48,223.54,569.21,-1,-1,-1,-1
430,1,1171.84,134.26,372.84,948.64,-1,-1,-1,-1
430,17,434.89,128.70,377.82,954.22,-1,-1,-1,-1
430,6,931.20,153.67,253.12,701.27,-1,-1,-1,-1
430,2,780.99,220.69,207.07,575.54,-1,-1,-1,-1
431,3,327.29,240.33,223.64,567.98,-1,-1,-1,-1
431,1,1184.13,134.50,372.56,945.71,-1,-1,-1,-1
431,17,432.98,122.73,380.78,956.68,-1,-1,-1,-1
431,6,911.25,159.73,255.03,697.82,-1,-1,-1,-1
431,2,799.59,224.28,203.24,560.14,-1,-1,-1,-1
432,3,335.99,242.17,222.25,563.84,-1,-1,-1,-1
432,1,1199.75,138.18,368.47,936.47,-1,-1,-1,-1
432,17,430.79,109.28,381.54,954.73,-1,-1,-1,-1
432,2,838.06,215.94,211.03,578.30,-1,-1,-1,-1
433,3,343.89,241.08,219.94,560.51,-1,-1,-1,-1
433,1,1215.23,158.13,359.55,917.42,-1,-1,-1,-1
433,17,428.58,104.45,381.63,951.88,-1,-1,-1,-1
433,2,847.92,211.69,220.47,604.14,-1,-1,-1,-1
434,3,348.50,239.16,221.37,567.80,-1,-1,-1,-1
434,1,1224.78,150.78,361.01,924.60,-1,-1,-1,-1
434,17,430.35,104.40,383.91,957.65,-1,-1,-1,-1
434,6,861.00,195.12,244.11,663.55,-1,-1,-1,-1
435,3,352.85,236.96,224.68,579.88,-1,-1,-1,-1
435,1,1231.98,152.84,360.06,922.75,-1,-1,-1,-1
435,17,425.92,115.80,384.10,955.91,-1,-1,-1,-1
435,6,844.31,194.21,252.75,674.55,-1,-1,-1,-1
436,3,357.40,230.00,225.50,584.56,-1,-1,-1,-1
436,1,1235.23,153.47,357.81,916.98,-1,-1,-1,-1
436,17,424.90,112.94,386.86,961.64,-1,-1,-1,-1
436,6,835.44,192.51,255.04,670.91,-1,-1,-1,-1
437,3,374.64,229.94,220.17,569.63,-1,-1,-1,-1
437,1,1244.49,159.21,357.45,917.53,-1,-1,-1,-1
437,17,421.57,110.08,389.56,967.23,-1,-1,-1,-1
437,6,820.37,190.88,255.22,668.20,-1,-1,-1,-1
438,3,377.63,224.34,221.76,572.24,-1,-1,-1,-1
438,1,1251.36,157.91,357.18,916.55,-1,-1,-1,-1
438,17,421.99,105.22,390.31,966.23,-1,-1,-1,-1
438,6,791.42,182.52,265.55,686.56,-1,-1,-1,-1
439,3,384.97,221.00,222.37,571.61,-1,-1,-1,-1
439,1,1260.85,160.15,348.95,890.73,-1,-1,-1,-1
439,17,420.25,104.66,393.66,974.14,-1,-1,-1,-1
439,6,766.13,170.26,269.38,690.74,-1,-1,-1,-1
439,20,951.47,212.30,216.73,553.45,-1,-1,-1,-1
440,3,403.57,219.08,225.70,578.71,-1,-1,-1,-1
440,1,1267.91,160.92,343.34,872.04,-1,-1,-1,-1
440,17,420.96,102.14,394.55,980.79,-1,-1,-1,-1
440,6,750.96,167.05,268.22,688.60,-1,-1,-1,-1
440,20,969.10,215.20,219.67,561.57,-1,-1,-1,-1
441,1,1275.19,161.64,340.72,864.16,-1,-1,-1,-1
441,17,419.75,105.93,389.34,975.55,-1,-1,-1,-1
441,6,730.11,161.58,269.32,697.94,-1,-1,-1,-1
441,20,984.41,210.74,224.43,575.74,-1,-1,-1,-1
442,1,1281.93,161.74,337.65,856.59,-1,-1,-1,-1
442,17,434.37,114.03,380.16,962.30,-1,-1,-1,-1
442,6,701.23,159.26,269.38,709.99,-1,-1,-1,-1
442,20,1003.11,207.37,223.57,575.07,-1,-1,-1,-1
443,1,1286.98,162.93,335.43,851.98,-1,-1,-1,-1
443,17,444.84,122.19,370.12,942.68,-1,-1,-1,-1
443,6,681.32,160.39,265.93,710.04,-1,-1,-1,-1
443,20,1021.46,203.37,220.82,570.68,-1,-1,-1,-1
443,21,463.37,198.98,218.10,597.28,-1,-1,-1,-1
444,1,1292.06,164.86,331.30,842.65,-1,-1,-1,-1
444,17,447.06,126.07,368.59,943.61,-1,-1,-1,-1
444,6,667.12,167.82,261.31,699.48,-1,-1,-1,-1
444,20,1038.03,197.20,221.88,576.40,-1,-1,-1,-1
445,1,1295.44,170.13,329.54,842.43,-1,-1,-1,-1
445,17,453.24,122.01,373.28,958.21,-1,-1,-1,-1
445,6,660.50,173.19,258.08,694.72,-1,-1,-1,-1
445,20,1057.58,194.57,224.10,585.28,-1,-1,-1,-1
446,1,1300.24,171.95,328.25,842.56,-1,-1,-1,-1
446,17,455.77,110.93,381.43,979.85,-1,-1,-1,-1
446,6,650.13,175.65,253.86,683.51,-1,-1,-1,-1
446,20,1079.41,196.56,224.34,585.72,-1,-1,-1,-1
447,1,1305.26,172.44,322.64,829.80,-1,-1,-1,-1
447,17,457.80,110.13,376.05,961.61,-1,-1,-1,-1
447,6,634.92,186.33,250.33,672.72,-1,-1,-1,-1
447,20,1096.17,197.18,225.90,588.11,-1,-1,-1,-1
448,1,1308.57,171.70,316.11,815.10,-1,-1,-1,-1
448,17,459.69,113.65,382.48,972.77,-1,-1,-1,-1
448,6,633.98,223.74,232.91,627.28,-1,-1,-1,-1
448,20,1110.86,201.28,225.76,585.20,-1,-1,-1,-1
449,1,1309.98,170.75,310.38,799.29,-1,-1,-1,-1
449,17,464.92,119.66,381.34,964.25,-1,-1,-1,-1
449,6,616.75,235.96,230.54,618.35,-1,-1,-1,-1
449,20,1121.62,200.21,228.95,593.61,-1,-1,-1,-1
450,1,1311.50,167.26,307.34,790.90,-1,-1,-1,-1
450,17,466.45,115.95,380.67,960.42,-1,-1,-1,-1
450,20,1138.49,196.02,230.11,599.53,-1,-1,-1,-1
451,1,1310.21,165.24,304.66,785.10,-1,-1,-1,-1
451,17,468.03,121.66,381.80,957.62,-1,-1,-1,-1
451,2,1167.97,190.45,217.89,601.04,-1,-1,-1,-1
452,1,1306.38,166.38,303.22,783.38,-1,-1,-1,-1
452,17,460.89,119.01,387.45,971.17,-1,-1,-1,-1
452,2,1182.92,188.22,220.65,614.48,-1,-1,-1,-1
453,1,1300.02,169.51,299.39,775.36,-1,-1,-1,-1
453,17,457.50,121.67,390.08,976.23,-1,-1,-1,-1
453,2,1197.29,190.62,218.14,612.17,-1,-1,-1,-1
454,1,1297.28,171.66,296.12,768.52,-1,-1,-1,-1
454,17,451.15,117.92,391.69,975.54,-1,-1,-1,-1
454,2,1211.03,202.65,211.35,597.31,-1,-1,-1,-1
455,1,1290.20,179.44,290.39,755.15,-1,-1,-1,-1
455,17,451.36,114.80,391.05,969.41,-1,-1,-1,-1
456,1,1268.51,178.71,289.22,753.49,-1,-1,-1,-1
456,17,459.70,123.95,390.38,969.54,-1,-1,-1,-1
457,1,1254.77,178.88,287.75,750.78,-1,-1,-1,-1
457,17,453.69,119.31,390.48,971.71,-1,-1,-1,-1
457,6,627.42,220.99,222.58,602.05,-1,-1,-1,-1
458,1,1241.56,182.20,283.24,741.54,-1,-1,-1,-1
458,17,455.40,124.84,371.66,922.50,-1,-1,-1,-1
458,6,636.89,211.26,225.53,611.40,-1,-1,-1,-1
459,1,1221.64,187.65,274.16,724.08,-1,-1,-1,-1
459,17,451.30,133.68,363.04,896.06,-1,-1,-1,-1
459,6,653.67,203.99,222.08,597.22,-1,-1,-1,-1
460,1,1202.67,188.53,269.20,717.64,-1,-1,-1,-1
460,17,452.46,139.50,361.47,887.67,-1,-1,-1,-1
460,6,666.43,203.92,219.91,590.11,-1,-1,-1,-1
460,2,1318.46,173.33,219.43,624.86,-1,-1,-1,-1
461,1,1187.40,188.63,268.90,724.23,-1,-1,-1,-1
461,17,453.40,142.60,361.97,885.17,-1,-1,-1,-1
461,6,674.02,203.71,219.40,588.72,-1,-1,-1,-1
461,2,1333.78,172.90,218.83,621.72,-1,-1,-1,-1
462,1,1167.36,187.81,267.74,730.69,-1,-1,-1,-1
462,17,494.86,129.86,379.40,930.79,-1,-1,-1,-1
462,6,688.47,209.12,217.94,586.64,-1,-1,-1,-1
462,2,1353.71,174.29,225.15,634.78,-1,-1,-1,-1
462,3,369.04,161.21,312.57,794.01,-1,-1,-1,-1
463,1,1149.23,186.17,267.17,728.57,-1,-1,-1,-1
463,17,513.68,121.05,393.10,970.52,-1,-1,-1,-1
463,6,712.51,212.60,216.30,581.72,-1,-1,-1,-1
463,2,1357.95,174.31,234.74,651.60,-1,-1,-1,-1
463,3,353.27,163.68,318.11,795.59,-1,-1,-1,-1
464,1,1127.71,185.41,269.13,729.08,-1,-1,-1,-1
464,17,531.04,116.20,394.14,976.52,-1,-1,-1,-1
464,6,723.98,207.32,219.35,590.32,-1,-1,-1,-1
464,2,1361.70,174.21,244.03,667.92,-1,-1,-1,-1
464,3,334.95,161.68,325.06,800.50,-1,-1,-1,-1
465,1,1103.98,177.90,271.39,727.95,-1,-1,-1,-1
465,17,547.69,111.59,391.13,973.36,-1,-1,-1,-1
465,6,731.11,215.14,217.00,585.41,-1,-1,-1,-1
465,2,1370.56,172.90,250.50,678.61,-1,-1,-1,-1
465,3,320.86,152.27,329.67,805.80,-1,-1,-1,-1
466,1,1087.99,182.74,272.90,727.14,-1,-1,-1,-1
466,17,565.80,106.14,393.98,989.90,-1,-1,-1,-1
466,6,747.39,209.53,218.54,591.75,-1,-1,-1,-1
466,2,1383.67,172.39,255.00,682.10,-1,-1,-1,-1
466,3,310.20,144.25,329.92,812.91,-1,-1,-1,-1
467,1,1077.16,182.85,276.32,730.78,-1,-1,-1,-1
467,17,587.99,98.48,396.54,1001.35,-1,-1,-1,-1
467,6,769.14,202.77,219.97,597.06,-1,-1,-1,-1
467,2,1394.56,168.17,259.51,687.14,-1,-1,-1,-1
467,3,290.42,137.80,328.40,819.04,-1,-1,-1,-1
468,1,1064.17,183.85,278.79,732.91,-1,-1,-1,-1
468,17,610.02,94.95,392.65,992.70,-1,-1,-1,-1
468,6,786.56,213.17,217.36,590.30,-1,-1,-1,-1
468,2,1403.46,163.20,263.05,691.95,-1,-1,-1,-1
468,3,272.26,137.99,326.43,827.45,-1,-1,-1,-1
469,1,1051.63,192.53,278.16,729.10,-1,-1,-1,-1
469,17,629.57,93.79,398.84,1010.93,-1,-1,-1,-1
469,6,807.46,216.54,218.13,593.12,-1,-1,-1,-1
469,2,1411.00,159.34,263.82,694.07,-1,-1,-1,-1
469,3,257.69,134.55,322.68,829.94,-1,-1,-1,-1
470,1,1042.35,200.68,275.58,722.40,-1,-1,-1,-1
470,17,658.27,101.14,395.15,995.61,-1,-1,-1,-1
470,6,835.47,245.17,208.19,560.19,-1,-1,-1,-1
470,2,1417.44,159.45,265.99,698.79,-1,-1,-1,-1
470,3,238.79,130.76,320.19,831.60,-1,-1,-1,-1
471,1,1035.29,209.27,271.31,715.03,-1,-1,-1,-1
471,17,673.48,100.04,396.42,993.29,-1,-1,-1,-1
471,6,844.41,248.29,209.93,559.44,-1,-1,-1,-1
471,2,1421.19,160.82,268.60,704.91,-1,-1,-1,-1
471,3,229.34,132.56,316.60,827.54,-1,-1,-1,-1
472,1,1018.70,220.63,263.61,695.62,-1,-1,-1,-1
472,17,699.13,94.67,397.97,991.85,-1,-1,-1,-1
472,2,1426.90,160.93,273.11,716.34,-1,-1,-1,-1
472,3,220.46,131.65,312.25,816.79,-1,-1,-1,-1
473,1,990.07,230.66,252.51,669.30,-1,-1,-1,-1
473,17,731.70,92.82,403.51,999.41,-1,-1,-1,-1
473,2,1430.20,160.88,279.16,732.45,-1,-1,-1,-1
473,3,208.75,135.07,313.07,820.32,-1,-1,-1,-1
474,1,957.52,229.19,250.06,662.38,-1,-1,-1,-1
474,17,770.42,87.90,402.40,992.71,-1,-1,-1,-1
474,2,1433.77,160.50,284.29,745.61,-1,-1,-1,-1
474,3,199.51,138.74,313.39,818.81,-1,-1,-1,-1
475,17,807.67,91.52,400.81,994.92,-1,-1,-1,-1
475,2,1440.42,155.04,288.73,755.84,-1,-1,-1,-1
475,3,188.97,142.43,314.52,814.38,-1,-1,-1,-1
476,17,840.95,99.64,400.40,1009.75,-1,-1,-1,-1
476,2,1439.34,151.11,292.68,765.53,-1,-1,-1,-1
476,3,177.15,145.59,315.81,809.81,-1,-1,-1,-1
477,17,861.78,94.27,399.33,1022.86,-1,-1,-1,-1
477,2,1437.02,146.42,294.39,771.35,-1,-1,-1,-1
477,3,168.14,145.51,319.33,813.11,-1,-1,-1,-1
478,17,900.38,103.92,382.13,991.30,-1,-1,-1,-1
478,2,1429.58,143.13,297.29,780.31,-1,-1,-1,-1
478,3,159.29,144.25,325.05,825.54,-1,-1,-1,-1
479,17,951.41,97.85,383.34,993.54,-1,-1,-1,-1
479,2,1421.87,143.69,298.02,783.65,-1,-1,-1,-1
479,3,148.67,142.68,328.55,835.93,-1,-1,-1,-1
479,6,903.14,217.07,266.57,708.21,-1,-1,-1,-1
480,17,995.74,94.98,384.66,998.37,-1,-1,-1,-1
480,2,1411.68,151.28,294.08,774.61,-1,-1,-1,-1
480,3,134.89,139.08,329.36,845.76,-1,-1,-1,-1
480,1,877.82,235.56,257.00,684.97,-1,-1,-1,-1
481,17,1023.75,100.87,386.27,1005.82,-1,-1,-1,-1
481,2,1403.70,154.37,293.36,779.09,-1,-1,-1,-1
481,3,128.70,137.82,327.22,849.73,-1,-1,-1,-1
481,1,868.59,234.10,251.73,679.84,-1,-1,-1,-1
482,17,1062.49,92.00,384.19,1002.17,-1,-1,-1,-1
482,2,1387.60,149.52,294.77,789.28,-1,-1,-1,-1
482,3,114.48,137.51,325.97,853.96,-1,-1,-1,-1
482,1,847.87,230.46,252.92,695.53,-1,-1,-1,-1
482,22,1001.95,220.27,193.46,576.79,-1,-1,-1,-1
483,17,1099.64,104.40,380.51,993.76,-1,-1,-1,-1
483,2,1370.30,147.64,292.54,790.18,-1,-1,-1,-1
483,3,102.45,139.36,324.39,858.08,-1,-1,-1,-1
483,1,829.74,222.16,256.19,710.30,-1,-1,-1,-1
483,22,1014.63,217.82,193.62,576.39,-1,-1,-1,-1
484,17,1122.73,106.73,378.50,992.21,-1,-1,-1,-1
484,2,1353.87,145.70,293.99,801.19,-1,-1,-1,-1
484,3,92.47,141.48,323.77,861.78,-1,-1,-1,-1
484,1,816.81,213.70,257.40,718.62,-1,-1,-1,-1
484,22,1023.24,218.49,193.55,574.94,-1,-1,-1,-1
485,17,1191.52,115.71,355.48,935.40,-1,-1,-1,-1
485,3,85.00,144.83,324.81,869.02,-1,-1,-1,-1
485,1,800.11,209.14,258.43,719.03,-1,-1,-1,-1
485,22,1037.42,221.49,193.30,573.27,-1,-1,-1,-1
486,17,1222.46,103.46,356.86,942.78,-1,-1,-1,-1
486,3,79.45,148.21,325.74,873.98,-1,-1,-1,-1
486,1,779.75,206.65,261.61,725.54,-1,-1,-1,-1
486,22,1050.99,220.89,192.59,569.41,-1,-1,-1,-1
487,17,1236.88,117.90,354.17,937.47,-1,-1,-1,-1
487,3,69.38,152.83,333.15,897.76,-1,-1,-1,-1
487,1,759.89,203.79,265.33,733.24,-1,-1,-1,-1
487,22,1064.22,215.24,191.43,564.15,-1,-1,-1,-1
488,17,1258.42,104.17,365.88,961.35,-1,-1,-1,-1
488,3,59.58,156.37,337.97,911.87,-1,-1,-1,-1
488,1,744.37,202.08,272.71,752.50,-1,-1,-1,-1
488,22,1080.01,213.39,192.24,564.55,-1,-1,-1,-1
489,17,1273.74,106.41,369.61,959.52,-1,-1,-1,-1
489,3,55.70,152.89,338.75,914.86,-1,-1,-1,-1
489,1,735.41,198.56,278.88,772.50,-1,-1,-1,-1
489,22,1093.47,212.97,194.33,571.08,-1,-1,-1,-1
490,17,1318.92,112.06,376.78,973.25,-1,-1,-1,-1
490,3,44.58,144.11,345.32,932.59,-1,-1,-1,-1
490,1,727.75,195.41,279.94,780.78,-1,-1,-1,-1
490,22,1102.00,210.61,194.89,574.80,-1,-1,-1,-1
491,17,1351.04,99.78,379.63,977.77,-1,-1,-1,-1
491,3,35.25,132.19,353.13,953.14,-1,-1,-1,-1
491,1,716.88,194.33,280.26,785.61,-1,-1,-1,-1
491,22,1105.81,210.82,195.82,580.41,-1,-1,-1,-1
491,23,1197.02,158.87,298.05,797.16,-1,-1,-1,-1
492,17,1371.83,92.44,386.50,1000.18,-1,-1,-1,-1
492,3,32.13,121.46,358.06,965.63,-1,-1,-1,-1
492,1,704.69,194.19,280.27,788.48,-1,-1,-1,-1
492,22,1112.92,205.18,194.85,576.21,-1,-1,-1,-1
492,23,1176.89,155.26,296.87,797.31,-1,-1,-1,-1
493,17,1395.27,86.77,384.12,1000.16,-1,-1,-1,-1
493,3,30.42,108.82,360.86,971.42,-1,-1,-1,-1
493,1,694.32,197.89,279.33,792.63,-1,-1,-1,-1
493,23,1125.62,152.88,289.52,778.58,-1,-1,-1,-1
494,17,1427.35,90.91,379.88,990.46,-1,-1,-1,-1
494,3,25.31,95.60,363.21,975.90,-1,-1,-1,-1
494,1,682.93,194.07,279.43,798.19,-1,-1,-1,-1
494,23,1102.09,147.78,293.46,792.77,-1,-1,-1,-1
495,17,1445.30,96.02,380.03,989.17,-1,-1,-1,-1
495,3,21.01,90.05,367.08,981.86,-1,-1,-1,-1
495,1,666.34,195.02,279.87,806.23,-1,-1,-1,-1
495,23,1093.36,142.33,296.10,804.00,-1,-1,-1,-1
496,17,1461.15,102.88,379.62,980.22,-1,-1,-1,-1
496,3,18.35,84.30,376.78,1000.70,-1,-1,-1,-1
496,1,653.12,190.28,282.64,819.22,-1,-1,-1,-1
496,23,1077.36,150.66,290.28,790.32,-1,-1,-1,-1
497,17,1467.50,100.59,381.52,981.39,-1,-1,-1,-1
497,3,17.43,79.27,379.07,1000.21,-1,-1,-1,-1
497,1,632.77,187.62,284.28,827.22,-1,-1,-1,-1
497,23,1091.07,169.79,263.34,721.46,-1,-1,-1,-1
498,17,1484.27,102.27,369.95,947.02,-1,-1,-1,-1
498,3,14.32,81.75,378.40,994.39,-1,-1,-1,-1
498,1,605.26,188.54,284.86,832.18,-1,-1,-1,-1
498,23,1021.17,165.37,275.41,755.75,-1,-1,-1,-1
498,22,1197.07,191.12,207.97,616.84,-1,-1,-1,-1
499,17,1494.28,105.88,361.34,923.15,-1,-1,-1,-1
499,3,19.98,97.77,379.15,991.19,-1,-1,-1,-1
499,1,585.78,188.37,284.43,837.58,-1,-1,-1,-1
499,22,1211.61,197.50,206.14,612.32,-1,-1,-1,-1
499,2,983.40,160.16,277.99,771.33,-1,-1,-1,-1
500,17,1500.17,106.53,350.68,894.43,-1,-1,-1,-1
500,3,26.13,99.03,382.78,990.06,-1,-1,-1,-1
500,1,574.45,188.32,283.19,839.70,-1,-1,-1,-1
500,22,1220.75,194.94,211.48,627.92,-1,-1,-1,-1
500,2,960.78,165.17,272.13,765.78,-1,-1,-1,-1
501,17,1503.40,112.60,342.16,871.86,-1,-1,-1,-1
501,3,36.84,72.96,382.82,981.33,-1,-1,-1,-1
501,1,569.47,186.39,282.68,836.87,-1,-1,-1,-1
501,22,1228.48,194.04,214.68,636.16,-1,-1,-1,-1
501,2,928.88,158.95,263.54,753.84,-1,-1,-1,-1
502,17,1504.41,117.28,338.68,862.85,-1,-1,-1,-1
502,3,40.51,59.48,401.22,1019.97,-1,-1,-1,-1
502,1,561.43,187.18,282.72,829.80,-1,-1,-1,-1
502,22,1237.04,192.39,215.49,637.62,-1,-1,-1,-1
502,2,903.20,157.94,263.37,762.02,-1,-1,-1,-1
503,17,1505.48,121.53,337.07,858.04,-1,-1,-1,-1
503,3,50.14,46.04,408.84,1029.82,-1,-1,-1,-1
503,1,554.55,187.89,284.32,827.42,-1,-1,-1,-1
503,22,1245.65,190.15,218.21,642.31,-1,-1,-1,-1
503,2,880.62,157.36,262.93,762.31,-1,-1,-1,-1
504,17,1509.30,129.19,335.41,852.49,-1,-1,-1,-1
504,3,63.88,51.75,410.57,1018.97,-1,-1,-1,-1
504,1,537.94,188.22,286.50,823.99,-1,-1,-1,-1
504,22,1251.79,189.26,220.52,643.27,-1,-1,-1,-1
504,2,863.89,162.00,260.53,755.72,-1,-1,-1,-1
505,17,1517.42,137.99,329.02,835.19,-1,-1,-1,-1
505,3,74.88,39.56,417.95,1029.52,-1,-1,-1,-1
505,1,521.97,191.34,289.97,823.61,-1,-1,-1,-1
505,22,1256.34,187.53,222.81,644.19,-1,-1,-1,-1
505,2,846.87,162.13,261.63,759.61,-1,-1,-1,-1
506,17,1524.69,142.70,322.16,814.93,-1,-1,-1,-1
506,3,82.66,37.76,422.55,1036.77,-1,-1,-1,-1
506,1,509.28,192.85,293.66,822.99,-1,-1,-1,-1
506,22,1259.10,188.06,226.88,648.86,-1,-1,-1,-1
506,2,832.30,163.99,258.57,754.91,-1,-1,-1,-1
507,17,1528.78,144.90,318.38,801.36,-1,-1,-1,-1
507,3,96.09,29.15,422.15,1027.32,-1,-1,-1,-1
507,1,503.68,194.82,295.84,819.74,-1,-1,-1,-1
507,22,1259.62,185.74,233.51,663.10,-1,-1,-1,-1
507,2,814.50,164.07,256.44,754.84,-1,-1,-1,-1
508,17,1532.15,145.52,315.08,789.32,-1,-1,-1,-1
508,3,110.78,21.68,432.57,1046.14,-1,-1,-1,-1
508,1,502.45,195.68,298.72,819.28,-1,-1,-1,-1
508,22,1258.82,185.07,240.02,677.32,-1,-1,-1,-1
508,2,797.25,162.54,257.55,766.92,-1,-1,-1,-1
509,17,1534.22,146.54,309.81,773.12,-1,-1,-1,-1
509,3,125.50,19.74,437.17,1052.54,-1,-1,-1,-1
509,1,505.97,193.65,298.34,810.64,-1,-1,-1,-1
509,22,1258.46,184.16,245.54,690.24,-1,-1,-1,-1
509,2,783.17,157.80,256.82,773.05,-1,-1,-1,-1
510,17,1535.90,149.50,303.55,756.71,-1,-1,-1,-1
510,3,145.33,23.90,437.71,1051.12,-1,-1,-1,-1
510,1,511.45,189.31,296.28,800.18,-1,-1,-1,-1
510,22,1256.06,182.61,249.79,700.51,-1,-1,-1,-1
510,2,767.47,152.40,256.66,783.49,-1,-1,-1,-1
511,17,1535.86,151.10,299.26,746.87,-1,-1,-1,-1
511,3,165.62,37.42,438.73,1051.22,-1,-1,-1,-1
511,1,517.84,186.88,296.99,802.70,-1,-1,-1,-1
511,22,1253.54,182.30,252.95,707.23,-1,-1,-1,-1
511,2,756.92,151.44,254.34,787.20,-1,-1,-1,-1
512,17,1531.27,159.04,294.61,739.21,-1,-1,-1,-1
512,3,193.76,57.31,434.41,1034.97,-1,-1,-1,-1
512,1,519.26,185.98,293.15,794.35,-1,-1,-1,-1
512,22,1252.98,182.52,255.54,711.92,-1,-1,-1,-1
512,2,753.87,153.57,249.78,778.95,-1,-1,-1,-1
513,17,1522.06,169.32,288.99,728.36,-1,-1,-1,-1
513,3,222.70,53.45,441.52,1055.53,-1,-1,-1,-1
513,1,515.31,182.72,288.95,780.35,-1,-1,-1,-1
513,22,1252.87,175.82,258.63,721.30,-1,-1,-1,-1
513,2,741.10,155.48,248.31,776.61,-1,-1,-1,-1
514,17,1511.00,172.36,281.76,712.51,-1,-1,-1,-1
514,3,237.21,55.35,440.02,1055.53,-1,-1,-1,-1
514,1,509.21,178.24,283.28,764.61,-1,-1,-1,-1
514,22,1254.13,175.33,259.29,724.25,-1,-1,-1,-1
514,2,726.76,155.52,247.32,771.88,-1,-1,-1,-1
515,17,1496.86,171.45,275.72,699.52,-1,-1,-1,-1
515,3,276.63,31.77,443.57,1071.00,-1,-1,-1,-1
515,1,507.56,183.11,289.34,773.53,-1,-1,-1,-1
515,22,1253.11,169.43,261.96,733.37,-1,-1,-1,-1
515,2,711.25,159.01,247.30,768.28,-1,-1,-1,-1
516,17,1480.47,174.17,269.06,684.00,-1,-1,-1,-1
516,3,332.46,49.85,430.08,1035.91,-1,-1,-1,-1
516,1,521.25,221.92,268.52,714.39,-1,-1,-1,-1
516,22,1253.85,167.79,263.69,738.67,-1,-1,-1,-1
516,2,694.41,158.54,253.57,783.60,-1,-1,-1,-1
517,17,1467.51,177.07,260.16,663.66,-1,-1,-1,-1
517,3,365.60,58.69,429.65,1033.83,-1,-1,-1,-1
517,22,1253.09,163.14,270.59,761.92,-1,-1,-1,-1
517,2,681.50,162.18,250.94,769.30,-1,-1,-1,-1
518,17,1453.27,175.71,256.47,658.83,-1,-1,-1,-1
518,3,380.13,43.29,439.03,1062.66,-1,-1,-1,-1
518,22,1251.86,162.26,275.72,781.66,-1,-1,-1,-1
518,2,666.96,158.24,257.41,779.73,-1,-1,-1,-1
519,17,1436.82,178.51,255.21,661.25,-1,-1,-1,-1
519,3,411.36,44.62,438.99,1069.21,-1,-1,-1,-1
519,22,1253.79,164.09,278.57,793.32,-1,-1,-1,-1
519,2,652.91,156.06,259.52,779.21,-1,-1,-1,-1
520,17,1426.72,179.97,254.74,666.12,-1,-1,-1,-1
520,3,449.39,46.79,429.54,1044.31,-1,-1,-1,-1
520,22,1256.40,165.87,279.21,798.02,-1,-1,-1,-1
521,17,1414.52,183.22,249.87,662.67,-1,-1,-1,-1
521,3,465.38,33.47,436.54,1057.27,-1,-1,-1,-1
521,22,1264.47,165.93,279.21,799.33,-1,-1,-1,-1
522,17,1403.03,188.74,241.68,648.34,-1,-1,-1,-1
522,3,470.26,33.14,437.74,1059.12,-1,-1,-1,-1
522,22,1278.03,164.51,280.26,802.01,-1,-1,-1,-1
523,3,476.40,26.06,439.88,1060.42,-1,-1,-1,-1
523,22,1292.64,157.39,284.70,809.88,-1,-1,-1,-1
524,3,483.42,50.07,432.66,1035.98,-1,-1,-1,-1
524,22,1296.29,152.96,288.99,820.96,-1,-1,-1,-1
525,3,491.66,61.27,434.39,1027.97,-1,-1,-1,-1
525,22,1298.95,151.25,290.96,824.75,-1,-1,-1,-1
526,3,517.22,66.80,437.48,1024.69,-1,-1,-1,-1
526,22,1300.45,145.40,295.01,835.87,-1,-1,-1,-1
527,3,533.44,76.17,439.06,1026.74,-1,-1,-1,-1
527,22,1305.30,142.93,299.36,847.22,-1,-1,-1,-1
527,2,436.14,139.55,296.81,874.18,-1,-1,-1,-1
528,3,570.63,56.24,443.81,1039.06,-1,-1,-1,-1
528,22,1306.83,140.74,309.11,874.06,-1,-1,-1,-1
528,2,409.84,138.53,306.60,881.68,-1,-1,-1,-1
529,3,592.57,48.82,442.99,1044.05,-1,-1,-1,-1
529,22,1313.57,140.54,316.54,898.28,-1,-1,-1,-1
529,2,384.94,138.61,312.19,887.20,-1,-1,-1,-1
530,3,628.26,49.42,434.80,1031.60,-1,-1,-1,-1
530,22,1322.51,134.77,322.92,917.21,-1,-1,-1,-1
530,2,356.12,135.17,314.56,890.42,-1,-1,-1,-1
530,25,1252.23,197.28,199.72,591.29,-1,-1,-1,-1
531,3,653.69,60.27,420.78,1006.05,-1,-1,-1,-1
531,22,1326.85,132.21,328.28,932.11,-1,-1,-1,-1
531,2,327.54,133.82,318.39,896.66,-1,-1,-1,-1
531,25,1236.60,193.29,201.30,594.11,-1,-1,-1,-1
531,1,578.05,244.11,226.25,608.16,-1,-1,-1,-1
532,3,668.59,60.51,417.31,1005.15,-1,-1,-1,-1
532,22,1328.81,122.87,335.80,949.52,-1,-1,-1,-1
532,2,292.05,128.48,326.09,910.80,-1,-1,-1,-1
532,25,1221.80,199.35,200.12,587.69,-1,-1,-1,-1
532,1,594.50,229.38,226.65,612.10,-1,-1,-1,-1
533,3,675.96,56.57,417.01,1013.62,-1,-1,-1,-1
533,22,1332.46,118.34,339.74,962.68,-1,-1,-1,-1
533,2,266.85,129.42,329.66,909.90,-1,-1,-1,-1
533,25,1204.06,200.57,202.76,592.00,-1,-1,-1,-1
533,1,606.84,226.50,223.11,608.21,-1,-1,-1,-1
534,3,689.01,54.19,417.28,1025.19,-1,-1,-1,-1
534,22,1339.51,110.66,340.57,972.33,-1,-1,-1,-1
534,2,238.20,115.64,337.73,919.37,-1,-1,-1,-1
534,25,1187.37,194.77,205.63,597.21,-1,-1,-1,-1
534,1,616.74,230.80,220.78,603.53,-1,-1,-1,-1
535,3,708.70,59.37,411.11,1018.98,-1,-1,-1,-1
535,22,1354.90,105.96,340.06,977.01,-1,-1,-1,-1
535,2,209.55,111.53,351.80,947.30,-1,-1,-1,-1
535,25,1171.05,192.53,205.77,594.51,-1,-1,-1,-1
535,1,626.42,231.81,222.90,609.99,-1,-1,-1,-1
536,3,727.77,54.79,404.96,1009.51,-1,-1,-1,-1
536,22,1369.99,103.17,337.47,974.04,-1,-1,-1,-1
536,2,188.87,114.52,358.18,958.39,-1,-1,-1,-1
536,25,1154.40,197.34,205.72,592.14,-1,-1,-1,-1
536,1,639.91,238.28,217.58,595.33,-1,-1,-1,-1
537,3,748.16,62.62,401.70,1005.32,-1,-1,-1,-1
537,22,1381.49,101.89,341.33,986.01,-1,-1,-1,-1
537,2,170.48,117.92,359.83,956.60,-1,-1,-1,-1
537,25,1137.07,199.61,205.95,592.57,-1,-1,-1,-1
537,1,649.34,230.17,220.45,601.22,-1,-1,-1,-1
538,3,781.58,80.44,383.40,959.70,-1,-1,-1,-1
538,22,1396.51,101.15,340.55,977.88,-1,-1,-1,-1
538,2,149.55,122.67,359.52,953.91,-1,-1,-1,-1
538,25,1119.02,203.26,205.35,591.75,-1,-1,-1,-1
538,1,652.93,226.74,220.19,601.59,-1,-1,-1,-1
539,3,794.74,88.26,382.18,960.71,-1,-1,-1,-1
539,22,1414.75,101.55,340.16,972.75,-1,-1,-1,-1
539,2,126.47,119.30,363.09,955.12,-1,-1,-1,-1
539,25,1106.01,209.56,204.60,590.76,-1,-1,-1,-1
539,1,651.36,223.59,224.98,612.18,-1,-1,-1,-1
540,3,807.98,84.03,384.22,970.90,-1,-1,-1,-1
540,22,1430.17,104.57,342.62,975.31,-1,-1,-1,-1
540,2,109.48,102.95,370.62,970.74,-1,-1,-1,-1
540,25,1087.57,215.96,203.85,587.35,-1,-1,-1,-1
540,1,651.80,225.91,228.80,616.18,-1,-1,-1,-1
541,3,817.58,81.23,386.01,980.18,-1,-1,-1,-1
541,22,1445.67,106.11,344.20,978.51,-1,-1,-1,-1
541,2,96.62,93.43,377.72,983.55,-1,-1,-1,-1
541,25,1076.04,222.53,202.28,580.25,-1,-1,-1,-1
542,3,837.55,81.47,382.46,975.85,-1,-1,-1,-1
542,22,1463.61,104.80,342.90,973.50,-1,-1,-1,-1
542,2,86.05,91.49,381.06,988.07,-1,-1,-1,-1
542,25,1064.13,226.51,202.56,580.53,-1,-1,-1,-1
542,1,645.32,225.37,234.71,625.77,-1,-1,-1,-1
543,3,878.91,98.55,366.67,936.30,-1,-1,-1,-1
543,22,1480.01,104.03,343.53,974.36,-1,-1,-1,-1
543,2,74.64,84.88,385.23,992.38,-1,-1,-1,-1
543,1,638.64,224.97,238.45,631.03,-1,-1,-1,-1
544,3,911.59,89.66,360.86,929.11,-1,-1,-1,-1
544,22,1494.77,106.00,345.99,978.67,-1,-1,-1,-1
544,2,78.21,91.70,387.99,990.70,-1,-1,-1,-1
544,1,633.19,223.76,240.70,634.70,-1,-1,-1,-1
545,3,942.11,87.54,355.82,926.36,-1,-1,-1,-1
545,22,1523.90,104.36,342.80,968.03,-1,-1,-1,-1
545,2,75.24,83.75,389.80,992.57,-1,-1,-1,-1
545,1,631.51,224.43,241.87,637.96,-1,-1,-1,-1
546,3,958.94,91.65,350.53,916.58,-1,-1,-1,-1
546,22,1540.88,107.21,345.54,971.76,-1,-1,-1,-1
546,2,76.17,83.53,396.35,1005.21,-1,-1,-1,-1
546,1,629.96,220.28,243.45,643.69,-1,-1,-1,-1
547,3,979.76,100.66,342.31,894.55,-1,-1,-1,-1
547,22,1549.37,111.31,345.78,965.34,-1,-1,-1,-1
547,2,81.68,77.88,402.71,1018.22,-1,-1,-1,-1
547,1,629.97,217.75,244.36,646.39,-1,-1,-1,-1
548,3,1001.15,115.28,335.22,878.65,-1,-1,-1,-1
548,22,1553.63,115.37,347.22,965.19,-1,-1,-1,-1
548,2,87.71,71.25,405.91,1023.80,-1,-1,-1,-1
548,1,630.61,218.07,244.42,645.75,-1,-1,-1,-1
548,25,953.92,219.01,202.20,574.29,-1,-1,-1,-1
549,3,1018.78,117.28,334.90,880.26,-1,-1,-1,-1
549,22,1558.94,123.58,345.90,957.31,-1,-1,-1,-1
549,2,94.92,65.95,411.61,1032.86,-1,-1,-1,-1
549,1,630.25,216.19,247.02,650.50,-1,-1,-1,-1
549,25,938.02,217.47,198.55,556.52,-1,-1,-1,-1
550,3,1033.17,128.62,332.27,871.08,-1,-1,-1,-1
550,22,1560.89,123.40,347.60,957.89,-1,-1,-1,-1
550,2,107.67,55.22,417.35,1042.75,-1,-1,-1,-1
550,1,627.74,212.97,253.61,664.36,-1,-1,-1,-1
550,25,925.90,218.57,202.12,558.96,-1,-1,-1,-1
551,3,1039.81,137.57,330.94,862.09,-1,-1,-1,-1
551,22,1562.33,120.72,348.72,958.55,-1,-1,-1,-1
551,2,134.99,49.21,409.05,1015.71,-1,-1,-1,-1
551,1,627.31,213.50,260.77,675.40,-1,-1,-1,-1
551,25,913.01,221.11,204.46,557.69,-1,-1,-1,-1
552,3,1045.41,144.54,328.31,853.18,-1,-1,-1,-1
552,22,1564.88,122.63,347.58,953.93,-1,-1,-1,-1
552,2,150.52,41.47,417.22,1032.37,-1,-1,-1,-1
552,1,625.65,210.48,269.43,693.93,-1,-1,-1,-1
552,25,897.35,219.33,207.01,559.41,-1,-1,-1,-1
553,3,1053.91,137.30,327.09,852.58,-1,-1,-1,-1
553,22,1569.42,127.42,342.52,939.56,-1,-1,-1,-1
553,2,178.22,39.67,420.24,1039.03,-1,-1,-1,-1
553,1,630.15,206.73,275.14,705.32,-1,-1,-1,-1
553,25,879.03,217.49,208.11,561.75,-1,-1,-1,-1
554,3,1069.45,131.75,318.83,836.88,-1,-1,-1,-1
554,22,1574.56,120.49,332.23,908.31,-1,-1,-1,-1
554,2,212.48,31.68,422.05,1039.77,-1,-1,-1,-1
554,1,641.07,203.17,275.94,704.51,-1,-1,-1,-1
554,25,860.85,224.82,204.26,549.26,-1,-1,-1,-1
555,3,1087.10,126.26,305.82,809.98,-1,-1,-1,-1
555,22,1572.87,126.17,326.41,893.86,-1,-1,-1,-1
555,2,251.12,27.48,419.95,1028.39,-1,-1,-1,-1
555,1,647.54,204.19,276.88,707.69,-1,-1,-1,-1
555,25,839.78,226.00,207.65,555.62,-1,-1,-1,-1
556,3,1109.07,132.27,287.84,768.87,-1,-1,-1,-1
556,22,1572.55,125.73,317.48,871.60,-1,-1,-1,-1
556,2,297.48,28.39,433.35,1046.08,-1,-1,-1,-1
556,1,662.13,205.72,277.53,714.11,-1,-1,-1,-1
556,25,822.30,230.96,209.36,563.53,-1,-1,-1,-1
557,3,1121.13,135.33,275.94,743.24,-1,-1,-1,-1
557,22,1569.76,127.23,311.90,861.45,-1,-1,-1,-1
557,2,334.05,21.97,440.75,1057.50,-1,-1,-1,-1
557,1,677.29,210.58,274.55,711.97,-1,-1,-1,-1
557,25,804.90,229.29,207.95,560.18,-1,-1,-1,-1
558,3,1132.06,140.70,269.96,729.43,-1,-1,-1,-1
558,22,1566.93,129.42,306.60,851.03,-1,-1,-1,-1
558,2,375.66,16.70,443.34,1055.32,-1,-1,-1,-1
558,1,710.98,222.10,263.00,683.75,-1,-1,-1,-1
559,3,1136.33,142.08,267.40,730.03,-1,-1,-1,-1
559,22,1559.53,137.62,303.28,846.52,-1,-1,-1,-1
559,2,410.04,10.26,440.80,1047.01,-1,-1,-1,-1
559,1,721.30,228.53,257.02,670.04,-1,-1,-1,-1
560,3,1142.74,148.59,263.32,727.04,-1,-1,-1,-1
560,22,1553.44,144.33,299.56,841.71,-1,-1,-1,-1
560,2,446.83,13.01,442.10,1055.68,-1,-1,-1,-1
560,1,708.29,234.27,268.00,702.34,-1,-1,-1,-1
561,3,1149.32,158.60,258.08,715.94,-1,-1,-1,-1
561,22,1545.33,142.52,295.26,835.85,-1,-1,-1,-1
561,2,514.48,33.09,428.93,1032.20,-1,-1,-1,-1
561,1,711.11,226.58,259.51,683.15,-1,-1,-1,-1
562,3,1161.60,169.66,253.04,702.93,-1,-1,-1,-1
562,22,1539.94,142.16,290.09,824.84,-1,-1,-1,-1
562,2,565.50,41.95,418.99,1016.30,-1,-1,-1,-1
563,3,1168.87,171.16,252.69,704.81,-1,-1,-1,-1
563,22,1532.88,140.44,286.79,817.23,-1,-1,-1,-1
563,2,604.73,25.70,421.06,1030.84,-1,-1,-1,-1
564,3,1179.17,171.25,246.42,685.62,-1,-1,-1,-1
564,22,1526.72,145.09,279.44,794.67,-1,-1,-1,-1
564,2,639.42,15.12,425.14,1052.29,-1,-1,-1,-1
565,3,1189.97,170.66,240.33,666.46,-1,-1,-1,-1
565,22,1518.68,146.49,275.10,779.67,-1,-1,-1,-1
565,2,675.51,8.28,427.06,1062.67,-1,-1,-1,-1
566,3,1195.49,171.01,237.80,656.15,-1,-1,-1,-1
566,22,1511.51,145.19,275.15,777.37,-1,-1,-1,-1
566,2,693.10,8.88,430.24,1070.55,-1,-1,-1,-1
567,3,1201.18,170.73,236.53,647.47,-1,-1,-1,-1
567,22,1503.90,145.23,276.49,777.52,-1,-1,-1,-1
567,2,734.17,2.02,423.58,1049.24,-1,-1,-1,-1
567,25,640.39,225.92,218.38,583.02,-1,-1,-1,-1
568,3,1202.54,168.07,236.28,641.40,-1,-1,-1,-1
568,22,1494.76,147.72,276.84,774.45,-1,-1,-1,-1
568,2,764.62,7.30,432.60,1070.40,-1,-1,-1,-1
568,25,623.21,230.08,221.54,586.73,-1,-1,-1,-1
568,1,748.29,221.20,272.32,723.75,-1,-1,-1,-1
569,3,1200.27,162.82,235.30,634.71,-1,-1,-1,-1
569,22,1483.91,150.98,277.23,773.12,-1,-1,-1,-1
569,2,809.92,20.83,426.48,1057.86,-1,-1,-1,-1
569,25,608.80,225.45,226.70,597.15,-1,-1,-1,-1
569,1,757.60,223.56,273.70,733.26,-1,-1,-1,-1
570,3,1195.10,158.98,234.37,631.69,-1,-1,-1,-1
570,22,1477.75,153.32,274.83,765.51,-1,-1,-1,-1
570,2,862.49,33.48,420.16,1043.90,-1,-1,-1,-1
570,25,595.51,220.96,229.56,602.17,-1,-1,-1,-1
570,1,760.31,231.99,279.72,747.92,-1,-1,-1,-1
571,3,1187.75,155.47,233.94,632.77,-1,-1,-1,-1
571,22,1471.61,155.68,272.08,756.92,-1,-1,-1,-1
571,2,921.40,42.63,415.40,1045.80,-1,-1,-1,-1
571,25,582.85,218.89,232.61,607.26,-1,-1,-1,-1
571,1,765.77,228.87,283.94,756.44,-1,-1,-1,-1
572,3,1178.26,161.90,237.41,639.16,-1,-1,-1,-1
572,22,1462.82,158.97,268.25,747.11,-1,-1,-1,-1
572,2,971.20,43.85,415.09,1057.23,-1,-1,-1,-1
572,25,573.74,214.67,234.21,610.65,-1,-1,-1,-1
572,1,772.68,224.88,285.86,759.80,-1,-1,-1,-1
573,22,1456.38,163.07,264.57,739.20,-1,-1,-1,-1
573,2,1032.43,15.54,400.07,1017.97,-1,-1,-1,-1
573,25,560.26,215.37,233.64,607.43,-1,-1,-1,-1
573,1,776.83,217.46,290.38,771.10,-1,-1,-1,-1
574,22,1444.65,162.00,262.45,734.28,-1,-1,-1,-1
574,2,1064.57,4.57,402.12,1022.34,-1,-1,-1,-1
574,25,548.74,215.01,233.59,607.22,-1,-1,-1,-1
574,1,784.75,210.21,292.38,775.27,-1,-1,-1,-1
575,22,1437.63,167.47,255.91,717.99,-1,-1,-1,-1
575,2,1084.87,28.71,417.63,1064.52,-1,-1,-1,-1
575,25,529.21,218.40,234.46,608.49,-1,-1,-1,-1
575,1,791.53,200.67,295.96,786.13,-1,-1,-1,-1
576,22,1436.02,173.06,251.55,704.00,-1,-1,-1,-1
576,2,1118.75,47.60,413.01,1051.15,-1,-1,-1,-1
576,25,511.39,220.97,234.24,607.19,-1,-1,-1,-1
576,1,798.61,194.21,299.14,796.82,-1,-1,-1,-1
577,22,1431.25,178.03,245.99,687.17,-1,-1,-1,-1
577,2,1154.36,56.69,407.82,1044.08,-1,-1,-1,-1
577,25,491.28,223.71,233.55,604.55,-1,-1,-1,-1
577,1,807.12,186.49,299.42,805.18,-1,-1,-1,-1
578,22,1439.35,181.16,242.35,677.66,-1,-1,-1,-1
578,2,1207.05,53.61,400.44,1036.61,-1,-1,-1,-1
578,25,471.83,224.10,235.07,607.47,-1,-1,-1,-1
578,1,813.97,180.82,299.80,813.08,-1,-1,-1,-1
578,29,1137.21,174.60,215.20,623.33,-1,-1,-1,-1
579,2,1270.08,49.22,396.47,1024.32,-1,-1,-1,-1
579,25,455.81,223.52,240.48,619.39,-1,-1,-1,-1
579,1,824.62,172.51,299.43,815.74,-1,-1,-1,-1
579,3,1118.59,181.70,221.80,599.79,-1,-1,-1,-1
580,2,1303.97,46.52,395.35,1022.77,-1,-1,-1,-1
580,25,439.94,226.63,242.80,622.15,-1,-1,-1,-1
580,1,832.20,169.00,303.30,830.47,-1,-1,-1,-1
580,3,1106.89,185.10,220.23,594.82,-1,-1,-1,-1
581,2,1334.84,37.14,394.55,1016.30,-1,-1,-1,-1
581,25,421.34,225.93,246.30,627.31,-1,-1,-1,-1
581,1,841.58,164.03,302.29,828.31,-1,-1,-1,-1
581,3,1095.77,184.52,221.21,595.39,-1,-1,-1,-1
582,2,1375.89,40.46,393.33,1007.16,-1,-1,-1,-1
582,25,399.40,222.12,251.72,637.03,-1,-1,-1,-1
582,1,847.35,159.66,301.29,826.34,-1,-1,-1,-1
582,3,1079.53,181.72,223.79,596.92,-1,-1,-1,-1
583,2,1412.56,57.97,397.78,1010.40,-1,-1,-1,-1
583,25,383.05,217.43,253.98,639.01,-1,-1,-1,-1
583,1,845.72,161.98,302.92,835.89,-1,-1,-1,-1
583,3,1068.36,176.70,225.24,599.55,-1,-1,-1,-1
583,30,1342.96,194.68,258.66,643.32,-1,-1,-1,-1
584,2,1463.55,80.50,393.96,989.85,-1,-1,-1,-1
584,25,369.16,214.31,255.60,639.48,-1,-1,-1,-1
584,1,850.39,157.55,300.53,830.51,-1,-1,-1,-1
584,22,1348.14,190.31,236.57,657.41,-1,-1,-1,-1
585,2,1493.26,61.35,406.54,1019.05,-1,-1,-1,-1
585,25,357.04,216.95,256.97,638.82,-1,-1,-1,-1
585,1,842.06,160.70,313.93,877.98,-1,-1,-1,-1
585,22,1329.13,185.41,239.54,659.95,-1,-1,-1,-1
585,3,1050.29,185.35,221.29,592.46,-1,-1,-1,-1
586,2,1517.76,50.76,412.41,1032.50,-1,-1,-1,-1
586,25,347.35,217.65,260.23,644.92,-1,-1,-1,-1
586,1,841.29,160.72,314.49,890.50,-1,-1,-1,-1
586,22,1318.17,186.88,240.34,658.14,-1,-1,-1,-1
586,3,1035.79,192.95,218.95,587.27,-1,-1,-1,-1
587,2,1519.20,24.28,422.86,1057.13,-1,-1,-1,-1
587,25,338.50,217.80,265.23,657.20,-1,-1,-1,-1
587,1,847.40,162.53,308.45,881.34,-1,-1,-1,-1
587,22,1305.44,187.36,241.10,657.08,-1,-1,-1,-1
587,3,1027.31,196.62,215.36,581.63,-1,-1,-1,-1
588,2,1539.21,24.79,409.27,1028.93,-1,-1,-1,-1
588,25,331.28,217.26,271.02,672.56,-1,-1,-1,-1
588,1,856.31,168.49,303.88,872.36,-1,-1,-1,-1
588,22,1294.63,185.97,240.90,655.91,-1,-1,-1,-1
588,3,1011.65,187.32,218.06,592.92,-1,-1,-1,-1
589,2,1551.21,7.59,415.21,1060.33,-1,-1,-1,-1
589,25,326.73,215.68,275.84,687.67,-1,-1,-1,-1
589,1,861.52,169.17,302.41,874.99,-1,-1,-1,-1
589,22,1280.48,185.42,239.39,655.18,-1,-1,-1,-1
589,3,1002.94,184.51,216.94,592.19,-1,-1,-1,-1
590,2,1569.91,24.82,389.21,1012.91,-1,-1,-1,-1
590,25,323.14,213.45,277.69,695.87,-1,-1,-1,-1
590,1,867.88,156.63,306.91,894.76,-1,-1,-1,-1
590,22,1265.30,187.98,236.94,656.05,-1,-1,-1,-1
590,3,993.00,203.91,210.67,587.02,-1,-1,-1,-1
591,2,1585.09,43.49,369.72,981.43,-1,-1,-1,-1
591,25,320.04,212.89,278.05,702.57,-1,-1,-1,-1
591,1,876.07,147.98,304.05,890.13,-1,-1,-1,-1
591,22,1249.93,188.03,233.02,648.36,-1,-1,-1,-1
592,2,1607.68,68.16,331.20,888.76,-1,-1,-1,-1
592,25,314.45,209.29,278.31,710.04,-1,-1,-1,-1
592,1,882.85,143.89,306.11,895.36,-1,-1,-1,-1
592,22,1234.82,189.26,232.60,647.36,-1,-1,-1,-1
593,2,1614.95,76.53,318.27,863.91,-1,-1,-1,-1
593,25,311.43,208.67,277.71,713.82,-1,-1,-1,-1
593,1,888.58,142.38,314.57,918.76,-1,-1,-1,-1
593,22,1222.97,190.83,233.91,649.05,-1,-1,-1,-1
594,2,1605.56,65.08,335.06,926.13,-1,-1,-1,-1
594,25,306.96,204.47,276.76,717.87,-1,-1,-1,-1
594,1,896.68,140.59,316.95,917.58,-1,-1,-1,-1
594,22,1211.93,192.11,234.11,648.66,-1,-1,-1,-1
595,2,1601.61,58.90,335.87,942.99,-1,-1,-1,-1
595,25,302.91,204.29,274.95,718.22,-1,-1,-1,-1
595,1,913.05,144.67,318.20,917.59,-1,-1,-1,-1
595,22,1200.78,196.37,233.22,643.87,-1,-1,-1,-1
595,3,884.66,192.44,210.36,583.97,-1,-1,-1,-1
596,2,1596.95,54.01,338.84,963.73,-1,-1,-1,-1
596,25,299.21,204.06,275.91,725.65,-1,-1,-1,-1
596,1,926.91,138.08,319.88,926.25,-1,-1,-1,-1
596,22,1191.44,198.84,232.95,639.85,-1,-1,-1,-1
596,3,856.21,192.21,210.00,580.00,-1,-1,-1,-1
597,2,1596.40,55.59,336.26,966.45,-1,-1,-1,-1
597,25,293.12,203.96,282.36,749.63,-1,-1,-1,-1
597,1,938.38,142.69,317.76,927.06,-1,-1,-1,-1
597,22,1175.89,196.43,233.12,642.32,-1,-1,-1,-1
597,3,836.48,194.76,211.45,576.61,-1,-1,-1,-1
598,2,1609.09,60.96,329.63,960.36,-1,-1,-1,-1
598,25,292.50,203.86,282.71,757.59,-1,-1,-1,-1
598,1,950.05,153.67,313.69,917.66,-1,-1,-1,-1
598,22,1160.81,188.22,232.73,643.82,-1,-1,-1,-1
598,3,824.32,199.20,212.74,573.90,-1,-1,-1,-1
599,2,1617.89,72.84,322.16,951.88,-1,-1,-1,-1
599,25,289.11,204.43,286.91,775.33,-1,-1,-1,-1
599,1,968.41,151.89,314.80,921.73,-1,-1,-1,-1
599,22,1149.43,188.58,224.66,624.88,-1,-1,-1,-1
599,3,806.43,204.47,215.00,573.30,-1,-1,-1,-1
600,2,1624.58,84.09,317.89,953.86,-1,-1,-1,-1
600,25,285.94,203.37,291.82,794.20,-1,-1,-1,-1
600,1,1005.48,161.33,309.52,908.13,-1,-1,-1,-1
600,22,1135.25,196.13,225.50,631.89,-1,-1,-1,-1
600,3,783.88,201.36,221.40,586.19,-1,-1,-1,-1
601,2,1629.40,89.35,310.66,947.67,-1,-1,-1,-1
601,25,282.09,200.74,294.72,806.27,-1,-1,-1,-1
601,1,1039.95,169.63,305.86,902.89,-1,-1,-1,-1
601,3,763.81,196.96,226.31,597.24,-1,-1,-1,-1
602,2,1630.43,89.98,302.96,931.23,-1,-1,-1,-1
602,25,281.21,197.06,297.54,814.72,-1,-1,-1,-1
602,1,1060.61,176.32,303.12,896.02,-1,-1,-1,-1
602,3,747.33,192.71,229.18,603.79,-1,-1,-1,-1
603,2,1626.80,92.54,295.93,910.19,-1,-1,-1,-1
603,25,285.66,185.82,303.07,828.91,-1,-1,-1,-1
603,1,1074.42,172.33,307.32,899.45,-1,-1,-1,-1
603,3,726.43,183.36,232.11,615.01,-1,-1,-1,-1
604,2,1623.84,96.28,293.71,901.81,-1,-1,-1,-1
604,25,284.37,174.99,308.44,839.78,-1,-1,-1,-1
604,1,1085.20,161.76,310.99,896.86,-1,-1,-1,-1
604,3,707.18,180.46,232.75,622.91,-1,-1,-1,-1
605,2,1622.18,107.31,284.94,868.72,-1,-1,-1,-1
605,25,283.20,167.49,317.27,854.07,-1,-1,-1,-1
605,1,1094.80,161.44,316.88,903.24,-1,-1,-1,-1
605,3,686.88,184.53,230.29,619.65,-1,-1,-1,-1
606,2,1618.75,117.17,280.38,847.57,-1,-1,-1,-1
606,25,286.72,164.39,323.80,853.94,-1,-1,-1,-1
606,1,1097.67,154.47,324.10,910.16,-1,-1,-1,-1
606,3,667.32,184.61,229.65,619.98,-1,-1,-1,-1
607,2,1611.26,127.96,277.21,831.67,-1,-1,-1,-1
607,25,282.46,160.80,339.53,874.01,-1,-1,-1,-1
607,1,1102.89,160.21,326.42,906.49,-1,-1,-1,-1
607,3,645.67,184.28,229.07,619.29,-1,-1,-1,-1
608,2,1597.20,123.75,274.81,822.36,-1,-1,-1,-1
608,25,276.82,158.44,353.49,885.31,-1,-1,-1,-1
608,1,1118.11,154.25,333.07,917.95,-1,-1,-1,-1
608,3,626.93,186.86,228.58,616.28,-1,-1,-1,-1
608,31,1080.28,206.55,206.05,599.62,-1,-1,-1,-1
609,2,1581.78,122.19,272.54,813.98,-1,-1,-1,-1
609,25,276.37,159.11,361.82,887.20,-1,-1,-1,-1
609,1,1134.64,145.33,341.08,932.37,-1,-1,-1,-1
609,3,607.51,188.22,230.14,617.95,-1,-1,-1,-1
609,31,1081.71,209.53,204.73,594.78,-1,-1,-1,-1
610,2,1559.40,119.61,274.39,819.74,-1,-1,-1,-1
610,25,275.64,156.99,368.10,888.77,-1,-1,-1,-1
610,1,1155.38,124.91,348.53,942.23,-1,-1,-1,-1
610,3,590.34,192.90,231.26,617.33,-1,-1,-1,-1
610,22,1054.63,214.39,208.02,585.57,-1,-1,-1,-1
611,2,1543.30,114.48,274.48,824.66,-1,-1,-1,-1
611,25,286.26,152.62,373.39,894.66,-1,-1,-1,-1
611,1,1183.45,123.07,351.45,942.20,-1,-1,-1,-1
611,3,578.16,199.36,231.91,614.52,-1,-1,-1,-1
611,22,1046.93,213.65,205.75,580.84,-1,-1,-1,-1
612,2,1530.49,121.52,270.05,813.72,-1,-1,-1,-1
612,25,299.95,144.25,380.48,911.31,-1,-1,-1,-1
612,1,1205.30,121.29,353.30,942.47,-1,-1,-1,-1
612,3,565.87,199.18,232.87,612.32,-1,-1,-1,-1
612,22,1038.54,210.75,203.94,583.09,-1,-1,-1,-1
613,2,1510.10,126.12,269.77,810.73,-1,-1,-1,-1
613,25,308.98,130.46,388.54,931.92,-1,-1,-1,-1
613,1,1223.53,119.29,358.41,955.13,-1,-1,-1,-1
613,3,544.25,189.20,243.84,636.49,-1,-1,-1,-1
613,22,1026.00,207.91,200.70,578.67,-1,-1,-1,-1
614,2,1488.90,128.70,268.74,806.58,-1,-1,-1,-1
614,25,322.03,124.48,392.90,945.02,-1,-1,-1,-1
614,1,1237.32,120.47,358.73,953.84,-1,-1,-1,-1
614,3,512.58,185.03,248.92,651.07,-1,-1,-1,-1
614,22,1015.50,208.34,198.04,573.07,-1,-1,-1,-1
615,2,1471.17,134.09,266.22,800.54,-1,-1,-1,-1
615,25,331.97,129.07,394.38,952.51,-1,-1,-1,-1
615,1,1293.70,124.08,344.77,919.58,-1,-1,-1,-1
615,22,1009.50,210.62,194.61,564.49,-1,-1,-1,-1
616,25,344.78,129.62,392.22,955.94,-1,-1,-1,-1
616,1,1333.43,121.66,332.93,891.70,-1,-1,-1,-1
616,22,1001.27,215.18,192.23,555.27,-1,-1,-1,-1
617,25,351.27,130.53,387.99,956.34,-1,-1,-1,-1
617,1,1315.23,132.91,348.88,928.62,-1,-1,-1,-1
617,22,993.01,217.39,193.09,552.35,-1,-1,-1,-1
618,25,365.69,142.61,383.12,948.76,-1,-1,-1,-1
618,1,1314.48,138.53,355.83,946.92,-1,-1,-1,-1
618,22,981.58,218.67,194.26,552.25,-1,-1,-1,-1
619,25,375.61,149.66,380.77,939.33,-1,-1,-1,-1
619,1,1331.91,135.46,357.66,951.13,-1,-1,-1,-1
619,22,969.88,219.36,196.07,550.87,-1,-1,-1,-1
620,25,383.38,146.86,379.75,933.57,-1,-1,-1,-1
620,1,1347.45,139.26,356.27,945.13,-1,-1,-1,-1
620,22,957.22,220.68,197.95,549.24,-1,-1,-1,-1
621,25,394.66,150.43,364.98,894.78,-1,-1,-1,-1
621,1,1355.98,128.81,358.26,942.92,-1,-1,-1,-1
621,22,943.03,228.43,198.22,544.80,-1,-1,-1,-1
622,25,404.91,144.60,368.15,898.03,-1,-1,-1,-1
622,22,926.29,234.03,198.67,542.90,-1,-1,-1,-1
622,31,1346.56,149.71,294.28,842.10,-1,-1,-1,-1
623,25,434.18,135.44,388.98,946.47,-1,-1,-1,-1
623,22,910.49,233.15,198.89,543.05,-1,-1,-1,-1
623,31,1340.02,147.21,279.94,799.39,-1,-1,-1,-1
623,1,1393.53,134.78,359.22,939.88,-1,-1,-1,-1
624,25,456.03,112.25,402.47,980.40,-1,-1,-1,-1
624,22,897.90,234.34,197.97,543.37,-1,-1,-1,-1
624,1,1409.97,131.42,362.81,942.72,-1,-1,-1,-1
624,3,319.18,183.51,271.61,705.53,-1,-1,-1,-1
625,25,479.62,95.09,406.26,990.21,-1,-1,-1,-1
625,22,882.71,231.60,196.90,545.83,-1,-1,-1,-1
625,1,1426.75,135.91,364.24,948.22,-1,-1,-1,-1
625,3,300.95,177.76,272.29,714.13,-1,-1,-1,-1
625,2,1261.31,153.49,244.18,739.48,-1,-1,-1,-1
626,25,489.94,85.72,410.90,999.10,-1,-1,-1,-1
626,22,874.84,230.09,196.15,549.59,-1,-1,-1,-1
626,1,1439.23,124.97,367.05,954.56,-1,-1,-1,-1
626,3,289.62,171.91,274.12,723.02,-1,-1,-1,-1
626,2,1245.38,153.43,243.07,736.08,-1,-1,-1,-1
627,25,511.44,79.42,410.11,994.56,-1,-1,-1,-1
627,22,866.84,227.72,193.96,545.99,-1,-1,-1,-1
627,1,1455.72,119.52,368.70,955.22,-1,-1,-1,-1
627,3,280.24,170.42,272.61,724.36,-1,-1,-1,-1
627,2,1222.55,155.13,244.86,740.14,-1,-1,-1,-1
628,25,531.02,77.17,416.79,1012.68,-1,-1,-1,-1
628,22,852.39,227.44,195.56,549.87,-1,-1,-1,-1
628,1,1472.87,119.92,371.37,960.14,-1,-1,-1,-1
628,3,268.94,169.97,272.80,730.40,-1,-1,-1,-1
628,2,1197.82,158.31,245.78,730.03,-1,-1,-1,-1
629,25,555.53,79.90,414.02,1003.35,-1,-1,-1,-1
629,22,834.05,226.75,199.80,556.92,-1,-1,-1,-1
629,1,1486.42,121.06,372.30,960.20,-1,-1,-1,-1
629,3,251.54,170.29,271.53,730.62,-1,-1,-1,-1
629,2,1174.74,166.16,247.03,721.56,-1,-1,-1,-1
630,25,577.33,77.82,411.31,996.34,-1,-1,-1,-1
630,22,821.38,231.07,201.61,556.74,-1,-1,-1,-1
630,1,1497.43,120.86,372.44,954.43,-1,-1,-1,-1
630,3,237.89,164.65,272.51,735.03,-1,-1,-1,-1
630,2,1152.26,164.47,251.48,727.01,-1,-1,-1,-1
631,25,593.69,77.09,417.65,1012.49,-1,-1,-1,-1
631,22,817.69,237.60,201.97,555.06,-1,-1,-1,-1
631,1,1505.52,123.34,372.50,952.27,-1,-1,-1,-1
631,3,216.93,156.38,279.56,753.54,-1,-1,-1,-1
631,2,1133.80,168.70,252.04,724.64,-1,-1,-1,-1
632,25,620.43,78.38,412.06,1002.39,-1,-1,-1,-1
632,22,806.82,225.99,212.59,583.22,-1,-1,-1,-1
632,1,1506.78,119.79,374.74,957.22,-1,-1,-1,-1
632,3,196.82,151.36,284.88,766.72,-1,-1,-1,-1
632,2,1109.67,166.65,250.75,725.69,-1,-1,-1,-1
633,25,652.16,78.19,409.21,1005.15,-1,-1,-1,-1
633,1,1498.10,119.84,377.83,964.16,-1,-1,-1,-1
633,3,180.86,153.90,288.67,775.06,-1,-1,-1,-1
633,2,1083.13,161.57,251.61,733.52,-1,-1,-1,-1
634,25,677.26,78.31,407.24,1009.71,-1,-1,-1,-1
634,1,1491.42,122.51,377.66,963.98,-1,-1,-1,-1
634,3,165.92,157.29,294.95,791.47,-1,-1,-1,-1
634,2,1060.08,157.41,251.87,740.35,-1,-1,-1,-1
635,25,688.02,79.50,408.21,1017.79,-1,-1,-1,-1
635,1,1487.50,123.05,376.13,962.52,-1,-1,-1,-1
635,3,152.29,156.29,302.81,812.15,-1,-1,-1,-1
635,2,1033.69,162.24,252.51,740.18,-1,-1,-1,-1
636,25,699.13,74.46,407.50,1022.41,-1,-1,-1,-1
636,1,1491.66,125.60,358.65,916.53,-1,-1,-1,-1
636,3,141.05,153.00,307.01,823.32,-1,-1,-1,-1
636,2,1018.20,167.01,252.44,737.38,-1,-1,-1,-1
637,25,724.61,80.88,403.13,1012.92,-1,-1,-1,-1
637,1,1485.67,129.28,354.43,910.36,-1,-1,-1,-1
637,3,124.82,144.50,310.87,837.38,-1,-1,-1,-1
637,2,990.09,172.87,251.84,733.20,-1,-1,-1,-1
637,22,727.58,231.33,200.91,550.82,-1,-1,-1,-1
638,25,742.45,81.94,404.93,1018.90,-1,-1,-1,-1
638,1,1471.96,129.07,350.44,901.20,-1,-1,-1,-1
638,3,109.02,148.99,313.24,843.68,-1,-1,-1,-1
638,2,945.73,159.02,259.78,750.37,-1,-1,-1,-1
638,22,703.22,231.00,202.79,553.50,-1,-1,-1,-1
639,25,770.09,81.78,399.66,1003.09,-1,-1,-1,-1
639,1,1465.24,131.70,346.57,891.60,-1,-1,-1,-1
639,3,94.13,144.59,315.49,849.86,-1,-1,-1,-1
639,22,684.91,231.17,206.17,561.48,-1,-1,-1,-1
640,25,795.44,62.16,403.53,1010.00,-1,-1,-1,-1
640,1,1458.24,134.01,342.05,881.12,-1,-1,-1,-1
640,3,80.57,141.66,319.41,859.10,-1,-1,-1,-1
640,22,667.49,233.09,205.85,560.14,-1,-1,-1,-1
641,25,819.91,64.57,410.86,1025.59,-1,-1,-1,-1
641,1,1449.96,137.25,339.06,874.30,-1,-1,-1,-1
641,3,71.18,138.07,319.61,856.51,-1,-1,-1,-1
641,22,654.06,232.68,206.06,557.52,-1,-1,-1,-1
642,25,840.09,79.68,408.61,1014.34,-1,-1,-1,-1
642,1,1442.43,141.00,334.52,864.05,-1,-1,-1,-1
642,3,60.88,129.95,323.08,862.84,-1,-1,-1,-1
642,22,640.60,236.70,206.00,556.29,-1,-1,-1,-1
643,25,865.66,101.34,385.04,957.74,-1,-1,-1,-1
643,1,1435.64,142.64,331.09,858.92,-1,-1,-1,-1
643,3,52.41,125.28,329.35,876.38,-1,-1,-1,-1
643,22,623.71,237.49,206.89,558.76,-1,-1,-1,-1
644,25,900.63,84.30,395.03,992.24,-1,-1,-1,-1
644,1,1425.82,145.82,328.79,856.95,-1,-1,-1,-1
644,3,48.90,118.54,337.81,894.37,-1,-1,-1,-1
644,22,608.78,236.45,207.61,561.82,-1,-1,-1,-1
645,25,925.67,78.67,396.82,1005.85,-1,-1,-1,-1
645,1,1417.34,152.13,324.40,850.41,-1,-1,-1,-1
645,3,49.11,116.93,344.19,906.04,-1,-1,-1,-1
645,22,591.62,237.94,206.32,558.74,-1,-1,-1,-1
646,25,957.75,82.09,393.02,1006.37,-1,-1,-1,-1
646,1,1416.09,160.19,313.08,827.55,-1,-1,-1,-1
646,3,57.93,117.81,346.62,899.31,-1,-1,-1,-1
646,22,572.85,230.53,211.00,571.62,-1,-1,-1,-1
647,25,976.51,81.57,393.39,1013.55,-1,-1,-1,-1
647,1,1414.49,161.62,306.21,817.05,-1,-1,-1,-1
647,3,63.67,128.47,352.79,909.95,-1,-1,-1,-1
647,22,557.52,230.44,210.21,570.66,-1,-1,-1,-1
647,2,734.79,177.59,251.95,725.07,-1,-1,-1,-1
648,25,1013.43,78.35,390.17,1010.39,-1,-1,-1,-1
648,1,1407.73,168.70,290.05,779.09,-1,-1,-1,-1
648,3,83.47,123.20,356.54,914.63,-1,-1,-1,-1
648,22,541.47,233.29,207.98,564.89,-1,-1,-1,-1
648,2,684.49,174.12,254.63,724.54,-1,-1,-1,-1