25,1,10.43,251.09,131.88,586.55,-1,-1,-1,-1
26,1,12.11,249.76,131.71,583.54,-1,-1,-1,-1
27,1,21.65,256.79,129.16,565.89,-1,-1,-1,-1
28,1,29.44,248.19,133.19,573.19,-1,-1,-1,-1
29,1,34.44,245.80,136.34,573.36,-1,-1,-1,-1
30,1,57.05,245.56,142.47,580.37,-1,-1,-1,-1
31,1,86.80,250.53,147.65,579.14,-1,-1,-1,-1
32,1,112.70,254.12,153.12,579.04,-1,-1,-1,-1
33,1,138.16,253.24,158.86,580.10,-1,-1,-1,-1
34,1,155.85,254.19,163.63,577.78,-1,-1,-1,-1
35,1,175.76,248.41,168.42,579.35,-1,-1,-1,-1
36,1,196.49,244.01,174.96,585.78,-1,-1,-1,-1
37,1,219.87,240.58,178.83,585.35,-1,-1,-1,-1
38,1,235.87,240.05,181.29,579.52,-1,-1,-1,-1
39,1,252.48,239.19,185.61,581.34,-1,-1,-1,-1
40,1,271.66,244.99,186.40,571.83,-1,-1,-1,-1
41,1,294.67,249.80,186.55,561.45,-1,-1,-1,-1
42,1,304.46,248.10,189.85,561.00,-1,-1,-1,-1
43,1,321.59,246.79,190.69,553.41,-1,-1,-1,-1
44,1,333.63,242.06,195.66,560.44,-1,-1,-1,-1
45,1,346.57,242.08,198.91,561.57,-1,-1,-1,-1
46,1,359.26,241.66,203.68,567.59,-1,-1,-1,-1
47,1,370.25,240.33,208.27,573.87,-1,-1,-1,-1
48,1,379.20,243.63,213.96,583.75,-1,-1,-1,-1
49,1,384.98,241.63,216.74,586.70,-1,-1,-1,-1
50,1,395.17,242.93,217.02,582.48,-1,-1,-1,-1
51,1,406.24,241.87,219.51,583.46,-1,-1,-1,-1
52,1,412.03,240.86,221.92,584.25,-1,-1,-1,-1
53,1,416.01,235.61,228.45,596.72,-1,-1,-1,-1
54,1,422.65,231.55,233.69,606.18,-1,-1,-1,-1
55,1,435.84,231.44,235.70,608.91,-1,-1,-1,-1
56,1,446.02,231.06,237.37,611.12,-1,-1,-1,-1
57,1,459.91,232.16,238.82,613.51,-1,-1,-1,-1
58,1,472.35,232.90,240.94,620.22,-1,-1,-1,-1
59,1,483.65,232.13,240.14,618.98,-1,-1,-1,-1
60,1,496.01,228.22,241.18,623.70,-1,-1,-1,-1
61,1,508.80,227.51,241.11,626.91,-1,-1,-1,-1
62,1,532.22,223.80,241.33,628.23,-1,-1,-1,-1
63,1,546.74,225.86,240.75,625.90,-1,-1,-1,-1
64,1,562.16,221.79,246.62,640.72,-1,-1,-1,-1
65,1,575.31,221.28,247.37,642.09,-1,-1,-1,-1
66,1,587.10,220.99,250.16,650.08,-1,-1,-1,-1
67,1,601.43,216.79,251.98,655.51,-1,-1,-1,-1
68,1,608.93,216.57,252.19,655.91,-1,-1,-1,-1
69,1,621.41,212.40,257.85,674.63,-1,-1,-1,-1
70,1,639.19,207.19,261.62,691.91,-1,-1,-1,-1
71,1,663.04,202.96,263.42,707.39,-1,-1,-1,-1
72,1,678.61,201.31,262.76,715.59,-1,-1,-1,-1
73,1,687.76,204.29,256.44,705.64,-1,-1,-1,-1
74,1,701.45,204.28,257.08,710.55,-1,-1,-1,-1
75,1,719.41,198.57,261.17,724.89,-1,-1,-1,-1
76,1,737.11,193.16,268.50,746.47,-1,-1,-1,-1
77,1,755.29,188.00,276.54,768.12,-1,-1,-1,-1
78,1,770.44,186.20,278.73,774.24,-1,-1,-1,-1
79,1,790.91,184.02,285.87,793.33,-1,-1,-1,-1
80,1,809.52,187.35,288.25,798.51,-1,-1,-1,-1
81,1,832.39,186.24,290.76,808.93,-1,-1,-1,-1
82,1,847.29,182.40,289.44,813.41,-1,-1,-1,-1
83,1,867.60,177.13,288.78,822.16,-1,-1,-1,-1
84,1,895.02,169.02,288.54,826.06,-1,-1,-1,-1
85,1,926.49,171.20,287.30,822.05,-1,-1,-1,-1
86,1,958.58,172.26,284.48,810.26,-1,-1,-1,-1
87,1,988.13,173.73,284.59,804.31,-1,-1,-1,-1
88,1,1020.78,175.48,286.49,802.84,-1,-1,-1,-1
89,1,1049.61,175.93,288.24,803.64,-1,-1,-1,-1
90,1,1069.99,173.07,288.98,804.53,-1,-1,-1,-1
91,1,1095.23,169.71,288.60,809.55,-1,-1,-1,-1
92,1,1134.05,156.01,292.34,824.98,-1,-1,-1,-1
93,1,1178.79,153.67,295.70,833.48,-1,-1,-1,-1
94,1,1215.01,155.09,298.69,837.59,-1,-1,-1,-1
95,1,1243.00,155.28,301.54,841.56,-1,-1,-1,-1
96,1,1267.18,156.32,304.05,846.81,-1,-1,-1,-1
97,1,1278.95,158.11,304.27,849.23,-1,-1,-1,-1
97,2,-0.48,223.52,96.18,587.29,-1,-1,-1,-1
98,1,1297.58,157.55,305.17,851.76,-1,-1,-1,-1
98,2,15.93,234.84,97.31,589.04,-1,-1,-1,-1
99,1,1317.33,159.19,308.90,859.90,-1,-1,-1,-1
99,2,34.60,235.73,97.97,579.32,-1,-1,-1,-1
100,1,1335.86,156.63,308.38,858.71,-1,-1,-1,-1
101,1,1348.63,155.45,311.95,865.68,-1,-1,-1,-1
101,3,4.22,228.50,206.22,578.75,-1,-1,-1,-1
102,1,1363.95,157.41,310.09,857.52,-1,-1,-1,-1
102,3,13.45,227.18,209.32,586.38,-1,-1,-1,-1
103,1,1376.78,156.82,311.05,855.10,-1,-1,-1,-1
103,3,31.59,225.57,209.92,586.49,-1,-1,-1,-1
104,1,1387.69,159.27,311.46,851.92,-1,-1,-1,-1
104,3,46.57,229.51,207.76,577.82,-1,-1,-1,-1
105,1,1400.52,162.99,307.68,836.64,-1,-1,-1,-1
105,3,64.72,224.28,208.75,577.14,-1,-1,-1,-1
106,1,1405.13,165.56,303.25,822.00,-1,-1,-1,-1
106,3,75.57,218.80,211.97,582.81,-1,-1,-1,-1
107,1,1410.59,165.79,299.75,812.01,-1,-1,-1,-1
107,3,90.48,216.95,215.45,588.51,-1,-1,-1,-1
108,1,1416.95,163.04,296.23,808.12,-1,-1,-1,-1
108,3,116.92,219.74,215.72,584.42,-1,-1,-1,-1
109,1,1428.56,165.75,292.35,810.94,-1,-1,-1,-1
109,3,136.37,223.89,217.51,584.89,-1,-1,-1,-1
110,1,1427.77,167.33,288.32,806.16,-1,-1,-1,-1
110,3,160.28,228.55,215.92,577.22,-1,-1,-1,-1
111,1,1423.90,169.44,282.61,794.22,-1,-1,-1,-1
111,3,173.57,224.60,218.84,582.06,-1,-1,-1,-1
112,1,1416.07,174.27,276.25,772.54,-1,-1,-1,-1
112,3,195.57,222.41,219.41,582.72,-1,-1,-1,-1
113,1,1406.02,174.02,274.57,765.98,-1,-1,-1,-1
113,3,212.80,226.76,220.10,583.31,-1,-1,-1,-1
114,1,1392.09,170.73,273.50,759.86,-1,-1,-1,-1
114,3,231.81,222.13,222.35,589.86,-1,-1,-1,-1
115,1,1379.61,167.33,273.97,757.73,-1,-1,-1,-1
115,3,253.59,219.50,222.27,589.18,-1,-1,-1,-1
116,1,1369.33,164.01,273.77,753.28,-1,-1,-1,-1
116,3,282.00,222.68,219.75,579.65,-1,-1,-1,-1
117,1,1360.22,168.01,271.78,743.81,-1,-1,-1,-1
117,3,300.60,222.87,219.98,576.93,-1,-1,-1,-1
118,1,1345.46,174.02,269.79,735.22,-1,-1,-1,-1
118,3,314.10,221.93,221.14,577.54,-1,-1,-1,-1
119,1,1325.24,178.05,269.96,729.37,-1,-1,-1,-1
119,3,330.07,228.41,218.64,567.05,-1,-1,-1,-1
120,1,1309.13,185.74,270.02,725.38,-1,-1,-1,-1
120,3,348.74,220.58,223.59,576.94,-1,-1,-1,-1
121,1,1299.67,191.63,268.65,720.11,-1,-1,-1,-1
121,3,360.85,220.74,224.63,575.58,-1,-1,-1,-1
122,1,1282.40,189.52,267.40,716.78,-1,-1,-1,-1
122,3,379.22,221.36,224.66,573.87,-1,-1,-1,-1
123,1,1258.09,187.16,267.56,719.61,-1,-1,-1,-1
123,3,396.45,221.23,223.44,567.47,-1,-1,-1,-1
124,1,1231.31,182.60,268.89,727.75,-1,-1,-1,-1
124,3,416.44,215.93,228.58,578.39,-1,-1,-1,-1
125,1,1211.61,178.28,270.36,734.64,-1,-1,-1,-1
125,3,433.54,217.60,228.98,576.50,-1,-1,-1,-1
126,1,1191.64,176.73,270.62,739.85,-1,-1,-1,-1
126,3,453.69,220.18,229.53,575.68,-1,-1,-1,-1
127,1,1166.20,176.22,269.42,739.60,-1,-1,-1,-1
127,3,467.38,220.80,231.98,581.07,-1,-1,-1,-1
128,1,1143.01,178.28,273.88,757.29,-1,-1,-1,-1
128,3,486.99,222.66,233.79,586.10,-1,-1,-1,-1
129,1,1130.59,179.45,275.33,765.84,-1,-1,-1,-1
129,3,499.58,224.30,233.95,585.85,-1,-1,-1,-1
130,1,1120.56,183.98,273.69,762.87,-1,-1,-1,-1
130,3,516.79,223.53,233.82,586.58,-1,-1,-1,-1
131,1,1107.20,182.77,271.37,755.42,-1,-1,-1,-1
131,3,534.37,222.72,234.88,591.48,-1,-1,-1,-1
132,1,1088.81,180.79,275.48,764.07,-1,-1,-1,-1
132,3,557.14,223.20,232.90,588.38,-1,-1,-1,-1
133,1,1070.86,175.25,278.60,774.27,-1,-1,-1,-1
133,3,575.57,217.31,231.47,590.03,-1,-1,-1,-1
134,1,1058.57,168.22,284.80,790.69,-1,-1,-1,-1
134,3,591.51,215.98,230.12,590.26,-1,-1,-1,-1
135,1,1039.43,163.75,294.10,816.01,-1,-1,-1,-1
135,3,612.40,216.94,227.73,586.30,-1,-1,-1,-1
136,1,1021.92,162.70,304.33,843.48,-1,-1,-1,-1
136,3,630.08,222.74,225.00,580.63,-1,-1,-1,-1
137,1,1000.17,161.81,314.73,869.71,-1,-1,-1,-1
137,3,647.90,223.23,220.80,569.82,-1,-1,-1,-1
138,1,973.08,160.69,325.45,898.79,-1,-1,-1,-1
138,3,663.43,219.99,222.15,573.26,-1,-1,-1,-1
139,1,958.98,162.04,330.78,915.39,-1,-1,-1,-1
139,3,677.73,217.83,222.85,577.95,-1,-1,-1,-1
140,1,946.07,161.20,331.35,918.92,-1,-1,-1,-1
140,3,698.60,211.28,223.87,585.33,-1,-1,-1,-1
141,1,934.79,147.95,332.60,932.88,-1,-1,-1,-1
141,3,721.20,209.00,224.67,591.33,-1,-1,-1,-1
142,1,929.54,145.17,326.80,922.48,-1,-1,-1,-1
142,3,741.32,206.72,225.99,596.39,-1,-1,-1,-1
143,1,911.23,151.90,325.34,925.44,-1,-1,-1,-1
143,3,759.04,204.17,224.92,594.78,-1,-1,-1,-1
144,1,895.01,147.74,326.96,936.08,-1,-1,-1,-1
144,3,776.39,209.38,224.09,592.05,-1,-1,-1,-1
145,1,884.04,151.33,322.99,932.31,-1,-1,-1,-1
145,3,789.81,210.04,221.78,587.30,-1,-1,-1,-1
146,1,867.01,151.22,319.31,925.05,-1,-1,-1,-1
146,3,808.16,208.71,217.19,574.04,-1,-1,-1,-1
147,1,836.42,152.49,319.88,925.38,-1,-1,-1,-1
148,1,807.08,147.98,326.37,948.82,-1,-1,-1,-1
149,1,790.61,143.82,328.08,958.67,-1,-1,-1,-1
150,1,772.75,135.75,325.66,951.96,-1,-1,-1,-1
151,1,733.98,125.23,327.08,963.68,-1,-1,-1,-1
152,1,703.91,123.26,325.75,959.57,-1,-1,-1,-1
152,3,913.24,199.44,222.55,599.50,-1,-1,-1,-1
153,1,678.30,127.70,326.79,960.11,-1,-1,-1,-1
153,3,934.77,201.91,221.68,602.09,-1,-1,-1,-1
154,1,648.53,130.08,332.29,964.71,-1,-1,-1,-1
154,3,951.71,210.11,217.05,587.98,-1,-1,-1,-1
155,1,626.50,133.61,336.75,963.65,-1,-1,-1,-1
155,3,961.48,209.88,217.04,588.04,-1,-1,-1,-1
156,1,594.08,133.74,344.68,970.17,-1,-1,-1,-1
156,3,979.71,208.64,214.23,583.28,-1,-1,-1,-1
157,1,555.19,128.76,349.08,967.90,-1,-1,-1,-1
157,3,998.45,206.24,209.79,576.68,-1,-1,-1,-1
158,1,519.04,111.77,354.48,968.42,-1,-1,-1,-1
158,3,1018.16,201.05,209.96,580.51,-1,-1,-1,-1
159,1,485.03,106.60,361.38,971.69,-1,-1,-1,-1
159,3,1039.56,199.65,206.97,572.21,-1,-1,-1,-1
160,1,459.83,111.29,370.53,979.55,-1,-1,-1,-1
160,3,1056.52,196.48,209.02,575.88,-1,-1,-1,-1
161,1,441.92,108.54,380.23,987.62,-1,-1,-1,-1
161,3,1069.11,201.27,206.94,566.89,-1,-1,-1,-1
162,1,427.67,108.71,389.99,993.36,-1,-1,-1,-1
162,3,1081.87,200.12,209.75,571.38,-1,-1,-1,-1
163,1,424.94,116.61,394.02,988.02,-1,-1,-1,-1
163,3,1098.25,199.03,210.06,570.67,-1,-1,-1,-1
164,1,426.51,121.78,394.84,978.70,-1,-1,-1,-1
164,3,1118.86,201.77,210.07,569.50,-1,-1,-1,-1
165,1,431.48,124.81,393.24,967.34,-1,-1,-1,-1
165,3,1139.08,199.57,210.63,573.12,-1,-1,-1,-1
166,1,439.76,126.43,392.82,963.94,-1,-1,-1,-1
166,3,1156.68,195.85,211.48,577.94,-1,-1,-1,-1
167,1,448.61,127.57,391.32,958.73,-1,-1,-1,-1
167,3,1175.30,197.10,210.01,575.47,-1,-1,-1,-1
168,1,455.99,128.09,391.30,960.48,-1,-1,-1,-1
168,3,1188.48,193.30,209.17,574.33,-1,-1,-1,-1
169,1,467.19,126.85,386.44,958.93,-1,-1,-1,-1
169,3,1210.15,191.33,211.31,576.11,-1,-1,-1,-1
170,1,484.14,134.67,379.16,950.90,-1,-1,-1,-1
170,3,1227.50,191.62,215.15,582.62,-1,-1,-1,-1
171,1,501.24,142.20,369.55,939.37,-1,-1,-1,-1
171,3,1243.28,191.41,219.64,592.04,-1,-1,-1,-1
172,1,516.94,150.85,358.43,925.75,-1,-1,-1,-1
172,3,1261.22,196.80,221.66,595.94,-1,-1,-1,-1
173,1,524.60,155.44,353.11,929.50,-1,-1,-1,-1
173,3,1273.39,196.91,226.28,606.21,-1,-1,-1,-1
174,1,528.21,159.01,345.79,925.53,-1,-1,-1,-1
174,3,1286.41,195.23,227.95,610.12,-1,-1,-1,-1
175,1,532.49,160.13,336.30,914.54,-1,-1,-1,-1
175,3,1295.40,194.32,229.21,613.46,-1,-1,-1,-1
176,1,538.57,160.99,330.85,910.16,-1,-1,-1,-1
176,3,1308.19,183.98,232.37,621.24,-1,-1,-1,-1
177,1,551.11,168.00,316.92,874.30,-1,-1,-1,-1
177,3,1321.12,175.60,236.79,632.83,-1,-1,-1,-1
178,1,558.34,174.67,303.46,834.67,-1,-1,-1,-1
178,3,1337.88,173.07,241.21,643.61,-1,-1,-1,-1
179,1,562.69,177.40,295.95,811.18,-1,-1,-1,-1
179,3,1350.89,169.19,248.46,662.70,-1,-1,-1,-1
180,1,562.55,178.88,292.48,799.69,-1,-1,-1,-1
180,3,1356.94,169.83,252.40,673.40,-1,-1,-1,-1
181,1,560.02,181.57,289.04,792.06,-1,-1,-1,-1
181,3,1366.91,168.72,254.96,684.07,-1,-1,-1,-1
182,1,555.99,187.93,283.57,776.65,-1,-1,-1,-1
182,3,1379.41,171.80,255.07,685.20,-1,-1,-1,-1
183,1,556.76,191.54,277.36,758.23,-1,-1,-1,-1
183,3,1393.06,170.69,258.44,690.89,-1,-1,-1,-1
184,1,555.61,191.15,275.15,753.95,-1,-1,-1,-1
184,3,1401.57,166.07,261.26,696.12,-1,-1,-1,-1
185,1,555.36,190.87,273.61,752.32,-1,-1,-1,-1
185,3,1404.27,161.95,263.20,699.27,-1,-1,-1,-1
186,1,556.74,194.19,270.75,754.08,-1,-1,-1,-1
186,3,1406.15,156.37,269.71,715.19,-1,-1,-1,-1
186,5,22.93,254.56,88.90,563.54,-1,-1,-1,-1
187,1,562.11,194.73,266.56,747.33,-1,-1,-1,-1
187,3,1403.17,151.46,277.65,736.22,-1,-1,-1,-1
188,1,575.60,200.75,260.87,733.40,-1,-1,-1,-1
188,3,1399.81,149.08,284.33,755.23,-1,-1,-1,-1
188,6,7.00,247.96,174.10,556.66,-1,-1,-1,-1
189,1,588.81,206.48,255.47,718.76,-1,-1,-1,-1
189,3,1397.93,149.76,286.94,763.33,-1,-1,-1,-1
189,6,11.06,247.98,173.12,551.95,-1,-1,-1,-1
190,1,604.77,207.31,248.13,695.46,-1,-1,-1,-1
190,3,1395.24,148.95,290.11,772.91,-1,-1,-1,-1
190,6,12.72,243.79,178.34,566.32,-1,-1,-1,-1
191,1,617.70,209.12,243.71,678.09,-1,-1,-1,-1
191,3,1393.08,150.52,289.68,775.33,-1,-1,-1,-1
191,6,16.53,241.92,181.40,571.94,-1,-1,-1,-1
192,1,626.93,212.59,242.54,669.50,-1,-1,-1,-1
192,3,1387.20,150.81,289.86,782.17,-1,-1,-1,-1
192,6,24.83,239.48,185.01,576.41,-1,-1,-1,-1
193,1,638.51,222.93,239.37,658.40,-1,-1,-1,-1
193,3,1380.21,151.41,286.45,785.13,-1,-1,-1,-1
193,6,36.44,238.33,186.46,573.15,-1,-1,-1,-1
194,1,647.29,223.31,238.20,648.72,-1,-1,-1,-1
194,3,1367.33,154.18,285.18,789.46,-1,-1,-1,-1
194,6,42.40,231.66,190.90,578.81,-1,-1,-1,-1
195,1,663.09,225.10,237.72,643.76,-1,-1,-1,-1
195,3,1348.76,153.32,283.44,788.54,-1,-1,-1,-1
195,6,52.97,232.39,193.45,578.73,-1,-1,-1,-1
196,1,685.08,228.98,235.52,638.47,-1,-1,-1,-1
196,3,1328.87,159.22,278.03,770.71,-1,-1,-1,-1
196,6,65.14,233.51,195.22,575.48,-1,-1,-1,-1
197,1,710.78,227.65,229.76,622.90,-1,-1,-1,-1
197,3,1312.28,158.05,277.85,768.06,-1,-1,-1,-1
197,6,78.50,232.22,202.31,588.84,-1,-1,-1,-1
198,1,742.18,225.53,226.04,616.38,-1,-1,-1,-1
198,3,1292.77,154.55,282.69,781.63,-1,-1,-1,-1
198,6,89.76,233.25,206.61,592.95,-1,-1,-1,-1
199,1,771.17,222.97,223.18,609.30,-1,-1,-1,-1
199,3,1267.09,157.04,282.66,779.75,-1,-1,-1,-1
199,6,100.92,232.89,209.26,593.44,-1,-1,-1,-1
200,1,794.12,219.13,224.05,608.94,-1,-1,-1,-1
200,3,1244.11,155.70,281.47,779.15,-1,-1,-1,-1
200,6,109.51,228.92,214.25,601.85,-1,-1,-1,-1
201,1,812.86,219.38,224.18,607.03,-1,-1,-1,-1
201,3,1215.36,153.42,279.53,775.89,-1,-1,-1,-1
201,6,117.88,230.28,218.28,606.54,-1,-1,-1,-1
202,1,826.60,220.34,223.41,601.81,-1,-1,-1,-1
202,3,1193.42,154.58,277.62,773.99,-1,-1,-1,-1
202,6,123.26,229.30,221.81,609.71,-1,-1,-1,-1
203,1,846.85,220.33,223.65,599.43,-1,-1,-1,-1
203,3,1170.27,149.51,278.57,787.77,-1,-1,-1,-1
203,6,126.67,225.66,224.92,612.85,-1,-1,-1,-1
204,1,866.01,224.38,224.24,599.14,-1,-1,-1,-1
204,3,1144.31,150.38,276.90,784.83,-1,-1,-1,-1
204,6,131.91,223.05,228.29,617.53,-1,-1,-1,-1
205,1,892.44,224.99,221.46,591.65,-1,-1,-1,-1
205,3,1122.40,151.69,275.29,780.64,-1,-1,-1,-1
205,6,136.04,222.02,230.60,620.18,-1,-1,-1,-1
206,1,906.97,220.33,222.69,595.27,-1,-1,-1,-1
206,3,1112.04,151.24,276.18,784.00,-1,-1,-1,-1
206,6,135.72,221.56,232.87,623.27,-1,-1,-1,-1
207,1,927.09,219.51,222.41,598.69,-1,-1,-1,-1
207,3,1095.35,150.61,275.41,784.18,-1,-1,-1,-1
207,6,134.65,221.35,236.99,632.36,-1,-1,-1,-1
208,1,949.24,218.47,219.43,595.24,-1,-1,-1,-1
208,3,1073.46,148.35,276.02,792.49,-1,-1,-1,-1
208,6,132.75,222.05,242.55,646.56,-1,-1,-1,-1
209,3,1036.39,170.92,251.68,728.24,-1,-1,-1,-1
209,6,129.45,222.10,246.93,659.67,-1,-1,-1,-1
210,3,1004.72,164.22,263.05,764.01,-1,-1,-1,-1
210,6,125.97,221.44,250.64,670.99,-1,-1,-1,-1
211,3,993.38,158.18,262.56,767.82,-1,-1,-1,-1
211,6,123.38,218.73,252.87,677.91,-1,-1,-1,-1
212,3,978.70,162.89,262.40,765.05,-1,-1,-1,-1
212,6,120.68,212.28,256.80,688.73,-1,-1,-1,-1
213,3,943.55,166.02,264.34,768.62,-1,-1,-1,-1
213,6,118.81,212.41,256.41,688.67,-1,-1,-1,-1
214,3,908.60,163.57,266.65,769.25,-1,-1,-1,-1
214,6,114.67,210.31,257.57,693.87,-1,-1,-1,-1
214,7,1081.59,210.51,213.45,604.63,-1,-1,-1,-1
215,3,881.38,162.99,267.70,766.62,-1,-1,-1,-1
215,6,109.76,207.54,258.48,697.37,-1,-1,-1,-1
215,7,1099.73,212.80,214.24,605.98,-1,-1,-1,-1
216,3,853.27,163.80,269.78,765.28,-1,-1,-1,-1
216,6,104.31,202.81,263.49,712.93,-1,-1,-1,-1
216,7,1115.56,212.26,215.47,608.05,-1,-1,-1,-1
217,3,836.72,163.59,268.70,761.91,-1,-1,-1,-1
217,6,96.08,202.80,272.10,740.76,-1,-1,-1,-1
217,1,1122.48,202.07,227.83,615.87,-1,-1,-1,-1
218,3,821.00,163.15,269.04,762.07,-1,-1,-1,-1
218,6,90.97,203.72,274.03,748.13,-1,-1,-1,-1
218,1,1132.49,198.80,230.87,618.01,-1,-1,-1,-1
219,3,793.73,164.41,266.53,756.45,-1,-1,-1,-1
219,6,81.08,201.57,278.89,759.95,-1,-1,-1,-1
219,1,1150.13,199.54,231.63,617.35,-1,-1,-1,-1
220,3,763.69,158.06,267.31,760.53,-1,-1,-1,-1
220,6,70.82,201.94,286.68,778.48,-1,-1,-1,-1
220,1,1171.62,204.93,230.88,613.34,-1,-1,-1,-1
221,3,737.57,157.07,268.63,766.59,-1,-1,-1,-1
221,6,62.03,199.83,291.31,788.52,-1,-1,-1,-1
221,1,1191.66,206.94,229.87,609.31,-1,-1,-1,-1
222,3,710.43,158.54,266.49,761.10,-1,-1,-1,-1
222,6,55.92,195.88,294.24,792.90,-1,-1,-1,-1
222,1,1209.29,210.01,229.06,605.99,-1,-1,-1,-1
223,3,693.28,158.58,266.45,758.87,-1,-1,-1,-1
223,6,51.93,192.30,297.05,797.49,-1,-1,-1,-1
223,1,1217.44,210.91,229.37,605.09,-1,-1,-1,-1
224,3,671.39,162.17,269.28,763.30,-1,-1,-1,-1
224,6,47.75,186.15,299.93,802.99,-1,-1,-1,-1
224,1,1227.56,210.42,229.65,605.13,-1,-1,-1,-1
225,3,651.05,165.14,268.52,758.22,-1,-1,-1,-1
225,6,46.25,181.80,302.05,805.92,-1,-1,-1,-1
225,1,1236.06,208.05,230.13,608.45,-1,-1,-1,-1
226,3,627.26,162.46,272.02,766.30,-1,-1,-1,-1
226,6,47.58,178.88,304.67,812.68,-1,-1,-1,-1
226,1,1244.91,205.66,231.88,618.71,-1,-1,-1,-1
227,3,602.30,163.53,272.86,770.47,-1,-1,-1,-1
227,6,52.05,178.69,308.69,826.44,-1,-1,-1,-1
227,1,1250.18,201.96,232.88,624.50,-1,-1,-1,-1
228,3,571.92,161.42,270.36,767.75,-1,-1,-1,-1
228,6,59.93,177.39,310.02,833.34,-1,-1,-1,-1
228,1,1251.26,205.59,231.59,621.64,-1,-1,-1,-1
229,3,553.47,157.29,273.19,784.12,-1,-1,-1,-1
229,6,63.35,179.93,311.92,845.90,-1,-1,-1,-1
229,1,1248.91,206.77,231.68,623.02,-1,-1,-1,-1
230,3,534.05,162.16,267.81,772.13,-1,-1,-1,-1
230,6,72.63,178.96,309.61,844.80,-1,-1,-1,-1
230,1,1243.67,210.25,232.40,622.15,-1,-1,-1,-1
231,3,509.64,160.20,270.23,780.15,-1,-1,-1,-1
231,6,81.52,174.64,309.80,849.40,-1,-1,-1,-1
231,1,1239.11,210.31,234.68,624.62,-1,-1,-1,-1
232,3,479.64,164.76,266.69,761.71,-1,-1,-1,-1
232,6,90.55,166.90,312.88,858.82,-1,-1,-1,-1
232,1,1233.08,208.69,237.78,630.58,-1,-1,-1,-1
233,3,455.95,166.29,267.94,756.70,-1,-1,-1,-1
233,6,95.74,158.29,317.60,872.36,-1,-1,-1,-1
233,1,1226.54,208.21,240.78,638.07,-1,-1,-1,-1
234,3,431.72,172.69,268.55,750.23,-1,-1,-1,-1
234,6,108.60,151.07,324.36,893.68,-1,-1,-1,-1
234,1,1214.71,204.92,246.50,658.86,-1,-1,-1,-1
235,3,412.71,176.80,271.43,750.53,-1,-1,-1,-1
235,6,120.08,148.85,327.63,905.40,-1,-1,-1,-1
235,1,1206.51,203.25,246.99,668.09,-1,-1,-1,-1
236,3,387.83,177.51,273.58,750.48,-1,-1,-1,-1
236,6,135.18,145.13,324.11,897.28,-1,-1,-1,-1
236,1,1195.94,198.65,247.16,680.38,-1,-1,-1,-1
237,3,366.70,173.44,271.76,741.64,-1,-1,-1,-1
237,6,135.71,142.42,328.48,911.36,-1,-1,-1,-1
237,1,1181.85,198.72,248.72,692.95,-1,-1,-1,-1
238,3,328.92,168.89,278.17,758.85,-1,-1,-1,-1
238,6,154.01,140.31,331.51,917.75,-1,-1,-1,-1
238,1,1165.10,200.97,250.51,703.80,-1,-1,-1,-1
239,3,323.23,165.30,275.59,744.81,-1,-1,-1,-1
239,6,175.90,136.70,336.83,923.59,-1,-1,-1,-1
239,1,1149.10,199.40,249.39,701.94,-1,-1,-1,-1
240,6,186.25,133.62,346.43,935.54,-1,-1,-1,-1
240,1,1135.44,196.21,251.22,711.09,-1,-1,-1,-1
241,6,192.93,132.92,353.38,943.84,-1,-1,-1,-1
241,1,1123.93,194.47,252.12,719.93,-1,-1,-1,-1
242,6,189.88,127.24,364.39,961.92,-1,-1,-1,-1
242,1,1112.31,195.59,246.55,708.63,-1,-1,-1,-1
243,6,184.69,118.96,370.05,964.58,-1,-1,-1,-1
243,1,1097.89,196.99,245.96,710.14,-1,-1,-1,-1
244,6,183.03,119.30,378.39,976.76,-1,-1,-1,-1
244,1,1080.43,194.72,246.00,711.96,-1,-1,-1,-1
245,6,188.25,115.58,377.66,968.99,-1,-1,-1,-1
245,1,1068.42,194.54,245.90,711.25,-1,-1,-1,-1
246,6,196.74,108.26,381.57,974.80,-1,-1,-1,-1
246,1,1056.52,194.94,245.25,704.43,-1,-1,-1,-1
247,6,195.68,105.96,389.41,986.04,-1,-1,-1,-1
247,1,1040.51,195.58,247.60,709.50,-1,-1,-1,-1
248,6,197.75,92.30,391.19,986.97,-1,-1,-1,-1
248,1,1024.46,197.39,245.87,705.36,-1,-1,-1,-1
249,6,208.26,95.82,387.63,974.48,-1,-1,-1,-1
249,1,1004.05,198.18,242.59,696.81,-1,-1,-1,-1
250,6,235.11,95.21,386.49,977.14,-1,-1,-1,-1
250,1,992.11,200.50,239.81,689.95,-1,-1,-1,-1
251,6,269.71,98.80,388.18,990.30,-1,-1,-1,-1
251,1,970.50,199.42,239.10,689.77,-1,-1,-1,-1
251,8,123.32,136.78,319.11,896.15,-1,-1,-1,-1
252,6,288.38,85.39,392.61,1012.35,-1,-1,-1,-1
252,1,951.93,200.07,237.99,684.81,-1,-1,-1,-1
252,8,108.15,140.01,319.60,897.15,-1,-1,-1,-1
253,6,302.94,79.49,394.10,1020.91,-1,-1,-1,-1
253,1,937.73,202.24,237.01,679.95,-1,-1,-1,-1
253,8,98.65,140.44,323.76,908.69,-1,-1,-1,-1
254,6,317.77,84.30,387.91,997.47,-1,-1,-1,-1
254,1,927.86,206.19,236.36,675.69,-1,-1,-1,-1
254,8,89.44,133.72,325.63,913.57,-1,-1,-1,-1
255,6,328.27,77.95,391.11,993.12,-1,-1,-1,-1
255,1,913.88,207.54,235.22,671.91,-1,-1,-1,-1
255,8,80.71,128.09,327.48,917.18,-1,-1,-1,-1
256,6,336.61,61.27,408.99,1024.59,-1,-1,-1,-1
256,1,901.49,208.60,231.73,659.95,-1,-1,-1,-1
256,8,70.19,128.25,331.79,929.10,-1,-1,-1,-1
257,6,357.16,64.77,410.66,1016.93,-1,-1,-1,-1
257,1,888.45,209.17,233.00,663.33,-1,-1,-1,-1
257,8,68.95,121.21,331.95,925.61,-1,-1,-1,-1
258,6,367.29,58.51,417.29,1021.32,-1,-1,-1,-1
258,1,870.72,207.24,232.08,658.94,-1,-1,-1,-1
258,8,61.47,121.80,337.90,941.40,-1,-1,-1,-1
259,6,387.57,51.67,418.99,1017.12,-1,-1,-1,-1
259,1,858.42,210.01,228.92,650.90,-1,-1,-1,-1
259,3,57.17,110.45,355.96,962.43,-1,-1,-1,-1
260,6,410.42,57.41,422.16,1018.69,-1,-1,-1,-1
260,1,843.53,209.89,229.25,653.52,-1,-1,-1,-1
260,3,56.62,114.60,354.62,959.46,-1,-1,-1,-1
261,6,424.72,62.56,421.27,1012.27,-1,-1,-1,-1
261,1,835.85,211.10,229.96,656.14,-1,-1,-1,-1
261,3,57.58,116.55,353.44,956.84,-1,-1,-1,-1
262,6,450.75,69.90,416.68,1002.17,-1,-1,-1,-1
262,1,832.72,216.94,228.17,653.29,-1,-1,-1,-1
262,3,62.90,120.05,354.56,959.88,-1,-1,-1,-1
263,6,473.80,44.14,426.87,1032.94,-1,-1,-1,-1
263,1,824.89,221.54,226.96,650.70,-1,-1,-1,-1
263,3,68.27,118.13,355.84,969.96,-1,-1,-1,-1
264,6,498.28,38.11,430.34,1052.64,-1,-1,-1,-1
264,1,818.12,224.69,223.87,641.58,-1,-1,-1,-1
264,3,79.60,108.77,354.02,968.64,-1,-1,-1,-1
265,6,530.59,24.85,427.64,1053.39,-1,-1,-1,-1
265,1,808.00,217.53,226.54,649.69,-1,-1,-1,-1
265,3,85.51,102.83,355.70,974.90,-1,-1,-1,-1
266,6,568.26,33.97,422.02,1046.90,-1,-1,-1,-1
266,1,814.01,225.79,221.30,630.49,-1,-1,-1,-1
266,3,101.70,101.64,353.38,976.52,-1,-1,-1,-1
267,6,619.22,33.65,418.84,1039.24,-1,-1,-1,-1
267,3,121.50,99.43,354.80,980.02,-1,-1,-1,-1
268,6,679.23,37.34,421.80,1043.69,-1,-1,-1,-1
268,3,144.93,91.71,361.29,992.64,-1,-1,-1,-1
269,6,735.32,39.36,419.93,1040.50,-1,-1,-1,-1
269,3,170.11,91.77,365.45,992.12,-1,-1,-1,-1
270,6,778.70,40.75,421.71,1039.93,-1,-1,-1,-1
270,3,192.28,91.98,369.79,995.50,-1,-1,-1,-1
271,6,819.39,38.20,422.59,1045.42,-1,-1,-1,-1
271,3,210.48,89.95,370.45,990.53,-1,-1,-1,-1
271,1,785.94,208.80,226.00,639.37,-1,-1,-1,-1
272,6,874.02,44.61,419.67,1040.60,-1,-1,-1,-1
272,3,232.40,97.84,372.29,989.90,-1,-1,-1,-1
272,1,782.14,217.81,231.40,649.86,-1,-1,-1,-1
273,6,922.28,34.09,420.35,1044.97,-1,-1,-1,-1
273,3,253.43,94.59,374.14,993.08,-1,-1,-1,-1
273,1,770.49,217.74,238.44,669.19,-1,-1,-1,-1
274,6,949.61,38.88,422.69,1049.63,-1,-1,-1,-1
274,3,273.36,89.16,376.00,997.28,-1,-1,-1,-1
274,1,764.26,218.15,241.14,676.78,-1,-1,-1,-1
275,6,977.09,33.76,425.73,1053.51,-1,-1,-1,-1
275,3,305.51,88.75,372.66,994.72,-1,-1,-1,-1
275,1,754.53,219.47,243.15,681.25,-1,-1,-1,-1
276,6,1008.16,40.22,424.32,1045.69,-1,-1,-1,-1
276,3,334.57,81.74,374.85,1000.37,-1,-1,-1,-1
276,1,745.81,213.78,247.37,688.26,-1,-1,-1,-1
277,6,1036.77,36.44,423.50,1043.21,-1,-1,-1,-1
277,3,359.27,80.58,374.84,1003.44,-1,-1,-1,-1
277,1,736.80,215.66,246.61,683.40,-1,-1,-1,-1
278,6,1072.38,42.53,424.15,1041.87,-1,-1,-1,-1
278,3,387.68,78.80,374.04,1002.54,-1,-1,-1,-1
278,1,723.19,215.47,249.51,687.12,-1,-1,-1,-1
279,6,1109.83,54.45,417.81,1017.93,-1,-1,-1,-1
279,3,417.13,78.57,375.55,1007.51,-1,-1,-1,-1
279,1,705.22,212.44,254.93,697.43,-1,-1,-1,-1
280,6,1148.11,46.41,422.37,1027.52,-1,-1,-1,-1
280,3,446.63,74.22,377.44,1015.90,-1,-1,-1,-1
280,1,687.49,203.68,261.33,712.90,-1,-1,-1,-1
281,6,1178.43,39.10,431.15,1041.96,-1,-1,-1,-1
281,3,473.36,71.99,383.85,1036.40,-1,-1,-1,-1
281,1,649.96,183.28,278.98,762.08,-1,-1,-1,-1
282,6,1207.37,36.29,437.17,1050.46,-1,-1,-1,-1
282,3,505.35,74.64,378.76,1024.94,-1,-1,-1,-1
282,1,658.78,200.26,265.43,726.61,-1,-1,-1,-1
283,6,1231.45,46.23,435.78,1032.44,-1,-1,-1,-1
283,3,551.20,90.11,366.69,998.01,-1,-1,-1,-1
284,6,1250.04,47.40,439.90,1030.21,-1,-1,-1,-1
284,3,578.70,90.66,361.62,998.15,-1,-1,-1,-1
285,6,1267.91,43.75,442.91,1029.90,-1,-1,-1,-1
285,3,600.20,90.03,356.32,995.54,-1,-1,-1,-1
286,6,1286.15,43.09,446.90,1029.88,-1,-1,-1,-1
286,3,621.58,95.09,354.63,997.25,-1,-1,-1,-1
287,6,1300.09,43.31,449.36,1029.60,-1,-1,-1,-1
287,3,648.28,92.65,355.06,993.91,-1,-1,-1,-1
287,1,595.16,190.73,270.85,753.77,-1,-1,-1,-1
288,6,1307.02,44.43,449.88,1027.19,-1,-1,-1,-1
288,3,682.56,81.30,359.07,1004.26,-1,-1,-1,-1
288,1,571.24,188.10,276.68,775.48,-1,-1,-1,-1
289,6,1321.89,55.46,449.12,1026.79,-1,-1,-1,-1
289,3,714.74,81.49,359.63,1014.20,-1,-1,-1,-1
289,1,549.05,184.17,281.02,791.66,-1,-1,-1,-1
290,6,1330.13,61.34,448.59,1027.94,-1,-1,-1,-1
290,3,734.93,82.27,357.19,1013.87,-1,-1,-1,-1
290,1,530.52,179.20,284.52,802.33,-1,-1,-1,-1
291,6,1332.57,52.05,449.05,1030.62,-1,-1,-1,-1
291,3,761.31,77.24,354.51,1011.49,-1,-1,-1,-1
291,1,512.00,179.06,289.10,810.90,-1,-1,-1,-1
292,6,1343.83,53.77,445.95,1026.05,-1,-1,-1,-1
292,3,792.29,82.42,349.55,999.79,-1,-1,-1,-1
292,1,493.43,182.09,296.59,823.93,-1,-1,-1,-1
293,6,1360.66,65.36,430.29,993.69,-1,-1,-1,-1
293,3,829.96,75.90,341.38,982.43,-1,-1,-1,-1
293,1,475.53,184.90,303.78,835.89,-1,-1,-1,-1
294,6,1370.57,70.13,421.77,977.65,-1,-1,-1,-1
294,3,865.13,76.74,347.28,1000.50,-1,-1,-1,-1
294,1,458.14,184.74,306.97,834.27,-1,-1,-1,-1
295,6,1374.40,70.75,424.73,990.26,-1,-1,-1,-1
295,3,900.56,65.07,354.16,1018.10,-1,-1,-1,-1
295,1,436.67,181.85,312.00,833.08,-1,-1,-1,-1
296,6,1377.28,75.85,423.61,991.64,-1,-1,-1,-1
296,3,935.29,65.14,356.56,1020.10,-1,-1,-1,-1
296,1,419.13,177.60,318.25,838.57,-1,-1,-1,-1
297,6,1385.66,83.08,418.92,988.54,-1,-1,-1,-1
297,3,959.80,64.11,361.01,1028.28,-1,-1,-1,-1
297,1,401.19,170.59,326.72,853.05,-1,-1,-1,-1
298,6,1390.22,90.71,413.79,981.76,-1,-1,-1,-1
298,3,985.12,70.75,360.71,1021.38,-1,-1,-1,-1
298,1,388.43,168.62,336.31,876.95,-1,-1,-1,-1
299,6,1390.00,94.40,410.78,977.09,-1,-1,-1,-1
299,3,1014.99,70.39,362.19,1022.50,-1,-1,-1,-1
299,1,378.57,167.15,341.21,891.01,-1,-1,-1,-1
300,6,1393.12,101.63,406.07,969.77,-1,-1,-1,-1
300,3,1041.49,72.09,359.67,1013.40,-1,-1,-1,-1
300,1,376.69,165.95,342.18,897.76,-1,-1,-1,-1
301,6,1399.88,107.31,400.18,960.75,-1,-1,-1,-1
301,3,1073.45,87.17,356.15,1003.29,-1,-1,-1,-1
301,1,382.12,169.29,337.41,893.78,-1,-1,-1,-1
302,6,1402.32,110.70,397.99,959.04,-1,-1,-1,-1
302,3,1091.23,74.91,355.40,1004.69,-1,-1,-1,-1
302,1,384.62,169.05,335.64,896.53,-1,-1,-1,-1
303,6,1407.35,113.33,393.61,951.82,-1,-1,-1,-1
303,3,1107.58,76.94,356.88,998.92,-1,-1,-1,-1
303,1,389.66,168.57,333.58,899.33,-1,-1,-1,-1
304,6,1411.03,113.67,387.34,942.48,-1,-1,-1,-1
304,3,1129.40,67.81,364.28,1015.12,-1,-1,-1,-1
304,1,399.15,168.73,329.26,895.00,-1,-1,-1,-1
305,6,1422.03,114.56,370.14,904.37,-1,-1,-1,-1
305,3,1151.98,76.66,366.08,1013.76,-1,-1,-1,-1
305,1,408.52,170.21,330.26,906.40,-1,-1,-1,-1
306,6,1411.24,114.32,377.83,929.56,-1,-1,-1,-1
306,3,1175.67,73.06,367.10,1010.67,-1,-1,-1,-1
306,1,421.73,169.98,325.92,897.86,-1,-1,-1,-1
307,6,1395.32,112.78,380.10,941.71,-1,-1,-1,-1
307,3,1214.26,83.47,366.14,1001.29,-1,-1,-1,-1
307,1,433.71,167.91,325.11,895.45,-1,-1,-1,-1
308,3,1319.72,92.40,361.82,985.11,-1,-1,-1,-1
308,1,442.66,168.54,326.52,894.66,-1,-1,-1,-1
309,3,1324.40,88.43,366.38,982.63,-1,-1,-1,-1
309,1,449.05,168.76,329.92,897.77,-1,-1,-1,-1
310,3,1332.32,95.89,370.77,984.60,-1,-1,-1,-1
310,1,454.16,166.67,335.16,902.27,-1,-1,-1,-1
311,1,454.32,164.14,340.58,907.56,-1,-1,-1,-1
312,1,453.40,163.70,346.57,913.47,-1,-1,-1,-1
312,3,1357.51,95.64,380.08,997.32,-1,-1,-1,-1
313,1,448.34,166.14,350.78,916.15,-1,-1,-1,-1
313,3,1363.94,94.04,381.46,992.94,-1,-1,-1,-1
314,1,445.05,163.66,353.74,915.94,-1,-1,-1,-1
314,3,1370.01,93.66,385.13,995.20,-1,-1,-1,-1
315,1,440.20,170.67,355.62,910.39,-1,-1,-1,-1
315,3,1378.59,96.90,385.47,991.63,-1,-1,-1,-1
316,1,437.76,176.10,356.49,904.81,-1,-1,-1,-1
316,3,1382.96,109.97,384.79,985.13,-1,-1,-1,-1
317,1,437.20,175.88,357.97,904.71,-1,-1,-1,-1
317,3,1393.82,106.21,375.63,961.59,-1,-1,-1,-1
318,1,438.99,178.19,355.44,896.07,-1,-1,-1,-1
318,3,1403.75,112.11,358.68,918.16,-1,-1,-1,-1
319,1,442.67,175.81,345.85,864.65,-1,-1,-1,-1
319,3,1422.62,114.87,355.63,912.05,-1,-1,-1,-1
320,1,443.19,170.20,345.73,860.40,-1,-1,-1,-1
320,3,1441.26,107.04,363.99,938.40,-1,-1,-1,-1
321,1,443.77,167.68,347.55,862.60,-1,-1,-1,-1
321,3,1459.93,90.12,377.17,980.43,-1,-1,-1,-1
321,9,1356.08,166.92,274.90,753.66,-1,-1,-1,-1
322,1,448.37,170.43,345.74,856.99,-1,-1,-1,-1
322,3,1472.71,93.09,371.34,973.14,-1,-1,-1,-1
322,9,1345.12,173.54,269.22,738.43,-1,-1,-1,-1
323,1,459.12,177.02,341.64,847.47,-1,-1,-1,-1
323,3,1481.79,99.42,366.67,970.84,-1,-1,-1,-1
323,9,1332.66,182.26,258.07,708.07,-1,-1,-1,-1
324,1,467.18,187.52,339.09,844.99,-1,-1,-1,-1
324,3,1499.00,99.98,346.65,924.04,-1,-1,-1,-1
324,9,1324.53,183.70,250.73,687.00,-1,-1,-1,-1
325,1,479.34,192.81,328.86,824.66,-1,-1,-1,-1
325,3,1504.78,106.64,336.48,906.06,-1,-1,-1,-1
325,9,1315.19,186.96,242.98,665.92,-1,-1,-1,-1
326,1,490.04,198.22,320.28,805.64,-1,-1,-1,-1
326,3,1508.43,110.25,332.21,902.09,-1,-1,-1,-1
326,9,1307.37,190.03,238.95,653.85,-1,-1,-1,-1
327,1,499.35,199.14,314.22,792.31,-1,-1,-1,-1
327,3,1506.40,111.91,326.88,891.84,-1,-1,-1,-1
327,9,1296.64,186.58,239.36,652.19,-1,-1,-1,-1
328,1,513.17,197.75,304.02,765.26,-1,-1,-1,-1
328,3,1500.24,108.39,325.83,893.21,-1,-1,-1,-1
328,9,1284.95,191.10,237.82,646.58,-1,-1,-1,-1
329,1,524.11,196.05,296.39,744.31,-1,-1,-1,-1
329,3,1495.85,111.70,316.72,870.86,-1,-1,-1,-1
329,9,1271.52,195.21,235.87,640.25,-1,-1,-1,-1
330,1,533.86,197.50,290.83,730.70,-1,-1,-1,-1
330,3,1486.40,109.38,314.91,869.02,-1,-1,-1,-1
330,9,1259.96,197.75,233.04,631.79,-1,-1,-1,-1
331,1,538.72,199.06,289.85,730.25,-1,-1,-1,-1
331,3,1481.91,112.49,311.75,860.61,-1,-1,-1,-1
331,9,1254.43,198.82,231.71,627.17,-1,-1,-1,-1
332,1,548.03,204.46,286.00,722.26,-1,-1,-1,-1
332,3,1477.88,116.88,304.85,837.80,-1,-1,-1,-1
332,9,1249.16,196.94,231.43,625.79,-1,-1,-1,-1
333,1,558.19,207.79,281.12,712.31,-1,-1,-1,-1
333,3,1470.94,122.19,299.85,820.56,-1,-1,-1,-1
333,9,1235.69,195.76,229.41,621.38,-1,-1,-1,-1
334,1,570.63,219.45,271.67,690.48,-1,-1,-1,-1
334,3,1460.07,123.40,298.06,813.30,-1,-1,-1,-1
334,9,1213.30,189.00,228.34,624.90,-1,-1,-1,-1
335,1,578.22,224.94,266.08,677.55,-1,-1,-1,-1
335,3,1442.66,129.05,292.80,802.27,-1,-1,-1,-1
335,9,1196.66,190.86,224.36,623.78,-1,-1,-1,-1
336,1,588.69,222.69,260.09,668.45,-1,-1,-1,-1
336,3,1422.92,124.85,292.49,806.71,-1,-1,-1,-1
336,9,1177.82,191.83,221.44,622.21,-1,-1,-1,-1
337,1,600.23,220.48,251.23,655.31,-1,-1,-1,-1
337,3,1405.80,130.26,288.07,800.84,-1,-1,-1,-1
337,9,1165.68,190.33,218.97,618.04,-1,-1,-1,-1
338,1,607.93,218.60,245.48,648.90,-1,-1,-1,-1
338,3,1391.61,128.10,287.44,808.03,-1,-1,-1,-1
338,9,1157.73,187.78,219.68,621.29,-1,-1,-1,-1
339,1,617.46,216.04,243.69,652.04,-1,-1,-1,-1
339,3,1373.97,130.69,284.75,804.20,-1,-1,-1,-1
339,9,1149.62,188.65,216.37,608.32,-1,-1,-1,-1
340,1,625.46,216.06,244.64,659.72,-1,-1,-1,-1
340,3,1353.87,136.80,282.66,798.37,-1,-1,-1,-1
340,9,1138.81,190.56,217.48,609.04,-1,-1,-1,-1
341,1,633.85,215.45,243.58,662.57,-1,-1,-1,-1
341,3,1334.23,144.50,279.09,788.07,-1,-1,-1,-1
341,9,1130.17,199.31,214.57,598.59,-1,-1,-1,-1
342,1,645.81,215.39,242.01,662.58,-1,-1,-1,-1
342,3,1313.45,142.87,281.71,792.49,-1,-1,-1,-1
342,9,1115.95,199.75,215.87,600.19,-1,-1,-1,-1
343,1,653.71,212.49,241.36,664.35,-1,-1,-1,-1
343,3,1304.18,143.36,282.25,793.19,-1,-1,-1,-1
343,9,1107.41,203.84,213.92,591.08,-1,-1,-1,-1
344,1,661.92,209.44,241.54,668.93,-1,-1,-1,-1
344,3,1288.48,145.18,283.28,795.71,-1,-1,-1,-1
344,9,1093.27,208.70,215.02,591.58,-1,-1,-1,-1
345,1,673.24,207.62,241.43,672.30,-1,-1,-1,-1
345,3,1266.92,146.15,282.02,792.43,-1,-1,-1,-1
345,9,1076.17,204.88,218.13,599.11,-1,-1,-1,-1
346,1,693.55,207.83,240.05,670.99,-1,-1,-1,-1
346,3,1232.80,141.95,281.10,799.10,-1,-1,-1,-1
346,9,1050.93,201.41,218.80,606.71,-1,-1,-1,-1
347,1,710.18,206.07,239.41,670.68,-1,-1,-1,-1
347,3,1200.45,139.21,279.88,806.47,-1,-1,-1,-1
347,9,1036.03,208.82,214.32,599.90,-1,-1,-1,-1
348,1,720.51,206.44,238.47,669.22,-1,-1,-1,-1
348,3,1181.36,141.46,277.05,809.28,-1,-1,-1,-1
348,9,1027.59,205.96,215.08,609.12,-1,-1,-1,-1
349,1,736.02,210.02,235.89,664.34,-1,-1,-1,-1
349,3,1162.57,143.09,272.89,811.34,-1,-1,-1,-1
349,9,1019.48,209.91,212.71,611.10,-1,-1,-1,-1
350,1,749.32,210.79,235.75,661.19,-1,-1,-1,-1
350,3,1135.47,142.70,270.14,807.26,-1,-1,-1,-1
350,9,1014.09,213.59,208.78,602.55,-1,-1,-1,-1
351,1,764.61,212.68,235.51,658.66,-1,-1,-1,-1
351,3,1118.04,148.77,268.91,803.22,-1,-1,-1,-1
351,9,1004.93,214.29,208.04,605.23,-1,-1,-1,-1
352,1,772.74,211.98,235.35,657.44,-1,-1,-1,-1
352,3,1108.31,149.00,269.18,802.85,-1,-1,-1,-1
352,9,1000.14,213.87,208.37,610.39,-1,-1,-1,-1
353,1,782.72,210.18,234.34,655.40,-1,-1,-1,-1
353,3,1093.40,152.15,266.13,795.25,-1,-1,-1,-1
353,9,991.66,215.92,206.12,610.99,-1,-1,-1,-1
354,1,795.73,208.66,230.81,648.27,-1,-1,-1,-1
354,3,1070.42,147.22,267.37,805.44,-1,-1,-1,-1
354,9,983.65,215.69,203.00,607.95,-1,-1,-1,-1
355,1,816.25,211.56,228.24,645.80,-1,-1,-1,-1
355,3,1047.50,151.97,265.70,804.77,-1,-1,-1,-1
355,9,966.97,212.26,201.88,609.27,-1,-1,-1,-1
356,1,835.02,212.79,226.73,645.60,-1,-1,-1,-1
356,3,1028.52,153.89,264.92,801.75,-1,-1,-1,-1
356,9,942.90,204.88,199.26,606.83,-1,-1,-1,-1
357,1,854.53,207.33,229.69,654.89,-1,-1,-1,-1
357,3,1002.82,148.88,265.12,804.80,-1,-1,-1,-1
358,1,866.89,210.35,228.88,648.77,-1,-1,-1,-1
358,3,988.12,153.92,265.74,805.78,-1,-1,-1,-1
359,1,874.54,210.23,228.26,647.53,-1,-1,-1,-1
359,3,968.84,152.04,263.62,797.43,-1,-1,-1,-1
360,1,880.45,202.26,224.89,638.13,-1,-1,-1,-1
360,3,945.42,153.65,265.48,799.21,-1,-1,-1,-1
361,3,918.33,167.34,262.11,783.76,-1,-1,-1,-1
362,3,900.13,164.17,263.78,783.07,-1,-1,-1,-1
363,3,889.76,165.02,266.57,786.08,-1,-1,-1,-1
364,3,881.78,168.80,269.65,788.57,-1,-1,-1,-1
365,3,876.99,173.52,267.83,779.10,-1,-1,-1,-1
366,9,802.38,169.57,237.98,733.00,-1,-1,-1,-1
366,1,967.14,207.77,231.16,660.51,-1,-1,-1,-1
367,9,784.28,162.38,247.73,765.48,-1,-1,-1,-1
367,1,974.99,209.40,230.60,658.29,-1,-1,-1,-1
368,1,979.01,209.85,230.55,655.94,-1,-1,-1,-1
368,3,774.65,160.07,243.60,707.40,-1,-1,-1,-1
369,1,984.15,210.25,230.76,656.04,-1,-1,-1,-1
369,3,744.52,156.06,256.99,747.89,-1,-1,-1,-1
370,1,994.36,211.77,229.81,652.71,-1,-1,-1,-1
370,3,719.54,151.65,272.53,794.47,-1,-1,-1,-1
371,1,1007.76,208.77,227.36,643.95,-1,-1,-1,-1
371,3,698.31,144.90,274.70,797.44,-1,-1,-1,-1
372,1,1020.39,207.27,225.40,640.02,-1,-1,-1,-1
372,3,676.81,149.28,277.51,799.00,-1,-1,-1,-1
373,1,1024.77,199.74,225.99,646.04,-1,-1,-1,-1
373,3,662.42,147.73,284.90,817.25,-1,-1,-1,-1
374,1,1036.81,206.99,224.00,639.25,-1,-1,-1,-1
374,3,642.51,148.58,290.79,828.55,-1,-1,-1,-1
375,1,1047.45,211.59,225.06,639.60,-1,-1,-1,-1
375,3,616.86,150.61,296.15,841.09,-1,-1,-1,-1
376,1,1059.78,209.99,224.58,634.53,-1,-1,-1,-1
376,3,592.43,163.92,294.30,833.74,-1,-1,-1,-1
377,1,1072.89,213.47,224.38,632.05,-1,-1,-1,-1
377,3,567.11,164.52,293.10,829.81,-1,-1,-1,-1
378,1,1083.24,214.00,224.43,631.87,-1,-1,-1,-1
378,3,546.51,166.94,292.70,825.95,-1,-1,-1,-1
379,1,1095.01,213.18,227.36,637.70,-1,-1,-1,-1
379,3,522.50,161.41,295.33,825.13,-1,-1,-1,-1
380,1,1102.30,211.13,231.16,644.19,-1,-1,-1,-1
380,3,497.35,168.25,297.62,825.20,-1,-1,-1,-1
381,1,1109.90,210.16,232.66,643.93,-1,-1,-1,-1
381,3,477.39,166.35,299.88,824.37,-1,-1,-1,-1
381,10,622.40,203.03,200.32,642.98,-1,-1,-1,-1
382,1,1114.32,209.64,234.27,644.15,-1,-1,-1,-1
382,3,454.35,163.23,300.35,820.79,-1,-1,-1,-1
382,10,604.61,200.49,205.57,657.60,-1,-1,-1,-1
383,1,1119.88,209.04,237.05,646.90,-1,-1,-1,-1
383,3,434.66,166.57,303.03,819.83,-1,-1,-1,-1
383,10,600.30,214.24,200.70,638.60,-1,-1,-1,-1
384,1,1124.41,206.25,242.27,658.08,-1,-1,-1,-1
384,3,414.31,164.54,307.77,823.22,-1,-1,-1,-1
384,10,590.20,213.82,201.31,636.65,-1,-1,-1,-1
385,1,1128.50,200.04,248.47,675.63,-1,-1,-1,-1
385,3,392.38,159.35,314.56,834.95,-1,-1,-1,-1
385,10,581.06,214.77,204.00,644.14,-1,-1,-1,-1
386,1,1132.13,197.57,255.18,697.08,-1,-1,-1,-1
386,3,363.02,170.36,309.84,816.87,-1,-1,-1,-1
386,10,570.08,218.61,204.02,640.65,-1,-1,-1,-1
387,1,1139.19,194.78,259.04,708.80,-1,-1,-1,-1
387,3,328.31,170.11,307.32,808.14,-1,-1,-1,-1
387,10,561.13,212.38,205.88,643.23,-1,-1,-1,-1
388,1,1147.34,194.12,259.96,714.49,-1,-1,-1,-1
388,3,298.69,167.03,309.82,815.27,-1,-1,-1,-1
388,10,549.42,210.02,210.76,654.54,-1,-1,-1,-1
389,1,1158.26,190.56,261.67,723.23,-1,-1,-1,-1
389,3,274.30,166.84,310.65,815.58,-1,-1,-1,-1
389,10,538.14,207.34,214.10,658.52,-1,-1,-1,-1
390,1,1164.45,188.20,262.38,727.40,-1,-1,-1,-1
390,3,255.47,165.73,311.21,815.98,-1,-1,-1,-1
390,10,532.08,206.06,217.77,662.08,-1,-1,-1,-1
391,1,1172.39,186.05,262.06,728.72,-1,-1,-1,-1
391,3,231.92,163.97,312.27,814.27,-1,-1,-1,-1
391,10,529.43,206.21,220.85,663.14,-1,-1,-1,-1
392,1,1177.68,183.16,262.16,731.06,-1,-1,-1,-1
392,3,210.79,165.39,317.45,823.00,-1,-1,-1,-1
392,10,531.50,204.89,226.39,670.46,-1,-1,-1,-1
393,1,1180.31,179.88,264.55,739.18,-1,-1,-1,-1
393,3,193.89,168.11,323.78,830.90,-1,-1,-1,-1
393,10,536.79,206.64,230.49,673.12,-1,-1,-1,-1
394,1,1181.55,175.31,270.79,758.84,-1,-1,-1,-1
394,3,176.39,167.94,328.47,835.42,-1,-1,-1,-1
394,10,546.29,204.86,232.83,670.58,-1,-1,-1,-1
395,1,1181.61,174.31,276.18,775.70,-1,-1,-1,-1
395,3,158.08,168.98,325.31,826.70,-1,-1,-1,-1
395,10,554.15,203.62,235.39,670.39,-1,-1,-1,-1
396,1,1180.48,176.87,283.19,798.55,-1,-1,-1,-1
396,3,146.68,171.30,320.49,817.24,-1,-1,-1,-1
396,10,561.21,203.47,238.65,675.81,-1,-1,-1,-1
397,1,1180.38,178.25,286.74,812.49,-1,-1,-1,-1
397,3,133.50,170.73,319.55,819.00,-1,-1,-1,-1
397,10,570.88,201.06,239.89,678.19,-1,-1,-1,-1
398,1,1180.40,176.85,288.18,819.14,-1,-1,-1,-1
398,3,123.77,167.03,319.17,821.52,-1,-1,-1,-1
398,10,577.41,198.99,240.38,678.82,-1,-1,-1,-1
399,1,1179.89,170.46,290.07,823.74,-1,-1,-1,-1
399,3,113.59,163.75,318.51,824.91,-1,-1,-1,-1
399,10,587.89,199.61,240.94,681.45,-1,-1,-1,-1
400,1,1176.82,164.68,293.66,832.65,-1,-1,-1,-1
400,3,103.86,163.03,318.70,827.94,-1,-1,-1,-1
400,10,599.56,198.52,243.98,693.41,-1,-1,-1,-1
401,1,1173.40,159.64,301.08,848.91,-1,-1,-1,-1
401,3,102.43,166.49,315.67,821.88,-1,-1,-1,-1
401,10,617.95,199.42,242.24,694.83,-1,-1,-1,-1
402,1,1167.76,157.48,308.62,864.22,-1,-1,-1,-1
402,3,104.24,174.24,310.77,810.16,-1,-1,-1,-1
402,10,635.68,196.56,241.04,700.32,-1,-1,-1,-1
403,1,1158.33,154.01,320.83,895.03,-1,-1,-1,-1
403,3,111.41,176.53,301.38,785.05,-1,-1,-1,-1
403,10,654.32,195.11,240.64,702.65,-1,-1,-1,-1
404,1,1151.10,152.41,328.39,913.77,-1,-1,-1,-1
404,3,119.44,177.02,293.94,765.23,-1,-1,-1,-1
404,10,673.16,196.17,237.93,696.33,-1,-1,-1,-1
405,1,1144.54,152.55,329.66,915.56,-1,-1,-1,-1
405,3,129.26,180.77,284.81,740.93,-1,-1,-1,-1
405,10,689.05,197.61,239.25,699.31,-1,-1,-1,-1
406,1,1131.79,153.99,334.48,932.67,-1,-1,-1,-1
406,3,139.73,182.67,279.53,729.02,-1,-1,-1,-1
406,10,701.59,198.71,239.45,700.17,-1,-1,-1,-1
407,1,1125.62,150.17,332.02,930.63,-1,-1,-1,-1
407,3,143.71,187.54,277.64,727.16,-1,-1,-1,-1
407,10,710.85,199.19,239.64,701.98,-1,-1,-1,-1
408,1,1113.62,148.42,328.32,927.92,-1,-1,-1,-1
408,3,149.39,183.54,275.11,723.12,-1,-1,-1,-1
408,10,722.97,193.74,240.73,708.49,-1,-1,-1,-1
409,1,1103.75,148.54,320.55,914.38,-1,-1,-1,-1
409,3,158.07,187.57,271.30,718.41,-1,-1,-1,-1
409,10,740.85,193.02,240.14,708.03,-1,-1,-1,-1
410,1,1086.38,143.96,324.62,933.35,-1,-1,-1,-1
410,3,173.11,193.28,267.45,713.89,-1,-1,-1,-1
410,10,763.85,190.07,239.90,708.90,-1,-1,-1,-1
411,1,1069.95,145.91,325.62,938.10,-1,-1,-1,-1
411,3,190.68,194.68,263.81,709.31,-1,-1,-1,-1
411,10,787.78,182.66,242.05,720.25,-1,-1,-1,-1
412,1,1058.00,148.49,324.86,934.84,-1,-1,-1,-1
412,3,207.71,197.53,260.03,702.62,-1,-1,-1,-1
412,10,802.05,183.27,242.72,722.79,-1,-1,-1,-1
413,1,1039.72,144.38,325.55,937.73,-1,-1,-1,-1
413,3,229.73,204.96,251.60,680.66,-1,-1,-1,-1
413,10,820.61,182.70,242.26,717.65,-1,-1,-1,-1
414,1,1016.66,151.72,326.58,939.73,-1,-1,-1,-1
414,3,248.33,208.23,247.93,671.98,-1,-1,-1,-1
414,10,838.19,185.13,243.11,714.59,-1,-1,-1,-1
415,1,993.59,149.86,326.13,940.90,-1,-1,-1,-1
415,3,268.32,210.02,241.61,657.54,-1,-1,-1,-1
415,10,848.59,188.79,244.62,717.50,-1,-1,-1,-1
416,1,978.28,160.76,313.28,908.34,-1,-1,-1,-1
416,3,294.42,215.68,234.31,638.14,-1,-1,-1,-1
416,10,868.94,191.92,248.52,727.95,-1,-1,-1,-1
417,1,948.48,163.22,308.11,894.28,-1,-1,-1,-1
417,3,317.03,212.37,233.67,638.36,-1,-1,-1,-1
418,1,931.40,169.05,306.73,890.27,-1,-1,-1,-1
418,3,344.04,208.42,231.06,628.07,-1,-1,-1,-1
419,1,913.49,167.32,304.44,878.52,-1,-1,-1,-1
419,3,358.24,206.55,234.77,633.46,-1,-1,-1,-1
420,1,903.14,172.62,304.22,875.28,-1,-1,-1,-1
420,3,367.29,207.83,234.74,628.99,-1,-1,-1,-1
421,1,892.72,176.61,297.61,852.66,-1,-1,-1,-1
421,3,382.21,207.45,233.47,622.24,-1,-1,-1,-1
422,1,885.68,177.18,292.36,830.39,-1,-1,-1,-1
422,3,399.24,205.58,234.15,621.76,-1,-1,-1,-1
423,1,892.62,177.37,285.36,808.40,-1,-1,-1,-1
423,3,415.90,209.28,233.92,619.48,-1,-1,-1,-1
424,1,850.14,182.04,284.16,801.26,-1,-1,-1,-1
424,3,428.99,210.51,234.67,619.34,-1,-1,-1,-1
424,10,1025.42,190.85,235.58,685.96,-1,-1,-1,-1
425,1,823.03,179.77,283.49,799.66,-1,-1,-1,-1
425,3,449.38,210.15,232.96,614.17,-1,-1,-1,-1
425,10,1045.18,191.99,233.46,674.78,-1,-1,-1,-1
426,1,800.36,176.95,281.97,795.26,-1,-1,-1,-1
426,3,470.22,212.57,230.87,610.46,-1,-1,-1,-1
426,10,1061.72,192.12,234.62,671.86,-1,-1,-1,-1
427,1,787.79,172.79,278.48,785.28,-1,-1,-1,-1
427,3,491.18,209.86,230.88,611.06,-1,-1,-1,-1
427,10,1073.59,193.19,235.28,669.03,-1,-1,-1,-1
428,1,772.23,171.72,279.23,788.32,-1,-1,-1,-1
428,3,507.25,209.23,232.45,616.16,-1,-1,-1,-1
428,10,1091.01,192.05,236.85,669.13,-1,-1,-1,-1
429,1,763.27,180.72,275.77,778.87,-1,-1,-1,-1
429,3,524.39,208.02,232.62,620.46,-1,-1,-1,-1
429,10,1109.87,189.45,238.13,671.37,-1,-1,-1,-1
430,1,754.43,186.72,273.69,773.39,-1,-1,-1,-1
430,3,535.20,208.76,231.52,619.35,-1,-1,-1,-1
430,10,1124.25,187.43,238.06,670.44,-1,-1,-1,-1
431,1,749.78,196.90,270.15,764.51,-1,-1,-1,-1
431,3,549.37,206.98,231.84,621.77,-1,-1,-1,-1
431,10,1142.40,185.86,238.16,671.92,-1,-1,-1,-1
432,1,741.35,201.83,267.86,756.98,-1,-1,-1,-1
432,3,565.16,206.80,229.83,620.04,-1,-1,-1,-1
432,10,1165.18,182.56,239.37,677.64,-1,-1,-1,-1
433,1,728.57,203.43,265.09,747.37,-1,-1,-1,-1
433,3,583.95,212.45,225.11,612.74,-1,-1,-1,-1
433,10,1189.52,179.79,237.00,674.62,-1,-1,-1,-1
434,1,722.28,200.37,263.76,741.62,-1,-1,-1,-1
434,3,595.64,217.09,222.00,608.36,-1,-1,-1,-1
434,10,1204.36,181.71,236.44,671.59,-1,-1,-1,-1
435,1,715.17,196.19,266.89,746.94,-1,-1,-1,-1
435,3,613.58,219.86,218.77,603.83,-1,-1,-1,-1
435,10,1226.38,183.79,237.44,670.37,-1,-1,-1,-1
436,1,700.31,202.91,258.16,721.67,-1,-1,-1,-1
436,3,639.87,225.35,206.64,575.51,-1,-1,-1,-1
436,10,1245.09,184.18,238.66,669.03,-1,-1,-1,-1
437,1,692.66,198.89,266.85,740.64,-1,-1,-1,-1
437,10,1262.72,186.60,239.46,669.52,-1,-1,-1,-1
438,1,686.69,198.01,273.08,754.36,-1,-1,-1,-1
438,10,1278.11,186.78,240.51,671.65,-1,-1,-1,-1
439,1,684.17,196.46,276.09,759.98,-1,-1,-1,-1
439,10,1289.30,185.55,240.27,669.38,-1,-1,-1,-1
440,1,682.93,195.68,278.00,764.31,-1,-1,-1,-1
440,10,1304.11,183.81,239.57,666.00,-1,-1,-1,-1
441,1,683.91,188.71,280.24,773.32,-1,-1,-1,-1
441,10,1318.91,178.50,241.70,674.64,-1,-1,-1,-1
442,1,684.72,188.23,280.60,775.10,-1,-1,-1,-1
442,10,1342.22,171.04,244.63,691.35,-1,-1,-1,-1
443,1,687.71,186.78,280.80,774.71,-1,-1,-1,-1
443,10,1366.85,170.06,242.94,691.18,-1,-1,-1,-1
444,1,694.36,194.86,269.57,745.48,-1,-1,-1,-1
444,10,1387.71,171.76,245.14,698.15,-1,-1,-1,-1
445,1,689.79,199.70,268.75,752.85,-1,-1,-1,-1
445,10,1403.86,170.33,248.10,712.11,-1,-1,-1,-1
446,1,668.59,184.35,279.69,794.51,-1,-1,-1,-1
446,10,1414.48,171.58,247.77,711.84,-1,-1,-1,-1
446,3,812.15,222.24,204.82,579.46,-1,-1,-1,-1
447,1,656.39,181.93,287.46,828.44,-1,-1,-1,-1
447,10,1431.30,174.81,249.59,715.71,-1,-1,-1,-1
447,3,825.14,220.02,204.16,590.79,-1,-1,-1,-1
448,1,647.12,173.37,295.47,866.43,-1,-1,-1,-1
448,10,1443.45,172.40,253.31,724.90,-1,-1,-1,-1
448,3,844.29,215.55,202.06,589.46,-1,-1,-1,-1
449,1,645.34,182.45,290.78,863.49,-1,-1,-1,-1
449,10,1461.40,171.31,256.16,732.41,-1,-1,-1,-1
449,3,870.30,210.11,201.35,588.64,-1,-1,-1,-1
450,1,638.04,184.25,290.38,868.97,-1,-1,-1,-1
450,10,1479.59,167.67,260.14,742.22,-1,-1,-1,-1
450,3,888.24,202.11,203.48,592.54,-1,-1,-1,-1
451,1,627.13,185.83,287.71,863.82,-1,-1,-1,-1
451,10,1494.78,164.59,265.83,756.28,-1,-1,-1,-1
451,3,900.68,202.08,203.28,590.83,-1,-1,-1,-1
452,1,619.26,189.73,287.87,864.74,-1,-1,-1,-1
452,10,1506.26,160.51,270.08,765.78,-1,-1,-1,-1
452,3,910.00,199.43,202.90,588.72,-1,-1,-1,-1
453,1,609.09,183.06,290.93,870.86,-1,-1,-1,-1
453,10,1518.61,156.96,271.13,764.80,-1,-1,-1,-1
453,3,923.71,197.13,202.78,586.40,-1,-1,-1,-1
454,1,591.56,177.40,297.03,884.25,-1,-1,-1,-1
454,10,1527.75,151.84,278.64,782.99,-1,-1,-1,-1
454,3,941.10,197.13,204.34,587.26,-1,-1,-1,-1
455,1,572.87,173.12,302.77,891.73,-1,-1,-1,-1
455,10,1535.91,148.10,285.22,797.88,-1,-1,-1,-1
455,3,957.87,205.63,201.71,574.27,-1,-1,-1,-1
456,1,551.09,167.97,308.66,896.27,-1,-1,-1,-1
456,10,1542.78,145.43,292.87,817.99,-1,-1,-1,-1
456,3,974.72,207.05,203.38,579.29,-1,-1,-1,-1
457,1,527.89,164.68,316.24,905.86,-1,-1,-1,-1
457,10,1550.35,138.54,299.98,838.06,-1,-1,-1,-1
457,3,991.98,206.40,200.55,573.77,-1,-1,-1,-1
458,1,508.96,159.16,324.12,915.63,-1,-1,-1,-1
458,10,1551.15,133.59,309.09,861.25,-1,-1,-1,-1
458,3,1003.30,206.25,198.38,568.05,-1,-1,-1,-1
459,1,493.74,162.43,328.90,917.62,-1,-1,-1,-1
459,10,1558.70,133.73,311.37,864.06,-1,-1,-1,-1
459,3,1021.02,201.33,199.60,570.36,-1,-1,-1,-1
460,1,469.93,159.13,335.82,923.81,-1,-1,-1,-1
460,10,1565.01,133.08,314.40,870.82,-1,-1,-1,-1
460,3,1036.71,196.63,200.82,573.44,-1,-1,-1,-1
461,1,447.04,156.20,341.49,927.31,-1,-1,-1,-1
461,10,1568.76,125.19,317.45,876.26,-1,-1,-1,-1
461,3,1049.24,195.92,200.33,571.33,-1,-1,-1,-1
462,1,425.24,156.96,345.77,928.72,-1,-1,-1,-1
462,10,1570.66,119.92,317.78,875.39,-1,-1,-1,-1
462,3,1064.75,196.91,200.57,568.97,-1,-1,-1,-1
463,1,406.22,151.84,345.73,918.27,-1,-1,-1,-1
463,10,1566.59,119.26,321.90,888.25,-1,-1,-1,-1
463,3,1082.71,199.05,200.39,563.27,-1,-1,-1,-1
464,1,386.48,151.85,349.66,922.54,-1,-1,-1,-1
464,10,1562.28,120.29,323.83,897.96,-1,-1,-1,-1
464,3,1098.13,201.85,201.45,562.08,-1,-1,-1,-1
465,1,371.67,149.12,352.98,925.34,-1,-1,-1,-1
465,10,1558.68,120.79,324.24,903.16,-1,-1,-1,-1
465,3,1107.52,203.12,204.07,564.80,-1,-1,-1,-1
466,1,355.19,151.26,353.48,917.85,-1,-1,-1,-1
466,10,1553.96,119.84,323.42,903.57,-1,-1,-1,-1
466,3,1118.04,200.87,208.07,572.35,-1,-1,-1,-1
467,1,344.80,159.56,351.35,905.13,-1,-1,-1,-1
467,10,1546.60,121.06,322.50,903.80,-1,-1,-1,-1
467,3,1134.25,201.20,209.19,573.13,-1,-1,-1,-1
468,1,331.79,165.37,355.11,912.77,-1,-1,-1,-1
468,10,1533.92,120.10,327.19,919.60,-1,-1,-1,-1
468,3,1150.96,202.62,210.21,574.86,-1,-1,-1,-1
469,1,325.05,177.40,351.56,902.23,-1,-1,-1,-1
469,10,1524.30,123.30,325.42,916.60,-1,-1,-1,-1
469,3,1165.24,199.97,211.12,578.42,-1,-1,-1,-1
470,1,318.67,178.61,348.29,893.37,-1,-1,-1,-1
470,10,1507.00,120.50,331.17,932.46,-1,-1,-1,-1
470,3,1181.24,199.57,212.76,580.71,-1,-1,-1,-1
471,1,315.73,179.05,343.34,879.19,-1,-1,-1,-1
471,10,1487.01,114.54,336.82,948.79,-1,-1,-1,-1
471,3,1195.99,191.53,215.95,588.84,-1,-1,-1,-1
472,1,314.70,177.99,335.04,856.17,-1,-1,-1,-1
472,10,1469.85,120.62,338.86,950.25,-1,-1,-1,-1
472,3,1208.17,188.59,216.98,589.54,-1,-1,-1,-1
473,1,313.76,177.22,331.18,844.90,-1,-1,-1,-1
473,10,1446.14,114.90,343.93,958.83,-1,-1,-1,-1
473,3,1228.02,184.33,217.67,587.30,-1,-1,-1,-1
474,1,312.71,176.54,328.97,839.30,-1,-1,-1,-1
474,10,1424.91,112.77,345.93,957.42,-1,-1,-1,-1
474,3,1246.23,178.73,224.51,602.56,-1,-1,-1,-1
475,1,313.72,178.18,326.17,831.89,-1,-1,-1,-1
475,10,1414.56,121.64,346.43,953.30,-1,-1,-1,-1
475,3,1256.52,178.99,227.05,607.56,-1,-1,-1,-1
476,1,318.71,182.63,323.37,824.06,-1,-1,-1,-1
476,10,1389.49,122.24,348.23,951.21,-1,-1,-1,-1
476,3,1265.25,183.49,227.90,610.10,-1,-1,-1,-1
477,1,323.75,188.67,320.00,815.02,-1,-1,-1,-1
477,10,1364.67,122.05,349.05,955.94,-1,-1,-1,-1
477,3,1278.84,185.11,226.57,607.63,-1,-1,-1,-1
478,1,330.24,193.64,315.13,801.81,-1,-1,-1,-1
478,10,1333.80,112.76,350.85,958.03,-1,-1,-1,-1
478,3,1302.68,174.68,222.82,597.15,-1,-1,-1,-1
479,1,340.33,194.56,309.76,789.45,-1,-1,-1,-1
479,10,1298.45,109.89,352.65,966.00,-1,-1,-1,-1
480,1,354.62,192.79,305.51,781.75,-1,-1,-1,-1
480,10,1272.59,110.46,351.61,968.03,-1,-1,-1,-1
481,1,371.15,194.92,294.02,754.71,-1,-1,-1,-1
481,10,1252.95,110.62,348.76,969.24,-1,-1,-1,-1
482,1,382.13,193.79,287.59,741.01,-1,-1,-1,-1
482,10,1236.84,116.21,347.16,969.31,-1,-1,-1,-1
483,1,395.45,195.90,283.02,730.85,-1,-1,-1,-1
483,10,1203.75,109.00,345.11,968.15,-1,-1,-1,-1
484,1,411.82,199.61,278.73,719.30,-1,-1,-1,-1
484,10,1171.10,112.48,344.91,969.17,-1,-1,-1,-1
484,12,1360.31,175.81,205.10,642.00,-1,-1,-1,-1
485,1,427.23,202.29,276.93,712.66,-1,-1,-1,-1
485,10,1135.65,115.68,340.48,956.24,-1,-1,-1,-1
485,3,1358.25,168.21,244.55,662.43,-1,-1,-1,-1
486,1,446.50,205.20,274.30,704.72,-1,-1,-1,-1
486,10,1101.00,119.71,339.79,953.92,-1,-1,-1,-1
486,3,1362.22,169.89,245.68,670.35,-1,-1,-1,-1
487,1,466.82,206.57,272.01,698.49,-1,-1,-1,-1
487,10,1072.66,122.74,340.86,955.36,-1,-1,-1,-1
487,3,1362.85,171.54,249.79,681.39,-1,-1,-1,-1
488,1,479.72,206.31,271.16,696.41,-1,-1,-1,-1
488,10,1055.65,126.46,339.87,951.94,-1,-1,-1,-1
488,3,1362.98,173.20,251.52,683.94,-1,-1,-1,-1
489,1,497.38,206.56,269.06,692.12,-1,-1,-1,-1
489,10,1034.96,125.93,339.04,951.88,-1,-1,-1,-1
489,3,1360.08,173.02,251.95,684.25,-1,-1,-1,-1
490,1,515.30,205.98,266.70,687.77,-1,-1,-1,-1
490,10,1007.35,124.65,337.45,954.51,-1,-1,-1,-1
490,3,1358.37,169.95,253.79,688.92,-1,-1,-1,-1
491,1,541.59,205.14,266.08,691.49,-1,-1,-1,-1
491,10,971.37,121.03,332.48,949.72,-1,-1,-1,-1
491,3,1354.88,164.55,255.40,694.65,-1,-1,-1,-1
492,1,569.05,203.06,266.17,694.07,-1,-1,-1,-1
492,10,929.90,121.95,329.66,953.92,-1,-1,-1,-1
492,3,1353.84,161.33,255.86,697.60,-1,-1,-1,-1
493,1,595.90,203.04,265.13,693.60,-1,-1,-1,-1
493,10,890.91,125.12,326.63,951.40,-1,-1,-1,-1
493,3,1355.26,154.79,256.85,703.83,-1,-1,-1,-1
494,1,616.65,203.92,264.90,694.40,-1,-1,-1,-1
494,10,869.32,125.13,326.35,951.70,-1,-1,-1,-1
494,3,1353.85,150.81,256.61,707.14,-1,-1,-1,-1
495,1,633.41,207.50,265.33,696.60,-1,-1,-1,-1
495,10,847.69,126.26,327.00,950.76,-1,-1,-1,-1
495,3,1342.85,150.69,263.25,732.70,-1,-1,-1,-1
496,1,653.71,209.13,263.38,697.61,-1,-1,-1,-1
496,10,824.51,126.59,329.24,952.48,-1,-1,-1,-1
496,3,1337.43,150.15,269.34,760.65,-1,-1,-1,-1
497,1,676.76,212.39,258.64,688.18,-1,-1,-1,-1
497,10,804.49,133.03,327.19,945.55,-1,-1,-1,-1
497,3,1334.99,149.48,270.89,773.00,-1,-1,-1,-1
498,10,760.93,142.80,318.30,919.25,-1,-1,-1,-1
498,3,1332.49,152.96,269.38,771.75,-1,-1,-1,-1
499,10,722.75,133.84,327.89,945.06,-1,-1,-1,-1
499,3,1324.80,155.96,269.33,774.54,-1,-1,-1,-1
500,10,701.52,124.99,332.13,954.01,-1,-1,-1,-1
500,3,1317.63,159.08,266.04,767.71,-1,-1,-1,-1
501,10,677.06,121.30,336.72,967.91,-1,-1,-1,-1
501,3,1310.44,155.17,268.50,777.88,-1,-1,-1,-1
502,10,655.40,126.87,329.32,946.67,-1,-1,-1,-1
502,3,1300.18,151.83,268.58,782.10,-1,-1,-1,-1
502,1,781.78,215.91,251.47,672.70,-1,-1,-1,-1
503,10,625.81,122.40,330.04,948.04,-1,-1,-1,-1
503,3,1288.75,150.44,267.16,778.29,-1,-1,-1,-1
503,1,787.66,210.39,259.41,697.35,-1,-1,-1,-1
504,10,601.95,118.25,332.59,951.18,-1,-1,-1,-1
504,3,1275.84,148.43,268.17,780.45,-1,-1,-1,-1
504,1,799.82,208.04,263.22,706.72,-1,-1,-1,-1
505,10,569.42,128.56,334.07,952.67,-1,-1,-1,-1
505,3,1260.29,150.10,267.48,779.67,-1,-1,-1,-1
505,1,821.78,211.95,260.21,700.56,-1,-1,-1,-1
506,10,538.66,127.68,338.01,956.04,-1,-1,-1,-1
506,3,1237.60,152.23,270.26,783.25,-1,-1,-1,-1
506,1,837.36,215.99,261.26,703.50,-1,-1,-1,-1
507,10,507.24,126.94,339.93,948.73,-1,-1,-1,-1
507,3,1213.05,155.91,270.82,782.10,-1,-1,-1,-1
507,1,848.16,213.78,263.34,707.50,-1,-1,-1,-1
508,10,478.55,128.73,344.72,951.39,-1,-1,-1,-1
508,3,1192.67,156.39,272.01,784.90,-1,-1,-1,-1
508,1,858.74,211.17,262.19,701.47,-1,-1,-1,-1
509,10,457.90,127.65,350.28,956.72,-1,-1,-1,-1
509,3,1177.81,156.18,270.26,779.77,-1,-1,-1,-1
509,1,863.91,208.63,262.32,699.14,-1,-1,-1,-1
510,10,436.00,130.42,350.86,952.07,-1,-1,-1,-1
510,3,1155.28,155.46,271.11,787.59,-1,-1,-1,-1
510,1,867.33,203.59,266.97,712.21,-1,-1,-1,-1
511,10,412.71,132.21,350.87,945.30,-1,-1,-1,-1
511,3,1132.48,150.54,272.86,800.77,-1,-1,-1,-1
511,1,879.38,200.99,264.47,710.36,-1,-1,-1,-1
512,10,392.06,131.67,351.51,944.93,-1,-1,-1,-1
512,3,1113.50,141.59,273.07,813.11,-1,-1,-1,-1
512,1,890.36,195.53,264.88,719.91,-1,-1,-1,-1
513,10,376.19,135.46,348.97,938.28,-1,-1,-1,-1
513,3,1095.16,136.10,272.41,819.82,-1,-1,-1,-1
513,1,905.82,192.71,261.52,719.52,-1,-1,-1,-1
514,10,364.19,136.22,349.59,941.73,-1,-1,-1,-1
514,3,1082.99,135.19,267.94,812.30,-1,-1,-1,-1
514,1,918.16,193.18,255.68,709.25,-1,-1,-1,-1
515,10,353.24,140.33,346.10,934.84,-1,-1,-1,-1
515,3,1070.64,136.62,264.31,805.41,-1,-1,-1,-1
515,1,925.42,192.72,252.77,713.20,-1,-1,-1,-1
516,10,341.28,143.78,344.69,935.12,-1,-1,-1,-1
516,3,1048.15,146.69,260.40,796.24,-1,-1,-1,-1
516,1,937.30,196.39,249.94,715.38,-1,-1,-1,-1
517,10,329.27,151.31,339.41,928.07,-1,-1,-1,-1
517,3,1028.81,156.90,256.18,786.77,-1,-1,-1,-1
517,1,945.49,181.76,245.32,716.45,-1,-1,-1,-1
518,10,323.46,152.74,336.72,925.77,-1,-1,-1,-1
518,3,1008.42,153.11,262.39,801.85,-1,-1,-1,-1
519,10,320.51,158.39,329.35,911.80,-1,-1,-1,-1
519,3,981.23,148.54,266.48,812.53,-1,-1,-1,-1
520,10,316.89,165.41,320.98,893.48,-1,-1,-1,-1
520,3,962.52,151.95,264.07,808.51,-1,-1,-1,-1
521,10,306.02,166.54,319.38,894.75,-1,-1,-1,-1
521,3,946.16,154.51,266.42,818.84,-1,-1,-1,-1
522,10,292.47,166.13,314.44,887.50,-1,-1,-1,-1
522,3,933.91,146.97,265.60,815.32,-1,-1,-1,-1
523,10,286.16,167.45,306.85,870.00,-1,-1,-1,-1
523,3,922.78,146.02,264.69,813.43,-1,-1,-1,-1
524,10,278.36,165.40,299.12,850.08,-1,-1,-1,-1
524,3,909.77,149.41,265.90,821.05,-1,-1,-1,-1
524,1,1013.21,213.94,230.86,698.79,-1,-1,-1,-1
525,10,271.34,166.68,295.04,839.60,-1,-1,-1,-1
525,3,912.74,155.44,261.39,807.15,-1,-1,-1,-1
526,10,264.76,171.74,289.62,824.79,-1,-1,-1,-1
526,3,860.99,144.47,269.19,828.70,-1,-1,-1,-1
526,1,1019.58,199.05,231.59,706.58,-1,-1,-1,-1
527,10,260.66,173.28,287.18,816.97,-1,-1,-1,-1
527,3,833.12,138.56,272.72,836.25,-1,-1,-1,-1
527,1,1025.24,198.63,230.37,707.37,-1,-1,-1,-1
528,10,254.00,175.14,285.47,810.08,-1,-1,-1,-1
528,3,811.60,142.34,271.88,822.79,-1,-1,-1,-1
528,1,1033.44,195.24,226.86,698.25,-1,-1,-1,-1
529,10,243.08,176.51,283.79,804.19,-1,-1,-1,-1
529,3,788.10,144.20,277.96,836.85,-1,-1,-1,-1
529,1,1043.42,195.49,224.84,689.78,-1,-1,-1,-1
530,10,234.89,180.33,281.78,796.42,-1,-1,-1,-1
530,3,764.62,149.33,279.35,834.94,-1,-1,-1,-1
530,1,1057.40,200.10,221.31,672.19,-1,-1,-1,-1
531,10,226.05,183.02,281.18,790.14,-1,-1,-1,-1
531,3,747.27,146.99,280.03,835.50,-1,-1,-1,-1
531,1,1072.50,201.81,220.73,662.64,-1,-1,-1,-1
532,10,222.44,183.94,278.28,775.70,-1,-1,-1,-1
532,3,733.60,146.03,280.03,833.73,-1,-1,-1,-1
532,1,1082.20,202.75,222.03,656.56,-1,-1,-1,-1
533,10,213.04,179.50,280.40,776.98,-1,-1,-1,-1
533,3,709.98,145.61,280.49,833.99,-1,-1,-1,-1
533,1,1093.52,203.45,222.93,651.92,-1,-1,-1,-1
534,10,203.45,174.65,282.47,778.25,-1,-1,-1,-1
534,3,698.91,150.08,278.79,830.10,-1,-1,-1,-1
534,1,1106.13,204.29,225.54,650.36,-1,-1,-1,-1
535,10,196.89,172.49,282.75,776.22,-1,-1,-1,-1
535,3,685.40,144.78,280.26,837.05,-1,-1,-1,-1
535,1,1120.81,206.35,227.55,647.60,-1,-1,-1,-1
536,10,193.29,174.65,282.51,776.63,-1,-1,-1,-1
536,3,669.24,148.64,279.44,838.29,-1,-1,-1,-1
536,1,1133.19,203.97,231.18,651.12,-1,-1,-1,-1
537,10,193.78,177.93,280.00,772.49,-1,-1,-1,-1
537,3,651.27,146.06,279.61,839.82,-1,-1,-1,-1
537,1,1145.34,200.01,234.08,654.39,-1,-1,-1,-1
538,10,195.61,178.36,278.66,772.34,-1,-1,-1,-1
538,3,642.60,148.22,278.95,836.56,-1,-1,-1,-1
538,1,1153.73,197.66,236.20,656.76,-1,-1,-1,-1
539,10,196.14,180.62,276.89,773.31,-1,-1,-1,-1
539,3,626.78,150.69,278.24,839.49,-1,-1,-1,-1
539,1,1167.18,201.11,237.58,658.33,-1,-1,-1,-1
540,10,201.39,183.42,273.53,772.00,-1,-1,-1,-1
540,3,614.29,159.45,272.39,824.90,-1,-1,-1,-1
540,1,1178.56,199.87,240.92,665.84,-1,-1,-1,-1
541,10,210.11,184.92,269.00,761.66,-1,-1,-1,-1
541,3,601.76,161.32,262.36,801.06,-1,-1,-1,-1
541,1,1185.63,197.26,248.10,687.93,-1,-1,-1,-1
542,10,222.77,188.84,264.37,750.25,-1,-1,-1,-1
542,3,587.78,159.94,260.42,796.18,-1,-1,-1,-1
542,1,1189.29,196.86,252.33,701.51,-1,-1,-1,-1
543,10,233.51,191.32,258.15,730.41,-1,-1,-1,-1
543,3,568.18,160.60,259.39,787.90,-1,-1,-1,-1
543,1,1193.23,196.77,257.83,715.30,-1,-1,-1,-1
544,10,246.10,195.63,251.12,708.15,-1,-1,-1,-1
544,3,548.11,160.33,262.81,790.49,-1,-1,-1,-1
544,1,1193.34,194.41,264.13,730.64,-1,-1,-1,-1
545,10,254.74,199.47,247.22,692.75,-1,-1,-1,-1
545,3,524.91,161.94,265.90,787.12,-1,-1,-1,-1
545,1,1192.31,191.02,269.17,741.57,-1,-1,-1,-1
546,10,261.53,202.08,245.54,684.39,-1,-1,-1,-1
546,3,508.07,160.67,271.38,793.40,-1,-1,-1,-1
546,1,1189.81,187.12,272.41,748.23,-1,-1,-1,-1
547,10,267.96,203.62,245.73,685.73,-1,-1,-1,-1
547,3,488.22,162.40,276.92,800.21,-1,-1,-1,-1
547,1,1188.14,180.46,274.90,753.47,-1,-1,-1,-1
548,10,271.07,204.35,246.06,688.76,-1,-1,-1,-1
548,3,469.09,161.95,281.96,805.57,-1,-1,-1,-1
548,1,1187.44,175.36,278.35,760.43,-1,-1,-1,-1
549,10,274.18,202.92,247.36,698.13,-1,-1,-1,-1
549,3,450.87,167.09,282.98,799.70,-1,-1,-1,-1
549,1,1182.46,169.03,284.28,772.36,-1,-1,-1,-1
550,10,286.89,203.84,247.73,704.21,-1,-1,-1,-1
550,3,428.55,179.19,281.04,785.91,-1,-1,-1,-1
550,1,1172.83,164.73,298.07,807.88,-1,-1,-1,-1
551,3,394.08,185.45,281.65,782.63,-1,-1,-1,-1
551,1,1164.66,163.32,307.65,833.05,-1,-1,-1,-1
552,3,356.33,183.47,283.11,782.30,-1,-1,-1,-1
552,1,1156.34,163.14,317.51,858.36,-1,-1,-1,-1
553,3,339.72,182.97,286.63,786.97,-1,-1,-1,-1
553,1,1145.60,162.76,330.43,896.92,-1,-1,-1,-1
554,3,334.64,177.44,290.95,794.96,-1,-1,-1,-1
554,1,1139.04,160.13,335.59,913.57,-1,-1,-1,-1
555,3,327.60,170.76,289.04,787.66,-1,-1,-1,-1
555,1,1129.14,158.03,337.91,925.48,-1,-1,-1,-1
556,3,318.08,175.24,294.14,796.86,-1,-1,-1,-1
556,1,1121.21,155.97,335.92,923.99,-1,-1,-1,-1
557,3,309.96,176.15,294.69,792.57,-1,-1,-1,-1
557,1,1110.97,152.17,337.08,932.94,-1,-1,-1,-1
558,3,285.14,176.61,296.87,798.19,-1,-1,-1,-1
558,1,1102.21,147.61,330.50,918.99,-1,-1,-1,-1
558,10,406.33,216.13,219.96,620.21,-1,-1,-1,-1
559,3,263.66,176.07,292.63,786.02,-1,-1,-1,-1
559,1,1090.71,147.55,329.22,923.41,-1,-1,-1,-1
559,10,441.55,216.84,215.70,601.17,-1,-1,-1,-1
560,3,253.23,180.50,289.05,774.15,-1,-1,-1,-1
560,1,1080.79,143.17,329.45,932.22,-1,-1,-1,-1
560,10,455.04,219.39,215.16,593.44,-1,-1,-1,-1
561,3,238.86,179.24,291.48,782.90,-1,-1,-1,-1
561,1,1062.78,145.50,329.98,936.52,-1,-1,-1,-1
561,10,469.03,223.12,215.70,590.31,-1,-1,-1,-1
562,3,218.57,175.06,290.12,775.49,-1,-1,-1,-1
562,1,1051.46,155.61,325.78,928.34,-1,-1,-1,-1
562,10,486.79,222.42,217.05,591.72,-1,-1,-1,-1
563,3,202.94,170.50,294.23,784.76,-1,-1,-1,-1
563,1,1036.97,155.18,323.43,925.89,-1,-1,-1,-1
563,10,501.66,223.42,217.09,589.59,-1,-1,-1,-1
564,3,184.76,165.21,297.63,789.39,-1,-1,-1,-1
564,1,1018.84,150.17,323.96,934.64,-1,-1,-1,-1
564,10,514.61,226.22,213.15,577.23,-1,-1,-1,-1
565,3,168.06,160.87,300.37,790.71,-1,-1,-1,-1
565,1,1001.28,150.99,320.68,939.01,-1,-1,-1,-1
565,10,528.35,228.04,207.29,563.36,-1,-1,-1,-1
566,3,157.55,156.27,305.03,798.62,-1,-1,-1,-1
566,1,987.95,151.74,314.72,934.83,-1,-1,-1,-1
566,10,538.90,226.05,206.56,562.73,-1,-1,-1,-1
567,3,142.78,158.42,315.63,822.04,-1,-1,-1,-1
567,1,969.64,151.47,310.56,932.41,-1,-1,-1,-1
567,10,553.13,223.47,209.07,570.02,-1,-1,-1,-1
568,3,125.53,161.20,325.16,843.22,-1,-1,-1,-1
568,1,949.33,141.89,314.25,947.27,-1,-1,-1,-1
568,10,567.96,226.20,208.18,565.32,-1,-1,-1,-1
569,3,112.97,157.90,326.34,842.07,-1,-1,-1,-1
569,1,928.84,138.25,319.07,960.22,-1,-1,-1,-1
569,10,582.30,227.70,208.59,563.63,-1,-1,-1,-1
570,3,91.12,155.45,331.98,854.66,-1,-1,-1,-1
570,1,908.79,140.43,318.89,950.97,-1,-1,-1,-1
570,10,595.25,228.83,208.49,561.20,-1,-1,-1,-1
571,3,50.53,151.26,346.33,892.35,-1,-1,-1,-1
571,1,889.02,139.58,322.17,948.88,-1,-1,-1,-1
571,10,611.04,231.09,207.65,556.16,-1,-1,-1,-1
572,3,39.07,144.93,345.32,889.48,-1,-1,-1,-1
572,1,874.15,144.53,325.33,945.98,-1,-1,-1,-1
572,10,618.36,231.51,208.38,555.70,-1,-1,-1,-1
573,3,27.30,142.43,347.95,898.99,-1,-1,-1,-1
573,1,850.71,142.98,327.73,938.74,-1,-1,-1,-1
573,10,630.22,232.22,208.04,555.31,-1,-1,-1,-1
574,3,16.30,144.30,345.80,896.13,-1,-1,-1,-1
574,1,831.27,146.22,329.84,929.60,-1,-1,-1,-1
574,10,641.47,231.86,208.64,559.68,-1,-1,-1,-1
575,3,9.72,141.55,351.03,917.36,-1,-1,-1,-1
575,1,805.08,144.88,334.96,927.53,-1,-1,-1,-1
575,10,655.65,230.74,206.61,556.86,-1,-1,-1,-1
576,3,6.24,131.44,351.76,923.60,-1,-1,-1,-1
576,1,792.34,149.08,333.18,914.54,-1,-1,-1,-1
576,10,675.56,231.59,204.14,555.46,-1,-1,-1,-1
577,3,6.04,125.54,349.29,918.64,-1,-1,-1,-1
577,1,776.01,150.59,337.98,926.06,-1,-1,-1,-1
577,10,691.23,232.91,205.97,568.51,-1,-1,-1,-1
578,3,3.55,120.72,354.03,935.41,-1,-1,-1,-1
578,1,766.32,146.60,342.13,932.67,-1,-1,-1,-1
578,10,700.06,234.93,203.66,567.65,-1,-1,-1,-1
579,3,5.62,123.80,356.77,947.58,-1,-1,-1,-1
579,1,750.43,162.37,334.14,905.60,-1,-1,-1,-1
579,10,711.19,227.80,203.24,574.16,-1,-1,-1,-1
580,3,3.79,124.91,357.67,954.19,-1,-1,-1,-1
580,1,729.78,171.91,329.53,884.74,-1,-1,-1,-1
581,3,9.82,125.24,356.99,954.57,-1,-1,-1,-1
581,1,716.07,173.58,326.42,869.90,-1,-1,-1,-1
582,3,18.17,128.58,356.94,954.80,-1,-1,-1,-1
582,1,702.03,171.90,329.74,875.45,-1,-1,-1,-1
583,3,16.84,121.20,361.16,966.44,-1,-1,-1,-1
583,1,683.51,176.79,325.52,861.90,-1,-1,-1,-1
584,3,14.12,107.12,365.70,978.75,-1,-1,-1,-1
584,1,670.29,185.74,325.48,861.67,-1,-1,-1,-1
585,3,17.11,105.91,368.13,984.24,-1,-1,-1,-1
585,1,664.92,188.67,321.36,854.66,-1,-1,-1,-1
586,3,20.50,87.03,375.07,1002.11,-1,-1,-1,-1
586,1,658.63,194.31,314.23,838.66,-1,-1,-1,-1
586,10,816.17,233.12,191.12,544.67,-1,-1,-1,-1
587,3,33.30,90.17,373.88,998.61,-1,-1,-1,-1
587,1,642.02,197.59,309.12,826.47,-1,-1,-1,-1
587,10,826.67,225.00,191.87,550.87,-1,-1,-1,-1
588,3,43.19,81.38,376.31,1004.17,-1,-1,-1,-1
588,1,625.45,204.44,305.27,814.03,-1,-1,-1,-1
588,10,844.08,224.11,194.50,559.18,-1,-1,-1,-1
589,3,52.55,81.59,379.70,1008.85,-1,-1,-1,-1
589,1,610.10,210.83,299.68,797.36,-1,-1,-1,-1
589,10,863.11,220.53,196.35,565.05,-1,-1,-1,-1
590,3,72.94,75.73,380.20,1006.33,-1,-1,-1,-1
590,1,595.51,208.11,297.00,789.19,-1,-1,-1,-1
590,10,881.32,219.87,198.27,566.75,-1,-1,-1,-1
591,3,99.07,85.98,376.80,993.24,-1,-1,-1,-1
591,1,578.06,202.50,293.13,775.44,-1,-1,-1,-1
591,10,895.43,221.62,199.26,563.87,-1,-1,-1,-1
592,3,126.66,86.18,382.13,1004.82,-1,-1,-1,-1
592,1,562.47,198.29,288.74,761.58,-1,-1,-1,-1
592,10,907.26,224.95,198.94,556.47,-1,-1,-1,-1
593,3,145.84,72.95,386.98,1017.90,-1,-1,-1,-1
593,1,545.14,194.32,292.57,767.94,-1,-1,-1,-1
593,10,921.11,226.86,199.71,554.54,-1,-1,-1,-1
594,3,166.70,67.54,389.48,1022.42,-1,-1,-1,-1
594,1,536.62,193.39,293.08,766.44,-1,-1,-1,-1
594,10,933.13,224.45,203.30,563.04,-1,-1,-1,-1
595,3,186.74,56.46,390.97,1023.14,-1,-1,-1,-1
595,1,532.28,193.88,292.40,761.97,-1,-1,-1,-1
595,10,940.30,222.21,205.19,565.38,-1,-1,-1,-1
596,3,218.31,60.01,392.73,1021.64,-1,-1,-1,-1
596,1,530.64,200.67,288.56,748.29,-1,-1,-1,-1
596,10,953.81,222.15,206.86,566.97,-1,-1,-1,-1
597,3,248.07,61.94,394.65,1022.95,-1,-1,-1,-1
597,1,523.05,204.89,292.03,757.52,-1,-1,-1,-1
597,10,970.13,221.43,207.98,568.24,-1,-1,-1,-1
598,3,274.48,69.85,395.36,1022.71,-1,-1,-1,-1
598,1,533.55,209.23,283.77,738.43,-1,-1,-1,-1
598,10,985.82,219.55,208.43,566.84,-1,-1,-1,-1
599,3,318.31,74.01,394.91,1019.98,-1,-1,-1,-1
599,1,526.68,198.50,279.51,725.57,-1,-1,-1,-1
599,10,1002.87,219.33,211.10,569.75,-1,-1,-1,-1
600,3,373.58,98.87,373.97,965.88,-1,-1,-1,-1
600,1,531.85,198.57,268.22,697.29,-1,-1,-1,-1
600,10,1017.38,214.11,215.78,579.42,-1,-1,-1,-1
601,3,406.81,103.54,371.02,960.41,-1,-1,-1,-1
601,10,1025.19,213.54,217.93,585.27,-1,-1,-1,-1
602,3,439.81,93.80,378.25,979.48,-1,-1,-1,-1
602,10,1033.27,212.57,219.91,591.56,-1,-1,-1,-1
603,3,474.48,90.45,364.31,943.98,-1,-1,-1,-1
603,10,1045.21,209.51,221.01,596.87,-1,-1,-1,-1
604,3,498.72,97.21,357.51,930.86,-1,-1,-1,-1
604,10,1057.92,204.35,221.30,597.83,-1,-1,-1,-1
605,3,516.06,78.15,372.24,973.41,-1,-1,-1,-1
605,10,1072.70,200.55,222.73,601.81,-1,-1,-1,-1
606,3,532.68,79.19,376.05,984.47,-1,-1,-1,-1
606,10,1081.63,198.00,222.85,602.59,-1,-1,-1,-1
607,3,569.98,79.51,377.89,994.49,-1,-1,-1,-1
607,10,1095.01,196.98,223.13,601.62,-1,-1,-1,-1
608,3,605.75,73.58,378.92,1001.45,-1,-1,-1,-1
608,10,1108.10,197.89,223.61,601.99,-1,-1,-1,-1
608,14,493.89,226.88,232.13,630.96,-1,-1,-1,-1
609,3,638.95,71.46,381.16,1015.44,-1,-1,-1,-1
609,10,1123.47,196.75,225.84,607.29,-1,-1,-1,-1
609,14,483.42,229.35,233.47,634.96,-1,-1,-1,-1
610,3,674.23,63.65,379.89,1019.90,-1,-1,-1,-1
610,10,1136.57,193.56,229.05,618.21,-1,-1,-1,-1
610,1,463.82,227.84,250.21,656.62,-1,-1,-1,-1
611,3,693.69,59.64,376.09,1016.64,-1,-1,-1,-1
611,10,1147.88,196.94,227.78,616.50,-1,-1,-1,-1
611,1,455.10,227.67,249.12,655.60,-1,-1,-1,-1
612,3,722.16,52.53,377.78,1026.66,-1,-1,-1,-1
612,10,1160.85,193.89,230.27,626.72,-1,-1,-1,-1
612,1,444.70,226.93,249.75,656.17,-1,-1,-1,-1
613,3,747.22,51.70,371.84,1016.75,-1,-1,-1,-1
613,10,1176.38,196.82,226.23,616.56,-1,-1,-1,-1
613,1,430.44,226.03,252.29,658.38,-1,-1,-1,-1
614,3,778.08,61.14,370.12,1021.72,-1,-1,-1,-1
614,10,1190.73,198.63,225.00,611.96,-1,-1,-1,-1
614,1,414.14,229.56,250.92,651.88,-1,-1,-1,-1
615,3,801.66,61.13,366.96,1021.76,-1,-1,-1,-1
615,10,1202.37,203.99,222.75,603.49,-1,-1,-1,-1
615,1,402.26,228.80,253.86,656.60,-1,-1,-1,-1
616,3,833.22,59.71,369.82,1033.81,-1,-1,-1,-1
616,10,1214.97,206.87,221.90,600.24,-1,-1,-1,-1
616,1,388.99,225.25,256.96,661.56,-1,-1,-1,-1
617,3,861.76,53.11,373.66,1041.97,-1,-1,-1,-1
617,10,1232.52,209.35,220.25,596.95,-1,-1,-1,-1
617,1,376.13,222.76,258.21,661.87,-1,-1,-1,-1
618,3,896.51,52.80,375.18,1054.65,-1,-1,-1,-1
618,10,1248.27,203.91,222.54,607.10,-1,-1,-1,-1
618,1,364.01,220.99,260.26,665.54,-1,-1,-1,-1
619,3,917.98,60.10,371.63,1050.24,-1,-1,-1,-1
619,10,1259.65,200.47,222.71,614.23,-1,-1,-1,-1
619,1,355.18,218.97,262.89,670.53,-1,-1,-1,-1
620,3,951.46,70.87,363.18,1030.45,-1,-1,-1,-1
620,10,1275.73,197.23,224.00,623.88,-1,-1,-1,-1
620,1,346.50,216.03,266.19,676.86,-1,-1,-1,-1
621,3,990.96,80.06,358.67,1017.12,-1,-1,-1,-1
621,10,1292.25,194.56,224.72,627.45,-1,-1,-1,-1
621,1,340.14,212.13,269.86,684.39,-1,-1,-1,-1
622,3,1021.51,80.25,361.31,1024.55,-1,-1,-1,-1
622,10,1310.41,193.98,226.34,633.23,-1,-1,-1,-1
622,1,335.17,209.05,275.36,696.76,-1,-1,-1,-1
623,3,1060.29,72.42,355.89,1005.82,-1,-1,-1,-1
623,10,1320.59,189.35,231.05,645.81,-1,-1,-1,-1
623,1,331.90,208.19,280.97,711.29,-1,-1,-1,-1
624,3,1083.01,64.58,364.45,1022.77,-1,-1,-1,-1
624,10,1335.48,183.74,232.09,653.19,-1,-1,-1,-1
624,1,331.86,209.06,287.56,728.84,-1,-1,-1,-1
625,3,1099.10,65.65,364.87,1018.29,-1,-1,-1,-1
625,10,1344.17,183.82,234.85,667.25,-1,-1,-1,-1
625,1,334.12,208.38,292.24,743.71,-1,-1,-1,-1
626,3,1119.75,57.26,370.48,1028.52,-1,-1,-1,-1
626,10,1354.27,184.30,238.47,687.04,-1,-1,-1,-1
626,1,337.34,205.93,293.59,749.62,-1,-1,-1,-1
627,3,1155.78,58.77,376.93,1032.55,-1,-1,-1,-1
627,10,1363.32,190.28,229.68,660.01,-1,-1,-1,-1
627,1,341.52,200.17,296.47,758.31,-1,-1,-1,-1
628,3,1189.30,67.81,380.92,1027.41,-1,-1,-1,-1
628,10,1362.13,181.00,236.92,673.63,-1,-1,-1,-1
628,1,347.77,193.26,297.72,761.69,-1,-1,-1,-1
629,3,1237.05,82.02,379.34,1008.16,-1,-1,-1,-1
629,1,354.48,187.00,300.59,767.80,-1,-1,-1,-1
630,3,1279.81,72.83,384.21,1006.03,-1,-1,-1,-1
630,1,361.35,187.37,305.83,781.07,-1,-1,-1,-1
631,3,1321.98,85.93,384.89,1000.07,-1,-1,-1,-1
631,1,369.41,188.74,312.12,799.22,-1,-1,-1,-1
632,3,1346.21,85.03,386.89,999.91,-1,-1,-1,-1
632,1,374.85,189.15,315.12,809.63,-1,-1,-1,-1
633,3,1382.70,69.95,379.00,972.26,-1,-1,-1,-1
633,1,380.98,191.00,318.44,820.25,-1,-1,-1,-1
634,3,1406.32,59.61,382.57,974.13,-1,-1,-1,-1
634,1,381.93,194.89,329.73,851.61,-1,-1,-1,-1