28,0,0.15,262.80,201.79,586.09,-1,-1,-1,-1
29,0,0.97,259.49,210.41,586.75,-1,-1,-1,-1
30,0,2.07,258.20,224.57,592.17,-1,-1,-1,-1
31,0,1.10,255.59,244.52,601.59,-1,-1,-1,-1
32,0,4.20,255.45,254.82,610.10,-1,-1,-1,-1
33,0,6.23,260.48,264.30,609.34,-1,-1,-1,-1
34,0,14.84,259.94,250.30,616.95,-1,-1,-1,-1
35,0,19.56,261.51,246.94,616.90,-1,-1,-1,-1
36,0,16.86,256.79,258.24,622.24,-1,-1,-1,-1
37,0,16.45,253.70,269.56,627.08,-1,-1,-1,-1
38,0,16.66,251.90,289.31,632.72,-1,-1,-1,-1
39,0,27.08,251.10,283.74,634.69,-1,-1,-1,-1
40,0,35.77,235.04,282.47,670.27,-1,-1,-1,-1
41,0,48.50,228.71,265.18,693.87,-1,-1,-1,-1
42,0,63.79,228.73,243.29,698.15,-1,-1,-1,-1
43,0,70.38,221.57,235.70,710.08,-1,-1,-1,-1
44,0,78.05,222.48,238.48,709.64,-1,-1,-1,-1
45,0,89.26,223.83,262.38,707.26,-1,-1,-1,-1
46,0,102.10,223.43,279.69,707.07,-1,-1,-1,-1
47,0,118.66,219.41,290.07,713.19,-1,-1,-1,-1
48,0,132.76,222.72,301.31,716.34,-1,-1,-1,-1
49,0,142.39,216.97,301.62,728.82,-1,-1,-1,-1
50,0,149.37,220.28,292.90,726.26,-1,-1,-1,-1
51,0,156.62,219.91,281.41,729.63,-1,-1,-1,-1
52,0,161.79,218.32,285.15,735.19,-1,-1,-1,-1
53,0,168.68,215.40,286.56,739.48,-1,-1,-1,-1
54,0,187.08,209.02,277.14,755.40,-1,-1,-1,-1
55,0,208.37,209.84,268.23,758.89,-1,-1,-1,-1
56,0,227.86,210.68,280.87,756.60,-1,-1,-1,-1
57,0,242.70,210.33,314.15,751.25,-1,-1,-1,-1
58,0,256.91,208.44,335.08,750.41,-1,-1,-1,-1
59,0,275.04,201.28,349.87,757.46,-1,-1,-1,-1
60,0,295.54,196.68,343.90,763.79,-1,-1,-1,-1
61,0,307.83,193.52,336.96,773.26,-1,-1,-1,-1
62,0,320.01,192.05,317.20,792.69,-1,-1,-1,-1
63,0,339.00,196.07,285.67,803.81,-1,-1,-1,-1
64,0,352.51,186.99,259.46,819.58,-1,-1,-1,-1
65,0,355.40,183.53,260.05,825.92,-1,-1,-1,-1
66,0,351.75,174.48,270.60,841.90,-1,-1,-1,-1
67,0,340.97,165.55,293.85,866.75,-1,-1,-1,-1
68,0,331.13,156.56,320.15,883.63,-1,-1,-1,-1
69,0,323.76,151.58,344.57,907.98,-1,-1,-1,-1
70,0,324.81,146.99,357.14,921.99,-1,-1,-1,-1
71,0,322.91,159.64,360.04,907.73,-1,-1,-1,-1
72,0,326.53,159.38,346.33,907.33,-1,-1,-1,-1
73,0,324.81,158.94,341.49,902.86,-1,-1,-1,-1
74,0,313.15,161.18,354.93,910.34,-1,-1,-1,-1
75,0,309.86,148.72,353.64,931.29,-1,-1,-1,-1
76,0,299.41,151.31,369.52,927.29,-1,-1,-1,-1
77,0,296.23,152.94,382.40,922.14,-1,-1,-1,-1
78,0,297.95,142.02,391.79,934.31,-1,-1,-1,-1
79,0,311.66,136.90,383.26,941.61,-1,-1,-1,-1
80,0,329.02,132.39,376.99,948.51,-1,-1,-1,-1
81,0,357.53,137.39,362.65,939.73,-1,-1,-1,-1
82,0,394.26,144.38,336.51,919.69,-1,-1,-1,-1
83,0,426.89,133.09,312.44,940.63,-1,-1,-1,-1
84,0,461.84,99.29,295.24,983.74,-1,-1,-1,-1
85,0,508.55,98.20,259.64,981.99,-1,-1,-1,-1
86,0,522.61,90.34,262.59,993.25,-1,-1,-1,-1
87,0,561.08,96.28,312.14,974.43,-1,-1,-1,-1
88,0,583.19,111.97,331.33,951.38,-1,-1,-1,-1
89,0,610.43,115.41,344.30,949.00,-1,-1,-1,-1
90,0,634.56,111.07,376.52,961.25,-1,-1,-1,-1
91,0,670.38,123.41,402.11,948.18,-1,-1,-1,-1
92,0,716.44,142.07,405.08,924.98,-1,-1,-1,-1
93,0,757.66,133.03,413.28,939.12,-1,-1,-1,-1
94,0,787.32,130.48,428.22,945.47,-1,-1,-1,-1
95,0,817.68,124.47,426.59,944.42,-1,-1,-1,-1
96,0,849.80,119.14,430.93,950.38,-1,-1,-1,-1
97,0,884.60,122.50,423.42,942.54,-1,-1,-1,-1
98,0,921.65,127.27,399.95,934.26,-1,-1,-1,-1
99,0,948.19,128.51,404.82,939.23,-1,-1,-1,-1
100,0,971.57,135.32,408.49,933.77,-1,-1,-1,-1
101,0,1000.11,139.87,401.39,925.08,-1,-1,-1,-1
102,0,1015.89,125.31,398.69,941.88,-1,-1,-1,-1
103,0,1034.09,124.31,387.32,945.56,-1,-1,-1,-1
104,0,1058.49,119.31,363.06,957.52,-1,-1,-1,-1
105,0,1071.64,110.99,351.99,970.01,-1,-1,-1,-1
106,0,1101.15,108.30,314.86,973.73,-1,-1,-1,-1
107,0,1110.78,122.75,306.42,950.04,-1,-1,-1,-1
108,0,1121.83,129.96,290.46,926.91,-1,-1,-1,-1
109,0,1139.23,137.02,271.03,928.35,-1,-1,-1,-1
110,0,1148.85,141.94,262.13,920.61,-1,-1,-1,-1
111,0,1156.45,133.49,262.09,934.14,-1,-1,-1,-1
112,0,1171.43,127.67,251.68,939.78,-1,-1,-1,-1
113,0,1162.37,140.03,294.28,922.85,-1,-1,-1,-1
114,0,1155.88,130.58,325.34,934.56,-1,-1,-1,-1
115,0,1160.14,127.89,337.07,936.24,-1,-1,-1,-1
116,0,1162.50,131.37,348.86,924.98,-1,-1,-1,-1
117,0,1172.70,140.08,348.80,914.79,-1,-1,-1,-1
118,0,1190.41,148.20,336.60,901.53,-1,-1,-1,-1
118,2,2.92,246.39,168.57,577.82,-1,-1,-1,-1
119,0,1217.57,157.60,313.05,875.80,-1,-1,-1,-1
119,2,2.27,242.06,190.00,589.35,-1,-1,-1,-1
120,0,1238.26,159.20,298.58,871.96,-1,-1,-1,-1
120,2,3.57,233.97,207.97,599.83,-1,-1,-1,-1
121,0,1253.79,171.03,289.75,851.94,-1,-1,-1,-1
121,2,1.82,234.92,236.94,595.84,-1,-1,-1,-1
122,0,1273.15,171.68,279.09,849.24,-1,-1,-1,-1
122,2,2.04,232.68,263.81,595.81,-1,-1,-1,-1
123,0,1289.43,167.65,273.53,838.42,-1,-1,-1,-1
123,2,1.67,228.90,303.20,597.32,-1,-1,-1,-1
124,0,1301.77,165.05,268.81,823.86,-1,-1,-1,-1
124,2,9.51,236.42,320.16,591.22,-1,-1,-1,-1
125,0,1307.32,166.96,267.19,807.99,-1,-1,-1,-1
125,2,16.30,239.63,339.14,590.96,-1,-1,-1,-1
126,0,1308.70,171.24,269.18,789.40,-1,-1,-1,-1
126,2,23.34,243.88,353.60,590.63,-1,-1,-1,-1
127,0,1309.44,173.54,258.92,783.88,-1,-1,-1,-1
127,2,34.94,238.55,347.19,595.95,-1,-1,-1,-1
128,0,1306.39,178.26,253.90,768.62,-1,-1,-1,-1
128,2,51.21,235.21,323.53,601.02,-1,-1,-1,-1
129,0,1303.35,185.02,245.77,750.57,-1,-1,-1,-1
129,2,66.37,228.53,297.05,611.75,-1,-1,-1,-1
130,0,1298.02,189.98,243.83,736.30,-1,-1,-1,-1
130,2,74.95,214.96,278.40,632.37,-1,-1,-1,-1
131,0,1294.44,183.59,239.97,746.41,-1,-1,-1,-1
131,2,89.08,210.82,255.67,645.61,-1,-1,-1,-1
132,0,1286.42,185.22,244.54,728.88,-1,-1,-1,-1
132,2,103.74,211.09,236.59,657.42,-1,-1,-1,-1
133,0,1278.08,185.81,243.71,715.84,-1,-1,-1,-1
133,2,114.91,210.14,223.71,666.60,-1,-1,-1,-1
134,0,1270.77,186.95,236.53,708.33,-1,-1,-1,-1
134,2,121.22,211.56,218.73,676.98,-1,-1,-1,-1
135,0,1263.73,189.83,235.91,703.77,-1,-1,-1,-1
135,2,120.05,209.19,224.55,684.88,-1,-1,-1,-1
136,0,1258.06,192.03,233.63,704.40,-1,-1,-1,-1
136,2,122.87,208.14,225.89,689.55,-1,-1,-1,-1
137,0,1255.02,201.03,217.10,689.76,-1,-1,-1,-1
137,2,126.53,205.57,228.43,695.40,-1,-1,-1,-1
138,0,1249.55,209.47,218.83,671.06,-1,-1,-1,-1
138,2,129.56,204.50,232.14,697.81,-1,-1,-1,-1
139,0,1242.90,220.44,219.38,650.90,-1,-1,-1,-1
139,2,132.75,197.05,240.28,705.11,-1,-1,-1,-1
140,0,1236.86,225.67,217.32,637.22,-1,-1,-1,-1
140,2,141.06,194.13,235.15,724.66,-1,-1,-1,-1
141,0,1230.72,215.60,203.32,639.31,-1,-1,-1,-1
141,2,136.75,196.93,255.07,712.71,-1,-1,-1,-1
142,0,1219.60,210.56,190.07,635.43,-1,-1,-1,-1
142,2,121.93,196.28,278.59,717.68,-1,-1,-1,-1
143,0,1208.14,213.66,184.59,623.74,-1,-1,-1,-1
143,2,104.29,204.03,308.81,721.25,-1,-1,-1,-1
144,0,1191.51,212.65,189.26,621.10,-1,-1,-1,-1
144,2,81.01,197.76,346.44,735.04,-1,-1,-1,-1
145,0,1175.76,214.90,196.12,615.09,-1,-1,-1,-1
145,2,69.22,194.26,371.17,740.96,-1,-1,-1,-1
146,0,1153.87,214.19,216.67,612.61,-1,-1,-1,-1
146,2,60.18,194.21,411.31,743.44,-1,-1,-1,-1
147,0,1134.37,210.32,232.43,612.29,-1,-1,-1,-1
147,2,67.71,188.59,441.58,755.46,-1,-1,-1,-1
148,0,1123.33,216.45,241.48,598.35,-1,-1,-1,-1
148,2,80.81,185.13,450.46,764.33,-1,-1,-1,-1
149,0,1116.19,215.45,246.03,597.40,-1,-1,-1,-1
149,2,103.72,180.41,439.55,782.79,-1,-1,-1,-1
150,0,1110.08,218.57,237.84,590.04,-1,-1,-1,-1
150,2,130.92,180.43,415.17,793.15,-1,-1,-1,-1
151,0,1104.84,219.58,210.48,583.15,-1,-1,-1,-1
151,2,153.19,174.03,399.13,809.06,-1,-1,-1,-1
152,0,1096.33,219.18,179.77,574.36,-1,-1,-1,-1
152,2,166.13,169.10,399.59,818.10,-1,-1,-1,-1
153,0,1078.45,219.97,173.51,568.10,-1,-1,-1,-1
153,2,180.58,169.36,381.02,823.17,-1,-1,-1,-1
154,0,1070.20,211.16,163.75,586.17,-1,-1,-1,-1
154,2,193.26,169.38,363.16,823.09,-1,-1,-1,-1
155,0,1059.17,215.83,162.51,581.64,-1,-1,-1,-1
155,2,213.98,168.13,321.63,821.51,-1,-1,-1,-1
156,0,1039.71,221.54,180.05,577.33,-1,-1,-1,-1
156,2,226.10,166.43,297.66,824.92,-1,-1,-1,-1
157,0,1029.67,232.40,183.03,566.90,-1,-1,-1,-1
157,2,229.95,160.54,292.13,833.50,-1,-1,-1,-1
158,0,1021.22,222.37,191.49,581.85,-1,-1,-1,-1
158,2,226.84,155.65,307.48,852.96,-1,-1,-1,-1
159,0,1006.58,232.09,210.47,564.70,-1,-1,-1,-1
159,2,232.22,161.83,324.07,843.84,-1,-1,-1,-1
160,0,982.70,233.55,223.79,559.82,-1,-1,-1,-1
160,2,252.95,162.27,306.51,843.47,-1,-1,-1,-1
161,0,961.66,231.90,222.20,558.47,-1,-1,-1,-1
161,2,254.13,159.96,293.29,851.16,-1,-1,-1,-1
162,0,948.31,232.47,221.09,556.15,-1,-1,-1,-1
162,2,251.55,159.38,288.49,855.01,-1,-1,-1,-1
163,0,937.69,232.67,213.91,547.75,-1,-1,-1,-1
163,2,246.89,154.62,293.09,883.59,-1,-1,-1,-1
164,0,921.47,231.74,207.85,547.41,-1,-1,-1,-1
164,2,240.03,156.28,307.09,891.72,-1,-1,-1,-1
165,0,898.44,233.53,210.98,541.33,-1,-1,-1,-1
165,2,235.91,150.87,319.08,909.42,-1,-1,-1,-1
166,0,877.50,233.95,221.16,543.06,-1,-1,-1,-1
166,2,230.52,154.69,328.41,908.66,-1,-1,-1,-1
167,0,859.27,236.31,235.72,541.87,-1,-1,-1,-1
167,2,218.31,140.47,345.99,933.47,-1,-1,-1,-1
168,0,853.81,236.34,240.83,546.11,-1,-1,-1,-1
168,2,213.09,137.20,365.32,937.44,-1,-1,-1,-1
169,0,855.51,230.30,235.10,557.23,-1,-1,-1,-1
169,2,213.57,136.76,388.38,941.78,-1,-1,-1,-1
170,0,852.03,241.15,232.05,543.44,-1,-1,-1,-1
170,2,216.28,133.22,412.65,946.51,-1,-1,-1,-1
171,0,853.24,244.11,203.80,541.50,-1,-1,-1,-1
171,2,227.84,145.56,429.12,924.44,-1,-1,-1,-1
172,0,848.78,253.77,181.96,524.59,-1,-1,-1,-1
172,2,240.69,149.64,434.96,919.80,-1,-1,-1,-1
173,0,834.29,251.55,175.43,523.03,-1,-1,-1,-1
173,2,257.33,145.28,439.97,924.50,-1,-1,-1,-1
174,0,814.80,241.67,182.15,534.74,-1,-1,-1,-1
174,2,270.16,138.26,447.74,930.47,-1,-1,-1,-1
175,0,797.23,239.16,180.89,542.27,-1,-1,-1,-1
175,2,279.29,116.50,454.03,953.60,-1,-1,-1,-1
176,0,752.86,243.05,220.51,540.35,-1,-1,-1,-1
176,2,286.75,104.30,465.17,973.19,-1,-1,-1,-1
177,0,731.94,238.12,229.03,550.62,-1,-1,-1,-1
177,2,295.02,86.90,475.08,996.04,-1,-1,-1,-1
178,0,723.55,235.00,221.34,557.55,-1,-1,-1,-1
178,2,303.07,86.50,472.66,990.42,-1,-1,-1,-1
179,0,710.48,228.16,216.35,577.11,-1,-1,-1,-1
179,2,312.78,71.02,492.87,1009.96,-1,-1,-1,-1
180,0,709.54,232.72,187.73,570.19,-1,-1,-1,-1
180,2,327.62,63.84,492.58,1016.77,-1,-1,-1,-1
181,0,693.77,231.48,189.02,574.14,-1,-1,-1,-1
181,2,340.88,41.58,489.25,1042.11,-1,-1,-1,-1
182,0,677.99,230.25,190.31,578.09,-1,-1,-1,-1
182,2,351.04,47.35,498.20,1033.28,-1,-1,-1,-1
183,0,662.22,229.01,191.61,582.04,-1,-1,-1,-1
183,2,365.68,50.10,507.67,1022.26,-1,-1,-1,-1
184,0,646.45,227.77,192.90,585.98,-1,-1,-1,-1
184,2,388.52,33.76,489.94,1040.19,-1,-1,-1,-1
185,2,412.59,22.01,486.22,1055.97,-1,-1,-1,-1
186,2,450.19,12.92,486.69,1062.70,-1,-1,-1,-1
187,2,490.06,1.52,478.79,1077.26,-1,-1,-1,-1
188,0,542.01,360.53,190.79,443.58,-1,-1,-1,-1
188,2,523.30,-1.18,472.51,1078.88,-1,-1,-1,-1
189,0,526.93,376.75,182.23,423.65,-1,-1,-1,-1
189,2,559.73,-3.85,468.95,1082.02,-1,-1,-1,-1
190,0,525.79,253.93,240.76,582.20,-1,-1,-1,-1
190,2,599.53,4.40,464.11,1064.57,-1,-1,-1,-1
191,0,516.07,249.11,230.62,588.92,-1,-1,-1,-1
191,2,644.56,14.64,462.72,1051.65,-1,-1,-1,-1
192,0,512.93,241.36,197.93,595.70,-1,-1,-1,-1
192,2,675.10,9.16,476.38,1061.48,-1,-1,-1,-1
193,0,501.91,232.31,185.84,611.41,-1,-1,-1,-1
193,2,704.04,2.12,483.06,1073.85,-1,-1,-1,-1
194,0,475.02,225.45,205.14,624.45,-1,-1,-1,-1
194,2,740.88,3.70,482.53,1068.84,-1,-1,-1,-1
195,0,440.61,235.11,241.32,618.06,-1,-1,-1,-1
195,2,763.94,6.98,494.54,1061.69,-1,-1,-1,-1
196,0,410.15,233.83,256.35,626.35,-1,-1,-1,-1
196,2,799.57,9.51,497.10,1044.39,-1,-1,-1,-1
197,0,396.32,231.87,247.91,633.80,-1,-1,-1,-1
197,2,827.87,18.62,506.24,1035.52,-1,-1,-1,-1
198,0,377.02,239.71,247.58,628.86,-1,-1,-1,-1
198,2,861.87,21.97,501.97,1026.72,-1,-1,-1,-1
199,0,371.50,232.66,234.45,644.08,-1,-1,-1,-1
199,2,895.88,25.33,497.69,1017.92,-1,-1,-1,-1
200,0,368.89,227.94,211.57,655.02,-1,-1,-1,-1
200,2,929.88,28.68,493.42,1009.12,-1,-1,-1,-1
201,0,357.61,228.27,207.92,649.37,-1,-1,-1,-1
201,2,965.58,0.78,487.86,1070.95,-1,-1,-1,-1
202,0,343.12,229.57,211.78,652.60,-1,-1,-1,-1
202,2,1007.55,5.50,475.56,1047.18,-1,-1,-1,-1
203,0,313.82,229.34,236.29,663.95,-1,-1,-1,-1
203,2,1041.46,8.65,464.41,1040.49,-1,-1,-1,-1
204,0,285.67,226.96,262.04,680.75,-1,-1,-1,-1
204,2,1087.79,7.63,433.38,1044.34,-1,-1,-1,-1
205,0,273.80,226.72,259.01,696.89,-1,-1,-1,-1
205,2,1119.61,0.44,412.69,1066.36,-1,-1,-1,-1
206,0,265.75,220.63,256.40,724.22,-1,-1,-1,-1
206,2,1145.65,-2.28,395.30,1075.77,-1,-1,-1,-1
207,0,247.50,217.94,270.43,735.73,-1,-1,-1,-1
207,2,1156.63,-1.35,408.63,1078.39,-1,-1,-1,-1
208,0,229.00,214.10,283.61,747.72,-1,-1,-1,-1
208,2,1165.06,9.03,423.22,1066.14,-1,-1,-1,-1
209,0,212.29,211.92,304.92,752.27,-1,-1,-1,-1
209,2,1167.15,11.56,435.01,1060.97,-1,-1,-1,-1
210,0,200.82,209.95,325.89,754.40,-1,-1,-1,-1
210,2,1159.07,18.66,456.72,1052.32,-1,-1,-1,-1
211,0,196.75,207.22,331.55,757.16,-1,-1,-1,-1
211,2,1167.55,19.42,458.03,1054.89,-1,-1,-1,-1
212,0,187.24,205.67,337.93,768.08,-1,-1,-1,-1
212,2,1166.53,21.30,475.60,1055.96,-1,-1,-1,-1
213,0,181.56,202.74,335.81,782.72,-1,-1,-1,-1
213,2,1175.19,39.21,477.52,1027.82,-1,-1,-1,-1
214,0,184.17,201.06,320.82,795.81,-1,-1,-1,-1
214,2,1187.46,52.48,465.78,1005.38,-1,-1,-1,-1
215,0,190.12,201.70,299.66,803.48,-1,-1,-1,-1
215,2,1188.19,54.55,468.03,1004.41,-1,-1,-1,-1
216,0,201.29,204.70,277.47,799.51,-1,-1,-1,-1
216,2,1199.88,60.44,445.82,997.09,-1,-1,-1,-1
217,0,206.25,207.60,269.82,797.06,-1,-1,-1,-1
217,2,1206.89,64.00,437.33,1003.07,-1,-1,-1,-1
218,0,212.53,209.54,263.63,793.76,-1,-1,-1,-1
218,2,1208.41,70.52,444.03,993.14,-1,-1,-1,-1
219,0,224.00,209.04,253.10,798.50,-1,-1,-1,-1
219,2,1212.83,66.98,443.42,1005.75,-1,-1,-1,-1
220,0,229.39,210.69,263.27,807.00,-1,-1,-1,-1
220,2,1219.02,58.70,448.38,1021.22,-1,-1,-1,-1
220,3,6.73,266.82,204.67,562.80,-1,-1,-1,-1
221,0,240.43,209.04,260.23,813.97,-1,-1,-1,-1
221,2,1220.41,50.91,464.62,1031.47,-1,-1,-1,-1
221,3,4.63,265.13,199.74,558.53,-1,-1,-1,-1
222,0,244.42,200.83,267.17,838.13,-1,-1,-1,-1
222,2,1226.78,66.69,485.59,1013.77,-1,-1,-1,-1
222,3,6.14,253.41,210.06,585.66,-1,-1,-1,-1
223,0,252.35,200.43,283.41,847.52,-1,-1,-1,-1
223,2,1240.17,81.77,456.33,991.22,-1,-1,-1,-1
223,3,7.70,250.01,216.60,589.57,-1,-1,-1,-1
224,0,262.20,202.72,295.61,848.41,-1,-1,-1,-1
224,2,1255.09,103.39,430.99,953.39,-1,-1,-1,-1
224,3,9.14,251.16,223.75,590.55,-1,-1,-1,-1
225,0,271.49,191.78,307.23,868.27,-1,-1,-1,-1
225,2,1273.10,112.07,426.58,930.09,-1,-1,-1,-1
225,3,8.40,245.83,234.01,607.35,-1,-1,-1,-1
226,0,279.87,183.67,311.72,881.84,-1,-1,-1,-1
226,2,1288.30,118.32,446.99,919.17,-1,-1,-1,-1
226,3,5.81,246.51,245.15,617.49,-1,-1,-1,-1
227,0,282.02,180.80,321.04,887.28,-1,-1,-1,-1
227,2,1307.07,112.25,425.18,931.01,-1,-1,-1,-1
227,3,8.40,245.12,248.07,626.00,-1,-1,-1,-1
228,0,289.49,173.24,317.31,901.33,-1,-1,-1,-1
228,2,1323.99,109.28,394.85,932.53,-1,-1,-1,-1
228,3,14.76,243.35,243.95,632.72,-1,-1,-1,-1
229,0,293.14,173.98,313.25,899.06,-1,-1,-1,-1
229,2,1331.28,104.74,371.66,941.00,-1,-1,-1,-1
229,3,18.27,242.89,241.35,631.07,-1,-1,-1,-1
230,0,301.92,182.52,299.68,887.47,-1,-1,-1,-1
230,2,1338.46,104.67,340.52,927.94,-1,-1,-1,-1
230,3,21.50,239.21,240.49,644.29,-1,-1,-1,-1
231,0,310.53,171.71,290.08,901.15,-1,-1,-1,-1
231,2,1342.03,104.75,312.49,916.72,-1,-1,-1,-1
231,3,26.53,241.64,239.78,633.76,-1,-1,-1,-1
232,0,316.75,169.61,291.02,904.81,-1,-1,-1,-1
232,2,1340.80,104.50,284.98,924.71,-1,-1,-1,-1
232,3,31.62,242.83,243.58,629.90,-1,-1,-1,-1
233,0,320.86,168.09,299.88,904.03,-1,-1,-1,-1
233,2,1324.84,121.95,282.18,897.98,-1,-1,-1,-1
233,3,35.42,239.53,249.64,637.33,-1,-1,-1,-1
234,0,327.37,164.27,312.45,913.28,-1,-1,-1,-1
234,2,1314.74,134.10,271.38,881.50,-1,-1,-1,-1
234,3,41.74,233.48,253.73,644.07,-1,-1,-1,-1
235,0,335.81,167.09,320.69,903.63,-1,-1,-1,-1
235,2,1299.04,147.54,255.78,851.24,-1,-1,-1,-1
235,3,48.06,228.09,255.40,653.86,-1,-1,-1,-1
236,0,341.38,167.06,329.53,906.39,-1,-1,-1,-1
236,2,1280.38,154.15,248.94,825.16,-1,-1,-1,-1
236,3,52.07,227.80,268.63,660.03,-1,-1,-1,-1
237,0,353.35,165.76,341.16,908.65,-1,-1,-1,-1
237,2,1261.69,155.49,237.73,806.28,-1,-1,-1,-1
237,3,58.18,221.86,271.35,676.40,-1,-1,-1,-1
238,0,363.82,164.30,372.59,911.89,-1,-1,-1,-1
238,2,1237.02,160.43,243.50,783.44,-1,-1,-1,-1
238,3,64.28,225.31,275.36,679.03,-1,-1,-1,-1
239,0,378.63,151.34,403.01,929.45,-1,-1,-1,-1
239,2,1216.08,160.72,250.20,773.71,-1,-1,-1,-1
239,3,71.76,226.88,273.79,686.91,-1,-1,-1,-1
240,0,402.02,150.59,417.04,926.13,-1,-1,-1,-1
240,2,1197.57,167.43,251.00,759.04,-1,-1,-1,-1
240,3,79.26,227.77,273.94,693.83,-1,-1,-1,-1
241,0,418.80,152.39,435.59,925.88,-1,-1,-1,-1
241,2,1184.35,167.13,253.31,762.28,-1,-1,-1,-1
241,3,89.85,227.47,266.37,697.48,-1,-1,-1,-1
242,0,425.52,129.99,446.25,949.33,-1,-1,-1,-1
242,2,1172.79,169.10,260.55,755.54,-1,-1,-1,-1
242,3,95.46,225.10,265.49,703.72,-1,-1,-1,-1
243,0,425.16,144.62,455.52,925.89,-1,-1,-1,-1
243,2,1162.69,168.99,266.11,758.97,-1,-1,-1,-1
243,3,103.60,219.39,263.65,713.86,-1,-1,-1,-1
244,0,435.07,149.92,457.58,913.16,-1,-1,-1,-1
244,2,1156.89,175.06,254.46,746.25,-1,-1,-1,-1
244,3,112.72,217.37,260.56,714.92,-1,-1,-1,-1
245,0,469.42,149.91,440.97,911.57,-1,-1,-1,-1
245,2,1150.37,171.37,246.46,740.31,-1,-1,-1,-1
245,3,120.71,212.99,262.33,725.07,-1,-1,-1,-1
246,0,520.13,135.92,418.22,929.68,-1,-1,-1,-1
246,2,1147.51,176.95,237.99,719.34,-1,-1,-1,-1
246,3,127.85,207.92,264.94,741.84,-1,-1,-1,-1
247,0,580.73,132.07,381.13,936.27,-1,-1,-1,-1
247,2,1145.24,184.31,231.81,690.87,-1,-1,-1,-1
247,3,142.32,205.95,257.51,755.33,-1,-1,-1,-1
248,0,628.83,131.33,360.06,942.49,-1,-1,-1,-1
248,2,1143.81,187.08,229.54,675.59,-1,-1,-1,-1
248,3,155.99,203.70,259.07,755.79,-1,-1,-1,-1
249,0,659.57,134.56,354.25,942.40,-1,-1,-1,-1
249,2,1141.30,189.99,229.92,669.98,-1,-1,-1,-1
249,3,172.73,193.75,261.42,776.98,-1,-1,-1,-1
250,0,692.22,130.40,348.40,944.70,-1,-1,-1,-1
250,2,1139.51,191.26,226.80,663.12,-1,-1,-1,-1
250,3,189.30,202.02,254.40,763.74,-1,-1,-1,-1
251,0,728.53,138.88,341.92,926.86,-1,-1,-1,-1
251,2,1137.67,187.32,224.13,668.14,-1,-1,-1,-1
251,3,208.85,201.53,239.65,778.39,-1,-1,-1,-1
252,0,765.00,139.40,334.50,921.03,-1,-1,-1,-1
252,2,1140.53,190.36,218.03,662.94,-1,-1,-1,-1
252,3,213.90,198.81,241.87,774.07,-1,-1,-1,-1
253,0,792.39,127.98,329.36,942.62,-1,-1,-1,-1
253,2,1142.00,190.99,212.25,661.67,-1,-1,-1,-1
253,3,215.07,194.63,249.10,781.16,-1,-1,-1,-1
254,0,823.38,122.98,330.43,951.79,-1,-1,-1,-1
254,2,1146.39,184.36,200.45,659.72,-1,-1,-1,-1
254,3,214.45,194.99,261.70,789.86,-1,-1,-1,-1
255,0,853.40,137.05,341.15,938.78,-1,-1,-1,-1
255,2,1149.44,182.36,193.74,646.88,-1,-1,-1,-1
255,3,216.15,185.18,275.46,815.54,-1,-1,-1,-1
256,0,877.54,123.93,341.76,953.26,-1,-1,-1,-1
256,2,1154.76,187.87,176.40,619.43,-1,-1,-1,-1
256,3,219.80,180.30,281.81,830.08,-1,-1,-1,-1
257,0,899.89,127.36,351.01,941.88,-1,-1,-1,-1
257,2,1161.69,187.30,156.66,621.41,-1,-1,-1,-1
257,3,216.13,182.62,290.44,821.92,-1,-1,-1,-1
258,0,912.90,133.24,359.26,933.07,-1,-1,-1,-1
258,2,1157.65,186.79,158.53,644.40,-1,-1,-1,-1
258,3,215.65,181.74,291.14,832.60,-1,-1,-1,-1
259,0,929.56,130.97,372.59,942.66,-1,-1,-1,-1
259,2,1157.36,192.05,150.37,598.58,-1,-1,-1,-1
259,3,210.12,177.72,297.87,855.50,-1,-1,-1,-1
260,0,954.17,117.51,387.33,962.08,-1,-1,-1,-1
260,2,1155.74,196.44,146.27,582.32,-1,-1,-1,-1
260,3,199.02,178.91,310.31,863.50,-1,-1,-1,-1
261,0,973.95,116.03,413.81,960.42,-1,-1,-1,-1
261,2,1154.11,200.83,142.18,566.06,-1,-1,-1,-1
261,3,185.13,179.72,325.96,874.31,-1,-1,-1,-1
262,0,1006.95,118.02,395.83,953.90,-1,-1,-1,-1
262,2,1152.49,205.22,138.08,549.80,-1,-1,-1,-1
262,3,184.82,178.73,329.02,886.78,-1,-1,-1,-1
263,0,1044.82,129.83,379.07,941.55,-1,-1,-1,-1
263,2,1150.87,209.61,133.98,533.54,-1,-1,-1,-1
263,3,184.80,181.96,332.79,881.08,-1,-1,-1,-1
264,0,1082.17,125.75,372.72,948.60,-1,-1,-1,-1
264,3,189.26,175.85,330.78,882.88,-1,-1,-1,-1
265,0,1094.61,128.87,398.06,941.66,-1,-1,-1,-1
265,2,1064.76,209.35,148.95,516.58,-1,-1,-1,-1
265,3,189.13,166.83,340.36,890.89,-1,-1,-1,-1
266,0,1139.33,131.93,376.90,942.11,-1,-1,-1,-1
266,2,1037.59,201.37,173.92,564.05,-1,-1,-1,-1
266,3,191.57,147.86,349.13,921.68,-1,-1,-1,-1
267,0,1195.25,130.32,337.20,942.54,-1,-1,-1,-1
267,2,1017.28,200.54,201.88,582.07,-1,-1,-1,-1
267,3,194.72,135.32,362.08,938.71,-1,-1,-1,-1
268,0,1240.60,126.16,305.61,947.70,-1,-1,-1,-1
268,2,988.41,200.21,234.92,592.45,-1,-1,-1,-1
268,3,201.45,134.92,389.80,937.90,-1,-1,-1,-1
269,0,1281.72,132.35,273.78,932.44,-1,-1,-1,-1
269,2,972.69,195.61,245.96,617.53,-1,-1,-1,-1
269,3,223.91,141.68,393.81,932.14,-1,-1,-1,-1
270,0,1310.96,124.42,252.67,949.49,-1,-1,-1,-1
270,2,951.60,202.78,254.75,613.23,-1,-1,-1,-1
270,3,251.90,135.55,383.62,933.92,-1,-1,-1,-1
271,0,1336.00,131.67,233.87,929.62,-1,-1,-1,-1
271,2,935.55,212.02,241.64,594.53,-1,-1,-1,-1
271,3,284.05,136.97,358.15,933.34,-1,-1,-1,-1
272,0,1343.90,128.56,240.18,933.68,-1,-1,-1,-1
272,2,917.66,217.60,235.38,581.75,-1,-1,-1,-1
272,3,308.22,136.07,347.59,935.40,-1,-1,-1,-1
273,0,1348.65,137.95,236.46,914.63,-1,-1,-1,-1
273,2,896.00,216.60,229.53,584.80,-1,-1,-1,-1
273,3,341.42,142.15,328.25,926.78,-1,-1,-1,-1
274,0,1347.36,130.22,245.29,914.70,-1,-1,-1,-1
274,2,876.47,208.32,225.96,598.65,-1,-1,-1,-1
274,3,365.83,130.38,320.94,943.01,-1,-1,-1,-1
275,0,1347.55,128.15,244.88,904.49,-1,-1,-1,-1
275,2,856.88,211.14,229.50,594.25,-1,-1,-1,-1
275,3,383.73,126.40,316.25,940.94,-1,-1,-1,-1
276,0,1346.46,132.91,246.11,882.33,-1,-1,-1,-1
276,2,838.47,203.02,238.05,605.94,-1,-1,-1,-1
276,3,408.39,115.94,303.46,949.90,-1,-1,-1,-1
277,0,1349.17,146.33,245.07,854.84,-1,-1,-1,-1
277,2,824.55,204.65,240.80,601.71,-1,-1,-1,-1
277,3,425.64,106.25,295.83,961.04,-1,-1,-1,-1
278,0,1350.44,150.85,243.16,852.52,-1,-1,-1,-1
278,2,818.10,215.21,233.36,586.03,-1,-1,-1,-1
278,3,446.61,99.87,287.65,965.83,-1,-1,-1,-1
279,0,1348.46,149.78,240.54,854.58,-1,-1,-1,-1
279,2,807.31,214.69,228.90,593.43,-1,-1,-1,-1
279,3,458.81,88.44,284.94,986.56,-1,-1,-1,-1
280,0,1344.44,169.18,237.38,816.66,-1,-1,-1,-1
280,2,806.10,208.66,198.34,603.62,-1,-1,-1,-1
280,3,466.93,84.81,295.48,988.09,-1,-1,-1,-1
281,0,1336.95,177.55,237.66,788.89,-1,-1,-1,-1
281,2,794.98,215.44,175.10,594.42,-1,-1,-1,-1
281,3,496.35,85.58,287.89,981.23,-1,-1,-1,-1
282,0,1329.21,178.73,244.16,781.03,-1,-1,-1,-1
282,2,784.24,209.22,155.74,598.94,-1,-1,-1,-1
282,3,516.75,73.97,306.62,998.76,-1,-1,-1,-1
283,0,1324.48,183.18,248.51,758.59,-1,-1,-1,-1
283,2,767.31,208.90,156.01,600.01,-1,-1,-1,-1
283,3,526.58,83.10,348.20,986.08,-1,-1,-1,-1
284,0,1321.96,184.00,244.23,738.48,-1,-1,-1,-1
284,2,750.37,208.59,156.27,601.08,-1,-1,-1,-1
284,3,539.15,94.32,362.35,970.07,-1,-1,-1,-1
285,0,1320.70,191.05,224.32,718.26,-1,-1,-1,-1
285,2,733.43,208.27,156.53,602.15,-1,-1,-1,-1
285,3,550.64,89.62,385.67,974.01,-1,-1,-1,-1
286,0,1319.61,194.17,213.40,699.64,-1,-1,-1,-1
286,2,716.50,207.96,156.80,603.22,-1,-1,-1,-1
286,3,565.71,77.70,397.87,991.01,-1,-1,-1,-1
287,0,1318.95,190.65,213.62,703.10,-1,-1,-1,-1
287,3,584.99,68.58,402.79,1004.66,-1,-1,-1,-1
288,0,1313.61,192.07,218.90,701.92,-1,-1,-1,-1
288,3,603.57,64.61,408.01,1005.13,-1,-1,-1,-1
289,0,1305.28,195.55,208.85,688.39,-1,-1,-1,-1
289,3,617.14,62.44,424.13,1001.51,-1,-1,-1,-1
290,0,1294.89,191.36,200.92,688.92,-1,-1,-1,-1
290,2,592.47,246.59,183.05,567.12,-1,-1,-1,-1
290,3,637.57,54.57,423.24,1014.10,-1,-1,-1,-1
291,0,1286.71,189.28,202.45,689.38,-1,-1,-1,-1
291,2,565.22,227.40,211.21,599.56,-1,-1,-1,-1
291,3,654.70,61.39,423.86,992.14,-1,-1,-1,-1
292,0,1282.31,178.94,210.80,693.51,-1,-1,-1,-1
292,2,534.11,211.26,249.73,631.70,-1,-1,-1,-1
292,3,708.29,65.21,388.56,993.69,-1,-1,-1,-1
293,0,1275.32,194.42,219.27,658.51,-1,-1,-1,-1
293,2,515.04,204.71,268.12,648.75,-1,-1,-1,-1
293,3,747.61,69.06,368.85,990.88,-1,-1,-1,-1
294,0,1271.67,209.30,218.70,630.79,-1,-1,-1,-1
294,2,499.29,208.78,283.50,653.42,-1,-1,-1,-1
294,3,801.79,61.21,332.21,982.94,-1,-1,-1,-1
295,0,1262.25,216.05,227.33,620.21,-1,-1,-1,-1
295,2,481.63,211.57,295.00,656.93,-1,-1,-1,-1
295,3,852.07,30.24,304.99,1031.79,-1,-1,-1,-1
296,0,1257.02,215.68,226.72,616.50,-1,-1,-1,-1
296,2,472.50,207.30,294.32,670.19,-1,-1,-1,-1
296,3,889.84,25.02,295.40,1039.28,-1,-1,-1,-1
297,0,1251.06,220.38,213.17,605.18,-1,-1,-1,-1
297,2,455.82,197.90,294.76,677.27,-1,-1,-1,-1
297,3,909.43,26.73,335.13,1046.09,-1,-1,-1,-1
298,0,1235.64,222.04,214.80,599.55,-1,-1,-1,-1
298,2,434.95,193.89,298.46,685.26,-1,-1,-1,-1
298,3,937.34,28.30,376.04,1048.68,-1,-1,-1,-1
299,0,1223.52,224.49,213.46,559.83,-1,-1,-1,-1
299,2,418.37,194.30,291.31,690.12,-1,-1,-1,-1
299,3,967.40,50.80,397.27,1015.30,-1,-1,-1,-1
300,0,1221.53,230.49,205.03,529.53,-1,-1,-1,-1
300,2,406.98,194.68,288.11,691.54,-1,-1,-1,-1
300,3,991.19,40.35,398.83,1030.10,-1,-1,-1,-1
301,0,1227.60,207.29,192.23,582.81,-1,-1,-1,-1
301,2,385.09,192.39,297.01,699.13,-1,-1,-1,-1
301,3,1018.68,61.55,401.89,998.12,-1,-1,-1,-1
302,0,1219.48,199.16,195.16,591.74,-1,-1,-1,-1
302,2,368.87,189.95,302.05,706.36,-1,-1,-1,-1
302,3,1046.57,80.01,403.03,981.84,-1,-1,-1,-1
303,0,1211.36,191.03,198.10,600.66,-1,-1,-1,-1
303,2,348.43,185.21,308.38,731.62,-1,-1,-1,-1
303,3,1072.92,69.63,405.72,999.64,-1,-1,-1,-1
304,0,1203.23,182.91,201.03,609.58,-1,-1,-1,-1
304,2,323.36,187.68,326.86,744.24,-1,-1,-1,-1
304,3,1111.49,68.09,390.50,999.73,-1,-1,-1,-1
305,0,1195.11,174.78,203.96,618.50,-1,-1,-1,-1
305,2,289.46,183.21,357.52,770.39,-1,-1,-1,-1
305,3,1136.74,67.97,390.72,1000.55,-1,-1,-1,-1
306,2,265.59,180.31,376.55,782.68,-1,-1,-1,-1
306,3,1153.41,68.82,400.58,1006.56,-1,-1,-1,-1
307,0,1144.85,207.38,132.78,591.37,-1,-1,-1,-1
307,2,255.79,181.37,381.75,784.64,-1,-1,-1,-1
307,3,1158.54,64.70,416.98,1015.06,-1,-1,-1,-1
308,0,1111.86,221.30,164.61,575.29,-1,-1,-1,-1
308,2,263.17,177.83,366.22,789.41,-1,-1,-1,-1
308,3,1183.34,47.08,414.35,1036.34,-1,-1,-1,-1
309,0,1078.76,225.81,201.94,578.57,-1,-1,-1,-1
309,2,287.11,176.56,337.97,790.79,-1,-1,-1,-1
309,3,1225.55,53.48,394.86,1027.27,-1,-1,-1,-1
310,0,1061.85,224.19,222.52,585.62,-1,-1,-1,-1
310,2,310.10,174.56,314.11,788.58,-1,-1,-1,-1
310,3,1256.77,46.07,395.69,1030.54,-1,-1,-1,-1
311,0,1055.13,223.81,218.49,589.00,-1,-1,-1,-1
311,2,326.89,169.09,299.33,806.97,-1,-1,-1,-1
311,3,1292.30,77.34,398.46,989.13,-1,-1,-1,-1
312,0,1055.35,225.32,192.19,584.80,-1,-1,-1,-1
312,2,334.60,168.88,299.81,817.61,-1,-1,-1,-1
312,3,1324.69,86.48,396.80,985.09,-1,-1,-1,-1
313,0,1042.54,226.21,192.11,584.58,-1,-1,-1,-1
313,2,340.01,168.37,301.52,825.02,-1,-1,-1,-1
313,3,1357.39,95.88,380.37,968.79,-1,-1,-1,-1
314,0,1041.32,231.95,158.22,576.90,-1,-1,-1,-1
314,2,341.49,163.21,298.78,865.19,-1,-1,-1,-1
314,3,1384.90,94.97,373.64,978.05,-1,-1,-1,-1
315,0,1022.69,229.29,156.20,578.25,-1,-1,-1,-1
315,2,339.43,160.56,309.21,880.79,-1,-1,-1,-1
315,3,1399.96,101.13,384.06,969.97,-1,-1,-1,-1
316,0,982.45,227.11,190.27,583.94,-1,-1,-1,-1
316,2,338.79,157.58,315.13,879.42,-1,-1,-1,-1
316,3,1416.43,99.06,403.29,971.54,-1,-1,-1,-1
317,0,937.82,225.65,230.73,594.19,-1,-1,-1,-1
317,2,341.04,154.62,313.26,880.66,-1,-1,-1,-1
317,3,1441.65,96.60,408.67,980.33,-1,-1,-1,-1
318,0,913.78,226.98,249.05,601.66,-1,-1,-1,-1
318,2,346.28,142.42,310.01,907.87,-1,-1,-1,-1
318,3,1456.53,89.66,415.54,989.68,-1,-1,-1,-1
319,0,906.22,230.99,245.33,603.45,-1,-1,-1,-1
319,2,354.18,135.22,310.98,925.06,-1,-1,-1,-1
319,3,1468.31,92.09,421.68,984.56,-1,-1,-1,-1
320,0,895.96,231.26,243.02,605.00,-1,-1,-1,-1
320,2,366.90,126.78,307.98,949.38,-1,-1,-1,-1
320,3,1482.21,101.50,412.28,972.27,-1,-1,-1,-1
321,0,878.92,235.18,244.61,571.60,-1,-1,-1,-1
321,2,380.96,134.53,296.51,935.77,-1,-1,-1,-1
321,3,1500.83,107.56,393.60,964.76,-1,-1,-1,-1
322,0,869.23,238.07,230.91,547.87,-1,-1,-1,-1
322,2,398.26,133.60,291.01,935.87,-1,-1,-1,-1
322,3,1511.48,108.63,381.85,962.20,-1,-1,-1,-1
323,0,860.77,232.00,224.92,568.77,-1,-1,-1,-1
323,2,413.65,128.30,286.87,946.69,-1,-1,-1,-1
323,3,1518.29,123.76,369.15,943.57,-1,-1,-1,-1
324,0,849.53,219.47,217.80,605.78,-1,-1,-1,-1
324,2,430.06,120.24,285.99,959.94,-1,-1,-1,-1
324,3,1520.94,121.32,354.60,946.26,-1,-1,-1,-1
325,0,831.90,219.78,220.78,619.57,-1,-1,-1,-1
325,2,443.47,119.47,291.92,962.74,-1,-1,-1,-1
325,3,1521.26,118.78,343.13,948.83,-1,-1,-1,-1
326,0,797.50,225.40,231.51,620.66,-1,-1,-1,-1
326,2,460.29,122.47,296.75,945.30,-1,-1,-1,-1
326,3,1518.07,125.93,337.82,929.58,-1,-1,-1,-1
327,0,776.80,230.07,231.89,626.38,-1,-1,-1,-1
327,2,489.14,123.45,300.48,938.56,-1,-1,-1,-1
327,3,1516.22,116.30,332.98,935.91,-1,-1,-1,-1
328,0,762.00,216.11,228.11,644.87,-1,-1,-1,-1
328,2,515.23,104.99,296.63,963.99,-1,-1,-1,-1
328,3,1512.49,119.58,329.73,921.71,-1,-1,-1,-1
329,0,760.15,219.87,207.51,642.81,-1,-1,-1,-1
329,2,535.69,87.24,298.64,991.26,-1,-1,-1,-1
329,3,1512.06,124.38,317.96,906.42,-1,-1,-1,-1
330,0,754.40,234.19,218.25,623.36,-1,-1,-1,-1
330,2,556.10,80.41,301.23,1001.42,-1,-1,-1,-1
330,3,1510.89,122.44,314.68,917.19,-1,-1,-1,-1
331,0,740.79,238.70,216.69,618.94,-1,-1,-1,-1
331,2,575.68,79.10,321.74,1002.44,-1,-1,-1,-1
331,3,1506.67,133.86,307.80,892.42,-1,-1,-1,-1
332,0,727.19,243.21,215.14,614.52,-1,-1,-1,-1
332,2,605.25,87.76,305.14,983.26,-1,-1,-1,-1
332,3,1501.36,142.53,302.63,879.87,-1,-1,-1,-1
333,0,713.58,247.71,213.59,610.10,-1,-1,-1,-1
333,2,639.83,105.68,310.91,964.64,-1,-1,-1,-1
333,3,1495.91,153.43,290.86,859.54,-1,-1,-1,-1
334,0,699.97,252.22,212.04,605.68,-1,-1,-1,-1
334,2,661.91,88.56,373.30,975.11,-1,-1,-1,-1
334,3,1486.07,168.12,282.11,833.63,-1,-1,-1,-1
335,0,650.31,256.16,152.78,670.28,-1,-1,-1,-1
335,2,668.46,122.28,436.66,926.49,-1,-1,-1,-1
335,3,1475.70,174.86,271.38,816.24,-1,-1,-1,-1
336,0,613.94,240.34,185.83,711.28,-1,-1,-1,-1
336,2,685.90,166.63,482.96,876.43,-1,-1,-1,-1
336,3,1464.37,177.39,271.17,806.63,-1,-1,-1,-1
337,0,584.25,234.84,225.17,716.79,-1,-1,-1,-1
337,2,717.12,114.55,501.99,941.36,-1,-1,-1,-1
337,3,1456.24,183.09,266.13,769.17,-1,-1,-1,-1
338,0,569.09,236.69,238.46,720.66,-1,-1,-1,-1
338,2,758.08,145.40,503.70,919.33,-1,-1,-1,-1
338,3,1449.40,186.08,263.66,740.48,-1,-1,-1,-1
339,0,567.46,224.76,230.72,737.95,-1,-1,-1,-1
339,2,796.33,166.20,511.46,895.73,-1,-1,-1,-1
339,3,1439.07,183.64,260.81,723.82,-1,-1,-1,-1
340,0,576.13,207.10,203.62,776.75,-1,-1,-1,-1
340,2,822.60,146.14,531.09,917.05,-1,-1,-1,-1
340,3,1428.82,184.16,256.58,707.47,-1,-1,-1,-1
341,0,573.69,193.05,196.11,792.79,-1,-1,-1,-1
341,2,864.89,116.07,515.10,948.78,-1,-1,-1,-1
341,3,1409.50,185.53,259.14,698.07,-1,-1,-1,-1
342,0,555.55,198.27,211.69,770.58,-1,-1,-1,-1
342,2,900.17,88.97,497.70,990.22,-1,-1,-1,-1
342,3,1388.17,185.61,266.80,690.51,-1,-1,-1,-1
343,0,533.05,186.41,224.17,791.87,-1,-1,-1,-1
343,2,934.89,77.67,469.36,1006.61,-1,-1,-1,-1
343,3,1355.87,190.10,282.73,681.77,-1,-1,-1,-1
344,0,516.28,194.83,238.15,783.22,-1,-1,-1,-1
344,2,968.12,69.66,442.76,1014.06,-1,-1,-1,-1
344,3,1337.05,194.52,282.82,678.54,-1,-1,-1,-1
345,0,504.45,190.23,245.01,797.93,-1,-1,-1,-1
345,2,991.84,67.80,425.46,1015.03,-1,-1,-1,-1
345,3,1323.15,193.65,285.67,678.07,-1,-1,-1,-1
346,0,496.27,191.08,244.51,814.56,-1,-1,-1,-1
346,2,1010.76,85.43,416.10,986.10,-1,-1,-1,-1
346,3,1312.88,193.99,291.86,677.42,-1,-1,-1,-1
347,0,488.85,182.69,251.28,853.13,-1,-1,-1,-1
347,2,1036.88,103.57,418.02,967.56,-1,-1,-1,-1
347,3,1321.08,188.77,248.13,686.02,-1,-1,-1,-1
348,0,479.73,181.48,256.22,864.19,-1,-1,-1,-1
348,2,1065.67,107.75,412.65,956.82,-1,-1,-1,-1
348,3,1330.91,189.89,192.49,665.86,-1,-1,-1,-1
349,0,472.32,176.63,257.48,872.87,-1,-1,-1,-1
349,2,1098.19,98.14,399.43,975.36,-1,-1,-1,-1
349,3,1318.07,190.46,190.37,658.54,-1,-1,-1,-1
350,0,466.08,171.83,259.79,890.32,-1,-1,-1,-1
350,2,1131.48,94.99,386.97,977.56,-1,-1,-1,-1
350,3,1305.22,191.03,188.24,651.22,-1,-1,-1,-1
351,0,465.98,162.90,264.73,913.94,-1,-1,-1,-1
351,2,1171.61,91.84,370.07,980.15,-1,-1,-1,-1
351,3,1292.38,191.60,186.11,643.90,-1,-1,-1,-1
352,0,458.97,160.76,279.52,922.67,-1,-1,-1,-1
352,2,1192.53,95.09,372.50,964.08,-1,-1,-1,-1
352,3,1279.53,192.17,183.98,636.58,-1,-1,-1,-1
353,0,447.60,162.96,287.48,914.82,-1,-1,-1,-1
353,2,1205.31,103.11,391.39,951.93,-1,-1,-1,-1
354,0,443.08,170.55,289.58,896.93,-1,-1,-1,-1
354,2,1226.21,93.92,391.42,968.30,-1,-1,-1,-1
354,3,1183.74,197.17,187.59,615.48,-1,-1,-1,-1
355,0,457.89,176.78,271.12,886.92,-1,-1,-1,-1
355,2,1262.20,95.79,369.46,960.54,-1,-1,-1,-1
355,3,1164.73,204.10,190.87,613.26,-1,-1,-1,-1
356,0,468.60,185.77,265.23,875.37,-1,-1,-1,-1
356,2,1289.91,92.56,359.25,960.41,-1,-1,-1,-1
356,3,1147.98,210.01,213.06,608.61,-1,-1,-1,-1
357,0,498.95,161.39,237.65,908.51,-1,-1,-1,-1
357,2,1310.96,110.16,345.30,925.33,-1,-1,-1,-1
357,3,1127.58,211.08,241.59,618.04,-1,-1,-1,-1
358,0,515.72,133.91,250.02,946.67,-1,-1,-1,-1
358,2,1327.99,99.31,332.31,942.85,-1,-1,-1,-1
358,3,1112.67,215.38,234.07,608.78,-1,-1,-1,-1
359,0,522.36,115.45,275.25,968.79,-1,-1,-1,-1
359,2,1344.14,94.05,310.54,955.25,-1,-1,-1,-1
359,3,1094.47,214.75,228.65,618.20,-1,-1,-1,-1
360,0,521.98,115.36,316.52,963.80,-1,-1,-1,-1
360,2,1354.23,100.63,299.63,947.06,-1,-1,-1,-1
360,3,1078.08,214.16,214.12,618.98,-1,-1,-1,-1
361,0,522.05,132.61,349.45,935.33,-1,-1,-1,-1
361,2,1355.27,102.09,290.15,933.54,-1,-1,-1,-1
361,3,1062.84,206.28,202.38,634.77,-1,-1,-1,-1
362,0,533.06,124.05,368.42,946.54,-1,-1,-1,-1
362,2,1348.76,107.77,290.28,921.22,-1,-1,-1,-1
362,3,1040.69,208.73,210.11,624.26,-1,-1,-1,-1
363,0,540.74,119.64,393.68,943.64,-1,-1,-1,-1
363,2,1336.91,112.67,292.27,925.47,-1,-1,-1,-1
363,3,1007.75,217.22,242.52,597.11,-1,-1,-1,-1
364,0,565.43,117.08,395.59,952.66,-1,-1,-1,-1
364,2,1321.08,113.86,294.90,921.18,-1,-1,-1,-1
364,3,966.56,214.88,289.30,603.08,-1,-1,-1,-1
365,0,617.95,110.98,377.37,965.12,-1,-1,-1,-1
365,2,1299.01,122.68,311.70,901.04,-1,-1,-1,-1
365,3,955.50,219.50,283.37,595.61,-1,-1,-1,-1
366,0,668.94,105.06,362.73,972.58,-1,-1,-1,-1
366,2,1279.04,126.46,326.29,887.23,-1,-1,-1,-1
366,3,867.87,195.53,336.66,690.52,-1,-1,-1,-1
367,0,706.56,105.74,379.11,957.68,-1,-1,-1,-1
367,2,1264.83,141.10,334.89,846.15,-1,-1,-1,-1
367,3,834.50,180.21,354.77,727.63,-1,-1,-1,-1
368,0,747.91,112.39,371.94,951.44,-1,-1,-1,-1
368,2,1258.80,144.91,330.91,821.07,-1,-1,-1,-1
368,3,801.12,164.89,372.89,764.73,-1,-1,-1,-1
369,0,787.40,106.00,379.22,958.90,-1,-1,-1,-1
369,2,1264.31,148.41,313.00,801.13,-1,-1,-1,-1
369,3,767.74,149.57,391.01,801.84,-1,-1,-1,-1
370,0,820.14,116.79,368.91,945.23,-1,-1,-1,-1
370,2,1264.11,150.33,305.01,788.20,-1,-1,-1,-1
370,3,734.36,134.24,409.13,838.95,-1,-1,-1,-1
371,0,833.14,120.89,378.94,943.50,-1,-1,-1,-1
371,2,1262.57,151.75,293.83,779.62,-1,-1,-1,-1
372,0,855.61,167.86,379.79,891.40,-1,-1,-1,-1
372,2,1263.28,154.99,279.38,769.86,-1,-1,-1,-1
372,3,755.29,213.84,235.11,644.02,-1,-1,-1,-1
373,0,876.58,153.34,391.97,911.38,-1,-1,-1,-1
373,2,1267.84,154.70,259.52,769.81,-1,-1,-1,-1
373,3,745.38,229.21,234.38,604.24,-1,-1,-1,-1
374,0,879.09,152.10,418.31,912.50,-1,-1,-1,-1
374,2,1270.91,159.05,247.93,756.20,-1,-1,-1,-1
374,3,732.97,229.41,244.82,608.85,-1,-1,-1,-1
375,0,895.74,143.08,435.21,925.66,-1,-1,-1,-1
375,2,1275.22,168.75,234.22,726.83,-1,-1,-1,-1
375,3,717.29,234.97,263.96,608.92,-1,-1,-1,-1
376,0,923.95,136.68,439.87,937.79,-1,-1,-1,-1
376,2,1281.97,174.85,214.37,694.62,-1,-1,-1,-1
376,3,713.46,229.25,215.51,611.54,-1,-1,-1,-1
377,0,959.76,136.13,449.76,931.96,-1,-1,-1,-1
377,2,1283.11,179.44,198.95,677.35,-1,-1,-1,-1
377,3,698.71,230.74,230.53,612.56,-1,-1,-1,-1
378,0,1034.13,123.76,415.65,953.40,-1,-1,-1,-1
378,2,1282.16,176.54,206.97,695.37,-1,-1,-1,-1
378,3,687.96,220.85,200.30,629.65,-1,-1,-1,-1
379,0,1084.42,117.05,421.57,958.48,-1,-1,-1,-1
379,2,1279.72,176.23,205.70,691.17,-1,-1,-1,-1
379,3,667.18,213.01,186.84,643.23,-1,-1,-1,-1
380,0,1125.22,117.79,453.68,945.49,-1,-1,-1,-1
380,2,1277.29,175.92,204.44,686.97,-1,-1,-1,-1
380,3,634.55,207.46,189.16,651.10,-1,-1,-1,-1
381,0,1170.52,125.73,427.36,944.82,-1,-1,-1,-1
381,2,1274.85,175.61,203.18,682.77,-1,-1,-1,-1
381,3,591.55,208.62,219.54,649.14,-1,-1,-1,-1
382,0,1200.92,127.53,413.22,947.89,-1,-1,-1,-1
382,2,1272.41,175.30,201.91,678.57,-1,-1,-1,-1
382,3,555.49,213.37,251.05,657.38,-1,-1,-1,-1
383,0,1237.58,159.63,332.97,872.27,-1,-1,-1,-1
383,3,524.65,223.39,280.81,657.17,-1,-1,-1,-1
384,0,1280.32,149.65,283.55,776.56,-1,-1,-1,-1
384,2,1190.92,180.76,194.09,631.26,-1,-1,-1,-1
384,3,508.32,228.12,283.25,659.57,-1,-1,-1,-1
385,0,1278.40,136.93,294.61,826.93,-1,-1,-1,-1
385,2,1166.69,180.67,206.21,642.25,-1,-1,-1,-1
385,3,493.62,218.72,283.88,674.66,-1,-1,-1,-1
386,0,1305.60,110.98,301.90,906.43,-1,-1,-1,-1
386,2,1149.04,180.49,221.01,643.24,-1,-1,-1,-1
386,3,468.88,222.35,293.93,671.96,-1,-1,-1,-1
387,0,1342.58,83.54,305.20,971.80,-1,-1,-1,-1
387,2,1127.39,182.07,246.37,646.05,-1,-1,-1,-1
387,3,450.78,215.95,282.87,687.42,-1,-1,-1,-1
388,0,1363.19,80.02,323.34,990.15,-1,-1,-1,-1
388,2,1106.95,185.10,265.31,637.32,-1,-1,-1,-1
388,3,435.25,201.82,263.67,712.30,-1,-1,-1,-1
389,0,1377.91,82.48,339.19,989.21,-1,-1,-1,-1
389,2,1088.46,189.75,280.39,632.15,-1,-1,-1,-1
389,3,423.46,197.06,247.26,726.33,-1,-1,-1,-1
390,0,1392.66,79.45,348.68,1000.07,-1,-1,-1,-1
390,2,1072.12,197.29,288.95,624.50,-1,-1,-1,-1
390,3,412.08,194.78,241.21,734.07,-1,-1,-1,-1
391,0,1403.97,91.95,354.48,979.34,-1,-1,-1,-1
391,2,1057.23,202.89,292.39,617.84,-1,-1,-1,-1
391,3,398.16,196.31,240.02,738.76,-1,-1,-1,-1
392,0,1426.29,102.21,339.40,970.50,-1,-1,-1,-1
392,2,1039.93,204.29,299.85,618.60,-1,-1,-1,-1
392,3,396.03,192.28,228.01,755.81,-1,-1,-1,-1
393,0,1452.51,108.14,321.41,960.37,-1,-1,-1,-1
393,2,1026.56,206.21,283.75,614.79,-1,-1,-1,-1
393,3,393.17,192.35,219.44,751.58,-1,-1,-1,-1
394,0,1485.35,113.46,293.57,955.00,-1,-1,-1,-1
394,2,1006.75,215.45,270.16,598.61,-1,-1,-1,-1
394,3,383.38,189.20,217.57,754.21,-1,-1,-1,-1
395,0,1509.60,115.61,286.49,943.61,-1,-1,-1,-1
395,2,986.41,201.52,254.86,617.02,-1,-1,-1,-1
395,3,364.48,185.66,250.37,765.25,-1,-1,-1,-1
396,0,1533.90,121.81,281.21,933.66,-1,-1,-1,-1
396,2,968.20,216.09,230.00,570.52,-1,-1,-1,-1
396,3,341.14,186.07,290.56,768.29,-1,-1,-1,-1
397,0,1543.11,130.52,301.93,930.92,-1,-1,-1,-1
397,2,945.32,221.98,219.98,544.58,-1,-1,-1,-1
397,3,317.33,186.32,309.66,774.72,-1,-1,-1,-1
398,0,1545.41,140.61,329.40,926.14,-1,-1,-1,-1
398,2,915.51,217.95,231.41,579.89,-1,-1,-1,-1
398,3,294.21,181.97,325.18,789.09,-1,-1,-1,-1
399,0,1537.19,150.58,353.28,915.02,-1,-1,-1,-1
399,2,888.40,218.55,261.53,598.81,-1,-1,-1,-1
399,3,279.27,178.47,331.26,808.86,-1,-1,-1,-1
400,0,1530.32,154.85,366.58,905.59,-1,-1,-1,-1
400,2,870.37,212.86,291.64,620.36,-1,-1,-1,-1
400,3,271.70,173.63,329.00,827.51,-1,-1,-1,-1
401,0,1518.17,162.15,373.33,889.01,-1,-1,-1,-1
401,2,868.01,217.17,282.58,623.36,-1,-1,-1,-1
401,3,271.17,174.12,318.14,832.68,-1,-1,-1,-1
402,0,1490.08,160.19,391.49,889.84,-1,-1,-1,-1
402,2,866.63,217.73,253.85,622.77,-1,-1,-1,-1
402,3,273.70,177.75,306.33,842.06,-1,-1,-1,-1
403,0,1467.72,165.89,388.70,867.21,-1,-1,-1,-1
403,2,863.61,212.69,217.11,637.56,-1,-1,-1,-1
403,3,280.46,174.83,291.27,854.68,-1,-1,-1,-1
404,0,1441.37,170.46,366.68,839.29,-1,-1,-1,-1
404,2,851.63,211.10,198.89,638.73,-1,-1,-1,-1
404,3,290.94,170.92,272.77,859.49,-1,-1,-1,-1
405,0,1408.01,165.95,361.96,843.25,-1,-1,-1,-1
405,2,828.73,212.30,194.49,634.09,-1,-1,-1,-1
405,3,292.87,163.57,269.39,884.77,-1,-1,-1,-1
406,0,1386.29,177.09,352.95,825.59,-1,-1,-1,-1
406,2,796.01,211.26,210.93,632.49,-1,-1,-1,-1
406,3,301.69,156.13,258.02,895.21,-1,-1,-1,-1
407,0,1380.05,179.47,334.55,811.51,-1,-1,-1,-1
407,2,768.67,212.42,220.54,636.13,-1,-1,-1,-1
407,3,302.50,148.81,276.22,897.84,-1,-1,-1,-1
408,0,1390.83,184.38,305.63,792.30,-1,-1,-1,-1
408,2,747.81,209.78,234.66,642.96,-1,-1,-1,-1
408,3,312.49,133.26,291.15,924.55,-1,-1,-1,-1
409,0,1403.54,192.17,273.30,771.42,-1,-1,-1,-1
409,2,736.20,209.31,225.88,643.85,-1,-1,-1,-1
409,3,329.02,125.76,311.56,948.23,-1,-1,-1,-1
410,0,1414.18,198.75,238.62,748.61,-1,-1,-1,-1
410,2,721.65,209.92,235.12,640.23,-1,-1,-1,-1
410,3,346.82,118.69,330.50,963.36,-1,-1,-1,-1
411,0,1420.33,180.47,214.87,756.69,-1,-1,-1,-1
411,2,709.49,211.92,227.74,631.60,-1,-1,-1,-1
411,3,365.66,128.57,345.10,946.63,-1,-1,-1,-1
412,0,1408.76,175.24,213.81,747.68,-1,-1,-1,-1
412,2,695.94,205.42,215.88,639.31,-1,-1,-1,-1
412,3,381.21,138.69,362.60,928.78,-1,-1,-1,-1
413,0,1396.44,174.28,215.01,741.66,-1,-1,-1,-1
413,2,688.27,211.12,207.99,634.31,-1,-1,-1,-1
413,3,397.59,136.05,368.94,938.36,-1,-1,-1,-1
414,0,1380.21,174.18,218.86,733.34,-1,-1,-1,-1
414,2,680.28,206.95,193.84,623.97,-1,-1,-1,-1
414,3,419.04,141.61,375.26,927.17,-1,-1,-1,-1
415,0,1355.85,189.54,237.60,702.84,-1,-1,-1,-1
415,2,664.78,208.45,192.22,618.79,-1,-1,-1,-1
415,3,448.09,150.34,382.34,917.94,-1,-1,-1,-1
416,0,1303.91,190.13,286.22,695.33,-1,-1,-1,-1
416,2,649.28,209.96,190.60,613.61,-1,-1,-1,-1
416,3,484.42,141.52,360.78,929.05,-1,-1,-1,-1
417,0,1278.26,198.58,313.96,683.07,-1,-1,-1,-1
417,2,633.79,211.46,188.97,608.42,-1,-1,-1,-1
417,3,534.85,141.15,324.84,912.66,-1,-1,-1,-1
418,0,1266.10,205.24,306.12,671.53,-1,-1,-1,-1
418,2,618.29,212.96,187.35,603.24,-1,-1,-1,-1
418,3,567.03,140.34,316.49,890.21,-1,-1,-1,-1
419,0,1258.10,203.90,306.03,669.54,-1,-1,-1,-1
419,2,566.71,209.36,170.98,629.88,-1,-1,-1,-1
419,3,585.80,131.03,322.39,920.49,-1,-1,-1,-1
420,0,1255.04,204.59,286.08,664.23,-1,-1,-1,-1
420,2,531.61,201.96,199.38,652.13,-1,-1,-1,-1
420,3,619.63,113.05,342.50,955.92,-1,-1,-1,-1
421,0,1247.27,199.71,254.91,669.16,-1,-1,-1,-1
421,2,490.83,210.13,252.53,644.98,-1,-1,-1,-1
421,3,636.32,115.52,404.75,958.70,-1,-1,-1,-1
422,0,1229.34,206.05,225.59,658.37,-1,-1,-1,-1
422,2,468.70,210.85,269.87,648.94,-1,-1,-1,-1
422,3,661.44,129.36,424.89,943.37,-1,-1,-1,-1
423,0,1187.87,198.50,230.15,663.13,-1,-1,-1,-1
423,2,450.79,207.66,278.20,656.81,-1,-1,-1,-1
423,3,683.83,145.30,440.58,928.43,-1,-1,-1,-1
424,0,1157.77,197.80,238.77,655.82,-1,-1,-1,-1
424,2,436.32,201.19,284.46,674.96,-1,-1,-1,-1
424,3,705.82,134.21,442.10,945.19,-1,-1,-1,-1
425,0,1132.84,199.09,249.38,648.81,-1,-1,-1,-1
425,2,416.44,194.06,300.07,685.58,-1,-1,-1,-1
425,3,751.19,135.70,432.84,940.41,-1,-1,-1,-1
426,0,1116.69,199.93,257.10,646.32,-1,-1,-1,-1
426,2,397.74,187.19,312.43,724.80,-1,-1,-1,-1
426,3,841.82,130.32,361.09,937.95,-1,-1,-1,-1
427,0,1127.40,200.34,232.15,652.85,-1,-1,-1,-1
427,2,391.19,189.06,306.69,735.59,-1,-1,-1,-1
427,3,927.07,119.14,301.36,945.25,-1,-1,-1,-1
428,0,1128.74,161.10,217.53,732.29,-1,-1,-1,-1
428,2,381.46,188.68,315.49,741.52,-1,-1,-1,-1
428,3,987.88,110.14,306.38,953.58,-1,-1,-1,-1
429,0,1108.33,143.17,227.53,766.01,-1,-1,-1,-1
429,2,375.19,180.72,314.38,757.14,-1,-1,-1,-1
429,3,1031.83,110.68,308.65,953.28,-1,-1,-1,-1
430,0,1087.91,125.23,237.52,799.73,-1,-1,-1,-1
430,2,372.13,179.81,312.39,762.01,-1,-1,-1,-1
430,3,1056.12,100.47,322.89,968.46,-1,-1,-1,-1
431,0,1067.50,107.29,247.51,833.45,-1,-1,-1,-1
431,2,390.30,182.43,285.96,755.48,-1,-1,-1,-1
431,3,1069.87,101.46,363.14,967.84,-1,-1,-1,-1
432,0,1082.43,217.08,151.24,581.11,-1,-1,-1,-1
432,2,370.60,174.54,302.32,766.29,-1,-1,-1,-1
432,3,1080.22,120.43,400.18,947.58,-1,-1,-1,-1
433,0,1064.56,214.68,178.91,577.68,-1,-1,-1,-1
433,2,356.57,166.68,308.67,774.93,-1,-1,-1,-1
433,3,1087.32,155.37,422.88,912.68,-1,-1,-1,-1
434,0,1046.45,214.69,194.06,593.41,-1,-1,-1,-1
434,2,337.84,161.83,324.05,783.30,-1,-1,-1,-1
434,3,1091.52,161.13,435.48,909.17,-1,-1,-1,-1
435,0,1015.54,221.47,221.33,592.64,-1,-1,-1,-1
435,2,336.11,159.44,323.92,788.75,-1,-1,-1,-1
435,3,1138.63,142.60,410.61,934.61,-1,-1,-1,-1
436,0,992.92,221.80,236.95,598.02,-1,-1,-1,-1
436,2,336.97,154.38,322.01,833.45,-1,-1,-1,-1
436,3,1209.10,128.29,362.28,948.39,-1,-1,-1,-1
437,0,984.06,231.07,242.79,590.59,-1,-1,-1,-1
437,2,343.86,155.01,315.24,851.73,-1,-1,-1,-1
437,3,1270.79,120.84,329.58,945.93,-1,-1,-1,-1
438,0,978.17,237.16,260.55,585.36,-1,-1,-1,-1
438,2,351.72,160.48,307.57,844.84,-1,-1,-1,-1
438,3,1323.60,107.90,330.82,959.21,-1,-1,-1,-1
439,0,970.71,235.29,265.14,587.17,-1,-1,-1,-1
439,2,353.83,169.10,313.90,840.31,-1,-1,-1,-1
439,3,1356.63,101.91,374.75,965.39,-1,-1,-1,-1
440,0,978.58,222.58,219.27,607.40,-1,-1,-1,-1
440,2,357.30,168.81,315.31,849.66,-1,-1,-1,-1
440,3,1386.96,108.44,385.98,963.62,-1,-1,-1,-1
441,0,969.54,218.09,186.34,621.04,-1,-1,-1,-1
441,2,349.28,162.51,328.55,865.47,-1,-1,-1,-1
441,3,1401.79,115.26,402.88,946.45,-1,-1,-1,-1
442,0,952.80,228.41,166.67,596.43,-1,-1,-1,-1
442,2,342.27,158.16,340.66,883.75,-1,-1,-1,-1
442,3,1435.04,108.52,382.56,957.77,-1,-1,-1,-1
443,0,931.92,227.01,169.01,596.02,-1,-1,-1,-1
443,2,339.40,148.98,346.69,904.81,-1,-1,-1,-1
443,3,1461.65,119.93,354.87,948.69,-1,-1,-1,-1
444,0,899.37,226.13,195.35,593.60,-1,-1,-1,-1
444,2,342.14,146.43,339.37,911.90,-1,-1,-1,-1
444,3,1473.40,129.35,332.79,935.15,-1,-1,-1,-1
445,0,871.19,227.08,217.88,600.55,-1,-1,-1,-1
445,2,345.79,134.19,330.30,933.43,-1,-1,-1,-1
445,3,1471.79,130.86,327.90,932.68,-1,-1,-1,-1
446,0,850.77,226.72,236.16,599.06,-1,-1,-1,-1
446,2,357.83,132.31,317.64,938.29,-1,-1,-1,-1
446,3,1462.96,133.60,325.79,917.04,-1,-1,-1,-1
447,0,829.09,225.11,253.48,608.81,-1,-1,-1,-1
447,2,368.01,135.24,324.83,934.79,-1,-1,-1,-1
447,3,1456.02,137.35,322.39,907.83,-1,-1,-1,-1
448,0,807.56,231.76,265.49,605.21,-1,-1,-1,-1
448,2,388.82,135.68,330.02,933.74,-1,-1,-1,-1
448,3,1446.05,128.51,327.77,909.15,-1,-1,-1,-1
449,0,795.63,234.72,256.05,606.18,-1,-1,-1,-1
449,2,413.78,121.24,341.78,958.00,-1,-1,-1,-1
449,3,1440.19,119.48,321.48,916.68,-1,-1,-1,-1
450,0,777.15,234.99,249.30,606.06,-1,-1,-1,-1
450,2,446.29,115.36,307.08,964.88,-1,-1,-1,-1
450,3,1441.44,128.90,309.47,896.44,-1,-1,-1,-1
451,0,743.87,216.89,261.99,637.09,-1,-1,-1,-1
451,2,475.32,114.27,312.37,961.98,-1,-1,-1,-1
451,3,1448.74,130.55,291.03,898.04,-1,-1,-1,-1
452,0,711.63,216.93,259.36,643.22,-1,-1,-1,-1
452,2,501.89,152.31,352.83,910.24,-1,-1,-1,-1
452,3,1438.17,148.25,301.01,869.68,-1,-1,-1,-1
453,0,722.40,233.82,219.38,618.62,-1,-1,-1,-1
453,2,530.64,144.91,358.07,919.52,-1,-1,-1,-1
453,3,1427.60,168.90,298.32,841.28,-1,-1,-1,-1
454,0,704.50,237.53,217.92,614.50,-1,-1,-1,-1
454,2,561.62,153.04,360.07,905.20,-1,-1,-1,-1
454,3,1413.47,173.27,287.27,815.71,-1,-1,-1,-1
455,0,686.61,241.24,216.45,610.38,-1,-1,-1,-1
455,2,588.42,115.57,361.59,960.58,-1,-1,-1,-1
455,3,1404.31,174.03,264.17,799.20,-1,-1,-1,-1
456,0,668.71,244.95,214.99,606.26,-1,-1,-1,-1
456,2,590.60,106.18,394.03,972.37,-1,-1,-1,-1
456,3,1390.53,169.72,246.87,794.00,-1,-1,-1,-1
457,0,650.81,248.66,213.53,602.15,-1,-1,-1,-1
457,2,614.17,137.78,400.26,923.72,-1,-1,-1,-1
457,3,1369.97,139.29,229.10,826.12,-1,-1,-1,-1
458,0,612.67,222.22,201.18,675.09,-1,-1,-1,-1
458,2,620.96,130.61,414.21,908.67,-1,-1,-1,-1
458,3,1346.45,152.36,235.03,784.47,-1,-1,-1,-1
459,0,593.58,215.12,219.67,676.78,-1,-1,-1,-1
459,2,667.64,116.85,382.87,941.69,-1,-1,-1,-1
459,3,1322.13,164.79,250.01,752.67,-1,-1,-1,-1
460,0,578.63,219.88,226.73,657.77,-1,-1,-1,-1
460,2,723.59,114.68,351.25,956.24,-1,-1,-1,-1
460,3,1301.70,169.05,263.89,742.71,-1,-1,-1,-1
461,0,562.59,216.25,232.41,659.95,-1,-1,-1,-1
461,2,761.72,103.92,364.95,951.02,-1,-1,-1,-1
461,3,1281.26,179.05,273.15,726.49,-1,-1,-1,-1
462,0,539.35,222.07,254.56,649.54,-1,-1,-1,-1
462,2,788.98,98.59,371.55,958.75,-1,-1,-1,-1
462,3,1263.22,182.78,280.93,726.54,-1,-1,-1,-1
463,0,508.55,234.99,286.89,634.75,-1,-1,-1,-1
463,2,798.79,105.87,418.21,950.50,-1,-1,-1,-1
463,3,1253.38,194.31,277.06,710.68,-1,-1,-1,-1
464,0,496.45,229.51,295.93,647.94,-1,-1,-1,-1
464,2,820.60,93.30,429.63,968.42,-1,-1,-1,-1
464,3,1240.62,202.08,274.56,692.51,-1,-1,-1,-1
465,0,488.69,227.37,300.56,657.42,-1,-1,-1,-1
465,2,856.31,126.56,420.81,930.45,-1,-1,-1,-1
465,3,1222.68,211.86,267.94,658.33,-1,-1,-1,-1
466,0,484.94,222.40,285.13,666.14,-1,-1,-1,-1
466,2,893.68,140.32,402.75,904.91,-1,-1,-1,-1
466,3,1209.17,215.18,258.31,645.18,-1,-1,-1,-1
467,0,482.58,218.73,276.50,682.27,-1,-1,-1,-1
467,2,915.77,133.80,407.25,925.80,-1,-1,-1,-1
467,3,1205.84,207.71,242.42,649.59,-1,-1,-1,-1
468,0,485.62,216.71,249.33,688.07,-1,-1,-1,-1
468,2,938.11,148.31,428.99,909.25,-1,-1,-1,-1
468,3,1220.28,208.16,200.30,620.03,-1,-1,-1,-1
469,0,488.50,224.69,210.25,674.57,-1,-1,-1,-1
469,2,972.71,148.20,414.07,916.76,-1,-1,-1,-1
469,3,1209.71,212.30,194.59,602.38,-1,-1,-1,-1
470,0,480.45,222.42,181.68,686.63,-1,-1,-1,-1
470,2,1007.53,146.40,387.72,922.92,-1,-1,-1,-1
470,3,1199.14,216.44,188.87,584.72,-1,-1,-1,-1
471,0,460.58,212.70,182.64,713.71,-1,-1,-1,-1
471,2,1039.90,117.58,387.35,962.30,-1,-1,-1,-1
471,3,1188.57,220.59,183.16,567.07,-1,-1,-1,-1
472,0,443.04,207.53,191.15,741.35,-1,-1,-1,-1
472,2,1049.71,109.04,411.29,973.83,-1,-1,-1,-1
472,3,1178.00,224.73,177.45,549.41,-1,-1,-1,-1
473,0,427.85,213.15,205.94,750.54,-1,-1,-1,-1
473,2,1063.72,114.41,410.63,954.09,-1,-1,-1,-1
474,0,395.42,221.41,241.31,754.70,-1,-1,-1,-1
474,2,1083.28,119.21,398.37,945.91,-1,-1,-1,-1
474,3,1083.85,210.99,183.11,579.89,-1,-1,-1,-1
475,0,375.79,227.11,264.52,756.55,-1,-1,-1,-1
475,2,1106.63,119.06,374.34,943.96,-1,-1,-1,-1
475,3,1077.78,220.23,178.69,563.83,-1,-1,-1,-1
476,0,360.41,220.32,275.08,765.69,-1,-1,-1,-1
476,2,1117.99,131.76,366.71,926.93,-1,-1,-1,-1
476,3,1071.37,230.30,163.08,535.63,-1,-1,-1,-1
477,0,341.27,210.81,287.36,783.78,-1,-1,-1,-1
477,2,1151.62,124.89,341.78,932.33,-1,-1,-1,-1
477,3,1054.05,216.48,164.78,560.93,-1,-1,-1,-1
478,0,324.44,203.95,295.54,793.43,-1,-1,-1,-1
478,2,1159.84,119.82,363.78,932.84,-1,-1,-1,-1
478,3,1031.99,206.68,173.55,576.78,-1,-1,-1,-1
479,0,301.46,197.78,317.23,810.95,-1,-1,-1,-1
479,2,1177.29,103.08,379.41,956.91,-1,-1,-1,-1
479,3,1008.88,213.94,189.74,564.41,-1,-1,-1,-1
480,0,287.04,193.55,331.22,829.12,-1,-1,-1,-1
480,2,1202.82,99.03,381.70,962.78,-1,-1,-1,-1
480,3,988.49,220.34,205.63,554.98,-1,-1,-1,-1
481,0,275.16,191.84,340.60,848.36,-1,-1,-1,-1
481,2,1227.37,102.00,373.50,956.79,-1,-1,-1,-1
481,3,949.73,227.18,241.86,552.10,-1,-1,-1,-1
482,0,264.51,192.78,350.19,860.26,-1,-1,-1,-1
482,2,1250.01,104.27,365.04,952.44,-1,-1,-1,-1
482,3,934.32,230.57,250.93,553.60,-1,-1,-1,-1
483,0,256.16,191.59,347.98,870.01,-1,-1,-1,-1
483,2,1274.76,106.91,347.01,941.69,-1,-1,-1,-1
483,3,911.48,232.34,265.87,552.62,-1,-1,-1,-1
484,0,237.05,199.02,370.91,862.21,-1,-1,-1,-1
484,2,1295.82,111.02,329.29,929.54,-1,-1,-1,-1
484,3,900.72,234.29,259.85,552.43,-1,-1,-1,-1
485,0,226.52,193.41,372.74,872.47,-1,-1,-1,-1
485,2,1314.55,128.16,326.86,894.81,-1,-1,-1,-1
485,3,889.53,233.37,242.67,550.90,-1,-1,-1,-1
486,0,208.08,183.29,400.01,882.91,-1,-1,-1,-1
486,2,1330.15,134.13,320.94,882.87,-1,-1,-1,-1
486,3,883.19,233.60,234.51,549.15,-1,-1,-1,-1
487,0,208.09,174.07,404.95,892.19,-1,-1,-1,-1
487,2,1344.72,134.83,315.50,867.91,-1,-1,-1,-1
487,3,870.25,229.47,219.85,556.23,-1,-1,-1,-1
488,0,206.90,163.91,424.01,905.09,-1,-1,-1,-1
488,2,1355.73,137.02,310.49,852.77,-1,-1,-1,-1
488,3,849.53,226.70,200.09,559.37,-1,-1,-1,-1
489,0,215.28,160.19,436.95,910.13,-1,-1,-1,-1
489,2,1367.70,140.47,297.69,823.63,-1,-1,-1,-1
489,3,820.73,229.97,198.43,556.43,-1,-1,-1,-1
490,0,222.80,168.22,440.21,892.22,-1,-1,-1,-1
490,2,1374.27,138.84,286.90,818.00,-1,-1,-1,-1
490,3,790.13,230.07,215.76,557.56,-1,-1,-1,-1
491,0,228.74,166.67,449.63,897.63,-1,-1,-1,-1
491,2,1376.71,144.17,276.73,818.11,-1,-1,-1,-1
491,3,750.26,233.42,247.90,553.73,-1,-1,-1,-1
492,0,245.10,164.80,458.85,907.88,-1,-1,-1,-1
492,2,1382.74,142.54,260.09,825.77,-1,-1,-1,-1
492,3,721.90,237.98,282.75,556.89,-1,-1,-1,-1
493,0,271.12,157.27,449.33,921.82,-1,-1,-1,-1
493,2,1392.10,149.83,233.05,812.45,-1,-1,-1,-1
493,3,710.29,237.65,280.66,568.62,-1,-1,-1,-1
494,0,306.04,157.87,438.60,923.13,-1,-1,-1,-1
494,2,1395.95,159.97,223.35,792.38,-1,-1,-1,-1
494,3,709.64,233.69,261.72,577.44,-1,-1,-1,-1
495,0,338.95,157.64,430.98,920.10,-1,-1,-1,-1
495,2,1393.21,156.81,226.67,787.45,-1,-1,-1,-1
495,3,699.51,225.26,246.51,595.91,-1,-1,-1,-1
496,0,370.56,152.29,443.31,928.04,-1,-1,-1,-1
496,2,1389.52,161.11,226.51,753.52,-1,-1,-1,-1
496,3,679.83,220.98,251.34,607.55,-1,-1,-1,-1
497,0,399.92,167.42,428.68,905.64,-1,-1,-1,-1
497,2,1375.23,161.40,234.70,736.46,-1,-1,-1,-1
497,3,660.16,216.70,256.16,619.18,-1,-1,-1,-1
498,0,420.52,157.29,435.98,914.47,-1,-1,-1,-1
498,2,1333.15,163.19,272.74,720.53,-1,-1,-1,-1
498,3,640.49,212.42,260.99,630.82,-1,-1,-1,-1
499,0,449.62,146.76,446.65,922.02,-1,-1,-1,-1
499,2,1299.22,159.05,308.77,709.95,-1,-1,-1,-1
499,3,620.81,208.14,265.81,642.46,-1,-1,-1,-1
500,0,499.52,145.93,423.82,918.42,-1,-1,-1,-1
500,2,1268.72,159.77,344.28,701.89,-1,-1,-1,-1
501,0,510.51,144.50,474.15,927.47,-1,-1,-1,-1
501,2,1262.23,168.25,352.19,689.06,-1,-1,-1,-1
501,3,508.25,218.14,269.52,632.14,-1,-1,-1,-1
502,0,584.85,154.80,432.73,917.05,-1,-1,-1,-1
502,2,1265.67,174.56,343.08,683.98,-1,-1,-1,-1
502,3,472.07,227.00,292.59,629.68,-1,-1,-1,-1
503,0,632.52,157.18,400.53,918.69,-1,-1,-1,-1
503,2,1261.31,176.68,327.51,679.71,-1,-1,-1,-1
503,3,459.00,231.82,293.22,641.29,-1,-1,-1,-1
504,0,692.31,148.72,339.09,919.97,-1,-1,-1,-1
504,2,1257.48,171.76,309.53,689.85,-1,-1,-1,-1
504,3,450.54,232.09,297.94,644.62,-1,-1,-1,-1
505,0,771.04,147.78,271.55,916.90,-1,-1,-1,-1
505,2,1247.59,171.77,290.92,683.60,-1,-1,-1,-1
505,3,468.91,232.74,260.72,650.53,-1,-1,-1,-1
506,0,810.45,133.87,274.95,938.94,-1,-1,-1,-1
506,2,1228.02,178.17,261.30,663.72,-1,-1,-1,-1
506,3,481.31,228.38,234.17,657.70,-1,-1,-1,-1
507,0,821.12,138.34,330.86,936.26,-1,-1,-1,-1
507,2,1197.00,174.70,243.56,664.95,-1,-1,-1,-1
507,3,483.47,218.88,223.06,673.23,-1,-1,-1,-1
508,0,826.35,146.56,353.27,921.30,-1,-1,-1,-1
508,2,1167.76,174.82,243.75,673.88,-1,-1,-1,-1
508,3,476.38,210.51,224.63,684.48,-1,-1,-1,-1
509,0,820.60,213.97,471.81,843.53,-1,-1,-1,-1
509,2,1157.41,172.79,237.76,666.31,-1,-1,-1,-1
509,3,464.53,204.64,230.00,698.30,-1,-1,-1,-1
510,0,840.54,202.74,497.14,859.72,-1,-1,-1,-1
510,2,1143.82,175.58,255.36,659.69,-1,-1,-1,-1
510,3,454.12,203.62,230.94,717.62,-1,-1,-1,-1
511,0,853.71,176.52,549.22,884.27,-1,-1,-1,-1
511,2,1115.57,177.65,291.67,659.84,-1,-1,-1,-1
511,3,443.89,206.20,234.17,729.30,-1,-1,-1,-1
512,0,872.69,166.48,574.46,880.36,-1,-1,-1,-1
512,2,1110.10,184.89,282.61,603.59,-1,-1,-1,-1
512,3,443.54,203.10,226.50,747.12,-1,-1,-1,-1
513,0,893.66,144.24,582.01,910.73,-1,-1,-1,-1
513,2,1101.61,193.33,270.85,578.42,-1,-1,-1,-1
513,3,445.84,200.01,219.26,761.32,-1,-1,-1,-1
514,0,916.37,135.13,568.46,935.33,-1,-1,-1,-1
514,2,1093.13,201.78,259.09,553.25,-1,-1,-1,-1
514,3,444.44,194.81,216.21,776.29,-1,-1,-1,-1
515,0,943.89,130.25,533.36,947.68,-1,-1,-1,-1
515,2,1084.64,210.23,247.33,528.07,-1,-1,-1,-1
515,3,444.05,187.73,208.19,787.34,-1,-1,-1,-1
516,0,974.62,165.25,491.29,906.94,-1,-1,-1,-1
516,2,1076.16,218.67,235.56,502.90,-1,-1,-1,-1
516,3,441.81,183.47,202.83,797.39,-1,-1,-1,-1
517,0,995.80,164.71,462.36,911.71,-1,-1,-1,-1
517,2,995.06,271.47,183.61,513.35,-1,-1,-1,-1
517,3,437.31,180.66,203.31,803.01,-1,-1,-1,-1
518,0,1007.44,167.08,454.45,902.65,-1,-1,-1,-1
518,2,995.66,301.52,165.94,483.29,-1,-1,-1,-1
518,3,425.46,183.57,214.37,802.17,-1,-1,-1,-1
519,0,1002.26,166.65,495.61,904.04,-1,-1,-1,-1
519,2,957.16,286.06,220.24,507.67,-1,-1,-1,-1
519,3,413.16,179.20,225.22,813.40,-1,-1,-1,-1
520,0,1021.30,159.18,506.28,913.66,-1,-1,-1,-1
520,2,932.34,249.45,251.28,560.93,-1,-1,-1,-1
520,3,399.71,179.85,238.84,809.67,-1,-1,-1,-1
521,0,1047.59,167.40,483.66,905.37,-1,-1,-1,-1
521,2,910.55,225.66,262.06,590.60,-1,-1,-1,-1
521,3,383.62,178.16,260.88,821.20,-1,-1,-1,-1
522,0,1061.20,164.03,481.69,911.28,-1,-1,-1,-1
522,2,902.05,207.42,248.02,608.30,-1,-1,-1,-1
522,3,368.01,170.93,283.58,857.44,-1,-1,-1,-1
523,0,1119.77,158.62,427.58,913.34,-1,-1,-1,-1
523,2,892.33,210.22,233.83,590.97,-1,-1,-1,-1
523,3,357.50,168.63,303.95,886.64,-1,-1,-1,-1
524,0,1150.41,161.34,419.35,901.28,-1,-1,-1,-1
524,2,881.47,197.72,220.38,608.34,-1,-1,-1,-1
524,3,357.33,170.88,308.57,888.82,-1,-1,-1,-1
525,0,1173.94,156.41,423.59,916.03,-1,-1,-1,-1
525,2,860.90,197.87,219.63,605.16,-1,-1,-1,-1
525,3,359.99,179.82,304.52,880.27,-1,-1,-1,-1
526,0,1202.10,158.06,411.27,902.86,-1,-1,-1,-1
526,2,838.30,194.46,222.45,610.11,-1,-1,-1,-1
526,3,346.57,176.10,313.64,891.02,-1,-1,-1,-1
527,0,1220.26,161.80,404.79,889.25,-1,-1,-1,-1
527,2,815.59,191.52,231.72,610.17,-1,-1,-1,-1
527,3,334.38,163.80,320.26,910.25,-1,-1,-1,-1
528,0,1234.43,165.63,409.84,885.03,-1,-1,-1,-1
528,2,782.14,202.77,259.04,598.94,-1,-1,-1,-1
528,3,315.91,158.06,334.53,908.99,-1,-1,-1,-1
529,0,1261.10,165.74,383.16,889.98,-1,-1,-1,-1
529,2,750.36,202.69,278.35,611.07,-1,-1,-1,-1
529,3,336.05,141.14,311.53,930.13,-1,-1,-1,-1
530,0,1266.65,168.03,391.24,889.07,-1,-1,-1,-1
530,2,728.63,212.75,284.21,608.03,-1,-1,-1,-1
530,3,352.64,137.69,301.97,935.56,-1,-1,-1,-1
531,0,1270.87,171.99,390.15,888.82,-1,-1,-1,-1
531,2,720.15,211.81,265.98,615.75,-1,-1,-1,-1
531,3,359.61,130.64,315.79,943.11,-1,-1,-1,-1
532,0,1276.39,174.44,372.45,883.35,-1,-1,-1,-1
532,2,714.67,205.26,238.39,625.06,-1,-1,-1,-1
532,3,366.08,130.36,332.26,944.04,-1,-1,-1,-1
533,0,1284.89,173.63,350.47,868.65,-1,-1,-1,-1
533,2,710.86,199.55,203.45,637.27,-1,-1,-1,-1
533,3,371.39,129.82,357.24,943.10,-1,-1,-1,-1
534,0,1289.27,177.13,330.09,829.81,-1,-1,-1,-1
534,2,690.13,193.22,197.15,647.46,-1,-1,-1,-1
534,3,377.52,134.63,391.06,931.27,-1,-1,-1,-1
535,0,1289.01,175.74,324.05,817.45,-1,-1,-1,-1
535,2,684.06,205.25,182.05,633.36,-1,-1,-1,-1
535,3,381.67,125.33,416.46,940.34,-1,-1,-1,-1
536,0,1293.37,178.56,312.57,804.15,-1,-1,-1,-1
536,2,694.94,222.94,149.66,605.98,-1,-1,-1,-1
536,3,381.67,123.66,435.25,940.67,-1,-1,-1,-1
537,0,1300.36,175.12,303.00,801.36,-1,-1,-1,-1
537,2,695.55,236.88,146.05,549.93,-1,-1,-1,-1
537,3,391.40,128.11,461.26,928.79,-1,-1,-1,-1
538,0,1307.30,180.24,294.45,785.14,-1,-1,-1,-1
538,2,684.81,251.47,137.91,519.35,-1,-1,-1,-1
538,3,418.64,119.90,462.72,942.38,-1,-1,-1,-1
539,0,1318.94,183.30,280.59,782.28,-1,-1,-1,-1
539,2,674.07,266.06,129.76,488.77,-1,-1,-1,-1
539,3,471.47,110.08,437.86,961.46,-1,-1,-1,-1
540,0,1323.46,187.62,272.35,776.48,-1,-1,-1,-1
540,2,663.33,280.65,121.62,458.19,-1,-1,-1,-1
540,3,514.10,99.29,412.77,968.56,-1,-1,-1,-1
541,0,1326.86,193.31,263.19,768.16,-1,-1,-1,-1
541,2,652.59,295.24,113.49,427.62,-1,-1,-1,-1
541,3,533.14,96.75,402.79,970.15,-1,-1,-1,-1
542,0,1330.20,182.72,253.25,781.61,-1,-1,-1,-1
542,3,544.70,97.24,414.56,968.67,-1,-1,-1,-1
543,0,1333.27,173.26,242.35,787.74,-1,-1,-1,-1
543,2,539.30,188.66,186.64,535.26,-1,-1,-1,-1
543,3,551.08,101.01,480.81,971.59,-1,-1,-1,-1
544,0,1336.47,183.57,231.79,761.30,-1,-1,-1,-1
544,2,519.18,182.36,186.41,534.62,-1,-1,-1,-1
544,3,598.27,108.39,492.59,967.13,-1,-1,-1,-1
545,0,1340.12,187.14,219.34,741.87,-1,-1,-1,-1
545,2,499.05,176.07,186.19,533.97,-1,-1,-1,-1
545,3,647.08,107.97,507.81,959.43,-1,-1,-1,-1
546,0,1335.50,198.69,221.40,701.18,-1,-1,-1,-1
546,2,478.92,169.77,185.96,533.33,-1,-1,-1,-1
546,3,722.62,107.07,466.61,966.73,-1,-1,-1,-1
547,0,1335.45,197.55,213.43,694.78,-1,-1,-1,-1
547,2,458.80,163.47,185.73,532.68,-1,-1,-1,-1
547,3,769.17,107.52,444.33,966.44,-1,-1,-1,-1
548,0,1326.31,202.70,217.21,677.54,-1,-1,-1,-1
548,3,809.50,106.71,416.48,962.66,-1,-1,-1,-1
548,6,539.18,174.75,254.84,797.25,-1,-1,-1,-1
549,0,1315.71,206.76,215.08,665.35,-1,-1,-1,-1
549,3,852.75,93.38,382.25,977.59,-1,-1,-1,-1
549,6,539.87,179.70,241.38,803.91,-1,-1,-1,-1
550,0,1285.73,212.33,238.05,650.87,-1,-1,-1,-1
550,3,888.44,80.89,377.14,995.32,-1,-1,-1,-1
550,6,539.55,181.47,234.82,795.58,-1,-1,-1,-1
551,0,1271.71,213.87,246.42,643.38,-1,-1,-1,-1
551,3,916.02,87.50,395.24,983.65,-1,-1,-1,-1
551,6,538.92,175.77,230.36,808.60,-1,-1,-1,-1
552,0,1271.66,213.27,240.73,645.82,-1,-1,-1,-1
552,3,953.85,92.34,406.22,974.11,-1,-1,-1,-1
552,6,533.23,163.09,265.63,832.84,-1,-1,-1,-1
553,0,1274.33,207.06,235.65,650.28,-1,-1,-1,-1
553,3,984.98,81.27,418.20,992.95,-1,-1,-1,-1
553,6,528.44,164.03,275.83,826.73,-1,-1,-1,-1
554,0,1275.13,205.02,219.87,639.83,-1,-1,-1,-1
554,3,1019.42,97.84,429.97,973.95,-1,-1,-1,-1
554,6,515.82,154.84,301.05,847.52,-1,-1,-1,-1
555,0,1270.76,204.13,218.07,634.64,-1,-1,-1,-1
555,3,1051.18,97.28,430.41,975.82,-1,-1,-1,-1
555,6,493.54,154.00,351.13,856.66,-1,-1,-1,-1
556,0,1266.38,203.23,216.28,629.46,-1,-1,-1,-1
556,3,1096.05,101.68,414.59,969.96,-1,-1,-1,-1
556,6,481.08,148.20,370.49,891.26,-1,-1,-1,-1
557,0,1262.00,202.34,214.49,624.27,-1,-1,-1,-1
557,3,1143.62,99.53,392.53,976.95,-1,-1,-1,-1
557,6,463.57,139.94,396.68,914.58,-1,-1,-1,-1
558,0,1257.62,201.45,212.70,619.09,-1,-1,-1,-1
558,3,1171.14,96.42,387.52,980.40,-1,-1,-1,-1
558,6,458.68,142.62,410.08,920.12,-1,-1,-1,-1
559,3,1175.44,101.77,411.41,975.55,-1,-1,-1,-1
559,6,460.38,141.89,411.49,928.73,-1,-1,-1,-1
560,0,1125.94,227.71,216.98,584.64,-1,-1,-1,-1
560,3,1154.72,105.64,463.89,966.92,-1,-1,-1,-1
560,6,470.69,143.43,396.06,925.02,-1,-1,-1,-1
561,0,1087.54,222.81,230.32,592.80,-1,-1,-1,-1
561,3,1193.76,94.40,444.34,983.94,-1,-1,-1,-1
561,6,482.01,131.61,395.01,948.24,-1,-1,-1,-1
562,0,1061.66,218.98,262.54,604.20,-1,-1,-1,-1
562,3,1231.15,97.22,424.53,977.40,-1,-1,-1,-1
562,6,500.72,123.08,387.27,960.94,-1,-1,-1,-1
563,0,1045.58,224.53,279.29,596.54,-1,-1,-1,-1
563,3,1269.84,103.82,395.82,966.54,-1,-1,-1,-1
563,6,522.63,124.37,382.28,952.26,-1,-1,-1,-1
564,0,1048.25,224.13,260.22,603.01,-1,-1,-1,-1
564,3,1295.12,108.74,377.22,964.64,-1,-1,-1,-1
564,6,538.76,122.15,369.29,947.52,-1,-1,-1,-1
565,0,1052.45,219.04,233.41,611.54,-1,-1,-1,-1
565,3,1304.68,123.88,370.17,942.50,-1,-1,-1,-1
565,6,557.45,122.08,351.63,944.89,-1,-1,-1,-1
566,0,1052.08,217.59,194.27,603.90,-1,-1,-1,-1
566,3,1324.07,138.14,347.95,925.15,-1,-1,-1,-1
566,6,583.29,120.17,316.06,942.61,-1,-1,-1,-1
567,0,1038.00,212.00,170.98,599.53,-1,-1,-1,-1
567,3,1337.67,143.20,332.25,914.90,-1,-1,-1,-1
567,6,607.89,110.87,290.77,954.96,-1,-1,-1,-1
568,0,1009.70,222.58,172.57,583.09,-1,-1,-1,-1
568,3,1342.22,129.83,329.80,936.40,-1,-1,-1,-1
568,6,642.96,101.07,256.01,963.42,-1,-1,-1,-1
569,0,980.12,225.91,191.48,577.52,-1,-1,-1,-1
569,3,1348.44,130.44,325.33,925.99,-1,-1,-1,-1
569,6,661.63,92.21,265.50,974.48,-1,-1,-1,-1
570,0,955.66,218.68,210.84,593.74,-1,-1,-1,-1
570,3,1348.82,131.44,325.33,918.80,-1,-1,-1,-1
570,6,673.18,85.27,293.56,982.15,-1,-1,-1,-1
571,0,948.54,224.27,214.77,581.98,-1,-1,-1,-1
571,3,1345.63,138.01,323.97,899.11,-1,-1,-1,-1
571,6,699.79,72.14,303.96,998.59,-1,-1,-1,-1
572,0,956.71,244.21,188.89,553.58,-1,-1,-1,-1
572,3,1341.98,142.55,319.09,893.14,-1,-1,-1,-1
572,6,732.82,71.22,318.92,990.68,-1,-1,-1,-1
573,0,944.64,251.40,184.15,539.72,-1,-1,-1,-1
573,3,1334.38,145.99,320.44,886.73,-1,-1,-1,-1
573,6,757.42,56.01,350.64,1001.87,-1,-1,-1,-1
574,0,932.58,258.60,179.41,525.85,-1,-1,-1,-1
574,3,1326.88,154.75,320.78,873.77,-1,-1,-1,-1
574,6,788.93,41.29,360.89,1017.74,-1,-1,-1,-1
575,0,920.51,265.80,174.67,511.98,-1,-1,-1,-1
575,3,1321.85,165.21,318.21,849.58,-1,-1,-1,-1
575,6,801.55,43.39,402.09,1025.85,-1,-1,-1,-1
576,0,908.44,272.99,169.93,498.12,-1,-1,-1,-1
576,3,1322.72,174.97,305.64,842.90,-1,-1,-1,-1
576,6,820.05,50.29,434.70,1018.33,-1,-1,-1,-1
577,0,835.24,434.81,177.45,387.18,-1,-1,-1,-1
577,3,1318.03,180.20,290.55,837.12,-1,-1,-1,-1
577,6,826.65,90.78,478.03,962.23,-1,-1,-1,-1
578,0,822.03,464.80,161.85,353.10,-1,-1,-1,-1
578,3,1308.39,183.55,288.23,818.17,-1,-1,-1,-1
578,6,840.00,159.46,494.06,864.71,-1,-1,-1,-1
579,0,808.82,494.79,146.24,319.02,-1,-1,-1,-1
579,3,1300.38,182.55,280.48,780.93,-1,-1,-1,-1
579,6,892.61,177.95,464.64,875.11,-1,-1,-1,-1
580,0,795.61,524.78,130.63,284.94,-1,-1,-1,-1
580,3,1310.92,181.69,251.36,745.14,-1,-1,-1,-1
580,6,952.03,202.85,457.63,858.82,-1,-1,-1,-1
581,0,782.40,554.77,115.02,250.86,-1,-1,-1,-1
581,3,1297.58,188.54,248.42,722.77,-1,-1,-1,-1
581,6,998.73,172.28,478.57,897.42,-1,-1,-1,-1
582,3,1307.47,190.30,228.67,697.39,-1,-1,-1,-1
582,6,1038.58,166.57,464.06,902.49,-1,-1,-1,-1
582,7,746.90,220.21,294.47,644.10,-1,-1,-1,-1
583,3,1313.93,180.00,212.54,749.02,-1,-1,-1,-1
583,6,1060.98,160.32,464.92,913.76,-1,-1,-1,-1
583,7,722.63,228.41,283.59,638.48,-1,-1,-1,-1
584,3,1316.90,189.90,214.88,675.70,-1,-1,-1,-1
584,6,1089.31,149.40,469.25,928.59,-1,-1,-1,-1
584,7,694.77,221.66,275.31,653.93,-1,-1,-1,-1
585,3,1318.09,196.64,206.45,649.24,-1,-1,-1,-1
585,6,1116.63,137.94,460.03,942.45,-1,-1,-1,-1
585,7,675.70,219.13,246.21,672.31,-1,-1,-1,-1
586,3,1319.27,203.38,198.02,622.78,-1,-1,-1,-1
586,6,1148.64,108.82,451.87,978.54,-1,-1,-1,-1
586,7,660.35,222.48,222.83,676.11,-1,-1,-1,-1
587,3,1320.46,210.12,189.59,596.32,-1,-1,-1,-1
587,6,1184.08,84.22,443.85,1006.15,-1,-1,-1,-1
587,7,638.25,224.95,225.37,681.93,-1,-1,-1,-1
588,3,1321.64,216.87,181.17,569.86,-1,-1,-1,-1
588,6,1221.06,89.62,435.88,984.02,-1,-1,-1,-1
588,7,609.03,221.44,250.17,698.86,-1,-1,-1,-1
589,6,1242.07,90.43,433.52,974.29,-1,-1,-1,-1
589,7,591.13,221.42,259.33,710.08,-1,-1,-1,-1
590,3,1225.54,185.40,147.41,637.17,-1,-1,-1,-1
590,6,1253.10,95.68,440.66,972.04,-1,-1,-1,-1
590,7,573.10,221.54,255.71,715.43,-1,-1,-1,-1
591,3,1198.70,177.83,159.08,661.02,-1,-1,-1,-1
591,6,1280.39,97.34,409.06,958.58,-1,-1,-1,-1
591,7,550.04,217.73,248.74,720.20,-1,-1,-1,-1
592,3,1167.71,183.44,183.93,650.02,-1,-1,-1,-1
592,6,1296.88,93.45,419.33,967.94,-1,-1,-1,-1
592,7,533.80,213.41,224.70,723.64,-1,-1,-1,-1
593,3,1132.12,188.58,223.60,644.98,-1,-1,-1,-1
593,6,1319.40,96.36,393.08,936.36,-1,-1,-1,-1
593,7,510.58,206.72,218.15,733.21,-1,-1,-1,-1
594,3,1101.18,198.02,252.98,634.43,-1,-1,-1,-1
594,6,1340.38,100.96,332.25,908.65,-1,-1,-1,-1
594,7,468.98,202.23,246.83,739.83,-1,-1,-1,-1
595,3,1091.31,187.39,249.43,653.26,-1,-1,-1,-1
595,6,1356.36,100.95,279.46,893.55,-1,-1,-1,-1
595,7,443.38,198.48,259.25,753.34,-1,-1,-1,-1
596,3,1071.47,197.03,263.40,643.22,-1,-1,-1,-1
596,6,1360.35,112.90,255.28,884.32,-1,-1,-1,-1
596,7,429.00,200.97,261.77,760.93,-1,-1,-1,-1
597,3,1057.17,205.23,249.91,632.20,-1,-1,-1,-1
597,6,1363.42,114.76,236.88,895.68,-1,-1,-1,-1
597,7,418.63,203.00,256.45,760.41,-1,-1,-1,-1
598,3,1039.41,213.26,242.09,620.86,-1,-1,-1,-1
598,6,1348.88,110.60,240.02,918.92,-1,-1,-1,-1
598,7,396.56,200.53,251.29,760.83,-1,-1,-1,-1
599,3,1026.08,213.65,234.65,619.71,-1,-1,-1,-1
599,6,1334.88,119.27,245.76,895.45,-1,-1,-1,-1
599,7,377.15,198.19,254.71,770.42,-1,-1,-1,-1
600,3,1008.95,202.08,221.73,632.76,-1,-1,-1,-1
600,6,1326.12,120.20,236.95,880.23,-1,-1,-1,-1
600,7,361.88,196.50,261.79,781.95,-1,-1,-1,-1
601,3,990.99,211.04,199.84,620.52,-1,-1,-1,-1
601,6,1303.60,118.51,251.36,877.19,-1,-1,-1,-1
601,7,342.34,193.50,281.43,806.00,-1,-1,-1,-1
602,3,966.81,213.51,204.23,613.14,-1,-1,-1,-1
602,6,1274.54,118.56,279.31,877.33,-1,-1,-1,-1
602,7,322.66,187.75,306.22,826.71,-1,-1,-1,-1
603,3,942.67,217.33,219.94,600.66,-1,-1,-1,-1
603,6,1245.60,128.51,309.73,858.87,-1,-1,-1,-1
603,7,314.63,184.83,322.03,841.91,-1,-1,-1,-1
604,3,913.90,220.95,242.63,586.50,-1,-1,-1,-1
604,6,1227.94,137.77,325.32,844.57,-1,-1,-1,-1
604,7,317.66,187.23,328.81,850.06,-1,-1,-1,-1
605,3,876.18,225.29,275.30,580.08,-1,-1,-1,-1
605,6,1219.68,138.62,329.53,838.26,-1,-1,-1,-1
605,7,327.85,186.20,330.51,863.87,-1,-1,-1,-1
606,3,847.53,231.68,292.46,567.06,-1,-1,-1,-1
606,6,1220.10,143.06,313.76,824.51,-1,-1,-1,-1
606,7,341.79,181.94,322.10,877.74,-1,-1,-1,-1
607,3,829.07,232.03,307.45,563.14,-1,-1,-1,-1
607,6,1219.86,149.52,304.59,811.60,-1,-1,-1,-1
607,7,350.85,176.81,318.32,888.48,-1,-1,-1,-1
608,3,806.91,237.88,312.14,548.59,-1,-1,-1,-1
608,6,1212.09,155.14,290.08,790.57,-1,-1,-1,-1
608,7,365.14,174.78,306.69,895.60,-1,-1,-1,-1
609,3,784.59,229.74,295.74,555.02,-1,-1,-1,-1
609,6,1206.76,153.40,278.46,775.96,-1,-1,-1,-1
609,7,380.02,170.48,294.36,897.13,-1,-1,-1,-1
610,3,760.05,224.71,275.18,562.61,-1,-1,-1,-1
610,6,1204.61,154.21,259.87,776.73,-1,-1,-1,-1
610,7,398.09,173.49,290.10,895.18,-1,-1,-1,-1
611,3,731.12,222.80,270.55,559.12,-1,-1,-1,-1
611,6,1201.01,158.24,234.91,764.85,-1,-1,-1,-1
611,7,417.82,178.53,283.35,889.31,-1,-1,-1,-1
612,3,701.00,213.03,274.34,571.94,-1,-1,-1,-1
612,6,1178.39,152.20,234.28,752.65,-1,-1,-1,-1
612,7,437.05,180.53,274.72,884.53,-1,-1,-1,-1
613,3,689.36,215.05,266.82,570.51,-1,-1,-1,-1
613,6,1161.16,146.87,237.25,745.66,-1,-1,-1,-1
613,7,451.84,184.63,271.66,880.74,-1,-1,-1,-1
614,3,683.61,212.73,259.77,575.31,-1,-1,-1,-1
614,6,1140.98,142.94,248.66,752.21,-1,-1,-1,-1
614,7,470.35,177.03,267.52,895.44,-1,-1,-1,-1
615,3,700.56,222.94,238.04,567.16,-1,-1,-1,-1
615,6,1120.02,146.65,270.36,747.59,-1,-1,-1,-1
615,7,492.34,170.23,273.71,908.94,-1,-1,-1,-1
616,3,716.64,228.29,214.16,559.53,-1,-1,-1,-1
616,6,1110.46,152.97,278.63,732.63,-1,-1,-1,-1
616,7,521.60,178.68,266.63,892.29,-1,-1,-1,-1
617,3,725.24,229.54,198.43,567.05,-1,-1,-1,-1
617,6,1114.36,160.16,273.25,723.48,-1,-1,-1,-1
617,7,544.83,161.73,282.73,905.58,-1,-1,-1,-1
618,3,713.21,229.90,198.72,567.89,-1,-1,-1,-1
618,6,1114.12,166.01,284.14,717.73,-1,-1,-1,-1
618,7,579.36,139.52,295.88,932.24,-1,-1,-1,-1
619,3,701.18,230.26,199.01,568.73,-1,-1,-1,-1
619,6,1105.99,173.33,280.08,711.27,-1,-1,-1,-1
619,7,614.94,145.17,291.06,924.31,-1,-1,-1,-1
620,3,689.15,230.62,199.30,569.57,-1,-1,-1,-1
620,6,1109.51,180.88,260.80,696.65,-1,-1,-1,-1
620,7,636.98,132.16,325.19,945.29,-1,-1,-1,-1
621,3,617.75,240.27,163.14,550.68,-1,-1,-1,-1
621,6,1113.05,179.63,221.43,690.74,-1,-1,-1,-1
621,7,641.21,166.73,386.75,902.19,-1,-1,-1,-1
622,3,580.43,239.27,178.61,555.81,-1,-1,-1,-1
622,6,1099.10,173.69,216.47,693.49,-1,-1,-1,-1
622,7,667.07,189.06,391.64,879.50,-1,-1,-1,-1
623,3,540.93,233.96,219.42,571.98,-1,-1,-1,-1
623,6,1090.15,177.28,202.64,683.52,-1,-1,-1,-1
623,7,699.18,218.71,361.96,843.13,-1,-1,-1,-1
624,3,504.89,228.15,258.75,592.38,-1,-1,-1,-1
624,6,1061.26,173.59,212.72,684.64,-1,-1,-1,-1
624,7,735.02,174.10,339.19,904.29,-1,-1,-1,-1
625,3,472.37,234.48,290.42,594.06,-1,-1,-1,-1
625,6,1039.50,176.93,219.74,695.76,-1,-1,-1,-1
625,7,768.46,167.21,324.98,904.25,-1,-1,-1,-1
626,3,455.39,240.13,303.53,594.91,-1,-1,-1,-1
626,6,1024.18,175.51,227.47,691.87,-1,-1,-1,-1
626,7,811.01,170.64,291.98,886.93,-1,-1,-1,-1
627,3,439.75,238.38,309.17,611.89,-1,-1,-1,-1
627,6,1021.98,177.65,222.25,679.47,-1,-1,-1,-1
627,7,859.75,174.97,276.72,873.40,-1,-1,-1,-1
628,3,433.44,242.67,296.93,611.78,-1,-1,-1,-1
628,6,1010.13,169.30,229.18,732.16,-1,-1,-1,-1
628,7,890.10,147.15,298.44,909.00,-1,-1,-1,-1
629,3,430.10,238.54,271.67,622.44,-1,-1,-1,-1
629,6,995.60,161.43,235.20,751.40,-1,-1,-1,-1
629,7,913.81,126.99,315.55,940.64,-1,-1,-1,-1
630,3,430.82,238.72,245.52,620.98,-1,-1,-1,-1
630,6,981.08,153.57,241.22,770.64,-1,-1,-1,-1
630,7,926.22,116.64,331.21,953.00,-1,-1,-1,-1
631,3,426.26,231.88,233.10,633.10,-1,-1,-1,-1
631,6,966.56,145.70,247.24,789.88,-1,-1,-1,-1
631,7,941.66,127.10,355.06,935.85,-1,-1,-1,-1
632,3,419.18,220.10,226.56,649.38,-1,-1,-1,-1
632,6,952.04,137.83,253.25,809.12,-1,-1,-1,-1
632,7,951.99,144.34,383.16,923.20,-1,-1,-1,-1
633,3,406.71,220.39,230.68,649.15,-1,-1,-1,-1
633,6,946.66,210.13,175.50,583.87,-1,-1,-1,-1
633,7,961.73,134.16,394.28,937.04,-1,-1,-1,-1
634,3,390.85,221.45,234.15,651.16,-1,-1,-1,-1
634,6,921.95,197.19,182.19,573.72,-1,-1,-1,-1
634,7,977.15,98.72,390.32,979.03,-1,-1,-1,-1
635,3,375.48,222.00,239.44,662.21,-1,-1,-1,-1
635,6,904.21,194.34,195.52,582.65,-1,-1,-1,-1
635,7,1007.38,109.43,370.06,963.21,-1,-1,-1,-1
636,3,366.12,211.04,235.50,695.73,-1,-1,-1,-1
636,6,882.33,187.54,216.73,604.02,-1,-1,-1,-1
636,7,1064.34,117.14,319.48,950.76,-1,-1,-1,-1
637,3,367.42,205.92,219.53,718.47,-1,-1,-1,-1
637,6,856.71,191.07,239.00,604.15,-1,-1,-1,-1
637,7,1105.39,127.58,294.37,938.39,-1,-1,-1,-1
638,3,368.60,195.97,221.71,740.43,-1,-1,-1,-1
638,6,833.90,195.74,265.88,608.23,-1,-1,-1,-1
638,7,1165.49,127.22,250.59,932.93,-1,-1,-1,-1
639,3,369.25,191.49,214.46,747.48,-1,-1,-1,-1
639,6,821.93,203.16,263.55,601.32,-1,-1,-1,-1
639,7,1201.32,132.01,250.98,923.00,-1,-1,-1,-1
640,3,369.20,193.56,204.53,753.75,-1,-1,-1,-1
640,6,816.69,209.63,245.95,599.63,-1,-1,-1,-1
640,7,1223.69,126.95,258.06,930.64,-1,-1,-1,-1
641,3,364.73,194.16,197.23,762.71,-1,-1,-1,-1
641,6,810.99,216.43,212.26,590.90,-1,-1,-1,-1
641,7,1238.18,129.48,268.57,927.82,-1,-1,-1,-1
642,3,352.67,188.90,202.88,789.48,-1,-1,-1,-1
642,6,794.88,205.41,195.11,614.14,-1,-1,-1,-1
642,7,1248.66,137.39,280.41,922.91,-1,-1,-1,-1
643,3,333.75,190.89,221.06,775.08,-1,-1,-1,-1
643,6,774.60,201.15,187.33,617.05,-1,-1,-1,-1
643,7,1260.96,137.87,290.71,926.51,-1,-1,-1,-1
644,3,313.16,192.07,245.55,779.61,-1,-1,-1,-1
644,6,753.35,201.07,189.01,617.13,-1,-1,-1,-1
644,7,1276.30,136.03,298.72,935.00,-1,-1,-1,-1
645,3,295.66,189.37,263.99,796.30,-1,-1,-1,-1
645,6,718.82,210.49,212.60,599.43,-1,-1,-1,-1
645,7,1292.25,122.17,306.22,951.93,-1,-1,-1,-1
646,3,278.84,184.85,282.95,829.10,-1,-1,-1,-1
646,6,688.95,215.99,232.11,598.82,-1,-1,-1,-1
646,7,1310.74,122.48,314.07,950.84,-1,-1,-1,-1
647,3,265.16,182.98,299.88,853.45,-1,-1,-1,-1
647,6,677.10,223.60,238.92,587.49,-1,-1,-1,-1
647,7,1331.54,134.59,308.10,924.80,-1,-1,-1,-1
648,3,255.79,185.24,310.06,861.72,-1,-1,-1,-1
648,6,664.09,225.13,238.42,590.96,-1,-1,-1,-1
648,7,1351.88,129.91,297.43,931.66,-1,-1,-1,-1
649,3,246.05,181.42,319.84,880.66,-1,-1,-1,-1
649,6,659.64,230.94,221.58,591.27,-1,-1,-1,-1
649,7,1360.24,130.26,309.78,929.21,-1,-1,-1,-1
650,3,241.64,180.66,322.29,892.37,-1,-1,-1,-1
650,6,652.19,234.46,224.04,586.01,-1,-1,-1,-1
650,7,1365.28,134.37,321.86,918.93,-1,-1,-1,-1
651,3,232.83,177.94,328.77,891.97,-1,-1,-1,-1
651,6,628.90,228.11,273.96,585.33,-1,-1,-1,-1
651,7,1372.11,143.21,325.14,904.99,-1,-1,-1,-1
652,3,224.52,174.77,338.00,887.73,-1,-1,-1,-1
652,6,610.65,222.73,313.19,590.78,-1,-1,-1,-1
652,7,1377.93,150.26,338.80,892.65,-1,-1,-1,-1
653,3,232.77,170.76,341.01,890.04,-1,-1,-1,-1
653,6,593.25,218.55,326.58,600.51,-1,-1,-1,-1
653,7,1373.29,154.52,361.42,883.33,-1,-1,-1,-1
654,3,250.46,158.69,346.06,916.33,-1,-1,-1,-1
654,6,579.55,214.52,331.63,609.33,-1,-1,-1,-1
654,7,1360.87,153.26,375.87,876.16,-1,-1,-1,-1
655,3,264.48,150.75,359.70,931.35,-1,-1,-1,-1
655,6,574.12,216.79,314.40,609.62,-1,-1,-1,-1
655,7,1352.32,150.42,386.34,874.86,-1,-1,-1,-1
656,3,304.91,149.60,357.65,934.46,-1,-1,-1,-1
656,6,575.32,215.24,271.37,626.96,-1,-1,-1,-1
656,7,1345.09,151.77,397.87,852.32,-1,-1,-1,-1
657,3,333.35,159.44,369.27,922.84,-1,-1,-1,-1
657,6,572.38,211.82,240.28,624.78,-1,-1,-1,-1
657,7,1347.54,150.95,403.39,838.06,-1,-1,-1,-1
658,3,347.05,173.57,375.45,902.37,-1,-1,-1,-1
658,6,573.93,212.19,210.94,594.84,-1,-1,-1,-1
658,7,1361.23,149.93,396.74,829.01,-1,-1,-1,-1
659,3,367.84,179.21,377.37,896.58,-1,-1,-1,-1
659,6,583.50,222.55,180.93,493.67,-1,-1,-1,-1
659,7,1379.63,160.73,380.83,805.71,-1,-1,-1,-1
660,3,406.58,163.82,346.12,914.73,-1,-1,-1,-1
660,6,580.36,239.65,163.17,445.21,-1,-1,-1,-1
660,7,1384.86,163.73,368.97,799.37,-1,-1,-1,-1
661,3,446.11,149.14,313.91,926.87,-1,-1,-1,-1
661,6,577.22,256.75,145.41,396.74,-1,-1,-1,-1
661,7,1380.50,171.28,361.59,796.99,-1,-1,-1,-1
662,3,472.27,143.61,300.10,925.31,-1,-1,-1,-1
662,6,574.08,273.84,127.65,348.28,-1,-1,-1,-1
662,7,1376.59,176.56,348.81,788.24,-1,-1,-1,-1
663,3,473.74,133.68,326.16,929.01,-1,-1,-1,-1
663,6,570.94,290.94,109.88,299.81,-1,-1,-1,-1
663,7,1373.65,237.39,329.78,699.61,-1,-1,-1,-1
664,3,494.73,129.97,356.23,939.06,-1,-1,-1,-1
664,7,1361.15,218.61,320.03,714.99,-1,-1,-1,-1
665,3,537.10,127.63,345.06,936.66,-1,-1,-1,-1
665,6,446.66,169.21,211.84,762.86,-1,-1,-1,-1
665,7,1351.20,201.00,316.84,736.34,-1,-1,-1,-1
666,3,570.18,120.80,355.25,952.62,-1,-1,-1,-1
666,6,424.07,163.89,230.31,786.85,-1,-1,-1,-1
666,7,1344.36,231.62,306.42,685.67,-1,-1,-1,-1
667,3,600.97,130.30,354.38,943.63,-1,-1,-1,-1
667,6,410.47,168.26,236.27,783.63,-1,-1,-1,-1
667,7,1334.72,211.56,294.97,698.71,-1,-1,-1,-1
668,3,611.21,112.38,378.57,963.87,-1,-1,-1,-1
668,6,400.40,175.71,233.37,768.90,-1,-1,-1,-1
668,7,1324.91,201.11,285.42,706.30,-1,-1,-1,-1
669,3,644.30,103.89,384.11,976.10,-1,-1,-1,-1
669,6,391.95,181.00,225.68,753.85,-1,-1,-1,-1
669,7,1315.47,195.86,274.41,703.06,-1,-1,-1,-1
670,3,677.36,117.01,387.22,951.10,-1,-1,-1,-1
670,6,380.99,185.19,225.03,743.63,-1,-1,-1,-1
670,7,1307.82,200.29,259.91,696.89,-1,-1,-1,-1
671,3,709.65,114.57,375.16,955.00,-1,-1,-1,-1
671,6,371.93,182.53,233.27,757.58,-1,-1,-1,-1
671,7,1296.03,197.61,260.43,696.51,-1,-1,-1,-1
672,3,749.58,97.24,368.32,979.07,-1,-1,-1,-1
672,6,372.09,186.99,221.58,768.30,-1,-1,-1,-1
672,7,1280.72,199.00,259.27,698.40,-1,-1,-1,-1
673,3,797.85,94.50,360.73,978.79,-1,-1,-1,-1
673,6,376.03,179.95,214.85,785.25,-1,-1,-1,-1
673,7,1266.24,207.63,256.66,676.10,-1,-1,-1,-1
674,3,847.62,94.58,342.42,978.33,-1,-1,-1,-1
674,6,369.21,174.84,227.70,801.65,-1,-1,-1,-1
674,7,1255.03,224.80,246.14,647.57,-1,-1,-1,-1