3,1,1.73,252.57,91.30,577.17,-1,-1,-1,-1
17,1,4.98,272.89,94.61,588.66,-1,-1,-1,-1
18,1,18.27,271.90,100.51,580.06,-1,-1,-1,-1
19,1,26.09,282.26,106.63,567.63,-1,-1,-1,-1
20,1,26.66,255.03,117.54,589.75,-1,-1,-1,-1
21,1,27.53,251.16,126.33,599.41,-1,-1,-1,-1
22,1,29.64,250.47,133.43,597.82,-1,-1,-1,-1
23,1,30.56,248.85,140.54,597.10,-1,-1,-1,-1
24,1,28.88,246.99,147.96,601.67,-1,-1,-1,-1
25,1,25.92,238.72,158.36,622.31,-1,-1,-1,-1
26,1,25.44,234.83,166.28,631.60,-1,-1,-1,-1
27,1,31.30,237.86,172.76,633.10,-1,-1,-1,-1
28,1,36.37,240.19,180.48,639.01,-1,-1,-1,-1
29,1,38.48,242.21,187.48,642.95,-1,-1,-1,-1
30,1,40.51,243.62,194.09,646.87,-1,-1,-1,-1
31,1,43.08,242.98,200.49,652.15,-1,-1,-1,-1
32,1,48.43,241.43,205.66,656.09,-1,-1,-1,-1
33,1,53.62,240.28,209.78,659.52,-1,-1,-1,-1
34,1,63.28,233.01,215.21,666.74,-1,-1,-1,-1
35,1,75.87,228.76,220.01,671.41,-1,-1,-1,-1
36,1,94.77,228.34,222.46,670.43,-1,-1,-1,-1
37,1,117.29,230.59,225.06,669.71,-1,-1,-1,-1
38,1,130.86,232.46,227.90,669.85,-1,-1,-1,-1
39,1,145.85,234.27,230.13,669.51,-1,-1,-1,-1
40,1,163.52,230.23,230.99,667.09,-1,-1,-1,-1
41,1,182.23,226.40,234.80,673.50,-1,-1,-1,-1
42,1,196.42,223.69,235.57,672.63,-1,-1,-1,-1
43,1,224.82,222.01,235.69,672.18,-1,-1,-1,-1
44,1,244.90,224.42,236.36,673.03,-1,-1,-1,-1
45,1,269.14,219.27,240.52,682.20,-1,-1,-1,-1
46,1,294.27,225.13,241.93,683.07,-1,-1,-1,-1
47,1,315.95,229.00,241.97,680.14,-1,-1,-1,-1
48,1,333.81,227.39,245.02,682.80,-1,-1,-1,-1
49,1,354.02,220.79,248.69,690.43,-1,-1,-1,-1
50,1,366.56,212.50,251.95,695.00,-1,-1,-1,-1
51,1,385.76,203.76,255.75,703.72,-1,-1,-1,-1
52,1,409.62,203.00,256.78,706.29,-1,-1,-1,-1
53,1,433.18,200.21,258.23,708.64,-1,-1,-1,-1
54,1,461.56,204.33,255.99,698.45,-1,-1,-1,-1
55,1,479.27,205.73,256.11,695.46,-1,-1,-1,-1
56,1,494.89,207.58,257.47,692.41,-1,-1,-1,-1
57,1,515.20,208.02,259.33,690.06,-1,-1,-1,-1
58,1,537.86,208.23,258.65,682.90,-1,-1,-1,-1
59,1,565.75,210.48,255.19,675.68,-1,-1,-1,-1
60,1,581.81,211.90,252.49,669.81,-1,-1,-1,-1
61,1,611.46,212.60,246.69,661.20,-1,-1,-1,-1
62,1,638.85,212.39,246.37,667.13,-1,-1,-1,-1
63,1,667.76,209.17,248.84,674.88,-1,-1,-1,-1
64,1,687.01,211.25,249.06,675.20,-1,-1,-1,-1
65,1,706.52,213.33,248.28,672.27,-1,-1,-1,-1
66,1,729.73,213.17,247.17,668.35,-1,-1,-1,-1
67,1,754.17,213.20,245.49,664.65,-1,-1,-1,-1
68,1,769.04,211.43,244.95,663.53,-1,-1,-1,-1
69,1,789.59,209.24,242.67,660.43,-1,-1,-1,-1
70,1,812.26,206.09,243.60,665.99,-1,-1,-1,-1
71,1,839.97,204.20,242.81,668.54,-1,-1,-1,-1
72,1,858.62,207.03,239.44,663.02,-1,-1,-1,-1
73,1,879.41,210.08,236.90,659.57,-1,-1,-1,-1
74,1,896.79,211.53,234.99,655.71,-1,-1,-1,-1
75,1,909.58,212.11,233.96,653.10,-1,-1,-1,-1
76,1,930.87,212.62,232.18,647.05,-1,-1,-1,-1
77,1,949.36,208.55,230.77,642.58,-1,-1,-1,-1
78,1,964.87,206.74,228.55,640.11,-1,-1,-1,-1
79,1,979.40,207.56,225.75,635.03,-1,-1,-1,-1
80,1,998.21,204.07,225.88,638.14,-1,-1,-1,-1
81,1,1018.92,202.54,224.26,633.66,-1,-1,-1,-1
82,1,1038.07,207.03,224.43,632.40,-1,-1,-1,-1
83,1,1053.36,210.78,225.74,632.90,-1,-1,-1,-1
84,1,1062.88,212.52,227.68,635.00,-1,-1,-1,-1
85,1,1077.53,212.69,226.65,633.61,-1,-1,-1,-1
86,1,1093.70,213.51,222.45,628.25,-1,-1,-1,-1
87,1,1106.44,205.43,222.52,635.57,-1,-1,-1,-1
88,1,1116.28,202.72,222.08,642.45,-1,-1,-1,-1
89,1,1129.18,196.55,225.08,655.79,-1,-1,-1,-1
90,1,1146.43,197.36,225.05,655.32,-1,-1,-1,-1
91,1,1164.57,200.40,227.44,659.09,-1,-1,-1,-1
92,1,1176.69,199.50,231.99,668.19,-1,-1,-1,-1
93,1,1191.99,203.29,237.51,677.76,-1,-1,-1,-1
94,1,1201.94,201.03,246.09,697.72,-1,-1,-1,-1
95,1,1213.82,199.90,250.44,705.15,-1,-1,-1,-1
96,1,1229.40,197.57,251.32,702.11,-1,-1,-1,-1
97,1,1239.01,195.13,251.43,701.19,-1,-1,-1,-1
98,1,1248.78,188.60,255.52,711.07,-1,-1,-1,-1
99,1,1254.77,179.97,262.12,728.48,-1,-1,-1,-1
100,1,1256.64,175.67,272.13,757.53,-1,-1,-1,-1
101,1,1256.24,172.30,283.01,790.19,-1,-1,-1,-1
102,1,1258.04,170.77,288.13,805.32,-1,-1,-1,-1
103,1,1261.40,169.29,293.13,820.35,-1,-1,-1,-1
104,1,1262.54,171.41,296.57,826.93,-1,-1,-1,-1
105,1,1261.88,169.10,300.83,834.93,-1,-1,-1,-1
106,1,1263.03,164.80,302.71,835.93,-1,-1,-1,-1
107,1,1263.81,162.96,303.77,833.36,-1,-1,-1,-1
108,1,1262.68,161.55,308.89,841.78,-1,-1,-1,-1
109,1,1258.60,157.93,321.65,877.91,-1,-1,-1,-1
110,1,1247.62,152.95,331.70,910.39,-1,-1,-1,-1
111,1,1245.42,146.62,332.60,915.27,-1,-1,-1,-1
112,1,1243.44,150.90,330.57,913.58,-1,-1,-1,-1
113,1,1241.23,152.13,327.09,912.16,-1,-1,-1,-1
114,1,1245.21,156.42,322.62,909.47,-1,-1,-1,-1
115,1,1238.68,155.06,322.09,918.14,-1,-1,-1,-1
116,1,1228.50,150.69,319.79,918.93,-1,-1,-1,-1
117,1,1219.66,146.45,319.97,922.23,-1,-1,-1,-1
118,1,1207.11,140.20,324.40,932.55,-1,-1,-1,-1
119,1,1193.50,136.54,330.45,946.43,-1,-1,-1,-1
120,1,1182.02,135.50,330.58,943.57,-1,-1,-1,-1
121,1,1172.08,137.76,330.80,943.45,-1,-1,-1,-1
122,1,1163.35,139.25,327.73,933.08,-1,-1,-1,-1
123,1,1154.45,145.65,323.72,920.62,-1,-1,-1,-1
124,1,1140.73,153.18,317.66,906.89,-1,-1,-1,-1
125,1,1127.51,152.14,310.05,887.21,-1,-1,-1,-1
126,1,1118.39,152.81,308.45,885.47,-1,-1,-1,-1
127,1,1111.14,154.50,302.92,871.81,-1,-1,-1,-1
128,1,1096.46,163.42,299.00,863.85,-1,-1,-1,-1
129,1,1081.23,165.46,292.09,838.09,-1,-1,-1,-1
130,1,1070.58,170.19,289.31,824.86,-1,-1,-1,-1
131,1,1062.36,173.41,288.47,818.72,-1,-1,-1,-1
132,1,1050.82,174.29,287.32,812.53,-1,-1,-1,-1
133,1,1038.92,179.16,281.10,794.09,-1,-1,-1,-1
134,1,1024.22,182.39,275.95,780.50,-1,-1,-1,-1
134,2,2.71,224.44,127.53,588.88,-1,-1,-1,-1
135,1,1016.82,183.86,268.87,760.28,-1,-1,-1,-1
135,2,6.41,232.61,127.75,588.62,-1,-1,-1,-1
136,1,1006.02,185.55,263.65,748.26,-1,-1,-1,-1
136,2,13.66,239.65,125.93,576.00,-1,-1,-1,-1
137,1,996.50,186.04,261.50,745.43,-1,-1,-1,-1
137,2,18.85,237.48,127.30,575.39,-1,-1,-1,-1
138,1,988.37,190.39,259.20,740.39,-1,-1,-1,-1
138,2,22.06,232.06,130.08,578.67,-1,-1,-1,-1
139,1,982.98,196.89,256.54,734.11,-1,-1,-1,-1
139,2,29.72,228.78,133.05,576.31,-1,-1,-1,-1
140,1,978.65,202.29,254.28,728.32,-1,-1,-1,-1
140,2,34.82,228.53,136.57,573.91,-1,-1,-1,-1
141,1,975.42,209.63,248.36,711.85,-1,-1,-1,-1
141,2,42.72,227.51,143.31,581.43,-1,-1,-1,-1
142,1,972.30,213.36,242.01,693.43,-1,-1,-1,-1
142,2,62.11,223.90,150.24,585.78,-1,-1,-1,-1
143,1,970.79,214.02,232.85,664.78,-1,-1,-1,-1
143,2,80.49,225.97,156.72,588.07,-1,-1,-1,-1
144,1,964.73,212.23,229.73,651.43,-1,-1,-1,-1
144,2,94.49,225.75,162.91,591.76,-1,-1,-1,-1
145,1,959.34,210.01,228.77,647.07,-1,-1,-1,-1
145,2,100.35,224.65,168.85,595.62,-1,-1,-1,-1
146,1,955.81,206.51,227.70,643.37,-1,-1,-1,-1
146,2,114.11,221.10,173.46,597.05,-1,-1,-1,-1
147,1,946.48,211.79,225.94,637.11,-1,-1,-1,-1
147,2,125.40,220.03,180.22,605.98,-1,-1,-1,-1
148,1,938.29,218.66,223.07,627.55,-1,-1,-1,-1
148,2,142.94,217.46,184.14,605.32,-1,-1,-1,-1
149,1,932.78,221.86,221.47,622.24,-1,-1,-1,-1
149,2,153.31,216.05,187.95,604.05,-1,-1,-1,-1
150,1,927.18,223.51,220.10,616.16,-1,-1,-1,-1
150,2,173.90,220.95,187.08,587.38,-1,-1,-1,-1
151,1,917.25,220.49,217.42,608.97,-1,-1,-1,-1
151,2,193.26,218.00,193.16,592.59,-1,-1,-1,-1
152,1,904.04,217.73,215.88,604.87,-1,-1,-1,-1
152,2,208.77,218.20,196.41,591.56,-1,-1,-1,-1
153,1,890.75,215.38,214.57,602.35,-1,-1,-1,-1
153,2,224.53,221.51,198.30,587.76,-1,-1,-1,-1
154,1,880.31,215.42,214.88,602.80,-1,-1,-1,-1
154,2,233.76,219.50,202.63,592.96,-1,-1,-1,-1
155,1,871.19,218.67,210.71,592.01,-1,-1,-1,-1
155,2,251.30,219.30,202.76,588.27,-1,-1,-1,-1
156,1,859.48,219.94,210.31,589.99,-1,-1,-1,-1
156,2,269.39,218.72,203.90,588.40,-1,-1,-1,-1
157,1,849.52,222.84,208.77,587.19,-1,-1,-1,-1
157,2,292.82,222.28,199.31,574.76,-1,-1,-1,-1
158,1,841.43,222.66,209.50,589.54,-1,-1,-1,-1
158,2,308.58,223.91,199.60,572.81,-1,-1,-1,-1
159,1,829.94,221.19,211.10,593.72,-1,-1,-1,-1
159,2,327.98,225.87,201.33,572.72,-1,-1,-1,-1
160,1,816.01,224.46,211.60,597.91,-1,-1,-1,-1
160,2,348.76,222.28,205.07,577.69,-1,-1,-1,-1
161,1,806.59,223.53,211.27,594.75,-1,-1,-1,-1
161,2,367.47,219.95,209.31,583.31,-1,-1,-1,-1
162,1,795.86,227.14,210.21,587.90,-1,-1,-1,-1
162,2,381.69,218.97,212.78,586.53,-1,-1,-1,-1
163,1,785.76,233.11,207.97,578.29,-1,-1,-1,-1
163,2,398.13,221.65,214.24,585.92,-1,-1,-1,-1
164,1,772.98,235.98,207.26,571.94,-1,-1,-1,-1
164,2,414.83,217.98,216.85,592.46,-1,-1,-1,-1
165,1,755.85,230.63,210.28,579.55,-1,-1,-1,-1
165,2,432.66,216.87,217.69,593.89,-1,-1,-1,-1
166,1,741.61,226.91,213.98,588.29,-1,-1,-1,-1
166,2,447.84,216.80,216.95,591.32,-1,-1,-1,-1
167,1,720.79,225.63,219.74,603.66,-1,-1,-1,-1
167,2,467.88,216.25,216.58,591.28,-1,-1,-1,-1
168,1,701.53,225.28,224.69,616.61,-1,-1,-1,-1
168,2,489.41,215.36,217.57,593.94,-1,-1,-1,-1
169,1,684.27,228.18,227.03,624.16,-1,-1,-1,-1
169,2,507.33,213.46,218.14,596.02,-1,-1,-1,-1
170,1,675.71,229.99,228.24,627.18,-1,-1,-1,-1
170,2,519.43,213.05,218.80,598.75,-1,-1,-1,-1
171,1,662.17,219.76,230.42,634.95,-1,-1,-1,-1
171,2,535.44,218.75,218.11,596.96,-1,-1,-1,-1
172,1,647.95,217.33,226.31,627.03,-1,-1,-1,-1
172,2,552.49,224.50,216.50,593.62,-1,-1,-1,-1
173,1,627.47,219.00,224.69,624.49,-1,-1,-1,-1
174,1,608.65,216.96,228.35,636.58,-1,-1,-1,-1
175,1,598.59,219.51,227.39,635.76,-1,-1,-1,-1
176,1,591.22,220.92,226.04,631.49,-1,-1,-1,-1
177,1,597.65,222.47,221.02,616.82,-1,-1,-1,-1
178,1,606.96,229.07,219.48,611.43,-1,-1,-1,-1
179,1,560.37,234.09,225.56,623.15,-1,-1,-1,-1
180,1,534.86,232.32,227.88,625.48,-1,-1,-1,-1
180,3,716.57,217.66,214.74,579.42,-1,-1,-1,-1
181,1,521.95,232.42,227.67,621.47,-1,-1,-1,-1
181,3,725.69,218.89,214.14,577.88,-1,-1,-1,-1
182,1,510.40,232.70,227.21,614.38,-1,-1,-1,-1
182,3,738.35,211.74,216.38,584.39,-1,-1,-1,-1
183,1,501.95,234.43,229.49,616.77,-1,-1,-1,-1
183,3,758.01,207.04,219.55,594.28,-1,-1,-1,-1
184,1,494.73,231.85,231.14,618.99,-1,-1,-1,-1
184,3,779.37,208.92,218.37,593.70,-1,-1,-1,-1
185,1,489.22,232.75,231.05,617.35,-1,-1,-1,-1
185,3,804.24,212.70,216.48,591.41,-1,-1,-1,-1
186,1,485.50,232.58,231.91,618.28,-1,-1,-1,-1
186,3,818.51,209.70,215.24,590.51,-1,-1,-1,-1
187,1,479.71,234.08,231.53,616.59,-1,-1,-1,-1
187,3,841.05,208.86,212.69,583.20,-1,-1,-1,-1
188,1,471.73,234.71,230.65,613.28,-1,-1,-1,-1
188,3,861.07,210.05,210.70,576.70,-1,-1,-1,-1
189,1,459.06,225.94,232.29,619.86,-1,-1,-1,-1
189,3,877.80,207.16,211.68,578.62,-1,-1,-1,-1
190,1,447.92,221.15,234.42,629.14,-1,-1,-1,-1
190,3,892.64,207.36,211.47,578.47,-1,-1,-1,-1
191,1,436.08,219.46,235.51,636.70,-1,-1,-1,-1
191,3,907.70,206.03,211.46,580.73,-1,-1,-1,-1
192,1,423.77,216.93,235.56,643.11,-1,-1,-1,-1
192,3,926.36,205.71,206.87,571.79,-1,-1,-1,-1
193,1,413.95,220.07,232.45,641.65,-1,-1,-1,-1
193,3,943.88,204.77,204.39,568.83,-1,-1,-1,-1
194,1,399.80,223.84,236.55,652.57,-1,-1,-1,-1
194,3,960.88,204.54,203.30,567.12,-1,-1,-1,-1
195,1,392.96,226.69,237.89,654.83,-1,-1,-1,-1
195,3,974.85,202.62,204.24,570.71,-1,-1,-1,-1
196,1,384.27,227.87,240.02,658.56,-1,-1,-1,-1
196,3,994.77,199.38,206.40,573.36,-1,-1,-1,-1
197,1,369.06,220.26,246.81,671.11,-1,-1,-1,-1
197,3,1011.09,202.33,206.87,570.05,-1,-1,-1,-1
198,1,352.17,215.16,252.34,683.01,-1,-1,-1,-1
198,3,1024.98,201.28,209.66,574.85,-1,-1,-1,-1
199,1,341.14,212.42,255.65,688.85,-1,-1,-1,-1
199,3,1037.69,204.10,209.99,573.73,-1,-1,-1,-1
200,1,330.33,207.62,259.56,695.95,-1,-1,-1,-1
200,3,1049.64,198.12,213.34,583.42,-1,-1,-1,-1
201,1,324.06,206.61,261.84,698.99,-1,-1,-1,-1
201,3,1066.11,196.54,212.95,585.72,-1,-1,-1,-1
202,1,314.07,203.01,268.21,713.50,-1,-1,-1,-1
202,3,1084.40,195.43,213.60,592.99,-1,-1,-1,-1
203,1,305.01,202.83,276.44,734.79,-1,-1,-1,-1
203,3,1105.76,192.79,213.59,596.17,-1,-1,-1,-1
204,1,299.30,209.01,281.46,749.04,-1,-1,-1,-1
204,3,1128.80,190.02,215.30,597.77,-1,-1,-1,-1
205,1,295.57,211.63,284.48,759.83,-1,-1,-1,-1
205,3,1152.06,190.55,215.56,596.54,-1,-1,-1,-1
206,1,295.26,213.78,284.60,761.14,-1,-1,-1,-1
206,3,1166.42,194.81,215.00,592.43,-1,-1,-1,-1
207,1,294.54,212.88,285.56,763.48,-1,-1,-1,-1
207,3,1177.17,197.52,216.02,594.35,-1,-1,-1,-1
208,1,292.44,210.10,287.22,767.04,-1,-1,-1,-1
208,3,1190.15,191.78,219.58,605.15,-1,-1,-1,-1
209,1,281.57,192.14,304.41,812.58,-1,-1,-1,-1
209,3,1201.21,188.90,222.06,613.51,-1,-1,-1,-1
210,1,278.17,186.22,304.73,810.43,-1,-1,-1,-1
210,3,1221.14,189.72,220.99,610.18,-1,-1,-1,-1
211,1,270.41,182.01,310.38,824.29,-1,-1,-1,-1
211,3,1239.48,184.46,221.59,610.99,-1,-1,-1,-1
212,1,257.38,181.93,323.89,863.83,-1,-1,-1,-1
212,3,1252.94,182.14,224.89,617.03,-1,-1,-1,-1
213,1,248.99,182.47,329.38,879.39,-1,-1,-1,-1
213,3,1264.26,178.61,229.20,624.90,-1,-1,-1,-1
214,1,245.41,184.33,328.95,878.75,-1,-1,-1,-1
214,3,1273.71,176.86,234.00,634.34,-1,-1,-1,-1
215,1,233.73,177.71,332.97,884.15,-1,-1,-1,-1
215,3,1287.19,179.03,237.09,637.71,-1,-1,-1,-1
216,1,223.08,173.70,332.62,873.63,-1,-1,-1,-1
216,3,1298.50,178.77,241.46,647.01,-1,-1,-1,-1
217,1,212.40,168.68,338.62,881.97,-1,-1,-1,-1
217,3,1310.84,179.65,243.65,653.45,-1,-1,-1,-1
218,1,202.67,159.63,348.53,902.23,-1,-1,-1,-1
218,3,1323.96,178.05,244.81,656.56,-1,-1,-1,-1
219,1,197.22,149.44,359.99,925.42,-1,-1,-1,-1
219,3,1337.04,175.66,246.38,661.57,-1,-1,-1,-1
220,1,196.18,146.45,366.06,934.95,-1,-1,-1,-1
220,3,1344.81,172.95,247.63,666.31,-1,-1,-1,-1
221,1,198.67,145.87,367.72,934.16,-1,-1,-1,-1
221,3,1352.06,170.50,249.45,670.25,-1,-1,-1,-1
222,1,211.23,151.30,366.44,925.01,-1,-1,-1,-1
222,3,1356.00,169.64,253.93,682.60,-1,-1,-1,-1
223,1,221.63,151.41,369.87,928.61,-1,-1,-1,-1
223,3,1357.28,168.41,259.58,699.77,-1,-1,-1,-1
224,1,228.31,132.66,377.49,946.27,-1,-1,-1,-1
224,3,1358.41,167.85,262.37,708.96,-1,-1,-1,-1
225,1,242.96,126.30,381.94,957.49,-1,-1,-1,-1
225,3,1359.89,166.18,266.07,719.12,-1,-1,-1,-1
226,1,272.79,123.56,380.17,956.20,-1,-1,-1,-1
226,3,1362.35,162.88,268.92,727.34,-1,-1,-1,-1
227,1,292.74,129.08,380.07,960.94,-1,-1,-1,-1
227,3,1359.96,159.30,270.89,732.75,-1,-1,-1,-1
228,1,307.46,133.00,377.75,959.29,-1,-1,-1,-1
228,3,1357.16,156.92,269.63,731.01,-1,-1,-1,-1
229,1,320.15,132.54,376.93,966.58,-1,-1,-1,-1
229,3,1350.81,155.49,268.84,735.32,-1,-1,-1,-1
230,1,342.74,128.93,373.38,963.03,-1,-1,-1,-1
230,3,1346.31,152.58,268.80,744.49,-1,-1,-1,-1
231,1,360.66,127.82,370.18,957.84,-1,-1,-1,-1
231,3,1334.76,156.94,267.29,743.02,-1,-1,-1,-1
232,1,376.18,126.60,372.82,970.03,-1,-1,-1,-1
232,3,1319.61,157.84,264.57,734.77,-1,-1,-1,-1
233,1,389.17,128.16,371.61,975.39,-1,-1,-1,-1
233,3,1308.82,156.94,266.09,739.21,-1,-1,-1,-1
234,1,407.13,114.88,374.75,989.41,-1,-1,-1,-1
234,3,1295.02,156.82,267.37,742.39,-1,-1,-1,-1
235,1,434.83,114.38,377.14,997.90,-1,-1,-1,-1
235,3,1278.44,161.98,266.18,738.38,-1,-1,-1,-1
236,1,463.64,106.19,376.88,1002.28,-1,-1,-1,-1
236,3,1261.43,162.70,266.43,740.67,-1,-1,-1,-1
237,1,496.39,102.38,377.15,1003.63,-1,-1,-1,-1
237,3,1246.02,158.67,264.86,740.10,-1,-1,-1,-1
238,1,525.06,106.69,374.87,995.21,-1,-1,-1,-1
238,3,1219.17,161.10,262.57,735.37,-1,-1,-1,-1
239,1,547.72,111.91,373.05,988.42,-1,-1,-1,-1
239,3,1199.36,157.95,262.54,738.33,-1,-1,-1,-1
240,1,574.83,106.11,372.61,985.93,-1,-1,-1,-1
240,3,1179.24,156.93,263.40,746.34,-1,-1,-1,-1
241,1,602.40,118.32,368.04,975.89,-1,-1,-1,-1
241,3,1153.72,157.82,262.05,746.93,-1,-1,-1,-1
242,1,638.10,121.83,366.95,972.89,-1,-1,-1,-1
242,3,1134.86,157.99,262.27,746.56,-1,-1,-1,-1
243,1,676.96,126.94,359.78,954.84,-1,-1,-1,-1
243,3,1117.30,157.35,264.17,748.10,-1,-1,-1,-1
244,1,700.19,133.21,358.88,949.19,-1,-1,-1,-1
244,3,1106.50,157.62,265.45,748.27,-1,-1,-1,-1
245,1,733.58,125.64,362.55,961.76,-1,-1,-1,-1
245,3,1086.71,158.48,265.05,752.39,-1,-1,-1,-1
246,1,762.95,122.95,367.50,977.17,-1,-1,-1,-1
246,3,1066.06,156.42,265.94,761.52,-1,-1,-1,-1
247,1,796.14,122.14,368.65,975.14,-1,-1,-1,-1
247,3,1035.70,152.98,262.03,756.58,-1,-1,-1,-1
248,1,846.24,124.11,353.15,933.61,-1,-1,-1,-1
248,3,1013.89,159.98,256.50,747.27,-1,-1,-1,-1
248,4,8.13,234.99,144.75,579.36,-1,-1,-1,-1
249,1,869.85,126.71,347.56,919.62,-1,-1,-1,-1
249,4,13.29,234.96,145.18,578.68,-1,-1,-1,-1
250,1,871.31,129.44,355.30,934.14,-1,-1,-1,-1
250,4,17.23,239.42,145.95,577.56,-1,-1,-1,-1
251,1,890.07,132.12,363.57,948.11,-1,-1,-1,-1
251,4,21.59,240.78,146.97,574.79,-1,-1,-1,-1
252,1,905.02,133.40,366.12,949.89,-1,-1,-1,-1
252,4,26.49,241.32,147.94,568.42,-1,-1,-1,-1
253,1,921.29,144.10,354.66,918.08,-1,-1,-1,-1
253,4,28.16,237.38,153.94,579.92,-1,-1,-1,-1
254,1,926.58,143.62,351.71,909.47,-1,-1,-1,-1
254,4,28.58,236.03,159.20,586.82,-1,-1,-1,-1
255,1,938.90,144.24,360.55,932.58,-1,-1,-1,-1
255,4,31.68,231.36,164.12,590.50,-1,-1,-1,-1
256,1,944.06,142.51,361.95,938.39,-1,-1,-1,-1
256,4,41.10,235.35,166.62,584.92,-1,-1,-1,-1
256,3,837.01,163.85,256.19,752.77,-1,-1,-1,-1
257,1,952.80,148.89,358.52,932.56,-1,-1,-1,-1
257,4,50.03,230.99,173.24,594.46,-1,-1,-1,-1
257,3,804.07,164.41,256.56,753.22,-1,-1,-1,-1
258,1,954.17,145.76,355.72,929.85,-1,-1,-1,-1
258,4,63.95,232.66,174.09,586.05,-1,-1,-1,-1
258,3,777.40,159.87,259.16,758.46,-1,-1,-1,-1
259,1,952.13,147.61,351.53,921.12,-1,-1,-1,-1
259,4,71.78,233.66,175.45,579.36,-1,-1,-1,-1
259,3,759.50,161.85,258.92,751.34,-1,-1,-1,-1
260,1,946.95,158.17,346.11,910.02,-1,-1,-1,-1
260,4,89.90,234.62,181.36,586.16,-1,-1,-1,-1
260,3,739.93,161.84,262.83,755.00,-1,-1,-1,-1
261,1,943.69,160.15,337.93,890.63,-1,-1,-1,-1
261,4,102.98,239.58,185.78,588.30,-1,-1,-1,-1
261,3,719.21,163.93,266.98,759.94,-1,-1,-1,-1
262,1,937.19,161.20,330.10,875.38,-1,-1,-1,-1
262,4,116.36,240.09,187.68,583.11,-1,-1,-1,-1
262,3,692.98,164.61,270.17,766.06,-1,-1,-1,-1
263,1,928.44,161.86,320.29,854.74,-1,-1,-1,-1
263,4,127.74,236.46,193.83,593.14,-1,-1,-1,-1
263,3,670.30,167.65,270.08,768.55,-1,-1,-1,-1
264,1,914.25,158.97,317.93,852.70,-1,-1,-1,-1
264,4,139.74,236.33,196.24,592.06,-1,-1,-1,-1
264,3,640.43,162.40,272.10,777.44,-1,-1,-1,-1
265,1,909.88,167.49,310.93,840.44,-1,-1,-1,-1
265,4,147.46,234.36,197.87,591.58,-1,-1,-1,-1
265,3,624.87,162.25,270.43,779.93,-1,-1,-1,-1
266,1,901.48,166.12,307.48,837.17,-1,-1,-1,-1
266,4,160.96,230.11,200.62,595.31,-1,-1,-1,-1
266,3,595.13,161.35,269.50,787.69,-1,-1,-1,-1
267,1,896.50,167.41,302.10,826.55,-1,-1,-1,-1
267,4,175.88,227.12,203.64,599.97,-1,-1,-1,-1
267,3,568.20,161.11,265.82,775.53,-1,-1,-1,-1
268,1,893.41,171.64,297.76,817.61,-1,-1,-1,-1
268,4,193.14,225.74,204.77,597.21,-1,-1,-1,-1
268,3,539.03,162.41,266.49,765.67,-1,-1,-1,-1
269,1,889.61,171.73,296.38,817.45,-1,-1,-1,-1
269,4,211.03,221.51,208.65,601.82,-1,-1,-1,-1
269,3,513.98,162.31,269.43,763.62,-1,-1,-1,-1
270,1,886.57,174.08,293.75,814.03,-1,-1,-1,-1
270,4,221.93,219.19,211.60,603.62,-1,-1,-1,-1
270,3,497.31,166.33,274.00,767.43,-1,-1,-1,-1
271,1,886.76,179.69,286.19,796.85,-1,-1,-1,-1
271,4,238.52,217.94,212.48,600.27,-1,-1,-1,-1
271,3,475.66,169.89,277.31,769.74,-1,-1,-1,-1
272,1,887.13,185.07,276.36,776.05,-1,-1,-1,-1
272,4,252.43,226.41,212.85,596.51,-1,-1,-1,-1
272,3,454.28,167.58,279.84,772.39,-1,-1,-1,-1
273,1,886.81,188.75,269.73,763.38,-1,-1,-1,-1
273,4,263.97,221.80,215.98,601.61,-1,-1,-1,-1
273,3,431.59,162.36,278.45,768.46,-1,-1,-1,-1
274,1,885.20,189.32,260.20,739.93,-1,-1,-1,-1
274,4,276.34,223.84,214.96,597.03,-1,-1,-1,-1
274,3,406.24,156.29,283.04,784.78,-1,-1,-1,-1
275,1,882.42,191.45,253.02,720.65,-1,-1,-1,-1
275,4,293.95,224.10,214.69,599.38,-1,-1,-1,-1
275,3,383.47,153.68,280.37,777.82,-1,-1,-1,-1
276,1,879.69,192.59,249.80,711.86,-1,-1,-1,-1
276,3,334.52,186.64,246.78,687.69,-1,-1,-1,-1
277,1,874.75,200.05,244.12,697.88,-1,-1,-1,-1
277,3,320.20,165.98,282.92,783.76,-1,-1,-1,-1
278,1,865.78,202.00,242.50,693.37,-1,-1,-1,-1
278,3,297.34,155.24,303.54,831.40,-1,-1,-1,-1
279,1,861.40,203.99,241.07,688.20,-1,-1,-1,-1
279,3,282.18,152.04,314.72,854.30,-1,-1,-1,-1
280,1,857.79,207.36,238.31,677.79,-1,-1,-1,-1
280,3,270.03,157.56,314.28,850.88,-1,-1,-1,-1
281,1,850.11,209.76,235.93,666.96,-1,-1,-1,-1
281,3,251.20,163.92,314.77,851.58,-1,-1,-1,-1
282,1,838.46,211.00,233.20,654.86,-1,-1,-1,-1
282,3,218.40,149.93,324.17,876.45,-1,-1,-1,-1
282,4,416.70,220.91,213.24,591.22,-1,-1,-1,-1
283,1,822.81,212.40,233.38,652.38,-1,-1,-1,-1
283,3,195.12,142.24,330.93,891.41,-1,-1,-1,-1
283,4,433.21,223.62,215.24,592.56,-1,-1,-1,-1
284,1,807.45,211.81,232.13,647.06,-1,-1,-1,-1
284,3,180.28,135.47,332.97,894.44,-1,-1,-1,-1
284,4,451.49,224.33,216.28,592.74,-1,-1,-1,-1
285,1,795.99,211.18,232.60,646.68,-1,-1,-1,-1
285,3,167.99,134.39,336.51,897.92,-1,-1,-1,-1
285,4,461.71,221.73,217.27,594.49,-1,-1,-1,-1
286,1,783.81,212.56,231.46,640.11,-1,-1,-1,-1
286,3,151.81,142.86,341.62,908.87,-1,-1,-1,-1
286,4,474.17,225.95,214.46,585.66,-1,-1,-1,-1
287,1,765.81,216.36,231.87,638.80,-1,-1,-1,-1
287,3,134.70,138.00,347.58,919.84,-1,-1,-1,-1
287,4,487.64,221.28,216.32,592.59,-1,-1,-1,-1
288,1,751.89,218.23,232.49,637.30,-1,-1,-1,-1
288,3,116.01,139.96,351.85,930.27,-1,-1,-1,-1
288,4,507.98,223.02,212.31,583.80,-1,-1,-1,-1
289,1,738.91,220.10,233.59,641.12,-1,-1,-1,-1
289,3,97.60,129.95,356.31,940.23,-1,-1,-1,-1
289,4,528.39,228.35,208.32,575.55,-1,-1,-1,-1
290,1,725.44,220.35,232.97,639.87,-1,-1,-1,-1
290,3,78.42,126.35,361.80,949.14,-1,-1,-1,-1
290,4,546.05,223.29,210.08,578.39,-1,-1,-1,-1
291,1,713.67,219.60,233.86,643.20,-1,-1,-1,-1
291,3,66.98,119.25,368.24,961.13,-1,-1,-1,-1
291,4,557.32,225.50,210.30,575.99,-1,-1,-1,-1
292,1,700.25,220.17,230.44,635.20,-1,-1,-1,-1
292,3,53.09,106.45,374.93,973.18,-1,-1,-1,-1
292,4,568.37,226.69,209.88,574.40,-1,-1,-1,-1
293,1,685.50,220.11,228.74,635.85,-1,-1,-1,-1
293,3,41.88,100.11,378.83,976.74,-1,-1,-1,-1
293,4,595.57,225.09,215.16,591.71,-1,-1,-1,-1
294,1,637.60,222.18,222.51,622.90,-1,-1,-1,-1
294,3,39.52,90.86,375.34,960.97,-1,-1,-1,-1
295,1,625.32,222.60,226.48,637.19,-1,-1,-1,-1
295,3,30.96,89.59,383.83,981.60,-1,-1,-1,-1
296,1,617.49,221.32,235.42,666.22,-1,-1,-1,-1
296,3,26.88,81.59,391.15,996.94,-1,-1,-1,-1
297,1,611.75,220.39,234.82,664.65,-1,-1,-1,-1
297,3,28.08,76.75,394.45,1002.07,-1,-1,-1,-1
298,1,599.82,220.58,235.87,667.34,-1,-1,-1,-1
298,3,33.74,66.91,399.52,1013.41,-1,-1,-1,-1
299,1,580.73,217.24,240.75,682.94,-1,-1,-1,-1
299,3,42.01,70.23,405.20,1023.95,-1,-1,-1,-1
300,1,562.04,210.32,242.28,689.64,-1,-1,-1,-1
300,3,57.67,59.07,407.21,1022.64,-1,-1,-1,-1
300,7,742.65,223.51,182.63,573.24,-1,-1,-1,-1
301,1,543.71,205.52,245.54,697.96,-1,-1,-1,-1
301,3,68.56,51.56,409.91,1023.25,-1,-1,-1,-1
301,7,757.12,224.41,182.63,571.97,-1,-1,-1,-1
302,1,532.45,203.92,248.32,702.91,-1,-1,-1,-1
302,3,77.96,52.88,414.45,1023.92,-1,-1,-1,-1
302,7,768.98,228.68,182.68,569.69,-1,-1,-1,-1
303,1,515.69,204.51,248.62,703.06,-1,-1,-1,-1
303,3,90.65,46.33,419.38,1030.77,-1,-1,-1,-1
303,7,778.26,223.86,186.21,577.40,-1,-1,-1,-1
304,1,498.02,201.27,253.04,711.67,-1,-1,-1,-1
304,3,111.90,38.16,421.43,1033.68,-1,-1,-1,-1
304,7,788.95,218.99,189.75,584.26,-1,-1,-1,-1
305,1,483.59,202.08,254.66,711.84,-1,-1,-1,-1
305,3,128.22,39.71,422.01,1031.19,-1,-1,-1,-1
305,7,802.81,219.92,189.54,580.25,-1,-1,-1,-1
306,1,470.14,205.83,258.68,719.44,-1,-1,-1,-1
306,3,160.21,39.80,424.45,1040.37,-1,-1,-1,-1
306,7,816.74,220.98,190.11,579.92,-1,-1,-1,-1
307,1,427.50,173.28,275.68,763.69,-1,-1,-1,-1
307,3,204.29,54.07,419.91,1029.34,-1,-1,-1,-1
307,7,831.93,219.41,190.38,578.86,-1,-1,-1,-1
308,3,260.25,51.71,418.72,1017.82,-1,-1,-1,-1
308,7,848.13,219.12,191.22,578.13,-1,-1,-1,-1
309,3,282.87,44.89,425.95,1029.43,-1,-1,-1,-1
309,7,858.44,217.79,193.01,579.56,-1,-1,-1,-1
310,3,314.28,31.66,432.90,1049.35,-1,-1,-1,-1
310,7,872.81,218.88,195.61,581.90,-1,-1,-1,-1
311,3,357.66,38.65,428.62,1040.82,-1,-1,-1,-1
311,7,886.86,214.39,200.91,592.87,-1,-1,-1,-1
312,3,391.38,35.00,428.43,1043.13,-1,-1,-1,-1
312,7,899.04,214.67,204.89,599.09,-1,-1,-1,-1
313,3,433.57,35.78,429.75,1051.76,-1,-1,-1,-1
313,7,910.57,209.66,210.99,613.96,-1,-1,-1,-1
314,3,459.37,36.85,428.18,1051.92,-1,-1,-1,-1
314,7,919.91,212.06,213.83,618.71,-1,-1,-1,-1
314,1,352.79,200.11,273.42,747.85,-1,-1,-1,-1
315,3,504.16,44.00,420.81,1043.11,-1,-1,-1,-1
315,7,931.68,211.27,216.11,623.43,-1,-1,-1,-1
315,1,328.30,203.78,281.22,759.15,-1,-1,-1,-1
316,3,555.88,39.12,417.30,1041.72,-1,-1,-1,-1
316,7,946.44,206.90,218.55,630.41,-1,-1,-1,-1
316,1,318.28,204.42,285.79,762.09,-1,-1,-1,-1
317,3,609.97,41.89,408.48,1031.64,-1,-1,-1,-1
317,7,960.38,199.78,218.04,630.56,-1,-1,-1,-1
317,1,308.21,206.18,288.23,763.53,-1,-1,-1,-1
318,3,637.79,37.45,403.89,1031.86,-1,-1,-1,-1
318,7,968.99,197.78,217.33,629.43,-1,-1,-1,-1
318,1,301.14,206.51,289.63,762.04,-1,-1,-1,-1
319,3,670.60,40.13,396.44,1030.37,-1,-1,-1,-1
319,7,980.43,196.46,220.32,640.97,-1,-1,-1,-1
319,1,296.87,206.52,289.77,758.12,-1,-1,-1,-1
320,3,707.41,34.47,398.73,1045.65,-1,-1,-1,-1
320,7,991.64,193.08,223.68,655.14,-1,-1,-1,-1
320,1,297.10,206.32,290.75,755.23,-1,-1,-1,-1
321,3,748.74,20.82,401.56,1055.99,-1,-1,-1,-1
321,7,1001.06,187.57,229.68,676.12,-1,-1,-1,-1
321,1,299.76,205.44,292.32,755.52,-1,-1,-1,-1
322,3,776.29,24.28,399.79,1060.53,-1,-1,-1,-1
322,7,1010.63,187.08,236.63,699.72,-1,-1,-1,-1
322,1,306.89,206.90,291.34,751.35,-1,-1,-1,-1
323,3,807.61,24.05,397.36,1064.06,-1,-1,-1,-1
323,7,1019.02,184.43,245.37,731.42,-1,-1,-1,-1
323,1,315.98,207.89,290.67,749.31,-1,-1,-1,-1
324,3,833.82,21.33,397.96,1073.17,-1,-1,-1,-1
324,7,1022.41,185.74,248.21,742.03,-1,-1,-1,-1
324,1,325.24,204.92,289.90,746.97,-1,-1,-1,-1
325,3,885.44,35.07,384.31,1045.57,-1,-1,-1,-1
325,1,335.72,203.31,287.38,743.16,-1,-1,-1,-1
326,3,932.83,44.30,379.24,1044.87,-1,-1,-1,-1
326,1,347.49,204.23,283.59,733.46,-1,-1,-1,-1
327,3,976.87,41.07,376.20,1044.99,-1,-1,-1,-1
327,1,361.50,203.85,279.82,724.50,-1,-1,-1,-1
328,3,1011.08,39.71,376.42,1051.45,-1,-1,-1,-1
328,1,371.94,204.49,276.08,715.19,-1,-1,-1,-1
329,3,1054.29,24.45,378.67,1057.92,-1,-1,-1,-1
329,1,385.80,205.33,273.15,710.17,-1,-1,-1,-1
330,3,1095.00,18.06,383.55,1069.35,-1,-1,-1,-1
330,1,403.87,209.50,270.31,709.90,-1,-1,-1,-1
331,3,1122.29,15.60,384.27,1068.51,-1,-1,-1,-1
331,1,430.00,209.17,267.24,710.34,-1,-1,-1,-1
332,3,1153.80,36.15,382.30,1054.38,-1,-1,-1,-1
332,1,453.34,214.70,263.30,706.60,-1,-1,-1,-1
333,3,1178.12,51.51,380.27,1035.71,-1,-1,-1,-1
333,1,474.95,219.58,261.24,702.76,-1,-1,-1,-1
334,3,1208.35,43.61,384.43,1037.34,-1,-1,-1,-1
334,1,494.86,218.27,259.93,696.96,-1,-1,-1,-1
335,3,1255.90,39.65,385.08,1036.02,-1,-1,-1,-1
335,1,512.37,225.55,256.92,687.64,-1,-1,-1,-1
335,7,1180.37,155.57,256.69,764.44,-1,-1,-1,-1
336,3,1296.00,34.73,388.94,1042.04,-1,-1,-1,-1
336,1,528.71,222.40,256.42,683.66,-1,-1,-1,-1
336,7,1193.38,157.77,259.13,772.59,-1,-1,-1,-1
337,3,1323.71,32.97,392.43,1053.29,-1,-1,-1,-1
337,1,540.69,225.10,251.55,670.77,-1,-1,-1,-1
337,7,1200.95,156.44,264.49,796.96,-1,-1,-1,-1
338,3,1360.35,35.77,393.42,1055.30,-1,-1,-1,-1
338,1,562.83,225.10,243.42,651.79,-1,-1,-1,-1
338,7,1207.14,153.15,271.95,823.31,-1,-1,-1,-1
339,3,1387.84,40.78,394.34,1056.27,-1,-1,-1,-1
339,1,588.71,222.19,238.47,640.71,-1,-1,-1,-1
339,7,1213.43,144.19,281.12,853.04,-1,-1,-1,-1
340,3,1427.85,56.06,381.93,1019.32,-1,-1,-1,-1
340,1,610.38,219.02,235.33,636.98,-1,-1,-1,-1
340,7,1216.19,138.96,289.98,880.90,-1,-1,-1,-1
341,3,1445.18,55.70,390.46,1040.40,-1,-1,-1,-1
341,1,632.05,219.62,232.57,633.82,-1,-1,-1,-1
341,7,1220.24,144.76,291.28,883.47,-1,-1,-1,-1
342,3,1472.41,51.41,395.91,1050.95,-1,-1,-1,-1
342,1,656.11,221.33,230.67,630.70,-1,-1,-1,-1
342,7,1226.59,147.22,293.09,886.26,-1,-1,-1,-1
343,3,1503.96,48.51,385.99,1016.73,-1,-1,-1,-1
343,1,673.14,219.00,228.92,626.60,-1,-1,-1,-1
343,7,1232.49,143.42,294.92,884.31,-1,-1,-1,-1
344,3,1520.33,56.31,388.64,1016.81,-1,-1,-1,-1
344,1,694.06,225.10,225.78,617.78,-1,-1,-1,-1
344,7,1235.28,137.31,299.06,889.33,-1,-1,-1,-1
345,3,1533.58,50.21,397.08,1035.63,-1,-1,-1,-1
345,1,711.13,227.90,222.33,607.52,-1,-1,-1,-1
345,7,1235.66,130.69,306.06,900.20,-1,-1,-1,-1
346,3,1546.60,49.73,394.08,1031.64,-1,-1,-1,-1
346,1,727.96,225.95,219.10,598.84,-1,-1,-1,-1
346,7,1226.65,118.69,322.44,939.31,-1,-1,-1,-1
347,3,1553.26,57.77,387.27,1018.24,-1,-1,-1,-1
347,1,738.88,226.36,217.09,593.25,-1,-1,-1,-1
347,7,1224.40,116.38,329.69,951.02,-1,-1,-1,-1
348,3,1555.56,73.75,381.99,1006.40,-1,-1,-1,-1
348,1,757.36,227.23,217.26,594.40,-1,-1,-1,-1
348,7,1225.51,108.90,337.07,964.44,-1,-1,-1,-1
349,3,1561.22,64.99,383.31,1018.04,-1,-1,-1,-1
349,1,780.17,229.07,212.60,584.10,-1,-1,-1,-1
349,7,1229.89,107.85,341.31,971.68,-1,-1,-1,-1
350,3,1564.75,64.67,384.50,1029.10,-1,-1,-1,-1
350,1,800.08,234.12,208.04,574.35,-1,-1,-1,-1
350,7,1233.76,107.11,345.38,977.73,-1,-1,-1,-1
351,3,1570.58,70.82,381.97,1030.45,-1,-1,-1,-1
351,1,814.97,236.14,207.83,574.97,-1,-1,-1,-1
351,7,1236.31,99.96,350.98,986.50,-1,-1,-1,-1
352,3,1574.86,75.20,378.57,1027.17,-1,-1,-1,-1
352,1,831.25,238.00,204.63,565.52,-1,-1,-1,-1
352,7,1241.47,97.45,354.96,991.37,-1,-1,-1,-1
353,3,1578.22,77.27,370.44,1011.76,-1,-1,-1,-1
353,1,843.38,238.43,205.65,567.73,-1,-1,-1,-1
353,7,1247.27,91.83,361.94,1003.51,-1,-1,-1,-1
354,3,1580.95,76.12,363.00,994.93,-1,-1,-1,-1
354,1,850.53,235.97,208.59,575.73,-1,-1,-1,-1
354,7,1252.86,84.85,365.53,1004.86,-1,-1,-1,-1
355,3,1583.42,75.65,357.22,980.36,-1,-1,-1,-1
355,1,862.93,235.26,203.71,562.74,-1,-1,-1,-1
355,7,1254.38,80.00,371.07,1011.29,-1,-1,-1,-1
356,3,1583.78,81.53,354.92,978.09,-1,-1,-1,-1
356,1,875.44,233.21,201.99,559.03,-1,-1,-1,-1
356,7,1252.05,75.99,375.51,1014.75,-1,-1,-1,-1
357,3,1586.72,84.69,332.93,916.83,-1,-1,-1,-1
357,1,887.75,233.49,200.04,552.75,-1,-1,-1,-1
357,7,1248.40,72.59,378.44,1015.41,-1,-1,-1,-1
358,3,1573.51,94.66,339.64,941.27,-1,-1,-1,-1
358,1,899.09,232.57,202.37,557.95,-1,-1,-1,-1
358,7,1242.31,68.30,382.56,1020.93,-1,-1,-1,-1
359,3,1562.26,100.40,341.16,953.69,-1,-1,-1,-1
359,1,912.93,231.15,203.98,560.19,-1,-1,-1,-1
359,7,1233.87,62.70,386.12,1027.78,-1,-1,-1,-1
360,3,1554.80,95.50,340.64,959.57,-1,-1,-1,-1
360,1,922.01,231.35,206.29,564.37,-1,-1,-1,-1
360,7,1225.84,58.70,388.11,1031.46,-1,-1,-1,-1
361,3,1546.37,95.67,330.26,936.91,-1,-1,-1,-1
361,1,929.66,232.05,206.78,563.79,-1,-1,-1,-1
361,7,1209.93,64.24,386.94,1031.72,-1,-1,-1,-1
362,3,1531.94,97.90,324.62,929.20,-1,-1,-1,-1
362,1,937.82,230.24,208.25,565.33,-1,-1,-1,-1
362,7,1200.55,77.74,376.86,999.33,-1,-1,-1,-1
363,3,1523.25,99.48,309.65,897.40,-1,-1,-1,-1
363,1,948.69,229.11,209.98,569.38,-1,-1,-1,-1
363,7,1180.61,69.28,382.56,1017.25,-1,-1,-1,-1
364,3,1502.84,98.51,306.11,896.53,-1,-1,-1,-1
364,1,958.79,223.67,211.87,575.43,-1,-1,-1,-1
364,7,1160.72,71.48,383.11,1019.28,-1,-1,-1,-1
365,3,1484.59,104.02,304.92,897.43,-1,-1,-1,-1
365,1,972.22,221.47,213.05,581.80,-1,-1,-1,-1
365,7,1137.04,67.83,382.20,1022.20,-1,-1,-1,-1
366,3,1468.01,110.42,297.63,874.50,-1,-1,-1,-1
366,1,986.61,220.42,212.02,582.58,-1,-1,-1,-1
366,7,1111.41,67.95,384.09,1031.96,-1,-1,-1,-1
367,3,1449.04,110.69,293.96,855.65,-1,-1,-1,-1
367,1,1007.71,230.33,206.49,568.78,-1,-1,-1,-1
367,7,1085.70,74.86,381.24,1025.32,-1,-1,-1,-1
368,3,1437.64,114.65,292.84,844.04,-1,-1,-1,-1
368,1,1016.79,238.09,203.54,561.93,-1,-1,-1,-1
368,7,1073.36,69.80,379.20,1024.50,-1,-1,-1,-1
369,3,1418.15,117.51,294.14,839.75,-1,-1,-1,-1
369,1,1022.26,250.82,199.71,553.17,-1,-1,-1,-1
369,7,1048.29,79.27,376.20,1018.78,-1,-1,-1,-1
370,3,1390.07,115.67,296.57,849.49,-1,-1,-1,-1
370,7,1016.92,77.84,374.79,1008.87,-1,-1,-1,-1
371,3,1365.17,121.23,294.25,841.42,-1,-1,-1,-1
371,7,980.00,79.41,376.24,1007.73,-1,-1,-1,-1
372,3,1344.30,124.58,293.40,845.51,-1,-1,-1,-1
372,7,946.73,87.92,373.09,996.62,-1,-1,-1,-1
373,3,1318.31,129.50,290.64,845.20,-1,-1,-1,-1
373,7,897.26,84.39,376.52,1010.05,-1,-1,-1,-1
374,3,1292.60,129.73,287.08,842.16,-1,-1,-1,-1
374,7,853.20,86.26,372.29,1003.95,-1,-1,-1,-1
374,9,1107.70,218.61,194.02,585.65,-1,-1,-1,-1
375,3,1276.44,125.22,288.54,853.05,-1,-1,-1,-1
375,7,825.81,81.52,374.31,1011.57,-1,-1,-1,-1
375,9,1112.87,217.35,194.10,586.37,-1,-1,-1,-1
376,3,1255.03,124.12,285.81,847.61,-1,-1,-1,-1
376,7,800.95,94.16,373.19,1011.24,-1,-1,-1,-1
376,9,1129.08,222.61,192.28,581.42,-1,-1,-1,-1
377,3,1238.73,130.01,282.86,839.80,-1,-1,-1,-1
377,7,764.29,84.05,375.66,1022.97,-1,-1,-1,-1
377,1,1142.02,227.03,205.78,575.33,-1,-1,-1,-1
378,3,1213.71,143.75,275.80,815.42,-1,-1,-1,-1
378,7,735.30,79.35,372.80,1024.65,-1,-1,-1,-1
378,1,1153.09,215.28,211.85,599.20,-1,-1,-1,-1
379,3,1189.22,144.41,273.85,805.90,-1,-1,-1,-1
379,7,705.04,76.26,369.99,1020.75,-1,-1,-1,-1
380,3,1168.92,140.56,276.51,809.18,-1,-1,-1,-1
380,7,686.73,82.27,367.52,1013.58,-1,-1,-1,-1
381,3,1141.02,135.34,279.39,822.52,-1,-1,-1,-1
381,7,650.34,89.53,366.38,1009.54,-1,-1,-1,-1
382,3,1126.94,133.45,277.57,821.48,-1,-1,-1,-1
382,7,626.69,92.16,364.97,1005.80,-1,-1,-1,-1
383,3,1100.00,149.17,269.79,806.61,-1,-1,-1,-1
383,7,593.78,107.88,362.37,998.80,-1,-1,-1,-1
383,1,1198.28,195.71,220.86,637.08,-1,-1,-1,-1
384,3,1058.97,145.94,274.98,825.87,-1,-1,-1,-1
384,7,547.14,106.56,362.26,1002.51,-1,-1,-1,-1
384,1,1206.84,193.33,222.64,646.06,-1,-1,-1,-1
385,3,1027.13,141.29,277.49,830.95,-1,-1,-1,-1
385,7,503.01,107.85,358.18,1003.25,-1,-1,-1,-1
385,1,1219.60,192.07,223.85,655.62,-1,-1,-1,-1
386,3,1006.33,142.13,279.71,831.66,-1,-1,-1,-1
386,7,477.91,104.93,355.93,1003.92,-1,-1,-1,-1
386,1,1224.98,199.30,222.37,650.56,-1,-1,-1,-1
387,3,986.03,146.28,281.97,833.56,-1,-1,-1,-1
387,7,446.92,106.74,357.78,1009.91,-1,-1,-1,-1
387,1,1233.55,203.54,222.55,648.03,-1,-1,-1,-1
388,3,964.33,140.04,284.68,840.53,-1,-1,-1,-1
388,7,407.87,97.20,361.00,1012.81,-1,-1,-1,-1
388,1,1243.47,205.15,225.32,654.81,-1,-1,-1,-1
389,3,944.30,138.66,286.76,855.93,-1,-1,-1,-1
389,7,378.89,93.21,362.06,1009.65,-1,-1,-1,-1
389,1,1250.48,208.65,230.02,665.05,-1,-1,-1,-1
390,3,916.61,131.08,286.65,862.29,-1,-1,-1,-1
390,7,350.89,95.13,365.07,1006.14,-1,-1,-1,-1
390,1,1254.64,209.46,234.57,676.63,-1,-1,-1,-1
391,3,888.57,131.62,286.50,874.36,-1,-1,-1,-1
391,7,322.75,98.56,369.13,1005.12,-1,-1,-1,-1
391,1,1258.66,203.64,238.92,687.14,-1,-1,-1,-1
392,3,865.32,132.90,283.02,871.48,-1,-1,-1,-1
392,7,301.76,102.56,374.26,1006.78,-1,-1,-1,-1
392,1,1262.83,200.00,241.68,691.55,-1,-1,-1,-1
393,3,842.09,130.09,282.38,874.35,-1,-1,-1,-1
393,7,274.36,103.86,376.44,998.44,-1,-1,-1,-1
393,1,1270.50,195.62,244.37,695.32,-1,-1,-1,-1
394,3,816.24,134.67,280.40,863.29,-1,-1,-1,-1
394,7,245.53,110.35,375.78,987.60,-1,-1,-1,-1
394,1,1282.02,192.80,247.25,697.18,-1,-1,-1,-1
395,3,793.60,138.54,278.08,849.27,-1,-1,-1,-1
395,7,209.87,107.24,378.09,986.39,-1,-1,-1,-1
395,1,1288.96,189.11,249.52,696.88,-1,-1,-1,-1
396,3,770.13,141.04,280.86,850.04,-1,-1,-1,-1
396,7,179.42,109.27,378.36,982.98,-1,-1,-1,-1
396,1,1294.18,186.13,254.75,705.38,-1,-1,-1,-1
397,3,745.67,143.83,278.87,844.80,-1,-1,-1,-1
397,7,145.25,106.58,382.46,989.18,-1,-1,-1,-1
397,1,1297.26,181.94,263.62,729.14,-1,-1,-1,-1
398,3,718.74,147.22,279.48,850.11,-1,-1,-1,-1
398,7,118.67,101.44,381.17,980.12,-1,-1,-1,-1
398,1,1301.28,178.14,272.71,752.04,-1,-1,-1,-1
399,3,685.79,146.75,279.75,858.28,-1,-1,-1,-1
399,7,98.31,101.54,381.30,979.48,-1,-1,-1,-1
399,1,1303.22,179.59,281.22,775.36,-1,-1,-1,-1
400,3,660.35,147.42,279.63,866.05,-1,-1,-1,-1
400,7,79.19,98.12,381.27,976.03,-1,-1,-1,-1
400,1,1306.23,176.24,289.52,797.69,-1,-1,-1,-1
401,3,642.61,138.66,278.14,867.61,-1,-1,-1,-1
401,7,68.31,110.47,380.53,971.98,-1,-1,-1,-1
401,1,1306.05,173.97,292.65,806.34,-1,-1,-1,-1
402,3,621.81,137.33,276.71,863.87,-1,-1,-1,-1
402,7,53.54,117.92,381.78,972.96,-1,-1,-1,-1
402,1,1304.48,176.56,291.81,803.69,-1,-1,-1,-1
403,3,596.58,140.43,278.18,859.94,-1,-1,-1,-1
403,7,38.83,120.09,383.45,974.06,-1,-1,-1,-1
403,1,1303.92,175.55,292.19,804.04,-1,-1,-1,-1
404,3,572.87,142.63,280.04,856.85,-1,-1,-1,-1
404,7,24.86,128.09,381.21,965.83,-1,-1,-1,-1
404,1,1302.23,166.93,301.57,829.58,-1,-1,-1,-1
405,3,554.43,146.29,282.38,856.20,-1,-1,-1,-1
405,7,9.31,126.42,378.87,960.02,-1,-1,-1,-1
405,1,1303.59,166.11,303.08,830.12,-1,-1,-1,-1
406,3,529.51,145.49,286.34,863.74,-1,-1,-1,-1
406,7,-2.10,129.80,376.22,954.40,-1,-1,-1,-1
406,1,1301.29,163.05,312.26,851.37,-1,-1,-1,-1
407,3,508.18,149.52,284.73,856.12,-1,-1,-1,-1
407,7,-9.18,132.62,374.54,951.59,-1,-1,-1,-1
407,1,1296.56,161.58,324.70,882.55,-1,-1,-1,-1
408,3,478.15,147.88,286.84,860.66,-1,-1,-1,-1
408,7,-12.64,133.90,372.66,949.62,-1,-1,-1,-1
408,1,1299.14,163.99,330.94,896.09,-1,-1,-1,-1
409,3,451.14,151.28,284.65,848.74,-1,-1,-1,-1
409,7,-16.03,139.23,367.48,941.62,-1,-1,-1,-1
409,1,1300.01,159.87,330.05,891.34,-1,-1,-1,-1
410,3,430.87,156.59,283.70,840.36,-1,-1,-1,-1
410,7,-16.85,144.12,360.96,930.31,-1,-1,-1,-1
410,1,1300.74,158.18,335.79,905.91,-1,-1,-1,-1
411,3,414.10,157.68,288.21,844.42,-1,-1,-1,-1
411,7,-17.17,145.90,356.88,925.70,-1,-1,-1,-1
411,1,1295.90,148.74,341.77,922.02,-1,-1,-1,-1
412,3,401.04,157.52,291.87,842.85,-1,-1,-1,-1
412,7,-16.66,145.59,353.17,921.88,-1,-1,-1,-1
412,1,1287.70,143.76,346.28,935.37,-1,-1,-1,-1
413,3,388.93,160.17,293.13,836.70,-1,-1,-1,-1
413,7,-16.30,150.02,349.95,919.54,-1,-1,-1,-1
413,1,1274.06,135.57,347.28,939.66,-1,-1,-1,-1
414,3,378.39,162.98,292.42,825.99,-1,-1,-1,-1
414,7,-17.00,154.21,347.18,919.44,-1,-1,-1,-1
414,1,1263.78,130.61,346.66,938.81,-1,-1,-1,-1
415,3,359.98,162.02,288.92,810.33,-1,-1,-1,-1
415,7,-16.84,155.37,341.38,911.24,-1,-1,-1,-1
415,1,1250.04,133.83,345.44,934.82,-1,-1,-1,-1
416,3,346.07,167.59,285.71,796.25,-1,-1,-1,-1
416,7,-13.69,156.82,329.40,884.06,-1,-1,-1,-1
416,1,1237.74,134.54,344.50,935.89,-1,-1,-1,-1
417,3,338.99,171.76,282.94,785.67,-1,-1,-1,-1
417,7,-13.18,156.52,323.30,873.36,-1,-1,-1,-1
417,1,1221.61,142.06,341.65,930.52,-1,-1,-1,-1
418,3,335.17,172.94,280.80,777.79,-1,-1,-1,-1
418,7,-11.87,158.43,317.40,862.31,-1,-1,-1,-1
418,1,1204.37,140.32,341.67,934.03,-1,-1,-1,-1
419,3,331.68,171.43,279.35,772.59,-1,-1,-1,-1
419,7,-10.97,158.81,313.54,856.53,-1,-1,-1,-1
419,1,1179.76,143.20,342.26,936.84,-1,-1,-1,-1
420,3,329.32,172.89,278.19,767.84,-1,-1,-1,-1
420,7,-10.79,159.75,312.10,857.61,-1,-1,-1,-1
420,1,1158.18,147.74,336.12,926.70,-1,-1,-1,-1
421,3,326.92,176.00,276.61,763.64,-1,-1,-1,-1
421,7,-11.09,161.61,309.42,855.78,-1,-1,-1,-1
421,1,1133.60,149.49,330.93,930.59,-1,-1,-1,-1
422,3,328.88,179.44,270.12,744.23,-1,-1,-1,-1
422,7,-9.83,165.42,305.46,849.24,-1,-1,-1,-1
422,1,1104.74,152.14,324.71,929.61,-1,-1,-1,-1
423,3,330.67,182.12,264.86,727.93,-1,-1,-1,-1
423,7,-9.29,169.14,302.48,845.45,-1,-1,-1,-1
423,1,1080.92,148.79,318.94,921.88,-1,-1,-1,-1
424,3,331.85,182.76,263.88,724.07,-1,-1,-1,-1
424,7,-8.82,169.56,301.51,847.06,-1,-1,-1,-1
424,1,1063.11,148.42,317.51,921.72,-1,-1,-1,-1
425,3,336.80,184.56,259.46,709.47,-1,-1,-1,-1
425,7,-6.99,172.38,298.53,841.60,-1,-1,-1,-1
425,1,1043.88,150.55,317.78,922.14,-1,-1,-1,-1
426,3,342.06,188.48,256.41,700.10,-1,-1,-1,-1
426,7,-7.51,174.52,296.84,840.97,-1,-1,-1,-1
426,1,1023.36,149.77,319.83,927.49,-1,-1,-1,-1
427,3,347.15,193.30,252.03,689.26,-1,-1,-1,-1
427,7,-2.48,170.48,293.80,833.89,-1,-1,-1,-1
427,1,1007.13,151.97,318.54,926.74,-1,-1,-1,-1
428,3,355.39,192.62,251.25,685.31,-1,-1,-1,-1
428,7,3.25,167.91,289.35,818.49,-1,-1,-1,-1
428,1,986.70,151.74,315.43,923.51,-1,-1,-1,-1
429,3,367.62,195.94,249.30,679.89,-1,-1,-1,-1
429,7,9.39,171.43,285.76,805.08,-1,-1,-1,-1
429,1,969.17,150.36,315.80,933.38,-1,-1,-1,-1
430,3,384.35,200.54,244.62,667.21,-1,-1,-1,-1
430,7,17.32,172.32,282.20,793.13,-1,-1,-1,-1
430,1,954.19,147.39,310.58,932.18,-1,-1,-1,-1
431,3,397.65,204.47,240.05,655.29,-1,-1,-1,-1
431,7,28.50,168.09,283.36,795.16,-1,-1,-1,-1
431,1,934.16,143.25,307.07,926.37,-1,-1,-1,-1
432,3,409.41,208.58,235.50,644.73,-1,-1,-1,-1
432,7,33.16,162.36,286.75,803.27,-1,-1,-1,-1
432,1,913.44,139.52,307.56,930.52,-1,-1,-1,-1
433,3,427.24,211.56,228.82,628.58,-1,-1,-1,-1
433,7,34.12,161.95,287.33,803.80,-1,-1,-1,-1
433,1,902.22,145.46,307.18,929.76,-1,-1,-1,-1
434,3,435.43,207.09,229.41,633.05,-1,-1,-1,-1
434,7,35.09,159.21,289.76,808.83,-1,-1,-1,-1
434,1,896.40,144.63,308.38,930.78,-1,-1,-1,-1
435,3,457.11,207.17,223.30,620.61,-1,-1,-1,-1
435,7,38.26,163.35,287.89,801.68,-1,-1,-1,-1
435,1,890.46,141.77,311.59,934.85,-1,-1,-1,-1
436,3,475.75,206.42,223.16,625.52,-1,-1,-1,-1
436,7,41.84,169.36,286.08,795.17,-1,-1,-1,-1
436,1,889.09,143.07,313.29,934.84,-1,-1,-1,-1
437,3,497.35,209.30,219.03,615.78,-1,-1,-1,-1
437,7,45.40,169.78,287.62,796.56,-1,-1,-1,-1
437,1,898.56,151.62,309.28,920.94,-1,-1,-1,-1
438,3,520.39,214.93,215.17,603.43,-1,-1,-1,-1
438,7,51.29,173.89,287.64,791.50,-1,-1,-1,-1
438,1,905.82,159.37,307.73,912.88,-1,-1,-1,-1
439,3,534.05,212.87,215.11,602.30,-1,-1,-1,-1
439,7,55.17,175.90,288.46,789.93,-1,-1,-1,-1
439,1,911.77,162.56,308.26,910.91,-1,-1,-1,-1
440,3,550.87,219.27,212.40,591.38,-1,-1,-1,-1
440,7,58.24,174.17,290.89,793.29,-1,-1,-1,-1
440,1,917.05,159.41,311.96,916.80,-1,-1,-1,-1
441,3,567.56,219.80,211.77,589.02,-1,-1,-1,-1
441,7,62.25,174.61,293.96,799.08,-1,-1,-1,-1
441,1,929.53,160.28,312.21,914.73,-1,-1,-1,-1
442,3,584.61,220.39,209.99,586.90,-1,-1,-1,-1
442,7,69.63,172.01,295.88,803.95,-1,-1,-1,-1
442,1,938.37,162.53,312.52,914.48,-1,-1,-1,-1
443,3,605.14,217.97,208.43,586.74,-1,-1,-1,-1
443,7,77.00,171.25,299.07,813.75,-1,-1,-1,-1
443,1,941.83,158.73,315.75,919.18,-1,-1,-1,-1
444,3,618.23,217.01,206.11,582.64,-1,-1,-1,-1
444,7,83.42,171.79,301.06,819.81,-1,-1,-1,-1
444,1,943.60,163.68,315.76,914.03,-1,-1,-1,-1
445,3,637.21,218.43,203.95,581.45,-1,-1,-1,-1
445,7,90.69,176.35,302.53,827.16,-1,-1,-1,-1
445,1,945.59,164.90,315.29,912.08,-1,-1,-1,-1
446,3,653.56,212.57,203.78,579.01,-1,-1,-1,-1
446,7,98.40,179.33,302.15,827.53,-1,-1,-1,-1
446,1,943.71,164.23,315.78,913.08,-1,-1,-1,-1
447,3,674.61,211.51,203.88,575.02,-1,-1,-1,-1
447,7,104.82,179.72,301.10,827.01,-1,-1,-1,-1
447,1,935.94,159.84,319.75,920.75,-1,-1,-1,-1
448,3,688.13,210.39,204.60,573.69,-1,-1,-1,-1
448,7,108.62,180.33,300.54,829.03,-1,-1,-1,-1
448,1,931.65,161.75,317.90,911.33,-1,-1,-1,-1
449,3,706.72,212.16,206.94,576.78,-1,-1,-1,-1
449,7,113.71,180.67,299.96,830.58,-1,-1,-1,-1
449,1,920.83,162.63,318.94,912.44,-1,-1,-1,-1
450,3,724.02,211.48,208.29,576.95,-1,-1,-1,-1
450,7,122.63,174.88,299.87,831.47,-1,-1,-1,-1
450,1,910.12,166.54,318.38,906.40,-1,-1,-1,-1
451,3,744.91,211.26,207.77,575.09,-1,-1,-1,-1
451,7,136.53,171.95,298.78,830.77,-1,-1,-1,-1
451,1,900.85,164.00,313.09,886.63,-1,-1,-1,-1
452,3,762.09,207.31,209.34,583.54,-1,-1,-1,-1
452,7,150.31,173.68,298.07,830.25,-1,-1,-1,-1
452,1,885.48,166.78,314.81,888.58,-1,-1,-1,-1
453,3,774.55,207.40,206.14,578.96,-1,-1,-1,-1
453,7,161.58,173.97,297.51,829.28,-1,-1,-1,-1
453,1,872.47,172.36,315.31,886.10,-1,-1,-1,-1
454,3,792.02,206.44,206.48,588.81,-1,-1,-1,-1
454,7,177.37,170.89,299.49,832.85,-1,-1,-1,-1
454,1,858.05,175.01,313.32,875.44,-1,-1,-1,-1
455,3,805.24,205.27,213.31,619.98,-1,-1,-1,-1
455,7,201.33,175.14,297.80,821.11,-1,-1,-1,-1
455,1,842.69,180.38,306.20,852.00,-1,-1,-1,-1
456,7,219.26,175.41,301.83,824.52,-1,-1,-1,-1
456,1,833.22,184.29,302.42,840.84,-1,-1,-1,-1
457,7,240.43,177.61,302.87,822.47,-1,-1,-1,-1
457,1,821.16,184.23,297.15,828.86,-1,-1,-1,-1
458,7,252.92,182.24,303.86,821.92,-1,-1,-1,-1
458,1,815.86,184.83,294.56,824.40,-1,-1,-1,-1
459,7,269.66,179.81,302.61,818.28,-1,-1,-1,-1
459,1,811.75,182.97,292.03,817.71,-1,-1,-1,-1
460,7,291.27,180.88,301.74,814.78,-1,-1,-1,-1
460,1,811.99,186.25,289.74,810.48,-1,-1,-1,-1
461,7,318.07,175.95,301.17,814.66,-1,-1,-1,-1
461,1,816.74,194.75,284.35,795.76,-1,-1,-1,-1
462,7,342.45,170.71,301.53,820.40,-1,-1,-1,-1
462,1,853.83,212.76,256.47,718.45,-1,-1,-1,-1
463,7,358.17,168.06,304.09,832.10,-1,-1,-1,-1
463,1,878.92,217.73,239.68,672.72,-1,-1,-1,-1
464,7,383.48,164.92,303.53,836.57,-1,-1,-1,-1
464,1,904.44,209.03,224.86,633.82,-1,-1,-1,-1
465,7,411.24,165.69,302.00,831.70,-1,-1,-1,-1
465,1,847.67,199.31,248.85,699.42,-1,-1,-1,-1
465,3,987.57,207.38,195.83,563.90,-1,-1,-1,-1
466,7,437.61,171.34,303.94,834.38,-1,-1,-1,-1
466,1,825.79,193.69,255.82,716.21,-1,-1,-1,-1
466,3,1009.07,202.07,200.14,566.76,-1,-1,-1,-1
467,7,460.57,173.28,303.85,831.47,-1,-1,-1,-1
467,1,814.45,192.35,258.74,721.76,-1,-1,-1,-1
467,3,1026.21,203.37,203.50,569.67,-1,-1,-1,-1
468,7,477.67,176.02,304.21,829.08,-1,-1,-1,-1
468,1,807.66,191.97,260.00,722.87,-1,-1,-1,-1
468,3,1037.49,204.90,204.90,569.06,-1,-1,-1,-1
469,7,494.99,178.06,304.27,830.48,-1,-1,-1,-1
469,1,802.10,194.54,258.13,717.57,-1,-1,-1,-1
469,3,1050.64,201.75,207.43,575.16,-1,-1,-1,-1
470,7,509.55,171.12,305.14,833.96,-1,-1,-1,-1
470,1,798.30,203.16,253.19,703.36,-1,-1,-1,-1
470,3,1069.85,205.78,204.79,569.18,-1,-1,-1,-1
471,7,527.10,166.28,307.27,845.31,-1,-1,-1,-1
471,1,795.00,209.30,248.93,690.95,-1,-1,-1,-1
471,3,1086.54,206.17,204.46,574.88,-1,-1,-1,-1
472,7,540.12,165.51,306.36,851.36,-1,-1,-1,-1
472,1,792.35,212.38,247.43,686.91,-1,-1,-1,-1
472,3,1099.59,206.24,201.58,571.31,-1,-1,-1,-1
473,7,567.11,161.90,302.69,852.46,-1,-1,-1,-1
473,1,785.55,215.99,245.04,679.11,-1,-1,-1,-1
473,3,1117.46,201.11,204.36,582.03,-1,-1,-1,-1
474,7,593.09,151.32,302.23,867.98,-1,-1,-1,-1
474,1,781.94,215.08,237.04,658.12,-1,-1,-1,-1
474,3,1133.45,196.55,205.00,582.23,-1,-1,-1,-1
475,7,636.78,173.38,289.44,834.27,-1,-1,-1,-1
475,1,778.06,216.82,231.16,645.18,-1,-1,-1,-1
475,3,1155.16,196.68,204.70,577.90,-1,-1,-1,-1
476,7,668.30,175.99,284.97,820.29,-1,-1,-1,-1
476,1,780.56,221.34,225.04,640.98,-1,-1,-1,-1
476,3,1172.65,198.56,206.01,577.14,-1,-1,-1,-1
477,7,688.59,170.83,284.22,815.38,-1,-1,-1,-1
477,3,1185.12,200.36,205.83,573.17,-1,-1,-1,-1
478,7,701.46,165.47,292.11,833.12,-1,-1,-1,-1
478,3,1197.77,196.15,209.17,580.32,-1,-1,-1,-1
479,7,718.84,165.92,294.61,837.04,-1,-1,-1,-1
479,3,1213.61,198.99,207.65,575.36,-1,-1,-1,-1
480,7,736.03,169.94,293.44,829.57,-1,-1,-1,-1
480,3,1229.47,193.56,209.95,580.13,-1,-1,-1,-1
481,7,759.54,173.82,288.81,818.20,-1,-1,-1,-1
481,3,1250.91,191.27,207.51,573.07,-1,-1,-1,-1
482,7,790.39,177.34,281.81,801.72,-1,-1,-1,-1
482,3,1264.46,191.58,209.79,578.42,-1,-1,-1,-1
483,7,814.44,179.81,282.30,812.74,-1,-1,-1,-1
483,3,1269.85,188.97,212.44,583.76,-1,-1,-1,-1
483,1,734.79,231.94,205.23,583.78,-1,-1,-1,-1
484,7,843.73,155.50,285.70,831.49,-1,-1,-1,-1
484,3,1283.18,188.99,216.52,591.70,-1,-1,-1,-1
484,1,730.15,227.41,206.65,585.74,-1,-1,-1,-1
485,7,867.75,157.32,288.13,845.10,-1,-1,-1,-1
485,3,1297.51,190.09,220.73,598.88,-1,-1,-1,-1
485,1,723.66,224.64,207.58,586.28,-1,-1,-1,-1
486,7,894.54,150.09,289.91,850.62,-1,-1,-1,-1
486,3,1311.54,190.86,226.25,610.30,-1,-1,-1,-1
486,1,713.59,227.67,206.11,578.85,-1,-1,-1,-1
487,7,920.22,149.23,290.34,847.48,-1,-1,-1,-1
487,3,1323.22,186.48,232.66,626.08,-1,-1,-1,-1
487,1,702.76,228.31,206.31,575.16,-1,-1,-1,-1
488,7,940.19,152.25,290.14,843.27,-1,-1,-1,-1
488,3,1338.98,189.45,233.39,626.10,-1,-1,-1,-1
488,1,694.56,233.69,204.84,565.55,-1,-1,-1,-1
489,7,954.33,154.34,291.23,842.09,-1,-1,-1,-1
489,3,1349.99,187.21,235.28,628.83,-1,-1,-1,-1
489,1,689.12,239.40,203.57,557.11,-1,-1,-1,-1
490,7,969.96,157.41,291.10,839.16,-1,-1,-1,-1
490,3,1360.71,177.77,238.95,637.94,-1,-1,-1,-1
490,1,678.17,240.92,203.72,553.97,-1,-1,-1,-1
491,7,986.94,158.14,291.24,843.35,-1,-1,-1,-1
491,3,1369.01,172.94,240.67,642.56,-1,-1,-1,-1
491,1,668.23,243.98,201.79,546.87,-1,-1,-1,-1
492,7,1004.42,152.32,293.26,852.13,-1,-1,-1,-1
492,3,1376.37,171.52,243.40,650.33,-1,-1,-1,-1
492,1,654.25,245.84,200.64,545.23,-1,-1,-1,-1
493,7,1027.33,152.77,291.67,855.50,-1,-1,-1,-1
493,3,1384.71,173.45,247.42,661.85,-1,-1,-1,-1
493,1,639.37,247.25,198.91,546.16,-1,-1,-1,-1
494,7,1046.73,150.48,290.28,856.89,-1,-1,-1,-1
494,3,1389.61,173.73,251.59,672.84,-1,-1,-1,-1
494,1,628.97,247.69,199.03,550.48,-1,-1,-1,-1
495,7,1075.29,143.16,291.14,863.41,-1,-1,-1,-1
495,3,1396.52,168.56,256.85,685.54,-1,-1,-1,-1
495,1,620.14,245.64,197.76,548.67,-1,-1,-1,-1
496,7,1103.34,141.97,291.05,866.76,-1,-1,-1,-1
496,3,1403.67,164.70,260.71,694.30,-1,-1,-1,-1
496,1,608.53,242.90,197.29,545.46,-1,-1,-1,-1
497,7,1124.25,140.61,292.20,869.07,-1,-1,-1,-1
497,3,1410.58,162.37,264.38,703.67,-1,-1,-1,-1
497,1,598.24,241.17,197.99,544.91,-1,-1,-1,-1
498,7,1149.77,135.33,292.85,867.87,-1,-1,-1,-1
498,3,1413.54,161.19,267.21,709.36,-1,-1,-1,-1
498,1,588.94,242.37,199.38,545.23,-1,-1,-1,-1
499,7,1164.55,136.71,293.91,867.64,-1,-1,-1,-1
499,3,1413.97,160.98,268.26,711.37,-1,-1,-1,-1
499,1,585.17,241.89,201.30,548.10,-1,-1,-1,-1
500,7,1186.19,143.64,293.44,860.51,-1,-1,-1,-1
500,3,1410.52,160.94,268.75,713.97,-1,-1,-1,-1
500,1,575.47,241.05,202.69,547.95,-1,-1,-1,-1
501,7,1201.60,134.88,291.32,853.67,-1,-1,-1,-1
501,3,1402.59,160.57,269.68,719.98,-1,-1,-1,-1
501,1,568.70,243.10,203.66,546.38,-1,-1,-1,-1
502,7,1224.90,139.39,287.30,848.08,-1,-1,-1,-1
502,3,1398.48,162.52,268.88,721.47,-1,-1,-1,-1
502,1,559.40,242.31,205.85,548.09,-1,-1,-1,-1
503,7,1290.66,150.68,277.66,818.99,-1,-1,-1,-1
503,1,555.94,241.90,207.08,547.39,-1,-1,-1,-1
504,7,1315.75,152.58,276.99,807.78,-1,-1,-1,-1
504,1,553.44,240.92,208.74,547.33,-1,-1,-1,-1
505,7,1336.10,150.02,277.42,815.31,-1,-1,-1,-1
505,1,550.98,241.24,210.95,550.27,-1,-1,-1,-1
506,7,1341.59,143.50,288.54,854.81,-1,-1,-1,-1
506,1,549.35,239.92,213.86,553.04,-1,-1,-1,-1
507,7,1353.68,141.92,293.08,868.84,-1,-1,-1,-1
507,1,549.77,237.04,215.02,551.59,-1,-1,-1,-1
508,7,1362.62,143.62,293.25,863.40,-1,-1,-1,-1
508,1,551.14,239.26,216.18,550.79,-1,-1,-1,-1
509,7,1352.97,141.75,287.59,844.21,-1,-1,-1,-1
509,1,554.76,240.27,216.64,549.01,-1,-1,-1,-1
510,7,1346.50,140.36,284.43,834.25,-1,-1,-1,-1
510,1,557.95,241.62,216.21,545.48,-1,-1,-1,-1
511,7,1275.54,146.08,272.51,797.23,-1,-1,-1,-1
511,1,561.89,240.57,217.29,547.31,-1,-1,-1,-1
511,3,1422.25,143.74,315.00,840.87,-1,-1,-1,-1
512,7,1241.72,147.96,266.92,778.75,-1,-1,-1,-1
512,1,565.85,238.19,219.55,553.28,-1,-1,-1,-1
512,3,1429.61,139.38,323.31,856.67,-1,-1,-1,-1
513,7,1225.34,149.39,265.45,771.37,-1,-1,-1,-1
513,1,569.95,237.37,220.68,556.15,-1,-1,-1,-1
513,3,1437.01,135.81,328.15,867.73,-1,-1,-1,-1
514,7,1208.33,150.27,268.33,777.26,-1,-1,-1,-1
514,1,575.10,239.34,222.26,559.94,-1,-1,-1,-1
514,3,1456.31,134.40,326.74,868.70,-1,-1,-1,-1
515,7,1191.09,150.43,271.24,786.25,-1,-1,-1,-1
515,1,581.75,241.15,222.56,560.41,-1,-1,-1,-1
515,3,1475.18,131.18,325.10,874.30,-1,-1,-1,-1
516,7,1174.52,149.13,270.21,787.74,-1,-1,-1,-1
516,1,588.65,242.59,223.51,563.51,-1,-1,-1,-1
516,3,1497.79,130.03,319.02,863.71,-1,-1,-1,-1
517,7,1148.72,146.33,269.31,797.91,-1,-1,-1,-1
517,1,596.40,243.93,224.86,569.40,-1,-1,-1,-1
517,3,1517.22,127.69,315.11,857.35,-1,-1,-1,-1
518,7,1127.31,145.47,269.28,808.16,-1,-1,-1,-1
518,1,601.77,245.23,225.67,573.02,-1,-1,-1,-1
518,3,1527.54,127.89,313.34,853.65,-1,-1,-1,-1
519,7,1103.18,148.32,266.00,802.10,-1,-1,-1,-1
519,1,609.12,244.49,225.75,574.98,-1,-1,-1,-1
519,3,1535.86,130.91,314.65,857.18,-1,-1,-1,-1
520,7,1076.88,151.65,262.97,790.19,-1,-1,-1,-1
520,1,615.96,243.95,226.52,579.32,-1,-1,-1,-1
520,3,1544.38,135.51,313.22,852.87,-1,-1,-1,-1
521,7,1054.82,157.96,259.96,772.81,-1,-1,-1,-1
521,1,622.79,240.76,227.66,585.84,-1,-1,-1,-1
521,3,1554.76,140.63,308.28,838.19,-1,-1,-1,-1
522,7,1035.60,159.43,261.97,770.34,-1,-1,-1,-1
522,1,631.12,239.50,227.84,589.02,-1,-1,-1,-1
522,3,1559.49,145.59,306.50,832.10,-1,-1,-1,-1
523,7,1012.09,155.73,265.00,777.10,-1,-1,-1,-1
523,1,644.88,237.74,227.51,592.24,-1,-1,-1,-1
523,3,1565.61,147.68,303.49,824.64,-1,-1,-1,-1
524,7,984.73,154.52,266.00,777.90,-1,-1,-1,-1
524,1,658.39,234.91,227.15,595.99,-1,-1,-1,-1
524,3,1568.26,147.75,299.30,814.09,-1,-1,-1,-1
525,7,959.02,156.51,262.10,771.91,-1,-1,-1,-1
525,1,671.33,228.38,226.92,600.07,-1,-1,-1,-1
525,3,1571.08,148.99,293.33,797.75,-1,-1,-1,-1
526,7,940.12,153.51,261.30,773.64,-1,-1,-1,-1
526,1,681.42,226.98,227.90,607.45,-1,-1,-1,-1
526,3,1572.92,149.14,288.46,784.18,-1,-1,-1,-1
527,7,913.88,155.54,261.79,778.18,-1,-1,-1,-1
527,1,698.45,224.74,228.02,609.17,-1,-1,-1,-1
527,3,1575.27,151.94,282.70,769.05,-1,-1,-1,-1
528,7,895.00,154.16,257.97,767.05,-1,-1,-1,-1
528,1,710.44,223.85,229.61,614.74,-1,-1,-1,-1
528,3,1574.14,152.27,280.26,762.36,-1,-1,-1,-1
529,7,869.82,154.36,260.02,774.06,-1,-1,-1,-1
529,1,724.68,224.55,225.40,608.70,-1,-1,-1,-1
529,3,1570.27,155.46,277.91,757.48,-1,-1,-1,-1
530,7,854.29,160.50,256.98,764.49,-1,-1,-1,-1
530,1,752.72,216.46,234.52,639.40,-1,-1,-1,-1
530,3,1566.78,157.10,275.70,755.24,-1,-1,-1,-1
531,7,834.27,164.63,256.86,758.21,-1,-1,-1,-1
531,1,762.49,218.77,229.45,630.01,-1,-1,-1,-1
531,3,1562.43,160.91,272.72,749.06,-1,-1,-1,-1
532,7,805.31,166.43,259.31,759.39,-1,-1,-1,-1
532,3,1558.96,164.93,269.48,742.09,-1,-1,-1,-1
533,7,787.59,162.62,264.31,773.28,-1,-1,-1,-1
533,3,1554.63,171.06,265.94,733.43,-1,-1,-1,-1
534,7,770.44,170.91,258.47,761.37,-1,-1,-1,-1
534,3,1550.54,174.33,262.01,724.51,-1,-1,-1,-1
535,7,757.06,176.99,250.74,743.89,-1,-1,-1,-1
535,3,1545.73,175.90,256.56,710.88,-1,-1,-1,-1
536,7,703.14,167.46,258.37,773.98,-1,-1,-1,-1
536,3,1540.09,179.77,248.61,689.85,-1,-1,-1,-1
536,1,854.18,209.92,234.93,654.85,-1,-1,-1,-1
537,7,670.74,160.04,260.77,782.17,-1,-1,-1,-1
537,3,1535.16,183.53,243.29,675.04,-1,-1,-1,-1
537,1,867.12,213.96,235.13,658.08,-1,-1,-1,-1
538,7,643.45,158.89,260.16,772.77,-1,-1,-1,-1
538,3,1530.53,185.78,239.13,662.50,-1,-1,-1,-1
538,1,874.94,212.43,241.80,677.25,-1,-1,-1,-1
539,7,629.77,159.66,261.33,768.86,-1,-1,-1,-1
539,3,1526.15,183.77,237.48,657.23,-1,-1,-1,-1
539,1,881.38,210.70,245.61,687.44,-1,-1,-1,-1
540,7,609.92,161.18,263.36,768.10,-1,-1,-1,-1
540,3,1518.14,182.60,237.64,658.04,-1,-1,-1,-1
540,1,892.85,209.64,245.37,688.78,-1,-1,-1,-1
541,7,588.78,169.58,260.95,753.68,-1,-1,-1,-1
541,3,1508.18,185.12,235.84,655.00,-1,-1,-1,-1
541,1,905.18,207.09,243.35,689.40,-1,-1,-1,-1
542,7,564.22,168.71,265.07,761.36,-1,-1,-1,-1
542,3,1496.44,187.61,232.47,645.93,-1,-1,-1,-1
542,1,913.69,205.39,244.39,696.12,-1,-1,-1,-1
543,7,546.34,165.08,263.61,753.35,-1,-1,-1,-1
543,3,1486.81,189.37,228.77,635.96,-1,-1,-1,-1
543,1,924.36,204.47,244.25,699.87,-1,-1,-1,-1
544,7,519.81,165.43,264.30,757.03,-1,-1,-1,-1
544,3,1476.89,188.24,225.48,626.04,-1,-1,-1,-1
544,1,944.94,199.92,244.69,704.66,-1,-1,-1,-1
545,7,492.89,167.32,263.55,761.15,-1,-1,-1,-1
545,3,1466.63,187.77,222.86,620.08,-1,-1,-1,-1
545,1,964.49,196.29,247.83,712.67,-1,-1,-1,-1
546,7,463.85,163.83,267.68,771.38,-1,-1,-1,-1
546,3,1454.87,187.69,220.76,616.43,-1,-1,-1,-1
546,1,983.08,193.88,253.75,728.17,-1,-1,-1,-1
547,7,445.78,159.48,271.78,776.42,-1,-1,-1,-1
547,3,1447.27,181.20,220.20,616.05,-1,-1,-1,-1
547,1,995.26,192.76,255.68,733.68,-1,-1,-1,-1
548,7,427.37,159.73,275.47,777.67,-1,-1,-1,-1
548,3,1437.62,187.66,214.14,599.03,-1,-1,-1,-1
548,1,1010.54,194.95,255.14,732.41,-1,-1,-1,-1
549,7,407.05,162.20,281.72,783.44,-1,-1,-1,-1
549,3,1428.37,187.06,213.05,596.56,-1,-1,-1,-1
549,1,1026.19,193.53,255.58,734.22,-1,-1,-1,-1
550,7,380.23,161.52,287.91,798.48,-1,-1,-1,-1
550,3,1416.71,189.16,211.31,591.55,-1,-1,-1,-1
550,1,1043.15,187.52,257.52,740.10,-1,-1,-1,-1
551,7,361.83,159.07,290.81,806.55,-1,-1,-1,-1
551,3,1405.84,189.53,210.93,591.92,-1,-1,-1,-1
551,1,1063.19,185.23,259.08,746.24,-1,-1,-1,-1
552,7,339.24,159.53,291.77,812.33,-1,-1,-1,-1
552,3,1394.55,188.97,209.40,591.23,-1,-1,-1,-1
552,1,1085.04,176.76,266.72,769.65,-1,-1,-1,-1
553,7,313.72,156.98,292.14,821.81,-1,-1,-1,-1
553,3,1381.70,193.06,206.27,586.17,-1,-1,-1,-1
553,1,1106.12,170.99,273.65,793.39,-1,-1,-1,-1
554,7,295.02,155.45,291.72,827.57,-1,-1,-1,-1
554,3,1375.44,195.95,205.03,585.11,-1,-1,-1,-1
554,1,1120.13,166.19,279.76,812.08,-1,-1,-1,-1
555,7,274.78,149.77,292.95,832.37,-1,-1,-1,-1
555,3,1365.17,193.03,206.27,589.05,-1,-1,-1,-1
555,1,1135.73,166.37,285.61,825.13,-1,-1,-1,-1
556,7,257.87,149.24,295.80,840.38,-1,-1,-1,-1
556,3,1359.16,199.05,205.97,588.23,-1,-1,-1,-1
556,1,1147.27,171.50,292.61,839.36,-1,-1,-1,-1
557,7,230.22,144.02,305.75,862.77,-1,-1,-1,-1
557,3,1351.85,208.63,204.27,584.57,-1,-1,-1,-1
557,1,1162.40,172.35,298.70,850.94,-1,-1,-1,-1
558,7,210.63,143.91,313.29,878.57,-1,-1,-1,-1
558,3,1336.87,204.72,204.23,585.98,-1,-1,-1,-1
558,1,1175.66,174.66,296.96,843.14,-1,-1,-1,-1
559,7,192.14,150.05,322.04,897.75,-1,-1,-1,-1
559,3,1317.43,213.71,206.83,594.04,-1,-1,-1,-1
559,1,1192.86,171.47,303.71,864.14,-1,-1,-1,-1
560,7,181.46,151.33,328.12,908.58,-1,-1,-1,-1
560,1,1207.02,165.80,305.84,868.02,-1,-1,-1,-1
561,7,159.56,147.86,333.17,919.08,-1,-1,-1,-1
561,1,1217.84,156.47,313.79,883.06,-1,-1,-1,-1
562,7,146.76,144.72,336.47,923.96,-1,-1,-1,-1
562,1,1227.57,149.74,328.05,915.09,-1,-1,-1,-1
563,7,131.29,138.96,342.45,935.21,-1,-1,-1,-1
563,1,1242.95,146.83,335.19,927.27,-1,-1,-1,-1
564,7,117.11,125.06,348.45,943.55,-1,-1,-1,-1
564,1,1257.28,151.05,337.69,925.52,-1,-1,-1,-1
565,7,103.49,126.90,352.39,947.62,-1,-1,-1,-1
565,1,1283.32,155.52,338.57,923.57,-1,-1,-1,-1
566,7,96.71,117.66,359.61,960.39,-1,-1,-1,-1
566,1,1300.74,153.80,339.95,924.78,-1,-1,-1,-1
566,3,1215.69,212.12,199.47,569.81,-1,-1,-1,-1
567,7,93.71,118.19,364.03,965.95,-1,-1,-1,-1
567,1,1315.51,144.95,341.57,930.75,-1,-1,-1,-1
567,3,1204.90,207.53,201.36,573.29,-1,-1,-1,-1
568,7,89.14,118.47,367.94,969.06,-1,-1,-1,-1
568,1,1325.52,140.53,341.63,935.18,-1,-1,-1,-1
568,3,1190.37,203.24,201.56,574.25,-1,-1,-1,-1
569,7,83.26,107.00,373.22,980.66,-1,-1,-1,-1
569,1,1328.92,136.89,339.76,933.68,-1,-1,-1,-1
569,3,1178.67,202.81,201.82,576.74,-1,-1,-1,-1
570,7,81.21,106.95,374.20,980.89,-1,-1,-1,-1
570,1,1332.76,136.38,337.01,930.75,-1,-1,-1,-1
570,3,1168.81,201.01,200.49,575.44,-1,-1,-1,-1
571,7,83.86,101.19,376.18,984.70,-1,-1,-1,-1
571,1,1329.31,135.33,334.50,929.66,-1,-1,-1,-1
571,3,1154.54,203.08,200.54,577.63,-1,-1,-1,-1
572,7,89.91,91.28,378.85,990.54,-1,-1,-1,-1
572,1,1328.49,138.26,331.18,925.45,-1,-1,-1,-1
572,3,1138.08,201.49,199.79,575.47,-1,-1,-1,-1
573,7,103.45,85.77,381.99,997.61,-1,-1,-1,-1
573,1,1327.46,140.41,328.41,922.34,-1,-1,-1,-1
573,3,1120.54,203.01,199.76,572.30,-1,-1,-1,-1
574,7,116.60,77.14,385.59,1001.65,-1,-1,-1,-1
574,1,1318.94,140.35,326.91,922.34,-1,-1,-1,-1
574,3,1101.74,206.01,199.07,564.91,-1,-1,-1,-1
575,7,130.88,77.37,387.49,1003.90,-1,-1,-1,-1
575,1,1306.26,146.74,326.13,920.84,-1,-1,-1,-1
575,3,1081.72,211.20,200.09,563.49,-1,-1,-1,-1
576,7,152.64,80.06,386.97,999.05,-1,-1,-1,-1
576,1,1294.62,141.36,326.25,918.82,-1,-1,-1,-1
576,3,1065.30,216.77,200.86,560.75,-1,-1,-1,-1
577,7,173.83,77.90,390.74,1008.36,-1,-1,-1,-1
577,1,1278.95,146.35,317.97,902.37,-1,-1,-1,-1
577,3,1052.26,219.09,200.19,555.41,-1,-1,-1,-1
578,7,180.46,76.93,393.60,1012.19,-1,-1,-1,-1
578,1,1265.19,148.31,314.76,899.05,-1,-1,-1,-1
578,3,1043.43,220.47,200.10,552.89,-1,-1,-1,-1
579,7,211.22,74.65,392.23,1006.04,-1,-1,-1,-1
579,1,1250.42,151.48,312.37,899.72,-1,-1,-1,-1
579,3,1028.67,215.82,202.85,559.40,-1,-1,-1,-1
580,7,241.76,69.46,396.06,1016.34,-1,-1,-1,-1
580,1,1230.63,147.17,307.30,887.54,-1,-1,-1,-1
580,3,1010.80,218.10,200.91,557.34,-1,-1,-1,-1
581,7,269.54,67.01,397.34,1021.87,-1,-1,-1,-1
581,1,1212.80,155.63,303.42,877.97,-1,-1,-1,-1
581,3,992.13,217.15,198.07,554.16,-1,-1,-1,-1
582,7,302.47,55.76,399.09,1028.72,-1,-1,-1,-1
582,1,1192.38,154.92,301.65,865.83,-1,-1,-1,-1
582,3,972.23,214.53,198.87,559.25,-1,-1,-1,-1
583,7,332.18,55.34,401.74,1036.88,-1,-1,-1,-1
583,1,1174.97,152.88,301.57,860.50,-1,-1,-1,-1
583,3,955.15,217.09,198.41,556.93,-1,-1,-1,-1
584,7,356.42,51.81,401.61,1038.24,-1,-1,-1,-1
584,1,1160.35,149.35,304.08,862.03,-1,-1,-1,-1
584,3,941.31,217.46,199.53,557.24,-1,-1,-1,-1
585,7,392.21,55.55,399.08,1024.94,-1,-1,-1,-1
585,1,1141.95,151.78,306.87,867.91,-1,-1,-1,-1
585,3,925.14,218.53,201.63,559.52,-1,-1,-1,-1
586,7,431.36,57.18,401.56,1026.37,-1,-1,-1,-1
586,1,1117.88,152.59,307.59,866.78,-1,-1,-1,-1
586,3,907.83,220.32,203.99,560.04,-1,-1,-1,-1
587,7,465.76,53.84,401.72,1032.44,-1,-1,-1,-1
587,1,1094.77,151.21,308.27,873.70,-1,-1,-1,-1
587,3,895.16,220.94,205.88,560.95,-1,-1,-1,-1
588,7,491.92,61.34,393.56,1023.27,-1,-1,-1,-1
588,1,1077.54,154.83,307.28,873.32,-1,-1,-1,-1
588,3,885.20,222.65,207.13,560.09,-1,-1,-1,-1
589,7,522.89,63.81,385.58,1019.84,-1,-1,-1,-1
589,1,1044.95,156.75,307.31,886.41,-1,-1,-1,-1
589,3,873.14,222.62,206.93,559.73,-1,-1,-1,-1
590,7,563.12,73.08,378.59,1018.24,-1,-1,-1,-1
590,1,1017.04,148.83,301.24,878.04,-1,-1,-1,-1
590,3,856.31,223.15,207.04,563.67,-1,-1,-1,-1
591,7,604.90,67.29,373.95,1017.61,-1,-1,-1,-1
591,1,984.96,154.00,300.09,879.52,-1,-1,-1,-1
591,3,837.40,224.08,204.42,561.15,-1,-1,-1,-1
592,7,632.35,65.60,371.01,1019.99,-1,-1,-1,-1
592,1,968.31,156.97,296.58,867.71,-1,-1,-1,-1
592,3,828.17,225.74,198.12,549.42,-1,-1,-1,-1
593,7,661.60,60.25,370.84,1020.47,-1,-1,-1,-1
593,1,948.42,154.17,298.60,868.32,-1,-1,-1,-1
594,7,693.56,64.68,371.99,1017.47,-1,-1,-1,-1
594,1,917.76,152.65,299.08,870.41,-1,-1,-1,-1
595,7,741.59,50.90,378.25,1042.11,-1,-1,-1,-1
596,7,783.08,63.12,376.45,1035.79,-1,-1,-1,-1
597,7,815.33,58.13,374.06,1037.22,-1,-1,-1,-1
597,3,756.77,229.69,198.01,545.00,-1,-1,-1,-1
598,7,853.91,51.80,366.02,1024.47,-1,-1,-1,-1
598,3,736.58,228.34,200.71,553.98,-1,-1,-1,-1
599,7,856.88,86.89,343.50,969.19,-1,-1,-1,-1
599,3,722.10,229.72,199.54,553.50,-1,-1,-1,-1
600,7,932.89,45.46,359.40,1017.24,-1,-1,-1,-1
600,3,706.51,231.80,197.51,552.17,-1,-1,-1,-1
600,1,782.51,160.14,294.24,870.98,-1,-1,-1,-1
601,7,980.98,36.36,368.67,1042.68,-1,-1,-1,-1
601,3,693.66,229.73,198.11,561.76,-1,-1,-1,-1
601,1,758.31,181.54,284.53,843.72,-1,-1,-1,-1
602,7,1007.33,25.25,374.82,1056.15,-1,-1,-1,-1
602,3,684.50,230.49,199.23,569.91,-1,-1,-1,-1
602,1,740.88,183.15,281.50,831.86,-1,-1,-1,-1
603,7,1038.42,34.67,376.41,1056.73,-1,-1,-1,-1
603,3,671.75,223.93,203.64,582.51,-1,-1,-1,-1
603,1,715.26,183.80,281.52,819.39,-1,-1,-1,-1
604,7,1066.38,27.76,379.73,1060.65,-1,-1,-1,-1
604,3,658.52,228.34,199.84,576.20,-1,-1,-1,-1
604,1,688.30,185.16,282.76,815.27,-1,-1,-1,-1
605,7,1104.07,34.26,386.36,1070.16,-1,-1,-1,-1
605,1,663.15,191.60,285.15,815.91,-1,-1,-1,-1
606,7,1148.90,26.37,389.01,1064.15,-1,-1,-1,-1
606,1,640.82,186.97,289.38,822.64,-1,-1,-1,-1
607,7,1172.15,28.03,389.84,1057.59,-1,-1,-1,-1
607,1,628.36,190.15,292.15,827.63,-1,-1,-1,-1
607,3,612.97,242.85,197.10,563.26,-1,-1,-1,-1
608,7,1196.66,37.59,386.90,1042.89,-1,-1,-1,-1
608,1,608.52,194.18,288.69,811.64,-1,-1,-1,-1
609,7,1222.42,33.62,388.30,1046.54,-1,-1,-1,-1
609,1,591.29,191.79,288.25,806.81,-1,-1,-1,-1
610,7,1250.09,38.88,389.14,1045.61,-1,-1,-1,-1
610,1,574.51,199.39,290.23,806.28,-1,-1,-1,-1
611,7,1286.85,34.75,382.61,1023.09,-1,-1,-1,-1
611,1,567.06,201.27,290.68,801.16,-1,-1,-1,-1
612,7,1310.03,39.17,388.88,1037.61,-1,-1,-1,-1
612,1,565.61,207.71,289.85,793.70,-1,-1,-1,-1
612,3,533.22,229.01,204.48,582.87,-1,-1,-1,-1
613,7,1324.95,41.94,393.36,1046.59,-1,-1,-1,-1
613,1,566.39,211.59,289.83,792.87,-1,-1,-1,-1
613,3,521.96,227.62,204.54,587.71,-1,-1,-1,-1
614,7,1356.14,37.94,387.02,1022.53,-1,-1,-1,-1
614,1,573.55,212.88,284.55,778.73,-1,-1,-1,-1
614,3,510.75,225.79,203.31,586.41,-1,-1,-1,-1
615,7,1399.44,43.48,381.67,999.67,-1,-1,-1,-1
615,1,582.95,208.71,275.79,756.21,-1,-1,-1,-1
615,3,497.31,224.95,198.85,577.56,-1,-1,-1,-1
616,7,1420.80,51.87,388.32,1007.08,-1,-1,-1,-1
616,1,587.73,204.35,271.48,745.14,-1,-1,-1,-1
616,3,481.28,228.22,197.03,574.20,-1,-1,-1,-1
617,7,1460.98,41.82,389.57,1000.68,-1,-1,-1,-1
617,1,589.66,204.06,269.08,739.10,-1,-1,-1,-1
617,3,462.61,226.93,199.34,577.46,-1,-1,-1,-1
618,7,1473.85,39.51,402.75,1028.03,-1,-1,-1,-1
618,1,590.50,201.80,268.59,740.30,-1,-1,-1,-1
618,3,445.58,222.45,203.08,584.61,-1,-1,-1,-1
619,7,1498.57,41.81,406.48,1038.44,-1,-1,-1,-1
619,1,594.08,200.22,267.39,741.32,-1,-1,-1,-1
619,3,432.49,217.19,207.84,594.11,-1,-1,-1,-1
620,7,1513.24,43.90,409.10,1044.89,-1,-1,-1,-1
620,1,598.39,195.77,264.01,737.14,-1,-1,-1,-1
620,3,419.98,218.99,209.79,598.50,-1,-1,-1,-1
621,7,1519.26,37.61,412.14,1049.82,-1,-1,-1,-1
621,1,598.65,198.35,261.10,736.94,-1,-1,-1,-1
621,3,410.63,223.51,209.82,595.30,-1,-1,-1,-1
622,7,1530.86,51.15,406.98,1038.37,-1,-1,-1,-1
622,1,600.79,200.23,257.94,736.09,-1,-1,-1,-1
622,3,399.56,223.82,210.89,594.59,-1,-1,-1,-1
623,7,1540.04,61.43,402.75,1031.38,-1,-1,-1,-1
623,1,603.85,201.03,252.59,729.69,-1,-1,-1,-1
623,3,383.09,225.69,210.59,590.22,-1,-1,-1,-1
624,7,1549.76,67.39,393.38,1012.33,-1,-1,-1,-1
624,1,608.95,202.72,248.32,722.76,-1,-1,-1,-1
624,3,369.86,225.83,211.35,591.21,-1,-1,-1,-1
625,7,1552.32,86.15,382.70,987.97,-1,-1,-1,-1
625,1,617.91,205.23,245.16,720.85,-1,-1,-1,-1
625,3,356.63,229.04,212.05,593.92,-1,-1,-1,-1
626,7,1555.09,90.39,380.29,985.30,-1,-1,-1,-1
626,1,624.05,205.23,244.23,723.22,-1,-1,-1,-1
626,3,344.51,225.42,221.58,621.80,-1,-1,-1,-1
627,7,1556.49,93.66,377.87,982.47,-1,-1,-1,-1
627,1,628.75,207.65,244.04,725.53,-1,-1,-1,-1
627,3,332.28,222.80,230.70,647.90,-1,-1,-1,-1
628,7,1556.13,96.44,373.08,975.26,-1,-1,-1,-1
628,1,631.70,205.24,245.37,729.65,-1,-1,-1,-1
628,3,322.66,215.85,236.93,667.27,-1,-1,-1,-1
629,7,1558.06,101.69,363.31,956.98,-1,-1,-1,-1
629,1,633.67,201.24,250.32,743.03,-1,-1,-1,-1
629,3,314.45,212.33,240.11,678.03,-1,-1,-1,-1
630,7,1554.36,106.31,360.40,956.80,-1,-1,-1,-1
630,1,634.23,195.04,255.95,756.97,-1,-1,-1,-1
630,3,306.36,213.36,244.60,692.24,-1,-1,-1,-1
631,7,1547.99,98.07,351.86,943.02,-1,-1,-1,-1
631,1,636.71,192.36,258.98,762.59,-1,-1,-1,-1
631,3,300.33,211.21,247.37,700.43,-1,-1,-1,-1
632,7,1542.24,101.05,345.86,935.08,-1,-1,-1,-1
632,1,637.60,189.16,263.37,772.22,-1,-1,-1,-1
632,3,296.62,208.66,248.32,703.89,-1,-1,-1,-1
633,7,1535.64,97.23,336.16,914.25,-1,-1,-1,-1
633,1,642.57,184.73,267.58,780.32,-1,-1,-1,-1
633,3,291.85,206.99,247.38,701.28,-1,-1,-1,-1
634,7,1524.52,101.33,325.22,891.74,-1,-1,-1,-1
634,1,650.68,180.55,269.34,782.32,-1,-1,-1,-1
634,3,285.85,205.41,247.62,703.66,-1,-1,-1,-1
635,7,1511.00,109.25,316.88,879.28,-1,-1,-1,-1
635,1,662.41,178.66,273.82,789.58,-1,-1,-1,-1
635,3,277.76,203.57,247.24,703.50,-1,-1,-1,-1
636,7,1494.19,104.49,314.98,885.42,-1,-1,-1,-1
636,1,675.12,181.34,278.19,796.48,-1,-1,-1,-1
636,3,270.51,200.40,246.89,704.87,-1,-1,-1,-1
637,7,1482.86,111.88,304.06,855.84,-1,-1,-1,-1
637,1,683.14,184.64,282.94,811.24,-1,-1,-1,-1
637,3,260.87,197.71,251.55,722.98,-1,-1,-1,-1
638,7,1470.43,116.41,297.76,836.06,-1,-1,-1,-1
638,1,691.25,184.06,287.20,821.46,-1,-1,-1,-1
638,3,250.08,193.86,257.38,742.96,-1,-1,-1,-1
639,7,1457.22,121.02,295.48,827.74,-1,-1,-1,-1
639,1,703.24,177.01,286.93,818.57,-1,-1,-1,-1
639,3,241.58,193.30,259.53,751.20,-1,-1,-1,-1
640,7,1434.25,121.98,295.17,827.35,-1,-1,-1,-1
640,1,719.28,170.94,290.16,824.40,-1,-1,-1,-1
640,3,230.70,192.20,265.79,772.83,-1,-1,-1,-1
641,7,1411.50,118.38,293.25,831.00,-1,-1,-1,-1
641,1,734.29,167.14,293.49,831.86,-1,-1,-1,-1
641,3,218.80,189.90,270.51,786.34,-1,-1,-1,-1
642,7,1388.60,128.52,285.33,816.53,-1,-1,-1,-1
642,1,744.68,159.38,300.43,848.07,-1,-1,-1,-1
642,3,211.24,188.47,271.31,786.41,-1,-1,-1,-1
643,7,1358.09,131.81,285.18,823.58,-1,-1,-1,-1
643,1,764.86,160.33,304.00,855.08,-1,-1,-1,-1
643,3,197.43,180.25,277.25,799.44,-1,-1,-1,-1
644,7,1338.71,129.84,284.16,828.66,-1,-1,-1,-1
644,1,775.00,158.22,308.93,866.49,-1,-1,-1,-1
644,3,187.22,175.41,282.75,810.43,-1,-1,-1,-1
645,7,1315.77,129.91,282.66,828.22,-1,-1,-1,-1
645,1,784.02,155.58,314.62,880.35,-1,-1,-1,-1
645,3,177.85,175.61,286.54,816.41,-1,-1,-1,-1
646,7,1290.97,134.38,278.37,813.71,-1,-1,-1,-1
646,1,789.43,151.41,323.25,903.65,-1,-1,-1,-1
646,3,168.61,172.97,289.52,820.42,-1,-1,-1,-1
647,7,1264.91,139.63,276.40,802.50,-1,-1,-1,-1
647,1,802.48,153.46,327.35,915.33,-1,-1,-1,-1
647,3,156.23,168.60,293.86,828.99,-1,-1,-1,-1
648,7,1243.85,145.32,275.78,795.85,-1,-1,-1,-1
648,1,815.88,151.83,330.69,924.70,-1,-1,-1,-1
648,3,143.21,165.02,301.57,848.89,-1,-1,-1,-1
649,7,1221.40,146.82,275.38,792.57,-1,-1,-1,-1
649,1,825.96,140.50,332.36,938.05,-1,-1,-1,-1
649,3,124.58,164.81,315.90,892.51,-1,-1,-1,-1
650,7,1204.99,147.78,275.35,789.85,-1,-1,-1,-1
650,1,831.94,134.12,332.07,943.62,-1,-1,-1,-1
650,3,113.15,164.09,322.09,910.21,-1,-1,-1,-1
651,7,1185.26,149.96,271.54,783.20,-1,-1,-1,-1
651,1,844.41,135.27,331.81,949.70,-1,-1,-1,-1
651,3,104.11,166.73,324.59,917.05,-1,-1,-1,-1
652,7,1156.13,145.10,271.91,795.05,-1,-1,-1,-1
652,1,860.12,131.28,330.90,951.97,-1,-1,-1,-1
652,3,97.13,163.77,328.89,925.80,-1,-1,-1,-1
653,7,1129.66,147.57,266.50,787.24,-1,-1,-1,-1
653,1,877.30,132.37,329.85,953.77,-1,-1,-1,-1
653,3,87.75,160.59,331.06,929.86,-1,-1,-1,-1
654,7,1104.85,155.21,262.63,775.77,-1,-1,-1,-1
654,1,888.22,124.77,326.45,948.86,-1,-1,-1,-1
654,3,75.99,153.12,336.46,939.05,-1,-1,-1,-1
655,7,1074.49,150.40,265.54,784.66,-1,-1,-1,-1
655,1,918.22,128.44,321.81,936.73,-1,-1,-1,-1
655,3,63.90,143.94,340.43,945.70,-1,-1,-1,-1
656,1,956.75,142.31,318.58,921.64,-1,-1,-1,-1
656,3,51.97,141.91,340.20,939.58,-1,-1,-1,-1
657,1,975.08,147.17,319.64,919.83,-1,-1,-1,-1
657,3,46.16,136.47,342.10,939.01,-1,-1,-1,-1
658,1,985.80,146.03,322.87,925.58,-1,-1,-1,-1
658,3,36.36,131.54,347.13,946.42,-1,-1,-1,-1
659,1,995.90,149.54,327.35,928.64,-1,-1,-1,-1
659,3,27.83,130.13,351.17,949.73,-1,-1,-1,-1
660,1,996.45,149.95,324.16,912.15,-1,-1,-1,-1
660,3,18.08,121.78,358.90,965.56,-1,-1,-1,-1
661,1,999.65,149.39,326.10,915.71,-1,-1,-1,-1
661,3,12.99,116.52,359.29,962.40,-1,-1,-1,-1
662,1,1018.63,146.44,333.98,932.73,-1,-1,-1,-1
662,3,6.69,122.43,363.71,969.38,-1,-1,-1,-1
662,7,904.33,158.46,260.58,769.98,-1,-1,-1,-1
663,1,1038.09,150.08,336.43,933.74,-1,-1,-1,-1
663,3,-0.39,117.61,361.44,963.07,-1,-1,-1,-1
663,7,865.08,152.97,265.25,776.55,-1,-1,-1,-1
664,1,1050.79,149.22,339.71,941.92,-1,-1,-1,-1
664,3,-5.49,105.34,368.83,984.96,-1,-1,-1,-1
664,7,834.50,152.84,269.84,781.26,-1,-1,-1,-1
665,1,1060.70,144.39,339.86,939.85,-1,-1,-1,-1
665,3,-9.24,95.87,372.13,997.88,-1,-1,-1,-1
665,7,810.44,155.04,272.67,780.30,-1,-1,-1,-1
666,1,1068.47,146.71,336.55,929.59,-1,-1,-1,-1
666,3,-10.16,94.51,367.66,989.82,-1,-1,-1,-1
666,7,789.05,158.64,272.19,774.46,-1,-1,-1,-1
667,1,1074.69,144.63,332.21,918.13,-1,-1,-1,-1
667,3,-10.79,79.54,371.89,1005.64,-1,-1,-1,-1
667,7,767.98,158.84,272.76,775.54,-1,-1,-1,-1
668,1,1078.93,145.40,327.33,905.99,-1,-1,-1,-1
668,3,-10.73,70.20,372.64,1012.06,-1,-1,-1,-1
668,7,743.47,159.84,272.50,781.12,-1,-1,-1,-1
669,1,1080.58,145.72,324.08,899.47,-1,-1,-1,-1
669,3,-10.54,69.02,373.07,1017.66,-1,-1,-1,-1
669,7,724.88,160.18,270.37,784.54,-1,-1,-1,-1
670,1,1079.05,153.44,324.82,908.91,-1,-1,-1,-1
670,3,-11.31,68.37,374.07,1025.81,-1,-1,-1,-1
670,7,698.88,156.54,271.07,795.09,-1,-1,-1,-1
671,1,1079.65,160.16,319.39,900.63,-1,-1,-1,-1
671,3,-9.87,68.23,373.34,1027.81,-1,-1,-1,-1
671,7,674.69,158.62,267.52,790.65,-1,-1,-1,-1
672,1,1082.95,167.02,311.44,884.34,-1,-1,-1,-1
672,3,-8.12,77.42,366.88,1013.07,-1,-1,-1,-1
672,7,647.35,157.67,267.59,784.06,-1,-1,-1,-1
673,1,1087.12,166.74,297.86,850.11,-1,-1,-1,-1
673,3,-5.01,88.11,361.69,999.68,-1,-1,-1,-1
673,7,623.40,160.45,269.10,784.19,-1,-1,-1,-1
674,1,1083.80,169.30,290.40,829.85,-1,-1,-1,-1
674,3,0.97,90.27,363.50,1001.25,-1,-1,-1,-1
674,7,601.27,162.04,272.28,788.58,-1,-1,-1,-1
675,1,1076.47,172.35,284.51,812.68,-1,-1,-1,-1
675,3,5.48,93.70,364.32,999.70,-1,-1,-1,-1
675,7,573.89,157.17,275.31,795.80,-1,-1,-1,-1
676,1,1063.52,170.21,279.75,796.33,-1,-1,-1,-1
676,3,9.19,95.25,364.30,994.52,-1,-1,-1,-1
676,7,548.81,157.71,277.58,805.19,-1,-1,-1,-1
677,1,1054.31,171.21,276.91,788.97,-1,-1,-1,-1
677,3,13.27,98.39,364.08,988.28,-1,-1,-1,-1
677,7,532.18,156.62,276.40,805.43,-1,-1,-1,-1
678,1,1039.64,172.05,278.01,791.65,-1,-1,-1,-1
678,3,16.57,82.54,371.98,1003.94,-1,-1,-1,-1
678,7,510.78,156.14,275.03,799.09,-1,-1,-1,-1
679,1,1026.18,173.48,278.10,793.05,-1,-1,-1,-1
679,3,25.09,72.57,375.00,1008.07,-1,-1,-1,-1
679,7,475.28,155.43,276.68,803.54,-1,-1,-1,-1
680,1,1016.58,176.07,274.48,784.13,-1,-1,-1,-1
680,3,38.50,75.09,375.97,1011.30,-1,-1,-1,-1
680,7,447.32,157.52,276.69,801.19,-1,-1,-1,-1
681,1,1006.22,186.09,268.60,769.17,-1,-1,-1,-1
681,3,56.14,89.25,373.85,1003.09,-1,-1,-1,-1
681,7,425.14,162.35,275.65,791.58,-1,-1,-1,-1
682,1,995.99,190.50,265.42,761.25,-1,-1,-1,-1
682,3,71.11,94.58,373.32,1000.12,-1,-1,-1,-1
682,7,406.55,169.68,275.19,782.18,-1,-1,-1,-1
683,1,987.96,191.33,263.16,756.20,-1,-1,-1,-1
683,3,83.69,95.37,372.03,996.23,-1,-1,-1,-1
683,7,396.48,173.28,273.73,769.35,-1,-1,-1,-1
684,1,975.22,190.06,259.46,746.46,-1,-1,-1,-1
684,3,101.67,101.09,370.15,991.96,-1,-1,-1,-1
684,7,377.48,174.89,276.92,772.78,-1,-1,-1,-1
685,1,964.96,192.66,252.96,731.96,-1,-1,-1,-1
685,3,107.30,104.71,367.90,992.10,-1,-1,-1,-1
685,7,358.46,174.23,276.92,772.09,-1,-1,-1,-1
686,1,952.97,196.43,243.43,707.68,-1,-1,-1,-1
686,3,127.71,96.78,366.03,991.33,-1,-1,-1,-1
686,7,330.45,165.51,276.51,776.14,-1,-1,-1,-1
687,1,942.49,199.52,238.42,693.37,-1,-1,-1,-1
687,3,158.09,93.03,367.88,992.28,-1,-1,-1,-1
688,1,929.58,201.25,235.80,683.90,-1,-1,-1,-1
688,3,181.74,98.03,368.09,992.92,-1,-1,-1,-1
689,1,912.80,206.23,234.86,675.81,-1,-1,-1,-1
689,3,210.52,101.23,367.18,989.56,-1,-1,-1,-1
690,1,899.37,209.37,233.20,666.43,-1,-1,-1,-1
690,3,237.12,107.73,367.85,988.98,-1,-1,-1,-1
691,1,886.41,214.14,232.11,660.48,-1,-1,-1,-1
691,3,250.18,114.46,367.77,984.01,-1,-1,-1,-1
692,1,874.96,218.87,228.71,646.87,-1,-1,-1,-1
692,3,279.86,126.71,366.93,977.83,-1,-1,-1,-1
692,7,236.33,196.46,255.87,715.99,-1,-1,-1,-1
693,1,866.15,221.12,226.25,636.64,-1,-1,-1,-1
693,3,299.91,131.84,363.17,967.51,-1,-1,-1,-1
693,7,228.61,188.21,255.53,712.28,-1,-1,-1,-1
694,1,851.08,217.33,225.41,631.64,-1,-1,-1,-1
694,3,333.53,138.01,360.47,961.96,-1,-1,-1,-1
694,7,219.51,189.23,258.29,713.73,-1,-1,-1,-1
695,1,830.80,220.00,225.55,630.72,-1,-1,-1,-1
695,3,357.54,135.69,359.73,961.42,-1,-1,-1,-1
695,7,216.56,203.74,255.45,700.22,-1,-1,-1,-1
696,1,811.46,221.20,223.42,623.50,-1,-1,-1,-1
696,3,389.07,134.62,357.26,959.71,-1,-1,-1,-1
696,7,203.79,192.19,258.75,705.07,-1,-1,-1,-1
697,1,796.27,222.43,222.12,619.89,-1,-1,-1,-1
697,3,419.75,130.98,355.13,958.72,-1,-1,-1,-1
697,7,206.85,190.54,258.81,699.79,-1,-1,-1,-1
698,1,785.41,225.04,220.62,614.55,-1,-1,-1,-1
698,3,445.92,128.53,353.69,959.55,-1,-1,-1,-1
698,7,213.13,192.10,257.41,691.92,-1,-1,-1,-1
699,1,775.19,229.41,220.03,611.70,-1,-1,-1,-1
699,3,474.56,136.55,350.09,946.29,-1,-1,-1,-1
699,7,217.39,194.49,256.61,686.99,-1,-1,-1,-1
700,1,765.72,233.76,219.81,610.23,-1,-1,-1,-1
700,3,499.85,142.51,346.96,932.34,-1,-1,-1,-1
700,7,220.26,200.36,255.58,684.45,-1,-1,-1,-1
701,1,755.40,232.68,216.53,601.34,-1,-1,-1,-1
701,3,521.46,148.89,346.11,927.27,-1,-1,-1,-1
701,7,223.29,203.99,252.60,678.64,-1,-1,-1,-1
702,1,741.55,233.63,209.23,586.21,-1,-1,-1,-1
702,3,551.24,153.65,341.63,921.55,-1,-1,-1,-1
702,7,237.37,210.18,241.99,652.70,-1,-1,-1,-1
703,3,588.13,155.99,336.73,914.46,-1,-1,-1,-1
703,7,252.82,208.76,235.27,636.55,-1,-1,-1,-1
704,3,618.81,153.17,327.80,899.98,-1,-1,-1,-1
704,7,259.35,207.99,233.82,636.52,-1,-1,-1,-1
705,3,653.69,158.84,315.06,871.88,-1,-1,-1,-1
705,7,273.25,204.46,230.93,632.01,-1,-1,-1,-1
706,3,672.20,161.56,305.69,848.87,-1,-1,-1,-1
706,7,284.54,208.10,228.45,627.38,-1,-1,-1,-1
707,3,693.27,165.15,298.83,830.27,-1,-1,-1,-1
707,7,297.93,210.74,226.52,624.40,-1,-1,-1,-1
708,3,728.13,158.18,300.08,840.49,-1,-1,-1,-1
708,7,315.80,212.39,224.16,621.14,-1,-1,-1,-1
708,1,635.25,239.31,209.35,583.54,-1,-1,-1,-1
709,3,750.10,162.55,298.88,845.85,-1,-1,-1,-1
709,7,334.65,214.98,219.63,611.36,-1,-1,-1,-1
709,1,627.16,240.54,210.98,584.78,-1,-1,-1,-1
710,3,765.56,160.30,297.53,846.49,-1,-1,-1,-1
710,7,344.74,215.40,216.83,605.17,-1,-1,-1,-1
710,1,617.86,238.46,212.36,586.85,-1,-1,-1,-1
711,3,783.61,166.28,291.67,831.26,-1,-1,-1,-1
711,7,358.63,216.66,212.36,594.56,-1,-1,-1,-1
711,1,608.17,234.13,213.60,590.15,-1,-1,-1,-1
712,3,798.60,166.52,289.34,828.24,-1,-1,-1,-1
712,7,372.30,214.17,211.27,592.27,-1,-1,-1,-1
712,1,590.45,235.82,215.48,594.31,-1,-1,-1,-1
713,3,810.59,170.13,286.37,824.89,-1,-1,-1,-1
713,7,381.73,217.62,208.54,585.37,-1,-1,-1,-1
713,1,574.05,225.66,220.29,609.61,-1,-1,-1,-1
714,3,828.61,171.14,278.26,802.77,-1,-1,-1,-1
714,7,395.22,215.66,206.56,580.98,-1,-1,-1,-1
714,1,558.24,225.57,219.97,607.87,-1,-1,-1,-1
715,3,849.46,174.04,267.25,772.33,-1,-1,-1,-1
715,7,410.77,218.47,206.24,581.79,-1,-1,-1,-1
715,1,540.61,227.39,218.98,601.09,-1,-1,-1,-1