37,0,9.98,264.46,300.34,587.00,-1,-1,-1,-1
38,0,12.09,265.40,315.76,585.23,-1,-1,-1,-1
39,0,18.81,273.16,312.91,579.47,-1,-1,-1,-1
40,0,34.64,274.14,301.01,573.32,-1,-1,-1,-1
41,0,46.18,260.63,289.82,591.48,-1,-1,-1,-1
42,0,57.39,254.63,279.38,602.19,-1,-1,-1,-1
43,0,64.51,250.86,276.40,615.64,-1,-1,-1,-1
44,0,70.77,242.82,271.23,635.82,-1,-1,-1,-1
45,0,79.97,242.20,256.04,641.45,-1,-1,-1,-1
46,0,78.62,248.88,260.19,636.26,-1,-1,-1,-1
47,0,71.80,251.01,270.66,638.90,-1,-1,-1,-1
48,0,57.53,248.08,286.83,666.89,-1,-1,-1,-1
49,0,44.86,247.38,296.87,681.45,-1,-1,-1,-1
50,0,35.63,240.80,301.19,698.55,-1,-1,-1,-1
51,0,26.76,238.18,309.95,707.02,-1,-1,-1,-1
52,0,21.06,232.98,313.45,722.64,-1,-1,-1,-1
53,0,19.65,231.28,316.06,735.43,-1,-1,-1,-1
54,0,24.40,232.37,337.64,751.79,-1,-1,-1,-1
55,0,44.72,231.60,333.71,765.55,-1,-1,-1,-1
56,0,66.47,232.24,316.63,765.18,-1,-1,-1,-1
57,0,92.40,227.53,289.18,770.03,-1,-1,-1,-1
58,0,110.54,226.06,275.12,768.69,-1,-1,-1,-1
59,0,127.10,232.72,271.82,761.53,-1,-1,-1,-1
60,0,148.09,215.30,269.30,798.57,-1,-1,-1,-1
61,0,158.81,215.12,294.45,801.83,-1,-1,-1,-1
62,0,173.19,202.63,307.45,827.37,-1,-1,-1,-1
63,0,185.57,193.82,326.08,848.44,-1,-1,-1,-1
64,0,195.49,187.19,328.73,864.59,-1,-1,-1,-1
65,0,213.13,180.62,317.08,888.34,-1,-1,-1,-1
66,0,224.23,175.14,317.33,901.05,-1,-1,-1,-1
67,0,230.26,168.77,328.76,902.09,-1,-1,-1,-1
68,0,230.83,158.85,342.38,913.05,-1,-1,-1,-1
69,0,235.34,149.20,347.05,928.43,-1,-1,-1,-1
70,0,237.37,141.24,360.77,937.29,-1,-1,-1,-1
71,0,244.85,142.50,357.15,931.11,-1,-1,-1,-1
72,0,248.02,153.86,369.53,912.89,-1,-1,-1,-1
73,0,254.54,159.69,373.26,905.78,-1,-1,-1,-1
74,0,266.71,166.89,371.59,901.14,-1,-1,-1,-1
75,0,285.33,165.28,365.93,898.25,-1,-1,-1,-1
76,0,308.36,142.25,359.93,932.46,-1,-1,-1,-1
77,0,328.01,135.52,362.89,934.77,-1,-1,-1,-1
78,0,350.07,124.59,365.46,946.25,-1,-1,-1,-1
79,0,366.19,124.53,383.23,941.25,-1,-1,-1,-1
80,0,392.33,105.22,396.65,967.48,-1,-1,-1,-1
81,0,409.11,98.73,425.93,974.25,-1,-1,-1,-1
82,0,430.88,95.62,450.76,974.06,-1,-1,-1,-1
83,0,475.48,103.54,447.99,967.04,-1,-1,-1,-1
84,0,538.74,98.63,416.46,974.63,-1,-1,-1,-1
85,0,582.21,87.29,404.71,989.92,-1,-1,-1,-1
86,0,635.25,94.19,385.62,978.13,-1,-1,-1,-1
87,0,706.47,70.06,355.86,1008.44,-1,-1,-1,-1
88,0,766.34,98.11,335.20,964.26,-1,-1,-1,-1
89,0,811.76,51.66,320.36,1026.25,-1,-1,-1,-1
90,0,834.30,56.13,352.48,1013.96,-1,-1,-1,-1
91,0,856.15,63.18,392.86,1010.23,-1,-1,-1,-1
92,0,882.92,63.54,408.22,1012.64,-1,-1,-1,-1
93,0,905.66,68.04,432.18,1008.97,-1,-1,-1,-1
94,0,936.63,85.42,451.98,989.88,-1,-1,-1,-1
95,0,996.12,100.76,427.62,963.49,-1,-1,-1,-1
96,0,1037.59,103.14,441.33,960.41,-1,-1,-1,-1
97,0,1094.57,100.24,434.39,970.16,-1,-1,-1,-1
98,0,1143.28,82.98,418.79,995.89,-1,-1,-1,-1
99,0,1186.11,85.73,400.40,991.99,-1,-1,-1,-1
100,0,1229.01,105.37,375.45,964.36,-1,-1,-1,-1
101,0,1268.09,107.70,361.64,959.54,-1,-1,-1,-1
102,0,1312.74,118.79,330.66,953.52,-1,-1,-1,-1
103,0,1349.39,142.56,304.94,919.48,-1,-1,-1,-1
104,0,1344.14,147.84,315.21,912.11,-1,-1,-1,-1
105,0,1328.59,134.93,333.08,935.78,-1,-1,-1,-1
106,0,1343.99,134.34,321.27,937.40,-1,-1,-1,-1
107,0,1374.87,138.82,309.96,921.20,-1,-1,-1,-1
108,0,1417.10,140.76,283.27,919.18,-1,-1,-1,-1
109,0,1424.41,147.83,301.49,919.20,-1,-1,-1,-1
110,0,1429.73,154.77,315.44,902.39,-1,-1,-1,-1
111,0,1420.82,162.72,340.08,887.03,-1,-1,-1,-1
112,0,1399.78,161.38,375.44,872.67,-1,-1,-1,-1
113,0,1401.50,168.86,391.55,839.20,-1,-1,-1,-1
114,0,1424.18,158.12,383.76,838.30,-1,-1,-1,-1
115,0,1468.14,153.39,354.77,834.81,-1,-1,-1,-1
116,0,1508.34,157.48,326.96,824.38,-1,-1,-1,-1
117,0,1535.38,161.57,321.16,810.68,-1,-1,-1,-1
118,0,1558.78,163.41,301.54,800.19,-1,-1,-1,-1
119,0,1571.85,171.40,301.33,787.12,-1,-1,-1,-1
120,0,1583.95,176.93,297.90,778.32,-1,-1,-1,-1
121,0,1594.89,173.51,286.69,773.24,-1,-1,-1,-1
122,0,1599.60,169.98,283.30,773.48,-1,-1,-1,-1
123,0,1600.51,174.98,276.20,763.00,-1,-1,-1,-1
124,0,1593.05,180.27,277.38,748.93,-1,-1,-1,-1
125,0,1569.54,176.01,293.99,751.54,-1,-1,-1,-1
126,0,1540.41,191.00,312.94,729.09,-1,-1,-1,-1
127,0,1522.63,194.87,306.02,717.61,-1,-1,-1,-1
127,1,10.98,259.87,219.05,565.38,-1,-1,-1,-1
128,0,1514.55,199.15,291.99,696.34,-1,-1,-1,-1
128,1,8.31,241.50,227.45,588.27,-1,-1,-1,-1
129,0,1510.70,189.04,272.56,701.04,-1,-1,-1,-1
129,1,7.77,230.28,240.66,600.20,-1,-1,-1,-1
130,0,1506.08,189.79,247.42,690.70,-1,-1,-1,-1
130,1,10.50,232.64,263.44,596.12,-1,-1,-1,-1
131,0,1506.16,183.63,207.98,685.51,-1,-1,-1,-1
131,1,9.95,234.77,313.42,590.33,-1,-1,-1,-1
132,0,1493.87,182.72,195.00,684.47,-1,-1,-1,-1
132,1,15.90,233.01,345.47,594.41,-1,-1,-1,-1
133,0,1480.67,184.13,186.53,682.49,-1,-1,-1,-1
133,1,30.75,234.08,347.45,591.76,-1,-1,-1,-1
134,0,1460.65,195.15,201.95,662.11,-1,-1,-1,-1
134,1,29.89,235.85,374.65,597.91,-1,-1,-1,-1
135,0,1416.01,216.10,243.81,625.95,-1,-1,-1,-1
135,1,31.58,233.62,391.10,603.85,-1,-1,-1,-1
136,0,1374.31,228.23,279.88,605.02,-1,-1,-1,-1
136,1,67.32,235.30,356.12,600.56,-1,-1,-1,-1
137,0,1344.77,236.38,299.52,594.52,-1,-1,-1,-1
137,1,97.39,226.95,317.60,611.12,-1,-1,-1,-1
138,0,1333.40,233.39,283.76,596.41,-1,-1,-1,-1
138,1,124.95,218.91,286.16,629.16,-1,-1,-1,-1
139,0,1324.51,226.70,253.16,592.76,-1,-1,-1,-1
139,1,145.40,214.31,261.81,650.77,-1,-1,-1,-1
140,0,1320.70,210.22,214.32,604.52,-1,-1,-1,-1
140,1,159.08,212.60,245.31,661.11,-1,-1,-1,-1
141,0,1306.40,213.34,192.05,587.73,-1,-1,-1,-1
141,1,168.97,206.21,233.77,678.52,-1,-1,-1,-1
142,0,1273.76,209.56,195.87,592.24,-1,-1,-1,-1
142,1,172.28,207.27,230.49,683.77,-1,-1,-1,-1
143,0,1236.43,212.34,213.45,584.68,-1,-1,-1,-1
143,1,173.21,202.87,231.93,695.99,-1,-1,-1,-1
144,0,1203.26,214.54,237.12,583.35,-1,-1,-1,-1
144,1,173.88,207.60,235.98,688.92,-1,-1,-1,-1
145,0,1177.14,213.90,256.40,587.68,-1,-1,-1,-1
145,1,172.22,203.42,242.76,690.06,-1,-1,-1,-1
146,0,1155.79,212.37,260.25,594.99,-1,-1,-1,-1
146,1,177.51,195.61,238.77,701.53,-1,-1,-1,-1
147,0,1143.52,218.10,257.29,589.15,-1,-1,-1,-1
147,1,177.74,194.81,243.43,711.26,-1,-1,-1,-1
148,0,1139.37,214.62,235.82,601.17,-1,-1,-1,-1
148,1,187.29,198.26,236.68,722.41,-1,-1,-1,-1
149,0,1134.03,216.32,204.04,594.17,-1,-1,-1,-1
149,1,194.70,197.79,235.96,737.24,-1,-1,-1,-1
150,0,1113.67,213.15,187.25,604.36,-1,-1,-1,-1
150,1,196.13,193.05,240.46,743.89,-1,-1,-1,-1
151,0,1073.86,220.08,198.52,590.33,-1,-1,-1,-1
151,1,188.78,189.76,260.29,759.82,-1,-1,-1,-1
152,0,1053.59,223.83,201.86,576.64,-1,-1,-1,-1
152,1,171.46,184.79,293.37,769.32,-1,-1,-1,-1
153,0,1026.21,233.41,224.12,564.49,-1,-1,-1,-1
153,1,144.75,179.36,345.49,778.34,-1,-1,-1,-1
154,0,1001.41,240.65,257.06,564.96,-1,-1,-1,-1
154,1,139.26,175.43,365.37,784.12,-1,-1,-1,-1
155,0,978.22,239.18,280.73,567.06,-1,-1,-1,-1
155,1,149.57,168.66,364.45,796.81,-1,-1,-1,-1
156,0,962.85,235.37,264.98,586.58,-1,-1,-1,-1
156,1,151.90,165.80,367.97,813.84,-1,-1,-1,-1
157,0,947.28,235.19,254.97,596.59,-1,-1,-1,-1
157,1,150.50,158.27,376.67,831.66,-1,-1,-1,-1
158,0,926.25,230.52,247.67,610.59,-1,-1,-1,-1
158,1,131.05,164.54,411.81,832.57,-1,-1,-1,-1
159,0,906.14,230.24,228.34,607.43,-1,-1,-1,-1
159,1,120.52,159.97,452.57,852.43,-1,-1,-1,-1
160,0,882.49,219.99,218.94,629.10,-1,-1,-1,-1
160,1,113.57,160.73,492.88,863.02,-1,-1,-1,-1
161,0,859.27,220.37,228.89,626.07,-1,-1,-1,-1
161,1,147.56,156.65,477.96,882.89,-1,-1,-1,-1
162,0,821.51,227.53,264.72,615.19,-1,-1,-1,-1
162,1,186.81,142.94,460.22,903.44,-1,-1,-1,-1
163,0,802.29,233.68,281.11,607.34,-1,-1,-1,-1
163,1,214.82,126.92,444.93,927.51,-1,-1,-1,-1
164,0,789.05,230.80,281.76,615.47,-1,-1,-1,-1
164,1,238.21,124.88,419.19,933.34,-1,-1,-1,-1
165,0,778.91,222.21,251.02,628.47,-1,-1,-1,-1
165,1,250.82,130.21,407.63,929.02,-1,-1,-1,-1
166,0,771.03,218.77,223.50,633.17,-1,-1,-1,-1
166,1,255.53,131.06,408.00,928.89,-1,-1,-1,-1
167,0,755.70,219.65,212.49,630.67,-1,-1,-1,-1
167,1,257.60,134.46,413.03,926.03,-1,-1,-1,-1
168,0,719.63,212.09,225.98,641.38,-1,-1,-1,-1
168,1,248.11,139.50,446.43,921.14,-1,-1,-1,-1
169,0,695.55,216.16,230.70,636.73,-1,-1,-1,-1
169,1,248.73,130.03,449.90,940.32,-1,-1,-1,-1
170,0,665.91,220.74,252.40,630.29,-1,-1,-1,-1
170,1,273.80,123.75,408.74,954.54,-1,-1,-1,-1
171,0,633.96,226.55,279.77,622.42,-1,-1,-1,-1
171,1,299.42,120.40,388.47,960.77,-1,-1,-1,-1
172,0,634.45,220.28,275.28,638.13,-1,-1,-1,-1
172,1,319.85,121.40,382.09,956.00,-1,-1,-1,-1
173,0,631.81,230.45,272.74,627.40,-1,-1,-1,-1
173,1,330.06,113.35,389.18,962.71,-1,-1,-1,-1
174,0,619.43,220.78,277.23,641.32,-1,-1,-1,-1
174,1,336.18,101.78,443.71,977.05,-1,-1,-1,-1
175,0,603.38,219.24,279.23,645.94,-1,-1,-1,-1
175,1,365.88,83.72,453.08,999.63,-1,-1,-1,-1
176,0,587.32,217.71,281.24,650.55,-1,-1,-1,-1
176,1,412.54,85.04,405.41,990.62,-1,-1,-1,-1
177,0,571.27,216.17,283.25,655.17,-1,-1,-1,-1
177,1,466.60,62.03,373.77,1019.52,-1,-1,-1,-1
178,0,555.21,214.64,285.25,659.79,-1,-1,-1,-1
178,1,513.39,55.74,335.11,1014.76,-1,-1,-1,-1
179,1,517.45,34.59,362.79,1043.35,-1,-1,-1,-1
180,0,450.94,237.98,240.79,709.27,-1,-1,-1,-1
180,1,508.08,41.53,414.65,1020.58,-1,-1,-1,-1
181,0,417.12,233.64,273.09,724.17,-1,-1,-1,-1
181,1,517.14,54.78,456.23,993.67,-1,-1,-1,-1
182,0,408.60,233.25,275.35,729.40,-1,-1,-1,-1
182,1,555.66,53.20,463.44,1001.32,-1,-1,-1,-1
183,0,409.91,235.85,261.93,725.80,-1,-1,-1,-1
183,1,606.42,76.48,460.82,983.31,-1,-1,-1,-1
184,0,401.47,225.32,248.20,742.21,-1,-1,-1,-1
184,1,681.42,55.63,428.83,1017.81,-1,-1,-1,-1
185,0,373.38,220.42,269.33,750.91,-1,-1,-1,-1
185,1,752.53,41.97,407.24,1038.00,-1,-1,-1,-1
186,0,351.46,220.57,271.83,744.86,-1,-1,-1,-1
186,1,804.87,26.76,398.09,1056.99,-1,-1,-1,-1
187,0,306.01,208.28,299.65,774.03,-1,-1,-1,-1
187,1,832.54,22.45,422.21,1052.82,-1,-1,-1,-1
188,0,269.36,203.73,316.43,799.34,-1,-1,-1,-1
188,1,864.24,35.92,466.22,1019.93,-1,-1,-1,-1
189,0,254.53,207.51,313.85,813.62,-1,-1,-1,-1
189,1,930.65,63.83,477.77,984.11,-1,-1,-1,-1
190,0,251.31,211.54,302.25,815.47,-1,-1,-1,-1
190,1,1025.04,55.61,438.95,1009.62,-1,-1,-1,-1
191,0,238.84,210.27,306.76,832.84,-1,-1,-1,-1
191,1,1098.24,62.81,415.81,1005.84,-1,-1,-1,-1
192,0,222.00,204.90,311.28,842.23,-1,-1,-1,-1
192,1,1150.55,33.29,407.74,1046.83,-1,-1,-1,-1
193,0,206.74,199.63,313.14,855.41,-1,-1,-1,-1
193,1,1186.25,48.69,413.67,1023.14,-1,-1,-1,-1
194,0,178.02,189.34,337.85,872.20,-1,-1,-1,-1
194,1,1217.71,69.16,415.62,1003.95,-1,-1,-1,-1
195,0,138.61,180.62,380.14,888.24,-1,-1,-1,-1
195,1,1240.97,68.66,455.14,1008.35,-1,-1,-1,-1
196,0,108.22,175.33,407.66,892.58,-1,-1,-1,-1
196,1,1287.90,71.74,453.82,1005.41,-1,-1,-1,-1
197,0,81.83,173.07,436.09,898.60,-1,-1,-1,-1
197,1,1334.82,74.81,452.50,1002.47,-1,-1,-1,-1
198,0,64.13,179.17,440.63,898.18,-1,-1,-1,-1
198,1,1381.75,77.89,451.19,999.53,-1,-1,-1,-1
199,0,59.37,187.56,446.45,885.02,-1,-1,-1,-1
199,1,1428.68,80.96,449.87,996.58,-1,-1,-1,-1
200,0,65.17,178.15,447.57,895.23,-1,-1,-1,-1
200,1,1404.22,97.01,509.56,971.94,-1,-1,-1,-1
201,0,67.47,175.49,453.31,894.85,-1,-1,-1,-1
201,1,1446.70,117.07,485.64,939.07,-1,-1,-1,-1
202,0,84.93,161.83,449.95,913.34,-1,-1,-1,-1
202,1,1469.87,121.13,472.67,935.38,-1,-1,-1,-1
203,0,103.49,152.12,448.47,925.93,-1,-1,-1,-1
203,1,1466.07,126.22,473.55,915.81,-1,-1,-1,-1
204,0,115.56,154.43,454.29,925.35,-1,-1,-1,-1
204,1,1458.09,121.28,473.40,907.48,-1,-1,-1,-1
205,0,128.60,161.12,467.57,902.80,-1,-1,-1,-1
205,1,1460.73,121.31,467.92,903.05,-1,-1,-1,-1
206,0,153.83,163.48,468.20,901.76,-1,-1,-1,-1
206,1,1475.01,119.20,449.21,907.42,-1,-1,-1,-1
206,3,8.84,251.98,216.47,598.34,-1,-1,-1,-1
207,0,182.57,162.56,466.60,909.66,-1,-1,-1,-1
207,1,1512.09,113.81,409.34,914.89,-1,-1,-1,-1
207,3,11.35,261.62,226.88,578.77,-1,-1,-1,-1
208,0,205.82,164.20,473.95,907.74,-1,-1,-1,-1
208,1,1541.31,126.77,370.89,904.65,-1,-1,-1,-1
208,3,16.96,255.36,231.27,592.33,-1,-1,-1,-1
209,0,237.25,167.02,458.15,899.71,-1,-1,-1,-1
209,1,1567.64,136.34,336.25,884.65,-1,-1,-1,-1
209,3,21.42,250.07,228.71,603.06,-1,-1,-1,-1
210,0,264.84,157.10,463.80,912.12,-1,-1,-1,-1
210,1,1580.68,148.65,317.23,833.41,-1,-1,-1,-1
210,3,18.15,247.84,233.08,608.29,-1,-1,-1,-1
211,0,300.89,140.32,459.10,935.96,-1,-1,-1,-1
211,1,1588.02,152.95,303.50,808.37,-1,-1,-1,-1
211,3,19.00,242.78,236.08,608.11,-1,-1,-1,-1
212,0,335.79,128.59,458.09,945.47,-1,-1,-1,-1
212,1,1595.68,156.48,272.41,768.98,-1,-1,-1,-1
212,3,26.06,241.74,236.90,602.91,-1,-1,-1,-1
213,0,362.96,122.10,483.81,954.81,-1,-1,-1,-1
213,1,1591.39,162.71,266.23,737.65,-1,-1,-1,-1
213,3,38.83,237.75,238.20,607.41,-1,-1,-1,-1
214,0,396.27,127.35,497.58,944.18,-1,-1,-1,-1
214,1,1582.83,157.10,269.85,737.49,-1,-1,-1,-1
214,3,52.61,237.92,246.20,609.67,-1,-1,-1,-1
215,0,423.92,127.99,510.00,941.41,-1,-1,-1,-1
215,1,1572.01,161.63,263.05,735.19,-1,-1,-1,-1
215,3,63.72,241.52,259.54,606.98,-1,-1,-1,-1
216,0,465.14,132.70,494.67,932.16,-1,-1,-1,-1
216,1,1561.60,160.65,246.82,727.83,-1,-1,-1,-1
216,3,75.37,236.86,276.75,622.70,-1,-1,-1,-1
217,0,510.58,126.89,479.29,939.78,-1,-1,-1,-1
217,1,1542.37,164.00,244.71,715.45,-1,-1,-1,-1
217,3,88.57,233.93,286.04,633.64,-1,-1,-1,-1
218,0,569.61,138.08,444.79,930.51,-1,-1,-1,-1
218,1,1523.55,169.92,232.51,697.79,-1,-1,-1,-1
218,3,105.14,236.69,278.79,633.32,-1,-1,-1,-1
219,0,615.34,134.94,436.91,929.31,-1,-1,-1,-1
219,1,1512.52,170.01,212.99,690.29,-1,-1,-1,-1
219,3,121.63,239.84,267.51,628.13,-1,-1,-1,-1
220,0,674.00,107.01,409.17,967.58,-1,-1,-1,-1
220,1,1467.98,163.39,234.64,695.67,-1,-1,-1,-1
220,3,134.20,231.70,251.82,637.01,-1,-1,-1,-1
221,0,707.42,103.53,423.22,972.51,-1,-1,-1,-1
221,1,1437.35,157.55,239.27,693.19,-1,-1,-1,-1
221,3,145.53,225.18,240.63,643.81,-1,-1,-1,-1
222,0,734.17,82.01,436.17,985.43,-1,-1,-1,-1
222,1,1409.90,159.69,258.42,681.84,-1,-1,-1,-1
222,3,158.18,219.71,234.28,646.58,-1,-1,-1,-1
223,0,768.43,68.16,456.74,1001.12,-1,-1,-1,-1
223,1,1399.58,160.52,262.77,680.87,-1,-1,-1,-1
223,3,172.68,216.47,225.49,654.97,-1,-1,-1,-1
224,0,795.57,70.82,470.92,996.66,-1,-1,-1,-1
224,1,1389.81,161.76,272.47,670.85,-1,-1,-1,-1
224,3,184.19,213.07,216.23,659.52,-1,-1,-1,-1
225,0,819.08,86.34,486.93,976.05,-1,-1,-1,-1
225,1,1391.37,174.23,262.13,652.84,-1,-1,-1,-1
225,3,197.75,216.98,212.43,672.17,-1,-1,-1,-1
226,0,860.03,100.78,502.77,959.30,-1,-1,-1,-1
226,1,1376.29,184.26,265.10,634.18,-1,-1,-1,-1
226,3,205.97,213.49,235.33,684.66,-1,-1,-1,-1
227,0,900.09,104.80,497.54,949.26,-1,-1,-1,-1
227,1,1356.47,188.33,234.94,611.77,-1,-1,-1,-1
227,3,215.47,220.05,233.32,675.99,-1,-1,-1,-1
228,0,954.57,117.48,535.48,943.29,-1,-1,-1,-1
228,1,1349.70,199.19,197.59,577.79,-1,-1,-1,-1
228,3,221.92,219.99,228.73,680.15,-1,-1,-1,-1
229,0,1026.88,116.96,497.04,942.74,-1,-1,-1,-1
229,1,1341.46,189.13,202.82,585.37,-1,-1,-1,-1
229,3,221.81,219.65,249.11,687.73,-1,-1,-1,-1
230,0,1101.79,117.39,469.26,929.56,-1,-1,-1,-1
230,1,1327.85,190.70,199.09,574.62,-1,-1,-1,-1
230,3,219.66,218.68,277.10,699.43,-1,-1,-1,-1
231,0,1168.80,101.85,393.31,950.00,-1,-1,-1,-1
231,1,1314.24,192.27,195.36,563.87,-1,-1,-1,-1
231,3,214.51,211.44,310.10,719.52,-1,-1,-1,-1
232,0,1216.32,86.69,358.16,971.79,-1,-1,-1,-1
232,1,1300.64,193.83,191.63,553.11,-1,-1,-1,-1
232,3,207.97,205.17,333.17,732.90,-1,-1,-1,-1
233,0,1250.08,81.77,344.87,989.90,-1,-1,-1,-1
233,1,1287.03,195.40,187.89,542.36,-1,-1,-1,-1
233,3,202.41,203.64,341.55,735.24,-1,-1,-1,-1
234,0,1251.00,74.20,370.74,1004.76,-1,-1,-1,-1
234,3,197.42,198.16,336.93,749.47,-1,-1,-1,-1
235,0,1246.46,108.56,406.54,946.19,-1,-1,-1,-1
235,3,193.73,192.65,328.73,783.06,-1,-1,-1,-1
236,0,1243.57,122.79,445.81,939.95,-1,-1,-1,-1
236,3,190.03,193.88,312.21,794.30,-1,-1,-1,-1
237,0,1225.32,138.13,472.51,926.09,-1,-1,-1,-1
237,1,1162.70,195.44,183.73,565.54,-1,-1,-1,-1
237,3,178.54,192.06,305.88,819.88,-1,-1,-1,-1
238,0,1261.39,137.01,444.65,931.54,-1,-1,-1,-1
238,1,1139.03,201.42,177.55,569.10,-1,-1,-1,-1
238,3,169.35,188.55,298.48,827.30,-1,-1,-1,-1
239,0,1294.31,134.05,439.72,936.23,-1,-1,-1,-1
239,1,1112.27,202.34,190.89,564.53,-1,-1,-1,-1
239,3,161.59,184.63,298.11,832.23,-1,-1,-1,-1
240,0,1310.24,128.76,466.27,946.52,-1,-1,-1,-1
240,1,1074.90,200.21,222.77,565.39,-1,-1,-1,-1
240,3,152.93,182.37,305.71,832.14,-1,-1,-1,-1
241,0,1323.94,128.79,475.68,946.84,-1,-1,-1,-1
241,1,1055.74,196.03,239.07,570.80,-1,-1,-1,-1
241,3,147.04,176.80,315.70,853.43,-1,-1,-1,-1
242,0,1336.83,126.06,482.55,952.57,-1,-1,-1,-1
242,1,1038.52,206.34,239.14,561.60,-1,-1,-1,-1
242,3,151.58,169.44,311.63,859.44,-1,-1,-1,-1
243,0,1358.72,131.87,472.77,946.16,-1,-1,-1,-1
243,1,1033.60,217.85,218.77,544.09,-1,-1,-1,-1
243,3,151.17,163.22,321.01,880.52,-1,-1,-1,-1
244,0,1368.62,143.00,472.46,927.92,-1,-1,-1,-1
244,1,1029.22,222.78,172.86,527.12,-1,-1,-1,-1
244,3,159.67,161.43,323.72,882.99,-1,-1,-1,-1
245,0,1383.87,155.14,465.13,909.95,-1,-1,-1,-1
245,1,1000.35,219.68,166.06,531.01,-1,-1,-1,-1
245,3,154.05,161.67,341.61,893.72,-1,-1,-1,-1
246,0,1396.12,165.55,461.03,890.92,-1,-1,-1,-1
246,1,961.55,220.08,187.26,527.83,-1,-1,-1,-1
246,3,147.69,159.90,352.41,897.08,-1,-1,-1,-1
247,0,1402.37,175.35,465.20,885.04,-1,-1,-1,-1
247,1,935.38,210.84,197.37,540.13,-1,-1,-1,-1
247,3,154.81,161.09,346.99,902.13,-1,-1,-1,-1
248,0,1413.07,179.45,466.04,888.97,-1,-1,-1,-1
248,1,908.81,207.38,220.20,548.89,-1,-1,-1,-1
248,3,164.60,161.03,340.56,903.04,-1,-1,-1,-1
249,0,1431.47,188.22,450.32,873.34,-1,-1,-1,-1
249,1,883.08,209.46,242.12,545.38,-1,-1,-1,-1
249,3,170.40,155.87,341.62,905.50,-1,-1,-1,-1
250,0,1443.07,192.38,438.08,858.89,-1,-1,-1,-1
250,1,858.43,228.06,264.70,525.26,-1,-1,-1,-1
250,3,161.32,147.76,358.85,915.90,-1,-1,-1,-1
251,0,1446.90,181.20,424.68,862.73,-1,-1,-1,-1
251,1,850.94,254.54,267.28,493.03,-1,-1,-1,-1
251,3,131.21,138.15,402.47,931.71,-1,-1,-1,-1
252,0,1447.75,175.38,403.87,853.38,-1,-1,-1,-1
252,1,850.89,239.68,223.16,516.22,-1,-1,-1,-1
252,3,132.45,127.09,400.43,944.43,-1,-1,-1,-1
253,0,1445.95,173.16,386.22,842.67,-1,-1,-1,-1
253,1,836.32,229.49,195.51,532.24,-1,-1,-1,-1
253,3,135.33,124.65,400.68,944.42,-1,-1,-1,-1
254,0,1450.48,167.36,362.94,846.67,-1,-1,-1,-1
254,1,817.27,227.65,184.89,535.44,-1,-1,-1,-1
254,3,114.92,123.81,428.78,937.68,-1,-1,-1,-1
255,0,1458.62,167.18,348.14,848.19,-1,-1,-1,-1
255,1,790.42,214.93,181.51,548.49,-1,-1,-1,-1
255,3,107.44,126.12,441.05,934.80,-1,-1,-1,-1
256,0,1478.76,173.90,317.51,831.86,-1,-1,-1,-1
256,1,763.70,205.84,195.68,554.79,-1,-1,-1,-1
256,3,108.13,137.31,445.54,914.71,-1,-1,-1,-1
257,0,1484.14,184.63,315.51,804.03,-1,-1,-1,-1
257,1,723.38,213.05,223.15,543.86,-1,-1,-1,-1
257,3,131.89,128.38,443.23,927.13,-1,-1,-1,-1
257,7,1.87,227.57,170.91,586.71,-1,-1,-1,-1
258,0,1458.30,193.69,334.74,778.40,-1,-1,-1,-1
258,1,698.65,221.40,236.61,537.42,-1,-1,-1,-1
258,3,142.79,104.23,453.48,964.87,-1,-1,-1,-1
258,7,3.31,221.71,171.58,603.38,-1,-1,-1,-1
259,0,1433.16,188.53,348.22,768.64,-1,-1,-1,-1
259,1,671.62,226.82,254.91,543.35,-1,-1,-1,-1
259,3,149.66,100.31,472.02,964.47,-1,-1,-1,-1
259,7,4.16,214.83,168.35,623.16,-1,-1,-1,-1
260,0,1413.62,189.12,338.10,744.22,-1,-1,-1,-1
260,1,657.34,227.14,240.43,551.81,-1,-1,-1,-1
260,3,151.48,96.67,499.53,967.03,-1,-1,-1,-1
260,7,3.78,213.37,164.79,633.42,-1,-1,-1,-1
261,0,1399.54,191.05,322.00,731.98,-1,-1,-1,-1
261,1,649.33,228.63,209.86,553.80,-1,-1,-1,-1
261,3,167.45,94.17,514.21,967.77,-1,-1,-1,-1
261,7,3.85,223.35,155.08,608.99,-1,-1,-1,-1
262,0,1385.25,196.39,322.54,719.11,-1,-1,-1,-1
262,1,638.12,222.28,186.86,562.96,-1,-1,-1,-1
262,3,217.38,96.62,500.54,967.95,-1,-1,-1,-1
262,7,3.31,230.26,150.65,588.08,-1,-1,-1,-1
263,0,1366.48,204.54,341.90,698.62,-1,-1,-1,-1
263,1,627.62,217.47,179.58,556.52,-1,-1,-1,-1
263,3,271.92,83.58,490.40,988.46,-1,-1,-1,-1
263,7,4.00,225.10,145.99,590.49,-1,-1,-1,-1
264,0,1364.93,205.79,339.55,694.02,-1,-1,-1,-1
264,1,626.19,213.64,164.64,565.91,-1,-1,-1,-1
264,3,339.13,77.78,445.93,996.45,-1,-1,-1,-1
264,7,3.14,232.93,147.53,575.52,-1,-1,-1,-1
265,0,1369.57,203.15,309.73,695.68,-1,-1,-1,-1
265,1,606.72,211.63,165.88,570.21,-1,-1,-1,-1
265,3,403.46,58.38,398.51,1015.08,-1,-1,-1,-1
265,7,3.22,235.79,147.11,558.16,-1,-1,-1,-1
266,0,1365.51,205.87,278.35,679.10,-1,-1,-1,-1
266,1,587.25,209.63,167.12,574.51,-1,-1,-1,-1
266,3,461.11,69.27,357.15,1003.88,-1,-1,-1,-1
266,7,2.93,231.72,147.40,569.88,-1,-1,-1,-1
267,0,1361.65,201.70,258.22,671.55,-1,-1,-1,-1
267,1,567.78,207.63,168.36,578.81,-1,-1,-1,-1
267,3,495.97,75.07,348.09,989.30,-1,-1,-1,-1
267,7,3.25,232.62,147.66,568.37,-1,-1,-1,-1
268,0,1358.33,205.11,220.46,662.45,-1,-1,-1,-1
268,1,548.31,205.62,169.59,583.11,-1,-1,-1,-1
268,3,521.98,72.05,344.00,992.72,-1,-1,-1,-1
268,7,2.70,228.86,161.72,568.71,-1,-1,-1,-1
269,0,1348.15,211.84,208.75,644.13,-1,-1,-1,-1
269,1,467.88,209.96,187.38,631.53,-1,-1,-1,-1
269,3,537.46,69.86,346.51,1001.73,-1,-1,-1,-1
269,7,1.49,227.08,188.67,572.26,-1,-1,-1,-1
270,0,1330.28,209.14,221.19,640.55,-1,-1,-1,-1
270,1,429.15,205.29,217.45,641.95,-1,-1,-1,-1
270,3,596.46,66.30,309.03,997.18,-1,-1,-1,-1
270,7,4.54,228.13,207.90,575.99,-1,-1,-1,-1
271,0,1301.56,207.48,251.23,636.01,-1,-1,-1,-1
271,1,402.70,203.12,234.28,650.18,-1,-1,-1,-1
271,3,642.65,68.16,299.48,990.86,-1,-1,-1,-1
271,7,6.06,228.77,225.09,574.46,-1,-1,-1,-1
272,0,1277.54,208.17,271.22,627.06,-1,-1,-1,-1
272,1,380.99,205.85,251.05,647.14,-1,-1,-1,-1
272,3,687.92,71.41,317.49,988.43,-1,-1,-1,-1
272,7,8.44,233.99,225.50,569.22,-1,-1,-1,-1
273,0,1253.53,217.89,279.64,606.25,-1,-1,-1,-1
273,1,364.70,202.35,253.46,652.71,-1,-1,-1,-1
273,3,723.32,82.52,330.48,978.76,-1,-1,-1,-1
273,7,10.31,236.21,239.89,567.92,-1,-1,-1,-1
274,0,1225.84,221.86,291.99,592.19,-1,-1,-1,-1
274,1,353.37,200.76,246.09,651.49,-1,-1,-1,-1
274,3,754.31,78.11,362.78,988.93,-1,-1,-1,-1
274,7,15.18,235.77,237.62,570.66,-1,-1,-1,-1
275,0,1226.13,229.10,272.69,584.44,-1,-1,-1,-1
275,1,338.77,197.53,240.95,659.65,-1,-1,-1,-1
275,3,781.78,69.04,394.74,1002.69,-1,-1,-1,-1
275,7,23.90,222.95,223.20,595.32,-1,-1,-1,-1
276,0,1213.53,231.23,263.04,580.28,-1,-1,-1,-1
276,1,324.93,194.43,244.62,678.86,-1,-1,-1,-1
276,3,806.44,65.44,412.89,1012.23,-1,-1,-1,-1
276,7,21.77,218.65,228.87,602.15,-1,-1,-1,-1
277,0,1204.71,235.51,257.04,566.41,-1,-1,-1,-1
277,1,314.69,195.31,249.85,693.88,-1,-1,-1,-1
277,3,827.33,72.31,405.17,1006.55,-1,-1,-1,-1
277,7,23.32,220.62,229.85,592.91,-1,-1,-1,-1
278,0,1195.55,238.71,246.50,550.95,-1,-1,-1,-1
278,1,297.62,196.15,264.94,703.97,-1,-1,-1,-1
278,3,837.93,93.09,407.30,983.62,-1,-1,-1,-1
278,7,26.14,216.84,236.21,603.27,-1,-1,-1,-1
279,0,1189.91,230.82,231.87,551.98,-1,-1,-1,-1
279,1,278.88,196.63,276.43,712.00,-1,-1,-1,-1
279,3,851.18,89.46,413.45,984.63,-1,-1,-1,-1
279,7,30.82,213.36,239.31,609.10,-1,-1,-1,-1
280,0,1192.69,240.43,203.46,523.89,-1,-1,-1,-1
280,1,250.56,195.56,292.93,721.67,-1,-1,-1,-1
280,3,879.22,75.55,420.90,998.15,-1,-1,-1,-1
280,7,40.46,209.83,243.44,615.70,-1,-1,-1,-1
281,0,1182.01,245.01,197.29,508.01,-1,-1,-1,-1
281,1,241.42,188.85,282.17,739.41,-1,-1,-1,-1
281,3,907.73,61.09,435.28,1015.01,-1,-1,-1,-1
281,7,51.66,206.97,241.40,618.09,-1,-1,-1,-1
282,0,1171.33,249.59,191.12,492.13,-1,-1,-1,-1
282,1,209.04,188.67,309.89,742.76,-1,-1,-1,-1
282,3,942.78,63.25,420.39,1009.60,-1,-1,-1,-1
282,7,55.10,202.88,242.81,620.46,-1,-1,-1,-1
283,0,1160.66,254.17,184.95,476.25,-1,-1,-1,-1
283,1,182.92,189.01,330.11,732.77,-1,-1,-1,-1
283,3,979.53,66.78,407.70,1005.62,-1,-1,-1,-1
283,7,62.70,195.68,263.90,665.86,-1,-1,-1,-1
284,0,1149.98,258.75,178.79,460.37,-1,-1,-1,-1
284,1,159.27,174.73,344.56,792.58,-1,-1,-1,-1
284,3,1023.66,81.74,383.93,992.19,-1,-1,-1,-1
284,7,73.96,209.10,243.73,632.53,-1,-1,-1,-1
285,1,121.71,183.21,380.63,792.71,-1,-1,-1,-1
285,3,1064.57,80.20,359.35,997.13,-1,-1,-1,-1
285,7,85.73,211.78,228.24,620.22,-1,-1,-1,-1
286,1,122.65,174.77,359.65,841.87,-1,-1,-1,-1
286,3,1094.98,86.85,350.84,985.30,-1,-1,-1,-1
286,7,104.73,224.51,188.22,564.91,-1,-1,-1,-1
287,1,104.92,177.98,376.74,855.96,-1,-1,-1,-1
287,3,1118.69,113.48,343.60,952.29,-1,-1,-1,-1
287,7,114.46,236.07,179.28,538.09,-1,-1,-1,-1
288,0,1041.24,233.16,182.55,534.37,-1,-1,-1,-1
288,1,58.15,178.20,452.04,846.52,-1,-1,-1,-1
288,3,1142.34,127.71,340.54,942.77,-1,-1,-1,-1
288,7,124.19,247.62,170.35,511.26,-1,-1,-1,-1
289,0,1018.53,241.07,199.58,527.94,-1,-1,-1,-1
289,1,49.23,178.06,463.64,832.28,-1,-1,-1,-1
289,3,1150.15,134.27,352.92,935.58,-1,-1,-1,-1
289,7,133.92,259.17,161.42,484.44,-1,-1,-1,-1
290,0,1006.57,244.34,189.89,523.28,-1,-1,-1,-1
290,1,64.30,168.11,447.60,843.02,-1,-1,-1,-1
290,3,1145.18,119.65,371.55,955.93,-1,-1,-1,-1
290,7,143.65,270.72,152.48,457.61,-1,-1,-1,-1
291,0,991.41,238.58,177.66,533.83,-1,-1,-1,-1
291,1,76.73,155.81,433.07,862.78,-1,-1,-1,-1
291,3,1120.53,117.81,421.51,959.60,-1,-1,-1,-1
292,0,966.38,238.47,191.67,538.72,-1,-1,-1,-1
292,1,42.10,143.86,481.45,888.24,-1,-1,-1,-1
292,3,1118.79,124.67,424.30,941.60,-1,-1,-1,-1
293,0,935.95,238.68,218.37,540.47,-1,-1,-1,-1
293,1,25.79,137.33,512.13,911.85,-1,-1,-1,-1
293,3,1145.47,113.18,404.73,955.71,-1,-1,-1,-1
294,0,894.83,241.27,253.95,545.00,-1,-1,-1,-1
294,1,23.11,131.58,513.48,922.40,-1,-1,-1,-1
294,3,1171.31,120.91,393.68,939.98,-1,-1,-1,-1
295,0,874.06,248.66,265.04,538.45,-1,-1,-1,-1
295,1,7.76,136.85,513.22,927.36,-1,-1,-1,-1
295,3,1208.48,131.49,369.94,916.96,-1,-1,-1,-1
296,0,854.39,248.23,275.69,540.66,-1,-1,-1,-1
296,1,1.46,143.35,496.17,919.07,-1,-1,-1,-1
296,3,1253.76,142.86,336.63,890.74,-1,-1,-1,-1
297,0,841.96,244.13,267.80,550.96,-1,-1,-1,-1
297,1,10.48,143.45,496.08,914.62,-1,-1,-1,-1
297,3,1295.29,158.25,311.83,860.46,-1,-1,-1,-1
298,0,829.92,243.93,249.30,553.46,-1,-1,-1,-1
298,1,29.14,129.15,507.35,927.76,-1,-1,-1,-1
298,3,1319.19,163.44,305.48,853.09,-1,-1,-1,-1
299,0,821.81,238.86,226.71,556.73,-1,-1,-1,-1
299,1,23.89,95.13,527.67,968.18,-1,-1,-1,-1
299,3,1342.74,153.44,297.00,868.20,-1,-1,-1,-1
300,0,810.26,233.53,216.41,565.81,-1,-1,-1,-1
300,1,23.94,76.47,541.84,968.80,-1,-1,-1,-1
300,3,1365.61,145.33,285.43,867.66,-1,-1,-1,-1
301,0,799.53,230.64,213.18,572.42,-1,-1,-1,-1
301,1,55.47,71.68,512.29,980.31,-1,-1,-1,-1
301,3,1385.15,140.75,272.45,862.89,-1,-1,-1,-1
302,0,781.87,229.79,221.33,578.02,-1,-1,-1,-1
302,1,61.81,72.77,521.74,987.60,-1,-1,-1,-1
302,3,1407.42,139.39,257.39,848.20,-1,-1,-1,-1
303,0,754.52,230.74,236.22,593.59,-1,-1,-1,-1
303,1,94.34,83.82,500.36,977.82,-1,-1,-1,-1
303,3,1427.30,138.88,246.08,839.62,-1,-1,-1,-1
304,0,730.23,233.20,243.97,600.69,-1,-1,-1,-1
304,1,132.38,100.89,460.92,963.28,-1,-1,-1,-1
304,3,1443.11,137.93,238.19,836.13,-1,-1,-1,-1
305,0,714.80,239.79,239.37,596.63,-1,-1,-1,-1
305,1,147.63,108.61,481.06,961.40,-1,-1,-1,-1
305,3,1457.87,135.54,228.66,829.36,-1,-1,-1,-1
306,0,701.16,246.18,230.79,594.80,-1,-1,-1,-1
306,1,212.76,113.63,454.17,956.13,-1,-1,-1,-1
306,3,1470.75,132.98,223.57,840.17,-1,-1,-1,-1
306,7,140.06,167.81,238.91,738.89,-1,-1,-1,-1
307,0,678.83,229.71,239.70,626.96,-1,-1,-1,-1
307,1,278.07,90.98,407.28,978.99,-1,-1,-1,-1
307,3,1484.36,136.96,221.25,836.50,-1,-1,-1,-1
307,7,134.68,158.80,264.53,762.79,-1,-1,-1,-1
308,0,691.50,227.12,210.45,635.12,-1,-1,-1,-1
308,1,325.31,75.18,406.56,985.58,-1,-1,-1,-1
308,3,1497.10,139.55,216.53,842.12,-1,-1,-1,-1
308,7,134.88,145.76,288.30,805.29,-1,-1,-1,-1
309,0,698.61,223.43,194.70,637.37,-1,-1,-1,-1
309,1,374.54,49.96,415.52,1014.58,-1,-1,-1,-1
309,3,1504.19,153.80,216.37,811.69,-1,-1,-1,-1
309,7,139.03,131.12,305.15,848.31,-1,-1,-1,-1
310,0,701.45,236.91,188.75,621.79,-1,-1,-1,-1
310,1,444.00,53.86,396.23,1011.39,-1,-1,-1,-1
310,3,1492.70,159.47,231.75,804.82,-1,-1,-1,-1
310,7,146.73,119.19,324.39,883.71,-1,-1,-1,-1
311,0,690.12,240.14,188.16,619.88,-1,-1,-1,-1
311,1,511.29,37.61,381.81,1027.32,-1,-1,-1,-1
311,3,1474.94,163.92,250.26,790.86,-1,-1,-1,-1
311,7,159.17,109.20,330.28,922.99,-1,-1,-1,-1
312,0,678.78,243.36,187.56,617.97,-1,-1,-1,-1
312,1,579.57,50.42,347.73,1014.57,-1,-1,-1,-1
312,3,1466.75,166.36,258.01,780.03,-1,-1,-1,-1
312,7,167.06,109.11,337.02,940.74,-1,-1,-1,-1
313,0,667.45,246.59,186.96,616.07,-1,-1,-1,-1
313,1,622.18,50.45,352.95,1011.20,-1,-1,-1,-1
313,3,1459.35,172.04,266.41,760.03,-1,-1,-1,-1
313,7,172.00,116.31,342.43,946.53,-1,-1,-1,-1
314,0,616.49,247.93,177.19,642.05,-1,-1,-1,-1
314,1,638.96,48.31,409.71,1016.08,-1,-1,-1,-1
314,3,1456.43,178.33,265.26,741.07,-1,-1,-1,-1
314,7,172.60,125.81,351.60,933.69,-1,-1,-1,-1
315,0,589.94,247.72,203.01,633.14,-1,-1,-1,-1
315,1,679.17,45.88,410.39,1017.76,-1,-1,-1,-1
315,3,1452.57,182.81,266.27,726.58,-1,-1,-1,-1
315,7,171.90,124.79,360.37,934.45,-1,-1,-1,-1
316,0,562.25,239.34,248.40,643.71,-1,-1,-1,-1
316,1,746.23,24.02,449.18,1053.89,-1,-1,-1,-1
316,3,1442.92,182.62,273.10,717.00,-1,-1,-1,-1
316,7,168.23,124.25,369.38,935.90,-1,-1,-1,-1
317,0,544.33,234.13,264.94,651.53,-1,-1,-1,-1
317,1,802.21,27.14,459.32,1046.87,-1,-1,-1,-1
317,3,1433.55,184.78,283.52,703.83,-1,-1,-1,-1
317,7,163.37,112.26,374.35,956.57,-1,-1,-1,-1
318,0,518.35,225.35,268.31,672.84,-1,-1,-1,-1
318,1,861.77,15.63,444.59,1062.96,-1,-1,-1,-1
318,3,1419.96,185.56,294.52,702.91,-1,-1,-1,-1
318,7,151.54,100.63,383.13,974.31,-1,-1,-1,-1
319,0,505.02,219.85,255.00,674.15,-1,-1,-1,-1
319,1,911.91,34.24,426.29,1037.58,-1,-1,-1,-1
319,3,1412.13,190.26,296.54,694.38,-1,-1,-1,-1
319,7,142.86,93.72,399.90,976.27,-1,-1,-1,-1
320,0,500.36,215.29,238.11,689.58,-1,-1,-1,-1
320,1,963.52,75.64,386.56,983.66,-1,-1,-1,-1
320,3,1405.90,192.50,280.97,684.18,-1,-1,-1,-1
320,7,145.13,88.74,407.78,981.65,-1,-1,-1,-1
321,0,493.35,216.43,232.61,682.97,-1,-1,-1,-1
321,1,1025.75,85.75,359.29,977.62,-1,-1,-1,-1
321,3,1400.12,186.24,269.22,683.67,-1,-1,-1,-1
321,7,140.66,84.61,427.81,991.91,-1,-1,-1,-1
322,0,480.78,209.77,241.16,691.44,-1,-1,-1,-1
322,1,1069.87,86.78,386.54,985.12,-1,-1,-1,-1
322,3,1390.07,181.22,274.94,686.28,-1,-1,-1,-1
322,7,149.00,86.95,425.31,985.02,-1,-1,-1,-1
323,0,466.80,213.54,250.01,684.12,-1,-1,-1,-1
323,1,1120.11,122.19,427.64,937.84,-1,-1,-1,-1
323,3,1359.22,161.66,289.74,704.84,-1,-1,-1,-1
323,7,164.85,95.03,436.81,972.78,-1,-1,-1,-1
324,0,471.39,216.75,243.43,678.26,-1,-1,-1,-1
324,1,1179.13,96.47,454.51,963.82,-1,-1,-1,-1
324,3,1383.58,197.00,269.76,632.05,-1,-1,-1,-1
324,7,187.99,102.04,449.98,967.90,-1,-1,-1,-1
325,0,476.90,212.45,234.59,692.68,-1,-1,-1,-1
325,1,1216.15,68.62,468.82,1007.67,-1,-1,-1,-1
325,3,1384.36,206.72,258.44,605.48,-1,-1,-1,-1
325,7,209.90,107.57,455.65,958.60,-1,-1,-1,-1
326,0,466.60,210.63,236.18,697.42,-1,-1,-1,-1
326,1,1249.29,51.02,472.31,1032.89,-1,-1,-1,-1
326,3,1385.15,216.44,247.11,578.92,-1,-1,-1,-1
326,7,249.53,90.65,435.43,980.86,-1,-1,-1,-1
327,0,456.31,208.80,237.77,702.15,-1,-1,-1,-1
327,1,1274.93,46.27,494.44,1038.95,-1,-1,-1,-1
327,3,1385.93,226.16,235.78,552.35,-1,-1,-1,-1
327,7,284.45,76.24,427.53,998.64,-1,-1,-1,-1
328,0,446.02,206.97,239.36,706.89,-1,-1,-1,-1
328,1,1319.90,38.31,501.38,1053.48,-1,-1,-1,-1
328,3,1386.71,235.88,224.45,525.79,-1,-1,-1,-1
328,7,328.37,59.98,403.58,1011.67,-1,-1,-1,-1
329,0,435.72,205.15,240.95,711.63,-1,-1,-1,-1
329,1,1364.86,30.36,508.32,1068.01,-1,-1,-1,-1
329,7,355.28,46.54,412.50,1018.48,-1,-1,-1,-1
330,0,370.91,236.00,148.95,589.46,-1,-1,-1,-1
330,1,1409.83,22.40,515.26,1082.55,-1,-1,-1,-1
330,3,1307.89,210.46,200.91,576.63,-1,-1,-1,-1
330,7,366.78,31.65,444.46,1030.10,-1,-1,-1,-1
331,0,344.37,218.23,180.61,718.56,-1,-1,-1,-1
331,1,1454.79,14.45,522.20,1097.08,-1,-1,-1,-1
331,3,1309.97,198.60,194.37,609.95,-1,-1,-1,-1
331,7,401.46,28.45,468.43,1028.60,-1,-1,-1,-1
332,0,325.27,188.88,207.75,815.92,-1,-1,-1,-1
332,3,1301.93,199.73,202.04,619.84,-1,-1,-1,-1
332,7,425.55,21.65,470.96,1034.10,-1,-1,-1,-1
333,0,298.69,182.84,246.70,849.74,-1,-1,-1,-1
333,3,1301.26,198.91,199.36,619.00,-1,-1,-1,-1
333,7,449.64,14.85,473.49,1039.59,-1,-1,-1,-1
334,0,283.85,181.18,275.40,863.67,-1,-1,-1,-1
334,3,1297.25,205.47,181.35,600.86,-1,-1,-1,-1
334,7,473.74,8.05,476.02,1045.08,-1,-1,-1,-1
335,0,268.83,177.62,311.26,875.85,-1,-1,-1,-1
335,1,1449.07,55.77,495.66,1008.40,-1,-1,-1,-1
335,3,1277.22,202.32,183.62,599.85,-1,-1,-1,-1
335,7,497.83,1.25,478.56,1050.57,-1,-1,-1,-1
336,0,261.72,173.00,327.10,889.95,-1,-1,-1,-1
336,1,1469.78,85.33,448.10,968.12,-1,-1,-1,-1
336,3,1256.36,207.79,186.81,587.18,-1,-1,-1,-1
337,0,257.70,174.82,341.40,885.51,-1,-1,-1,-1
337,1,1521.00,96.15,378.09,945.02,-1,-1,-1,-1
337,3,1229.35,205.56,199.36,589.33,-1,-1,-1,-1
337,7,667.66,13.12,453.48,1062.10,-1,-1,-1,-1
338,0,254.51,175.48,363.28,888.89,-1,-1,-1,-1
338,1,1539.47,97.57,364.33,947.30,-1,-1,-1,-1
338,3,1196.57,207.07,225.20,583.75,-1,-1,-1,-1
338,7,724.14,17.99,408.84,1053.84,-1,-1,-1,-1
339,0,254.40,174.71,378.42,892.19,-1,-1,-1,-1
339,1,1530.58,108.82,394.27,930.39,-1,-1,-1,-1
339,3,1160.78,208.38,256.16,582.61,-1,-1,-1,-1
339,7,781.70,23.25,364.09,1040.26,-1,-1,-1,-1
340,0,250.85,171.55,385.99,906.25,-1,-1,-1,-1
340,1,1502.37,113.14,430.24,913.23,-1,-1,-1,-1
340,3,1147.01,214.56,263.63,573.98,-1,-1,-1,-1
340,7,828.31,8.04,363.55,1066.17,-1,-1,-1,-1
341,0,241.11,175.09,401.79,903.84,-1,-1,-1,-1
341,1,1474.32,103.04,461.01,939.55,-1,-1,-1,-1
341,3,1159.15,222.80,245.28,558.16,-1,-1,-1,-1
341,7,862.38,9.24,378.67,1060.37,-1,-1,-1,-1
342,0,234.55,181.69,411.04,890.63,-1,-1,-1,-1
342,1,1468.76,94.71,461.90,949.22,-1,-1,-1,-1
342,3,1173.31,226.27,225.61,552.21,-1,-1,-1,-1
342,7,859.32,5.29,436.96,1066.29,-1,-1,-1,-1
343,0,223.45,178.87,417.94,890.99,-1,-1,-1,-1
343,1,1472.98,105.71,447.10,929.37,-1,-1,-1,-1
343,3,1177.99,228.04,214.87,555.08,-1,-1,-1,-1
343,7,894.98,2.11,438.51,1070.03,-1,-1,-1,-1
344,0,217.71,179.88,416.95,882.24,-1,-1,-1,-1
344,1,1504.15,113.16,389.98,914.54,-1,-1,-1,-1
344,3,1170.44,230.02,213.55,551.63,-1,-1,-1,-1
344,7,930.65,-1.06,440.07,1073.77,-1,-1,-1,-1
345,0,208.85,170.61,424.07,899.14,-1,-1,-1,-1
345,1,1534.39,124.86,335.47,888.51,-1,-1,-1,-1
345,3,1162.88,231.99,212.22,548.19,-1,-1,-1,-1
345,7,898.22,10.38,478.39,1056.40,-1,-1,-1,-1
346,0,208.21,155.11,432.65,914.89,-1,-1,-1,-1
346,1,1557.08,144.00,302.70,849.20,-1,-1,-1,-1
346,3,1155.32,233.97,210.90,544.74,-1,-1,-1,-1
346,7,927.75,7.75,455.55,1060.91,-1,-1,-1,-1
347,0,211.27,144.98,458.89,927.09,-1,-1,-1,-1
347,1,1556.56,154.36,301.43,808.93,-1,-1,-1,-1
347,3,1147.76,235.94,209.57,541.30,-1,-1,-1,-1
347,7,966.06,13.10,437.05,1052.06,-1,-1,-1,-1
348,0,217.78,135.07,481.73,937.61,-1,-1,-1,-1
348,1,1550.34,156.37,290.69,790.65,-1,-1,-1,-1
348,7,1004.37,15.01,436.54,1043.58,-1,-1,-1,-1
349,0,248.50,137.08,462.98,929.35,-1,-1,-1,-1
349,1,1546.42,152.78,267.42,761.21,-1,-1,-1,-1
349,3,1060.99,220.48,200.83,568.77,-1,-1,-1,-1
349,7,1037.92,11.89,442.52,1047.37,-1,-1,-1,-1
350,0,276.65,142.74,459.37,921.59,-1,-1,-1,-1
350,1,1540.57,153.84,255.67,750.35,-1,-1,-1,-1
350,3,1018.05,225.39,226.34,557.00,-1,-1,-1,-1
350,7,1043.60,3.90,476.27,1061.39,-1,-1,-1,-1
351,0,323.19,149.65,437.93,917.54,-1,-1,-1,-1
351,1,1530.20,148.97,253.23,754.62,-1,-1,-1,-1
351,3,988.57,230.32,243.03,556.10,-1,-1,-1,-1
351,7,1063.17,-0.99,488.58,1075.49,-1,-1,-1,-1
352,0,383.21,150.82,400.05,919.70,-1,-1,-1,-1
352,1,1524.56,145.54,251.86,760.81,-1,-1,-1,-1
352,3,968.27,238.85,247.03,544.49,-1,-1,-1,-1
352,7,1108.27,0.98,480.67,1066.74,-1,-1,-1,-1
353,0,439.67,142.13,374.02,935.23,-1,-1,-1,-1
353,1,1511.76,146.71,259.28,772.68,-1,-1,-1,-1
353,3,954.49,243.62,234.67,536.56,-1,-1,-1,-1
353,7,1144.62,20.75,494.41,1037.31,-1,-1,-1,-1
354,0,487.32,124.52,346.73,958.13,-1,-1,-1,-1
354,1,1513.42,161.45,227.23,739.24,-1,-1,-1,-1
354,3,937.91,237.77,215.09,535.05,-1,-1,-1,-1
354,7,1183.45,13.67,468.62,1054.77,-1,-1,-1,-1
355,0,531.86,94.31,326.24,993.34,-1,-1,-1,-1
355,1,1508.50,165.32,223.49,727.16,-1,-1,-1,-1
355,3,913.85,233.64,193.92,533.09,-1,-1,-1,-1
355,7,1210.19,40.78,459.59,1018.63,-1,-1,-1,-1
356,0,569.80,102.21,319.91,976.37,-1,-1,-1,-1
356,1,1503.59,169.19,219.75,715.07,-1,-1,-1,-1
356,3,893.23,233.25,179.88,534.58,-1,-1,-1,-1
356,7,1245.01,41.32,428.46,1024.06,-1,-1,-1,-1
357,0,608.33,97.45,331.64,980.45,-1,-1,-1,-1
357,1,1498.67,173.07,216.02,702.99,-1,-1,-1,-1
357,3,867.74,233.15,186.49,532.81,-1,-1,-1,-1
357,7,1277.48,45.12,407.40,1023.80,-1,-1,-1,-1
358,0,649.12,113.34,336.00,957.44,-1,-1,-1,-1
358,1,1493.75,176.94,212.29,690.91,-1,-1,-1,-1
358,3,845.18,233.06,185.95,531.26,-1,-1,-1,-1
358,7,1304.56,40.13,402.58,1036.68,-1,-1,-1,-1
359,0,698.40,160.91,327.41,896.84,-1,-1,-1,-1
359,3,796.64,148.46,239.78,649.09,-1,-1,-1,-1
359,7,1328.13,36.52,412.19,1044.36,-1,-1,-1,-1
359,12,5.18,231.25,294.90,621.74,-1,-1,-1,-1
360,0,736.67,187.20,323.58,867.32,-1,-1,-1,-1
360,3,766.57,124.00,254.61,689.21,-1,-1,-1,-1
360,7,1345.78,52.09,432.36,1017.69,-1,-1,-1,-1
360,12,9.51,225.24,322.29,637.97,-1,-1,-1,-1
361,0,765.77,241.67,317.02,808.88,-1,-1,-1,-1
361,3,736.49,99.54,269.44,729.33,-1,-1,-1,-1
361,7,1365.74,52.24,434.94,1020.87,-1,-1,-1,-1
361,12,14.56,226.54,338.15,651.01,-1,-1,-1,-1
362,0,791.65,188.28,321.08,882.82,-1,-1,-1,-1
362,3,706.42,75.08,284.27,769.44,-1,-1,-1,-1
362,7,1368.58,46.56,460.48,1018.85,-1,-1,-1,-1
362,12,21.84,223.53,356.26,661.88,-1,-1,-1,-1
363,0,798.42,200.39,359.85,867.05,-1,-1,-1,-1
363,3,747.61,203.59,182.10,580.42,-1,-1,-1,-1
363,7,1363.57,48.39,481.86,1009.34,-1,-1,-1,-1
363,12,40.42,229.35,342.41,662.60,-1,-1,-1,-1
364,0,843.58,148.77,347.31,926.93,-1,-1,-1,-1
364,3,743.39,222.98,185.97,563.60,-1,-1,-1,-1
364,7,1359.19,47.99,471.00,1003.33,-1,-1,-1,-1
364,12,55.44,229.91,328.31,671.65,-1,-1,-1,-1
365,0,878.10,120.42,362.20,956.18,-1,-1,-1,-1
365,3,735.05,229.29,183.81,572.59,-1,-1,-1,-1
365,7,1335.80,62.25,487.24,979.13,-1,-1,-1,-1
365,12,60.09,224.93,323.94,682.01,-1,-1,-1,-1
366,0,920.35,94.12,375.17,982.38,-1,-1,-1,-1
366,3,722.82,225.86,184.71,587.11,-1,-1,-1,-1
366,7,1297.18,84.30,538.17,947.39,-1,-1,-1,-1
366,12,68.88,225.18,305.71,681.69,-1,-1,-1,-1
366,13,1249.75,183.39,205.39,623.19,-1,-1,-1,-1
367,0,940.89,100.16,392.18,976.71,-1,-1,-1,-1
367,3,706.57,217.85,193.28,610.73,-1,-1,-1,-1
367,7,1298.75,96.50,532.56,940.30,-1,-1,-1,-1
367,12,68.03,217.69,305.13,692.68,-1,-1,-1,-1
367,13,1218.34,173.02,238.23,655.82,-1,-1,-1,-1
368,0,953.37,95.02,434.51,976.94,-1,-1,-1,-1
368,3,665.85,224.37,232.32,599.76,-1,-1,-1,-1
368,7,1285.48,105.52,534.38,913.39,-1,-1,-1,-1
368,12,67.43,215.02,308.70,696.65,-1,-1,-1,-1
368,13,1201.10,158.48,247.10,680.22,-1,-1,-1,-1
369,0,986.04,87.62,438.01,984.75,-1,-1,-1,-1
369,3,643.08,224.87,249.87,603.87,-1,-1,-1,-1
369,7,1297.83,103.09,506.09,900.26,-1,-1,-1,-1
369,12,66.56,213.29,319.43,699.88,-1,-1,-1,-1
369,13,1183.86,143.94,255.97,704.62,-1,-1,-1,-1
370,0,1018.71,80.23,441.51,992.56,-1,-1,-1,-1
370,3,621.91,233.63,268.98,596.39,-1,-1,-1,-1
370,7,1323.09,111.07,470.18,842.45,-1,-1,-1,-1
370,12,61.84,214.60,341.72,703.93,-1,-1,-1,-1
370,13,1166.61,129.40,264.84,729.01,-1,-1,-1,-1
371,0,1051.38,72.83,445.00,1000.37,-1,-1,-1,-1
371,3,610.97,242.98,278.22,589.17,-1,-1,-1,-1
371,7,1356.97,111.30,435.91,823.05,-1,-1,-1,-1
371,12,59.76,211.20,354.62,715.82,-1,-1,-1,-1
371,13,1149.37,114.85,273.72,753.41,-1,-1,-1,-1
372,0,1084.05,65.44,448.50,1008.18,-1,-1,-1,-1
372,3,594.28,237.46,287.55,598.66,-1,-1,-1,-1
372,7,1387.34,107.57,396.10,807.57,-1,-1,-1,-1
372,12,65.88,207.42,355.49,734.60,-1,-1,-1,-1
373,3,581.18,229.56,293.87,607.62,-1,-1,-1,-1
373,7,1399.77,116.84,374.63,748.76,-1,-1,-1,-1
373,12,74.93,203.17,349.74,746.21,-1,-1,-1,-1
374,0,1079.93,113.55,542.42,940.82,-1,-1,-1,-1
374,3,575.17,229.79,276.89,610.63,-1,-1,-1,-1
374,7,1413.64,133.09,325.87,672.05,-1,-1,-1,-1
374,12,86.30,198.80,348.72,756.87,-1,-1,-1,-1
374,13,1075.06,219.55,216.60,553.51,-1,-1,-1,-1
375,0,1113.80,116.18,538.04,933.09,-1,-1,-1,-1
375,3,565.65,219.39,246.00,624.42,-1,-1,-1,-1
375,7,1437.87,133.26,275.62,595.72,-1,-1,-1,-1
375,12,102.86,193.84,336.65,767.02,-1,-1,-1,-1
375,13,1051.41,206.93,219.59,575.97,-1,-1,-1,-1
376,0,1134.17,122.22,535.57,944.58,-1,-1,-1,-1
376,3,540.08,212.91,239.27,636.80,-1,-1,-1,-1
376,7,1463.92,133.63,226.88,591.87,-1,-1,-1,-1
376,12,111.04,189.99,343.05,775.58,-1,-1,-1,-1
376,13,1028.88,215.20,231.21,554.19,-1,-1,-1,-1
377,0,1164.92,130.03,533.70,943.80,-1,-1,-1,-1
377,3,510.87,215.70,232.79,643.59,-1,-1,-1,-1
377,7,1473.20,139.26,212.77,555.07,-1,-1,-1,-1
377,12,122.44,182.60,344.88,796.82,-1,-1,-1,-1
377,13,1008.78,213.28,235.97,559.31,-1,-1,-1,-1
378,0,1197.48,109.62,532.56,970.43,-1,-1,-1,-1
378,3,483.32,212.84,240.52,653.21,-1,-1,-1,-1
378,7,1482.47,144.89,198.67,518.26,-1,-1,-1,-1
378,12,149.92,179.37,321.44,823.56,-1,-1,-1,-1
378,13,994.15,223.58,219.81,548.06,-1,-1,-1,-1
379,0,1238.98,99.91,511.23,979.80,-1,-1,-1,-1
379,3,451.22,213.05,271.10,649.61,-1,-1,-1,-1
379,7,1491.74,150.52,184.57,481.45,-1,-1,-1,-1
379,12,175.07,175.54,302.76,846.19,-1,-1,-1,-1
379,13,976.43,220.24,198.83,545.22,-1,-1,-1,-1
380,0,1278.90,122.04,493.04,944.96,-1,-1,-1,-1
380,3,410.75,217.49,310.05,647.04,-1,-1,-1,-1
380,7,1501.01,156.15,170.46,444.65,-1,-1,-1,-1
380,12,195.15,178.10,289.51,861.40,-1,-1,-1,-1
380,13,951.35,218.32,198.99,547.03,-1,-1,-1,-1
381,0,1314.97,123.04,472.65,947.89,-1,-1,-1,-1
381,3,393.74,223.77,319.63,640.20,-1,-1,-1,-1
381,12,202.79,176.77,286.74,884.53,-1,-1,-1,-1
381,13,930.74,211.33,198.04,558.89,-1,-1,-1,-1
382,0,1344.68,118.91,467.47,953.96,-1,-1,-1,-1
382,3,391.71,228.16,303.56,636.06,-1,-1,-1,-1
382,12,205.81,175.14,297.19,891.01,-1,-1,-1,-1
382,13,903.49,217.82,203.38,548.11,-1,-1,-1,-1
383,0,1379.55,103.85,456.00,974.74,-1,-1,-1,-1
383,3,388.46,219.85,278.76,653.75,-1,-1,-1,-1
383,7,1361.45,142.29,201.11,712.84,-1,-1,-1,-1
383,12,210.13,180.22,319.42,883.16,-1,-1,-1,-1
383,13,865.91,212.39,221.62,558.85,-1,-1,-1,-1
384,0,1434.02,97.94,414.87,981.88,-1,-1,-1,-1
384,3,383.86,220.76,254.67,640.74,-1,-1,-1,-1
384,7,1348.47,143.05,213.54,724.97,-1,-1,-1,-1
384,12,216.07,177.33,333.09,883.52,-1,-1,-1,-1
384,13,833.69,216.82,246.69,560.13,-1,-1,-1,-1
385,0,1470.41,99.85,389.48,973.11,-1,-1,-1,-1
385,3,383.88,208.84,240.24,678.00,-1,-1,-1,-1
385,7,1332.72,144.54,225.62,725.35,-1,-1,-1,-1
385,12,218.38,164.44,368.84,899.27,-1,-1,-1,-1
385,13,819.38,228.14,230.16,550.62,-1,-1,-1,-1
386,0,1495.45,97.65,378.23,971.66,-1,-1,-1,-1
386,3,365.70,203.07,245.35,692.43,-1,-1,-1,-1
386,7,1319.43,144.05,235.98,724.19,-1,-1,-1,-1
386,12,228.53,157.58,389.06,910.86,-1,-1,-1,-1
386,13,808.30,224.97,194.12,558.48,-1,-1,-1,-1
387,0,1521.66,96.55,355.76,967.08,-1,-1,-1,-1
387,3,347.53,197.30,250.47,706.85,-1,-1,-1,-1
387,7,1305.63,147.61,245.59,714.14,-1,-1,-1,-1
387,12,247.46,151.52,395.79,926.72,-1,-1,-1,-1
387,13,786.34,217.12,173.34,577.23,-1,-1,-1,-1
388,0,1543.05,120.50,343.03,937.10,-1,-1,-1,-1
388,3,329.36,191.53,255.58,721.27,-1,-1,-1,-1
388,7,1286.45,152.07,256.32,699.46,-1,-1,-1,-1
388,12,268.24,166.74,382.32,905.81,-1,-1,-1,-1
388,13,763.19,206.76,166.27,586.54,-1,-1,-1,-1
389,0,1556.75,147.27,313.96,902.39,-1,-1,-1,-1
389,3,311.18,185.76,260.70,735.69,-1,-1,-1,-1
389,7,1256.58,154.71,279.24,683.60,-1,-1,-1,-1
389,12,290.74,154.94,349.21,922.10,-1,-1,-1,-1
389,13,724.48,206.82,192.41,574.07,-1,-1,-1,-1
390,0,1562.77,151.98,278.65,887.78,-1,-1,-1,-1
390,7,1228.82,154.34,292.23,674.68,-1,-1,-1,-1
390,12,298.94,145.04,356.12,936.92,-1,-1,-1,-1
390,13,693.46,206.75,212.16,567.38,-1,-1,-1,-1
391,0,1552.33,155.40,284.79,892.28,-1,-1,-1,-1
391,7,1215.79,156.12,283.34,663.15,-1,-1,-1,-1
391,12,297.16,141.19,392.87,924.78,-1,-1,-1,-1
391,13,651.12,199.42,241.42,585.62,-1,-1,-1,-1
392,0,1527.57,151.73,322.60,910.12,-1,-1,-1,-1
392,7,1205.21,162.83,274.50,651.05,-1,-1,-1,-1
392,12,302.93,143.08,406.16,907.24,-1,-1,-1,-1
392,13,623.95,220.82,263.25,560.83,-1,-1,-1,-1
393,0,1489.09,149.36,391.61,916.67,-1,-1,-1,-1
393,3,225.85,185.59,230.02,762.86,-1,-1,-1,-1
393,7,1204.36,169.02,263.71,639.19,-1,-1,-1,-1
393,12,326.81,123.30,397.59,944.34,-1,-1,-1,-1
393,13,616.22,232.47,251.26,553.52,-1,-1,-1,-1
394,0,1452.61,144.53,450.24,922.09,-1,-1,-1,-1
394,3,189.57,188.89,288.46,771.00,-1,-1,-1,-1
394,7,1198.98,169.09,258.31,641.01,-1,-1,-1,-1
394,12,345.70,117.63,405.04,943.74,-1,-1,-1,-1
394,13,609.25,225.94,227.92,559.04,-1,-1,-1,-1
395,0,1427.53,135.87,486.01,928.00,-1,-1,-1,-1
395,3,163.66,185.54,310.46,782.65,-1,-1,-1,-1
395,7,1192.26,163.54,248.89,646.83,-1,-1,-1,-1
395,12,356.01,125.17,420.01,916.40,-1,-1,-1,-1
395,13,603.69,243.57,191.86,533.00,-1,-1,-1,-1
396,0,1406.09,140.62,502.14,909.92,-1,-1,-1,-1
396,3,145.08,180.12,325.37,804.57,-1,-1,-1,-1
396,7,1180.50,171.36,233.60,630.70,-1,-1,-1,-1
396,12,328.36,128.06,461.11,918.21,-1,-1,-1,-1
396,13,583.81,251.09,187.55,520.99,-1,-1,-1,-1
397,0,1402.29,149.76,479.28,887.35,-1,-1,-1,-1
397,3,127.10,178.71,335.95,819.81,-1,-1,-1,-1
397,7,1163.78,172.44,219.90,626.92,-1,-1,-1,-1
397,12,387.61,107.62,423.21,957.74,-1,-1,-1,-1
397,13,563.93,258.61,183.23,508.98,-1,-1,-1,-1
398,0,1428.84,168.18,402.86,854.81,-1,-1,-1,-1
398,3,104.29,181.07,351.97,841.76,-1,-1,-1,-1
398,7,1139.03,178.72,216.77,616.33,-1,-1,-1,-1
398,12,442.05,101.47,389.88,972.78,-1,-1,-1,-1
398,13,544.05,266.14,178.91,496.98,-1,-1,-1,-1
399,0,1460.67,166.69,302.32,842.89,-1,-1,-1,-1
399,3,74.36,181.95,383.58,857.58,-1,-1,-1,-1
399,7,1119.83,194.24,210.82,599.06,-1,-1,-1,-1
399,12,474.06,92.06,399.87,988.27,-1,-1,-1,-1
399,13,524.17,273.66,174.59,484.97,-1,-1,-1,-1
400,0,1469.35,170.99,243.81,813.61,-1,-1,-1,-1
400,3,51.16,185.60,419.33,865.54,-1,-1,-1,-1
400,7,1075.80,211.67,244.78,581.95,-1,-1,-1,-1
400,12,486.03,83.38,412.87,999.57,-1,-1,-1,-1
401,0,1460.68,157.68,228.05,834.10,-1,-1,-1,-1
401,3,27.60,196.13,468.08,836.09,-1,-1,-1,-1
401,7,1029.96,227.76,290.44,567.25,-1,-1,-1,-1
401,12,508.42,82.84,413.09,993.47,-1,-1,-1,-1
401,13,457.60,225.78,152.51,624.12,-1,-1,-1,-1
402,0,1436.43,164.36,223.41,811.62,-1,-1,-1,-1
402,3,27.57,188.38,471.35,850.41,-1,-1,-1,-1
402,7,996.42,245.70,319.81,550.44,-1,-1,-1,-1
402,12,532.10,61.17,418.32,1020.46,-1,-1,-1,-1
402,13,422.16,219.57,185.52,630.78,-1,-1,-1,-1
403,0,1399.59,167.66,242.65,781.87,-1,-1,-1,-1
403,3,45.84,175.81,440.77,874.65,-1,-1,-1,-1
403,7,965.54,263.88,347.51,534.98,-1,-1,-1,-1
403,12,597.36,70.51,382.39,1008.97,-1,-1,-1,-1
403,13,390.19,215.82,208.40,633.57,-1,-1,-1,-1
404,0,1368.88,169.51,263.13,765.97,-1,-1,-1,-1
404,3,63.49,163.03,404.50,902.44,-1,-1,-1,-1
404,7,945.57,280.99,362.55,517.24,-1,-1,-1,-1
404,12,645.18,46.06,371.06,1037.18,-1,-1,-1,-1
404,13,370.04,209.78,217.14,641.81,-1,-1,-1,-1
405,0,1347.18,171.33,280.77,754.27,-1,-1,-1,-1
405,3,60.02,159.44,395.65,911.60,-1,-1,-1,-1
405,7,938.81,291.30,349.76,509.31,-1,-1,-1,-1
405,12,693.23,83.80,364.04,991.29,-1,-1,-1,-1
405,13,359.70,209.92,216.89,633.30,-1,-1,-1,-1
406,0,1327.22,180.12,291.24,736.29,-1,-1,-1,-1
406,3,76.83,154.79,377.78,924.45,-1,-1,-1,-1
406,7,937.67,290.04,317.61,521.13,-1,-1,-1,-1
406,12,691.47,77.87,425.96,999.35,-1,-1,-1,-1
406,13,356.26,207.94,202.51,626.77,-1,-1,-1,-1
407,0,1298.27,178.69,310.06,738.10,-1,-1,-1,-1
407,3,88.30,160.58,376.54,915.23,-1,-1,-1,-1
407,7,921.12,296.77,316.32,518.95,-1,-1,-1,-1
407,12,737.85,88.98,410.03,987.12,-1,-1,-1,-1
407,13,348.95,214.98,194.70,620.76,-1,-1,-1,-1
408,0,1272.20,186.84,314.04,723.47,-1,-1,-1,-1
408,3,98.43,165.90,373.82,912.32,-1,-1,-1,-1
408,7,904.56,303.49,315.03,516.78,-1,-1,-1,-1
408,12,802.92,93.72,362.58,970.25,-1,-1,-1,-1
408,13,338.65,216.41,184.69,627.41,-1,-1,-1,-1
409,0,1253.36,201.40,304.62,700.92,-1,-1,-1,-1
409,3,99.93,170.75,378.07,898.49,-1,-1,-1,-1
409,7,888.01,310.21,313.74,514.61,-1,-1,-1,-1
409,12,859.32,91.71,336.84,969.37,-1,-1,-1,-1
409,13,320.05,217.32,184.90,628.13,-1,-1,-1,-1
410,0,1241.24,207.99,297.06,694.96,-1,-1,-1,-1
410,3,103.08,175.42,381.59,891.56,-1,-1,-1,-1
410,7,871.45,316.94,312.45,512.43,-1,-1,-1,-1
410,12,857.51,76.91,382.53,995.47,-1,-1,-1,-1
410,13,301.46,218.24,185.12,628.86,-1,-1,-1,-1
411,0,1225.47,211.98,304.92,689.57,-1,-1,-1,-1
411,3,110.57,177.58,383.68,889.73,-1,-1,-1,-1
411,7,816.39,302.28,207.76,486.55,-1,-1,-1,-1
411,12,913.19,73.94,370.41,1003.60,-1,-1,-1,-1
411,13,282.86,219.16,185.33,629.58,-1,-1,-1,-1
412,0,1217.54,213.41,269.44,688.60,-1,-1,-1,-1
412,3,111.77,158.60,402.08,910.72,-1,-1,-1,-1
412,7,778.29,292.35,260.71,509.95,-1,-1,-1,-1
412,12,964.50,129.36,364.65,933.98,-1,-1,-1,-1
412,13,264.26,220.08,185.54,630.31,-1,-1,-1,-1
413,0,1200.48,215.90,267.25,683.02,-1,-1,-1,-1
413,3,118.36,138.32,419.00,937.24,-1,-1,-1,-1
413,7,740.80,294.73,311.52,511.26,-1,-1,-1,-1
413,12,1002.27,120.15,380.22,947.58,-1,-1,-1,-1
414,0,1183.43,218.38,265.06,677.43,-1,-1,-1,-1
414,3,122.44,119.54,448.31,957.16,-1,-1,-1,-1
414,7,718.08,291.63,342.35,518.52,-1,-1,-1,-1
414,12,1043.45,158.35,379.19,903.79,-1,-1,-1,-1
415,0,1166.37,220.87,262.88,671.85,-1,-1,-1,-1
415,3,142.60,105.88,448.01,969.18,-1,-1,-1,-1
415,7,706.53,292.72,346.33,516.89,-1,-1,-1,-1
415,12,1090.75,144.72,371.82,924.91,-1,-1,-1,-1
416,0,1149.32,223.35,260.69,666.26,-1,-1,-1,-1
416,3,164.02,97.54,437.91,976.28,-1,-1,-1,-1
416,7,694.56,296.34,332.67,505.04,-1,-1,-1,-1
416,12,1126.75,124.62,370.63,952.52,-1,-1,-1,-1
417,3,175.87,91.22,432.56,975.47,-1,-1,-1,-1
417,7,680.80,294.38,303.31,502.89,-1,-1,-1,-1
417,12,1155.15,92.82,376.59,993.36,-1,-1,-1,-1
418,0,1083.53,207.56,213.06,643.41,-1,-1,-1,-1
418,3,178.38,88.57,445.35,979.40,-1,-1,-1,-1
418,7,662.06,292.42,283.82,501.66,-1,-1,-1,-1
418,12,1179.66,89.02,378.66,997.48,-1,-1,-1,-1
419,0,1072.42,213.89,211.46,634.62,-1,-1,-1,-1
419,3,224.35,92.91,425.94,970.55,-1,-1,-1,-1
419,7,646.02,293.75,269.30,493.89,-1,-1,-1,-1
419,12,1221.90,64.61,349.61,1024.07,-1,-1,-1,-1
419,13,81.75,170.17,277.29,675.60,-1,-1,-1,-1
420,0,1061.21,231.28,222.05,610.82,-1,-1,-1,-1
420,3,265.02,86.44,416.97,985.77,-1,-1,-1,-1
420,7,628.72,285.97,267.71,510.00,-1,-1,-1,-1
420,12,1270.32,50.86,318.06,1036.90,-1,-1,-1,-1
420,13,81.11,160.06,284.59,751.66,-1,-1,-1,-1
421,0,1054.26,236.87,230.27,602.18,-1,-1,-1,-1
421,3,309.09,98.12,402.95,971.48,-1,-1,-1,-1
421,7,614.94,281.81,265.86,517.53,-1,-1,-1,-1
421,12,1306.28,59.59,315.02,1012.83,-1,-1,-1,-1
421,13,57.82,147.75,326.84,820.08,-1,-1,-1,-1
422,0,1040.22,239.16,251.41,600.36,-1,-1,-1,-1
422,3,336.43,94.48,419.71,974.47,-1,-1,-1,-1
422,7,602.21,277.44,263.48,529.88,-1,-1,-1,-1
422,12,1335.52,65.11,310.20,1001.31,-1,-1,-1,-1
422,13,25.66,137.47,375.07,871.90,-1,-1,-1,-1
423,0,1026.05,239.49,261.13,602.27,-1,-1,-1,-1
423,3,360.99,76.32,469.82,996.75,-1,-1,-1,-1
423,7,580.50,273.19,267.68,538.28,-1,-1,-1,-1
423,12,1361.29,72.49,308.57,981.17,-1,-1,-1,-1
423,13,17.68,142.70,392.60,884.73,-1,-1,-1,-1
424,0,1018.89,236.35,245.60,602.69,-1,-1,-1,-1
424,3,390.36,66.89,480.62,1008.31,-1,-1,-1,-1
424,7,558.79,268.95,271.88,546.68,-1,-1,-1,-1
424,12,1386.76,85.76,303.49,967.18,-1,-1,-1,-1
424,13,11.58,149.36,411.24,882.65,-1,-1,-1,-1
425,0,1002.74,233.37,228.35,603.76,-1,-1,-1,-1
425,3,413.86,62.03,478.35,1005.98,-1,-1,-1,-1
425,7,537.07,264.70,276.08,555.08,-1,-1,-1,-1
425,12,1401.81,95.95,329.40,960.64,-1,-1,-1,-1
425,13,7.04,153.75,429.69,880.06,-1,-1,-1,-1
426,0,984.49,235.01,210.60,593.44,-1,-1,-1,-1
426,3,433.11,44.21,484.87,1032.42,-1,-1,-1,-1
426,7,515.36,260.46,280.28,563.48,-1,-1,-1,-1
426,12,1412.88,96.20,391.71,969.69,-1,-1,-1,-1
426,13,20.12,157.42,427.90,881.20,-1,-1,-1,-1
427,0,962.89,236.89,203.78,579.14,-1,-1,-1,-1
427,3,474.83,55.25,470.59,1019.01,-1,-1,-1,-1
427,12,1420.61,95.88,438.47,975.91,-1,-1,-1,-1
427,13,19.54,147.80,507.58,887.96,-1,-1,-1,-1
428,0,946.15,239.55,199.63,570.61,-1,-1,-1,-1
428,3,519.24,37.71,446.37,1041.79,-1,-1,-1,-1
428,12,1418.66,106.47,471.66,933.86,-1,-1,-1,-1
428,13,25.64,128.78,536.23,909.09,-1,-1,-1,-1
429,0,929.85,236.39,201.31,589.45,-1,-1,-1,-1
429,3,557.37,53.56,435.13,1004.15,-1,-1,-1,-1
429,7,435.70,197.14,244.23,630.07,-1,-1,-1,-1
429,12,1407.17,108.90,502.34,925.39,-1,-1,-1,-1
429,13,32.72,110.63,510.61,945.59,-1,-1,-1,-1
430,0,926.21,238.41,186.69,573.21,-1,-1,-1,-1
430,3,623.42,49.80,417.07,1016.08,-1,-1,-1,-1
430,7,418.41,194.53,251.18,638.06,-1,-1,-1,-1
430,12,1397.04,103.69,516.72,937.55,-1,-1,-1,-1
430,13,27.09,118.54,508.67,930.06,-1,-1,-1,-1
431,0,909.84,239.45,185.02,568.14,-1,-1,-1,-1
431,3,691.53,47.82,396.22,1018.41,-1,-1,-1,-1
431,7,415.83,188.09,250.99,649.84,-1,-1,-1,-1
431,12,1393.73,106.65,497.91,939.11,-1,-1,-1,-1
431,13,44.57,114.48,490.42,940.91,-1,-1,-1,-1
432,0,893.47,240.50,183.35,563.06,-1,-1,-1,-1
432,3,758.16,35.32,378.70,1034.43,-1,-1,-1,-1
432,7,407.11,191.88,255.82,647.16,-1,-1,-1,-1
432,12,1389.25,112.39,462.66,930.09,-1,-1,-1,-1
432,13,88.69,113.56,422.93,957.81,-1,-1,-1,-1
433,0,877.11,241.55,181.68,557.99,-1,-1,-1,-1
433,3,811.40,38.98,408.20,1020.47,-1,-1,-1,-1
433,7,412.53,199.43,246.68,639.50,-1,-1,-1,-1
433,12,1389.74,126.66,443.03,911.76,-1,-1,-1,-1
433,13,119.36,117.97,391.98,954.87,-1,-1,-1,-1
434,0,860.74,242.59,180.01,552.92,-1,-1,-1,-1
434,3,855.04,40.02,445.55,1017.58,-1,-1,-1,-1
434,7,394.00,193.50,265.93,647.80,-1,-1,-1,-1
434,12,1398.52,143.28,417.90,887.12,-1,-1,-1,-1
434,13,116.24,112.29,474.85,958.00,-1,-1,-1,-1
435,3,892.50,39.03,464.65,1019.84,-1,-1,-1,-1
435,7,378.44,190.62,267.41,651.37,-1,-1,-1,-1
435,12,1411.00,146.32,401.66,887.43,-1,-1,-1,-1
435,13,117.60,97.51,505.78,963.60,-1,-1,-1,-1
436,0,849.28,247.90,139.68,533.56,-1,-1,-1,-1
436,3,932.49,35.99,472.66,1034.23,-1,-1,-1,-1
436,7,362.88,187.75,268.89,654.95,-1,-1,-1,-1
436,12,1427.48,156.99,384.04,853.68,-1,-1,-1,-1
436,13,123.78,76.80,515.69,997.21,-1,-1,-1,-1
437,0,815.20,245.59,189.47,545.50,-1,-1,-1,-1
437,3,979.61,47.49,451.42,1021.50,-1,-1,-1,-1
437,7,347.32,184.87,270.36,658.53,-1,-1,-1,-1
437,12,1441.20,166.21,373.52,811.71,-1,-1,-1,-1
437,13,140.02,66.26,486.52,1002.46,-1,-1,-1,-1
438,0,786.57,243.82,236.10,544.97,-1,-1,-1,-1
438,3,1019.50,68.93,415.80,998.94,-1,-1,-1,-1
438,7,331.76,182.00,271.84,662.10,-1,-1,-1,-1
438,12,1448.16,166.78,369.75,797.37,-1,-1,-1,-1
438,13,186.16,46.55,423.93,1021.96,-1,-1,-1,-1
439,0,775.78,241.45,256.59,545.56,-1,-1,-1,-1
439,3,1062.36,66.77,389.68,1005.41,-1,-1,-1,-1
439,12,1448.81,172.63,366.45,780.84,-1,-1,-1,-1
439,13,219.64,37.14,394.28,1038.08,-1,-1,-1,-1
440,0,775.15,245.97,253.30,541.80,-1,-1,-1,-1
440,3,1103.07,67.14,374.25,998.24,-1,-1,-1,-1
440,12,1448.37,170.19,354.52,783.94,-1,-1,-1,-1
440,13,241.56,51.78,390.55,1017.08,-1,-1,-1,-1
441,0,777.41,242.10,244.55,553.22,-1,-1,-1,-1
441,3,1135.68,72.06,373.64,990.76,-1,-1,-1,-1
441,12,1457.99,183.83,328.69,758.29,-1,-1,-1,-1
441,13,261.85,63.91,396.38,1008.27,-1,-1,-1,-1
442,0,771.64,242.52,237.79,556.85,-1,-1,-1,-1
442,3,1165.53,76.23,378.84,990.06,-1,-1,-1,-1
442,7,248.30,176.82,236.35,768.51,-1,-1,-1,-1
442,12,1460.17,189.46,308.49,754.51,-1,-1,-1,-1
442,13,291.47,66.71,384.91,998.78,-1,-1,-1,-1
443,0,761.29,240.68,239.44,560.69,-1,-1,-1,-1
443,3,1203.14,66.95,375.18,1004.43,-1,-1,-1,-1
443,7,237.15,169.50,240.57,803.41,-1,-1,-1,-1
443,12,1448.10,193.60,303.17,753.03,-1,-1,-1,-1
443,13,358.32,59.94,364.00,1012.01,-1,-1,-1,-1
444,0,756.13,233.08,210.03,580.39,-1,-1,-1,-1
444,3,1222.60,67.10,430.44,998.25,-1,-1,-1,-1
444,7,222.69,168.55,253.57,799.47,-1,-1,-1,-1
444,12,1460.91,211.65,268.43,723.90,-1,-1,-1,-1
444,13,415.36,38.29,398.47,1039.73,-1,-1,-1,-1
445,0,743.48,228.78,213.41,589.75,-1,-1,-1,-1
445,3,1261.25,75.87,418.81,987.82,-1,-1,-1,-1
445,7,213.44,166.17,258.24,803.57,-1,-1,-1,-1
445,12,1468.57,219.49,228.85,651.99,-1,-1,-1,-1
445,13,467.56,39.61,421.48,1031.34,-1,-1,-1,-1
446,0,730.83,224.48,216.79,599.11,-1,-1,-1,-1
446,3,1285.86,78.71,404.62,993.67,-1,-1,-1,-1
446,7,202.50,163.77,265.22,806.75,-1,-1,-1,-1
446,12,1471.68,235.51,214.76,611.89,-1,-1,-1,-1
446,13,510.37,31.56,433.64,1040.72,-1,-1,-1,-1
447,0,718.18,220.19,220.17,608.46,-1,-1,-1,-1
447,3,1306.91,75.37,391.49,1002.70,-1,-1,-1,-1
447,7,192.96,160.48,276.23,811.29,-1,-1,-1,-1
447,12,1474.80,251.53,200.68,571.80,-1,-1,-1,-1
447,13,553.62,32.85,438.49,1043.15,-1,-1,-1,-1
448,0,705.53,215.89,223.54,617.82,-1,-1,-1,-1
448,3,1329.58,79.33,383.07,999.11,-1,-1,-1,-1
448,7,185.75,156.01,284.24,815.26,-1,-1,-1,-1
448,12,1477.91,267.55,186.60,531.70,-1,-1,-1,-1
448,13,590.34,41.76,435.28,1025.83,-1,-1,-1,-1
449,3,1347.86,82.06,383.06,997.10,-1,-1,-1,-1
449,7,179.13,148.70,294.41,837.33,-1,-1,-1,-1
449,12,1481.02,283.57,172.52,491.60,-1,-1,-1,-1
449,13,607.95,47.00,448.51,1018.77,-1,-1,-1,-1
450,0,597.79,249.78,211.59,590.38,-1,-1,-1,-1
450,3,1358.08,90.14,394.76,989.04,-1,-1,-1,-1
450,7,173.84,151.31,301.42,850.78,-1,-1,-1,-1
450,13,618.29,57.30,443.94,1007.72,-1,-1,-1,-1
451,0,594.72,238.32,198.31,614.78,-1,-1,-1,-1
451,3,1356.16,84.05,425.65,990.60,-1,-1,-1,-1
451,7,169.49,156.90,310.47,858.31,-1,-1,-1,-1
451,13,704.77,138.25,381.80,916.50,-1,-1,-1,-1
452,0,587.51,247.23,201.58,607.58,-1,-1,-1,-1
452,3,1375.38,99.77,429.07,963.83,-1,-1,-1,-1
452,7,161.77,160.14,323.82,873.63,-1,-1,-1,-1
452,12,1297.97,210.37,242.10,637.93,-1,-1,-1,-1
452,13,748.69,165.18,363.83,873.31,-1,-1,-1,-1
453,0,577.59,246.33,202.86,619.50,-1,-1,-1,-1
453,3,1401.60,99.03,430.13,966.57,-1,-1,-1,-1
453,7,155.02,163.93,332.75,878.16,-1,-1,-1,-1
453,12,1267.70,200.16,259.21,658.75,-1,-1,-1,-1
453,13,824.59,86.20,367.61,980.97,-1,-1,-1,-1
454,0,561.72,251.80,207.41,609.43,-1,-1,-1,-1
454,3,1431.62,91.26,404.95,982.49,-1,-1,-1,-1
454,7,153.38,162.08,334.45,891.67,-1,-1,-1,-1
454,12,1242.06,200.61,255.09,638.17,-1,-1,-1,-1
454,13,878.51,77.94,381.95,980.22,-1,-1,-1,-1
455,0,539.78,257.90,219.83,600.55,-1,-1,-1,-1
455,3,1445.49,88.44,398.02,988.27,-1,-1,-1,-1
455,7,149.84,151.50,348.19,910.43,-1,-1,-1,-1
455,12,1221.90,202.15,248.33,609.65,-1,-1,-1,-1
455,13,918.82,40.51,416.60,1028.68,-1,-1,-1,-1
456,0,483.26,258.05,261.66,604.72,-1,-1,-1,-1
456,3,1457.76,95.37,385.53,982.28,-1,-1,-1,-1
456,7,125.75,139.89,381.16,924.25,-1,-1,-1,-1
456,12,1213.67,200.16,218.99,581.42,-1,-1,-1,-1
456,13,956.57,26.43,437.90,1038.67,-1,-1,-1,-1
457,0,459.52,259.02,275.45,604.98,-1,-1,-1,-1
457,3,1465.93,108.84,375.79,963.09,-1,-1,-1,-1
457,7,118.34,127.46,389.14,940.48,-1,-1,-1,-1
457,12,1205.17,197.76,206.68,565.61,-1,-1,-1,-1
457,13,990.55,24.61,455.83,1039.27,-1,-1,-1,-1
458,0,460.61,278.17,266.67,586.51,-1,-1,-1,-1
458,3,1473.33,118.33,363.70,949.93,-1,-1,-1,-1
458,7,109.77,107.30,413.73,970.62,-1,-1,-1,-1
458,12,1188.56,200.17,199.99,547.32,-1,-1,-1,-1
458,13,1019.67,34.32,456.44,1030.40,-1,-1,-1,-1
459,0,458.77,286.29,263.78,582.01,-1,-1,-1,-1
459,3,1479.37,123.01,352.38,946.10,-1,-1,-1,-1
459,7,109.86,93.54,427.96,987.63,-1,-1,-1,-1
459,12,1171.95,202.57,193.30,529.03,-1,-1,-1,-1
459,13,1051.94,40.72,439.07,1024.25,-1,-1,-1,-1
460,0,448.65,295.58,271.46,571.45,-1,-1,-1,-1
460,3,1487.24,125.05,332.97,929.34,-1,-1,-1,-1
460,7,124.48,95.11,428.97,983.83,-1,-1,-1,-1
460,12,1155.34,204.98,186.61,510.73,-1,-1,-1,-1
460,13,1097.83,54.00,425.38,1016.45,-1,-1,-1,-1
461,0,442.18,287.98,263.71,592.89,-1,-1,-1,-1
461,3,1503.89,133.56,303.05,905.80,-1,-1,-1,-1
461,7,143.56,96.32,428.30,975.26,-1,-1,-1,-1
461,12,1099.62,207.30,169.29,582.66,-1,-1,-1,-1
461,13,1134.70,42.23,427.22,1035.25,-1,-1,-1,-1
462,0,437.85,314.65,242.15,562.74,-1,-1,-1,-1
462,3,1524.49,136.72,271.06,895.20,-1,-1,-1,-1
462,7,159.82,93.29,458.67,980.87,-1,-1,-1,-1
462,12,1068.02,203.87,196.35,591.67,-1,-1,-1,-1
462,13,1191.80,30.60,414.07,1050.95,-1,-1,-1,-1
463,0,427.01,324.59,237.80,552.62,-1,-1,-1,-1
463,3,1545.49,131.88,237.38,891.03,-1,-1,-1,-1
463,7,192.69,101.36,448.35,962.61,-1,-1,-1,-1
463,12,1056.20,200.35,183.09,605.43,-1,-1,-1,-1
463,13,1220.64,56.92,472.94,1011.41,-1,-1,-1,-1
464,0,416.17,334.52,233.45,542.49,-1,-1,-1,-1
464,3,1554.41,135.50,234.73,881.21,-1,-1,-1,-1
464,7,219.53,98.34,447.59,972.17,-1,-1,-1,-1
464,12,1039.44,191.69,173.14,622.31,-1,-1,-1,-1
464,13,1258.27,72.12,489.00,985.50,-1,-1,-1,-1
465,0,405.33,344.46,229.11,532.37,-1,-1,-1,-1
465,3,1563.33,139.12,232.09,871.40,-1,-1,-1,-1
465,7,240.28,91.46,442.20,985.54,-1,-1,-1,-1
465,12,1013.76,191.41,184.34,621.74,-1,-1,-1,-1
465,13,1298.43,58.13,479.41,1007.54,-1,-1,-1,-1
466,0,394.49,354.40,224.76,522.24,-1,-1,-1,-1
466,3,1572.26,142.74,229.45,861.58,-1,-1,-1,-1
466,7,244.70,79.12,450.18,1001.93,-1,-1,-1,-1
466,12,979.60,195.94,210.45,611.51,-1,-1,-1,-1
466,13,1336.50,54.39,470.34,1015.87,-1,-1,-1,-1
467,3,1581.18,146.36,226.81,851.77,-1,-1,-1,-1
467,7,225.36,75.26,476.12,1006.21,-1,-1,-1,-1
467,12,952.05,208.18,232.93,589.84,-1,-1,-1,-1
467,13,1364.07,58.05,469.43,1006.24,-1,-1,-1,-1
468,7,226.41,64.56,486.12,1006.91,-1,-1,-1,-1
468,12,930.58,214.34,248.05,585.93,-1,-1,-1,-1
468,13,1386.70,58.54,470.49,1007.65,-1,-1,-1,-1
469,0,215.18,288.20,279.16,641.45,-1,-1,-1,-1
469,7,272.42,66.45,479.72,987.49,-1,-1,-1,-1
469,12,912.55,215.03,258.71,589.80,-1,-1,-1,-1
469,13,1417.80,64.57,453.31,994.26,-1,-1,-1,-1
470,0,197.37,290.37,291.50,650.68,-1,-1,-1,-1
470,7,317.54,50.20,505.34,1010.61,-1,-1,-1,-1
470,12,900.03,211.68,256.33,596.65,-1,-1,-1,-1
470,13,1444.07,75.39,442.29,977.91,-1,-1,-1,-1
471,0,196.09,290.84,285.04,652.91,-1,-1,-1,-1
471,7,364.53,41.64,519.12,1024.95,-1,-1,-1,-1
471,12,881.97,218.77,255.22,588.93,-1,-1,-1,-1
471,13,1446.21,76.50,456.44,974.34,-1,-1,-1,-1
472,0,211.55,301.19,270.98,632.91,-1,-1,-1,-1
472,3,1412.59,149.24,214.65,725.68,-1,-1,-1,-1
472,7,411.43,38.59,529.00,1024.25,-1,-1,-1,-1
472,12,848.95,209.57,261.91,608.13,-1,-1,-1,-1
472,13,1452.87,68.30,458.36,996.49,-1,-1,-1,-1
473,0,228.76,296.76,265.58,648.90,-1,-1,-1,-1
473,3,1395.30,158.60,217.55,719.89,-1,-1,-1,-1
473,7,439.09,32.79,531.88,1029.72,-1,-1,-1,-1
473,12,844.84,208.75,233.68,610.27,-1,-1,-1,-1
473,13,1480.93,66.53,428.65,998.97,-1,-1,-1,-1
474,0,244.77,285.91,259.74,678.66,-1,-1,-1,-1
474,3,1384.29,170.60,230.30,701.53,-1,-1,-1,-1
474,7,466.75,27.00,534.75,1035.19,-1,-1,-1,-1
474,12,837.13,223.60,203.14,595.33,-1,-1,-1,-1
474,13,1498.88,62.88,415.08,1012.20,-1,-1,-1,-1
475,0,244.10,268.41,270.71,719.18,-1,-1,-1,-1
475,3,1386.13,181.61,234.56,678.96,-1,-1,-1,-1
475,7,494.42,21.20,537.63,1040.66,-1,-1,-1,-1
475,12,841.05,315.41,186.03,482.81,-1,-1,-1,-1
475,13,1534.88,66.22,387.96,1012.65,-1,-1,-1,-1
476,0,232.35,247.91,296.96,751.73,-1,-1,-1,-1
476,3,1383.55,195.10,241.98,661.41,-1,-1,-1,-1
476,7,599.00,19.83,509.89,1048.82,-1,-1,-1,-1
476,12,832.44,346.86,167.02,433.50,-1,-1,-1,-1
476,13,1558.93,66.28,365.87,1012.80,-1,-1,-1,-1
477,0,223.43,230.09,353.99,782.62,-1,-1,-1,-1
477,3,1381.05,195.27,237.66,663.76,-1,-1,-1,-1
477,7,638.10,17.22,512.31,1047.37,-1,-1,-1,-1
477,12,823.82,378.32,148.02,384.18,-1,-1,-1,-1
477,13,1572.71,77.35,356.83,990.11,-1,-1,-1,-1
478,0,211.29,220.87,393.44,800.42,-1,-1,-1,-1
478,3,1371.75,203.48,253.61,651.60,-1,-1,-1,-1
478,7,679.48,13.90,506.49,1041.34,-1,-1,-1,-1
478,12,815.20,409.77,129.02,334.87,-1,-1,-1,-1
478,13,1587.69,80.19,342.63,974.65,-1,-1,-1,-1
479,0,199.79,207.20,385.78,829.69,-1,-1,-1,-1
479,3,1360.30,207.77,257.54,637.15,-1,-1,-1,-1
479,7,726.41,8.12,459.44,1060.38,-1,-1,-1,-1
479,12,806.59,441.22,110.02,285.55,-1,-1,-1,-1
479,13,1599.09,83.69,329.28,958.00,-1,-1,-1,-1
480,0,174.99,196.77,413.60,846.78,-1,-1,-1,-1
480,3,1348.06,203.79,236.51,629.28,-1,-1,-1,-1
480,7,750.58,11.98,488.25,1054.07,-1,-1,-1,-1
480,12,685.07,278.99,190.63,548.42,-1,-1,-1,-1
480,13,1593.10,97.56,334.38,915.17,-1,-1,-1,-1
481,0,165.64,189.67,400.61,859.92,-1,-1,-1,-1
481,3,1331.89,211.07,221.72,611.37,-1,-1,-1,-1
481,7,785.87,9.40,489.13,1055.90,-1,-1,-1,-1
481,12,654.43,269.69,214.49,562.00,-1,-1,-1,-1
481,13,1570.35,100.50,350.74,914.70,-1,-1,-1,-1
482,0,162.20,184.75,375.82,864.22,-1,-1,-1,-1
482,3,1313.84,205.00,207.25,608.67,-1,-1,-1,-1
482,7,821.17,6.83,490.01,1057.73,-1,-1,-1,-1
482,12,624.88,242.17,245.20,593.85,-1,-1,-1,-1
482,13,1571.66,109.52,333.93,897.77,-1,-1,-1,-1
483,0,162.17,181.43,357.78,875.29,-1,-1,-1,-1
483,3,1293.86,209.84,201.91,603.59,-1,-1,-1,-1
483,7,856.46,4.26,490.89,1059.56,-1,-1,-1,-1
483,12,602.38,222.11,264.98,614.52,-1,-1,-1,-1
483,13,1549.02,121.04,346.42,867.98,-1,-1,-1,-1
484,0,160.56,177.23,372.39,894.96,-1,-1,-1,-1
484,3,1270.13,211.57,212.35,598.06,-1,-1,-1,-1
484,7,891.76,1.68,491.78,1061.39,-1,-1,-1,-1
484,12,579.86,214.89,286.33,616.16,-1,-1,-1,-1
484,13,1506.49,139.26,379.63,830.99,-1,-1,-1,-1
485,0,165.84,175.40,402.82,904.22,-1,-1,-1,-1
485,3,1252.57,216.37,225.85,589.57,-1,-1,-1,-1
485,12,562.95,217.42,312.00,611.06,-1,-1,-1,-1
485,13,1513.58,133.94,353.83,820.24,-1,-1,-1,-1
486,0,183.10,172.24,409.40,910.74,-1,-1,-1,-1
486,3,1246.35,217.13,232.81,586.16,-1,-1,-1,-1
486,12,556.08,225.58,309.25,603.12,-1,-1,-1,-1
486,13,1511.48,140.54,341.12,788.95,-1,-1,-1,-1
487,0,208.09,168.94,401.57,915.09,-1,-1,-1,-1
487,3,1234.52,218.54,230.56,580.47,-1,-1,-1,-1
487,12,549.02,225.64,295.49,600.88,-1,-1,-1,-1
487,13,1529.21,136.69,312.31,784.42,-1,-1,-1,-1
488,0,232.90,173.39,389.38,909.22,-1,-1,-1,-1
488,3,1222.68,219.94,228.31,574.79,-1,-1,-1,-1
488,12,555.23,220.21,264.96,605.04,-1,-1,-1,-1
488,13,1526.74,135.77,306.29,788.67,-1,-1,-1,-1
489,0,264.75,179.68,358.12,896.00,-1,-1,-1,-1
489,3,1210.84,221.35,226.06,569.10,-1,-1,-1,-1
489,12,562.74,214.27,222.24,606.30,-1,-1,-1,-1
489,13,1533.65,128.26,279.84,807.93,-1,-1,-1,-1
490,0,289.26,162.55,348.25,918.30,-1,-1,-1,-1
490,3,1199.00,222.76,223.81,563.41,-1,-1,-1,-1
490,7,1089.19,13.63,484.84,1064.66,-1,-1,-1,-1
490,12,557.67,208.80,189.29,610.95,-1,-1,-1,-1
490,13,1537.80,130.87,256.91,810.02,-1,-1,-1,-1
491,0,315.18,165.19,337.03,911.04,-1,-1,-1,-1
491,7,1138.18,25.66,463.18,1051.63,-1,-1,-1,-1
491,12,548.78,199.96,168.54,628.77,-1,-1,-1,-1
491,13,1522.49,154.32,255.50,747.05,-1,-1,-1,-1
492,0,333.38,156.74,360.68,922.96,-1,-1,-1,-1
492,7,1176.76,26.12,423.04,1048.81,-1,-1,-1,-1
492,12,530.51,193.74,170.93,637.79,-1,-1,-1,-1
492,13,1513.84,156.99,240.60,717.68,-1,-1,-1,-1
493,0,348.69,138.43,421.55,944.87,-1,-1,-1,-1
493,3,1139.14,222.53,140.17,551.63,-1,-1,-1,-1
493,7,1198.53,42.53,427.70,1017.63,-1,-1,-1,-1
493,12,512.25,187.52,173.33,646.81,-1,-1,-1,-1
493,13,1499.71,153.71,231.86,718.27,-1,-1,-1,-1
494,0,367.97,134.65,471.94,934.51,-1,-1,-1,-1
494,3,1105.82,209.69,183.86,564.73,-1,-1,-1,-1
494,7,1224.03,39.85,423.37,1019.05,-1,-1,-1,-1
494,12,493.99,181.30,175.72,655.83,-1,-1,-1,-1
494,13,1493.29,147.10,220.71,719.23,-1,-1,-1,-1
495,0,397.70,125.26,489.18,950.38,-1,-1,-1,-1
495,3,1065.05,208.65,229.98,569.35,-1,-1,-1,-1
495,7,1272.70,35.76,393.98,1028.65,-1,-1,-1,-1
495,12,475.73,175.08,178.11,664.85,-1,-1,-1,-1
495,13,1485.47,149.61,223.57,721.48,-1,-1,-1,-1
496,0,406.44,125.17,517.73,952.55,-1,-1,-1,-1
496,3,1027.88,207.54,265.07,575.97,-1,-1,-1,-1
496,7,1286.46,27.90,418.66,1043.17,-1,-1,-1,-1
496,13,1476.02,130.23,245.37,759.91,-1,-1,-1,-1
497,0,411.52,139.03,532.99,937.24,-1,-1,-1,-1
497,3,994.96,219.54,287.76,552.99,-1,-1,-1,-1
497,7,1315.19,25.28,420.93,1048.80,-1,-1,-1,-1
497,12,390.02,192.54,216.22,670.02,-1,-1,-1,-1
497,13,1466.24,120.67,249.94,774.07,-1,-1,-1,-1
498,0,420.56,156.08,521.48,916.11,-1,-1,-1,-1
498,3,958.22,220.10,310.17,552.82,-1,-1,-1,-1
498,7,1343.92,22.66,423.20,1054.43,-1,-1,-1,-1
498,12,371.92,196.07,214.01,667.35,-1,-1,-1,-1
498,13,1456.46,111.12,254.51,788.22,-1,-1,-1,-1
499,0,501.10,155.11,394.10,911.47,-1,-1,-1,-1
499,3,925.17,223.57,315.98,545.29,-1,-1,-1,-1
499,7,1372.64,20.03,425.47,1060.07,-1,-1,-1,-1
499,12,353.98,203.95,225.19,659.99,-1,-1,-1,-1
499,13,1446.68,101.56,259.08,802.38,-1,-1,-1,-1
500,0,539.92,153.29,341.38,918.26,-1,-1,-1,-1
500,3,902.36,221.40,309.16,561.14,-1,-1,-1,-1
500,7,1401.37,17.41,427.75,1065.70,-1,-1,-1,-1
500,12,339.84,205.78,238.49,661.20,-1,-1,-1,-1
500,13,1436.90,92.01,263.65,816.53,-1,-1,-1,-1
501,0,566.83,138.31,332.20,934.91,-1,-1,-1,-1
501,3,892.67,218.98,277.58,564.32,-1,-1,-1,-1
501,12,320.13,205.69,255.55,675.83,-1,-1,-1,-1
502,0,588.98,131.93,346.71,938.74,-1,-1,-1,-1
502,3,882.55,215.69,258.38,567.95,-1,-1,-1,-1
502,7,1360.13,92.22,436.63,954.36,-1,-1,-1,-1
502,12,294.78,208.61,276.31,692.29,-1,-1,-1,-1
503,0,630.74,121.48,349.92,953.26,-1,-1,-1,-1
503,3,897.11,214.67,224.98,572.27,-1,-1,-1,-1
503,7,1340.53,82.73,386.93,953.46,-1,-1,-1,-1
503,12,283.86,212.52,276.50,700.94,-1,-1,-1,-1
504,0,663.73,109.17,356.69,970.73,-1,-1,-1,-1
504,3,910.36,224.14,211.85,554.54,-1,-1,-1,-1
504,7,1328.97,73.84,387.81,975.68,-1,-1,-1,-1
504,12,264.03,210.49,292.15,724.30,-1,-1,-1,-1
505,0,699.17,131.19,366.50,940.47,-1,-1,-1,-1
505,3,925.94,221.83,197.30,568.83,-1,-1,-1,-1
505,7,1356.60,58.31,365.91,1007.75,-1,-1,-1,-1
505,12,239.86,210.46,311.55,733.62,-1,-1,-1,-1
505,13,1297.33,185.25,180.68,619.44,-1,-1,-1,-1
506,0,723.88,124.62,382.59,951.80,-1,-1,-1,-1
506,3,926.13,228.94,189.83,566.27,-1,-1,-1,-1
506,7,1377.62,61.36,375.51,1008.52,-1,-1,-1,-1
506,12,223.87,213.12,312.66,738.35,-1,-1,-1,-1
506,13,1272.58,193.90,163.95,609.31,-1,-1,-1,-1
507,0,751.15,143.63,376.59,930.86,-1,-1,-1,-1
507,3,915.23,230.19,190.05,566.95,-1,-1,-1,-1
507,7,1395.02,68.21,372.03,1008.37,-1,-1,-1,-1
507,12,209.68,208.36,318.39,749.53,-1,-1,-1,-1
507,13,1237.44,196.36,179.52,588.44,-1,-1,-1,-1
508,0,765.84,154.08,371.68,910.69,-1,-1,-1,-1
508,3,904.33,231.45,190.28,567.62,-1,-1,-1,-1
508,7,1411.31,84.00,357.33,988.11,-1,-1,-1,-1
508,12,185.08,204.17,336.53,753.56,-1,-1,-1,-1
508,13,1217.30,187.89,188.83,592.57,-1,-1,-1,-1
509,0,788.00,151.84,364.83,901.69,-1,-1,-1,-1
509,3,893.43,232.70,190.50,568.30,-1,-1,-1,-1
509,7,1423.68,110.59,326.19,956.35,-1,-1,-1,-1
509,12,166.88,196.59,340.86,768.13,-1,-1,-1,-1
509,13,1198.48,184.97,200.43,592.93,-1,-1,-1,-1
510,0,808.08,158.61,356.57,886.58,-1,-1,-1,-1
510,3,882.53,233.95,190.72,568.98,-1,-1,-1,-1
510,7,1431.09,121.07,296.96,931.45,-1,-1,-1,-1
510,12,149.41,192.30,352.29,790.22,-1,-1,-1,-1
510,13,1182.82,185.27,211.82,591.96,-1,-1,-1,-1
511,0,834.88,177.79,354.61,876.11,-1,-1,-1,-1
511,3,803.73,144.14,233.38,655.27,-1,-1,-1,-1
511,7,1426.69,136.63,292.83,892.20,-1,-1,-1,-1
511,12,126.18,185.47,377.05,816.60,-1,-1,-1,-1
511,13,1170.77,189.38,218.61,591.15,-1,-1,-1,-1
512,0,865.66,165.03,353.29,898.65,-1,-1,-1,-1
512,3,783.47,171.32,215.35,626.22,-1,-1,-1,-1
512,7,1413.89,130.94,319.76,882.97,-1,-1,-1,-1
512,12,108.03,186.62,403.78,824.16,-1,-1,-1,-1
512,13,1155.21,195.58,220.09,586.98,-1,-1,-1,-1
513,0,922.29,172.73,326.37,890.23,-1,-1,-1,-1
513,3,759.09,198.76,201.24,602.14,-1,-1,-1,-1
513,7,1394.45,125.44,341.66,858.40,-1,-1,-1,-1
513,12,99.11,186.86,420.29,831.41,-1,-1,-1,-1
513,13,1143.78,195.68,185.20,587.90,-1,-1,-1,-1
514,0,958.18,178.76,330.73,878.59,-1,-1,-1,-1
514,3,723.80,225.45,220.89,571.82,-1,-1,-1,-1
514,7,1382.50,125.56,343.87,837.42,-1,-1,-1,-1
514,12,103.95,183.78,414.19,837.11,-1,-1,-1,-1
514,13,1130.16,209.65,162.55,514.06,-1,-1,-1,-1
515,0,994.36,191.29,320.06,869.76,-1,-1,-1,-1
515,3,707.63,228.51,225.66,584.45,-1,-1,-1,-1
515,7,1377.71,121.35,326.19,823.41,-1,-1,-1,-1
515,12,119.31,179.82,391.36,843.68,-1,-1,-1,-1
515,13,1115.98,221.70,152.46,482.17,-1,-1,-1,-1
516,0,1006.27,165.46,353.26,909.14,-1,-1,-1,-1
516,3,694.97,236.88,235.75,583.20,-1,-1,-1,-1
516,7,1367.22,113.15,308.37,826.69,-1,-1,-1,-1
516,12,145.46,182.84,351.45,836.45,-1,-1,-1,-1
516,13,1101.79,233.76,142.38,450.28,-1,-1,-1,-1
517,0,1022.48,158.24,416.51,922.89,-1,-1,-1,-1
517,3,676.89,242.25,240.62,582.37,-1,-1,-1,-1
517,7,1359.28,107.63,289.73,826.71,-1,-1,-1,-1
517,12,172.06,185.94,308.86,838.72,-1,-1,-1,-1
517,13,1087.61,245.82,132.29,418.39,-1,-1,-1,-1
518,0,1040.81,173.17,435.21,901.38,-1,-1,-1,-1
518,3,653.78,244.63,233.46,581.60,-1,-1,-1,-1
518,7,1342.53,100.09,273.46,837.81,-1,-1,-1,-1
518,12,186.28,190.20,291.39,845.62,-1,-1,-1,-1
518,13,1073.42,257.88,122.21,386.50,-1,-1,-1,-1
519,0,1059.79,167.51,439.97,905.30,-1,-1,-1,-1
519,3,633.42,237.30,217.44,596.86,-1,-1,-1,-1
519,7,1342.88,99.11,246.87,841.40,-1,-1,-1,-1
519,12,190.91,194.85,303.51,852.77,-1,-1,-1,-1
519,13,1029.81,204.73,139.98,538.30,-1,-1,-1,-1
520,0,1068.35,166.20,453.66,908.62,-1,-1,-1,-1
520,3,615.88,226.56,207.20,613.13,-1,-1,-1,-1
520,7,1355.42,107.35,213.42,824.69,-1,-1,-1,-1
520,12,193.98,198.65,317.13,858.11,-1,-1,-1,-1
520,13,1003.17,203.15,154.99,553.74,-1,-1,-1,-1
521,0,1094.69,155.06,449.49,925.11,-1,-1,-1,-1
521,3,597.64,221.63,202.43,626.10,-1,-1,-1,-1
521,7,1359.40,123.43,193.63,803.13,-1,-1,-1,-1
521,12,196.36,201.39,315.96,861.03,-1,-1,-1,-1
521,13,974.16,201.79,172.47,555.77,-1,-1,-1,-1
522,0,1127.17,143.16,429.16,934.50,-1,-1,-1,-1
522,3,566.60,217.97,215.38,639.95,-1,-1,-1,-1
522,7,1352.12,127.42,190.63,790.84,-1,-1,-1,-1
522,12,202.61,207.51,318.37,856.90,-1,-1,-1,-1
522,13,954.06,193.16,179.55,573.22,-1,-1,-1,-1
523,0,1159.17,135.15,405.57,935.68,-1,-1,-1,-1
523,3,537.37,219.94,231.76,651.35,-1,-1,-1,-1
523,7,1344.85,131.41,187.64,778.55,-1,-1,-1,-1
523,12,205.70,203.11,323.66,862.55,-1,-1,-1,-1
523,13,930.32,191.84,205.81,581.73,-1,-1,-1,-1
524,0,1185.32,121.44,394.41,950.70,-1,-1,-1,-1
524,3,520.62,214.44,232.53,662.85,-1,-1,-1,-1
524,7,1337.57,135.41,184.64,766.25,-1,-1,-1,-1
524,12,208.47,194.19,332.70,871.31,-1,-1,-1,-1
524,13,909.91,203.25,227.14,571.29,-1,-1,-1,-1
525,0,1204.81,122.00,390.87,945.38,-1,-1,-1,-1
525,3,504.33,219.25,255.90,646.39,-1,-1,-1,-1
525,7,1330.30,139.40,181.64,753.96,-1,-1,-1,-1
525,12,205.64,192.10,353.93,868.94,-1,-1,-1,-1
525,13,893.81,210.37,230.11,573.01,-1,-1,-1,-1
526,0,1237.23,112.30,361.04,957.88,-1,-1,-1,-1
526,3,497.77,226.09,272.81,629.00,-1,-1,-1,-1
526,12,206.84,188.91,364.32,868.02,-1,-1,-1,-1
526,13,887.42,210.58,225.21,578.83,-1,-1,-1,-1
527,0,1275.54,120.14,334.27,934.29,-1,-1,-1,-1
527,3,485.72,222.84,270.15,629.64,-1,-1,-1,-1
527,7,1239.19,158.31,195.65,682.56,-1,-1,-1,-1
527,12,224.25,178.65,369.38,891.84,-1,-1,-1,-1
527,13,861.79,203.38,211.30,595.15,-1,-1,-1,-1
528,0,1335.02,120.56,275.33,927.19,-1,-1,-1,-1
528,3,484.12,209.53,240.61,660.86,-1,-1,-1,-1
528,7,1206.51,150.26,206.40,678.90,-1,-1,-1,-1
528,12,245.06,181.56,388.88,895.70,-1,-1,-1,-1
528,13,840.10,200.10,202.70,599.95,-1,-1,-1,-1
529,0,1363.13,124.10,250.03,918.93,-1,-1,-1,-1
529,3,493.38,219.09,199.14,651.04,-1,-1,-1,-1
529,7,1193.78,143.82,211.09,689.48,-1,-1,-1,-1
529,12,261.37,184.93,396.41,894.10,-1,-1,-1,-1
529,13,823.35,198.91,197.63,598.34,-1,-1,-1,-1
530,0,1383.94,115.86,235.47,938.30,-1,-1,-1,-1
530,3,478.28,219.39,199.83,653.35,-1,-1,-1,-1
530,7,1174.98,149.35,220.98,678.47,-1,-1,-1,-1
530,12,286.57,185.78,387.44,895.15,-1,-1,-1,-1
530,13,805.46,199.21,201.96,594.32,-1,-1,-1,-1
531,0,1382.88,122.84,248.31,940.43,-1,-1,-1,-1
531,3,463.17,219.69,200.52,655.66,-1,-1,-1,-1
531,7,1138.64,143.85,248.21,684.47,-1,-1,-1,-1
531,12,317.40,170.95,370.27,913.22,-1,-1,-1,-1
531,13,784.98,202.05,212.93,582.24,-1,-1,-1,-1
532,0,1378.11,134.33,262.56,918.76,-1,-1,-1,-1
532,3,448.06,220.00,201.21,657.97,-1,-1,-1,-1
532,7,1104.96,141.72,275.20,692.52,-1,-1,-1,-1
532,12,346.38,159.76,383.84,922.50,-1,-1,-1,-1
532,13,755.14,210.38,231.89,579.66,-1,-1,-1,-1
533,0,1364.31,143.57,313.79,899.45,-1,-1,-1,-1
533,3,432.95,220.30,201.91,660.28,-1,-1,-1,-1
533,7,1079.85,156.96,299.49,675.65,-1,-1,-1,-1
533,12,364.29,150.31,407.09,927.92,-1,-1,-1,-1
533,13,744.70,222.63,217.56,572.84,-1,-1,-1,-1
534,0,1361.80,151.18,345.64,883.44,-1,-1,-1,-1
534,7,1059.55,161.50,312.19,671.03,-1,-1,-1,-1
534,12,355.06,141.10,437.58,932.13,-1,-1,-1,-1
534,13,738.47,226.57,192.25,571.83,-1,-1,-1,-1
535,0,1369.89,153.89,366.95,887.86,-1,-1,-1,-1
535,3,315.62,175.12,281.25,743.90,-1,-1,-1,-1
535,7,1042.63,162.66,318.45,664.17,-1,-1,-1,-1
535,12,356.58,142.74,444.68,899.96,-1,-1,-1,-1
535,13,716.51,215.56,191.39,591.56,-1,-1,-1,-1
536,0,1381.24,159.43,366.98,878.77,-1,-1,-1,-1
536,3,294.70,189.36,282.46,758.45,-1,-1,-1,-1
536,7,1032.69,161.35,321.16,659.90,-1,-1,-1,-1
536,12,352.14,124.95,491.72,934.90,-1,-1,-1,-1
536,13,710.00,224.81,171.03,577.61,-1,-1,-1,-1
537,0,1399.65,167.70,331.55,854.40,-1,-1,-1,-1
537,3,286.59,188.48,264.73,778.58,-1,-1,-1,-1
537,7,1045.91,164.18,282.66,644.29,-1,-1,-1,-1
537,12,394.49,135.54,474.44,927.86,-1,-1,-1,-1
537,13,691.53,227.87,170.40,575.49,-1,-1,-1,-1
538,0,1415.51,175.49,296.47,838.81,-1,-1,-1,-1
538,3,273.79,192.69,249.76,782.06,-1,-1,-1,-1
538,7,1056.47,170.55,238.00,623.79,-1,-1,-1,-1
538,12,443.18,130.23,444.49,933.86,-1,-1,-1,-1
538,13,673.06,230.94,169.76,573.37,-1,-1,-1,-1
539,0,1436.43,183.51,248.87,803.54,-1,-1,-1,-1
539,3,265.34,163.33,227.78,833.69,-1,-1,-1,-1
539,7,1049.69,166.48,210.16,623.56,-1,-1,-1,-1
539,12,491.75,127.54,428.96,941.85,-1,-1,-1,-1
539,13,654.59,234.01,169.13,571.25,-1,-1,-1,-1
540,0,1424.56,187.00,250.67,787.51,-1,-1,-1,-1
540,3,243.10,177.32,240.07,810.32,-1,-1,-1,-1
540,7,1024.41,161.74,210.23,624.70,-1,-1,-1,-1
540,12,534.01,115.06,419.22,962.19,-1,-1,-1,-1
540,13,636.12,237.07,168.50,569.13,-1,-1,-1,-1
541,0,1387.02,191.04,280.90,769.11,-1,-1,-1,-1
541,3,225.87,182.89,250.61,803.30,-1,-1,-1,-1
541,7,990.27,163.20,220.37,622.73,-1,-1,-1,-1
541,12,551.05,118.27,460.01,950.77,-1,-1,-1,-1
541,13,547.00,214.56,204.04,602.73,-1,-1,-1,-1
542,0,1368.93,182.79,288.76,768.89,-1,-1,-1,-1
542,3,215.82,184.52,253.40,803.62,-1,-1,-1,-1
542,7,969.50,162.52,229.44,631.06,-1,-1,-1,-1
542,12,613.02,111.60,438.95,963.99,-1,-1,-1,-1
542,13,510.14,204.11,229.53,610.46,-1,-1,-1,-1
543,0,1358.62,181.33,302.55,757.35,-1,-1,-1,-1
543,3,208.88,185.19,253.13,818.55,-1,-1,-1,-1
543,7,962.74,161.98,231.65,643.84,-1,-1,-1,-1
543,12,669.63,93.58,426.98,987.51,-1,-1,-1,-1
543,13,482.45,200.96,244.15,623.35,-1,-1,-1,-1
544,0,1355.91,185.27,314.29,740.10,-1,-1,-1,-1
544,3,193.44,187.76,265.54,825.88,-1,-1,-1,-1
544,7,976.17,184.20,209.74,613.19,-1,-1,-1,-1
544,12,706.76,88.42,446.05,990.94,-1,-1,-1,-1
544,13,456.05,196.31,258.95,641.37,-1,-1,-1,-1
545,0,1360.68,187.29,311.96,730.14,-1,-1,-1,-1
545,3,174.91,184.68,282.98,853.75,-1,-1,-1,-1
545,7,964.47,189.57,206.62,604.08,-1,-1,-1,-1
545,12,756.88,125.91,451.38,939.12,-1,-1,-1,-1
545,13,432.75,192.33,274.82,657.20,-1,-1,-1,-1
546,0,1362.26,186.12,310.48,723.64,-1,-1,-1,-1
546,3,145.92,186.66,308.83,860.62,-1,-1,-1,-1
546,7,952.76,194.95,203.50,594.96,-1,-1,-1,-1
546,12,794.90,119.61,446.41,945.26,-1,-1,-1,-1
546,13,430.60,183.32,258.65,683.07,-1,-1,-1,-1
547,0,1366.79,186.69,298.40,719.10,-1,-1,-1,-1
547,3,114.01,185.01,367.88,873.41,-1,-1,-1,-1
547,7,941.05,200.33,200.37,585.85,-1,-1,-1,-1
547,12,834.47,106.84,426.05,962.70,-1,-1,-1,-1
547,13,418.08,190.11,251.60,678.23,-1,-1,-1,-1
548,0,1377.51,178.87,278.09,727.50,-1,-1,-1,-1
548,3,85.51,181.14,447.75,881.78,-1,-1,-1,-1
548,7,929.34,205.71,197.25,576.73,-1,-1,-1,-1
548,12,875.43,107.93,403.53,966.98,-1,-1,-1,-1
548,13,399.44,194.34,248.82,663.98,-1,-1,-1,-1
549,0,1386.92,185.71,260.33,712.09,-1,-1,-1,-1
549,3,74.28,167.64,487.07,911.14,-1,-1,-1,-1
549,7,878.51,205.90,191.50,554.98,-1,-1,-1,-1
549,12,905.09,95.63,392.68,979.73,-1,-1,-1,-1
549,13,385.57,190.90,241.02,677.88,-1,-1,-1,-1
550,0,1381.62,191.88,262.17,700.44,-1,-1,-1,-1
550,3,72.87,161.76,505.90,920.02,-1,-1,-1,-1
550,7,865.40,209.95,180.09,540.61,-1,-1,-1,-1
550,12,927.44,76.52,398.42,1004.80,-1,-1,-1,-1
550,13,366.49,170.48,239.64,709.26,-1,-1,-1,-1
551,0,1378.30,199.35,247.53,681.16,-1,-1,-1,-1
551,3,82.31,158.18,495.11,927.20,-1,-1,-1,-1
551,7,842.43,206.12,187.00,549.48,-1,-1,-1,-1
551,12,945.44,81.57,433.76,987.43,-1,-1,-1,-1
551,13,357.93,183.29,224.38,709.37,-1,-1,-1,-1
552,0,1371.99,202.26,230.53,666.44,-1,-1,-1,-1
552,3,103.10,155.28,449.92,923.55,-1,-1,-1,-1
552,7,810.25,190.38,214.71,577.76,-1,-1,-1,-1
552,12,977.62,81.41,457.06,972.89,-1,-1,-1,-1
552,13,348.68,193.92,213.86,696.29,-1,-1,-1,-1
553,0,1364.65,198.71,223.08,664.41,-1,-1,-1,-1
553,3,114.71,158.06,413.91,922.66,-1,-1,-1,-1
553,7,783.87,182.56,235.07,594.92,-1,-1,-1,-1
553,12,997.25,76.79,473.64,981.27,-1,-1,-1,-1
553,13,335.74,194.58,216.30,703.41,-1,-1,-1,-1
554,0,1365.32,215.33,208.41,637.48,-1,-1,-1,-1
554,3,127.59,159.24,373.79,913.78,-1,-1,-1,-1
554,7,752.51,182.64,259.49,599.04,-1,-1,-1,-1
554,12,1006.11,87.91,500.72,968.22,-1,-1,-1,-1
554,13,338.51,190.03,204.08,716.04,-1,-1,-1,-1
555,0,1382.64,232.16,175.28,564.55,-1,-1,-1,-1
555,3,136.16,160.80,376.19,900.98,-1,-1,-1,-1
555,7,710.77,187.52,300.29,599.71,-1,-1,-1,-1
555,12,1027.57,86.72,520.46,974.32,-1,-1,-1,-1
555,13,321.90,189.25,206.10,723.15,-1,-1,-1,-1
556,0,1384.48,247.56,162.62,523.86,-1,-1,-1,-1
556,3,151.40,150.51,373.52,904.88,-1,-1,-1,-1
556,7,695.64,191.39,308.98,603.68,-1,-1,-1,-1
556,12,1069.47,96.86,506.33,965.82,-1,-1,-1,-1
556,13,305.30,188.47,208.11,730.26,-1,-1,-1,-1
557,0,1386.31,262.97,149.97,483.16,-1,-1,-1,-1
557,3,168.01,139.95,366.12,919.48,-1,-1,-1,-1
557,7,665.74,190.16,342.94,618.08,-1,-1,-1,-1
557,12,1124.05,100.47,465.67,959.50,-1,-1,-1,-1
557,13,288.69,187.69,210.13,737.36,-1,-1,-1,-1
558,0,1388.14,278.37,137.32,442.47,-1,-1,-1,-1
558,3,170.09,132.22,370.24,934.18,-1,-1,-1,-1
558,7,649.46,195.57,359.73,619.14,-1,-1,-1,-1
558,12,1174.97,89.25,437.95,983.30,-1,-1,-1,-1
558,13,272.09,186.91,212.14,744.47,-1,-1,-1,-1
559,0,1389.97,293.78,124.67,401.78,-1,-1,-1,-1
559,3,156.16,130.89,405.26,926.88,-1,-1,-1,-1
559,7,649.46,190.11,334.92,634.15,-1,-1,-1,-1
559,12,1224.39,81.38,404.56,995.83,-1,-1,-1,-1
560,3,123.48,135.50,461.82,921.97,-1,-1,-1,-1
560,7,650.82,187.16,301.85,639.25,-1,-1,-1,-1
560,12,1259.87,99.77,396.06,966.43,-1,-1,-1,-1
561,0,1270.49,255.37,208.12,566.00,-1,-1,-1,-1
561,3,213.05,140.23,382.82,922.19,-1,-1,-1,-1
561,7,658.73,185.70,243.98,643.26,-1,-1,-1,-1
561,12,1282.98,98.78,398.81,967.97,-1,-1,-1,-1
561,13,75.39,156.87,324.94,848.23,-1,-1,-1,-1
562,0,1267.96,244.18,194.60,590.52,-1,-1,-1,-1
562,3,266.64,119.06,365.93,951.73,-1,-1,-1,-1
562,7,659.69,179.04,206.67,656.69,-1,-1,-1,-1
562,12,1324.64,89.67,376.79,985.85,-1,-1,-1,-1
562,13,69.68,145.18,316.56,877.60,-1,-1,-1,-1
563,0,1269.11,252.34,182.62,577.14,-1,-1,-1,-1
563,3,285.58,109.57,398.93,968.84,-1,-1,-1,-1
563,7,636.96,179.14,201.46,657.92,-1,-1,-1,-1
563,12,1359.01,88.84,361.74,980.54,-1,-1,-1,-1
563,13,66.81,140.76,316.56,896.81,-1,-1,-1,-1
564,0,1263.81,260.98,176.90,558.53,-1,-1,-1,-1
564,3,307.03,108.29,451.38,966.71,-1,-1,-1,-1
564,7,642.14,178.68,173.01,653.31,-1,-1,-1,-1
564,12,1400.95,94.77,340.10,979.61,-1,-1,-1,-1
564,13,55.80,142.70,321.96,892.70,-1,-1,-1,-1
565,0,1251.94,253.26,187.88,557.98,-1,-1,-1,-1
565,3,338.67,112.79,470.45,959.74,-1,-1,-1,-1
565,7,645.43,191.59,148.20,611.42,-1,-1,-1,-1
565,12,1444.93,107.82,307.90,962.14,-1,-1,-1,-1
565,13,58.92,144.66,318.91,898.96,-1,-1,-1,-1
566,0,1235.65,264.72,188.22,543.71,-1,-1,-1,-1
566,3,384.47,132.04,441.28,934.99,-1,-1,-1,-1
566,7,632.20,199.56,144.13,594.75,-1,-1,-1,-1
566,12,1469.55,113.07,297.60,953.30,-1,-1,-1,-1
566,13,46.32,143.39,349.19,906.65,-1,-1,-1,-1
567,0,1211.67,258.97,206.76,551.58,-1,-1,-1,-1
567,3,425.16,116.45,424.88,951.02,-1,-1,-1,-1
567,7,618.96,207.52,140.06,578.07,-1,-1,-1,-1
567,12,1488.08,115.43,290.67,948.29,-1,-1,-1,-1
567,13,40.45,133.12,369.66,930.10,-1,-1,-1,-1
568,0,1177.71,260.61,235.87,543.67,-1,-1,-1,-1
568,3,474.12,103.00,391.22,959.57,-1,-1,-1,-1
568,7,605.71,215.49,135.99,561.40,-1,-1,-1,-1
568,12,1505.84,106.90,282.01,942.00,-1,-1,-1,-1
568,13,22.11,115.60,432.09,958.43,-1,-1,-1,-1
569,0,1143.02,272.34,257.66,530.09,-1,-1,-1,-1
569,3,471.27,89.71,417.54,977.46,-1,-1,-1,-1
569,7,592.47,223.45,131.93,544.73,-1,-1,-1,-1
569,12,1518.76,118.05,278.51,908.00,-1,-1,-1,-1
569,13,26.19,104.75,410.77,973.06,-1,-1,-1,-1
570,0,1123.49,277.53,270.52,524.92,-1,-1,-1,-1
570,3,488.87,86.66,419.36,985.73,-1,-1,-1,-1
570,7,479.27,152.79,235.92,723.30,-1,-1,-1,-1
570,12,1525.73,117.14,281.53,914.47,-1,-1,-1,-1
570,13,10.02,120.08,457.87,948.39,-1,-1,-1,-1
571,0,1118.67,271.08,264.52,533.74,-1,-1,-1,-1
571,3,587.05,68.10,358.59,1003.57,-1,-1,-1,-1
571,7,468.00,158.65,244.53,716.18,-1,-1,-1,-1
571,12,1533.92,116.59,274.92,914.78,-1,-1,-1,-1
571,13,13.15,116.40,457.65,947.35,-1,-1,-1,-1
572,0,1120.99,264.66,234.98,540.95,-1,-1,-1,-1
572,3,653.35,46.65,359.38,1033.12,-1,-1,-1,-1
572,7,432.81,167.41,268.60,710.42,-1,-1,-1,-1
572,12,1538.61,122.69,276.19,896.40,-1,-1,-1,-1
572,13,12.23,103.27,456.01,968.72,-1,-1,-1,-1
573,0,1114.07,255.58,218.71,546.13,-1,-1,-1,-1
573,3,699.45,26.29,366.76,1057.67,-1,-1,-1,-1
573,7,390.74,176.00,294.65,698.87,-1,-1,-1,-1
573,12,1540.87,122.42,278.74,906.41,-1,-1,-1,-1
573,13,7.72,95.20,450.35,971.48,-1,-1,-1,-1
574,0,1103.59,251.11,202.55,548.50,-1,-1,-1,-1
574,3,734.59,35.69,368.21,1037.86,-1,-1,-1,-1
574,7,381.56,180.58,296.25,696.83,-1,-1,-1,-1
574,12,1540.96,136.25,291.79,883.74,-1,-1,-1,-1
574,13,10.23,87.05,447.10,979.18,-1,-1,-1,-1
575,0,1101.56,240.42,175.05,560.71,-1,-1,-1,-1
575,3,759.20,43.43,399.42,1026.13,-1,-1,-1,-1
575,7,369.79,179.16,319.26,710.83,-1,-1,-1,-1
575,12,1544.31,143.46,301.22,861.95,-1,-1,-1,-1
575,13,6.99,84.43,443.55,980.22,-1,-1,-1,-1
576,0,1086.09,235.10,177.20,567.70,-1,-1,-1,-1
576,3,783.00,44.17,432.39,1028.09,-1,-1,-1,-1
576,7,378.31,177.85,312.62,721.11,-1,-1,-1,-1
576,12,1544.80,150.39,303.70,845.31,-1,-1,-1,-1
576,13,25.47,84.37,432.69,974.78,-1,-1,-1,-1
577,0,1070.61,229.78,179.36,574.69,-1,-1,-1,-1
577,3,816.73,55.58,438.07,1012.58,-1,-1,-1,-1
577,7,390.68,173.14,291.53,747.83,-1,-1,-1,-1
577,12,1544.38,152.59,301.32,812.50,-1,-1,-1,-1
577,13,31.63,81.27,444.48,978.25,-1,-1,-1,-1
578,0,1055.14,224.46,181.51,581.69,-1,-1,-1,-1
578,3,850.16,60.58,442.25,1009.49,-1,-1,-1,-1
578,7,406.99,184.56,262.60,762.31,-1,-1,-1,-1
578,12,1540.25,152.68,298.87,775.90,-1,-1,-1,-1
578,13,79.79,68.32,404.40,992.49,-1,-1,-1,-1
579,0,1039.67,219.14,183.67,588.68,-1,-1,-1,-1
579,3,899.47,51.29,438.16,1016.69,-1,-1,-1,-1
579,7,420.61,186.45,234.62,776.69,-1,-1,-1,-1
579,12,1532.60,150.08,295.75,754.47,-1,-1,-1,-1
579,13,80.88,54.23,439.54,1007.26,-1,-1,-1,-1
580,3,941.28,26.16,465.30,1047.12,-1,-1,-1,-1
580,7,429.78,179.27,214.36,796.63,-1,-1,-1,-1
580,12,1518.02,154.82,290.66,737.05,-1,-1,-1,-1
580,13,106.28,43.21,428.35,1025.51,-1,-1,-1,-1
581,3,979.73,17.05,471.04,1059.95,-1,-1,-1,-1
581,7,439.16,168.66,218.48,817.49,-1,-1,-1,-1
581,12,1507.72,152.76,275.30,732.68,-1,-1,-1,-1
581,13,140.78,50.12,435.57,1006.58,-1,-1,-1,-1
582,3,1018.53,28.06,472.47,1033.44,-1,-1,-1,-1
582,7,313.91,100.74,377.30,934.42,-1,-1,-1,-1
582,12,1495.35,156.79,260.87,733.68,-1,-1,-1,-1
582,13,153.36,47.48,435.63,1006.63,-1,-1,-1,-1
583,0,945.77,242.20,190.53,545.75,-1,-1,-1,-1
583,3,1063.86,41.02,468.37,1015.63,-1,-1,-1,-1
583,7,245.18,63.43,456.20,1003.56,-1,-1,-1,-1
583,12,1481.38,161.16,257.13,731.26,-1,-1,-1,-1
583,13,165.95,44.84,435.68,1006.69,-1,-1,-1,-1
584,0,922.43,236.25,199.34,555.44,-1,-1,-1,-1
584,3,1111.93,53.49,467.31,1013.00,-1,-1,-1,-1
584,7,213.81,44.37,484.38,1032.13,-1,-1,-1,-1
584,12,1472.74,161.33,241.89,733.23,-1,-1,-1,-1
584,13,178.54,42.19,435.73,1006.74,-1,-1,-1,-1
585,0,898.47,245.25,197.53,549.93,-1,-1,-1,-1
585,3,1183.39,52.70,453.42,1015.07,-1,-1,-1,-1
585,7,188.99,21.18,507.63,1081.56,-1,-1,-1,-1
585,12,1472.36,160.50,223.49,724.22,-1,-1,-1,-1
585,13,223.35,28.99,487.24,1032.63,-1,-1,-1,-1
586,0,870.26,244.62,214.55,558.39,-1,-1,-1,-1
586,3,1246.06,54.36,430.15,1011.01,-1,-1,-1,-1
586,7,164.17,-2.02,530.87,1130.99,-1,-1,-1,-1
586,12,1464.51,160.31,221.88,719.07,-1,-1,-1,-1
586,13,270.42,22.30,504.24,1044.58,-1,-1,-1,-1
587,0,837.37,250.77,241.43,545.08,-1,-1,-1,-1
587,3,1281.26,54.34,435.79,1010.02,-1,-1,-1,-1
587,7,139.34,-25.21,554.12,1180.42,-1,-1,-1,-1
587,12,1456.67,160.12,220.27,713.91,-1,-1,-1,-1
587,13,303.26,14.25,508.85,1058.07,-1,-1,-1,-1
588,0,808.73,250.16,260.46,556.89,-1,-1,-1,-1
588,3,1299.84,54.21,466.84,1003.17,-1,-1,-1,-1
588,7,114.51,-48.40,577.38,1229.85,-1,-1,-1,-1
588,12,1448.82,159.93,218.65,708.75,-1,-1,-1,-1
588,13,315.13,68.54,531.38,993.84,-1,-1,-1,-1
589,0,796.74,248.12,252.25,569.59,-1,-1,-1,-1
589,3,1344.24,55.74,464.96,999.04,-1,-1,-1,-1
589,7,278.86,130.76,328.22,802.50,-1,-1,-1,-1
589,12,1440.98,159.74,217.04,703.60,-1,-1,-1,-1
589,13,346.11,80.54,520.02,972.49,-1,-1,-1,-1
590,0,801.86,245.97,222.73,572.14,-1,-1,-1,-1
590,3,1388.65,57.27,463.08,994.90,-1,-1,-1,-1
590,7,282.12,155.92,305.94,747.99,-1,-1,-1,-1
590,13,377.09,92.54,508.66,951.14,-1,-1,-1,-1
591,0,783.71,244.69,224.71,577.21,-1,-1,-1,-1
591,3,1433.06,58.80,461.20,990.77,-1,-1,-1,-1
591,7,327.70,111.22,325.77,935.97,-1,-1,-1,-1
591,13,525.90,38.29,437.21,1029.26,-1,-1,-1,-1
592,0,765.56,243.41,226.68,582.28,-1,-1,-1,-1
592,3,1368.52,73.95,494.52,990.92,-1,-1,-1,-1
592,7,347.26,108.80,322.32,955.82,-1,-1,-1,-1
592,13,619.18,51.57,385.78,1018.74,-1,-1,-1,-1
593,0,747.42,242.13,228.65,587.34,-1,-1,-1,-1
593,3,1418.60,81.21,441.75,980.38,-1,-1,-1,-1
593,7,361.68,108.23,299.92,955.03,-1,-1,-1,-1
593,12,1276.66,196.55,241.09,619.97,-1,-1,-1,-1
593,13,690.62,30.81,371.66,1048.40,-1,-1,-1,-1
594,0,729.27,240.84,230.62,592.41,-1,-1,-1,-1
594,3,1444.05,88.99,423.11,970.62,-1,-1,-1,-1
594,7,365.35,92.80,290.80,982.45,-1,-1,-1,-1
594,12,1262.41,194.10,264.88,632.11,-1,-1,-1,-1
594,13,730.23,23.10,398.72,1059.29,-1,-1,-1,-1
595,3,1460.53,91.50,419.34,971.41,-1,-1,-1,-1
595,7,363.75,82.92,285.58,995.84,-1,-1,-1,-1
595,12,1251.38,195.14,258.91,628.25,-1,-1,-1,-1
595,13,742.04,128.87,442.77,933.34,-1,-1,-1,-1
596,0,686.48,223.96,230.73,615.90,-1,-1,-1,-1
596,3,1470.33,95.92,427.85,967.41,-1,-1,-1,-1
596,7,347.31,73.64,296.19,1009.72,-1,-1,-1,-1
596,12,1250.50,202.12,227.17,603.51,-1,-1,-1,-1
596,13,839.58,140.29,386.11,921.60,-1,-1,-1,-1
597,0,653.87,229.06,250.31,613.20,-1,-1,-1,-1
597,3,1470.57,101.76,449.53,967.13,-1,-1,-1,-1
597,7,330.21,67.17,312.35,1018.34,-1,-1,-1,-1
597,12,1248.64,224.76,185.57,561.89,-1,-1,-1,-1
597,13,906.28,74.65,428.07,1006.97,-1,-1,-1,-1
598,0,627.97,233.77,267.37,610.60,-1,-1,-1,-1
598,3,1478.32,98.01,453.84,975.38,-1,-1,-1,-1
598,7,304.89,60.66,333.63,1023.03,-1,-1,-1,-1
598,12,1224.48,241.05,185.23,549.87,-1,-1,-1,-1
598,13,950.87,67.74,448.95,1004.54,-1,-1,-1,-1
599,0,618.18,237.87,270.94,613.59,-1,-1,-1,-1
599,3,1488.97,92.49,444.34,984.42,-1,-1,-1,-1
599,7,271.22,63.06,367.96,1018.66,-1,-1,-1,-1
599,12,1236.68,317.51,173.04,459.55,-1,-1,-1,-1
599,13,995.62,26.31,441.33,1058.31,-1,-1,-1,-1
600,0,625.15,234.57,258.08,632.28,-1,-1,-1,-1
600,3,1492.88,91.49,442.02,987.25,-1,-1,-1,-1
600,7,228.54,67.91,411.93,1001.85,-1,-1,-1,-1
600,12,1231.36,348.63,154.04,409.11,-1,-1,-1,-1
600,13,1025.68,12.30,477.55,1069.25,-1,-1,-1,-1
601,0,622.96,225.22,255.02,658.33,-1,-1,-1,-1
601,3,1508.24,90.97,443.89,991.35,-1,-1,-1,-1
601,7,244.80,71.07,403.93,997.75,-1,-1,-1,-1
601,12,1226.04,379.74,135.05,358.67,-1,-1,-1,-1
601,13,1049.45,5.98,484.11,1062.15,-1,-1,-1,-1
602,0,612.61,226.66,261.10,653.81,-1,-1,-1,-1
602,3,1461.86,107.46,476.26,966.60,-1,-1,-1,-1
602,7,253.68,60.65,412.91,1015.58,-1,-1,-1,-1
602,12,1220.72,410.85,116.05,308.24,-1,-1,-1,-1
602,13,1083.93,-1.86,454.07,1073.41,-1,-1,-1,-1
603,0,598.14,225.76,270.15,669.68,-1,-1,-1,-1
603,3,1456.98,113.27,469.63,958.98,-1,-1,-1,-1
603,7,248.40,73.89,423.86,999.02,-1,-1,-1,-1
603,12,1215.39,441.97,97.06,257.80,-1,-1,-1,-1
603,13,1117.12,3.78,446.83,1051.49,-1,-1,-1,-1
604,0,585.52,229.02,255.94,662.60,-1,-1,-1,-1
604,3,1469.87,122.91,437.25,938.83,-1,-1,-1,-1
604,7,246.66,59.02,427.88,1016.53,-1,-1,-1,-1
604,13,1139.48,16.53,451.51,1047.93,-1,-1,-1,-1
605,0,556.70,220.55,257.54,686.46,-1,-1,-1,-1
605,3,1501.00,122.46,380.80,940.15,-1,-1,-1,-1
605,7,240.68,48.84,458.24,1024.86,-1,-1,-1,-1
605,12,1106.97,234.48,180.48,566.11,-1,-1,-1,-1
605,13,1199.55,29.64,428.02,1030.98,-1,-1,-1,-1
606,0,532.76,228.31,238.59,679.89,-1,-1,-1,-1
606,3,1545.04,149.61,324.04,882.42,-1,-1,-1,-1
606,7,240.07,31.01,491.08,1047.54,-1,-1,-1,-1
606,12,1086.47,229.94,174.89,575.01,-1,-1,-1,-1
606,13,1257.95,26.19,425.70,1041.58,-1,-1,-1,-1
607,0,504.06,236.60,262.74,666.05,-1,-1,-1,-1
607,3,1582.19,143.85,294.18,869.43,-1,-1,-1,-1
607,7,239.37,22.35,497.32,1060.74,-1,-1,-1,-1
607,12,1060.72,229.12,178.74,579.56,-1,-1,-1,-1
607,13,1305.16,15.69,449.41,1060.21,-1,-1,-1,-1
608,0,506.40,269.07,223.20,561.02,-1,-1,-1,-1
608,3,1616.51,163.21,262.45,767.73,-1,-1,-1,-1
608,7,238.66,13.69,503.55,1073.94,-1,-1,-1,-1
608,12,1027.34,235.17,202.27,567.89,-1,-1,-1,-1
608,13,1340.18,35.61,463.99,1034.18,-1,-1,-1,-1
609,0,517.18,302.77,217.64,563.37,-1,-1,-1,-1
609,3,1636.87,185.34,243.22,711.50,-1,-1,-1,-1
609,7,386.98,148.60,397.73,776.09,-1,-1,-1,-1
609,12,990.90,241.42,228.74,555.13,-1,-1,-1,-1
609,13,1366.56,62.45,476.25,993.46,-1,-1,-1,-1
610,0,508.53,320.17,208.02,538.46,-1,-1,-1,-1
610,3,1657.23,207.47,223.99,655.26,-1,-1,-1,-1
610,7,420.96,183.51,358.31,699.09,-1,-1,-1,-1
610,12,963.40,246.91,247.53,547.59,-1,-1,-1,-1
610,13,1403.07,55.35,467.63,1014.04,-1,-1,-1,-1
611,0,499.87,337.57,198.39,513.55,-1,-1,-1,-1
611,3,1677.58,229.60,204.76,599.03,-1,-1,-1,-1
611,7,454.95,218.42,318.88,622.09,-1,-1,-1,-1
611,12,954.16,246.72,240.13,549.19,-1,-1,-1,-1
611,13,1429.89,49.78,458.06,1021.03,-1,-1,-1,-1
612,0,491.22,354.96,188.76,488.64,-1,-1,-1,-1
612,3,1697.94,251.72,185.53,542.80,-1,-1,-1,-1
612,7,488.94,253.33,279.45,545.10,-1,-1,-1,-1
612,12,938.75,253.31,237.80,546.03,-1,-1,-1,-1
612,13,1462.93,60.54,450.12,1003.39,-1,-1,-1,-1
613,0,482.57,372.36,179.14,463.73,-1,-1,-1,-1
613,7,522.94,288.24,240.01,468.10,-1,-1,-1,-1
613,12,932.31,243.78,217.54,556.53,-1,-1,-1,-1
613,13,1482.96,56.32,449.42,1011.19,-1,-1,-1,-1
614,7,390.24,1.35,474.79,1073.47,-1,-1,-1,-1
614,12,917.44,247.16,191.73,552.88,-1,-1,-1,-1
614,13,1516.26,58.86,422.07,1003.41,-1,-1,-1,-1
615,0,358.15,180.84,223.93,785.81,-1,-1,-1,-1
615,3,1491.28,158.47,172.26,683.94,-1,-1,-1,-1
615,7,397.84,-13.90,495.36,1099.53,-1,-1,-1,-1
615,12,893.17,245.15,182.88,566.97,-1,-1,-1,-1
615,13,1543.81,54.78,396.42,1010.24,-1,-1,-1,-1
616,0,333.56,181.68,236.15,798.32,-1,-1,-1,-1
616,3,1474.35,151.86,178.49,702.36,-1,-1,-1,-1
616,7,429.13,-10.60,466.92,1088.81,-1,-1,-1,-1
616,12,866.77,243.49,184.76,564.11,-1,-1,-1,-1
616,13,1557.66,62.42,383.87,1004.72,-1,-1,-1,-1
617,0,322.46,205.88,258.49,783.03,-1,-1,-1,-1
617,3,1460.53,148.44,196.29,725.43,-1,-1,-1,-1
617,7,436.43,-22.93,476.32,1110.67,-1,-1,-1,-1
617,12,843.28,231.70,197.72,582.19,-1,-1,-1,-1
617,13,1558.16,70.35,382.77,989.25,-1,-1,-1,-1
618,0,325.54,215.17,257.64,794.55,-1,-1,-1,-1
618,3,1441.88,158.07,213.06,724.92,-1,-1,-1,-1
618,7,500.98,-6.59,479.69,1076.45,-1,-1,-1,-1
618,12,820.67,226.88,200.72,591.07,-1,-1,-1,-1
618,13,1571.37,94.22,367.10,967.25,-1,-1,-1,-1
619,0,326.90,219.86,277.24,798.34,-1,-1,-1,-1
619,3,1424.93,163.63,230.00,712.68,-1,-1,-1,-1
619,7,582.44,-0.89,431.06,1069.10,-1,-1,-1,-1
619,12,798.05,222.06,203.72,599.96,-1,-1,-1,-1
619,13,1579.25,94.77,354.60,968.77,-1,-1,-1,-1
620,0,322.99,214.63,296.70,815.14,-1,-1,-1,-1
620,3,1406.70,177.23,242.76,688.15,-1,-1,-1,-1
620,7,665.58,2.73,377.51,1044.56,-1,-1,-1,-1
620,12,775.44,217.24,206.72,608.84,-1,-1,-1,-1
620,13,1583.66,102.03,345.37,957.96,-1,-1,-1,-1
621,0,318.32,210.96,301.23,829.86,-1,-1,-1,-1
621,3,1391.72,186.23,250.13,670.94,-1,-1,-1,-1
621,7,725.62,-1.11,347.58,1063.76,-1,-1,-1,-1
621,12,752.82,212.42,209.73,617.72,-1,-1,-1,-1
621,13,1585.49,103.06,339.03,955.75,-1,-1,-1,-1
622,0,300.88,207.31,319.71,832.46,-1,-1,-1,-1
622,3,1381.88,191.21,253.04,664.95,-1,-1,-1,-1
622,7,761.39,7.89,367.18,1060.15,-1,-1,-1,-1
622,12,745.01,221.07,136.72,611.03,-1,-1,-1,-1
622,13,1570.86,101.28,348.75,962.55,-1,-1,-1,-1
623,0,286.33,200.14,325.82,857.17,-1,-1,-1,-1
623,3,1378.06,193.56,251.28,656.03,-1,-1,-1,-1
623,7,804.07,4.09,401.27,1070.87,-1,-1,-1,-1
623,12,706.74,211.46,179.93,623.15,-1,-1,-1,-1
623,13,1572.51,90.48,347.70,976.00,-1,-1,-1,-1
624,0,224.84,199.33,381.48,859.85,-1,-1,-1,-1
624,3,1378.93,189.74,229.53,647.45,-1,-1,-1,-1
624,7,881.78,6.00,405.74,1052.45,-1,-1,-1,-1
624,12,652.31,220.03,235.03,610.68,-1,-1,-1,-1
624,13,1574.88,96.20,340.05,964.25,-1,-1,-1,-1
625,0,177.70,190.62,418.73,879.14,-1,-1,-1,-1
625,3,1375.56,186.65,208.74,638.96,-1,-1,-1,-1
625,7,939.09,19.94,417.84,1040.71,-1,-1,-1,-1
625,12,608.73,231.48,272.94,596.83,-1,-1,-1,-1
625,13,1565.74,110.93,345.36,932.69,-1,-1,-1,-1
626,0,136.97,186.96,455.60,890.15,-1,-1,-1,-1
626,3,1365.90,201.56,196.45,599.35,-1,-1,-1,-1
626,7,986.00,24.55,414.64,1032.71,-1,-1,-1,-1
626,12,589.06,240.12,294.52,592.94,-1,-1,-1,-1
626,13,1560.83,120.26,344.02,908.51,-1,-1,-1,-1
627,0,116.89,181.16,472.60,899.26,-1,-1,-1,-1
627,3,1359.21,227.73,171.21,563.27,-1,-1,-1,-1
627,7,1051.74,9.76,440.47,1042.63,-1,-1,-1,-1
627,12,571.08,241.00,292.80,594.82,-1,-1,-1,-1
627,13,1541.49,145.02,349.65,830.73,-1,-1,-1,-1
628,0,140.28,174.17,438.13,910.07,-1,-1,-1,-1
628,3,1350.36,240.45,162.67,535.22,-1,-1,-1,-1
628,7,1103.24,2.50,448.75,1058.72,-1,-1,-1,-1
628,12,549.29,234.96,272.83,604.65,-1,-1,-1,-1
628,13,1532.49,143.82,325.10,802.75,-1,-1,-1,-1
629,0,153.39,164.04,425.00,922.10,-1,-1,-1,-1
629,3,1341.50,253.16,154.13,507.17,-1,-1,-1,-1
629,7,1136.45,4.41,462.38,1056.49,-1,-1,-1,-1
629,12,529.67,234.89,256.54,609.05,-1,-1,-1,-1
629,13,1538.54,141.38,293.03,786.04,-1,-1,-1,-1
630,0,154.94,162.05,429.43,923.12,-1,-1,-1,-1
630,3,1332.64,265.88,145.60,479.13,-1,-1,-1,-1
630,7,1162.19,0.53,472.60,1065.51,-1,-1,-1,-1
630,12,512.74,231.13,249.18,619.78,-1,-1,-1,-1
630,13,1552.23,145.99,258.95,768.58,-1,-1,-1,-1
631,0,174.05,157.70,415.29,915.43,-1,-1,-1,-1
631,3,1323.79,278.59,137.06,451.08,-1,-1,-1,-1
631,7,1187.19,6.72,462.48,1058.17,-1,-1,-1,-1
631,12,503.97,227.22,240.73,635.49,-1,-1,-1,-1
631,13,1552.47,146.65,243.78,771.23,-1,-1,-1,-1
632,0,187.63,149.56,422.35,918.03,-1,-1,-1,-1
632,7,1207.62,5.19,451.45,1062.68,-1,-1,-1,-1
632,12,497.07,228.10,231.60,639.97,-1,-1,-1,-1
632,13,1550.98,151.21,226.09,753.10,-1,-1,-1,-1
633,0,199.74,139.30,432.15,926.18,-1,-1,-1,-1
633,7,1223.66,2.10,463.56,1066.06,-1,-1,-1,-1
633,12,491.10,231.75,223.96,624.05,-1,-1,-1,-1
633,13,1547.42,154.55,221.66,738.39,-1,-1,-1,-1
634,0,211.25,133.20,438.37,937.34,-1,-1,-1,-1
634,7,1243.06,13.17,471.10,1057.46,-1,-1,-1,-1
634,12,472.81,233.81,223.24,622.07,-1,-1,-1,-1
634,13,1543.86,157.90,217.23,723.68,-1,-1,-1,-1
635,0,221.16,132.01,447.17,938.60,-1,-1,-1,-1
635,3,1120.39,210.83,187.39,546.11,-1,-1,-1,-1
635,7,1262.67,18.46,477.06,1048.10,-1,-1,-1,-1
635,12,487.56,260.88,200.89,469.79,-1,-1,-1,-1
635,13,1540.30,161.24,212.80,708.97,-1,-1,-1,-1