30,1,3.94,260.46,235.46,561.29,-1,-1,-1,-1
31,1,2.34,250.06,234.81,576.41,-1,-1,-1,-1
32,1,3.43,249.47,238.77,586.48,-1,-1,-1,-1
33,1,8.95,244.36,232.18,595.09,-1,-1,-1,-1
34,1,11.05,244.50,229.96,595.89,-1,-1,-1,-1
35,1,9.92,254.74,243.30,581.78,-1,-1,-1,-1
36,1,3.94,256.85,288.91,578.33,-1,-1,-1,-1
37,1,12.01,259.92,314.71,569.97,-1,-1,-1,-1
38,1,21.59,263.22,323.47,562.93,-1,-1,-1,-1
39,1,31.47,258.50,325.20,572.07,-1,-1,-1,-1
40,1,43.74,246.82,315.75,590.31,-1,-1,-1,-1
41,1,58.54,244.19,311.53,595.64,-1,-1,-1,-1
42,1,73.28,240.21,307.83,602.77,-1,-1,-1,-1
43,1,85.82,239.54,307.56,605.30,-1,-1,-1,-1
44,1,105.16,238.66,299.80,605.94,-1,-1,-1,-1
45,1,118.62,239.75,317.68,604.42,-1,-1,-1,-1
46,1,140.04,243.09,320.16,600.40,-1,-1,-1,-1
47,1,164.14,244.21,308.88,600.28,-1,-1,-1,-1
48,1,198.46,247.84,281.36,600.91,-1,-1,-1,-1
49,1,231.16,242.03,256.70,607.71,-1,-1,-1,-1
50,1,256.54,242.28,243.18,604.93,-1,-1,-1,-1
51,1,276.58,244.04,233.16,600.93,-1,-1,-1,-1
52,1,302.80,238.73,233.58,606.85,-1,-1,-1,-1
53,1,321.68,241.40,249.07,605.12,-1,-1,-1,-1
54,1,343.01,250.95,268.13,590.36,-1,-1,-1,-1
55,1,362.92,250.49,269.95,591.11,-1,-1,-1,-1
56,1,383.56,248.33,263.07,588.44,-1,-1,-1,-1
57,1,389.77,247.56,271.37,591.13,-1,-1,-1,-1
58,1,411.92,244.60,264.41,592.10,-1,-1,-1,-1
59,1,442.26,248.33,248.98,585.80,-1,-1,-1,-1
60,1,460.50,238.92,241.64,595.90,-1,-1,-1,-1
61,1,483.37,230.77,223.63,599.39,-1,-1,-1,-1
62,1,503.52,228.52,210.68,605.13,-1,-1,-1,-1
63,1,523.44,224.32,196.51,615.30,-1,-1,-1,-1
64,1,539.21,233.37,221.76,597.79,-1,-1,-1,-1
65,1,552.18,239.22,251.31,581.67,-1,-1,-1,-1
66,1,572.17,239.61,257.19,587.28,-1,-1,-1,-1
67,1,590.75,247.40,254.83,576.62,-1,-1,-1,-1
68,1,607.32,251.06,244.93,570.01,-1,-1,-1,-1
69,1,632.41,236.20,223.42,587.20,-1,-1,-1,-1
70,1,649.45,227.94,208.77,594.88,-1,-1,-1,-1
71,1,653.14,217.64,214.97,611.01,-1,-1,-1,-1
72,1,659.88,219.07,223.19,619.13,-1,-1,-1,-1
73,1,664.37,221.05,237.57,617.68,-1,-1,-1,-1
74,1,673.87,219.71,257.88,626.66,-1,-1,-1,-1
75,1,687.94,221.74,263.04,635.90,-1,-1,-1,-1
76,1,708.31,218.26,254.25,649.72,-1,-1,-1,-1
77,1,731.09,225.78,242.20,644.47,-1,-1,-1,-1
78,1,756.84,224.22,233.88,649.13,-1,-1,-1,-1
79,1,776.01,215.24,230.60,655.82,-1,-1,-1,-1
80,1,793.75,214.34,242.07,657.47,-1,-1,-1,-1
81,1,821.68,205.98,258.47,676.66,-1,-1,-1,-1
82,1,840.28,211.34,291.50,670.97,-1,-1,-1,-1
83,1,866.30,213.26,290.40,676.22,-1,-1,-1,-1
84,1,881.85,212.91,293.48,688.45,-1,-1,-1,-1
85,1,900.47,215.83,279.90,689.97,-1,-1,-1,-1
86,1,920.57,212.11,261.27,701.73,-1,-1,-1,-1
87,1,948.56,205.70,235.53,710.85,-1,-1,-1,-1
88,1,985.44,204.88,205.99,709.04,-1,-1,-1,-1
89,1,1016.21,200.60,187.15,725.30,-1,-1,-1,-1
90,1,1041.20,184.51,194.69,761.63,-1,-1,-1,-1
91,1,1054.05,176.33,238.22,779.29,-1,-1,-1,-1
92,1,1062.17,177.96,260.81,771.21,-1,-1,-1,-1
93,1,1071.13,187.00,280.94,771.40,-1,-1,-1,-1
94,1,1085.42,180.63,281.72,783.88,-1,-1,-1,-1
95,1,1109.26,176.40,267.48,794.95,-1,-1,-1,-1
96,1,1149.91,172.91,233.27,799.23,-1,-1,-1,-1
97,1,1178.04,161.57,217.55,812.99,-1,-1,-1,-1
98,1,1206.63,164.15,218.10,806.92,-1,-1,-1,-1
99,1,1225.80,148.04,227.98,832.94,-1,-1,-1,-1
100,1,1240.64,155.85,269.68,821.92,-1,-1,-1,-1
101,1,1254.24,168.00,296.87,806.32,-1,-1,-1,-1
102,1,1278.63,186.17,296.09,784.45,-1,-1,-1,-1
103,1,1315.90,193.16,282.28,769.99,-1,-1,-1,-1
104,1,1342.78,193.71,277.42,753.68,-1,-1,-1,-1
105,1,1361.26,187.92,268.09,752.76,-1,-1,-1,-1
106,1,1371.66,175.08,270.63,783.76,-1,-1,-1,-1
107,1,1376.89,178.80,278.30,778.13,-1,-1,-1,-1
108,1,1374.41,178.81,279.18,778.30,-1,-1,-1,-1
109,1,1374.03,181.93,261.65,770.20,-1,-1,-1,-1
110,1,1368.71,182.38,258.78,770.58,-1,-1,-1,-1
111,1,1365.44,192.41,253.48,751.31,-1,-1,-1,-1
112,1,1365.62,196.91,246.15,735.92,-1,-1,-1,-1
113,1,1354.83,197.98,245.63,717.85,-1,-1,-1,-1
114,1,1337.11,196.64,248.72,698.40,-1,-1,-1,-1
115,1,1327.66,190.12,241.89,706.23,-1,-1,-1,-1
116,1,1319.14,187.92,239.35,709.70,-1,-1,-1,-1
117,1,1310.05,188.87,239.35,692.98,-1,-1,-1,-1
118,1,1290.74,198.09,254.01,666.53,-1,-1,-1,-1
119,1,1268.94,208.71,278.14,645.59,-1,-1,-1,-1
120,1,1256.65,210.16,281.54,638.63,-1,-1,-1,-1
121,1,1252.15,207.89,283.11,635.82,-1,-1,-1,-1
122,1,1244.11,194.62,268.76,655.68,-1,-1,-1,-1
123,1,1238.70,196.44,236.88,646.82,-1,-1,-1,-1
124,1,1227.30,198.14,202.36,640.55,-1,-1,-1,-1
125,1,1201.84,203.17,190.20,630.08,-1,-1,-1,-1
126,1,1156.51,187.45,217.25,653.82,-1,-1,-1,-1
127,1,1118.81,188.07,244.00,651.56,-1,-1,-1,-1
128,1,1077.44,200.23,278.91,638.26,-1,-1,-1,-1
129,1,1050.32,192.07,299.93,659.02,-1,-1,-1,-1
130,1,1031.07,202.08,300.76,643.89,-1,-1,-1,-1
131,1,1032.48,204.67,268.90,644.55,-1,-1,-1,-1
132,1,1035.85,208.73,224.64,641.08,-1,-1,-1,-1
133,1,1034.75,215.25,192.36,630.36,-1,-1,-1,-1
134,1,1017.21,201.39,176.78,657.65,-1,-1,-1,-1
135,1,1003.50,204.34,170.89,659.18,-1,-1,-1,-1
136,1,981.04,206.49,186.83,673.13,-1,-1,-1,-1
137,1,964.03,210.58,208.13,683.81,-1,-1,-1,-1
138,1,946.20,209.35,230.02,702.14,-1,-1,-1,-1
139,1,939.63,199.04,220.70,723.62,-1,-1,-1,-1
140,1,916.28,190.55,221.30,738.14,-1,-1,-1,-1
141,1,911.14,190.54,205.40,753.28,-1,-1,-1,-1
142,1,899.77,188.71,203.96,759.69,-1,-1,-1,-1
143,1,881.74,185.45,216.12,773.45,-1,-1,-1,-1
144,1,858.50,186.37,231.19,774.98,-1,-1,-1,-1
145,1,839.62,186.73,242.80,787.86,-1,-1,-1,-1
146,1,821.08,180.07,254.14,817.10,-1,-1,-1,-1
147,1,814.78,173.40,244.28,860.39,-1,-1,-1,-1
148,1,815.48,175.84,229.81,867.75,-1,-1,-1,-1
148,2,5.05,261.50,180.65,541.64,-1,-1,-1,-1
149,1,808.50,178.73,229.53,857.90,-1,-1,-1,-1
149,2,4.95,248.65,205.08,554.67,-1,-1,-1,-1
150,1,804.64,175.48,228.20,854.34,-1,-1,-1,-1
150,2,7.57,234.86,215.22,575.81,-1,-1,-1,-1
151,1,794.54,171.09,229.35,863.56,-1,-1,-1,-1
151,2,12.85,229.96,234.14,586.97,-1,-1,-1,-1
152,1,783.42,163.32,237.68,881.23,-1,-1,-1,-1
152,2,21.84,234.04,264.94,579.92,-1,-1,-1,-1
153,1,769.35,163.31,251.97,891.34,-1,-1,-1,-1
153,2,32.19,246.98,284.72,561.49,-1,-1,-1,-1
154,1,756.20,156.91,270.31,905.02,-1,-1,-1,-1
154,2,60.06,237.41,269.16,570.14,-1,-1,-1,-1
155,1,736.60,154.59,291.90,920.96,-1,-1,-1,-1
155,2,92.97,234.82,244.44,573.91,-1,-1,-1,-1
156,1,717.64,154.37,295.09,927.45,-1,-1,-1,-1
156,2,117.09,233.90,229.58,572.18,-1,-1,-1,-1
157,1,702.55,165.09,291.72,909.93,-1,-1,-1,-1
157,2,136.38,236.62,221.63,564.74,-1,-1,-1,-1
158,1,681.36,167.40,292.70,902.01,-1,-1,-1,-1
158,2,160.93,233.92,218.59,567.47,-1,-1,-1,-1
159,1,663.70,160.73,286.11,907.40,-1,-1,-1,-1
159,2,188.34,236.37,223.64,563.65,-1,-1,-1,-1
160,1,632.05,158.86,291.29,905.61,-1,-1,-1,-1
160,2,205.35,237.12,260.12,557.67,-1,-1,-1,-1
161,1,603.04,153.28,274.33,901.06,-1,-1,-1,-1
161,2,229.90,239.62,268.33,557.84,-1,-1,-1,-1
162,1,584.53,147.16,261.04,917.45,-1,-1,-1,-1
162,2,243.34,236.12,269.94,563.47,-1,-1,-1,-1
163,1,553.96,148.60,273.46,915.02,-1,-1,-1,-1
163,2,263.36,234.80,261.05,569.28,-1,-1,-1,-1
164,1,524.30,145.29,293.83,924.07,-1,-1,-1,-1
164,2,289.68,231.44,243.96,571.80,-1,-1,-1,-1
165,1,479.23,145.73,334.30,929.64,-1,-1,-1,-1
165,2,302.84,228.93,232.39,567.81,-1,-1,-1,-1
166,1,457.35,150.22,339.59,920.72,-1,-1,-1,-1
166,2,317.58,227.50,208.43,561.35,-1,-1,-1,-1
167,1,426.85,167.94,346.42,905.46,-1,-1,-1,-1
167,2,331.14,225.28,182.42,559.96,-1,-1,-1,-1
168,1,391.81,183.20,330.90,891.60,-1,-1,-1,-1
168,2,344.88,224.49,181.71,557.81,-1,-1,-1,-1
169,1,366.97,174.92,318.04,903.36,-1,-1,-1,-1
169,2,358.62,223.69,181.01,555.66,-1,-1,-1,-1
170,1,341.36,167.85,311.31,909.82,-1,-1,-1,-1
170,2,372.35,222.89,180.31,553.52,-1,-1,-1,-1
171,1,315.04,171.01,320.72,905.53,-1,-1,-1,-1
171,2,386.09,222.09,179.61,551.37,-1,-1,-1,-1
172,1,289.28,167.82,333.45,902.59,-1,-1,-1,-1
173,1,262.40,164.58,360.11,906.49,-1,-1,-1,-1
174,1,243.75,174.39,370.97,894.25,-1,-1,-1,-1
174,2,500.48,228.71,161.29,524.48,-1,-1,-1,-1
175,1,227.43,180.71,369.93,880.52,-1,-1,-1,-1
175,2,515.80,204.59,184.34,586.94,-1,-1,-1,-1
176,1,211.23,179.93,367.31,887.12,-1,-1,-1,-1
176,2,522.74,195.99,216.42,616.67,-1,-1,-1,-1
177,1,187.87,182.81,380.72,881.54,-1,-1,-1,-1
177,2,532.16,203.56,243.15,613.06,-1,-1,-1,-1
178,1,168.43,177.22,393.74,888.25,-1,-1,-1,-1
178,2,550.55,211.90,242.34,605.50,-1,-1,-1,-1
179,1,157.27,175.96,403.81,882.50,-1,-1,-1,-1
179,2,561.98,214.69,240.28,601.51,-1,-1,-1,-1
180,1,156.82,174.66,418.05,887.88,-1,-1,-1,-1
180,2,584.61,217.96,218.05,590.93,-1,-1,-1,-1
181,1,170.47,175.72,410.03,879.71,-1,-1,-1,-1
181,2,605.62,216.62,195.22,591.60,-1,-1,-1,-1
182,1,209.16,184.59,377.60,856.28,-1,-1,-1,-1
182,2,624.56,218.37,185.16,585.00,-1,-1,-1,-1
183,1,249.02,183.76,345.33,838.49,-1,-1,-1,-1
183,2,640.46,222.01,194.99,572.36,-1,-1,-1,-1
184,1,280.45,178.75,324.30,834.24,-1,-1,-1,-1
184,2,661.98,218.83,194.49,583.83,-1,-1,-1,-1
185,1,317.10,181.07,299.27,820.12,-1,-1,-1,-1
185,2,681.71,224.37,198.61,579.03,-1,-1,-1,-1
186,1,342.09,184.15,283.07,807.41,-1,-1,-1,-1
186,2,690.15,224.11,223.35,580.27,-1,-1,-1,-1
187,1,363.69,187.35,266.81,796.90,-1,-1,-1,-1
187,2,700.41,226.36,230.46,573.80,-1,-1,-1,-1
188,1,395.03,192.00,241.14,776.79,-1,-1,-1,-1
188,2,722.53,226.76,217.52,572.95,-1,-1,-1,-1
189,1,419.46,185.93,229.90,778.55,-1,-1,-1,-1
189,2,740.69,221.83,203.15,576.08,-1,-1,-1,-1
190,1,443.35,183.67,226.17,778.57,-1,-1,-1,-1
190,2,763.28,216.27,189.78,574.97,-1,-1,-1,-1
191,1,456.15,178.73,250.18,776.79,-1,-1,-1,-1
191,2,789.42,214.79,178.10,568.64,-1,-1,-1,-1
192,1,468.46,183.13,296.68,774.27,-1,-1,-1,-1
192,2,808.01,206.95,177.45,577.40,-1,-1,-1,-1
193,1,483.52,191.68,332.26,765.58,-1,-1,-1,-1
193,2,819.61,205.68,180.07,586.31,-1,-1,-1,-1
194,1,502.34,190.56,351.38,772.94,-1,-1,-1,-1
194,2,830.60,211.17,188.31,577.86,-1,-1,-1,-1
195,1,516.96,179.24,349.38,797.65,-1,-1,-1,-1
195,2,842.43,214.66,197.50,569.10,-1,-1,-1,-1
196,1,539.29,181.86,323.15,792.57,-1,-1,-1,-1
196,2,855.19,219.74,201.29,559.21,-1,-1,-1,-1
197,1,549.81,189.65,311.73,779.82,-1,-1,-1,-1
197,2,866.13,221.82,205.96,565.47,-1,-1,-1,-1
198,1,585.46,180.83,271.29,791.67,-1,-1,-1,-1
198,2,879.29,221.03,203.93,568.78,-1,-1,-1,-1
199,1,610.08,165.36,254.04,813.39,-1,-1,-1,-1
199,2,890.21,217.78,207.62,576.04,-1,-1,-1,-1
200,1,641.00,171.06,229.04,804.34,-1,-1,-1,-1
200,2,904.37,215.15,204.48,586.71,-1,-1,-1,-1
201,1,664.60,176.94,211.48,805.57,-1,-1,-1,-1
201,2,914.26,214.95,204.29,585.37,-1,-1,-1,-1
202,1,686.98,177.06,199.37,812.84,-1,-1,-1,-1
202,2,927.06,213.73,210.76,585.62,-1,-1,-1,-1
203,1,705.53,170.70,212.83,839.21,-1,-1,-1,-1
203,2,943.08,207.50,213.60,599.77,-1,-1,-1,-1
204,1,723.29,176.77,250.82,838.81,-1,-1,-1,-1
204,2,962.33,207.50,207.60,592.85,-1,-1,-1,-1
205,1,743.82,179.79,259.60,847.60,-1,-1,-1,-1
205,2,989.43,216.15,192.95,577.23,-1,-1,-1,-1
206,1,767.74,184.25,244.97,836.31,-1,-1,-1,-1
206,2,1021.02,216.01,171.92,577.99,-1,-1,-1,-1
207,1,803.43,172.98,226.70,860.72,-1,-1,-1,-1
207,2,1048.47,216.93,164.17,574.30,-1,-1,-1,-1
208,1,833.89,169.54,217.40,869.66,-1,-1,-1,-1
208,2,1069.99,212.56,163.66,579.29,-1,-1,-1,-1
209,1,854.51,175.79,217.40,863.86,-1,-1,-1,-1
209,2,1088.76,200.93,161.77,592.91,-1,-1,-1,-1
210,1,866.56,181.28,243.44,853.43,-1,-1,-1,-1
210,2,1091.92,195.68,203.73,591.60,-1,-1,-1,-1
211,1,878.63,173.43,280.50,867.50,-1,-1,-1,-1
211,2,1102.83,193.26,222.46,588.62,-1,-1,-1,-1
212,1,889.49,172.84,319.65,868.88,-1,-1,-1,-1
212,2,1121.87,191.83,219.70,595.10,-1,-1,-1,-1
213,1,895.69,173.23,338.63,868.49,-1,-1,-1,-1
213,2,1135.91,191.59,213.63,597.19,-1,-1,-1,-1
214,1,909.81,182.65,339.18,863.78,-1,-1,-1,-1
214,2,1151.45,196.19,209.84,592.42,-1,-1,-1,-1
215,1,928.60,212.84,322.71,824.10,-1,-1,-1,-1
215,2,1168.49,197.16,201.10,591.53,-1,-1,-1,-1
216,1,945.62,214.89,322.29,826.92,-1,-1,-1,-1
216,2,1179.37,196.18,204.97,596.20,-1,-1,-1,-1
217,1,948.24,213.28,356.02,817.69,-1,-1,-1,-1
217,2,1183.11,190.67,218.86,614.36,-1,-1,-1,-1
218,1,950.69,199.80,388.67,839.41,-1,-1,-1,-1
218,2,1200.89,192.19,212.77,620.39,-1,-1,-1,-1
219,1,954.66,193.49,415.69,838.09,-1,-1,-1,-1
219,2,1213.90,191.24,218.90,641.56,-1,-1,-1,-1
220,1,962.34,188.32,430.12,837.22,-1,-1,-1,-1
220,2,1230.87,197.27,215.67,641.46,-1,-1,-1,-1
221,1,975.88,194.41,419.53,823.79,-1,-1,-1,-1
221,2,1245.51,199.81,212.90,632.07,-1,-1,-1,-1
222,1,992.39,196.11,390.38,822.35,-1,-1,-1,-1
222,2,1263.69,194.31,211.43,638.16,-1,-1,-1,-1
223,1,1006.58,191.06,374.78,828.51,-1,-1,-1,-1
223,2,1273.69,196.70,218.51,632.25,-1,-1,-1,-1
224,1,1017.54,192.81,377.30,818.07,-1,-1,-1,-1
224,2,1275.66,183.44,234.16,657.22,-1,-1,-1,-1
225,1,1025.93,196.06,378.15,805.94,-1,-1,-1,-1
225,2,1276.95,177.82,249.43,664.91,-1,-1,-1,-1
226,1,1025.92,196.18,390.89,792.62,-1,-1,-1,-1
226,2,1279.22,167.54,268.61,687.86,-1,-1,-1,-1
227,1,1044.39,202.65,374.17,776.75,-1,-1,-1,-1
227,2,1285.47,169.87,283.49,697.46,-1,-1,-1,-1
228,1,1064.88,207.50,356.80,759.67,-1,-1,-1,-1
228,2,1297.07,165.82,275.02,715.28,-1,-1,-1,-1
229,1,1082.60,220.28,335.02,730.01,-1,-1,-1,-1
229,2,1315.31,160.42,264.09,739.79,-1,-1,-1,-1
230,1,1088.30,223.85,323.89,716.03,-1,-1,-1,-1
230,2,1324.05,164.06,263.90,740.31,-1,-1,-1,-1
231,1,1087.43,229.00,314.44,699.79,-1,-1,-1,-1
231,2,1332.56,165.08,264.31,731.38,-1,-1,-1,-1
232,1,1087.77,229.32,302.68,704.73,-1,-1,-1,-1
232,2,1343.03,167.74,262.64,724.82,-1,-1,-1,-1
233,1,1080.71,218.40,295.45,721.51,-1,-1,-1,-1
233,2,1353.46,166.02,257.74,725.68,-1,-1,-1,-1
234,1,1075.84,232.34,282.40,688.46,-1,-1,-1,-1
234,2,1362.37,159.92,248.78,735.09,-1,-1,-1,-1
235,1,1063.84,241.33,282.44,666.60,-1,-1,-1,-1
235,2,1369.16,150.19,237.01,753.74,-1,-1,-1,-1
236,1,1045.71,240.57,287.45,660.12,-1,-1,-1,-1
236,2,1370.16,151.00,231.90,758.26,-1,-1,-1,-1
237,1,1038.00,237.21,277.34,646.58,-1,-1,-1,-1
237,2,1369.68,147.29,222.47,771.18,-1,-1,-1,-1
238,1,1030.45,239.16,266.84,638.60,-1,-1,-1,-1
238,2,1368.63,148.62,211.63,787.06,-1,-1,-1,-1
239,1,1019.39,228.47,262.36,655.98,-1,-1,-1,-1
239,2,1358.80,150.92,213.43,798.25,-1,-1,-1,-1
240,1,1009.99,225.57,260.21,657.50,-1,-1,-1,-1
240,2,1337.29,150.52,231.48,802.74,-1,-1,-1,-1
241,1,1001.06,229.50,265.76,650.12,-1,-1,-1,-1
241,2,1324.17,154.87,238.99,787.36,-1,-1,-1,-1
242,1,997.95,226.00,266.17,658.31,-1,-1,-1,-1
242,2,1303.95,153.79,253.70,774.72,-1,-1,-1,-1
243,1,995.69,228.49,266.81,654.84,-1,-1,-1,-1
243,2,1287.06,150.94,260.56,782.51,-1,-1,-1,-1
244,1,1000.57,232.66,259.39,637.31,-1,-1,-1,-1
244,2,1266.97,150.01,257.42,783.38,-1,-1,-1,-1
245,1,1003.11,232.11,250.03,627.52,-1,-1,-1,-1
245,2,1250.07,143.83,251.35,800.81,-1,-1,-1,-1
246,1,1004.24,232.46,244.15,621.55,-1,-1,-1,-1
246,2,1228.40,142.79,261.79,804.37,-1,-1,-1,-1
247,1,1003.99,231.71,235.82,605.90,-1,-1,-1,-1
247,2,1195.11,150.07,294.01,799.65,-1,-1,-1,-1
248,1,1000.73,237.09,234.25,585.04,-1,-1,-1,-1
248,2,1172.43,153.03,309.25,797.58,-1,-1,-1,-1
249,1,991.87,233.33,227.04,582.44,-1,-1,-1,-1
249,2,1156.15,156.28,305.46,789.52,-1,-1,-1,-1
250,1,977.15,204.95,279.88,642.22,-1,-1,-1,-1
250,2,1127.14,152.27,295.00,796.88,-1,-1,-1,-1
251,1,970.35,220.91,250.90,604.54,-1,-1,-1,-1
251,2,1123.41,142.90,257.58,817.11,-1,-1,-1,-1
252,1,956.35,192.13,300.98,659.17,-1,-1,-1,-1
252,2,1097.52,154.72,252.74,792.24,-1,-1,-1,-1
253,1,954.02,209.05,249.50,619.28,-1,-1,-1,-1
253,2,1080.30,158.39,236.71,776.85,-1,-1,-1,-1
254,1,942.50,224.64,210.08,582.06,-1,-1,-1,-1
254,2,1031.71,152.77,272.68,785.26,-1,-1,-1,-1
255,1,934.76,233.85,197.34,560.51,-1,-1,-1,-1
255,2,1008.43,146.36,277.97,796.08,-1,-1,-1,-1
256,1,924.97,230.69,193.84,556.48,-1,-1,-1,-1
256,2,975.94,147.58,308.89,793.04,-1,-1,-1,-1
257,1,908.78,219.52,181.88,568.80,-1,-1,-1,-1
257,2,972.78,161.46,290.96,773.79,-1,-1,-1,-1
258,1,898.70,223.16,165.43,558.59,-1,-1,-1,-1
258,2,945.80,168.40,284.28,754.85,-1,-1,-1,-1
259,1,889.04,229.29,167.38,531.99,-1,-1,-1,-1
259,2,918.90,173.24,270.94,748.17,-1,-1,-1,-1
260,1,878.49,232.77,162.84,517.59,-1,-1,-1,-1
260,2,891.25,168.16,270.98,755.30,-1,-1,-1,-1
261,1,838.30,249.37,169.53,508.30,-1,-1,-1,-1
261,2,861.07,168.98,279.12,750.10,-1,-1,-1,-1
262,1,811.89,231.40,188.62,537.56,-1,-1,-1,-1
262,2,835.52,165.42,292.03,759.34,-1,-1,-1,-1
263,1,794.67,227.63,190.09,541.77,-1,-1,-1,-1
263,2,808.96,179.48,308.81,747.63,-1,-1,-1,-1
264,1,777.45,223.86,191.56,545.99,-1,-1,-1,-1
264,2,782.25,172.57,341.12,767.11,-1,-1,-1,-1
265,1,760.22,220.08,193.03,550.20,-1,-1,-1,-1
265,2,769.66,162.76,343.34,788.74,-1,-1,-1,-1
266,1,743.00,216.31,194.50,554.42,-1,-1,-1,-1
266,2,758.49,182.95,315.05,758.29,-1,-1,-1,-1
267,2,754.45,186.55,268.08,741.80,-1,-1,-1,-1
268,2,748.71,175.21,241.87,758.58,-1,-1,-1,-1
269,2,732.76,170.55,232.92,783.33,-1,-1,-1,-1
270,2,715.66,165.62,230.70,786.21,-1,-1,-1,-1
271,2,696.08,165.80,237.70,780.00,-1,-1,-1,-1
272,2,659.39,180.17,274.38,755.74,-1,-1,-1,-1
273,2,639.54,187.62,292.02,746.48,-1,-1,-1,-1
274,2,621.86,190.45,312.07,742.13,-1,-1,-1,-1
275,1,730.86,235.20,209.97,560.83,-1,-1,-1,-1
275,2,601.00,192.47,337.16,741.00,-1,-1,-1,-1
276,1,740.46,229.93,214.30,580.35,-1,-1,-1,-1
276,2,578.23,183.72,318.28,751.20,-1,-1,-1,-1
277,1,747.38,230.34,214.81,578.34,-1,-1,-1,-1
277,2,563.32,177.93,284.95,754.11,-1,-1,-1,-1
278,1,750.59,225.79,217.93,588.02,-1,-1,-1,-1
278,2,542.56,175.21,265.29,757.85,-1,-1,-1,-1
279,1,754.30,224.44,218.57,592.25,-1,-1,-1,-1
279,2,513.53,171.01,261.92,755.42,-1,-1,-1,-1
280,1,760.79,223.89,213.90,601.18,-1,-1,-1,-1
280,2,489.52,172.60,258.11,748.52,-1,-1,-1,-1
281,1,765.10,227.33,214.88,606.84,-1,-1,-1,-1
281,2,470.59,172.78,266.10,752.10,-1,-1,-1,-1
282,1,767.48,225.64,218.30,617.22,-1,-1,-1,-1
282,2,450.94,173.02,281.84,764.87,-1,-1,-1,-1
283,1,773.49,224.11,214.75,631.98,-1,-1,-1,-1
283,2,428.87,171.96,304.14,788.79,-1,-1,-1,-1
284,1,777.05,220.87,215.01,654.81,-1,-1,-1,-1
284,2,411.32,181.67,311.51,782.84,-1,-1,-1,-1
285,1,777.81,220.75,218.22,664.55,-1,-1,-1,-1
285,2,393.34,181.42,282.26,785.96,-1,-1,-1,-1
286,1,781.09,222.44,221.73,663.81,-1,-1,-1,-1
286,2,363.90,181.58,266.67,792.99,-1,-1,-1,-1
287,1,785.35,225.53,222.91,654.48,-1,-1,-1,-1
287,2,338.07,185.71,270.96,786.93,-1,-1,-1,-1
288,1,790.17,213.59,222.39,678.60,-1,-1,-1,-1
288,2,309.52,178.71,278.01,798.90,-1,-1,-1,-1
289,1,794.72,204.33,221.28,702.15,-1,-1,-1,-1
289,2,261.88,170.02,304.86,804.63,-1,-1,-1,-1
290,1,792.69,208.58,234.59,696.22,-1,-1,-1,-1
290,2,242.35,169.78,304.29,792.98,-1,-1,-1,-1
291,1,795.75,210.80,244.87,695.16,-1,-1,-1,-1
291,2,236.17,167.88,293.24,798.89,-1,-1,-1,-1
292,1,801.19,216.82,249.11,685.76,-1,-1,-1,-1
292,2,228.44,159.28,297.31,824.14,-1,-1,-1,-1
293,1,809.88,207.08,250.45,711.61,-1,-1,-1,-1
293,2,214.88,156.56,309.70,848.46,-1,-1,-1,-1
294,1,815.22,206.24,245.22,720.15,-1,-1,-1,-1
294,2,181.26,151.48,343.06,883.09,-1,-1,-1,-1
295,1,829.36,198.80,229.34,736.96,-1,-1,-1,-1
295,2,160.36,162.85,342.69,877.89,-1,-1,-1,-1
296,1,837.23,204.35,233.04,734.92,-1,-1,-1,-1
296,2,146.49,159.34,334.92,894.35,-1,-1,-1,-1
297,1,847.70,213.47,239.11,723.13,-1,-1,-1,-1
297,2,121.87,151.04,352.91,913.50,-1,-1,-1,-1
298,1,851.42,198.92,243.05,746.80,-1,-1,-1,-1
298,2,98.32,148.02,374.20,920.34,-1,-1,-1,-1
299,1,867.79,189.60,242.69,766.48,-1,-1,-1,-1
299,2,71.18,139.42,394.66,927.89,-1,-1,-1,-1
300,1,881.07,193.80,241.72,761.34,-1,-1,-1,-1
300,2,74.51,126.96,377.07,945.82,-1,-1,-1,-1
301,1,895.69,187.24,241.01,795.49,-1,-1,-1,-1
301,2,59.22,130.74,382.95,938.58,-1,-1,-1,-1
302,1,903.73,198.56,251.40,791.97,-1,-1,-1,-1
302,2,49.01,134.62,384.04,926.36,-1,-1,-1,-1
303,1,913.15,187.36,259.08,820.93,-1,-1,-1,-1
303,2,27.96,136.62,399.09,922.24,-1,-1,-1,-1
304,1,923.33,181.77,265.66,839.98,-1,-1,-1,-1
304,2,4.08,140.65,439.41,919.13,-1,-1,-1,-1
305,1,942.61,166.73,262.76,879.56,-1,-1,-1,-1
305,2,-2.66,129.20,440.93,942.38,-1,-1,-1,-1
306,1,956.20,161.41,273.80,897.37,-1,-1,-1,-1
306,2,1.93,127.05,449.72,942.37,-1,-1,-1,-1
307,1,967.94,166.13,290.08,892.94,-1,-1,-1,-1
307,2,0.20,124.17,512.91,942.79,-1,-1,-1,-1
308,1,978.55,159.33,305.30,901.98,-1,-1,-1,-1
308,2,14.93,118.73,519.66,947.47,-1,-1,-1,-1
309,1,991.34,151.08,334.27,913.16,-1,-1,-1,-1
309,2,17.80,109.79,506.39,953.32,-1,-1,-1,-1
310,1,1002.90,151.79,356.10,918.11,-1,-1,-1,-1
310,2,19.84,99.89,486.44,965.20,-1,-1,-1,-1
311,1,1017.39,143.11,367.41,933.60,-1,-1,-1,-1
311,2,19.25,99.54,506.83,961.90,-1,-1,-1,-1
312,1,1037.41,148.39,353.20,924.95,-1,-1,-1,-1
312,2,25.10,93.33,491.70,972.52,-1,-1,-1,-1
313,1,1043.04,147.16,349.90,931.58,-1,-1,-1,-1
313,2,17.76,83.16,464.79,989.03,-1,-1,-1,-1
314,1,1049.29,156.89,342.21,920.04,-1,-1,-1,-1
314,2,11.71,78.28,435.05,994.49,-1,-1,-1,-1
315,1,1046.69,156.16,346.53,915.94,-1,-1,-1,-1
315,2,4.44,79.77,446.09,988.82,-1,-1,-1,-1
316,1,1071.77,148.52,324.70,925.94,-1,-1,-1,-1
316,2,0.90,71.15,478.46,1000.92,-1,-1,-1,-1
317,1,1067.10,129.85,335.04,951.62,-1,-1,-1,-1
317,2,5.54,54.14,504.06,1021.63,-1,-1,-1,-1
318,1,1061.45,135.13,346.72,935.78,-1,-1,-1,-1
318,2,3.65,63.69,530.96,1003.21,-1,-1,-1,-1
319,1,1079.40,139.67,332.80,932.30,-1,-1,-1,-1
319,2,5.60,61.79,530.79,1002.80,-1,-1,-1,-1
320,1,1096.95,145.59,302.72,919.99,-1,-1,-1,-1
320,2,7.55,59.90,530.62,1002.40,-1,-1,-1,-1
321,1,1107.34,155.62,272.26,894.76,-1,-1,-1,-1
321,2,9.49,58.00,530.45,1001.99,-1,-1,-1,-1
322,1,1105.78,154.85,262.42,897.20,-1,-1,-1,-1
322,2,32.30,72.71,531.03,985.69,-1,-1,-1,-1
323,1,1102.68,141.43,258.58,907.28,-1,-1,-1,-1
323,2,63.02,57.99,489.57,1001.52,-1,-1,-1,-1
324,1,1097.24,132.47,262.44,919.22,-1,-1,-1,-1
324,2,108.93,48.74,474.78,1014.97,-1,-1,-1,-1
325,1,1093.00,129.12,263.52,917.13,-1,-1,-1,-1
325,2,137.74,40.42,451.19,1022.71,-1,-1,-1,-1
326,1,1092.98,130.29,261.05,911.75,-1,-1,-1,-1
326,2,163.76,36.28,451.60,1028.84,-1,-1,-1,-1
327,1,1092.50,143.16,253.08,878.81,-1,-1,-1,-1
327,2,185.11,35.10,479.12,1022.40,-1,-1,-1,-1
328,1,1086.95,163.23,245.52,831.32,-1,-1,-1,-1
328,2,212.54,36.81,518.34,1003.95,-1,-1,-1,-1
329,1,1081.47,165.64,239.24,830.36,-1,-1,-1,-1
329,2,235.00,37.11,514.80,997.02,-1,-1,-1,-1
330,1,1074.43,162.26,231.43,833.18,-1,-1,-1,-1
330,2,257.46,37.41,511.27,990.10,-1,-1,-1,-1
331,1,1062.03,168.19,234.99,809.80,-1,-1,-1,-1
331,2,354.20,14.32,486.08,1050.34,-1,-1,-1,-1
332,1,1046.65,162.69,235.21,799.67,-1,-1,-1,-1
332,2,423.24,28.68,441.85,1033.67,-1,-1,-1,-1
333,1,1032.98,165.99,239.44,783.02,-1,-1,-1,-1
333,2,508.25,13.79,368.33,1057.27,-1,-1,-1,-1
334,1,1014.81,163.05,248.08,782.66,-1,-1,-1,-1
334,2,552.18,12.83,368.28,1058.51,-1,-1,-1,-1
335,1,998.46,168.08,248.40,775.47,-1,-1,-1,-1
335,2,603.22,18.31,372.92,1050.87,-1,-1,-1,-1
336,1,976.84,166.97,257.04,777.22,-1,-1,-1,-1
336,2,659.66,49.08,377.24,1006.71,-1,-1,-1,-1
336,7,417.07,235.12,228.03,562.42,-1,-1,-1,-1
337,1,939.49,159.19,284.61,783.28,-1,-1,-1,-1
337,2,710.89,40.63,435.31,1002.61,-1,-1,-1,-1
337,7,429.77,244.61,239.41,551.02,-1,-1,-1,-1
338,1,933.57,147.43,276.97,788.17,-1,-1,-1,-1
338,2,740.11,26.47,464.72,1024.08,-1,-1,-1,-1
338,7,434.27,248.79,259.76,550.71,-1,-1,-1,-1
339,1,966.34,194.52,213.35,631.47,-1,-1,-1,-1
339,2,862.39,88.46,331.23,859.30,-1,-1,-1,-1
339,7,446.43,251.47,268.03,549.60,-1,-1,-1,-1
340,1,966.90,218.77,191.58,567.06,-1,-1,-1,-1
340,2,846.07,22.59,379.10,1013.61,-1,-1,-1,-1
340,7,469.13,249.44,257.32,550.03,-1,-1,-1,-1
341,1,967.47,243.02,169.81,502.65,-1,-1,-1,-1
341,2,865.68,3.50,387.39,1061.48,-1,-1,-1,-1
341,7,495.50,244.28,236.82,552.69,-1,-1,-1,-1
342,1,968.03,267.27,148.04,438.25,-1,-1,-1,-1
342,2,889.53,5.79,389.36,1060.39,-1,-1,-1,-1
342,7,529.23,242.14,213.66,556.23,-1,-1,-1,-1
343,1,968.59,291.51,126.28,373.84,-1,-1,-1,-1
343,2,922.23,81.56,390.68,970.81,-1,-1,-1,-1
343,7,556.24,236.28,198.28,558.72,-1,-1,-1,-1
344,1,879.34,187.09,201.85,769.78,-1,-1,-1,-1
344,2,929.17,173.95,423.82,867.26,-1,-1,-1,-1
344,7,582.96,232.98,191.09,564.13,-1,-1,-1,-1
345,1,849.40,186.44,232.11,764.08,-1,-1,-1,-1
345,2,955.77,84.14,449.04,967.15,-1,-1,-1,-1
345,7,603.17,235.19,198.25,557.00,-1,-1,-1,-1
346,1,814.82,204.51,279.49,725.26,-1,-1,-1,-1
346,2,1010.07,52.92,454.83,1006.19,-1,-1,-1,-1
346,7,616.73,235.28,224.68,558.45,-1,-1,-1,-1
347,1,807.91,224.60,287.85,695.35,-1,-1,-1,-1
347,2,1064.88,27.96,462.44,990.37,-1,-1,-1,-1
347,7,628.95,232.90,242.72,563.36,-1,-1,-1,-1
348,1,802.24,226.43,297.08,690.40,-1,-1,-1,-1
348,2,1119.96,8.33,465.37,1037.54,-1,-1,-1,-1
348,7,639.16,230.39,251.75,570.65,-1,-1,-1,-1
349,1,779.20,216.80,316.78,701.00,-1,-1,-1,-1
349,2,1145.95,12.39,470.09,1044.15,-1,-1,-1,-1
349,7,650.88,234.23,244.95,563.67,-1,-1,-1,-1
350,1,736.27,227.48,323.71,681.23,-1,-1,-1,-1
350,2,1182.22,-0.92,465.95,1073.55,-1,-1,-1,-1
350,7,668.02,235.25,229.34,556.84,-1,-1,-1,-1
351,1,720.42,225.10,290.35,683.25,-1,-1,-1,-1
351,2,1205.56,5.84,465.97,1069.02,-1,-1,-1,-1
351,7,685.96,236.19,228.06,553.73,-1,-1,-1,-1
352,1,708.34,207.55,255.81,702.16,-1,-1,-1,-1
352,2,1243.34,17.11,446.32,1055.91,-1,-1,-1,-1
352,7,703.89,237.12,226.78,550.61,-1,-1,-1,-1
353,1,693.18,185.64,245.76,747.40,-1,-1,-1,-1
353,2,1271.03,17.77,449.41,1059.15,-1,-1,-1,-1
353,7,721.83,238.05,225.50,547.50,-1,-1,-1,-1
354,1,661.15,197.93,276.39,723.90,-1,-1,-1,-1
354,2,1302.09,28.17,463.35,1049.07,-1,-1,-1,-1
354,7,739.77,238.98,224.22,544.38,-1,-1,-1,-1
355,1,641.05,203.46,298.01,709.39,-1,-1,-1,-1
355,2,1338.76,30.67,461.99,1045.94,-1,-1,-1,-1
355,7,801.57,241.63,178.96,529.40,-1,-1,-1,-1
356,1,631.51,213.64,293.70,699.30,-1,-1,-1,-1
356,2,1375.42,33.17,460.63,1042.81,-1,-1,-1,-1
356,7,804.90,239.96,214.40,531.01,-1,-1,-1,-1
357,1,621.45,208.25,278.14,704.86,-1,-1,-1,-1
357,2,1412.08,35.66,459.28,1039.69,-1,-1,-1,-1
357,7,812.02,235.48,234.49,540.42,-1,-1,-1,-1
358,1,612.98,208.89,242.49,706.93,-1,-1,-1,-1
358,2,1448.74,38.16,457.92,1036.56,-1,-1,-1,-1
358,7,825.14,234.51,236.69,539.11,-1,-1,-1,-1
359,1,587.04,213.13,230.09,689.54,-1,-1,-1,-1
359,2,1397.39,49.91,523.37,1009.06,-1,-1,-1,-1
359,7,843.56,231.26,230.33,544.10,-1,-1,-1,-1
360,1,566.21,209.42,219.77,700.87,-1,-1,-1,-1
360,2,1420.08,56.40,507.33,1007.45,-1,-1,-1,-1
360,7,868.73,234.56,207.38,537.50,-1,-1,-1,-1
361,1,547.37,206.11,222.22,705.99,-1,-1,-1,-1
361,2,1432.79,59.55,498.50,1003.21,-1,-1,-1,-1
361,7,894.88,241.73,181.51,520.09,-1,-1,-1,-1
362,1,525.67,207.72,231.17,706.41,-1,-1,-1,-1
362,2,1438.81,60.90,495.35,1000.94,-1,-1,-1,-1
362,7,918.08,242.57,172.32,516.99,-1,-1,-1,-1
363,1,496.64,210.88,246.81,705.10,-1,-1,-1,-1
363,2,1444.40,57.38,489.51,1005.57,-1,-1,-1,-1
363,7,937.11,240.51,171.63,516.46,-1,-1,-1,-1
364,1,463.89,209.62,269.28,709.18,-1,-1,-1,-1
364,2,1437.23,66.61,494.75,979.97,-1,-1,-1,-1
364,7,952.33,231.06,178.87,536.39,-1,-1,-1,-1
365,1,444.63,211.69,287.15,708.60,-1,-1,-1,-1
365,2,1423.28,57.85,510.68,1000.97,-1,-1,-1,-1
365,7,967.38,226.45,186.66,544.31,-1,-1,-1,-1
366,1,432.24,215.82,307.40,710.17,-1,-1,-1,-1
366,2,1431.72,60.73,484.72,991.73,-1,-1,-1,-1
366,7,968.02,228.75,225.53,546.45,-1,-1,-1,-1
367,1,423.09,207.02,298.65,729.77,-1,-1,-1,-1
367,2,1430.77,68.47,472.13,979.58,-1,-1,-1,-1
367,7,967.26,229.66,252.90,547.52,-1,-1,-1,-1
368,1,422.12,203.64,257.87,740.39,-1,-1,-1,-1
368,2,1420.53,67.04,480.76,979.27,-1,-1,-1,-1
368,7,984.01,229.76,245.82,547.84,-1,-1,-1,-1
369,1,417.08,195.26,237.51,773.36,-1,-1,-1,-1
369,2,1426.72,69.82,454.39,983.93,-1,-1,-1,-1
369,7,1005.33,228.85,228.13,552.11,-1,-1,-1,-1
370,1,397.79,187.41,237.09,798.30,-1,-1,-1,-1
370,2,1454.39,85.79,408.38,953.75,-1,-1,-1,-1
370,7,1032.09,230.51,205.10,548.13,-1,-1,-1,-1
371,1,386.23,189.86,231.53,803.65,-1,-1,-1,-1
371,2,1491.78,98.30,345.46,949.18,-1,-1,-1,-1
371,7,1061.84,230.51,190.73,542.79,-1,-1,-1,-1
372,1,369.44,193.02,247.89,805.49,-1,-1,-1,-1
372,2,1506.11,110.86,309.05,915.67,-1,-1,-1,-1
372,7,1091.27,224.39,175.13,555.30,-1,-1,-1,-1
373,1,360.94,215.36,245.38,770.96,-1,-1,-1,-1
373,2,1507.90,113.52,295.62,890.93,-1,-1,-1,-1
373,7,1103.73,221.12,177.16,558.61,-1,-1,-1,-1
374,1,349.92,221.83,250.95,782.02,-1,-1,-1,-1
374,2,1491.36,107.73,304.57,901.07,-1,-1,-1,-1
374,7,1112.93,220.11,190.82,560.38,-1,-1,-1,-1
375,1,336.73,252.48,258.42,756.54,-1,-1,-1,-1
375,2,1467.11,123.58,301.49,780.95,-1,-1,-1,-1
375,7,1118.28,218.85,224.10,565.74,-1,-1,-1,-1
376,1,323.82,227.76,268.98,791.12,-1,-1,-1,-1
376,2,1446.18,99.77,318.50,868.70,-1,-1,-1,-1
376,7,1123.28,217.53,252.17,572.45,-1,-1,-1,-1
377,1,315.59,209.84,276.46,821.72,-1,-1,-1,-1
377,2,1423.54,92.98,333.29,900.50,-1,-1,-1,-1
377,7,1128.38,216.22,258.50,577.34,-1,-1,-1,-1
378,1,313.10,201.80,280.93,841.60,-1,-1,-1,-1
378,2,1413.45,101.87,330.05,889.96,-1,-1,-1,-1
378,7,1139.96,215.37,249.78,584.30,-1,-1,-1,-1
379,1,313.59,191.52,275.17,867.34,-1,-1,-1,-1
379,2,1398.72,103.22,336.45,905.47,-1,-1,-1,-1
379,7,1161.55,214.19,231.13,588.31,-1,-1,-1,-1
380,1,317.39,188.46,273.76,878.76,-1,-1,-1,-1
380,2,1380.22,127.74,354.00,874.34,-1,-1,-1,-1
380,7,1186.31,216.01,209.31,586.82,-1,-1,-1,-1
381,1,320.53,186.63,276.37,890.27,-1,-1,-1,-1
381,2,1378.85,142.58,332.61,851.10,-1,-1,-1,-1
381,7,1204.31,217.07,193.87,584.78,-1,-1,-1,-1
382,1,326.51,214.67,284.30,847.75,-1,-1,-1,-1
382,2,1375.11,146.48,291.10,834.40,-1,-1,-1,-1
382,7,1217.22,215.38,190.47,586.25,-1,-1,-1,-1
383,1,333.28,210.98,291.29,857.63,-1,-1,-1,-1
383,2,1343.77,136.89,276.62,836.15,-1,-1,-1,-1
383,7,1224.47,203.65,199.74,607.19,-1,-1,-1,-1
384,1,340.94,197.01,298.21,880.57,-1,-1,-1,-1
384,2,1282.24,130.63,299.90,852.83,-1,-1,-1,-1
384,7,1230.45,191.75,211.16,623.08,-1,-1,-1,-1
385,1,354.84,196.11,296.88,882.55,-1,-1,-1,-1
385,2,1243.34,115.20,308.74,874.05,-1,-1,-1,-1
385,7,1241.52,185.29,215.24,635.15,-1,-1,-1,-1
386,1,370.89,194.19,290.44,881.78,-1,-1,-1,-1
386,2,1228.56,116.60,301.56,869.71,-1,-1,-1,-1
386,7,1252.58,178.84,219.33,647.22,-1,-1,-1,-1
387,1,388.34,195.13,295.47,884.31,-1,-1,-1,-1
387,2,1207.97,120.29,306.58,860.67,-1,-1,-1,-1
387,7,1263.65,172.38,223.41,659.28,-1,-1,-1,-1
388,1,410.91,192.08,295.28,877.19,-1,-1,-1,-1
388,2,1179.98,125.04,331.35,852.34,-1,-1,-1,-1
388,7,1274.72,165.93,227.50,671.35,-1,-1,-1,-1
389,1,433.90,189.39,296.17,880.40,-1,-1,-1,-1
389,2,1158.94,128.39,347.60,843.84,-1,-1,-1,-1
390,1,453.85,192.04,295.49,877.21,-1,-1,-1,-1
390,2,1140.18,146.26,356.32,819.70,-1,-1,-1,-1
390,7,1330.29,190.48,181.17,629.56,-1,-1,-1,-1
391,1,472.56,179.70,296.82,887.19,-1,-1,-1,-1
391,2,1135.25,160.05,317.19,794.34,-1,-1,-1,-1
391,7,1321.07,192.03,205.18,646.06,-1,-1,-1,-1
392,1,490.65,160.59,301.64,912.45,-1,-1,-1,-1
392,2,1133.53,154.05,271.22,785.39,-1,-1,-1,-1
392,7,1317.66,197.05,219.84,641.17,-1,-1,-1,-1
393,1,518.89,148.63,301.05,924.96,-1,-1,-1,-1
393,2,1110.63,156.07,245.91,784.02,-1,-1,-1,-1
393,7,1313.16,184.47,236.47,666.18,-1,-1,-1,-1
394,1,544.41,157.64,313.82,907.78,-1,-1,-1,-1
394,2,1084.22,152.89,237.07,778.82,-1,-1,-1,-1
394,7,1311.58,187.90,253.60,677.52,-1,-1,-1,-1
395,1,584.81,141.01,311.35,934.39,-1,-1,-1,-1
395,2,1060.75,137.17,243.21,798.32,-1,-1,-1,-1
395,7,1308.78,170.41,265.54,721.25,-1,-1,-1,-1
396,1,618.98,119.93,311.77,961.88,-1,-1,-1,-1
396,2,1032.67,125.95,247.16,809.00,-1,-1,-1,-1
396,7,1316.11,172.72,265.49,730.98,-1,-1,-1,-1
397,1,646.81,111.59,309.82,971.48,-1,-1,-1,-1
397,2,1010.22,129.36,257.74,797.59,-1,-1,-1,-1
397,7,1322.30,179.21,262.57,728.86,-1,-1,-1,-1
398,1,665.98,128.11,347.42,946.02,-1,-1,-1,-1
398,2,989.31,131.09,269.78,803.47,-1,-1,-1,-1
398,7,1331.78,182.19,254.59,728.26,-1,-1,-1,-1
399,1,701.93,128.69,330.34,947.28,-1,-1,-1,-1
399,2,982.90,135.91,258.33,802.44,-1,-1,-1,-1
399,7,1333.50,183.97,253.44,723.93,-1,-1,-1,-1
400,1,735.40,129.20,334.44,947.91,-1,-1,-1,-1
400,2,968.52,159.39,272.53,780.30,-1,-1,-1,-1
400,7,1330.14,187.56,255.42,717.78,-1,-1,-1,-1
401,1,765.84,132.17,325.26,942.80,-1,-1,-1,-1
401,2,958.92,187.06,236.71,766.71,-1,-1,-1,-1
401,7,1332.28,189.22,248.52,715.38,-1,-1,-1,-1
402,1,800.32,126.81,324.95,947.59,-1,-1,-1,-1
402,2,940.85,196.61,233.34,755.83,-1,-1,-1,-1
402,7,1332.59,184.47,240.70,721.47,-1,-1,-1,-1
403,1,824.58,122.69,317.40,950.15,-1,-1,-1,-1
403,2,922.77,206.15,229.96,744.96,-1,-1,-1,-1
403,7,1332.92,180.43,235.10,727.39,-1,-1,-1,-1
404,1,847.36,125.14,318.78,944.39,-1,-1,-1,-1
404,2,904.70,215.70,226.59,734.09,-1,-1,-1,-1
404,7,1336.42,168.90,226.89,745.94,-1,-1,-1,-1
405,1,855.68,124.13,340.49,948.98,-1,-1,-1,-1
405,2,886.63,225.25,223.22,723.22,-1,-1,-1,-1
405,7,1334.16,167.53,226.75,746.29,-1,-1,-1,-1
406,1,850.79,123.85,369.13,947.97,-1,-1,-1,-1
406,7,1310.07,165.26,251.91,753.26,-1,-1,-1,-1
407,1,828.96,131.00,426.52,936.49,-1,-1,-1,-1
407,2,806.03,322.24,163.48,543.42,-1,-1,-1,-1
407,7,1289.22,167.29,269.44,755.15,-1,-1,-1,-1
408,1,820.49,135.83,446.50,931.97,-1,-1,-1,-1
408,2,769.92,213.37,191.73,677.61,-1,-1,-1,-1
408,7,1278.30,171.55,276.28,751.14,-1,-1,-1,-1
409,1,888.39,138.96,378.62,934.62,-1,-1,-1,-1
409,2,732.84,167.43,245.21,775.74,-1,-1,-1,-1
409,7,1272.04,173.06,275.28,753.16,-1,-1,-1,-1
410,1,929.92,142.25,346.34,924.31,-1,-1,-1,-1
410,2,713.30,152.36,270.57,807.18,-1,-1,-1,-1
410,7,1269.57,177.67,271.37,748.65,-1,-1,-1,-1
411,1,955.48,144.99,330.92,919.18,-1,-1,-1,-1
411,2,705.20,155.61,268.09,805.39,-1,-1,-1,-1
411,7,1264.78,166.12,262.79,770.62,-1,-1,-1,-1
412,1,983.73,138.37,313.53,932.72,-1,-1,-1,-1
412,2,691.81,167.82,254.97,777.92,-1,-1,-1,-1
412,7,1259.17,162.95,239.22,771.67,-1,-1,-1,-1
413,1,1000.80,139.79,309.45,936.56,-1,-1,-1,-1
413,2,681.45,171.74,232.68,772.78,-1,-1,-1,-1
413,7,1248.41,160.26,233.04,770.92,-1,-1,-1,-1
414,1,1014.44,141.12,309.56,937.89,-1,-1,-1,-1
414,2,652.87,159.07,234.02,791.68,-1,-1,-1,-1
414,7,1242.66,156.33,206.49,779.35,-1,-1,-1,-1
415,1,1022.63,149.55,332.46,925.73,-1,-1,-1,-1
415,2,609.62,159.61,253.36,782.34,-1,-1,-1,-1
415,7,1236.24,159.22,181.89,785.65,-1,-1,-1,-1
416,1,1032.81,140.35,330.05,939.26,-1,-1,-1,-1
416,2,573.50,152.91,274.76,792.83,-1,-1,-1,-1
416,7,1227.19,158.81,168.46,785.79,-1,-1,-1,-1
417,1,1041.89,139.36,320.29,937.62,-1,-1,-1,-1
417,2,544.92,166.39,292.23,768.54,-1,-1,-1,-1
417,7,1217.74,177.18,158.66,699.53,-1,-1,-1,-1
418,1,1037.90,145.11,335.02,932.95,-1,-1,-1,-1
418,2,525.46,166.03,309.39,787.96,-1,-1,-1,-1
418,7,1231.66,183.82,134.22,710.97,-1,-1,-1,-1
419,1,1040.45,145.04,332.36,923.69,-1,-1,-1,-1
419,2,509.31,163.27,326.27,812.96,-1,-1,-1,-1
419,7,1223.44,190.53,131.45,696.42,-1,-1,-1,-1
420,1,1047.25,140.69,327.52,924.43,-1,-1,-1,-1
420,2,494.60,160.57,334.99,829.49,-1,-1,-1,-1
420,7,1215.21,197.24,128.68,681.87,-1,-1,-1,-1
421,1,1055.97,143.62,325.00,917.51,-1,-1,-1,-1
421,2,489.87,164.89,327.08,829.79,-1,-1,-1,-1
421,7,1206.99,203.96,125.92,667.32,-1,-1,-1,-1
422,1,1068.39,137.75,336.51,922.93,-1,-1,-1,-1
422,2,477.95,162.34,301.00,836.38,-1,-1,-1,-1
422,7,1198.77,210.67,123.15,652.77,-1,-1,-1,-1
423,1,1070.28,131.96,372.36,934.73,-1,-1,-1,-1
423,2,459.51,170.69,265.73,824.83,-1,-1,-1,-1
424,1,1040.38,134.08,421.29,935.64,-1,-1,-1,-1
424,2,425.75,172.99,255.77,815.44,-1,-1,-1,-1
425,1,1052.34,138.61,398.01,934.63,-1,-1,-1,-1
425,2,380.67,168.10,278.51,830.17,-1,-1,-1,-1
425,7,1005.83,163.54,201.97,789.92,-1,-1,-1,-1
426,1,1096.36,127.56,357.58,941.72,-1,-1,-1,-1
426,2,341.08,169.31,302.55,831.06,-1,-1,-1,-1
426,7,952.25,162.93,259.88,786.11,-1,-1,-1,-1
427,1,1122.66,132.18,348.89,942.35,-1,-1,-1,-1
427,2,313.22,172.00,310.38,822.49,-1,-1,-1,-1
427,7,921.30,169.28,293.48,777.24,-1,-1,-1,-1
428,1,1159.14,127.10,327.31,946.56,-1,-1,-1,-1
428,2,293.74,180.96,319.81,806.46,-1,-1,-1,-1
428,7,903.00,167.98,322.29,783.13,-1,-1,-1,-1
429,1,1189.57,131.21,307.82,935.78,-1,-1,-1,-1
429,2,277.03,191.15,319.91,788.97,-1,-1,-1,-1
429,7,898.00,169.30,329.42,787.78,-1,-1,-1,-1
430,1,1211.50,140.97,293.92,923.28,-1,-1,-1,-1
430,2,264.63,199.39,302.89,775.35,-1,-1,-1,-1
430,7,906.89,167.55,296.67,787.48,-1,-1,-1,-1
431,1,1229.77,147.02,274.97,914.57,-1,-1,-1,-1
431,2,238.40,209.89,301.77,743.91,-1,-1,-1,-1
431,7,910.32,179.92,252.54,755.36,-1,-1,-1,-1
432,1,1237.78,162.02,267.10,895.44,-1,-1,-1,-1
432,2,206.03,196.19,311.70,761.43,-1,-1,-1,-1
432,7,899.84,173.87,228.41,763.20,-1,-1,-1,-1
433,1,1232.38,171.15,270.75,881.64,-1,-1,-1,-1
433,2,182.55,197.21,334.13,741.30,-1,-1,-1,-1
433,7,872.61,167.67,225.16,775.79,-1,-1,-1,-1
434,1,1226.19,191.44,267.71,833.60,-1,-1,-1,-1
434,2,175.85,189.08,339.80,756.72,-1,-1,-1,-1
434,7,853.64,165.52,215.05,777.71,-1,-1,-1,-1
435,1,1218.71,182.71,255.73,836.37,-1,-1,-1,-1
435,2,173.20,185.22,344.23,734.30,-1,-1,-1,-1
435,7,833.98,168.78,207.24,780.36,-1,-1,-1,-1
436,1,1206.40,178.54,257.95,831.44,-1,-1,-1,-1
436,2,181.22,175.72,325.20,749.83,-1,-1,-1,-1
436,7,801.71,173.51,225.27,773.44,-1,-1,-1,-1
437,1,1180.71,178.01,274.95,818.17,-1,-1,-1,-1
437,2,195.31,178.02,290.67,756.21,-1,-1,-1,-1
437,7,759.68,182.46,261.66,758.17,-1,-1,-1,-1
438,1,1164.78,184.45,272.46,795.25,-1,-1,-1,-1
438,2,211.99,188.10,258.43,743.73,-1,-1,-1,-1
438,7,736.33,182.43,278.15,751.06,-1,-1,-1,-1
439,1,1157.52,178.81,260.22,801.17,-1,-1,-1,-1
439,2,227.37,208.93,250.93,693.59,-1,-1,-1,-1
439,7,727.60,182.51,279.29,759.76,-1,-1,-1,-1
440,1,1148.35,173.59,252.24,783.12,-1,-1,-1,-1
440,2,245.26,213.28,235.40,680.97,-1,-1,-1,-1
440,7,720.56,184.15,277.53,762.32,-1,-1,-1,-1
441,1,1147.68,165.93,235.08,790.59,-1,-1,-1,-1
441,2,264.26,227.88,215.99,637.08,-1,-1,-1,-1
441,7,709.97,183.36,272.10,765.20,-1,-1,-1,-1
442,1,1155.75,167.20,209.53,783.62,-1,-1,-1,-1
442,2,274.56,225.60,222.38,633.60,-1,-1,-1,-1
442,7,694.79,175.09,264.20,771.18,-1,-1,-1,-1
443,1,1154.67,166.83,202.38,767.83,-1,-1,-1,-1
443,2,280.88,228.45,221.96,626.57,-1,-1,-1,-1
443,7,688.72,173.07,228.26,767.56,-1,-1,-1,-1
444,1,1143.13,166.86,208.60,773.03,-1,-1,-1,-1
444,2,292.67,219.82,220.20,634.70,-1,-1,-1,-1
444,7,672.92,172.30,208.10,766.13,-1,-1,-1,-1
445,1,1119.94,176.65,219.17,759.71,-1,-1,-1,-1
445,2,303.39,209.31,218.53,647.30,-1,-1,-1,-1
445,7,637.01,174.58,221.03,753.45,-1,-1,-1,-1
446,1,1110.55,183.03,210.10,734.61,-1,-1,-1,-1
446,2,317.54,201.29,218.01,655.23,-1,-1,-1,-1
446,7,595.59,176.91,249.50,758.27,-1,-1,-1,-1
447,1,1107.42,187.01,199.24,711.85,-1,-1,-1,-1
447,2,324.92,197.47,228.14,655.83,-1,-1,-1,-1
447,7,557.34,183.02,282.93,755.17,-1,-1,-1,-1
448,1,1105.57,186.34,190.64,699.81,-1,-1,-1,-1
448,2,334.38,205.82,226.54,641.62,-1,-1,-1,-1
448,7,516.96,183.26,321.91,759.75,-1,-1,-1,-1
449,1,1101.46,189.19,190.43,690.89,-1,-1,-1,-1
449,2,353.24,213.38,215.63,624.62,-1,-1,-1,-1
449,7,506.14,192.90,322.19,750.66,-1,-1,-1,-1
450,1,1097.93,196.64,190.11,677.46,-1,-1,-1,-1
450,2,385.61,215.71,188.74,604.38,-1,-1,-1,-1
450,7,478.50,194.22,348.19,758.13,-1,-1,-1,-1
451,1,1094.04,194.70,191.13,679.96,-1,-1,-1,-1
451,2,409.77,231.19,162.92,563.63,-1,-1,-1,-1
451,7,445.30,193.50,374.40,762.84,-1,-1,-1,-1
452,1,1087.31,211.26,196.48,651.55,-1,-1,-1,-1
452,2,423.24,240.52,155.53,538.12,-1,-1,-1,-1
452,7,436.91,193.88,358.98,761.92,-1,-1,-1,-1
453,1,1081.89,214.94,184.01,638.77,-1,-1,-1,-1
453,2,436.71,249.86,148.14,512.60,-1,-1,-1,-1
453,7,430.75,195.94,324.90,755.10,-1,-1,-1,-1
454,1,1071.40,213.46,176.14,639.08,-1,-1,-1,-1
454,2,450.18,259.19,140.75,487.09,-1,-1,-1,-1
454,7,399.41,194.93,312.60,752.35,-1,-1,-1,-1
455,1,1053.77,216.60,180.46,630.71,-1,-1,-1,-1
455,2,463.65,268.52,133.37,461.58,-1,-1,-1,-1
455,7,360.81,197.65,315.03,757.05,-1,-1,-1,-1
456,1,1026.94,216.53,195.81,628.80,-1,-1,-1,-1
456,2,524.79,228.13,175.68,515.66,-1,-1,-1,-1
456,7,323.22,189.52,328.24,780.88,-1,-1,-1,-1
457,1,1008.60,216.70,205.50,627.92,-1,-1,-1,-1
457,2,529.17,220.31,194.25,521.76,-1,-1,-1,-1
457,7,291.27,186.29,345.45,794.24,-1,-1,-1,-1
458,1,983.65,228.44,227.97,615.01,-1,-1,-1,-1
458,2,528.58,206.57,220.71,563.70,-1,-1,-1,-1
458,7,267.48,187.12,353.32,797.78,-1,-1,-1,-1
459,1,972.67,237.20,233.91,601.65,-1,-1,-1,-1
459,2,535.29,205.68,226.41,581.90,-1,-1,-1,-1
459,7,252.74,183.91,362.01,808.99,-1,-1,-1,-1
460,1,972.10,244.40,231.45,590.45,-1,-1,-1,-1
460,2,538.80,216.04,238.61,579.08,-1,-1,-1,-1
460,7,244.32,177.73,370.30,832.32,-1,-1,-1,-1
461,1,977.66,239.02,214.40,596.56,-1,-1,-1,-1
461,2,563.56,226.62,224.54,567.01,-1,-1,-1,-1
461,7,235.21,189.54,362.71,824.57,-1,-1,-1,-1
462,1,988.58,237.81,191.72,591.14,-1,-1,-1,-1
462,2,581.76,233.30,218.14,549.60,-1,-1,-1,-1
462,7,225.30,190.17,345.39,824.59,-1,-1,-1,-1
463,1,1002.14,234.09,169.82,595.17,-1,-1,-1,-1
463,2,594.12,231.29,213.23,551.61,-1,-1,-1,-1
463,7,217.83,185.37,322.91,833.00,-1,-1,-1,-1
464,1,1010.22,238.93,157.49,589.84,-1,-1,-1,-1
464,2,599.73,229.81,218.20,555.96,-1,-1,-1,-1
464,7,204.71,188.19,288.84,828.23,-1,-1,-1,-1
465,1,1006.59,241.29,159.68,571.73,-1,-1,-1,-1
465,2,613.24,234.26,217.60,539.99,-1,-1,-1,-1
465,7,184.41,181.48,258.19,836.95,-1,-1,-1,-1
466,1,998.17,226.78,168.64,589.21,-1,-1,-1,-1
466,2,633.81,233.68,205.68,546.52,-1,-1,-1,-1
466,7,164.23,169.05,242.75,850.60,-1,-1,-1,-1
467,1,986.83,233.64,180.37,576.05,-1,-1,-1,-1
467,2,648.73,231.62,201.35,552.11,-1,-1,-1,-1
467,7,140.13,160.84,250.06,872.03,-1,-1,-1,-1
468,1,979.62,236.07,189.35,585.94,-1,-1,-1,-1
468,2,670.79,231.21,196.69,556.96,-1,-1,-1,-1
468,7,113.09,163.34,266.31,879.45,-1,-1,-1,-1
469,1,972.19,238.52,202.21,583.50,-1,-1,-1,-1
469,2,688.58,234.04,193.42,552.49,-1,-1,-1,-1
469,7,93.21,170.08,280.16,875.46,-1,-1,-1,-1
470,1,966.89,235.22,201.37,577.20,-1,-1,-1,-1
470,2,705.42,235.80,187.81,545.03,-1,-1,-1,-1
470,7,60.07,178.63,310.59,868.08,-1,-1,-1,-1
471,1,958.29,234.44,200.26,584.03,-1,-1,-1,-1
471,2,726.02,240.74,171.62,514.95,-1,-1,-1,-1
471,7,29.76,182.22,330.49,863.11,-1,-1,-1,-1
472,1,940.26,222.98,210.37,615.11,-1,-1,-1,-1
472,2,742.13,236.35,173.16,521.05,-1,-1,-1,-1
472,7,6.57,173.11,339.81,878.24,-1,-1,-1,-1
473,1,922.72,218.50,222.28,627.88,-1,-1,-1,-1
473,2,756.87,235.20,167.62,519.14,-1,-1,-1,-1
473,7,-6.14,170.78,339.76,881.60,-1,-1,-1,-1
474,1,906.65,224.04,231.60,629.62,-1,-1,-1,-1
474,2,771.94,226.73,163.69,531.77,-1,-1,-1,-1
474,7,-12.33,173.47,343.59,883.32,-1,-1,-1,-1
475,1,898.44,221.13,229.18,642.80,-1,-1,-1,-1
475,2,783.94,221.68,157.62,533.99,-1,-1,-1,-1
475,7,-13.28,165.90,327.20,896.68,-1,-1,-1,-1
476,1,901.01,223.35,214.33,643.87,-1,-1,-1,-1
476,2,799.86,224.23,147.84,525.03,-1,-1,-1,-1
476,7,-14.61,159.49,316.93,912.04,-1,-1,-1,-1
477,1,893.69,220.24,210.15,672.75,-1,-1,-1,-1
477,2,808.80,229.10,147.82,520.19,-1,-1,-1,-1
477,7,-15.28,156.71,311.79,919.13,-1,-1,-1,-1
478,1,874.25,219.67,231.82,676.26,-1,-1,-1,-1
478,2,821.68,229.46,146.86,516.89,-1,-1,-1,-1
478,7,-14.92,153.76,309.57,922.14,-1,-1,-1,-1
479,1,857.76,215.18,245.10,674.79,-1,-1,-1,-1
479,2,834.56,229.81,145.91,513.59,-1,-1,-1,-1
479,7,-13.63,150.06,307.12,926.77,-1,-1,-1,-1
480,1,846.19,210.18,248.67,676.56,-1,-1,-1,-1
480,2,847.44,230.17,144.95,510.29,-1,-1,-1,-1
480,7,-13.35,141.62,315.57,936.52,-1,-1,-1,-1
481,1,844.87,209.42,239.79,685.62,-1,-1,-1,-1
481,2,860.32,230.53,144.00,506.98,-1,-1,-1,-1
481,7,-12.13,144.83,323.52,930.05,-1,-1,-1,-1
482,1,841.09,201.80,236.32,713.17,-1,-1,-1,-1
482,7,-9.48,135.94,329.73,941.52,-1,-1,-1,-1
483,1,839.38,192.57,233.65,749.70,-1,-1,-1,-1
483,7,-7.21,131.68,339.31,943.68,-1,-1,-1,-1
484,1,836.74,188.83,238.21,779.83,-1,-1,-1,-1
484,7,-3.62,131.25,350.77,939.46,-1,-1,-1,-1
485,1,835.08,189.89,243.94,804.09,-1,-1,-1,-1
485,7,0.29,123.32,374.44,947.17,-1,-1,-1,-1
486,1,830.03,196.53,269.26,796.07,-1,-1,-1,-1
486,7,4.67,107.79,396.16,967.08,-1,-1,-1,-1
487,1,834.04,189.25,243.86,824.66,-1,-1,-1,-1
487,2,977.29,254.25,186.62,484.77,-1,-1,-1,-1
487,7,16.04,104.96,410.40,967.10,-1,-1,-1,-1
488,1,837.60,190.12,227.61,839.48,-1,-1,-1,-1
488,2,985.13,231.69,197.94,520.24,-1,-1,-1,-1
488,7,24.44,101.56,424.98,963.89,-1,-1,-1,-1
489,1,832.68,204.23,232.61,802.86,-1,-1,-1,-1
489,2,988.18,225.39,221.35,539.46,-1,-1,-1,-1
489,7,38.71,99.11,427.17,965.10,-1,-1,-1,-1
490,1,829.37,193.13,232.69,817.33,-1,-1,-1,-1
490,2,995.33,226.12,225.04,541.56,-1,-1,-1,-1
490,7,58.14,105.87,437.51,957.06,-1,-1,-1,-1
491,1,813.51,188.31,243.17,816.55,-1,-1,-1,-1
491,2,1007.66,224.37,212.75,538.92,-1,-1,-1,-1
491,7,86.07,112.95,425.12,953.75,-1,-1,-1,-1
492,1,791.88,194.51,263.77,806.45,-1,-1,-1,-1
492,2,1014.11,218.09,217.94,543.96,-1,-1,-1,-1
492,7,101.72,112.87,429.36,959.29,-1,-1,-1,-1
493,1,751.94,192.43,306.41,815.96,-1,-1,-1,-1
493,2,1026.09,211.39,223.63,548.56,-1,-1,-1,-1
493,7,124.81,108.38,422.69,956.71,-1,-1,-1,-1
494,1,714.90,190.92,341.51,821.97,-1,-1,-1,-1
494,2,1038.92,209.48,225.41,547.13,-1,-1,-1,-1
494,7,150.99,102.40,412.35,962.14,-1,-1,-1,-1
495,1,675.45,198.04,377.79,817.76,-1,-1,-1,-1
495,2,1042.45,211.60,232.28,540.56,-1,-1,-1,-1
495,7,180.80,80.98,407.83,995.23,-1,-1,-1,-1
496,1,653.42,207.99,379.31,806.63,-1,-1,-1,-1
496,2,1044.18,211.80,234.33,542.91,-1,-1,-1,-1
496,7,197.62,98.31,437.45,971.86,-1,-1,-1,-1
497,1,652.32,209.51,343.20,806.24,-1,-1,-1,-1
497,2,1045.73,216.99,231.54,538.41,-1,-1,-1,-1
497,7,222.36,95.87,454.66,975.54,-1,-1,-1,-1
498,1,652.90,216.65,303.71,792.68,-1,-1,-1,-1
498,2,1051.59,217.75,222.94,548.33,-1,-1,-1,-1
498,7,248.34,91.73,455.63,974.27,-1,-1,-1,-1
499,1,641.96,218.27,280.54,776.73,-1,-1,-1,-1
499,2,1061.38,221.04,214.48,558.49,-1,-1,-1,-1
499,7,266.84,94.71,486.03,965.55,-1,-1,-1,-1
500,1,650.26,202.01,244.20,792.14,-1,-1,-1,-1
500,2,1081.42,222.44,202.51,564.23,-1,-1,-1,-1
500,7,294.51,92.97,490.87,970.44,-1,-1,-1,-1
501,1,663.84,198.55,210.68,793.02,-1,-1,-1,-1
501,2,1106.16,224.82,190.64,562.69,-1,-1,-1,-1
501,7,331.64,87.00,489.37,981.59,-1,-1,-1,-1
502,1,650.80,197.37,210.78,793.54,-1,-1,-1,-1
502,2,1123.25,214.87,194.34,579.33,-1,-1,-1,-1
502,7,378.58,85.16,477.01,989.97,-1,-1,-1,-1
503,1,637.77,196.19,210.87,794.06,-1,-1,-1,-1
503,2,1140.79,207.54,196.70,577.34,-1,-1,-1,-1
503,7,431.07,88.95,451.88,988.85,-1,-1,-1,-1
504,1,624.73,195.01,210.96,794.57,-1,-1,-1,-1
504,2,1155.61,194.58,200.90,593.10,-1,-1,-1,-1
504,7,484.90,75.49,437.84,1003.49,-1,-1,-1,-1
505,1,611.69,193.83,211.06,795.09,-1,-1,-1,-1
505,2,1168.30,192.85,195.44,591.87,-1,-1,-1,-1
505,7,519.37,79.95,434.03,989.07,-1,-1,-1,-1
506,2,1171.46,191.44,207.93,595.98,-1,-1,-1,-1
506,7,540.85,59.36,439.23,1006.00,-1,-1,-1,-1
507,1,525.71,154.13,219.88,839.73,-1,-1,-1,-1
507,2,1174.90,193.09,218.11,599.52,-1,-1,-1,-1
507,7,554.93,58.47,442.65,998.32,-1,-1,-1,-1
508,1,507.80,178.21,249.52,817.85,-1,-1,-1,-1
508,2,1175.69,194.92,227.94,603.47,-1,-1,-1,-1
508,7,635.65,40.01,366.56,1028.99,-1,-1,-1,-1
509,1,490.48,184.05,258.42,829.82,-1,-1,-1,-1
509,2,1190.06,195.86,225.75,602.32,-1,-1,-1,-1
509,7,695.04,39.27,329.82,1015.73,-1,-1,-1,-1
510,1,483.96,187.73,231.00,835.53,-1,-1,-1,-1
510,2,1210.01,207.95,206.26,583.56,-1,-1,-1,-1
510,7,740.50,24.19,326.33,1035.12,-1,-1,-1,-1
511,1,472.99,177.73,216.59,864.47,-1,-1,-1,-1
511,2,1227.69,202.90,199.17,590.66,-1,-1,-1,-1
511,7,785.20,32.56,328.33,1021.58,-1,-1,-1,-1
512,1,452.94,182.83,227.74,859.09,-1,-1,-1,-1
512,2,1241.69,193.76,209.46,605.90,-1,-1,-1,-1
512,7,821.30,47.33,336.49,1007.36,-1,-1,-1,-1
513,1,425.63,189.56,245.65,845.31,-1,-1,-1,-1
513,2,1251.19,195.72,225.20,604.60,-1,-1,-1,-1
513,7,861.90,45.31,333.47,1022.47,-1,-1,-1,-1
514,1,403.40,186.84,262.73,844.09,-1,-1,-1,-1
514,2,1260.14,195.59,237.95,602.52,-1,-1,-1,-1
514,7,890.74,60.42,337.63,1003.46,-1,-1,-1,-1
515,1,385.51,184.09,280.88,847.63,-1,-1,-1,-1
515,2,1263.17,193.90,276.15,607.50,-1,-1,-1,-1
515,7,911.48,65.99,346.61,998.72,-1,-1,-1,-1
516,1,368.41,180.34,300.04,851.62,-1,-1,-1,-1
516,2,1270.69,189.84,309.62,620.48,-1,-1,-1,-1
516,7,936.23,71.39,355.13,1000.91,-1,-1,-1,-1
517,1,356.11,180.20,311.86,855.40,-1,-1,-1,-1
517,2,1298.13,181.50,287.90,653.57,-1,-1,-1,-1
517,7,957.70,76.22,390.11,1000.33,-1,-1,-1,-1
518,1,347.46,178.73,317.40,862.37,-1,-1,-1,-1
518,2,1324.62,194.21,267.47,642.33,-1,-1,-1,-1
518,7,976.32,73.58,414.83,1005.29,-1,-1,-1,-1
519,1,336.35,177.67,334.90,869.35,-1,-1,-1,-1
519,2,1348.88,199.73,254.09,633.83,-1,-1,-1,-1
519,7,1002.72,68.44,406.98,1013.11,-1,-1,-1,-1
520,1,336.82,173.83,350.62,880.22,-1,-1,-1,-1
520,2,1369.66,189.18,243.34,645.15,-1,-1,-1,-1
520,7,1035.08,79.13,390.16,990.02,-1,-1,-1,-1
521,1,338.97,168.71,384.01,892.10,-1,-1,-1,-1
521,2,1379.48,175.20,237.59,662.85,-1,-1,-1,-1
521,7,1068.36,93.58,373.41,970.73,-1,-1,-1,-1
522,1,351.41,159.67,399.31,909.57,-1,-1,-1,-1
522,2,1393.72,170.66,215.37,657.26,-1,-1,-1,-1
522,7,1106.55,99.23,358.37,972.59,-1,-1,-1,-1
523,1,364.60,160.67,407.91,915.73,-1,-1,-1,-1
523,2,1393.20,166.57,212.29,670.15,-1,-1,-1,-1
523,7,1129.91,108.35,356.20,967.18,-1,-1,-1,-1
524,1,388.71,164.77,380.43,912.84,-1,-1,-1,-1
524,2,1400.90,168.29,193.43,674.70,-1,-1,-1,-1
524,7,1154.75,114.38,357.68,958.44,-1,-1,-1,-1
525,1,415.43,168.32,352.15,905.52,-1,-1,-1,-1
525,2,1409.32,165.46,195.19,680.96,-1,-1,-1,-1
525,7,1181.81,111.89,368.37,957.27,-1,-1,-1,-1
526,1,433.56,168.39,335.09,905.59,-1,-1,-1,-1
526,2,1417.74,162.62,196.96,687.21,-1,-1,-1,-1
526,7,1211.52,110.84,375.00,965.14,-1,-1,-1,-1
527,1,493.10,162.13,290.55,910.34,-1,-1,-1,-1
527,2,1426.16,159.79,198.73,693.47,-1,-1,-1,-1
527,7,1262.39,118.19,408.23,960.16,-1,-1,-1,-1
528,1,542.74,165.50,271.49,897.60,-1,-1,-1,-1
528,2,1434.58,156.95,200.50,699.72,-1,-1,-1,-1
528,7,1300.03,121.59,418.79,958.37,-1,-1,-1,-1
529,1,583.25,150.59,272.83,919.77,-1,-1,-1,-1
529,7,1322.40,113.46,444.99,960.10,-1,-1,-1,-1
530,1,611.18,151.26,286.93,924.05,-1,-1,-1,-1
530,7,1311.62,105.19,501.92,970.02,-1,-1,-1,-1
531,1,628.64,156.34,358.82,921.46,-1,-1,-1,-1
531,2,1289.39,238.81,168.39,622.90,-1,-1,-1,-1
531,7,1344.10,103.55,504.04,974.04,-1,-1,-1,-1
532,1,640.47,159.73,399.58,919.17,-1,-1,-1,-1
532,2,1258.86,182.25,203.00,718.65,-1,-1,-1,-1
532,7,1376.58,101.91,506.16,978.05,-1,-1,-1,-1
533,1,663.49,160.50,391.79,919.28,-1,-1,-1,-1
533,2,1221.25,166.73,251.48,754.46,-1,-1,-1,-1
533,7,1373.43,112.23,530.51,959.66,-1,-1,-1,-1
534,1,671.97,164.45,388.98,910.57,-1,-1,-1,-1
534,2,1192.16,166.31,292.04,760.38,-1,-1,-1,-1
534,7,1405.65,125.83,515.03,933.89,-1,-1,-1,-1
535,1,691.52,171.92,367.43,891.30,-1,-1,-1,-1
535,2,1180.26,176.45,292.79,747.57,-1,-1,-1,-1
535,7,1438.02,114.82,485.34,949.03,-1,-1,-1,-1
536,1,723.14,176.73,340.26,876.99,-1,-1,-1,-1
536,2,1162.28,178.87,266.64,745.68,-1,-1,-1,-1
536,7,1463.27,114.52,466.06,958.50,-1,-1,-1,-1
537,1,761.49,172.22,310.00,875.56,-1,-1,-1,-1
537,2,1135.75,178.01,243.25,756.94,-1,-1,-1,-1
537,7,1483.18,109.05,451.01,964.25,-1,-1,-1,-1
538,1,796.93,178.08,289.63,855.96,-1,-1,-1,-1
538,2,1085.09,165.22,262.76,774.18,-1,-1,-1,-1
538,7,1503.08,105.54,431.94,969.21,-1,-1,-1,-1
539,1,811.95,160.99,309.38,890.82,-1,-1,-1,-1
539,2,1059.99,162.63,265.49,769.09,-1,-1,-1,-1
539,7,1522.51,113.40,408.97,957.26,-1,-1,-1,-1
540,1,834.84,161.17,329.06,888.89,-1,-1,-1,-1
540,2,1048.56,171.47,261.55,756.94,-1,-1,-1,-1
540,7,1541.43,119.47,381.97,947.38,-1,-1,-1,-1
541,1,870.54,161.48,345.73,878.93,-1,-1,-1,-1
541,2,1017.50,174.87,282.23,758.46,-1,-1,-1,-1
541,7,1561.96,118.99,347.68,951.03,-1,-1,-1,-1
542,1,884.38,163.31,398.39,867.15,-1,-1,-1,-1
542,2,997.78,176.95,281.93,757.65,-1,-1,-1,-1
542,7,1577.05,131.03,326.63,928.33,-1,-1,-1,-1
543,1,904.63,158.13,398.32,871.80,-1,-1,-1,-1
543,2,978.06,179.02,281.63,756.84,-1,-1,-1,-1
543,7,1581.11,130.09,318.81,936.66,-1,-1,-1,-1
544,1,939.89,167.66,358.26,859.97,-1,-1,-1,-1
544,2,958.35,181.10,281.33,756.04,-1,-1,-1,-1
544,7,1583.49,134.37,315.69,926.67,-1,-1,-1,-1
545,1,951.35,165.85,327.21,865.67,-1,-1,-1,-1
545,2,938.63,183.17,281.04,755.23,-1,-1,-1,-1
545,7,1586.35,141.63,309.68,886.94,-1,-1,-1,-1
546,1,948.96,182.11,331.72,839.34,-1,-1,-1,-1
546,7,1585.37,142.06,304.86,869.50,-1,-1,-1,-1
547,1,959.58,190.78,323.16,800.30,-1,-1,-1,-1
547,2,859.35,184.09,226.20,676.92,-1,-1,-1,-1
547,7,1582.68,141.62,301.91,858.70,-1,-1,-1,-1
548,1,984.09,187.28,310.00,816.56,-1,-1,-1,-1
548,2,809.01,175.96,247.60,664.81,-1,-1,-1,-1
548,7,1577.91,139.40,306.56,862.45,-1,-1,-1,-1
549,1,995.00,192.34,303.88,808.86,-1,-1,-1,-1
549,2,774.76,166.53,271.64,690.05,-1,-1,-1,-1
549,7,1569.92,137.86,313.68,859.95,-1,-1,-1,-1
550,1,998.28,198.94,292.62,799.66,-1,-1,-1,-1
550,2,734.73,160.14,312.80,714.05,-1,-1,-1,-1
550,7,1561.23,143.63,326.13,853.38,-1,-1,-1,-1
551,1,1000.89,211.52,277.90,781.70,-1,-1,-1,-1
551,2,695.81,161.71,344.86,733.96,-1,-1,-1,-1
551,7,1556.89,146.88,328.93,853.68,-1,-1,-1,-1
552,1,1003.40,206.02,255.97,793.70,-1,-1,-1,-1
552,2,673.70,166.39,350.26,744.60,-1,-1,-1,-1
552,7,1555.62,157.91,321.86,831.95,-1,-1,-1,-1
553,1,1000.92,212.00,244.37,781.71,-1,-1,-1,-1
553,2,669.97,173.80,306.68,748.98,-1,-1,-1,-1
553,7,1554.82,164.02,307.49,813.31,-1,-1,-1,-1
554,1,997.38,214.77,233.47,763.17,-1,-1,-1,-1
554,2,672.04,187.81,247.15,737.09,-1,-1,-1,-1
554,7,1551.25,170.01,286.53,774.31,-1,-1,-1,-1
555,1,990.40,213.13,227.02,762.45,-1,-1,-1,-1
555,2,653.06,182.45,232.93,757.89,-1,-1,-1,-1
555,7,1548.30,171.45,273.97,748.39,-1,-1,-1,-1
556,1,977.54,219.50,228.54,736.94,-1,-1,-1,-1
556,2,610.63,131.44,249.63,836.20,-1,-1,-1,-1
556,7,1540.97,172.85,264.05,710.96,-1,-1,-1,-1
557,1,947.65,219.72,248.49,717.18,-1,-1,-1,-1
557,2,568.24,132.27,269.12,829.41,-1,-1,-1,-1
557,7,1519.66,167.08,270.43,723.55,-1,-1,-1,-1
558,1,932.92,214.94,249.37,712.24,-1,-1,-1,-1
558,2,523.08,149.22,294.73,781.98,-1,-1,-1,-1
558,7,1474.01,164.36,307.12,720.99,-1,-1,-1,-1
559,1,911.50,211.87,252.42,711.85,-1,-1,-1,-1
559,2,491.27,168.51,318.64,745.05,-1,-1,-1,-1
559,7,1431.14,166.22,337.31,721.70,-1,-1,-1,-1
560,1,891.01,213.72,254.01,704.18,-1,-1,-1,-1
560,2,454.18,176.76,349.35,746.95,-1,-1,-1,-1
560,7,1409.64,169.04,337.29,712.27,-1,-1,-1,-1
561,1,869.29,217.13,261.96,694.03,-1,-1,-1,-1
561,2,435.03,180.82,360.05,764.79,-1,-1,-1,-1
561,7,1387.84,180.98,343.35,687.42,-1,-1,-1,-1
562,1,844.36,217.73,282.63,690.50,-1,-1,-1,-1
562,2,419.44,184.40,361.00,776.01,-1,-1,-1,-1
562,7,1381.00,186.50,330.93,667.66,-1,-1,-1,-1
563,1,831.97,226.44,284.72,667.68,-1,-1,-1,-1
563,2,403.17,189.53,335.33,765.39,-1,-1,-1,-1
563,7,1378.20,190.35,312.82,653.67,-1,-1,-1,-1
564,1,822.77,230.04,279.12,654.49,-1,-1,-1,-1
564,2,347.59,189.26,337.73,768.09,-1,-1,-1,-1
564,7,1366.52,188.98,297.35,643.92,-1,-1,-1,-1
565,1,810.49,224.17,268.05,647.88,-1,-1,-1,-1
565,2,314.58,181.43,347.07,775.02,-1,-1,-1,-1
565,7,1354.91,188.42,293.42,638.94,-1,-1,-1,-1
566,1,798.48,227.06,248.82,636.88,-1,-1,-1,-1
566,2,288.23,166.98,375.32,800.71,-1,-1,-1,-1
566,7,1346.18,190.27,287.15,635.13,-1,-1,-1,-1
567,1,781.57,225.40,228.25,638.75,-1,-1,-1,-1
567,2,257.20,146.53,400.62,837.85,-1,-1,-1,-1
567,7,1339.35,190.24,281.51,632.57,-1,-1,-1,-1
568,1,758.85,220.39,223.78,646.22,-1,-1,-1,-1
568,2,230.91,146.41,405.31,837.39,-1,-1,-1,-1
568,7,1344.25,185.29,261.35,639.02,-1,-1,-1,-1
569,1,729.31,214.37,238.96,654.68,-1,-1,-1,-1
569,2,211.84,136.60,392.34,864.58,-1,-1,-1,-1
569,7,1357.26,189.84,233.01,626.05,-1,-1,-1,-1
570,1,710.31,218.74,249.50,646.84,-1,-1,-1,-1
570,2,199.90,139.16,402.58,890.87,-1,-1,-1,-1
570,7,1355.06,194.26,234.70,616.07,-1,-1,-1,-1
571,1,692.95,228.14,258.11,642.14,-1,-1,-1,-1
571,2,201.16,142.58,392.67,901.43,-1,-1,-1,-1
571,7,1341.89,196.47,245.02,612.73,-1,-1,-1,-1
572,1,681.03,232.30,247.36,640.19,-1,-1,-1,-1
572,2,188.47,150.70,373.15,897.06,-1,-1,-1,-1
572,7,1331.02,198.28,250.57,608.81,-1,-1,-1,-1
573,1,656.68,235.94,227.41,632.29,-1,-1,-1,-1
573,2,168.56,144.63,370.89,912.62,-1,-1,-1,-1
573,7,1325.29,208.20,245.93,596.27,-1,-1,-1,-1
574,1,630.79,236.16,218.38,626.17,-1,-1,-1,-1
574,2,141.10,147.89,387.92,911.44,-1,-1,-1,-1
574,7,1316.09,202.42,233.95,603.18,-1,-1,-1,-1
575,1,603.69,233.95,211.49,635.63,-1,-1,-1,-1
575,2,121.61,145.50,394.91,907.13,-1,-1,-1,-1
575,7,1305.36,203.56,203.51,587.36,-1,-1,-1,-1
576,1,575.29,225.96,223.75,652.30,-1,-1,-1,-1
576,2,83.38,135.61,436.96,904.69,-1,-1,-1,-1
576,7,1287.68,210.08,192.31,571.14,-1,-1,-1,-1
577,1,531.11,231.41,263.12,653.23,-1,-1,-1,-1
577,2,51.98,113.03,470.81,943.50,-1,-1,-1,-1
577,7,1272.44,215.96,176.09,558.68,-1,-1,-1,-1
578,1,511.00,237.12,273.96,652.75,-1,-1,-1,-1
578,2,46.21,102.50,472.66,965.42,-1,-1,-1,-1
578,7,1253.32,213.26,175.67,562.85,-1,-1,-1,-1
579,1,501.78,239.94,271.23,653.76,-1,-1,-1,-1
579,2,37.73,102.99,486.44,968.07,-1,-1,-1,-1
579,7,1228.47,208.71,195.96,568.76,-1,-1,-1,-1
580,1,495.65,237.47,270.31,661.72,-1,-1,-1,-1
580,2,59.09,108.52,454.25,957.08,-1,-1,-1,-1
580,7,1188.97,210.57,234.16,565.82,-1,-1,-1,-1
581,1,483.40,235.79,271.42,666.19,-1,-1,-1,-1
581,2,83.73,106.24,411.75,965.21,-1,-1,-1,-1
581,7,1170.14,207.49,246.31,573.51,-1,-1,-1,-1
582,1,483.62,231.19,260.75,680.10,-1,-1,-1,-1
582,2,116.40,105.87,377.16,960.51,-1,-1,-1,-1
582,7,1161.17,214.29,247.56,568.74,-1,-1,-1,-1
583,1,485.57,228.25,249.11,693.92,-1,-1,-1,-1
583,2,143.45,107.00,386.12,946.01,-1,-1,-1,-1
583,7,1157.29,219.46,241.04,562.30,-1,-1,-1,-1
584,1,486.98,212.07,236.21,724.10,-1,-1,-1,-1
584,2,191.07,90.82,379.39,972.85,-1,-1,-1,-1
584,7,1153.90,217.55,222.95,561.43,-1,-1,-1,-1
585,1,484.14,214.28,234.70,728.72,-1,-1,-1,-1
585,2,226.19,88.39,402.28,974.54,-1,-1,-1,-1
585,7,1150.69,215.48,204.50,561.34,-1,-1,-1,-1
586,1,377.86,145.89,349.53,868.94,-1,-1,-1,-1
586,2,236.88,84.51,404.53,979.94,-1,-1,-1,-1
586,7,1151.42,211.80,169.01,569.60,-1,-1,-1,-1
587,1,332.88,89.10,405.21,970.56,-1,-1,-1,-1
587,2,247.56,80.62,406.79,985.34,-1,-1,-1,-1
587,7,1137.72,210.48,157.18,568.89,-1,-1,-1,-1
588,1,312.17,89.91,439.14,981.06,-1,-1,-1,-1
588,2,258.25,76.74,409.04,990.75,-1,-1,-1,-1
588,7,1112.68,221.11,163.85,546.53,-1,-1,-1,-1
589,1,323.93,89.41,430.89,985.74,-1,-1,-1,-1
589,2,268.94,72.86,411.29,996.15,-1,-1,-1,-1
589,7,1092.49,218.81,166.19,554.25,-1,-1,-1,-1
590,1,339.36,85.67,422.64,984.85,-1,-1,-1,-1
590,7,1067.37,219.67,188.14,554.32,-1,-1,-1,-1
591,1,387.49,105.95,391.43,959.61,-1,-1,-1,-1
591,7,1049.04,223.59,201.64,548.79,-1,-1,-1,-1
592,1,437.71,112.98,367.96,944.48,-1,-1,-1,-1
592,7,1043.16,226.38,206.41,550.18,-1,-1,-1,-1
593,1,485.28,102.10,381.01,930.89,-1,-1,-1,-1
593,7,1039.06,234.63,201.20,540.88,-1,-1,-1,-1
594,1,517.14,85.26,412.43,946.08,-1,-1,-1,-1
594,7,1031.91,229.31,193.51,547.76,-1,-1,-1,-1
595,1,539.88,75.17,435.28,952.86,-1,-1,-1,-1
595,7,1030.21,230.16,168.52,545.45,-1,-1,-1,-1
596,1,551.56,154.10,515.89,851.01,-1,-1,-1,-1
596,7,1018.41,233.30,156.27,524.41,-1,-1,-1,-1
597,1,593.93,151.08,518.35,879.99,-1,-1,-1,-1
597,7,985.20,237.02,176.16,511.97,-1,-1,-1,-1
598,1,642.74,192.32,506.45,837.79,-1,-1,-1,-1
598,7,973.64,227.33,181.35,530.20,-1,-1,-1,-1
599,1,707.05,135.66,470.60,922.08,-1,-1,-1,-1
599,7,914.55,117.11,236.86,737.71,-1,-1,-1,-1
600,1,771.42,170.45,314.58,841.62,-1,-1,-1,-1
600,7,847.06,56.97,338.10,907.07,-1,-1,-1,-1
601,1,793.55,184.65,251.00,827.28,-1,-1,-1,-1
601,7,818.08,22.64,399.40,1015.50,-1,-1,-1,-1
602,1,812.86,234.22,240.40,738.84,-1,-1,-1,-1
602,7,821.10,15.29,424.11,1055.57,-1,-1,-1,-1
603,1,816.04,233.81,293.07,735.76,-1,-1,-1,-1
603,2,1003.71,38.04,431.10,1031.68,-1,-1,-1,-1
603,7,805.74,31.48,483.85,1037.89,-1,-1,-1,-1
604,1,823.20,235.64,320.83,725.67,-1,-1,-1,-1
604,2,1059.64,20.70,453.97,1051.47,-1,-1,-1,-1
604,7,867.70,160.88,298.34,763.35,-1,-1,-1,-1
605,1,847.97,246.85,311.87,705.33,-1,-1,-1,-1
605,2,1105.82,13.20,458.91,1062.83,-1,-1,-1,-1
605,7,848.82,205.48,304.72,734.47,-1,-1,-1,-1
606,1,906.62,254.33,201.78,546.45,-1,-1,-1,-1
606,2,1152.00,5.70,463.84,1074.18,-1,-1,-1,-1
606,7,861.00,225.72,303.39,719.27,-1,-1,-1,-1
607,1,919.45,235.52,264.48,653.28,-1,-1,-1,-1
607,2,1166.79,47.21,450.38,1020.42,-1,-1,-1,-1
607,7,877.17,244.09,228.48,624.21,-1,-1,-1,-1
608,1,928.10,228.74,287.38,678.84,-1,-1,-1,-1
608,2,1154.04,75.99,516.53,974.48,-1,-1,-1,-1
608,7,864.98,240.46,187.98,586.04,-1,-1,-1,-1
609,1,937.92,223.61,307.34,696.12,-1,-1,-1,-1
609,2,1211.48,86.99,518.03,956.36,-1,-1,-1,-1
609,7,841.28,226.31,190.09,587.33,-1,-1,-1,-1
610,1,958.89,221.45,320.55,709.49,-1,-1,-1,-1
610,2,1259.74,98.55,506.99,935.83,-1,-1,-1,-1
610,7,822.00,223.01,207.05,611.14,-1,-1,-1,-1
611,1,979.27,225.60,338.17,708.56,-1,-1,-1,-1
611,2,1275.36,86.41,550.04,934.63,-1,-1,-1,-1
611,7,806.83,222.32,217.54,629.35,-1,-1,-1,-1
612,1,998.31,230.28,316.39,707.19,-1,-1,-1,-1
612,2,1321.20,92.35,542.10,920.98,-1,-1,-1,-1
612,7,796.52,219.96,219.58,644.76,-1,-1,-1,-1
613,1,1015.92,229.04,269.03,695.15,-1,-1,-1,-1
613,2,1367.04,98.30,534.17,907.32,-1,-1,-1,-1
613,7,786.01,215.17,217.88,653.57,-1,-1,-1,-1
614,1,1022.81,238.61,244.08,654.52,-1,-1,-1,-1
614,2,1412.88,104.24,526.23,893.67,-1,-1,-1,-1
614,7,773.60,215.96,203.27,654.35,-1,-1,-1,-1
615,1,1019.41,235.49,244.09,638.54,-1,-1,-1,-1
615,2,1397.85,50.61,536.89,1003.70,-1,-1,-1,-1
615,7,755.44,215.78,200.09,654.57,-1,-1,-1,-1
616,1,1012.31,226.96,245.15,635.03,-1,-1,-1,-1
616,2,1419.78,55.86,521.40,1006.35,-1,-1,-1,-1
616,7,732.99,215.83,204.87,665.10,-1,-1,-1,-1
617,1,1008.15,229.97,240.70,619.54,-1,-1,-1,-1
617,2,1455.40,79.43,488.96,986.19,-1,-1,-1,-1
617,7,706.52,212.68,217.65,690.63,-1,-1,-1,-1
618,1,1000.54,219.49,227.89,636.94,-1,-1,-1,-1
618,2,1505.94,74.30,436.78,1001.38,-1,-1,-1,-1
618,7,686.28,207.89,224.26,711.62,-1,-1,-1,-1
619,1,992.14,222.69,223.38,629.52,-1,-1,-1,-1
619,2,1551.10,82.81,389.40,995.02,-1,-1,-1,-1
619,7,668.30,207.98,229.53,725.13,-1,-1,-1,-1
620,1,982.60,227.30,221.90,620.31,-1,-1,-1,-1
620,2,1582.78,83.77,358.44,993.16,-1,-1,-1,-1
620,7,649.26,211.15,239.48,724.86,-1,-1,-1,-1
621,1,968.74,236.10,229.20,601.11,-1,-1,-1,-1
621,2,1595.50,90.33,347.80,970.95,-1,-1,-1,-1
621,7,632.76,212.77,245.99,731.38,-1,-1,-1,-1
622,1,959.08,244.92,224.00,585.57,-1,-1,-1,-1
622,2,1605.43,95.31,336.03,959.35,-1,-1,-1,-1
622,7,621.22,207.76,238.52,741.04,-1,-1,-1,-1
623,1,949.05,245.71,211.55,564.93,-1,-1,-1,-1
623,2,1606.02,102.61,326.98,932.82,-1,-1,-1,-1
623,7,609.73,200.58,226.64,755.38,-1,-1,-1,-1
624,1,940.44,247.63,201.84,549.63,-1,-1,-1,-1
624,2,1604.80,102.67,307.78,908.35,-1,-1,-1,-1
624,7,599.29,189.04,215.20,774.70,-1,-1,-1,-1
625,1,933.91,243.64,190.65,552.48,-1,-1,-1,-1
625,2,1585.94,96.07,328.53,927.03,-1,-1,-1,-1
625,7,592.66,186.36,205.83,783.25,-1,-1,-1,-1
626,1,927.29,229.94,188.90,565.44,-1,-1,-1,-1
626,2,1565.84,104.73,349.92,921.22,-1,-1,-1,-1
626,7,575.34,187.74,214.82,770.05,-1,-1,-1,-1
627,1,904.30,237.14,209.38,552.33,-1,-1,-1,-1
627,2,1549.03,161.90,372.59,860.54,-1,-1,-1,-1
627,7,558.24,179.65,223.72,785.99,-1,-1,-1,-1
628,1,875.41,238.00,233.77,548.51,-1,-1,-1,-1
628,2,1527.57,154.47,396.17,878.99,-1,-1,-1,-1
628,7,539.52,168.98,233.90,828.46,-1,-1,-1,-1
629,1,862.89,236.41,238.38,557.42,-1,-1,-1,-1
629,2,1512.65,138.69,376.95,880.11,-1,-1,-1,-1
629,7,511.54,169.80,256.61,847.25,-1,-1,-1,-1
630,1,836.33,239.79,246.47,553.82,-1,-1,-1,-1
630,2,1500.58,139.07,329.95,853.03,-1,-1,-1,-1
630,7,503.38,171.88,256.93,862.45,-1,-1,-1,-1
631,1,822.30,248.35,230.75,539.17,-1,-1,-1,-1
631,2,1478.11,131.41,301.74,845.09,-1,-1,-1,-1
631,7,488.87,175.06,267.88,868.66,-1,-1,-1,-1
632,1,815.48,234.00,196.56,561.81,-1,-1,-1,-1
632,2,1446.44,128.52,310.37,851.12,-1,-1,-1,-1
632,7,467.58,178.69,284.00,861.60,-1,-1,-1,-1
633,1,802.23,247.01,167.83,543.66,-1,-1,-1,-1
633,2,1409.30,127.28,335.58,854.05,-1,-1,-1,-1
633,7,447.45,179.16,292.07,869.08,-1,-1,-1,-1
634,1,782.50,249.96,162.71,543.34,-1,-1,-1,-1
634,2,1376.43,130.42,362.13,842.96,-1,-1,-1,-1
634,7,415.81,174.54,286.32,880.49,-1,-1,-1,-1
635,1,737.62,242.12,197.85,557.97,-1,-1,-1,-1
635,2,1340.47,131.53,374.13,833.76,-1,-1,-1,-1
635,7,387.73,173.37,292.64,874.48,-1,-1,-1,-1
636,1,681.74,237.14,246.61,567.86,-1,-1,-1,-1
636,2,1293.88,141.11,412.60,824.37,-1,-1,-1,-1
636,7,369.70,165.46,275.78,883.79,-1,-1,-1,-1
637,1,653.74,240.17,264.76,572.38,-1,-1,-1,-1
637,2,1275.34,138.94,410.17,829.89,-1,-1,-1,-1
637,7,350.81,155.30,272.77,904.85,-1,-1,-1,-1
638,1,646.09,241.05,258.68,582.55,-1,-1,-1,-1
638,2,1251.36,137.58,427.38,836.26,-1,-1,-1,-1
638,7,338.39,160.24,266.68,893.25,-1,-1,-1,-1
639,1,638.86,248.22,247.70,578.33,-1,-1,-1,-1
639,2,1251.33,147.97,384.61,816.91,-1,-1,-1,-1
639,7,328.11,160.70,269.42,896.25,-1,-1,-1,-1
640,1,625.53,244.04,236.81,590.59,-1,-1,-1,-1
640,2,1238.30,153.01,337.93,799.59,-1,-1,-1,-1
640,7,302.47,154.05,294.47,915.67,-1,-1,-1,-1
641,1,597.62,241.02,242.97,591.60,-1,-1,-1,-1
641,2,1222.55,159.62,279.23,773.67,-1,-1,-1,-1
641,7,288.29,155.61,308.69,920.04,-1,-1,-1,-1
642,1,574.37,224.10,244.55,623.97,-1,-1,-1,-1
642,2,1164.59,145.96,295.06,788.86,-1,-1,-1,-1
642,7,270.59,151.18,325.85,926.84,-1,-1,-1,-1