21,0,6.06,254.42,243.93,580.57,-1,-1,-1,-1
22,0,6.55,248.92,238.60,584.77,-1,-1,-1,-1
23,0,6.86,243.18,231.98,605.54,-1,-1,-1,-1
24,0,5.54,252.77,229.71,601.79,-1,-1,-1,-1
25,0,7.29,252.33,228.18,604.55,-1,-1,-1,-1
26,0,6.10,247.41,229.91,615.69,-1,-1,-1,-1
27,0,5.48,251.43,234.01,620.51,-1,-1,-1,-1
28,0,6.13,253.03,235.83,625.83,-1,-1,-1,-1
29,0,9.37,251.98,239.56,630.55,-1,-1,-1,-1
30,0,15.60,253.58,239.41,629.93,-1,-1,-1,-1
31,0,21.46,255.70,241.94,626.46,-1,-1,-1,-1
32,0,24.65,251.72,250.95,633.57,-1,-1,-1,-1
33,0,46.68,246.23,236.22,638.34,-1,-1,-1,-1
34,0,62.91,243.44,245.19,634.45,-1,-1,-1,-1
35,0,75.56,237.02,278.82,645.32,-1,-1,-1,-1
36,0,95.72,240.60,300.95,641.45,-1,-1,-1,-1
37,0,112.53,241.26,308.99,641.52,-1,-1,-1,-1
38,0,127.04,241.20,301.67,646.68,-1,-1,-1,-1
39,0,142.00,232.54,289.65,660.01,-1,-1,-1,-1
40,0,170.70,228.25,259.87,662.05,-1,-1,-1,-1
41,0,201.95,225.31,239.67,664.99,-1,-1,-1,-1
42,0,233.45,225.01,218.11,663.36,-1,-1,-1,-1
43,0,252.24,224.70,217.36,670.74,-1,-1,-1,-1
44,0,268.77,224.63,248.31,675.89,-1,-1,-1,-1
45,0,286.15,226.13,281.03,669.52,-1,-1,-1,-1
46,0,306.17,223.78,304.24,673.70,-1,-1,-1,-1
47,0,334.57,223.56,297.39,677.89,-1,-1,-1,-1
48,0,364.78,220.59,279.16,683.35,-1,-1,-1,-1
49,0,389.30,217.01,257.86,691.24,-1,-1,-1,-1
50,0,413.72,214.85,236.55,692.51,-1,-1,-1,-1
51,0,437.54,216.33,221.38,687.12,-1,-1,-1,-1
52,0,460.67,211.36,222.23,690.69,-1,-1,-1,-1
53,0,471.00,226.45,274.32,664.54,-1,-1,-1,-1
54,0,484.21,226.58,301.52,662.58,-1,-1,-1,-1
55,0,499.62,220.55,301.34,670.09,-1,-1,-1,-1
56,0,511.69,229.54,308.24,657.39,-1,-1,-1,-1
57,0,526.96,218.76,301.31,673.06,-1,-1,-1,-1
58,0,565.93,212.80,266.88,677.88,-1,-1,-1,-1
59,0,597.31,211.98,234.57,673.27,-1,-1,-1,-1
60,0,635.57,208.43,205.35,672.39,-1,-1,-1,-1
61,0,662.63,213.59,204.49,668.04,-1,-1,-1,-1
62,0,683.59,206.87,237.07,681.11,-1,-1,-1,-1
63,0,699.49,208.84,259.40,680.04,-1,-1,-1,-1
64,0,711.04,218.82,289.48,662.04,-1,-1,-1,-1
65,0,723.51,224.00,300.58,654.17,-1,-1,-1,-1
66,0,750.54,219.25,283.99,659.93,-1,-1,-1,-1
67,0,770.11,229.42,272.52,644.61,-1,-1,-1,-1
68,0,800.30,215.19,240.69,658.43,-1,-1,-1,-1
69,0,835.40,200.46,214.56,679.15,-1,-1,-1,-1
70,0,865.28,200.05,205.09,679.79,-1,-1,-1,-1
71,0,894.18,193.45,188.01,690.61,-1,-1,-1,-1
72,0,900.80,204.16,216.06,672.37,-1,-1,-1,-1
73,0,911.47,209.23,233.66,657.93,-1,-1,-1,-1
74,0,920.30,213.66,242.00,654.90,-1,-1,-1,-1
75,0,929.55,212.70,245.59,655.66,-1,-1,-1,-1
76,0,947.10,214.74,230.21,640.52,-1,-1,-1,-1
77,0,980.80,212.66,195.97,629.63,-1,-1,-1,-1
78,0,1007.47,207.50,171.25,628.07,-1,-1,-1,-1
79,0,1025.73,206.11,174.53,629.14,-1,-1,-1,-1
80,0,1042.02,202.37,189.50,635.61,-1,-1,-1,-1
81,0,1051.40,205.44,219.88,631.67,-1,-1,-1,-1
82,0,1065.89,212.67,229.60,621.98,-1,-1,-1,-1
83,0,1068.63,208.86,249.69,630.11,-1,-1,-1,-1
84,0,1080.70,209.25,242.90,633.19,-1,-1,-1,-1
85,0,1105.94,203.82,213.18,641.97,-1,-1,-1,-1
86,0,1134.51,213.46,182.24,621.84,-1,-1,-1,-1
87,0,1150.37,216.04,169.95,617.79,-1,-1,-1,-1
88,0,1162.46,208.78,170.25,628.73,-1,-1,-1,-1
89,0,1171.66,204.62,186.80,638.55,-1,-1,-1,-1
90,0,1176.26,208.48,219.30,643.77,-1,-1,-1,-1
91,0,1182.92,209.52,247.46,657.30,-1,-1,-1,-1
92,0,1191.17,208.62,264.11,662.83,-1,-1,-1,-1
93,0,1206.27,200.54,256.75,686.37,-1,-1,-1,-1
94,0,1214.59,198.47,258.46,700.30,-1,-1,-1,-1
95,0,1228.18,198.21,258.33,708.18,-1,-1,-1,-1
96,0,1238.39,195.48,258.10,710.25,-1,-1,-1,-1
97,0,1246.04,190.22,263.16,723.48,-1,-1,-1,-1
98,0,1257.60,184.36,261.92,740.06,-1,-1,-1,-1
99,0,1263.65,179.88,265.42,761.80,-1,-1,-1,-1
100,0,1270.19,175.24,263.37,789.94,-1,-1,-1,-1
101,0,1273.99,170.53,265.94,805.41,-1,-1,-1,-1
102,0,1275.07,173.15,267.32,815.78,-1,-1,-1,-1
103,0,1275.19,171.44,269.06,829.91,-1,-1,-1,-1
104,0,1273.86,170.36,277.95,840.56,-1,-1,-1,-1
105,0,1273.14,165.09,281.14,850.97,-1,-1,-1,-1
106,0,1271.78,169.36,286.38,843.38,-1,-1,-1,-1
107,0,1265.97,161.34,297.05,866.79,-1,-1,-1,-1
108,0,1267.83,153.31,295.87,894.85,-1,-1,-1,-1
109,0,1273.48,155.68,289.39,899.94,-1,-1,-1,-1
110,0,1278.85,157.96,279.93,898.77,-1,-1,-1,-1
111,0,1273.62,159.47,272.79,894.55,-1,-1,-1,-1
112,0,1276.42,156.32,258.52,896.58,-1,-1,-1,-1
113,0,1279.55,153.67,253.18,900.07,-1,-1,-1,-1
114,0,1283.60,160.82,234.50,883.07,-1,-1,-1,-1
115,0,1271.13,152.64,242.53,894.65,-1,-1,-1,-1
116,0,1267.60,148.44,241.41,908.39,-1,-1,-1,-1
117,0,1251.46,139.25,253.35,921.38,-1,-1,-1,-1
118,0,1229.25,135.87,273.76,935.07,-1,-1,-1,-1
119,0,1214.85,143.80,284.36,923.91,-1,-1,-1,-1
120,0,1205.03,147.96,287.82,915.05,-1,-1,-1,-1
121,0,1194.56,147.31,290.97,920.53,-1,-1,-1,-1
122,0,1185.20,161.34,283.59,898.89,-1,-1,-1,-1
123,0,1174.85,159.39,268.85,892.45,-1,-1,-1,-1
124,0,1162.07,159.62,260.52,866.59,-1,-1,-1,-1
125,0,1150.79,155.23,257.76,868.50,-1,-1,-1,-1
126,0,1139.08,149.64,256.67,870.51,-1,-1,-1,-1
127,0,1121.56,152.94,259.32,855.37,-1,-1,-1,-1
128,0,1103.54,161.20,264.96,842.87,-1,-1,-1,-1
129,0,1084.61,168.08,269.00,835.63,-1,-1,-1,-1
130,0,1073.43,172.98,269.76,826.09,-1,-1,-1,-1
131,0,1063.69,179.20,270.01,812.44,-1,-1,-1,-1
132,0,1052.23,177.56,264.04,809.96,-1,-1,-1,-1
133,0,1034.18,188.06,269.13,771.90,-1,-1,-1,-1
134,0,1024.73,186.30,251.46,752.02,-1,-1,-1,-1
135,0,1018.13,184.31,237.40,749.46,-1,-1,-1,-1
136,0,1005.01,190.98,236.60,737.75,-1,-1,-1,-1
136,1,1.30,233.59,170.95,576.58,-1,-1,-1,-1
137,0,995.48,195.11,236.10,732.57,-1,-1,-1,-1
137,1,4.30,231.65,167.82,577.29,-1,-1,-1,-1
138,0,985.83,189.56,233.50,741.98,-1,-1,-1,-1
138,1,5.69,224.49,175.88,592.94,-1,-1,-1,-1
139,0,981.29,189.97,229.81,738.93,-1,-1,-1,-1
139,1,5.77,227.78,191.68,584.27,-1,-1,-1,-1
140,0,976.76,198.30,227.91,724.74,-1,-1,-1,-1
140,1,6.16,233.16,225.76,574.23,-1,-1,-1,-1
141,0,973.72,207.07,225.73,704.58,-1,-1,-1,-1
141,1,14.95,242.64,258.98,561.19,-1,-1,-1,-1
142,0,974.00,209.97,218.38,678.32,-1,-1,-1,-1
142,1,27.74,241.95,268.32,565.22,-1,-1,-1,-1
143,0,970.47,212.58,213.63,658.06,-1,-1,-1,-1
143,1,46.93,240.73,265.14,568.26,-1,-1,-1,-1
144,0,969.99,208.90,208.20,654.69,-1,-1,-1,-1
144,1,63.37,242.54,256.64,566.10,-1,-1,-1,-1
145,0,964.94,209.14,203.88,649.81,-1,-1,-1,-1
145,1,86.43,231.67,235.19,582.79,-1,-1,-1,-1
146,0,955.52,212.34,204.44,639.56,-1,-1,-1,-1
146,1,104.78,224.88,220.57,591.85,-1,-1,-1,-1
147,0,945.53,217.04,212.18,628.70,-1,-1,-1,-1
147,1,122.55,222.65,211.60,591.56,-1,-1,-1,-1
148,0,939.04,219.48,217.41,624.96,-1,-1,-1,-1
148,1,135.56,226.91,214.76,583.79,-1,-1,-1,-1
149,0,937.24,226.70,217.05,612.84,-1,-1,-1,-1
149,1,154.72,234.80,227.14,568.87,-1,-1,-1,-1
150,0,932.49,231.25,217.00,598.70,-1,-1,-1,-1
150,1,175.38,225.63,254.85,584.68,-1,-1,-1,-1
151,0,928.28,231.02,197.98,589.88,-1,-1,-1,-1
151,1,192.82,226.01,262.32,585.39,-1,-1,-1,-1
152,0,921.65,228.75,181.68,591.52,-1,-1,-1,-1
152,1,211.12,224.68,259.40,589.10,-1,-1,-1,-1
153,0,911.41,220.12,170.62,604.39,-1,-1,-1,-1
153,1,230.75,226.97,253.00,586.28,-1,-1,-1,-1
154,0,898.24,214.25,167.24,611.20,-1,-1,-1,-1
154,1,254.89,230.29,232.78,576.28,-1,-1,-1,-1
155,0,877.40,216.10,188.50,608.95,-1,-1,-1,-1
155,1,282.88,223.61,204.45,580.01,-1,-1,-1,-1
156,0,860.75,217.59,203.73,603.13,-1,-1,-1,-1
156,1,299.41,225.72,201.29,568.55,-1,-1,-1,-1
157,0,847.56,221.16,216.79,597.13,-1,-1,-1,-1
157,1,313.43,226.57,201.21,566.75,-1,-1,-1,-1
158,0,835.15,220.74,225.85,600.21,-1,-1,-1,-1
158,1,326.44,231.60,219.85,569.39,-1,-1,-1,-1
159,0,820.91,223.36,235.24,596.31,-1,-1,-1,-1
159,1,341.79,228.36,255.19,575.25,-1,-1,-1,-1
160,0,810.13,226.59,238.06,591.14,-1,-1,-1,-1
160,1,362.74,225.44,267.05,578.30,-1,-1,-1,-1
161,0,802.57,225.08,232.72,591.23,-1,-1,-1,-1
161,1,377.95,224.29,267.41,580.13,-1,-1,-1,-1
162,0,792.99,229.67,223.88,583.56,-1,-1,-1,-1
162,1,398.72,229.97,249.49,575.76,-1,-1,-1,-1
163,0,784.93,226.90,210.76,588.77,-1,-1,-1,-1
163,1,425.11,233.52,221.10,565.49,-1,-1,-1,-1
164,0,771.74,234.83,201.19,577.32,-1,-1,-1,-1
164,1,454.85,226.93,197.62,573.87,-1,-1,-1,-1
165,0,758.39,226.51,196.49,600.07,-1,-1,-1,-1
165,1,473.87,233.00,187.40,560.82,-1,-1,-1,-1
166,0,742.60,224.16,201.54,609.82,-1,-1,-1,-1
166,1,493.07,226.24,187.57,573.83,-1,-1,-1,-1
167,0,713.21,224.66,224.45,613.28,-1,-1,-1,-1
167,1,508.14,225.85,203.28,570.49,-1,-1,-1,-1
168,0,694.76,237.41,239.01,600.79,-1,-1,-1,-1
168,1,528.54,213.22,213.11,598.52,-1,-1,-1,-1
169,0,683.46,247.36,245.62,588.50,-1,-1,-1,-1
169,1,535.92,212.46,227.27,607.48,-1,-1,-1,-1
170,0,652.00,238.20,247.45,603.76,-1,-1,-1,-1
170,1,535.76,224.02,244.36,590.04,-1,-1,-1,-1
171,0,599.85,233.96,285.28,609.43,-1,-1,-1,-1
171,1,553.11,225.10,243.96,589.06,-1,-1,-1,-1
172,0,586.52,224.67,274.60,625.49,-1,-1,-1,-1
172,1,570.46,226.19,243.56,588.09,-1,-1,-1,-1
173,0,566.69,220.87,278.61,634.59,-1,-1,-1,-1
173,1,608.29,221.65,226.26,629.77,-1,-1,-1,-1
174,0,546.86,217.06,282.62,643.69,-1,-1,-1,-1
174,1,623.75,221.38,209.84,635.20,-1,-1,-1,-1
175,0,587.87,225.32,228.79,647.05,-1,-1,-1,-1
175,1,639.46,219.42,212.84,644.31,-1,-1,-1,-1
176,0,587.08,225.36,232.76,647.29,-1,-1,-1,-1
176,1,655.18,217.47,215.85,653.42,-1,-1,-1,-1
177,0,568.20,231.50,237.61,632.80,-1,-1,-1,-1
177,1,686.32,234.35,203.86,573.03,-1,-1,-1,-1
178,0,559.68,235.47,224.59,625.69,-1,-1,-1,-1
178,1,703.22,224.03,222.86,577.37,-1,-1,-1,-1
179,0,550.09,246.83,205.31,598.75,-1,-1,-1,-1
179,1,712.37,216.42,229.08,583.58,-1,-1,-1,-1
180,0,538.14,253.20,199.72,588.45,-1,-1,-1,-1
180,1,713.93,211.79,233.55,591.86,-1,-1,-1,-1
181,0,528.18,256.42,201.15,581.15,-1,-1,-1,-1
181,1,743.78,213.71,204.99,580.35,-1,-1,-1,-1
182,0,515.94,238.01,206.16,611.01,-1,-1,-1,-1
182,1,783.82,217.24,168.11,565.51,-1,-1,-1,-1
183,0,509.05,238.44,207.49,614.76,-1,-1,-1,-1
183,1,810.97,211.70,166.73,571.67,-1,-1,-1,-1
184,0,496.84,233.34,212.45,616.46,-1,-1,-1,-1
184,1,839.02,204.97,165.08,580.90,-1,-1,-1,-1
185,0,493.36,240.85,206.99,601.99,-1,-1,-1,-1
185,1,847.57,211.67,185.90,568.39,-1,-1,-1,-1
186,0,492.35,235.88,199.74,610.42,-1,-1,-1,-1
186,1,864.84,213.50,205.55,568.44,-1,-1,-1,-1
187,0,488.12,241.74,197.89,601.03,-1,-1,-1,-1
187,1,870.14,221.38,227.32,552.71,-1,-1,-1,-1
188,0,485.96,246.58,177.75,591.34,-1,-1,-1,-1
188,1,888.77,226.12,219.86,537.53,-1,-1,-1,-1
189,0,481.13,246.61,170.18,597.27,-1,-1,-1,-1
189,1,913.69,224.39,199.28,538.38,-1,-1,-1,-1
190,0,472.44,242.34,164.09,600.21,-1,-1,-1,-1
190,1,932.26,218.89,186.03,538.95,-1,-1,-1,-1
191,0,461.45,240.70,167.28,608.49,-1,-1,-1,-1
191,1,947.28,214.73,175.00,548.14,-1,-1,-1,-1
192,0,448.94,238.06,172.97,612.34,-1,-1,-1,-1
192,1,970.18,208.05,164.63,558.48,-1,-1,-1,-1
193,0,431.82,236.81,186.03,616.48,-1,-1,-1,-1
193,1,986.17,203.72,167.76,560.96,-1,-1,-1,-1
194,0,418.30,233.51,195.32,625.20,-1,-1,-1,-1
194,1,1001.27,201.10,171.37,572.62,-1,-1,-1,-1
195,0,401.83,232.33,211.68,634.11,-1,-1,-1,-1
195,1,1005.33,212.15,207.49,553.01,-1,-1,-1,-1
196,0,379.43,235.59,233.80,636.97,-1,-1,-1,-1
196,1,1017.55,208.06,218.67,558.82,-1,-1,-1,-1
197,0,355.79,215.25,249.28,679.59,-1,-1,-1,-1
197,1,1019.63,209.22,239.08,560.27,-1,-1,-1,-1
198,0,337.75,216.41,264.66,681.35,-1,-1,-1,-1
198,1,1026.17,206.43,239.97,565.28,-1,-1,-1,-1
199,0,326.22,211.21,261.75,694.01,-1,-1,-1,-1
199,1,1050.80,210.07,216.48,561.58,-1,-1,-1,-1
200,0,313.81,212.02,266.79,696.70,-1,-1,-1,-1
200,1,1085.86,210.44,181.26,561.65,-1,-1,-1,-1
201,0,305.67,211.38,263.93,710.38,-1,-1,-1,-1
201,1,1109.06,209.26,171.03,562.36,-1,-1,-1,-1
202,0,299.47,209.27,264.42,731.37,-1,-1,-1,-1
202,1,1128.68,192.29,179.89,587.52,-1,-1,-1,-1
203,0,296.10,211.22,264.58,748.54,-1,-1,-1,-1
203,1,1142.03,182.73,209.06,599.10,-1,-1,-1,-1
204,0,292.91,209.84,267.40,761.37,-1,-1,-1,-1
204,1,1150.53,184.52,246.66,598.77,-1,-1,-1,-1
205,0,290.23,212.77,275.13,763.64,-1,-1,-1,-1
205,1,1161.20,194.64,260.06,588.18,-1,-1,-1,-1
206,0,287.77,209.39,282.19,774.45,-1,-1,-1,-1
206,1,1173.48,186.03,260.82,605.32,-1,-1,-1,-1
207,0,284.85,205.28,289.04,777.67,-1,-1,-1,-1
207,1,1190.33,194.42,249.07,597.40,-1,-1,-1,-1
208,0,282.64,202.87,294.39,779.48,-1,-1,-1,-1
208,1,1207.83,194.63,232.44,590.73,-1,-1,-1,-1
209,0,281.05,193.23,294.30,801.82,-1,-1,-1,-1
209,1,1227.77,195.75,217.17,594.07,-1,-1,-1,-1
210,0,279.05,184.55,295.25,835.35,-1,-1,-1,-1
210,1,1246.19,194.15,212.30,596.13,-1,-1,-1,-1
211,0,271.73,183.32,302.45,860.39,-1,-1,-1,-1
211,1,1257.74,197.84,229.67,596.31,-1,-1,-1,-1
212,0,263.65,182.20,306.64,867.47,-1,-1,-1,-1
212,1,1262.25,195.15,267.07,602.99,-1,-1,-1,-1
213,0,256.78,182.88,308.96,868.46,-1,-1,-1,-1
213,1,1269.75,192.26,279.80,612.03,-1,-1,-1,-1
214,0,244.50,188.75,314.69,854.07,-1,-1,-1,-1
214,1,1281.76,189.05,297.80,620.99,-1,-1,-1,-1
215,0,229.77,187.06,323.72,860.05,-1,-1,-1,-1
215,1,1298.73,189.37,295.06,626.09,-1,-1,-1,-1
216,0,218.79,177.80,330.51,881.65,-1,-1,-1,-1
216,1,1318.14,198.01,277.59,619.27,-1,-1,-1,-1
217,0,212.40,170.48,326.65,897.40,-1,-1,-1,-1
217,1,1335.43,203.29,256.51,611.57,-1,-1,-1,-1
218,0,206.80,163.36,335.48,912.83,-1,-1,-1,-1
218,1,1346.51,201.49,249.10,614.38,-1,-1,-1,-1
219,0,206.48,163.54,339.93,912.06,-1,-1,-1,-1
219,1,1349.48,191.47,249.93,632.51,-1,-1,-1,-1
220,0,207.62,164.04,343.41,915.55,-1,-1,-1,-1
220,1,1353.01,181.13,251.20,652.17,-1,-1,-1,-1
221,0,218.67,163.75,336.62,917.61,-1,-1,-1,-1
221,1,1357.01,172.45,254.97,671.66,-1,-1,-1,-1
222,0,236.72,164.71,323.02,914.45,-1,-1,-1,-1
222,1,1354.88,165.21,261.56,689.01,-1,-1,-1,-1
223,0,258.43,163.53,311.63,912.09,-1,-1,-1,-1
223,1,1341.46,162.61,281.44,700.09,-1,-1,-1,-1
224,0,280.29,157.91,294.52,918.97,-1,-1,-1,-1
224,1,1329.56,161.93,297.72,715.28,-1,-1,-1,-1
225,0,297.30,163.58,299.19,906.69,-1,-1,-1,-1
225,1,1318.75,164.08,316.15,721.54,-1,-1,-1,-1
226,0,326.35,148.18,281.14,919.47,-1,-1,-1,-1
226,1,1319.15,164.55,308.74,727.07,-1,-1,-1,-1
227,0,345.44,147.58,279.01,914.63,-1,-1,-1,-1
227,1,1324.33,166.95,299.49,725.98,-1,-1,-1,-1
228,0,362.62,152.91,287.88,903.66,-1,-1,-1,-1
228,1,1345.47,171.15,266.82,716.65,-1,-1,-1,-1
229,0,381.65,152.18,281.88,896.05,-1,-1,-1,-1
229,1,1360.54,169.03,234.64,715.25,-1,-1,-1,-1
230,0,401.58,138.07,275.56,919.69,-1,-1,-1,-1
230,1,1349.20,164.81,237.70,720.45,-1,-1,-1,-1
231,0,425.42,152.49,274.94,902.48,-1,-1,-1,-1
231,1,1320.41,164.59,267.46,721.53,-1,-1,-1,-1
232,0,441.84,148.21,286.86,912.72,-1,-1,-1,-1
232,1,1298.56,163.91,287.63,725.18,-1,-1,-1,-1
233,0,454.42,157.03,285.97,910.08,-1,-1,-1,-1
233,1,1294.00,166.35,274.38,729.26,-1,-1,-1,-1
234,0,476.44,136.50,289.63,937.63,-1,-1,-1,-1
234,1,1280.92,169.59,279.66,722.25,-1,-1,-1,-1
235,0,505.60,131.69,298.45,935.97,-1,-1,-1,-1
235,1,1271.34,169.91,265.50,720.86,-1,-1,-1,-1
236,0,529.40,121.03,314.54,955.47,-1,-1,-1,-1
236,1,1260.31,160.63,250.61,732.67,-1,-1,-1,-1
237,0,559.93,118.42,321.67,961.40,-1,-1,-1,-1
237,1,1239.70,162.02,238.61,731.94,-1,-1,-1,-1
238,0,583.38,132.57,324.78,934.45,-1,-1,-1,-1
238,1,1227.22,166.99,219.71,721.69,-1,-1,-1,-1
239,0,609.37,141.31,321.79,920.40,-1,-1,-1,-1
239,1,1201.59,159.71,218.50,736.80,-1,-1,-1,-1
240,0,638.74,131.79,317.78,937.64,-1,-1,-1,-1
240,1,1161.59,159.62,244.17,737.30,-1,-1,-1,-1
241,0,666.62,138.72,318.72,926.61,-1,-1,-1,-1
241,1,1128.94,165.98,276.46,728.41,-1,-1,-1,-1
242,0,713.46,134.75,298.39,927.93,-1,-1,-1,-1
242,1,1105.97,167.55,282.86,730.03,-1,-1,-1,-1
243,0,744.36,104.90,287.88,971.89,-1,-1,-1,-1
243,1,1103.97,173.48,281.50,725.89,-1,-1,-1,-1
244,0,770.79,124.46,298.55,942.69,-1,-1,-1,-1
244,1,1096.15,171.41,274.67,727.31,-1,-1,-1,-1
245,0,798.65,124.59,324.22,942.59,-1,-1,-1,-1
245,1,1082.44,166.55,249.42,738.27,-1,-1,-1,-1
246,0,822.07,129.64,350.78,937.08,-1,-1,-1,-1
246,1,1074.65,168.10,205.68,734.24,-1,-1,-1,-1
247,0,848.99,136.66,361.95,927.32,-1,-1,-1,-1
247,1,1051.89,153.62,190.97,767.75,-1,-1,-1,-1
248,0,871.31,139.89,351.36,921.14,-1,-1,-1,-1
248,1,1044.98,162.40,177.28,754.74,-1,-1,-1,-1
249,0,891.47,165.32,364.87,901.78,-1,-1,-1,-1
249,1,1025.67,161.95,177.99,757.82,-1,-1,-1,-1
250,0,903.43,158.65,373.42,911.72,-1,-1,-1,-1
250,1,1006.35,161.49,178.69,760.90,-1,-1,-1,-1
251,0,919.17,162.66,363.99,907.81,-1,-1,-1,-1
251,1,987.03,161.03,179.39,763.98,-1,-1,-1,-1
251,3,9.59,254.37,233.30,569.43,-1,-1,-1,-1
252,0,913.99,148.93,383.56,929.88,-1,-1,-1,-1
252,1,967.72,160.57,180.09,767.06,-1,-1,-1,-1
252,3,8.51,247.95,235.55,579.11,-1,-1,-1,-1
253,0,903.68,157.23,401.29,919.81,-1,-1,-1,-1
253,3,8.41,242.93,237.81,588.83,-1,-1,-1,-1
254,0,904.47,156.59,402.55,919.23,-1,-1,-1,-1
254,3,12.58,245.45,231.40,582.26,-1,-1,-1,-1
255,0,900.08,154.94,405.12,919.57,-1,-1,-1,-1
255,3,19.40,252.24,228.10,568.75,-1,-1,-1,-1
256,0,949.62,160.71,341.42,913.80,-1,-1,-1,-1
256,3,33.01,254.11,213.09,561.05,-1,-1,-1,-1
257,0,976.58,157.32,304.55,921.18,-1,-1,-1,-1
257,3,44.72,248.25,204.34,574.74,-1,-1,-1,-1
258,0,980.41,151.95,298.40,928.98,-1,-1,-1,-1
258,3,57.47,249.17,201.35,580.14,-1,-1,-1,-1
258,4,770.84,175.71,241.33,734.63,-1,-1,-1,-1
259,0,980.98,155.41,291.57,923.53,-1,-1,-1,-1
259,3,66.73,246.17,225.20,582.61,-1,-1,-1,-1
259,4,733.65,181.15,269.37,726.12,-1,-1,-1,-1
260,0,970.02,162.70,296.90,904.02,-1,-1,-1,-1
260,3,81.71,244.98,243.50,585.44,-1,-1,-1,-1
260,4,711.04,190.10,285.96,718.27,-1,-1,-1,-1
261,0,958.68,164.35,295.31,881.94,-1,-1,-1,-1
261,3,99.54,251.01,244.88,576.86,-1,-1,-1,-1
261,4,698.53,178.93,284.09,738.43,-1,-1,-1,-1
262,0,950.08,170.14,291.56,861.67,-1,-1,-1,-1
262,3,112.59,248.30,244.64,582.43,-1,-1,-1,-1
262,4,688.98,172.06,265.35,756.91,-1,-1,-1,-1
263,0,943.41,173.21,272.71,844.99,-1,-1,-1,-1
263,3,129.96,243.84,234.63,587.32,-1,-1,-1,-1
263,4,673.57,183.33,239.94,741.73,-1,-1,-1,-1
264,0,938.30,174.27,258.87,816.90,-1,-1,-1,-1
264,3,143.30,238.20,222.95,595.34,-1,-1,-1,-1
264,4,657.24,168.55,214.38,756.07,-1,-1,-1,-1
265,0,930.12,174.98,252.96,799.47,-1,-1,-1,-1
265,3,159.92,233.91,213.29,596.71,-1,-1,-1,-1
265,4,631.62,169.82,210.14,761.16,-1,-1,-1,-1
266,0,922.68,170.22,249.58,816.50,-1,-1,-1,-1
266,3,175.09,236.42,212.84,583.78,-1,-1,-1,-1
266,4,593.67,171.90,232.65,763.08,-1,-1,-1,-1
267,0,917.97,174.19,245.80,814.25,-1,-1,-1,-1
267,3,194.09,236.99,210.12,588.15,-1,-1,-1,-1
267,4,539.52,180.66,280.52,741.25,-1,-1,-1,-1
268,0,913.66,183.96,241.40,801.89,-1,-1,-1,-1
268,3,211.32,235.66,219.99,590.80,-1,-1,-1,-1
268,4,505.87,178.70,307.23,744.87,-1,-1,-1,-1
269,0,910.85,192.63,237.18,791.82,-1,-1,-1,-1
269,3,224.97,234.78,227.50,592.15,-1,-1,-1,-1
269,4,482.07,180.33,323.04,748.82,-1,-1,-1,-1
270,0,911.39,187.13,225.94,814.78,-1,-1,-1,-1
270,3,233.34,227.86,264.70,601.58,-1,-1,-1,-1
270,4,470.45,185.34,325.25,746.15,-1,-1,-1,-1
271,0,910.30,186.55,217.80,808.26,-1,-1,-1,-1
271,3,251.50,229.16,261.56,600.59,-1,-1,-1,-1
271,4,462.48,181.64,298.89,750.23,-1,-1,-1,-1
272,0,906.23,191.09,214.79,781.77,-1,-1,-1,-1
272,3,267.56,230.54,247.84,598.36,-1,-1,-1,-1
272,4,451.72,179.75,267.53,747.88,-1,-1,-1,-1
273,0,901.85,193.95,214.10,751.59,-1,-1,-1,-1
273,3,284.06,230.31,228.94,603.73,-1,-1,-1,-1
273,4,429.86,175.40,252.75,742.23,-1,-1,-1,-1
274,0,897.67,193.10,210.67,733.91,-1,-1,-1,-1
274,3,297.73,229.10,229.88,606.22,-1,-1,-1,-1
274,4,351.65,173.71,322.61,755.86,-1,-1,-1,-1
275,0,892.31,195.51,211.47,719.51,-1,-1,-1,-1
275,3,311.40,227.88,230.83,608.71,-1,-1,-1,-1
275,4,321.81,173.80,358.26,753.30,-1,-1,-1,-1
276,0,887.06,198.19,208.45,704.88,-1,-1,-1,-1
276,3,325.07,226.67,231.77,611.19,-1,-1,-1,-1
276,4,277.75,168.22,398.19,773.77,-1,-1,-1,-1
277,0,880.83,197.50,212.78,700.04,-1,-1,-1,-1
277,3,338.74,225.46,232.71,613.68,-1,-1,-1,-1
277,4,244.62,169.69,402.00,793.74,-1,-1,-1,-1
278,0,875.71,202.42,216.77,690.43,-1,-1,-1,-1
278,4,224.63,166.01,410.63,804.98,-1,-1,-1,-1
279,0,866.41,210.25,231.29,672.09,-1,-1,-1,-1
279,4,218.72,170.02,390.91,810.55,-1,-1,-1,-1
280,0,860.91,210.33,237.57,670.16,-1,-1,-1,-1
280,4,223.29,171.73,355.94,808.00,-1,-1,-1,-1
281,0,851.23,215.64,244.08,655.76,-1,-1,-1,-1
281,3,423.28,212.94,249.33,611.91,-1,-1,-1,-1
281,4,227.68,175.62,337.50,812.92,-1,-1,-1,-1
282,0,845.07,216.46,221.87,650.43,-1,-1,-1,-1
282,3,434.43,223.50,248.95,594.10,-1,-1,-1,-1
282,4,220.12,169.53,315.15,828.94,-1,-1,-1,-1
283,0,833.32,212.77,206.30,648.52,-1,-1,-1,-1
283,3,447.76,224.41,239.77,589.83,-1,-1,-1,-1
283,4,206.02,160.87,311.49,851.79,-1,-1,-1,-1
284,0,820.74,207.89,199.91,647.83,-1,-1,-1,-1
284,3,453.97,229.45,243.01,586.27,-1,-1,-1,-1
284,4,191.57,153.42,314.46,869.31,-1,-1,-1,-1
285,0,806.04,207.17,205.85,645.85,-1,-1,-1,-1
285,3,475.58,229.25,221.49,589.02,-1,-1,-1,-1
285,4,171.75,154.07,330.16,885.31,-1,-1,-1,-1
286,0,776.74,212.17,233.85,639.93,-1,-1,-1,-1
286,3,504.39,226.99,197.50,594.31,-1,-1,-1,-1
286,4,151.36,143.75,341.34,909.39,-1,-1,-1,-1
287,0,753.00,221.66,251.10,628.68,-1,-1,-1,-1
287,3,529.13,226.83,182.60,588.40,-1,-1,-1,-1
287,4,130.47,142.40,348.75,913.20,-1,-1,-1,-1
288,0,738.75,229.71,252.46,623.53,-1,-1,-1,-1
288,3,550.14,227.16,178.92,588.76,-1,-1,-1,-1
288,4,109.21,163.74,352.91,886.01,-1,-1,-1,-1
289,0,726.42,220.30,254.14,633.87,-1,-1,-1,-1
289,3,562.97,226.33,185.58,586.44,-1,-1,-1,-1
289,4,76.77,148.02,375.31,917.16,-1,-1,-1,-1
290,0,716.11,219.64,249.13,637.13,-1,-1,-1,-1
290,3,576.82,221.17,184.82,595.96,-1,-1,-1,-1
290,4,57.84,137.90,383.93,935.79,-1,-1,-1,-1
291,0,712.86,220.05,220.36,630.19,-1,-1,-1,-1
291,3,584.65,232.61,203.43,580.34,-1,-1,-1,-1
291,4,25.33,127.58,403.89,949.10,-1,-1,-1,-1
292,0,700.44,220.02,219.71,628.33,-1,-1,-1,-1
292,3,601.06,235.02,201.78,575.62,-1,-1,-1,-1
292,4,2.87,119.42,422.17,958.36,-1,-1,-1,-1
293,0,688.01,219.99,219.05,626.47,-1,-1,-1,-1
293,3,598.80,224.14,251.54,620.77,-1,-1,-1,-1
293,4,-6.65,116.21,419.80,958.64,-1,-1,-1,-1
294,0,675.58,219.97,218.40,624.61,-1,-1,-1,-1
294,3,613.59,222.90,257.19,644.41,-1,-1,-1,-1
294,4,-11.87,107.86,415.94,968.49,-1,-1,-1,-1
295,0,663.16,219.94,217.75,622.75,-1,-1,-1,-1
295,3,634.57,216.67,240.02,660.05,-1,-1,-1,-1
295,4,-13.37,99.54,404.58,978.69,-1,-1,-1,-1
296,3,636.75,219.34,246.37,671.00,-1,-1,-1,-1
296,4,-15.06,96.64,407.74,980.86,-1,-1,-1,-1
297,0,627.52,225.76,238.05,641.60,-1,-1,-1,-1
297,3,648.85,215.74,251.57,685.15,-1,-1,-1,-1
297,4,-8.39,90.42,409.42,982.79,-1,-1,-1,-1
298,0,603.69,223.36,252.15,661.87,-1,-1,-1,-1
298,3,660.94,212.14,256.77,699.30,-1,-1,-1,-1
298,4,-1.49,90.29,414.04,977.72,-1,-1,-1,-1
299,0,586.43,217.37,242.30,676.34,-1,-1,-1,-1
299,3,673.03,208.55,261.96,713.45,-1,-1,-1,-1
299,4,21.34,89.98,410.37,972.90,-1,-1,-1,-1
300,0,574.08,212.43,206.82,683.13,-1,-1,-1,-1
300,3,685.13,204.95,267.16,727.60,-1,-1,-1,-1
300,4,51.98,82.39,399.01,976.74,-1,-1,-1,-1
301,0,557.95,210.07,198.54,687.90,-1,-1,-1,-1
301,4,65.90,78.08,408.21,983.17,-1,-1,-1,-1
302,0,542.06,207.61,198.10,696.80,-1,-1,-1,-1
302,4,84.92,64.71,410.18,1003.66,-1,-1,-1,-1
302,6,773.39,230.22,204.89,579.86,-1,-1,-1,-1
303,0,518.07,217.06,211.10,677.20,-1,-1,-1,-1
303,4,116.53,57.43,398.51,1010.20,-1,-1,-1,-1
303,6,782.87,220.56,202.15,591.29,-1,-1,-1,-1
304,0,490.18,212.63,233.58,692.54,-1,-1,-1,-1
304,4,154.22,53.75,375.36,1010.63,-1,-1,-1,-1
304,6,799.98,215.08,191.26,603.14,-1,-1,-1,-1
305,0,476.90,198.82,244.95,718.21,-1,-1,-1,-1
305,4,188.05,59.61,400.28,1003.67,-1,-1,-1,-1
305,6,820.26,218.04,178.91,597.52,-1,-1,-1,-1
306,0,489.69,228.30,223.36,680.80,-1,-1,-1,-1
306,4,224.89,57.16,429.52,1003.63,-1,-1,-1,-1
306,6,839.73,223.86,172.10,571.31,-1,-1,-1,-1
307,0,477.87,234.52,220.82,673.08,-1,-1,-1,-1
307,4,268.39,41.43,424.07,1030.49,-1,-1,-1,-1
307,6,855.55,225.92,174.89,563.48,-1,-1,-1,-1
308,0,466.05,240.75,218.27,665.35,-1,-1,-1,-1
308,4,305.35,40.95,403.38,1035.82,-1,-1,-1,-1
308,6,867.94,222.56,183.96,578.47,-1,-1,-1,-1
309,0,454.22,246.97,215.73,657.62,-1,-1,-1,-1
309,4,343.98,52.02,396.08,1016.85,-1,-1,-1,-1
309,6,876.01,222.72,206.88,573.19,-1,-1,-1,-1
310,0,442.40,253.20,213.19,649.89,-1,-1,-1,-1
310,4,391.43,114.31,390.11,945.08,-1,-1,-1,-1
310,6,890.85,222.92,221.84,581.02,-1,-1,-1,-1
311,4,422.58,153.20,400.28,901.34,-1,-1,-1,-1
311,6,900.64,225.00,224.18,579.98,-1,-1,-1,-1
312,4,435.05,107.75,425.44,959.81,-1,-1,-1,-1
312,6,909.24,219.20,229.09,599.90,-1,-1,-1,-1
313,4,478.46,124.00,424.80,934.62,-1,-1,-1,-1
313,6,916.17,218.55,230.77,609.16,-1,-1,-1,-1
314,0,354.16,233.14,231.65,712.18,-1,-1,-1,-1
314,4,544.38,151.38,400.11,905.46,-1,-1,-1,-1
314,6,923.22,226.52,229.70,603.74,-1,-1,-1,-1
315,0,346.88,226.88,229.69,721.52,-1,-1,-1,-1
315,4,594.68,230.83,397.63,817.56,-1,-1,-1,-1
315,6,949.00,227.50,203.54,591.32,-1,-1,-1,-1
316,0,327.72,222.05,244.89,732.22,-1,-1,-1,-1
316,4,655.14,176.85,354.31,883.63,-1,-1,-1,-1
316,6,968.43,215.93,189.76,608.54,-1,-1,-1,-1
317,0,315.82,219.10,253.57,736.75,-1,-1,-1,-1
317,4,697.22,136.31,317.36,922.89,-1,-1,-1,-1
317,6,979.95,214.72,186.94,609.09,-1,-1,-1,-1
318,0,297.81,216.56,270.01,741.97,-1,-1,-1,-1
318,4,734.85,87.81,308.72,980.98,-1,-1,-1,-1
318,6,988.82,202.72,190.08,631.83,-1,-1,-1,-1
319,0,287.92,211.64,286.67,750.26,-1,-1,-1,-1
319,4,768.58,62.46,314.85,995.92,-1,-1,-1,-1
319,6,1001.88,203.90,189.51,640.93,-1,-1,-1,-1
320,0,287.81,209.06,297.63,752.16,-1,-1,-1,-1
320,4,800.92,89.69,355.03,962.38,-1,-1,-1,-1
320,6,1011.23,197.28,194.81,665.86,-1,-1,-1,-1
321,0,294.69,212.16,300.89,745.23,-1,-1,-1,-1
321,4,826.93,93.22,375.71,959.08,-1,-1,-1,-1
321,6,1019.47,188.72,218.63,697.66,-1,-1,-1,-1
322,0,317.45,219.57,284.63,731.66,-1,-1,-1,-1
322,4,854.02,66.98,392.15,996.75,-1,-1,-1,-1
322,6,1047.04,187.97,201.24,708.12,-1,-1,-1,-1
323,0,336.47,222.18,272.30,725.38,-1,-1,-1,-1
323,4,870.31,69.13,407.85,989.68,-1,-1,-1,-1
323,6,1069.05,190.69,188.17,692.33,-1,-1,-1,-1
324,0,351.91,220.77,265.01,723.49,-1,-1,-1,-1
324,4,899.45,55.93,393.92,1005.67,-1,-1,-1,-1
324,6,1082.66,190.25,189.25,696.31,-1,-1,-1,-1
325,0,357.98,228.57,269.27,706.52,-1,-1,-1,-1
325,4,958.70,31.21,343.20,1037.51,-1,-1,-1,-1
325,6,1096.26,189.82,190.33,700.30,-1,-1,-1,-1
326,0,368.87,224.91,258.18,707.70,-1,-1,-1,-1
326,4,994.45,34.24,332.64,1024.86,-1,-1,-1,-1
326,6,1109.87,189.39,191.41,704.28,-1,-1,-1,-1
327,0,377.98,223.45,252.30,705.41,-1,-1,-1,-1
327,4,1025.33,18.61,334.53,1047.59,-1,-1,-1,-1
327,6,1123.48,188.95,192.49,708.27,-1,-1,-1,-1
328,0,387.71,218.78,248.37,702.32,-1,-1,-1,-1
328,4,1072.64,30.84,341.75,1022.10,-1,-1,-1,-1
329,0,424.80,224.44,215.58,690.60,-1,-1,-1,-1
329,4,1116.55,19.55,377.85,1028.22,-1,-1,-1,-1
330,0,461.14,219.21,188.31,698.23,-1,-1,-1,-1
330,4,1144.80,32.43,464.93,1015.37,-1,-1,-1,-1
331,0,484.68,222.58,192.70,690.05,-1,-1,-1,-1
331,4,1189.82,32.30,462.69,1010.42,-1,-1,-1,-1
332,0,496.55,228.13,230.30,673.92,-1,-1,-1,-1
332,4,1197.64,94.45,533.81,948.73,-1,-1,-1,-1
333,0,506.53,226.58,252.57,675.13,-1,-1,-1,-1
333,4,1227.76,136.35,469.24,904.81,-1,-1,-1,-1
334,0,513.71,231.54,269.96,666.60,-1,-1,-1,-1
334,4,1244.78,139.48,430.86,893.61,-1,-1,-1,-1
334,6,1191.14,186.98,184.30,708.67,-1,-1,-1,-1
335,0,529.48,228.24,262.13,671.18,-1,-1,-1,-1
335,4,1257.04,96.13,435.08,959.59,-1,-1,-1,-1
335,6,1203.70,171.86,191.09,742.54,-1,-1,-1,-1
336,0,542.69,225.89,253.07,670.61,-1,-1,-1,-1
336,4,1275.72,81.34,428.84,979.55,-1,-1,-1,-1
336,6,1210.70,160.17,195.83,778.48,-1,-1,-1,-1
337,0,578.97,224.40,218.94,663.07,-1,-1,-1,-1
337,4,1291.97,67.44,433.61,993.29,-1,-1,-1,-1
337,6,1221.87,152.05,202.51,807.66,-1,-1,-1,-1
338,0,609.42,232.38,197.09,630.72,-1,-1,-1,-1
338,4,1310.57,65.85,431.15,996.76,-1,-1,-1,-1
338,6,1227.82,146.19,220.27,845.80,-1,-1,-1,-1
339,0,638.54,226.26,188.35,633.09,-1,-1,-1,-1
339,4,1332.47,60.31,441.79,1005.09,-1,-1,-1,-1
339,6,1234.00,147.29,238.66,863.72,-1,-1,-1,-1
340,0,665.15,227.14,189.26,624.35,-1,-1,-1,-1
340,4,1398.41,52.82,401.44,1014.37,-1,-1,-1,-1
340,6,1239.78,147.04,249.78,883.11,-1,-1,-1,-1
341,0,676.18,229.16,227.49,616.82,-1,-1,-1,-1
341,4,1435.38,51.92,401.96,1023.26,-1,-1,-1,-1
341,6,1241.97,155.37,264.64,892.82,-1,-1,-1,-1
342,0,687.55,220.94,245.50,626.23,-1,-1,-1,-1
342,4,1469.79,78.31,396.71,987.89,-1,-1,-1,-1
342,6,1245.61,156.62,282.40,892.99,-1,-1,-1,-1
343,0,697.41,230.25,251.89,614.55,-1,-1,-1,-1
343,4,1498.73,87.14,401.45,985.02,-1,-1,-1,-1
343,6,1251.52,150.65,289.53,906.34,-1,-1,-1,-1
344,0,711.07,231.45,239.21,610.79,-1,-1,-1,-1
344,4,1533.35,69.37,383.64,1002.67,-1,-1,-1,-1
344,6,1248.41,150.55,297.18,896.48,-1,-1,-1,-1
345,0,737.12,228.30,216.97,608.96,-1,-1,-1,-1
345,4,1555.10,65.99,366.08,1006.02,-1,-1,-1,-1
345,6,1246.46,144.64,301.67,898.92,-1,-1,-1,-1
346,0,751.54,227.80,208.39,601.87,-1,-1,-1,-1
346,4,1567.42,58.51,367.42,1014.52,-1,-1,-1,-1
346,6,1244.56,139.63,304.89,901.50,-1,-1,-1,-1
347,0,776.30,218.02,186.92,612.44,-1,-1,-1,-1
347,4,1579.20,63.48,359.25,1009.80,-1,-1,-1,-1
347,6,1246.13,129.75,309.37,926.50,-1,-1,-1,-1
348,0,802.32,212.14,171.82,625.78,-1,-1,-1,-1
348,4,1592.72,62.56,345.87,1007.92,-1,-1,-1,-1
348,6,1245.33,130.62,317.71,928.40,-1,-1,-1,-1
349,0,820.37,221.83,172.90,608.49,-1,-1,-1,-1
349,4,1600.95,80.51,333.53,982.01,-1,-1,-1,-1
349,6,1245.12,117.09,321.24,953.67,-1,-1,-1,-1
350,0,840.45,226.92,166.83,601.23,-1,-1,-1,-1
350,4,1611.16,94.16,323.01,962.66,-1,-1,-1,-1
350,6,1245.23,119.29,332.77,955.04,-1,-1,-1,-1
351,0,848.93,227.31,178.13,596.85,-1,-1,-1,-1
351,4,1616.48,92.71,310.88,962.36,-1,-1,-1,-1
351,6,1249.21,135.51,340.57,924.86,-1,-1,-1,-1
352,0,856.25,236.19,186.74,580.10,-1,-1,-1,-1
352,4,1615.75,95.03,314.55,955.65,-1,-1,-1,-1
352,6,1258.53,125.20,347.51,940.26,-1,-1,-1,-1
353,0,869.25,229.83,180.55,588.18,-1,-1,-1,-1
353,4,1621.96,94.32,307.32,958.61,-1,-1,-1,-1
353,6,1265.91,110.10,355.99,966.88,-1,-1,-1,-1
354,0,892.25,231.97,154.55,567.99,-1,-1,-1,-1
354,4,1620.39,94.28,309.55,960.93,-1,-1,-1,-1
354,6,1267.26,92.76,366.86,989.67,-1,-1,-1,-1
355,0,910.26,233.96,142.92,556.14,-1,-1,-1,-1
355,4,1620.54,88.80,303.46,968.58,-1,-1,-1,-1
355,6,1270.77,83.68,370.07,998.69,-1,-1,-1,-1
356,0,922.94,231.26,142.31,558.56,-1,-1,-1,-1
356,4,1617.48,101.46,298.54,929.55,-1,-1,-1,-1
356,6,1272.31,79.34,372.26,1000.35,-1,-1,-1,-1
357,0,927.78,230.72,166.04,555.54,-1,-1,-1,-1
357,4,1609.03,104.62,293.07,918.14,-1,-1,-1,-1
357,6,1275.55,77.32,362.92,1002.04,-1,-1,-1,-1
358,0,934.13,231.44,183.52,555.12,-1,-1,-1,-1
358,4,1595.89,106.34,293.19,900.23,-1,-1,-1,-1
358,6,1272.95,72.57,351.63,1007.92,-1,-1,-1,-1
359,0,936.24,246.36,197.04,536.49,-1,-1,-1,-1
359,4,1581.29,115.15,294.96,875.60,-1,-1,-1,-1
359,6,1263.79,87.32,347.57,981.20,-1,-1,-1,-1
360,0,935.28,238.89,210.55,549.06,-1,-1,-1,-1
360,4,1568.68,110.45,296.72,886.66,-1,-1,-1,-1
360,6,1256.62,75.08,332.14,1000.46,-1,-1,-1,-1
361,0,940.81,233.59,212.55,561.56,-1,-1,-1,-1
361,4,1565.05,124.91,288.22,877.98,-1,-1,-1,-1
361,6,1237.97,71.94,323.44,997.96,-1,-1,-1,-1
362,0,949.93,229.63,205.66,567.79,-1,-1,-1,-1
362,4,1565.71,114.36,259.90,889.89,-1,-1,-1,-1
362,6,1220.33,72.03,320.80,996.85,-1,-1,-1,-1
363,0,969.53,224.24,189.50,574.66,-1,-1,-1,-1
363,4,1557.27,115.74,240.25,882.95,-1,-1,-1,-1
363,6,1203.86,70.71,307.23,993.00,-1,-1,-1,-1
364,0,998.18,226.61,159.67,575.25,-1,-1,-1,-1
364,4,1531.14,124.61,246.12,860.81,-1,-1,-1,-1
364,6,1192.28,73.24,293.07,988.54,-1,-1,-1,-1
365,0,1021.70,223.92,144.29,576.28,-1,-1,-1,-1
365,4,1502.39,129.83,242.18,844.34,-1,-1,-1,-1
365,6,1172.69,78.93,283.70,980.73,-1,-1,-1,-1
366,0,1038.98,229.38,144.99,568.24,-1,-1,-1,-1
366,4,1449.70,144.34,287.27,817.14,-1,-1,-1,-1
366,6,1128.09,81.31,298.80,970.25,-1,-1,-1,-1
367,0,1047.96,233.13,143.10,564.28,-1,-1,-1,-1
367,4,1420.24,134.47,302.16,831.85,-1,-1,-1,-1
367,6,1095.47,78.69,307.64,981.50,-1,-1,-1,-1
368,0,1060.26,234.52,142.39,561.56,-1,-1,-1,-1
368,4,1395.85,139.45,330.63,823.43,-1,-1,-1,-1
368,6,1062.58,83.97,328.76,980.08,-1,-1,-1,-1
369,0,1072.55,235.90,141.67,558.84,-1,-1,-1,-1
369,4,1367.77,137.30,339.71,828.42,-1,-1,-1,-1
369,6,1040.84,79.80,327.84,987.65,-1,-1,-1,-1
370,0,1084.85,237.28,140.96,556.13,-1,-1,-1,-1
370,4,1356.97,130.03,321.40,839.25,-1,-1,-1,-1
370,6,1006.23,91.94,356.02,973.73,-1,-1,-1,-1
371,0,1097.14,238.66,140.25,553.41,-1,-1,-1,-1
371,4,1356.00,123.10,279.23,855.29,-1,-1,-1,-1
371,6,978.59,92.21,363.63,976.46,-1,-1,-1,-1
372,4,1347.75,133.42,241.60,828.92,-1,-1,-1,-1
372,6,940.43,120.20,370.80,939.97,-1,-1,-1,-1
373,0,1135.52,217.97,154.43,586.96,-1,-1,-1,-1
373,4,1322.89,132.83,233.07,829.72,-1,-1,-1,-1
373,6,897.73,94.31,388.98,972.51,-1,-1,-1,-1
374,0,1148.41,224.43,148.22,569.36,-1,-1,-1,-1
374,4,1299.78,140.46,236.25,816.68,-1,-1,-1,-1
374,6,876.84,75.54,373.00,996.31,-1,-1,-1,-1
375,0,1164.99,231.00,135.21,554.41,-1,-1,-1,-1
375,4,1245.75,139.60,277.46,814.57,-1,-1,-1,-1
375,6,857.58,82.61,341.70,989.59,-1,-1,-1,-1
376,0,1178.28,225.44,130.96,563.54,-1,-1,-1,-1
376,4,1194.58,144.68,320.52,815.45,-1,-1,-1,-1
376,6,830.74,81.26,304.27,988.43,-1,-1,-1,-1
377,0,1191.37,225.20,130.71,562.60,-1,-1,-1,-1
377,4,1168.44,154.17,334.43,805.38,-1,-1,-1,-1
377,6,800.77,78.80,280.34,988.33,-1,-1,-1,-1
378,0,1204.46,224.95,130.46,561.67,-1,-1,-1,-1
378,4,1155.46,157.40,337.45,800.16,-1,-1,-1,-1
378,6,760.64,79.47,294.32,981.68,-1,-1,-1,-1
379,0,1217.54,224.71,130.21,560.73,-1,-1,-1,-1
379,4,1152.60,153.23,326.26,804.00,-1,-1,-1,-1
379,6,736.69,82.61,291.47,970.90,-1,-1,-1,-1
380,0,1230.63,224.46,129.97,559.79,-1,-1,-1,-1
380,4,1153.56,147.98,280.83,807.01,-1,-1,-1,-1
380,6,699.12,81.81,299.29,984.66,-1,-1,-1,-1
381,4,1136.02,139.41,275.71,813.35,-1,-1,-1,-1
381,6,663.69,100.82,321.20,956.74,-1,-1,-1,-1
382,4,1105.21,149.03,292.84,801.06,-1,-1,-1,-1
382,6,635.91,95.91,305.44,974.54,-1,-1,-1,-1
383,0,1246.07,207.18,161.52,615.59,-1,-1,-1,-1
383,4,1066.83,149.24,294.56,798.84,-1,-1,-1,-1
383,6,599.80,104.54,309.51,961.87,-1,-1,-1,-1
384,0,1248.59,206.39,172.20,611.93,-1,-1,-1,-1
384,4,1021.87,145.94,315.60,809.08,-1,-1,-1,-1
384,6,563.90,104.29,308.28,957.18,-1,-1,-1,-1
385,0,1245.46,209.70,183.25,612.59,-1,-1,-1,-1
385,4,982.69,146.56,339.87,812.04,-1,-1,-1,-1
385,6,536.28,99.93,300.43,962.35,-1,-1,-1,-1
386,0,1243.62,208.50,204.10,627.42,-1,-1,-1,-1
386,4,961.39,147.85,344.40,817.18,-1,-1,-1,-1
386,6,498.25,108.87,289.63,944.98,-1,-1,-1,-1
387,0,1245.51,211.74,226.48,637.17,-1,-1,-1,-1
387,4,944.73,149.16,342.08,827.81,-1,-1,-1,-1
387,6,458.25,111.36,289.84,934.97,-1,-1,-1,-1
388,0,1253.18,212.64,227.60,650.27,-1,-1,-1,-1
388,4,948.47,140.84,293.71,852.22,-1,-1,-1,-1
388,6,420.70,88.23,301.82,980.01,-1,-1,-1,-1
389,0,1262.55,217.42,217.86,655.63,-1,-1,-1,-1
389,4,942.83,138.32,243.61,850.14,-1,-1,-1,-1
389,6,384.27,91.28,318.71,978.91,-1,-1,-1,-1
390,0,1271.74,213.94,214.95,669.25,-1,-1,-1,-1
390,4,916.96,150.01,224.80,818.89,-1,-1,-1,-1
390,6,355.17,103.96,333.35,955.06,-1,-1,-1,-1
391,0,1278.09,209.61,217.50,677.04,-1,-1,-1,-1
391,4,895.17,136.50,219.41,856.27,-1,-1,-1,-1
391,6,337.11,104.84,341.71,956.41,-1,-1,-1,-1
392,0,1279.45,204.72,232.55,684.47,-1,-1,-1,-1
392,4,850.58,145.15,248.67,837.63,-1,-1,-1,-1
392,6,299.77,103.39,366.86,965.93,-1,-1,-1,-1
393,0,1280.86,203.21,251.29,685.82,-1,-1,-1,-1
393,4,807.31,139.60,274.74,841.86,-1,-1,-1,-1
393,6,256.30,111.48,393.30,955.44,-1,-1,-1,-1
394,0,1283.74,199.16,265.78,692.77,-1,-1,-1,-1
394,4,765.69,142.52,306.29,837.09,-1,-1,-1,-1
394,6,221.67,113.03,403.11,951.61,-1,-1,-1,-1
395,0,1291.30,195.29,272.37,710.51,-1,-1,-1,-1
395,4,739.39,153.39,326.54,826.47,-1,-1,-1,-1
395,6,185.96,119.79,424.64,942.22,-1,-1,-1,-1
396,0,1297.61,188.87,280.91,735.76,-1,-1,-1,-1
396,4,724.42,164.07,334.04,813.11,-1,-1,-1,-1
396,6,157.02,119.12,410.03,947.93,-1,-1,-1,-1
397,0,1301.05,185.43,291.38,754.19,-1,-1,-1,-1
397,4,731.85,160.74,283.88,826.97,-1,-1,-1,-1
397,6,118.39,113.06,398.78,958.68,-1,-1,-1,-1
398,0,1307.77,178.21,288.96,786.91,-1,-1,-1,-1
398,4,723.43,161.94,244.28,824.53,-1,-1,-1,-1
398,6,74.63,120.92,402.34,944.19,-1,-1,-1,-1
399,0,1311.74,177.16,287.47,798.28,-1,-1,-1,-1
399,4,701.64,172.00,227.76,807.29,-1,-1,-1,-1
399,6,50.99,138.66,390.29,914.38,-1,-1,-1,-1
400,0,1316.47,176.76,278.72,805.81,-1,-1,-1,-1
400,4,682.68,171.29,216.20,805.94,-1,-1,-1,-1
400,6,25.46,133.15,398.30,928.84,-1,-1,-1,-1
401,0,1315.69,176.76,275.14,812.66,-1,-1,-1,-1
401,4,656.90,161.71,229.08,828.19,-1,-1,-1,-1
401,6,23.11,128.78,379.93,944.53,-1,-1,-1,-1
402,0,1314.21,174.72,276.10,814.39,-1,-1,-1,-1
402,4,597.53,162.95,286.45,832.65,-1,-1,-1,-1
402,6,5.52,137.33,386.06,934.76,-1,-1,-1,-1
403,0,1311.79,164.34,277.92,826.64,-1,-1,-1,-1
403,4,562.57,165.45,314.16,830.85,-1,-1,-1,-1
403,6,2.24,144.37,372.86,924.94,-1,-1,-1,-1
404,0,1309.74,161.63,284.48,838.60,-1,-1,-1,-1
404,4,559.71,161.07,289.75,836.51,-1,-1,-1,-1
404,6,-6.11,143.21,371.22,927.06,-1,-1,-1,-1
405,0,1308.59,155.10,288.78,865.56,-1,-1,-1,-1
405,4,542.26,157.98,301.10,844.17,-1,-1,-1,-1
405,6,-11.21,145.85,365.99,923.84,-1,-1,-1,-1
406,0,1307.49,152.87,296.13,874.82,-1,-1,-1,-1
406,4,529.79,160.13,288.38,842.81,-1,-1,-1,-1
406,6,-14.17,147.48,361.33,919.54,-1,-1,-1,-1
407,0,1310.73,149.89,300.74,885.85,-1,-1,-1,-1
407,4,513.28,169.23,260.81,822.87,-1,-1,-1,-1
407,6,-15.35,145.57,355.40,923.63,-1,-1,-1,-1
408,0,1314.52,146.47,302.13,896.53,-1,-1,-1,-1
408,4,478.14,167.07,256.52,827.92,-1,-1,-1,-1
408,6,-11.31,148.62,341.01,926.31,-1,-1,-1,-1
409,0,1310.00,145.39,314.74,905.95,-1,-1,-1,-1
409,4,440.30,171.22,271.41,828.04,-1,-1,-1,-1
409,6,-11.76,153.40,331.72,920.29,-1,-1,-1,-1
410,0,1311.10,143.36,310.67,907.94,-1,-1,-1,-1
410,4,406.34,179.74,296.24,814.98,-1,-1,-1,-1
410,6,-11.28,165.30,325.13,902.32,-1,-1,-1,-1
411,0,1305.70,147.83,306.85,896.11,-1,-1,-1,-1
411,4,378.75,184.08,315.80,808.58,-1,-1,-1,-1
411,6,-9.14,177.48,313.43,883.80,-1,-1,-1,-1
412,0,1289.01,145.57,312.34,904.17,-1,-1,-1,-1
412,4,360.40,187.89,317.86,801.84,-1,-1,-1,-1
412,6,-7.37,184.69,304.80,875.49,-1,-1,-1,-1
413,0,1255.79,143.92,338.80,912.62,-1,-1,-1,-1
413,4,347.50,193.41,315.47,788.54,-1,-1,-1,-1
413,6,-7.19,176.19,297.96,887.78,-1,-1,-1,-1
414,0,1226.33,135.79,357.24,926.18,-1,-1,-1,-1
414,4,338.05,194.10,308.92,775.21,-1,-1,-1,-1
414,6,-6.30,185.28,286.90,867.58,-1,-1,-1,-1
415,0,1222.12,136.23,344.84,932.67,-1,-1,-1,-1
415,4,330.24,191.55,302.08,767.80,-1,-1,-1,-1
415,6,-6.56,177.49,285.98,877.68,-1,-1,-1,-1
416,0,1206.83,139.50,349.61,931.11,-1,-1,-1,-1
416,4,322.82,190.25,302.53,760.32,-1,-1,-1,-1
416,6,-6.56,175.86,285.26,880.23,-1,-1,-1,-1
417,0,1199.19,126.60,347.03,949.72,-1,-1,-1,-1
417,4,320.68,191.05,292.21,750.13,-1,-1,-1,-1
417,6,-6.26,172.79,285.34,884.85,-1,-1,-1,-1
418,0,1195.97,133.13,328.26,934.61,-1,-1,-1,-1
418,4,324.05,193.13,278.04,741.49,-1,-1,-1,-1
418,6,-5.38,177.44,283.68,871.60,-1,-1,-1,-1
419,0,1196.08,142.04,296.35,916.71,-1,-1,-1,-1
419,4,326.43,191.74,269.11,740.15,-1,-1,-1,-1
419,6,-4.11,183.32,280.43,864.11,-1,-1,-1,-1
420,0,1173.64,135.04,285.12,923.75,-1,-1,-1,-1
420,4,325.85,200.04,267.50,721.85,-1,-1,-1,-1
420,6,-1.60,192.86,269.24,839.25,-1,-1,-1,-1
421,0,1160.48,140.80,247.40,912.33,-1,-1,-1,-1
421,4,324.91,209.05,265.21,695.29,-1,-1,-1,-1
421,6,-1.95,186.90,269.06,859.29,-1,-1,-1,-1
422,0,1128.02,149.29,245.14,906.64,-1,-1,-1,-1
422,4,333.81,201.87,243.78,699.80,-1,-1,-1,-1
422,6,-0.98,200.88,266.72,822.77,-1,-1,-1,-1
423,0,1099.67,157.88,256.34,896.99,-1,-1,-1,-1
423,4,336.11,198.14,240.74,704.29,-1,-1,-1,-1
423,6,-0.95,206.49,266.87,808.74,-1,-1,-1,-1
424,0,1048.07,156.80,301.73,906.64,-1,-1,-1,-1
424,4,344.34,194.18,226.17,700.22,-1,-1,-1,-1
424,6,-1.03,206.74,267.61,809.46,-1,-1,-1,-1
425,0,1021.29,161.47,316.97,899.20,-1,-1,-1,-1
425,4,352.95,196.38,214.37,689.82,-1,-1,-1,-1
425,6,2.61,207.12,263.28,802.28,-1,-1,-1,-1
426,0,998.54,162.04,331.72,898.72,-1,-1,-1,-1
426,4,365.10,195.56,202.92,685.83,-1,-1,-1,-1
426,6,7.96,204.64,258.07,800.68,-1,-1,-1,-1
427,0,984.59,160.32,332.10,901.51,-1,-1,-1,-1
427,4,378.86,202.96,198.81,666.03,-1,-1,-1,-1
427,6,9.95,201.84,268.23,790.39,-1,-1,-1,-1
428,0,974.55,158.26,327.23,906.22,-1,-1,-1,-1
428,4,388.98,200.61,199.48,665.75,-1,-1,-1,-1
428,6,8.91,197.50,288.02,786.82,-1,-1,-1,-1
429,0,982.05,147.53,274.92,907.35,-1,-1,-1,-1
429,4,400.70,204.00,203.52,651.11,-1,-1,-1,-1
429,6,14.68,193.42,293.76,782.72,-1,-1,-1,-1
430,0,969.16,139.11,261.80,912.01,-1,-1,-1,-1
430,4,412.44,206.40,204.96,647.59,-1,-1,-1,-1
430,6,19.60,189.63,298.66,778.62,-1,-1,-1,-1
431,0,946.98,135.08,267.21,925.28,-1,-1,-1,-1
431,4,427.10,213.60,197.79,629.87,-1,-1,-1,-1
431,6,30.06,189.30,300.91,776.66,-1,-1,-1,-1
432,0,919.45,132.43,288.39,937.60,-1,-1,-1,-1
432,4,443.49,216.99,187.31,613.98,-1,-1,-1,-1
432,6,43.67,186.14,282.35,777.59,-1,-1,-1,-1
433,0,904.52,136.89,301.34,932.88,-1,-1,-1,-1
433,4,454.47,214.59,182.27,611.78,-1,-1,-1,-1
433,6,48.33,186.21,274.06,776.16,-1,-1,-1,-1
434,0,884.58,134.06,323.93,936.23,-1,-1,-1,-1
434,4,476.76,206.77,174.30,618.74,-1,-1,-1,-1
434,6,50.15,187.44,265.37,778.04,-1,-1,-1,-1
435,0,893.20,136.94,301.30,933.71,-1,-1,-1,-1
435,4,500.40,216.64,179.38,601.36,-1,-1,-1,-1
435,6,51.34,192.33,269.26,771.81,-1,-1,-1,-1
436,0,900.49,136.72,287.19,936.37,-1,-1,-1,-1
436,4,518.33,214.17,189.00,600.27,-1,-1,-1,-1
436,6,50.04,196.04,277.38,771.90,-1,-1,-1,-1
437,0,909.12,153.38,275.60,895.55,-1,-1,-1,-1
437,4,528.97,221.60,213.57,586.40,-1,-1,-1,-1
437,6,51.78,193.73,279.67,776.71,-1,-1,-1,-1
438,0,915.26,159.30,274.69,878.34,-1,-1,-1,-1
438,4,535.35,226.35,228.23,581.41,-1,-1,-1,-1
438,6,51.99,194.81,284.00,778.12,-1,-1,-1,-1
439,0,928.81,163.39,274.59,875.83,-1,-1,-1,-1
439,4,551.12,220.28,224.46,595.72,-1,-1,-1,-1
439,6,54.80,199.73,287.99,768.67,-1,-1,-1,-1
440,0,938.38,162.53,281.83,879.02,-1,-1,-1,-1
440,4,559.43,217.06,226.72,595.43,-1,-1,-1,-1
440,6,59.94,198.05,289.35,775.11,-1,-1,-1,-1
441,0,950.62,163.37,281.04,877.38,-1,-1,-1,-1
441,4,584.97,216.25,206.41,587.95,-1,-1,-1,-1
441,6,66.45,200.29,290.03,775.23,-1,-1,-1,-1
442,0,961.41,159.16,276.52,896.87,-1,-1,-1,-1
442,4,619.51,221.83,175.40,572.46,-1,-1,-1,-1
442,6,70.78,195.40,293.17,794.99,-1,-1,-1,-1
443,0,961.85,157.04,288.29,911.49,-1,-1,-1,-1
443,4,641.58,221.70,160.26,567.70,-1,-1,-1,-1
443,6,74.18,194.76,296.05,803.28,-1,-1,-1,-1
444,0,963.63,161.28,289.14,904.98,-1,-1,-1,-1
444,4,657.77,225.28,168.71,564.11,-1,-1,-1,-1
444,6,87.53,193.52,291.88,815.51,-1,-1,-1,-1
445,0,963.69,157.03,289.93,915.25,-1,-1,-1,-1
445,4,676.64,222.22,169.84,568.40,-1,-1,-1,-1
445,6,96.54,190.92,290.41,824.81,-1,-1,-1,-1
446,0,958.81,155.38,290.42,913.65,-1,-1,-1,-1
446,4,679.58,225.44,200.33,560.70,-1,-1,-1,-1
446,6,106.68,189.30,285.95,830.73,-1,-1,-1,-1
447,0,952.74,159.29,290.18,903.23,-1,-1,-1,-1
447,4,687.16,221.97,222.74,566.94,-1,-1,-1,-1
447,6,115.21,188.74,280.78,831.78,-1,-1,-1,-1
448,0,937.79,162.80,294.55,899.75,-1,-1,-1,-1
448,4,695.50,221.91,241.01,565.82,-1,-1,-1,-1
448,6,126.84,192.77,271.42,827.34,-1,-1,-1,-1
449,0,922.96,168.76,297.74,893.36,-1,-1,-1,-1
449,4,715.86,220.32,229.86,565.58,-1,-1,-1,-1
449,6,133.09,192.61,274.10,824.03,-1,-1,-1,-1
450,0,910.64,170.13,295.72,890.63,-1,-1,-1,-1
450,4,738.70,215.58,214.43,563.24,-1,-1,-1,-1
450,6,145.05,191.79,271.78,822.07,-1,-1,-1,-1
451,0,887.18,171.91,313.78,882.93,-1,-1,-1,-1
451,4,755.27,214.32,214.00,562.10,-1,-1,-1,-1
451,6,161.51,189.21,273.47,825.21,-1,-1,-1,-1
452,0,882.26,176.33,317.45,877.07,-1,-1,-1,-1
452,4,771.85,213.05,213.58,560.96,-1,-1,-1,-1
452,6,175.26,181.23,282.34,834.57,-1,-1,-1,-1
453,0,869.90,183.10,321.63,862.39,-1,-1,-1,-1
453,4,788.42,211.79,213.16,559.83,-1,-1,-1,-1
453,6,193.49,176.22,306.35,842.76,-1,-1,-1,-1
454,0,859.71,191.30,305.00,839.79,-1,-1,-1,-1
454,4,805.00,210.52,212.73,558.69,-1,-1,-1,-1
454,6,207.92,183.53,338.79,833.02,-1,-1,-1,-1
455,0,847.37,184.11,291.49,842.72,-1,-1,-1,-1
455,6,225.48,197.42,367.61,814.46,-1,-1,-1,-1
456,0,835.65,185.54,281.28,835.27,-1,-1,-1,-1
456,6,248.57,197.99,367.99,811.90,-1,-1,-1,-1
457,0,828.74,187.17,276.59,827.64,-1,-1,-1,-1
457,6,266.26,188.87,352.20,820.50,-1,-1,-1,-1
458,0,824.30,190.89,275.38,822.76,-1,-1,-1,-1
458,6,281.07,193.81,343.39,813.41,-1,-1,-1,-1
459,0,827.13,191.08,262.78,826.30,-1,-1,-1,-1
459,6,304.90,189.07,312.55,810.58,-1,-1,-1,-1
460,0,828.10,195.58,255.58,812.62,-1,-1,-1,-1
460,6,328.53,188.28,294.77,806.25,-1,-1,-1,-1
461,0,827.05,211.87,251.41,781.32,-1,-1,-1,-1
461,6,365.55,182.07,264.88,809.71,-1,-1,-1,-1
462,0,826.12,215.96,257.16,775.49,-1,-1,-1,-1
462,6,386.33,180.88,259.16,803.03,-1,-1,-1,-1
463,0,829.53,213.85,240.80,759.23,-1,-1,-1,-1
463,4,999.07,210.35,167.26,541.15,-1,-1,-1,-1
463,6,409.91,170.82,263.61,826.50,-1,-1,-1,-1
464,0,831.24,212.00,237.64,739.83,-1,-1,-1,-1
464,4,1017.24,211.55,168.49,535.24,-1,-1,-1,-1
464,6,431.49,166.98,270.70,829.42,-1,-1,-1,-1
465,0,833.48,212.07,221.41,719.23,-1,-1,-1,-1
465,4,1024.54,213.84,207.35,538.73,-1,-1,-1,-1
465,6,448.38,175.30,304.55,823.98,-1,-1,-1,-1
466,0,831.23,212.29,216.68,704.68,-1,-1,-1,-1
466,4,1028.91,217.81,236.58,540.83,-1,-1,-1,-1
466,6,468.89,184.96,334.92,809.49,-1,-1,-1,-1
467,0,830.23,219.80,212.52,684.90,-1,-1,-1,-1
467,4,1035.78,215.28,240.72,545.51,-1,-1,-1,-1
467,6,489.48,185.90,341.20,810.08,-1,-1,-1,-1
468,0,822.08,221.69,220.36,679.04,-1,-1,-1,-1
468,4,1042.31,210.08,243.13,554.91,-1,-1,-1,-1
468,6,500.51,183.42,344.33,814.48,-1,-1,-1,-1
469,0,819.76,218.87,214.90,685.21,-1,-1,-1,-1
469,4,1052.34,212.55,231.54,552.60,-1,-1,-1,-1
469,6,516.14,179.63,334.64,823.20,-1,-1,-1,-1
470,0,810.38,216.39,218.02,686.81,-1,-1,-1,-1
470,4,1097.83,207.02,177.64,562.05,-1,-1,-1,-1
470,6,544.24,172.62,304.72,829.24,-1,-1,-1,-1
471,0,798.51,227.79,230.42,653.62,-1,-1,-1,-1
471,4,1126.83,204.70,152.56,565.39,-1,-1,-1,-1
471,6,573.34,161.64,290.18,849.34,-1,-1,-1,-1
472,0,789.84,224.59,229.06,659.82,-1,-1,-1,-1
472,4,1145.54,200.46,154.60,574.62,-1,-1,-1,-1
472,6,613.22,165.07,253.37,837.92,-1,-1,-1,-1
473,0,789.29,226.75,215.41,637.42,-1,-1,-1,-1
473,4,1160.66,204.29,166.75,559.82,-1,-1,-1,-1
473,6,648.08,157.78,241.23,847.06,-1,-1,-1,-1
474,0,795.67,219.74,197.92,637.10,-1,-1,-1,-1
474,4,1169.91,198.48,196.97,564.07,-1,-1,-1,-1
474,6,675.97,163.65,259.99,829.64,-1,-1,-1,-1
475,0,791.36,219.22,195.54,629.49,-1,-1,-1,-1
475,4,1175.37,196.68,235.70,569.22,-1,-1,-1,-1
475,6,699.56,169.99,285.89,824.92,-1,-1,-1,-1
476,0,787.04,218.69,193.17,621.89,-1,-1,-1,-1
476,4,1180.53,197.60,253.18,569.29,-1,-1,-1,-1
476,6,710.89,177.18,316.79,822.89,-1,-1,-1,-1
477,0,782.72,218.17,190.79,614.29,-1,-1,-1,-1
477,4,1196.11,194.59,246.40,576.72,-1,-1,-1,-1
477,6,727.25,170.27,335.43,836.47,-1,-1,-1,-1
478,0,778.40,217.65,188.42,606.68,-1,-1,-1,-1
478,4,1216.82,195.26,226.46,576.48,-1,-1,-1,-1
478,6,740.96,168.63,336.63,841.52,-1,-1,-1,-1
479,4,1237.43,204.28,210.14,560.88,-1,-1,-1,-1
479,6,750.74,183.34,336.83,820.53,-1,-1,-1,-1
480,4,1256.24,211.51,199.90,548.73,-1,-1,-1,-1
480,6,759.39,191.74,330.52,805.19,-1,-1,-1,-1
481,0,755.26,227.81,161.75,572.69,-1,-1,-1,-1
481,4,1265.93,209.96,219.60,557.23,-1,-1,-1,-1
481,6,779.63,179.78,303.63,818.36,-1,-1,-1,-1
482,0,749.03,228.84,159.07,563.25,-1,-1,-1,-1
482,4,1277.94,201.23,225.50,573.19,-1,-1,-1,-1
482,6,796.47,172.73,289.10,825.86,-1,-1,-1,-1
483,0,747.85,233.59,168.35,559.07,-1,-1,-1,-1
483,4,1285.96,197.21,253.28,583.48,-1,-1,-1,-1
483,6,852.36,158.68,252.90,825.60,-1,-1,-1,-1
484,0,742.94,224.94,177.44,576.63,-1,-1,-1,-1
484,4,1281.95,201.59,315.08,583.78,-1,-1,-1,-1
484,6,892.23,152.98,233.84,834.86,-1,-1,-1,-1
485,0,737.28,227.03,182.57,572.74,-1,-1,-1,-1
485,4,1295.05,202.97,337.85,590.22,-1,-1,-1,-1
485,6,916.20,154.66,246.63,839.13,-1,-1,-1,-1
486,0,719.11,233.04,197.20,566.01,-1,-1,-1,-1
486,4,1316.31,199.98,331.08,604.65,-1,-1,-1,-1
486,6,931.66,159.06,288.48,842.04,-1,-1,-1,-1
487,0,705.06,235.98,206.78,563.10,-1,-1,-1,-1
487,4,1341.06,199.86,300.14,609.23,-1,-1,-1,-1
487,6,949.83,166.50,319.50,833.85,-1,-1,-1,-1
488,0,696.02,243.30,209.98,550.72,-1,-1,-1,-1
488,4,1355.72,194.08,281.35,618.09,-1,-1,-1,-1
488,6,959.58,160.39,325.71,839.21,-1,-1,-1,-1
489,0,689.35,248.56,209.50,541.35,-1,-1,-1,-1
489,4,1366.61,192.67,267.18,615.87,-1,-1,-1,-1
489,6,967.94,166.04,329.65,833.94,-1,-1,-1,-1
490,0,681.78,243.53,201.39,549.70,-1,-1,-1,-1
490,4,1375.57,186.94,251.27,620.62,-1,-1,-1,-1
490,6,983.12,166.70,318.94,837.22,-1,-1,-1,-1
491,0,677.87,252.47,183.34,535.88,-1,-1,-1,-1
491,4,1382.07,184.10,247.61,627.95,-1,-1,-1,-1
491,6,1004.70,164.14,304.87,840.82,-1,-1,-1,-1
492,0,664.33,242.37,173.23,548.35,-1,-1,-1,-1
492,4,1382.04,181.07,260.21,644.52,-1,-1,-1,-1
492,6,1052.36,165.34,257.51,838.01,-1,-1,-1,-1
493,0,654.51,243.22,162.65,548.69,-1,-1,-1,-1
493,4,1384.06,179.50,265.95,655.33,-1,-1,-1,-1
493,6,1083.85,162.14,235.67,839.25,-1,-1,-1,-1
494,0,638.89,244.39,166.65,543.41,-1,-1,-1,-1
494,4,1384.87,177.29,268.78,661.64,-1,-1,-1,-1
494,6,1119.29,152.38,220.67,851.83,-1,-1,-1,-1
495,0,621.19,249.20,176.48,537.64,-1,-1,-1,-1
495,4,1395.23,186.64,265.39,649.57,-1,-1,-1,-1
495,6,1145.44,151.39,222.52,852.20,-1,-1,-1,-1
496,0,606.82,245.82,188.93,542.37,-1,-1,-1,-1
496,4,1400.77,183.20,275.60,656.19,-1,-1,-1,-1
496,6,1162.17,143.74,243.40,871.08,-1,-1,-1,-1
497,0,598.68,242.83,194.70,546.92,-1,-1,-1,-1
497,4,1407.79,178.75,274.70,667.39,-1,-1,-1,-1
497,6,1172.43,152.50,286.93,857.29,-1,-1,-1,-1
498,0,592.80,250.04,198.47,539.16,-1,-1,-1,-1
498,4,1414.69,176.52,268.21,671.18,-1,-1,-1,-1
498,6,1182.19,148.22,310.33,866.24,-1,-1,-1,-1
499,0,588.35,251.64,198.22,541.00,-1,-1,-1,-1
499,4,1419.95,172.30,255.63,687.91,-1,-1,-1,-1
499,6,1182.56,155.95,338.41,854.72,-1,-1,-1,-1
500,0,582.99,250.39,194.95,546.22,-1,-1,-1,-1
500,4,1424.52,165.16,242.93,712.94,-1,-1,-1,-1
500,6,1192.20,154.34,347.73,860.96,-1,-1,-1,-1
501,0,572.32,243.44,196.63,554.41,-1,-1,-1,-1
501,4,1406.45,162.82,253.23,716.39,-1,-1,-1,-1
501,6,1202.57,140.86,372.49,879.82,-1,-1,-1,-1
502,0,561.49,241.63,201.36,555.64,-1,-1,-1,-1
502,4,1407.41,159.06,257.12,727.38,-1,-1,-1,-1
502,6,1236.17,141.83,377.96,870.21,-1,-1,-1,-1
503,0,555.40,246.78,204.02,544.41,-1,-1,-1,-1
503,4,1408.37,155.29,261.00,738.37,-1,-1,-1,-1
503,6,1273.71,151.01,356.05,831.84,-1,-1,-1,-1
504,0,551.89,252.84,206.03,536.36,-1,-1,-1,-1
504,4,1409.33,151.52,264.89,749.35,-1,-1,-1,-1
504,6,1330.64,149.38,302.49,821.35,-1,-1,-1,-1
505,0,553.34,250.79,203.84,544.54,-1,-1,-1,-1
505,4,1410.28,147.76,268.78,760.34,-1,-1,-1,-1
505,6,1365.70,157.23,266.33,824.12,-1,-1,-1,-1
506,0,554.09,253.81,207.05,538.12,-1,-1,-1,-1
506,6,1375.19,151.51,277.86,833.80,-1,-1,-1,-1
507,0,560.19,257.47,204.26,531.99,-1,-1,-1,-1
507,6,1372.89,157.34,311.35,834.14,-1,-1,-1,-1
508,0,565.72,256.19,199.85,532.97,-1,-1,-1,-1
508,6,1364.88,145.32,361.19,855.23,-1,-1,-1,-1
509,0,573.16,253.75,191.86,540.63,-1,-1,-1,-1
509,6,1357.20,155.94,403.99,839.68,-1,-1,-1,-1
510,0,579.95,249.38,187.83,550.54,-1,-1,-1,-1
510,6,1388.82,154.43,370.20,834.72,-1,-1,-1,-1
511,0,585.70,248.23,186.80,553.29,-1,-1,-1,-1
511,6,1414.83,156.02,354.73,833.41,-1,-1,-1,-1
512,0,590.13,245.28,185.85,556.68,-1,-1,-1,-1
512,6,1428.80,157.28,348.68,830.20,-1,-1,-1,-1
513,0,595.22,247.21,184.05,554.02,-1,-1,-1,-1
513,6,1469.62,159.53,305.57,825.34,-1,-1,-1,-1
513,11,1184.78,156.70,291.91,775.59,-1,-1,-1,-1
514,0,601.98,247.40,184.57,554.15,-1,-1,-1,-1
514,6,1497.07,157.37,292.36,823.39,-1,-1,-1,-1
514,11,1182.12,162.68,287.36,765.15,-1,-1,-1,-1
515,0,609.93,239.13,183.58,573.73,-1,-1,-1,-1
515,6,1528.26,146.28,273.77,832.80,-1,-1,-1,-1
515,11,1190.55,158.22,240.50,772.90,-1,-1,-1,-1
516,0,616.37,233.22,184.95,588.61,-1,-1,-1,-1
516,6,1549.89,151.64,272.11,820.68,-1,-1,-1,-1
516,11,1181.00,149.95,211.42,783.08,-1,-1,-1,-1
517,0,621.58,231.77,186.08,595.12,-1,-1,-1,-1
517,6,1562.72,144.07,268.96,830.10,-1,-1,-1,-1
517,11,1158.15,143.54,212.03,795.38,-1,-1,-1,-1
518,0,630.42,235.75,182.57,587.33,-1,-1,-1,-1
518,6,1569.46,150.71,285.41,826.90,-1,-1,-1,-1
518,11,1130.03,144.91,215.01,791.35,-1,-1,-1,-1
519,0,640.04,237.65,180.99,586.30,-1,-1,-1,-1
519,6,1577.69,157.40,289.67,818.24,-1,-1,-1,-1
519,11,1083.91,156.05,246.39,769.25,-1,-1,-1,-1
520,0,647.94,247.44,178.66,572.51,-1,-1,-1,-1
520,6,1585.22,164.91,287.01,806.88,-1,-1,-1,-1
520,11,1030.47,166.32,293.79,752.98,-1,-1,-1,-1
521,0,657.49,244.68,176.38,579.58,-1,-1,-1,-1
521,6,1587.74,171.25,287.75,800.04,-1,-1,-1,-1
521,11,997.58,173.10,320.13,743.42,-1,-1,-1,-1
522,0,670.42,242.31,172.08,584.57,-1,-1,-1,-1
522,6,1588.52,170.75,287.54,801.69,-1,-1,-1,-1
522,11,983.86,175.41,317.34,742.28,-1,-1,-1,-1
523,0,682.00,233.90,177.19,597.25,-1,-1,-1,-1
523,6,1587.65,178.81,283.87,762.43,-1,-1,-1,-1
523,11,982.34,175.26,288.27,742.80,-1,-1,-1,-1
524,0,695.36,228.23,179.70,602.87,-1,-1,-1,-1
524,6,1586.12,173.33,277.74,757.26,-1,-1,-1,-1
524,11,975.60,172.22,252.65,744.77,-1,-1,-1,-1
525,0,707.18,226.97,185.38,604.73,-1,-1,-1,-1
525,6,1584.07,176.94,274.36,730.48,-1,-1,-1,-1
525,11,965.98,170.87,215.17,744.12,-1,-1,-1,-1
526,0,715.33,229.81,209.77,601.50,-1,-1,-1,-1
526,6,1584.98,173.56,265.46,725.45,-1,-1,-1,-1
526,11,939.24,170.74,208.89,740.72,-1,-1,-1,-1
527,0,726.58,235.83,223.24,590.17,-1,-1,-1,-1
527,6,1584.05,172.21,263.89,728.44,-1,-1,-1,-1
527,11,910.02,171.76,228.00,742.73,-1,-1,-1,-1
528,0,741.02,227.24,214.36,602.68,-1,-1,-1,-1
528,6,1585.53,174.04,255.08,728.37,-1,-1,-1,-1
528,11,870.25,169.53,263.04,744.40,-1,-1,-1,-1
529,0,765.68,240.50,191.13,562.58,-1,-1,-1,-1
529,6,1581.41,177.92,254.23,721.23,-1,-1,-1,-1
529,11,807.85,171.72,324.03,747.40,-1,-1,-1,-1
530,0,780.16,246.91,185.97,547.41,-1,-1,-1,-1
530,6,1575.29,186.42,254.17,699.33,-1,-1,-1,-1
530,11,779.26,173.15,346.95,750.53,-1,-1,-1,-1
531,0,794.64,253.33,180.82,532.24,-1,-1,-1,-1
531,6,1570.23,193.94,252.24,681.39,-1,-1,-1,-1
531,11,778.47,169.59,331.15,757.48,-1,-1,-1,-1
532,0,809.12,259.74,175.66,517.06,-1,-1,-1,-1
532,6,1564.66,192.65,250.20,693.77,-1,-1,-1,-1
532,11,780.71,163.82,300.36,773.24,-1,-1,-1,-1
533,0,823.60,266.15,170.50,501.89,-1,-1,-1,-1
533,6,1562.22,189.82,242.56,688.31,-1,-1,-1,-1
533,11,774.20,165.73,263.58,773.27,-1,-1,-1,-1
534,6,1556.88,185.43,235.98,684.95,-1,-1,-1,-1
534,11,758.47,176.61,281.84,755.60,-1,-1,-1,-1
535,6,1550.35,184.64,234.44,668.83,-1,-1,-1,-1
535,11,727.83,178.81,286.81,755.23,-1,-1,-1,-1
536,6,1543.48,182.37,231.35,668.30,-1,-1,-1,-1
536,11,691.10,179.46,267.87,751.90,-1,-1,-1,-1
537,6,1536.88,189.62,228.76,647.79,-1,-1,-1,-1
537,11,638.62,178.30,291.86,751.40,-1,-1,-1,-1
538,6,1531.65,192.73,226.08,630.81,-1,-1,-1,-1
538,11,600.66,185.40,313.64,735.64,-1,-1,-1,-1
539,6,1524.84,185.29,224.10,641.96,-1,-1,-1,-1
539,11,576.09,186.56,328.18,731.57,-1,-1,-1,-1
539,12,901.87,229.47,221.95,652.12,-1,-1,-1,-1
540,6,1509.86,184.51,229.80,640.62,-1,-1,-1,-1
540,11,557.02,194.31,335.99,725.82,-1,-1,-1,-1
540,12,916.42,217.14,213.64,664.11,-1,-1,-1,-1
541,6,1483.78,184.78,244.43,632.73,-1,-1,-1,-1
541,11,555.29,190.24,310.87,729.15,-1,-1,-1,-1
541,12,931.17,211.24,207.94,655.95,-1,-1,-1,-1
542,6,1469.43,187.15,246.24,624.83,-1,-1,-1,-1
542,11,551.88,183.40,269.95,736.25,-1,-1,-1,-1
542,12,942.82,207.01,213.52,670.19,-1,-1,-1,-1
543,6,1463.55,194.82,240.70,613.28,-1,-1,-1,-1
543,11,532.46,171.30,247.91,748.68,-1,-1,-1,-1
543,12,955.49,202.23,223.78,694.03,-1,-1,-1,-1
544,6,1458.42,190.86,234.48,619.10,-1,-1,-1,-1
544,11,519.05,175.14,218.55,741.75,-1,-1,-1,-1
544,12,967.99,200.17,271.76,708.77,-1,-1,-1,-1
545,6,1454.68,190.36,224.47,617.06,-1,-1,-1,-1
545,11,488.56,172.70,233.40,740.80,-1,-1,-1,-1
545,12,986.22,204.31,283.93,713.72,-1,-1,-1,-1
546,6,1449.32,196.77,218.06,603.75,-1,-1,-1,-1
546,11,463.23,172.26,249.88,746.46,-1,-1,-1,-1
546,12,1000.94,205.62,286.68,719.25,-1,-1,-1,-1
547,6,1439.07,199.66,211.89,593.55,-1,-1,-1,-1
547,11,423.50,175.26,287.48,749.05,-1,-1,-1,-1
547,12,1018.10,203.37,276.40,726.60,-1,-1,-1,-1
548,6,1424.21,195.14,214.64,598.35,-1,-1,-1,-1
548,11,388.59,180.36,324.33,752.30,-1,-1,-1,-1
548,12,1033.19,196.27,268.30,741.18,-1,-1,-1,-1
549,6,1413.85,191.42,211.01,602.59,-1,-1,-1,-1
549,11,371.00,182.81,317.15,751.88,-1,-1,-1,-1
549,12,1057.77,189.94,249.13,750.36,-1,-1,-1,-1
550,6,1404.05,194.80,198.66,593.83,-1,-1,-1,-1
550,11,358.70,178.88,292.28,755.55,-1,-1,-1,-1
550,12,1081.17,180.67,234.09,763.73,-1,-1,-1,-1
551,6,1393.57,204.91,192.77,575.99,-1,-1,-1,-1
551,11,357.04,171.66,253.05,775.81,-1,-1,-1,-1
551,12,1100.06,185.30,232.71,762.66,-1,-1,-1,-1
552,6,1379.74,197.71,195.71,585.13,-1,-1,-1,-1
552,11,345.86,168.24,230.29,782.41,-1,-1,-1,-1
552,12,1123.52,183.81,232.51,780.12,-1,-1,-1,-1
553,6,1369.85,202.72,194.94,577.51,-1,-1,-1,-1
553,11,328.75,168.80,227.16,787.29,-1,-1,-1,-1
553,12,1139.59,186.57,231.87,778.00,-1,-1,-1,-1
554,6,1351.59,200.83,209.01,578.45,-1,-1,-1,-1
554,11,303.52,166.11,242.79,796.48,-1,-1,-1,-1
554,12,1151.38,183.34,248.60,803.60,-1,-1,-1,-1
555,6,1351.95,204.21,206.32,582.45,-1,-1,-1,-1
555,11,277.27,160.47,265.01,815.06,-1,-1,-1,-1
555,12,1162.53,183.50,254.16,811.85,-1,-1,-1,-1
556,6,1359.93,209.52,192.37,568.33,-1,-1,-1,-1
556,11,249.64,153.79,283.44,844.68,-1,-1,-1,-1
556,12,1172.82,173.20,266.26,838.13,-1,-1,-1,-1
557,6,1374.20,220.67,159.07,524.89,-1,-1,-1,-1
557,11,231.77,150.91,292.78,869.24,-1,-1,-1,-1
557,12,1186.33,174.50,277.71,841.48,-1,-1,-1,-1
558,6,1370.09,229.58,152.51,503.29,-1,-1,-1,-1
558,11,217.66,156.75,295.79,872.28,-1,-1,-1,-1
558,12,1199.34,173.35,296.47,837.98,-1,-1,-1,-1
559,6,1365.98,238.49,145.96,481.68,-1,-1,-1,-1
559,11,204.85,166.33,300.93,858.02,-1,-1,-1,-1
559,12,1208.44,166.99,297.40,863.15,-1,-1,-1,-1
560,6,1361.87,247.40,139.40,460.07,-1,-1,-1,-1
560,11,182.06,161.69,308.96,878.63,-1,-1,-1,-1
560,12,1221.94,154.64,298.82,881.28,-1,-1,-1,-1
561,6,1357.76,256.31,132.85,438.47,-1,-1,-1,-1
561,11,151.20,155.78,335.89,901.81,-1,-1,-1,-1
561,12,1236.38,152.72,306.47,889.95,-1,-1,-1,-1
562,11,111.80,151.30,376.64,911.55,-1,-1,-1,-1
562,12,1251.38,136.64,321.11,930.58,-1,-1,-1,-1
563,11,83.38,144.43,401.75,925.41,-1,-1,-1,-1
563,12,1260.97,137.07,349.10,936.76,-1,-1,-1,-1
564,11,58.78,140.60,417.14,928.18,-1,-1,-1,-1
564,12,1258.27,149.82,367.66,918.30,-1,-1,-1,-1
565,11,51.60,135.49,413.50,939.13,-1,-1,-1,-1
565,12,1279.91,147.22,366.06,929.98,-1,-1,-1,-1
566,11,45.64,132.78,408.21,945.39,-1,-1,-1,-1
566,12,1320.85,142.53,329.14,934.37,-1,-1,-1,-1
567,11,52.07,133.66,391.77,943.83,-1,-1,-1,-1
567,12,1342.02,150.28,306.97,917.29,-1,-1,-1,-1
568,11,62.33,130.64,378.30,947.75,-1,-1,-1,-1
568,12,1358.63,144.62,286.66,924.35,-1,-1,-1,-1
568,13,1198.44,215.88,178.94,566.47,-1,-1,-1,-1
569,11,68.77,130.75,377.26,944.57,-1,-1,-1,-1
569,12,1363.85,143.19,275.37,916.40,-1,-1,-1,-1
569,13,1201.38,207.97,157.45,576.57,-1,-1,-1,-1
570,11,76.34,128.78,373.09,944.70,-1,-1,-1,-1
570,12,1372.69,137.67,264.78,916.71,-1,-1,-1,-1
570,13,1186.67,211.38,156.57,565.64,-1,-1,-1,-1
571,11,85.99,125.03,372.28,947.84,-1,-1,-1,-1
571,12,1372.54,143.44,265.88,904.61,-1,-1,-1,-1
571,13,1172.07,207.73,150.13,573.39,-1,-1,-1,-1
572,11,95.95,106.69,370.65,971.91,-1,-1,-1,-1
572,12,1364.63,142.01,272.59,903.56,-1,-1,-1,-1
572,13,1149.78,207.99,162.20,571.13,-1,-1,-1,-1
573,11,107.56,109.04,377.19,965.09,-1,-1,-1,-1
573,12,1353.53,138.62,280.06,909.91,-1,-1,-1,-1
573,13,1111.69,214.31,196.39,563.08,-1,-1,-1,-1
574,11,138.04,103.98,365.19,957.78,-1,-1,-1,-1
574,12,1347.04,134.00,273.40,915.71,-1,-1,-1,-1
574,13,1072.59,220.91,230.50,556.87,-1,-1,-1,-1
575,11,167.50,102.68,362.06,962.88,-1,-1,-1,-1
575,12,1317.63,137.40,286.35,898.75,-1,-1,-1,-1
575,13,1053.16,230.51,243.51,545.11,-1,-1,-1,-1
576,11,199.60,100.59,352.02,961.84,-1,-1,-1,-1
576,12,1305.20,140.83,272.27,882.49,-1,-1,-1,-1
576,13,1045.06,233.11,237.64,542.05,-1,-1,-1,-1
577,11,221.06,88.64,359.73,967.74,-1,-1,-1,-1
577,12,1290.32,135.16,272.03,892.84,-1,-1,-1,-1
577,13,1042.76,232.66,229.98,544.96,-1,-1,-1,-1
578,11,241.38,83.89,362.90,974.26,-1,-1,-1,-1
578,12,1285.95,139.64,245.86,885.18,-1,-1,-1,-1
578,13,1048.46,231.38,202.55,554.15,-1,-1,-1,-1
579,11,271.15,84.64,354.63,972.00,-1,-1,-1,-1
579,12,1273.62,148.24,241.22,879.15,-1,-1,-1,-1
579,13,1041.39,222.49,184.87,557.29,-1,-1,-1,-1
580,11,294.24,70.24,369.12,993.79,-1,-1,-1,-1
580,12,1222.00,149.71,292.22,881.26,-1,-1,-1,-1
580,13,1027.58,220.47,160.66,555.13,-1,-1,-1,-1
581,11,328.80,60.45,369.92,1007.90,-1,-1,-1,-1
581,12,1185.62,151.25,319.48,876.92,-1,-1,-1,-1
581,13,1011.90,223.73,144.04,550.21,-1,-1,-1,-1
582,11,361.96,72.10,371.95,993.71,-1,-1,-1,-1
582,12,1147.76,160.65,355.47,867.43,-1,-1,-1,-1
582,13,992.22,225.44,146.85,550.98,-1,-1,-1,-1
583,11,391.19,69.99,371.20,998.12,-1,-1,-1,-1
583,12,1129.71,179.03,366.19,844.59,-1,-1,-1,-1
583,13,963.40,227.42,175.30,545.23,-1,-1,-1,-1
584,11,428.38,76.17,371.44,992.85,-1,-1,-1,-1
584,12,1116.95,182.28,370.57,841.95,-1,-1,-1,-1
584,13,932.52,225.98,202.57,548.12,-1,-1,-1,-1
585,11,459.12,75.86,377.27,992.28,-1,-1,-1,-1
585,12,1114.34,177.98,349.16,852.63,-1,-1,-1,-1
585,13,899.98,223.31,231.28,557.66,-1,-1,-1,-1
586,11,495.98,93.55,352.80,959.70,-1,-1,-1,-1
586,12,1111.98,172.53,315.74,862.26,-1,-1,-1,-1
586,13,880.30,222.28,244.52,560.66,-1,-1,-1,-1
587,11,525.86,80.61,325.19,985.31,-1,-1,-1,-1
587,12,1105.52,161.65,290.27,877.47,-1,-1,-1,-1
587,13,872.28,233.64,246.17,548.16,-1,-1,-1,-1
588,11,563.41,85.00,292.73,975.04,-1,-1,-1,-1
588,12,1090.39,159.30,259.07,872.70,-1,-1,-1,-1
588,13,871.13,236.35,229.83,543.54,-1,-1,-1,-1
589,11,600.94,82.52,288.88,969.45,-1,-1,-1,-1
589,12,1055.95,154.22,240.77,877.48,-1,-1,-1,-1
589,13,858.17,239.15,228.22,539.73,-1,-1,-1,-1
590,11,646.47,111.37,293.54,929.93,-1,-1,-1,-1
590,12,1011.47,156.34,256.29,871.40,-1,-1,-1,-1
590,13,845.22,241.95,226.62,535.93,-1,-1,-1,-1
591,11,672.89,96.42,303.97,957.52,-1,-1,-1,-1
591,12,982.43,157.87,272.84,872.84,-1,-1,-1,-1
591,13,832.26,244.75,225.02,532.12,-1,-1,-1,-1
592,11,689.82,91.96,336.10,965.24,-1,-1,-1,-1
592,12,965.78,158.53,275.98,875.01,-1,-1,-1,-1
592,13,819.31,247.54,223.42,528.32,-1,-1,-1,-1
593,11,727.17,114.45,398.55,936.92,-1,-1,-1,-1
593,12,939.85,150.80,298.69,886.51,-1,-1,-1,-1
594,11,758.72,100.55,437.29,958.39,-1,-1,-1,-1
594,12,918.21,147.83,300.54,892.00,-1,-1,-1,-1
595,11,781.76,120.27,443.12,937.12,-1,-1,-1,-1
595,12,896.58,144.87,302.39,897.50,-1,-1,-1,-1
596,11,790.12,89.80,421.14,970.33,-1,-1,-1,-1
596,12,874.94,141.90,304.24,902.99,-1,-1,-1,-1
597,11,818.38,84.35,425.49,980.32,-1,-1,-1,-1
597,12,860.08,63.55,302.03,995.50,-1,-1,-1,-1
597,13,736.16,221.77,187.45,556.40,-1,-1,-1,-1
598,11,825.09,64.28,414.54,997.80,-1,-1,-1,-1
598,12,835.86,46.01,310.19,1022.41,-1,-1,-1,-1
598,13,733.37,228.76,163.56,557.77,-1,-1,-1,-1
599,11,820.87,63.97,466.11,995.05,-1,-1,-1,-1
599,12,811.64,28.47,318.35,1049.33,-1,-1,-1,-1
599,13,729.84,225.37,144.87,562.09,-1,-1,-1,-1
600,11,845.03,58.72,469.25,1001.70,-1,-1,-1,-1
600,12,787.43,10.93,326.51,1076.24,-1,-1,-1,-1
600,13,713.42,223.94,145.66,565.20,-1,-1,-1,-1
601,11,869.19,53.47,472.39,1008.35,-1,-1,-1,-1
601,12,763.21,-6.61,334.67,1103.15,-1,-1,-1,-1
601,13,697.01,222.51,146.46,568.30,-1,-1,-1,-1
602,11,893.35,48.22,475.53,1015.00,-1,-1,-1,-1
602,13,680.59,221.08,147.25,571.41,-1,-1,-1,-1
603,11,917.52,42.97,478.66,1021.64,-1,-1,-1,-1
603,13,664.17,219.66,148.05,574.52,-1,-1,-1,-1
604,19,665.20,210.03,338.38,821.35,-1,-1,-1,-1
604,20,1138.95,60.94,458.95,1002.73,-1,-1,-1,-1
605,19,656.26,192.76,336.37,847.06,-1,-1,-1,-1
605,20,1172.97,67.30,427.90,993.63,-1,-1,-1,-1
606,19,646.97,183.00,326.10,858.70,-1,-1,-1,-1
606,20,1190.06,55.46,401.79,999.56,-1,-1,-1,-1
607,19,627.10,175.01,305.72,866.05,-1,-1,-1,-1
607,20,1208.93,40.76,378.29,1025.62,-1,-1,-1,-1
608,19,600.28,194.24,295.58,829.54,-1,-1,-1,-1
608,20,1239.90,28.02,352.83,1046.08,-1,-1,-1,-1
609,19,580.51,203.17,294.03,814.43,-1,-1,-1,-1
609,20,1272.48,33.66,345.04,1033.73,-1,-1,-1,-1
610,19,574.56,205.05,286.07,809.87,-1,-1,-1,-1
610,20,1306.86,40.23,330.70,1025.80,-1,-1,-1,-1
611,19,567.38,213.96,286.40,798.50,-1,-1,-1,-1
611,20,1326.83,59.94,356.71,999.74,-1,-1,-1,-1
612,19,570.74,216.27,275.04,779.62,-1,-1,-1,-1
612,20,1346.91,56.34,358.87,997.33,-1,-1,-1,-1
613,19,568.36,218.62,272.78,753.95,-1,-1,-1,-1
613,20,1370.17,63.62,361.40,988.24,-1,-1,-1,-1
614,19,571.55,219.37,266.66,731.10,-1,-1,-1,-1
614,20,1390.92,45.97,364.24,1022.25,-1,-1,-1,-1
615,19,591.42,216.18,238.18,724.51,-1,-1,-1,-1
615,20,1413.90,45.94,391.14,1029.60,-1,-1,-1,-1
616,13,473.69,234.96,185.16,566.51,-1,-1,-1,-1
616,19,607.44,204.24,220.61,745.66,-1,-1,-1,-1
616,20,1445.76,41.26,404.24,1039.14,-1,-1,-1,-1
617,13,452.88,235.11,206.34,578.18,-1,-1,-1,-1
617,19,614.59,203.21,213.17,750.29,-1,-1,-1,-1
617,20,1473.34,47.68,421.61,1028.69,-1,-1,-1,-1
618,13,439.02,230.12,221.05,596.40,-1,-1,-1,-1
618,19,624.89,199.68,204.62,761.29,-1,-1,-1,-1
618,20,1493.20,47.10,429.79,1026.45,-1,-1,-1,-1
619,13,433.70,237.98,221.10,589.51,-1,-1,-1,-1
619,19,633.03,206.48,197.07,747.02,-1,-1,-1,-1
619,20,1515.39,62.24,417.35,996.56,-1,-1,-1,-1
620,13,425.78,242.29,220.41,589.31,-1,-1,-1,-1
620,19,637.25,209.28,190.61,739.80,-1,-1,-1,-1
620,20,1529.93,75.17,403.20,977.75,-1,-1,-1,-1
621,13,415.59,241.67,213.86,592.08,-1,-1,-1,-1
621,19,641.15,209.93,185.71,728.84,-1,-1,-1,-1
621,20,1544.46,80.22,392.06,974.57,-1,-1,-1,-1
622,13,403.86,232.49,194.89,592.09,-1,-1,-1,-1
622,19,649.96,206.18,175.91,730.51,-1,-1,-1,-1
622,20,1563.32,82.33,369.50,977.21,-1,-1,-1,-1
623,13,387.45,234.09,192.04,595.07,-1,-1,-1,-1
623,19,652.36,207.32,178.74,724.62,-1,-1,-1,-1
623,20,1571.09,93.61,359.72,960.93,-1,-1,-1,-1
624,13,372.66,230.42,191.41,604.57,-1,-1,-1,-1
624,19,653.14,207.41,183.98,726.82,-1,-1,-1,-1
624,20,1575.78,103.65,357.33,953.48,-1,-1,-1,-1
625,13,358.37,227.25,196.46,620.78,-1,-1,-1,-1
625,19,653.34,210.16,191.78,726.02,-1,-1,-1,-1
625,20,1581.78,98.87,347.12,957.25,-1,-1,-1,-1
626,13,346.13,229.51,201.28,631.38,-1,-1,-1,-1
626,19,645.40,208.08,209.88,732.42,-1,-1,-1,-1
626,20,1586.42,93.79,344.28,965.30,-1,-1,-1,-1
627,13,335.03,231.56,206.36,640.95,-1,-1,-1,-1
627,19,641.25,210.68,221.80,729.00,-1,-1,-1,-1
627,20,1590.74,92.09,335.29,962.53,-1,-1,-1,-1
628,13,326.76,234.83,209.49,645.81,-1,-1,-1,-1
628,19,640.96,210.54,229.43,730.28,-1,-1,-1,-1
628,20,1593.60,94.72,321.68,949.14,-1,-1,-1,-1
629,13,318.37,231.35,212.99,658.53,-1,-1,-1,-1
629,19,642.79,210.75,234.04,726.87,-1,-1,-1,-1
629,20,1592.19,107.28,306.69,911.90,-1,-1,-1,-1
630,13,311.55,229.32,212.84,666.32,-1,-1,-1,-1
630,19,644.03,200.12,238.39,749.38,-1,-1,-1,-1
630,20,1581.07,107.76,303.03,910.93,-1,-1,-1,-1
631,13,304.75,224.07,215.32,677.05,-1,-1,-1,-1
631,19,644.50,191.95,240.86,769.46,-1,-1,-1,-1
631,20,1573.47,115.43,299.12,893.96,-1,-1,-1,-1
632,13,296.09,218.19,220.15,682.45,-1,-1,-1,-1
632,19,643.32,186.53,254.68,775.27,-1,-1,-1,-1
632,20,1569.00,122.01,285.02,874.25,-1,-1,-1,-1
633,13,291.62,217.65,220.61,682.94,-1,-1,-1,-1
633,19,651.50,182.75,267.05,787.76,-1,-1,-1,-1
633,20,1566.45,115.51,270.12,871.00,-1,-1,-1,-1
634,13,286.77,212.37,221.88,686.29,-1,-1,-1,-1
634,19,660.88,186.19,285.90,796.18,-1,-1,-1,-1
634,20,1551.92,110.37,263.18,880.23,-1,-1,-1,-1
635,13,281.83,210.76,223.12,691.32,-1,-1,-1,-1
635,19,671.19,194.33,300.41,791.95,-1,-1,-1,-1
635,20,1536.20,119.80,258.75,852.86,-1,-1,-1,-1
636,13,274.16,208.90,227.01,707.87,-1,-1,-1,-1
636,19,686.26,189.11,296.21,812.83,-1,-1,-1,-1
636,20,1512.34,124.17,267.18,842.87,-1,-1,-1,-1
637,13,267.11,207.03,229.45,723.92,-1,-1,-1,-1
637,19,702.61,183.72,282.24,826.71,-1,-1,-1,-1
637,20,1474.52,133.16,294.17,822.59,-1,-1,-1,-1
638,13,255.81,206.32,234.40,737.50,-1,-1,-1,-1
638,19,721.41,178.71,263.65,838.68,-1,-1,-1,-1
638,20,1456.00,138.90,305.37,810.68,-1,-1,-1,-1
639,13,245.90,205.71,241.13,754.89,-1,-1,-1,-1
639,19,736.78,177.24,257.41,845.47,-1,-1,-1,-1
639,20,1441.84,141.93,303.69,808.47,-1,-1,-1,-1
640,13,241.18,203.23,239.76,764.36,-1,-1,-1,-1
640,19,750.82,177.82,259.46,844.51,-1,-1,-1,-1
640,20,1430.31,151.04,281.33,792.48,-1,-1,-1,-1
641,13,233.24,194.11,247.19,791.70,-1,-1,-1,-1
641,19,762.37,176.96,265.34,852.80,-1,-1,-1,-1
641,20,1414.46,142.02,245.40,801.84,-1,-1,-1,-1
642,13,221.96,189.09,252.48,806.78,-1,-1,-1,-1
642,19,777.04,172.22,271.13,859.64,-1,-1,-1,-1
642,20,1391.16,132.69,228.20,807.57,-1,-1,-1,-1
643,13,212.56,192.81,256.58,798.26,-1,-1,-1,-1
643,19,791.03,169.94,273.69,860.91,-1,-1,-1,-1
643,20,1369.51,139.84,229.21,799.45,-1,-1,-1,-1
644,13,196.90,195.00,264.78,789.32,-1,-1,-1,-1
644,19,808.98,167.32,274.53,889.58,-1,-1,-1,-1
644,20,1340.06,141.48,240.99,792.40,-1,-1,-1,-1
645,13,184.08,194.11,264.41,793.09,-1,-1,-1,-1
645,19,820.12,173.85,284.30,887.01,-1,-1,-1,-1
645,20,1301.62,144.26,257.35,785.73,-1,-1,-1,-1
646,13,161.91,191.75,278.14,805.15,-1,-1,-1,-1
646,19,839.77,171.80,269.28,894.65,-1,-1,-1,-1
646,20,1254.64,140.35,298.72,790.93,-1,-1,-1,-1
647,13,142.58,189.32,287.60,832.08,-1,-1,-1,-1
647,19,855.84,172.60,259.89,887.54,-1,-1,-1,-1
647,20,1232.63,153.17,314.43,776.75,-1,-1,-1,-1
648,13,127.56,188.86,294.83,850.62,-1,-1,-1,-1
648,19,881.28,171.04,240.30,886.72,-1,-1,-1,-1
648,20,1222.13,153.41,297.12,774.05,-1,-1,-1,-1
649,13,118.14,186.50,299.31,865.92,-1,-1,-1,-1
649,19,894.16,155.64,236.70,912.08,-1,-1,-1,-1
649,20,1211.73,151.34,290.52,776.33,-1,-1,-1,-1
650,13,106.05,186.44,306.12,875.96,-1,-1,-1,-1
650,19,908.83,149.68,231.26,919.61,-1,-1,-1,-1
650,20,1206.75,153.19,253.73,771.74,-1,-1,-1,-1
651,13,99.07,187.43,308.13,879.72,-1,-1,-1,-1
651,19,917.47,141.27,243.38,929.11,-1,-1,-1,-1
651,20,1182.89,156.56,234.39,762.07,-1,-1,-1,-1
652,13,93.44,179.75,308.21,891.65,-1,-1,-1,-1
652,19,926.68,136.02,261.96,936.38,-1,-1,-1,-1
652,20,1152.77,156.39,221.06,764.44,-1,-1,-1,-1
653,13,86.04,177.63,311.21,893.18,-1,-1,-1,-1
653,19,937.53,147.58,274.75,923.76,-1,-1,-1,-1
653,20,1125.62,157.16,224.28,764.53,-1,-1,-1,-1
654,13,70.76,174.76,324.07,889.18,-1,-1,-1,-1
654,19,953.11,170.19,303.48,891.53,-1,-1,-1,-1
654,20,1118.01,212.47,220.96,696.15,-1,-1,-1,-1
655,13,57.19,168.70,332.26,891.05,-1,-1,-1,-1
655,19,962.05,160.07,351.76,900.09,-1,-1,-1,-1
655,20,1100.38,230.27,211.56,666.56,-1,-1,-1,-1
656,13,39.56,167.33,345.80,892.57,-1,-1,-1,-1
656,19,985.94,159.47,347.30,903.92,-1,-1,-1,-1
656,20,1082.75,248.07,202.17,636.98,-1,-1,-1,-1
657,13,25.12,152.99,355.33,919.05,-1,-1,-1,-1
657,19,1004.52,145.84,325.20,927.65,-1,-1,-1,-1
657,20,1065.12,265.86,192.77,607.40,-1,-1,-1,-1
658,13,15.95,144.49,358.29,933.53,-1,-1,-1,-1
658,19,1013.23,136.22,320.87,943.86,-1,-1,-1,-1
658,20,1047.48,283.66,183.38,577.81,-1,-1,-1,-1
659,13,9.01,139.87,361.96,939.91,-1,-1,-1,-1
659,19,1017.69,145.18,325.60,933.26,-1,-1,-1,-1
660,13,3.84,138.95,360.96,938.31,-1,-1,-1,-1
660,19,1007.89,151.67,350.90,920.10,-1,-1,-1,-1
661,13,-0.94,139.37,357.98,933.63,-1,-1,-1,-1
661,19,980.74,150.13,387.99,924.16,-1,-1,-1,-1
662,13,-2.33,141.06,353.09,927.29,-1,-1,-1,-1
662,19,1027.83,148.24,341.28,925.97,-1,-1,-1,-1
663,13,-2.29,140.23,342.27,926.28,-1,-1,-1,-1
663,19,1053.45,154.63,320.50,914.94,-1,-1,-1,-1
664,13,-2.85,133.94,334.56,933.86,-1,-1,-1,-1
664,19,1077.12,157.54,303.72,894.07,-1,-1,-1,-1
664,22,798.77,176.09,308.06,746.75,-1,-1,-1,-1
665,13,-3.60,132.55,337.81,934.49,-1,-1,-1,-1
665,19,1086.86,158.18,300.74,882.69,-1,-1,-1,-1
665,22,788.36,181.72,313.62,741.84,-1,-1,-1,-1
666,13,-4.72,121.53,336.13,947.79,-1,-1,-1,-1
666,19,1096.07,157.51,294.08,880.62,-1,-1,-1,-1
666,22,783.72,184.88,294.83,742.02,-1,-1,-1,-1
667,13,-5.21,113.60,335.21,956.65,-1,-1,-1,-1
667,19,1103.93,155.14,284.42,873.94,-1,-1,-1,-1
667,22,780.28,181.60,250.09,748.17,-1,-1,-1,-1
668,13,-4.75,111.04,330.43,956.44,-1,-1,-1,-1
668,19,1111.69,153.96,275.97,866.60,-1,-1,-1,-1
668,22,772.46,171.30,212.77,760.17,-1,-1,-1,-1
669,13,-4.47,105.31,328.64,961.68,-1,-1,-1,-1
669,19,1114.44,157.70,270.66,868.91,-1,-1,-1,-1
669,22,743.37,176.16,213.69,745.93,-1,-1,-1,-1
670,13,-4.49,100.27,332.88,965.60,-1,-1,-1,-1
670,19,1119.02,161.83,259.54,843.52,-1,-1,-1,-1
670,22,707.36,152.67,229.66,788.49,-1,-1,-1,-1
671,13,-4.24,97.86,339.27,966.82,-1,-1,-1,-1
671,19,1116.20,161.45,253.67,831.66,-1,-1,-1,-1
671,22,663.86,161.19,262.08,778.62,-1,-1,-1,-1
672,13,-2.67,92.67,334.91,971.47,-1,-1,-1,-1
672,19,1114.27,161.42,247.16,824.13,-1,-1,-1,-1
672,22,617.74,169.30,297.95,766.41,-1,-1,-1,-1
673,13,-3.94,98.16,352.18,962.53,-1,-1,-1,-1
673,19,1104.84,168.29,246.67,815.84,-1,-1,-1,-1
673,22,594.21,181.14,313.98,756.64,-1,-1,-1,-1
674,13,-1.84,97.64,362.64,956.99,-1,-1,-1,-1
674,19,1096.11,173.37,242.89,789.10,-1,-1,-1,-1
674,22,581.93,190.21,309.05,747.63,-1,-1,-1,-1
675,13,0.79,95.91,368.98,961.53,-1,-1,-1,-1
675,19,1086.35,171.40,239.81,780.24,-1,-1,-1,-1
675,22,576.79,195.53,285.53,738.00,-1,-1,-1,-1
676,13,3.24,96.00,371.88,960.32,-1,-1,-1,-1
676,19,1076.17,173.40,241.55,778.16,-1,-1,-1,-1
676,22,566.35,188.72,272.07,742.40,-1,-1,-1,-1
677,13,14.75,105.19,361.27,941.95,-1,-1,-1,-1
677,19,1064.43,176.01,239.67,775.71,-1,-1,-1,-1
677,22,539.79,182.27,248.78,755.43,-1,-1,-1,-1
678,13,30.09,100.93,349.90,947.92,-1,-1,-1,-1
678,19,1043.17,181.69,243.86,768.80,-1,-1,-1,-1
678,22,499.91,176.59,246.01,764.15,-1,-1,-1,-1
679,13,50.24,98.72,342.54,947.23,-1,-1,-1,-1
679,19,1021.99,181.25,251.61,766.08,-1,-1,-1,-1
679,22,464.19,173.75,259.48,772.68,-1,-1,-1,-1
680,13,69.62,91.75,339.82,962.74,-1,-1,-1,-1
680,19,1010.54,184.51,257.40,759.75,-1,-1,-1,-1
680,22,407.78,181.61,306.67,760.93,-1,-1,-1,-1
681,13,101.08,91.40,323.11,965.83,-1,-1,-1,-1
681,19,996.40,188.04,270.06,754.07,-1,-1,-1,-1
681,22,362.81,191.35,346.39,752.15,-1,-1,-1,-1
682,13,107.60,91.67,339.38,960.16,-1,-1,-1,-1
682,19,983.49,198.84,274.04,730.99,-1,-1,-1,-1
682,22,355.45,192.92,342.55,748.62,-1,-1,-1,-1
683,13,139.82,100.30,312.01,948.41,-1,-1,-1,-1
683,19,991.63,191.11,247.10,741.74,-1,-1,-1,-1
683,22,373.07,188.64,295.50,752.62,-1,-1,-1,-1
684,13,162.65,103.26,300.77,945.74,-1,-1,-1,-1
684,19,990.53,191.46,214.49,724.26,-1,-1,-1,-1
684,22,372.77,186.48,271.42,755.88,-1,-1,-1,-1
685,13,186.77,136.17,317.58,899.60,-1,-1,-1,-1
685,19,980.20,191.26,198.06,708.71,-1,-1,-1,-1
685,22,378.16,190.44,222.99,738.99,-1,-1,-1,-1
686,13,203.62,126.38,331.96,925.75,-1,-1,-1,-1
686,19,963.30,190.96,196.73,701.72,-1,-1,-1,-1
686,22,359.24,193.40,221.04,732.50,-1,-1,-1,-1
687,13,222.83,120.38,327.94,939.98,-1,-1,-1,-1
687,19,948.52,187.73,195.16,701.85,-1,-1,-1,-1
687,22,340.32,196.37,219.08,726.01,-1,-1,-1,-1
688,13,246.35,149.81,334.41,911.48,-1,-1,-1,-1
688,19,920.43,193.01,212.47,692.46,-1,-1,-1,-1
688,22,321.40,199.33,217.13,719.52,-1,-1,-1,-1
689,13,265.97,146.33,348.68,916.43,-1,-1,-1,-1
689,19,892.45,197.06,235.23,688.71,-1,-1,-1,-1
689,22,302.48,202.29,215.18,713.03,-1,-1,-1,-1
690,13,277.71,135.25,366.17,940.38,-1,-1,-1,-1
690,19,883.38,216.91,242.34,653.52,-1,-1,-1,-1
691,13,274.22,144.62,391.92,929.17,-1,-1,-1,-1
691,19,876.31,211.38,234.52,660.57,-1,-1,-1,-1
691,22,246.08,200.89,190.81,648.73,-1,-1,-1,-1
692,13,306.59,155.99,366.15,915.59,-1,-1,-1,-1
692,19,869.72,214.25,233.99,650.60,-1,-1,-1,-1
692,22,232.60,197.11,195.43,664.58,-1,-1,-1,-1
693,13,343.59,144.19,336.26,930.99,-1,-1,-1,-1
693,19,864.09,220.47,215.88,629.56,-1,-1,-1,-1
693,22,215.80,195.66,211.51,680.45,-1,-1,-1,-1
694,13,373.96,133.12,319.14,946.81,-1,-1,-1,-1
694,19,849.98,220.76,202.89,624.91,-1,-1,-1,-1
694,22,199.40,190.18,233.30,703.65,-1,-1,-1,-1
695,13,410.03,137.89,305.93,933.76,-1,-1,-1,-1
695,19,830.31,222.84,192.40,618.82,-1,-1,-1,-1
695,22,187.23,197.96,253.70,691.56,-1,-1,-1,-1
696,13,441.84,134.66,301.77,941.27,-1,-1,-1,-1
696,19,809.30,226.23,193.67,608.01,-1,-1,-1,-1
696,22,185.81,203.89,265.46,678.03,-1,-1,-1,-1
697,13,472.63,143.25,303.99,931.97,-1,-1,-1,-1
697,19,791.15,225.25,204.21,611.15,-1,-1,-1,-1
697,22,194.53,199.49,255.27,678.62,-1,-1,-1,-1
698,13,503.09,132.32,321.32,947.82,-1,-1,-1,-1
698,19,773.10,221.73,215.62,617.28,-1,-1,-1,-1
698,22,203.06,202.20,243.83,675.19,-1,-1,-1,-1
699,13,527.76,151.78,353.37,922.68,-1,-1,-1,-1
699,19,769.01,228.49,211.28,604.07,-1,-1,-1,-1
699,22,210.55,210.15,238.86,655.91,-1,-1,-1,-1
700,13,554.80,155.70,358.71,917.60,-1,-1,-1,-1
700,19,773.12,232.42,189.49,595.84,-1,-1,-1,-1
700,22,222.12,209.03,227.29,656.01,-1,-1,-1,-1
701,13,576.08,174.43,359.40,888.24,-1,-1,-1,-1
701,19,781.81,241.78,148.70,568.93,-1,-1,-1,-1
701,22,240.27,212.69,215.40,639.17,-1,-1,-1,-1
702,13,608.60,178.87,329.27,873.76,-1,-1,-1,-1
702,19,771.29,247.96,144.71,553.71,-1,-1,-1,-1
702,22,261.55,216.38,198.83,618.78,-1,-1,-1,-1
703,13,651.81,179.74,288.56,854.07,-1,-1,-1,-1
703,19,760.76,254.14,140.73,538.50,-1,-1,-1,-1
703,22,277.26,217.37,189.12,607.40,-1,-1,-1,-1
704,13,686.50,164.26,269.50,862.26,-1,-1,-1,-1
704,19,750.24,260.33,136.74,523.28,-1,-1,-1,-1
704,22,293.03,218.74,182.02,605.70,-1,-1,-1,-1
705,13,696.34,164.62,288.04,848.58,-1,-1,-1,-1
705,19,739.71,266.51,132.76,508.07,-1,-1,-1,-1
705,22,305.24,220.88,184.36,591.49,-1,-1,-1,-1
706,13,696.14,171.95,312.99,818.82,-1,-1,-1,-1
706,22,324.65,222.16,182.31,587.88,-1,-1,-1,-1
707,13,703.37,172.02,323.80,815.24,-1,-1,-1,-1
707,22,340.04,224.80,191.68,582.86,-1,-1,-1,-1
708,13,744.12,172.09,298.56,810.42,-1,-1,-1,-1
708,22,354.13,219.46,196.44,597.12,-1,-1,-1,-1
709,13,771.93,176.85,285.42,803.61,-1,-1,-1,-1
709,22,362.49,221.12,201.20,595.77,-1,-1,-1,-1
710,13,799.73,182.90,268.72,791.50,-1,-1,-1,-1
710,22,369.58,222.19,202.03,589.63,-1,-1,-1,-1
711,13,824.08,190.57,251.21,777.29,-1,-1,-1,-1
711,22,392.00,229.84,177.95,567.18,-1,-1,-1,-1
711,25,620.59,241.24,165.66,572.28,-1,-1,-1,-1
712,13,841.61,184.82,237.99,780.07,-1,-1,-1,-1
712,22,409.67,231.85,160.02,554.85,-1,-1,-1,-1
712,25,605.41,235.24,166.14,584.19,-1,-1,-1,-1
713,13,860.57,179.15,226.83,785.74,-1,-1,-1,-1
713,22,426.60,230.74,148.78,551.37,-1,-1,-1,-1
713,25,575.42,228.89,192.52,595.46,-1,-1,-1,-1
714,13,877.64,182.35,218.64,760.83,-1,-1,-1,-1
714,22,441.39,225.98,152.71,565.13,-1,-1,-1,-1
714,25,524.30,218.97,234.85,610.06,-1,-1,-1,-1