34,0,4.42,260.26,249.51,574.60,-1,-1,-1,-1
35,0,4.09,248.24,250.26,589.17,-1,-1,-1,-1
36,0,4.34,243.30,246.93,596.26,-1,-1,-1,-1
37,0,13.90,247.38,240.58,589.28,-1,-1,-1,-1
38,0,25.94,244.09,224.90,591.22,-1,-1,-1,-1
39,0,43.79,244.94,213.63,587.77,-1,-1,-1,-1
40,0,60.15,250.20,244.37,583.65,-1,-1,-1,-1
41,0,75.96,254.00,270.82,576.53,-1,-1,-1,-1
42,0,99.59,262.82,263.92,565.22,-1,-1,-1,-1
43,0,123.26,264.45,250.88,560.21,-1,-1,-1,-1
44,0,148.07,260.78,226.97,568.70,-1,-1,-1,-1
45,0,168.31,262.05,212.52,567.83,-1,-1,-1,-1
46,0,182.13,259.45,206.18,562.24,-1,-1,-1,-1
47,0,200.41,246.37,206.82,583.61,-1,-1,-1,-1
48,0,209.56,243.98,220.80,582.14,-1,-1,-1,-1
49,0,223.22,244.02,249.10,582.56,-1,-1,-1,-1
50,0,239.33,241.88,272.02,589.10,-1,-1,-1,-1
51,0,255.47,251.50,276.26,578.40,-1,-1,-1,-1
52,0,270.86,259.80,269.57,568.96,-1,-1,-1,-1
53,0,286.16,262.35,258.10,567.15,-1,-1,-1,-1
54,0,300.21,259.58,248.20,572.25,-1,-1,-1,-1
55,0,306.72,254.34,254.14,581.55,-1,-1,-1,-1
56,0,311.72,248.61,257.51,592.97,-1,-1,-1,-1
57,0,313.91,251.04,265.73,595.37,-1,-1,-1,-1
58,0,314.97,249.04,271.95,614.06,-1,-1,-1,-1
59,0,314.23,247.08,280.61,617.29,-1,-1,-1,-1
60,0,315.20,247.30,281.53,618.39,-1,-1,-1,-1
61,0,316.37,247.19,281.05,625.41,-1,-1,-1,-1
62,0,315.52,244.72,281.53,634.57,-1,-1,-1,-1
63,0,312.54,241.43,283.65,643.60,-1,-1,-1,-1
64,0,312.15,239.02,279.22,651.45,-1,-1,-1,-1
65,0,308.06,237.48,283.69,656.29,-1,-1,-1,-1
66,0,308.60,233.39,284.86,661.93,-1,-1,-1,-1
67,0,310.95,231.99,288.90,666.71,-1,-1,-1,-1
68,0,319.33,231.70,301.68,673.37,-1,-1,-1,-1
69,0,328.42,231.20,306.07,676.71,-1,-1,-1,-1
70,0,342.64,231.22,297.37,687.20,-1,-1,-1,-1
71,0,355.38,231.31,295.30,689.72,-1,-1,-1,-1
72,0,368.64,228.78,289.52,694.71,-1,-1,-1,-1
73,0,377.31,226.10,288.16,703.77,-1,-1,-1,-1
74,0,384.18,222.34,295.28,710.42,-1,-1,-1,-1
75,0,389.60,215.96,308.67,728.20,-1,-1,-1,-1
76,0,396.01,210.01,317.59,754.65,-1,-1,-1,-1
77,0,400.41,208.07,325.91,774.64,-1,-1,-1,-1
78,0,402.04,207.62,333.24,790.94,-1,-1,-1,-1
79,0,403.16,211.41,339.69,802.73,-1,-1,-1,-1
80,0,404.52,209.93,345.50,820.15,-1,-1,-1,-1
81,0,407.40,206.87,343.40,828.65,-1,-1,-1,-1
82,0,414.82,205.27,332.71,828.53,-1,-1,-1,-1
83,0,424.25,201.30,319.08,832.56,-1,-1,-1,-1
84,0,438.05,195.15,302.59,840.82,-1,-1,-1,-1
85,0,447.41,191.25,297.47,845.79,-1,-1,-1,-1
86,0,463.53,191.46,311.95,854.18,-1,-1,-1,-1
87,0,482.74,186.65,324.83,862.68,-1,-1,-1,-1
88,0,507.62,187.07,318.38,865.11,-1,-1,-1,-1
89,0,524.49,187.10,314.58,867.73,-1,-1,-1,-1
90,0,543.10,179.90,297.61,877.22,-1,-1,-1,-1
91,0,557.99,173.14,293.33,888.64,-1,-1,-1,-1
92,0,592.37,168.22,273.43,897.51,-1,-1,-1,-1
93,0,625.60,174.77,269.63,880.36,-1,-1,-1,-1
94,0,655.56,177.97,273.59,876.20,-1,-1,-1,-1
95,0,676.20,174.58,316.20,890.09,-1,-1,-1,-1
96,0,690.44,169.63,326.61,892.28,-1,-1,-1,-1
97,0,707.01,181.85,326.21,874.63,-1,-1,-1,-1
98,0,722.88,186.89,316.03,868.63,-1,-1,-1,-1
99,0,758.31,180.17,276.06,843.68,-1,-1,-1,-1
100,0,774.21,174.80,270.25,837.63,-1,-1,-1,-1
101,0,793.40,168.33,278.86,867.07,-1,-1,-1,-1
102,0,806.54,159.61,292.46,899.22,-1,-1,-1,-1
103,0,816.18,173.09,310.33,883.01,-1,-1,-1,-1
104,0,820.01,169.84,318.27,901.25,-1,-1,-1,-1
105,0,819.96,178.07,324.20,892.60,-1,-1,-1,-1
106,0,821.09,185.41,335.66,869.67,-1,-1,-1,-1
107,0,825.38,181.38,328.97,877.30,-1,-1,-1,-1
108,0,828.99,192.67,328.26,835.12,-1,-1,-1,-1
109,0,831.90,191.47,321.34,822.55,-1,-1,-1,-1
110,0,835.55,192.21,313.37,812.30,-1,-1,-1,-1
111,0,840.30,192.74,308.32,805.80,-1,-1,-1,-1
111,2,20.67,233.13,244.80,581.43,-1,-1,-1,-1
112,0,845.44,196.27,298.33,795.16,-1,-1,-1,-1
112,2,41.11,229.94,224.81,582.19,-1,-1,-1,-1
113,0,850.07,204.01,290.29,774.57,-1,-1,-1,-1
113,2,62.86,229.48,219.36,583.79,-1,-1,-1,-1
114,0,852.59,207.50,283.82,765.83,-1,-1,-1,-1
114,2,82.41,224.56,222.03,587.30,-1,-1,-1,-1
115,0,852.45,215.73,281.45,752.68,-1,-1,-1,-1
115,2,102.19,226.37,241.74,585.04,-1,-1,-1,-1
116,0,854.66,218.66,271.82,741.26,-1,-1,-1,-1
116,2,122.96,230.00,273.24,578.66,-1,-1,-1,-1
117,0,853.96,220.36,266.44,722.30,-1,-1,-1,-1
117,2,149.87,235.20,273.92,576.15,-1,-1,-1,-1
118,0,850.58,218.00,260.25,704.74,-1,-1,-1,-1
118,2,169.25,234.76,272.08,581.01,-1,-1,-1,-1
119,0,846.26,212.88,254.26,700.98,-1,-1,-1,-1
119,2,196.09,242.38,256.03,568.13,-1,-1,-1,-1
120,0,840.69,208.24,254.47,700.21,-1,-1,-1,-1
120,2,217.03,232.52,242.94,576.40,-1,-1,-1,-1
121,0,838.48,210.97,248.36,686.66,-1,-1,-1,-1
121,2,241.64,231.10,221.52,571.89,-1,-1,-1,-1
122,0,832.54,202.20,243.03,689.44,-1,-1,-1,-1
122,2,265.88,230.87,206.10,568.76,-1,-1,-1,-1
123,0,825.07,202.78,240.75,683.58,-1,-1,-1,-1
123,2,280.13,230.37,218.64,564.26,-1,-1,-1,-1
124,0,822.83,212.38,237.56,668.29,-1,-1,-1,-1
124,2,294.51,229.55,235.20,567.93,-1,-1,-1,-1
125,0,815.38,221.05,235.55,652.08,-1,-1,-1,-1
125,2,309.40,237.27,258.84,556.30,-1,-1,-1,-1
126,0,804.70,234.46,240.90,626.02,-1,-1,-1,-1
126,2,331.46,238.03,268.67,558.01,-1,-1,-1,-1
127,0,799.91,237.17,237.16,612.29,-1,-1,-1,-1
127,2,356.96,239.82,259.75,556.92,-1,-1,-1,-1
128,0,795.40,229.50,236.38,624.02,-1,-1,-1,-1
128,2,376.63,239.39,250.45,557.50,-1,-1,-1,-1
129,0,794.18,230.07,233.63,615.91,-1,-1,-1,-1
129,2,402.60,235.64,225.11,557.38,-1,-1,-1,-1
130,0,794.07,232.34,231.36,610.11,-1,-1,-1,-1
130,2,424.50,230.06,202.56,564.82,-1,-1,-1,-1
131,0,797.65,230.29,226.14,611.92,-1,-1,-1,-1
131,2,448.24,223.91,191.49,574.47,-1,-1,-1,-1
132,0,801.70,233.49,222.92,606.17,-1,-1,-1,-1
132,2,460.38,219.76,192.06,581.92,-1,-1,-1,-1
133,0,806.74,235.04,217.45,606.19,-1,-1,-1,-1
133,2,478.42,214.74,205.97,585.38,-1,-1,-1,-1
134,0,816.36,244.56,208.64,592.37,-1,-1,-1,-1
134,2,494.72,220.36,237.16,575.33,-1,-1,-1,-1
135,0,827.77,248.93,198.74,583.89,-1,-1,-1,-1
135,2,512.55,217.94,249.93,578.67,-1,-1,-1,-1
136,0,833.14,251.50,196.20,572.93,-1,-1,-1,-1
136,2,527.08,223.96,250.94,574.99,-1,-1,-1,-1
137,0,838.61,250.92,195.94,565.78,-1,-1,-1,-1
137,2,540.61,225.82,248.60,572.17,-1,-1,-1,-1
138,0,846.66,242.24,192.66,571.65,-1,-1,-1,-1
138,2,562.44,229.45,227.45,563.13,-1,-1,-1,-1
139,0,854.61,243.32,189.69,564.88,-1,-1,-1,-1
139,2,589.23,223.64,202.79,565.58,-1,-1,-1,-1
140,0,861.55,247.32,188.93,555.11,-1,-1,-1,-1
140,2,608.35,214.82,188.45,574.49,-1,-1,-1,-1
141,0,871.30,248.69,183.29,549.52,-1,-1,-1,-1
141,2,630.81,211.77,174.25,579.05,-1,-1,-1,-1
142,0,886.22,237.06,185.68,562.14,-1,-1,-1,-1
142,2,644.43,217.76,186.05,573.89,-1,-1,-1,-1
143,0,892.00,242.16,196.21,549.59,-1,-1,-1,-1
143,2,654.78,224.75,207.79,562.57,-1,-1,-1,-1
144,0,903.90,243.53,193.35,542.32,-1,-1,-1,-1
144,2,667.39,223.17,217.14,568.12,-1,-1,-1,-1
145,0,910.54,247.82,187.99,532.98,-1,-1,-1,-1
145,2,685.15,221.56,211.57,570.31,-1,-1,-1,-1
146,0,931.08,247.34,165.01,526.80,-1,-1,-1,-1
146,2,704.44,228.08,208.31,564.49,-1,-1,-1,-1
147,0,946.71,244.21,156.37,521.94,-1,-1,-1,-1
147,2,726.31,229.82,195.38,561.42,-1,-1,-1,-1
148,0,960.24,233.49,151.00,544.09,-1,-1,-1,-1
148,2,757.09,220.37,163.45,573.65,-1,-1,-1,-1
149,0,970.20,233.25,167.44,543.78,-1,-1,-1,-1
149,2,783.14,209.27,144.02,584.95,-1,-1,-1,-1
150,0,979.73,234.40,182.84,544.74,-1,-1,-1,-1
150,2,796.31,208.56,158.08,584.81,-1,-1,-1,-1
151,0,984.14,236.19,202.45,546.09,-1,-1,-1,-1
151,2,803.66,210.57,178.41,581.37,-1,-1,-1,-1
152,0,990.46,236.60,215.91,555.21,-1,-1,-1,-1
152,2,818.84,215.50,192.45,572.98,-1,-1,-1,-1
153,0,1000.60,234.52,222.18,555.81,-1,-1,-1,-1
153,2,821.28,212.55,220.18,573.93,-1,-1,-1,-1
154,0,1005.32,231.79,224.43,566.37,-1,-1,-1,-1
154,2,822.62,219.45,239.11,563.91,-1,-1,-1,-1
155,0,1009.04,227.67,229.29,581.37,-1,-1,-1,-1
155,2,840.91,225.86,220.59,548.27,-1,-1,-1,-1
156,0,1012.08,220.57,231.71,598.40,-1,-1,-1,-1
156,2,871.63,224.14,186.97,542.69,-1,-1,-1,-1
157,0,1019.49,224.89,223.08,594.88,-1,-1,-1,-1
157,2,907.86,228.43,154.25,528.83,-1,-1,-1,-1
158,0,1019.72,229.19,225.78,592.46,-1,-1,-1,-1
158,2,930.65,221.08,143.93,533.29,-1,-1,-1,-1
159,0,1000.53,224.18,255.14,614.25,-1,-1,-1,-1
159,2,942.24,226.88,150.34,530.93,-1,-1,-1,-1
160,0,1004.42,229.32,256.51,615.18,-1,-1,-1,-1
160,2,954.68,226.77,140.44,518.74,-1,-1,-1,-1
161,0,1009.05,223.38,251.01,637.47,-1,-1,-1,-1
161,2,957.36,226.13,167.10,532.04,-1,-1,-1,-1
162,0,1011.21,225.06,255.87,647.73,-1,-1,-1,-1
162,2,977.97,225.30,157.70,535.21,-1,-1,-1,-1
163,0,1027.09,230.16,248.93,641.84,-1,-1,-1,-1
163,2,979.35,234.30,164.19,519.32,-1,-1,-1,-1
164,0,1032.12,232.15,268.86,649.06,-1,-1,-1,-1
164,2,993.69,236.83,162.49,513.97,-1,-1,-1,-1
165,0,1041.99,225.99,281.48,659.77,-1,-1,-1,-1
165,2,1008.04,239.35,160.79,508.61,-1,-1,-1,-1
166,0,1054.79,213.62,294.35,680.71,-1,-1,-1,-1
166,2,1022.38,241.88,159.09,503.26,-1,-1,-1,-1
167,0,1070.72,205.63,302.33,704.70,-1,-1,-1,-1
167,2,1036.73,244.41,157.39,497.90,-1,-1,-1,-1
168,0,1076.67,195.88,313.17,732.02,-1,-1,-1,-1
169,0,1082.26,193.33,314.62,746.62,-1,-1,-1,-1
170,0,1085.48,209.72,319.84,690.69,-1,-1,-1,-1
171,0,1088.01,210.53,320.30,708.14,-1,-1,-1,-1
172,0,1087.05,193.10,323.29,761.22,-1,-1,-1,-1
173,0,1089.95,187.96,308.31,790.92,-1,-1,-1,-1
174,0,1086.96,181.51,307.41,813.90,-1,-1,-1,-1
175,0,1082.79,179.19,312.62,818.13,-1,-1,-1,-1
176,0,1077.63,179.18,323.94,818.30,-1,-1,-1,-1
177,0,1074.66,172.82,344.01,842.65,-1,-1,-1,-1
177,2,1294.70,220.19,135.54,530.83,-1,-1,-1,-1
178,0,1074.54,172.60,350.37,855.48,-1,-1,-1,-1
178,2,1305.51,211.07,162.36,543.63,-1,-1,-1,-1
179,0,1078.03,166.52,349.94,876.25,-1,-1,-1,-1
179,2,1318.52,205.67,177.34,541.55,-1,-1,-1,-1
180,0,1081.34,175.08,345.83,878.47,-1,-1,-1,-1
180,2,1328.27,207.29,195.77,526.74,-1,-1,-1,-1
181,0,1083.56,185.01,340.11,865.25,-1,-1,-1,-1
181,2,1336.95,223.30,198.32,513.94,-1,-1,-1,-1
182,0,1091.62,184.15,318.25,871.12,-1,-1,-1,-1
182,2,1346.71,212.42,200.95,534.70,-1,-1,-1,-1
183,0,1098.02,185.71,296.43,851.72,-1,-1,-1,-1
183,2,1356.89,200.10,194.99,560.54,-1,-1,-1,-1
184,0,1095.84,174.11,290.86,867.94,-1,-1,-1,-1
184,2,1365.96,191.83,185.78,574.84,-1,-1,-1,-1
185,0,1090.86,161.11,278.36,893.78,-1,-1,-1,-1
185,2,1374.82,194.03,188.54,562.96,-1,-1,-1,-1
186,0,1078.43,160.35,277.65,892.66,-1,-1,-1,-1
186,2,1383.09,193.06,194.41,567.35,-1,-1,-1,-1
187,0,1064.56,162.83,282.76,886.11,-1,-1,-1,-1
187,2,1391.30,189.97,215.16,580.67,-1,-1,-1,-1
188,0,1061.65,160.80,274.50,889.36,-1,-1,-1,-1
188,2,1401.45,187.67,238.12,596.80,-1,-1,-1,-1
189,0,1056.80,169.60,271.30,872.73,-1,-1,-1,-1
189,2,1413.04,194.17,246.23,588.31,-1,-1,-1,-1
190,0,1046.01,170.45,279.34,866.23,-1,-1,-1,-1
190,2,1423.93,188.03,237.41,607.49,-1,-1,-1,-1
191,0,1036.41,173.89,275.58,871.85,-1,-1,-1,-1
191,2,1435.85,185.91,234.10,614.87,-1,-1,-1,-1
192,0,1018.48,181.76,266.71,857.49,-1,-1,-1,-1
192,2,1448.23,190.91,239.49,610.57,-1,-1,-1,-1
193,0,1006.15,186.07,259.32,848.49,-1,-1,-1,-1
193,2,1458.51,191.61,242.53,610.78,-1,-1,-1,-1
194,0,993.39,186.73,259.96,835.85,-1,-1,-1,-1
194,2,1466.35,186.75,248.37,620.16,-1,-1,-1,-1
195,0,979.02,190.42,265.56,823.38,-1,-1,-1,-1
195,2,1476.52,179.21,248.72,635.38,-1,-1,-1,-1
196,0,966.10,198.84,266.00,800.94,-1,-1,-1,-1
196,2,1489.42,179.06,244.49,643.06,-1,-1,-1,-1
197,0,951.76,206.86,270.61,781.50,-1,-1,-1,-1
197,2,1497.08,185.56,246.26,638.25,-1,-1,-1,-1
198,0,942.21,211.84,274.06,774.57,-1,-1,-1,-1
198,2,1504.27,185.99,240.68,644.55,-1,-1,-1,-1
199,0,934.11,213.50,268.91,768.90,-1,-1,-1,-1
199,2,1509.06,176.24,233.41,669.48,-1,-1,-1,-1
200,0,925.68,216.99,268.00,751.10,-1,-1,-1,-1
200,2,1508.26,169.95,232.15,684.38,-1,-1,-1,-1
201,0,916.88,214.19,269.66,739.81,-1,-1,-1,-1
201,2,1506.85,168.57,230.94,687.91,-1,-1,-1,-1
202,0,912.10,213.77,267.96,724.64,-1,-1,-1,-1
202,2,1503.57,170.07,224.86,684.09,-1,-1,-1,-1
203,0,908.91,220.22,266.03,688.30,-1,-1,-1,-1
203,2,1500.24,171.41,225.86,685.81,-1,-1,-1,-1
204,0,906.78,207.35,262.59,699.38,-1,-1,-1,-1
204,2,1483.31,172.17,241.47,685.35,-1,-1,-1,-1
205,0,908.35,213.86,256.26,676.88,-1,-1,-1,-1
205,2,1463.35,165.62,261.88,701.39,-1,-1,-1,-1
206,0,904.27,208.09,256.44,680.14,-1,-1,-1,-1
206,2,1449.73,162.47,269.63,717.65,-1,-1,-1,-1
207,0,902.91,212.96,254.15,671.14,-1,-1,-1,-1
207,2,1423.26,168.71,300.33,708.71,-1,-1,-1,-1
208,0,903.97,214.57,250.18,662.45,-1,-1,-1,-1
208,2,1409.09,172.84,300.13,707.55,-1,-1,-1,-1
209,0,907.50,213.83,244.62,661.45,-1,-1,-1,-1
209,2,1400.58,174.89,295.60,705.38,-1,-1,-1,-1
210,0,911.23,217.39,241.14,650.26,-1,-1,-1,-1
210,2,1410.24,170.59,257.78,720.02,-1,-1,-1,-1
210,3,1.10,243.46,174.38,579.93,-1,-1,-1,-1
211,0,918.09,217.17,235.22,652.13,-1,-1,-1,-1
211,2,1411.76,166.52,230.25,728.25,-1,-1,-1,-1
211,3,2.32,245.59,166.23,567.53,-1,-1,-1,-1
212,0,923.26,224.63,231.71,620.65,-1,-1,-1,-1
212,2,1410.01,153.69,207.76,746.45,-1,-1,-1,-1
212,3,2.48,248.52,166.35,559.13,-1,-1,-1,-1
213,0,931.66,230.49,229.73,596.26,-1,-1,-1,-1
213,2,1394.78,158.55,195.08,734.58,-1,-1,-1,-1
213,3,2.69,249.71,170.82,551.88,-1,-1,-1,-1
214,0,930.30,228.78,231.85,586.62,-1,-1,-1,-1
214,2,1370.78,152.24,203.01,744.53,-1,-1,-1,-1
214,3,9.60,252.74,185.74,549.71,-1,-1,-1,-1
215,0,931.23,232.45,232.03,573.70,-1,-1,-1,-1
215,2,1319.61,145.27,243.09,752.33,-1,-1,-1,-1
215,3,15.72,246.80,205.92,557.91,-1,-1,-1,-1
216,0,931.81,230.00,232.34,578.01,-1,-1,-1,-1
216,2,1284.78,153.92,268.00,736.59,-1,-1,-1,-1
216,3,18.54,252.76,227.96,543.95,-1,-1,-1,-1
217,0,930.25,227.41,232.76,584.41,-1,-1,-1,-1
217,2,1258.16,163.56,287.37,719.98,-1,-1,-1,-1
217,3,28.22,254.66,256.16,544.23,-1,-1,-1,-1
218,0,933.93,232.32,226.86,579.15,-1,-1,-1,-1
218,2,1243.17,170.07,290.52,711.41,-1,-1,-1,-1
218,3,41.14,239.74,273.34,560.92,-1,-1,-1,-1
219,0,937.54,232.54,222.31,583.94,-1,-1,-1,-1
219,2,1236.07,168.47,287.79,717.13,-1,-1,-1,-1
219,3,49.09,245.92,289.33,552.56,-1,-1,-1,-1
220,0,942.48,239.88,214.17,567.25,-1,-1,-1,-1
220,2,1228.76,170.08,272.94,713.34,-1,-1,-1,-1
220,3,62.52,248.37,293.07,549.59,-1,-1,-1,-1
221,0,951.06,235.31,200.32,576.24,-1,-1,-1,-1
221,2,1218.56,164.54,241.48,716.69,-1,-1,-1,-1
221,3,80.31,256.22,275.89,539.29,-1,-1,-1,-1
222,0,962.05,231.45,186.71,580.22,-1,-1,-1,-1
222,2,1205.44,162.39,211.94,720.08,-1,-1,-1,-1
222,3,97.93,252.41,263.05,548.66,-1,-1,-1,-1
223,0,966.71,232.40,184.07,565.85,-1,-1,-1,-1
223,2,1183.72,147.00,201.42,749.63,-1,-1,-1,-1
223,3,116.95,249.16,245.39,556.54,-1,-1,-1,-1
224,0,967.23,229.22,186.05,562.29,-1,-1,-1,-1
224,2,1163.20,143.10,201.99,762.60,-1,-1,-1,-1
224,3,134.45,246.53,230.34,562.11,-1,-1,-1,-1
225,0,967.11,233.32,184.65,550.34,-1,-1,-1,-1
225,2,1105.18,157.42,266.42,745.02,-1,-1,-1,-1
225,3,150.52,249.94,221.45,550.56,-1,-1,-1,-1
226,0,967.70,235.05,185.60,540.24,-1,-1,-1,-1
226,2,1052.05,161.52,313.98,740.83,-1,-1,-1,-1
226,3,164.32,252.09,213.59,542.19,-1,-1,-1,-1
227,0,968.93,242.59,179.09,525.53,-1,-1,-1,-1
227,2,1028.49,156.92,326.92,747.35,-1,-1,-1,-1
227,3,175.07,245.37,213.44,553.50,-1,-1,-1,-1
228,0,971.48,246.15,175.24,514.28,-1,-1,-1,-1
228,2,996.85,155.39,339.57,751.46,-1,-1,-1,-1
228,3,186.51,243.82,217.35,558.56,-1,-1,-1,-1
229,0,974.04,249.71,171.40,503.03,-1,-1,-1,-1
229,2,984.58,163.16,330.31,740.60,-1,-1,-1,-1
229,3,194.74,243.08,222.98,563.31,-1,-1,-1,-1
230,0,976.60,253.27,167.55,491.79,-1,-1,-1,-1
230,2,994.01,166.57,275.43,735.78,-1,-1,-1,-1
230,3,205.53,243.20,229.95,569.49,-1,-1,-1,-1
231,0,979.16,256.82,163.71,480.54,-1,-1,-1,-1
231,2,998.33,167.61,236.04,734.51,-1,-1,-1,-1
231,3,212.06,244.50,234.94,567.49,-1,-1,-1,-1
232,2,971.87,177.35,255.26,728.44,-1,-1,-1,-1
232,3,228.52,251.49,225.01,555.78,-1,-1,-1,-1
233,0,1073.60,226.42,157.54,542.14,-1,-1,-1,-1
233,2,929.96,182.41,294.03,725.69,-1,-1,-1,-1
233,3,239.37,253.78,217.55,551.57,-1,-1,-1,-1
234,0,1083.35,221.27,192.73,557.65,-1,-1,-1,-1
234,2,883.65,182.21,309.47,721.29,-1,-1,-1,-1
234,3,247.98,252.70,214.32,551.93,-1,-1,-1,-1
235,0,1094.21,215.29,215.87,574.29,-1,-1,-1,-1
235,2,852.24,179.92,322.78,727.05,-1,-1,-1,-1
235,3,253.37,245.98,215.29,559.20,-1,-1,-1,-1
236,0,1100.57,214.76,250.54,585.69,-1,-1,-1,-1
236,2,835.96,186.83,313.47,713.62,-1,-1,-1,-1
236,3,257.06,243.25,222.07,560.28,-1,-1,-1,-1
237,0,1112.47,215.28,255.32,598.82,-1,-1,-1,-1
237,2,827.01,184.56,287.45,711.38,-1,-1,-1,-1
237,3,259.20,244.84,235.18,554.30,-1,-1,-1,-1
238,0,1120.93,215.13,253.88,609.45,-1,-1,-1,-1
238,2,822.99,177.74,256.94,720.77,-1,-1,-1,-1
238,3,263.23,245.68,242.22,560.29,-1,-1,-1,-1
239,0,1139.56,217.31,236.88,608.97,-1,-1,-1,-1
239,2,816.93,183.75,217.62,713.61,-1,-1,-1,-1
239,3,269.64,246.02,243.07,569.29,-1,-1,-1,-1
240,0,1158.49,217.14,220.14,608.63,-1,-1,-1,-1
240,2,801.12,182.60,203.42,710.45,-1,-1,-1,-1
240,3,274.53,243.91,241.23,577.43,-1,-1,-1,-1
241,0,1179.98,222.87,202.16,595.52,-1,-1,-1,-1
241,2,785.37,176.24,193.71,730.14,-1,-1,-1,-1
241,3,280.92,241.79,239.35,582.58,-1,-1,-1,-1
242,0,1197.48,216.54,204.60,609.90,-1,-1,-1,-1
242,2,741.52,165.61,232.03,754.95,-1,-1,-1,-1
242,3,290.96,242.06,228.36,577.55,-1,-1,-1,-1
243,0,1210.88,209.34,217.53,629.64,-1,-1,-1,-1
243,2,706.39,171.13,245.26,744.39,-1,-1,-1,-1
243,3,292.55,235.22,232.30,592.73,-1,-1,-1,-1
244,0,1220.40,207.38,230.27,643.68,-1,-1,-1,-1
244,2,677.61,176.21,262.80,740.36,-1,-1,-1,-1
244,3,293.94,233.94,233.64,599.39,-1,-1,-1,-1
245,0,1227.20,209.11,248.54,653.29,-1,-1,-1,-1
245,2,659.20,187.08,273.71,727.51,-1,-1,-1,-1
245,3,291.29,227.86,240.60,609.00,-1,-1,-1,-1
246,0,1234.85,208.34,254.93,667.72,-1,-1,-1,-1
246,2,643.00,199.64,282.06,714.55,-1,-1,-1,-1
246,3,293.16,229.34,236.42,615.95,-1,-1,-1,-1
247,0,1241.44,208.37,260.02,685.15,-1,-1,-1,-1
247,2,632.89,192.38,265.75,732.99,-1,-1,-1,-1
247,3,291.95,229.72,235.35,622.55,-1,-1,-1,-1
248,0,1245.26,211.00,267.05,692.61,-1,-1,-1,-1
248,2,626.26,188.49,241.82,735.50,-1,-1,-1,-1
248,3,291.90,233.53,231.51,625.44,-1,-1,-1,-1
249,0,1254.34,210.00,264.28,700.63,-1,-1,-1,-1
249,2,609.63,178.43,225.27,752.53,-1,-1,-1,-1
249,3,287.91,242.75,232.02,618.38,-1,-1,-1,-1
250,0,1262.68,206.33,256.25,706.00,-1,-1,-1,-1
250,2,587.00,180.99,212.26,753.12,-1,-1,-1,-1
250,3,280.35,241.56,236.41,633.60,-1,-1,-1,-1
251,0,1271.81,192.28,252.23,735.81,-1,-1,-1,-1
251,2,556.24,174.46,223.25,759.50,-1,-1,-1,-1
251,3,262.19,233.32,256.67,660.56,-1,-1,-1,-1
252,0,1280.26,183.99,256.74,751.94,-1,-1,-1,-1
252,2,510.96,176.89,258.19,749.49,-1,-1,-1,-1
252,3,251.71,222.50,263.40,692.92,-1,-1,-1,-1
253,0,1285.42,188.75,272.78,745.10,-1,-1,-1,-1
253,2,480.14,174.01,283.93,751.88,-1,-1,-1,-1
253,3,245.25,220.91,261.72,692.47,-1,-1,-1,-1
254,0,1290.17,185.39,305.80,764.36,-1,-1,-1,-1
254,2,462.80,184.62,292.30,738.09,-1,-1,-1,-1
254,3,237.12,215.78,254.31,708.36,-1,-1,-1,-1
255,0,1304.81,184.47,298.62,776.48,-1,-1,-1,-1
255,2,454.71,186.15,293.37,737.27,-1,-1,-1,-1
255,3,223.97,218.76,253.21,704.02,-1,-1,-1,-1
256,0,1316.27,186.03,297.86,794.18,-1,-1,-1,-1
256,2,456.98,184.94,271.28,738.81,-1,-1,-1,-1
256,3,212.66,217.18,248.25,707.01,-1,-1,-1,-1
257,0,1326.21,187.40,302.19,797.87,-1,-1,-1,-1
257,2,454.95,180.27,239.84,743.88,-1,-1,-1,-1
257,3,194.39,216.14,252.09,722.26,-1,-1,-1,-1
258,0,1337.78,181.76,309.17,806.87,-1,-1,-1,-1
258,2,438.97,195.11,227.28,720.08,-1,-1,-1,-1
258,3,179.73,211.05,248.15,751.32,-1,-1,-1,-1
259,0,1349.20,178.44,324.00,815.66,-1,-1,-1,-1
259,2,418.08,185.31,221.36,733.09,-1,-1,-1,-1
259,3,166.44,209.13,248.57,786.35,-1,-1,-1,-1
260,0,1357.44,168.66,344.28,841.10,-1,-1,-1,-1
260,2,397.79,182.30,225.15,742.94,-1,-1,-1,-1
260,3,151.23,209.81,258.57,801.60,-1,-1,-1,-1
261,0,1362.08,156.95,357.38,879.68,-1,-1,-1,-1
261,2,379.56,178.82,233.53,748.53,-1,-1,-1,-1
261,3,133.25,208.30,273.21,814.98,-1,-1,-1,-1
262,0,1366.33,157.80,360.22,895.57,-1,-1,-1,-1
262,2,357.51,187.71,256.61,734.07,-1,-1,-1,-1
262,3,120.73,201.86,276.29,827.86,-1,-1,-1,-1
263,0,1368.74,161.94,355.78,901.46,-1,-1,-1,-1
263,2,338.48,193.67,272.81,724.01,-1,-1,-1,-1
263,3,105.56,199.38,281.84,832.34,-1,-1,-1,-1
264,0,1369.98,162.87,349.45,910.52,-1,-1,-1,-1
264,2,319.66,197.48,291.76,727.64,-1,-1,-1,-1
264,3,93.55,194.10,287.96,843.85,-1,-1,-1,-1
265,0,1368.35,159.01,341.70,916.97,-1,-1,-1,-1
265,2,313.15,194.99,291.65,728.25,-1,-1,-1,-1
265,3,76.46,191.72,297.67,836.83,-1,-1,-1,-1
266,0,1364.19,162.90,339.25,912.60,-1,-1,-1,-1
266,2,308.49,199.09,284.45,728.28,-1,-1,-1,-1
266,3,60.68,180.60,307.25,867.29,-1,-1,-1,-1
267,0,1361.21,159.82,338.95,915.78,-1,-1,-1,-1
267,2,295.07,189.88,280.03,739.51,-1,-1,-1,-1
267,3,46.80,172.56,316.31,884.91,-1,-1,-1,-1
268,0,1359.27,155.72,328.57,915.57,-1,-1,-1,-1
268,2,283.69,193.09,258.53,733.06,-1,-1,-1,-1
268,3,29.14,174.69,334.66,879.50,-1,-1,-1,-1
269,0,1353.88,160.39,322.64,900.02,-1,-1,-1,-1
269,2,255.09,189.35,244.31,746.87,-1,-1,-1,-1
269,3,11.97,175.25,375.61,879.80,-1,-1,-1,-1
270,0,1345.40,149.02,310.97,915.79,-1,-1,-1,-1
270,2,234.07,188.64,230.90,744.50,-1,-1,-1,-1
270,3,5.51,171.13,361.56,884.72,-1,-1,-1,-1
271,0,1330.54,140.27,305.31,928.59,-1,-1,-1,-1
271,2,216.32,185.02,232.97,753.86,-1,-1,-1,-1
271,3,-2.70,166.41,366.70,895.44,-1,-1,-1,-1
272,0,1310.01,124.40,309.22,954.42,-1,-1,-1,-1
272,2,206.50,181.74,239.12,753.43,-1,-1,-1,-1
272,3,-6.01,161.65,364.59,901.00,-1,-1,-1,-1
273,0,1280.33,142.34,334.13,930.17,-1,-1,-1,-1
273,2,182.42,176.53,264.58,761.65,-1,-1,-1,-1
273,3,-5.51,166.18,347.25,897.69,-1,-1,-1,-1
274,0,1272.85,141.93,323.15,931.49,-1,-1,-1,-1
274,2,164.97,172.63,281.25,764.68,-1,-1,-1,-1
274,3,-8.01,171.33,356.83,890.99,-1,-1,-1,-1
275,0,1253.66,152.30,326.80,917.03,-1,-1,-1,-1
275,2,148.93,169.98,282.81,768.93,-1,-1,-1,-1
275,3,-6.35,184.86,384.12,876.41,-1,-1,-1,-1
276,0,1230.03,150.91,318.86,915.18,-1,-1,-1,-1
276,2,151.63,171.94,258.56,776.91,-1,-1,-1,-1
276,3,-0.74,171.54,370.35,895.71,-1,-1,-1,-1
277,0,1212.40,146.74,276.47,915.38,-1,-1,-1,-1
277,2,136.26,169.52,260.39,782.45,-1,-1,-1,-1
277,3,-2.83,171.48,376.73,889.56,-1,-1,-1,-1
278,0,1174.71,140.21,268.97,921.10,-1,-1,-1,-1
278,2,120.88,167.10,262.23,787.99,-1,-1,-1,-1
278,3,-1.30,159.09,361.31,903.51,-1,-1,-1,-1
279,0,1129.98,149.37,276.78,908.32,-1,-1,-1,-1
279,2,105.51,164.69,264.06,793.54,-1,-1,-1,-1
279,3,-0.93,142.89,350.38,925.33,-1,-1,-1,-1
280,0,1066.52,141.01,315.66,924.48,-1,-1,-1,-1
280,2,90.14,162.27,265.89,799.08,-1,-1,-1,-1
280,3,-1.36,142.21,343.89,919.23,-1,-1,-1,-1
281,0,999.24,134.03,365.41,940.39,-1,-1,-1,-1
281,3,-1.69,129.04,344.02,932.75,-1,-1,-1,-1
282,0,952.88,145.73,400.44,931.05,-1,-1,-1,-1
282,3,-1.66,108.56,346.99,963.25,-1,-1,-1,-1
283,0,921.80,149.85,417.85,924.65,-1,-1,-1,-1
283,3,-2.76,87.78,354.54,991.79,-1,-1,-1,-1
284,0,917.02,166.30,385.43,905.09,-1,-1,-1,-1
284,3,-3.98,87.58,367.12,991.73,-1,-1,-1,-1
285,0,898.92,163.31,343.58,901.69,-1,-1,-1,-1
285,3,-4.12,84.46,385.05,990.17,-1,-1,-1,-1
286,0,881.56,160.98,294.90,904.04,-1,-1,-1,-1
286,3,-1.05,85.55,393.16,979.20,-1,-1,-1,-1
287,0,849.56,159.95,280.38,903.11,-1,-1,-1,-1
287,3,3.23,86.18,407.80,979.21,-1,-1,-1,-1
288,0,784.09,162.31,317.74,905.85,-1,-1,-1,-1
288,3,6.69,81.79,417.97,982.07,-1,-1,-1,-1
289,0,744.01,170.55,332.92,895.47,-1,-1,-1,-1
289,3,7.59,85.00,424.73,977.76,-1,-1,-1,-1
290,0,717.85,177.86,336.82,881.34,-1,-1,-1,-1
290,3,3.22,72.07,447.48,1001.17,-1,-1,-1,-1
291,0,720.88,188.33,314.67,865.43,-1,-1,-1,-1
291,3,5.65,67.45,461.16,1010.36,-1,-1,-1,-1
292,0,708.62,191.73,309.15,864.41,-1,-1,-1,-1
292,3,19.36,75.52,457.50,993.33,-1,-1,-1,-1
293,0,687.10,188.44,300.12,862.09,-1,-1,-1,-1
293,3,14.45,68.31,484.70,1006.95,-1,-1,-1,-1
294,0,665.16,184.76,296.33,854.42,-1,-1,-1,-1
294,3,81.96,69.08,431.89,1002.85,-1,-1,-1,-1
295,0,638.64,186.53,305.98,833.90,-1,-1,-1,-1
295,2,-2.59,131.18,255.75,924.54,-1,-1,-1,-1
295,3,143.98,61.83,400.18,1004.86,-1,-1,-1,-1
296,0,616.71,192.09,312.90,826.39,-1,-1,-1,-1
296,2,-5.67,140.06,269.05,915.55,-1,-1,-1,-1
296,3,189.67,56.36,417.06,1009.52,-1,-1,-1,-1
297,0,606.18,191.60,316.67,825.87,-1,-1,-1,-1
297,2,-6.76,137.49,275.44,922.65,-1,-1,-1,-1
297,3,226.21,32.31,441.29,1044.52,-1,-1,-1,-1
298,0,602.70,196.43,314.91,814.27,-1,-1,-1,-1
298,2,-6.44,125.07,277.13,943.01,-1,-1,-1,-1
298,3,248.63,21.31,448.19,1060.83,-1,-1,-1,-1
299,0,609.52,207.92,301.70,795.94,-1,-1,-1,-1
299,2,-8.35,109.89,295.29,965.51,-1,-1,-1,-1
299,3,315.18,60.36,469.32,997.37,-1,-1,-1,-1
300,0,635.29,224.64,260.11,727.30,-1,-1,-1,-1
300,2,-7.24,107.04,302.40,965.07,-1,-1,-1,-1
300,3,369.48,66.58,457.32,992.31,-1,-1,-1,-1
301,0,661.03,235.97,219.78,576.56,-1,-1,-1,-1
301,2,-5.72,89.38,308.60,984.03,-1,-1,-1,-1
301,3,417.69,70.11,461.90,983.37,-1,-1,-1,-1
302,0,667.42,265.93,186.99,490.56,-1,-1,-1,-1
302,2,1.38,96.63,308.00,966.54,-1,-1,-1,-1
302,3,462.58,76.84,439.91,988.58,-1,-1,-1,-1
303,0,673.80,295.89,154.21,404.57,-1,-1,-1,-1
303,2,4.90,97.00,317.39,965.38,-1,-1,-1,-1
303,3,499.54,79.13,426.17,985.69,-1,-1,-1,-1
304,0,680.18,325.84,121.43,318.57,-1,-1,-1,-1
304,2,5.93,88.87,335.22,974.26,-1,-1,-1,-1
304,3,534.33,80.94,426.43,986.34,-1,-1,-1,-1
305,0,686.56,355.80,88.65,232.58,-1,-1,-1,-1
305,2,12.02,83.13,351.61,968.09,-1,-1,-1,-1
305,3,563.44,74.29,424.32,989.39,-1,-1,-1,-1
306,2,15.12,77.95,387.06,974.92,-1,-1,-1,-1
306,3,588.34,67.42,422.77,999.99,-1,-1,-1,-1
307,2,17.77,72.67,467.14,981.31,-1,-1,-1,-1
307,3,614.46,73.65,419.09,999.14,-1,-1,-1,-1
308,2,42.91,78.17,492.56,979.58,-1,-1,-1,-1
308,3,623.52,92.05,435.08,975.87,-1,-1,-1,-1
309,2,89.04,67.63,450.09,996.02,-1,-1,-1,-1
309,3,630.33,100.46,449.60,967.74,-1,-1,-1,-1
310,0,587.58,239.36,197.79,611.22,-1,-1,-1,-1
310,2,120.13,62.47,433.29,998.30,-1,-1,-1,-1
310,3,651.77,98.85,444.10,974.37,-1,-1,-1,-1
311,0,576.44,236.20,208.41,617.73,-1,-1,-1,-1
311,2,147.45,55.71,392.02,1005.59,-1,-1,-1,-1
311,3,669.47,99.91,435.77,972.82,-1,-1,-1,-1
312,0,567.78,233.90,220.27,625.92,-1,-1,-1,-1
312,2,167.65,45.65,396.26,1023.11,-1,-1,-1,-1
312,3,702.44,113.59,411.30,958.37,-1,-1,-1,-1
313,0,562.33,232.03,225.33,629.36,-1,-1,-1,-1
313,2,204.38,35.75,396.82,1029.60,-1,-1,-1,-1
313,3,724.58,123.88,399.29,951.53,-1,-1,-1,-1
314,0,559.50,234.36,224.37,627.53,-1,-1,-1,-1
314,2,244.05,11.86,399.52,1065.31,-1,-1,-1,-1
314,3,744.04,123.38,380.19,951.68,-1,-1,-1,-1
315,0,557.55,234.94,221.19,628.34,-1,-1,-1,-1
315,2,285.76,15.33,407.48,1061.56,-1,-1,-1,-1
315,3,761.91,128.39,373.07,935.91,-1,-1,-1,-1
316,0,568.11,244.76,205.29,604.54,-1,-1,-1,-1
316,2,317.45,16.57,420.10,1061.76,-1,-1,-1,-1
316,3,771.74,128.60,369.20,936.27,-1,-1,-1,-1
317,0,581.34,271.01,181.06,487.09,-1,-1,-1,-1
317,2,363.99,22.73,404.69,1055.17,-1,-1,-1,-1
317,3,785.28,131.22,355.98,935.55,-1,-1,-1,-1
318,0,586.39,294.27,160.65,432.18,-1,-1,-1,-1
318,2,405.75,43.57,396.00,1031.34,-1,-1,-1,-1
318,3,792.54,141.07,347.05,925.68,-1,-1,-1,-1
319,0,591.44,317.54,140.23,377.28,-1,-1,-1,-1
319,2,460.00,60.96,360.45,1004.07,-1,-1,-1,-1
319,3,801.59,151.36,336.15,916.50,-1,-1,-1,-1
320,0,596.49,340.80,119.82,322.38,-1,-1,-1,-1
320,2,518.65,88.19,306.73,977.26,-1,-1,-1,-1
320,3,804.71,160.79,327.66,900.59,-1,-1,-1,-1
321,0,601.53,364.07,99.41,267.48,-1,-1,-1,-1
321,2,547.85,59.05,296.20,1009.68,-1,-1,-1,-1
321,3,807.24,167.59,321.53,878.76,-1,-1,-1,-1
322,2,555.63,59.70,311.39,913.98,-1,-1,-1,-1
322,3,812.03,171.88,313.16,861.67,-1,-1,-1,-1
323,2,563.00,198.41,202.33,650.29,-1,-1,-1,-1
323,3,813.20,171.31,308.74,859.02,-1,-1,-1,-1
324,2,531.85,254.18,198.51,555.58,-1,-1,-1,-1
324,3,756.60,109.22,358.12,950.66,-1,-1,-1,-1
325,2,517.09,253.82,207.88,553.57,-1,-1,-1,-1
325,3,726.46,73.66,377.14,999.46,-1,-1,-1,-1
326,2,500.78,250.13,208.76,560.37,-1,-1,-1,-1
326,3,713.67,66.10,387.38,1003.21,-1,-1,-1,-1
327,2,483.88,244.62,204.27,574.38,-1,-1,-1,-1
327,3,725.56,58.27,375.80,1010.99,-1,-1,-1,-1
328,2,465.09,246.54,200.27,571.02,-1,-1,-1,-1
328,3,720.07,45.36,382.49,1028.98,-1,-1,-1,-1
329,2,444.68,247.06,202.80,575.12,-1,-1,-1,-1
329,3,714.58,32.44,389.17,1046.97,-1,-1,-1,-1
330,2,409.31,244.06,229.27,589.89,-1,-1,-1,-1
330,3,785.88,53.13,383.76,1009.23,-1,-1,-1,-1
331,2,376.15,245.46,256.77,598.53,-1,-1,-1,-1
331,3,815.32,60.93,396.08,996.20,-1,-1,-1,-1
332,2,361.00,240.53,266.50,615.12,-1,-1,-1,-1
332,3,830.89,58.23,436.73,984.92,-1,-1,-1,-1
333,2,356.24,236.67,260.04,636.27,-1,-1,-1,-1
333,3,858.64,145.77,292.92,813.72,-1,-1,-1,-1
334,2,335.41,240.46,276.78,639.30,-1,-1,-1,-1
334,3,846.66,185.52,234.83,734.61,-1,-1,-1,-1
335,2,312.11,239.36,288.14,643.74,-1,-1,-1,-1
335,3,841.66,213.45,238.04,682.78,-1,-1,-1,-1
336,2,297.84,238.37,293.51,645.75,-1,-1,-1,-1
336,3,837.32,216.13,238.55,667.66,-1,-1,-1,-1
337,2,277.80,234.60,312.97,658.33,-1,-1,-1,-1
337,3,834.54,217.47,238.47,664.55,-1,-1,-1,-1
338,2,261.93,231.09,321.97,674.72,-1,-1,-1,-1
338,3,834.82,215.89,234.83,667.70,-1,-1,-1,-1
338,10,1122.56,75.33,369.35,981.01,-1,-1,-1,-1
339,2,250.94,226.00,325.03,701.41,-1,-1,-1,-1
339,3,837.68,240.50,230.43,616.37,-1,-1,-1,-1
339,10,1151.94,75.20,343.06,984.17,-1,-1,-1,-1
340,2,240.12,219.56,329.70,725.75,-1,-1,-1,-1
340,3,843.67,241.90,225.07,609.83,-1,-1,-1,-1
340,10,1190.04,48.30,313.99,1021.57,-1,-1,-1,-1
341,2,233.97,221.30,327.12,738.99,-1,-1,-1,-1
341,3,849.23,235.31,219.16,613.36,-1,-1,-1,-1
341,10,1220.03,44.38,305.16,1029.28,-1,-1,-1,-1
342,2,230.69,225.35,317.09,742.86,-1,-1,-1,-1
342,3,852.47,235.28,218.22,585.49,-1,-1,-1,-1
342,10,1244.68,49.71,310.00,1023.59,-1,-1,-1,-1
343,2,225.15,224.96,317.34,747.18,-1,-1,-1,-1
343,3,857.22,228.83,216.68,581.17,-1,-1,-1,-1
343,10,1264.43,54.98,315.44,1011.73,-1,-1,-1,-1
344,2,220.43,224.25,311.50,749.43,-1,-1,-1,-1
344,3,866.49,214.52,207.49,603.58,-1,-1,-1,-1
344,10,1285.83,57.66,338.39,1013.56,-1,-1,-1,-1
345,2,212.71,222.34,314.82,754.51,-1,-1,-1,-1
345,3,873.01,214.39,202.86,590.85,-1,-1,-1,-1
345,10,1309.34,64.55,341.94,1011.02,-1,-1,-1,-1
346,2,203.24,216.95,322.56,774.21,-1,-1,-1,-1
346,3,881.43,207.06,198.68,600.34,-1,-1,-1,-1
346,10,1331.46,68.07,337.64,1006.57,-1,-1,-1,-1
347,2,192.40,211.45,332.14,800.07,-1,-1,-1,-1
347,3,894.72,203.47,192.39,604.72,-1,-1,-1,-1
347,10,1344.21,64.37,354.57,1014.42,-1,-1,-1,-1
348,2,179.48,210.80,345.95,811.35,-1,-1,-1,-1
348,3,905.15,202.57,190.74,605.94,-1,-1,-1,-1
348,10,1366.38,73.54,367.92,991.24,-1,-1,-1,-1
349,2,167.55,218.08,363.31,802.30,-1,-1,-1,-1
349,3,915.83,207.82,187.58,608.39,-1,-1,-1,-1
349,10,1399.74,75.27,369.79,983.01,-1,-1,-1,-1
350,2,158.15,214.25,382.06,823.06,-1,-1,-1,-1
350,3,925.47,219.16,180.41,585.02,-1,-1,-1,-1
350,10,1417.59,85.72,407.24,961.58,-1,-1,-1,-1
351,2,149.80,206.71,396.93,841.90,-1,-1,-1,-1
351,3,933.55,225.57,186.22,570.36,-1,-1,-1,-1
351,10,1437.02,92.23,422.54,953.34,-1,-1,-1,-1
352,2,145.94,195.87,402.59,865.57,-1,-1,-1,-1
352,3,943.31,227.40,183.77,559.24,-1,-1,-1,-1
352,10,1458.90,98.39,425.91,952.50,-1,-1,-1,-1
353,2,146.04,182.95,399.24,885.34,-1,-1,-1,-1
353,3,961.10,222.61,177.21,557.50,-1,-1,-1,-1
353,10,1479.61,97.24,416.27,959.12,-1,-1,-1,-1
354,2,155.29,181.35,385.45,891.04,-1,-1,-1,-1
354,3,981.27,218.33,165.02,563.87,-1,-1,-1,-1
354,10,1498.57,98.76,397.71,961.07,-1,-1,-1,-1
355,2,165.42,178.69,370.94,894.17,-1,-1,-1,-1
355,3,997.77,217.78,157.74,560.82,-1,-1,-1,-1
355,10,1510.14,101.80,392.24,941.57,-1,-1,-1,-1
356,2,175.89,182.21,362.36,893.37,-1,-1,-1,-1
356,3,1010.51,222.12,156.25,551.76,-1,-1,-1,-1
356,10,1518.11,99.01,387.75,950.46,-1,-1,-1,-1
357,2,196.01,185.91,343.35,891.82,-1,-1,-1,-1
357,3,1021.08,224.12,163.40,549.57,-1,-1,-1,-1
357,10,1524.39,101.23,381.53,947.43,-1,-1,-1,-1
358,2,213.79,189.88,338.96,878.26,-1,-1,-1,-1
358,3,1022.94,226.15,190.67,548.31,-1,-1,-1,-1
358,10,1529.33,109.91,374.30,932.72,-1,-1,-1,-1
359,2,236.36,182.07,326.90,887.39,-1,-1,-1,-1
359,3,1027.73,227.79,199.70,542.13,-1,-1,-1,-1
359,10,1531.95,112.81,367.77,922.29,-1,-1,-1,-1
360,2,256.94,176.88,326.25,893.09,-1,-1,-1,-1
360,3,1036.30,230.28,197.81,535.74,-1,-1,-1,-1
360,10,1537.69,114.52,354.42,912.14,-1,-1,-1,-1
361,2,272.09,166.96,328.03,903.84,-1,-1,-1,-1
361,3,1043.04,226.11,194.72,537.77,-1,-1,-1,-1
361,10,1539.32,117.23,351.62,906.49,-1,-1,-1,-1
362,2,290.34,161.54,324.36,912.20,-1,-1,-1,-1
362,3,1063.88,223.70,173.37,539.20,-1,-1,-1,-1
362,10,1540.79,121.32,336.44,888.90,-1,-1,-1,-1
363,2,310.49,151.86,320.55,924.53,-1,-1,-1,-1
363,3,1084.33,224.70,163.52,531.67,-1,-1,-1,-1
363,10,1541.14,125.38,322.54,876.89,-1,-1,-1,-1
364,2,334.58,148.66,316.43,925.87,-1,-1,-1,-1
364,3,1099.89,221.86,162.19,537.35,-1,-1,-1,-1
364,10,1540.11,137.72,311.39,850.48,-1,-1,-1,-1
365,2,366.66,161.89,290.78,905.35,-1,-1,-1,-1
365,3,1108.48,214.59,170.95,553.14,-1,-1,-1,-1
365,10,1539.17,147.53,296.28,830.27,-1,-1,-1,-1
366,2,396.33,161.87,261.45,900.27,-1,-1,-1,-1
366,3,1116.39,216.65,182.32,556.85,-1,-1,-1,-1
366,10,1540.78,143.02,272.19,823.80,-1,-1,-1,-1
367,2,411.90,158.16,284.40,906.98,-1,-1,-1,-1
367,3,1119.58,220.41,201.82,555.97,-1,-1,-1,-1
367,10,1538.66,142.56,250.33,815.84,-1,-1,-1,-1
368,2,445.18,142.37,285.43,933.26,-1,-1,-1,-1
368,3,1126.78,222.28,209.72,555.19,-1,-1,-1,-1
368,10,1530.35,137.73,242.38,818.46,-1,-1,-1,-1
369,2,471.61,145.50,297.81,928.12,-1,-1,-1,-1
369,3,1128.04,222.84,218.05,559.47,-1,-1,-1,-1
369,10,1504.98,135.23,257.36,814.02,-1,-1,-1,-1
370,2,483.40,153.59,326.59,916.56,-1,-1,-1,-1
370,3,1133.59,216.34,213.35,571.84,-1,-1,-1,-1
370,10,1476.14,154.73,277.15,782.23,-1,-1,-1,-1
371,2,498.23,169.13,338.72,901.76,-1,-1,-1,-1
371,3,1138.03,218.74,209.70,570.55,-1,-1,-1,-1
371,10,1460.58,146.23,284.00,789.61,-1,-1,-1,-1
372,2,499.70,169.92,363.20,904.17,-1,-1,-1,-1
372,3,1153.69,222.04,197.04,563.03,-1,-1,-1,-1
372,10,1448.49,158.37,292.45,771.21,-1,-1,-1,-1
373,2,516.13,171.01,363.95,906.43,-1,-1,-1,-1
373,3,1167.73,221.19,192.18,566.32,-1,-1,-1,-1
373,10,1440.75,149.04,289.79,782.75,-1,-1,-1,-1
374,2,539.26,181.02,346.79,894.08,-1,-1,-1,-1
374,3,1185.71,217.08,184.95,570.96,-1,-1,-1,-1
374,10,1436.50,141.11,268.80,797.39,-1,-1,-1,-1
375,2,569.10,179.26,327.12,887.31,-1,-1,-1,-1
375,3,1204.43,212.64,176.43,580.23,-1,-1,-1,-1
375,10,1437.23,136.23,234.03,802.82,-1,-1,-1,-1
376,2,595.12,177.55,311.95,882.97,-1,-1,-1,-1
376,3,1219.06,208.67,176.72,583.12,-1,-1,-1,-1
376,10,1420.26,129.32,227.56,815.84,-1,-1,-1,-1
377,2,616.63,173.88,303.37,885.63,-1,-1,-1,-1
377,3,1229.78,205.58,176.77,589.26,-1,-1,-1,-1
377,10,1405.75,124.06,221.04,830.02,-1,-1,-1,-1
378,2,638.12,169.25,316.31,890.23,-1,-1,-1,-1
378,3,1237.57,201.64,187.66,600.00,-1,-1,-1,-1
378,10,1385.58,133.67,225.09,803.13,-1,-1,-1,-1
379,2,662.02,171.78,315.64,888.80,-1,-1,-1,-1
379,3,1247.85,198.25,189.22,605.35,-1,-1,-1,-1
379,10,1351.55,137.84,242.10,793.95,-1,-1,-1,-1
380,2,685.58,177.34,300.73,872.90,-1,-1,-1,-1
380,3,1256.60,194.78,186.01,617.96,-1,-1,-1,-1
380,10,1300.63,138.79,279.63,793.44,-1,-1,-1,-1
381,2,706.86,190.71,282.41,839.05,-1,-1,-1,-1
381,3,1266.04,190.61,188.73,627.04,-1,-1,-1,-1
381,10,1262.86,138.30,306.52,792.82,-1,-1,-1,-1
382,2,728.11,199.02,263.23,810.00,-1,-1,-1,-1
382,3,1275.48,186.45,191.45,636.12,-1,-1,-1,-1
382,10,1254.16,140.52,308.83,793.82,-1,-1,-1,-1
383,2,741.41,199.27,258.02,796.79,-1,-1,-1,-1
383,3,1284.93,182.28,194.17,645.20,-1,-1,-1,-1
383,10,1253.04,140.21,289.04,794.31,-1,-1,-1,-1
384,2,753.34,209.26,261.26,766.33,-1,-1,-1,-1
384,3,1294.37,178.12,196.89,654.27,-1,-1,-1,-1
384,10,1251.80,154.35,271.63,774.87,-1,-1,-1,-1
385,2,760.13,205.54,262.77,759.49,-1,-1,-1,-1
385,10,1246.17,156.21,271.17,768.30,-1,-1,-1,-1
386,2,763.45,207.52,268.58,745.85,-1,-1,-1,-1
386,10,1228.77,157.11,295.43,757.02,-1,-1,-1,-1
387,2,771.93,206.62,259.49,737.69,-1,-1,-1,-1
387,3,1356.50,193.04,204.24,632.82,-1,-1,-1,-1
387,10,1212.07,155.19,265.98,764.09,-1,-1,-1,-1
388,2,768.71,212.51,266.17,723.30,-1,-1,-1,-1
388,3,1360.25,185.73,222.15,653.36,-1,-1,-1,-1
388,10,1177.15,143.77,258.17,793.27,-1,-1,-1,-1
389,2,763.40,215.42,273.28,723.80,-1,-1,-1,-1
389,3,1365.80,186.60,236.47,667.28,-1,-1,-1,-1
389,10,1138.44,140.47,271.15,807.88,-1,-1,-1,-1
390,2,764.72,214.35,277.03,722.16,-1,-1,-1,-1
390,3,1374.48,186.68,246.35,680.12,-1,-1,-1,-1
390,10,1092.20,174.87,306.24,766.91,-1,-1,-1,-1
391,2,774.25,215.03,269.52,708.22,-1,-1,-1,-1
391,3,1381.82,187.11,253.18,691.25,-1,-1,-1,-1
391,10,1062.08,166.71,318.44,782.02,-1,-1,-1,-1
392,2,782.47,217.07,261.67,686.86,-1,-1,-1,-1
392,3,1389.19,190.48,253.58,690.64,-1,-1,-1,-1
392,10,1051.28,179.48,320.63,769.70,-1,-1,-1,-1
393,2,794.97,218.93,247.36,666.23,-1,-1,-1,-1
393,3,1395.20,193.45,252.45,685.56,-1,-1,-1,-1
393,10,1053.00,164.79,283.38,784.66,-1,-1,-1,-1
394,2,808.59,218.56,230.88,654.55,-1,-1,-1,-1
394,3,1406.70,196.05,247.61,687.04,-1,-1,-1,-1
394,10,1038.60,153.12,262.05,797.77,-1,-1,-1,-1
395,2,819.65,215.99,220.61,647.48,-1,-1,-1,-1
395,3,1414.45,190.95,248.89,702.52,-1,-1,-1,-1
395,10,1021.14,146.32,231.19,803.48,-1,-1,-1,-1
396,2,833.04,210.51,211.54,649.73,-1,-1,-1,-1
396,3,1423.20,184.93,252.44,717.35,-1,-1,-1,-1
396,10,998.20,147.25,213.38,807.35,-1,-1,-1,-1
397,2,846.78,216.65,200.35,639.06,-1,-1,-1,-1
397,3,1429.09,181.86,260.45,721.61,-1,-1,-1,-1
397,10,939.02,146.42,267.13,811.55,-1,-1,-1,-1
398,2,857.83,213.42,193.55,644.56,-1,-1,-1,-1
398,3,1438.56,180.44,261.78,723.33,-1,-1,-1,-1
398,10,880.14,148.59,325.11,803.64,-1,-1,-1,-1
399,2,865.15,210.99,192.90,642.44,-1,-1,-1,-1
399,3,1446.69,172.42,268.34,740.14,-1,-1,-1,-1
399,10,859.02,146.97,334.69,812.21,-1,-1,-1,-1
400,2,872.48,208.57,192.24,640.32,-1,-1,-1,-1
400,3,1453.82,173.15,273.56,746.83,-1,-1,-1,-1
400,10,850.71,150.58,328.27,807.18,-1,-1,-1,-1
401,2,879.80,206.14,191.59,638.20,-1,-1,-1,-1
401,3,1458.35,166.42,283.54,777.44,-1,-1,-1,-1
401,10,838.04,154.61,322.38,807.03,-1,-1,-1,-1
402,2,887.13,203.72,190.93,636.08,-1,-1,-1,-1
402,3,1465.10,165.56,292.03,797.35,-1,-1,-1,-1
402,10,836.32,172.27,287.42,788.91,-1,-1,-1,-1
403,3,1470.45,166.95,296.83,807.06,-1,-1,-1,-1
403,10,825.97,175.55,272.46,786.91,-1,-1,-1,-1
404,3,1477.04,165.21,305.46,824.66,-1,-1,-1,-1
404,10,808.28,180.02,273.88,771.86,-1,-1,-1,-1
405,2,928.34,235.76,172.59,586.72,-1,-1,-1,-1
405,3,1487.32,160.86,311.37,840.98,-1,-1,-1,-1
405,10,786.71,172.80,288.48,770.27,-1,-1,-1,-1
406,2,939.18,233.99,166.56,580.70,-1,-1,-1,-1
406,3,1494.89,159.03,321.61,849.66,-1,-1,-1,-1
406,10,756.34,163.12,260.15,786.10,-1,-1,-1,-1
407,2,947.90,238.27,161.43,569.60,-1,-1,-1,-1
407,3,1500.54,157.31,335.38,854.75,-1,-1,-1,-1
407,10,711.05,159.34,279.48,803.68,-1,-1,-1,-1
408,2,958.67,242.19,153.09,557.97,-1,-1,-1,-1
408,3,1505.57,155.11,350.28,861.49,-1,-1,-1,-1
408,10,659.08,169.00,317.00,793.90,-1,-1,-1,-1
409,2,966.15,247.73,149.48,539.62,-1,-1,-1,-1
409,3,1510.34,155.50,361.11,864.80,-1,-1,-1,-1
409,10,639.56,174.44,321.66,791.19,-1,-1,-1,-1
410,2,973.80,246.19,147.54,529.81,-1,-1,-1,-1
410,3,1515.71,151.85,366.11,875.25,-1,-1,-1,-1
410,10,622.59,176.68,332.52,793.44,-1,-1,-1,-1
411,2,983.36,244.75,148.98,521.51,-1,-1,-1,-1
411,3,1521.37,146.87,372.06,895.23,-1,-1,-1,-1
411,10,623.88,172.25,310.88,802.29,-1,-1,-1,-1
412,2,989.50,233.53,157.95,537.23,-1,-1,-1,-1
412,3,1524.45,146.91,378.11,912.30,-1,-1,-1,-1
412,10,615.35,174.24,287.43,798.54,-1,-1,-1,-1
413,2,996.38,235.43,169.49,536.38,-1,-1,-1,-1
413,3,1532.14,147.15,372.60,916.54,-1,-1,-1,-1
413,10,598.38,156.90,256.76,825.75,-1,-1,-1,-1
414,2,997.98,233.07,186.64,544.19,-1,-1,-1,-1
414,3,1543.42,142.76,363.25,930.63,-1,-1,-1,-1
414,10,562.52,154.97,250.32,822.36,-1,-1,-1,-1
415,2,1007.18,233.88,186.91,546.21,-1,-1,-1,-1
415,3,1549.14,148.52,359.96,917.93,-1,-1,-1,-1
415,10,539.31,157.01,246.85,818.43,-1,-1,-1,-1
416,2,1009.86,232.20,192.58,553.62,-1,-1,-1,-1
416,3,1552.17,138.83,364.90,931.27,-1,-1,-1,-1
416,10,499.90,156.24,267.37,823.69,-1,-1,-1,-1
417,2,1016.37,232.20,191.72,556.92,-1,-1,-1,-1
417,3,1552.97,134.36,370.54,933.64,-1,-1,-1,-1
417,10,461.38,163.71,289.65,806.54,-1,-1,-1,-1
418,2,1022.91,235.90,186.58,556.40,-1,-1,-1,-1
418,3,1556.94,121.62,366.56,954.77,-1,-1,-1,-1
418,10,423.50,170.73,318.78,796.74,-1,-1,-1,-1
419,2,1028.88,229.99,184.12,561.91,-1,-1,-1,-1
419,3,1558.41,107.90,367.32,970.04,-1,-1,-1,-1
419,10,403.87,181.51,331.76,790.19,-1,-1,-1,-1
420,2,1033.01,225.06,189.20,569.77,-1,-1,-1,-1
420,3,1555.69,98.95,369.15,971.66,-1,-1,-1,-1
420,10,394.27,191.08,329.02,775.19,-1,-1,-1,-1
421,2,1038.00,223.07,196.40,574.78,-1,-1,-1,-1
421,3,1554.75,94.58,370.86,977.39,-1,-1,-1,-1
421,10,379.80,187.73,306.34,774.49,-1,-1,-1,-1
422,2,1043.31,222.17,203.48,588.61,-1,-1,-1,-1
422,3,1556.41,92.09,368.76,981.60,-1,-1,-1,-1
422,10,371.43,182.91,265.39,771.40,-1,-1,-1,-1
423,2,1050.60,216.48,211.25,609.15,-1,-1,-1,-1
423,3,1556.77,87.56,367.94,982.64,-1,-1,-1,-1
423,10,357.66,180.93,242.86,770.97,-1,-1,-1,-1
424,2,1058.47,214.40,215.78,622.01,-1,-1,-1,-1
424,3,1553.67,95.51,370.59,960.44,-1,-1,-1,-1
424,10,335.05,174.49,237.70,804.30,-1,-1,-1,-1
425,2,1065.13,216.30,226.45,626.51,-1,-1,-1,-1
425,3,1554.01,89.14,369.05,971.14,-1,-1,-1,-1
425,10,309.60,179.65,250.55,795.08,-1,-1,-1,-1
426,2,1072.18,214.11,239.52,635.15,-1,-1,-1,-1
426,3,1552.25,68.99,370.01,1004.76,-1,-1,-1,-1
426,10,278.50,182.30,273.22,786.69,-1,-1,-1,-1
427,2,1079.16,213.25,247.40,639.34,-1,-1,-1,-1
427,3,1548.58,61.11,372.10,1013.61,-1,-1,-1,-1
427,10,258.29,187.60,282.66,775.28,-1,-1,-1,-1
428,2,1085.44,207.73,252.20,652.85,-1,-1,-1,-1
428,3,1546.36,55.82,373.16,1016.11,-1,-1,-1,-1
428,10,240.43,183.39,296.68,780.18,-1,-1,-1,-1
429,2,1088.04,206.91,258.38,652.80,-1,-1,-1,-1
429,3,1540.28,48.52,377.75,1019.15,-1,-1,-1,-1
429,10,218.72,186.82,315.52,775.62,-1,-1,-1,-1
430,2,1097.44,192.32,252.55,689.16,-1,-1,-1,-1
430,3,1539.81,40.72,379.73,1030.63,-1,-1,-1,-1
430,10,196.78,184.27,311.45,775.78,-1,-1,-1,-1
431,2,1102.98,196.75,254.10,689.88,-1,-1,-1,-1
431,3,1535.25,35.57,383.88,1033.25,-1,-1,-1,-1
431,10,173.93,190.99,310.17,760.78,-1,-1,-1,-1
432,2,1107.86,203.92,256.54,688.93,-1,-1,-1,-1
432,3,1533.34,29.69,386.04,1037.55,-1,-1,-1,-1
432,10,153.93,187.38,309.27,762.38,-1,-1,-1,-1
433,2,1111.09,206.04,258.33,701.34,-1,-1,-1,-1
433,3,1525.80,31.44,394.47,1029.17,-1,-1,-1,-1
433,10,138.01,183.24,310.77,766.21,-1,-1,-1,-1
434,2,1115.16,199.62,262.78,723.27,-1,-1,-1,-1
434,3,1522.09,31.32,397.23,1031.84,-1,-1,-1,-1
434,10,119.52,188.33,321.55,760.34,-1,-1,-1,-1
435,2,1123.97,198.68,258.03,726.28,-1,-1,-1,-1
435,3,1511.63,33.21,408.44,1028.52,-1,-1,-1,-1
435,10,106.64,188.66,328.02,762.93,-1,-1,-1,-1
436,2,1130.85,199.06,258.21,725.22,-1,-1,-1,-1
436,3,1503.43,45.21,416.41,1013.73,-1,-1,-1,-1
436,10,104.39,195.32,326.92,755.09,-1,-1,-1,-1
437,2,1139.28,198.68,258.98,724.63,-1,-1,-1,-1
437,3,1485.35,76.38,428.57,975.83,-1,-1,-1,-1
437,10,111.75,199.91,306.53,743.52,-1,-1,-1,-1
438,2,1148.47,190.19,259.79,743.17,-1,-1,-1,-1
438,3,1454.72,44.13,446.47,1027.55,-1,-1,-1,-1
438,10,122.67,205.06,287.46,724.00,-1,-1,-1,-1
439,2,1158.01,180.70,267.51,771.14,-1,-1,-1,-1
439,3,1423.33,31.85,464.40,1033.02,-1,-1,-1,-1
439,10,135.38,204.75,268.79,715.39,-1,-1,-1,-1
440,2,1171.68,182.95,263.89,773.82,-1,-1,-1,-1
440,3,1400.72,10.15,470.20,1065.85,-1,-1,-1,-1
440,10,156.30,203.72,243.37,705.08,-1,-1,-1,-1
441,2,1189.58,182.41,251.54,784.40,-1,-1,-1,-1
441,3,1383.32,12.10,446.79,1059.50,-1,-1,-1,-1
441,10,166.83,203.99,236.95,690.66,-1,-1,-1,-1
442,2,1203.59,189.18,243.48,767.16,-1,-1,-1,-1
442,3,1316.12,7.43,468.12,1063.76,-1,-1,-1,-1
442,10,177.24,205.20,240.93,679.64,-1,-1,-1,-1
443,2,1215.25,178.95,252.76,775.89,-1,-1,-1,-1
443,3,1260.44,24.21,472.71,1034.62,-1,-1,-1,-1
443,10,184.40,204.55,249.96,669.82,-1,-1,-1,-1
444,2,1225.15,178.43,253.79,779.10,-1,-1,-1,-1
444,3,1240.24,8.81,438.90,1060.01,-1,-1,-1,-1
444,10,197.36,204.29,257.51,665.59,-1,-1,-1,-1
445,2,1235.04,177.91,254.82,782.31,-1,-1,-1,-1
445,3,1226.11,1.51,405.81,1070.86,-1,-1,-1,-1
445,10,207.56,217.18,271.29,639.48,-1,-1,-1,-1
446,2,1244.94,177.38,255.85,785.52,-1,-1,-1,-1
446,3,1197.55,-1.97,394.51,1077.44,-1,-1,-1,-1
446,10,220.07,221.87,274.13,628.25,-1,-1,-1,-1
447,2,1254.84,176.86,256.88,788.73,-1,-1,-1,-1
447,3,1171.46,-1.38,409.22,1073.77,-1,-1,-1,-1
447,10,238.32,213.01,261.45,634.81,-1,-1,-1,-1
448,3,1139.82,13.64,451.85,1053.69,-1,-1,-1,-1
448,10,255.09,206.97,242.73,641.76,-1,-1,-1,-1
449,3,1097.82,30.58,493.89,1028.71,-1,-1,-1,-1
449,10,275.30,218.72,222.52,604.09,-1,-1,-1,-1
450,3,1077.63,38.04,486.98,1014.25,-1,-1,-1,-1
450,10,295.65,219.91,194.50,586.34,-1,-1,-1,-1
451,2,1302.26,156.22,341.98,901.24,-1,-1,-1,-1
451,3,1004.99,9.50,416.60,1057.28,-1,-1,-1,-1
451,10,308.01,220.17,192.34,591.40,-1,-1,-1,-1
452,2,1304.99,163.18,358.51,900.09,-1,-1,-1,-1
452,3,942.80,1.46,405.78,1074.45,-1,-1,-1,-1
452,10,319.68,220.06,197.84,594.78,-1,-1,-1,-1
453,2,1311.37,169.20,358.80,897.11,-1,-1,-1,-1
453,3,877.31,0.24,416.42,1066.64,-1,-1,-1,-1
453,10,331.17,224.33,227.72,587.89,-1,-1,-1,-1
454,2,1316.71,165.09,357.47,906.24,-1,-1,-1,-1
454,3,823.99,9.72,413.19,1053.53,-1,-1,-1,-1
454,10,340.25,228.14,251.34,584.44,-1,-1,-1,-1
455,2,1323.93,144.47,350.53,938.58,-1,-1,-1,-1
455,3,774.85,16.82,422.59,1036.44,-1,-1,-1,-1
455,10,360.87,224.19,239.67,589.87,-1,-1,-1,-1
456,2,1338.78,134.04,335.97,953.40,-1,-1,-1,-1
456,3,729.68,12.90,424.70,1041.75,-1,-1,-1,-1
456,10,379.89,236.56,232.66,565.77,-1,-1,-1,-1
457,2,1350.82,128.86,321.89,955.78,-1,-1,-1,-1
457,3,695.90,4.78,425.02,1061.16,-1,-1,-1,-1
457,10,395.37,243.84,219.14,549.14,-1,-1,-1,-1
458,2,1365.74,130.84,296.18,953.01,-1,-1,-1,-1
458,3,667.68,6.18,404.32,1060.23,-1,-1,-1,-1
458,10,429.66,237.49,181.02,553.92,-1,-1,-1,-1
459,2,1365.20,134.00,290.59,935.53,-1,-1,-1,-1
459,3,634.36,13.10,387.72,1044.82,-1,-1,-1,-1
459,10,454.42,229.17,167.48,570.00,-1,-1,-1,-1
460,2,1366.84,130.04,280.94,937.01,-1,-1,-1,-1
460,3,592.73,8.02,384.64,1060.26,-1,-1,-1,-1
460,10,472.72,226.45,160.63,568.04,-1,-1,-1,-1
461,2,1369.82,131.24,273.97,931.37,-1,-1,-1,-1
461,3,536.95,16.33,397.47,1042.08,-1,-1,-1,-1
461,10,492.47,229.75,138.00,555.02,-1,-1,-1,-1
462,2,1369.93,134.10,267.76,932.12,-1,-1,-1,-1
462,3,485.31,19.91,406.58,1036.78,-1,-1,-1,-1
462,10,506.41,230.19,136.83,550.37,-1,-1,-1,-1
463,2,1358.80,137.11,277.75,927.22,-1,-1,-1,-1
463,3,452.80,17.97,406.28,1042.36,-1,-1,-1,-1
463,10,520.34,230.63,135.66,545.72,-1,-1,-1,-1
464,2,1326.37,142.51,308.74,917.53,-1,-1,-1,-1
464,3,422.50,20.63,403.14,1045.93,-1,-1,-1,-1
464,10,534.27,231.07,134.48,541.07,-1,-1,-1,-1
465,2,1291.77,137.87,341.87,933.33,-1,-1,-1,-1
465,3,384.59,20.67,414.19,1051.68,-1,-1,-1,-1
465,10,548.20,231.51,133.31,536.42,-1,-1,-1,-1
466,2,1258.01,151.99,366.52,906.50,-1,-1,-1,-1
466,3,346.42,25.26,424.32,1048.75,-1,-1,-1,-1
467,2,1239.29,148.63,370.43,920.86,-1,-1,-1,-1
467,3,311.74,36.25,439.74,1036.83,-1,-1,-1,-1
468,2,1230.98,142.93,361.85,934.14,-1,-1,-1,-1
468,3,268.93,52.10,476.68,1016.40,-1,-1,-1,-1
468,10,640.40,195.71,147.95,591.23,-1,-1,-1,-1
469,2,1227.90,139.12,344.49,938.89,-1,-1,-1,-1
469,3,230.59,61.38,485.66,1006.95,-1,-1,-1,-1
469,10,650.28,209.79,172.30,582.62,-1,-1,-1,-1
470,2,1227.42,127.16,329.50,955.12,-1,-1,-1,-1
470,3,195.40,63.52,466.66,1004.60,-1,-1,-1,-1
470,10,661.02,222.77,203.08,564.62,-1,-1,-1,-1
471,2,1226.49,127.06,314.86,955.40,-1,-1,-1,-1
471,3,162.29,62.77,457.84,1004.89,-1,-1,-1,-1
471,10,674.84,229.62,209.84,552.86,-1,-1,-1,-1
472,2,1218.79,138.38,304.65,923.63,-1,-1,-1,-1
472,3,127.97,67.75,466.44,998.84,-1,-1,-1,-1
472,10,678.06,235.82,226.43,542.00,-1,-1,-1,-1
473,2,1190.09,156.00,317.37,881.34,-1,-1,-1,-1
473,3,93.97,69.47,476.25,995.91,-1,-1,-1,-1
473,10,690.51,235.68,232.43,544.75,-1,-1,-1,-1
474,2,1160.45,166.84,328.05,860.83,-1,-1,-1,-1
474,3,60.61,63.79,486.86,1008.16,-1,-1,-1,-1
474,10,705.45,236.92,225.64,548.08,-1,-1,-1,-1
475,2,1142.97,171.22,332.77,849.09,-1,-1,-1,-1
475,3,29.41,72.25,500.58,994.92,-1,-1,-1,-1
475,10,740.01,229.44,185.11,554.72,-1,-1,-1,-1
476,2,1132.22,169.59,334.23,839.50,-1,-1,-1,-1
476,3,12.58,80.95,496.28,985.50,-1,-1,-1,-1
476,10,773.01,209.64,155.50,576.68,-1,-1,-1,-1
477,2,1127.06,167.15,315.66,835.69,-1,-1,-1,-1
477,3,3.22,83.46,488.19,986.59,-1,-1,-1,-1
477,10,794.62,204.77,148.76,585.46,-1,-1,-1,-1
478,2,1115.57,176.49,293.78,805.88,-1,-1,-1,-1
478,3,-4.45,94.73,481.13,977.24,-1,-1,-1,-1
478,10,807.31,211.57,169.56,564.14,-1,-1,-1,-1
479,2,1096.46,177.41,280.75,800.26,-1,-1,-1,-1
479,3,-8.97,104.54,475.70,971.34,-1,-1,-1,-1
479,10,822.69,210.54,172.56,573.15,-1,-1,-1,-1
480,2,1069.74,178.62,271.27,795.96,-1,-1,-1,-1
480,3,-11.66,105.89,463.69,969.92,-1,-1,-1,-1
480,10,825.06,218.45,207.70,560.89,-1,-1,-1,-1
481,2,1036.70,182.67,277.60,791.30,-1,-1,-1,-1
481,3,-11.62,111.90,453.07,959.70,-1,-1,-1,-1
481,10,830.55,219.97,227.45,557.42,-1,-1,-1,-1
482,2,1009.16,189.07,286.15,785.23,-1,-1,-1,-1
482,3,-6.27,122.26,437.32,942.82,-1,-1,-1,-1
482,10,839.56,224.24,232.68,545.91,-1,-1,-1,-1
483,2,991.49,198.05,283.75,768.10,-1,-1,-1,-1
483,3,-4.17,121.62,424.43,951.35,-1,-1,-1,-1
483,10,870.58,214.92,200.44,559.32,-1,-1,-1,-1
484,2,961.85,203.43,300.44,757.66,-1,-1,-1,-1
484,3,-8.34,121.55,425.31,952.67,-1,-1,-1,-1
484,10,886.85,213.19,201.02,560.96,-1,-1,-1,-1
485,2,947.49,209.86,298.31,739.29,-1,-1,-1,-1
485,3,-9.23,125.43,422.80,947.68,-1,-1,-1,-1
485,10,903.11,211.45,201.61,562.60,-1,-1,-1,-1
486,2,954.69,219.60,271.90,710.36,-1,-1,-1,-1
486,3,-8.67,125.68,418.70,948.14,-1,-1,-1,-1
486,10,919.37,209.71,202.19,564.25,-1,-1,-1,-1
487,2,959.86,229.04,249.70,676.46,-1,-1,-1,-1
487,3,-8.13,130.23,412.63,940.12,-1,-1,-1,-1
487,10,935.63,207.98,202.77,565.89,-1,-1,-1,-1
488,2,960.37,215.06,235.89,685.08,-1,-1,-1,-1
488,3,-4.11,141.66,405.45,925.94,-1,-1,-1,-1
489,2,962.22,213.49,223.86,673.39,-1,-1,-1,-1
489,3,-2.49,152.21,397.03,910.72,-1,-1,-1,-1
490,2,955.13,192.65,226.87,698.60,-1,-1,-1,-1
490,3,-2.31,165.89,397.38,898.62,-1,-1,-1,-1
491,2,938.57,186.15,250.00,702.02,-1,-1,-1,-1
491,3,-0.26,168.47,391.69,898.47,-1,-1,-1,-1
492,2,940.78,202.44,257.67,662.74,-1,-1,-1,-1
492,3,-0.57,175.76,396.71,892.97,-1,-1,-1,-1
493,2,933.64,216.21,260.13,639.45,-1,-1,-1,-1
493,3,2.04,179.75,395.22,888.61,-1,-1,-1,-1
493,10,1073.16,223.48,142.50,544.61,-1,-1,-1,-1
494,2,925.80,215.99,256.34,635.47,-1,-1,-1,-1
494,3,7.17,177.69,388.27,887.96,-1,-1,-1,-1
494,10,1080.35,206.19,142.42,560.95,-1,-1,-1,-1
495,2,926.15,220.55,224.27,623.45,-1,-1,-1,-1
495,3,13.08,174.64,375.47,877.10,-1,-1,-1,-1
495,10,1084.77,203.75,157.52,565.31,-1,-1,-1,-1
496,2,918.40,228.32,194.67,593.98,-1,-1,-1,-1
496,3,22.85,172.92,364.71,878.99,-1,-1,-1,-1
496,10,1096.02,204.42,171.35,558.88,-1,-1,-1,-1
497,2,905.07,234.45,179.04,544.60,-1,-1,-1,-1
497,3,39.51,169.64,351.77,888.55,-1,-1,-1,-1
497,10,1123.53,201.49,168.09,569.73,-1,-1,-1,-1
498,2,898.91,214.11,175.75,612.84,-1,-1,-1,-1
498,3,52.27,173.96,341.22,881.20,-1,-1,-1,-1
498,10,1133.76,203.15,187.05,564.24,-1,-1,-1,-1
499,2,886.78,218.12,183.93,615.01,-1,-1,-1,-1
499,3,62.57,175.51,334.06,882.75,-1,-1,-1,-1
499,10,1134.46,206.63,213.63,553.54,-1,-1,-1,-1
500,2,882.29,227.79,187.35,604.88,-1,-1,-1,-1
500,3,70.87,174.11,332.01,888.56,-1,-1,-1,-1
500,10,1137.92,209.00,230.85,546.64,-1,-1,-1,-1
501,2,880.76,229.78,186.24,604.49,-1,-1,-1,-1
501,3,86.58,173.56,320.39,889.33,-1,-1,-1,-1
501,10,1148.44,213.90,236.39,541.36,-1,-1,-1,-1
502,2,871.01,234.17,185.50,600.26,-1,-1,-1,-1
502,3,103.62,187.82,308.25,852.06,-1,-1,-1,-1
502,10,1173.47,213.68,213.77,538.88,-1,-1,-1,-1
503,2,859.09,228.64,198.11,625.16,-1,-1,-1,-1
503,3,116.02,197.86,301.89,818.54,-1,-1,-1,-1
503,10,1196.84,220.17,189.47,525.36,-1,-1,-1,-1
504,2,847.59,225.88,218.12,644.22,-1,-1,-1,-1
504,3,125.45,196.99,299.96,812.40,-1,-1,-1,-1
504,10,1224.02,211.85,160.02,531.03,-1,-1,-1,-1
505,2,835.92,226.92,245.14,649.36,-1,-1,-1,-1
505,3,135.38,197.58,298.48,791.02,-1,-1,-1,-1
505,10,1240.42,202.38,156.89,543.23,-1,-1,-1,-1
506,2,828.61,230.03,263.99,622.36,-1,-1,-1,-1
506,3,142.27,196.58,293.85,777.91,-1,-1,-1,-1
506,10,1246.28,203.77,180.31,545.70,-1,-1,-1,-1
507,2,822.38,235.63,277.15,569.66,-1,-1,-1,-1
507,3,147.88,198.57,292.71,762.04,-1,-1,-1,-1
507,10,1251.07,204.63,199.85,548.72,-1,-1,-1,-1
508,2,817.26,226.44,283.09,607.75,-1,-1,-1,-1
508,3,164.42,202.87,280.51,751.22,-1,-1,-1,-1
508,10,1251.04,204.28,232.39,553.47,-1,-1,-1,-1
509,2,817.08,221.02,277.69,648.60,-1,-1,-1,-1
509,3,172.60,203.27,281.95,752.45,-1,-1,-1,-1
509,10,1254.51,210.81,245.51,546.09,-1,-1,-1,-1
510,2,810.66,216.18,280.85,676.12,-1,-1,-1,-1
510,3,182.90,206.03,271.76,745.18,-1,-1,-1,-1
510,10,1270.92,207.23,237.92,561.56,-1,-1,-1,-1
511,2,803.78,207.27,272.47,698.66,-1,-1,-1,-1
511,3,193.64,207.39,268.98,738.93,-1,-1,-1,-1
511,10,1287.21,203.26,227.80,573.53,-1,-1,-1,-1
512,2,799.68,204.65,260.64,706.01,-1,-1,-1,-1
512,3,204.12,210.92,265.30,732.96,-1,-1,-1,-1
512,10,1302.55,202.95,218.34,576.77,-1,-1,-1,-1
513,2,792.93,199.59,249.92,715.36,-1,-1,-1,-1
513,3,211.92,214.72,266.00,724.39,-1,-1,-1,-1
513,10,1315.45,202.42,212.81,576.87,-1,-1,-1,-1
514,2,777.70,198.46,250.64,738.94,-1,-1,-1,-1
514,3,222.21,220.08,263.21,714.49,-1,-1,-1,-1
514,10,1325.95,196.73,212.07,587.11,-1,-1,-1,-1
515,2,762.25,194.98,256.61,760.58,-1,-1,-1,-1
515,3,229.41,221.58,259.53,699.46,-1,-1,-1,-1
515,10,1332.48,193.58,216.92,595.22,-1,-1,-1,-1
516,2,747.88,193.66,259.56,774.63,-1,-1,-1,-1
516,3,239.59,225.14,254.15,674.70,-1,-1,-1,-1
516,10,1340.53,197.35,224.88,595.67,-1,-1,-1,-1
517,2,740.24,194.32,253.43,789.97,-1,-1,-1,-1
517,3,253.11,221.31,242.30,666.85,-1,-1,-1,-1
517,10,1345.96,196.02,246.84,604.40,-1,-1,-1,-1
518,2,723.31,190.84,264.12,808.02,-1,-1,-1,-1
518,3,262.49,215.96,239.31,659.45,-1,-1,-1,-1
518,10,1348.79,192.37,259.99,612.41,-1,-1,-1,-1
519,2,710.74,187.58,269.18,818.08,-1,-1,-1,-1
519,3,267.66,219.23,236.72,650.86,-1,-1,-1,-1
519,10,1356.22,192.08,259.17,618.09,-1,-1,-1,-1
520,2,694.48,190.37,273.42,813.77,-1,-1,-1,-1
520,3,276.03,216.88,233.36,650.20,-1,-1,-1,-1
520,10,1361.01,188.55,270.30,632.75,-1,-1,-1,-1
521,2,677.17,197.59,268.02,803.84,-1,-1,-1,-1
521,3,284.47,213.67,238.38,651.08,-1,-1,-1,-1
521,10,1369.69,183.19,284.21,642.83,-1,-1,-1,-1
522,2,646.87,193.59,282.29,812.82,-1,-1,-1,-1
522,3,296.19,224.41,243.56,640.22,-1,-1,-1,-1
522,10,1382.62,179.01,280.07,651.99,-1,-1,-1,-1
523,2,615.32,180.67,312.21,838.59,-1,-1,-1,-1
523,3,311.81,226.00,246.13,639.30,-1,-1,-1,-1
523,10,1395.34,181.65,270.63,644.03,-1,-1,-1,-1
524,2,593.68,172.65,323.81,870.47,-1,-1,-1,-1
524,3,326.37,228.03,239.81,632.82,-1,-1,-1,-1
524,10,1403.37,186.51,264.28,631.43,-1,-1,-1,-1
525,2,574.67,174.55,329.71,885.09,-1,-1,-1,-1
525,3,342.59,230.91,228.36,624.81,-1,-1,-1,-1
525,10,1406.72,176.52,256.16,656.01,-1,-1,-1,-1
526,2,558.91,179.87,332.41,879.76,-1,-1,-1,-1
526,3,357.40,230.44,216.36,625.24,-1,-1,-1,-1
526,10,1417.12,174.17,239.80,673.67,-1,-1,-1,-1
527,2,551.05,184.18,316.23,872.01,-1,-1,-1,-1
527,3,371.64,226.25,209.76,623.60,-1,-1,-1,-1
527,10,1417.90,155.62,233.56,713.03,-1,-1,-1,-1
528,2,538.60,181.12,304.69,881.19,-1,-1,-1,-1
528,3,384.80,220.05,205.79,620.11,-1,-1,-1,-1
528,10,1418.88,160.73,227.00,707.61,-1,-1,-1,-1
529,2,540.54,177.04,285.59,889.76,-1,-1,-1,-1
529,3,396.37,221.68,198.20,608.60,-1,-1,-1,-1
529,10,1412.07,165.93,227.02,707.92,-1,-1,-1,-1
530,2,477.67,174.85,330.19,895.51,-1,-1,-1,-1
530,3,415.84,214.86,182.45,611.74,-1,-1,-1,-1
530,10,1405.73,148.90,222.23,735.61,-1,-1,-1,-1
531,2,440.76,155.77,332.27,917.55,-1,-1,-1,-1
531,3,426.36,212.72,181.69,609.26,-1,-1,-1,-1
531,10,1394.40,157.32,227.03,724.47,-1,-1,-1,-1
532,2,435.52,154.72,318.34,909.21,-1,-1,-1,-1
532,3,436.89,210.57,180.93,606.78,-1,-1,-1,-1
532,10,1385.69,167.94,218.09,701.98,-1,-1,-1,-1
533,2,425.33,152.37,314.06,914.25,-1,-1,-1,-1
533,3,447.41,208.43,180.17,604.30,-1,-1,-1,-1
533,10,1378.48,171.00,208.23,693.15,-1,-1,-1,-1
534,2,434.90,153.78,294.52,914.32,-1,-1,-1,-1
534,3,457.93,206.29,179.41,601.82,-1,-1,-1,-1
534,10,1358.35,165.48,210.33,704.67,-1,-1,-1,-1
535,2,434.01,159.19,289.96,897.83,-1,-1,-1,-1
535,10,1327.58,162.99,229.23,717.57,-1,-1,-1,-1
536,2,430.87,163.01,291.18,898.36,-1,-1,-1,-1
536,10,1301.51,160.40,245.69,722.40,-1,-1,-1,-1
537,2,425.96,173.60,289.53,877.88,-1,-1,-1,-1
537,10,1267.42,164.52,274.20,724.92,-1,-1,-1,-1
538,2,422.61,172.13,288.23,876.56,-1,-1,-1,-1
538,10,1255.62,166.15,270.86,723.54,-1,-1,-1,-1
539,2,421.83,175.70,286.39,871.18,-1,-1,-1,-1
539,10,1248.99,168.31,275.44,730.29,-1,-1,-1,-1
540,2,419.58,173.36,287.85,876.68,-1,-1,-1,-1
540,10,1242.63,165.62,269.34,740.45,-1,-1,-1,-1
541,2,414.65,183.42,298.20,870.14,-1,-1,-1,-1
541,10,1232.78,161.01,250.38,736.78,-1,-1,-1,-1
542,2,407.21,191.06,310.49,862.72,-1,-1,-1,-1
542,10,1223.88,161.94,225.66,730.29,-1,-1,-1,-1
543,2,393.90,201.75,331.18,849.67,-1,-1,-1,-1
543,3,592.80,251.97,151.47,519.64,-1,-1,-1,-1
543,10,1208.06,162.94,206.16,736.92,-1,-1,-1,-1
544,2,390.05,213.75,334.90,830.89,-1,-1,-1,-1
544,3,598.51,249.56,151.47,526.00,-1,-1,-1,-1
544,10,1187.63,157.27,204.23,743.13,-1,-1,-1,-1
545,2,381.27,210.35,337.95,846.29,-1,-1,-1,-1
545,3,591.06,239.83,176.23,547.42,-1,-1,-1,-1
545,10,1145.16,151.54,235.57,747.64,-1,-1,-1,-1
546,2,360.07,208.58,347.38,847.60,-1,-1,-1,-1
546,3,590.54,237.53,187.02,555.61,-1,-1,-1,-1
546,10,1102.82,156.36,269.91,739.61,-1,-1,-1,-1
547,2,337.53,211.74,364.13,849.79,-1,-1,-1,-1
547,3,591.88,237.47,192.23,560.81,-1,-1,-1,-1
547,10,1079.74,162.09,274.27,732.57,-1,-1,-1,-1
548,2,320.61,206.04,378.75,859.41,-1,-1,-1,-1
548,3,597.08,238.59,190.37,563.15,-1,-1,-1,-1
548,10,1068.63,169.00,281.59,724.09,-1,-1,-1,-1
549,2,315.78,199.63,366.23,868.17,-1,-1,-1,-1
549,3,602.47,236.32,189.99,569.57,-1,-1,-1,-1
549,10,1064.99,161.75,263.85,731.79,-1,-1,-1,-1
550,2,314.88,189.42,368.61,884.30,-1,-1,-1,-1
550,3,608.50,236.16,185.92,570.93,-1,-1,-1,-1
550,10,1061.28,169.91,253.75,719.17,-1,-1,-1,-1
551,2,327.86,188.94,363.54,883.41,-1,-1,-1,-1
551,3,614.04,234.33,183.78,577.56,-1,-1,-1,-1
551,10,1054.52,158.69,220.39,731.84,-1,-1,-1,-1
552,2,345.97,193.86,357.97,870.61,-1,-1,-1,-1
552,3,619.02,234.37,184.06,573.85,-1,-1,-1,-1
552,10,1036.75,167.23,205.44,719.42,-1,-1,-1,-1
553,2,372.96,202.35,334.00,849.79,-1,-1,-1,-1
553,3,621.43,234.21,195.15,569.93,-1,-1,-1,-1
553,10,1008.87,172.05,207.12,724.92,-1,-1,-1,-1
554,2,394.59,208.97,318.22,834.88,-1,-1,-1,-1
554,3,625.25,230.97,204.61,574.44,-1,-1,-1,-1
554,10,960.67,172.03,237.90,727.55,-1,-1,-1,-1
555,2,402.38,205.10,322.06,828.79,-1,-1,-1,-1
555,3,633.18,228.42,212.15,586.14,-1,-1,-1,-1
555,10,906.06,177.83,286.79,719.92,-1,-1,-1,-1
556,2,407.12,202.26,324.10,829.62,-1,-1,-1,-1
556,3,637.41,228.07,211.37,592.46,-1,-1,-1,-1
556,10,883.81,174.70,297.28,724.72,-1,-1,-1,-1
557,2,412.00,209.99,332.88,813.39,-1,-1,-1,-1
557,3,650.68,232.23,202.51,588.49,-1,-1,-1,-1
557,10,873.96,168.14,299.63,740.05,-1,-1,-1,-1
558,2,438.65,210.25,311.15,806.14,-1,-1,-1,-1
558,3,658.99,235.56,196.71,588.62,-1,-1,-1,-1
558,10,862.25,175.07,292.41,735.38,-1,-1,-1,-1
559,2,483.98,200.88,268.32,805.86,-1,-1,-1,-1
559,3,665.17,234.44,194.55,596.26,-1,-1,-1,-1
559,10,868.67,175.13,243.92,739.00,-1,-1,-1,-1
560,2,514.16,195.46,283.18,813.22,-1,-1,-1,-1
560,3,669.34,232.39,193.00,605.27,-1,-1,-1,-1
560,10,862.19,173.95,200.68,737.05,-1,-1,-1,-1
561,2,537.03,192.89,294.31,810.46,-1,-1,-1,-1
561,3,675.90,228.49,188.18,601.03,-1,-1,-1,-1
561,10,845.38,174.30,192.28,735.70,-1,-1,-1,-1
562,2,552.94,190.60,293.92,809.39,-1,-1,-1,-1
562,3,615.94,196.93,260.30,729.15,-1,-1,-1,-1
562,10,821.58,176.68,197.34,735.58,-1,-1,-1,-1
563,2,568.85,188.31,293.53,808.31,-1,-1,-1,-1
563,3,595.65,183.00,285.91,789.68,-1,-1,-1,-1
563,10,796.06,184.74,206.22,721.38,-1,-1,-1,-1
564,2,584.77,186.02,293.13,807.24,-1,-1,-1,-1
564,3,592.05,171.88,289.26,826.49,-1,-1,-1,-1
564,10,770.19,180.49,226.00,732.02,-1,-1,-1,-1
565,2,600.68,183.72,292.74,806.17,-1,-1,-1,-1
565,3,596.79,169.73,347.78,827.25,-1,-1,-1,-1
565,10,750.13,181.02,226.29,733.03,-1,-1,-1,-1
566,3,603.41,172.36,374.08,828.16,-1,-1,-1,-1
566,10,730.07,181.56,226.59,734.03,-1,-1,-1,-1
567,3,615.27,171.09,364.56,846.33,-1,-1,-1,-1
567,10,710.02,182.10,226.88,735.03,-1,-1,-1,-1
568,3,634.91,185.43,316.79,840.23,-1,-1,-1,-1
568,10,689.96,182.63,227.18,736.04,-1,-1,-1,-1
569,3,654.89,186.17,268.23,837.39,-1,-1,-1,-1
570,3,660.18,176.96,250.33,867.41,-1,-1,-1,-1
571,3,637.69,177.15,274.96,861.17,-1,-1,-1,-1
572,3,603.13,178.90,321.47,847.97,-1,-1,-1,-1
573,3,555.31,177.73,383.24,841.15,-1,-1,-1,-1
574,3,522.31,173.66,433.95,851.53,-1,-1,-1,-1
575,3,568.58,188.89,393.49,825.38,-1,-1,-1,-1
575,10,496.67,189.39,265.57,712.29,-1,-1,-1,-1
576,3,597.33,196.58,370.36,808.97,-1,-1,-1,-1
576,10,482.92,195.52,273.39,708.57,-1,-1,-1,-1
577,3,625.06,191.03,355.89,818.40,-1,-1,-1,-1
577,10,472.56,182.66,262.58,729.52,-1,-1,-1,-1
578,2,638.14,213.22,244.18,697.55,-1,-1,-1,-1
578,3,706.01,202.13,292.29,782.29,-1,-1,-1,-1
578,10,466.47,176.76,226.51,733.83,-1,-1,-1,-1
579,2,642.16,215.08,217.49,678.97,-1,-1,-1,-1
579,3,756.91,214.46,265.83,748.36,-1,-1,-1,-1
579,10,448.08,171.08,207.90,738.50,-1,-1,-1,-1
580,2,639.07,210.01,230.05,691.13,-1,-1,-1,-1
580,3,804.88,225.17,237.22,732.26,-1,-1,-1,-1
580,10,432.88,168.31,195.21,748.52,-1,-1,-1,-1
581,2,637.98,206.13,230.78,699.03,-1,-1,-1,-1
581,3,830.88,220.77,241.99,733.89,-1,-1,-1,-1
581,10,398.27,166.44,219.36,752.48,-1,-1,-1,-1
582,2,633.41,203.70,235.31,715.21,-1,-1,-1,-1
582,3,846.49,211.46,260.90,746.92,-1,-1,-1,-1
582,10,361.70,173.29,247.25,746.35,-1,-1,-1,-1
583,2,632.22,200.63,234.07,722.37,-1,-1,-1,-1
583,3,862.69,203.59,259.93,746.06,-1,-1,-1,-1
583,10,312.48,170.07,298.35,765.45,-1,-1,-1,-1
584,2,626.32,196.17,237.93,738.94,-1,-1,-1,-1
584,3,880.53,208.98,244.80,724.90,-1,-1,-1,-1
584,10,286.75,169.75,319.76,784.29,-1,-1,-1,-1
585,2,623.57,192.37,238.28,747.66,-1,-1,-1,-1
585,3,895.43,211.89,235.07,707.51,-1,-1,-1,-1
585,10,277.00,171.27,313.50,795.58,-1,-1,-1,-1
586,2,621.77,186.11,239.66,760.12,-1,-1,-1,-1
586,3,909.37,216.37,232.74,689.65,-1,-1,-1,-1
586,10,268.34,174.84,295.53,793.74,-1,-1,-1,-1
587,2,618.46,186.58,244.86,757.90,-1,-1,-1,-1
587,3,917.76,224.46,233.70,673.01,-1,-1,-1,-1
587,10,257.41,178.97,285.49,790.78,-1,-1,-1,-1
588,2,615.41,185.16,250.45,770.45,-1,-1,-1,-1
588,3,923.78,228.54,243.54,661.18,-1,-1,-1,-1
588,10,236.23,178.00,277.84,796.03,-1,-1,-1,-1
589,2,613.01,185.51,254.86,785.89,-1,-1,-1,-1
589,3,928.85,223.51,250.24,660.77,-1,-1,-1,-1
589,10,214.96,175.61,279.88,810.12,-1,-1,-1,-1
590,2,610.26,186.21,257.45,798.18,-1,-1,-1,-1
590,3,936.29,218.11,252.43,660.64,-1,-1,-1,-1
590,10,187.70,175.67,299.38,819.64,-1,-1,-1,-1
591,2,604.24,188.43,265.58,809.78,-1,-1,-1,-1
591,3,940.67,212.29,254.71,666.95,-1,-1,-1,-1
591,10,160.00,175.16,322.25,831.36,-1,-1,-1,-1
592,2,597.51,185.96,275.04,833.34,-1,-1,-1,-1
592,3,944.95,210.62,254.20,669.82,-1,-1,-1,-1
592,10,141.19,165.98,328.83,857.79,-1,-1,-1,-1
593,2,589.06,189.15,284.40,837.24,-1,-1,-1,-1
593,3,953.75,217.13,250.44,657.49,-1,-1,-1,-1
593,10,119.37,162.10,341.22,880.79,-1,-1,-1,-1
594,2,576.30,183.37,299.24,855.50,-1,-1,-1,-1
594,3,962.27,223.12,247.54,640.10,-1,-1,-1,-1
594,10,104.59,158.86,348.11,889.86,-1,-1,-1,-1
595,2,563.89,175.00,310.35,857.07,-1,-1,-1,-1
595,3,979.54,223.07,233.61,623.87,-1,-1,-1,-1
595,10,92.97,152.13,355.73,897.37,-1,-1,-1,-1
596,2,554.71,173.06,319.79,864.86,-1,-1,-1,-1
596,3,990.28,229.68,226.00,606.38,-1,-1,-1,-1
596,10,86.64,151.51,358.01,896.77,-1,-1,-1,-1
597,2,543.69,172.90,330.61,867.99,-1,-1,-1,-1
597,3,1004.96,226.69,214.38,602.35,-1,-1,-1,-1
597,10,80.15,150.99,364.98,896.15,-1,-1,-1,-1
598,2,536.65,169.58,335.27,877.96,-1,-1,-1,-1
598,3,1023.39,220.02,200.53,610.27,-1,-1,-1,-1
598,10,80.07,144.24,366.36,910.66,-1,-1,-1,-1
599,2,530.68,163.46,339.58,896.15,-1,-1,-1,-1
599,3,1039.49,217.43,197.47,609.24,-1,-1,-1,-1
599,10,78.40,128.80,368.64,937.32,-1,-1,-1,-1
600,2,528.69,164.44,340.48,893.73,-1,-1,-1,-1
600,3,1048.94,217.93,213.91,604.37,-1,-1,-1,-1
600,10,74.35,121.68,376.42,950.79,-1,-1,-1,-1
601,2,528.24,163.75,338.42,895.13,-1,-1,-1,-1
601,3,1062.87,224.84,212.14,589.04,-1,-1,-1,-1
601,10,70.18,122.14,384.99,950.11,-1,-1,-1,-1
602,2,529.50,165.27,338.86,901.19,-1,-1,-1,-1
602,3,1070.75,223.16,218.31,590.69,-1,-1,-1,-1
602,10,67.98,123.48,388.57,948.10,-1,-1,-1,-1
603,2,535.09,158.81,337.15,908.96,-1,-1,-1,-1
603,3,1071.44,234.98,230.60,573.99,-1,-1,-1,-1
603,10,64.60,122.51,390.49,944.71,-1,-1,-1,-1
604,2,542.70,148.68,333.93,923.60,-1,-1,-1,-1
604,3,1089.60,224.42,212.65,589.06,-1,-1,-1,-1
604,10,66.89,122.77,388.10,942.61,-1,-1,-1,-1
605,2,549.15,143.12,333.78,931.57,-1,-1,-1,-1
605,3,1104.47,215.90,199.75,592.83,-1,-1,-1,-1
605,10,69.57,114.39,386.92,953.75,-1,-1,-1,-1
606,2,554.16,137.34,343.33,936.95,-1,-1,-1,-1
606,3,1125.70,214.81,177.31,593.43,-1,-1,-1,-1
606,10,73.78,112.24,389.01,954.50,-1,-1,-1,-1
607,2,560.39,136.95,354.26,935.80,-1,-1,-1,-1
607,3,1143.14,215.55,162.21,594.82,-1,-1,-1,-1
607,10,80.16,108.62,395.28,950.03,-1,-1,-1,-1
608,2,565.12,133.23,363.90,944.66,-1,-1,-1,-1
608,3,1153.12,218.57,160.07,584.13,-1,-1,-1,-1
608,10,93.39,93.69,398.01,975.40,-1,-1,-1,-1
609,2,570.26,122.13,378.20,958.08,-1,-1,-1,-1
609,3,1157.93,220.59,171.53,576.67,-1,-1,-1,-1
609,10,111.88,89.53,399.98,977.08,-1,-1,-1,-1
610,2,578.90,114.45,382.93,966.57,-1,-1,-1,-1
610,3,1167.06,221.20,176.10,577.37,-1,-1,-1,-1
610,10,144.81,80.25,375.28,993.23,-1,-1,-1,-1
611,2,590.87,111.17,380.32,966.45,-1,-1,-1,-1
611,3,1172.61,224.97,190.95,572.14,-1,-1,-1,-1
611,10,178.62,75.89,344.90,997.97,-1,-1,-1,-1
612,2,605.12,129.17,377.90,929.74,-1,-1,-1,-1
612,3,1179.63,224.43,197.27,573.24,-1,-1,-1,-1
612,10,216.41,80.25,316.22,984.66,-1,-1,-1,-1
613,2,631.21,118.60,368.58,940.90,-1,-1,-1,-1
613,3,1184.83,225.78,197.23,569.37,-1,-1,-1,-1
613,10,246.78,81.18,299.66,984.43,-1,-1,-1,-1
614,2,655.25,103.47,354.00,963.17,-1,-1,-1,-1
614,3,1188.01,228.21,199.99,563.82,-1,-1,-1,-1
614,10,281.06,78.37,284.33,982.66,-1,-1,-1,-1
615,2,672.76,86.89,348.82,985.04,-1,-1,-1,-1
615,3,1190.89,229.07,201.69,563.74,-1,-1,-1,-1
615,10,296.61,76.13,297.07,985.14,-1,-1,-1,-1
616,2,695.07,80.44,341.74,983.76,-1,-1,-1,-1
616,3,1192.81,228.55,202.60,563.27,-1,-1,-1,-1
616,10,319.13,84.34,310.67,977.26,-1,-1,-1,-1
617,2,728.78,75.71,325.26,988.83,-1,-1,-1,-1
617,3,1194.37,228.53,204.98,563.20,-1,-1,-1,-1
617,10,349.58,86.15,324.79,974.74,-1,-1,-1,-1
618,2,770.05,67.29,310.27,990.43,-1,-1,-1,-1
618,3,1200.89,231.39,201.35,564.58,-1,-1,-1,-1
618,10,383.19,86.92,335.66,970.02,-1,-1,-1,-1
619,2,801.00,60.55,311.73,1006.09,-1,-1,-1,-1
619,3,1202.10,240.70,204.88,546.75,-1,-1,-1,-1
619,10,399.80,87.07,379.83,970.81,-1,-1,-1,-1
620,2,827.08,61.24,342.64,1008.71,-1,-1,-1,-1
620,3,1214.25,242.35,199.07,542.68,-1,-1,-1,-1
620,10,432.27,89.29,400.57,961.32,-1,-1,-1,-1
621,2,843.29,140.17,411.55,915.14,-1,-1,-1,-1
621,3,1232.77,241.43,184.65,538.96,-1,-1,-1,-1
621,10,473.88,84.95,366.76,977.04,-1,-1,-1,-1
622,2,871.49,79.37,437.17,997.57,-1,-1,-1,-1
622,3,1241.16,243.92,178.23,525.32,-1,-1,-1,-1
622,10,506.87,91.48,339.20,963.37,-1,-1,-1,-1
623,2,901.11,58.28,446.65,1025.62,-1,-1,-1,-1
623,3,1248.63,245.57,171.78,511.33,-1,-1,-1,-1
623,10,537.34,74.88,316.93,980.16,-1,-1,-1,-1
624,2,941.92,68.84,434.90,1013.04,-1,-1,-1,-1
624,3,1254.89,248.89,176.95,502.27,-1,-1,-1,-1
624,10,566.13,74.05,305.03,982.76,-1,-1,-1,-1
625,2,990.76,52.19,388.91,1030.00,-1,-1,-1,-1
625,3,1265.49,240.57,175.12,531.97,-1,-1,-1,-1
625,10,595.56,73.04,307.70,989.55,-1,-1,-1,-1
626,2,1031.79,54.52,384.85,1013.74,-1,-1,-1,-1
626,3,1275.43,238.33,171.12,490.38,-1,-1,-1,-1
626,10,621.12,78.62,321.15,988.39,-1,-1,-1,-1
627,2,1078.31,58.63,360.94,1001.94,-1,-1,-1,-1
627,3,1285.15,241.31,166.42,476.92,-1,-1,-1,-1
627,10,651.27,89.93,328.62,973.78,-1,-1,-1,-1
628,2,1110.42,50.39,352.21,1015.83,-1,-1,-1,-1
628,3,1294.86,244.29,161.72,463.47,-1,-1,-1,-1
628,10,682.19,147.15,322.73,906.90,-1,-1,-1,-1
629,2,1135.24,35.58,356.88,1034.21,-1,-1,-1,-1
629,3,1304.57,247.27,157.02,450.02,-1,-1,-1,-1
629,10,709.37,155.95,321.75,900.62,-1,-1,-1,-1
630,2,1159.17,45.33,368.73,1014.63,-1,-1,-1,-1
630,3,1314.28,250.26,152.32,436.56,-1,-1,-1,-1
630,10,738.12,188.15,314.94,862.39,-1,-1,-1,-1
631,2,1187.78,40.16,377.40,1025.26,-1,-1,-1,-1
631,10,773.45,164.15,302.60,885.96,-1,-1,-1,-1
632,2,1219.53,36.27,372.51,1037.19,-1,-1,-1,-1
632,10,816.36,101.17,273.52,974.77,-1,-1,-1,-1
633,2,1238.34,55.08,384.89,1009.87,-1,-1,-1,-1
633,10,845.05,85.03,274.84,992.29,-1,-1,-1,-1
634,2,1260.75,63.36,399.78,997.58,-1,-1,-1,-1
634,10,862.11,76.64,301.12,995.60,-1,-1,-1,-1
635,2,1280.27,67.42,421.61,993.77,-1,-1,-1,-1
635,10,901.39,57.95,300.63,1018.65,-1,-1,-1,-1
636,2,1306.35,63.10,446.00,1006.39,-1,-1,-1,-1
636,3,1287.64,237.28,139.26,523.51,-1,-1,-1,-1
636,10,935.12,56.88,303.98,1016.70,-1,-1,-1,-1
637,2,1321.65,100.97,468.16,961.13,-1,-1,-1,-1
637,3,1285.63,245.30,144.76,519.13,-1,-1,-1,-1
637,10,961.52,59.87,303.55,1004.11,-1,-1,-1,-1
638,2,1356.47,82.62,468.14,990.40,-1,-1,-1,-1
638,3,1283.85,235.35,160.47,548.92,-1,-1,-1,-1
638,10,981.61,51.57,307.39,1014.73,-1,-1,-1,-1
639,2,1389.28,63.86,485.99,1014.02,-1,-1,-1,-1
639,3,1283.05,233.13,184.15,553.18,-1,-1,-1,-1
639,10,994.61,75.76,325.16,978.66,-1,-1,-1,-1
640,2,1423.81,45.68,484.61,1035.32,-1,-1,-1,-1
640,3,1286.93,218.35,194.66,585.51,-1,-1,-1,-1
640,10,1023.36,65.64,309.82,1002.85,-1,-1,-1,-1
641,2,1445.54,51.58,476.51,1023.16,-1,-1,-1,-1
641,3,1292.82,207.91,194.23,611.42,-1,-1,-1,-1
641,10,1051.34,60.63,302.69,1014.88,-1,-1,-1,-1
642,2,1463.51,61.42,468.95,1009.56,-1,-1,-1,-1
642,3,1297.34,209.80,195.76,591.46,-1,-1,-1,-1
642,10,1083.18,74.30,314.70,991.56,-1,-1,-1,-1
643,2,1480.50,77.95,458.53,987.06,-1,-1,-1,-1
643,3,1300.38,207.73,197.39,596.40,-1,-1,-1,-1
643,10,1123.21,77.00,330.50,968.45,-1,-1,-1,-1
644,2,1495.19,91.96,444.99,970.21,-1,-1,-1,-1
644,3,1303.42,205.66,199.01,601.34,-1,-1,-1,-1
644,10,1157.76,82.05,330.82,971.18,-1,-1,-1,-1
645,2,1511.82,103.43,427.20,958.75,-1,-1,-1,-1
645,3,1306.46,203.60,200.63,606.28,-1,-1,-1,-1
645,10,1181.52,64.81,336.06,1001.35,-1,-1,-1,-1
646,2,1526.60,99.91,411.35,964.24,-1,-1,-1,-1
646,3,1309.50,201.53,202.26,611.22,-1,-1,-1,-1
646,10,1209.45,61.84,331.60,989.61,-1,-1,-1,-1
647,2,1536.42,97.04,398.95,973.29,-1,-1,-1,-1
647,10,1233.43,73.40,337.67,963.20,-1,-1,-1,-1
648,2,1543.72,87.69,392.01,987.26,-1,-1,-1,-1
648,10,1246.51,74.76,353.75,967.59,-1,-1,-1,-1
649,2,1559.69,95.85,371.94,969.53,-1,-1,-1,-1
649,3,1230.45,235.99,156.68,576.97,-1,-1,-1,-1
649,10,1239.17,89.58,377.65,955.91,-1,-1,-1,-1
650,2,1571.57,101.61,359.52,963.84,-1,-1,-1,-1
650,3,1201.65,223.15,175.16,596.66,-1,-1,-1,-1
650,10,1252.01,80.43,386.59,965.04,-1,-1,-1,-1
651,2,1577.20,101.68,353.77,961.77,-1,-1,-1,-1
651,3,1184.66,219.31,181.64,610.70,-1,-1,-1,-1
651,10,1297.52,70.18,359.85,982.67,-1,-1,-1,-1
652,2,1598.76,113.90,329.25,938.22,-1,-1,-1,-1
652,3,1161.14,216.92,200.60,615.63,-1,-1,-1,-1
652,10,1330.98,55.06,356.02,1016.09,-1,-1,-1,-1
653,2,1619.44,120.38,304.34,922.89,-1,-1,-1,-1
653,3,1112.20,220.83,254.82,614.02,-1,-1,-1,-1
653,10,1358.99,54.29,370.55,1021.63,-1,-1,-1,-1
654,2,1643.26,121.65,277.53,918.09,-1,-1,-1,-1
654,3,1082.95,222.21,277.32,612.36,-1,-1,-1,-1
654,10,1389.40,82.66,359.31,986.76,-1,-1,-1,-1
655,2,1667.01,129.21,249.07,908.31,-1,-1,-1,-1
655,3,1064.95,224.16,279.79,611.42,-1,-1,-1,-1
655,10,1410.07,77.65,371.78,997.01,-1,-1,-1,-1
656,2,1673.34,144.18,242.40,878.56,-1,-1,-1,-1
656,3,1059.17,235.57,244.06,597.36,-1,-1,-1,-1
656,10,1425.82,80.15,401.15,991.13,-1,-1,-1,-1
657,2,1684.89,153.80,237.32,860.31,-1,-1,-1,-1
657,3,1049.44,231.61,207.29,599.35,-1,-1,-1,-1
657,10,1440.06,90.70,435.55,979.93,-1,-1,-1,-1
658,2,1696.45,163.43,232.24,842.07,-1,-1,-1,-1
658,3,1027.45,223.53,185.46,619.06,-1,-1,-1,-1
658,10,1457.86,81.29,450.84,989.48,-1,-1,-1,-1
659,2,1708.00,173.06,227.16,823.83,-1,-1,-1,-1
659,3,1004.61,236.66,189.58,598.79,-1,-1,-1,-1
659,10,1481.16,69.52,440.53,1008.92,-1,-1,-1,-1
660,2,1719.55,182.68,222.09,805.58,-1,-1,-1,-1
660,3,969.87,237.08,212.18,599.27,-1,-1,-1,-1
660,10,1513.03,73.63,419.27,1001.09,-1,-1,-1,-1
661,3,931.26,234.30,245.46,603.66,-1,-1,-1,-1
661,10,1544.41,70.23,386.90,1000.79,-1,-1,-1,-1
662,3,897.50,234.91,274.87,602.67,-1,-1,-1,-1
662,10,1559.91,59.78,372.49,993.22,-1,-1,-1,-1
663,3,882.14,236.87,279.09,598.90,-1,-1,-1,-1
663,10,1573.02,67.97,356.78,976.98,-1,-1,-1,-1
664,3,875.74,231.52,262.74,613.31,-1,-1,-1,-1
664,10,1579.28,70.61,352.12,971.26,-1,-1,-1,-1
665,3,874.33,228.09,238.29,614.44,-1,-1,-1,-1
665,10,1574.13,88.86,360.66,961.76,-1,-1,-1,-1
666,2,1570.76,171.44,165.58,560.23,-1,-1,-1,-1
666,3,871.07,226.23,197.27,613.25,-1,-1,-1,-1
666,10,1577.33,95.09,356.37,948.24,-1,-1,-1,-1