44,1,5.03,262.63,258.96,591.42,-1,-1,-1,-1
45,1,7.00,265.19,260.49,582.16,-1,-1,-1,-1
46,1,10.66,258.64,261.08,588.14,-1,-1,-1,-1
47,1,13.93,254.70,258.14,599.81,-1,-1,-1,-1
48,1,26.34,247.48,242.68,615.81,-1,-1,-1,-1
49,1,33.49,249.12,234.87,613.93,-1,-1,-1,-1
50,1,41.93,251.50,224.27,615.14,-1,-1,-1,-1
51,1,43.39,247.44,225.48,633.94,-1,-1,-1,-1
52,1,42.30,250.72,237.87,636.95,-1,-1,-1,-1
53,1,43.65,251.61,248.94,641.11,-1,-1,-1,-1
54,1,39.00,258.41,262.59,632.87,-1,-1,-1,-1
55,1,34.13,251.74,288.60,642.84,-1,-1,-1,-1
56,1,25.22,244.88,327.71,656.89,-1,-1,-1,-1
57,1,19.99,241.47,354.19,667.03,-1,-1,-1,-1
58,1,25.35,238.14,364.07,677.56,-1,-1,-1,-1
59,1,53.39,238.86,332.62,688.82,-1,-1,-1,-1
60,1,90.52,237.72,282.87,694.51,-1,-1,-1,-1
61,1,111.63,237.62,257.79,695.81,-1,-1,-1,-1
62,1,134.95,237.88,243.22,696.28,-1,-1,-1,-1
63,1,146.49,226.29,254.75,723.36,-1,-1,-1,-1
64,1,140.26,219.70,301.70,738.72,-1,-1,-1,-1
65,1,142.59,212.50,346.01,761.20,-1,-1,-1,-1
66,1,132.19,215.72,391.15,763.22,-1,-1,-1,-1
67,1,130.88,220.95,409.22,767.54,-1,-1,-1,-1
68,1,142.21,219.77,410.23,782.98,-1,-1,-1,-1
69,1,149.37,216.43,406.98,798.65,-1,-1,-1,-1
70,1,170.34,202.91,370.18,826.12,-1,-1,-1,-1
71,1,189.33,192.89,338.00,855.24,-1,-1,-1,-1
72,1,205.31,183.42,309.32,876.90,-1,-1,-1,-1
73,1,214.08,178.72,294.43,890.71,-1,-1,-1,-1
74,1,220.50,183.75,293.68,878.64,-1,-1,-1,-1
75,1,232.22,182.33,290.61,875.46,-1,-1,-1,-1
76,1,241.40,180.75,296.24,879.61,-1,-1,-1,-1
77,1,258.68,179.61,289.70,877.84,-1,-1,-1,-1
78,1,275.41,169.99,277.73,886.22,-1,-1,-1,-1
79,1,281.32,158.68,287.59,905.22,-1,-1,-1,-1
80,1,280.03,160.25,315.31,902.43,-1,-1,-1,-1
81,1,264.27,163.40,371.30,905.21,-1,-1,-1,-1
82,1,244.44,146.91,448.88,926.79,-1,-1,-1,-1
83,1,227.58,149.10,536.53,920.37,-1,-1,-1,-1
84,1,240.10,146.68,538.85,924.31,-1,-1,-1,-1
85,1,252.62,144.26,541.16,928.26,-1,-1,-1,-1
86,1,269.83,142.69,566.17,930.18,-1,-1,-1,-1
87,1,332.92,143.74,483.18,923.47,-1,-1,-1,-1
88,1,396.17,139.52,410.40,926.53,-1,-1,-1,-1
89,1,438.26,129.15,391.23,936.24,-1,-1,-1,-1
90,1,481.54,104.97,389.95,970.85,-1,-1,-1,-1
91,1,505.22,118.90,451.38,956.62,-1,-1,-1,-1
92,1,531.95,115.72,453.37,960.83,-1,-1,-1,-1
93,1,558.68,112.53,455.36,965.05,-1,-1,-1,-1
94,1,585.42,109.35,457.36,969.26,-1,-1,-1,-1
95,1,638.32,141.13,559.58,862.56,-1,-1,-1,-1
96,1,705.74,113.20,498.73,926.30,-1,-1,-1,-1
97,1,750.18,120.05,469.54,936.37,-1,-1,-1,-1
98,1,788.78,111.23,444.65,951.97,-1,-1,-1,-1
99,1,827.29,104.88,437.41,963.31,-1,-1,-1,-1
100,1,852.81,112.86,448.60,959.37,-1,-1,-1,-1
101,1,883.76,124.73,448.02,945.28,-1,-1,-1,-1
102,1,909.60,124.77,444.91,950.59,-1,-1,-1,-1
103,1,935.93,126.02,445.18,947.46,-1,-1,-1,-1
104,1,956.17,125.02,439.38,946.56,-1,-1,-1,-1
105,1,968.02,130.19,447.93,933.75,-1,-1,-1,-1
106,1,1004.92,117.23,424.23,953.26,-1,-1,-1,-1
107,1,1042.50,124.22,400.04,943.66,-1,-1,-1,-1
108,1,1092.33,128.65,361.76,933.09,-1,-1,-1,-1
109,1,1125.20,134.46,341.21,927.52,-1,-1,-1,-1
110,1,1153.75,150.74,328.41,905.82,-1,-1,-1,-1
111,1,1175.17,148.08,315.52,918.56,-1,-1,-1,-1
112,1,1189.73,142.01,309.24,927.44,-1,-1,-1,-1
113,1,1195.02,140.63,316.67,917.70,-1,-1,-1,-1
114,1,1197.11,133.11,319.23,930.09,-1,-1,-1,-1
115,1,1197.63,135.18,331.74,922.07,-1,-1,-1,-1
116,1,1209.46,137.99,325.06,911.49,-1,-1,-1,-1
117,1,1218.78,145.08,335.27,888.86,-1,-1,-1,-1
118,1,1232.44,169.29,334.28,842.45,-1,-1,-1,-1
119,1,1251.83,183.89,324.52,795.51,-1,-1,-1,-1
120,1,1274.54,184.71,303.60,789.89,-1,-1,-1,-1
121,1,1288.36,193.48,279.87,763.67,-1,-1,-1,-1
122,1,1290.12,184.19,258.98,763.52,-1,-1,-1,-1
123,1,1293.97,188.34,242.73,740.72,-1,-1,-1,-1
124,1,1306.87,181.71,215.18,743.26,-1,-1,-1,-1
125,1,1316.32,165.42,199.75,765.73,-1,-1,-1,-1
126,1,1313.44,162.87,215.72,773.50,-1,-1,-1,-1
127,1,1302.61,173.24,253.98,761.80,-1,-1,-1,-1
128,1,1290.30,186.71,299.39,751.90,-1,-1,-1,-1
129,1,1271.44,197.86,341.15,728.66,-1,-1,-1,-1
130,1,1248.56,205.00,375.81,709.17,-1,-1,-1,-1
131,1,1233.20,203.71,388.40,700.50,-1,-1,-1,-1
132,1,1227.45,206.09,372.78,677.95,-1,-1,-1,-1
133,1,1221.72,210.00,357.77,657.22,-1,-1,-1,-1
134,1,1224.31,220.56,313.34,632.49,-1,-1,-1,-1
135,1,1233.61,217.69,253.75,628.37,-1,-1,-1,-1
136,1,1235.24,212.26,221.78,643.24,-1,-1,-1,-1
137,1,1229.61,213.01,214.62,639.77,-1,-1,-1,-1
138,1,1193.08,213.13,233.96,630.22,-1,-1,-1,-1
139,1,1157.91,208.69,244.65,617.18,-1,-1,-1,-1
140,1,1119.76,198.32,258.51,627.46,-1,-1,-1,-1
141,1,1094.77,196.03,270.54,622.57,-1,-1,-1,-1
142,1,1076.42,201.07,278.33,610.23,-1,-1,-1,-1
143,1,1067.17,200.80,278.21,615.82,-1,-1,-1,-1
143,2,8.01,236.63,232.01,599.79,-1,-1,-1,-1
144,1,1063.52,210.19,273.73,603.94,-1,-1,-1,-1
144,2,11.84,244.93,260.33,585.92,-1,-1,-1,-1
145,1,1062.56,223.10,262.83,590.18,-1,-1,-1,-1
145,2,14.62,246.30,285.07,582.20,-1,-1,-1,-1
146,1,1062.72,223.48,251.03,592.62,-1,-1,-1,-1
146,2,16.81,255.45,293.10,570.05,-1,-1,-1,-1
147,1,1058.44,227.43,248.50,587.31,-1,-1,-1,-1
147,2,20.99,249.34,301.16,580.52,-1,-1,-1,-1
148,1,1056.09,223.71,217.14,591.05,-1,-1,-1,-1
148,2,29.07,246.94,302.84,582.98,-1,-1,-1,-1
149,1,1049.56,226.61,196.68,586.25,-1,-1,-1,-1
149,2,35.47,249.17,299.21,575.72,-1,-1,-1,-1
150,1,1033.52,229.53,172.72,577.00,-1,-1,-1,-1
150,2,46.68,236.92,282.54,597.09,-1,-1,-1,-1
151,1,1012.46,230.79,162.28,574.06,-1,-1,-1,-1
151,2,57.48,226.45,270.13,617.00,-1,-1,-1,-1
152,1,976.53,229.20,188.96,570.07,-1,-1,-1,-1
152,2,69.27,219.54,261.20,634.21,-1,-1,-1,-1
153,1,938.89,231.25,219.93,580.64,-1,-1,-1,-1
153,2,81.30,216.15,249.87,648.32,-1,-1,-1,-1
154,1,917.94,238.95,235.78,570.95,-1,-1,-1,-1
154,2,91.85,220.55,241.29,651.37,-1,-1,-1,-1
155,1,903.14,238.70,243.72,567.55,-1,-1,-1,-1
155,2,96.07,219.14,243.12,658.64,-1,-1,-1,-1
156,1,880.92,235.18,248.33,574.88,-1,-1,-1,-1
156,2,95.99,215.68,252.29,667.19,-1,-1,-1,-1
157,1,848.56,227.42,263.91,591.57,-1,-1,-1,-1
157,2,95.72,215.84,255.35,667.73,-1,-1,-1,-1
158,1,815.22,224.50,274.00,607.32,-1,-1,-1,-1
158,2,93.61,209.43,259.76,678.74,-1,-1,-1,-1
159,1,787.02,222.88,274.80,608.53,-1,-1,-1,-1
159,2,91.42,208.54,268.31,683.86,-1,-1,-1,-1
160,1,767.47,221.60,267.69,616.95,-1,-1,-1,-1
160,2,90.25,203.90,269.36,692.58,-1,-1,-1,-1
161,1,756.65,220.60,254.33,625.93,-1,-1,-1,-1
161,2,91.43,200.38,280.77,703.20,-1,-1,-1,-1
162,1,738.07,220.19,269.62,633.58,-1,-1,-1,-1
162,2,96.08,196.64,279.23,720.25,-1,-1,-1,-1
163,1,723.46,223.24,282.95,636.83,-1,-1,-1,-1
163,2,99.75,197.97,273.17,726.47,-1,-1,-1,-1
164,1,713.45,225.49,272.10,644.74,-1,-1,-1,-1
164,2,99.29,201.37,278.42,727.48,-1,-1,-1,-1
165,1,689.88,214.95,274.15,668.97,-1,-1,-1,-1
165,2,93.96,195.53,284.48,736.96,-1,-1,-1,-1
166,1,662.28,215.04,278.04,665.01,-1,-1,-1,-1
166,2,83.57,183.61,308.00,755.04,-1,-1,-1,-1
167,1,632.78,211.26,270.80,677.16,-1,-1,-1,-1
167,2,86.70,180.83,309.86,757.04,-1,-1,-1,-1
168,1,607.44,204.90,269.15,682.53,-1,-1,-1,-1
168,2,89.47,179.81,319.26,760.24,-1,-1,-1,-1
169,1,592.98,203.21,268.16,684.44,-1,-1,-1,-1
169,2,90.85,177.00,325.46,764.26,-1,-1,-1,-1
170,1,584.30,210.28,264.28,666.70,-1,-1,-1,-1
170,2,87.00,172.84,338.58,775.52,-1,-1,-1,-1
171,1,574.10,215.37,265.21,663.80,-1,-1,-1,-1
171,2,82.21,166.50,355.08,793.73,-1,-1,-1,-1
172,1,567.98,220.84,263.82,660.23,-1,-1,-1,-1
172,2,91.67,164.49,359.07,802.88,-1,-1,-1,-1
173,1,560.70,221.94,262.80,665.92,-1,-1,-1,-1
173,2,106.67,171.46,368.24,798.55,-1,-1,-1,-1
174,1,552.44,218.93,263.29,678.10,-1,-1,-1,-1
174,2,126.71,173.71,361.74,796.06,-1,-1,-1,-1
175,1,540.55,222.35,256.31,677.70,-1,-1,-1,-1
175,2,136.77,173.40,375.94,793.18,-1,-1,-1,-1
176,1,528.23,219.53,243.97,677.96,-1,-1,-1,-1
176,2,150.75,160.03,368.49,816.85,-1,-1,-1,-1
177,1,519.90,215.79,230.05,685.25,-1,-1,-1,-1
177,2,145.36,154.87,398.39,821.38,-1,-1,-1,-1
178,1,507.87,210.00,217.45,693.62,-1,-1,-1,-1
178,2,158.52,155.15,403.35,827.06,-1,-1,-1,-1
179,1,494.79,212.55,215.97,702.76,-1,-1,-1,-1
179,2,185.51,156.11,359.68,841.44,-1,-1,-1,-1
180,1,480.72,215.85,219.13,695.97,-1,-1,-1,-1
180,2,202.06,161.44,338.42,857.59,-1,-1,-1,-1
181,1,471.68,222.06,219.99,681.87,-1,-1,-1,-1
181,2,229.09,158.81,302.08,879.58,-1,-1,-1,-1
182,1,456.70,225.50,228.82,674.03,-1,-1,-1,-1
182,2,257.29,161.05,288.00,894.94,-1,-1,-1,-1
183,1,451.29,212.84,222.99,694.08,-1,-1,-1,-1
183,2,268.03,166.66,302.63,891.45,-1,-1,-1,-1
184,1,437.84,210.76,224.55,698.99,-1,-1,-1,-1
184,2,280.45,153.37,345.92,905.66,-1,-1,-1,-1
185,1,424.40,208.67,226.11,703.90,-1,-1,-1,-1
185,2,293.79,149.87,350.07,905.03,-1,-1,-1,-1
186,1,410.95,206.58,227.66,708.81,-1,-1,-1,-1
186,2,311.66,143.57,341.55,913.06,-1,-1,-1,-1
187,1,397.51,204.49,229.22,713.72,-1,-1,-1,-1
187,2,334.47,131.64,337.74,935.81,-1,-1,-1,-1
188,2,351.26,145.16,327.40,923.94,-1,-1,-1,-1
189,2,349.84,135.34,342.64,943.26,-1,-1,-1,-1
190,2,327.36,135.06,388.03,942.69,-1,-1,-1,-1
191,1,239.67,233.00,312.19,700.48,-1,-1,-1,-1
191,2,342.72,152.71,382.01,911.47,-1,-1,-1,-1
192,1,209.35,229.89,326.03,715.32,-1,-1,-1,-1
192,2,438.61,125.27,309.21,933.65,-1,-1,-1,-1
193,1,205.43,227.36,325.95,731.18,-1,-1,-1,-1
193,2,477.06,98.53,334.19,976.44,-1,-1,-1,-1
194,1,210.06,216.15,322.99,766.41,-1,-1,-1,-1
194,2,518.95,70.00,349.77,1014.47,-1,-1,-1,-1
195,1,210.35,220.97,319.69,770.75,-1,-1,-1,-1
195,2,557.88,70.16,368.87,1013.09,-1,-1,-1,-1
196,1,198.86,225.07,328.47,770.59,-1,-1,-1,-1
196,2,588.53,85.03,378.11,987.79,-1,-1,-1,-1
197,1,170.14,222.88,356.82,777.23,-1,-1,-1,-1
197,2,631.73,97.96,371.43,957.28,-1,-1,-1,-1
198,1,135.59,216.02,385.24,790.00,-1,-1,-1,-1
198,2,671.44,86.46,380.87,972.21,-1,-1,-1,-1
199,1,106.27,211.50,389.90,801.06,-1,-1,-1,-1
199,2,690.71,84.19,424.19,971.99,-1,-1,-1,-1
200,1,89.53,205.65,374.60,822.23,-1,-1,-1,-1
200,2,712.72,72.57,456.87,981.97,-1,-1,-1,-1
201,1,74.14,203.01,361.26,843.16,-1,-1,-1,-1
201,2,744.12,66.46,475.71,995.17,-1,-1,-1,-1
202,1,53.42,203.15,369.96,850.36,-1,-1,-1,-1
202,2,793.10,64.84,469.76,1003.92,-1,-1,-1,-1
203,1,34.26,205.26,382.69,854.34,-1,-1,-1,-1
203,2,842.06,77.13,479.17,989.77,-1,-1,-1,-1
204,1,26.92,201.94,387.03,868.23,-1,-1,-1,-1
204,2,906.78,69.48,466.88,1005.60,-1,-1,-1,-1
205,1,11.42,196.83,402.28,876.11,-1,-1,-1,-1
205,2,977.37,70.46,456.86,1007.71,-1,-1,-1,-1
206,1,8.25,191.52,401.55,888.54,-1,-1,-1,-1
206,2,1011.44,80.40,483.16,976.72,-1,-1,-1,-1
207,1,-0.44,185.70,413.67,895.78,-1,-1,-1,-1
207,2,1043.58,65.84,494.94,990.34,-1,-1,-1,-1
208,1,12.89,192.18,394.58,879.10,-1,-1,-1,-1
208,2,1077.39,62.07,495.02,996.70,-1,-1,-1,-1
209,1,38.26,201.89,368.83,861.10,-1,-1,-1,-1
209,2,1107.17,64.83,499.56,997.68,-1,-1,-1,-1
210,1,75.98,195.38,332.74,878.22,-1,-1,-1,-1
210,2,1151.66,82.13,485.84,987.06,-1,-1,-1,-1
211,1,123.85,206.61,288.53,866.54,-1,-1,-1,-1
211,2,1202.68,96.55,457.64,976.57,-1,-1,-1,-1
212,1,136.04,212.92,298.56,856.41,-1,-1,-1,-1
212,2,1245.52,105.54,443.83,970.30,-1,-1,-1,-1
213,1,122.11,207.21,338.88,863.22,-1,-1,-1,-1
213,2,1275.27,107.77,433.61,962.60,-1,-1,-1,-1
214,1,115.77,203.34,364.20,870.55,-1,-1,-1,-1
214,2,1305.89,105.34,414.72,966.96,-1,-1,-1,-1
215,1,105.75,203.70,400.93,862.39,-1,-1,-1,-1
215,2,1324.58,98.12,407.68,973.38,-1,-1,-1,-1
216,1,117.61,194.60,419.14,872.01,-1,-1,-1,-1
216,2,1346.12,98.78,382.59,966.03,-1,-1,-1,-1
217,1,106.59,181.21,475.61,892.97,-1,-1,-1,-1
217,2,1367.81,103.26,351.83,967.59,-1,-1,-1,-1
218,1,115.14,169.18,511.67,907.13,-1,-1,-1,-1
218,2,1388.46,115.02,329.94,946.61,-1,-1,-1,-1
218,4,2.20,258.18,151.72,579.73,-1,-1,-1,-1
219,1,144.90,162.01,521.13,915.85,-1,-1,-1,-1
219,2,1402.74,134.22,313.15,895.15,-1,-1,-1,-1
219,4,3.36,251.66,156.98,594.37,-1,-1,-1,-1
220,1,178.47,166.61,518.23,904.16,-1,-1,-1,-1
220,2,1407.36,143.66,309.29,864.74,-1,-1,-1,-1
220,4,1.91,245.70,172.81,600.76,-1,-1,-1,-1
221,1,222.84,155.03,490.17,921.93,-1,-1,-1,-1
221,2,1416.94,152.79,293.34,819.83,-1,-1,-1,-1
221,4,3.27,242.17,196.52,605.89,-1,-1,-1,-1
222,1,265.33,151.71,466.81,924.61,-1,-1,-1,-1
222,2,1425.06,149.59,275.28,807.60,-1,-1,-1,-1
222,4,5.05,241.60,227.93,611.46,-1,-1,-1,-1
223,1,305.24,147.42,446.78,931.44,-1,-1,-1,-1
223,2,1426.04,144.33,269.33,798.78,-1,-1,-1,-1
223,4,6.37,241.43,262.25,617.86,-1,-1,-1,-1
224,1,336.59,149.07,437.65,929.20,-1,-1,-1,-1
224,2,1433.16,140.60,258.68,794.46,-1,-1,-1,-1
224,4,13.28,247.06,277.38,610.90,-1,-1,-1,-1
225,1,355.70,138.31,449.54,940.06,-1,-1,-1,-1
225,2,1441.38,140.40,250.93,789.75,-1,-1,-1,-1
225,4,19.65,242.33,274.82,618.80,-1,-1,-1,-1
226,1,373.87,129.93,465.96,950.46,-1,-1,-1,-1
226,2,1441.05,147.00,251.53,775.49,-1,-1,-1,-1
226,4,27.77,242.80,263.20,616.37,-1,-1,-1,-1
227,1,388.84,121.25,476.92,956.12,-1,-1,-1,-1
227,2,1446.41,161.10,248.28,744.52,-1,-1,-1,-1
227,4,33.68,240.48,259.06,619.13,-1,-1,-1,-1
228,1,402.24,122.45,506.26,955.57,-1,-1,-1,-1
228,2,1448.81,172.59,246.69,726.78,-1,-1,-1,-1
228,4,41.52,237.02,256.59,625.00,-1,-1,-1,-1
229,1,410.74,122.62,535.68,955.73,-1,-1,-1,-1
229,2,1453.81,171.85,242.99,723.91,-1,-1,-1,-1
229,4,47.98,239.52,254.57,616.15,-1,-1,-1,-1
230,1,424.68,122.65,547.42,955.89,-1,-1,-1,-1
230,2,1453.58,174.52,242.35,713.34,-1,-1,-1,-1
230,4,52.60,238.77,255.33,615.98,-1,-1,-1,-1
231,1,447.44,120.46,548.26,957.28,-1,-1,-1,-1
231,2,1455.51,172.75,236.55,710.83,-1,-1,-1,-1
231,4,55.77,235.17,265.04,624.45,-1,-1,-1,-1
232,1,470.19,118.27,549.09,958.68,-1,-1,-1,-1
232,2,1456.99,170.20,233.82,713.83,-1,-1,-1,-1
232,4,61.49,234.10,268.41,634.34,-1,-1,-1,-1
233,1,526.64,130.80,532.39,939.93,-1,-1,-1,-1
233,2,1451.96,167.89,241.49,716.35,-1,-1,-1,-1
233,4,65.45,231.03,270.70,654.30,-1,-1,-1,-1
234,1,582.50,126.21,499.13,947.23,-1,-1,-1,-1
234,2,1450.26,167.83,232.84,710.12,-1,-1,-1,-1
234,4,71.23,230.92,272.09,664.95,-1,-1,-1,-1
235,1,657.64,127.72,439.97,941.15,-1,-1,-1,-1
235,2,1445.02,171.82,231.83,701.76,-1,-1,-1,-1
235,4,72.98,231.70,273.41,677.77,-1,-1,-1,-1
236,1,740.94,122.64,371.77,937.01,-1,-1,-1,-1
236,2,1435.68,177.32,231.75,688.64,-1,-1,-1,-1
236,4,74.14,229.77,271.96,689.07,-1,-1,-1,-1
237,1,814.94,122.48,314.76,924.20,-1,-1,-1,-1
237,2,1425.56,191.69,220.09,658.17,-1,-1,-1,-1
237,4,76.31,228.01,269.40,693.92,-1,-1,-1,-1
238,1,855.82,126.19,317.49,918.11,-1,-1,-1,-1
238,2,1405.83,188.04,215.59,653.40,-1,-1,-1,-1
238,4,78.33,224.34,268.71,701.66,-1,-1,-1,-1
239,1,897.94,111.98,312.41,952.96,-1,-1,-1,-1
239,2,1380.22,190.18,227.24,642.43,-1,-1,-1,-1
239,4,80.00,223.48,268.35,699.67,-1,-1,-1,-1
240,1,927.52,110.57,337.42,963.61,-1,-1,-1,-1
240,2,1350.78,191.03,245.41,637.65,-1,-1,-1,-1
240,4,87.20,218.21,274.03,704.48,-1,-1,-1,-1
241,1,962.89,102.57,344.08,977.35,-1,-1,-1,-1
241,2,1325.11,203.20,267.62,620.67,-1,-1,-1,-1
241,4,89.39,212.53,277.19,713.12,-1,-1,-1,-1
242,1,1006.38,109.80,319.45,970.26,-1,-1,-1,-1
242,2,1290.92,199.63,297.38,625.26,-1,-1,-1,-1
242,4,95.64,206.57,265.18,726.52,-1,-1,-1,-1
243,1,1043.04,118.63,320.49,960.49,-1,-1,-1,-1
243,2,1275.66,206.67,280.21,612.00,-1,-1,-1,-1
243,4,101.77,206.24,260.82,736.86,-1,-1,-1,-1
244,1,1066.53,115.12,321.72,965.19,-1,-1,-1,-1
244,2,1263.52,206.82,236.96,596.31,-1,-1,-1,-1
244,4,108.67,198.08,260.95,763.75,-1,-1,-1,-1
245,1,1101.17,113.61,307.86,967.10,-1,-1,-1,-1
245,2,1248.58,210.47,232.36,584.73,-1,-1,-1,-1
245,4,111.38,203.36,267.93,765.41,-1,-1,-1,-1
246,1,1131.13,121.16,292.09,952.53,-1,-1,-1,-1
246,2,1233.64,214.12,227.77,573.15,-1,-1,-1,-1
246,4,106.25,202.42,280.62,774.13,-1,-1,-1,-1
247,1,1144.45,120.63,307.44,949.95,-1,-1,-1,-1
247,2,1218.70,217.76,223.18,561.57,-1,-1,-1,-1
247,4,95.01,198.86,298.09,785.31,-1,-1,-1,-1
248,1,1145.29,136.22,370.22,930.63,-1,-1,-1,-1
248,2,1203.77,221.41,218.58,549.99,-1,-1,-1,-1
248,4,82.84,196.36,327.11,784.04,-1,-1,-1,-1
249,1,1147.26,136.49,408.98,933.40,-1,-1,-1,-1
249,4,82.31,195.96,345.81,784.34,-1,-1,-1,-1
250,1,1149.82,148.46,416.69,920.88,-1,-1,-1,-1
250,2,1125.65,207.74,169.00,563.52,-1,-1,-1,-1
250,4,81.15,185.46,366.69,801.14,-1,-1,-1,-1
251,1,1241.99,161.28,304.11,823.48,-1,-1,-1,-1
251,2,1101.90,207.66,179.33,560.72,-1,-1,-1,-1
251,4,85.06,175.38,371.60,815.68,-1,-1,-1,-1
252,1,1239.96,149.37,347.04,884.68,-1,-1,-1,-1
252,2,1091.39,208.68,161.03,552.90,-1,-1,-1,-1
252,4,104.88,173.19,366.26,821.62,-1,-1,-1,-1
253,1,1275.68,149.75,338.44,902.96,-1,-1,-1,-1
253,2,1072.89,205.37,151.84,543.55,-1,-1,-1,-1
253,4,128.20,169.74,362.61,852.82,-1,-1,-1,-1
254,1,1297.94,142.82,350.22,920.87,-1,-1,-1,-1
254,2,1038.72,198.51,178.33,556.63,-1,-1,-1,-1
254,4,149.87,157.51,351.21,893.38,-1,-1,-1,-1
255,1,1280.62,145.86,477.04,928.83,-1,-1,-1,-1
255,2,995.44,209.81,217.24,554.22,-1,-1,-1,-1
255,4,176.05,160.48,318.09,900.73,-1,-1,-1,-1
256,1,1307.87,142.77,482.44,939.29,-1,-1,-1,-1
256,2,968.07,209.04,217.06,565.04,-1,-1,-1,-1
256,4,185.90,161.73,323.92,901.79,-1,-1,-1,-1
257,1,1308.20,173.61,550.47,865.79,-1,-1,-1,-1
257,2,943.67,211.94,203.31,560.32,-1,-1,-1,-1
257,4,176.02,154.92,346.91,909.67,-1,-1,-1,-1
258,1,1353.76,177.13,502.14,856.01,-1,-1,-1,-1
258,2,914.29,208.11,191.22,572.99,-1,-1,-1,-1
258,4,171.51,149.86,372.54,915.17,-1,-1,-1,-1
259,1,1393.26,181.95,432.92,834.01,-1,-1,-1,-1
259,2,882.31,205.26,193.77,582.45,-1,-1,-1,-1
259,4,165.61,147.52,399.14,921.16,-1,-1,-1,-1
260,1,1421.31,175.49,362.00,836.37,-1,-1,-1,-1
260,2,852.46,208.43,208.15,569.70,-1,-1,-1,-1
260,4,162.02,153.63,415.62,912.43,-1,-1,-1,-1
261,1,1436.62,172.49,308.68,823.84,-1,-1,-1,-1
261,2,828.76,208.69,219.96,562.72,-1,-1,-1,-1
261,4,172.54,155.65,410.34,912.32,-1,-1,-1,-1
262,1,1443.49,178.73,264.87,804.72,-1,-1,-1,-1
262,2,801.04,220.16,236.34,545.99,-1,-1,-1,-1
262,4,186.05,157.95,402.14,909.59,-1,-1,-1,-1
263,1,1440.18,185.62,239.71,791.70,-1,-1,-1,-1
263,2,789.49,225.28,236.66,542.62,-1,-1,-1,-1
263,4,200.07,158.74,394.25,903.60,-1,-1,-1,-1
263,6,2.67,228.28,142.53,579.44,-1,-1,-1,-1
264,1,1428.67,188.58,234.00,776.28,-1,-1,-1,-1
264,2,777.01,228.21,235.08,546.18,-1,-1,-1,-1
264,4,215.95,150.29,385.35,921.91,-1,-1,-1,-1
264,6,2.27,230.41,150.11,575.42,-1,-1,-1,-1
265,1,1419.88,188.33,228.61,758.25,-1,-1,-1,-1
265,2,767.84,229.53,223.08,547.90,-1,-1,-1,-1
265,4,231.29,144.48,374.55,931.36,-1,-1,-1,-1
265,6,2.77,233.99,152.80,570.38,-1,-1,-1,-1
266,1,1405.72,192.90,231.18,745.86,-1,-1,-1,-1
266,2,753.90,233.92,193.70,535.29,-1,-1,-1,-1
266,4,251.79,132.98,360.29,947.11,-1,-1,-1,-1
266,6,2.36,226.28,157.40,584.29,-1,-1,-1,-1
267,1,1392.14,202.72,230.03,711.22,-1,-1,-1,-1
267,2,727.47,232.09,188.92,532.26,-1,-1,-1,-1
267,4,265.50,124.38,362.51,958.66,-1,-1,-1,-1
267,6,2.41,224.07,179.55,591.34,-1,-1,-1,-1
268,1,1386.48,193.19,218.94,699.78,-1,-1,-1,-1
268,2,704.73,228.24,186.25,534.01,-1,-1,-1,-1
268,4,277.91,118.55,369.67,958.60,-1,-1,-1,-1
268,6,3.35,222.61,196.73,593.44,-1,-1,-1,-1
269,1,1377.53,186.56,208.94,687.44,-1,-1,-1,-1
269,2,674.15,225.03,197.89,544.52,-1,-1,-1,-1
269,4,287.47,105.65,377.46,975.44,-1,-1,-1,-1
269,6,6.08,224.44,202.10,588.13,-1,-1,-1,-1
270,1,1360.97,183.02,208.26,691.27,-1,-1,-1,-1
270,2,650.29,222.02,212.17,563.13,-1,-1,-1,-1
270,4,286.01,109.44,400.07,960.50,-1,-1,-1,-1
270,6,7.87,228.06,208.29,583.73,-1,-1,-1,-1
271,1,1334.92,181.40,222.38,690.98,-1,-1,-1,-1
271,2,628.46,222.34,221.18,572.58,-1,-1,-1,-1
271,4,284.58,103.28,429.45,968.55,-1,-1,-1,-1
271,6,9.14,229.00,210.85,581.95,-1,-1,-1,-1
272,1,1296.77,195.04,251.72,664.56,-1,-1,-1,-1
272,2,619.11,231.65,201.75,558.42,-1,-1,-1,-1
272,4,280.50,100.81,481.85,975.30,-1,-1,-1,-1
272,6,9.35,229.12,203.87,578.49,-1,-1,-1,-1
273,1,1260.63,196.52,281.31,660.29,-1,-1,-1,-1
273,2,598.06,233.46,201.68,558.20,-1,-1,-1,-1
273,4,294.71,103.60,488.37,958.25,-1,-1,-1,-1
273,6,10.61,232.70,207.68,570.73,-1,-1,-1,-1
274,1,1240.22,198.82,299.05,660.77,-1,-1,-1,-1
274,2,577.00,235.26,201.61,557.99,-1,-1,-1,-1
274,4,323.62,102.19,487.36,961.63,-1,-1,-1,-1
274,6,11.68,225.23,212.15,587.48,-1,-1,-1,-1
275,1,1227.90,202.25,304.78,655.40,-1,-1,-1,-1
275,2,555.94,237.06,201.53,557.77,-1,-1,-1,-1
275,4,367.43,80.43,479.55,991.87,-1,-1,-1,-1
275,6,9.40,221.51,221.98,589.33,-1,-1,-1,-1
276,1,1217.52,204.86,292.90,648.82,-1,-1,-1,-1
276,2,534.88,238.87,201.46,557.56,-1,-1,-1,-1
276,4,430.01,83.46,430.62,982.30,-1,-1,-1,-1
276,6,13.32,219.72,215.73,592.15,-1,-1,-1,-1
277,1,1210.85,204.64,272.08,648.08,-1,-1,-1,-1
277,4,447.76,126.37,415.81,932.83,-1,-1,-1,-1
277,6,12.15,219.33,218.95,600.47,-1,-1,-1,-1
278,1,1193.09,203.27,250.38,646.19,-1,-1,-1,-1
278,4,425.54,83.46,478.43,992.77,-1,-1,-1,-1
278,6,11.75,220.42,221.80,597.94,-1,-1,-1,-1
279,1,1146.26,197.50,261.50,651.38,-1,-1,-1,-1
279,2,383.85,208.94,270.19,662.29,-1,-1,-1,-1
279,4,459.67,60.29,474.84,1016.50,-1,-1,-1,-1
279,6,12.37,219.81,225.01,597.22,-1,-1,-1,-1
280,1,1091.50,197.76,286.89,653.61,-1,-1,-1,-1
280,2,362.92,221.72,269.65,647.95,-1,-1,-1,-1
280,4,551.95,42.50,421.63,1039.90,-1,-1,-1,-1
280,6,17.71,219.50,219.41,597.70,-1,-1,-1,-1
281,1,1044.16,205.20,308.71,641.81,-1,-1,-1,-1
281,2,347.94,222.80,253.90,650.65,-1,-1,-1,-1
281,4,614.06,28.68,441.50,1055.61,-1,-1,-1,-1
281,6,21.86,220.96,212.84,588.90,-1,-1,-1,-1
282,1,1013.73,215.46,324.16,629.66,-1,-1,-1,-1
282,2,319.63,218.29,263.04,656.83,-1,-1,-1,-1
282,4,679.35,106.93,428.82,957.13,-1,-1,-1,-1
282,6,22.92,224.70,208.55,575.50,-1,-1,-1,-1
283,1,1030.31,221.05,284.51,622.03,-1,-1,-1,-1
283,2,287.29,207.52,284.52,666.32,-1,-1,-1,-1
283,4,746.91,78.91,414.92,993.57,-1,-1,-1,-1
283,6,23.76,226.91,208.32,576.25,-1,-1,-1,-1
284,1,1055.47,232.98,223.55,602.38,-1,-1,-1,-1
284,2,256.82,191.39,306.42,683.34,-1,-1,-1,-1
284,4,792.36,66.99,444.37,997.48,-1,-1,-1,-1
284,6,20.07,222.40,224.21,576.72,-1,-1,-1,-1
285,1,1038.79,239.66,218.82,589.66,-1,-1,-1,-1
285,2,241.75,187.91,298.32,684.02,-1,-1,-1,-1
285,4,835.53,57.35,427.85,1000.54,-1,-1,-1,-1
285,6,23.97,221.58,227.75,580.61,-1,-1,-1,-1
286,1,1022.11,246.34,214.08,576.93,-1,-1,-1,-1
286,2,233.10,186.02,286.75,689.06,-1,-1,-1,-1
286,4,862.88,57.98,432.94,1000.55,-1,-1,-1,-1
286,6,27.86,218.19,238.90,601.20,-1,-1,-1,-1
287,1,1005.43,253.02,209.35,564.21,-1,-1,-1,-1
287,2,226.24,189.52,273.15,704.29,-1,-1,-1,-1
287,4,878.35,54.15,438.32,1010.67,-1,-1,-1,-1
287,6,30.93,218.56,241.28,609.95,-1,-1,-1,-1
288,1,988.75,259.70,204.62,551.48,-1,-1,-1,-1
288,2,217.12,190.35,278.51,730.07,-1,-1,-1,-1
288,4,900.65,51.02,445.61,1020.09,-1,-1,-1,-1
288,6,29.65,225.27,239.46,606.63,-1,-1,-1,-1
289,2,209.37,182.98,285.23,773.32,-1,-1,-1,-1
289,4,918.18,52.81,452.63,1005.95,-1,-1,-1,-1
289,6,24.48,232.60,242.21,602.68,-1,-1,-1,-1
290,2,188.61,178.35,296.27,793.73,-1,-1,-1,-1
290,4,920.16,55.88,487.42,1006.87,-1,-1,-1,-1
290,6,19.39,240.30,240.72,606.80,-1,-1,-1,-1
291,2,180.84,176.41,303.97,793.58,-1,-1,-1,-1
291,4,951.61,55.10,487.07,1006.11,-1,-1,-1,-1
291,6,22.02,230.98,233.35,630.65,-1,-1,-1,-1
292,1,880.43,238.70,260.26,595.70,-1,-1,-1,-1
292,2,167.27,173.01,318.77,799.63,-1,-1,-1,-1
292,4,979.16,78.99,467.34,981.64,-1,-1,-1,-1
292,6,23.33,224.22,236.91,646.16,-1,-1,-1,-1
293,1,879.06,229.84,240.62,605.11,-1,-1,-1,-1
293,2,141.80,168.58,349.26,799.19,-1,-1,-1,-1
293,4,1047.99,66.11,422.69,1004.59,-1,-1,-1,-1
293,6,24.89,219.22,229.96,654.20,-1,-1,-1,-1
294,1,872.31,229.63,205.39,607.73,-1,-1,-1,-1
294,2,107.56,161.97,400.53,820.58,-1,-1,-1,-1
294,4,1115.34,71.37,366.69,996.32,-1,-1,-1,-1
294,6,27.09,205.46,242.22,718.31,-1,-1,-1,-1
295,1,854.07,234.03,195.54,594.54,-1,-1,-1,-1
295,2,81.05,157.30,432.20,852.42,-1,-1,-1,-1
295,4,1184.15,78.17,331.35,977.75,-1,-1,-1,-1
295,6,30.94,210.83,212.30,675.21,-1,-1,-1,-1
296,1,813.38,227.56,220.74,602.86,-1,-1,-1,-1
296,2,70.35,157.91,438.49,861.06,-1,-1,-1,-1
296,4,1219.95,83.64,331.41,974.88,-1,-1,-1,-1
296,6,27.15,221.56,199.95,592.62,-1,-1,-1,-1
297,1,754.41,230.63,272.93,610.07,-1,-1,-1,-1
297,2,47.18,159.48,458.14,879.09,-1,-1,-1,-1
297,4,1246.75,85.19,346.40,984.91,-1,-1,-1,-1
297,6,31.65,232.11,180.08,498.63,-1,-1,-1,-1
298,1,702.57,228.19,319.53,624.36,-1,-1,-1,-1
298,2,45.49,161.83,456.52,880.17,-1,-1,-1,-1
298,4,1261.96,91.98,394.69,976.74,-1,-1,-1,-1
298,6,28.92,212.24,186.23,552.93,-1,-1,-1,-1
299,1,666.26,229.08,349.46,635.78,-1,-1,-1,-1
299,2,61.44,150.01,438.80,908.19,-1,-1,-1,-1
299,4,1271.07,96.35,443.61,976.86,-1,-1,-1,-1
299,6,27.89,206.01,190.41,577.11,-1,-1,-1,-1
300,1,645.77,233.28,356.36,635.45,-1,-1,-1,-1
300,2,41.31,139.91,460.08,928.47,-1,-1,-1,-1
300,4,1297.76,88.67,450.74,990.64,-1,-1,-1,-1
300,6,25.62,199.47,192.63,583.79,-1,-1,-1,-1
301,1,645.99,229.92,321.54,640.96,-1,-1,-1,-1
301,2,33.32,136.00,473.29,933.15,-1,-1,-1,-1
301,4,1324.36,99.78,442.94,979.78,-1,-1,-1,-1
301,6,38.77,197.75,185.85,620.69,-1,-1,-1,-1
302,1,654.37,225.30,279.67,645.97,-1,-1,-1,-1
302,2,45.32,145.94,457.78,921.56,-1,-1,-1,-1
302,4,1362.75,105.86,406.15,973.62,-1,-1,-1,-1
302,6,33.96,200.66,223.72,647.64,-1,-1,-1,-1
303,1,664.44,219.02,235.56,653.37,-1,-1,-1,-1
303,2,53.75,146.53,451.77,918.75,-1,-1,-1,-1
303,4,1402.96,107.09,358.15,968.95,-1,-1,-1,-1
303,6,42.00,196.46,225.52,666.71,-1,-1,-1,-1
304,1,662.29,218.21,206.18,657.25,-1,-1,-1,-1
304,2,59.70,149.34,455.10,910.70,-1,-1,-1,-1
304,4,1444.94,95.74,310.62,984.93,-1,-1,-1,-1
304,6,43.63,195.58,228.68,674.92,-1,-1,-1,-1
305,1,640.54,213.70,209.64,678.84,-1,-1,-1,-1
305,2,87.12,142.03,461.05,925.76,-1,-1,-1,-1
305,4,1465.37,101.77,304.85,978.28,-1,-1,-1,-1
305,6,47.50,182.23,233.27,708.63,-1,-1,-1,-1
306,1,590.00,222.55,257.26,679.45,-1,-1,-1,-1
306,2,124.63,136.48,442.29,920.54,-1,-1,-1,-1
306,4,1474.78,90.23,319.17,992.41,-1,-1,-1,-1
306,6,48.61,163.93,251.75,770.80,-1,-1,-1,-1
307,1,557.77,221.34,287.22,694.57,-1,-1,-1,-1
307,2,98.37,125.12,497.41,920.88,-1,-1,-1,-1
307,4,1480.35,95.70,337.35,977.61,-1,-1,-1,-1
307,6,43.45,151.93,298.51,814.09,-1,-1,-1,-1
308,1,555.60,231.83,282.56,678.86,-1,-1,-1,-1
308,2,113.91,106.15,499.58,927.23,-1,-1,-1,-1
308,4,1477.40,112.45,365.47,945.76,-1,-1,-1,-1
308,6,37.41,143.54,326.47,848.14,-1,-1,-1,-1
309,1,554.14,242.23,276.71,663.56,-1,-1,-1,-1
309,2,202.35,101.00,445.26,940.35,-1,-1,-1,-1
309,4,1472.82,122.27,397.82,932.76,-1,-1,-1,-1
309,6,37.75,139.59,324.71,878.69,-1,-1,-1,-1
310,1,539.82,248.56,273.94,656.94,-1,-1,-1,-1
310,2,258.67,80.82,494.87,976.48,-1,-1,-1,-1
310,4,1471.38,123.81,411.27,927.22,-1,-1,-1,-1
310,6,34.47,146.49,342.85,893.54,-1,-1,-1,-1
311,1,525.51,254.88,271.18,650.32,-1,-1,-1,-1
311,2,311.99,58.04,469.15,1014.99,-1,-1,-1,-1
311,4,1475.71,132.85,411.48,920.10,-1,-1,-1,-1
311,6,24.88,161.73,368.35,882.48,-1,-1,-1,-1
312,1,511.19,261.21,268.42,643.70,-1,-1,-1,-1
312,2,354.09,65.64,458.11,998.11,-1,-1,-1,-1
312,4,1485.01,133.26,395.10,913.77,-1,-1,-1,-1
312,6,17.00,170.17,397.09,881.37,-1,-1,-1,-1
313,1,496.88,267.53,265.65,637.08,-1,-1,-1,-1
313,2,414.61,47.61,408.04,1023.68,-1,-1,-1,-1
313,4,1508.85,138.81,346.65,896.30,-1,-1,-1,-1
313,6,10.52,169.89,441.13,886.96,-1,-1,-1,-1
314,2,465.40,54.03,396.05,1013.57,-1,-1,-1,-1
314,4,1536.04,147.59,301.90,868.98,-1,-1,-1,-1
314,6,11.07,164.94,468.91,895.18,-1,-1,-1,-1
315,1,445.72,218.85,214.60,739.72,-1,-1,-1,-1
315,2,506.82,51.23,413.03,1011.52,-1,-1,-1,-1
315,4,1560.26,150.21,264.37,853.70,-1,-1,-1,-1
315,6,10.61,153.40,483.25,902.72,-1,-1,-1,-1
316,1,407.80,216.75,252.96,735.42,-1,-1,-1,-1
316,2,600.49,46.11,378.81,1026.01,-1,-1,-1,-1
316,4,1559.20,154.21,259.98,831.17,-1,-1,-1,-1
316,6,13.24,128.12,484.09,932.98,-1,-1,-1,-1
317,1,381.51,217.24,273.36,737.85,-1,-1,-1,-1
317,2,660.78,37.04,386.63,1040.86,-1,-1,-1,-1
317,4,1537.86,153.91,269.84,829.94,-1,-1,-1,-1
317,6,13.14,109.82,475.76,948.63,-1,-1,-1,-1
318,1,378.37,216.45,281.81,740.96,-1,-1,-1,-1
318,2,721.49,124.73,374.27,932.74,-1,-1,-1,-1
318,4,1515.91,169.53,280.30,800.41,-1,-1,-1,-1
318,6,16.07,92.67,482.84,982.47,-1,-1,-1,-1
319,1,394.13,218.56,272.93,736.58,-1,-1,-1,-1
319,2,772.34,66.78,374.36,1010.57,-1,-1,-1,-1
319,4,1504.44,170.16,281.31,783.51,-1,-1,-1,-1
319,6,24.68,94.56,483.44,981.97,-1,-1,-1,-1
320,1,396.70,225.37,281.98,729.47,-1,-1,-1,-1
320,2,813.79,44.54,373.57,1033.31,-1,-1,-1,-1
320,4,1507.68,176.25,262.32,752.02,-1,-1,-1,-1
320,6,40.33,95.28,475.32,980.17,-1,-1,-1,-1
321,1,385.71,232.14,298.52,724.16,-1,-1,-1,-1
321,2,869.53,30.92,372.20,1051.62,-1,-1,-1,-1
321,4,1504.59,170.43,243.73,749.12,-1,-1,-1,-1
321,6,56.43,96.68,485.04,977.34,-1,-1,-1,-1
322,1,353.99,216.80,332.17,773.86,-1,-1,-1,-1
322,2,909.45,41.60,395.38,1033.63,-1,-1,-1,-1
322,4,1489.23,162.34,243.67,757.79,-1,-1,-1,-1
322,6,82.07,108.75,505.19,966.16,-1,-1,-1,-1
323,1,227.53,171.39,472.41,876.80,-1,-1,-1,-1
323,2,955.06,41.17,420.17,1018.93,-1,-1,-1,-1
323,4,1476.40,164.55,232.43,738.05,-1,-1,-1,-1
323,6,95.39,111.30,503.70,963.24,-1,-1,-1,-1
324,1,192.82,131.23,500.69,951.23,-1,-1,-1,-1
324,2,992.54,29.39,447.75,1034.44,-1,-1,-1,-1
324,4,1462.74,164.35,232.58,724.57,-1,-1,-1,-1
324,6,108.71,113.85,502.21,960.32,-1,-1,-1,-1
325,1,187.12,125.46,512.76,965.75,-1,-1,-1,-1
325,2,1019.54,30.74,480.66,1025.55,-1,-1,-1,-1
325,4,1439.50,165.17,247.02,723.76,-1,-1,-1,-1
325,6,122.03,116.40,500.72,957.40,-1,-1,-1,-1
326,1,191.41,114.98,520.03,973.33,-1,-1,-1,-1
326,2,1051.09,61.27,505.19,991.39,-1,-1,-1,-1
326,4,1417.61,168.29,263.79,731.36,-1,-1,-1,-1
326,6,135.35,118.95,499.23,954.48,-1,-1,-1,-1
327,1,201.81,98.86,516.77,986.89,-1,-1,-1,-1
327,2,1091.61,54.77,513.80,1004.86,-1,-1,-1,-1
327,4,1407.27,174.06,256.64,724.82,-1,-1,-1,-1
328,1,202.51,76.92,539.52,994.94,-1,-1,-1,-1
328,2,1130.35,70.44,508.77,992.08,-1,-1,-1,-1
328,4,1396.94,173.99,255.46,721.49,-1,-1,-1,-1
328,6,206.86,219.77,258.00,758.98,-1,-1,-1,-1
329,1,202.55,167.27,455.06,846.39,-1,-1,-1,-1
329,2,1174.99,48.21,477.11,1027.62,-1,-1,-1,-1
329,4,1386.62,173.91,254.29,718.17,-1,-1,-1,-1
329,6,217.92,240.02,245.04,720.84,-1,-1,-1,-1
330,1,191.67,200.46,361.95,798.91,-1,-1,-1,-1
330,2,1218.37,56.23,464.45,1019.97,-1,-1,-1,-1
330,4,1376.30,173.84,253.12,714.85,-1,-1,-1,-1
330,6,228.99,260.28,232.09,682.70,-1,-1,-1,-1
331,1,168.84,203.74,330.26,809.67,-1,-1,-1,-1
331,2,1266.48,57.59,481.95,1013.98,-1,-1,-1,-1
331,4,1365.98,173.76,251.95,711.53,-1,-1,-1,-1
331,6,240.06,280.53,219.13,644.57,-1,-1,-1,-1
332,1,152.36,205.69,326.08,824.29,-1,-1,-1,-1
332,2,1295.26,56.38,493.34,995.90,-1,-1,-1,-1
332,4,1284.53,220.80,165.76,607.54,-1,-1,-1,-1
332,6,251.13,300.78,206.17,606.43,-1,-1,-1,-1
333,1,139.19,204.26,340.10,841.73,-1,-1,-1,-1
333,2,1309.37,59.41,509.64,995.99,-1,-1,-1,-1
333,4,1249.11,207.37,187.28,609.19,-1,-1,-1,-1
334,1,134.30,204.71,349.96,839.00,-1,-1,-1,-1
334,2,1368.63,63.59,457.70,979.88,-1,-1,-1,-1
334,4,1220.84,208.72,203.04,615.14,-1,-1,-1,-1
335,1,130.37,199.08,360.79,851.09,-1,-1,-1,-1
335,2,1399.02,65.99,431.28,985.98,-1,-1,-1,-1
335,4,1191.39,207.94,235.16,620.76,-1,-1,-1,-1
336,1,129.42,193.06,374.00,858.46,-1,-1,-1,-1
336,2,1406.47,53.30,443.01,1013.12,-1,-1,-1,-1
336,4,1179.28,215.58,246.76,610.52,-1,-1,-1,-1
337,1,130.62,185.77,391.51,877.62,-1,-1,-1,-1
337,2,1413.58,77.04,437.44,974.34,-1,-1,-1,-1
337,4,1172.30,218.30,262.74,603.80,-1,-1,-1,-1
338,1,132.88,176.20,400.07,897.30,-1,-1,-1,-1
338,2,1433.02,89.30,412.97,947.36,-1,-1,-1,-1
338,4,1172.18,220.46,219.02,587.36,-1,-1,-1,-1
339,1,137.90,182.93,423.54,893.59,-1,-1,-1,-1
339,2,1447.43,104.23,399.65,925.88,-1,-1,-1,-1
339,4,1157.77,215.70,215.70,563.36,-1,-1,-1,-1
340,1,150.22,178.87,444.12,895.13,-1,-1,-1,-1
340,2,1455.59,96.39,396.81,948.11,-1,-1,-1,-1
340,4,1143.91,219.60,209.58,547.35,-1,-1,-1,-1
341,1,149.66,185.30,475.09,887.73,-1,-1,-1,-1
341,2,1470.02,91.57,372.50,946.19,-1,-1,-1,-1
341,4,1130.05,223.50,203.46,531.35,-1,-1,-1,-1
342,1,152.45,179.34,501.15,889.21,-1,-1,-1,-1
342,2,1477.61,95.40,356.18,938.55,-1,-1,-1,-1
342,4,1116.19,227.40,197.33,515.34,-1,-1,-1,-1
343,1,165.44,168.99,517.98,899.54,-1,-1,-1,-1
343,2,1484.29,96.49,348.60,946.15,-1,-1,-1,-1
343,4,1102.33,231.29,191.21,499.33,-1,-1,-1,-1
344,1,191.64,151.82,512.16,926.54,-1,-1,-1,-1
344,2,1500.49,113.20,319.62,918.90,-1,-1,-1,-1
345,1,219.24,146.23,497.78,930.59,-1,-1,-1,-1
345,2,1521.95,130.36,282.52,889.82,-1,-1,-1,-1
346,1,251.73,135.72,465.07,939.69,-1,-1,-1,-1
346,2,1520.79,144.03,275.84,843.94,-1,-1,-1,-1
346,4,982.39,268.96,160.58,496.65,-1,-1,-1,-1
347,1,300.62,150.60,416.95,920.46,-1,-1,-1,-1
347,2,1525.69,162.90,257.68,780.61,-1,-1,-1,-1
347,4,966.47,248.15,178.69,531.74,-1,-1,-1,-1
348,1,343.63,155.96,382.41,916.00,-1,-1,-1,-1
348,2,1537.63,172.53,231.15,687.92,-1,-1,-1,-1
348,4,942.56,237.26,199.91,549.82,-1,-1,-1,-1
349,1,383.73,151.51,358.14,922.48,-1,-1,-1,-1
349,2,1545.84,167.75,209.05,634.19,-1,-1,-1,-1
349,4,911.94,225.15,229.21,568.09,-1,-1,-1,-1
350,1,430.25,151.70,343.58,922.51,-1,-1,-1,-1
350,2,1542.44,148.67,225.24,734.82,-1,-1,-1,-1
350,4,878.44,226.99,249.59,563.83,-1,-1,-1,-1
351,1,447.51,159.69,420.66,910.01,-1,-1,-1,-1
351,2,1525.66,139.82,238.73,781.69,-1,-1,-1,-1
351,4,841.95,228.81,255.55,566.89,-1,-1,-1,-1
352,1,470.64,140.73,456.50,934.77,-1,-1,-1,-1
352,2,1522.62,125.18,247.21,809.49,-1,-1,-1,-1
352,4,822.35,240.92,246.46,539.58,-1,-1,-1,-1
353,1,495.11,124.73,480.36,956.40,-1,-1,-1,-1
353,2,1379.08,21.11,378.21,1028.29,-1,-1,-1,-1
353,4,823.13,251.03,215.03,525.08,-1,-1,-1,-1
354,1,515.67,126.54,478.43,952.79,-1,-1,-1,-1
354,2,1334.82,6.48,433.02,1059.34,-1,-1,-1,-1
354,4,823.21,248.77,191.57,510.24,-1,-1,-1,-1
355,1,534.30,131.85,467.95,938.99,-1,-1,-1,-1
355,2,1335.03,-8.53,418.90,1077.25,-1,-1,-1,-1
355,4,820.20,241.44,178.89,517.87,-1,-1,-1,-1
356,1,555.42,132.79,462.11,942.05,-1,-1,-1,-1
356,2,1345.16,3.22,415.30,1059.33,-1,-1,-1,-1
356,4,822.30,243.44,161.50,487.92,-1,-1,-1,-1
357,1,577.37,180.59,456.50,886.10,-1,-1,-1,-1
357,2,1341.30,17.58,434.19,1044.74,-1,-1,-1,-1
357,4,820.77,243.17,155.34,452.44,-1,-1,-1,-1
358,1,589.51,169.07,461.48,903.35,-1,-1,-1,-1
358,2,1334.79,44.61,462.52,1016.64,-1,-1,-1,-1
358,4,809.89,249.45,147.18,428.68,-1,-1,-1,-1
358,6,1355.16,200.56,129.16,580.02,-1,-1,-1,-1
359,1,613.46,146.71,442.21,928.75,-1,-1,-1,-1
359,2,1348.21,52.49,469.82,1011.44,-1,-1,-1,-1
359,4,799.01,255.72,139.02,404.92,-1,-1,-1,-1
359,6,1361.91,202.25,158.79,583.75,-1,-1,-1,-1
360,1,631.36,136.26,436.41,941.24,-1,-1,-1,-1
360,2,1405.42,68.45,436.14,1001.56,-1,-1,-1,-1
360,4,788.14,262.00,130.87,381.16,-1,-1,-1,-1
360,6,1397.59,199.12,158.71,583.44,-1,-1,-1,-1
361,1,640.79,130.29,436.39,945.73,-1,-1,-1,-1
361,2,1436.41,69.64,426.12,1006.90,-1,-1,-1,-1
361,4,777.26,268.28,122.71,357.39,-1,-1,-1,-1
361,6,1433.26,195.99,158.62,583.13,-1,-1,-1,-1
362,1,672.47,123.00,415.45,955.09,-1,-1,-1,-1
362,2,1461.94,76.79,408.67,1002.54,-1,-1,-1,-1
362,6,1468.94,192.87,158.53,582.81,-1,-1,-1,-1
363,1,710.86,112.27,393.38,968.91,-1,-1,-1,-1
363,2,1496.70,59.52,386.20,1025.00,-1,-1,-1,-1
363,4,710.34,225.06,149.67,556.36,-1,-1,-1,-1
363,6,1504.62,189.74,158.45,582.50,-1,-1,-1,-1
364,1,779.75,97.92,339.68,985.38,-1,-1,-1,-1
364,2,1519.17,59.05,374.18,1021.56,-1,-1,-1,-1
364,4,689.19,224.23,155.59,563.64,-1,-1,-1,-1
364,11,1221.31,192.36,244.62,591.08,-1,-1,-1,-1
365,1,842.22,107.25,300.09,958.14,-1,-1,-1,-1
365,2,1530.35,59.40,375.28,1024.55,-1,-1,-1,-1
365,4,667.33,222.29,165.09,581.27,-1,-1,-1,-1
365,11,1200.76,185.11,238.70,604.37,-1,-1,-1,-1
366,1,894.80,112.22,283.02,938.47,-1,-1,-1,-1
366,2,1542.20,49.46,346.65,1014.93,-1,-1,-1,-1
366,4,650.01,229.34,170.36,575.80,-1,-1,-1,-1
366,11,1162.45,192.04,253.40,597.18,-1,-1,-1,-1
367,1,934.42,131.42,344.57,923.36,-1,-1,-1,-1
367,2,1552.20,49.71,346.17,1013.54,-1,-1,-1,-1
367,4,631.86,232.43,182.19,580.41,-1,-1,-1,-1
367,11,1150.56,197.57,242.86,583.57,-1,-1,-1,-1
368,1,968.60,125.32,373.15,934.62,-1,-1,-1,-1
368,2,1562.21,49.96,345.68,1012.15,-1,-1,-1,-1
368,4,614.29,234.62,194.39,582.20,-1,-1,-1,-1
368,11,1155.36,201.80,204.46,557.32,-1,-1,-1,-1
368,13,14.11,254.04,270.53,592.21,-1,-1,-1,-1
369,1,1000.11,117.79,370.85,943.21,-1,-1,-1,-1
369,2,1563.73,112.09,320.14,947.03,-1,-1,-1,-1
369,4,592.83,227.40,208.51,599.88,-1,-1,-1,-1
369,11,1138.40,206.80,199.11,542.73,-1,-1,-1,-1
369,13,20.21,240.60,268.19,611.01,-1,-1,-1,-1
370,1,1028.41,116.69,370.29,950.58,-1,-1,-1,-1
370,2,1556.01,105.26,318.61,957.52,-1,-1,-1,-1
370,4,574.74,223.60,215.97,608.55,-1,-1,-1,-1
370,11,1121.45,211.80,193.76,528.14,-1,-1,-1,-1
370,13,19.23,231.22,277.40,636.80,-1,-1,-1,-1
371,1,1052.71,121.94,361.49,944.20,-1,-1,-1,-1
371,2,1553.48,120.72,274.54,918.84,-1,-1,-1,-1
371,4,554.51,228.18,223.22,598.43,-1,-1,-1,-1
371,11,1104.50,216.80,188.40,513.56,-1,-1,-1,-1
371,13,17.37,224.42,291.18,662.39,-1,-1,-1,-1
372,1,1051.52,119.59,384.97,950.65,-1,-1,-1,-1
372,2,1538.05,130.68,277.03,882.03,-1,-1,-1,-1
372,4,540.77,231.41,223.68,598.02,-1,-1,-1,-1
372,11,1087.55,221.80,183.05,498.97,-1,-1,-1,-1
372,13,23.41,225.26,302.32,673.50,-1,-1,-1,-1
373,1,1114.42,131.47,339.11,937.85,-1,-1,-1,-1
373,2,1518.80,125.90,274.41,849.54,-1,-1,-1,-1
373,4,529.00,234.15,222.10,596.40,-1,-1,-1,-1
373,11,1007.91,198.78,206.84,575.47,-1,-1,-1,-1
373,13,31.76,221.67,304.46,698.97,-1,-1,-1,-1
374,1,1155.01,125.32,325.72,949.87,-1,-1,-1,-1
374,2,1496.71,129.92,283.67,826.91,-1,-1,-1,-1
374,4,514.26,237.94,223.90,603.38,-1,-1,-1,-1
374,11,973.59,198.52,222.97,577.35,-1,-1,-1,-1
374,13,32.37,221.30,314.72,711.58,-1,-1,-1,-1
375,1,1193.97,115.00,331.06,960.47,-1,-1,-1,-1
375,2,1473.64,137.33,285.44,795.32,-1,-1,-1,-1
375,4,501.94,235.30,225.47,613.30,-1,-1,-1,-1
375,11,955.58,206.01,226.16,566.91,-1,-1,-1,-1
375,13,32.08,220.51,323.48,715.89,-1,-1,-1,-1
376,1,1223.85,118.58,315.51,955.18,-1,-1,-1,-1
376,2,1457.69,134.29,282.58,788.90,-1,-1,-1,-1
376,4,490.08,235.25,224.25,621.24,-1,-1,-1,-1
376,11,940.22,215.59,225.36,553.07,-1,-1,-1,-1
376,13,38.94,213.10,318.83,726.42,-1,-1,-1,-1
377,1,1244.71,142.29,319.06,925.26,-1,-1,-1,-1
377,2,1453.07,133.79,263.44,786.47,-1,-1,-1,-1
377,4,478.30,231.47,223.12,626.94,-1,-1,-1,-1
377,11,921.20,215.34,223.20,553.65,-1,-1,-1,-1
377,13,44.50,209.16,316.16,728.61,-1,-1,-1,-1
378,1,1259.12,138.34,342.20,934.00,-1,-1,-1,-1
378,2,1464.60,121.37,218.17,802.13,-1,-1,-1,-1
378,4,460.59,228.20,235.95,636.87,-1,-1,-1,-1
378,11,909.57,219.74,209.08,536.99,-1,-1,-1,-1
378,13,52.92,205.05,318.88,737.84,-1,-1,-1,-1
379,1,1250.72,141.92,383.84,930.88,-1,-1,-1,-1
379,2,1453.41,117.04,218.10,801.98,-1,-1,-1,-1
379,4,446.22,224.11,260.58,643.47,-1,-1,-1,-1
379,11,897.71,217.11,194.74,547.17,-1,-1,-1,-1
379,13,62.32,203.92,322.16,742.31,-1,-1,-1,-1
380,1,1215.42,150.44,437.93,922.15,-1,-1,-1,-1
380,2,1442.21,112.71,218.04,801.83,-1,-1,-1,-1
380,4,435.90,222.62,280.39,644.40,-1,-1,-1,-1
380,11,881.64,205.77,189.32,570.10,-1,-1,-1,-1
380,13,79.53,206.18,313.25,745.60,-1,-1,-1,-1
381,1,1172.35,139.83,510.81,936.93,-1,-1,-1,-1
381,2,1431.02,108.37,217.98,801.68,-1,-1,-1,-1
381,4,422.94,219.47,278.90,650.84,-1,-1,-1,-1
381,11,868.49,208.76,186.17,568.68,-1,-1,-1,-1
381,13,95.91,204.04,311.10,757.74,-1,-1,-1,-1
382,1,1188.89,139.25,512.53,940.01,-1,-1,-1,-1
382,2,1419.82,104.04,217.92,801.53,-1,-1,-1,-1
382,4,406.42,218.80,266.23,658.09,-1,-1,-1,-1
382,11,852.06,211.96,191.72,567.85,-1,-1,-1,-1
382,13,108.80,206.73,317.74,769.37,-1,-1,-1,-1
383,1,1205.42,138.67,514.25,943.08,-1,-1,-1,-1
383,4,390.18,208.71,248.98,676.93,-1,-1,-1,-1
383,11,832.05,203.86,205.83,588.91,-1,-1,-1,-1
383,13,112.02,200.23,330.94,790.15,-1,-1,-1,-1
384,1,1221.95,138.08,515.97,946.16,-1,-1,-1,-1
384,4,374.59,214.23,240.08,685.02,-1,-1,-1,-1
384,11,810.72,209.14,212.43,590.59,-1,-1,-1,-1
384,13,117.47,191.82,338.58,813.74,-1,-1,-1,-1
385,1,1295.23,200.66,237.78,665.35,-1,-1,-1,-1
385,4,369.03,205.00,228.54,705.98,-1,-1,-1,-1
385,11,801.74,203.41,193.96,600.62,-1,-1,-1,-1
385,13,127.26,180.53,342.50,838.76,-1,-1,-1,-1
386,1,1290.22,178.88,215.31,655.61,-1,-1,-1,-1
386,2,1316.67,130.00,519.97,923.55,-1,-1,-1,-1
386,4,363.36,219.02,217.76,664.16,-1,-1,-1,-1
386,11,785.29,205.16,183.57,609.00,-1,-1,-1,-1
386,13,136.71,174.95,362.48,848.31,-1,-1,-1,-1
387,1,1276.54,165.43,218.38,646.61,-1,-1,-1,-1
387,2,1362.35,143.49,430.51,904.70,-1,-1,-1,-1
387,4,364.05,219.64,206.76,659.13,-1,-1,-1,-1
387,11,757.83,206.22,191.46,604.74,-1,-1,-1,-1
387,13,153.61,176.17,386.28,850.37,-1,-1,-1,-1
388,1,1252.40,153.93,228.13,646.43,-1,-1,-1,-1
388,2,1413.34,152.43,332.38,892.65,-1,-1,-1,-1
388,4,342.81,209.43,220.42,669.54,-1,-1,-1,-1
388,11,728.62,214.65,199.58,586.87,-1,-1,-1,-1
388,13,180.93,173.19,379.97,880.43,-1,-1,-1,-1
389,1,1218.42,146.08,251.32,653.58,-1,-1,-1,-1
389,2,1425.56,155.10,313.05,899.80,-1,-1,-1,-1
389,4,265.61,177.99,309.06,806.65,-1,-1,-1,-1
389,11,710.15,208.84,202.02,594.06,-1,-1,-1,-1
389,13,192.00,167.71,387.99,899.00,-1,-1,-1,-1
390,1,1187.52,138.89,268.03,661.01,-1,-1,-1,-1
390,2,1443.35,167.49,325.00,870.51,-1,-1,-1,-1
390,4,230.60,154.04,344.91,890.29,-1,-1,-1,-1
390,11,686.31,200.10,223.00,607.61,-1,-1,-1,-1
390,13,203.06,162.23,396.00,917.57,-1,-1,-1,-1
391,1,1154.79,143.91,290.84,656.61,-1,-1,-1,-1
391,2,1459.82,173.32,317.04,859.07,-1,-1,-1,-1
391,4,219.90,143.46,353.94,924.19,-1,-1,-1,-1
391,11,668.93,209.98,232.20,586.89,-1,-1,-1,-1
391,13,214.13,156.75,404.01,936.14,-1,-1,-1,-1
392,1,1130.43,150.78,308.60,650.94,-1,-1,-1,-1
392,2,1465.46,169.82,296.49,843.09,-1,-1,-1,-1
392,4,216.20,129.77,374.65,959.21,-1,-1,-1,-1
392,11,658.70,217.19,241.57,579.73,-1,-1,-1,-1
392,13,225.19,151.27,412.03,954.71,-1,-1,-1,-1
393,1,1111.96,159.93,320.85,642.68,-1,-1,-1,-1
393,2,1463.12,166.96,287.85,837.41,-1,-1,-1,-1
393,4,213.52,125.21,410.04,967.87,-1,-1,-1,-1
393,11,636.94,224.37,249.10,575.00,-1,-1,-1,-1
394,1,1099.82,175.43,332.33,627.07,-1,-1,-1,-1
394,2,1460.00,165.30,280.93,834.08,-1,-1,-1,-1
394,4,221.47,131.06,447.15,957.71,-1,-1,-1,-1
394,11,626.95,223.69,233.52,581.66,-1,-1,-1,-1
395,1,1099.16,170.51,315.69,636.67,-1,-1,-1,-1
395,2,1450.69,172.23,264.83,813.06,-1,-1,-1,-1
395,4,244.57,175.92,285.64,836.99,-1,-1,-1,-1
395,11,616.39,227.50,185.74,563.20,-1,-1,-1,-1
395,13,253.07,152.32,479.51,897.32,-1,-1,-1,-1
396,1,1104.25,166.43,283.56,635.67,-1,-1,-1,-1
396,2,1434.86,176.97,280.60,803.53,-1,-1,-1,-1
396,4,213.95,195.45,258.55,799.86,-1,-1,-1,-1
396,11,598.40,232.02,183.09,555.19,-1,-1,-1,-1
396,13,314.21,148.22,442.81,912.89,-1,-1,-1,-1
397,1,1106.87,166.98,255.19,635.14,-1,-1,-1,-1
397,2,1423.93,183.26,301.68,796.13,-1,-1,-1,-1
397,4,189.52,206.63,257.25,776.80,-1,-1,-1,-1
397,11,580.41,236.55,180.45,547.18,-1,-1,-1,-1
397,13,340.15,138.76,431.06,932.60,-1,-1,-1,-1
398,1,1100.69,175.04,221.93,617.75,-1,-1,-1,-1
398,2,1403.54,189.53,348.41,784.06,-1,-1,-1,-1
398,4,172.40,212.37,269.17,767.46,-1,-1,-1,-1
398,11,562.42,241.07,177.80,539.17,-1,-1,-1,-1
398,13,373.93,117.60,424.11,955.83,-1,-1,-1,-1
399,1,1072.78,178.72,202.10,609.67,-1,-1,-1,-1
399,2,1377.79,195.94,392.67,764.55,-1,-1,-1,-1
399,4,157.22,200.02,278.03,809.50,-1,-1,-1,-1
399,11,544.43,245.60,175.16,531.16,-1,-1,-1,-1
399,13,406.82,99.90,413.95,981.94,-1,-1,-1,-1
400,1,1033.59,183.85,210.94,594.19,-1,-1,-1,-1
400,2,1338.24,194.05,426.74,762.35,-1,-1,-1,-1
400,4,132.06,195.36,294.00,833.30,-1,-1,-1,-1
400,11,479.60,207.82,140.16,639.42,-1,-1,-1,-1
400,13,446.89,87.11,416.07,992.76,-1,-1,-1,-1
401,1,951.35,183.31,276.81,591.26,-1,-1,-1,-1
401,2,1323.62,204.06,375.16,711.88,-1,-1,-1,-1
401,4,87.94,193.17,324.96,847.47,-1,-1,-1,-1
401,11,433.75,215.22,194.90,645.30,-1,-1,-1,-1
401,13,454.70,79.06,464.21,1003.10,-1,-1,-1,-1
402,1,946.35,181.57,254.40,594.84,-1,-1,-1,-1
402,2,1327.97,201.13,293.70,681.85,-1,-1,-1,-1
402,4,45.19,188.25,358.67,859.03,-1,-1,-1,-1
402,11,416.60,211.27,206.51,662.89,-1,-1,-1,-1
402,13,476.67,80.13,490.07,1001.10,-1,-1,-1,-1
403,1,932.56,193.69,259.48,584.47,-1,-1,-1,-1
403,2,1337.89,197.95,233.73,680.34,-1,-1,-1,-1
403,4,12.80,180.88,392.69,872.79,-1,-1,-1,-1
403,11,391.73,211.06,225.91,662.10,-1,-1,-1,-1
403,13,553.12,101.79,433.82,970.67,-1,-1,-1,-1
404,1,931.48,194.92,259.28,581.49,-1,-1,-1,-1
404,2,1329.85,193.22,216.47,678.06,-1,-1,-1,-1
404,4,-5.94,176.23,414.97,884.44,-1,-1,-1,-1
404,11,383.32,202.67,210.84,670.76,-1,-1,-1,-1
404,13,634.84,101.76,437.77,959.70,-1,-1,-1,-1
405,1,914.56,197.15,257.17,576.74,-1,-1,-1,-1
405,2,1309.30,189.75,225.42,670.47,-1,-1,-1,-1
405,4,-12.51,171.09,425.58,897.47,-1,-1,-1,-1
405,11,363.44,197.90,216.37,675.32,-1,-1,-1,-1
405,13,736.75,110.05,404.00,946.77,-1,-1,-1,-1
406,1,897.65,199.38,255.05,571.99,-1,-1,-1,-1
406,2,1266.49,198.32,272.96,657.22,-1,-1,-1,-1
406,4,-11.93,174.30,414.24,899.30,-1,-1,-1,-1
406,11,343.91,192.67,222.70,680.16,-1,-1,-1,-1
406,13,801.50,95.07,400.67,966.76,-1,-1,-1,-1
407,1,880.74,201.61,252.94,567.25,-1,-1,-1,-1
407,2,1229.19,214.08,308.58,634.19,-1,-1,-1,-1
407,4,-11.81,169.66,410.73,910.40,-1,-1,-1,-1
407,11,333.90,187.34,224.34,687.08,-1,-1,-1,-1
407,13,836.57,71.15,416.32,1004.06,-1,-1,-1,-1
408,1,863.82,203.83,250.83,562.50,-1,-1,-1,-1
408,2,1216.72,233.53,301.87,611.90,-1,-1,-1,-1
408,4,-4.24,175.15,392.42,896.41,-1,-1,-1,-1
408,11,321.82,189.53,231.82,681.60,-1,-1,-1,-1
408,13,840.38,119.09,521.63,947.57,-1,-1,-1,-1
409,2,1221.30,240.59,271.97,597.60,-1,-1,-1,-1
409,4,13.28,180.18,349.12,884.66,-1,-1,-1,-1
409,11,302.75,189.50,256.42,689.96,-1,-1,-1,-1
409,13,872.13,91.07,527.66,986.73,-1,-1,-1,-1
410,1,856.84,266.15,185.93,508.56,-1,-1,-1,-1
410,2,1235.05,266.21,223.24,555.12,-1,-1,-1,-1
410,4,22.58,179.01,332.91,880.62,-1,-1,-1,-1
410,11,288.81,196.46,269.46,687.93,-1,-1,-1,-1
410,13,916.17,86.35,532.29,995.37,-1,-1,-1,-1
411,1,826.04,210.94,202.45,575.48,-1,-1,-1,-1
411,2,1225.75,279.97,212.03,527.22,-1,-1,-1,-1
411,4,26.81,171.00,341.49,887.39,-1,-1,-1,-1
411,11,288.70,201.15,257.05,680.70,-1,-1,-1,-1
411,13,959.83,86.99,504.64,993.91,-1,-1,-1,-1
412,1,800.45,191.20,209.56,602.94,-1,-1,-1,-1
412,2,1216.46,293.74,200.82,499.32,-1,-1,-1,-1
412,4,33.76,161.38,413.38,899.15,-1,-1,-1,-1
412,11,275.31,223.48,261.85,575.20,-1,-1,-1,-1
412,13,1027.96,90.45,455.83,979.90,-1,-1,-1,-1
413,1,766.04,179.85,235.33,615.01,-1,-1,-1,-1
413,2,1207.16,307.50,189.60,471.43,-1,-1,-1,-1
413,4,53.83,152.63,419.37,910.89,-1,-1,-1,-1
413,11,264.59,212.60,253.66,590.11,-1,-1,-1,-1
413,13,1088.67,77.81,420.34,991.45,-1,-1,-1,-1
414,1,733.34,178.63,260.34,617.15,-1,-1,-1,-1
414,2,1197.86,321.26,178.39,443.53,-1,-1,-1,-1
414,4,68.24,144.13,419.32,924.36,-1,-1,-1,-1
414,11,255.25,219.04,245.42,570.91,-1,-1,-1,-1
414,13,1146.93,122.08,396.23,930.30,-1,-1,-1,-1
415,1,714.68,185.83,269.95,612.05,-1,-1,-1,-1
415,2,1137.18,226.15,148.30,556.54,-1,-1,-1,-1
415,4,79.84,130.04,436.17,944.77,-1,-1,-1,-1
415,11,245.91,225.48,237.17,551.71,-1,-1,-1,-1
415,13,1158.78,115.27,440.23,941.11,-1,-1,-1,-1
416,1,704.31,196.00,281.16,607.85,-1,-1,-1,-1
416,2,1110.03,218.01,178.84,580.03,-1,-1,-1,-1
416,4,99.06,117.69,429.53,960.22,-1,-1,-1,-1
416,11,236.57,231.91,228.92,532.52,-1,-1,-1,-1
416,13,1198.53,132.54,456.54,929.44,-1,-1,-1,-1
417,1,702.81,194.94,279.84,615.03,-1,-1,-1,-1
417,2,1071.57,220.67,239.95,594.00,-1,-1,-1,-1
417,4,113.60,97.30,437.81,986.14,-1,-1,-1,-1
417,11,227.23,238.35,220.67,513.32,-1,-1,-1,-1
417,13,1257.46,126.50,432.04,942.21,-1,-1,-1,-1
418,1,699.59,200.22,278.54,615.03,-1,-1,-1,-1
418,2,1054.93,223.94,263.83,600.17,-1,-1,-1,-1
418,4,132.87,97.74,435.90,974.44,-1,-1,-1,-1
418,13,1298.33,113.17,426.95,961.57,-1,-1,-1,-1
419,1,690.41,201.25,254.11,620.01,-1,-1,-1,-1
419,2,1055.24,226.77,236.14,601.01,-1,-1,-1,-1
419,4,143.93,94.09,464.23,980.03,-1,-1,-1,-1
419,13,1337.04,112.81,445.17,953.98,-1,-1,-1,-1
420,1,672.05,199.46,239.08,627.68,-1,-1,-1,-1
420,2,1052.66,221.20,206.43,615.47,-1,-1,-1,-1
420,4,143.61,114.75,506.23,951.59,-1,-1,-1,-1
420,11,117.77,174.16,257.71,278.74,-1,-1,-1,-1
420,13,1370.06,90.33,458.74,978.48,-1,-1,-1,-1
421,1,657.00,189.67,225.35,643.53,-1,-1,-1,-1
421,2,1041.60,215.70,189.60,620.50,-1,-1,-1,-1
421,4,165.80,111.94,514.41,958.57,-1,-1,-1,-1
421,11,121.02,176.52,213.44,230.83,-1,-1,-1,-1
421,13,1394.58,78.29,458.02,990.77,-1,-1,-1,-1
422,1,647.40,189.68,217.49,642.04,-1,-1,-1,-1
422,2,1030.05,222.40,177.10,608.18,-1,-1,-1,-1
422,4,182.93,103.63,522.14,964.39,-1,-1,-1,-1
422,11,124.29,178.88,169.15,182.92,-1,-1,-1,-1
422,13,1422.37,84.63,452.83,973.07,-1,-1,-1,-1
423,1,640.58,180.02,213.87,661.96,-1,-1,-1,-1
423,2,1015.33,225.97,178.93,605.03,-1,-1,-1,-1
423,4,199.47,101.18,522.94,965.78,-1,-1,-1,-1
423,11,127.55,181.25,124.86,135.01,-1,-1,-1,-1
423,13,1462.31,104.35,418.78,950.81,-1,-1,-1,-1
424,1,640.28,188.54,205.11,649.75,-1,-1,-1,-1
424,2,992.59,221.45,193.05,607.73,-1,-1,-1,-1
424,4,285.68,105.25,476.82,952.56,-1,-1,-1,-1
424,11,130.82,183.61,80.56,87.10,-1,-1,-1,-1
424,13,1515.87,108.54,377.72,954.64,-1,-1,-1,-1
425,1,626.24,189.04,205.55,651.24,-1,-1,-1,-1
425,2,971.63,226.05,207.57,600.54,-1,-1,-1,-1
425,4,346.78,85.20,457.10,976.75,-1,-1,-1,-1
425,13,1560.43,106.22,322.81,966.62,-1,-1,-1,-1
426,1,612.19,189.54,205.99,652.72,-1,-1,-1,-1
426,2,957.40,233.84,213.40,589.97,-1,-1,-1,-1
426,4,397.93,65.85,425.59,998.29,-1,-1,-1,-1
426,13,1565.05,112.60,321.58,947.66,-1,-1,-1,-1
427,1,598.15,190.04,206.42,654.21,-1,-1,-1,-1
427,2,947.72,238.08,221.34,583.28,-1,-1,-1,-1
427,4,466.66,55.27,376.01,1009.74,-1,-1,-1,-1
427,13,1551.45,112.33,333.12,938.76,-1,-1,-1,-1
427,19,117.31,146.41,388.75,912.54,-1,-1,-1,-1
428,1,584.11,190.54,206.86,655.70,-1,-1,-1,-1
428,2,927.63,251.28,237.29,572.62,-1,-1,-1,-1
428,4,518.75,73.15,383.16,985.98,-1,-1,-1,-1
428,13,1533.50,115.64,352.19,918.27,-1,-1,-1,-1
428,19,104.88,139.79,413.94,930.93,-1,-1,-1,-1
429,2,926.93,247.58,224.70,583.47,-1,-1,-1,-1
429,4,549.39,57.29,416.82,1013.64,-1,-1,-1,-1
429,13,1524.64,126.31,353.62,897.32,-1,-1,-1,-1
429,19,82.22,129.27,450.50,941.44,-1,-1,-1,-1
430,1,522.88,207.14,190.57,674.57,-1,-1,-1,-1
430,2,940.48,258.35,191.27,555.18,-1,-1,-1,-1
430,4,583.42,49.94,420.98,1023.72,-1,-1,-1,-1
430,13,1516.27,128.56,358.61,887.80,-1,-1,-1,-1
430,19,88.44,123.11,460.35,945.58,-1,-1,-1,-1
431,1,502.46,188.56,190.70,695.76,-1,-1,-1,-1
431,2,931.25,265.08,187.13,543.17,-1,-1,-1,-1
431,4,617.45,42.58,425.15,1033.80,-1,-1,-1,-1
431,13,1511.42,133.80,346.58,865.85,-1,-1,-1,-1
431,19,126.17,124.27,423.37,948.29,-1,-1,-1,-1
432,1,482.94,177.16,195.49,711.95,-1,-1,-1,-1
432,2,922.02,271.80,182.99,531.16,-1,-1,-1,-1
432,4,641.33,29.02,476.80,1039.24,-1,-1,-1,-1
432,13,1511.25,135.53,319.41,857.93,-1,-1,-1,-1
432,19,141.84,116.52,439.79,959.90,-1,-1,-1,-1
433,1,457.57,170.17,208.83,722.33,-1,-1,-1,-1
433,2,912.79,278.52,178.84,519.15,-1,-1,-1,-1
433,4,691.35,26.20,462.81,1042.19,-1,-1,-1,-1
433,13,1521.86,144.91,264.87,823.23,-1,-1,-1,-1
433,19,142.99,120.34,451.90,953.03,-1,-1,-1,-1
434,1,438.37,162.39,224.94,763.88,-1,-1,-1,-1
434,2,903.56,285.25,174.70,507.14,-1,-1,-1,-1
434,4,755.05,8.06,455.68,1068.80,-1,-1,-1,-1
434,13,1519.68,154.98,233.97,766.73,-1,-1,-1,-1
434,19,133.62,112.11,478.01,956.59,-1,-1,-1,-1
435,1,442.53,162.41,222.89,767.35,-1,-1,-1,-1
435,4,803.12,10.82,473.81,1066.17,-1,-1,-1,-1
435,13,1508.56,158.09,218.23,762.53,-1,-1,-1,-1
435,19,142.57,104.09,497.52,967.15,-1,-1,-1,-1
436,1,425.65,157.18,227.43,783.13,-1,-1,-1,-1
436,4,825.60,36.94,494.00,1026.91,-1,-1,-1,-1
436,13,1468.57,154.01,242.25,759.23,-1,-1,-1,-1
436,19,177.36,100.84,499.86,957.30,-1,-1,-1,-1
437,1,408.78,151.95,231.96,798.92,-1,-1,-1,-1
437,2,816.24,256.15,213.80,570.88,-1,-1,-1,-1
437,4,853.70,52.05,490.01,1012.49,-1,-1,-1,-1
437,13,1438.00,161.59,257.57,736.65,-1,-1,-1,-1
437,19,198.92,88.81,487.11,977.99,-1,-1,-1,-1
438,1,391.90,146.73,236.50,814.70,-1,-1,-1,-1
438,2,791.03,258.69,249.58,571.04,-1,-1,-1,-1
438,4,952.93,31.96,440.23,1043.01,-1,-1,-1,-1
438,13,1417.08,163.83,263.91,724.15,-1,-1,-1,-1
438,19,218.92,82.92,474.71,983.28,-1,-1,-1,-1
439,1,375.03,141.50,241.03,830.49,-1,-1,-1,-1
439,2,769.55,258.70,270.50,565.98,-1,-1,-1,-1
439,4,1014.20,21.74,452.05,1054.78,-1,-1,-1,-1
439,13,1398.61,164.19,278.17,720.95,-1,-1,-1,-1
439,19,226.95,91.16,486.80,969.72,-1,-1,-1,-1
440,2,755.56,262.57,244.70,559.98,-1,-1,-1,-1
440,4,1060.67,16.38,455.56,1062.91,-1,-1,-1,-1
440,13,1398.08,172.33,275.42,706.26,-1,-1,-1,-1
440,19,249.64,94.64,466.17,965.47,-1,-1,-1,-1
441,2,732.73,259.50,226.97,558.79,-1,-1,-1,-1
441,4,1107.14,11.02,459.07,1071.04,-1,-1,-1,-1
441,13,1390.17,175.29,270.67,694.10,-1,-1,-1,-1
441,19,253.75,75.45,482.01,978.04,-1,-1,-1,-1
442,2,702.26,241.28,226.21,591.60,-1,-1,-1,-1
442,4,1114.61,112.85,539.19,942.00,-1,-1,-1,-1
442,13,1382.25,178.24,265.93,681.95,-1,-1,-1,-1
442,19,261.53,70.88,506.22,973.32,-1,-1,-1,-1
443,2,699.58,239.71,194.41,597.33,-1,-1,-1,-1
443,4,1171.76,132.37,521.15,910.38,-1,-1,-1,-1
443,13,1374.33,181.20,261.18,669.80,-1,-1,-1,-1
443,19,286.85,132.35,330.72,855.55,-1,-1,-1,-1
444,2,697.30,245.97,173.03,580.85,-1,-1,-1,-1
444,4,1205.05,69.72,517.21,995.15,-1,-1,-1,-1
444,13,1366.41,184.16,256.44,657.64,-1,-1,-1,-1
444,19,255.28,155.56,287.91,813.35,-1,-1,-1,-1
445,1,346.43,69.87,482.11,1009.50,-1,-1,-1,-1
445,2,678.92,246.21,172.68,579.74,-1,-1,-1,-1
445,4,1248.00,60.05,501.65,1003.70,-1,-1,-1,-1
445,19,224.58,165.21,285.70,792.40,-1,-1,-1,-1
446,1,395.83,58.49,472.78,1017.12,-1,-1,-1,-1
446,2,660.55,246.44,172.34,578.62,-1,-1,-1,-1
446,4,1281.51,67.07,501.15,996.91,-1,-1,-1,-1
446,19,195.04,167.74,299.72,808.12,-1,-1,-1,-1
447,1,430.74,52.24,490.63,1030.55,-1,-1,-1,-1
447,2,642.18,246.68,171.99,577.51,-1,-1,-1,-1
447,4,1300.13,73.23,500.50,991.33,-1,-1,-1,-1
447,13,1255.97,218.91,160.68,567.02,-1,-1,-1,-1
447,19,166.87,169.79,323.66,813.28,-1,-1,-1,-1
448,1,499.19,37.45,473.26,1049.73,-1,-1,-1,-1
448,2,623.80,246.91,171.64,576.39,-1,-1,-1,-1
448,4,1339.61,74.58,499.84,989.94,-1,-1,-1,-1
448,13,1226.95,197.45,195.13,615.27,-1,-1,-1,-1
448,19,136.50,165.45,358.65,840.54,-1,-1,-1,-1
449,1,551.98,48.79,484.84,1033.06,-1,-1,-1,-1
449,4,1370.86,53.89,506.77,1020.08,-1,-1,-1,-1
449,13,1196.74,204.02,231.91,620.98,-1,-1,-1,-1
449,19,107.48,155.16,388.88,865.73,-1,-1,-1,-1
450,1,596.98,64.42,508.00,1007.61,-1,-1,-1,-1
450,2,560.04,228.69,162.93,632.50,-1,-1,-1,-1
450,4,1392.75,48.95,513.88,1023.49,-1,-1,-1,-1
450,13,1167.59,203.90,254.63,629.05,-1,-1,-1,-1
450,19,87.35,150.20,401.30,876.46,-1,-1,-1,-1
451,1,682.70,110.97,469.92,948.19,-1,-1,-1,-1
451,2,519.52,225.60,197.93,640.79,-1,-1,-1,-1
451,4,1421.66,56.13,501.74,1011.74,-1,-1,-1,-1
451,13,1124.87,212.08,252.03,584.37,-1,-1,-1,-1
451,19,71.93,135.85,401.65,896.40,-1,-1,-1,-1
452,1,743.51,160.97,529.07,899.89,-1,-1,-1,-1
452,2,503.22,215.21,202.85,654.72,-1,-1,-1,-1
452,4,1441.98,61.72,483.71,1006.12,-1,-1,-1,-1
452,13,1116.18,212.47,224.91,579.44,-1,-1,-1,-1
452,19,64.56,121.39,387.45,923.62,-1,-1,-1,-1
453,1,803.58,110.72,506.02,966.61,-1,-1,-1,-1
453,2,473.56,221.22,234.32,646.55,-1,-1,-1,-1
453,4,1460.49,66.13,466.34,997.37,-1,-1,-1,-1
453,13,1055.70,190.49,276.55,596.14,-1,-1,-1,-1
453,19,58.07,117.11,381.99,935.64,-1,-1,-1,-1
454,1,900.71,98.52,434.61,940.56,-1,-1,-1,-1
454,2,431.31,225.46,276.76,642.06,-1,-1,-1,-1
454,4,1476.78,89.80,453.27,970.24,-1,-1,-1,-1
454,13,1055.64,240.91,265.45,531.23,-1,-1,-1,-1
454,19,54.25,115.44,385.82,950.23,-1,-1,-1,-1
455,1,955.08,73.03,449.31,991.41,-1,-1,-1,-1
455,2,407.30,222.09,291.12,650.75,-1,-1,-1,-1
455,4,1494.33,100.39,433.38,959.83,-1,-1,-1,-1
455,13,1040.09,253.74,252.06,504.43,-1,-1,-1,-1
455,19,58.93,118.56,383.98,954.05,-1,-1,-1,-1
456,1,1016.29,70.67,465.51,991.83,-1,-1,-1,-1
456,2,403.64,224.38,287.46,660.08,-1,-1,-1,-1
456,4,1480.21,106.43,450.36,953.01,-1,-1,-1,-1
456,13,1024.54,266.58,238.67,477.62,-1,-1,-1,-1
456,19,78.11,129.22,370.07,936.53,-1,-1,-1,-1
457,1,1033.10,47.60,510.18,1011.16,-1,-1,-1,-1
457,2,408.23,225.76,274.03,666.92,-1,-1,-1,-1
457,4,1511.28,93.04,409.98,980.29,-1,-1,-1,-1
457,13,1008.99,279.41,225.28,450.81,-1,-1,-1,-1
457,19,97.89,134.59,353.58,930.68,-1,-1,-1,-1
458,1,1078.65,37.52,517.34,1025.28,-1,-1,-1,-1
458,2,404.71,232.95,287.42,657.88,-1,-1,-1,-1
458,4,1510.95,105.80,407.89,955.85,-1,-1,-1,-1
458,13,1002.05,226.08,179.44,590.81,-1,-1,-1,-1
458,19,120.64,126.08,360.98,947.82,-1,-1,-1,-1
459,1,1138.71,7.17,503.55,1068.76,-1,-1,-1,-1
459,2,427.43,247.64,265.06,639.42,-1,-1,-1,-1
459,4,1533.58,112.08,374.51,943.31,-1,-1,-1,-1
459,13,980.30,215.19,187.02,604.87,-1,-1,-1,-1
459,19,130.53,131.50,454.93,938.59,-1,-1,-1,-1
460,1,1182.64,-8.76,515.03,1093.07,-1,-1,-1,-1
460,2,419.73,254.17,261.85,631.64,-1,-1,-1,-1
460,4,1543.31,123.35,350.44,931.15,-1,-1,-1,-1
460,13,950.70,212.88,203.00,589.76,-1,-1,-1,-1
460,19,151.83,105.93,508.60,966.73,-1,-1,-1,-1
461,1,1203.32,20.81,484.58,1051.79,-1,-1,-1,-1
461,2,412.04,260.71,258.64,623.86,-1,-1,-1,-1
461,4,1519.69,121.76,372.53,934.89,-1,-1,-1,-1
461,13,909.72,211.38,228.91,593.67,-1,-1,-1,-1
461,19,171.79,75.83,514.25,1007.41,-1,-1,-1,-1
462,1,1242.21,83.59,463.54,972.73,-1,-1,-1,-1
462,2,404.35,267.25,255.42,616.08,-1,-1,-1,-1
462,4,1479.45,107.61,405.55,950.48,-1,-1,-1,-1
462,13,872.53,211.01,255.01,608.13,-1,-1,-1,-1
462,19,184.94,69.30,516.31,1004.99,-1,-1,-1,-1
463,1,1291.20,99.47,449.55,943.32,-1,-1,-1,-1
463,2,396.66,273.78,252.21,608.29,-1,-1,-1,-1
463,4,1481.16,106.12,407.29,954.51,-1,-1,-1,-1
463,13,852.03,212.16,258.50,619.44,-1,-1,-1,-1
463,19,197.02,60.40,522.95,1017.87,-1,-1,-1,-1
464,1,1340.20,115.35,435.56,913.91,-1,-1,-1,-1
464,4,1482.86,104.62,409.03,958.54,-1,-1,-1,-1
464,13,832.14,214.37,260.41,622.88,-1,-1,-1,-1
464,19,209.10,51.50,529.59,1030.75,-1,-1,-1,-1
465,1,1389.19,131.24,421.57,884.51,-1,-1,-1,-1
465,4,1484.56,103.13,410.77,962.57,-1,-1,-1,-1
465,13,810.53,213.37,244.20,621.87,-1,-1,-1,-1
465,19,221.18,42.60,536.23,1043.63,-1,-1,-1,-1
466,1,1438.19,147.12,407.57,855.10,-1,-1,-1,-1
466,4,1486.27,101.63,412.52,966.60,-1,-1,-1,-1
466,13,797.16,217.12,220.63,605.36,-1,-1,-1,-1
466,19,233.26,33.70,542.87,1056.51,-1,-1,-1,-1
467,13,771.59,218.94,216.41,598.63,-1,-1,-1,-1
467,19,301.46,222.01,172.68,555.23,-1,-1,-1,-1
468,13,753.36,219.65,212.20,588.71,-1,-1,-1,-1
468,19,290.49,221.30,160.17,550.87,-1,-1,-1,-1
469,2,289.13,197.98,228.95,810.77,-1,-1,-1,-1
469,13,741.86,219.68,212.45,572.15,-1,-1,-1,-1
469,19,297.35,242.71,142.92,491.54,-1,-1,-1,-1
470,2,276.06,190.62,258.67,838.39,-1,-1,-1,-1
470,13,757.10,217.93,176.07,574.88,-1,-1,-1,-1
470,19,304.21,264.13,125.67,432.22,-1,-1,-1,-1
471,1,1364.01,98.12,559.30,947.69,-1,-1,-1,-1
471,2,269.52,183.75,291.21,856.08,-1,-1,-1,-1
471,13,619.22,63.94,331.76,913.24,-1,-1,-1,-1
471,19,311.07,285.54,108.41,372.90,-1,-1,-1,-1
472,1,1389.63,116.68,534.91,910.39,-1,-1,-1,-1
472,2,269.06,183.22,313.81,859.19,-1,-1,-1,-1
472,4,1391.35,193.47,245.05,644.02,-1,-1,-1,-1
472,13,547.71,-4.25,457.42,1056.53,-1,-1,-1,-1
472,19,317.93,306.96,91.16,313.57,-1,-1,-1,-1
473,1,1428.93,106.80,501.30,943.07,-1,-1,-1,-1
473,2,278.12,184.25,329.78,865.85,-1,-1,-1,-1
473,4,1406.30,188.75,213.81,639.99,-1,-1,-1,-1
473,13,493.64,-73.75,518.82,1198.35,-1,-1,-1,-1
474,1,1460.90,103.09,473.53,954.01,-1,-1,-1,-1
474,2,289.83,180.09,349.62,875.17,-1,-1,-1,-1
474,4,1411.33,178.46,198.64,667.10,-1,-1,-1,-1
474,13,439.57,-143.26,580.22,1340.17,-1,-1,-1,-1
475,1,1477.45,92.85,460.57,955.81,-1,-1,-1,-1
475,2,290.69,178.90,385.14,877.55,-1,-1,-1,-1
475,4,1390.36,170.37,214.23,685.40,-1,-1,-1,-1
475,13,561.35,133.71,246.70,786.07,-1,-1,-1,-1
476,1,1486.44,84.91,452.98,964.83,-1,-1,-1,-1
476,2,296.34,196.43,412.26,862.10,-1,-1,-1,-1
476,4,1355.98,167.60,244.81,693.34,-1,-1,-1,-1
476,13,568.42,198.99,206.57,633.47,-1,-1,-1,-1
477,1,1498.76,100.10,439.48,959.41,-1,-1,-1,-1
477,2,317.68,195.19,420.01,861.31,-1,-1,-1,-1
477,4,1317.33,181.76,282.45,676.79,-1,-1,-1,-1
477,13,568.55,215.19,190.67,619.57,-1,-1,-1,-1
478,1,1492.20,99.67,446.53,972.44,-1,-1,-1,-1
478,2,359.80,193.50,382.74,858.56,-1,-1,-1,-1
478,4,1293.18,192.91,298.94,662.90,-1,-1,-1,-1
478,13,555.73,243.99,173.84,564.95,-1,-1,-1,-1
479,1,1538.39,104.86,388.57,965.92,-1,-1,-1,-1
479,2,404.73,187.97,342.67,867.60,-1,-1,-1,-1
479,4,1284.90,200.54,295.48,655.99,-1,-1,-1,-1
479,13,542.92,272.78,157.02,510.33,-1,-1,-1,-1
480,1,1503.21,117.08,426.16,938.79,-1,-1,-1,-1
480,2,441.20,173.11,307.27,874.25,-1,-1,-1,-1
480,4,1243.76,201.69,310.13,692.55,-1,-1,-1,-1
480,13,530.10,301.57,140.20,455.71,-1,-1,-1,-1
481,1,1504.55,132.48,419.26,887.21,-1,-1,-1,-1
481,2,453.79,171.94,315.00,879.85,-1,-1,-1,-1
481,4,1224.21,199.67,315.40,704.27,-1,-1,-1,-1
481,13,517.28,330.36,123.39,401.08,-1,-1,-1,-1
482,1,1499.57,138.98,423.96,851.47,-1,-1,-1,-1
482,2,449.59,170.37,361.69,885.39,-1,-1,-1,-1
482,4,1073.35,53.74,451.70,989.38,-1,-1,-1,-1
482,13,455.67,195.85,169.58,657.45,-1,-1,-1,-1
483,1,1499.39,140.50,419.60,830.02,-1,-1,-1,-1
483,2,506.80,183.17,341.08,868.42,-1,-1,-1,-1
483,4,1022.48,2.97,500.65,1096.52,-1,-1,-1,-1
483,13,414.41,198.47,195.21,654.68,-1,-1,-1,-1
484,1,1524.02,144.55,387.39,779.78,-1,-1,-1,-1
484,2,541.71,190.92,340.74,854.37,-1,-1,-1,-1
484,4,971.60,-47.80,549.61,1203.66,-1,-1,-1,-1
484,13,365.58,200.06,230.32,667.36,-1,-1,-1,-1
485,1,1548.99,151.37,346.54,739.82,-1,-1,-1,-1
485,2,571.71,189.31,335.17,864.67,-1,-1,-1,-1
485,4,1039.19,-17.32,514.78,1130.95,-1,-1,-1,-1
485,13,294.07,195.95,286.78,705.16,-1,-1,-1,-1
486,1,1551.76,139.86,328.56,773.27,-1,-1,-1,-1
486,2,586.79,189.50,348.29,868.38,-1,-1,-1,-1
486,4,1073.49,151.26,280.96,768.90,-1,-1,-1,-1
486,13,246.75,195.48,318.01,723.79,-1,-1,-1,-1
487,1,1536.72,163.63,327.49,729.74,-1,-1,-1,-1
487,2,610.46,183.93,354.13,874.12,-1,-1,-1,-1
487,4,1045.50,202.49,253.61,635.08,-1,-1,-1,-1
487,13,221.24,202.57,318.82,720.71,-1,-1,-1,-1
488,1,1526.77,175.11,291.26,696.79,-1,-1,-1,-1
488,2,627.20,172.94,372.81,890.95,-1,-1,-1,-1
488,4,1020.77,221.47,256.72,595.84,-1,-1,-1,-1
488,13,213.32,198.19,299.06,732.54,-1,-1,-1,-1
489,1,1515.99,174.41,272.65,699.60,-1,-1,-1,-1
489,2,658.91,149.11,372.40,926.24,-1,-1,-1,-1
489,4,1006.35,219.80,238.68,590.97,-1,-1,-1,-1
489,13,212.22,197.87,283.09,734.88,-1,-1,-1,-1
490,1,1511.63,178.17,267.13,685.47,-1,-1,-1,-1
490,2,693.64,147.61,373.65,932.94,-1,-1,-1,-1
490,4,1004.79,216.56,201.71,588.81,-1,-1,-1,-1
490,13,211.48,200.63,277.57,729.07,-1,-1,-1,-1
491,1,1507.28,181.93,261.61,671.33,-1,-1,-1,-1
491,2,742.30,137.10,344.25,933.92,-1,-1,-1,-1
491,4,990.90,214.02,185.93,588.21,-1,-1,-1,-1
491,13,210.01,200.94,277.52,728.74,-1,-1,-1,-1
491,26,1247.29,38.61,429.51,1030.62,-1,-1,-1,-1
492,1,1502.92,185.69,256.09,657.20,-1,-1,-1,-1
492,2,786.87,143.94,319.65,926.64,-1,-1,-1,-1
492,4,975.74,216.54,180.08,576.19,-1,-1,-1,-1
492,13,196.24,190.11,293.06,775.12,-1,-1,-1,-1
492,26,1251.46,40.59,410.18,1026.15,-1,-1,-1,-1
493,1,1498.57,189.45,250.57,643.07,-1,-1,-1,-1
493,2,813.45,134.74,327.18,939.97,-1,-1,-1,-1
493,4,959.56,206.21,187.02,577.41,-1,-1,-1,-1
493,13,188.42,186.13,299.63,799.15,-1,-1,-1,-1
493,26,1263.22,45.18,398.37,1019.36,-1,-1,-1,-1
494,2,830.69,132.84,339.41,944.01,-1,-1,-1,-1
494,4,939.50,205.51,184.87,570.80,-1,-1,-1,-1
494,13,182.15,187.67,300.45,810.60,-1,-1,-1,-1
494,26,1293.23,50.33,383.37,997.65,-1,-1,-1,-1
495,2,829.02,129.60,374.58,949.69,-1,-1,-1,-1
495,4,919.43,204.80,182.72,564.19,-1,-1,-1,-1
495,13,169.32,189.68,304.38,811.58,-1,-1,-1,-1
495,26,1324.11,42.80,362.95,1003.65,-1,-1,-1,-1
496,1,1314.58,184.13,164.49,563.17,-1,-1,-1,-1
496,2,849.80,139.27,401.13,926.55,-1,-1,-1,-1
496,4,899.37,204.10,180.57,557.57,-1,-1,-1,-1
496,13,142.32,189.37,315.55,816.25,-1,-1,-1,-1
496,26,1295.25,52.09,419.43,985.17,-1,-1,-1,-1
497,1,1279.54,187.75,157.23,561.12,-1,-1,-1,-1
497,2,860.93,134.61,431.07,931.45,-1,-1,-1,-1
497,4,849.94,221.40,158.79,568.81,-1,-1,-1,-1
497,13,115.40,182.59,330.13,835.00,-1,-1,-1,-1
497,26,1315.14,66.63,409.73,978.47,-1,-1,-1,-1
498,1,1247.71,188.98,212.69,596.27,-1,-1,-1,-1
498,2,889.10,127.19,435.01,939.14,-1,-1,-1,-1
498,4,826.17,222.03,164.35,575.76,-1,-1,-1,-1
498,13,91.99,175.31,340.81,852.68,-1,-1,-1,-1
498,26,1340.91,78.56,394.04,971.40,-1,-1,-1,-1
499,1,1233.84,212.80,195.58,463.95,-1,-1,-1,-1
499,2,926.46,112.36,437.27,953.52,-1,-1,-1,-1
499,4,802.31,211.43,173.71,609.77,-1,-1,-1,-1
499,13,77.53,171.71,350.61,861.71,-1,-1,-1,-1
499,26,1354.72,92.82,392.68,937.85,-1,-1,-1,-1
500,1,1219.52,230.95,173.17,410.79,-1,-1,-1,-1
500,2,952.76,95.44,434.64,972.56,-1,-1,-1,-1
500,4,781.44,212.71,180.72,607.47,-1,-1,-1,-1
500,13,70.40,166.69,353.87,875.91,-1,-1,-1,-1
500,26,1374.80,99.28,385.75,942.07,-1,-1,-1,-1
501,1,1205.21,249.09,150.76,357.63,-1,-1,-1,-1
501,2,977.92,85.57,439.63,990.44,-1,-1,-1,-1
501,4,770.74,211.47,182.44,605.43,-1,-1,-1,-1
501,13,69.63,164.09,353.42,881.46,-1,-1,-1,-1
501,26,1387.49,102.31,382.33,945.59,-1,-1,-1,-1
502,1,1190.90,267.24,128.35,304.47,-1,-1,-1,-1
502,2,997.24,97.39,444.03,968.75,-1,-1,-1,-1
502,4,733.83,217.73,215.24,595.93,-1,-1,-1,-1
502,13,76.02,164.07,350.73,888.96,-1,-1,-1,-1
502,26,1394.95,93.33,385.93,945.39,-1,-1,-1,-1
503,1,1176.58,285.39,105.94,251.31,-1,-1,-1,-1
503,2,1024.72,59.54,433.30,1012.57,-1,-1,-1,-1
503,4,690.55,221.98,252.50,598.81,-1,-1,-1,-1
503,13,87.69,157.69,346.04,899.58,-1,-1,-1,-1
503,26,1408.48,88.60,377.09,929.43,-1,-1,-1,-1
504,2,1044.27,55.58,439.37,1001.19,-1,-1,-1,-1
504,4,645.77,223.52,293.27,598.52,-1,-1,-1,-1
504,13,99.97,150.60,345.49,908.76,-1,-1,-1,-1
504,26,1426.38,91.39,356.17,913.70,-1,-1,-1,-1
505,2,1066.48,46.27,443.30,1013.09,-1,-1,-1,-1
505,4,613.21,221.66,313.33,608.23,-1,-1,-1,-1
505,13,113.91,139.76,343.98,921.32,-1,-1,-1,-1
505,26,1441.95,92.94,342.76,898.14,-1,-1,-1,-1
506,2,1084.80,49.52,450.29,1006.31,-1,-1,-1,-1
506,4,584.40,229.34,329.71,604.26,-1,-1,-1,-1
506,13,127.49,137.04,344.15,920.92,-1,-1,-1,-1
506,26,1452.08,96.57,336.21,888.33,-1,-1,-1,-1
507,1,1045.44,218.30,153.98,591.29,-1,-1,-1,-1
507,2,1099.71,51.59,459.71,1007.39,-1,-1,-1,-1
507,4,572.18,235.51,322.71,601.75,-1,-1,-1,-1
507,13,132.47,137.31,353.91,917.29,-1,-1,-1,-1
507,26,1460.89,94.94,321.53,867.06,-1,-1,-1,-1
508,1,1006.91,212.43,179.50,607.75,-1,-1,-1,-1
508,2,1137.14,59.24,457.03,1007.34,-1,-1,-1,-1
508,4,571.21,228.22,281.34,610.26,-1,-1,-1,-1
508,13,148.32,132.25,350.13,918.07,-1,-1,-1,-1
508,26,1462.00,100.09,329.22,861.36,-1,-1,-1,-1
509,1,978.95,212.90,196.73,609.93,-1,-1,-1,-1
509,2,1167.46,80.77,473.89,978.50,-1,-1,-1,-1
509,4,567.97,218.47,232.34,626.15,-1,-1,-1,-1
509,13,165.18,117.59,345.81,945.46,-1,-1,-1,-1
509,26,1477.15,109.53,317.24,859.34,-1,-1,-1,-1
510,1,956.23,207.80,204.43,617.82,-1,-1,-1,-1
510,2,1223.84,99.27,465.32,948.50,-1,-1,-1,-1
510,4,559.81,208.38,201.06,642.77,-1,-1,-1,-1
510,13,180.60,114.07,351.97,953.82,-1,-1,-1,-1
510,26,1486.66,112.25,314.49,851.89,-1,-1,-1,-1
511,1,927.93,205.53,229.95,617.66,-1,-1,-1,-1
511,2,1286.31,85.17,441.98,966.70,-1,-1,-1,-1
511,4,541.36,210.82,193.99,646.79,-1,-1,-1,-1
511,13,190.61,122.41,368.99,938.66,-1,-1,-1,-1
511,26,1563.94,213.19,211.90,459.95,-1,-1,-1,-1
512,1,911.10,203.82,238.58,613.62,-1,-1,-1,-1
512,2,1344.90,84.05,430.69,969.40,-1,-1,-1,-1
512,4,529.14,211.63,189.86,645.98,-1,-1,-1,-1
512,13,205.69,111.93,384.31,949.87,-1,-1,-1,-1
512,26,1607.44,269.55,146.39,317.76,-1,-1,-1,-1
513,1,894.79,208.12,255.74,604.96,-1,-1,-1,-1
513,2,1381.10,66.86,461.75,993.31,-1,-1,-1,-1
513,4,524.82,206.72,182.09,647.73,-1,-1,-1,-1
513,13,208.71,101.58,436.56,966.19,-1,-1,-1,-1
513,26,1650.94,325.90,80.89,175.57,-1,-1,-1,-1
514,1,879.10,207.64,262.83,606.88,-1,-1,-1,-1
514,2,1413.65,68.44,461.21,993.07,-1,-1,-1,-1
514,4,504.94,205.43,183.05,651.22,-1,-1,-1,-1
514,13,214.72,93.27,467.00,974.16,-1,-1,-1,-1
514,26,1694.43,382.26,15.38,33.38,-1,-1,-1,-1
515,1,864.67,214.13,256.23,595.36,-1,-1,-1,-1
515,2,1428.56,63.42,476.33,1001.36,-1,-1,-1,-1
515,4,485.06,204.15,184.01,654.70,-1,-1,-1,-1
515,13,221.36,93.26,491.93,964.02,-1,-1,-1,-1
515,26,1737.93,438.61,-50.13,-108.81,-1,-1,-1,-1
516,1,856.63,209.81,228.62,596.20,-1,-1,-1,-1
516,2,1443.92,81.46,486.79,983.32,-1,-1,-1,-1
516,4,465.18,202.87,184.97,658.18,-1,-1,-1,-1
516,13,250.50,91.28,489.67,966.84,-1,-1,-1,-1
517,1,835.82,210.75,207.74,587.76,-1,-1,-1,-1
517,2,1456.39,98.00,485.50,966.79,-1,-1,-1,-1
517,4,445.30,201.58,185.93,661.67,-1,-1,-1,-1
517,13,297.22,92.79,478.27,975.42,-1,-1,-1,-1
518,1,802.52,213.96,206.73,553.06,-1,-1,-1,-1
518,2,1482.31,101.44,461.32,971.43,-1,-1,-1,-1
518,4,325.96,211.80,218.17,674.17,-1,-1,-1,-1
518,13,325.40,118.57,477.30,945.70,-1,-1,-1,-1
519,1,764.29,195.16,227.56,583.27,-1,-1,-1,-1
519,2,1536.10,103.94,404.15,968.33,-1,-1,-1,-1
519,4,324.19,208.82,195.18,645.45,-1,-1,-1,-1
519,13,342.57,127.34,511.32,936.80,-1,-1,-1,-1
520,1,765.89,196.54,209.09,575.00,-1,-1,-1,-1
520,2,1569.34,107.08,371.49,963.41,-1,-1,-1,-1
520,4,318.88,195.23,211.52,698.50,-1,-1,-1,-1
520,13,385.95,125.33,530.56,939.11,-1,-1,-1,-1
520,30,1345.67,147.96,295.38,718.47,-1,-1,-1,-1
521,1,744.70,195.47,208.40,573.15,-1,-1,-1,-1
521,2,1569.33,85.45,375.10,988.46,-1,-1,-1,-1
521,4,300.31,181.74,229.66,761.31,-1,-1,-1,-1
521,13,473.59,95.93,472.62,982.14,-1,-1,-1,-1
521,30,1340.89,151.24,280.96,709.54,-1,-1,-1,-1
522,1,723.51,194.41,207.70,571.29,-1,-1,-1,-1
522,2,1558.50,78.15,388.17,1001.67,-1,-1,-1,-1
522,4,283.03,181.14,255.04,791.41,-1,-1,-1,-1
522,13,538.32,98.33,448.93,972.15,-1,-1,-1,-1
522,30,1326.35,151.19,266.04,691.54,-1,-1,-1,-1
523,1,702.33,193.34,207.01,569.44,-1,-1,-1,-1
523,2,1557.17,90.09,384.67,989.37,-1,-1,-1,-1
523,4,272.66,174.31,278.77,822.49,-1,-1,-1,-1
523,13,572.01,82.70,468.04,978.40,-1,-1,-1,-1
523,30,1309.39,160.36,254.52,665.43,-1,-1,-1,-1
524,1,681.14,192.28,206.32,567.59,-1,-1,-1,-1
524,2,1578.75,124.94,356.47,928.96,-1,-1,-1,-1
524,4,269.82,174.15,282.06,839.09,-1,-1,-1,-1
524,13,628.49,77.78,468.96,992.29,-1,-1,-1,-1
524,30,1272.93,158.07,255.67,656.66,-1,-1,-1,-1
525,1,625.33,206.41,209.80,593.21,-1,-1,-1,-1
525,2,1598.01,151.05,328.10,888.04,-1,-1,-1,-1
525,4,259.11,190.12,294.59,818.18,-1,-1,-1,-1
525,13,636.73,81.41,519.76,985.85,-1,-1,-1,-1
525,30,1230.56,160.37,268.08,645.37,-1,-1,-1,-1
526,1,586.49,200.78,225.49,601.36,-1,-1,-1,-1
526,2,1607.58,156.42,319.46,884.13,-1,-1,-1,-1
526,4,245.97,197.53,304.66,808.08,-1,-1,-1,-1
526,13,733.33,102.27,465.28,961.32,-1,-1,-1,-1
526,30,1185.53,152.55,295.20,654.05,-1,-1,-1,-1
527,1,550.02,188.12,246.20,623.99,-1,-1,-1,-1
527,2,1611.91,172.88,312.89,858.40,-1,-1,-1,-1
527,4,226.34,191.93,317.93,818.52,-1,-1,-1,-1
527,13,809.14,72.75,437.47,990.33,-1,-1,-1,-1
527,30,1155.71,155.36,308.61,648.55,-1,-1,-1,-1
528,1,523.63,184.86,264.57,637.38,-1,-1,-1,-1
528,2,1619.51,161.32,305.42,872.74,-1,-1,-1,-1
528,4,214.21,182.00,319.77,840.56,-1,-1,-1,-1
528,13,886.95,82.46,399.75,981.51,-1,-1,-1,-1
528,30,1143.68,149.37,299.93,659.81,-1,-1,-1,-1
529,1,500.69,190.97,281.81,634.16,-1,-1,-1,-1
529,2,1618.37,167.40,302.57,860.80,-1,-1,-1,-1
529,4,202.60,176.15,319.40,856.65,-1,-1,-1,-1
529,13,941.58,69.14,421.81,994.95,-1,-1,-1,-1
529,30,1178.09,198.65,246.24,605.97,-1,-1,-1,-1
530,1,477.50,203.61,308.79,629.06,-1,-1,-1,-1
530,2,1609.29,147.86,302.24,893.37,-1,-1,-1,-1
530,4,190.36,176.89,323.72,860.11,-1,-1,-1,-1
530,13,979.35,67.70,446.98,999.52,-1,-1,-1,-1
530,26,1620.41,509.69,267.79,428.87,-1,-1,-1,-1
530,30,1165.30,212.05,237.61,584.74,-1,-1,-1,-1
531,1,473.32,218.81,295.45,617.55,-1,-1,-1,-1
531,2,1583.58,149.65,328.07,886.99,-1,-1,-1,-1
531,4,180.78,167.44,332.81,892.48,-1,-1,-1,-1
531,13,1030.50,55.76,440.89,1006.89,-1,-1,-1,-1
531,26,1589.86,471.66,336.76,539.29,-1,-1,-1,-1
531,30,1152.51,225.45,228.99,563.51,-1,-1,-1,-1
532,1,473.65,212.50,258.59,631.15,-1,-1,-1,-1
532,2,1544.46,151.74,353.64,872.71,-1,-1,-1,-1
532,4,172.81,174.59,348.08,885.71,-1,-1,-1,-1
532,13,1083.29,37.47,417.85,1036.39,-1,-1,-1,-1
532,26,1559.31,433.64,405.73,649.70,-1,-1,-1,-1
532,30,1139.72,238.86,220.37,542.28,-1,-1,-1,-1
533,1,464.67,209.35,225.01,637.20,-1,-1,-1,-1
533,2,1561.49,175.07,273.93,768.18,-1,-1,-1,-1
533,4,170.12,178.82,350.67,880.63,-1,-1,-1,-1
533,13,1096.53,32.71,451.14,1043.15,-1,-1,-1,-1
533,26,1469.62,272.22,417.86,756.36,-1,-1,-1,-1
533,30,1126.93,252.26,211.74,521.05,-1,-1,-1,-1
534,1,442.64,208.07,221.61,641.29,-1,-1,-1,-1
534,2,1564.48,193.60,257.29,721.52,-1,-1,-1,-1
534,4,163.73,180.01,368.89,879.55,-1,-1,-1,-1
534,13,1173.37,26.32,397.76,1047.92,-1,-1,-1,-1
534,26,1466.42,184.39,410.74,871.03,-1,-1,-1,-1
534,30,1020.17,164.42,295.04,606.39,-1,-1,-1,-1
535,1,422.64,208.92,238.31,631.95,-1,-1,-1,-1
535,2,1567.46,212.13,240.65,674.87,-1,-1,-1,-1
535,4,156.72,173.50,387.26,893.16,-1,-1,-1,-1
535,13,1205.67,36.04,408.19,1031.95,-1,-1,-1,-1
535,26,1471.74,167.65,403.69,890.10,-1,-1,-1,-1
535,30,1021.42,158.67,259.44,611.25,-1,-1,-1,-1
536,1,411.27,204.16,257.60,641.87,-1,-1,-1,-1
536,2,1570.45,230.65,224.01,628.21,-1,-1,-1,-1
536,4,148.40,163.31,409.09,913.69,-1,-1,-1,-1
536,13,1246.88,33.75,455.25,1036.08,-1,-1,-1,-1
536,26,1451.63,128.46,435.63,960.50,-1,-1,-1,-1
536,30,1024.37,160.67,231.77,608.44,-1,-1,-1,-1
537,1,403.86,192.26,294.51,658.63,-1,-1,-1,-1
537,2,1573.43,249.18,207.37,581.56,-1,-1,-1,-1
537,4,142.84,157.44,431.15,921.93,-1,-1,-1,-1
537,13,1288.29,26.39,452.37,1048.09,-1,-1,-1,-1
537,26,1431.52,89.27,467.57,1030.90,-1,-1,-1,-1
537,30,1009.51,170.33,229.68,596.77,-1,-1,-1,-1
538,1,400.90,211.25,317.74,581.44,-1,-1,-1,-1
538,4,147.29,172.63,429.95,892.25,-1,-1,-1,-1
538,13,1330.49,34.11,419.21,1030.96,-1,-1,-1,-1
538,26,1411.42,50.08,499.51,1101.31,-1,-1,-1,-1
538,30,984.75,191.04,241.24,570.86,-1,-1,-1,-1
539,1,398.34,222.45,303.06,554.51,-1,-1,-1,-1
539,4,154.28,173.06,430.71,885.09,-1,-1,-1,-1
539,13,1363.87,47.87,410.83,1022.04,-1,-1,-1,-1
539,26,1391.31,10.89,531.45,1171.71,-1,-1,-1,-1
539,30,951.02,199.78,267.53,569.09,-1,-1,-1,-1
540,1,395.78,233.65,288.38,527.59,-1,-1,-1,-1
540,4,172.53,158.33,430.30,907.73,-1,-1,-1,-1
540,13,1378.71,48.11,447.05,1016.87,-1,-1,-1,-1
540,30,903.44,217.97,317.19,553.15,-1,-1,-1,-1
541,1,393.22,244.85,273.70,500.67,-1,-1,-1,-1
541,4,183.67,153.12,426.91,915.82,-1,-1,-1,-1
541,13,1410.67,50.60,434.99,1021.61,-1,-1,-1,-1
541,26,1322.48,173.89,244.33,763.87,-1,-1,-1,-1
541,30,878.59,227.37,341.22,552.78,-1,-1,-1,-1
542,1,390.67,256.05,259.02,473.75,-1,-1,-1,-1
542,4,202.29,144.85,415.69,929.26,-1,-1,-1,-1
542,13,1442.98,71.15,428.55,988.45,-1,-1,-1,-1
542,26,1277.99,192.35,238.16,714.20,-1,-1,-1,-1
542,30,860.63,241.06,358.47,542.64,-1,-1,-1,-1
543,4,203.45,136.93,429.38,940.29,-1,-1,-1,-1
543,13,1467.33,82.25,422.09,978.04,-1,-1,-1,-1
543,26,1258.95,210.56,242.00,679.62,-1,-1,-1,-1
543,30,852.51,250.76,346.32,532.67,-1,-1,-1,-1
544,4,192.45,121.03,457.62,955.14,-1,-1,-1,-1
544,13,1480.10,87.31,431.53,979.02,-1,-1,-1,-1
544,26,1252.45,228.07,243.93,644.17,-1,-1,-1,-1
544,30,831.84,263.14,338.43,507.94,-1,-1,-1,-1
545,4,194.33,113.37,463.47,967.25,-1,-1,-1,-1
545,13,1511.76,105.00,403.63,962.26,-1,-1,-1,-1
545,26,1250.68,234.87,228.25,625.45,-1,-1,-1,-1
545,30,825.47,257.03,293.42,512.46,-1,-1,-1,-1
546,1,149.71,147.13,317.07,460.86,-1,-1,-1,-1
546,4,196.21,105.71,469.32,979.37,-1,-1,-1,-1
546,13,1544.38,104.75,351.56,970.41,-1,-1,-1,-1
546,26,1246.96,229.29,214.93,614.43,-1,-1,-1,-1
546,30,808.14,252.57,264.98,524.67,-1,-1,-1,-1
547,1,127.51,141.23,307.75,447.23,-1,-1,-1,-1
547,4,239.71,110.32,535.36,962.81,-1,-1,-1,-1
547,13,1578.62,99.21,298.07,962.33,-1,-1,-1,-1
547,26,1233.14,218.08,215.19,614.71,-1,-1,-1,-1
547,30,791.62,248.30,252.65,538.96,-1,-1,-1,-1
548,1,105.32,135.32,298.43,433.59,-1,-1,-1,-1
548,4,252.49,106.55,537.56,966.63,-1,-1,-1,-1
548,13,1589.77,122.96,292.04,933.81,-1,-1,-1,-1
548,26,1211.99,214.56,220.29,603.42,-1,-1,-1,-1
548,30,771.04,244.58,251.57,540.32,-1,-1,-1,-1
549,1,83.13,129.42,289.10,419.96,-1,-1,-1,-1
549,4,217.50,153.78,423.31,891.34,-1,-1,-1,-1
549,13,1603.55,114.25,276.55,942.09,-1,-1,-1,-1
549,26,1201.96,204.33,211.38,611.98,-1,-1,-1,-1
549,30,769.01,251.94,241.79,540.50,-1,-1,-1,-1
550,1,60.94,123.52,279.77,406.33,-1,-1,-1,-1
550,4,207.55,156.23,386.99,851.93,-1,-1,-1,-1
550,13,1594.13,128.92,292.51,921.76,-1,-1,-1,-1
550,26,1188.98,208.64,209.16,604.62,-1,-1,-1,-1
550,30,748.77,253.04,243.01,543.19,-1,-1,-1,-1
551,4,194.87,140.73,395.77,857.67,-1,-1,-1,-1
551,13,1569.17,158.80,316.68,878.80,-1,-1,-1,-1
551,26,1167.98,216.69,228.57,592.56,-1,-1,-1,-1
551,30,607.71,102.59,437.35,907.11,-1,-1,-1,-1
552,4,188.71,118.57,402.08,895.97,-1,-1,-1,-1
552,13,1546.78,154.64,331.95,883.90,-1,-1,-1,-1
552,26,1150.52,222.60,249.12,586.96,-1,-1,-1,-1
552,30,546.52,55.07,528.25,1021.27,-1,-1,-1,-1
553,4,183.49,108.03,402.05,908.19,-1,-1,-1,-1
553,13,1537.77,152.03,334.38,888.64,-1,-1,-1,-1
553,26,1132.93,226.49,259.69,589.91,-1,-1,-1,-1
553,30,583.81,29.72,497.67,1076.44,-1,-1,-1,-1
554,4,198.02,103.60,396.59,941.01,-1,-1,-1,-1
554,13,1521.82,175.34,352.56,864.80,-1,-1,-1,-1
554,26,1138.85,242.97,214.07,549.19,-1,-1,-1,-1
554,30,641.54,29.47,460.13,1083.92,-1,-1,-1,-1
555,4,214.28,106.42,388.30,953.12,-1,-1,-1,-1
555,13,1498.52,152.27,373.09,892.31,-1,-1,-1,-1
555,26,1150.41,242.67,173.52,530.83,-1,-1,-1,-1
555,30,695.82,52.53,465.78,1052.36,-1,-1,-1,-1
556,4,237.32,110.96,367.16,956.15,-1,-1,-1,-1
556,13,1481.74,158.11,381.85,881.60,-1,-1,-1,-1
556,26,1139.91,248.61,167.43,512.22,-1,-1,-1,-1
556,30,743.81,75.65,472.11,1018.38,-1,-1,-1,-1
557,4,264.70,113.28,350.35,960.57,-1,-1,-1,-1
557,13,1472.54,156.01,338.68,850.71,-1,-1,-1,-1
557,26,1129.41,254.55,161.34,493.60,-1,-1,-1,-1
557,30,784.39,94.21,471.68,987.78,-1,-1,-1,-1
557,37,553.75,197.93,222.99,646.21,-1,-1,-1,-1
558,4,279.70,111.03,420.88,964.72,-1,-1,-1,-1
558,13,1455.10,181.30,300.59,768.96,-1,-1,-1,-1
558,26,1118.91,260.49,155.25,474.99,-1,-1,-1,-1
558,30,837.86,108.29,450.24,965.16,-1,-1,-1,-1
558,37,562.89,192.15,209.91,632.68,-1,-1,-1,-1
559,4,289.78,110.05,451.61,957.96,-1,-1,-1,-1
559,13,1436.21,179.69,283.63,739.31,-1,-1,-1,-1
559,26,1108.41,266.43,149.16,456.38,-1,-1,-1,-1
559,30,896.64,107.70,427.80,958.77,-1,-1,-1,-1
559,37,561.34,185.77,212.12,639.38,-1,-1,-1,-1
560,4,283.83,106.68,461.78,961.64,-1,-1,-1,-1
560,13,1416.27,172.98,276.60,731.31,-1,-1,-1,-1
560,26,1011.44,246.39,161.32,496.17,-1,-1,-1,-1
560,30,988.48,101.05,369.15,970.47,-1,-1,-1,-1
560,37,559.80,179.40,214.34,646.08,-1,-1,-1,-1
561,4,264.05,87.11,494.15,990.45,-1,-1,-1,-1
561,13,1400.02,165.86,268.81,730.22,-1,-1,-1,-1
561,26,976.63,246.79,192.59,509.77,-1,-1,-1,-1
561,30,1070.02,88.07,326.54,990.23,-1,-1,-1,-1
561,37,558.25,173.02,216.55,652.78,-1,-1,-1,-1
562,4,252.90,73.64,534.63,968.18,-1,-1,-1,-1
562,13,1385.82,158.58,270.13,735.11,-1,-1,-1,-1
562,26,951.56,240.62,207.40,529.50,-1,-1,-1,-1
562,30,1132.13,91.45,316.16,988.26,-1,-1,-1,-1
562,37,556.71,166.64,218.76,659.48,-1,-1,-1,-1
563,4,262.18,70.27,533.86,966.66,-1,-1,-1,-1
563,13,1405.56,159.32,231.11,726.52,-1,-1,-1,-1
563,26,931.67,230.21,201.48,556.72,-1,-1,-1,-1
563,30,1161.16,108.77,398.17,970.17,-1,-1,-1,-1
564,4,335.11,70.89,506.47,974.59,-1,-1,-1,-1
564,13,1276.60,108.09,369.40,889.33,-1,-1,-1,-1
564,26,911.11,223.00,195.19,574.99,-1,-1,-1,-1
564,30,1199.81,114.87,395.87,964.55,-1,-1,-1,-1
564,37,359.62,207.47,242.71,572.75,-1,-1,-1,-1
565,4,439.11,75.92,443.10,984.05,-1,-1,-1,-1
565,13,1243.15,71.19,413.32,982.30,-1,-1,-1,-1
565,26,888.81,219.40,190.20,586.13,-1,-1,-1,-1
565,30,1238.45,120.98,393.57,958.94,-1,-1,-1,-1
565,37,360.64,180.41,264.43,684.43,-1,-1,-1,-1
566,4,505.15,76.87,447.59,988.02,-1,-1,-1,-1
566,13,1237.74,77.92,428.26,992.11,-1,-1,-1,-1
566,26,876.60,227.59,167.92,576.48,-1,-1,-1,-1
566,30,1277.09,127.08,391.27,953.32,-1,-1,-1,-1
566,37,363.39,174.96,257.16,717.55,-1,-1,-1,-1
567,4,559.36,70.13,457.67,1003.87,-1,-1,-1,-1
567,13,1236.01,85.55,439.73,994.57,-1,-1,-1,-1
567,26,853.22,225.85,169.33,581.34,-1,-1,-1,-1
567,30,1315.73,133.18,388.97,947.70,-1,-1,-1,-1
567,37,358.53,176.17,261.97,744.58,-1,-1,-1,-1
568,4,607.54,75.85,480.91,1001.60,-1,-1,-1,-1
568,13,1257.96,148.42,319.42,816.09,-1,-1,-1,-1
568,26,829.83,224.11,170.73,586.19,-1,-1,-1,-1
568,30,1289.78,114.21,423.71,961.72,-1,-1,-1,-1
568,37,352.79,178.32,265.68,769.55,-1,-1,-1,-1
569,4,644.31,74.01,483.08,1006.03,-1,-1,-1,-1
569,13,1262.62,196.28,241.36,668.31,-1,-1,-1,-1
569,26,806.44,222.37,172.13,591.05,-1,-1,-1,-1
569,30,1307.70,110.49,431.53,957.92,-1,-1,-1,-1
569,37,341.05,184.17,283.17,780.10,-1,-1,-1,-1
570,4,681.08,72.18,485.25,1010.45,-1,-1,-1,-1
570,13,1247.23,200.29,231.79,636.61,-1,-1,-1,-1
570,26,783.06,220.63,173.54,595.91,-1,-1,-1,-1
570,30,1391.62,107.66,366.83,957.93,-1,-1,-1,-1
570,37,326.49,194.20,302.73,773.87,-1,-1,-1,-1
571,4,753.29,234.09,212.39,632.82,-1,-1,-1,-1
571,13,1258.89,210.46,211.64,608.18,-1,-1,-1,-1
571,30,1447.81,97.08,331.35,978.44,-1,-1,-1,-1
571,37,315.39,196.41,324.40,777.73,-1,-1,-1,-1
572,4,732.38,284.30,209.09,553.99,-1,-1,-1,-1
572,13,1258.22,207.74,204.61,619.50,-1,-1,-1,-1
572,30,1485.70,94.47,311.27,972.73,-1,-1,-1,-1
572,37,305.48,192.81,337.85,789.08,-1,-1,-1,-1
573,4,700.22,256.46,233.67,583.58,-1,-1,-1,-1
573,13,1251.69,224.19,197.18,592.89,-1,-1,-1,-1
573,30,1507.57,100.16,299.60,955.46,-1,-1,-1,-1
573,37,298.25,183.55,337.95,810.61,-1,-1,-1,-1
574,4,682.78,233.98,251.84,626.82,-1,-1,-1,-1
574,13,1246.54,220.72,197.81,608.16,-1,-1,-1,-1
574,30,1528.59,106.93,282.28,947.50,-1,-1,-1,-1
574,37,288.65,180.94,327.79,806.08,-1,-1,-1,-1
575,4,659.43,224.92,275.23,646.04,-1,-1,-1,-1
575,13,1236.36,222.95,195.65,601.56,-1,-1,-1,-1
575,30,1544.26,115.30,273.29,935.83,-1,-1,-1,-1
575,37,271.50,178.83,319.89,803.91,-1,-1,-1,-1
576,4,627.93,222.61,299.89,664.15,-1,-1,-1,-1
576,13,1099.80,83.14,378.21,938.90,-1,-1,-1,-1
576,30,1546.15,119.22,277.49,932.52,-1,-1,-1,-1
576,37,245.09,167.58,316.77,834.41,-1,-1,-1,-1
577,4,602.73,218.70,299.95,679.49,-1,-1,-1,-1
577,13,1090.15,39.18,384.27,1038.24,-1,-1,-1,-1
577,30,1546.17,115.37,275.42,947.37,-1,-1,-1,-1
577,37,223.84,149.89,313.24,887.29,-1,-1,-1,-1
578,4,579.04,228.10,301.44,672.76,-1,-1,-1,-1
578,13,1014.73,177.54,475.61,779.55,-1,-1,-1,-1
578,30,1540.11,128.84,284.47,924.15,-1,-1,-1,-1
578,37,205.23,158.12,325.16,885.53,-1,-1,-1,-1
579,4,562.51,232.11,307.16,671.87,-1,-1,-1,-1
579,13,1066.58,222.58,306.40,638.67,-1,-1,-1,-1
579,30,1533.65,136.24,291.15,899.49,-1,-1,-1,-1
579,37,193.83,154.96,336.83,902.91,-1,-1,-1,-1
580,4,561.24,222.32,268.28,687.79,-1,-1,-1,-1
580,13,1075.52,264.74,253.63,527.81,-1,-1,-1,-1
580,30,1538.90,146.86,288.60,879.52,-1,-1,-1,-1
580,37,176.73,146.40,366.67,919.11,-1,-1,-1,-1
581,4,543.58,219.50,253.92,688.24,-1,-1,-1,-1
581,13,1057.00,238.96,266.18,552.31,-1,-1,-1,-1
581,30,1544.15,150.97,284.82,874.31,-1,-1,-1,-1
581,37,172.92,136.61,388.79,940.39,-1,-1,-1,-1
582,4,517.64,212.31,248.00,698.57,-1,-1,-1,-1
582,13,1044.59,226.16,264.28,564.68,-1,-1,-1,-1
582,30,1548.51,158.19,277.98,852.72,-1,-1,-1,-1
582,37,174.70,127.81,379.88,950.90,-1,-1,-1,-1
583,4,486.49,209.76,259.47,702.03,-1,-1,-1,-1
583,13,1043.99,236.44,230.01,549.39,-1,-1,-1,-1
583,30,1566.21,162.94,250.06,848.05,-1,-1,-1,-1
583,37,168.23,122.30,408.88,961.69,-1,-1,-1,-1
584,4,460.95,211.81,275.97,688.89,-1,-1,-1,-1
584,13,1032.16,231.81,194.54,553.01,-1,-1,-1,-1
584,30,1571.39,169.74,233.62,832.57,-1,-1,-1,-1
584,37,171.72,131.54,427.14,950.48,-1,-1,-1,-1
585,4,450.46,215.06,287.88,677.66,-1,-1,-1,-1
585,13,1019.67,231.60,171.95,551.74,-1,-1,-1,-1
585,30,1579.51,176.27,229.95,819.52,-1,-1,-1,-1
585,37,176.15,132.27,444.87,948.09,-1,-1,-1,-1
586,4,444.57,220.23,309.07,669.49,-1,-1,-1,-1
586,13,993.74,234.94,170.30,553.06,-1,-1,-1,-1
586,30,1587.63,182.80,226.27,806.47,-1,-1,-1,-1
586,37,190.25,145.95,432.02,922.63,-1,-1,-1,-1
586,42,1307.54,123.16,465.19,928.48,-1,-1,-1,-1
587,4,436.91,221.96,319.17,670.84,-1,-1,-1,-1
587,13,963.91,231.46,192.21,559.06,-1,-1,-1,-1
587,30,1595.75,189.33,222.60,793.42,-1,-1,-1,-1
587,37,200.39,130.07,398.50,944.36,-1,-1,-1,-1
587,42,1317.41,115.01,445.60,914.61,-1,-1,-1,-1
588,4,451.07,213.06,299.40,687.95,-1,-1,-1,-1
588,13,927.96,222.56,221.34,566.54,-1,-1,-1,-1
588,26,479.64,538.40,229.26,369.34,-1,-1,-1,-1
588,30,1603.87,195.86,218.93,780.37,-1,-1,-1,-1
588,37,211.63,106.88,385.71,972.78,-1,-1,-1,-1
588,42,1305.52,97.02,468.00,932.87,-1,-1,-1,-1
589,4,456.24,216.20,278.17,687.32,-1,-1,-1,-1
589,13,889.14,232.71,261.35,553.45,-1,-1,-1,-1
589,26,468.75,556.95,219.71,353.93,-1,-1,-1,-1
589,37,203.32,103.27,464.47,959.69,-1,-1,-1,-1
589,42,1274.07,95.65,506.10,918.24,-1,-1,-1,-1
590,4,438.91,207.48,283.95,716.43,-1,-1,-1,-1
590,13,868.25,223.13,269.77,562.55,-1,-1,-1,-1
590,26,457.85,575.49,210.16,338.53,-1,-1,-1,-1
590,37,208.39,89.03,487.08,967.23,-1,-1,-1,-1
590,42,1239.63,92.20,527.68,917.60,-1,-1,-1,-1
591,4,320.12,116.02,394.45,896.15,-1,-1,-1,-1
591,13,864.97,224.44,260.11,556.90,-1,-1,-1,-1
591,26,446.96,594.03,200.61,323.12,-1,-1,-1,-1
591,37,213.40,83.44,489.45,971.93,-1,-1,-1,-1
591,42,1216.76,96.10,534.82,900.28,-1,-1,-1,-1
592,4,257.35,70.53,478.17,989.31,-1,-1,-1,-1
592,13,863.02,223.17,227.76,555.33,-1,-1,-1,-1
592,26,436.07,612.58,191.06,307.71,-1,-1,-1,-1
592,37,218.41,77.85,491.82,976.63,-1,-1,-1,-1
592,42,1208.23,103.71,510.62,905.50,-1,-1,-1,-1
593,4,219.10,27.91,520.14,1076.02,-1,-1,-1,-1
593,13,845.12,222.17,227.20,553.97,-1,-1,-1,-1
593,37,223.42,72.26,494.20,981.32,-1,-1,-1,-1
593,42,1209.97,118.61,479.94,895.36,-1,-1,-1,-1
594,4,180.84,-14.72,562.12,1162.74,-1,-1,-1,-1
594,13,827.22,221.17,226.64,552.60,-1,-1,-1,-1
594,37,228.43,66.68,496.57,986.02,-1,-1,-1,-1
594,42,1239.96,131.05,412.87,883.33,-1,-1,-1,-1
595,4,142.58,-57.34,604.10,1249.46,-1,-1,-1,-1
595,13,809.32,220.17,226.08,551.24,-1,-1,-1,-1
595,42,1267.42,147.14,363.42,848.69,-1,-1,-1,-1
596,4,104.32,-99.96,646.09,1336.18,-1,-1,-1,-1
596,13,794.32,198.66,215.19,588.71,-1,-1,-1,-1
596,42,1277.78,148.74,337.29,834.31,-1,-1,-1,-1
597,4,225.12,203.30,299.61,673.85,-1,-1,-1,-1
597,13,774.38,192.77,218.16,596.86,-1,-1,-1,-1
597,42,1292.08,145.32,322.23,839.01,-1,-1,-1,-1
598,4,201.30,230.20,340.81,728.18,-1,-1,-1,-1
598,13,754.43,186.87,221.13,605.02,-1,-1,-1,-1
598,42,1296.75,132.55,315.45,860.77,-1,-1,-1,-1
599,4,177.65,222.31,387.30,783.29,-1,-1,-1,-1
599,13,734.49,180.98,224.10,613.17,-1,-1,-1,-1
599,42,1296.41,139.27,325.23,806.42,-1,-1,-1,-1
600,4,162.95,220.37,398.15,813.73,-1,-1,-1,-1
600,13,714.54,175.09,227.07,621.32,-1,-1,-1,-1
600,42,1297.66,141.22,326.67,765.18,-1,-1,-1,-1
601,4,170.98,215.55,405.96,827.27,-1,-1,-1,-1
601,13,571.73,51.99,458.19,984.30,-1,-1,-1,-1
601,30,1241.66,318.23,161.08,446.95,-1,-1,-1,-1
601,42,1291.09,143.65,329.70,752.25,-1,-1,-1,-1
602,4,210.96,218.06,361.44,824.39,-1,-1,-1,-1
602,13,566.10,15.19,458.75,1065.06,-1,-1,-1,-1
602,30,1232.19,238.57,170.25,555.00,-1,-1,-1,-1
602,42,1260.11,141.21,350.65,773.40,-1,-1,-1,-1
603,4,250.01,212.11,319.81,835.58,-1,-1,-1,-1
603,13,580.53,8.16,446.70,1085.35,-1,-1,-1,-1
603,30,1208.13,226.13,175.28,564.49,-1,-1,-1,-1
603,42,1227.56,144.44,381.63,776.06,-1,-1,-1,-1
604,4,280.11,206.39,289.09,843.79,-1,-1,-1,-1
604,13,600.45,12.06,442.64,1077.84,-1,-1,-1,-1
604,30,1174.43,217.23,217.36,569.58,-1,-1,-1,-1
604,42,1263.21,161.07,332.57,738.33,-1,-1,-1,-1
605,4,307.24,201.57,270.54,848.34,-1,-1,-1,-1
605,13,598.39,36.40,491.57,1043.95,-1,-1,-1,-1
605,30,1153.67,215.40,230.72,571.30,-1,-1,-1,-1
605,42,1302.06,170.44,292.25,707.27,-1,-1,-1,-1
606,4,327.27,204.87,296.33,845.13,-1,-1,-1,-1
606,13,630.64,171.31,278.69,744.00,-1,-1,-1,-1
606,30,1139.70,216.63,226.05,562.11,-1,-1,-1,-1
606,37,698.87,47.22,446.56,1021.83,-1,-1,-1,-1
606,42,1322.00,172.04,272.19,694.95,-1,-1,-1,-1
607,4,341.05,196.20,345.57,868.89,-1,-1,-1,-1
607,13,595.14,229.21,206.18,590.55,-1,-1,-1,-1
607,30,1136.94,210.47,211.80,565.86,-1,-1,-1,-1
607,37,750.59,81.07,441.75,982.64,-1,-1,-1,-1
607,42,1325.34,169.57,272.85,690.66,-1,-1,-1,-1
608,4,354.69,198.48,371.41,875.52,-1,-1,-1,-1
608,13,545.03,235.45,218.77,576.51,-1,-1,-1,-1
608,30,1146.63,214.69,181.10,549.98,-1,-1,-1,-1
608,37,791.78,72.37,447.83,998.77,-1,-1,-1,-1
608,42,1283.96,163.73,319.44,686.83,-1,-1,-1,-1
609,4,363.31,200.52,393.92,874.33,-1,-1,-1,-1
609,13,530.84,271.73,190.54,502.13,-1,-1,-1,-1
609,30,1132.74,212.60,179.50,545.13,-1,-1,-1,-1
609,37,833.05,86.37,451.80,982.25,-1,-1,-1,-1
609,42,1254.73,164.30,350.36,677.00,-1,-1,-1,-1
610,4,363.03,206.35,401.00,862.46,-1,-1,-1,-1
610,13,516.64,308.02,162.31,427.74,-1,-1,-1,-1
610,30,1118.84,210.50,177.90,540.28,-1,-1,-1,-1
610,37,873.29,82.65,423.02,984.64,-1,-1,-1,-1
610,42,1232.42,163.90,360.14,683.86,-1,-1,-1,-1
611,4,369.35,192.37,383.05,882.65,-1,-1,-1,-1
611,13,502.45,344.30,134.08,353.36,-1,-1,-1,-1
611,30,1104.94,208.40,176.30,535.43,-1,-1,-1,-1
611,37,906.41,65.53,395.83,1008.77,-1,-1,-1,-1
611,42,1231.20,166.68,342.95,674.90,-1,-1,-1,-1
612,4,391.19,178.33,354.60,896.01,-1,-1,-1,-1
612,13,488.26,380.59,105.85,278.97,-1,-1,-1,-1
612,30,1091.04,206.31,174.70,530.58,-1,-1,-1,-1
612,37,944.59,69.73,373.55,1000.27,-1,-1,-1,-1
612,42,1236.17,169.31,319.23,664.95,-1,-1,-1,-1
613,4,416.39,183.96,331.67,893.02,-1,-1,-1,-1
613,37,969.05,60.42,388.55,1010.10,-1,-1,-1,-1
613,42,1256.88,180.53,282.28,649.75,-1,-1,-1,-1
614,4,431.13,169.32,331.84,912.95,-1,-1,-1,-1
614,37,990.84,55.99,437.26,1020.73,-1,-1,-1,-1
614,42,1284.33,175.88,236.76,659.12,-1,-1,-1,-1
615,4,423.10,165.23,368.86,914.62,-1,-1,-1,-1
615,30,982.31,222.31,168.99,548.30,-1,-1,-1,-1
615,37,1006.06,84.92,486.54,988.99,-1,-1,-1,-1
615,42,1301.44,176.29,200.30,647.72,-1,-1,-1,-1
616,4,411.61,159.84,399.61,917.96,-1,-1,-1,-1
616,13,370.60,208.71,175.81,661.79,-1,-1,-1,-1
616,30,959.04,220.90,162.61,548.48,-1,-1,-1,-1
616,37,1039.95,123.22,485.14,941.69,-1,-1,-1,-1
616,42,1299.23,177.24,198.43,641.69,-1,-1,-1,-1
617,4,390.30,161.35,441.95,912.73,-1,-1,-1,-1
617,13,343.49,202.16,180.12,678.15,-1,-1,-1,-1
617,30,922.68,217.75,184.11,569.20,-1,-1,-1,-1
617,37,1074.43,141.67,457.79,920.62,-1,-1,-1,-1
617,42,1297.01,178.18,196.55,635.66,-1,-1,-1,-1
618,4,376.68,158.09,463.19,911.43,-1,-1,-1,-1
618,13,321.40,199.61,193.64,697.06,-1,-1,-1,-1
618,30,877.74,220.82,212.65,570.64,-1,-1,-1,-1
618,37,1087.24,118.66,447.89,954.45,-1,-1,-1,-1
618,42,1294.80,179.13,194.68,629.63,-1,-1,-1,-1
619,4,370.73,160.77,474.54,906.90,-1,-1,-1,-1
619,13,304.59,196.22,209.16,715.12,-1,-1,-1,-1
619,30,839.26,222.78,239.99,577.31,-1,-1,-1,-1
619,37,1115.36,94.97,428.88,987.50,-1,-1,-1,-1
619,42,1292.58,180.08,192.80,623.60,-1,-1,-1,-1
620,4,379.95,165.29,462.02,903.23,-1,-1,-1,-1
620,13,295.96,196.26,212.30,712.94,-1,-1,-1,-1
620,30,809.67,225.91,263.28,580.07,-1,-1,-1,-1
620,37,1161.21,87.10,391.02,991.70,-1,-1,-1,-1
621,4,411.68,168.16,431.51,905.76,-1,-1,-1,-1
621,13,290.50,193.89,213.82,713.84,-1,-1,-1,-1
621,30,804.89,235.43,252.14,570.44,-1,-1,-1,-1
621,37,1183.58,77.89,380.20,996.32,-1,-1,-1,-1
622,4,417.64,157.35,447.19,911.79,-1,-1,-1,-1
622,13,282.28,193.97,213.77,704.66,-1,-1,-1,-1
622,30,803.39,246.81,232.24,548.95,-1,-1,-1,-1
622,37,1196.56,81.83,381.72,990.44,-1,-1,-1,-1
622,42,1189.20,223.78,146.23,549.87,-1,-1,-1,-1
623,4,428.86,143.40,481.63,931.01,-1,-1,-1,-1
623,13,266.38,197.51,237.48,716.16,-1,-1,-1,-1
623,30,798.67,247.06,211.40,537.75,-1,-1,-1,-1
623,37,1203.24,94.15,384.49,980.35,-1,-1,-1,-1
623,42,1166.59,216.63,173.75,566.88,-1,-1,-1,-1
624,4,441.99,131.12,510.61,939.44,-1,-1,-1,-1
624,13,248.95,194.21,253.58,745.24,-1,-1,-1,-1
624,30,785.09,247.28,214.91,475.85,-1,-1,-1,-1
624,37,1260.17,98.25,338.84,970.56,-1,-1,-1,-1
624,42,1143.66,213.62,212.06,579.65,-1,-1,-1,-1
625,4,452.44,127.44,531.79,942.10,-1,-1,-1,-1
625,13,227.43,197.29,270.63,762.15,-1,-1,-1,-1
625,30,779.04,245.96,212.55,449.95,-1,-1,-1,-1
625,37,1292.88,86.71,320.60,984.76,-1,-1,-1,-1
625,42,1142.38,217.45,211.68,577.54,-1,-1,-1,-1
626,4,473.57,121.45,541.63,952.43,-1,-1,-1,-1
626,13,209.89,192.72,281.95,790.30,-1,-1,-1,-1
626,30,769.78,255.16,198.59,420.37,-1,-1,-1,-1
626,37,1314.69,87.84,316.19,981.90,-1,-1,-1,-1
626,42,1131.30,213.96,215.00,580.18,-1,-1,-1,-1
627,4,508.53,119.21,515.40,957.01,-1,-1,-1,-1
627,13,192.69,192.27,296.42,809.88,-1,-1,-1,-1
627,30,760.52,264.36,184.63,390.80,-1,-1,-1,-1
627,37,1322.45,96.34,325.24,966.24,-1,-1,-1,-1
627,42,1115.15,224.57,214.43,564.71,-1,-1,-1,-1
628,4,570.18,107.73,489.79,972.27,-1,-1,-1,-1
628,13,152.05,189.04,337.02,819.80,-1,-1,-1,-1
628,30,751.25,273.56,170.66,361.23,-1,-1,-1,-1
628,37,1321.55,108.20,339.71,930.84,-1,-1,-1,-1
628,42,1056.54,212.38,277.33,572.70,-1,-1,-1,-1
629,4,628.14,127.27,456.99,949.53,-1,-1,-1,-1
629,13,116.71,184.84,367.99,834.89,-1,-1,-1,-1
629,30,741.99,282.76,156.70,331.66,-1,-1,-1,-1
629,37,1311.44,115.14,361.97,906.54,-1,-1,-1,-1
629,42,1032.59,205.30,304.01,580.80,-1,-1,-1,-1
630,4,663.33,210.63,295.20,713.28,-1,-1,-1,-1
630,13,100.00,175.64,367.54,850.96,-1,-1,-1,-1
630,37,1310.17,107.90,374.21,903.05,-1,-1,-1,-1
630,42,1010.67,201.85,324.27,577.00,-1,-1,-1,-1
631,4,647.11,233.68,257.85,618.58,-1,-1,-1,-1
631,13,104.64,168.30,342.03,857.57,-1,-1,-1,-1
631,37,1324.52,107.92,362.76,880.52,-1,-1,-1,-1
631,42,995.94,191.08,343.71,606.95,-1,-1,-1,-1
632,4,632.48,234.52,239.27,602.76,-1,-1,-1,-1
632,13,125.43,167.68,306.96,865.30,-1,-1,-1,-1
632,37,1344.50,102.21,346.35,885.66,-1,-1,-1,-1
632,42,928.83,98.91,409.90,867.70,-1,-1,-1,-1
633,4,621.60,222.48,221.06,606.98,-1,-1,-1,-1
633,13,141.07,162.83,299.83,880.46,-1,-1,-1,-1
633,37,1360.29,108.99,336.64,859.10,-1,-1,-1,-1
633,42,923.43,56.42,371.37,983.35,-1,-1,-1,-1
634,4,600.54,226.54,218.97,601.30,-1,-1,-1,-1
634,13,158.88,171.17,283.84,873.84,-1,-1,-1,-1
634,37,1370.02,115.65,331.65,840.78,-1,-1,-1,-1
634,42,923.55,45.47,361.71,1032.41,-1,-1,-1,-1
635,4,578.11,222.12,217.19,608.23,-1,-1,-1,-1
635,13,167.91,176.43,280.55,865.24,-1,-1,-1,-1
635,37,1373.00,117.52,327.11,832.16,-1,-1,-1,-1
635,42,907.97,82.55,414.41,1004.77,-1,-1,-1,-1
636,4,544.41,219.30,222.05,618.12,-1,-1,-1,-1
636,13,169.44,230.17,303.62,818.03,-1,-1,-1,-1
636,37,1369.92,121.55,324.83,843.18,-1,-1,-1,-1
636,42,919.32,99.62,452.85,985.87,-1,-1,-1,-1
637,4,514.84,208.84,227.55,640.78,-1,-1,-1,-1
637,13,182.17,199.70,317.02,865.57,-1,-1,-1,-1
637,37,1372.13,130.80,314.81,839.67,-1,-1,-1,-1
637,42,979.24,128.66,442.81,950.02,-1,-1,-1,-1
638,4,491.16,203.56,240.59,655.49,-1,-1,-1,-1
638,13,215.59,196.67,284.75,881.34,-1,-1,-1,-1
638,37,1388.72,129.59,280.75,847.31,-1,-1,-1,-1
638,42,1028.50,129.52,470.64,946.85,-1,-1,-1,-1
639,4,472.88,222.39,258.86,629.91,-1,-1,-1,-1
639,13,246.58,216.02,270.58,857.62,-1,-1,-1,-1
639,37,1393.77,129.05,281.19,848.69,-1,-1,-1,-1
639,42,1070.55,125.98,502.40,946.98,-1,-1,-1,-1
640,4,441.08,209.08,285.47,692.35,-1,-1,-1,-1
640,13,277.21,191.60,261.23,888.69,-1,-1,-1,-1
640,37,1398.82,128.51,281.63,850.08,-1,-1,-1,-1
640,42,1121.08,119.68,483.56,961.67,-1,-1,-1,-1
641,4,435.10,228.45,276.74,652.07,-1,-1,-1,-1
641,13,307.48,173.33,327.26,895.55,-1,-1,-1,-1
641,30,831.24,203.42,209.40,576.87,-1,-1,-1,-1
641,37,1403.87,127.97,282.07,851.46,-1,-1,-1,-1
641,42,1167.93,114.77,460.00,970.58,-1,-1,-1,-1
642,4,420.58,230.95,275.69,649.57,-1,-1,-1,-1
642,13,342.65,151.77,327.90,920.88,-1,-1,-1,-1
642,30,824.00,203.56,225.55,582.79,-1,-1,-1,-1
642,37,1408.92,127.42,282.51,852.84,-1,-1,-1,-1
642,42,1202.67,111.87,444.62,974.63,-1,-1,-1,-1
643,4,406.06,233.46,274.64,647.06,-1,-1,-1,-1
643,13,362.83,137.43,327.17,939.28,-1,-1,-1,-1
643,30,824.47,203.40,211.64,589.74,-1,-1,-1,-1
643,42,1231.27,129.12,428.10,947.68,-1,-1,-1,-1
644,4,391.54,235.96,273.59,644.55,-1,-1,-1,-1
644,13,366.21,132.74,330.49,945.14,-1,-1,-1,-1
644,30,814.55,202.24,184.13,594.22,-1,-1,-1,-1
644,42,1272.21,134.95,389.88,929.53,-1,-1,-1,-1
645,4,377.02,238.47,272.54,642.04,-1,-1,-1,-1
645,13,361.09,144.82,353.29,921.48,-1,-1,-1,-1
645,30,776.04,211.49,207.02,576.39,-1,-1,-1,-1
645,42,1268.67,132.19,400.77,935.39,-1,-1,-1,-1
646,13,357.04,121.88,394.07,942.60,-1,-1,-1,-1
646,30,743.18,207.83,229.97,582.92,-1,-1,-1,-1
646,37,1250.14,142.16,288.94,795.10,-1,-1,-1,-1
646,42,1280.76,131.68,393.86,941.96,-1,-1,-1,-1
647,4,328.65,248.01,204.98,621.74,-1,-1,-1,-1
647,13,351.39,115.00,454.41,948.66,-1,-1,-1,-1
647,30,723.19,196.05,241.17,598.29,-1,-1,-1,-1
647,37,1215.15,166.04,282.97,728.53,-1,-1,-1,-1
647,42,1309.53,137.10,368.01,940.27,-1,-1,-1,-1
648,4,318.01,237.40,197.01,668.99,-1,-1,-1,-1
648,13,351.93,110.54,499.40,956.13,-1,-1,-1,-1
648,30,722.50,206.13,230.40,579.11,-1,-1,-1,-1
648,37,1190.44,177.62,279.84,688.67,-1,-1,-1,-1
648,42,1330.39,155.72,352.91,915.75,-1,-1,-1,-1
649,4,308.39,209.51,197.56,709.92,-1,-1,-1,-1
649,13,364.58,100.38,514.54,961.92,-1,-1,-1,-1
649,30,722.82,211.59,220.23,556.87,-1,-1,-1,-1
649,37,1188.86,179.58,271.81,687.49,-1,-1,-1,-1
649,42,1349.11,153.69,343.93,919.88,-1,-1,-1,-1