27,1,7.70,258.89,91.53,623.38,-1,-1,-1,-1
28,1,16.97,259.15,90.01,607.57,-1,-1,-1,-1
29,1,27.58,262.89,90.06,596.09,-1,-1,-1,-1
30,1,31.28,256.18,92.43,596.27,-1,-1,-1,-1
31,1,32.31,245.77,97.22,608.59,-1,-1,-1,-1
32,1,36.38,241.91,100.11,601.29,-1,-1,-1,-1
33,1,42.45,239.53,105.36,601.22,-1,-1,-1,-1
34,1,46.08,236.27,111.19,601.36,-1,-1,-1,-1
35,1,51.93,236.07,118.13,599.58,-1,-1,-1,-1
36,1,58.35,239.00,125.85,596.59,-1,-1,-1,-1
37,1,66.67,244.39,134.26,596.42,-1,-1,-1,-1
38,1,72.54,247.29,141.60,595.61,-1,-1,-1,-1
39,1,85.48,243.49,152.67,612.51,-1,-1,-1,-1
40,1,97.64,242.89,160.01,613.94,-1,-1,-1,-1
41,1,103.23,237.00,168.28,620.42,-1,-1,-1,-1
42,1,104.49,228.97,176.42,627.29,-1,-1,-1,-1
43,1,111.45,225.04,185.49,636.20,-1,-1,-1,-1
44,1,112.09,218.87,197.32,654.49,-1,-1,-1,-1
45,1,110.21,215.29,211.07,679.27,-1,-1,-1,-1
46,1,110.81,214.30,219.61,687.75,-1,-1,-1,-1
47,1,113.09,218.07,226.85,693.66,-1,-1,-1,-1
48,1,114.81,220.45,234.73,703.04,-1,-1,-1,-1
49,1,117.76,223.13,240.04,705.04,-1,-1,-1,-1
50,1,116.92,222.14,244.17,705.75,-1,-1,-1,-1
51,1,117.51,214.68,249.76,712.24,-1,-1,-1,-1
52,1,117.54,205.72,256.04,721.71,-1,-1,-1,-1
53,1,117.46,199.81,261.27,728.13,-1,-1,-1,-1
54,1,116.75,194.28,268.62,741.32,-1,-1,-1,-1
55,1,113.95,193.31,274.82,751.53,-1,-1,-1,-1
56,1,110.97,200.60,282.30,767.53,-1,-1,-1,-1
57,1,110.48,206.27,288.85,780.94,-1,-1,-1,-1
58,1,109.65,206.86,295.35,795.54,-1,-1,-1,-1
59,1,108.90,206.55,299.53,803.82,-1,-1,-1,-1
60,1,107.02,202.80,302.98,809.96,-1,-1,-1,-1
61,1,106.13,198.65,305.57,816.19,-1,-1,-1,-1
62,1,109.37,189.18,310.44,825.11,-1,-1,-1,-1
63,1,109.32,183.80,319.15,848.26,-1,-1,-1,-1
64,1,112.12,179.75,323.65,856.81,-1,-1,-1,-1
65,1,121.91,182.31,325.03,857.14,-1,-1,-1,-1
66,1,131.59,181.85,335.08,879.97,-1,-1,-1,-1
67,1,147.83,183.66,338.65,885.96,-1,-1,-1,-1
68,1,163.13,185.60,340.07,887.75,-1,-1,-1,-1
69,1,182.75,180.72,342.65,891.91,-1,-1,-1,-1
70,1,201.00,169.22,346.65,901.36,-1,-1,-1,-1
71,1,224.51,157.22,351.34,916.95,-1,-1,-1,-1
72,1,240.74,143.77,360.63,940.83,-1,-1,-1,-1
73,1,258.40,141.17,362.07,946.95,-1,-1,-1,-1
74,1,289.69,141.22,362.81,942.79,-1,-1,-1,-1
75,1,321.75,148.70,364.34,938.91,-1,-1,-1,-1
76,1,345.55,151.34,364.16,932.94,-1,-1,-1,-1
77,1,380.31,144.48,365.32,934.86,-1,-1,-1,-1
78,1,421.35,141.85,364.60,936.43,-1,-1,-1,-1
79,1,461.18,141.27,363.19,939.01,-1,-1,-1,-1
80,1,489.90,135.58,367.71,956.84,-1,-1,-1,-1
81,1,526.34,139.77,363.45,955.16,-1,-1,-1,-1
82,1,574.75,137.79,358.33,945.21,-1,-1,-1,-1
83,1,611.00,146.61,355.99,939.12,-1,-1,-1,-1
84,1,633.41,149.87,357.18,938.41,-1,-1,-1,-1
85,1,656.40,158.07,355.14,935.72,-1,-1,-1,-1
86,1,690.23,158.35,345.87,908.06,-1,-1,-1,-1
87,1,711.38,167.50,348.82,912.99,-1,-1,-1,-1
88,1,747.16,159.54,345.63,905.02,-1,-1,-1,-1
89,1,776.14,152.50,345.43,907.74,-1,-1,-1,-1
90,1,800.27,150.89,348.94,921.07,-1,-1,-1,-1
91,1,817.73,148.27,345.26,908.98,-1,-1,-1,-1
92,1,830.21,152.55,341.54,894.74,-1,-1,-1,-1
93,1,850.73,160.18,344.81,903.56,-1,-1,-1,-1
94,1,869.98,170.45,338.96,885.15,-1,-1,-1,-1
95,1,890.30,176.55,337.50,880.92,-1,-1,-1,-1
96,1,911.96,177.86,332.23,862.23,-1,-1,-1,-1
97,1,939.15,176.91,318.48,828.58,-1,-1,-1,-1
98,1,964.18,172.27,312.53,817.53,-1,-1,-1,-1
99,1,976.49,173.68,308.27,809.53,-1,-1,-1,-1
100,1,992.92,170.31,304.88,801.92,-1,-1,-1,-1
101,1,1013.50,169.28,297.85,784.24,-1,-1,-1,-1
102,1,1022.07,170.73,294.81,776.96,-1,-1,-1,-1
103,1,1029.61,173.77,293.48,777.16,-1,-1,-1,-1
104,1,1038.96,175.25,292.34,778.13,-1,-1,-1,-1
105,1,1052.63,180.88,285.61,765.04,-1,-1,-1,-1
106,1,1063.09,184.65,277.22,746.74,-1,-1,-1,-1
107,1,1076.59,186.84,271.31,733.01,-1,-1,-1,-1
108,1,1091.80,188.08,268.24,727.56,-1,-1,-1,-1
109,1,1112.35,187.58,264.46,722.65,-1,-1,-1,-1
110,1,1125.98,185.46,263.95,728.30,-1,-1,-1,-1
111,1,1140.27,187.51,258.23,716.64,-1,-1,-1,-1
112,1,1152.84,192.80,253.26,710.03,-1,-1,-1,-1
113,1,1160.59,197.50,248.80,703.85,-1,-1,-1,-1
114,1,1166.44,198.50,244.94,700.08,-1,-1,-1,-1
115,1,1178.73,199.37,239.40,687.45,-1,-1,-1,-1
116,1,1190.00,204.23,234.12,672.53,-1,-1,-1,-1
117,1,1201.65,208.36,229.02,654.04,-1,-1,-1,-1
118,1,1210.23,206.27,228.48,648.27,-1,-1,-1,-1
118,2,7.93,283.67,94.41,560.85,-1,-1,-1,-1
119,1,1214.82,203.71,230.00,648.13,-1,-1,-1,-1
119,2,11.49,279.61,97.65,577.35,-1,-1,-1,-1
120,1,1219.68,203.67,231.81,647.33,-1,-1,-1,-1
120,2,23.88,237.56,99.76,580.31,-1,-1,-1,-1
121,1,1224.76,206.31,231.74,643.47,-1,-1,-1,-1
121,2,37.69,221.60,104.76,591.08,-1,-1,-1,-1
122,1,1225.67,208.11,232.50,641.58,-1,-1,-1,-1
122,2,47.26,220.70,108.21,584.48,-1,-1,-1,-1
123,1,1227.94,209.40,232.43,639.32,-1,-1,-1,-1
124,1,1230.16,211.55,232.30,637.64,-1,-1,-1,-1
124,3,3.45,219.95,226.90,613.99,-1,-1,-1,-1
125,1,1229.84,214.50,230.23,630.63,-1,-1,-1,-1
125,3,10.96,215.71,230.38,623.05,-1,-1,-1,-1
126,1,1229.03,216.27,225.61,617.00,-1,-1,-1,-1
126,3,16.64,210.72,232.95,629.11,-1,-1,-1,-1
127,1,1227.46,217.18,223.07,608.51,-1,-1,-1,-1
127,3,19.87,209.42,234.61,632.10,-1,-1,-1,-1
128,1,1217.27,216.39,218.81,596.88,-1,-1,-1,-1
128,3,26.01,207.00,236.93,636.33,-1,-1,-1,-1
129,1,1206.62,216.86,212.17,578.43,-1,-1,-1,-1
129,3,34.85,204.69,240.20,643.34,-1,-1,-1,-1
130,1,1195.64,219.21,206.79,559.62,-1,-1,-1,-1
130,3,41.14,200.86,248.28,663.00,-1,-1,-1,-1
131,1,1187.86,222.28,205.29,551.99,-1,-1,-1,-1
131,3,43.94,200.71,252.54,673.12,-1,-1,-1,-1
132,1,1175.86,229.53,203.53,541.51,-1,-1,-1,-1
132,3,51.32,196.55,256.80,682.09,-1,-1,-1,-1
133,1,1159.75,234.72,202.03,532.86,-1,-1,-1,-1
133,3,55.09,196.27,261.74,695.31,-1,-1,-1,-1
134,1,1142.41,236.26,203.12,530.44,-1,-1,-1,-1
134,3,61.95,197.73,263.98,700.29,-1,-1,-1,-1
135,1,1119.50,237.37,203.17,526.55,-1,-1,-1,-1
135,3,68.68,197.57,266.41,704.31,-1,-1,-1,-1
136,1,1106.41,237.90,204.86,526.89,-1,-1,-1,-1
136,3,73.03,195.96,268.63,705.98,-1,-1,-1,-1
137,1,1085.56,233.84,207.49,530.69,-1,-1,-1,-1
137,3,77.07,191.73,271.95,710.86,-1,-1,-1,-1
138,1,1064.49,225.19,210.57,538.73,-1,-1,-1,-1
138,3,77.44,185.63,275.35,716.52,-1,-1,-1,-1
139,1,1044.60,225.41,209.98,539.00,-1,-1,-1,-1
139,3,77.95,182.29,280.03,724.55,-1,-1,-1,-1
140,1,1024.49,223.76,212.00,544.38,-1,-1,-1,-1
140,3,76.08,176.60,288.53,743.41,-1,-1,-1,-1
141,1,1010.48,221.48,212.25,545.61,-1,-1,-1,-1
141,3,74.92,175.32,293.41,753.74,-1,-1,-1,-1
142,1,993.73,225.51,207.83,534.54,-1,-1,-1,-1
142,3,77.62,175.20,298.34,764.55,-1,-1,-1,-1
143,1,974.45,229.83,208.40,535.40,-1,-1,-1,-1
143,3,85.77,177.42,300.34,766.81,-1,-1,-1,-1
144,1,955.19,234.97,210.40,539.30,-1,-1,-1,-1
144,3,88.66,174.98,304.56,776.58,-1,-1,-1,-1
145,1,934.14,235.99,211.52,543.03,-1,-1,-1,-1
145,3,88.37,169.78,307.78,784.61,-1,-1,-1,-1
146,1,919.95,235.14,213.25,549.92,-1,-1,-1,-1
146,3,87.46,165.70,311.03,792.43,-1,-1,-1,-1
147,1,900.63,231.89,214.70,555.07,-1,-1,-1,-1
147,3,84.83,160.44,317.28,809.37,-1,-1,-1,-1
148,1,881.83,233.46,214.15,552.54,-1,-1,-1,-1
148,3,77.86,156.21,328.06,839.66,-1,-1,-1,-1
149,1,862.68,229.93,216.76,559.48,-1,-1,-1,-1
149,3,73.67,152.24,333.56,858.46,-1,-1,-1,-1
150,1,843.12,226.80,219.61,564.57,-1,-1,-1,-1
150,3,68.10,152.18,340.37,878.96,-1,-1,-1,-1
151,1,828.12,225.41,220.91,567.01,-1,-1,-1,-1
151,3,61.93,149.93,347.33,902.61,-1,-1,-1,-1
152,1,808.63,228.50,219.13,561.60,-1,-1,-1,-1
152,3,56.26,144.29,354.21,925.30,-1,-1,-1,-1
153,1,791.36,232.09,221.61,565.91,-1,-1,-1,-1
153,3,51.28,139.99,356.03,930.36,-1,-1,-1,-1
154,1,770.33,234.72,225.10,573.36,-1,-1,-1,-1
154,3,49.60,132.92,359.36,939.78,-1,-1,-1,-1
155,1,747.24,241.27,224.94,572.57,-1,-1,-1,-1
155,3,49.60,127.14,361.07,946.20,-1,-1,-1,-1
156,1,727.47,239.51,224.55,573.05,-1,-1,-1,-1
156,3,49.17,113.85,368.45,963.07,-1,-1,-1,-1
157,1,716.42,237.44,222.83,575.80,-1,-1,-1,-1
157,3,46.62,111.80,371.12,969.50,-1,-1,-1,-1
158,1,705.70,231.72,222.81,581.84,-1,-1,-1,-1
158,3,48.38,113.87,372.27,970.29,-1,-1,-1,-1
159,1,692.95,229.94,220.46,580.32,-1,-1,-1,-1
159,3,50.39,99.56,377.67,984.87,-1,-1,-1,-1
160,1,680.77,227.00,221.43,586.28,-1,-1,-1,-1
160,3,58.51,89.59,378.58,993.26,-1,-1,-1,-1
161,1,672.93,226.78,222.29,592.23,-1,-1,-1,-1
161,3,66.26,84.47,377.56,992.98,-1,-1,-1,-1
162,1,663.39,226.06,227.99,611.33,-1,-1,-1,-1
162,3,83.19,83.39,376.55,994.11,-1,-1,-1,-1
163,1,659.20,228.94,227.83,613.86,-1,-1,-1,-1
163,3,92.81,80.23,380.29,1004.33,-1,-1,-1,-1
164,1,657.10,232.31,225.96,613.01,-1,-1,-1,-1
164,3,98.45,72.08,384.32,1016.11,-1,-1,-1,-1
165,1,654.92,228.94,226.42,617.32,-1,-1,-1,-1
165,3,108.15,59.69,386.53,1020.32,-1,-1,-1,-1
166,1,653.88,225.79,228.27,623.08,-1,-1,-1,-1
166,3,118.64,42.59,390.13,1026.22,-1,-1,-1,-1
167,1,659.44,224.36,228.74,623.93,-1,-1,-1,-1
167,3,129.84,39.76,393.53,1029.74,-1,-1,-1,-1
168,1,669.18,224.22,230.13,627.34,-1,-1,-1,-1
168,3,152.35,56.01,392.65,1024.96,-1,-1,-1,-1
169,1,683.61,226.27,228.73,621.27,-1,-1,-1,-1
169,3,170.48,55.99,392.87,1024.41,-1,-1,-1,-1
170,1,694.23,228.78,227.81,616.33,-1,-1,-1,-1
170,3,180.63,56.77,395.93,1026.64,-1,-1,-1,-1
171,1,713.80,230.34,227.76,612.21,-1,-1,-1,-1
171,3,204.14,48.03,401.90,1030.50,-1,-1,-1,-1
172,1,735.20,233.76,227.73,607.43,-1,-1,-1,-1
172,3,234.47,45.29,409.86,1033.75,-1,-1,-1,-1
173,1,755.68,236.86,229.26,608.14,-1,-1,-1,-1
173,3,273.25,26.92,413.76,1026.26,-1,-1,-1,-1
174,1,777.45,231.54,230.06,607.36,-1,-1,-1,-1
174,3,305.73,9.95,423.88,1039.64,-1,-1,-1,-1
175,1,796.11,224.32,230.79,609.41,-1,-1,-1,-1
175,3,344.65,15.86,428.84,1044.71,-1,-1,-1,-1
176,1,822.33,222.33,229.90,609.64,-1,-1,-1,-1
176,3,390.66,22.07,433.11,1053.62,-1,-1,-1,-1
177,1,842.59,218.06,230.53,612.19,-1,-1,-1,-1
177,3,434.26,18.21,431.50,1055.52,-1,-1,-1,-1
178,1,858.44,217.48,232.62,618.18,-1,-1,-1,-1
178,3,463.56,13.75,430.95,1060.08,-1,-1,-1,-1
179,1,882.07,218.69,234.54,621.32,-1,-1,-1,-1
179,3,508.80,11.66,430.57,1065.06,-1,-1,-1,-1
180,1,909.09,220.29,233.73,616.85,-1,-1,-1,-1
180,3,565.55,5.88,419.85,1043.42,-1,-1,-1,-1
181,1,934.93,216.98,233.62,617.39,-1,-1,-1,-1
181,3,627.04,10.09,420.08,1051.80,-1,-1,-1,-1
182,1,952.17,216.27,231.19,612.67,-1,-1,-1,-1
182,3,667.76,29.42,421.71,1060.51,-1,-1,-1,-1
183,1,972.79,210.92,234.12,619.62,-1,-1,-1,-1
183,3,719.46,26.10,423.29,1067.60,-1,-1,-1,-1
184,1,994.65,204.88,234.64,624.70,-1,-1,-1,-1
184,3,762.29,30.04,418.28,1063.26,-1,-1,-1,-1
185,1,1011.57,215.88,235.11,626.20,-1,-1,-1,-1
185,3,815.90,33.14,411.73,1053.17,-1,-1,-1,-1
186,3,872.92,52.28,394.91,1004.05,-1,-1,-1,-1
187,3,939.36,19.11,411.31,1036.18,-1,-1,-1,-1
188,3,976.49,19.47,416.33,1044.50,-1,-1,-1,-1
189,3,1016.40,15.60,415.40,1033.67,-1,-1,-1,-1
190,3,1052.98,28.44,415.21,1016.43,-1,-1,-1,-1
191,3,1082.44,9.38,408.45,990.40,-1,-1,-1,-1
192,3,1106.77,13.58,429.96,1023.90,-1,-1,-1,-1
193,3,1139.88,17.50,436.15,1028.05,-1,-1,-1,-1
194,3,1184.39,16.61,444.40,1040.87,-1,-1,-1,-1
194,1,1149.61,168.88,287.02,750.92,-1,-1,-1,-1
195,3,1218.00,5.34,453.94,1062.84,-1,-1,-1,-1
195,1,1159.10,179.18,264.46,693.37,-1,-1,-1,-1
196,3,1242.66,1.11,458.71,1072.54,-1,-1,-1,-1
196,1,1171.46,189.15,254.69,665.59,-1,-1,-1,-1
197,3,1276.28,-0.43,457.57,1071.81,-1,-1,-1,-1
197,1,1182.47,191.32,261.06,678.01,-1,-1,-1,-1
198,3,1324.96,43.68,443.36,1040.53,-1,-1,-1,-1
198,1,1181.99,192.09,266.37,690.74,-1,-1,-1,-1
199,3,1350.78,49.10,441.49,1038.27,-1,-1,-1,-1
199,1,1181.02,194.87,270.38,700.11,-1,-1,-1,-1
200,3,1383.30,46.04,429.60,1007.33,-1,-1,-1,-1
200,1,1184.09,196.47,276.94,714.69,-1,-1,-1,-1
201,3,1388.28,22.75,447.29,1046.46,-1,-1,-1,-1
201,1,1185.09,199.96,280.73,725.52,-1,-1,-1,-1
202,3,1401.70,31.67,448.76,1043.41,-1,-1,-1,-1
202,1,1187.20,203.51,282.30,730.82,-1,-1,-1,-1
203,3,1403.99,35.06,449.81,1041.99,-1,-1,-1,-1
203,1,1186.07,203.47,281.42,730.43,-1,-1,-1,-1
204,3,1428.61,44.15,434.77,1004.16,-1,-1,-1,-1
204,1,1177.77,197.97,281.70,733.19,-1,-1,-1,-1
205,3,1434.64,61.96,440.28,1013.67,-1,-1,-1,-1
205,1,1168.91,190.50,283.89,740.89,-1,-1,-1,-1
206,3,1454.30,55.05,432.94,1002.52,-1,-1,-1,-1
206,1,1159.95,183.71,291.48,764.18,-1,-1,-1,-1
207,3,1463.49,57.57,428.45,997.69,-1,-1,-1,-1
207,1,1148.53,184.46,290.80,766.22,-1,-1,-1,-1
208,3,1466.56,67.72,426.77,998.74,-1,-1,-1,-1
208,1,1138.02,181.65,292.19,770.77,-1,-1,-1,-1
209,3,1480.79,71.33,412.00,964.55,-1,-1,-1,-1
209,1,1118.00,181.66,299.16,788.03,-1,-1,-1,-1
210,3,1481.15,81.47,419.72,987.77,-1,-1,-1,-1
210,1,1093.92,190.74,306.73,808.14,-1,-1,-1,-1
211,3,1482.51,100.07,416.12,985.64,-1,-1,-1,-1
211,1,1083.87,183.64,302.79,800.52,-1,-1,-1,-1
212,3,1484.44,107.95,403.66,962.11,-1,-1,-1,-1
212,1,1067.10,176.96,302.48,803.86,-1,-1,-1,-1
213,3,1484.11,113.37,391.74,936.61,-1,-1,-1,-1
213,1,1049.35,174.40,302.50,812.53,-1,-1,-1,-1
214,3,1481.66,104.09,384.45,923.76,-1,-1,-1,-1
214,1,1025.73,173.09,300.41,818.48,-1,-1,-1,-1
215,3,1480.31,103.26,376.69,910.89,-1,-1,-1,-1
215,1,999.98,172.56,296.26,819.46,-1,-1,-1,-1
216,3,1477.47,104.56,371.09,907.47,-1,-1,-1,-1
216,1,976.87,168.17,292.83,820.73,-1,-1,-1,-1
217,3,1474.63,107.02,365.04,903.13,-1,-1,-1,-1
217,1,950.12,163.78,290.63,823.38,-1,-1,-1,-1
218,3,1469.54,113.90,355.70,891.14,-1,-1,-1,-1
218,1,925.80,171.23,285.78,811.49,-1,-1,-1,-1
219,3,1470.88,130.02,335.22,847.90,-1,-1,-1,-1
219,1,893.85,171.13,287.07,813.65,-1,-1,-1,-1
220,3,1465.27,133.57,317.49,808.80,-1,-1,-1,-1
220,1,864.21,183.40,285.34,805.45,-1,-1,-1,-1
221,3,1453.29,139.70,304.50,781.06,-1,-1,-1,-1
221,1,838.62,177.44,286.99,810.43,-1,-1,-1,-1
222,3,1442.06,142.65,296.55,766.69,-1,-1,-1,-1
222,1,814.78,174.92,288.35,818.90,-1,-1,-1,-1
222,4,4.70,238.16,99.20,592.99,-1,-1,-1,-1
223,3,1430.68,146.87,289.81,756.76,-1,-1,-1,-1
223,1,789.91,164.43,291.11,833.01,-1,-1,-1,-1
223,4,15.96,239.88,99.68,591.23,-1,-1,-1,-1
224,3,1418.55,148.66,284.19,749.39,-1,-1,-1,-1
224,1,760.72,160.88,296.40,848.34,-1,-1,-1,-1
224,4,20.93,242.26,101.17,592.75,-1,-1,-1,-1
225,3,1408.84,150.54,277.08,736.23,-1,-1,-1,-1
225,1,744.35,160.10,301.86,861.16,-1,-1,-1,-1
225,4,25.50,243.72,102.37,588.20,-1,-1,-1,-1
226,3,1397.73,156.25,270.90,721.97,-1,-1,-1,-1
226,1,729.23,163.35,311.30,883.70,-1,-1,-1,-1
226,4,26.58,242.61,104.70,587.80,-1,-1,-1,-1
227,3,1381.69,165.72,264.03,704.65,-1,-1,-1,-1
227,1,711.27,163.12,318.01,896.42,-1,-1,-1,-1
227,4,28.58,243.45,107.98,588.88,-1,-1,-1,-1
228,3,1364.64,171.11,256.33,687.55,-1,-1,-1,-1
228,1,698.64,159.62,322.90,906.74,-1,-1,-1,-1
228,4,31.76,245.61,111.74,587.60,-1,-1,-1,-1
229,3,1348.96,174.26,247.18,667.86,-1,-1,-1,-1
229,1,689.05,158.10,324.01,910.69,-1,-1,-1,-1
229,4,30.94,246.79,115.53,586.35,-1,-1,-1,-1
230,3,1337.83,177.08,242.55,662.35,-1,-1,-1,-1
230,1,677.33,155.20,329.19,924.10,-1,-1,-1,-1
230,4,30.13,246.83,119.55,584.99,-1,-1,-1,-1
231,3,1320.71,174.96,240.43,660.52,-1,-1,-1,-1
231,1,662.95,153.75,332.82,932.26,-1,-1,-1,-1
231,4,30.60,240.73,126.13,594.01,-1,-1,-1,-1
232,3,1303.19,176.12,239.27,660.59,-1,-1,-1,-1
232,1,652.12,151.18,332.62,930.13,-1,-1,-1,-1
232,4,34.23,237.14,131.77,592.48,-1,-1,-1,-1
233,3,1284.66,180.21,237.00,655.32,-1,-1,-1,-1
233,1,644.38,150.25,331.10,923.84,-1,-1,-1,-1
233,4,36.43,231.35,139.76,600.25,-1,-1,-1,-1
234,3,1270.22,182.75,235.21,650.44,-1,-1,-1,-1
234,1,639.28,148.16,334.99,934.24,-1,-1,-1,-1
234,4,36.92,224.44,148.21,608.33,-1,-1,-1,-1
235,3,1252.09,185.33,231.25,637.13,-1,-1,-1,-1
235,1,633.96,144.59,337.96,940.74,-1,-1,-1,-1
235,4,36.55,221.52,156.23,615.47,-1,-1,-1,-1
236,3,1234.06,192.48,227.80,624.06,-1,-1,-1,-1
236,1,634.04,143.77,338.90,940.51,-1,-1,-1,-1
236,4,35.94,218.62,164.21,621.28,-1,-1,-1,-1
237,3,1213.68,195.45,226.61,619.47,-1,-1,-1,-1
237,1,635.86,142.04,339.75,936.52,-1,-1,-1,-1
237,4,40.04,228.50,169.49,617.71,-1,-1,-1,-1
238,3,1192.93,192.69,225.14,617.84,-1,-1,-1,-1
238,1,630.55,135.72,343.04,936.84,-1,-1,-1,-1
238,4,43.18,233.40,176.74,623.44,-1,-1,-1,-1
239,3,1168.19,192.06,222.03,611.69,-1,-1,-1,-1
239,1,629.07,129.60,348.74,940.75,-1,-1,-1,-1
239,4,44.85,233.70,184.25,631.30,-1,-1,-1,-1
240,3,1152.78,193.62,219.53,606.41,-1,-1,-1,-1
240,1,625.65,123.06,355.01,944.10,-1,-1,-1,-1
240,4,45.95,231.45,189.64,631.32,-1,-1,-1,-1
241,3,1134.60,192.21,219.77,608.57,-1,-1,-1,-1
241,1,628.68,114.13,363.31,950.46,-1,-1,-1,-1
241,4,47.05,228.21,196.13,634.59,-1,-1,-1,-1
242,3,1115.66,193.97,218.13,602.07,-1,-1,-1,-1
242,1,641.39,105.25,371.39,958.67,-1,-1,-1,-1
242,4,46.84,222.96,203.46,640.18,-1,-1,-1,-1
243,3,1096.70,194.92,219.11,601.72,-1,-1,-1,-1
243,1,654.39,99.56,380.40,965.11,-1,-1,-1,-1
243,4,47.83,217.15,211.58,649.02,-1,-1,-1,-1
244,3,1079.47,195.53,218.17,596.15,-1,-1,-1,-1
244,1,670.78,102.25,388.75,977.35,-1,-1,-1,-1
244,4,48.51,214.37,218.34,654.47,-1,-1,-1,-1
245,3,1069.17,194.61,220.65,601.45,-1,-1,-1,-1
245,1,687.55,103.70,392.26,980.89,-1,-1,-1,-1
245,4,46.53,213.96,226.84,666.00,-1,-1,-1,-1
246,3,1055.09,196.47,219.76,599.04,-1,-1,-1,-1
246,1,703.81,105.33,394.87,985.09,-1,-1,-1,-1
246,4,42.48,212.89,237.24,685.36,-1,-1,-1,-1
247,3,1037.28,196.57,220.13,605.24,-1,-1,-1,-1
247,1,719.18,109.15,398.03,991.88,-1,-1,-1,-1
247,4,39.20,212.47,245.17,699.39,-1,-1,-1,-1
248,3,1016.26,195.97,211.68,588.55,-1,-1,-1,-1
248,1,750.27,111.88,394.73,984.83,-1,-1,-1,-1
248,4,35.98,214.68,250.91,707.99,-1,-1,-1,-1
249,1,820.65,117.50,369.06,923.11,-1,-1,-1,-1
249,4,30.15,215.17,257.50,719.80,-1,-1,-1,-1
250,1,840.26,106.10,381.79,953.67,-1,-1,-1,-1
250,4,24.84,213.39,262.79,729.32,-1,-1,-1,-1
251,1,889.65,124.28,383.17,951.76,-1,-1,-1,-1
251,4,20.01,210.22,266.31,733.98,-1,-1,-1,-1
252,1,910.51,131.45,384.35,949.07,-1,-1,-1,-1
252,4,16.39,207.15,269.89,739.99,-1,-1,-1,-1
253,1,936.94,130.93,389.33,960.24,-1,-1,-1,-1
253,4,13.85,203.53,272.99,746.67,-1,-1,-1,-1
254,1,973.22,126.84,394.57,965.10,-1,-1,-1,-1
254,4,13.18,198.06,275.92,752.31,-1,-1,-1,-1
254,5,883.34,203.06,204.36,581.51,-1,-1,-1,-1
255,1,1006.71,124.57,391.50,949.07,-1,-1,-1,-1
255,4,10.09,193.87,280.42,761.60,-1,-1,-1,-1
255,3,869.14,207.87,213.73,588.39,-1,-1,-1,-1
256,1,1042.35,119.23,391.61,941.55,-1,-1,-1,-1
256,4,8.28,190.21,285.69,773.52,-1,-1,-1,-1
256,3,843.91,209.60,217.73,593.85,-1,-1,-1,-1
257,1,1073.22,124.01,394.66,939.27,-1,-1,-1,-1
257,4,5.73,187.24,293.13,794.42,-1,-1,-1,-1
257,3,820.22,210.65,217.05,592.41,-1,-1,-1,-1
258,1,1092.91,126.75,407.57,958.89,-1,-1,-1,-1
258,4,4.28,188.04,295.50,801.32,-1,-1,-1,-1
258,3,810.06,211.23,214.41,586.47,-1,-1,-1,-1
259,1,1120.29,130.78,414.41,963.79,-1,-1,-1,-1
259,4,3.15,186.17,301.10,815.55,-1,-1,-1,-1
259,3,789.86,207.59,215.79,592.47,-1,-1,-1,-1
260,1,1148.10,129.44,423.09,974.45,-1,-1,-1,-1
260,4,4.83,182.42,307.21,831.59,-1,-1,-1,-1
260,3,771.42,207.79,214.77,592.67,-1,-1,-1,-1
261,1,1180.61,123.34,425.21,973.54,-1,-1,-1,-1
261,4,6.67,178.29,310.51,841.66,-1,-1,-1,-1
261,3,748.29,209.23,213.47,591.53,-1,-1,-1,-1
262,1,1211.40,119.58,423.52,965.33,-1,-1,-1,-1
262,4,10.86,174.77,314.11,853.01,-1,-1,-1,-1
262,3,725.37,212.65,211.37,584.62,-1,-1,-1,-1
263,1,1233.67,90.14,432.62,989.98,-1,-1,-1,-1
263,4,20.07,170.07,314.56,855.43,-1,-1,-1,-1
263,3,706.86,211.83,213.76,589.24,-1,-1,-1,-1
264,1,1263.14,108.89,422.20,966.54,-1,-1,-1,-1
264,4,26.77,166.03,316.38,860.06,-1,-1,-1,-1
264,3,688.07,212.51,216.76,597.16,-1,-1,-1,-1
265,1,1288.28,113.87,419.19,963.72,-1,-1,-1,-1
265,4,31.24,161.44,320.68,873.48,-1,-1,-1,-1
265,3,669.32,215.78,213.94,593.33,-1,-1,-1,-1
266,1,1314.07,118.73,413.06,956.68,-1,-1,-1,-1
266,4,37.59,157.33,327.50,897.21,-1,-1,-1,-1
266,3,648.56,215.44,213.35,595.05,-1,-1,-1,-1
267,1,1335.90,125.34,405.82,943.62,-1,-1,-1,-1
267,4,58.03,152.68,330.71,911.39,-1,-1,-1,-1
267,3,628.21,213.16,215.49,602.84,-1,-1,-1,-1
268,1,1352.49,132.48,402.63,939.78,-1,-1,-1,-1
268,4,86.38,150.75,327.16,899.22,-1,-1,-1,-1
268,3,608.75,213.23,216.77,605.91,-1,-1,-1,-1
269,1,1364.68,137.61,399.87,933.61,-1,-1,-1,-1
269,4,111.34,150.65,330.94,904.61,-1,-1,-1,-1
269,3,586.87,210.38,219.62,611.69,-1,-1,-1,-1
270,1,1367.73,139.45,398.93,932.21,-1,-1,-1,-1
270,4,126.17,148.78,335.60,913.33,-1,-1,-1,-1
270,3,573.58,208.33,222.49,616.41,-1,-1,-1,-1
271,1,1368.86,135.57,402.45,944.39,-1,-1,-1,-1
271,4,135.49,147.68,338.32,917.32,-1,-1,-1,-1
271,3,558.55,210.31,224.44,617.29,-1,-1,-1,-1
272,1,1374.39,138.09,402.45,951.61,-1,-1,-1,-1
272,4,139.93,139.23,344.81,929.25,-1,-1,-1,-1
272,3,540.76,212.36,227.63,622.20,-1,-1,-1,-1
273,1,1382.08,138.89,399.37,951.58,-1,-1,-1,-1
273,4,141.62,134.10,351.59,942.01,-1,-1,-1,-1
273,3,522.31,209.34,232.25,632.77,-1,-1,-1,-1
274,1,1395.63,148.54,390.55,933.21,-1,-1,-1,-1
274,4,152.12,129.08,354.37,944.00,-1,-1,-1,-1
274,3,508.15,206.29,235.77,642.01,-1,-1,-1,-1
275,1,1403.39,143.35,389.92,936.99,-1,-1,-1,-1
275,4,162.11,125.19,357.50,945.50,-1,-1,-1,-1
275,3,492.62,203.18,237.43,651.63,-1,-1,-1,-1
276,1,1420.73,146.43,369.54,888.59,-1,-1,-1,-1
276,4,170.31,121.05,364.14,952.38,-1,-1,-1,-1
276,3,478.31,198.84,235.74,650.02,-1,-1,-1,-1
277,1,1434.01,151.02,356.59,861.53,-1,-1,-1,-1
277,4,173.73,123.08,370.25,957.79,-1,-1,-1,-1
277,3,453.22,193.29,241.91,677.33,-1,-1,-1,-1
278,1,1440.22,157.89,350.63,852.58,-1,-1,-1,-1
278,4,176.58,122.60,375.27,960.60,-1,-1,-1,-1
278,3,443.38,190.78,240.93,685.94,-1,-1,-1,-1
279,1,1446.82,160.29,343.55,840.59,-1,-1,-1,-1
279,4,189.69,122.70,382.92,970.60,-1,-1,-1,-1
279,3,428.84,194.94,237.44,677.02,-1,-1,-1,-1
280,1,1448.65,155.52,336.69,828.39,-1,-1,-1,-1
280,4,202.17,129.94,385.50,969.64,-1,-1,-1,-1
280,3,423.88,189.94,235.83,673.00,-1,-1,-1,-1
281,1,1448.80,155.88,328.46,813.08,-1,-1,-1,-1
281,4,213.18,123.12,388.94,973.11,-1,-1,-1,-1
281,3,417.11,193.49,233.00,665.14,-1,-1,-1,-1
282,1,1448.27,156.85,322.98,808.72,-1,-1,-1,-1
282,4,235.54,114.84,388.11,963.62,-1,-1,-1,-1
283,1,1451.62,163.29,314.49,797.94,-1,-1,-1,-1
283,4,246.18,94.03,402.79,992.89,-1,-1,-1,-1
284,1,1453.81,169.05,306.62,787.61,-1,-1,-1,-1
284,4,264.14,90.19,407.85,1001.75,-1,-1,-1,-1
285,1,1452.85,172.65,294.96,764.19,-1,-1,-1,-1
285,4,281.16,79.53,414.37,1014.06,-1,-1,-1,-1
286,1,1444.31,179.89,280.82,734.87,-1,-1,-1,-1
286,4,304.54,64.94,419.04,1022.30,-1,-1,-1,-1
287,1,1433.19,182.93,266.99,705.11,-1,-1,-1,-1
287,4,332.52,62.47,418.01,1019.91,-1,-1,-1,-1
288,1,1425.84,182.34,262.54,701.92,-1,-1,-1,-1
288,4,352.63,63.72,408.96,994.11,-1,-1,-1,-1
289,1,1413.50,182.05,258.29,699.94,-1,-1,-1,-1
289,4,376.31,74.11,410.93,997.60,-1,-1,-1,-1
290,1,1399.72,182.02,257.04,700.47,-1,-1,-1,-1
290,4,424.81,80.26,414.18,1011.88,-1,-1,-1,-1
291,1,1383.99,180.72,259.97,708.00,-1,-1,-1,-1
291,4,461.42,79.50,411.02,1009.19,-1,-1,-1,-1
291,3,362.87,173.89,268.45,765.26,-1,-1,-1,-1
292,1,1373.06,178.45,261.62,710.43,-1,-1,-1,-1
292,4,483.80,81.07,408.82,1008.70,-1,-1,-1,-1
292,3,362.73,176.11,271.49,771.74,-1,-1,-1,-1
293,1,1365.22,181.59,257.73,698.28,-1,-1,-1,-1
293,4,505.86,79.68,408.99,1016.85,-1,-1,-1,-1
293,3,358.10,169.52,280.38,793.92,-1,-1,-1,-1
294,1,1357.42,187.30,254.45,686.93,-1,-1,-1,-1
294,4,538.05,63.66,405.66,1017.18,-1,-1,-1,-1
294,3,355.09,161.37,292.72,831.75,-1,-1,-1,-1
295,1,1345.95,193.81,252.22,679.12,-1,-1,-1,-1
295,4,574.19,60.20,403.07,1021.65,-1,-1,-1,-1
295,3,360.52,159.73,297.41,842.07,-1,-1,-1,-1
296,1,1329.63,194.74,253.10,681.17,-1,-1,-1,-1
296,4,608.93,58.62,402.21,1025.89,-1,-1,-1,-1
296,3,361.33,155.74,304.17,856.26,-1,-1,-1,-1
297,1,1319.49,197.08,247.84,668.08,-1,-1,-1,-1
297,4,637.53,48.92,403.06,1034.40,-1,-1,-1,-1
297,3,359.44,152.25,312.21,871.64,-1,-1,-1,-1
298,1,1312.34,198.18,245.83,662.00,-1,-1,-1,-1
298,4,667.01,55.53,404.19,1040.18,-1,-1,-1,-1
298,3,352.63,153.10,320.32,888.56,-1,-1,-1,-1
299,1,1298.73,199.26,241.01,649.72,-1,-1,-1,-1
299,4,709.08,50.49,399.66,1030.82,-1,-1,-1,-1
299,3,343.50,156.22,327.84,904.17,-1,-1,-1,-1
300,1,1281.84,201.15,239.67,645.48,-1,-1,-1,-1
300,4,752.40,59.86,398.20,1023.82,-1,-1,-1,-1
300,3,338.88,152.68,335.20,917.67,-1,-1,-1,-1
301,1,1266.14,202.20,236.60,640.21,-1,-1,-1,-1
301,4,788.81,63.74,397.09,1023.38,-1,-1,-1,-1
301,3,334.03,150.05,339.51,925.27,-1,-1,-1,-1
302,1,1254.55,203.71,235.65,636.38,-1,-1,-1,-1
302,4,815.07,59.47,396.40,1020.32,-1,-1,-1,-1
302,3,325.51,124.93,353.33,958.65,-1,-1,-1,-1
303,1,1235.72,206.32,236.11,637.91,-1,-1,-1,-1
303,4,842.49,64.66,392.18,1010.40,-1,-1,-1,-1
303,3,321.37,118.08,358.37,968.40,-1,-1,-1,-1
304,1,1218.84,208.22,234.87,633.64,-1,-1,-1,-1
304,4,873.85,48.78,392.70,1008.52,-1,-1,-1,-1
304,3,325.20,121.01,356.14,959.08,-1,-1,-1,-1
305,1,1204.25,211.02,235.49,632.98,-1,-1,-1,-1
305,4,893.84,43.83,403.14,1029.58,-1,-1,-1,-1
305,3,326.02,116.29,360.64,965.68,-1,-1,-1,-1
306,1,1182.32,200.81,234.96,629.97,-1,-1,-1,-1
306,4,925.85,42.40,413.40,1047.76,-1,-1,-1,-1
306,3,329.40,115.13,365.99,971.18,-1,-1,-1,-1
307,4,969.95,52.45,411.52,1035.40,-1,-1,-1,-1
307,3,331.37,111.75,374.45,979.87,-1,-1,-1,-1
308,4,1000.65,55.90,408.97,1032.30,-1,-1,-1,-1
308,3,332.92,111.50,379.76,980.03,-1,-1,-1,-1
309,4,1027.22,70.78,403.52,1025.50,-1,-1,-1,-1
309,3,336.68,115.20,382.21,974.25,-1,-1,-1,-1
310,4,1060.55,78.44,398.04,1008.48,-1,-1,-1,-1
310,3,339.02,109.48,388.35,980.65,-1,-1,-1,-1
311,4,1099.94,75.49,398.77,1012.12,-1,-1,-1,-1
311,3,344.35,98.32,394.41,987.70,-1,-1,-1,-1
312,4,1132.54,80.25,396.30,1009.19,-1,-1,-1,-1
312,3,354.30,96.08,401.80,997.70,-1,-1,-1,-1
312,7,1032.93,209.54,221.73,605.99,-1,-1,-1,-1
313,4,1151.84,79.92,394.07,1006.49,-1,-1,-1,-1
313,3,354.75,93.55,411.86,1013.53,-1,-1,-1,-1
313,7,1018.67,218.18,219.95,600.43,-1,-1,-1,-1
314,4,1176.61,77.77,395.50,1008.87,-1,-1,-1,-1
314,3,364.21,85.03,415.99,1021.06,-1,-1,-1,-1
314,1,993.58,226.37,222.24,589.61,-1,-1,-1,-1
315,4,1193.57,70.50,398.75,1007.71,-1,-1,-1,-1
315,3,370.70,77.95,417.77,1022.82,-1,-1,-1,-1
315,1,967.23,223.78,222.71,583.10,-1,-1,-1,-1
316,4,1216.27,74.65,400.77,1008.55,-1,-1,-1,-1
316,3,378.05,76.60,419.30,1024.00,-1,-1,-1,-1
316,1,944.89,226.88,220.62,572.30,-1,-1,-1,-1
317,4,1242.27,88.08,398.99,999.29,-1,-1,-1,-1
317,3,387.35,76.99,421.06,1023.06,-1,-1,-1,-1
317,1,926.74,229.73,217.68,565.38,-1,-1,-1,-1
318,4,1269.11,101.36,397.12,992.02,-1,-1,-1,-1
318,3,396.85,82.12,423.24,1024.19,-1,-1,-1,-1
318,1,907.37,227.63,216.73,567.00,-1,-1,-1,-1
319,4,1295.69,111.54,391.78,970.72,-1,-1,-1,-1
319,3,409.81,73.94,425.15,1029.48,-1,-1,-1,-1
319,1,879.24,220.75,218.00,572.49,-1,-1,-1,-1
320,4,1328.78,123.94,388.56,963.06,-1,-1,-1,-1
320,3,421.92,65.45,427.18,1035.79,-1,-1,-1,-1
320,1,854.07,220.40,220.84,576.52,-1,-1,-1,-1
321,4,1358.98,127.61,383.23,949.89,-1,-1,-1,-1
321,3,431.70,55.42,427.15,1037.46,-1,-1,-1,-1
321,1,836.14,221.77,223.75,583.07,-1,-1,-1,-1
322,4,1379.49,119.42,383.91,954.07,-1,-1,-1,-1
322,3,458.46,47.31,417.11,1009.47,-1,-1,-1,-1
322,1,819.64,221.78,221.66,577.59,-1,-1,-1,-1
323,4,1397.87,110.50,376.70,937.07,-1,-1,-1,-1
323,3,473.62,42.13,421.25,1017.64,-1,-1,-1,-1
323,1,802.32,226.05,221.95,579.16,-1,-1,-1,-1
324,4,1407.55,116.36,374.08,937.61,-1,-1,-1,-1
324,3,497.97,35.28,422.27,1021.10,-1,-1,-1,-1
324,1,789.86,230.05,217.04,564.89,-1,-1,-1,-1
325,4,1411.87,126.19,370.54,935.88,-1,-1,-1,-1
325,3,523.09,38.47,426.84,1038.94,-1,-1,-1,-1
325,1,767.19,239.14,214.42,557.42,-1,-1,-1,-1
326,4,1423.91,132.34,358.90,912.10,-1,-1,-1,-1
326,3,555.69,39.86,428.99,1049.88,-1,-1,-1,-1
327,4,1434.43,142.67,349.34,895.08,-1,-1,-1,-1
327,3,611.35,32.06,426.25,1052.30,-1,-1,-1,-1
328,4,1445.15,148.24,342.44,884.83,-1,-1,-1,-1
328,3,662.95,36.35,422.01,1047.40,-1,-1,-1,-1
329,4,1454.01,147.66,337.05,875.69,-1,-1,-1,-1
329,3,708.41,21.85,422.45,1057.31,-1,-1,-1,-1
329,1,654.92,224.91,224.45,586.05,-1,-1,-1,-1
330,4,1461.35,147.76,328.86,854.71,-1,-1,-1,-1
330,3,753.58,22.60,423.14,1062.87,-1,-1,-1,-1
330,1,633.47,225.36,227.50,590.81,-1,-1,-1,-1
331,4,1461.73,147.48,322.85,838.23,-1,-1,-1,-1
331,3,796.45,14.91,415.54,1045.83,-1,-1,-1,-1
331,1,613.91,227.94,231.86,599.22,-1,-1,-1,-1
332,4,1464.83,145.67,316.15,820.30,-1,-1,-1,-1
332,3,819.08,13.93,421.74,1063.15,-1,-1,-1,-1
332,1,601.31,231.93,233.84,600.77,-1,-1,-1,-1
333,4,1461.42,147.57,313.99,813.98,-1,-1,-1,-1
333,3,855.67,19.94,426.43,1073.75,-1,-1,-1,-1
333,1,586.21,237.56,236.36,605.55,-1,-1,-1,-1
334,4,1456.08,154.18,311.71,807.60,-1,-1,-1,-1
334,3,917.29,22.86,408.61,1026.98,-1,-1,-1,-1
334,1,568.42,234.62,238.20,611.55,-1,-1,-1,-1
335,4,1448.68,156.38,310.97,807.67,-1,-1,-1,-1
335,3,970.85,24.50,405.37,1020.06,-1,-1,-1,-1
335,1,546.90,228.75,239.94,618.29,-1,-1,-1,-1
336,4,1441.50,159.93,302.00,786.84,-1,-1,-1,-1
336,3,1006.92,29.41,405.97,1020.84,-1,-1,-1,-1
336,1,520.82,221.28,244.01,629.66,-1,-1,-1,-1
337,4,1433.69,167.56,291.77,764.21,-1,-1,-1,-1
337,3,1038.54,29.16,415.67,1048.03,-1,-1,-1,-1
337,1,498.16,215.68,248.56,641.73,-1,-1,-1,-1
338,4,1424.26,172.39,279.74,735.94,-1,-1,-1,-1
338,3,1066.32,30.81,419.86,1059.32,-1,-1,-1,-1
338,1,474.95,214.77,262.04,675.29,-1,-1,-1,-1
339,4,1417.04,176.35,269.83,711.89,-1,-1,-1,-1
339,3,1090.96,30.72,414.13,1040.90,-1,-1,-1,-1
339,1,459.95,214.12,271.38,696.97,-1,-1,-1,-1
340,4,1412.30,177.13,263.44,702.40,-1,-1,-1,-1
340,3,1113.34,31.37,424.25,1062.16,-1,-1,-1,-1
340,1,444.97,210.56,280.38,717.34,-1,-1,-1,-1
341,4,1389.73,168.06,264.28,713.30,-1,-1,-1,-1
341,3,1151.68,34.56,405.43,1009.90,-1,-1,-1,-1
341,1,423.05,212.41,289.19,740.73,-1,-1,-1,-1
342,3,1180.96,42.43,415.53,1029.90,-1,-1,-1,-1
342,1,400.05,211.40,294.60,752.19,-1,-1,-1,-1
343,3,1205.95,49.05,420.80,1037.20,-1,-1,-1,-1
343,1,388.05,207.71,298.44,759.54,-1,-1,-1,-1
344,3,1232.32,49.35,426.58,1046.28,-1,-1,-1,-1
344,1,379.03,199.63,301.28,766.76,-1,-1,-1,-1
345,3,1256.69,57.21,424.76,1038.55,-1,-1,-1,-1
345,1,362.74,191.64,304.23,774.27,-1,-1,-1,-1
346,3,1283.55,58.31,418.33,1025.06,-1,-1,-1,-1
346,1,347.85,187.87,309.06,785.53,-1,-1,-1,-1
347,3,1322.40,51.29,417.69,1026.05,-1,-1,-1,-1
347,1,331.71,187.83,315.77,803.68,-1,-1,-1,-1
347,8,1265.58,195.74,218.05,606.92,-1,-1,-1,-1
348,3,1329.94,48.04,422.13,1025.45,-1,-1,-1,-1
348,1,321.79,187.68,319.81,814.56,-1,-1,-1,-1
348,8,1266.30,194.78,219.96,611.68,-1,-1,-1,-1
349,3,1342.83,57.27,417.68,1019.33,-1,-1,-1,-1
349,1,312.35,189.63,323.29,826.86,-1,-1,-1,-1
349,8,1254.71,199.30,221.78,615.67,-1,-1,-1,-1
350,3,1352.88,65.10,415.60,1013.45,-1,-1,-1,-1
350,1,303.11,190.95,331.88,855.39,-1,-1,-1,-1
350,8,1230.09,195.27,221.60,615.02,-1,-1,-1,-1
351,3,1364.14,70.85,419.44,1025.86,-1,-1,-1,-1
351,1,291.66,190.32,335.72,868.30,-1,-1,-1,-1
351,8,1209.88,194.58,222.48,618.47,-1,-1,-1,-1
352,3,1368.27,66.59,420.99,1024.76,-1,-1,-1,-1
352,1,270.84,188.78,339.87,881.16,-1,-1,-1,-1
352,8,1184.52,192.32,221.03,613.88,-1,-1,-1,-1
353,3,1378.30,86.43,412.44,1004.97,-1,-1,-1,-1
353,1,255.37,181.81,343.35,895.26,-1,-1,-1,-1
353,8,1159.57,198.02,220.97,611.05,-1,-1,-1,-1
354,3,1390.70,102.87,399.92,976.07,-1,-1,-1,-1
354,1,246.59,170.99,341.05,889.89,-1,-1,-1,-1
354,8,1139.11,200.27,219.47,602.76,-1,-1,-1,-1
355,3,1399.48,106.19,391.58,961.48,-1,-1,-1,-1
355,1,237.15,163.15,344.36,897.65,-1,-1,-1,-1
355,8,1116.49,206.75,221.43,604.31,-1,-1,-1,-1
356,1,232.39,159.75,348.41,907.61,-1,-1,-1,-1
356,8,1092.76,208.75,224.07,608.70,-1,-1,-1,-1
357,1,231.82,159.55,348.62,906.05,-1,-1,-1,-1
357,8,1067.69,207.15,224.36,607.54,-1,-1,-1,-1
357,3,1413.49,115.33,381.86,946.44,-1,-1,-1,-1
358,1,234.54,163.58,348.55,904.20,-1,-1,-1,-1
358,8,1048.35,204.63,225.35,610.98,-1,-1,-1,-1
358,3,1420.09,115.16,376.73,945.41,-1,-1,-1,-1
359,1,243.02,165.65,349.48,903.84,-1,-1,-1,-1
359,8,1026.93,198.66,229.28,623.33,-1,-1,-1,-1
359,3,1431.55,120.61,358.47,909.33,-1,-1,-1,-1
360,1,246.86,165.95,353.08,907.20,-1,-1,-1,-1
360,8,1009.76,198.91,227.32,617.77,-1,-1,-1,-1
360,3,1435.75,127.28,343.69,880.21,-1,-1,-1,-1
361,1,249.40,164.01,359.52,921.04,-1,-1,-1,-1
361,8,989.04,193.75,230.89,629.30,-1,-1,-1,-1
361,3,1441.17,131.00,329.40,851.83,-1,-1,-1,-1
362,1,251.83,163.09,365.44,931.77,-1,-1,-1,-1
362,8,968.18,196.05,231.73,631.36,-1,-1,-1,-1
362,3,1444.48,132.37,319.31,830.62,-1,-1,-1,-1
363,1,265.57,165.97,364.97,925.20,-1,-1,-1,-1
363,8,949.69,199.20,229.70,626.67,-1,-1,-1,-1
363,3,1434.76,132.58,318.67,830.87,-1,-1,-1,-1
364,1,273.26,166.00,366.64,923.93,-1,-1,-1,-1
364,8,935.53,197.75,232.54,635.49,-1,-1,-1,-1
364,3,1430.33,134.64,315.78,825.72,-1,-1,-1,-1
365,1,284.18,164.75,367.12,924.63,-1,-1,-1,-1
365,8,920.02,200.35,232.66,637.00,-1,-1,-1,-1
365,3,1421.30,132.76,313.07,820.39,-1,-1,-1,-1
366,1,295.46,164.54,366.33,921.07,-1,-1,-1,-1
366,8,897.00,198.60,233.16,642.26,-1,-1,-1,-1
366,3,1414.45,135.46,306.80,807.68,-1,-1,-1,-1
367,1,306.49,159.87,370.00,926.58,-1,-1,-1,-1
367,8,872.28,198.29,231.82,645.54,-1,-1,-1,-1
367,3,1403.89,139.96,301.87,797.68,-1,-1,-1,-1
368,1,327.94,155.06,371.94,924.56,-1,-1,-1,-1
368,8,848.39,193.98,233.50,655.62,-1,-1,-1,-1
368,3,1389.23,144.39,294.62,779.94,-1,-1,-1,-1
369,1,344.04,149.82,377.78,932.73,-1,-1,-1,-1
369,8,822.99,197.77,232.42,650.34,-1,-1,-1,-1
369,3,1377.26,149.12,289.50,766.81,-1,-1,-1,-1
370,1,362.24,147.35,380.26,930.58,-1,-1,-1,-1
370,8,800.81,197.35,235.71,655.52,-1,-1,-1,-1
370,3,1362.31,152.67,285.06,753.70,-1,-1,-1,-1
371,1,375.02,149.90,382.31,924.62,-1,-1,-1,-1
371,8,789.62,196.32,238.45,659.85,-1,-1,-1,-1
371,3,1352.31,155.02,277.35,733.12,-1,-1,-1,-1
372,1,388.90,146.45,388.48,928.52,-1,-1,-1,-1
372,8,774.17,189.15,242.71,669.27,-1,-1,-1,-1
372,3,1333.63,159.53,272.33,719.20,-1,-1,-1,-1
373,1,409.47,140.53,394.75,940.07,-1,-1,-1,-1
373,8,746.58,189.23,245.88,678.91,-1,-1,-1,-1
373,3,1315.79,159.52,270.15,713.97,-1,-1,-1,-1
374,1,432.32,138.55,393.20,929.06,-1,-1,-1,-1
374,8,727.97,192.19,242.85,673.28,-1,-1,-1,-1
374,3,1297.91,156.07,270.76,717.27,-1,-1,-1,-1
375,1,444.14,124.11,415.42,975.71,-1,-1,-1,-1
375,8,696.12,188.39,244.09,680.77,-1,-1,-1,-1
375,3,1280.52,155.16,270.16,718.22,-1,-1,-1,-1
376,1,455.83,117.99,422.54,987.80,-1,-1,-1,-1
376,8,695.37,189.59,234.99,665.02,-1,-1,-1,-1
376,3,1268.15,158.28,269.76,718.59,-1,-1,-1,-1
377,1,480.37,123.93,411.49,952.19,-1,-1,-1,-1
377,3,1251.98,161.41,267.65,714.52,-1,-1,-1,-1
378,1,500.50,120.40,409.47,939.88,-1,-1,-1,-1
378,3,1236.32,171.79,262.45,700.10,-1,-1,-1,-1
379,1,518.99,116.51,426.36,970.96,-1,-1,-1,-1
379,3,1220.52,179.84,256.50,684.32,-1,-1,-1,-1
380,1,544.11,118.02,434.73,984.98,-1,-1,-1,-1
380,3,1201.07,181.90,252.00,673.24,-1,-1,-1,-1
381,1,576.37,119.92,435.08,983.99,-1,-1,-1,-1
381,3,1183.36,187.46,240.64,645.21,-1,-1,-1,-1
382,1,589.92,120.80,438.33,989.57,-1,-1,-1,-1
382,3,1166.23,187.25,237.72,640.18,-1,-1,-1,-1
383,1,623.73,120.35,433.41,977.94,-1,-1,-1,-1
383,3,1146.42,187.22,235.98,637.25,-1,-1,-1,-1
383,8,549.26,203.41,250.06,696.95,-1,-1,-1,-1
384,1,655.17,112.32,431.69,972.01,-1,-1,-1,-1
384,3,1130.25,185.53,236.80,638.61,-1,-1,-1,-1
384,8,524.93,197.89,258.95,715.14,-1,-1,-1,-1
385,1,688.52,100.61,429.08,968.43,-1,-1,-1,-1
385,3,1112.16,188.39,234.82,634.61,-1,-1,-1,-1
385,8,503.49,193.43,262.66,720.97,-1,-1,-1,-1
386,1,710.08,88.84,428.73,968.34,-1,-1,-1,-1
386,3,1102.19,188.66,232.46,627.72,-1,-1,-1,-1
386,8,486.68,186.19,272.95,747.12,-1,-1,-1,-1
387,1,728.09,80.91,434.80,980.61,-1,-1,-1,-1
387,3,1091.58,192.65,232.07,626.01,-1,-1,-1,-1
387,8,463.72,183.18,285.26,778.34,-1,-1,-1,-1
388,1,754.58,66.97,444.70,996.55,-1,-1,-1,-1
388,3,1084.28,194.17,231.93,627.97,-1,-1,-1,-1
388,8,449.96,180.21,292.29,796.35,-1,-1,-1,-1
389,1,785.66,65.77,447.40,999.69,-1,-1,-1,-1
389,3,1072.50,192.21,227.66,618.14,-1,-1,-1,-1
389,8,440.18,181.31,295.03,803.63,-1,-1,-1,-1
390,1,819.64,72.74,465.66,1034.08,-1,-1,-1,-1
390,3,1037.18,183.85,237.81,644.90,-1,-1,-1,-1
390,8,432.62,178.46,295.04,803.11,-1,-1,-1,-1
391,1,872.45,80.78,451.63,998.23,-1,-1,-1,-1
391,8,423.77,180.02,294.55,802.66,-1,-1,-1,-1
392,1,898.69,85.95,454.89,998.94,-1,-1,-1,-1
392,8,414.99,177.08,295.90,809.01,-1,-1,-1,-1
393,1,943.83,91.40,453.98,990.25,-1,-1,-1,-1
393,8,404.36,175.99,297.94,817.40,-1,-1,-1,-1
394,1,984.28,88.08,456.38,992.12,-1,-1,-1,-1
394,8,400.89,170.77,301.98,831.48,-1,-1,-1,-1
395,1,1024.71,78.19,456.45,995.95,-1,-1,-1,-1
395,8,404.42,165.39,305.41,848.64,-1,-1,-1,-1
395,3,937.94,197.21,225.53,611.31,-1,-1,-1,-1
396,1,1058.61,70.66,457.45,999.73,-1,-1,-1,-1
396,8,403.46,160.67,316.51,892.39,-1,-1,-1,-1
396,3,916.75,198.09,227.11,614.79,-1,-1,-1,-1
397,1,1084.73,68.55,456.29,1001.38,-1,-1,-1,-1
397,8,407.58,158.72,315.28,898.73,-1,-1,-1,-1
397,3,899.19,205.70,225.54,611.04,-1,-1,-1,-1
398,1,1099.69,66.57,454.92,1001.71,-1,-1,-1,-1
398,8,410.03,158.74,316.75,911.41,-1,-1,-1,-1
398,3,887.29,206.21,226.28,611.69,-1,-1,-1,-1
399,1,1119.58,79.75,445.75,980.39,-1,-1,-1,-1
399,8,410.28,151.05,322.12,926.22,-1,-1,-1,-1
399,3,864.61,209.52,225.71,610.50,-1,-1,-1,-1
400,1,1134.20,81.87,454.51,1005.26,-1,-1,-1,-1
400,8,413.80,145.32,325.91,931.81,-1,-1,-1,-1
400,3,843.33,209.78,225.33,606.95,-1,-1,-1,-1
401,1,1152.04,88.78,454.86,1009.86,-1,-1,-1,-1
401,8,416.87,140.05,332.93,944.40,-1,-1,-1,-1
401,3,817.72,207.13,228.96,613.46,-1,-1,-1,-1
402,1,1166.82,94.92,454.49,1013.07,-1,-1,-1,-1
402,8,415.75,134.11,337.85,951.61,-1,-1,-1,-1
402,3,792.00,201.96,232.73,619.80,-1,-1,-1,-1
403,1,1183.37,91.16,442.84,989.12,-1,-1,-1,-1
403,8,421.16,134.81,343.02,956.05,-1,-1,-1,-1
403,3,770.73,200.39,237.01,627.97,-1,-1,-1,-1
404,1,1197.63,99.08,434.84,975.27,-1,-1,-1,-1
404,8,433.77,131.02,347.52,960.18,-1,-1,-1,-1
404,3,752.49,200.62,241.16,637.50,-1,-1,-1,-1
405,1,1208.75,98.70,434.95,982.45,-1,-1,-1,-1
405,8,448.15,129.56,350.20,966.81,-1,-1,-1,-1
405,3,741.60,203.99,240.71,635.04,-1,-1,-1,-1
406,1,1220.08,98.79,433.94,987.56,-1,-1,-1,-1
406,8,460.30,125.09,351.65,973.89,-1,-1,-1,-1
406,3,733.15,205.10,237.70,627.77,-1,-1,-1,-1
407,1,1236.26,103.46,427.39,978.49,-1,-1,-1,-1
407,8,478.32,130.07,348.88,969.70,-1,-1,-1,-1
407,3,717.82,197.82,232.18,617.61,-1,-1,-1,-1
408,1,1252.96,107.04,422.06,975.10,-1,-1,-1,-1
408,8,499.22,122.20,349.75,964.58,-1,-1,-1,-1
408,3,702.46,198.27,223.40,601.12,-1,-1,-1,-1
409,1,1273.09,116.60,410.39,956.76,-1,-1,-1,-1
409,8,521.11,117.83,347.76,954.16,-1,-1,-1,-1
410,1,1286.31,125.16,401.72,942.08,-1,-1,-1,-1
410,8,533.11,115.11,350.34,955.75,-1,-1,-1,-1
411,1,1305.03,137.55,396.69,937.61,-1,-1,-1,-1
411,8,532.02,103.65,364.79,993.76,-1,-1,-1,-1
412,1,1321.56,140.13,393.06,936.97,-1,-1,-1,-1
412,8,538.01,95.99,374.19,1007.61,-1,-1,-1,-1
413,1,1337.27,137.36,388.22,935.47,-1,-1,-1,-1
413,8,553.08,85.42,377.79,1006.33,-1,-1,-1,-1
414,1,1357.49,134.02,375.78,918.58,-1,-1,-1,-1
414,8,564.33,72.61,383.51,1005.04,-1,-1,-1,-1
415,1,1373.23,130.52,366.77,908.37,-1,-1,-1,-1
415,8,572.73,82.04,387.10,1003.99,-1,-1,-1,-1
416,1,1384.00,133.68,358.76,902.51,-1,-1,-1,-1
416,8,588.81,88.44,393.33,1018.40,-1,-1,-1,-1
417,1,1396.71,136.33,349.79,893.48,-1,-1,-1,-1
417,8,619.89,85.32,390.84,1010.60,-1,-1,-1,-1
417,3,535.97,196.85,264.48,715.19,-1,-1,-1,-1
418,1,1406.55,136.44,338.88,880.26,-1,-1,-1,-1
418,8,656.69,70.81,391.03,1016.89,-1,-1,-1,-1
418,3,503.70,192.46,264.70,729.49,-1,-1,-1,-1
419,1,1411.83,136.58,331.02,875.14,-1,-1,-1,-1
419,8,682.41,61.81,392.95,1026.21,-1,-1,-1,-1
419,3,479.42,184.86,266.77,742.07,-1,-1,-1,-1
420,1,1416.69,139.73,319.06,852.26,-1,-1,-1,-1
420,8,711.34,52.72,391.81,1028.54,-1,-1,-1,-1
420,3,460.85,181.38,269.49,743.98,-1,-1,-1,-1
421,1,1410.28,146.59,314.30,843.61,-1,-1,-1,-1
421,8,746.30,57.24,391.08,1029.39,-1,-1,-1,-1
421,3,445.15,178.78,274.08,750.88,-1,-1,-1,-1
422,1,1405.31,156.76,308.00,825.97,-1,-1,-1,-1
422,8,770.88,53.90,391.26,1030.79,-1,-1,-1,-1
422,3,430.80,176.78,278.52,756.28,-1,-1,-1,-1
423,1,1402.31,161.93,306.56,821.33,-1,-1,-1,-1
423,8,799.47,57.34,392.24,1032.23,-1,-1,-1,-1
423,3,413.11,177.87,282.34,759.70,-1,-1,-1,-1
424,1,1396.39,162.10,305.54,818.93,-1,-1,-1,-1
424,8,834.64,65.27,395.22,1034.88,-1,-1,-1,-1
424,3,395.83,175.02,285.20,761.91,-1,-1,-1,-1
425,1,1388.48,159.63,301.68,808.55,-1,-1,-1,-1
425,8,875.67,69.08,390.48,1020.86,-1,-1,-1,-1
425,3,372.04,172.01,289.84,769.59,-1,-1,-1,-1
426,1,1379.15,162.48,296.29,792.93,-1,-1,-1,-1
426,8,919.46,67.90,390.54,1019.52,-1,-1,-1,-1
426,3,354.87,173.90,294.52,778.87,-1,-1,-1,-1
427,1,1374.98,170.52,290.99,778.75,-1,-1,-1,-1
427,8,965.94,65.78,393.12,1022.90,-1,-1,-1,-1
427,3,338.23,170.87,296.39,784.17,-1,-1,-1,-1
428,1,1366.70,174.13,285.23,765.46,-1,-1,-1,-1
428,8,999.06,58.44,395.68,1025.65,-1,-1,-1,-1
428,3,323.26,163.31,294.13,777.92,-1,-1,-1,-1
429,1,1350.46,179.18,286.50,775.32,-1,-1,-1,-1
429,8,1031.00,53.77,398.19,1028.42,-1,-1,-1,-1
429,3,302.93,154.53,299.49,795.12,-1,-1,-1,-1
430,1,1332.00,182.05,283.25,770.06,-1,-1,-1,-1
430,8,1063.59,52.05,402.12,1033.11,-1,-1,-1,-1
430,3,284.82,155.56,305.63,820.35,-1,-1,-1,-1
431,1,1306.16,184.06,269.83,738.10,-1,-1,-1,-1
431,8,1095.47,51.15,410.12,1049.17,-1,-1,-1,-1
431,3,269.32,150.82,311.26,845.38,-1,-1,-1,-1
432,1,1282.34,206.16,258.06,707.29,-1,-1,-1,-1
432,8,1125.03,61.76,407.41,1033.32,-1,-1,-1,-1
432,3,254.85,149.69,312.74,858.70,-1,-1,-1,-1
433,8,1144.94,77.15,407.94,1025.91,-1,-1,-1,-1
433,3,250.37,149.64,309.10,856.82,-1,-1,-1,-1
434,8,1172.26,78.67,409.06,1021.55,-1,-1,-1,-1
434,3,241.29,145.82,311.88,868.88,-1,-1,-1,-1
435,8,1212.02,77.32,398.31,988.82,-1,-1,-1,-1
435,3,227.89,142.26,320.32,893.89,-1,-1,-1,-1
436,8,1249.33,84.10,397.20,985.41,-1,-1,-1,-1
436,3,213.88,138.09,326.08,907.82,-1,-1,-1,-1
437,8,1277.10,85.73,398.54,985.04,-1,-1,-1,-1
437,3,202.12,130.92,332.95,925.97,-1,-1,-1,-1
437,12,1202.96,205.69,232.34,633.53,-1,-1,-1,-1
438,8,1295.21,82.58,404.64,996.07,-1,-1,-1,-1
438,3,192.69,124.69,340.43,944.22,-1,-1,-1,-1
438,12,1187.63,211.65,231.49,630.74,-1,-1,-1,-1
439,8,1312.38,64.13,410.32,1008.12,-1,-1,-1,-1
439,3,186.52,119.75,346.64,958.27,-1,-1,-1,-1
439,12,1170.12,211.24,233.34,636.13,-1,-1,-1,-1
440,8,1324.73,63.35,410.76,1007.50,-1,-1,-1,-1
440,3,183.47,119.20,348.16,961.47,-1,-1,-1,-1
440,12,1150.03,204.66,234.82,639.66,-1,-1,-1,-1
441,8,1335.79,79.78,405.11,989.57,-1,-1,-1,-1
441,3,182.98,121.69,349.87,963.41,-1,-1,-1,-1
441,12,1135.87,202.01,234.91,639.32,-1,-1,-1,-1
442,8,1341.28,85.45,405.76,987.79,-1,-1,-1,-1
442,3,185.39,119.35,353.90,963.70,-1,-1,-1,-1
442,1,1111.34,206.98,231.34,628.09,-1,-1,-1,-1
443,8,1352.07,93.41,395.21,958.38,-1,-1,-1,-1
443,3,189.82,112.97,360.23,972.23,-1,-1,-1,-1
443,1,1098.02,209.81,231.72,624.20,-1,-1,-1,-1
444,8,1354.40,102.83,397.85,966.81,-1,-1,-1,-1
444,3,198.16,104.74,368.97,983.98,-1,-1,-1,-1
444,1,1080.32,212.84,232.56,621.57,-1,-1,-1,-1
445,8,1355.63,93.79,402.10,980.43,-1,-1,-1,-1
445,3,212.20,90.91,373.68,992.58,-1,-1,-1,-1
445,1,1063.77,218.31,233.61,623.54,-1,-1,-1,-1
446,8,1359.03,97.20,400.23,979.42,-1,-1,-1,-1
446,3,227.10,81.99,382.45,1008.76,-1,-1,-1,-1
446,1,1042.59,223.57,232.15,618.44,-1,-1,-1,-1
447,8,1366.27,109.66,387.60,954.89,-1,-1,-1,-1
447,3,243.25,67.46,389.91,1024.67,-1,-1,-1,-1
447,1,1030.56,222.93,230.52,612.10,-1,-1,-1,-1
448,8,1372.98,110.00,372.53,923.47,-1,-1,-1,-1
448,3,257.29,58.07,389.83,1011.95,-1,-1,-1,-1
448,1,1013.09,217.17,229.38,609.91,-1,-1,-1,-1
449,8,1376.22,113.43,365.03,910.38,-1,-1,-1,-1
449,3,262.60,56.51,401.72,1030.22,-1,-1,-1,-1
449,1,994.51,210.17,231.24,618.51,-1,-1,-1,-1
450,8,1375.80,118.89,361.24,906.85,-1,-1,-1,-1
450,3,280.53,57.26,407.12,1035.56,-1,-1,-1,-1
450,1,981.56,210.80,227.50,610.88,-1,-1,-1,-1
451,8,1375.85,122.30,357.48,903.15,-1,-1,-1,-1
451,3,294.32,57.18,414.01,1041.52,-1,-1,-1,-1
451,1,968.98,209.96,227.52,613.84,-1,-1,-1,-1
452,8,1373.59,129.23,351.98,894.84,-1,-1,-1,-1
452,3,319.44,61.60,417.42,1041.60,-1,-1,-1,-1
452,1,953.60,214.00,223.35,601.96,-1,-1,-1,-1
453,8,1373.34,139.13,344.07,879.63,-1,-1,-1,-1
453,3,350.93,61.11,419.14,1035.12,-1,-1,-1,-1
453,1,936.53,213.57,223.04,600.69,-1,-1,-1,-1
454,8,1370.65,145.36,337.82,867.93,-1,-1,-1,-1
454,3,402.22,46.28,411.91,1007.31,-1,-1,-1,-1
454,1,922.06,220.13,222.15,599.02,-1,-1,-1,-1
455,8,1368.71,150.67,325.44,840.18,-1,-1,-1,-1
455,3,449.36,30.59,423.66,1034.41,-1,-1,-1,-1
455,1,909.34,221.16,222.77,599.17,-1,-1,-1,-1
456,8,1368.39,150.44,315.51,817.15,-1,-1,-1,-1
456,3,495.14,37.22,416.49,1018.11,-1,-1,-1,-1
456,1,897.15,226.17,219.31,587.06,-1,-1,-1,-1
457,8,1363.89,148.45,308.00,800.39,-1,-1,-1,-1
457,3,543.83,42.92,418.55,1031.57,-1,-1,-1,-1
457,1,880.72,219.89,219.85,587.43,-1,-1,-1,-1
458,8,1360.70,147.79,302.97,791.15,-1,-1,-1,-1
458,3,570.27,40.33,421.89,1048.27,-1,-1,-1,-1
458,1,867.40,217.20,217.99,579.30,-1,-1,-1,-1
459,8,1353.13,151.78,297.82,783.10,-1,-1,-1,-1
459,3,624.97,39.41,422.06,1055.56,-1,-1,-1,-1
459,1,843.38,222.65,218.12,576.76,-1,-1,-1,-1
460,8,1345.12,156.19,291.33,771.17,-1,-1,-1,-1
460,3,670.99,57.65,410.43,1029.30,-1,-1,-1,-1
461,8,1331.71,159.20,283.82,757.56,-1,-1,-1,-1
461,3,737.64,37.50,402.15,1013.83,-1,-1,-1,-1
462,8,1321.02,163.93,277.03,740.45,-1,-1,-1,-1
462,3,818.87,23.41,402.70,1011.76,-1,-1,-1,-1
463,8,1304.83,166.44,271.28,731.49,-1,-1,-1,-1
463,3,867.09,6.50,408.21,1019.04,-1,-1,-1,-1
463,1,740.82,231.13,234.52,618.63,-1,-1,-1,-1
464,8,1276.42,169.13,265.60,719.57,-1,-1,-1,-1
464,3,902.94,4.36,413.84,1026.86,-1,-1,-1,-1
464,1,724.98,224.05,239.97,630.61,-1,-1,-1,-1
465,8,1262.42,163.86,262.08,710.55,-1,-1,-1,-1
465,3,922.66,1.07,413.74,1023.29,-1,-1,-1,-1
465,1,711.79,220.90,243.12,636.62,-1,-1,-1,-1
466,8,1254.28,163.06,258.72,699.37,-1,-1,-1,-1
466,3,942.56,13.46,412.74,1015.56,-1,-1,-1,-1
466,1,700.60,217.76,245.40,641.88,-1,-1,-1,-1
467,8,1249.67,164.94,255.49,689.40,-1,-1,-1,-1
467,3,961.64,30.85,428.94,1050.29,-1,-1,-1,-1
467,1,678.39,217.72,249.31,651.78,-1,-1,-1,-1
468,8,1235.82,172.51,266.58,704.38,-1,-1,-1,-1
468,3,998.68,36.64,436.98,1068.79,-1,-1,-1,-1
468,1,654.46,216.17,254.46,665.81,-1,-1,-1,-1
469,3,1049.97,12.68,441.30,1071.54,-1,-1,-1,-1
469,1,634.28,216.44,261.57,687.02,-1,-1,-1,-1
470,3,1103.17,22.50,446.12,1065.65,-1,-1,-1,-1
470,1,615.08,212.25,268.55,710.40,-1,-1,-1,-1
471,3,1133.24,26.76,445.95,1055.30,-1,-1,-1,-1
471,1,595.30,209.58,269.97,720.75,-1,-1,-1,-1
472,3,1180.52,78.92,400.90,947.53,-1,-1,-1,-1
472,1,580.69,205.66,267.67,718.88,-1,-1,-1,-1
473,3,1228.03,29.06,434.71,1022.12,-1,-1,-1,-1
473,1,564.28,199.94,271.85,727.90,-1,-1,-1,-1
473,8,1158.97,165.78,265.94,699.06,-1,-1,-1,-1
474,3,1251.70,9.58,452.69,1059.13,-1,-1,-1,-1
474,1,546.24,195.34,283.14,756.37,-1,-1,-1,-1
474,8,1139.25,176.84,260.53,683.22,-1,-1,-1,-1
475,3,1252.74,2.06,460.54,1074.81,-1,-1,-1,-1
475,1,534.46,193.16,296.58,798.20,-1,-1,-1,-1
475,8,1122.47,188.84,247.83,653.50,-1,-1,-1,-1
476,3,1271.02,0.84,463.40,1074.94,-1,-1,-1,-1
476,1,529.90,194.02,302.97,821.75,-1,-1,-1,-1
476,8,1114.27,194.95,242.82,643.14,-1,-1,-1,-1
477,3,1283.89,1.76,462.74,1071.55,-1,-1,-1,-1
477,1,515.33,193.74,316.72,861.86,-1,-1,-1,-1
477,8,1095.28,193.38,244.94,646.80,-1,-1,-1,-1
478,3,1299.61,46.08,451.15,1045.67,-1,-1,-1,-1
478,1,503.26,195.64,325.14,882.33,-1,-1,-1,-1
478,8,1080.73,194.90,243.79,640.87,-1,-1,-1,-1
479,3,1315.18,47.44,446.68,1036.82,-1,-1,-1,-1
479,1,502.39,190.40,328.80,887.40,-1,-1,-1,-1
479,8,1067.45,194.24,244.99,638.09,-1,-1,-1,-1
480,3,1321.52,40.23,446.99,1040.16,-1,-1,-1,-1
480,1,504.23,172.76,338.14,904.60,-1,-1,-1,-1
480,8,1046.54,200.78,245.12,635.67,-1,-1,-1,-1
481,3,1341.17,61.85,434.98,1017.39,-1,-1,-1,-1
481,1,512.45,157.38,344.99,919.72,-1,-1,-1,-1
481,8,1029.10,206.72,245.40,635.47,-1,-1,-1,-1
482,3,1351.04,57.04,434.57,1016.84,-1,-1,-1,-1
482,1,515.94,150.23,352.73,933.95,-1,-1,-1,-1
482,8,1009.85,201.61,244.97,634.89,-1,-1,-1,-1
483,3,1363.83,89.60,420.20,985.89,-1,-1,-1,-1
483,1,531.93,150.25,354.21,934.39,-1,-1,-1,-1
483,8,983.66,205.69,243.28,632.88,-1,-1,-1,-1
484,3,1373.66,99.95,415.26,979.56,-1,-1,-1,-1
484,1,545.99,153.71,357.68,941.20,-1,-1,-1,-1
484,8,959.52,203.38,240.76,630.18,-1,-1,-1,-1
485,3,1375.15,97.04,412.60,979.82,-1,-1,-1,-1
485,1,558.77,140.06,357.29,939.93,-1,-1,-1,-1
485,8,939.97,203.18,237.26,624.85,-1,-1,-1,-1
486,3,1379.17,98.89,407.43,973.89,-1,-1,-1,-1
486,1,570.76,133.42,366.16,965.42,-1,-1,-1,-1
486,8,919.84,203.77,236.76,625.25,-1,-1,-1,-1
487,3,1388.77,111.82,398.50,958.32,-1,-1,-1,-1
487,1,590.57,128.68,364.88,967.16,-1,-1,-1,-1
487,8,901.37,205.48,235.48,623.38,-1,-1,-1,-1
488,3,1398.32,108.81,381.31,919.17,-1,-1,-1,-1
488,1,614.37,114.80,365.18,975.69,-1,-1,-1,-1
488,8,877.54,207.43,234.94,623.83,-1,-1,-1,-1
489,3,1395.45,115.80,376.04,914.04,-1,-1,-1,-1
489,1,641.60,109.05,370.64,994.96,-1,-1,-1,-1
489,8,859.53,205.72,228.87,610.82,-1,-1,-1,-1
490,3,1394.36,115.47,372.34,912.44,-1,-1,-1,-1
490,1,676.03,112.67,367.40,987.42,-1,-1,-1,-1
491,3,1389.67,118.26,361.57,893.58,-1,-1,-1,-1
491,1,700.80,114.47,365.53,984.06,-1,-1,-1,-1
492,3,1390.57,124.52,341.74,845.98,-1,-1,-1,-1
492,1,724.75,114.47,360.75,967.94,-1,-1,-1,-1
493,3,1380.63,122.83,341.10,850.39,-1,-1,-1,-1
493,1,751.76,123.32,356.01,948.19,-1,-1,-1,-1
494,3,1367.77,123.86,338.96,851.33,-1,-1,-1,-1
494,1,799.56,118.02,363.15,964.90,-1,-1,-1,-1
494,8,739.07,210.88,242.41,651.45,-1,-1,-1,-1
495,3,1353.21,122.50,335.02,848.09,-1,-1,-1,-1
495,1,854.86,105.47,367.91,970.43,-1,-1,-1,-1
495,8,712.73,210.65,243.57,655.41,-1,-1,-1,-1
496,3,1337.57,122.51,333.34,850.06,-1,-1,-1,-1
496,1,902.59,81.07,378.81,993.49,-1,-1,-1,-1
496,8,689.91,211.22,241.92,648.31,-1,-1,-1,-1
497,3,1328.97,128.99,326.40,838.40,-1,-1,-1,-1
497,1,945.03,64.72,388.85,1012.55,-1,-1,-1,-1
497,8,667.63,212.34,242.93,649.20,-1,-1,-1,-1
498,3,1314.43,135.77,322.18,834.76,-1,-1,-1,-1
498,1,985.47,67.39,385.86,1000.99,-1,-1,-1,-1
498,8,643.03,213.87,242.44,650.13,-1,-1,-1,-1
499,3,1303.97,137.66,317.16,829.99,-1,-1,-1,-1
499,1,1010.38,76.33,385.76,997.36,-1,-1,-1,-1
499,8,625.78,213.50,242.43,653.05,-1,-1,-1,-1
500,3,1284.21,140.05,301.95,803.36,-1,-1,-1,-1
500,1,1039.47,76.84,392.62,1013.72,-1,-1,-1,-1
500,8,600.44,210.63,243.35,661.68,-1,-1,-1,-1
501,1,1091.57,79.33,389.63,996.39,-1,-1,-1,-1
501,8,576.96,207.96,242.36,662.59,-1,-1,-1,-1
502,1,1139.14,93.27,393.01,994.17,-1,-1,-1,-1
502,8,548.90,207.65,241.91,661.60,-1,-1,-1,-1
503,1,1184.71,86.53,394.52,988.45,-1,-1,-1,-1
503,8,521.78,205.38,246.85,669.90,-1,-1,-1,-1
504,1,1216.54,74.15,396.71,981.24,-1,-1,-1,-1
504,8,496.28,205.94,251.69,674.75,-1,-1,-1,-1
505,1,1265.10,70.03,404.45,992.43,-1,-1,-1,-1
505,8,475.42,209.03,254.03,675.35,-1,-1,-1,-1
506,1,1295.99,65.23,410.55,999.91,-1,-1,-1,-1
506,8,462.61,211.80,257.48,679.04,-1,-1,-1,-1
506,14,1153.27,174.85,252.46,692.97,-1,-1,-1,-1
507,1,1326.94,72.84,411.12,996.68,-1,-1,-1,-1
507,8,448.41,213.85,260.05,681.34,-1,-1,-1,-1
507,14,1147.62,182.82,255.55,700.51,-1,-1,-1,-1
508,1,1357.33,67.38,411.13,992.88,-1,-1,-1,-1
508,8,430.15,215.89,265.07,690.21,-1,-1,-1,-1
508,3,1127.63,181.47,263.07,699.71,-1,-1,-1,-1
509,1,1382.92,74.66,412.22,994.18,-1,-1,-1,-1
509,8,408.38,211.75,272.42,704.95,-1,-1,-1,-1
509,3,1106.18,184.12,257.15,682.49,-1,-1,-1,-1
510,1,1407.37,77.92,418.63,1009.07,-1,-1,-1,-1
510,8,384.38,203.90,280.73,726.76,-1,-1,-1,-1
510,3,1088.83,184.80,251.00,667.85,-1,-1,-1,-1
511,1,1439.51,73.11,409.41,993.14,-1,-1,-1,-1
511,8,364.17,194.75,286.71,740.25,-1,-1,-1,-1
511,3,1075.93,181.33,246.36,656.80,-1,-1,-1,-1
512,1,1459.18,68.57,412.79,1009.70,-1,-1,-1,-1
512,8,341.78,194.76,293.17,756.30,-1,-1,-1,-1
512,3,1067.15,179.28,242.74,650.34,-1,-1,-1,-1
513,1,1475.40,71.51,408.58,1009.43,-1,-1,-1,-1
513,8,323.94,198.62,298.62,769.22,-1,-1,-1,-1
513,3,1055.95,182.04,237.56,642.58,-1,-1,-1,-1
514,1,1492.59,74.46,395.79,990.25,-1,-1,-1,-1
514,8,312.52,201.12,301.77,778.41,-1,-1,-1,-1
514,3,1036.82,186.14,234.30,636.27,-1,-1,-1,-1
515,1,1514.56,82.54,392.10,993.35,-1,-1,-1,-1
515,8,299.35,198.76,307.93,796.50,-1,-1,-1,-1
515,3,1020.13,186.17,233.47,635.04,-1,-1,-1,-1
516,1,1531.72,82.13,391.95,1007.36,-1,-1,-1,-1
516,8,293.99,194.50,307.20,799.02,-1,-1,-1,-1
516,3,1004.55,193.60,228.53,622.54,-1,-1,-1,-1
517,1,1544.47,98.50,381.02,986.82,-1,-1,-1,-1
517,8,284.92,186.32,307.89,805.84,-1,-1,-1,-1
517,3,992.18,199.94,226.88,618.44,-1,-1,-1,-1
518,1,1551.20,108.53,374.55,975.28,-1,-1,-1,-1
518,8,280.10,182.61,307.28,808.44,-1,-1,-1,-1
518,3,984.38,203.28,225.30,614.61,-1,-1,-1,-1
519,1,1556.23,119.63,368.84,960.12,-1,-1,-1,-1
519,8,271.50,175.71,307.55,814.20,-1,-1,-1,-1
519,3,974.44,206.26,219.01,599.82,-1,-1,-1,-1
520,1,1550.84,114.31,373.80,971.82,-1,-1,-1,-1
520,8,258.39,169.20,311.40,832.92,-1,-1,-1,-1
520,3,955.91,211.02,213.51,587.95,-1,-1,-1,-1
521,1,1544.67,111.81,376.85,978.46,-1,-1,-1,-1
521,8,243.73,163.33,316.88,856.60,-1,-1,-1,-1
521,3,936.42,212.66,213.78,591.10,-1,-1,-1,-1
522,1,1536.52,115.69,371.26,959.52,-1,-1,-1,-1
522,8,222.65,157.41,326.74,897.39,-1,-1,-1,-1
522,3,914.49,217.52,212.37,586.33,-1,-1,-1,-1
523,1,1526.56,115.84,370.80,956.66,-1,-1,-1,-1
523,8,209.43,153.89,332.40,923.54,-1,-1,-1,-1
523,3,896.38,217.56,212.04,582.96,-1,-1,-1,-1
524,1,1519.04,118.31,366.40,947.98,-1,-1,-1,-1
524,8,202.18,148.73,336.48,936.71,-1,-1,-1,-1
524,3,879.23,218.59,212.08,580.64,-1,-1,-1,-1
525,1,1516.91,119.47,363.16,945.77,-1,-1,-1,-1
525,8,198.76,140.91,338.48,936.96,-1,-1,-1,-1
525,3,862.86,220.54,211.33,576.90,-1,-1,-1,-1
526,1,1514.35,121.46,358.66,942.67,-1,-1,-1,-1
526,8,196.20,140.02,340.26,936.82,-1,-1,-1,-1
526,3,852.99,221.74,212.19,576.95,-1,-1,-1,-1
527,1,1509.75,120.51,343.28,922.86,-1,-1,-1,-1
527,8,187.02,128.30,347.53,947.55,-1,-1,-1,-1
527,3,829.54,219.31,216.59,588.62,-1,-1,-1,-1
528,1,1504.51,126.97,328.60,900.09,-1,-1,-1,-1
528,8,181.72,120.43,355.47,960.90,-1,-1,-1,-1
528,3,810.01,221.57,217.17,591.78,-1,-1,-1,-1
529,1,1481.71,127.58,325.17,892.78,-1,-1,-1,-1
529,8,178.35,110.87,359.14,965.97,-1,-1,-1,-1
529,3,790.45,220.83,216.21,593.50,-1,-1,-1,-1
530,1,1469.08,131.03,322.50,884.80,-1,-1,-1,-1
530,8,175.28,106.51,363.29,970.82,-1,-1,-1,-1
530,3,779.01,220.72,214.51,592.46,-1,-1,-1,-1
531,1,1457.82,140.38,317.97,867.01,-1,-1,-1,-1
531,8,170.76,101.32,368.50,976.66,-1,-1,-1,-1
531,3,765.79,209.22,218.75,609.20,-1,-1,-1,-1
532,1,1445.39,143.21,316.94,858.53,-1,-1,-1,-1
532,8,166.63,106.00,373.77,977.29,-1,-1,-1,-1
532,3,750.72,206.19,218.92,611.51,-1,-1,-1,-1
533,1,1435.40,147.24,312.84,842.33,-1,-1,-1,-1
533,8,165.23,101.71,378.03,977.48,-1,-1,-1,-1
533,3,727.84,203.06,224.03,623.56,-1,-1,-1,-1
534,1,1428.92,153.72,307.49,820.89,-1,-1,-1,-1
534,8,164.06,91.99,385.61,985.41,-1,-1,-1,-1
534,3,704.95,206.29,229.54,637.23,-1,-1,-1,-1
535,1,1421.34,160.56,300.28,795.83,-1,-1,-1,-1
535,8,167.48,84.25,391.39,988.90,-1,-1,-1,-1
535,3,688.81,206.21,234.97,651.83,-1,-1,-1,-1
536,1,1416.19,165.27,295.63,778.12,-1,-1,-1,-1
536,8,169.20,77.06,398.76,995.31,-1,-1,-1,-1
536,3,677.89,203.76,238.73,660.88,-1,-1,-1,-1
537,1,1399.06,169.18,301.04,791.23,-1,-1,-1,-1
537,8,172.31,74.47,405.04,997.48,-1,-1,-1,-1
537,3,662.78,199.92,242.04,667.67,-1,-1,-1,-1
538,1,1386.47,170.46,297.90,782.43,-1,-1,-1,-1
538,8,181.88,70.04,410.55,994.72,-1,-1,-1,-1
538,3,644.30,196.51,243.86,671.02,-1,-1,-1,-1
539,1,1370.58,171.22,287.41,756.68,-1,-1,-1,-1
539,8,190.76,58.51,422.75,1009.24,-1,-1,-1,-1
539,3,621.00,187.46,249.57,684.79,-1,-1,-1,-1
540,1,1352.75,170.92,282.64,749.31,-1,-1,-1,-1
540,8,205.37,48.39,435.65,1024.02,-1,-1,-1,-1
540,3,604.71,186.90,250.31,687.89,-1,-1,-1,-1
541,1,1326.11,177.50,271.77,723.59,-1,-1,-1,-1
541,8,216.26,47.58,441.65,1024.43,-1,-1,-1,-1
541,3,590.93,182.81,253.55,699.50,-1,-1,-1,-1
542,1,1300.86,179.84,266.93,713.23,-1,-1,-1,-1
542,8,232.41,62.99,446.51,1018.17,-1,-1,-1,-1
542,3,575.45,181.68,253.19,697.56,-1,-1,-1,-1
543,1,1291.07,183.60,264.37,708.25,-1,-1,-1,-1
543,8,239.71,72.42,454.32,1019.06,-1,-1,-1,-1
543,3,568.86,179.97,251.17,691.31,-1,-1,-1,-1
544,1,1280.22,192.07,260.37,697.89,-1,-1,-1,-1
544,8,263.13,64.65,461.87,1022.19,-1,-1,-1,-1
544,3,556.85,175.62,253.31,699.91,-1,-1,-1,-1
545,1,1270.38,198.97,259.76,697.40,-1,-1,-1,-1
545,8,294.42,61.29,466.30,1021.33,-1,-1,-1,-1
545,3,558.94,203.74,235.38,648.91,-1,-1,-1,-1
546,1,1252.12,204.30,257.99,692.05,-1,-1,-1,-1
546,8,323.71,47.28,472.98,1029.71,-1,-1,-1,-1
547,1,1230.48,208.57,256.35,687.40,-1,-1,-1,-1
547,8,368.54,51.63,466.78,1018.96,-1,-1,-1,-1
548,1,1208.02,202.82,255.09,681.85,-1,-1,-1,-1
548,8,401.10,34.79,480.69,1057.83,-1,-1,-1,-1
549,1,1182.29,202.63,254.12,677.78,-1,-1,-1,-1
549,8,427.15,28.75,476.45,1055.88,-1,-1,-1,-1
550,1,1166.57,204.25,251.98,669.80,-1,-1,-1,-1
550,8,452.08,27.12,474.95,1065.17,-1,-1,-1,-1
551,1,1147.16,203.82,248.12,657.38,-1,-1,-1,-1
551,8,520.12,30.45,472.11,1069.33,-1,-1,-1,-1
551,3,415.57,167.30,285.06,792.91,-1,-1,-1,-1
552,1,1129.68,205.95,243.58,644.91,-1,-1,-1,-1
552,8,588.83,27.24,469.96,1073.51,-1,-1,-1,-1
552,3,400.70,160.66,288.57,800.05,-1,-1,-1,-1
553,1,1116.27,204.80,241.67,640.28,-1,-1,-1,-1
553,8,644.34,34.42,462.19,1063.14,-1,-1,-1,-1
553,3,387.71,158.00,297.92,830.23,-1,-1,-1,-1
554,1,1099.84,209.07,241.22,637.50,-1,-1,-1,-1
554,8,713.56,28.92,444.75,1031.42,-1,-1,-1,-1
554,3,373.14,156.91,312.18,871.73,-1,-1,-1,-1
555,1,1090.10,204.69,241.91,639.25,-1,-1,-1,-1
555,8,777.03,29.43,444.72,1038.52,-1,-1,-1,-1
555,3,360.92,151.85,321.36,900.96,-1,-1,-1,-1
556,1,1060.63,198.04,244.63,647.26,-1,-1,-1,-1
556,8,830.87,32.66,447.47,1054.78,-1,-1,-1,-1
556,3,357.70,148.78,319.57,894.52,-1,-1,-1,-1
557,8,877.63,25.41,429.43,1012.40,-1,-1,-1,-1
557,3,355.33,145.86,321.77,898.73,-1,-1,-1,-1
558,8,920.80,32.73,442.29,1045.12,-1,-1,-1,-1
558,3,352.21,139.61,327.34,911.99,-1,-1,-1,-1
559,8,962.54,26.56,441.22,1039.31,-1,-1,-1,-1
559,3,345.15,129.08,332.74,926.17,-1,-1,-1,-1
560,8,988.44,28.94,446.61,1045.66,-1,-1,-1,-1
560,3,340.93,123.39,336.66,931.08,-1,-1,-1,-1
561,8,1049.82,33.01,447.93,1047.47,-1,-1,-1,-1
561,3,334.08,113.96,348.50,961.09,-1,-1,-1,-1
561,1,935.98,215.96,244.86,647.67,-1,-1,-1,-1
562,8,1085.15,35.02,450.65,1050.65,-1,-1,-1,-1
562,3,332.32,107.09,355.13,975.81,-1,-1,-1,-1
562,1,917.67,215.64,247.10,653.04,-1,-1,-1,-1
563,8,1130.55,44.71,446.04,1038.64,-1,-1,-1,-1
563,3,333.77,101.84,357.28,977.29,-1,-1,-1,-1
563,1,899.49,215.36,248.71,655.17,-1,-1,-1,-1
564,8,1169.47,51.00,444.19,1032.85,-1,-1,-1,-1
564,3,334.55,99.94,361.04,981.10,-1,-1,-1,-1
564,1,881.32,215.38,248.02,653.78,-1,-1,-1,-1
565,8,1208.25,53.62,446.83,1036.49,-1,-1,-1,-1
565,3,334.81,94.15,364.43,987.04,-1,-1,-1,-1
565,1,861.15,212.75,247.74,656.15,-1,-1,-1,-1
566,8,1234.89,57.08,444.65,1021.96,-1,-1,-1,-1
566,3,339.97,89.15,370.69,996.94,-1,-1,-1,-1
566,1,838.46,207.27,250.04,666.08,-1,-1,-1,-1
567,8,1248.57,53.37,447.38,1020.33,-1,-1,-1,-1
567,3,344.77,92.26,373.67,995.96,-1,-1,-1,-1
567,1,825.14,205.30,250.28,668.03,-1,-1,-1,-1
568,8,1266.88,55.70,449.35,1016.63,-1,-1,-1,-1
568,3,355.72,77.25,381.85,1011.49,-1,-1,-1,-1
568,1,809.44,204.20,251.56,671.45,-1,-1,-1,-1
569,8,1277.64,49.24,447.30,1010.73,-1,-1,-1,-1
569,3,371.07,70.83,385.75,1013.16,-1,-1,-1,-1
569,1,790.54,202.32,255.58,682.04,-1,-1,-1,-1
570,8,1292.22,52.34,443.60,1002.69,-1,-1,-1,-1
570,3,386.89,69.91,394.04,1024.78,-1,-1,-1,-1
570,1,769.34,207.86,253.12,675.74,-1,-1,-1,-1
571,8,1306.41,59.27,439.02,994.49,-1,-1,-1,-1
571,3,401.34,71.10,399.95,1028.13,-1,-1,-1,-1
571,1,746.54,215.39,253.57,675.46,-1,-1,-1,-1
572,8,1307.00,68.67,445.07,1011.21,-1,-1,-1,-1
572,3,420.84,66.15,398.07,1015.28,-1,-1,-1,-1
572,1,730.48,224.24,251.16,666.65,-1,-1,-1,-1
573,8,1311.24,79.51,439.37,1002.94,-1,-1,-1,-1
573,3,436.61,73.06,402.09,1020.42,-1,-1,-1,-1
573,1,709.56,231.18,249.53,662.27,-1,-1,-1,-1
574,8,1311.65,91.44,435.71,999.93,-1,-1,-1,-1
574,3,471.19,75.63,405.71,1029.98,-1,-1,-1,-1
574,1,681.06,232.13,252.24,671.56,-1,-1,-1,-1
575,8,1312.14,94.34,426.05,988.12,-1,-1,-1,-1
575,3,508.46,64.52,410.33,1044.90,-1,-1,-1,-1
576,8,1315.56,99.05,416.82,974.14,-1,-1,-1,-1
576,3,548.53,53.78,406.91,1037.39,-1,-1,-1,-1
577,8,1317.86,107.29,407.70,963.46,-1,-1,-1,-1
577,3,587.53,39.33,389.16,990.36,-1,-1,-1,-1
578,8,1318.03,106.05,404.31,965.00,-1,-1,-1,-1
578,3,604.73,34.29,391.26,992.04,-1,-1,-1,-1
579,8,1310.54,104.63,400.95,971.33,-1,-1,-1,-1
579,3,651.85,40.54,401.83,1021.65,-1,-1,-1,-1
579,1,538.76,223.04,271.42,719.38,-1,-1,-1,-1
580,8,1306.68,104.74,393.46,970.43,-1,-1,-1,-1
580,3,699.15,42.72,402.60,1026.57,-1,-1,-1,-1
580,1,520.66,223.37,274.40,723.46,-1,-1,-1,-1
581,8,1300.54,110.48,380.88,958.88,-1,-1,-1,-1
581,3,741.61,42.08,404.73,1032.86,-1,-1,-1,-1
581,1,499.26,216.27,278.95,732.07,-1,-1,-1,-1
582,8,1289.62,116.42,373.92,957.41,-1,-1,-1,-1
582,3,776.57,39.80,407.69,1045.28,-1,-1,-1,-1
582,1,472.08,205.45,285.21,747.08,-1,-1,-1,-1
583,8,1287.98,127.59,354.31,917.14,-1,-1,-1,-1
583,3,817.91,30.38,407.89,1049.56,-1,-1,-1,-1
583,1,446.35,195.23,289.12,755.83,-1,-1,-1,-1
584,8,1289.99,135.83,342.93,897.99,-1,-1,-1,-1
584,3,845.40,24.01,409.01,1056.56,-1,-1,-1,-1
584,1,426.62,188.73,293.96,766.29,-1,-1,-1,-1
585,8,1290.45,146.49,330.18,870.92,-1,-1,-1,-1
585,3,882.35,18.44,407.45,1056.63,-1,-1,-1,-1
585,1,399.77,186.70,298.81,778.61,-1,-1,-1,-1
586,8,1283.76,146.23,321.19,852.73,-1,-1,-1,-1
586,3,927.66,23.22,407.88,1063.53,-1,-1,-1,-1
586,1,375.27,186.13,307.79,806.73,-1,-1,-1,-1
587,8,1271.91,147.36,315.49,842.92,-1,-1,-1,-1
587,3,965.44,15.80,408.35,1067.48,-1,-1,-1,-1
587,1,350.90,186.72,317.97,837.90,-1,-1,-1,-1
588,8,1258.41,144.48,305.11,818.52,-1,-1,-1,-1
588,3,998.67,33.49,401.65,1044.23,-1,-1,-1,-1
588,1,329.57,191.59,324.83,861.48,-1,-1,-1,-1
589,8,1228.65,129.78,310.82,840.05,-1,-1,-1,-1
589,3,1038.55,20.25,406.97,1058.78,-1,-1,-1,-1
589,1,312.23,189.41,330.08,880.93,-1,-1,-1,-1
590,3,1088.71,11.32,405.86,1046.07,-1,-1,-1,-1
590,1,295.50,183.40,332.96,892.13,-1,-1,-1,-1
591,3,1107.64,25.44,411.99,1051.90,-1,-1,-1,-1
591,1,283.99,178.24,335.35,900.25,-1,-1,-1,-1
592,3,1131.62,35.99,405.26,1030.85,-1,-1,-1,-1
592,1,269.52,167.14,339.82,912.70,-1,-1,-1,-1
593,3,1164.57,33.85,413.09,1047.75,-1,-1,-1,-1
593,1,261.61,160.23,342.62,921.75,-1,-1,-1,-1
594,3,1189.96,39.25,415.59,1051.65,-1,-1,-1,-1
594,1,256.80,158.88,343.87,921.31,-1,-1,-1,-1
595,3,1205.92,42.46,419.30,1058.19,-1,-1,-1,-1
595,1,252.73,154.93,347.59,928.30,-1,-1,-1,-1
596,3,1227.71,38.88,407.75,1026.30,-1,-1,-1,-1
596,1,246.78,150.28,350.99,931.07,-1,-1,-1,-1
597,3,1239.15,53.62,406.33,1024.11,-1,-1,-1,-1
597,1,240.80,143.45,356.34,934.27,-1,-1,-1,-1
598,1,232.40,149.17,360.31,929.59,-1,-1,-1,-1
598,16,1172.89,178.35,229.68,700.59,-1,-1,-1,-1
599,1,220.58,143.34,373.36,943.93,-1,-1,-1,-1
599,16,1158.74,181.21,223.73,681.54,-1,-1,-1,-1
599,3,1268.07,61.49,402.31,1021.98,-1,-1,-1,-1
600,1,217.91,127.45,380.01,947.09,-1,-1,-1,-1
600,16,1141.97,181.21,221.28,672.25,-1,-1,-1,-1
600,3,1282.28,75.21,396.52,1011.33,-1,-1,-1,-1
601,1,220.89,112.35,386.92,952.70,-1,-1,-1,-1
601,16,1123.76,186.84,220.08,666.23,-1,-1,-1,-1
601,3,1291.21,96.87,384.81,995.94,-1,-1,-1,-1
602,1,228.04,101.08,393.01,961.04,-1,-1,-1,-1
602,16,1107.18,191.71,220.17,662.22,-1,-1,-1,-1
602,3,1299.78,110.72,370.91,970.27,-1,-1,-1,-1
603,1,233.40,103.30,404.79,983.86,-1,-1,-1,-1
603,16,1093.31,194.72,218.48,653.34,-1,-1,-1,-1
603,3,1306.42,107.15,357.81,943.49,-1,-1,-1,-1
604,1,260.22,98.97,402.14,977.31,-1,-1,-1,-1
604,16,1076.10,193.54,217.97,648.73,-1,-1,-1,-1
604,3,1309.30,102.34,347.22,927.56,-1,-1,-1,-1
605,1,278.93,99.14,401.16,975.25,-1,-1,-1,-1
605,16,1052.14,190.43,220.35,653.20,-1,-1,-1,-1
605,3,1311.33,104.59,337.91,913.47,-1,-1,-1,-1
606,1,294.40,99.68,400.63,974.09,-1,-1,-1,-1
606,16,1037.35,189.03,222.21,655.72,-1,-1,-1,-1
606,3,1309.86,99.82,332.84,910.87,-1,-1,-1,-1
607,1,319.00,94.06,404.84,982.06,-1,-1,-1,-1
607,16,1020.53,188.06,223.14,655.00,-1,-1,-1,-1
607,3,1311.95,105.40,327.54,898.95,-1,-1,-1,-1
608,1,351.61,94.98,407.38,983.03,-1,-1,-1,-1
608,16,997.99,192.55,224.08,652.68,-1,-1,-1,-1
608,3,1309.74,111.61,322.64,892.38,-1,-1,-1,-1
609,1,387.27,91.38,418.94,1006.05,-1,-1,-1,-1
609,16,977.08,194.98,225.40,649.99,-1,-1,-1,-1
609,3,1310.22,116.99,318.21,886.49,-1,-1,-1,-1
610,1,415.31,78.91,426.10,1022.73,-1,-1,-1,-1
610,16,957.92,197.49,227.06,644.01,-1,-1,-1,-1
610,3,1303.85,119.04,314.09,879.67,-1,-1,-1,-1
611,1,449.30,66.61,422.25,1016.23,-1,-1,-1,-1
611,16,934.66,200.38,228.39,640.95,-1,-1,-1,-1
611,3,1296.09,125.01,309.87,870.39,-1,-1,-1,-1
612,1,485.36,61.99,423.87,1023.17,-1,-1,-1,-1
612,16,915.51,203.57,226.36,630.89,-1,-1,-1,-1
612,3,1287.91,130.03,301.84,847.29,-1,-1,-1,-1
613,1,532.30,65.11,421.19,1018.19,-1,-1,-1,-1
613,16,890.65,205.17,224.48,625.12,-1,-1,-1,-1
613,3,1266.59,135.50,297.30,837.07,-1,-1,-1,-1
614,1,563.24,69.78,426.88,1036.51,-1,-1,-1,-1
614,16,869.27,198.35,224.75,624.62,-1,-1,-1,-1
614,3,1252.11,136.37,293.41,824.95,-1,-1,-1,-1
615,1,600.48,65.67,421.22,1029.24,-1,-1,-1,-1
615,16,844.51,197.44,224.45,627.09,-1,-1,-1,-1
615,3,1237.31,137.19,289.88,814.07,-1,-1,-1,-1
616,1,659.33,66.24,417.23,1019.23,-1,-1,-1,-1
616,3,1221.03,137.46,291.15,814.88,-1,-1,-1,-1
617,1,704.54,61.89,421.86,1033.91,-1,-1,-1,-1
617,3,1212.83,139.12,288.31,803.43,-1,-1,-1,-1
618,1,755.09,56.31,419.54,1030.60,-1,-1,-1,-1
618,3,1201.90,146.35,287.97,796.39,-1,-1,-1,-1
618,16,779.15,164.96,236.03,651.55,-1,-1,-1,-1
619,1,803.21,40.87,427.25,1049.66,-1,-1,-1,-1
619,3,1194.89,152.76,287.78,792.35,-1,-1,-1,-1
619,16,744.07,195.99,226.71,624.24,-1,-1,-1,-1
620,1,833.34,43.13,427.11,1049.38,-1,-1,-1,-1
620,3,1185.60,156.04,288.94,792.82,-1,-1,-1,-1
620,16,720.81,208.53,224.98,618.74,-1,-1,-1,-1
621,1,868.21,36.89,418.48,1026.30,-1,-1,-1,-1
621,3,1177.60,159.08,283.19,777.04,-1,-1,-1,-1
621,16,702.31,217.67,228.42,624.45,-1,-1,-1,-1
622,1,898.24,47.09,424.67,1038.37,-1,-1,-1,-1
622,3,1171.33,164.60,272.76,744.41,-1,-1,-1,-1
622,16,679.85,216.20,230.51,626.91,-1,-1,-1,-1
623,1,924.49,56.17,422.10,1029.92,-1,-1,-1,-1
623,3,1174.01,154.34,270.20,729.83,-1,-1,-1,-1
623,16,656.84,215.88,232.22,632.68,-1,-1,-1,-1
624,1,999.13,64.20,422.30,1008.18,-1,-1,-1,-1
624,16,632.80,215.43,232.24,633.82,-1,-1,-1,-1
625,1,1044.36,67.36,433.38,1020.27,-1,-1,-1,-1
625,16,607.21,212.82,233.21,640.04,-1,-1,-1,-1
626,1,1075.33,68.04,430.35,997.62,-1,-1,-1,-1
626,16,592.42,215.83,230.89,633.19,-1,-1,-1,-1
627,1,1109.59,67.35,434.05,1001.19,-1,-1,-1,-1
627,16,577.26,218.45,229.89,629.29,-1,-1,-1,-1
628,1,1139.67,63.90,436.04,1001.66,-1,-1,-1,-1
628,16,562.59,215.69,230.91,627.12,-1,-1,-1,-1
628,3,1075.30,175.72,237.45,639.90,-1,-1,-1,-1
629,1,1177.79,57.61,436.41,1001.68,-1,-1,-1,-1
629,16,545.97,215.49,234.56,631.85,-1,-1,-1,-1
629,3,1059.22,185.28,238.47,639.64,-1,-1,-1,-1
630,1,1215.37,57.48,438.38,1005.94,-1,-1,-1,-1
630,16,531.59,213.53,238.32,639.09,-1,-1,-1,-1
630,3,1039.84,180.92,244.76,650.29,-1,-1,-1,-1
631,1,1246.13,59.94,436.64,1005.73,-1,-1,-1,-1
631,16,514.20,209.13,242.48,648.66,-1,-1,-1,-1
631,3,1022.75,179.98,243.51,646.78,-1,-1,-1,-1
632,1,1276.31,53.51,434.92,1002.27,-1,-1,-1,-1
632,16,499.11,205.18,247.47,658.65,-1,-1,-1,-1
632,3,1007.58,178.20,241.82,642.07,-1,-1,-1,-1
633,1,1294.09,54.75,437.68,1012.61,-1,-1,-1,-1
633,16,486.11,201.46,251.63,665.83,-1,-1,-1,-1
633,3,998.26,180.81,240.41,637.89,-1,-1,-1,-1
634,1,1330.98,62.51,433.68,1007.82,-1,-1,-1,-1
634,16,469.90,197.61,255.37,668.40,-1,-1,-1,-1
634,3,981.73,184.78,239.89,639.60,-1,-1,-1,-1
635,1,1364.40,57.26,434.54,1012.39,-1,-1,-1,-1
635,16,455.64,194.35,261.41,678.76,-1,-1,-1,-1
635,3,969.28,189.69,236.99,634.40,-1,-1,-1,-1
636,1,1394.56,59.53,431.76,1004.32,-1,-1,-1,-1
636,16,444.13,192.87,268.92,696.49,-1,-1,-1,-1
636,3,952.19,194.31,233.95,625.70,-1,-1,-1,-1
637,1,1412.88,67.32,433.98,1005.94,-1,-1,-1,-1
637,16,435.98,195.49,273.27,707.95,-1,-1,-1,-1
637,3,935.41,198.32,232.01,621.80,-1,-1,-1,-1
638,1,1428.93,65.71,439.10,1011.59,-1,-1,-1,-1
638,16,431.67,199.87,274.68,713.23,-1,-1,-1,-1
638,3,919.56,201.30,231.95,622.79,-1,-1,-1,-1
639,1,1434.45,66.23,440.59,1008.52,-1,-1,-1,-1
639,16,427.67,201.02,276.47,720.90,-1,-1,-1,-1
639,3,900.91,203.78,228.08,612.98,-1,-1,-1,-1
640,1,1442.79,70.99,438.34,999.52,-1,-1,-1,-1
640,16,423.83,200.23,277.21,724.62,-1,-1,-1,-1
640,3,882.56,205.11,226.65,611.07,-1,-1,-1,-1
641,1,1445.01,82.01,436.18,988.24,-1,-1,-1,-1
641,16,419.71,193.94,279.23,729.79,-1,-1,-1,-1
641,3,865.08,206.16,220.83,594.67,-1,-1,-1,-1
642,1,1443.45,91.25,434.55,981.03,-1,-1,-1,-1
642,16,414.93,185.49,284.02,743.04,-1,-1,-1,-1
642,3,843.69,199.75,223.44,601.62,-1,-1,-1,-1
643,1,1441.26,100.81,433.26,981.30,-1,-1,-1,-1
643,16,412.66,177.86,291.79,768.42,-1,-1,-1,-1
643,3,821.18,196.63,226.68,610.28,-1,-1,-1,-1
644,1,1437.50,108.93,428.95,977.64,-1,-1,-1,-1
644,16,413.10,171.31,298.81,798.23,-1,-1,-1,-1
644,3,799.02,196.42,229.37,615.48,-1,-1,-1,-1
645,1,1431.97,113.37,423.28,975.40,-1,-1,-1,-1
645,16,417.38,168.64,301.04,814.58,-1,-1,-1,-1
645,3,781.07,196.17,233.56,622.66,-1,-1,-1,-1
646,1,1433.61,122.44,413.66,964.96,-1,-1,-1,-1
646,16,424.81,168.71,298.68,816.86,-1,-1,-1,-1
646,3,770.00,200.30,235.19,623.51,-1,-1,-1,-1
647,1,1436.59,130.31,405.50,956.01,-1,-1,-1,-1
647,16,420.29,166.95,301.56,833.72,-1,-1,-1,-1
647,3,755.83,201.48,237.74,629.00,-1,-1,-1,-1
648,1,1428.24,133.74,399.79,952.70,-1,-1,-1,-1
648,16,416.55,165.56,303.99,845.49,-1,-1,-1,-1
648,3,742.01,200.64,237.50,628.22,-1,-1,-1,-1
649,1,1422.06,128.80,396.22,957.06,-1,-1,-1,-1
649,16,412.71,161.62,309.14,859.43,-1,-1,-1,-1
649,3,729.60,198.61,236.60,628.47,-1,-1,-1,-1
650,1,1413.78,134.04,389.49,954.47,-1,-1,-1,-1
650,16,411.56,157.43,317.81,875.19,-1,-1,-1,-1
650,3,712.63,193.66,239.47,639.17,-1,-1,-1,-1
651,1,1410.80,133.35,380.43,944.00,-1,-1,-1,-1
651,16,409.76,154.46,324.13,883.48,-1,-1,-1,-1
651,3,701.74,190.65,240.45,645.63,-1,-1,-1,-1
652,1,1404.77,137.10,369.85,925.49,-1,-1,-1,-1
652,16,414.81,153.67,331.55,899.54,-1,-1,-1,-1
652,3,691.76,188.69,240.26,648.16,-1,-1,-1,-1
653,1,1393.80,141.61,355.19,894.63,-1,-1,-1,-1
653,16,422.77,149.60,336.51,910.41,-1,-1,-1,-1
653,3,674.48,187.30,243.16,654.77,-1,-1,-1,-1
654,1,1381.60,148.08,346.44,876.71,-1,-1,-1,-1
654,16,427.39,144.28,346.10,936.49,-1,-1,-1,-1
654,3,607.95,177.67,270.56,725.19,-1,-1,-1,-1
655,1,1379.06,155.72,326.83,830.10,-1,-1,-1,-1
655,16,451.49,148.61,343.43,925.54,-1,-1,-1,-1
655,3,631.88,186.56,251.08,675.11,-1,-1,-1,-1
656,1,1363.90,156.20,317.59,811.39,-1,-1,-1,-1
656,16,468.42,147.55,344.64,930.53,-1,-1,-1,-1
656,3,639.78,190.39,243.44,657.34,-1,-1,-1,-1
657,1,1355.25,156.50,312.27,802.12,-1,-1,-1,-1
657,16,487.16,144.98,344.31,930.38,-1,-1,-1,-1
657,3,630.84,198.68,242.79,658.23,-1,-1,-1,-1
658,1,1349.53,161.21,305.66,791.14,-1,-1,-1,-1
658,16,516.49,148.06,336.90,912.51,-1,-1,-1,-1
659,1,1339.45,165.31,299.47,782.07,-1,-1,-1,-1
659,16,530.69,139.18,344.93,940.40,-1,-1,-1,-1
660,1,1327.44,169.90,292.72,766.14,-1,-1,-1,-1
660,16,542.55,130.89,352.06,962.36,-1,-1,-1,-1
661,1,1317.15,177.33,283.96,746.47,-1,-1,-1,-1
661,16,570.39,133.60,341.72,940.91,-1,-1,-1,-1
662,1,1311.32,181.41,279.08,735.00,-1,-1,-1,-1
662,16,589.09,138.03,336.71,932.31,-1,-1,-1,-1
663,1,1298.04,183.59,275.35,723.62,-1,-1,-1,-1
663,16,597.89,142.58,327.47,904.57,-1,-1,-1,-1
664,1,1276.04,186.74,273.05,718.77,-1,-1,-1,-1
664,16,655.17,131.15,342.19,939.54,-1,-1,-1,-1
664,3,523.28,185.85,281.09,766.34,-1,-1,-1,-1