32,0,3.10,265.14,192.53,554.63,-1,-1,-1,-1
33,0,5.49,259.57,208.61,564.94,-1,-1,-1,-1
34,0,5.29,252.01,226.29,575.81,-1,-1,-1,-1
35,0,6.40,251.99,247.48,578.96,-1,-1,-1,-1
36,0,4.51,258.63,278.35,565.23,-1,-1,-1,-1
37,0,9.82,261.40,292.22,559.08,-1,-1,-1,-1
38,0,14.24,261.16,308.36,559.83,-1,-1,-1,-1
39,0,21.84,263.48,310.40,560.82,-1,-1,-1,-1
40,0,34.24,261.28,304.32,569.65,-1,-1,-1,-1
41,0,40.82,254.36,304.02,582.69,-1,-1,-1,-1
42,0,51.49,246.34,307.94,594.21,-1,-1,-1,-1
43,0,63.11,241.95,325.35,596.70,-1,-1,-1,-1
44,0,75.58,240.55,338.04,596.38,-1,-1,-1,-1
45,0,84.54,243.44,358.00,594.18,-1,-1,-1,-1
46,0,105.63,243.21,348.96,597.80,-1,-1,-1,-1
47,0,130.42,239.27,325.69,604.12,-1,-1,-1,-1
48,0,154.45,240.23,309.60,604.83,-1,-1,-1,-1
49,0,179.01,240.50,298.32,604.13,-1,-1,-1,-1
50,0,200.97,246.81,285.07,599.46,-1,-1,-1,-1
51,0,216.10,241.19,277.18,609.25,-1,-1,-1,-1
52,0,226.45,229.12,279.37,635.99,-1,-1,-1,-1
53,0,232.18,222.78,286.11,656.06,-1,-1,-1,-1
54,0,238.76,220.97,292.77,659.81,-1,-1,-1,-1
55,0,251.85,221.49,282.85,665.82,-1,-1,-1,-1
56,0,262.58,225.90,282.53,674.33,-1,-1,-1,-1
57,0,269.08,225.30,287.37,686.98,-1,-1,-1,-1
58,0,272.87,222.30,293.04,697.12,-1,-1,-1,-1
59,0,268.90,221.75,313.77,697.19,-1,-1,-1,-1
60,0,266.89,220.58,331.34,698.68,-1,-1,-1,-1
61,0,278.89,217.93,336.63,704.76,-1,-1,-1,-1
62,0,294.29,216.49,367.21,709.98,-1,-1,-1,-1
63,0,325.91,220.08,370.16,706.19,-1,-1,-1,-1
64,0,355.73,225.99,358.47,696.99,-1,-1,-1,-1
65,0,392.84,219.43,320.48,705.08,-1,-1,-1,-1
66,0,415.72,219.16,301.85,701.90,-1,-1,-1,-1
67,0,444.25,214.91,277.33,703.78,-1,-1,-1,-1
68,0,475.27,208.03,250.80,722.62,-1,-1,-1,-1
69,0,498.05,200.13,255.32,750.61,-1,-1,-1,-1
70,0,526.23,200.17,252.20,746.29,-1,-1,-1,-1
71,0,551.26,206.22,294.46,740.60,-1,-1,-1,-1
72,0,568.09,209.53,321.16,729.41,-1,-1,-1,-1
73,0,593.50,200.71,330.08,740.09,-1,-1,-1,-1
74,0,612.90,201.60,328.10,737.53,-1,-1,-1,-1
75,0,641.99,209.57,304.25,725.01,-1,-1,-1,-1
76,0,679.36,196.73,268.44,737.45,-1,-1,-1,-1
77,0,711.60,194.17,240.97,739.69,-1,-1,-1,-1
78,0,722.51,183.84,238.29,748.47,-1,-1,-1,-1
79,0,745.02,177.57,238.82,751.73,-1,-1,-1,-1
80,0,760.75,185.12,276.55,742.60,-1,-1,-1,-1
81,0,783.73,194.23,313.13,734.01,-1,-1,-1,-1
82,0,804.23,190.80,329.94,748.29,-1,-1,-1,-1
83,0,830.74,197.96,313.30,745.19,-1,-1,-1,-1
84,0,856.47,193.87,288.54,751.74,-1,-1,-1,-1
85,0,886.67,188.90,267.39,756.49,-1,-1,-1,-1
86,0,919.13,180.96,235.11,767.77,-1,-1,-1,-1
87,0,937.85,166.94,226.30,804.51,-1,-1,-1,-1
88,0,952.44,166.06,226.47,816.52,-1,-1,-1,-1
89,0,975.84,163.35,220.64,840.07,-1,-1,-1,-1
90,0,988.84,159.55,264.02,868.90,-1,-1,-1,-1
91,0,1003.63,160.40,282.49,885.48,-1,-1,-1,-1
92,0,1027.82,173.05,268.76,870.56,-1,-1,-1,-1
93,0,1046.79,155.98,253.14,891.70,-1,-1,-1,-1
94,0,1058.49,152.70,254.09,899.59,-1,-1,-1,-1
95,0,1087.38,154.52,243.44,894.97,-1,-1,-1,-1
96,0,1105.13,145.15,309.55,917.63,-1,-1,-1,-1
97,0,1132.09,138.24,344.82,928.38,-1,-1,-1,-1
98,0,1153.52,138.25,373.38,928.59,-1,-1,-1,-1
99,0,1170.28,141.56,397.84,930.03,-1,-1,-1,-1
100,0,1183.69,144.72,415.08,932.74,-1,-1,-1,-1
101,0,1196.01,151.45,425.12,928.12,-1,-1,-1,-1
102,0,1201.61,166.30,445.04,912.57,-1,-1,-1,-1
103,0,1220.03,165.65,437.72,906.64,-1,-1,-1,-1
104,0,1260.76,168.50,405.64,901.94,-1,-1,-1,-1
105,0,1300.96,156.56,363.88,907.19,-1,-1,-1,-1
106,0,1333.55,162.14,357.53,894.94,-1,-1,-1,-1
107,0,1358.76,166.15,357.96,894.14,-1,-1,-1,-1
108,0,1377.99,157.20,414.20,907.97,-1,-1,-1,-1
109,0,1393.78,146.34,444.38,927.24,-1,-1,-1,-1
110,0,1423.25,145.97,410.44,924.53,-1,-1,-1,-1
111,0,1442.24,141.92,398.62,932.12,-1,-1,-1,-1
112,0,1451.18,137.37,407.85,935.87,-1,-1,-1,-1
113,0,1471.61,120.27,402.65,954.65,-1,-1,-1,-1
114,0,1498.74,118.87,396.92,952.06,-1,-1,-1,-1
115,0,1522.31,119.28,393.34,946.73,-1,-1,-1,-1
116,0,1539.14,119.01,382.22,943.29,-1,-1,-1,-1
117,0,1543.62,120.38,381.10,936.57,-1,-1,-1,-1
118,0,1537.26,124.98,389.79,927.86,-1,-1,-1,-1
119,0,1530.51,130.32,382.61,917.76,-1,-1,-1,-1
120,0,1533.08,144.45,359.90,885.89,-1,-1,-1,-1
121,0,1521.44,143.34,354.69,887.96,-1,-1,-1,-1
122,0,1512.79,138.85,338.18,883.74,-1,-1,-1,-1
123,0,1506.91,142.31,327.03,874.44,-1,-1,-1,-1
124,0,1491.29,160.58,312.48,841.20,-1,-1,-1,-1
125,0,1459.19,161.68,309.75,833.94,-1,-1,-1,-1
126,0,1432.94,157.49,306.77,840.03,-1,-1,-1,-1
127,0,1418.96,161.78,296.05,822.36,-1,-1,-1,-1
128,0,1410.26,160.88,291.86,820.64,-1,-1,-1,-1
129,0,1400.53,162.96,289.85,828.07,-1,-1,-1,-1
130,0,1383.18,174.14,309.29,811.52,-1,-1,-1,-1
131,0,1376.24,180.44,318.28,798.26,-1,-1,-1,-1
132,0,1381.85,179.68,292.83,791.42,-1,-1,-1,-1
133,0,1382.59,186.80,262.13,765.49,-1,-1,-1,-1
134,0,1377.02,174.17,224.11,761.17,-1,-1,-1,-1
135,0,1357.15,173.49,216.94,746.80,-1,-1,-1,-1
136,0,1331.94,177.29,233.73,739.93,-1,-1,-1,-1
137,0,1307.49,167.45,252.75,777.97,-1,-1,-1,-1
138,0,1286.86,159.44,269.64,810.27,-1,-1,-1,-1
138,1,14.78,253.13,231.87,550.14,-1,-1,-1,-1
139,0,1260.94,159.18,291.95,819.02,-1,-1,-1,-1
139,1,23.96,239.19,228.10,573.39,-1,-1,-1,-1
140,0,1231.60,159.24,316.19,839.53,-1,-1,-1,-1
140,1,38.29,238.27,219.54,570.93,-1,-1,-1,-1
141,0,1213.32,156.63,320.08,851.03,-1,-1,-1,-1
141,1,52.39,231.15,222.22,585.05,-1,-1,-1,-1
142,0,1200.64,146.02,327.43,877.01,-1,-1,-1,-1
142,1,68.22,238.63,256.91,574.59,-1,-1,-1,-1
143,0,1207.75,146.01,310.39,877.83,-1,-1,-1,-1
143,1,92.56,243.52,265.79,575.06,-1,-1,-1,-1
144,0,1224.11,142.33,281.22,885.86,-1,-1,-1,-1
144,1,118.03,238.62,256.08,586.40,-1,-1,-1,-1
145,0,1219.49,139.38,278.06,876.61,-1,-1,-1,-1
145,1,148.88,238.50,230.57,583.14,-1,-1,-1,-1
146,0,1213.14,138.67,277.70,885.58,-1,-1,-1,-1
146,1,182.04,239.98,215.49,572.64,-1,-1,-1,-1
147,0,1189.45,139.04,297.33,898.68,-1,-1,-1,-1
147,1,206.01,234.16,218.97,572.85,-1,-1,-1,-1
148,0,1165.79,138.39,310.93,910.61,-1,-1,-1,-1
148,1,232.55,225.66,228.55,583.05,-1,-1,-1,-1
149,0,1172.38,140.34,279.64,928.21,-1,-1,-1,-1
149,1,257.00,225.10,250.77,580.76,-1,-1,-1,-1
150,0,1142.67,159.66,308.74,907.77,-1,-1,-1,-1
150,1,281.38,229.43,268.31,577.55,-1,-1,-1,-1
151,0,1130.39,178.38,305.75,882.39,-1,-1,-1,-1
151,1,307.16,233.53,273.72,575.04,-1,-1,-1,-1
152,0,1120.89,176.22,292.94,885.24,-1,-1,-1,-1
152,1,341.26,235.36,248.92,569.03,-1,-1,-1,-1
153,0,1123.04,157.33,264.69,918.43,-1,-1,-1,-1
153,1,370.04,232.55,225.52,573.12,-1,-1,-1,-1
154,0,1108.36,169.13,251.50,894.66,-1,-1,-1,-1
154,1,401.35,230.57,200.30,568.75,-1,-1,-1,-1
155,0,1079.13,152.60,249.01,919.18,-1,-1,-1,-1
155,1,426.95,229.05,191.28,568.72,-1,-1,-1,-1
156,0,1053.75,156.14,246.07,919.51,-1,-1,-1,-1
156,1,450.64,226.46,188.45,569.74,-1,-1,-1,-1
157,0,981.94,145.63,314.80,933.52,-1,-1,-1,-1
157,1,470.60,222.79,206.53,574.67,-1,-1,-1,-1
158,0,922.40,122.66,364.05,959.04,-1,-1,-1,-1
158,1,483.13,233.36,246.35,563.06,-1,-1,-1,-1
159,0,902.77,139.12,369.85,929.21,-1,-1,-1,-1
159,1,508.60,226.61,250.86,577.24,-1,-1,-1,-1
160,0,908.32,147.83,348.77,925.21,-1,-1,-1,-1
160,1,546.60,229.75,226.19,570.75,-1,-1,-1,-1
161,0,892.53,158.54,355.93,916.45,-1,-1,-1,-1
161,1,589.55,222.74,199.48,577.33,-1,-1,-1,-1
162,0,876.74,159.79,342.26,912.43,-1,-1,-1,-1
162,1,621.96,230.57,191.16,567.28,-1,-1,-1,-1
163,0,859.06,159.03,338.87,916.90,-1,-1,-1,-1
163,1,646.81,226.99,201.89,571.54,-1,-1,-1,-1
164,0,844.79,172.04,331.39,892.22,-1,-1,-1,-1
164,1,660.85,221.67,228.72,580.25,-1,-1,-1,-1
165,0,840.89,171.00,314.88,897.01,-1,-1,-1,-1
165,1,681.85,221.96,225.08,580.15,-1,-1,-1,-1
166,0,783.87,174.73,387.56,878.08,-1,-1,-1,-1
166,1,707.25,220.51,225.91,582.31,-1,-1,-1,-1
167,0,747.89,183.53,422.18,849.15,-1,-1,-1,-1
167,1,742.65,239.44,160.25,521.57,-1,-1,-1,-1
168,0,732.66,207.66,395.62,812.89,-1,-1,-1,-1
168,1,768.29,247.40,154.19,501.85,-1,-1,-1,-1
169,0,718.05,215.76,358.27,820.05,-1,-1,-1,-1
169,1,793.93,255.36,148.13,482.13,-1,-1,-1,-1
170,0,708.09,187.94,323.23,866.99,-1,-1,-1,-1
170,1,819.57,263.31,142.07,462.40,-1,-1,-1,-1
171,0,695.63,155.69,309.39,910.13,-1,-1,-1,-1
171,1,845.21,271.27,136.00,442.68,-1,-1,-1,-1
172,0,684.10,152.49,312.36,911.94,-1,-1,-1,-1
173,0,665.06,159.27,338.64,890.02,-1,-1,-1,-1
173,1,874.99,215.19,152.86,539.93,-1,-1,-1,-1
174,0,651.14,169.48,359.66,881.16,-1,-1,-1,-1
174,1,890.34,221.56,172.36,532.85,-1,-1,-1,-1
175,0,625.41,168.72,381.37,884.35,-1,-1,-1,-1
175,1,909.66,212.68,168.21,559.51,-1,-1,-1,-1
176,0,594.32,174.91,378.73,882.97,-1,-1,-1,-1
176,1,940.02,214.24,144.35,559.47,-1,-1,-1,-1
177,0,565.11,159.59,358.27,902.27,-1,-1,-1,-1
177,1,956.37,211.90,149.85,565.14,-1,-1,-1,-1
178,0,539.43,160.06,335.41,895.45,-1,-1,-1,-1
178,1,967.93,201.85,172.30,571.89,-1,-1,-1,-1
179,0,518.88,162.45,315.74,893.14,-1,-1,-1,-1
179,1,983.64,202.13,181.42,563.08,-1,-1,-1,-1
180,0,501.50,172.79,305.45,878.86,-1,-1,-1,-1
180,1,988.06,210.39,217.22,548.37,-1,-1,-1,-1
181,0,498.67,170.64,291.99,878.43,-1,-1,-1,-1
181,1,999.67,218.63,234.36,538.53,-1,-1,-1,-1
182,0,503.36,175.10,267.98,871.95,-1,-1,-1,-1
182,1,1015.52,221.42,235.38,540.99,-1,-1,-1,-1
183,0,503.90,188.43,251.19,853.35,-1,-1,-1,-1
183,1,1049.34,209.88,209.40,558.94,-1,-1,-1,-1
184,0,497.33,186.38,243.37,851.21,-1,-1,-1,-1
184,1,1070.93,211.45,200.51,551.98,-1,-1,-1,-1
185,0,475.41,183.46,255.42,861.95,-1,-1,-1,-1
185,1,1096.50,206.25,186.49,554.69,-1,-1,-1,-1
186,0,453.64,182.76,266.52,860.92,-1,-1,-1,-1
186,1,1114.74,201.46,181.01,558.40,-1,-1,-1,-1
187,0,426.66,187.83,287.14,847.19,-1,-1,-1,-1
187,1,1135.43,202.09,182.20,560.69,-1,-1,-1,-1
188,0,413.52,192.84,298.35,826.13,-1,-1,-1,-1
188,1,1152.57,199.14,197.28,566.45,-1,-1,-1,-1
189,0,406.77,192.24,305.97,815.70,-1,-1,-1,-1
189,1,1156.84,205.61,226.15,560.83,-1,-1,-1,-1
190,0,412.93,194.77,300.53,801.09,-1,-1,-1,-1
190,1,1168.50,206.84,231.22,566.08,-1,-1,-1,-1
191,0,414.94,191.67,320.39,805.19,-1,-1,-1,-1
191,1,1183.77,208.59,228.61,567.14,-1,-1,-1,-1
192,0,418.27,193.50,315.87,801.91,-1,-1,-1,-1
192,1,1201.77,210.08,221.00,565.04,-1,-1,-1,-1
193,0,415.92,204.04,299.80,780.03,-1,-1,-1,-1
193,1,1218.63,206.51,225.27,569.70,-1,-1,-1,-1
194,0,410.75,209.17,282.20,758.78,-1,-1,-1,-1
194,1,1237.66,197.46,229.13,577.50,-1,-1,-1,-1
195,0,404.48,213.70,270.37,745.45,-1,-1,-1,-1
195,1,1254.42,186.15,236.13,596.56,-1,-1,-1,-1
196,0,397.24,208.77,264.10,743.77,-1,-1,-1,-1
196,1,1256.40,183.15,275.47,602.86,-1,-1,-1,-1
197,0,393.66,212.33,263.02,729.32,-1,-1,-1,-1
197,1,1257.85,184.32,304.28,611.52,-1,-1,-1,-1
198,0,396.29,212.77,261.86,719.84,-1,-1,-1,-1
198,1,1262.48,189.23,318.48,614.18,-1,-1,-1,-1
198,3,8.14,245.18,242.49,581.52,-1,-1,-1,-1
199,0,398.42,212.13,271.40,713.39,-1,-1,-1,-1
199,1,1280.38,187.66,317.49,625.86,-1,-1,-1,-1
199,3,4.49,251.30,245.71,566.00,-1,-1,-1,-1
200,0,407.99,215.02,281.20,704.72,-1,-1,-1,-1
200,1,1288.23,190.34,329.72,628.27,-1,-1,-1,-1
200,3,8.53,248.32,242.14,576.16,-1,-1,-1,-1
201,0,424.13,216.78,280.75,704.85,-1,-1,-1,-1
201,1,1294.86,185.60,343.87,634.68,-1,-1,-1,-1
201,3,12.00,248.95,232.13,576.25,-1,-1,-1,-1
202,0,444.61,220.05,268.82,695.49,-1,-1,-1,-1
202,1,1319.96,180.41,334.33,643.75,-1,-1,-1,-1
202,3,25.70,237.97,223.25,592.19,-1,-1,-1,-1
203,0,467.72,220.11,265.54,692.66,-1,-1,-1,-1
203,1,1335.55,173.58,330.81,667.67,-1,-1,-1,-1
203,3,41.86,244.08,217.95,582.06,-1,-1,-1,-1
204,0,481.39,222.34,265.96,683.83,-1,-1,-1,-1
204,1,1342.40,173.50,334.78,670.15,-1,-1,-1,-1
204,3,57.06,237.48,219.77,580.65,-1,-1,-1,-1
205,0,504.56,229.99,263.78,668.05,-1,-1,-1,-1
205,1,1345.17,176.12,344.35,685.23,-1,-1,-1,-1
205,3,73.42,236.55,224.77,586.55,-1,-1,-1,-1
206,0,538.85,233.41,244.13,661.03,-1,-1,-1,-1
206,1,1363.09,169.14,317.20,711.77,-1,-1,-1,-1
206,3,85.71,235.90,249.76,585.25,-1,-1,-1,-1
207,0,581.41,216.22,218.03,689.67,-1,-1,-1,-1
207,1,1372.74,166.80,302.81,721.54,-1,-1,-1,-1
207,3,100.29,242.13,269.77,579.77,-1,-1,-1,-1
208,0,599.13,208.78,218.07,704.33,-1,-1,-1,-1
208,1,1377.73,169.55,289.43,714.30,-1,-1,-1,-1
208,3,121.06,237.97,269.35,586.87,-1,-1,-1,-1
209,0,599.67,226.39,263.08,674.96,-1,-1,-1,-1
209,1,1366.50,167.26,293.26,720.14,-1,-1,-1,-1
209,3,128.51,228.58,291.29,596.41,-1,-1,-1,-1
210,0,594.81,229.42,332.32,670.35,-1,-1,-1,-1
210,1,1344.66,162.08,314.87,729.60,-1,-1,-1,-1
210,3,144.13,216.98,287.01,606.54,-1,-1,-1,-1
211,0,603.92,249.95,356.06,641.70,-1,-1,-1,-1
211,1,1342.77,165.17,312.23,728.83,-1,-1,-1,-1
211,3,162.18,215.92,263.33,599.74,-1,-1,-1,-1
212,0,619.15,255.05,359.32,637.41,-1,-1,-1,-1
212,1,1339.28,159.31,310.84,741.84,-1,-1,-1,-1
212,3,187.40,232.53,232.98,577.32,-1,-1,-1,-1
213,0,638.31,280.75,338.12,605.76,-1,-1,-1,-1
213,1,1342.38,156.85,282.50,757.04,-1,-1,-1,-1
213,3,219.52,228.28,199.72,574.05,-1,-1,-1,-1
214,0,665.77,253.64,308.14,637.45,-1,-1,-1,-1
214,1,1341.49,158.28,260.38,776.18,-1,-1,-1,-1
214,3,235.82,230.47,194.33,573.81,-1,-1,-1,-1
215,0,695.52,227.96,281.53,672.48,-1,-1,-1,-1
215,1,1323.82,163.47,261.21,759.63,-1,-1,-1,-1
215,3,248.46,230.59,207.51,575.37,-1,-1,-1,-1
216,0,724.03,224.12,260.66,675.17,-1,-1,-1,-1
216,1,1321.19,164.31,235.55,766.55,-1,-1,-1,-1
216,3,273.56,239.72,211.80,558.92,-1,-1,-1,-1
217,0,765.54,212.69,231.63,686.31,-1,-1,-1,-1
217,1,1292.78,152.11,239.86,783.43,-1,-1,-1,-1
217,3,287.13,242.67,245.67,560.60,-1,-1,-1,-1
218,0,795.48,211.75,216.63,685.99,-1,-1,-1,-1
218,1,1274.62,148.05,236.76,784.39,-1,-1,-1,-1
218,3,296.16,242.61,273.42,563.46,-1,-1,-1,-1
219,0,817.19,209.37,217.52,686.82,-1,-1,-1,-1
219,1,1245.29,146.61,252.93,783.84,-1,-1,-1,-1
219,3,308.44,245.80,282.84,559.50,-1,-1,-1,-1
220,0,833.50,216.14,227.65,671.36,-1,-1,-1,-1
220,1,1215.47,153.74,260.75,772.39,-1,-1,-1,-1
220,3,321.75,246.73,284.03,558.58,-1,-1,-1,-1
221,0,847.71,219.04,235.86,668.95,-1,-1,-1,-1
221,1,1190.81,161.46,270.83,764.59,-1,-1,-1,-1
221,3,343.72,245.15,265.72,564.98,-1,-1,-1,-1
222,0,868.30,218.98,232.88,665.95,-1,-1,-1,-1
222,1,1173.58,167.73,268.30,765.05,-1,-1,-1,-1
222,3,366.65,243.13,248.68,564.98,-1,-1,-1,-1
223,0,895.35,220.54,224.85,654.78,-1,-1,-1,-1
223,1,1160.24,172.55,248.60,753.72,-1,-1,-1,-1
223,3,390.72,242.74,223.85,562.12,-1,-1,-1,-1
224,0,924.35,210.15,216.92,647.54,-1,-1,-1,-1
224,1,1137.52,166.42,223.07,753.48,-1,-1,-1,-1
224,3,413.87,246.93,203.12,555.53,-1,-1,-1,-1
225,0,949.21,201.97,203.15,646.52,-1,-1,-1,-1
225,1,1090.73,157.60,225.48,769.30,-1,-1,-1,-1
225,3,438.62,247.86,185.53,552.12,-1,-1,-1,-1
226,0,971.93,205.32,181.12,641.15,-1,-1,-1,-1
226,1,1060.33,154.45,242.59,780.26,-1,-1,-1,-1
226,3,457.63,245.01,192.61,558.02,-1,-1,-1,-1
227,0,984.69,211.32,171.54,632.81,-1,-1,-1,-1
227,1,1024.06,155.68,271.99,780.03,-1,-1,-1,-1
227,3,472.01,256.91,205.22,540.78,-1,-1,-1,-1
228,0,1002.80,211.71,169.81,626.52,-1,-1,-1,-1
228,1,980.91,163.70,318.83,775.34,-1,-1,-1,-1
228,3,478.75,256.60,236.72,542.63,-1,-1,-1,-1
229,0,1020.91,212.10,168.08,620.22,-1,-1,-1,-1
229,1,956.18,159.30,334.15,788.62,-1,-1,-1,-1
229,3,495.17,260.51,243.43,539.35,-1,-1,-1,-1
230,0,1039.02,212.49,166.36,613.92,-1,-1,-1,-1
230,1,945.69,160.21,321.96,787.07,-1,-1,-1,-1
230,3,507.46,265.12,248.81,535.46,-1,-1,-1,-1
231,0,1053.25,281.41,204.93,529.43,-1,-1,-1,-1
231,1,943.33,164.34,308.82,786.16,-1,-1,-1,-1
231,3,515.00,260.93,256.65,541.38,-1,-1,-1,-1
232,0,1051.05,232.46,237.51,591.68,-1,-1,-1,-1
232,1,935.20,174.12,235.93,770.06,-1,-1,-1,-1
232,3,528.09,253.20,250.40,553.21,-1,-1,-1,-1
233,0,1073.74,221.00,226.69,599.93,-1,-1,-1,-1
233,1,898.52,224.63,231.38,706.22,-1,-1,-1,-1
233,3,552.04,246.45,227.82,561.42,-1,-1,-1,-1
234,0,1092.04,230.03,210.44,582.59,-1,-1,-1,-1
234,1,875.14,209.51,227.53,741.59,-1,-1,-1,-1
234,3,572.08,246.74,210.66,559.53,-1,-1,-1,-1
235,0,1107.14,231.07,187.15,583.36,-1,-1,-1,-1
235,1,837.07,195.56,246.63,755.57,-1,-1,-1,-1
235,3,599.16,247.05,190.49,561.48,-1,-1,-1,-1
236,0,1115.91,217.98,184.26,601.93,-1,-1,-1,-1
236,1,784.76,174.34,289.53,784.88,-1,-1,-1,-1
236,3,620.27,242.73,180.84,560.44,-1,-1,-1,-1
237,0,1119.43,210.93,202.85,611.51,-1,-1,-1,-1
237,1,747.51,185.64,319.27,758.91,-1,-1,-1,-1
237,3,639.28,237.39,183.61,572.25,-1,-1,-1,-1
238,0,1123.58,202.80,222.20,621.04,-1,-1,-1,-1
238,1,702.72,182.13,342.76,761.50,-1,-1,-1,-1
238,3,657.12,200.63,212.17,631.20,-1,-1,-1,-1
239,0,1134.46,209.39,232.70,614.57,-1,-1,-1,-1
239,1,682.90,188.15,312.01,744.97,-1,-1,-1,-1
239,3,670.68,189.35,204.36,643.57,-1,-1,-1,-1
240,0,1137.76,214.61,250.88,609.38,-1,-1,-1,-1
240,1,663.84,183.44,286.20,739.20,-1,-1,-1,-1
240,3,684.42,176.60,211.20,665.14,-1,-1,-1,-1
241,0,1141.50,218.27,260.35,608.14,-1,-1,-1,-1
241,1,653.69,165.84,272.18,773.11,-1,-1,-1,-1
241,3,698.15,163.85,218.04,686.71,-1,-1,-1,-1
242,0,1146.18,217.94,258.86,607.24,-1,-1,-1,-1
242,1,633.69,170.22,275.45,754.61,-1,-1,-1,-1
242,3,711.88,151.10,224.88,708.28,-1,-1,-1,-1
243,0,1152.87,217.21,252.94,602.15,-1,-1,-1,-1
243,1,602.95,167.58,308.46,765.12,-1,-1,-1,-1
243,3,725.61,138.34,231.72,729.85,-1,-1,-1,-1
244,0,1172.07,215.10,236.58,599.06,-1,-1,-1,-1
244,1,559.18,194.48,338.28,736.28,-1,-1,-1,-1
244,3,780.87,240.85,173.68,546.51,-1,-1,-1,-1
245,0,1195.97,208.99,215.34,601.45,-1,-1,-1,-1
245,1,548.24,186.47,311.56,748.89,-1,-1,-1,-1
245,3,799.04,242.76,172.82,541.10,-1,-1,-1,-1
246,0,1233.98,194.56,178.18,616.18,-1,-1,-1,-1
246,1,529.75,183.04,305.01,756.76,-1,-1,-1,-1
246,3,827.30,242.06,163.16,543.17,-1,-1,-1,-1
247,0,1263.36,197.74,149.71,610.58,-1,-1,-1,-1
247,1,509.40,166.37,301.01,793.20,-1,-1,-1,-1
247,3,842.34,238.40,159.93,553.54,-1,-1,-1,-1
248,0,1281.01,200.34,149.12,608.76,-1,-1,-1,-1
248,1,493.45,170.24,267.36,781.22,-1,-1,-1,-1
248,3,847.94,234.64,172.80,557.23,-1,-1,-1,-1
249,0,1285.45,205.81,172.80,602.20,-1,-1,-1,-1
249,1,469.64,169.01,242.96,779.27,-1,-1,-1,-1
249,3,854.78,235.96,193.78,551.80,-1,-1,-1,-1
250,0,1283.21,202.66,197.13,608.57,-1,-1,-1,-1
250,1,440.39,171.33,242.30,774.29,-1,-1,-1,-1
250,3,851.95,245.40,239.11,539.90,-1,-1,-1,-1
251,0,1264.88,203.45,228.73,606.33,-1,-1,-1,-1
251,1,413.08,167.56,241.64,781.19,-1,-1,-1,-1
251,3,861.43,245.09,252.03,541.46,-1,-1,-1,-1
252,0,1248.97,212.07,247.30,593.02,-1,-1,-1,-1
252,1,370.84,168.71,278.75,787.54,-1,-1,-1,-1
252,3,869.93,239.91,254.17,551.26,-1,-1,-1,-1
253,0,1240.89,215.16,256.10,591.58,-1,-1,-1,-1
253,1,341.33,164.86,300.72,805.86,-1,-1,-1,-1
253,3,886.37,238.61,246.34,550.84,-1,-1,-1,-1
254,0,1242.60,214.57,254.67,593.52,-1,-1,-1,-1
254,1,312.38,167.33,322.26,809.15,-1,-1,-1,-1
254,3,909.47,240.06,223.06,547.36,-1,-1,-1,-1
255,0,1255.05,205.22,247.46,608.02,-1,-1,-1,-1
255,1,270.29,177.18,345.70,791.98,-1,-1,-1,-1
255,3,939.15,232.96,193.74,556.25,-1,-1,-1,-1
256,0,1277.24,196.81,231.18,623.83,-1,-1,-1,-1
256,1,231.61,181.07,360.81,782.46,-1,-1,-1,-1
256,3,968.40,231.45,189.03,554.98,-1,-1,-1,-1
257,0,1304.22,193.12,209.60,639.73,-1,-1,-1,-1
257,1,214.04,169.35,355.15,800.55,-1,-1,-1,-1
257,3,992.29,229.49,198.72,554.94,-1,-1,-1,-1
258,0,1335.80,202.63,193.01,634.42,-1,-1,-1,-1
258,1,191.39,155.90,360.07,819.48,-1,-1,-1,-1
258,3,1007.49,226.42,214.61,557.36,-1,-1,-1,-1
259,0,1352.58,201.87,201.30,639.81,-1,-1,-1,-1
259,1,182.73,144.11,348.88,860.46,-1,-1,-1,-1
259,3,1017.69,229.26,231.42,554.03,-1,-1,-1,-1
260,0,1362.06,205.03,214.11,636.72,-1,-1,-1,-1
260,1,173.79,137.79,341.43,890.30,-1,-1,-1,-1
260,3,1024.63,230.05,243.84,554.05,-1,-1,-1,-1
261,0,1375.61,198.91,213.08,655.61,-1,-1,-1,-1
261,1,134.32,152.09,391.28,859.61,-1,-1,-1,-1
261,3,1029.60,226.95,249.13,557.56,-1,-1,-1,-1
262,0,1380.57,199.89,223.78,656.77,-1,-1,-1,-1
262,1,118.00,160.03,410.41,854.34,-1,-1,-1,-1
262,3,1040.26,222.13,241.76,560.67,-1,-1,-1,-1
263,0,1385.60,195.35,239.73,669.88,-1,-1,-1,-1
263,1,93.94,141.34,433.79,900.49,-1,-1,-1,-1
263,3,1058.72,220.66,223.09,562.03,-1,-1,-1,-1
264,0,1390.33,197.56,258.79,669.05,-1,-1,-1,-1
264,1,94.97,138.28,416.10,916.70,-1,-1,-1,-1
264,3,1084.00,213.55,194.61,571.81,-1,-1,-1,-1
265,0,1394.43,195.26,276.47,673.91,-1,-1,-1,-1
265,1,98.43,143.29,404.70,905.07,-1,-1,-1,-1
265,3,1106.03,214.70,172.23,565.86,-1,-1,-1,-1
266,0,1396.70,191.30,289.50,682.56,-1,-1,-1,-1
266,1,49.10,137.80,461.16,910.91,-1,-1,-1,-1
266,3,1137.69,210.59,140.40,573.27,-1,-1,-1,-1
266,4,0.30,211.65,210.39,596.02,-1,-1,-1,-1
267,0,1403.49,186.51,304.02,693.77,-1,-1,-1,-1
267,1,28.23,131.33,484.26,914.99,-1,-1,-1,-1
267,3,1151.79,208.62,146.18,580.13,-1,-1,-1,-1
267,4,4.42,221.64,189.67,585.65,-1,-1,-1,-1
268,0,1408.79,179.41,309.25,718.95,-1,-1,-1,-1
268,1,26.06,124.93,477.70,931.52,-1,-1,-1,-1
268,3,1154.58,206.13,176.83,581.63,-1,-1,-1,-1
268,4,7.20,225.84,203.48,520.77,-1,-1,-1,-1
269,0,1411.83,176.88,303.38,749.86,-1,-1,-1,-1
269,1,36.83,119.74,442.73,949.44,-1,-1,-1,-1
269,3,1157.62,213.93,225.27,572.17,-1,-1,-1,-1
269,4,11.91,233.99,168.87,483.56,-1,-1,-1,-1
270,0,1406.85,176.95,309.30,770.81,-1,-1,-1,-1
270,1,22.71,115.58,452.05,958.07,-1,-1,-1,-1
270,3,1166.72,211.69,239.18,580.42,-1,-1,-1,-1
270,4,16.67,238.31,158.91,455.05,-1,-1,-1,-1
271,0,1399.50,180.61,316.87,775.28,-1,-1,-1,-1
271,1,8.91,109.56,467.67,964.23,-1,-1,-1,-1
271,3,1172.79,210.02,245.01,584.25,-1,-1,-1,-1
271,4,21.42,242.64,148.95,426.54,-1,-1,-1,-1
272,0,1388.90,180.75,326.71,778.51,-1,-1,-1,-1
272,1,7.34,99.77,479.69,977.76,-1,-1,-1,-1
272,3,1185.46,202.97,240.04,597.22,-1,-1,-1,-1
272,4,26.17,246.96,139.00,398.03,-1,-1,-1,-1
273,0,1377.46,171.81,335.75,795.64,-1,-1,-1,-1
273,1,0.91,92.57,498.50,989.15,-1,-1,-1,-1
273,3,1209.79,209.29,221.30,587.51,-1,-1,-1,-1
273,4,30.92,251.28,129.04,369.52,-1,-1,-1,-1
274,0,1369.11,165.88,343.71,800.03,-1,-1,-1,-1
274,1,14.46,89.02,491.82,983.71,-1,-1,-1,-1
274,3,1238.70,202.09,196.65,597.44,-1,-1,-1,-1
275,0,1364.05,162.94,349.70,815.59,-1,-1,-1,-1
275,1,43.38,94.64,470.28,975.13,-1,-1,-1,-1
275,3,1271.34,202.06,167.04,594.23,-1,-1,-1,-1
276,0,1357.32,158.12,357.01,829.32,-1,-1,-1,-1
276,1,69.24,90.46,451.59,980.12,-1,-1,-1,-1
276,3,1296.47,201.80,145.30,589.37,-1,-1,-1,-1
277,0,1352.25,159.34,365.72,853.46,-1,-1,-1,-1
277,1,96.41,91.12,436.22,978.68,-1,-1,-1,-1
277,3,1311.71,209.74,138.85,576.48,-1,-1,-1,-1
277,4,111.94,236.01,152.27,533.48,-1,-1,-1,-1
278,0,1350.32,161.87,365.72,865.20,-1,-1,-1,-1
278,1,123.28,84.98,431.31,987.61,-1,-1,-1,-1
278,3,1316.45,204.59,140.38,587.94,-1,-1,-1,-1
278,4,129.53,226.79,148.68,527.48,-1,-1,-1,-1
279,0,1340.23,169.49,380.56,869.41,-1,-1,-1,-1
279,1,145.63,78.28,443.71,994.48,-1,-1,-1,-1
279,3,1320.11,193.41,129.94,599.39,-1,-1,-1,-1
279,4,138.99,224.59,149.65,530.93,-1,-1,-1,-1
280,0,1330.52,159.45,391.89,883.51,-1,-1,-1,-1
280,1,167.73,71.08,453.80,992.92,-1,-1,-1,-1
280,3,1330.69,189.60,131.13,604.95,-1,-1,-1,-1
280,4,148.45,222.40,150.61,534.38,-1,-1,-1,-1
281,0,1333.84,150.16,386.84,893.79,-1,-1,-1,-1
281,1,188.97,59.59,475.28,1002.03,-1,-1,-1,-1
281,3,1341.26,185.79,132.31,610.51,-1,-1,-1,-1
281,4,157.90,220.21,151.58,537.82,-1,-1,-1,-1
282,0,1329.88,147.60,378.52,892.07,-1,-1,-1,-1
282,1,221.02,40.16,470.59,1028.22,-1,-1,-1,-1
282,3,1351.84,181.99,133.50,616.07,-1,-1,-1,-1
282,4,167.36,218.02,152.54,541.27,-1,-1,-1,-1
283,0,1319.60,137.01,363.13,908.04,-1,-1,-1,-1
283,1,251.29,39.65,471.44,1024.60,-1,-1,-1,-1
283,3,1362.41,178.18,134.68,621.64,-1,-1,-1,-1
284,0,1298.32,156.18,341.48,878.08,-1,-1,-1,-1
284,1,275.27,46.60,480.19,1024.28,-1,-1,-1,-1
284,3,1417.53,244.34,191.34,512.26,-1,-1,-1,-1
285,0,1248.95,166.76,368.34,861.17,-1,-1,-1,-1
285,1,291.19,60.24,504.02,1007.25,-1,-1,-1,-1
285,3,1432.74,254.47,183.07,518.44,-1,-1,-1,-1
286,0,1199.21,165.30,398.07,868.73,-1,-1,-1,-1
286,1,380.71,44.67,474.59,1022.41,-1,-1,-1,-1
286,3,1433.02,233.43,198.32,547.18,-1,-1,-1,-1
287,0,1176.17,167.05,396.39,873.58,-1,-1,-1,-1
287,1,468.06,16.76,447.07,1058.28,-1,-1,-1,-1
287,3,1425.63,208.95,228.08,602.80,-1,-1,-1,-1
288,0,1161.87,151.50,390.15,897.46,-1,-1,-1,-1
288,1,542.86,12.54,430.05,1055.61,-1,-1,-1,-1
288,3,1438.10,189.17,240.98,652.58,-1,-1,-1,-1
289,0,1150.76,153.65,384.37,901.31,-1,-1,-1,-1
289,1,604.87,77.73,423.89,977.57,-1,-1,-1,-1
289,3,1445.80,181.05,256.66,667.85,-1,-1,-1,-1
289,6,295.83,334.16,277.39,501.61,-1,-1,-1,-1
290,0,1154.53,151.94,349.51,910.25,-1,-1,-1,-1
290,1,655.65,99.77,399.97,957.84,-1,-1,-1,-1
290,3,1455.16,189.72,265.51,652.44,-1,-1,-1,-1
290,6,302.57,338.25,274.27,497.62,-1,-1,-1,-1
291,0,1154.26,159.59,308.70,887.27,-1,-1,-1,-1
291,1,697.92,64.86,386.80,1002.93,-1,-1,-1,-1
291,3,1459.96,196.77,276.18,646.69,-1,-1,-1,-1
291,6,310.05,331.78,267.67,505.69,-1,-1,-1,-1
292,0,1143.14,162.10,280.98,876.05,-1,-1,-1,-1
292,1,754.66,111.42,341.80,947.27,-1,-1,-1,-1
292,3,1465.31,195.48,275.44,653.16,-1,-1,-1,-1
292,6,317.94,312.74,262.10,530.13,-1,-1,-1,-1
293,0,1107.67,154.88,281.54,879.06,-1,-1,-1,-1
293,1,795.61,93.11,340.68,959.95,-1,-1,-1,-1
293,3,1473.65,193.60,269.82,661.52,-1,-1,-1,-1
293,6,328.71,289.18,254.36,559.06,-1,-1,-1,-1
294,0,1088.88,237.23,255.52,794.46,-1,-1,-1,-1
294,1,836.93,96.97,338.44,953.67,-1,-1,-1,-1
294,3,1485.93,190.57,255.47,669.73,-1,-1,-1,-1
294,6,342.71,257.89,239.29,597.88,-1,-1,-1,-1
295,0,970.14,110.04,355.32,965.22,-1,-1,-1,-1
295,1,878.25,100.83,336.21,947.39,-1,-1,-1,-1
295,3,1495.08,184.10,242.07,684.66,-1,-1,-1,-1
295,6,352.32,235.84,234.45,625.09,-1,-1,-1,-1
296,0,930.45,45.57,383.45,1048.64,-1,-1,-1,-1
296,1,919.58,104.69,333.97,941.10,-1,-1,-1,-1
296,3,1511.01,163.19,222.81,727.32,-1,-1,-1,-1
296,6,353.59,217.03,239.34,646.41,-1,-1,-1,-1
297,0,901.98,18.01,437.86,1070.47,-1,-1,-1,-1
297,1,960.90,108.55,331.74,934.82,-1,-1,-1,-1
297,3,1522.28,154.91,210.21,751.06,-1,-1,-1,-1
297,6,352.83,197.99,243.47,668.09,-1,-1,-1,-1
298,0,903.54,49.31,466.03,1019.71,-1,-1,-1,-1
298,3,1528.71,155.79,204.49,761.93,-1,-1,-1,-1
298,6,347.12,184.41,253.50,683.46,-1,-1,-1,-1
299,0,926.12,16.95,474.98,1062.05,-1,-1,-1,-1
299,3,1530.39,159.26,203.67,764.97,-1,-1,-1,-1
299,6,341.56,183.78,261.73,690.14,-1,-1,-1,-1
300,0,966.12,89.37,302.62,943.54,-1,-1,-1,-1
300,3,1521.95,172.55,214.59,748.22,-1,-1,-1,-1
300,6,340.69,189.51,261.50,685.04,-1,-1,-1,-1
301,0,948.98,148.77,281.47,864.05,-1,-1,-1,-1
301,1,1137.66,17.95,439.94,1056.97,-1,-1,-1,-1
301,3,1510.76,177.94,224.82,742.19,-1,-1,-1,-1
301,6,338.51,192.91,263.24,693.24,-1,-1,-1,-1
302,0,933.59,180.91,267.55,826.25,-1,-1,-1,-1
302,1,1191.79,28.60,498.60,1021.23,-1,-1,-1,-1
302,3,1515.39,182.06,224.08,739.78,-1,-1,-1,-1
302,6,336.24,194.76,262.12,710.14,-1,-1,-1,-1
303,0,916.59,176.92,251.95,821.44,-1,-1,-1,-1
303,1,1242.15,11.15,481.68,1050.81,-1,-1,-1,-1
303,3,1515.08,195.02,226.54,730.32,-1,-1,-1,-1
303,6,332.54,199.22,263.39,719.39,-1,-1,-1,-1
304,0,905.15,180.31,242.21,831.70,-1,-1,-1,-1
304,1,1289.51,2.95,486.57,1061.43,-1,-1,-1,-1
304,3,1530.80,201.82,242.57,731.78,-1,-1,-1,-1
304,6,324.37,196.17,265.06,736.28,-1,-1,-1,-1
305,0,893.99,176.13,239.98,846.39,-1,-1,-1,-1
305,1,1336.87,-5.26,491.46,1072.05,-1,-1,-1,-1
305,3,1537.79,207.19,241.77,729.41,-1,-1,-1,-1
305,6,313.76,183.87,271.63,765.68,-1,-1,-1,-1
306,0,880.33,166.72,244.56,851.03,-1,-1,-1,-1
306,1,1384.23,-13.46,496.35,1082.66,-1,-1,-1,-1
306,3,1544.79,212.56,240.98,727.04,-1,-1,-1,-1
306,6,301.96,175.67,272.96,775.20,-1,-1,-1,-1
307,0,869.31,166.09,248.91,846.15,-1,-1,-1,-1
307,1,1431.60,-21.67,501.24,1093.28,-1,-1,-1,-1
307,3,1551.78,217.93,240.18,724.67,-1,-1,-1,-1
307,6,289.35,164.79,285.20,796.31,-1,-1,-1,-1
308,0,864.34,168.50,253.60,837.70,-1,-1,-1,-1
308,3,1558.78,223.30,239.39,722.29,-1,-1,-1,-1
308,6,279.65,157.00,284.31,813.11,-1,-1,-1,-1
309,0,863.70,169.37,252.27,845.38,-1,-1,-1,-1
309,1,1407.44,20.93,516.07,1034.72,-1,-1,-1,-1
309,6,260.08,157.95,292.02,811.05,-1,-1,-1,-1
310,0,860.38,176.38,260.04,843.43,-1,-1,-1,-1
310,1,1432.61,34.25,502.54,1027.81,-1,-1,-1,-1
310,6,248.08,162.61,292.33,809.69,-1,-1,-1,-1
311,0,855.52,186.59,269.89,828.86,-1,-1,-1,-1
311,1,1470.29,41.20,470.57,1016.44,-1,-1,-1,-1
311,6,226.27,170.55,308.16,813.08,-1,-1,-1,-1
312,0,846.01,189.28,283.79,818.01,-1,-1,-1,-1
312,1,1513.11,29.76,426.90,1032.69,-1,-1,-1,-1
312,6,196.79,185.38,345.36,800.17,-1,-1,-1,-1
313,0,837.30,197.73,296.19,798.83,-1,-1,-1,-1
313,1,1515.92,56.18,430.74,1012.10,-1,-1,-1,-1
313,6,174.89,206.65,367.92,786.27,-1,-1,-1,-1
314,0,830.33,202.64,303.82,780.62,-1,-1,-1,-1
314,1,1526.49,53.03,419.06,1007.32,-1,-1,-1,-1
314,6,159.04,229.99,383.27,778.17,-1,-1,-1,-1
315,0,822.16,203.46,308.51,759.01,-1,-1,-1,-1
315,1,1529.68,39.36,414.89,1024.98,-1,-1,-1,-1
315,6,148.02,253.09,402.11,770.16,-1,-1,-1,-1
316,0,811.73,205.94,313.05,746.66,-1,-1,-1,-1
316,1,1556.15,52.61,383.62,1008.21,-1,-1,-1,-1
316,3,1511.87,132.68,244.15,886.53,-1,-1,-1,-1
316,6,147.25,267.79,407.95,779.88,-1,-1,-1,-1
317,0,801.74,209.60,313.80,733.73,-1,-1,-1,-1
317,1,1624.26,42.67,307.07,1030.68,-1,-1,-1,-1
317,3,1512.37,126.28,236.04,895.88,-1,-1,-1,-1
317,6,152.17,274.69,409.79,784.57,-1,-1,-1,-1
318,0,795.68,202.93,305.69,742.11,-1,-1,-1,-1
318,1,1666.68,53.80,264.38,1022.97,-1,-1,-1,-1
318,3,1500.78,132.91,249.85,881.58,-1,-1,-1,-1
318,6,168.48,259.75,398.21,808.89,-1,-1,-1,-1
319,0,794.81,203.29,296.92,732.64,-1,-1,-1,-1
319,1,1686.80,42.66,246.98,1038.99,-1,-1,-1,-1
319,3,1474.92,139.63,279.19,862.15,-1,-1,-1,-1
319,6,189.09,231.17,380.10,846.20,-1,-1,-1,-1
320,0,805.52,210.75,277.28,709.43,-1,-1,-1,-1
320,1,1698.06,86.74,238.03,971.29,-1,-1,-1,-1
320,3,1448.49,138.11,288.58,859.47,-1,-1,-1,-1
320,6,210.61,200.03,358.12,884.31,-1,-1,-1,-1
321,0,815.16,218.55,265.00,692.26,-1,-1,-1,-1
321,1,1698.83,95.24,236.27,961.96,-1,-1,-1,-1
321,3,1439.90,129.77,264.99,871.60,-1,-1,-1,-1
321,6,226.46,165.32,351.23,918.77,-1,-1,-1,-1
322,0,828.19,226.64,259.52,654.02,-1,-1,-1,-1
322,1,1708.11,78.04,224.68,947.93,-1,-1,-1,-1
322,3,1401.41,131.52,291.13,862.99,-1,-1,-1,-1
322,6,236.71,135.79,349.70,951.84,-1,-1,-1,-1
323,0,839.53,206.36,268.58,684.11,-1,-1,-1,-1
323,1,1723.15,84.73,220.79,931.70,-1,-1,-1,-1
323,3,1361.75,121.78,312.17,874.52,-1,-1,-1,-1
323,6,248.51,112.64,347.52,969.11,-1,-1,-1,-1
324,0,862.96,199.02,276.33,694.28,-1,-1,-1,-1
324,1,1738.18,91.41,216.91,915.47,-1,-1,-1,-1
324,3,1331.82,132.38,324.45,867.32,-1,-1,-1,-1
324,6,246.74,86.39,363.80,996.34,-1,-1,-1,-1
325,0,882.39,196.76,289.38,698.59,-1,-1,-1,-1
325,1,1753.21,98.09,213.03,899.23,-1,-1,-1,-1
325,3,1310.48,127.54,333.88,877.56,-1,-1,-1,-1
325,6,246.32,79.93,382.10,998.50,-1,-1,-1,-1
326,0,901.49,208.74,299.14,677.32,-1,-1,-1,-1
326,1,1768.24,104.78,209.15,883.00,-1,-1,-1,-1
326,3,1284.66,131.91,347.46,881.15,-1,-1,-1,-1
326,6,224.73,86.50,435.27,985.77,-1,-1,-1,-1
327,0,914.09,210.82,303.00,673.24,-1,-1,-1,-1
327,3,1269.72,139.31,354.97,882.64,-1,-1,-1,-1
327,6,218.41,95.23,462.82,967.46,-1,-1,-1,-1
328,0,928.22,219.11,298.85,662.58,-1,-1,-1,-1
328,1,1743.95,117.77,181.41,566.01,-1,-1,-1,-1
328,3,1254.37,156.75,364.34,864.11,-1,-1,-1,-1
328,6,221.79,101.89,476.67,960.91,-1,-1,-1,-1
329,0,941.51,224.01,281.34,656.83,-1,-1,-1,-1
329,1,1760.88,134.77,159.41,497.40,-1,-1,-1,-1
329,3,1236.65,162.92,371.66,861.22,-1,-1,-1,-1
329,6,234.64,100.96,484.28,969.61,-1,-1,-1,-1
330,0,956.98,225.70,268.09,657.76,-1,-1,-1,-1
330,1,1777.81,151.77,137.42,428.79,-1,-1,-1,-1
330,3,1230.97,160.00,334.33,866.46,-1,-1,-1,-1
330,6,247.78,108.88,485.29,964.76,-1,-1,-1,-1
331,0,963.33,223.71,271.44,658.28,-1,-1,-1,-1
331,1,1672.01,90.71,244.11,802.95,-1,-1,-1,-1
331,3,1215.28,151.14,303.98,876.70,-1,-1,-1,-1
331,6,281.96,95.55,466.86,983.31,-1,-1,-1,-1
332,0,964.72,223.89,287.61,654.75,-1,-1,-1,-1
332,1,1673.74,78.11,239.03,837.59,-1,-1,-1,-1
332,3,1192.36,157.46,285.53,870.90,-1,-1,-1,-1
332,6,317.20,73.09,448.60,1010.43,-1,-1,-1,-1
333,0,972.41,219.81,275.52,657.62,-1,-1,-1,-1
333,1,1678.81,76.11,232.42,852.59,-1,-1,-1,-1
333,3,1166.90,151.25,269.67,892.09,-1,-1,-1,-1
333,6,349.68,62.28,432.42,1017.39,-1,-1,-1,-1
334,0,977.83,222.34,267.76,651.69,-1,-1,-1,-1
334,1,1703.00,93.66,208.56,805.60,-1,-1,-1,-1
334,3,1117.29,157.50,294.18,892.06,-1,-1,-1,-1
334,6,371.71,59.34,435.72,1008.48,-1,-1,-1,-1
335,0,990.35,225.19,243.24,635.55,-1,-1,-1,-1
335,1,1688.80,89.13,229.61,850.28,-1,-1,-1,-1
335,3,1068.82,159.50,327.92,891.96,-1,-1,-1,-1
335,6,389.84,48.15,431.72,1021.00,-1,-1,-1,-1
336,0,1002.45,158.47,328.51,815.01,-1,-1,-1,-1
336,1,1691.76,71.54,226.18,898.83,-1,-1,-1,-1
336,3,1077.39,178.48,273.06,747.94,-1,-1,-1,-1
336,6,417.51,32.56,417.92,1041.49,-1,-1,-1,-1
337,0,1007.20,131.86,364.97,892.79,-1,-1,-1,-1
337,1,1676.60,92.79,243.94,873.16,-1,-1,-1,-1
337,3,1068.25,190.16,244.02,610.55,-1,-1,-1,-1
337,6,437.81,27.37,416.10,1046.21,-1,-1,-1,-1
338,0,1009.50,122.31,375.29,935.00,-1,-1,-1,-1
338,1,1649.84,109.34,272.92,862.06,-1,-1,-1,-1
338,3,1062.56,223.14,206.89,517.64,-1,-1,-1,-1
338,6,450.98,29.34,442.03,1040.07,-1,-1,-1,-1
339,0,1017.75,139.96,358.54,925.51,-1,-1,-1,-1
339,1,1628.83,134.94,292.45,837.99,-1,-1,-1,-1
339,3,1056.88,256.11,169.76,424.74,-1,-1,-1,-1
339,6,468.24,31.97,473.78,1037.71,-1,-1,-1,-1
340,0,1016.37,148.18,331.27,907.84,-1,-1,-1,-1
340,1,1619.58,133.15,291.31,848.25,-1,-1,-1,-1
340,3,1051.19,289.09,132.63,331.84,-1,-1,-1,-1
340,6,501.61,25.45,476.02,1049.60,-1,-1,-1,-1
341,0,1009.28,156.80,299.70,896.82,-1,-1,-1,-1
341,1,1611.07,135.99,272.02,845.55,-1,-1,-1,-1
341,3,1045.50,322.06,95.50,238.93,-1,-1,-1,-1
341,6,525.71,35.04,494.03,1040.43,-1,-1,-1,-1
342,0,981.97,156.67,303.49,891.63,-1,-1,-1,-1
342,1,1605.61,136.76,246.33,838.27,-1,-1,-1,-1
342,6,554.83,46.50,497.08,1020.06,-1,-1,-1,-1
343,0,955.08,162.68,281.66,889.79,-1,-1,-1,-1
343,1,1569.12,142.65,240.78,824.90,-1,-1,-1,-1
343,6,629.63,42.73,466.99,1018.66,-1,-1,-1,-1
344,0,1017.08,261.99,180.76,625.18,-1,-1,-1,-1
344,1,1531.13,138.30,240.51,821.75,-1,-1,-1,-1
344,3,987.62,232.95,196.23,675.00,-1,-1,-1,-1
344,6,661.11,44.13,464.33,1012.89,-1,-1,-1,-1
345,0,1020.46,246.90,165.83,592.26,-1,-1,-1,-1
345,1,1491.47,140.08,248.65,811.36,-1,-1,-1,-1
345,3,969.20,233.22,199.48,686.21,-1,-1,-1,-1
345,6,708.31,29.37,467.09,1031.07,-1,-1,-1,-1
346,0,1036.99,256.55,135.56,549.84,-1,-1,-1,-1
346,1,1425.06,152.16,301.12,788.67,-1,-1,-1,-1
346,3,950.78,233.49,202.72,697.42,-1,-1,-1,-1
346,6,726.84,29.12,463.45,1025.67,-1,-1,-1,-1
347,0,1042.80,278.97,120.80,490.07,-1,-1,-1,-1
347,1,1396.82,147.47,316.30,792.05,-1,-1,-1,-1
347,3,932.36,233.76,205.96,708.63,-1,-1,-1,-1
347,6,757.45,27.18,463.20,1025.14,-1,-1,-1,-1
348,0,1048.60,301.39,106.04,430.30,-1,-1,-1,-1
348,1,1381.14,142.72,310.75,796.04,-1,-1,-1,-1
348,3,913.94,234.03,209.21,719.85,-1,-1,-1,-1
348,6,788.07,25.24,462.95,1024.61,-1,-1,-1,-1
349,0,1054.41,323.80,91.29,370.52,-1,-1,-1,-1
349,1,1371.04,133.91,300.00,805.79,-1,-1,-1,-1
349,6,818.68,23.30,462.70,1024.08,-1,-1,-1,-1
350,0,1060.21,346.22,76.55,310.75,-1,-1,-1,-1
350,1,1364.62,140.90,264.40,786.89,-1,-1,-1,-1
350,6,849.30,21.36,462.45,1023.54,-1,-1,-1,-1
351,1,1361.96,135.06,215.62,781.69,-1,-1,-1,-1
351,3,721.62,132.01,318.54,913.86,-1,-1,-1,-1
352,1,1332.89,134.47,210.19,780.92,-1,-1,-1,-1
352,3,685.24,124.13,304.86,946.50,-1,-1,-1,-1
353,1,1302.69,129.88,215.75,786.67,-1,-1,-1,-1
353,3,647.87,142.08,343.35,926.97,-1,-1,-1,-1
354,1,1277.04,136.85,226.08,778.33,-1,-1,-1,-1
354,3,595.01,146.57,400.60,921.22,-1,-1,-1,-1
355,0,924.49,241.44,157.22,541.56,-1,-1,-1,-1
355,1,1262.28,137.29,224.83,778.56,-1,-1,-1,-1
355,3,568.82,162.47,410.96,903.86,-1,-1,-1,-1
355,19,12.80,248.52,227.48,616.24,-1,-1,-1,-1
356,0,905.23,235.05,173.51,545.57,-1,-1,-1,-1
356,1,1240.15,137.36,224.28,776.73,-1,-1,-1,-1
356,3,535.17,169.51,405.85,897.27,-1,-1,-1,-1
356,19,9.49,243.13,234.14,612.92,-1,-1,-1,-1
357,0,901.36,238.27,169.51,529.14,-1,-1,-1,-1
357,1,1218.01,137.42,223.73,774.90,-1,-1,-1,-1
357,3,501.37,179.40,415.22,883.78,-1,-1,-1,-1
357,6,936.11,37.01,498.31,1022.19,-1,-1,-1,-1
357,19,8.66,237.68,237.54,613.04,-1,-1,-1,-1
358,0,886.37,235.44,188.29,544.49,-1,-1,-1,-1
358,1,1195.88,137.49,223.19,773.06,-1,-1,-1,-1
358,3,493.91,168.49,373.92,900.57,-1,-1,-1,-1
358,6,991.33,20.44,460.21,1046.11,-1,-1,-1,-1
358,19,9.63,235.48,241.53,612.96,-1,-1,-1,-1
359,0,869.15,231.47,205.56,556.07,-1,-1,-1,-1
359,1,1173.75,137.56,222.64,771.23,-1,-1,-1,-1
359,3,473.21,159.13,357.84,915.50,-1,-1,-1,-1
359,6,1055.45,23.08,422.73,1042.03,-1,-1,-1,-1
359,19,12.92,232.81,257.84,614.45,-1,-1,-1,-1
360,0,832.85,236.84,240.00,552.76,-1,-1,-1,-1
360,3,448.54,153.50,332.93,921.56,-1,-1,-1,-1
360,6,1103.10,22.38,412.51,1046.63,-1,-1,-1,-1
360,19,15.01,240.90,292.62,606.08,-1,-1,-1,-1
361,0,802.14,233.90,266.93,562.60,-1,-1,-1,-1
361,1,1060.82,147.00,202.96,755.39,-1,-1,-1,-1
361,3,415.28,150.76,315.93,920.30,-1,-1,-1,-1
361,6,1125.53,28.26,424.04,1042.90,-1,-1,-1,-1
361,19,33.44,241.53,304.24,605.92,-1,-1,-1,-1
362,0,795.21,246.34,259.43,558.54,-1,-1,-1,-1
362,1,1030.54,148.55,201.84,751.29,-1,-1,-1,-1
362,3,383.22,148.95,312.42,911.22,-1,-1,-1,-1
362,6,1120.46,25.07,457.44,1042.75,-1,-1,-1,-1
362,19,52.01,239.46,303.03,612.27,-1,-1,-1,-1
363,0,797.69,244.48,246.18,573.13,-1,-1,-1,-1
363,1,1000.25,150.10,200.71,747.19,-1,-1,-1,-1
363,3,354.55,143.39,316.08,921.83,-1,-1,-1,-1
363,6,1116.14,18.45,474.92,1051.13,-1,-1,-1,-1
363,19,67.30,237.38,297.67,617.22,-1,-1,-1,-1
364,0,797.52,238.04,232.64,587.81,-1,-1,-1,-1
364,1,962.57,174.16,297.50,748.02,-1,-1,-1,-1
364,3,306.17,145.63,371.19,924.19,-1,-1,-1,-1
364,6,1137.93,16.29,476.59,1054.86,-1,-1,-1,-1
364,19,79.39,235.73,291.88,620.49,-1,-1,-1,-1
365,0,793.32,232.31,221.17,598.76,-1,-1,-1,-1
365,1,954.47,187.16,279.42,726.65,-1,-1,-1,-1
365,3,287.05,149.46,391.61,926.15,-1,-1,-1,-1
365,6,1159.71,14.14,478.26,1058.58,-1,-1,-1,-1
365,19,93.03,231.62,280.63,625.61,-1,-1,-1,-1
366,0,787.47,223.74,212.04,612.35,-1,-1,-1,-1
366,1,950.82,175.54,232.40,732.56,-1,-1,-1,-1
366,3,245.76,154.90,429.09,923.29,-1,-1,-1,-1
366,6,1139.58,10.28,503.72,1051.65,-1,-1,-1,-1
366,19,107.30,226.25,269.05,632.38,-1,-1,-1,-1
367,0,775.46,219.54,211.54,619.80,-1,-1,-1,-1
367,1,919.54,172.67,240.39,741.17,-1,-1,-1,-1
367,3,221.08,155.48,441.72,924.60,-1,-1,-1,-1
367,6,1152.70,37.13,497.02,1019.51,-1,-1,-1,-1
367,19,120.10,233.22,254.57,629.97,-1,-1,-1,-1
368,0,762.11,220.12,212.11,629.02,-1,-1,-1,-1
368,1,899.94,167.94,238.01,756.78,-1,-1,-1,-1
368,3,172.87,166.69,470.80,909.68,-1,-1,-1,-1
368,6,1158.29,45.93,497.51,1014.04,-1,-1,-1,-1
368,19,133.41,215.05,261.35,660.31,-1,-1,-1,-1
369,0,746.95,208.46,219.96,639.35,-1,-1,-1,-1
369,1,887.29,163.22,237.08,761.70,-1,-1,-1,-1
369,3,147.29,182.98,448.09,890.48,-1,-1,-1,-1
369,6,1173.20,42.79,485.92,1024.57,-1,-1,-1,-1
369,19,141.31,207.82,266.84,674.16,-1,-1,-1,-1
370,0,737.28,214.87,226.35,614.27,-1,-1,-1,-1
370,1,811.78,168.50,308.71,778.73,-1,-1,-1,-1
370,3,126.94,179.46,417.54,894.37,-1,-1,-1,-1
370,6,1207.80,32.44,449.21,1038.86,-1,-1,-1,-1
370,19,149.21,200.59,272.32,688.01,-1,-1,-1,-1
371,0,728.01,216.41,224.66,609.68,-1,-1,-1,-1
371,1,769.99,157.97,337.57,804.61,-1,-1,-1,-1
371,3,113.53,170.26,376.98,890.32,-1,-1,-1,-1
371,6,1246.42,30.81,412.40,1033.01,-1,-1,-1,-1
371,19,157.11,193.36,277.81,701.87,-1,-1,-1,-1
372,0,737.94,263.70,168.81,548.92,-1,-1,-1,-1
372,1,749.17,168.37,341.07,798.97,-1,-1,-1,-1
372,3,94.04,162.45,375.22,909.82,-1,-1,-1,-1
372,6,1262.15,11.12,400.13,1065.13,-1,-1,-1,-1
372,19,165.00,186.13,283.30,715.72,-1,-1,-1,-1
373,0,730.45,277.41,161.38,524.81,-1,-1,-1,-1
373,1,753.65,165.11,310.15,804.18,-1,-1,-1,-1
373,3,63.59,155.25,391.77,923.42,-1,-1,-1,-1
373,6,1275.84,13.60,385.44,1064.70,-1,-1,-1,-1
374,0,722.97,291.13,153.95,500.69,-1,-1,-1,-1
374,1,756.09,167.30,270.13,792.75,-1,-1,-1,-1
374,3,25.83,157.21,431.84,922.28,-1,-1,-1,-1
374,6,1290.55,32.11,359.04,1030.60,-1,-1,-1,-1
375,0,715.49,304.84,146.52,476.58,-1,-1,-1,-1
375,1,736.00,173.05,281.47,790.32,-1,-1,-1,-1
375,3,8.25,155.26,449.98,925.68,-1,-1,-1,-1
375,6,1299.21,40.80,344.78,1015.89,-1,-1,-1,-1
376,0,708.00,318.56,139.09,452.47,-1,-1,-1,-1
376,1,718.49,176.66,284.03,791.46,-1,-1,-1,-1
376,3,1.15,176.06,434.91,895.30,-1,-1,-1,-1
376,6,1298.06,29.65,356.93,1025.01,-1,-1,-1,-1
376,19,237.38,218.28,209.67,631.60,-1,-1,-1,-1
377,0,812.63,207.88,197.95,655.66,-1,-1,-1,-1
377,1,692.39,174.65,299.78,794.21,-1,-1,-1,-1
377,3,-5.68,170.76,431.35,904.53,-1,-1,-1,-1
377,6,1299.29,40.99,366.44,1018.77,-1,-1,-1,-1
377,19,244.09,213.05,222.51,653.82,-1,-1,-1,-1
378,0,822.15,203.31,207.93,666.63,-1,-1,-1,-1
378,1,652.51,171.46,297.45,799.78,-1,-1,-1,-1
378,3,0.87,169.98,395.63,897.19,-1,-1,-1,-1
378,6,1301.98,46.45,384.30,1023.73,-1,-1,-1,-1
378,19,243.69,208.48,246.79,670.56,-1,-1,-1,-1
379,0,817.19,207.13,231.79,666.03,-1,-1,-1,-1
379,1,600.07,183.83,331.96,791.97,-1,-1,-1,-1
379,3,0.06,168.62,359.39,900.94,-1,-1,-1,-1
379,6,1305.37,58.41,399.94,1016.31,-1,-1,-1,-1
379,19,228.70,195.55,293.80,699.27,-1,-1,-1,-1
380,0,811.24,204.55,253.54,674.27,-1,-1,-1,-1
380,1,576.30,207.68,338.65,766.58,-1,-1,-1,-1
380,3,-5.18,165.32,333.01,904.80,-1,-1,-1,-1
380,6,1306.85,70.77,415.16,1005.12,-1,-1,-1,-1
380,19,233.28,199.84,325.87,699.76,-1,-1,-1,-1
381,0,815.95,203.61,255.09,679.57,-1,-1,-1,-1
381,1,571.38,194.10,295.71,790.41,-1,-1,-1,-1
381,3,-10.83,168.43,322.81,898.64,-1,-1,-1,-1
381,6,1316.02,93.05,402.53,978.69,-1,-1,-1,-1
381,19,239.84,204.70,331.90,692.35,-1,-1,-1,-1
382,0,821.58,208.47,255.58,676.06,-1,-1,-1,-1
382,1,555.18,183.26,261.33,809.58,-1,-1,-1,-1
382,3,-13.83,176.76,318.54,889.10,-1,-1,-1,-1
382,6,1314.23,96.99,392.78,972.53,-1,-1,-1,-1
382,19,237.86,205.25,344.21,695.54,-1,-1,-1,-1
383,0,830.25,213.36,257.52,656.05,-1,-1,-1,-1
383,1,522.45,181.73,244.49,814.01,-1,-1,-1,-1
383,3,-14.52,171.64,315.14,897.18,-1,-1,-1,-1
383,6,1319.10,96.44,378.96,973.41,-1,-1,-1,-1
383,19,238.44,205.77,350.85,701.70,-1,-1,-1,-1
384,0,840.78,219.96,259.91,623.00,-1,-1,-1,-1
384,1,480.98,178.93,256.03,800.45,-1,-1,-1,-1
384,3,-14.56,173.47,315.08,895.67,-1,-1,-1,-1
384,6,1330.80,96.78,348.33,960.62,-1,-1,-1,-1
384,19,248.12,191.61,336.40,736.44,-1,-1,-1,-1
385,0,847.17,216.48,265.18,628.36,-1,-1,-1,-1
385,1,443.62,177.75,275.80,810.53,-1,-1,-1,-1
385,3,-11.89,185.41,308.65,880.09,-1,-1,-1,-1
385,6,1331.89,100.73,340.61,933.28,-1,-1,-1,-1
385,19,253.32,189.04,318.65,743.65,-1,-1,-1,-1
386,0,852.57,205.18,268.50,656.59,-1,-1,-1,-1
386,1,371.19,175.05,342.65,827.88,-1,-1,-1,-1
386,3,-5.58,195.33,298.86,867.98,-1,-1,-1,-1
386,6,1341.53,97.50,330.06,902.27,-1,-1,-1,-1
386,19,267.54,186.63,282.37,762.79,-1,-1,-1,-1
387,0,852.72,194.57,280.32,703.01,-1,-1,-1,-1
387,1,327.92,173.30,375.34,840.05,-1,-1,-1,-1
387,3,-4.06,194.16,294.96,866.16,-1,-1,-1,-1
387,6,1354.42,97.86,306.31,862.96,-1,-1,-1,-1
387,19,285.12,191.66,240.84,755.00,-1,-1,-1,-1
388,0,856.22,187.23,288.42,723.60,-1,-1,-1,-1
388,1,306.49,181.84,377.58,832.98,-1,-1,-1,-1
388,3,-4.88,201.51,293.68,820.57,-1,-1,-1,-1
388,6,1364.58,100.18,282.90,841.39,-1,-1,-1,-1
388,19,288.18,190.99,242.72,760.92,-1,-1,-1,-1
389,0,858.10,187.89,301.43,725.30,-1,-1,-1,-1
389,1,300.19,181.47,355.63,829.44,-1,-1,-1,-1
389,3,-3.96,199.75,292.40,800.35,-1,-1,-1,-1
389,6,1368.99,109.47,271.06,802.34,-1,-1,-1,-1
389,19,291.25,190.32,244.61,766.84,-1,-1,-1,-1
390,0,865.05,184.58,309.07,743.01,-1,-1,-1,-1
390,1,290.81,188.25,344.45,813.91,-1,-1,-1,-1
390,3,-3.70,197.04,295.25,794.29,-1,-1,-1,-1
390,6,1368.56,112.21,264.68,793.21,-1,-1,-1,-1
390,19,294.31,189.65,246.49,772.76,-1,-1,-1,-1
391,0,876.12,181.69,316.46,760.03,-1,-1,-1,-1
391,1,281.61,182.61,338.54,809.07,-1,-1,-1,-1
391,3,-1.97,198.01,298.71,785.18,-1,-1,-1,-1
391,6,1364.14,110.94,260.02,796.39,-1,-1,-1,-1
391,19,426.03,314.58,189.50,568.85,-1,-1,-1,-1
392,0,883.70,191.58,339.01,750.36,-1,-1,-1,-1
392,1,259.24,188.15,348.01,783.20,-1,-1,-1,-1
392,3,-0.06,200.02,300.70,770.39,-1,-1,-1,-1
392,6,1361.50,119.51,254.67,789.70,-1,-1,-1,-1
392,19,446.73,222.20,213.99,674.77,-1,-1,-1,-1
393,0,898.02,191.84,345.99,756.15,-1,-1,-1,-1
393,1,241.61,173.38,334.25,812.86,-1,-1,-1,-1
393,3,5.56,195.90,293.93,778.42,-1,-1,-1,-1
393,6,1362.72,129.43,242.24,787.03,-1,-1,-1,-1
393,19,463.11,207.00,224.66,695.99,-1,-1,-1,-1
394,0,912.02,201.66,348.49,753.90,-1,-1,-1,-1
394,1,232.88,166.37,318.04,820.37,-1,-1,-1,-1
394,3,13.04,194.84,287.14,784.48,-1,-1,-1,-1
394,6,1360.50,137.08,229.54,776.97,-1,-1,-1,-1
394,19,461.34,195.81,256.47,719.05,-1,-1,-1,-1
395,0,928.80,188.82,335.49,789.23,-1,-1,-1,-1
395,1,231.86,171.59,295.40,800.74,-1,-1,-1,-1
395,3,21.36,198.48,280.72,781.18,-1,-1,-1,-1
395,6,1355.71,136.71,221.28,783.46,-1,-1,-1,-1
395,19,463.91,192.61,275.03,731.92,-1,-1,-1,-1
396,0,949.53,188.93,315.82,792.43,-1,-1,-1,-1
396,1,233.08,177.84,272.17,774.94,-1,-1,-1,-1
396,3,30.44,205.87,277.34,768.71,-1,-1,-1,-1
396,6,1343.24,138.66,225.51,771.93,-1,-1,-1,-1
396,19,469.47,196.60,285.29,733.65,-1,-1,-1,-1
397,0,966.98,188.92,304.95,789.78,-1,-1,-1,-1
397,1,231.20,181.74,269.66,765.45,-1,-1,-1,-1
397,3,41.67,208.49,282.23,756.66,-1,-1,-1,-1
397,6,1327.62,137.33,230.28,762.91,-1,-1,-1,-1
397,19,473.51,202.82,292.40,732.74,-1,-1,-1,-1
398,0,984.05,175.13,291.56,807.02,-1,-1,-1,-1
398,1,241.20,185.76,250.81,743.36,-1,-1,-1,-1
398,3,52.51,216.26,273.52,719.50,-1,-1,-1,-1
398,6,1316.42,142.70,229.54,735.87,-1,-1,-1,-1
398,19,479.71,201.43,288.29,736.74,-1,-1,-1,-1
399,0,996.27,175.12,287.21,801.77,-1,-1,-1,-1
399,1,252.03,183.22,234.91,738.72,-1,-1,-1,-1
399,3,60.81,218.10,270.38,708.93,-1,-1,-1,-1
399,6,1305.24,148.17,229.99,709.02,-1,-1,-1,-1
399,19,483.15,196.70,290.53,747.60,-1,-1,-1,-1
400,0,1010.00,170.49,282.07,810.20,-1,-1,-1,-1
400,1,259.78,184.74,231.03,735.64,-1,-1,-1,-1
400,3,66.48,216.12,271.46,704.00,-1,-1,-1,-1
400,6,1293.40,145.01,217.87,700.38,-1,-1,-1,-1
400,19,484.14,191.72,297.19,757.36,-1,-1,-1,-1
401,0,1019.15,169.20,280.59,818.96,-1,-1,-1,-1
401,1,273.75,187.56,219.90,722.43,-1,-1,-1,-1
401,3,72.37,213.68,270.29,700.30,-1,-1,-1,-1
401,6,1273.19,141.39,214.78,694.72,-1,-1,-1,-1
401,19,490.55,188.69,297.15,762.12,-1,-1,-1,-1
402,0,1032.05,166.40,267.26,843.34,-1,-1,-1,-1
402,1,293.24,186.46,205.91,719.81,-1,-1,-1,-1
402,3,80.23,216.20,266.53,693.74,-1,-1,-1,-1
402,6,1270.07,140.80,198.79,691.72,-1,-1,-1,-1
402,19,490.84,182.77,306.54,769.46,-1,-1,-1,-1
403,0,1041.33,169.80,255.76,859.49,-1,-1,-1,-1
403,1,308.89,192.41,209.21,710.96,-1,-1,-1,-1
403,3,82.30,212.79,275.96,697.54,-1,-1,-1,-1
403,6,1264.14,144.87,203.31,680.71,-1,-1,-1,-1
403,19,489.25,183.11,322.25,766.36,-1,-1,-1,-1
404,0,1043.95,176.25,252.41,859.86,-1,-1,-1,-1
404,1,324.47,201.49,210.73,683.92,-1,-1,-1,-1
404,3,89.67,212.53,273.71,698.08,-1,-1,-1,-1
404,6,1251.45,152.67,229.16,670.77,-1,-1,-1,-1
404,19,493.17,180.77,334.40,783.28,-1,-1,-1,-1
405,0,1045.90,178.03,245.23,859.67,-1,-1,-1,-1
405,1,340.75,208.70,210.07,663.85,-1,-1,-1,-1
405,3,101.33,220.92,267.70,684.31,-1,-1,-1,-1
405,6,1242.23,161.80,251.73,665.26,-1,-1,-1,-1
405,19,506.11,181.82,328.05,795.48,-1,-1,-1,-1
406,0,1046.12,181.85,239.14,853.65,-1,-1,-1,-1
406,1,358.63,209.95,201.71,661.21,-1,-1,-1,-1
406,3,110.97,218.88,262.22,686.05,-1,-1,-1,-1
406,6,1234.78,168.78,277.96,669.65,-1,-1,-1,-1
406,19,519.78,184.81,319.09,796.12,-1,-1,-1,-1
407,0,1046.90,175.75,242.75,865.15,-1,-1,-1,-1
407,1,382.63,211.75,188.38,632.87,-1,-1,-1,-1
407,3,119.13,226.45,260.71,674.92,-1,-1,-1,-1
407,6,1222.30,186.70,303.48,665.65,-1,-1,-1,-1
407,19,526.45,181.44,318.47,802.32,-1,-1,-1,-1
408,0,1047.80,175.50,237.83,865.93,-1,-1,-1,-1
408,1,401.08,206.20,185.52,646.63,-1,-1,-1,-1
408,3,131.03,228.35,254.91,663.46,-1,-1,-1,-1
408,6,1215.00,190.74,295.42,661.16,-1,-1,-1,-1
408,19,520.20,176.58,334.32,803.36,-1,-1,-1,-1
409,0,1049.41,181.18,237.33,862.00,-1,-1,-1,-1
409,1,414.76,204.63,181.59,645.74,-1,-1,-1,-1
409,3,136.81,224.10,258.34,664.12,-1,-1,-1,-1
409,6,1214.79,190.86,275.38,662.80,-1,-1,-1,-1
409,19,523.74,169.84,329.13,812.43,-1,-1,-1,-1
410,0,1057.16,163.79,234.93,897.55,-1,-1,-1,-1
410,1,426.44,201.94,178.78,649.06,-1,-1,-1,-1
410,3,141.97,232.00,266.40,643.73,-1,-1,-1,-1
410,6,1211.85,185.72,258.61,662.52,-1,-1,-1,-1
410,19,519.55,165.64,343.38,815.45,-1,-1,-1,-1
411,0,1061.19,159.13,232.41,904.88,-1,-1,-1,-1
411,1,443.80,207.13,168.62,625.80,-1,-1,-1,-1
411,3,157.26,232.75,254.81,632.18,-1,-1,-1,-1
411,6,1195.33,173.40,262.36,670.87,-1,-1,-1,-1
411,19,539.58,161.56,324.58,828.17,-1,-1,-1,-1
412,0,1062.56,177.06,244.18,872.68,-1,-1,-1,-1
412,1,452.40,209.40,169.76,626.09,-1,-1,-1,-1
412,3,166.39,231.20,252.26,622.67,-1,-1,-1,-1
412,6,1173.12,172.46,255.05,665.45,-1,-1,-1,-1
412,19,550.87,159.58,318.13,848.11,-1,-1,-1,-1
413,0,1060.08,174.08,256.47,863.10,-1,-1,-1,-1
413,1,464.69,207.01,168.39,631.35,-1,-1,-1,-1
413,3,182.82,229.15,239.39,618.84,-1,-1,-1,-1
413,6,1162.65,172.05,254.82,664.89,-1,-1,-1,-1
413,19,528.93,156.19,342.91,862.16,-1,-1,-1,-1
414,0,1066.20,194.91,242.06,843.74,-1,-1,-1,-1
414,1,475.10,205.62,168.10,630.35,-1,-1,-1,-1
414,3,203.23,230.03,225.61,614.00,-1,-1,-1,-1
414,6,1152.18,171.64,254.59,664.33,-1,-1,-1,-1
414,19,528.18,151.99,328.30,885.81,-1,-1,-1,-1
415,0,1065.72,186.31,240.00,869.19,-1,-1,-1,-1
415,1,485.52,204.23,167.81,629.34,-1,-1,-1,-1
415,3,220.80,232.32,218.47,609.06,-1,-1,-1,-1
415,6,1141.71,171.23,254.36,663.77,-1,-1,-1,-1
415,19,532.53,153.50,309.95,883.82,-1,-1,-1,-1
416,0,1055.16,202.75,266.56,851.05,-1,-1,-1,-1
416,1,495.94,202.84,167.52,628.34,-1,-1,-1,-1
416,3,234.53,232.62,203.38,607.95,-1,-1,-1,-1
416,6,1131.24,170.82,254.13,663.21,-1,-1,-1,-1
416,19,546.85,153.83,277.71,889.49,-1,-1,-1,-1
417,0,1046.88,194.31,293.47,870.85,-1,-1,-1,-1
417,1,506.36,201.45,167.23,627.33,-1,-1,-1,-1
417,3,245.36,226.13,190.54,613.62,-1,-1,-1,-1
417,19,555.59,161.32,256.89,873.53,-1,-1,-1,-1
418,0,1018.30,176.31,358.01,889.00,-1,-1,-1,-1
418,3,258.63,233.36,185.70,596.70,-1,-1,-1,-1
418,19,556.14,175.71,251.72,856.60,-1,-1,-1,-1
419,0,996.06,153.96,400.48,918.28,-1,-1,-1,-1
419,3,263.52,233.36,192.41,591.56,-1,-1,-1,-1
419,19,525.07,174.44,280.14,862.40,-1,-1,-1,-1
420,0,990.95,138.66,426.00,937.43,-1,-1,-1,-1
420,3,262.47,234.47,205.09,582.12,-1,-1,-1,-1
420,19,494.90,167.74,315.35,880.94,-1,-1,-1,-1
421,0,1006.06,131.09,434.16,950.48,-1,-1,-1,-1
421,3,260.47,233.92,213.57,579.35,-1,-1,-1,-1
421,19,462.22,172.19,361.13,895.23,-1,-1,-1,-1
422,0,1005.58,128.02,459.26,952.90,-1,-1,-1,-1
422,1,707.38,224.40,133.77,560.45,-1,-1,-1,-1
422,3,265.20,232.74,214.68,581.06,-1,-1,-1,-1
422,19,436.55,161.55,390.49,918.29,-1,-1,-1,-1
423,0,1003.89,130.68,477.88,950.06,-1,-1,-1,-1
423,1,714.97,220.26,166.13,571.02,-1,-1,-1,-1
423,3,266.17,230.32,218.25,581.51,-1,-1,-1,-1
423,19,417.59,165.00,401.48,911.96,-1,-1,-1,-1
424,0,1039.83,133.11,457.22,947.01,-1,-1,-1,-1
424,1,737.56,219.03,165.88,570.21,-1,-1,-1,-1
424,3,271.60,237.78,228.38,571.68,-1,-1,-1,-1
424,6,975.33,178.87,241.36,641.98,-1,-1,-1,-1
424,19,407.85,151.86,416.04,923.07,-1,-1,-1,-1
425,0,1081.85,138.51,438.96,940.54,-1,-1,-1,-1
425,1,757.21,226.37,148.27,546.89,-1,-1,-1,-1
425,3,279.11,243.26,243.47,568.29,-1,-1,-1,-1
425,6,938.29,175.66,273.02,658.60,-1,-1,-1,-1
425,19,415.41,149.36,398.28,921.79,-1,-1,-1,-1
426,0,1115.34,141.39,431.72,937.39,-1,-1,-1,-1
426,1,753.67,216.98,172.49,550.51,-1,-1,-1,-1
426,3,287.93,242.57,248.52,572.25,-1,-1,-1,-1
426,6,941.64,174.44,252.23,670.48,-1,-1,-1,-1
426,19,411.90,146.14,410.02,921.65,-1,-1,-1,-1
427,0,1113.32,144.57,459.63,934.11,-1,-1,-1,-1
427,1,763.61,215.94,184.05,556.44,-1,-1,-1,-1
427,3,295.32,250.96,250.41,560.73,-1,-1,-1,-1
427,6,955.35,165.29,222.24,689.08,-1,-1,-1,-1
427,19,420.89,137.70,394.75,930.20,-1,-1,-1,-1
428,0,1138.25,149.91,454.06,928.45,-1,-1,-1,-1
428,1,776.53,218.87,186.96,555.61,-1,-1,-1,-1
428,3,308.95,242.28,236.79,574.45,-1,-1,-1,-1
428,6,950.34,163.29,214.83,690.29,-1,-1,-1,-1
428,19,431.73,133.41,377.07,942.11,-1,-1,-1,-1
429,0,1174.02,140.91,425.34,938.13,-1,-1,-1,-1
429,1,795.29,223.48,180.13,541.44,-1,-1,-1,-1
429,3,322.96,256.00,222.93,552.96,-1,-1,-1,-1
429,6,912.92,168.01,241.54,675.34,-1,-1,-1,-1
429,19,429.23,123.13,373.05,957.12,-1,-1,-1,-1
430,0,1205.85,132.87,403.32,937.32,-1,-1,-1,-1
430,1,807.19,210.93,197.23,579.04,-1,-1,-1,-1
430,3,341.84,257.88,197.04,547.97,-1,-1,-1,-1
430,6,875.23,171.40,268.23,671.30,-1,-1,-1,-1
430,19,426.21,120.87,369.45,960.83,-1,-1,-1,-1
431,0,1233.03,131.06,383.08,936.64,-1,-1,-1,-1
431,1,822.97,204.40,201.44,591.43,-1,-1,-1,-1
431,3,352.93,255.36,184.10,544.83,-1,-1,-1,-1
431,6,820.22,185.77,325.49,658.22,-1,-1,-1,-1
431,19,428.60,121.64,364.45,952.91,-1,-1,-1,-1
432,0,1255.88,134.04,364.87,926.66,-1,-1,-1,-1
432,1,838.76,197.88,205.66,603.83,-1,-1,-1,-1
432,3,363.00,259.62,171.64,536.29,-1,-1,-1,-1
432,6,788.11,192.50,348.83,653.69,-1,-1,-1,-1
432,19,426.04,127.02,356.08,938.02,-1,-1,-1,-1
433,0,1268.25,127.50,362.31,938.78,-1,-1,-1,-1
433,1,854.54,191.36,209.87,616.22,-1,-1,-1,-1
433,3,365.42,247.99,180.38,554.04,-1,-1,-1,-1
433,6,766.50,198.97,358.21,650.20,-1,-1,-1,-1
433,19,421.30,120.32,367.44,946.05,-1,-1,-1,-1
434,0,1277.51,141.27,356.17,914.36,-1,-1,-1,-1
434,1,870.33,184.84,214.09,628.61,-1,-1,-1,-1
434,3,371.61,245.33,181.60,557.83,-1,-1,-1,-1
434,6,752.62,199.80,368.77,655.07,-1,-1,-1,-1
434,19,423.15,128.52,362.61,931.09,-1,-1,-1,-1
435,0,1279.85,138.81,359.69,922.34,-1,-1,-1,-1
435,3,396.29,243.04,141.81,559.32,-1,-1,-1,-1
435,6,749.29,198.98,371.99,660.71,-1,-1,-1,-1
435,19,418.82,122.62,397.45,945.16,-1,-1,-1,-1
436,0,1282.72,143.47,358.48,917.10,-1,-1,-1,-1
436,3,392.71,249.12,151.80,527.87,-1,-1,-1,-1
436,6,745.70,199.35,378.75,660.72,-1,-1,-1,-1
436,19,407.64,131.11,410.77,940.92,-1,-1,-1,-1
437,0,1285.54,140.03,352.40,923.96,-1,-1,-1,-1
437,1,971.02,215.66,178.30,540.00,-1,-1,-1,-1
437,3,400.02,252.23,148.78,517.43,-1,-1,-1,-1
437,6,744.09,185.13,378.64,676.59,-1,-1,-1,-1
437,19,394.10,135.51,423.59,936.11,-1,-1,-1,-1
438,0,1291.75,142.66,339.86,913.50,-1,-1,-1,-1
438,1,971.43,224.35,204.24,526.70,-1,-1,-1,-1
438,3,386.14,238.13,183.26,545.13,-1,-1,-1,-1
438,6,759.37,175.87,325.08,683.05,-1,-1,-1,-1
438,19,385.07,146.27,428.80,928.43,-1,-1,-1,-1
439,0,1298.35,147.63,333.09,898.11,-1,-1,-1,-1
439,1,994.64,209.85,194.60,545.78,-1,-1,-1,-1
439,3,402.16,233.42,171.86,517.55,-1,-1,-1,-1
439,6,767.33,172.60,266.36,686.93,-1,-1,-1,-1
439,19,397.25,153.17,406.18,923.75,-1,-1,-1,-1
440,0,1303.05,149.50,326.81,879.36,-1,-1,-1,-1
440,1,1014.91,217.82,183.20,534.16,-1,-1,-1,-1
440,3,428.53,229.34,151.37,550.89,-1,-1,-1,-1
440,6,757.19,169.44,233.94,688.45,-1,-1,-1,-1
440,19,431.91,151.91,353.45,927.52,-1,-1,-1,-1
441,0,1306.04,148.09,325.66,876.48,-1,-1,-1,-1
441,1,1042.39,215.52,157.01,535.40,-1,-1,-1,-1
441,3,434.94,223.20,153.78,559.71,-1,-1,-1,-1
441,6,743.21,166.05,213.25,686.84,-1,-1,-1,-1
441,19,460.22,147.21,310.17,934.23,-1,-1,-1,-1
442,0,1305.95,154.05,329.90,862.37,-1,-1,-1,-1
442,1,1062.63,213.80,153.65,537.10,-1,-1,-1,-1
442,3,441.35,217.05,156.18,568.53,-1,-1,-1,-1
442,6,721.99,148.36,204.26,718.05,-1,-1,-1,-1
442,19,477.06,136.29,285.95,941.60,-1,-1,-1,-1
443,0,1305.78,159.34,336.82,851.14,-1,-1,-1,-1
443,1,1081.44,209.45,149.13,549.55,-1,-1,-1,-1
443,3,447.76,210.91,158.58,577.35,-1,-1,-1,-1
443,6,705.88,153.95,200.04,708.75,-1,-1,-1,-1
443,19,488.05,141.20,278.65,920.14,-1,-1,-1,-1
444,0,1306.94,161.94,344.80,845.42,-1,-1,-1,-1
444,1,1093.88,201.22,161.10,567.27,-1,-1,-1,-1
444,3,454.17,204.76,160.99,586.18,-1,-1,-1,-1
444,6,711.63,167.73,188.89,673.57,-1,-1,-1,-1
444,19,493.11,142.77,328.68,916.02,-1,-1,-1,-1
445,0,1310.36,164.66,349.69,838.01,-1,-1,-1,-1
445,1,1101.61,200.07,196.32,573.77,-1,-1,-1,-1
445,6,712.16,194.31,179.04,557.59,-1,-1,-1,-1
445,19,480.42,143.59,382.93,921.52,-1,-1,-1,-1
446,0,1316.24,179.25,351.85,805.23,-1,-1,-1,-1
446,1,1108.87,209.19,222.68,562.98,-1,-1,-1,-1
446,6,711.57,207.39,156.69,493.38,-1,-1,-1,-1
446,19,460.31,144.59,430.44,896.47,-1,-1,-1,-1
447,0,1323.45,175.47,340.42,805.44,-1,-1,-1,-1
447,1,1120.38,208.43,229.00,565.19,-1,-1,-1,-1
447,6,708.02,229.31,137.71,433.66,-1,-1,-1,-1
447,19,444.48,145.21,448.15,885.11,-1,-1,-1,-1
448,0,1326.19,174.10,327.66,792.73,-1,-1,-1,-1
448,1,1135.36,204.13,219.67,574.22,-1,-1,-1,-1
448,6,704.47,251.23,118.73,373.95,-1,-1,-1,-1
448,19,446.91,136.76,449.32,908.36,-1,-1,-1,-1
449,0,1324.05,178.07,318.79,779.58,-1,-1,-1,-1
449,1,1170.48,211.83,176.89,553.75,-1,-1,-1,-1
449,6,700.91,273.15,99.76,314.24,-1,-1,-1,-1
449,19,461.99,129.92,421.04,913.61,-1,-1,-1,-1
450,0,1317.02,180.27,313.18,765.26,-1,-1,-1,-1
450,1,1195.54,203.65,163.94,565.89,-1,-1,-1,-1
450,6,697.35,295.07,80.79,254.52,-1,-1,-1,-1
450,19,456.75,124.55,420.23,939.74,-1,-1,-1,-1
451,0,1290.21,179.74,318.57,760.10,-1,-1,-1,-1
451,1,1212.11,197.91,169.46,575.99,-1,-1,-1,-1
451,19,460.80,117.43,397.92,956.38,-1,-1,-1,-1
452,0,1273.56,180.19,315.27,756.00,-1,-1,-1,-1
452,1,1229.33,194.06,160.24,583.57,-1,-1,-1,-1
452,19,458.11,128.20,389.82,948.43,-1,-1,-1,-1
453,0,1257.33,184.45,317.13,748.48,-1,-1,-1,-1
453,1,1243.05,204.28,147.19,556.28,-1,-1,-1,-1
453,19,460.30,131.79,374.00,943.63,-1,-1,-1,-1
454,0,1247.76,183.22,317.17,747.28,-1,-1,-1,-1
454,1,1250.80,203.81,145.47,563.86,-1,-1,-1,-1
454,19,452.88,139.43,380.48,931.51,-1,-1,-1,-1
455,0,1236.43,183.30,316.75,746.56,-1,-1,-1,-1
455,1,1265.11,204.27,145.12,562.59,-1,-1,-1,-1
455,19,461.09,133.09,367.84,942.81,-1,-1,-1,-1
456,0,1231.00,183.58,320.67,741.04,-1,-1,-1,-1
456,1,1279.42,204.73,144.77,561.32,-1,-1,-1,-1
456,19,451.16,143.92,388.68,925.42,-1,-1,-1,-1
457,0,1236.24,186.63,298.67,733.03,-1,-1,-1,-1
457,1,1293.73,205.20,144.42,560.04,-1,-1,-1,-1
457,19,442.31,143.51,408.85,929.20,-1,-1,-1,-1
458,0,1240.34,190.35,264.91,726.88,-1,-1,-1,-1
458,1,1351.06,205.54,158.82,560.73,-1,-1,-1,-1
458,6,427.93,171.38,211.69,709.09,-1,-1,-1,-1
458,19,419.84,145.01,470.74,919.71,-1,-1,-1,-1
459,0,1233.77,186.46,250.39,726.62,-1,-1,-1,-1
459,1,1360.20,194.03,183.12,599.59,-1,-1,-1,-1
459,6,403.92,164.92,218.40,731.68,-1,-1,-1,-1
459,19,404.79,143.62,503.95,919.97,-1,-1,-1,-1
460,0,1228.25,180.30,235.24,734.68,-1,-1,-1,-1
460,1,1364.10,185.67,203.48,614.22,-1,-1,-1,-1
460,6,378.08,161.57,236.72,755.59,-1,-1,-1,-1
460,19,402.76,156.82,513.78,898.24,-1,-1,-1,-1
461,0,1218.54,177.91,199.62,734.66,-1,-1,-1,-1
461,1,1361.89,172.38,233.85,640.45,-1,-1,-1,-1
461,6,348.32,164.10,267.02,772.64,-1,-1,-1,-1
461,19,418.85,142.37,503.98,922.95,-1,-1,-1,-1
462,0,1186.19,177.85,213.06,734.68,-1,-1,-1,-1
462,1,1355.10,171.35,264.24,646.36,-1,-1,-1,-1
462,6,319.10,174.16,311.95,778.03,-1,-1,-1,-1
462,19,481.74,133.57,450.66,941.99,-1,-1,-1,-1
463,0,1129.61,182.10,265.25,725.19,-1,-1,-1,-1
463,1,1347.55,175.62,300.13,651.91,-1,-1,-1,-1
463,6,301.98,180.48,338.50,779.94,-1,-1,-1,-1
463,19,522.82,131.88,424.85,947.99,-1,-1,-1,-1
464,0,1086.11,186.62,298.55,717.24,-1,-1,-1,-1
464,1,1352.64,174.54,306.09,662.31,-1,-1,-1,-1
464,6,307.84,175.39,341.60,786.12,-1,-1,-1,-1
464,19,547.70,116.15,422.10,967.80,-1,-1,-1,-1
465,0,1057.39,193.01,319.81,710.28,-1,-1,-1,-1
465,1,1371.81,174.76,285.19,670.93,-1,-1,-1,-1
465,6,315.37,167.47,327.46,793.64,-1,-1,-1,-1
465,19,568.19,116.75,419.94,957.41,-1,-1,-1,-1
466,0,1042.16,191.01,323.96,717.22,-1,-1,-1,-1
466,1,1371.69,183.62,308.84,665.56,-1,-1,-1,-1
466,6,313.52,164.47,300.01,793.10,-1,-1,-1,-1
466,19,586.68,121.58,426.86,935.30,-1,-1,-1,-1
467,0,1040.71,186.71,310.83,727.05,-1,-1,-1,-1
467,1,1381.99,177.42,310.08,668.67,-1,-1,-1,-1
467,6,311.07,157.70,263.41,795.50,-1,-1,-1,-1
467,19,609.09,125.47,418.40,925.21,-1,-1,-1,-1
468,0,1039.52,188.35,291.31,719.86,-1,-1,-1,-1
468,1,1397.79,168.17,294.78,683.14,-1,-1,-1,-1
468,6,297.81,154.23,246.16,799.09,-1,-1,-1,-1
468,19,620.90,116.72,404.02,950.12,-1,-1,-1,-1
469,0,1038.56,195.33,267.77,713.44,-1,-1,-1,-1
469,1,1410.08,165.60,281.70,690.13,-1,-1,-1,-1
469,6,282.04,152.21,248.41,797.56,-1,-1,-1,-1
469,19,631.14,122.41,433.16,950.99,-1,-1,-1,-1
470,0,1037.08,209.85,247.85,695.37,-1,-1,-1,-1
470,1,1417.54,159.59,276.34,711.95,-1,-1,-1,-1
470,6,259.96,151.65,279.12,798.52,-1,-1,-1,-1
470,19,638.52,125.29,443.20,947.23,-1,-1,-1,-1
471,0,1033.73,206.07,220.95,693.82,-1,-1,-1,-1
471,1,1424.54,161.88,272.51,712.06,-1,-1,-1,-1
471,6,238.58,154.96,333.37,793.71,-1,-1,-1,-1
471,19,661.21,120.56,444.01,954.94,-1,-1,-1,-1
472,0,1034.66,200.50,193.88,706.95,-1,-1,-1,-1
472,1,1426.84,165.54,282.05,707.80,-1,-1,-1,-1
472,6,222.38,155.28,371.91,794.82,-1,-1,-1,-1
472,19,692.46,134.78,447.00,925.57,-1,-1,-1,-1
473,0,1019.97,199.74,194.41,709.03,-1,-1,-1,-1
473,1,1427.26,169.04,300.06,703.42,-1,-1,-1,-1
473,6,213.17,157.89,415.63,790.00,-1,-1,-1,-1
473,19,729.50,120.63,449.61,939.76,-1,-1,-1,-1
474,0,1005.29,198.98,194.95,711.10,-1,-1,-1,-1
474,1,1424.08,163.24,318.89,716.88,-1,-1,-1,-1
474,6,205.05,161.42,441.60,790.29,-1,-1,-1,-1
474,19,795.08,109.33,399.42,948.14,-1,-1,-1,-1
475,0,990.60,198.23,195.48,713.17,-1,-1,-1,-1
475,1,1424.01,161.53,330.95,720.63,-1,-1,-1,-1
475,6,188.08,164.00,466.90,790.86,-1,-1,-1,-1
475,19,861.71,102.19,341.55,956.75,-1,-1,-1,-1
476,0,975.92,197.47,196.01,715.25,-1,-1,-1,-1
476,1,1428.33,155.68,315.01,739.62,-1,-1,-1,-1
476,6,177.15,160.01,471.05,800.33,-1,-1,-1,-1
476,19,904.79,99.12,317.29,931.41,-1,-1,-1,-1
477,1,1436.10,155.06,296.65,742.74,-1,-1,-1,-1
477,6,168.57,160.51,461.37,802.23,-1,-1,-1,-1
477,19,925.59,116.20,332.54,936.93,-1,-1,-1,-1
478,1,1439.22,155.91,283.11,754.41,-1,-1,-1,-1
478,6,170.74,157.54,435.15,810.14,-1,-1,-1,-1
478,19,931.34,169.48,415.50,883.91,-1,-1,-1,-1
479,0,911.16,271.87,186.45,650.24,-1,-1,-1,-1
479,1,1425.99,150.97,282.33,775.66,-1,-1,-1,-1
479,6,166.61,153.03,414.51,826.71,-1,-1,-1,-1
479,19,958.83,175.89,480.72,891.57,-1,-1,-1,-1
480,0,897.97,243.92,198.76,677.51,-1,-1,-1,-1
480,1,1422.11,158.87,264.07,765.99,-1,-1,-1,-1
480,6,166.93,154.56,335.17,822.35,-1,-1,-1,-1
480,19,1006.53,155.72,506.30,923.39,-1,-1,-1,-1
481,0,889.64,234.58,197.78,686.09,-1,-1,-1,-1
481,1,1414.19,165.71,256.33,751.64,-1,-1,-1,-1
481,6,154.53,159.02,291.33,815.43,-1,-1,-1,-1
481,19,1040.23,149.67,527.79,934.00,-1,-1,-1,-1
482,0,879.41,231.21,178.70,692.16,-1,-1,-1,-1
482,1,1392.74,155.30,272.37,777.24,-1,-1,-1,-1
482,6,129.23,162.68,290.50,820.36,-1,-1,-1,-1
482,19,1105.25,140.43,465.97,942.55,-1,-1,-1,-1
483,0,858.41,218.52,189.78,708.31,-1,-1,-1,-1
483,1,1381.97,177.51,271.85,747.29,-1,-1,-1,-1
483,6,111.67,163.03,292.96,828.44,-1,-1,-1,-1
483,19,1155.02,142.87,417.08,922.17,-1,-1,-1,-1
484,0,828.63,200.78,201.39,731.68,-1,-1,-1,-1
484,1,1383.74,165.49,229.85,758.21,-1,-1,-1,-1
484,6,92.69,163.47,303.08,838.49,-1,-1,-1,-1
484,19,1209.33,123.62,344.12,945.66,-1,-1,-1,-1
485,0,791.35,204.45,233.55,731.24,-1,-1,-1,-1
485,1,1376.99,167.02,229.92,758.51,-1,-1,-1,-1
485,6,63.32,161.87,329.72,857.84,-1,-1,-1,-1
485,19,1241.39,119.06,333.00,946.46,-1,-1,-1,-1
485,27,1051.37,214.40,192.92,569.42,-1,-1,-1,-1
486,0,754.66,222.24,260.33,711.02,-1,-1,-1,-1
486,1,1370.24,168.54,229.99,758.81,-1,-1,-1,-1
486,6,24.08,169.57,366.34,859.29,-1,-1,-1,-1
486,19,1274.79,114.71,334.13,954.63,-1,-1,-1,-1
486,27,1083.25,216.71,168.56,562.35,-1,-1,-1,-1
487,0,736.35,212.08,269.71,744.61,-1,-1,-1,-1
487,1,1363.49,170.07,230.07,759.11,-1,-1,-1,-1
487,6,4.03,169.88,380.51,866.15,-1,-1,-1,-1
487,19,1287.97,101.06,371.62,976.59,-1,-1,-1,-1
487,27,1103.04,218.37,162.73,554.83,-1,-1,-1,-1
488,0,735.18,204.88,255.66,761.06,-1,-1,-1,-1
488,1,1356.74,171.59,230.14,759.41,-1,-1,-1,-1
488,6,-8.00,165.92,388.23,884.63,-1,-1,-1,-1
488,19,1274.52,109.41,437.21,962.56,-1,-1,-1,-1
488,27,1118.13,216.99,155.70,562.58,-1,-1,-1,-1
489,0,735.43,196.27,244.72,782.99,-1,-1,-1,-1
489,1,1271.59,171.31,176.61,737.92,-1,-1,-1,-1
489,6,-12.95,152.83,393.12,910.10,-1,-1,-1,-1
489,19,1276.48,109.71,445.29,954.84,-1,-1,-1,-1
489,27,1133.31,211.92,146.53,568.97,-1,-1,-1,-1
490,0,735.84,190.38,234.06,792.98,-1,-1,-1,-1
490,1,1244.14,172.23,178.20,688.79,-1,-1,-1,-1
490,6,-12.77,138.68,391.31,930.34,-1,-1,-1,-1
490,19,1300.45,104.35,438.09,958.05,-1,-1,-1,-1
490,27,1129.73,211.99,160.59,568.74,-1,-1,-1,-1
491,0,724.25,193.72,240.25,786.81,-1,-1,-1,-1
491,1,1166.49,161.49,254.91,747.67,-1,-1,-1,-1
491,6,-11.84,125.57,387.14,948.00,-1,-1,-1,-1
491,19,1361.15,112.69,383.24,937.96,-1,-1,-1,-1
491,27,1124.90,203.74,194.83,587.96,-1,-1,-1,-1
492,0,716.25,209.91,243.79,762.76,-1,-1,-1,-1
492,1,1129.50,150.08,270.01,776.51,-1,-1,-1,-1
492,6,-10.75,115.60,384.82,954.50,-1,-1,-1,-1
492,19,1410.50,103.20,345.68,957.13,-1,-1,-1,-1
492,27,1136.11,198.09,197.79,596.88,-1,-1,-1,-1
493,0,707.49,210.46,252.73,763.65,-1,-1,-1,-1
493,1,1119.91,143.80,252.00,794.63,-1,-1,-1,-1
493,6,-8.14,108.16,382.64,961.04,-1,-1,-1,-1
493,19,1432.23,110.00,385.46,945.78,-1,-1,-1,-1
493,27,1147.33,192.43,200.74,605.80,-1,-1,-1,-1
494,0,702.10,196.53,259.01,800.26,-1,-1,-1,-1
494,1,1104.22,145.60,248.96,799.05,-1,-1,-1,-1
494,6,-1.55,104.79,387.69,959.48,-1,-1,-1,-1
494,19,1444.90,115.93,435.96,951.67,-1,-1,-1,-1
494,27,1158.54,186.77,203.70,614.72,-1,-1,-1,-1
495,0,699.24,194.34,243.08,809.82,-1,-1,-1,-1
495,1,1080.11,137.42,262.35,819.38,-1,-1,-1,-1
495,6,1.11,99.32,386.05,959.90,-1,-1,-1,-1
495,19,1454.61,116.27,455.50,951.86,-1,-1,-1,-1
495,27,1169.76,181.11,206.65,623.64,-1,-1,-1,-1
496,0,676.76,185.06,247.05,828.06,-1,-1,-1,-1
496,1,1053.31,152.28,293.84,795.33,-1,-1,-1,-1
496,6,2.47,96.31,392.36,973.65,-1,-1,-1,-1
496,19,1468.01,117.80,451.61,948.52,-1,-1,-1,-1
497,0,632.48,187.58,266.61,818.60,-1,-1,-1,-1
497,1,1011.88,164.25,329.11,771.98,-1,-1,-1,-1
497,6,0.60,97.08,388.80,978.10,-1,-1,-1,-1
497,19,1483.94,118.11,434.39,949.51,-1,-1,-1,-1
497,27,1216.84,203.25,177.18,578.19,-1,-1,-1,-1
498,0,612.70,191.29,264.68,814.23,-1,-1,-1,-1
498,1,1006.51,170.38,290.07,749.55,-1,-1,-1,-1
498,6,0.21,104.67,388.02,971.04,-1,-1,-1,-1
498,19,1506.58,133.34,395.35,870.25,-1,-1,-1,-1
498,27,1221.66,206.71,185.40,581.88,-1,-1,-1,-1
499,0,602.38,192.06,260.44,817.19,-1,-1,-1,-1
499,1,991.59,188.02,251.62,714.60,-1,-1,-1,-1
499,6,0.07,104.47,395.42,972.10,-1,-1,-1,-1
499,19,1512.55,135.02,369.52,852.23,-1,-1,-1,-1
499,27,1229.72,207.25,191.24,596.31,-1,-1,-1,-1
500,0,594.29,199.81,255.68,810.72,-1,-1,-1,-1
500,1,954.41,183.94,230.80,727.81,-1,-1,-1,-1
500,6,9.51,88.48,400.28,993.01,-1,-1,-1,-1
500,19,1518.29,142.33,338.01,821.05,-1,-1,-1,-1
500,27,1239.26,205.72,192.58,608.32,-1,-1,-1,-1
501,0,582.18,210.33,261.57,792.58,-1,-1,-1,-1
501,1,924.18,182.00,222.97,720.83,-1,-1,-1,-1
501,6,17.42,70.87,410.02,1010.27,-1,-1,-1,-1
501,19,1517.34,140.41,333.46,830.75,-1,-1,-1,-1
501,27,1243.97,209.01,202.79,613.58,-1,-1,-1,-1
502,0,565.03,204.86,276.37,800.62,-1,-1,-1,-1
502,1,889.67,180.72,238.46,721.80,-1,-1,-1,-1
502,6,27.46,66.76,417.18,1009.99,-1,-1,-1,-1
502,19,1519.27,144.15,329.71,824.60,-1,-1,-1,-1
502,27,1246.63,207.00,213.70,624.50,-1,-1,-1,-1
503,0,543.02,194.78,294.32,818.27,-1,-1,-1,-1
503,1,862.48,198.80,251.77,698.55,-1,-1,-1,-1
503,6,45.09,56.42,412.08,1016.22,-1,-1,-1,-1
503,19,1519.23,150.30,335.09,815.04,-1,-1,-1,-1
503,27,1249.11,210.20,225.96,622.38,-1,-1,-1,-1
504,0,505.29,188.71,333.25,829.85,-1,-1,-1,-1
504,1,848.50,202.40,255.68,698.62,-1,-1,-1,-1
504,6,63.24,49.93,408.12,1021.43,-1,-1,-1,-1
504,19,1527.61,156.71,330.13,808.20,-1,-1,-1,-1
504,27,1245.73,207.85,241.11,620.21,-1,-1,-1,-1
505,0,474.66,187.85,367.69,824.39,-1,-1,-1,-1
505,1,838.62,185.93,249.31,726.54,-1,-1,-1,-1
505,6,82.04,45.58,417.51,1026.20,-1,-1,-1,-1
505,19,1529.70,164.99,330.35,780.92,-1,-1,-1,-1
505,27,1242.47,198.34,251.78,640.14,-1,-1,-1,-1
506,0,475.07,197.04,359.64,804.98,-1,-1,-1,-1
506,1,827.68,189.15,232.04,718.79,-1,-1,-1,-1
506,6,101.09,41.75,411.71,1026.17,-1,-1,-1,-1
506,19,1532.19,169.87,325.99,764.67,-1,-1,-1,-1
506,27,1237.34,194.27,265.31,656.03,-1,-1,-1,-1
507,0,489.88,209.50,334.60,788.07,-1,-1,-1,-1
507,1,815.49,179.72,209.81,731.27,-1,-1,-1,-1
507,6,114.22,43.93,446.85,1026.07,-1,-1,-1,-1
507,19,1535.11,169.50,320.18,737.45,-1,-1,-1,-1
507,27,1228.79,194.03,276.81,665.66,-1,-1,-1,-1
508,0,504.01,212.27,308.99,774.60,-1,-1,-1,-1
508,1,801.89,172.01,199.31,749.67,-1,-1,-1,-1
508,6,137.85,36.19,451.10,1031.55,-1,-1,-1,-1
508,19,1538.80,171.36,310.24,719.88,-1,-1,-1,-1
508,27,1218.42,193.97,285.13,676.32,-1,-1,-1,-1
509,0,518.74,209.75,288.09,768.65,-1,-1,-1,-1
509,1,787.32,165.69,197.42,761.90,-1,-1,-1,-1
509,6,160.41,41.97,473.94,1020.28,-1,-1,-1,-1
509,19,1542.52,169.67,300.31,713.50,-1,-1,-1,-1
509,27,1212.73,192.28,290.41,689.18,-1,-1,-1,-1
510,0,531.91,208.27,265.86,758.88,-1,-1,-1,-1
510,1,775.40,162.92,197.35,760.30,-1,-1,-1,-1
510,6,185.20,59.91,498.95,1001.95,-1,-1,-1,-1
510,19,1545.52,165.55,282.68,717.05,-1,-1,-1,-1
510,27,1216.61,190.29,282.89,702.30,-1,-1,-1,-1
511,0,545.52,204.44,248.01,748.75,-1,-1,-1,-1
511,1,767.36,168.86,197.11,750.63,-1,-1,-1,-1
511,6,222.04,75.20,472.91,980.95,-1,-1,-1,-1
511,19,1548.17,170.79,264.19,695.76,-1,-1,-1,-1
511,27,1222.56,188.63,275.76,708.90,-1,-1,-1,-1
512,0,558.95,202.26,239.72,743.71,-1,-1,-1,-1
512,1,757.55,160.61,202.04,760.54,-1,-1,-1,-1
512,6,261.45,61.12,491.92,995.14,-1,-1,-1,-1
512,19,1546.57,177.95,245.16,666.96,-1,-1,-1,-1
512,27,1244.16,189.64,258.43,706.09,-1,-1,-1,-1
513,0,565.89,218.09,253.57,715.42,-1,-1,-1,-1
513,1,745.90,169.45,206.01,746.61,-1,-1,-1,-1
513,6,300.17,42.01,457.96,1020.36,-1,-1,-1,-1
513,19,1534.05,170.58,239.06,682.15,-1,-1,-1,-1
513,27,1258.58,189.58,249.27,705.63,-1,-1,-1,-1
514,0,570.65,192.15,299.42,757.23,-1,-1,-1,-1
514,1,730.80,165.78,211.38,748.10,-1,-1,-1,-1
514,6,337.31,23.94,410.07,1043.71,-1,-1,-1,-1
514,19,1522.78,178.18,231.01,651.71,-1,-1,-1,-1
514,27,1265.91,184.85,242.52,715.62,-1,-1,-1,-1
515,0,573.95,185.15,302.76,765.64,-1,-1,-1,-1
515,1,693.96,169.86,236.07,738.06,-1,-1,-1,-1
515,6,362.51,17.37,421.44,1044.59,-1,-1,-1,-1
515,19,1507.44,172.72,223.50,660.69,-1,-1,-1,-1
515,27,1269.75,179.06,239.92,726.86,-1,-1,-1,-1
516,0,577.24,178.15,306.09,774.04,-1,-1,-1,-1
516,1,684.36,167.74,249.94,745.90,-1,-1,-1,-1
516,6,391.42,19.06,436.90,1035.80,-1,-1,-1,-1
516,19,1495.65,175.00,217.17,659.08,-1,-1,-1,-1
516,27,1273.48,179.74,241.32,739.99,-1,-1,-1,-1
517,0,580.53,171.14,309.43,782.45,-1,-1,-1,-1
517,1,675.87,169.99,258.01,749.53,-1,-1,-1,-1
517,6,432.43,14.82,396.00,1042.04,-1,-1,-1,-1
517,19,1487.17,176.36,206.14,655.98,-1,-1,-1,-1
517,27,1276.62,180.48,241.86,751.93,-1,-1,-1,-1
518,0,583.82,164.14,312.76,790.86,-1,-1,-1,-1
518,1,672.18,187.35,224.00,654.59,-1,-1,-1,-1
518,6,459.84,15.22,444.64,1032.60,-1,-1,-1,-1
518,19,1476.02,180.28,198.76,635.43,-1,-1,-1,-1
518,27,1279.22,170.62,246.37,778.84,-1,-1,-1,-1
519,1,640.98,232.52,289.50,660.69,-1,-1,-1,-1
519,6,479.55,16.74,470.60,1012.66,-1,-1,-1,-1
519,19,1467.08,185.45,194.92,628.05,-1,-1,-1,-1
519,27,1278.64,176.74,250.26,775.78,-1,-1,-1,-1
520,1,633.60,246.28,281.01,641.25,-1,-1,-1,-1
520,6,489.27,20.57,468.11,1002.29,-1,-1,-1,-1
520,19,1460.16,183.32,185.83,633.44,-1,-1,-1,-1
520,27,1277.39,170.30,257.32,795.90,-1,-1,-1,-1
521,1,626.22,260.04,272.52,621.82,-1,-1,-1,-1
521,6,489.13,13.85,468.60,1015.76,-1,-1,-1,-1
521,19,1451.55,187.11,181.55,627.12,-1,-1,-1,-1
521,27,1277.65,174.37,282.09,792.54,-1,-1,-1,-1
522,1,618.84,273.80,264.02,602.39,-1,-1,-1,-1
522,6,475.76,9.33,487.51,1034.56,-1,-1,-1,-1
522,19,1460.90,212.39,155.44,551.72,-1,-1,-1,-1
522,27,1278.17,175.28,319.13,788.05,-1,-1,-1,-1
523,1,611.46,287.57,255.53,582.95,-1,-1,-1,-1
523,6,457.69,44.82,519.98,999.55,-1,-1,-1,-1
523,19,1456.12,226.32,145.73,517.29,-1,-1,-1,-1
523,27,1286.61,169.44,324.02,796.49,-1,-1,-1,-1
524,6,473.75,64.80,505.56,984.69,-1,-1,-1,-1
524,19,1451.35,240.25,136.02,482.87,-1,-1,-1,-1
524,27,1298.53,165.46,303.49,803.62,-1,-1,-1,-1
525,1,433.62,189.62,297.29,782.17,-1,-1,-1,-1
525,6,465.68,74.91,531.66,978.97,-1,-1,-1,-1
525,19,1446.58,254.17,126.32,448.45,-1,-1,-1,-1
525,27,1307.98,160.17,295.55,817.74,-1,-1,-1,-1
526,1,401.75,161.62,317.02,837.51,-1,-1,-1,-1
526,6,489.59,79.11,508.71,973.98,-1,-1,-1,-1
526,19,1441.80,268.10,116.61,414.02,-1,-1,-1,-1
526,27,1315.25,155.43,297.62,834.31,-1,-1,-1,-1
527,0,382.97,169.92,260.45,596.29,-1,-1,-1,-1
527,1,368.32,166.09,355.19,847.09,-1,-1,-1,-1
527,6,543.50,68.46,462.92,986.81,-1,-1,-1,-1
527,27,1316.14,154.11,311.53,854.60,-1,-1,-1,-1
528,0,334.08,138.08,368.52,820.72,-1,-1,-1,-1
528,1,350.78,106.07,460.31,945.54,-1,-1,-1,-1
528,6,591.79,56.32,431.25,1005.24,-1,-1,-1,-1
528,27,1315.30,156.13,330.71,853.79,-1,-1,-1,-1
529,0,291.68,119.61,401.57,885.12,-1,-1,-1,-1
529,1,319.15,80.30,487.37,1001.00,-1,-1,-1,-1
529,6,629.59,62.73,402.01,1010.02,-1,-1,-1,-1
529,27,1312.45,146.71,342.40,893.85,-1,-1,-1,-1
530,0,254.59,120.50,410.96,902.86,-1,-1,-1,-1
530,1,287.52,54.53,514.43,1056.46,-1,-1,-1,-1
530,6,657.90,68.24,384.44,989.36,-1,-1,-1,-1
530,19,1196.10,275.16,224.87,519.16,-1,-1,-1,-1
530,27,1310.16,143.98,349.79,912.88,-1,-1,-1,-1
531,0,236.39,121.92,408.37,925.15,-1,-1,-1,-1
531,1,255.88,28.76,541.50,1111.91,-1,-1,-1,-1
531,6,687.46,70.05,365.80,988.06,-1,-1,-1,-1
531,19,1171.76,249.47,246.45,549.76,-1,-1,-1,-1
531,27,1318.22,144.55,342.22,918.82,-1,-1,-1,-1
532,0,208.35,130.73,425.86,906.10,-1,-1,-1,-1
532,1,224.23,2.99,568.57,1167.37,-1,-1,-1,-1
532,6,703.13,64.97,367.87,992.21,-1,-1,-1,-1
532,19,1159.35,235.46,254.89,562.32,-1,-1,-1,-1
532,27,1339.98,130.88,313.20,946.06,-1,-1,-1,-1
533,0,194.59,128.96,424.95,912.53,-1,-1,-1,-1
533,1,551.64,230.77,214.40,638.87,-1,-1,-1,-1
533,6,708.25,64.64,372.01,961.83,-1,-1,-1,-1
533,19,1162.05,221.58,242.08,577.32,-1,-1,-1,-1
533,27,1361.68,127.08,290.20,943.32,-1,-1,-1,-1
534,0,182.35,131.97,413.34,914.37,-1,-1,-1,-1
534,1,562.39,266.09,189.49,564.66,-1,-1,-1,-1
534,6,731.81,80.78,385.49,931.87,-1,-1,-1,-1
534,19,1163.00,240.73,222.13,544.22,-1,-1,-1,-1
534,27,1385.59,125.38,273.66,927.17,-1,-1,-1,-1
535,0,157.44,131.61,404.88,921.68,-1,-1,-1,-1
535,1,573.15,301.41,164.58,490.44,-1,-1,-1,-1
535,6,738.55,79.09,429.67,944.82,-1,-1,-1,-1
535,19,1164.84,230.16,189.22,549.44,-1,-1,-1,-1
535,27,1412.13,119.49,266.00,937.19,-1,-1,-1,-1
536,0,150.39,131.92,381.29,925.72,-1,-1,-1,-1
536,1,583.90,336.74,139.67,416.22,-1,-1,-1,-1
536,6,769.36,85.92,426.89,946.24,-1,-1,-1,-1
536,19,1153.14,225.40,173.26,557.17,-1,-1,-1,-1
536,27,1426.07,123.37,273.64,944.54,-1,-1,-1,-1
537,0,129.39,137.91,380.68,920.30,-1,-1,-1,-1
537,1,594.65,372.06,114.76,342.01,-1,-1,-1,-1
537,6,801.24,121.91,405.91,920.14,-1,-1,-1,-1
537,19,1136.18,210.37,169.54,576.67,-1,-1,-1,-1
537,27,1434.81,107.73,298.62,969.83,-1,-1,-1,-1
538,0,109.88,132.08,395.32,934.75,-1,-1,-1,-1
538,6,828.49,139.34,389.74,911.94,-1,-1,-1,-1
538,19,1115.18,210.06,175.98,570.73,-1,-1,-1,-1
538,27,1443.30,115.92,318.42,964.03,-1,-1,-1,-1
538,30,669.90,226.29,191.12,612.44,-1,-1,-1,-1
539,0,87.64,131.27,408.74,937.11,-1,-1,-1,-1
539,6,837.49,132.09,385.13,926.53,-1,-1,-1,-1
539,19,1098.25,203.02,185.86,581.96,-1,-1,-1,-1
539,27,1447.99,116.15,328.36,965.45,-1,-1,-1,-1
539,30,663.31,223.77,203.94,618.44,-1,-1,-1,-1
540,0,44.98,125.19,458.22,941.29,-1,-1,-1,-1
540,6,858.03,130.87,356.58,927.61,-1,-1,-1,-1
540,19,1078.22,203.19,202.26,587.55,-1,-1,-1,-1
540,27,1452.13,104.78,338.03,977.65,-1,-1,-1,-1
540,30,654.34,221.44,221.92,624.31,-1,-1,-1,-1
541,0,29.26,117.56,473.08,945.97,-1,-1,-1,-1
541,6,868.42,125.19,357.22,934.44,-1,-1,-1,-1
541,19,1088.39,222.19,176.98,558.43,-1,-1,-1,-1
541,27,1447.50,105.63,359.64,973.92,-1,-1,-1,-1
541,30,642.96,232.26,233.39,609.17,-1,-1,-1,-1
542,0,16.03,117.71,476.96,947.35,-1,-1,-1,-1
542,6,882.22,121.87,366.82,913.34,-1,-1,-1,-1
542,19,1075.24,226.30,174.27,549.89,-1,-1,-1,-1
542,27,1457.43,117.77,362.46,958.23,-1,-1,-1,-1
542,30,643.52,239.19,226.13,607.72,-1,-1,-1,-1
543,0,23.04,117.26,448.37,949.02,-1,-1,-1,-1
543,6,919.80,123.12,330.24,894.29,-1,-1,-1,-1
543,19,1062.10,230.40,171.55,541.35,-1,-1,-1,-1
543,27,1488.07,127.61,347.67,948.91,-1,-1,-1,-1
543,30,649.41,240.50,214.08,610.46,-1,-1,-1,-1
544,0,34.72,102.55,443.09,967.79,-1,-1,-1,-1
544,6,967.92,111.13,301.04,895.40,-1,-1,-1,-1
544,19,1048.96,234.50,168.84,532.81,-1,-1,-1,-1
544,27,1521.08,133.77,340.22,932.39,-1,-1,-1,-1
544,30,651.51,235.65,209.21,618.10,-1,-1,-1,-1
545,0,45.81,96.37,413.06,980.92,-1,-1,-1,-1
545,6,985.12,108.99,310.43,881.59,-1,-1,-1,-1
545,19,1035.82,238.60,166.12,524.27,-1,-1,-1,-1
545,27,1544.20,127.99,335.31,938.80,-1,-1,-1,-1
545,30,649.77,239.02,211.44,614.05,-1,-1,-1,-1
546,0,52.18,99.29,434.57,966.94,-1,-1,-1,-1
546,6,993.32,102.40,326.66,894.41,-1,-1,-1,-1
546,27,1556.34,113.60,337.78,962.19,-1,-1,-1,-1
546,30,644.05,236.91,218.78,616.67,-1,-1,-1,-1
547,0,54.41,92.56,420.86,976.12,-1,-1,-1,-1
547,6,1003.47,113.16,322.82,879.19,-1,-1,-1,-1
547,27,1568.47,113.66,334.34,964.14,-1,-1,-1,-1
547,30,636.48,235.79,232.54,622.66,-1,-1,-1,-1
548,0,48.97,81.59,487.09,990.26,-1,-1,-1,-1
548,6,994.72,127.68,351.97,858.10,-1,-1,-1,-1
548,27,1572.96,122.56,334.89,942.12,-1,-1,-1,-1
548,30,630.77,235.40,242.80,629.95,-1,-1,-1,-1
549,0,79.02,75.35,439.18,990.58,-1,-1,-1,-1
549,6,1004.61,138.47,351.09,848.22,-1,-1,-1,-1
549,27,1575.50,130.47,337.29,922.10,-1,-1,-1,-1
549,30,622.01,230.32,258.11,648.89,-1,-1,-1,-1
550,0,99.65,79.47,426.14,977.17,-1,-1,-1,-1
550,6,1019.63,155.69,338.80,827.19,-1,-1,-1,-1
550,19,929.80,235.94,203.11,528.48,-1,-1,-1,-1
550,27,1577.66,129.46,334.33,929.60,-1,-1,-1,-1
550,30,621.58,223.46,262.78,668.26,-1,-1,-1,-1
551,0,130.93,58.18,394.09,1006.16,-1,-1,-1,-1
551,6,1047.85,150.12,315.84,832.95,-1,-1,-1,-1
551,19,916.32,233.56,202.30,530.33,-1,-1,-1,-1
551,27,1574.43,121.51,336.69,943.62,-1,-1,-1,-1
551,30,616.60,225.30,271.98,675.88,-1,-1,-1,-1
552,0,159.81,61.11,386.26,998.97,-1,-1,-1,-1
552,6,1069.74,144.41,301.48,825.86,-1,-1,-1,-1
552,19,908.29,228.81,182.44,537.65,-1,-1,-1,-1
552,27,1569.39,122.88,344.55,937.03,-1,-1,-1,-1
552,30,618.96,225.56,275.12,676.47,-1,-1,-1,-1
553,0,181.71,70.54,416.42,990.48,-1,-1,-1,-1
553,6,1088.55,140.74,291.94,817.31,-1,-1,-1,-1
553,19,893.52,227.60,171.83,536.42,-1,-1,-1,-1
553,27,1570.55,132.99,338.24,902.16,-1,-1,-1,-1
553,30,627.14,224.23,270.82,680.54,-1,-1,-1,-1
554,0,204.99,73.13,453.33,994.14,-1,-1,-1,-1
554,6,1102.71,142.28,282.74,785.04,-1,-1,-1,-1
554,19,873.21,224.59,170.82,536.88,-1,-1,-1,-1
554,27,1577.08,141.56,319.52,872.91,-1,-1,-1,-1
554,30,622.90,217.75,285.35,697.29,-1,-1,-1,-1
555,0,235.45,63.35,503.46,1003.15,-1,-1,-1,-1
555,6,1123.10,148.14,261.54,741.42,-1,-1,-1,-1
555,19,857.06,226.24,171.15,532.47,-1,-1,-1,-1
555,27,1589.95,144.73,293.66,853.43,-1,-1,-1,-1
555,30,667.16,212.72,240.72,712.51,-1,-1,-1,-1
556,0,255.90,60.11,505.60,1007.26,-1,-1,-1,-1
556,6,1134.12,145.50,248.31,727.73,-1,-1,-1,-1
556,19,840.29,226.04,170.72,531.15,-1,-1,-1,-1
556,27,1592.97,149.85,280.64,833.68,-1,-1,-1,-1
556,30,645.82,219.75,307.50,697.75,-1,-1,-1,-1
557,0,341.99,67.49,462.66,996.05,-1,-1,-1,-1
557,6,1142.72,146.79,242.84,711.90,-1,-1,-1,-1
557,19,823.52,225.84,170.29,529.82,-1,-1,-1,-1
557,27,1591.43,150.38,271.53,827.52,-1,-1,-1,-1
557,30,666.58,227.79,311.42,689.03,-1,-1,-1,-1
558,0,399.05,95.82,477.41,957.48,-1,-1,-1,-1
558,6,1149.78,144.76,241.27,709.61,-1,-1,-1,-1
558,19,806.75,225.64,169.85,528.49,-1,-1,-1,-1
558,27,1578.85,150.11,272.93,827.61,-1,-1,-1,-1
558,30,704.51,237.56,282.49,693.32,-1,-1,-1,-1
559,0,464.96,97.48,442.29,961.49,-1,-1,-1,-1
559,6,1155.66,149.86,235.90,706.64,-1,-1,-1,-1
559,19,789.98,225.44,169.42,527.16,-1,-1,-1,-1
559,27,1574.58,152.16,260.91,814.21,-1,-1,-1,-1
559,30,714.57,240.88,282.53,693.41,-1,-1,-1,-1
560,0,520.99,83.42,432.36,984.97,-1,-1,-1,-1
560,6,1163.23,162.76,232.06,689.60,-1,-1,-1,-1
560,27,1569.53,151.14,251.29,819.20,-1,-1,-1,-1
560,30,724.63,244.21,282.57,693.49,-1,-1,-1,-1
561,0,578.96,67.03,388.29,997.72,-1,-1,-1,-1
561,6,1170.92,165.91,234.17,686.49,-1,-1,-1,-1
561,27,1562.82,158.65,247.05,802.19,-1,-1,-1,-1
561,30,734.68,247.53,282.61,693.58,-1,-1,-1,-1
562,0,624.40,48.24,371.89,1017.10,-1,-1,-1,-1
562,6,1181.71,164.41,228.23,690.27,-1,-1,-1,-1
562,27,1554.88,160.16,244.44,790.29,-1,-1,-1,-1
562,30,744.74,250.86,282.66,693.67,-1,-1,-1,-1
563,0,667.13,64.69,370.88,1006.46,-1,-1,-1,-1
563,6,1192.78,170.09,222.12,674.49,-1,-1,-1,-1
563,27,1542.64,163.96,246.98,772.96,-1,-1,-1,-1
564,0,698.04,61.86,389.82,1003.00,-1,-1,-1,-1
564,6,1201.30,176.69,217.56,648.62,-1,-1,-1,-1
564,27,1530.38,166.49,249.76,758.88,-1,-1,-1,-1
565,0,712.13,49.38,405.83,1017.42,-1,-1,-1,-1
565,6,1204.75,181.03,216.74,630.20,-1,-1,-1,-1
565,27,1519.95,164.63,258.08,755.82,-1,-1,-1,-1
566,0,728.06,66.23,418.07,994.21,-1,-1,-1,-1
566,6,1216.04,181.49,208.93,620.29,-1,-1,-1,-1
566,27,1510.23,162.39,261.80,756.66,-1,-1,-1,-1
566,30,661.65,254.62,221.10,579.96,-1,-1,-1,-1
567,0,749.35,89.12,429.11,977.78,-1,-1,-1,-1
567,6,1221.89,183.81,209.99,611.43,-1,-1,-1,-1
567,27,1498.32,167.01,266.15,751.38,-1,-1,-1,-1
567,30,619.29,249.70,241.10,569.34,-1,-1,-1,-1
568,0,827.45,169.38,405.12,883.62,-1,-1,-1,-1
568,6,1217.38,181.32,212.40,607.75,-1,-1,-1,-1
568,27,1491.04,160.55,264.57,757.63,-1,-1,-1,-1
568,30,610.26,241.50,240.21,576.37,-1,-1,-1,-1
569,0,892.07,165.93,396.99,873.29,-1,-1,-1,-1
569,6,1187.28,170.67,247.35,616.56,-1,-1,-1,-1
569,19,760.21,227.50,231.05,701.26,-1,-1,-1,-1
569,27,1482.14,166.29,259.42,740.81,-1,-1,-1,-1
569,30,603.42,231.29,237.52,587.68,-1,-1,-1,-1
570,0,956.47,104.29,408.10,928.43,-1,-1,-1,-1
570,6,1173.99,136.42,255.26,655.93,-1,-1,-1,-1
570,19,753.64,225.02,277.02,735.30,-1,-1,-1,-1
570,27,1474.57,173.12,252.26,729.99,-1,-1,-1,-1
570,30,599.52,224.10,234.22,595.61,-1,-1,-1,-1
571,0,1007.03,64.46,432.25,976.78,-1,-1,-1,-1
571,6,1190.59,189.23,234.84,589.39,-1,-1,-1,-1
571,19,760.93,222.50,288.44,755.90,-1,-1,-1,-1
571,27,1471.04,176.84,241.04,719.72,-1,-1,-1,-1
571,30,593.16,213.46,229.37,606.49,-1,-1,-1,-1
572,0,1059.36,74.04,447.57,970.18,-1,-1,-1,-1
572,6,1195.76,196.58,227.60,571.25,-1,-1,-1,-1
572,19,772.61,224.01,289.54,764.00,-1,-1,-1,-1
572,27,1456.24,171.69,243.63,715.52,-1,-1,-1,-1
572,30,593.40,213.26,205.89,606.31,-1,-1,-1,-1
573,0,1106.97,65.46,453.01,981.87,-1,-1,-1,-1
573,6,1200.93,203.93,220.36,553.12,-1,-1,-1,-1
573,19,788.48,221.88,282.91,770.59,-1,-1,-1,-1
573,27,1348.77,174.16,348.35,707.13,-1,-1,-1,-1
573,30,579.61,205.18,200.41,617.27,-1,-1,-1,-1
574,0,1136.32,45.02,488.93,1003.08,-1,-1,-1,-1
574,6,1206.10,211.28,213.13,534.99,-1,-1,-1,-1
574,19,807.80,218.22,267.04,777.55,-1,-1,-1,-1
574,27,1302.33,168.60,370.99,702.67,-1,-1,-1,-1
574,30,564.10,204.40,197.17,622.57,-1,-1,-1,-1
575,0,1170.28,55.68,473.43,993.41,-1,-1,-1,-1
575,6,1211.27,218.63,205.90,516.85,-1,-1,-1,-1
575,19,824.99,211.05,254.85,785.72,-1,-1,-1,-1
575,27,1367.71,169.77,285.94,711.62,-1,-1,-1,-1
575,30,540.48,212.71,199.10,609.54,-1,-1,-1,-1
576,0,1212.28,61.21,463.28,985.53,-1,-1,-1,-1
576,19,836.65,194.02,246.33,807.40,-1,-1,-1,-1
576,27,1343.24,187.44,343.61,686.17,-1,-1,-1,-1
576,30,504.96,215.13,221.76,604.26,-1,-1,-1,-1
577,0,1254.55,52.23,468.69,991.58,-1,-1,-1,-1
577,6,1156.85,194.09,175.30,579.20,-1,-1,-1,-1
577,19,845.40,181.62,245.47,818.74,-1,-1,-1,-1
577,27,1360.31,155.70,374.27,744.53,-1,-1,-1,-1
577,30,462.77,219.32,256.75,607.33,-1,-1,-1,-1
578,0,1284.25,50.76,493.40,1005.80,-1,-1,-1,-1
578,6,1138.88,188.06,193.24,588.79,-1,-1,-1,-1
578,19,855.43,177.10,241.25,821.28,-1,-1,-1,-1
578,27,1351.92,145.27,383.64,763.13,-1,-1,-1,-1
578,30,443.14,224.15,263.68,611.70,-1,-1,-1,-1
579,0,1318.88,44.14,490.20,1026.82,-1,-1,-1,-1
579,6,1109.38,187.04,224.73,584.32,-1,-1,-1,-1
579,19,863.56,179.98,242.05,817.65,-1,-1,-1,-1
579,27,1343.54,134.84,393.02,781.73,-1,-1,-1,-1
579,30,432.51,225.10,265.37,622.90,-1,-1,-1,-1
580,0,1339.43,39.62,509.23,1033.43,-1,-1,-1,-1
580,6,1085.48,189.45,239.81,576.19,-1,-1,-1,-1
580,19,870.56,175.86,238.92,838.73,-1,-1,-1,-1
580,27,1335.16,124.41,402.39,800.33,-1,-1,-1,-1
580,30,416.95,232.21,270.98,617.78,-1,-1,-1,-1
581,0,1378.09,33.78,514.43,1043.85,-1,-1,-1,-1
581,6,1078.21,193.45,229.83,566.46,-1,-1,-1,-1
581,19,876.23,179.66,240.03,826.43,-1,-1,-1,-1
581,27,1326.78,113.98,411.77,818.93,-1,-1,-1,-1
581,30,394.70,221.66,273.34,631.63,-1,-1,-1,-1
582,0,1404.10,52.02,497.25,1024.75,-1,-1,-1,-1
582,6,1076.25,200.29,216.16,552.96,-1,-1,-1,-1
582,19,880.50,178.83,242.57,831.37,-1,-1,-1,-1
582,30,375.99,212.18,265.86,647.62,-1,-1,-1,-1
583,0,1425.63,71.46,494.46,1002.66,-1,-1,-1,-1
583,6,1077.02,199.44,201.86,553.57,-1,-1,-1,-1
583,19,889.37,171.78,233.43,856.02,-1,-1,-1,-1
583,27,1353.90,172.21,203.98,666.28,-1,-1,-1,-1
583,30,345.60,211.43,273.04,648.18,-1,-1,-1,-1
584,0,1475.91,73.96,449.49,1001.78,-1,-1,-1,-1
584,6,1077.07,191.42,182.47,567.04,-1,-1,-1,-1
584,19,891.12,169.06,239.80,858.45,-1,-1,-1,-1
584,27,1349.78,181.13,210.19,656.40,-1,-1,-1,-1
584,30,333.28,210.46,267.66,649.65,-1,-1,-1,-1
585,0,1511.51,66.56,420.84,1010.19,-1,-1,-1,-1
585,6,1078.74,190.96,167.57,571.20,-1,-1,-1,-1
585,19,893.00,166.49,239.20,876.42,-1,-1,-1,-1
585,27,1338.86,183.08,221.09,656.51,-1,-1,-1,-1
585,30,323.85,209.60,264.24,653.59,-1,-1,-1,-1
586,0,1541.88,58.24,399.16,1022.13,-1,-1,-1,-1
586,6,1069.29,193.39,171.61,568.49,-1,-1,-1,-1
586,19,892.79,174.59,250.96,859.98,-1,-1,-1,-1
586,27,1332.82,186.89,209.29,647.73,-1,-1,-1,-1
586,30,321.68,210.98,255.50,666.35,-1,-1,-1,-1
587,0,1565.29,47.97,378.34,1034.95,-1,-1,-1,-1
587,6,1052.05,196.37,182.74,561.92,-1,-1,-1,-1
587,19,896.41,170.93,249.21,869.79,-1,-1,-1,-1
587,27,1322.03,187.61,192.41,643.38,-1,-1,-1,-1
587,30,320.43,214.97,248.01,675.76,-1,-1,-1,-1
588,0,1581.75,50.10,361.46,1024.30,-1,-1,-1,-1
588,6,1050.26,216.46,172.94,534.23,-1,-1,-1,-1
588,19,894.64,174.64,256.77,858.35,-1,-1,-1,-1
588,27,1304.95,188.83,184.70,641.28,-1,-1,-1,-1
588,30,326.16,220.47,231.98,683.10,-1,-1,-1,-1
589,0,1600.57,48.52,338.65,1029.05,-1,-1,-1,-1
589,6,1043.84,223.62,168.71,521.25,-1,-1,-1,-1
589,19,895.73,168.87,273.14,871.09,-1,-1,-1,-1
589,27,1290.56,190.03,182.47,637.79,-1,-1,-1,-1
589,30,336.34,226.15,212.19,695.78,-1,-1,-1,-1
590,0,1625.59,77.57,312.56,978.36,-1,-1,-1,-1
590,6,1037.43,230.78,164.49,508.27,-1,-1,-1,-1
590,19,903.24,166.35,266.42,868.54,-1,-1,-1,-1
590,27,1268.19,191.05,193.42,631.66,-1,-1,-1,-1
590,30,338.05,230.26,211.95,690.44,-1,-1,-1,-1
591,0,1641.41,112.84,288.23,924.82,-1,-1,-1,-1
591,6,1031.02,237.94,160.27,495.30,-1,-1,-1,-1
591,19,908.34,154.95,268.59,882.40,-1,-1,-1,-1
591,27,1236.45,188.95,221.93,638.10,-1,-1,-1,-1
591,30,338.63,229.99,209.80,696.47,-1,-1,-1,-1
592,0,1640.58,116.37,285.89,924.89,-1,-1,-1,-1
592,6,1024.60,245.10,156.05,482.32,-1,-1,-1,-1
592,19,906.30,155.63,295.44,896.43,-1,-1,-1,-1
592,27,1218.24,186.90,235.34,641.46,-1,-1,-1,-1
592,30,335.08,233.21,214.12,686.14,-1,-1,-1,-1
593,0,1619.05,110.17,313.77,953.05,-1,-1,-1,-1
593,19,894.15,155.02,338.30,910.29,-1,-1,-1,-1
593,27,1203.22,191.08,247.64,638.46,-1,-1,-1,-1
593,30,332.78,222.57,211.67,699.68,-1,-1,-1,-1
594,0,1597.68,103.66,336.24,963.46,-1,-1,-1,-1
594,6,862.49,193.93,196.67,610.99,-1,-1,-1,-1
594,19,898.93,172.62,347.25,893.80,-1,-1,-1,-1
594,27,1198.15,200.76,247.28,632.11,-1,-1,-1,-1
594,30,324.70,223.44,227.18,696.04,-1,-1,-1,-1
595,0,1576.83,97.24,355.06,971.13,-1,-1,-1,-1
595,6,822.90,196.36,216.69,588.89,-1,-1,-1,-1
595,19,927.38,172.27,322.06,902.21,-1,-1,-1,-1
595,27,1194.76,199.76,235.50,640.96,-1,-1,-1,-1
595,30,322.67,215.01,232.88,716.46,-1,-1,-1,-1
596,0,1606.52,97.30,318.59,979.28,-1,-1,-1,-1
596,6,789.44,197.49,252.80,583.71,-1,-1,-1,-1
596,19,941.34,175.64,317.17,898.53,-1,-1,-1,-1
596,27,1183.62,194.40,226.62,648.36,-1,-1,-1,-1
596,30,323.15,208.34,233.72,734.71,-1,-1,-1,-1
597,0,1581.10,89.98,346.94,980.89,-1,-1,-1,-1
597,6,763.42,204.55,286.82,579.17,-1,-1,-1,-1
597,19,973.36,175.04,273.06,875.31,-1,-1,-1,-1
597,27,1166.35,202.77,224.06,622.80,-1,-1,-1,-1
597,30,316.88,207.73,245.30,749.87,-1,-1,-1,-1
598,0,1585.65,93.43,337.63,976.68,-1,-1,-1,-1
598,6,748.38,206.76,315.79,582.72,-1,-1,-1,-1
598,19,998.29,185.43,272.72,851.53,-1,-1,-1,-1
598,27,1155.92,204.17,216.01,594.11,-1,-1,-1,-1
598,30,311.16,201.70,260.11,785.21,-1,-1,-1,-1
599,0,1586.99,96.77,335.99,964.72,-1,-1,-1,-1
599,6,738.74,206.66,325.36,587.67,-1,-1,-1,-1
599,19,1039.84,175.59,273.18,880.05,-1,-1,-1,-1
599,27,1145.67,210.69,209.88,577.25,-1,-1,-1,-1
599,30,307.20,206.75,263.45,785.65,-1,-1,-1,-1
600,0,1592.01,107.29,329.63,932.21,-1,-1,-1,-1
600,6,738.76,204.48,310.50,590.12,-1,-1,-1,-1
600,19,1063.44,183.97,269.58,873.21,-1,-1,-1,-1
600,27,1135.42,217.20,203.75,560.39,-1,-1,-1,-1
600,30,298.84,206.63,273.07,788.37,-1,-1,-1,-1
601,0,1599.61,116.66,320.45,897.29,-1,-1,-1,-1
601,6,738.08,200.28,287.00,601.24,-1,-1,-1,-1
601,19,1078.09,188.31,268.94,865.05,-1,-1,-1,-1
601,27,1125.17,223.71,197.62,543.53,-1,-1,-1,-1
601,30,286.92,201.79,282.34,809.60,-1,-1,-1,-1
602,0,1602.46,123.96,315.54,862.60,-1,-1,-1,-1
602,6,739.94,210.32,243.18,588.02,-1,-1,-1,-1
602,19,1084.38,183.24,305.47,884.10,-1,-1,-1,-1
602,27,1114.91,230.23,191.49,526.67,-1,-1,-1,-1
602,30,288.31,204.93,281.65,811.99,-1,-1,-1,-1
603,0,1610.38,122.33,305.55,849.56,-1,-1,-1,-1
603,6,734.19,199.29,209.13,611.01,-1,-1,-1,-1
603,19,1090.56,174.39,340.64,903.31,-1,-1,-1,-1
603,30,292.37,201.30,281.49,809.94,-1,-1,-1,-1
604,0,1612.10,121.22,297.10,840.59,-1,-1,-1,-1
604,6,705.88,200.26,200.40,608.31,-1,-1,-1,-1
604,19,1104.28,164.54,341.75,918.68,-1,-1,-1,-1
604,30,292.64,189.96,285.57,827.86,-1,-1,-1,-1
605,0,1599.83,130.12,302.40,818.99,-1,-1,-1,-1
605,6,678.84,197.97,199.37,607.06,-1,-1,-1,-1
605,19,1113.32,165.61,342.03,915.33,-1,-1,-1,-1
605,30,273.25,181.14,390.48,838.80,-1,-1,-1,-1
606,0,1588.57,137.85,300.51,806.03,-1,-1,-1,-1
606,6,648.68,193.67,216.21,610.15,-1,-1,-1,-1
606,19,1116.95,173.77,340.01,899.10,-1,-1,-1,-1
606,30,255.28,173.59,444.05,860.01,-1,-1,-1,-1
607,0,1579.52,144.70,288.85,781.48,-1,-1,-1,-1
607,6,613.50,195.94,245.68,602.64,-1,-1,-1,-1
607,19,1127.30,172.78,328.21,896.99,-1,-1,-1,-1
607,27,1096.66,217.24,134.59,545.73,-1,-1,-1,-1
607,30,241.68,173.15,457.78,865.12,-1,-1,-1,-1
608,0,1568.40,148.05,282.51,776.48,-1,-1,-1,-1
608,6,590.60,190.46,265.22,611.57,-1,-1,-1,-1
608,19,1134.85,167.72,335.99,904.67,-1,-1,-1,-1
608,27,1086.36,213.71,151.84,558.55,-1,-1,-1,-1
608,30,240.52,172.38,436.36,867.56,-1,-1,-1,-1
609,0,1560.10,139.15,256.30,782.32,-1,-1,-1,-1
609,6,575.94,204.81,273.42,597.00,-1,-1,-1,-1
609,19,1143.97,170.92,345.90,898.79,-1,-1,-1,-1
609,27,1079.08,216.44,156.78,569.99,-1,-1,-1,-1
609,30,259.36,170.68,387.49,873.80,-1,-1,-1,-1
610,0,1550.22,121.27,239.09,797.83,-1,-1,-1,-1
610,6,561.26,209.47,288.66,592.51,-1,-1,-1,-1
610,19,1167.01,159.76,344.27,909.22,-1,-1,-1,-1
610,27,1072.80,218.73,158.24,561.21,-1,-1,-1,-1
610,30,273.12,167.53,378.73,876.37,-1,-1,-1,-1
611,0,1534.52,125.81,231.76,784.43,-1,-1,-1,-1
611,6,560.59,208.11,285.28,600.06,-1,-1,-1,-1
611,19,1200.67,145.49,322.41,926.48,-1,-1,-1,-1
611,27,1065.40,221.40,160.04,554.39,-1,-1,-1,-1
611,30,299.49,161.18,358.87,875.17,-1,-1,-1,-1
612,0,1520.45,143.57,226.49,758.84,-1,-1,-1,-1
612,6,566.15,205.17,260.65,607.51,-1,-1,-1,-1
612,19,1242.22,146.07,309.28,924.67,-1,-1,-1,-1
612,27,1055.15,217.18,162.87,559.07,-1,-1,-1,-1
612,30,323.72,144.13,357.95,915.30,-1,-1,-1,-1
613,0,1501.60,148.14,238.35,752.35,-1,-1,-1,-1
613,6,563.94,201.60,240.89,597.00,-1,-1,-1,-1
613,19,1275.87,144.44,309.39,928.47,-1,-1,-1,-1
613,27,1041.00,214.98,170.16,563.11,-1,-1,-1,-1
613,30,340.45,135.96,373.55,934.20,-1,-1,-1,-1
614,0,1491.77,158.95,230.53,733.45,-1,-1,-1,-1
614,6,551.44,202.50,239.92,594.62,-1,-1,-1,-1
614,19,1297.30,147.64,312.40,921.57,-1,-1,-1,-1
614,27,1022.24,217.50,184.91,557.13,-1,-1,-1,-1
614,30,353.85,140.79,388.26,930.03,-1,-1,-1,-1
615,0,1497.79,170.64,199.79,688.86,-1,-1,-1,-1
615,6,538.94,203.39,238.95,592.24,-1,-1,-1,-1
615,19,1315.22,141.15,326.29,934.08,-1,-1,-1,-1
615,27,1002.43,221.60,201.22,551.15,-1,-1,-1,-1
615,30,375.46,140.70,346.53,934.89,-1,-1,-1,-1
616,0,1489.70,181.22,191.93,661.86,-1,-1,-1,-1
616,6,526.44,204.29,237.98,589.86,-1,-1,-1,-1
616,19,1324.35,148.14,333.72,928.41,-1,-1,-1,-1
616,27,975.76,222.33,226.39,556.86,-1,-1,-1,-1
616,30,394.15,160.94,309.80,893.99,-1,-1,-1,-1
617,0,1481.61,191.80,184.07,634.87,-1,-1,-1,-1
617,6,513.94,205.18,237.01,587.47,-1,-1,-1,-1
617,19,1337.08,146.30,323.24,928.76,-1,-1,-1,-1
617,27,961.04,221.81,238.50,563.10,-1,-1,-1,-1
617,30,400.78,171.63,298.42,869.04,-1,-1,-1,-1
618,0,1473.52,202.39,176.21,607.87,-1,-1,-1,-1
618,19,1359.69,148.12,311.66,915.65,-1,-1,-1,-1
618,27,947.87,225.55,250.93,561.28,-1,-1,-1,-1
618,30,389.57,165.24,324.16,885.84,-1,-1,-1,-1
619,0,1465.43,212.97,168.35,580.88,-1,-1,-1,-1
619,19,1371.80,143.24,314.60,924.13,-1,-1,-1,-1
619,27,938.18,230.86,259.84,555.73,-1,-1,-1,-1
619,30,354.80,157.37,372.40,902.78,-1,-1,-1,-1
620,19,1366.91,137.40,342.40,930.74,-1,-1,-1,-1
620,27,939.30,229.50,242.95,558.87,-1,-1,-1,-1
620,30,368.26,158.94,370.00,905.43,-1,-1,-1,-1
621,6,334.35,189.31,251.28,688.41,-1,-1,-1,-1
621,19,1357.17,145.63,376.72,920.50,-1,-1,-1,-1
621,27,934.91,240.08,219.42,542.71,-1,-1,-1,-1
621,30,383.02,152.42,382.19,918.13,-1,-1,-1,-1
622,0,1297.95,127.03,199.52,755.52,-1,-1,-1,-1
622,6,307.67,190.03,265.79,694.36,-1,-1,-1,-1
622,19,1375.98,153.71,390.72,915.62,-1,-1,-1,-1
622,27,925.82,241.28,207.30,543.77,-1,-1,-1,-1
622,30,424.67,134.71,366.99,939.58,-1,-1,-1,-1
623,0,1277.08,141.59,203.38,742.72,-1,-1,-1,-1
623,6,296.29,184.50,269.40,708.30,-1,-1,-1,-1
623,19,1399.82,141.60,388.69,932.87,-1,-1,-1,-1
623,27,918.13,243.59,193.69,535.29,-1,-1,-1,-1
623,30,463.19,125.48,356.53,951.48,-1,-1,-1,-1
624,0,1256.12,148.95,207.73,728.11,-1,-1,-1,-1
624,6,297.76,182.99,258.82,710.01,-1,-1,-1,-1
624,19,1427.31,141.56,370.11,931.51,-1,-1,-1,-1
624,27,904.98,239.21,188.83,538.54,-1,-1,-1,-1
624,30,490.77,122.61,358.32,941.37,-1,-1,-1,-1
625,0,1237.16,153.84,216.67,729.98,-1,-1,-1,-1
625,6,299.71,183.49,247.55,708.18,-1,-1,-1,-1
625,19,1443.48,141.46,364.57,929.78,-1,-1,-1,-1
625,27,895.88,238.14,183.24,538.27,-1,-1,-1,-1
625,30,512.71,128.09,359.32,932.33,-1,-1,-1,-1
626,0,1218.23,155.51,223.28,723.23,-1,-1,-1,-1
626,6,295.99,186.62,231.91,697.85,-1,-1,-1,-1
626,19,1459.44,143.64,361.39,930.60,-1,-1,-1,-1
626,27,885.88,229.38,173.78,554.45,-1,-1,-1,-1
626,30,532.81,127.35,384.91,934.65,-1,-1,-1,-1
627,0,1190.49,154.08,234.58,718.85,-1,-1,-1,-1
627,6,285.24,186.50,228.38,702.19,-1,-1,-1,-1
627,19,1478.91,146.94,361.16,914.88,-1,-1,-1,-1
627,27,871.63,231.72,173.55,558.75,-1,-1,-1,-1
627,30,561.27,115.77,396.63,953.54,-1,-1,-1,-1
628,0,1168.51,155.89,246.39,715.09,-1,-1,-1,-1
628,6,276.37,184.63,219.70,710.71,-1,-1,-1,-1
628,19,1490.00,143.37,368.56,917.72,-1,-1,-1,-1
628,27,871.34,240.00,163.33,542.06,-1,-1,-1,-1
628,30,582.44,105.22,393.43,966.26,-1,-1,-1,-1
629,0,1154.56,152.78,243.61,718.50,-1,-1,-1,-1
629,6,259.01,178.68,226.11,712.44,-1,-1,-1,-1
629,19,1500.33,138.98,374.48,920.80,-1,-1,-1,-1
629,27,871.48,245.60,150.62,531.11,-1,-1,-1,-1
629,30,612.81,106.14,383.06,959.46,-1,-1,-1,-1
630,0,1139.99,156.19,233.22,723.88,-1,-1,-1,-1
630,6,239.95,172.25,236.79,724.85,-1,-1,-1,-1
630,19,1505.25,136.22,380.39,917.26,-1,-1,-1,-1
630,27,861.67,249.49,148.68,524.29,-1,-1,-1,-1
630,30,646.22,89.19,360.76,986.37,-1,-1,-1,-1
631,0,1127.07,161.53,210.44,713.86,-1,-1,-1,-1
631,6,216.13,166.61,254.87,744.08,-1,-1,-1,-1
631,19,1508.78,133.33,383.67,919.34,-1,-1,-1,-1
631,27,851.86,253.38,146.74,517.48,-1,-1,-1,-1
631,30,676.31,90.83,337.09,980.53,-1,-1,-1,-1
632,0,1095.90,161.66,212.92,719.00,-1,-1,-1,-1
632,6,195.78,169.23,270.34,750.67,-1,-1,-1,-1
632,19,1506.34,135.41,381.20,912.48,-1,-1,-1,-1
632,27,842.06,257.27,144.80,510.67,-1,-1,-1,-1
632,30,711.06,87.83,308.68,988.41,-1,-1,-1,-1
633,0,1061.90,156.40,225.83,726.28,-1,-1,-1,-1
633,6,191.06,164.89,263.06,764.01,-1,-1,-1,-1
633,19,1506.36,139.08,368.58,900.37,-1,-1,-1,-1
633,27,832.25,261.16,142.86,503.85,-1,-1,-1,-1
633,30,731.76,98.76,304.01,965.46,-1,-1,-1,-1
634,0,1030.59,162.94,237.69,727.37,-1,-1,-1,-1
634,6,183.05,168.21,262.90,775.55,-1,-1,-1,-1
634,19,1507.42,144.07,353.85,893.62,-1,-1,-1,-1
634,30,746.61,99.76,317.48,968.48,-1,-1,-1,-1
635,0,1011.94,161.50,245.90,734.55,-1,-1,-1,-1
635,6,166.20,166.56,277.62,797.47,-1,-1,-1,-1
635,19,1507.46,148.38,338.19,886.57,-1,-1,-1,-1
635,30,757.14,117.66,336.82,950.44,-1,-1,-1,-1
636,0,995.93,170.36,243.78,720.41,-1,-1,-1,-1
636,6,149.18,162.79,286.80,816.54,-1,-1,-1,-1
636,19,1503.56,148.63,328.85,882.67,-1,-1,-1,-1
636,30,755.53,153.83,369.19,895.21,-1,-1,-1,-1
637,0,994.22,181.13,205.11,697.72,-1,-1,-1,-1
637,6,128.60,164.33,300.06,821.26,-1,-1,-1,-1
637,19,1486.97,147.83,340.99,869.41,-1,-1,-1,-1
637,27,698.81,242.54,166.98,554.19,-1,-1,-1,-1
637,30,761.96,152.22,394.13,913.33,-1,-1,-1,-1
638,0,974.80,188.08,201.69,686.21,-1,-1,-1,-1
638,6,106.68,169.84,308.95,815.00,-1,-1,-1,-1
638,19,1477.16,155.39,338.21,850.85,-1,-1,-1,-1
638,27,672.00,235.08,193.32,565.37,-1,-1,-1,-1
638,30,772.36,142.02,398.27,920.10,-1,-1,-1,-1
639,0,955.38,195.04,198.28,674.71,-1,-1,-1,-1
639,6,85.41,168.57,317.01,813.88,-1,-1,-1,-1
639,19,1465.44,152.89,337.01,852.55,-1,-1,-1,-1
639,27,656.80,233.15,212.66,565.73,-1,-1,-1,-1
639,30,809.33,126.33,374.84,935.81,-1,-1,-1,-1
640,0,935.95,202.00,194.86,663.20,-1,-1,-1,-1
640,6,66.02,168.10,323.00,814.64,-1,-1,-1,-1
640,19,1447.17,152.17,343.83,843.72,-1,-1,-1,-1
640,27,651.38,231.01,221.06,570.85,-1,-1,-1,-1
640,30,845.10,110.76,373.22,958.01,-1,-1,-1,-1
641,0,916.53,208.95,191.45,651.70,-1,-1,-1,-1
641,6,47.26,159.25,333.96,828.38,-1,-1,-1,-1
641,19,1423.11,153.54,356.64,830.68,-1,-1,-1,-1
641,27,646.77,231.19,218.70,570.06,-1,-1,-1,-1
641,30,875.07,123.65,362.26,941.69,-1,-1,-1,-1
642,0,849.00,194.76,163.36,695.42,-1,-1,-1,-1
642,6,29.32,145.30,349.85,849.19,-1,-1,-1,-1
642,19,1405.33,154.76,356.77,828.03,-1,-1,-1,-1
642,27,642.25,237.53,207.02,559.43,-1,-1,-1,-1
642,30,872.32,115.93,387.61,957.68,-1,-1,-1,-1
643,0,809.38,198.46,192.50,689.57,-1,-1,-1,-1
643,6,19.15,133.44,364.21,867.66,-1,-1,-1,-1
643,19,1407.94,157.20,334.70,830.87,-1,-1,-1,-1
643,27,633.64,243.89,191.56,548.67,-1,-1,-1,-1
643,30,913.90,121.27,358.10,949.61,-1,-1,-1,-1
644,0,779.03,200.10,217.21,692.01,-1,-1,-1,-1
644,6,6.25,122.14,388.91,889.10,-1,-1,-1,-1
644,19,1421.44,160.19,297.72,837.02,-1,-1,-1,-1
644,27,617.16,240.14,189.21,560.29,-1,-1,-1,-1
644,30,943.33,107.40,347.14,966.65,-1,-1,-1,-1
645,0,763.80,209.72,212.81,680.20,-1,-1,-1,-1
645,6,5.60,119.52,409.05,903.58,-1,-1,-1,-1
645,19,1434.69,169.24,266.83,813.33,-1,-1,-1,-1
645,27,594.91,232.44,219.67,575.25,-1,-1,-1,-1
645,30,983.11,92.14,323.24,988.44,-1,-1,-1,-1
646,0,738.81,196.92,222.72,696.70,-1,-1,-1,-1
646,6,21.33,125.90,398.81,909.17,-1,-1,-1,-1
646,19,1441.44,180.26,244.66,775.81,-1,-1,-1,-1
646,27,570.01,228.00,258.63,588.66,-1,-1,-1,-1
646,30,1026.02,99.66,308.91,968.27,-1,-1,-1,-1
647,0,687.67,192.95,247.27,711.49,-1,-1,-1,-1
647,6,52.10,121.74,378.82,923.14,-1,-1,-1,-1
647,19,1442.47,186.11,231.15,736.81,-1,-1,-1,-1
647,27,560.09,230.13,230.56,589.81,-1,-1,-1,-1
647,30,1068.63,101.63,297.35,965.33,-1,-1,-1,-1