31,0,5.78,265.18,155.16,577.17,-1,-1,-1,-1
32,0,5.80,262.68,174.75,571.50,-1,-1,-1,-1
33,0,7.20,257.30,194.19,583.36,-1,-1,-1,-1
34,0,6.06,262.34,228.12,575.18,-1,-1,-1,-1
35,0,8.30,258.39,268.35,578.10,-1,-1,-1,-1
36,0,14.34,262.91,285.23,572.02,-1,-1,-1,-1
37,0,21.32,266.43,292.35,569.16,-1,-1,-1,-1
38,0,39.43,266.80,276.07,572.89,-1,-1,-1,-1
39,0,54.88,265.23,263.58,577.85,-1,-1,-1,-1
40,0,66.14,257.05,253.31,591.92,-1,-1,-1,-1
41,0,72.75,254.30,249.72,595.51,-1,-1,-1,-1
42,0,76.20,253.23,258.14,599.09,-1,-1,-1,-1
43,0,69.41,244.05,299.79,617.69,-1,-1,-1,-1
44,0,60.88,237.52,337.44,642.08,-1,-1,-1,-1
45,0,60.95,236.12,353.35,652.68,-1,-1,-1,-1
46,0,62.39,238.55,357.18,654.42,-1,-1,-1,-1
47,0,69.07,240.11,345.48,664.90,-1,-1,-1,-1
48,0,78.31,242.28,326.63,670.58,-1,-1,-1,-1
49,0,82.45,245.30,316.13,672.30,-1,-1,-1,-1
50,0,91.86,236.81,300.41,686.38,-1,-1,-1,-1
51,0,97.55,236.15,291.86,684.70,-1,-1,-1,-1
52,0,96.05,229.61,298.70,693.19,-1,-1,-1,-1
53,0,95.30,226.28,305.02,709.20,-1,-1,-1,-1
54,0,93.88,225.77,312.90,719.58,-1,-1,-1,-1
55,0,93.10,228.21,321.14,728.86,-1,-1,-1,-1
56,0,95.51,222.56,326.25,756.14,-1,-1,-1,-1
57,0,99.76,217.63,329.46,780.85,-1,-1,-1,-1
58,0,103.00,218.33,332.60,789.03,-1,-1,-1,-1
59,0,104.29,218.14,335.84,793.70,-1,-1,-1,-1
60,0,103.82,212.03,340.83,803.20,-1,-1,-1,-1
61,0,103.44,210.47,345.00,806.37,-1,-1,-1,-1
62,0,95.31,207.03,354.87,820.01,-1,-1,-1,-1
63,0,87.30,204.15,365.25,828.22,-1,-1,-1,-1
64,0,77.07,202.58,376.47,835.22,-1,-1,-1,-1
65,0,74.60,207.30,389.73,840.01,-1,-1,-1,-1
66,0,97.02,202.42,377.03,862.77,-1,-1,-1,-1
67,0,114.06,202.41,372.16,870.43,-1,-1,-1,-1
68,0,141.38,202.36,367.86,865.08,-1,-1,-1,-1
69,0,180.31,193.67,352.68,875.63,-1,-1,-1,-1
70,0,221.33,185.62,329.94,884.27,-1,-1,-1,-1
71,0,255.71,174.26,330.35,894.74,-1,-1,-1,-1
72,0,283.06,164.94,336.58,910.18,-1,-1,-1,-1
73,0,302.34,163.42,372.66,913.59,-1,-1,-1,-1
74,0,326.47,167.13,397.70,910.83,-1,-1,-1,-1
75,0,345.36,168.97,414.48,909.49,-1,-1,-1,-1
76,0,375.73,173.74,403.37,901.06,-1,-1,-1,-1
77,0,418.60,168.09,377.69,906.59,-1,-1,-1,-1
78,0,489.43,166.13,308.36,907.82,-1,-1,-1,-1
79,0,533.01,159.53,280.49,917.07,-1,-1,-1,-1
80,0,567.96,152.28,282.59,916.34,-1,-1,-1,-1
81,0,591.18,150.44,326.56,919.95,-1,-1,-1,-1
82,0,616.43,152.94,396.17,918.89,-1,-1,-1,-1
83,0,641.06,163.66,438.70,908.36,-1,-1,-1,-1
84,0,667.41,161.00,435.39,912.34,-1,-1,-1,-1
85,0,704.73,165.05,402.37,905.87,-1,-1,-1,-1
86,0,718.55,173.80,397.28,888.03,-1,-1,-1,-1
87,0,754.68,180.64,364.61,877.22,-1,-1,-1,-1
88,0,801.84,182.59,325.37,869.50,-1,-1,-1,-1
89,0,835.71,179.39,318.18,874.58,-1,-1,-1,-1
90,0,846.02,181.86,332.45,854.27,-1,-1,-1,-1
91,0,841.82,179.94,364.80,863.54,-1,-1,-1,-1
92,0,838.69,184.79,391.99,855.58,-1,-1,-1,-1
93,0,847.28,187.69,395.12,856.10,-1,-1,-1,-1
94,0,861.92,192.20,386.49,847.58,-1,-1,-1,-1
95,0,886.82,194.55,365.74,834.36,-1,-1,-1,-1
96,0,927.25,196.46,327.73,797.06,-1,-1,-1,-1
97,0,965.45,196.79,295.31,777.64,-1,-1,-1,-1
98,0,989.96,190.61,277.08,777.36,-1,-1,-1,-1
99,0,1010.58,188.38,264.98,768.51,-1,-1,-1,-1
100,0,1023.41,191.18,276.09,751.64,-1,-1,-1,-1
101,0,1035.67,194.22,277.80,735.74,-1,-1,-1,-1
102,0,1048.67,191.05,270.16,741.97,-1,-1,-1,-1
103,0,1065.44,178.85,255.60,757.32,-1,-1,-1,-1
104,0,1077.84,173.55,247.60,759.71,-1,-1,-1,-1
105,0,1085.80,171.19,243.18,762.91,-1,-1,-1,-1
106,0,1095.70,184.53,237.94,735.27,-1,-1,-1,-1
107,0,1107.71,174.47,230.17,744.65,-1,-1,-1,-1
108,0,1130.48,180.32,225.87,724.62,-1,-1,-1,-1
109,0,1153.02,187.27,218.27,705.51,-1,-1,-1,-1
110,0,1173.93,192.78,217.33,693.68,-1,-1,-1,-1
111,0,1193.98,193.04,206.46,691.48,-1,-1,-1,-1
112,0,1199.54,197.76,209.89,678.56,-1,-1,-1,-1
113,0,1210.49,200.81,199.07,676.90,-1,-1,-1,-1
114,0,1212.04,207.68,208.79,659.28,-1,-1,-1,-1
115,0,1215.42,212.32,209.74,651.84,-1,-1,-1,-1
116,0,1214.61,220.06,218.55,636.63,-1,-1,-1,-1
117,0,1214.57,218.63,231.54,632.81,-1,-1,-1,-1
118,0,1216.65,215.45,239.38,634.37,-1,-1,-1,-1
119,0,1212.09,217.70,259.80,628.10,-1,-1,-1,-1
120,0,1209.04,218.93,277.43,623.11,-1,-1,-1,-1
121,0,1210.28,218.50,286.70,621.50,-1,-1,-1,-1
122,0,1214.49,219.71,287.93,616.08,-1,-1,-1,-1
123,0,1221.11,223.23,282.95,608.97,-1,-1,-1,-1
123,1,11.57,240.51,252.86,590.95,-1,-1,-1,-1
124,0,1232.25,219.86,265.87,618.27,-1,-1,-1,-1
124,1,8.90,236.28,268.33,605.08,-1,-1,-1,-1
125,0,1240.68,227.66,252.00,601.85,-1,-1,-1,-1
125,1,9.29,236.49,281.74,602.38,-1,-1,-1,-1
126,0,1242.83,232.40,243.25,583.50,-1,-1,-1,-1
126,1,14.48,236.60,278.98,593.78,-1,-1,-1,-1
127,0,1242.64,232.01,212.80,575.17,-1,-1,-1,-1
127,1,16.69,237.35,291.58,597.13,-1,-1,-1,-1
128,0,1236.64,237.39,190.76,555.31,-1,-1,-1,-1
128,1,22.27,232.26,287.87,610.95,-1,-1,-1,-1
129,0,1221.12,237.10,192.31,544.15,-1,-1,-1,-1
129,1,29.68,228.37,278.64,626.84,-1,-1,-1,-1
130,0,1211.97,234.32,189.12,539.78,-1,-1,-1,-1
130,1,34.87,226.94,270.26,634.51,-1,-1,-1,-1
131,0,1187.24,230.51,212.47,538.05,-1,-1,-1,-1
131,1,40.21,223.84,264.95,647.83,-1,-1,-1,-1
132,0,1149.29,231.98,248.46,535.61,-1,-1,-1,-1
132,1,48.87,218.98,256.59,666.16,-1,-1,-1,-1
133,0,1106.38,234.54,285.42,533.57,-1,-1,-1,-1
133,1,49.82,218.56,264.79,675.57,-1,-1,-1,-1
134,0,1074.14,231.80,297.53,539.41,-1,-1,-1,-1
134,1,51.47,218.07,278.04,681.64,-1,-1,-1,-1
135,0,1050.69,231.96,299.72,538.75,-1,-1,-1,-1
135,1,57.85,215.65,278.16,686.08,-1,-1,-1,-1
136,0,1037.65,232.35,285.03,531.63,-1,-1,-1,-1
136,1,59.44,215.11,285.63,683.47,-1,-1,-1,-1
137,0,1028.03,230.92,257.81,526.10,-1,-1,-1,-1
137,1,53.99,210.12,308.03,691.31,-1,-1,-1,-1
138,0,1021.78,224.59,235.52,534.95,-1,-1,-1,-1
138,1,44.44,206.90,345.10,701.28,-1,-1,-1,-1
139,0,1015.80,223.93,210.87,536.06,-1,-1,-1,-1
139,1,37.97,205.75,379.34,710.33,-1,-1,-1,-1
140,0,1013.90,221.65,189.97,542.69,-1,-1,-1,-1
140,1,40.51,207.38,391.60,714.60,-1,-1,-1,-1
141,0,994.16,223.41,203.59,536.49,-1,-1,-1,-1
141,1,49.40,198.77,369.94,738.73,-1,-1,-1,-1
142,0,972.10,227.83,220.10,531.17,-1,-1,-1,-1
142,1,58.52,192.95,354.41,755.07,-1,-1,-1,-1
143,0,956.56,235.72,231.82,526.71,-1,-1,-1,-1
143,1,64.85,191.00,341.29,759.29,-1,-1,-1,-1
144,0,938.25,238.50,236.66,533.98,-1,-1,-1,-1
144,1,66.87,186.85,333.35,766.57,-1,-1,-1,-1
145,0,932.63,245.98,225.78,529.53,-1,-1,-1,-1
145,1,66.49,179.58,328.04,780.76,-1,-1,-1,-1
146,0,917.01,243.78,219.78,533.18,-1,-1,-1,-1
146,1,63.72,172.24,331.90,798.07,-1,-1,-1,-1
147,0,887.66,238.40,226.61,540.20,-1,-1,-1,-1
147,1,59.41,167.65,340.49,823.52,-1,-1,-1,-1
148,0,855.06,232.06,250.81,551.05,-1,-1,-1,-1
148,1,57.48,163.46,347.40,842.48,-1,-1,-1,-1
149,0,815.12,219.71,285.61,574.87,-1,-1,-1,-1
149,1,60.02,161.98,347.66,857.50,-1,-1,-1,-1
150,0,783.50,221.86,308.97,571.41,-1,-1,-1,-1
150,1,62.00,161.23,349.75,867.78,-1,-1,-1,-1
151,0,758.95,223.74,317.54,571.79,-1,-1,-1,-1
151,1,60.24,165.27,356.02,863.91,-1,-1,-1,-1
152,0,741.63,226.89,317.49,572.37,-1,-1,-1,-1
152,1,52.01,159.61,369.74,879.24,-1,-1,-1,-1
153,0,742.57,234.68,281.26,569.74,-1,-1,-1,-1
153,1,46.39,156.51,376.79,885.74,-1,-1,-1,-1
154,0,741.24,237.46,242.51,573.43,-1,-1,-1,-1
154,1,31.77,143.23,398.24,913.50,-1,-1,-1,-1
155,0,738.31,243.79,205.47,565.04,-1,-1,-1,-1
155,1,23.16,139.64,412.07,921.82,-1,-1,-1,-1
156,0,734.27,251.51,186.23,557.50,-1,-1,-1,-1
156,1,17.10,136.56,418.81,928.56,-1,-1,-1,-1
157,0,722.61,246.15,182.24,569.22,-1,-1,-1,-1
157,1,13.81,129.07,418.37,945.21,-1,-1,-1,-1
158,0,706.01,241.45,187.03,580.34,-1,-1,-1,-1
158,1,11.92,124.04,409.67,954.90,-1,-1,-1,-1
159,0,682.24,237.04,200.45,585.62,-1,-1,-1,-1
159,1,17.75,127.11,401.51,948.43,-1,-1,-1,-1
160,0,671.90,234.07,195.11,592.10,-1,-1,-1,-1
160,1,15.51,122.29,405.84,955.26,-1,-1,-1,-1
161,0,668.56,242.98,190.14,583.38,-1,-1,-1,-1
161,1,16.85,107.61,409.69,972.91,-1,-1,-1,-1
162,0,673.04,242.51,178.87,591.81,-1,-1,-1,-1
162,1,32.66,97.58,402.92,986.02,-1,-1,-1,-1
163,0,674.78,248.22,176.94,585.74,-1,-1,-1,-1
163,1,32.82,94.73,420.68,979.99,-1,-1,-1,-1
164,0,676.85,246.45,173.83,592.34,-1,-1,-1,-1
164,1,42.05,96.05,424.65,971.64,-1,-1,-1,-1
165,0,672.05,247.42,183.39,593.78,-1,-1,-1,-1
165,1,61.69,95.83,423.20,971.11,-1,-1,-1,-1
166,0,666.74,244.99,200.79,596.39,-1,-1,-1,-1
166,1,79.52,91.42,432.64,971.09,-1,-1,-1,-1
167,0,661.13,244.43,229.54,603.00,-1,-1,-1,-1
167,1,107.87,84.15,439.72,979.94,-1,-1,-1,-1
168,0,659.58,246.44,262.37,598.61,-1,-1,-1,-1
168,1,131.10,82.52,473.06,978.71,-1,-1,-1,-1
169,0,668.38,246.07,275.22,600.70,-1,-1,-1,-1
169,1,158.58,78.46,475.03,984.82,-1,-1,-1,-1
170,0,679.63,247.83,291.75,598.82,-1,-1,-1,-1
170,1,189.46,71.22,447.93,994.57,-1,-1,-1,-1
171,0,696.24,249.41,295.75,598.44,-1,-1,-1,-1
171,1,216.37,54.10,464.73,1016.05,-1,-1,-1,-1
172,0,712.33,251.58,294.17,591.00,-1,-1,-1,-1
172,1,260.63,43.70,455.44,1029.87,-1,-1,-1,-1
173,0,738.89,243.57,276.29,597.98,-1,-1,-1,-1
173,1,304.46,45.45,451.33,1026.19,-1,-1,-1,-1
174,0,770.29,248.55,250.10,587.50,-1,-1,-1,-1
174,1,352.13,49.30,440.94,1017.79,-1,-1,-1,-1
175,0,822.68,242.02,208.15,588.82,-1,-1,-1,-1
175,1,405.90,47.51,429.87,1021.64,-1,-1,-1,-1
176,0,860.86,230.25,187.57,605.64,-1,-1,-1,-1
176,1,464.12,53.37,409.71,1006.45,-1,-1,-1,-1
177,0,879.94,224.89,189.79,611.99,-1,-1,-1,-1
177,1,510.27,23.64,444.11,1051.13,-1,-1,-1,-1
178,0,892.54,222.20,216.09,616.37,-1,-1,-1,-1
178,1,567.21,54.41,430.17,1016.11,-1,-1,-1,-1
179,0,899.03,231.04,251.98,594.31,-1,-1,-1,-1
179,1,620.68,97.63,478.54,941.83,-1,-1,-1,-1
180,0,885.03,234.89,309.79,597.22,-1,-1,-1,-1
180,1,692.43,127.85,474.59,923.00,-1,-1,-1,-1
181,0,911.41,226.28,310.94,614.74,-1,-1,-1,-1
181,1,738.54,182.34,486.12,862.67,-1,-1,-1,-1
182,0,953.86,211.53,294.84,649.91,-1,-1,-1,-1
182,1,794.46,199.35,465.62,855.37,-1,-1,-1,-1
183,0,972.89,202.08,303.69,669.37,-1,-1,-1,-1
183,1,853.26,222.20,451.13,828.71,-1,-1,-1,-1
184,0,991.91,192.63,312.54,688.84,-1,-1,-1,-1
184,1,885.29,98.26,430.54,981.46,-1,-1,-1,-1
185,0,1010.93,183.18,321.39,708.30,-1,-1,-1,-1
185,1,931.32,51.45,395.57,1038.17,-1,-1,-1,-1
186,0,1029.96,173.73,330.24,727.76,-1,-1,-1,-1
186,1,953.27,45.28,433.46,1045.70,-1,-1,-1,-1
187,1,989.71,26.58,445.85,1075.56,-1,-1,-1,-1
188,1,1026.15,7.87,458.23,1105.41,-1,-1,-1,-1
189,1,1062.59,-10.83,470.61,1135.26,-1,-1,-1,-1
190,1,1099.03,-29.53,483.00,1165.12,-1,-1,-1,-1
191,1,1086.45,156.22,558.98,896.07,-1,-1,-1,-1
192,1,1127.19,150.88,564.96,912.20,-1,-1,-1,-1
193,1,1166.26,153.30,543.17,911.53,-1,-1,-1,-1
194,1,1200.34,163.46,524.81,892.74,-1,-1,-1,-1
195,1,1212.47,138.96,523.31,932.19,-1,-1,-1,-1
196,0,1175.08,235.94,214.78,626.36,-1,-1,-1,-1
196,1,1230.54,110.38,529.88,965.86,-1,-1,-1,-1
197,0,1158.71,214.63,256.42,659.97,-1,-1,-1,-1
197,1,1246.72,75.80,533.97,1012.13,-1,-1,-1,-1
198,0,1156.45,203.83,275.01,687.80,-1,-1,-1,-1
198,1,1261.84,78.39,536.68,1007.50,-1,-1,-1,-1
199,0,1160.71,199.28,272.55,702.54,-1,-1,-1,-1
199,1,1314.63,63.82,489.68,1019.29,-1,-1,-1,-1
200,0,1178.06,202.20,254.59,708.05,-1,-1,-1,-1
200,1,1352.36,54.56,488.15,1027.16,-1,-1,-1,-1
201,0,1188.21,208.26,255.24,703.21,-1,-1,-1,-1
201,1,1379.23,59.62,480.26,1012.37,-1,-1,-1,-1
202,0,1193.92,210.91,251.82,700.75,-1,-1,-1,-1
202,1,1395.54,58.78,484.65,1014.85,-1,-1,-1,-1
203,0,1195.99,216.83,251.97,692.13,-1,-1,-1,-1
203,1,1417.24,63.39,485.11,1007.13,-1,-1,-1,-1
204,0,1185.98,213.14,274.39,697.57,-1,-1,-1,-1
204,1,1445.23,65.63,460.59,1001.39,-1,-1,-1,-1
205,0,1176.23,203.07,280.16,716.21,-1,-1,-1,-1
205,1,1464.53,65.82,453.92,1002.14,-1,-1,-1,-1
206,0,1166.38,193.33,279.12,737.33,-1,-1,-1,-1
206,1,1474.77,65.50,449.44,1002.28,-1,-1,-1,-1
207,0,1151.19,191.90,291.16,742.41,-1,-1,-1,-1
207,1,1492.83,64.21,430.81,1001.84,-1,-1,-1,-1
208,0,1130.51,187.54,310.10,762.06,-1,-1,-1,-1
208,1,1497.23,82.99,431.30,973.00,-1,-1,-1,-1
209,0,1107.82,186.99,325.08,773.60,-1,-1,-1,-1
209,1,1499.39,97.96,430.59,958.88,-1,-1,-1,-1
210,0,1085.82,188.86,331.38,778.98,-1,-1,-1,-1
210,1,1498.23,106.40,427.05,951.03,-1,-1,-1,-1
211,0,1081.41,184.55,304.93,792.47,-1,-1,-1,-1
211,1,1495.27,118.14,403.90,920.57,-1,-1,-1,-1
212,0,1070.85,185.29,288.35,790.27,-1,-1,-1,-1
212,1,1496.05,125.84,385.65,900.60,-1,-1,-1,-1
213,0,1061.20,185.92,258.48,783.49,-1,-1,-1,-1
213,1,1494.11,133.80,372.40,875.97,-1,-1,-1,-1
214,0,1048.46,180.37,228.79,799.91,-1,-1,-1,-1
214,1,1491.77,127.59,354.94,874.21,-1,-1,-1,-1
215,0,1013.90,177.42,234.93,796.67,-1,-1,-1,-1
215,1,1493.62,129.42,335.25,862.48,-1,-1,-1,-1
216,0,965.42,172.86,259.28,804.48,-1,-1,-1,-1
216,1,1490.32,126.73,322.65,872.77,-1,-1,-1,-1
217,0,900.71,160.69,319.42,825.03,-1,-1,-1,-1
217,1,1484.23,136.63,320.35,844.27,-1,-1,-1,-1
218,0,851.11,173.06,354.65,812.43,-1,-1,-1,-1
218,1,1483.94,148.05,301.68,818.10,-1,-1,-1,-1
219,0,823.24,180.09,356.86,803.69,-1,-1,-1,-1
219,1,1483.92,156.45,278.84,779.35,-1,-1,-1,-1
220,0,817.11,176.68,330.26,814.48,-1,-1,-1,-1
220,1,1480.13,152.37,259.37,766.31,-1,-1,-1,-1
221,0,819.90,180.58,280.50,805.05,-1,-1,-1,-1
221,1,1465.09,154.48,254.22,742.53,-1,-1,-1,-1
222,0,810.30,176.99,246.17,802.84,-1,-1,-1,-1
222,1,1446.90,157.17,253.35,722.02,-1,-1,-1,-1
223,0,769.53,172.57,274.12,822.12,-1,-1,-1,-1
223,1,1430.24,146.97,247.44,728.93,-1,-1,-1,-1
224,0,732.51,169.81,304.44,828.89,-1,-1,-1,-1
224,1,1412.72,145.42,253.03,722.53,-1,-1,-1,-1
225,0,684.50,162.01,371.66,856.99,-1,-1,-1,-1
225,1,1393.31,153.12,263.85,711.01,-1,-1,-1,-1
226,0,647.27,157.34,421.85,883.77,-1,-1,-1,-1
226,1,1373.97,163.60,278.03,697.75,-1,-1,-1,-1
226,5,3.97,267.84,153.45,566.59,-1,-1,-1,-1
227,0,626.04,158.62,435.53,883.89,-1,-1,-1,-1
227,1,1350.28,171.67,277.27,679.46,-1,-1,-1,-1
227,5,5.38,266.40,152.38,568.04,-1,-1,-1,-1
228,0,607.04,158.96,443.19,888.78,-1,-1,-1,-1
228,1,1333.29,176.11,260.42,663.15,-1,-1,-1,-1
228,5,4.39,261.57,153.75,565.02,-1,-1,-1,-1
229,0,606.66,172.09,421.22,869.76,-1,-1,-1,-1
229,1,1323.50,177.61,234.34,657.16,-1,-1,-1,-1
229,5,4.10,255.51,154.43,567.70,-1,-1,-1,-1
230,0,623.47,165.94,366.12,886.61,-1,-1,-1,-1
230,1,1307.73,179.44,229.13,646.96,-1,-1,-1,-1
230,5,3.56,249.57,162.73,577.67,-1,-1,-1,-1
231,0,640.29,163.75,325.36,897.18,-1,-1,-1,-1
231,1,1283.37,182.05,238.72,639.44,-1,-1,-1,-1
231,5,0.39,245.63,188.61,588.59,-1,-1,-1,-1
232,0,648.95,170.59,307.56,891.30,-1,-1,-1,-1
232,1,1263.04,182.17,248.77,638.85,-1,-1,-1,-1
232,5,-1.79,246.20,225.65,590.45,-1,-1,-1,-1
233,0,657.02,163.34,292.90,908.12,-1,-1,-1,-1
233,1,1246.32,181.76,257.32,643.19,-1,-1,-1,-1
233,5,1.89,246.09,244.88,596.05,-1,-1,-1,-1
234,0,654.39,158.53,296.65,915.29,-1,-1,-1,-1
234,1,1221.09,187.26,275.23,626.93,-1,-1,-1,-1
234,5,4.54,245.61,261.88,605.74,-1,-1,-1,-1
235,0,656.70,157.15,301.83,918.39,-1,-1,-1,-1
235,1,1201.48,202.54,295.34,602.54,-1,-1,-1,-1
235,5,7.69,254.74,265.71,594.79,-1,-1,-1,-1
236,0,654.47,156.63,313.40,920.78,-1,-1,-1,-1
236,1,1203.62,197.28,260.20,615.77,-1,-1,-1,-1
236,5,14.01,254.02,257.93,597.38,-1,-1,-1,-1
237,0,626.42,151.80,360.36,927.99,-1,-1,-1,-1
237,1,1198.76,203.32,232.87,600.34,-1,-1,-1,-1
237,5,17.42,253.10,252.76,606.55,-1,-1,-1,-1
238,0,598.03,155.28,405.61,916.87,-1,-1,-1,-1
238,1,1192.05,197.57,191.04,597.75,-1,-1,-1,-1
238,5,20.65,250.45,248.96,614.95,-1,-1,-1,-1
239,0,576.38,160.60,441.69,913.09,-1,-1,-1,-1
239,1,1175.06,202.68,181.52,581.95,-1,-1,-1,-1
239,5,21.78,250.22,247.95,617.67,-1,-1,-1,-1
240,0,552.19,150.91,500.09,927.35,-1,-1,-1,-1
240,1,1159.54,195.86,168.90,592.19,-1,-1,-1,-1
240,5,22.19,252.87,250.21,614.24,-1,-1,-1,-1
241,0,547.57,133.54,529.62,950.42,-1,-1,-1,-1
241,1,1122.70,192.13,199.12,597.75,-1,-1,-1,-1
241,5,20.66,252.99,257.38,610.61,-1,-1,-1,-1
242,0,579.53,127.62,506.91,954.74,-1,-1,-1,-1
242,1,1087.60,196.15,229.83,588.62,-1,-1,-1,-1
242,5,21.64,248.88,261.01,617.29,-1,-1,-1,-1
243,0,631.77,124.80,460.91,956.35,-1,-1,-1,-1
243,1,1054.45,200.88,260.51,587.82,-1,-1,-1,-1
243,5,20.56,247.86,266.43,617.61,-1,-1,-1,-1
244,0,673.68,128.14,429.96,945.56,-1,-1,-1,-1
244,1,1034.96,203.00,275.23,587.08,-1,-1,-1,-1
244,5,19.84,244.80,269.88,624.94,-1,-1,-1,-1
245,0,717.09,130.28,393.38,937.99,-1,-1,-1,-1
245,1,1023.13,200.08,277.20,597.96,-1,-1,-1,-1
245,5,22.94,238.00,266.37,646.80,-1,-1,-1,-1
246,0,753.90,161.17,373.88,901.58,-1,-1,-1,-1
246,1,1035.91,208.52,228.10,586.59,-1,-1,-1,-1
246,5,22.92,235.58,270.46,661.71,-1,-1,-1,-1
247,0,849.19,175.21,308.08,790.95,-1,-1,-1,-1
247,1,1029.90,211.71,195.50,560.57,-1,-1,-1,-1
247,5,22.62,238.43,273.65,663.28,-1,-1,-1,-1
248,0,846.76,132.22,363.74,896.45,-1,-1,-1,-1
248,1,1015.18,217.25,190.87,547.30,-1,-1,-1,-1
248,5,22.45,238.70,274.37,676.38,-1,-1,-1,-1
249,0,852.16,110.83,423.94,944.74,-1,-1,-1,-1
249,1,1000.46,222.79,186.23,534.03,-1,-1,-1,-1
249,5,16.24,236.89,283.93,691.04,-1,-1,-1,-1
250,0,865.23,111.86,469.90,948.65,-1,-1,-1,-1
250,1,985.74,228.33,181.60,520.76,-1,-1,-1,-1
250,5,15.80,232.14,283.85,700.16,-1,-1,-1,-1
251,0,879.18,105.33,489.94,961.21,-1,-1,-1,-1
251,1,971.02,233.88,176.97,507.49,-1,-1,-1,-1
251,5,11.03,235.08,292.22,695.38,-1,-1,-1,-1
252,0,883.15,115.25,512.83,951.82,-1,-1,-1,-1
252,5,10.28,228.04,292.86,706.12,-1,-1,-1,-1
253,0,902.77,120.15,516.83,950.57,-1,-1,-1,-1
253,1,868.16,209.97,185.75,541.13,-1,-1,-1,-1
253,5,11.75,225.51,291.50,713.11,-1,-1,-1,-1
254,0,937.73,129.35,505.96,940.34,-1,-1,-1,-1
254,1,843.48,210.22,215.87,558.46,-1,-1,-1,-1
254,5,7.37,219.50,297.43,725.35,-1,-1,-1,-1
255,0,1000.22,130.67,464.16,943.09,-1,-1,-1,-1
255,1,819.54,205.32,230.74,573.15,-1,-1,-1,-1
255,5,7.24,213.76,294.29,744.65,-1,-1,-1,-1
256,0,1053.30,142.64,449.43,931.58,-1,-1,-1,-1
256,1,805.75,209.25,221.97,571.06,-1,-1,-1,-1
256,5,7.80,213.35,291.95,762.82,-1,-1,-1,-1
257,0,1088.23,164.40,440.77,905.11,-1,-1,-1,-1
257,1,794.58,212.07,213.45,567.36,-1,-1,-1,-1
257,5,3.84,213.40,296.93,772.77,-1,-1,-1,-1
258,0,1122.05,157.38,433.21,919.56,-1,-1,-1,-1
258,1,788.42,214.02,193.88,557.49,-1,-1,-1,-1
258,5,5.13,211.26,294.44,788.95,-1,-1,-1,-1
259,0,1156.08,160.54,425.44,916.31,-1,-1,-1,-1
259,1,766.47,208.34,196.25,570.59,-1,-1,-1,-1
259,5,4.61,211.45,298.12,807.40,-1,-1,-1,-1
260,0,1175.39,156.30,434.89,924.20,-1,-1,-1,-1
260,1,734.93,203.36,214.08,583.59,-1,-1,-1,-1
260,5,7.53,204.80,300.58,826.82,-1,-1,-1,-1
261,0,1195.46,148.07,437.66,930.60,-1,-1,-1,-1
261,1,698.01,214.81,240.72,571.85,-1,-1,-1,-1
261,5,11.74,196.53,302.46,842.40,-1,-1,-1,-1
262,0,1218.76,163.15,435.26,907.91,-1,-1,-1,-1
262,1,667.55,213.98,263.23,577.15,-1,-1,-1,-1
262,5,16.48,188.94,305.49,852.49,-1,-1,-1,-1
263,0,1253.25,151.42,415.87,924.37,-1,-1,-1,-1
263,1,656.07,220.58,258.87,579.22,-1,-1,-1,-1
263,5,25.45,187.10,300.40,851.88,-1,-1,-1,-1
264,0,1300.01,143.72,383.78,936.63,-1,-1,-1,-1
264,1,652.55,221.29,229.10,580.91,-1,-1,-1,-1
264,5,38.89,182.77,291.52,857.52,-1,-1,-1,-1
265,0,1337.30,140.95,359.93,935.24,-1,-1,-1,-1
265,1,645.20,222.12,205.34,584.22,-1,-1,-1,-1
265,5,56.25,173.78,284.76,874.48,-1,-1,-1,-1
266,0,1364.30,147.00,350.35,924.78,-1,-1,-1,-1
266,1,628.71,220.91,199.47,587.98,-1,-1,-1,-1
266,5,78.05,167.73,282.06,891.95,-1,-1,-1,-1
267,0,1385.06,159.13,340.72,903.15,-1,-1,-1,-1
267,1,613.71,212.05,195.49,600.73,-1,-1,-1,-1
267,5,90.34,163.92,306.43,901.41,-1,-1,-1,-1
268,0,1398.05,163.51,336.65,895.62,-1,-1,-1,-1
268,1,593.46,215.33,202.89,595.44,-1,-1,-1,-1
268,5,119.61,164.02,294.50,894.51,-1,-1,-1,-1
269,0,1403.36,165.01,338.67,892.50,-1,-1,-1,-1
269,1,577.92,210.72,209.03,608.52,-1,-1,-1,-1
269,5,131.00,158.65,302.16,901.44,-1,-1,-1,-1
270,0,1404.19,158.06,347.59,893.73,-1,-1,-1,-1
270,1,549.29,210.18,236.13,618.48,-1,-1,-1,-1
270,5,142.10,149.58,303.46,915.57,-1,-1,-1,-1
271,0,1401.78,153.49,363.06,901.90,-1,-1,-1,-1
271,1,534.81,208.20,244.18,629.40,-1,-1,-1,-1
271,5,148.75,152.90,313.61,914.79,-1,-1,-1,-1
272,0,1398.52,149.30,383.70,900.56,-1,-1,-1,-1
272,1,522.60,216.35,246.87,621.45,-1,-1,-1,-1
272,5,161.59,151.81,324.00,918.92,-1,-1,-1,-1
273,0,1393.07,152.66,412.39,891.50,-1,-1,-1,-1
273,1,512.85,212.81,232.90,633.20,-1,-1,-1,-1
273,5,170.59,162.82,336.69,898.07,-1,-1,-1,-1
274,0,1395.98,150.90,421.96,905.53,-1,-1,-1,-1
274,1,505.66,208.21,214.47,646.86,-1,-1,-1,-1
274,5,179.40,160.94,345.41,902.50,-1,-1,-1,-1
275,0,1397.77,170.51,428.91,866.72,-1,-1,-1,-1
275,1,490.84,205.32,208.79,652.81,-1,-1,-1,-1
275,5,177.38,162.79,364.75,903.43,-1,-1,-1,-1
276,0,1409.56,179.92,412.34,848.12,-1,-1,-1,-1
276,1,476.57,200.86,197.06,657.18,-1,-1,-1,-1
276,5,172.51,165.16,388.68,897.94,-1,-1,-1,-1
277,0,1415.11,186.54,405.60,834.04,-1,-1,-1,-1
277,1,469.80,196.59,182.28,673.73,-1,-1,-1,-1
277,5,164.46,162.35,438.52,908.29,-1,-1,-1,-1
278,0,1427.15,182.19,382.86,836.20,-1,-1,-1,-1
278,1,463.15,201.41,177.43,653.37,-1,-1,-1,-1
278,5,155.93,157.89,469.17,918.12,-1,-1,-1,-1
279,0,1441.69,182.11,345.36,817.49,-1,-1,-1,-1
279,1,462.00,216.75,167.23,590.13,-1,-1,-1,-1
279,5,148.11,162.27,495.83,901.12,-1,-1,-1,-1
280,0,1453.95,179.75,312.63,792.79,-1,-1,-1,-1
280,1,459.58,214.65,159.23,581.21,-1,-1,-1,-1
280,5,146.31,162.36,494.98,906.20,-1,-1,-1,-1
281,0,1470.42,177.98,278.82,766.73,-1,-1,-1,-1
281,1,450.34,221.58,153.62,560.78,-1,-1,-1,-1
281,5,148.43,148.36,494.69,913.10,-1,-1,-1,-1
282,0,1485.30,169.10,252.39,768.73,-1,-1,-1,-1
282,1,441.09,228.50,148.01,540.35,-1,-1,-1,-1
282,5,163.77,124.78,482.19,947.31,-1,-1,-1,-1
283,0,1489.88,181.45,237.84,734.52,-1,-1,-1,-1
283,1,431.84,235.42,142.40,519.92,-1,-1,-1,-1
283,5,204.92,109.05,438.40,971.08,-1,-1,-1,-1
284,0,1489.45,186.53,229.29,718.65,-1,-1,-1,-1
284,1,422.60,242.35,136.79,499.49,-1,-1,-1,-1
284,5,252.76,94.45,396.70,985.39,-1,-1,-1,-1
285,0,1484.67,188.54,224.75,712.37,-1,-1,-1,-1
285,5,299.38,85.91,384.65,990.40,-1,-1,-1,-1
286,0,1473.25,193.61,213.61,692.49,-1,-1,-1,-1
286,5,329.38,72.85,399.40,1005.91,-1,-1,-1,-1
287,0,1460.96,195.85,211.40,680.36,-1,-1,-1,-1
287,5,348.87,74.52,412.89,991.12,-1,-1,-1,-1
288,0,1440.28,178.05,212.35,700.29,-1,-1,-1,-1
288,5,361.43,66.05,432.68,1005.72,-1,-1,-1,-1
289,0,1413.10,178.38,233.61,695.47,-1,-1,-1,-1
289,1,382.75,174.31,187.87,728.19,-1,-1,-1,-1
289,5,400.93,73.03,412.76,999.35,-1,-1,-1,-1
290,0,1385.37,183.60,256.91,681.17,-1,-1,-1,-1
290,1,377.22,171.78,198.93,740.95,-1,-1,-1,-1
290,5,455.56,88.00,378.03,976.09,-1,-1,-1,-1
291,0,1365.62,188.86,270.95,671.05,-1,-1,-1,-1
291,1,374.88,180.12,213.22,738.51,-1,-1,-1,-1
291,5,491.48,95.17,366.81,961.85,-1,-1,-1,-1
292,0,1344.88,193.90,285.89,664.14,-1,-1,-1,-1
292,1,375.59,172.14,231.74,773.16,-1,-1,-1,-1
292,5,508.37,93.66,377.43,973.36,-1,-1,-1,-1
293,0,1322.06,200.76,307.80,655.01,-1,-1,-1,-1
293,1,374.35,169.55,248.99,791.20,-1,-1,-1,-1
293,5,517.53,83.40,394.39,984.83,-1,-1,-1,-1
294,0,1307.44,201.92,326.35,654.90,-1,-1,-1,-1
294,1,377.46,163.78,258.08,823.85,-1,-1,-1,-1
294,5,506.62,74.02,435.18,989.09,-1,-1,-1,-1
295,0,1308.34,208.34,327.97,649.19,-1,-1,-1,-1
295,1,368.23,156.02,286.03,851.44,-1,-1,-1,-1
295,5,512.11,69.95,451.68,985.45,-1,-1,-1,-1
296,0,1314.46,214.54,303.97,642.38,-1,-1,-1,-1
296,1,361.38,157.09,309.10,868.88,-1,-1,-1,-1
296,5,536.41,64.43,457.49,991.54,-1,-1,-1,-1
297,0,1316.35,215.25,287.52,640.77,-1,-1,-1,-1
297,1,356.11,161.49,326.36,871.03,-1,-1,-1,-1
297,5,580.23,59.33,443.15,993.62,-1,-1,-1,-1
298,0,1310.53,213.08,267.26,637.82,-1,-1,-1,-1
298,1,349.68,166.57,333.67,867.25,-1,-1,-1,-1
298,5,625.84,49.96,437.56,1016.27,-1,-1,-1,-1
299,0,1301.33,211.72,248.10,632.73,-1,-1,-1,-1
299,1,341.47,170.94,340.68,864.15,-1,-1,-1,-1
299,5,687.73,54.75,413.36,1014.43,-1,-1,-1,-1
300,0,1289.03,212.96,245.13,628.47,-1,-1,-1,-1
300,1,330.63,166.99,349.86,880.63,-1,-1,-1,-1
300,5,761.08,62.38,382.16,1006.01,-1,-1,-1,-1
301,0,1275.70,216.57,249.47,617.78,-1,-1,-1,-1
301,1,322.24,163.10,356.46,894.48,-1,-1,-1,-1
301,5,807.63,67.04,372.32,999.30,-1,-1,-1,-1
302,0,1257.97,216.18,255.13,612.10,-1,-1,-1,-1
302,1,319.61,157.48,356.99,899.93,-1,-1,-1,-1
302,5,845.47,70.82,365.46,993.82,-1,-1,-1,-1
303,0,1235.25,219.11,256.54,610.82,-1,-1,-1,-1
303,1,314.89,144.51,368.02,922.86,-1,-1,-1,-1
303,5,852.12,69.52,400.48,998.72,-1,-1,-1,-1
304,0,1227.13,225.01,239.82,606.63,-1,-1,-1,-1
304,1,316.82,135.73,373.09,937.18,-1,-1,-1,-1
304,5,852.78,66.27,476.90,1003.81,-1,-1,-1,-1
305,0,1205.53,237.98,255.70,588.76,-1,-1,-1,-1
305,1,318.05,128.35,384.42,949.65,-1,-1,-1,-1
305,5,887.53,65.38,477.98,1006.02,-1,-1,-1,-1
306,0,1193.50,243.93,251.21,578.41,-1,-1,-1,-1
306,1,313.39,131.33,398.86,937.58,-1,-1,-1,-1
306,5,918.50,53.40,485.86,1026.35,-1,-1,-1,-1
307,0,1181.48,249.88,246.73,568.05,-1,-1,-1,-1
307,1,306.92,134.73,412.23,926.36,-1,-1,-1,-1
307,5,980.77,60.58,425.21,1003.77,-1,-1,-1,-1
308,0,1169.46,255.83,242.24,557.69,-1,-1,-1,-1
308,1,305.50,125.78,427.95,943.10,-1,-1,-1,-1
308,5,1039.12,73.17,372.09,981.17,-1,-1,-1,-1
309,0,1157.43,261.78,237.76,547.34,-1,-1,-1,-1
309,1,309.40,117.30,428.53,955.94,-1,-1,-1,-1
309,5,1060.13,87.53,375.24,967.65,-1,-1,-1,-1
310,0,1051.14,235.83,207.44,494.13,-1,-1,-1,-1
310,1,318.87,108.59,430.73,964.12,-1,-1,-1,-1
310,5,1056.78,100.49,416.24,956.51,-1,-1,-1,-1
311,0,1001.11,225.20,230.20,535.17,-1,-1,-1,-1
311,1,333.58,100.51,436.74,972.84,-1,-1,-1,-1
311,5,1123.56,98.61,365.59,966.40,-1,-1,-1,-1
312,0,970.06,221.09,244.50,551.07,-1,-1,-1,-1
312,1,341.85,100.30,441.03,968.40,-1,-1,-1,-1
312,5,1167.22,95.91,344.17,975.94,-1,-1,-1,-1
313,0,936.57,221.33,276.07,563.17,-1,-1,-1,-1
313,1,359.23,91.13,426.07,979.29,-1,-1,-1,-1
313,5,1190.70,100.03,354.65,971.33,-1,-1,-1,-1
314,0,916.00,229.95,292.74,560.11,-1,-1,-1,-1
314,1,372.56,80.95,430.22,992.35,-1,-1,-1,-1
314,5,1205.99,99.53,371.80,977.86,-1,-1,-1,-1
315,0,913.36,242.51,274.54,549.25,-1,-1,-1,-1
315,1,389.81,78.98,413.02,992.52,-1,-1,-1,-1
315,5,1219.35,116.56,392.26,951.27,-1,-1,-1,-1
316,0,920.33,253.77,241.17,535.73,-1,-1,-1,-1
316,1,401.66,79.01,410.71,990.66,-1,-1,-1,-1
316,5,1238.43,121.26,402.70,952.39,-1,-1,-1,-1
317,0,917.15,242.01,200.76,548.87,-1,-1,-1,-1
317,1,411.20,84.51,405.26,983.27,-1,-1,-1,-1
317,5,1267.44,133.50,398.53,942.21,-1,-1,-1,-1
318,0,899.76,228.90,190.35,570.64,-1,-1,-1,-1
318,1,432.20,89.01,410.57,975.16,-1,-1,-1,-1
318,5,1298.46,150.50,393.87,920.32,-1,-1,-1,-1
319,0,856.71,228.55,227.54,563.61,-1,-1,-1,-1
319,1,443.19,89.46,419.76,971.41,-1,-1,-1,-1
319,5,1324.07,159.76,414.90,914.40,-1,-1,-1,-1
320,0,805.99,228.28,282.99,553.10,-1,-1,-1,-1
320,1,455.93,71.47,472.07,998.51,-1,-1,-1,-1
320,5,1359.58,156.76,426.00,917.30,-1,-1,-1,-1
321,0,756.91,226.69,331.00,544.48,-1,-1,-1,-1
321,1,484.78,61.83,476.56,1010.35,-1,-1,-1,-1
321,5,1391.56,147.38,429.11,933.61,-1,-1,-1,-1
322,0,749.37,225.41,319.48,548.17,-1,-1,-1,-1
322,1,516.49,51.03,455.43,1027.45,-1,-1,-1,-1
322,5,1422.59,133.01,420.50,953.26,-1,-1,-1,-1
323,0,729.02,224.36,318.71,546.78,-1,-1,-1,-1
323,1,536.82,57.42,496.84,1016.11,-1,-1,-1,-1
323,5,1451.07,140.91,388.44,928.42,-1,-1,-1,-1
324,0,708.67,223.32,317.94,545.39,-1,-1,-1,-1
324,1,563.66,101.99,521.42,960.79,-1,-1,-1,-1
324,5,1466.48,147.22,359.66,908.87,-1,-1,-1,-1
325,0,688.31,222.28,317.18,544.00,-1,-1,-1,-1
325,1,604.07,79.14,513.78,995.08,-1,-1,-1,-1
325,5,1479.70,145.31,325.93,913.66,-1,-1,-1,-1
326,0,667.96,221.24,316.41,542.61,-1,-1,-1,-1
326,1,654.51,51.56,499.47,1032.30,-1,-1,-1,-1
326,5,1486.70,141.41,307.63,926.22,-1,-1,-1,-1
327,1,692.25,78.21,507.55,993.76,-1,-1,-1,-1
327,5,1490.04,157.25,296.26,882.34,-1,-1,-1,-1
328,0,661.88,223.30,185.00,569.75,-1,-1,-1,-1
328,1,695.20,148.11,569.07,895.96,-1,-1,-1,-1
328,5,1486.52,163.93,295.82,862.14,-1,-1,-1,-1
329,0,600.59,229.45,248.09,574.95,-1,-1,-1,-1
329,1,768.98,87.46,535.98,970.30,-1,-1,-1,-1
329,5,1477.85,171.91,308.47,826.98,-1,-1,-1,-1
330,0,578.24,235.68,266.22,582.90,-1,-1,-1,-1
330,1,804.54,82.45,540.31,978.06,-1,-1,-1,-1
330,5,1468.41,169.23,326.67,819.88,-1,-1,-1,-1
331,0,564.73,243.32,276.68,585.16,-1,-1,-1,-1
331,1,840.09,77.44,544.65,985.81,-1,-1,-1,-1
331,5,1459.03,169.33,344.94,807.40,-1,-1,-1,-1
332,0,560.56,237.70,276.74,600.05,-1,-1,-1,-1
332,1,887.48,64.69,539.34,1010.92,-1,-1,-1,-1
332,5,1451.27,167.14,349.38,793.62,-1,-1,-1,-1
333,0,562.34,236.41,256.58,610.12,-1,-1,-1,-1
333,1,922.82,57.14,546.39,1024.06,-1,-1,-1,-1
333,5,1446.54,164.68,336.46,788.79,-1,-1,-1,-1
334,0,558.67,247.07,234.68,598.11,-1,-1,-1,-1
334,1,984.60,43.10,499.90,1038.42,-1,-1,-1,-1
334,5,1438.63,172.31,328.05,771.97,-1,-1,-1,-1
335,0,543.43,243.65,218.95,604.57,-1,-1,-1,-1
335,1,1038.78,41.48,448.50,1023.74,-1,-1,-1,-1
335,5,1438.54,185.78,303.50,735.73,-1,-1,-1,-1
336,0,520.37,233.57,224.49,625.74,-1,-1,-1,-1
336,1,1075.44,34.09,410.13,1031.02,-1,-1,-1,-1
336,5,1439.73,187.71,274.80,713.99,-1,-1,-1,-1
337,0,481.25,227.41,268.81,649.30,-1,-1,-1,-1
337,1,1110.97,29.81,384.87,1042.19,-1,-1,-1,-1
337,5,1429.40,191.76,266.38,687.05,-1,-1,-1,-1
338,0,453.88,224.37,297.49,669.13,-1,-1,-1,-1
338,1,1126.12,40.78,388.48,1025.62,-1,-1,-1,-1
338,5,1420.42,186.16,262.81,685.31,-1,-1,-1,-1
339,0,419.42,228.79,341.53,678.58,-1,-1,-1,-1
339,1,1136.31,55.81,411.96,1007.45,-1,-1,-1,-1
339,5,1421.87,189.99,246.33,669.85,-1,-1,-1,-1
340,0,392.16,229.89,365.31,694.65,-1,-1,-1,-1
340,1,1148.39,56.53,428.78,1010.58,-1,-1,-1,-1
340,5,1427.19,188.86,213.81,652.25,-1,-1,-1,-1
341,0,375.23,229.43,369.22,712.57,-1,-1,-1,-1
341,1,1177.49,52.84,421.41,1021.36,-1,-1,-1,-1
341,5,1421.23,190.39,208.55,636.20,-1,-1,-1,-1
342,0,366.46,227.25,363.64,724.89,-1,-1,-1,-1
342,1,1203.15,46.06,415.65,1031.33,-1,-1,-1,-1
342,5,1415.26,191.92,203.29,620.16,-1,-1,-1,-1
343,0,363.12,223.47,349.15,736.45,-1,-1,-1,-1
343,1,1219.88,57.20,427.15,1016.39,-1,-1,-1,-1
343,5,1409.29,193.46,198.03,604.11,-1,-1,-1,-1
344,0,360.24,223.26,331.85,733.35,-1,-1,-1,-1
344,1,1238.42,64.57,458.65,1010.81,-1,-1,-1,-1
344,5,1403.32,194.99,192.77,588.06,-1,-1,-1,-1
345,0,352.13,220.28,318.56,742.98,-1,-1,-1,-1
345,1,1250.40,68.64,504.91,1007.61,-1,-1,-1,-1
346,0,341.92,211.38,313.59,773.71,-1,-1,-1,-1
346,1,1279.67,72.24,503.01,1003.75,-1,-1,-1,-1
347,0,334.92,209.51,309.73,787.03,-1,-1,-1,-1
347,1,1308.95,75.84,501.11,999.89,-1,-1,-1,-1
348,0,334.59,210.55,299.54,795.53,-1,-1,-1,-1
348,1,1338.22,79.44,499.21,996.03,-1,-1,-1,-1
348,5,1244.18,195.76,223.68,598.90,-1,-1,-1,-1
349,0,329.80,212.32,296.07,802.69,-1,-1,-1,-1
349,1,1332.08,86.78,528.51,988.59,-1,-1,-1,-1
349,5,1240.10,196.77,199.26,597.67,-1,-1,-1,-1
350,0,315.45,210.48,307.72,821.61,-1,-1,-1,-1
350,1,1358.73,91.13,526.01,983.82,-1,-1,-1,-1
350,5,1220.72,195.83,198.19,594.45,-1,-1,-1,-1
351,0,296.90,205.11,326.40,839.33,-1,-1,-1,-1
351,1,1389.16,107.54,466.45,931.93,-1,-1,-1,-1
351,5,1198.54,195.52,197.94,606.32,-1,-1,-1,-1
352,0,277.73,202.85,336.99,845.09,-1,-1,-1,-1
352,1,1411.98,103.29,424.03,931.71,-1,-1,-1,-1
352,5,1162.07,198.19,219.15,604.59,-1,-1,-1,-1
353,0,263.19,195.42,337.90,860.52,-1,-1,-1,-1
353,1,1425.01,105.39,406.44,937.43,-1,-1,-1,-1
353,5,1113.78,203.78,265.93,600.22,-1,-1,-1,-1
354,0,247.72,189.37,337.12,870.89,-1,-1,-1,-1
354,1,1435.20,107.88,378.47,923.91,-1,-1,-1,-1
354,5,1078.54,208.94,294.51,595.01,-1,-1,-1,-1
355,0,232.21,190.12,342.98,874.40,-1,-1,-1,-1
355,1,1441.99,112.78,349.69,915.45,-1,-1,-1,-1
355,5,1062.16,214.96,278.78,587.69,-1,-1,-1,-1
356,0,224.24,188.20,342.11,881.86,-1,-1,-1,-1
356,1,1445.64,114.22,332.41,913.69,-1,-1,-1,-1
356,5,1054.53,208.32,245.90,601.01,-1,-1,-1,-1
357,0,224.73,189.77,337.13,884.14,-1,-1,-1,-1
357,1,1449.53,110.39,321.15,917.01,-1,-1,-1,-1
357,5,1041.23,204.81,227.86,602.75,-1,-1,-1,-1
358,0,234.92,194.28,328.62,876.66,-1,-1,-1,-1
358,1,1457.21,116.77,305.93,908.61,-1,-1,-1,-1
358,5,1030.97,205.57,214.40,602.62,-1,-1,-1,-1
359,0,248.53,196.11,326.51,875.88,-1,-1,-1,-1
359,1,1466.20,136.42,288.30,858.07,-1,-1,-1,-1
359,5,1015.38,215.61,214.37,582.78,-1,-1,-1,-1
360,0,257.83,198.24,335.95,875.49,-1,-1,-1,-1
360,1,1465.87,146.23,278.79,821.92,-1,-1,-1,-1
360,5,992.59,223.64,221.37,574.28,-1,-1,-1,-1
361,0,267.93,197.20,344.38,874.77,-1,-1,-1,-1
361,1,1459.38,146.05,277.08,809.91,-1,-1,-1,-1
361,5,963.01,216.25,231.57,593.96,-1,-1,-1,-1
362,0,285.25,189.52,342.06,886.15,-1,-1,-1,-1
362,1,1453.08,148.68,272.08,779.37,-1,-1,-1,-1
362,5,935.91,212.51,239.30,606.54,-1,-1,-1,-1
363,0,299.15,188.89,342.51,882.00,-1,-1,-1,-1
363,1,1440.80,161.78,273.03,696.18,-1,-1,-1,-1
363,5,918.71,213.41,241.44,608.31,-1,-1,-1,-1
364,0,318.19,181.33,324.41,888.20,-1,-1,-1,-1
364,1,1419.17,143.63,285.76,734.74,-1,-1,-1,-1
364,5,907.30,213.41,240.51,618.38,-1,-1,-1,-1
365,0,338.00,170.06,305.98,906.55,-1,-1,-1,-1
365,1,1396.61,140.06,296.64,739.11,-1,-1,-1,-1
365,5,905.16,213.36,208.79,616.50,-1,-1,-1,-1
366,0,348.49,163.92,324.98,916.45,-1,-1,-1,-1
366,1,1359.55,146.01,327.27,732.69,-1,-1,-1,-1
366,5,899.16,211.62,188.13,625.18,-1,-1,-1,-1
367,0,360.50,160.91,348.33,920.61,-1,-1,-1,-1
367,1,1326.04,146.84,354.45,745.95,-1,-1,-1,-1
367,5,880.69,203.58,177.22,639.44,-1,-1,-1,-1
368,0,381.44,156.65,356.32,925.37,-1,-1,-1,-1
368,1,1284.73,159.38,391.97,739.77,-1,-1,-1,-1
368,5,850.66,207.75,190.42,636.58,-1,-1,-1,-1
369,0,395.08,159.41,369.19,920.98,-1,-1,-1,-1
369,1,1260.50,173.73,396.96,717.63,-1,-1,-1,-1
369,5,818.41,210.81,208.70,641.94,-1,-1,-1,-1
370,0,401.49,168.21,382.00,909.60,-1,-1,-1,-1
370,1,1243.25,180.06,398.93,701.77,-1,-1,-1,-1
370,5,797.48,216.14,220.13,639.57,-1,-1,-1,-1
371,0,402.51,171.30,402.03,906.31,-1,-1,-1,-1
371,1,1206.04,180.54,416.94,693.72,-1,-1,-1,-1
371,5,775.46,225.89,230.84,632.18,-1,-1,-1,-1
372,0,407.75,166.07,415.63,913.52,-1,-1,-1,-1
372,1,1180.19,176.78,416.99,698.41,-1,-1,-1,-1
372,5,755.91,227.99,229.63,630.32,-1,-1,-1,-1
373,0,413.40,160.87,481.01,913.55,-1,-1,-1,-1
373,1,1171.04,173.68,396.79,699.58,-1,-1,-1,-1
373,5,754.11,265.12,200.71,587.27,-1,-1,-1,-1
374,0,442.24,152.78,472.33,916.93,-1,-1,-1,-1
374,1,1171.95,165.96,362.47,706.14,-1,-1,-1,-1
374,5,738.91,280.63,193.66,566.64,-1,-1,-1,-1
375,0,466.11,151.14,455.35,913.96,-1,-1,-1,-1
375,1,1170.08,168.31,344.05,700.26,-1,-1,-1,-1
375,5,723.70,296.14,186.61,546.01,-1,-1,-1,-1
376,0,483.10,142.71,445.30,926.13,-1,-1,-1,-1
376,1,1176.86,171.46,316.54,692.29,-1,-1,-1,-1
376,5,708.50,311.66,179.56,525.38,-1,-1,-1,-1
377,0,493.70,132.72,457.65,939.44,-1,-1,-1,-1
377,1,1183.70,179.46,296.91,674.55,-1,-1,-1,-1
377,5,693.29,327.17,172.51,504.75,-1,-1,-1,-1
378,0,509.58,128.35,458.94,945.89,-1,-1,-1,-1
378,1,1192.49,178.41,286.19,673.73,-1,-1,-1,-1
379,0,527.91,121.71,457.98,954.11,-1,-1,-1,-1
379,1,1195.85,181.91,257.86,664.35,-1,-1,-1,-1
380,0,547.92,124.22,459.04,950.66,-1,-1,-1,-1
380,1,1177.66,193.13,237.39,630.35,-1,-1,-1,-1
381,0,563.16,131.60,459.66,943.13,-1,-1,-1,-1
381,1,1156.08,190.72,231.09,627.38,-1,-1,-1,-1
382,0,566.69,140.96,477.87,931.31,-1,-1,-1,-1
382,1,1126.84,180.52,238.45,636.43,-1,-1,-1,-1
382,5,544.06,217.01,207.39,664.80,-1,-1,-1,-1
383,0,576.51,148.21,492.44,925.66,-1,-1,-1,-1
383,1,1100.29,180.54,247.84,641.07,-1,-1,-1,-1
383,5,523.75,211.35,208.99,663.24,-1,-1,-1,-1
384,0,629.81,153.80,456.20,921.79,-1,-1,-1,-1
384,1,1077.25,181.54,261.74,634.57,-1,-1,-1,-1
384,5,498.49,197.74,229.16,693.07,-1,-1,-1,-1
385,0,661.17,144.76,446.78,930.78,-1,-1,-1,-1
385,1,1068.30,184.28,261.47,629.15,-1,-1,-1,-1
385,5,477.28,195.17,252.02,711.00,-1,-1,-1,-1
386,0,707.92,120.54,424.61,962.99,-1,-1,-1,-1
386,1,1073.01,200.79,251.20,604.94,-1,-1,-1,-1
386,5,463.11,190.66,268.80,740.73,-1,-1,-1,-1
387,0,745.40,111.99,436.11,967.24,-1,-1,-1,-1
387,1,1085.38,198.19,230.55,612.84,-1,-1,-1,-1
387,5,451.78,185.13,267.24,767.81,-1,-1,-1,-1
388,0,783.01,130.37,465.83,936.23,-1,-1,-1,-1
388,1,1091.98,223.80,184.85,503.60,-1,-1,-1,-1
388,5,442.79,194.20,272.92,768.25,-1,-1,-1,-1
389,0,831.84,138.45,454.39,928.63,-1,-1,-1,-1
389,1,1089.87,243.99,165.91,452.03,-1,-1,-1,-1
389,5,440.50,202.95,267.23,767.43,-1,-1,-1,-1
390,0,879.25,121.43,452.98,954.80,-1,-1,-1,-1
390,1,1087.77,264.18,146.98,400.46,-1,-1,-1,-1
390,5,440.60,202.97,257.60,775.85,-1,-1,-1,-1
391,0,914.26,117.19,455.61,962.21,-1,-1,-1,-1
391,1,1085.66,284.37,128.05,348.89,-1,-1,-1,-1
391,5,440.42,204.00,249.35,778.09,-1,-1,-1,-1
392,0,948.19,120.27,456.05,959.10,-1,-1,-1,-1
392,1,1083.56,304.56,109.12,297.32,-1,-1,-1,-1
392,5,436.77,198.63,246.87,788.86,-1,-1,-1,-1
393,0,959.03,123.99,478.33,951.26,-1,-1,-1,-1
393,5,428.00,188.60,257.29,807.05,-1,-1,-1,-1
394,0,985.21,140.03,483.12,925.10,-1,-1,-1,-1
394,1,939.02,197.52,194.34,602.39,-1,-1,-1,-1
394,5,446.61,172.33,227.86,848.07,-1,-1,-1,-1
395,0,1042.90,124.37,450.80,950.47,-1,-1,-1,-1
395,1,902.57,193.36,224.99,615.05,-1,-1,-1,-1
395,5,457.72,169.36,213.94,869.44,-1,-1,-1,-1
396,0,1073.69,105.62,444.73,967.62,-1,-1,-1,-1
396,1,874.73,198.61,236.10,613.04,-1,-1,-1,-1
396,5,462.17,172.15,215.79,876.56,-1,-1,-1,-1
397,0,1096.55,93.92,446.03,985.00,-1,-1,-1,-1
397,1,849.19,211.80,250.79,587.71,-1,-1,-1,-1
397,5,462.81,173.86,223.37,878.03,-1,-1,-1,-1
398,0,1123.33,91.40,435.94,988.78,-1,-1,-1,-1
398,1,828.33,214.71,257.22,589.61,-1,-1,-1,-1
398,5,458.27,174.37,245.78,880.76,-1,-1,-1,-1
399,0,1146.12,95.23,426.50,980.34,-1,-1,-1,-1
399,1,813.52,210.10,242.76,600.31,-1,-1,-1,-1
399,5,450.34,165.14,273.39,897.14,-1,-1,-1,-1
400,0,1166.89,102.74,414.09,972.34,-1,-1,-1,-1
400,1,793.19,207.39,237.89,603.71,-1,-1,-1,-1
400,5,444.95,160.62,297.68,908.67,-1,-1,-1,-1
401,0,1189.87,107.61,398.24,967.99,-1,-1,-1,-1
401,1,773.67,208.49,241.33,599.30,-1,-1,-1,-1
401,5,442.96,160.90,314.25,909.34,-1,-1,-1,-1
402,0,1209.39,109.77,385.70,967.03,-1,-1,-1,-1
402,1,756.11,203.89,247.14,618.22,-1,-1,-1,-1
402,5,449.09,158.06,312.81,914.44,-1,-1,-1,-1
403,0,1222.51,117.71,381.60,953.48,-1,-1,-1,-1
403,1,739.32,207.89,258.31,622.24,-1,-1,-1,-1
403,5,456.93,157.76,321.81,920.61,-1,-1,-1,-1
404,0,1237.76,113.30,371.68,962.70,-1,-1,-1,-1
404,1,724.47,210.94,266.23,623.58,-1,-1,-1,-1
404,5,477.26,153.04,319.10,929.42,-1,-1,-1,-1
405,0,1253.03,112.91,365.45,965.46,-1,-1,-1,-1
405,1,715.96,213.13,254.43,626.46,-1,-1,-1,-1
405,5,495.27,142.21,307.75,942.78,-1,-1,-1,-1
406,0,1267.96,108.57,362.98,972.09,-1,-1,-1,-1
406,1,714.28,213.86,224.12,615.90,-1,-1,-1,-1
406,5,496.43,138.80,370.19,938.32,-1,-1,-1,-1
407,0,1279.22,116.67,368.35,960.62,-1,-1,-1,-1
407,1,698.41,216.74,223.11,613.14,-1,-1,-1,-1
407,5,509.85,146.27,380.23,922.10,-1,-1,-1,-1
408,0,1291.14,131.61,368.77,943.79,-1,-1,-1,-1
408,1,682.53,219.63,222.10,610.38,-1,-1,-1,-1
408,5,534.02,137.64,359.54,929.43,-1,-1,-1,-1
409,0,1297.87,155.09,372.52,912.77,-1,-1,-1,-1
409,1,666.66,222.51,221.08,607.62,-1,-1,-1,-1
409,5,554.74,130.61,338.72,936.08,-1,-1,-1,-1
410,0,1298.54,166.85,381.48,896.79,-1,-1,-1,-1
410,1,650.79,225.40,220.07,604.86,-1,-1,-1,-1
410,5,558.29,119.39,343.08,947.76,-1,-1,-1,-1
411,0,1324.77,162.47,357.06,908.51,-1,-1,-1,-1
411,5,556.26,109.74,364.69,959.79,-1,-1,-1,-1
412,0,1360.21,155.60,324.51,919.50,-1,-1,-1,-1
412,5,550.37,98.88,392.37,976.10,-1,-1,-1,-1
413,0,1396.86,150.95,289.59,908.35,-1,-1,-1,-1
413,5,551.96,99.34,411.42,968.95,-1,-1,-1,-1
414,0,1421.83,153.79,269.94,884.60,-1,-1,-1,-1
414,5,567.16,105.74,405.91,954.57,-1,-1,-1,-1
415,0,1433.61,148.87,281.37,884.50,-1,-1,-1,-1
415,5,574.25,106.75,419.17,956.46,-1,-1,-1,-1
416,0,1438.68,150.31,302.89,878.02,-1,-1,-1,-1
416,1,556.06,199.00,189.82,699.93,-1,-1,-1,-1
416,5,608.78,106.66,391.28,958.95,-1,-1,-1,-1
417,0,1453.32,159.19,296.68,855.68,-1,-1,-1,-1
417,1,537.63,194.53,193.92,716.63,-1,-1,-1,-1
417,5,666.75,91.98,340.18,974.29,-1,-1,-1,-1
418,0,1465.08,161.16,279.71,846.37,-1,-1,-1,-1
418,1,511.90,196.84,212.29,717.10,-1,-1,-1,-1
418,5,710.83,88.66,327.96,977.10,-1,-1,-1,-1
419,0,1468.04,153.89,269.47,852.60,-1,-1,-1,-1
419,1,477.64,191.63,251.87,725.73,-1,-1,-1,-1
419,5,742.10,78.98,344.56,991.94,-1,-1,-1,-1
420,0,1453.23,151.93,282.38,846.66,-1,-1,-1,-1
420,1,447.47,184.36,288.26,746.08,-1,-1,-1,-1
420,5,773.92,64.73,370.48,1005.92,-1,-1,-1,-1
421,0,1425.92,162.21,308.19,829.10,-1,-1,-1,-1
421,1,417.51,188.24,326.15,746.46,-1,-1,-1,-1
421,5,801.92,54.64,384.87,1019.49,-1,-1,-1,-1
422,0,1391.85,166.15,341.66,820.30,-1,-1,-1,-1
422,1,403.83,196.66,331.03,738.75,-1,-1,-1,-1
422,5,828.08,66.55,397.44,994.05,-1,-1,-1,-1
423,0,1376.97,169.48,342.33,811.24,-1,-1,-1,-1
423,1,395.93,195.39,325.08,745.21,-1,-1,-1,-1
423,5,867.68,81.32,385.10,965.45,-1,-1,-1,-1
424,0,1367.78,176.67,350.54,788.99,-1,-1,-1,-1
424,1,392.30,196.45,295.29,741.86,-1,-1,-1,-1
424,5,912.35,70.44,361.57,990.87,-1,-1,-1,-1
425,0,1367.86,179.90,351.10,790.52,-1,-1,-1,-1
425,1,379.04,189.46,279.49,753.98,-1,-1,-1,-1
425,5,952.07,86.23,347.49,973.87,-1,-1,-1,-1
426,0,1365.65,186.49,352.30,791.13,-1,-1,-1,-1
426,1,368.66,189.15,270.13,750.41,-1,-1,-1,-1
426,5,988.20,89.69,344.85,971.97,-1,-1,-1,-1
427,0,1363.88,193.57,342.57,785.37,-1,-1,-1,-1
427,1,357.53,188.75,255.97,751.01,-1,-1,-1,-1
427,5,1026.36,83.98,341.19,982.65,-1,-1,-1,-1
428,0,1375.12,198.97,298.83,776.42,-1,-1,-1,-1
428,1,340.73,187.00,238.77,754.28,-1,-1,-1,-1
428,5,1055.21,75.08,371.17,993.25,-1,-1,-1,-1
429,0,1375.25,194.25,258.96,766.77,-1,-1,-1,-1
429,1,322.70,172.23,235.69,789.45,-1,-1,-1,-1
429,5,1089.47,74.12,408.51,992.85,-1,-1,-1,-1
430,0,1369.61,195.08,213.71,745.11,-1,-1,-1,-1
430,1,308.79,169.37,238.97,810.56,-1,-1,-1,-1
430,5,1123.22,69.73,418.25,1004.92,-1,-1,-1,-1
431,0,1360.15,199.59,209.61,730.93,-1,-1,-1,-1
431,1,297.50,159.58,237.28,842.18,-1,-1,-1,-1
431,5,1152.96,76.91,416.05,996.01,-1,-1,-1,-1
432,0,1350.68,204.10,205.51,716.75,-1,-1,-1,-1
432,1,286.11,162.39,242.82,847.78,-1,-1,-1,-1
432,5,1176.10,84.84,408.52,988.09,-1,-1,-1,-1
433,0,1341.21,208.62,201.41,702.57,-1,-1,-1,-1
433,1,271.21,164.04,254.17,854.00,-1,-1,-1,-1
433,5,1202.75,91.10,406.19,980.39,-1,-1,-1,-1
434,0,1331.75,213.13,197.31,688.39,-1,-1,-1,-1
434,1,248.95,154.34,276.09,877.60,-1,-1,-1,-1
434,5,1231.06,96.73,399.84,966.54,-1,-1,-1,-1
435,1,227.83,148.44,303.84,894.58,-1,-1,-1,-1
435,5,1252.36,92.54,404.92,974.65,-1,-1,-1,-1
436,0,1239.15,238.93,143.55,595.52,-1,-1,-1,-1
436,1,203.27,143.94,325.94,906.87,-1,-1,-1,-1
436,5,1262.10,88.01,425.20,986.97,-1,-1,-1,-1
437,0,1196.53,217.56,190.49,628.50,-1,-1,-1,-1
437,1,188.20,140.85,336.84,912.18,-1,-1,-1,-1
437,5,1268.27,90.42,453.68,981.88,-1,-1,-1,-1
438,0,1167.71,217.12,204.99,621.50,-1,-1,-1,-1
438,1,174.51,136.08,338.54,922.95,-1,-1,-1,-1
438,5,1277.25,106.15,465.07,961.72,-1,-1,-1,-1
439,0,1149.34,206.33,201.65,630.61,-1,-1,-1,-1
439,1,161.43,128.33,343.11,941.09,-1,-1,-1,-1
439,5,1311.40,111.59,441.86,958.31,-1,-1,-1,-1
440,0,1132.28,199.36,203.03,635.51,-1,-1,-1,-1
440,1,151.85,130.19,351.98,944.91,-1,-1,-1,-1
440,5,1334.17,123.88,428.44,942.78,-1,-1,-1,-1
441,0,1110.05,208.27,221.91,615.24,-1,-1,-1,-1
441,1,146.04,137.69,364.65,936.74,-1,-1,-1,-1
441,5,1350.94,130.83,410.96,933.71,-1,-1,-1,-1
442,0,1087.21,201.93,240.64,629.78,-1,-1,-1,-1
442,1,140.22,137.46,383.24,937.46,-1,-1,-1,-1
442,5,1362.11,137.66,397.14,924.15,-1,-1,-1,-1
443,0,1069.79,216.67,249.56,610.49,-1,-1,-1,-1
443,1,141.74,124.71,400.50,956.29,-1,-1,-1,-1
443,5,1371.73,142.86,382.40,917.75,-1,-1,-1,-1
444,0,1052.31,230.55,260.76,596.71,-1,-1,-1,-1
444,1,142.25,115.46,424.12,963.10,-1,-1,-1,-1
444,5,1378.19,144.67,374.69,912.21,-1,-1,-1,-1
445,0,1043.12,228.70,253.63,607.17,-1,-1,-1,-1
445,1,159.38,103.80,428.02,972.02,-1,-1,-1,-1
445,5,1388.31,146.10,351.24,908.70,-1,-1,-1,-1
446,0,1027.96,225.88,244.20,610.40,-1,-1,-1,-1
446,1,169.91,105.12,469.23,949.58,-1,-1,-1,-1
446,5,1391.45,143.91,341.42,909.46,-1,-1,-1,-1
447,0,1014.11,229.84,232.88,595.13,-1,-1,-1,-1
447,1,179.23,104.82,466.61,944.21,-1,-1,-1,-1
447,5,1390.60,149.37,339.79,891.50,-1,-1,-1,-1
448,0,1001.45,232.52,225.81,582.76,-1,-1,-1,-1
448,1,207.35,116.85,547.21,924.00,-1,-1,-1,-1
448,5,1392.24,149.41,331.39,884.07,-1,-1,-1,-1
449,0,994.43,231.49,210.16,579.91,-1,-1,-1,-1
449,1,228.93,120.12,540.87,913.18,-1,-1,-1,-1
449,5,1392.46,150.56,328.69,874.31,-1,-1,-1,-1
450,0,982.93,234.82,204.91,565.32,-1,-1,-1,-1
450,1,250.51,123.40,534.53,902.35,-1,-1,-1,-1
450,5,1392.58,153.77,323.36,871.71,-1,-1,-1,-1
451,0,958.52,226.22,211.58,568.28,-1,-1,-1,-1
451,1,299.27,96.69,543.17,957.24,-1,-1,-1,-1
451,5,1393.79,156.03,318.12,862.95,-1,-1,-1,-1
452,0,933.91,235.85,214.97,560.41,-1,-1,-1,-1
452,1,338.27,81.77,544.02,974.80,-1,-1,-1,-1
452,5,1390.61,150.56,310.04,876.62,-1,-1,-1,-1
453,0,911.15,245.60,228.49,556.78,-1,-1,-1,-1
453,1,398.61,65.32,489.53,1006.52,-1,-1,-1,-1
453,5,1389.50,150.75,300.32,870.44,-1,-1,-1,-1
454,0,901.51,245.62,236.12,560.20,-1,-1,-1,-1
454,1,458.86,54.28,450.00,1020.38,-1,-1,-1,-1
454,5,1391.87,159.93,292.93,826.08,-1,-1,-1,-1
455,0,898.66,241.10,222.27,562.95,-1,-1,-1,-1
455,1,509.13,31.04,436.67,1052.35,-1,-1,-1,-1
455,5,1386.88,167.35,290.99,795.11,-1,-1,-1,-1
456,0,888.48,238.91,219.23,566.43,-1,-1,-1,-1
456,1,566.72,25.22,408.91,1058.83,-1,-1,-1,-1
456,5,1385.30,168.89,280.15,771.58,-1,-1,-1,-1
457,0,880.89,240.75,211.46,560.00,-1,-1,-1,-1
457,1,603.62,41.80,416.66,1031.12,-1,-1,-1,-1
457,5,1382.75,169.17,273.52,756.37,-1,-1,-1,-1
458,0,864.82,236.87,210.03,572.31,-1,-1,-1,-1
458,1,647.15,49.74,404.80,1014.46,-1,-1,-1,-1
458,5,1379.26,167.48,266.47,748.42,-1,-1,-1,-1
459,0,849.92,234.77,211.69,576.84,-1,-1,-1,-1
459,1,712.08,47.43,366.03,1021.11,-1,-1,-1,-1
459,5,1374.53,172.30,250.53,728.33,-1,-1,-1,-1
460,0,835.02,232.68,213.34,581.37,-1,-1,-1,-1
460,1,739.10,36.24,438.97,1026.27,-1,-1,-1,-1
460,5,1369.34,168.26,229.31,728.59,-1,-1,-1,-1
461,0,770.46,265.45,188.56,569.76,-1,-1,-1,-1
461,1,781.09,33.01,439.50,1027.46,-1,-1,-1,-1
461,5,1365.90,166.28,211.36,733.56,-1,-1,-1,-1
462,0,734.72,260.40,197.61,587.53,-1,-1,-1,-1
462,1,823.09,29.78,440.02,1028.66,-1,-1,-1,-1
462,5,1349.92,173.08,209.22,717.06,-1,-1,-1,-1
463,0,713.61,249.81,206.63,607.90,-1,-1,-1,-1
463,1,865.08,26.55,440.55,1029.85,-1,-1,-1,-1
463,5,1340.95,173.93,206.59,708.08,-1,-1,-1,-1
464,0,700.53,241.80,215.86,619.45,-1,-1,-1,-1
464,1,907.08,23.32,441.07,1031.04,-1,-1,-1,-1
464,5,1331.99,174.79,203.96,699.11,-1,-1,-1,-1
465,0,693.13,239.54,227.05,625.30,-1,-1,-1,-1
465,5,1323.02,175.64,201.33,690.13,-1,-1,-1,-1
466,0,680.89,230.25,229.24,642.34,-1,-1,-1,-1
466,5,1314.06,176.49,198.70,681.16,-1,-1,-1,-1
467,0,663.19,218.81,237.93,671.63,-1,-1,-1,-1
467,1,954.53,160.72,562.22,893.23,-1,-1,-1,-1
468,0,645.87,211.49,239.30,694.70,-1,-1,-1,-1
468,1,1001.76,178.53,547.87,870.28,-1,-1,-1,-1
469,0,620.34,203.14,249.74,720.84,-1,-1,-1,-1
469,1,1058.33,197.36,585.13,872.11,-1,-1,-1,-1
470,0,602.73,207.45,246.12,715.60,-1,-1,-1,-1
470,1,1107.79,212.43,575.99,858.33,-1,-1,-1,-1
471,0,579.00,210.18,252.06,713.09,-1,-1,-1,-1
471,1,1163.06,122.97,562.43,958.04,-1,-1,-1,-1
472,0,568.72,202.65,244.87,732.96,-1,-1,-1,-1
472,1,1187.82,132.02,562.50,930.69,-1,-1,-1,-1
473,0,541.76,200.23,264.10,752.08,-1,-1,-1,-1
473,1,1195.04,144.79,591.92,898.20,-1,-1,-1,-1
474,0,542.18,194.70,253.95,778.65,-1,-1,-1,-1
474,1,1237.27,149.71,584.27,886.44,-1,-1,-1,-1
475,0,545.53,193.11,246.31,799.46,-1,-1,-1,-1
475,1,1280.54,87.98,542.76,988.36,-1,-1,-1,-1
475,5,1151.91,193.70,180.49,640.09,-1,-1,-1,-1
476,0,516.88,195.85,284.37,822.42,-1,-1,-1,-1
476,1,1305.40,73.38,533.90,1001.13,-1,-1,-1,-1
476,5,1125.15,198.20,200.89,631.70,-1,-1,-1,-1
477,0,469.35,196.78,345.21,846.17,-1,-1,-1,-1
477,1,1319.08,81.86,543.85,981.29,-1,-1,-1,-1
477,5,1096.22,196.56,229.27,639.08,-1,-1,-1,-1
478,0,428.31,190.00,400.12,871.84,-1,-1,-1,-1
478,1,1338.74,79.42,532.25,985.38,-1,-1,-1,-1
478,5,1069.97,203.35,252.86,628.85,-1,-1,-1,-1
479,0,412.90,179.79,446.19,901.85,-1,-1,-1,-1
479,1,1353.81,79.53,508.15,982.63,-1,-1,-1,-1
479,5,1049.33,206.08,268.67,629.27,-1,-1,-1,-1
480,0,425.15,171.82,456.74,916.69,-1,-1,-1,-1
480,1,1368.52,88.34,488.27,965.08,-1,-1,-1,-1
480,5,1031.63,223.76,259.99,595.03,-1,-1,-1,-1
481,0,458.96,168.55,439.15,921.54,-1,-1,-1,-1
481,1,1384.40,93.20,450.08,954.49,-1,-1,-1,-1
481,5,1014.01,226.32,243.01,598.43,-1,-1,-1,-1
482,0,500.32,165.10,408.25,926.13,-1,-1,-1,-1
482,1,1395.28,98.74,417.03,951.41,-1,-1,-1,-1
482,5,995.97,220.54,222.81,612.15,-1,-1,-1,-1
483,0,549.36,163.49,355.97,926.47,-1,-1,-1,-1
483,1,1401.32,107.75,394.04,937.00,-1,-1,-1,-1
483,5,981.88,213.77,201.93,617.70,-1,-1,-1,-1
484,0,582.72,171.57,321.35,909.81,-1,-1,-1,-1
484,1,1403.42,114.93,382.72,926.88,-1,-1,-1,-1
484,5,953.55,208.17,205.97,625.56,-1,-1,-1,-1
485,0,611.22,171.73,294.13,902.00,-1,-1,-1,-1
485,1,1402.53,118.22,378.00,929.72,-1,-1,-1,-1
485,5,921.57,213.97,222.57,621.53,-1,-1,-1,-1
486,0,633.88,155.60,288.61,924.87,-1,-1,-1,-1
486,1,1402.96,128.05,370.74,909.54,-1,-1,-1,-1
486,5,903.17,213.91,232.83,612.29,-1,-1,-1,-1
487,0,659.66,144.03,285.69,937.16,-1,-1,-1,-1
487,1,1402.18,139.73,360.94,877.11,-1,-1,-1,-1
487,5,888.29,224.02,248.49,593.62,-1,-1,-1,-1
488,0,679.86,157.34,331.74,912.58,-1,-1,-1,-1
488,1,1400.19,141.54,352.98,863.24,-1,-1,-1,-1
488,5,879.63,236.87,228.51,564.78,-1,-1,-1,-1
489,0,712.62,135.84,332.26,942.86,-1,-1,-1,-1
489,1,1393.42,150.04,347.79,812.07,-1,-1,-1,-1
489,5,865.08,245.77,220.96,546.09,-1,-1,-1,-1
490,0,750.06,113.33,302.40,971.33,-1,-1,-1,-1
490,1,1387.52,138.55,338.16,804.08,-1,-1,-1,-1
490,5,850.54,254.68,213.41,527.40,-1,-1,-1,-1
491,0,772.15,112.59,297.61,963.47,-1,-1,-1,-1
491,1,1380.07,137.84,333.82,773.22,-1,-1,-1,-1
491,5,835.99,263.58,205.86,508.71,-1,-1,-1,-1
492,0,772.98,121.49,337.78,948.92,-1,-1,-1,-1
492,1,1374.60,130.23,331.34,782.96,-1,-1,-1,-1
492,5,821.44,272.49,198.30,490.02,-1,-1,-1,-1
493,0,778.14,117.05,372.97,957.28,-1,-1,-1,-1
493,1,1370.53,111.97,323.06,843.19,-1,-1,-1,-1
493,5,751.48,212.34,210.90,639.82,-1,-1,-1,-1
494,0,846.67,110.12,342.27,967.53,-1,-1,-1,-1
494,1,1358.29,106.07,326.63,874.49,-1,-1,-1,-1
494,5,720.65,214.51,227.27,645.37,-1,-1,-1,-1
495,0,896.95,94.91,340.48,983.63,-1,-1,-1,-1
495,1,1348.99,112.44,324.64,873.68,-1,-1,-1,-1
495,5,676.93,212.28,264.12,653.87,-1,-1,-1,-1
496,0,949.90,100.88,353.37,967.86,-1,-1,-1,-1
496,1,1339.26,129.11,314.66,844.12,-1,-1,-1,-1
496,5,652.15,218.40,278.83,648.60,-1,-1,-1,-1
497,0,1003.65,94.49,381.35,979.37,-1,-1,-1,-1
497,1,1333.41,139.16,306.30,833.69,-1,-1,-1,-1
497,5,636.26,222.98,276.99,648.02,-1,-1,-1,-1
498,0,1041.11,84.19,419.33,987.92,-1,-1,-1,-1
498,1,1338.62,143.91,279.45,825.68,-1,-1,-1,-1
498,5,624.10,225.00,266.29,644.65,-1,-1,-1,-1
499,0,1082.32,90.18,426.73,966.30,-1,-1,-1,-1
499,1,1330.00,160.82,242.15,777.46,-1,-1,-1,-1
499,5,615.54,219.72,236.01,653.64,-1,-1,-1,-1
500,0,1125.33,92.77,425.86,968.77,-1,-1,-1,-1
500,1,1321.93,173.53,234.00,751.39,-1,-1,-1,-1
500,5,595.70,214.82,212.62,660.80,-1,-1,-1,-1
501,0,1164.32,96.70,448.15,963.02,-1,-1,-1,-1
501,1,1313.87,186.24,225.85,725.31,-1,-1,-1,-1
501,5,565.00,214.55,217.55,656.43,-1,-1,-1,-1
502,0,1207.96,93.12,451.44,960.61,-1,-1,-1,-1
502,1,1305.80,198.96,217.70,699.23,-1,-1,-1,-1
502,5,525.82,214.81,242.96,654.01,-1,-1,-1,-1
503,0,1222.88,77.80,480.02,990.85,-1,-1,-1,-1
503,1,1297.74,211.67,209.56,673.15,-1,-1,-1,-1
503,5,483.37,218.36,278.30,653.76,-1,-1,-1,-1
504,0,1229.46,71.31,512.43,1001.88,-1,-1,-1,-1
504,1,1190.08,173.13,207.28,694.05,-1,-1,-1,-1
504,5,447.49,216.19,307.83,667.25,-1,-1,-1,-1
505,0,1265.33,63.98,518.38,1013.38,-1,-1,-1,-1
505,1,1162.44,173.19,213.25,680.65,-1,-1,-1,-1
505,5,430.58,218.71,315.04,668.40,-1,-1,-1,-1
506,0,1313.99,77.14,466.62,998.82,-1,-1,-1,-1
506,1,1138.91,177.86,235.76,683.04,-1,-1,-1,-1
506,5,424.73,225.77,303.99,660.11,-1,-1,-1,-1
507,0,1359.87,91.21,438.40,984.37,-1,-1,-1,-1
507,1,1119.37,185.06,248.10,675.16,-1,-1,-1,-1
507,5,418.34,230.73,289.55,659.37,-1,-1,-1,-1
508,0,1399.01,95.56,430.35,976.45,-1,-1,-1,-1
508,1,1105.80,201.68,246.49,641.79,-1,-1,-1,-1
508,5,406.94,228.53,270.57,662.54,-1,-1,-1,-1
509,0,1444.21,93.43,394.01,981.80,-1,-1,-1,-1
509,1,1099.21,204.48,232.72,632.86,-1,-1,-1,-1
509,5,388.81,219.70,267.02,685.02,-1,-1,-1,-1
510,0,1474.98,107.92,383.53,962.32,-1,-1,-1,-1
510,1,1095.78,195.97,216.42,635.00,-1,-1,-1,-1
510,5,371.24,206.81,270.87,722.27,-1,-1,-1,-1
511,0,1503.32,111.00,365.67,952.88,-1,-1,-1,-1
511,1,1089.70,187.45,208.60,639.88,-1,-1,-1,-1
511,5,357.78,208.33,270.50,728.17,-1,-1,-1,-1
512,0,1525.24,121.61,354.44,938.87,-1,-1,-1,-1
512,1,1078.22,184.12,204.46,637.68,-1,-1,-1,-1
512,5,342.90,206.87,267.00,743.82,-1,-1,-1,-1
513,0,1553.34,111.25,329.32,951.44,-1,-1,-1,-1
513,1,1055.62,188.12,213.20,627.52,-1,-1,-1,-1
513,5,332.24,207.59,259.29,753.67,-1,-1,-1,-1
514,0,1573.66,88.62,314.26,987.99,-1,-1,-1,-1
514,1,1033.45,196.79,219.79,607.73,-1,-1,-1,-1
514,5,325.22,207.82,255.20,764.22,-1,-1,-1,-1
515,0,1586.45,102.70,310.58,967.53,-1,-1,-1,-1
515,1,1014.25,193.29,227.32,611.66,-1,-1,-1,-1
515,5,313.13,205.51,273.97,770.63,-1,-1,-1,-1
516,0,1593.18,119.64,312.38,946.48,-1,-1,-1,-1
516,1,993.61,201.21,239.81,601.90,-1,-1,-1,-1
516,5,303.76,196.15,284.97,785.40,-1,-1,-1,-1
517,0,1594.61,134.91,315.82,928.94,-1,-1,-1,-1
517,1,976.35,206.28,254.78,597.06,-1,-1,-1,-1
517,5,297.71,191.00,293.26,794.06,-1,-1,-1,-1
518,0,1586.98,148.22,332.46,915.71,-1,-1,-1,-1
518,1,966.45,216.03,246.95,585.31,-1,-1,-1,-1
518,5,296.04,183.97,280.19,809.93,-1,-1,-1,-1
519,0,1569.15,142.64,358.97,930.09,-1,-1,-1,-1
519,1,963.60,223.36,216.57,570.89,-1,-1,-1,-1
519,5,289.90,171.53,273.17,842.97,-1,-1,-1,-1
520,0,1549.22,137.14,379.22,940.89,-1,-1,-1,-1
520,1,942.99,221.82,203.86,566.42,-1,-1,-1,-1
520,5,277.78,161.92,265.96,879.71,-1,-1,-1,-1
521,0,1530.79,134.05,395.15,939.37,-1,-1,-1,-1
521,1,920.79,212.07,197.30,580.50,-1,-1,-1,-1
521,5,263.19,167.93,269.06,870.02,-1,-1,-1,-1
522,0,1509.89,133.08,415.26,933.47,-1,-1,-1,-1
522,1,901.99,209.49,191.65,583.64,-1,-1,-1,-1
522,5,244.49,164.56,280.99,877.62,-1,-1,-1,-1
523,0,1492.70,139.73,424.90,916.06,-1,-1,-1,-1
523,1,878.36,212.21,205.09,583.96,-1,-1,-1,-1
523,5,225.53,166.79,297.26,877.62,-1,-1,-1,-1
524,0,1492.21,143.87,411.60,898.43,-1,-1,-1,-1
524,1,858.89,213.74,215.89,584.50,-1,-1,-1,-1
524,5,207.07,166.36,320.11,883.16,-1,-1,-1,-1
525,0,1505.95,145.56,384.99,887.77,-1,-1,-1,-1
525,1,840.64,217.73,234.52,576.79,-1,-1,-1,-1
525,5,193.90,162.76,335.22,890.99,-1,-1,-1,-1
526,0,1549.44,150.40,285.50,871.25,-1,-1,-1,-1
526,1,824.82,220.12,238.75,578.94,-1,-1,-1,-1
526,5,178.54,154.62,358.29,906.63,-1,-1,-1,-1
527,0,1551.69,160.96,255.03,848.79,-1,-1,-1,-1
527,1,816.99,215.50,214.45,587.45,-1,-1,-1,-1
527,5,162.25,146.61,383.76,922.46,-1,-1,-1,-1
528,0,1501.99,158.09,291.42,852.73,-1,-1,-1,-1
528,1,812.61,211.11,187.27,598.42,-1,-1,-1,-1
528,5,154.59,141.71,395.50,933.03,-1,-1,-1,-1
529,0,1458.92,153.95,318.10,853.66,-1,-1,-1,-1
529,1,800.61,208.95,178.24,598.62,-1,-1,-1,-1
529,5,147.10,143.61,403.07,930.09,-1,-1,-1,-1
530,0,1409.12,156.34,361.80,841.47,-1,-1,-1,-1
530,1,785.69,214.98,171.20,583.49,-1,-1,-1,-1
530,5,136.56,146.87,417.73,927.89,-1,-1,-1,-1
531,0,1378.08,151.27,382.92,841.28,-1,-1,-1,-1
531,1,767.46,206.86,176.71,602.73,-1,-1,-1,-1
531,5,129.34,153.59,428.93,911.55,-1,-1,-1,-1
532,0,1369.44,159.10,375.71,820.70,-1,-1,-1,-1
532,1,736.09,202.14,203.03,618.73,-1,-1,-1,-1
532,5,135.29,151.65,431.05,915.04,-1,-1,-1,-1
533,0,1372.86,163.18,357.48,804.05,-1,-1,-1,-1
533,1,698.03,201.57,237.94,634.42,-1,-1,-1,-1
533,5,136.90,151.98,438.91,910.86,-1,-1,-1,-1
534,0,1378.72,175.91,340.33,771.48,-1,-1,-1,-1
534,1,662.80,205.69,263.34,636.98,-1,-1,-1,-1
534,5,137.54,136.43,440.69,929.07,-1,-1,-1,-1
535,0,1387.62,182.24,324.99,757.62,-1,-1,-1,-1
535,1,641.40,207.45,274.19,637.50,-1,-1,-1,-1
535,5,138.10,125.40,460.12,946.94,-1,-1,-1,-1
536,0,1389.51,186.52,313.56,744.16,-1,-1,-1,-1
536,1,620.04,201.59,274.52,656.93,-1,-1,-1,-1
536,5,136.56,110.64,481.70,968.15,-1,-1,-1,-1
537,0,1395.39,192.54,287.96,729.51,-1,-1,-1,-1
537,1,580.64,197.69,293.81,668.95,-1,-1,-1,-1
537,5,133.94,100.29,509.73,976.22,-1,-1,-1,-1
538,0,1393.87,191.06,259.87,717.80,-1,-1,-1,-1
538,1,560.88,191.43,294.70,685.11,-1,-1,-1,-1
538,5,142.78,103.42,513.25,972.32,-1,-1,-1,-1
539,0,1375.38,182.41,251.25,719.11,-1,-1,-1,-1
539,1,575.48,192.89,257.83,677.34,-1,-1,-1,-1
539,5,152.96,100.96,523.37,968.02,-1,-1,-1,-1
540,0,1346.69,175.18,241.48,718.13,-1,-1,-1,-1
540,1,586.00,197.36,233.27,663.11,-1,-1,-1,-1
540,5,167.47,95.91,523.89,976.11,-1,-1,-1,-1
541,0,1311.83,182.69,252.59,700.37,-1,-1,-1,-1
541,1,589.11,201.92,220.32,650.16,-1,-1,-1,-1
541,5,186.95,88.45,529.07,983.21,-1,-1,-1,-1
542,0,1288.21,186.70,260.51,692.95,-1,-1,-1,-1
542,1,589.95,210.24,212.57,615.78,-1,-1,-1,-1
542,5,197.72,106.47,552.73,964.23,-1,-1,-1,-1
543,0,1280.18,197.73,254.24,677.60,-1,-1,-1,-1
543,1,587.49,202.45,211.06,641.37,-1,-1,-1,-1
543,5,229.30,102.17,530.85,962.22,-1,-1,-1,-1
544,0,1271.31,212.90,255.69,654.40,-1,-1,-1,-1
544,1,577.92,201.89,211.30,642.16,-1,-1,-1,-1
544,5,264.70,94.20,519.84,967.56,-1,-1,-1,-1
545,0,1254.02,219.48,272.85,643.98,-1,-1,-1,-1
545,1,568.36,201.34,211.54,642.95,-1,-1,-1,-1
545,5,304.10,73.66,501.86,993.54,-1,-1,-1,-1
546,0,1224.60,225.81,287.18,632.37,-1,-1,-1,-1
546,1,558.79,200.79,211.78,643.74,-1,-1,-1,-1
546,5,364.39,40.68,455.27,1035.64,-1,-1,-1,-1
547,0,1194.00,219.40,297.65,647.29,-1,-1,-1,-1
547,1,549.22,200.23,212.01,644.53,-1,-1,-1,-1
547,5,403.79,37.16,441.72,1033.50,-1,-1,-1,-1
548,0,1166.35,212.30,301.71,656.99,-1,-1,-1,-1
548,5,425.02,91.73,482.34,963.41,-1,-1,-1,-1
549,0,1150.00,206.13,298.18,666.21,-1,-1,-1,-1
549,5,455.43,80.19,489.15,976.90,-1,-1,-1,-1
550,0,1136.22,208.68,278.58,651.57,-1,-1,-1,-1
550,1,435.63,162.92,236.70,774.16,-1,-1,-1,-1
550,5,492.92,63.81,497.05,995.54,-1,-1,-1,-1
551,0,1129.82,213.69,255.77,634.86,-1,-1,-1,-1
551,1,408.78,167.14,266.64,775.74,-1,-1,-1,-1
551,5,581.26,47.27,485.87,1020.80,-1,-1,-1,-1
552,0,1117.39,215.37,260.14,625.07,-1,-1,-1,-1
552,1,391.14,166.23,280.93,797.86,-1,-1,-1,-1
552,5,659.92,26.53,486.88,1048.11,-1,-1,-1,-1
553,0,1109.31,213.01,260.59,627.95,-1,-1,-1,-1
553,1,379.75,167.32,281.79,819.08,-1,-1,-1,-1
553,5,743.97,28.68,461.94,1036.39,-1,-1,-1,-1
554,0,1099.89,215.79,265.21,618.40,-1,-1,-1,-1
554,1,371.68,163.20,281.22,848.38,-1,-1,-1,-1
554,5,812.99,24.30,472.35,1035.38,-1,-1,-1,-1
555,0,1086.99,217.12,262.47,611.98,-1,-1,-1,-1
555,1,361.64,152.16,286.07,885.95,-1,-1,-1,-1
555,5,878.77,38.32,455.40,1018.25,-1,-1,-1,-1
556,0,1074.09,218.46,259.73,605.55,-1,-1,-1,-1
556,1,353.85,158.04,296.33,883.45,-1,-1,-1,-1
556,5,928.21,41.45,430.50,1016.64,-1,-1,-1,-1
557,0,1061.20,219.80,256.99,599.12,-1,-1,-1,-1
557,1,352.38,159.59,300.73,883.96,-1,-1,-1,-1
557,5,965.45,29.30,431.92,1034.24,-1,-1,-1,-1
558,0,1048.30,221.14,254.24,592.69,-1,-1,-1,-1
558,1,351.95,156.41,307.15,884.29,-1,-1,-1,-1
558,5,988.43,27.63,446.58,1041.78,-1,-1,-1,-1
559,1,349.87,140.78,303.14,914.11,-1,-1,-1,-1
559,5,997.04,29.61,476.66,1044.85,-1,-1,-1,-1
560,0,955.10,244.52,204.50,622.21,-1,-1,-1,-1
560,1,350.60,131.63,305.45,932.73,-1,-1,-1,-1
560,5,1038.14,26.99,478.97,1049.82,-1,-1,-1,-1
561,0,927.17,231.66,220.90,643.04,-1,-1,-1,-1
561,1,350.65,135.63,306.49,932.31,-1,-1,-1,-1
561,5,1053.05,34.53,489.31,1042.95,-1,-1,-1,-1
562,0,903.79,230.92,232.83,647.07,-1,-1,-1,-1
562,1,352.36,139.26,310.53,923.31,-1,-1,-1,-1
562,5,1118.24,46.16,445.98,1029.49,-1,-1,-1,-1
563,0,885.54,226.67,239.17,649.74,-1,-1,-1,-1
563,1,351.96,133.71,316.32,932.85,-1,-1,-1,-1
563,5,1172.05,55.32,432.30,1017.68,-1,-1,-1,-1
564,0,874.74,225.64,223.15,647.20,-1,-1,-1,-1
564,1,347.32,129.53,340.18,935.73,-1,-1,-1,-1
564,5,1212.44,72.86,434.65,993.57,-1,-1,-1,-1
565,0,867.67,212.18,195.78,664.83,-1,-1,-1,-1
565,1,347.04,122.21,362.65,946.05,-1,-1,-1,-1
565,5,1241.42,80.90,448.90,984.96,-1,-1,-1,-1
566,0,856.33,215.54,185.95,661.45,-1,-1,-1,-1
566,1,349.02,123.86,377.66,935.72,-1,-1,-1,-1
566,5,1260.86,69.18,457.32,1006.76,-1,-1,-1,-1
567,0,833.77,214.54,199.74,661.45,-1,-1,-1,-1
567,1,356.54,112.32,387.18,947.28,-1,-1,-1,-1
567,5,1278.35,72.51,467.79,999.05,-1,-1,-1,-1
568,0,799.03,216.32,229.93,654.16,-1,-1,-1,-1
568,1,365.41,104.60,403.73,958.08,-1,-1,-1,-1
568,5,1280.88,81.88,493.63,988.09,-1,-1,-1,-1
569,0,762.61,215.99,257.05,659.20,-1,-1,-1,-1
569,1,365.53,103.29,433.41,958.80,-1,-1,-1,-1
569,5,1291.01,82.52,492.68,993.09,-1,-1,-1,-1
570,0,729.89,219.44,275.92,658.97,-1,-1,-1,-1
570,1,380.75,105.26,438.47,952.29,-1,-1,-1,-1
570,5,1301.00,94.09,485.77,976.96,-1,-1,-1,-1
571,0,718.37,227.70,268.67,646.66,-1,-1,-1,-1
571,1,398.03,95.52,438.03,965.47,-1,-1,-1,-1
571,5,1313.98,100.10,459.30,969.55,-1,-1,-1,-1
572,0,719.67,241.78,239.02,634.62,-1,-1,-1,-1
572,1,414.56,99.68,459.30,969.19,-1,-1,-1,-1
572,5,1325.72,107.03,431.02,967.15,-1,-1,-1,-1
573,0,702.64,248.21,235.88,626.28,-1,-1,-1,-1
573,1,442.66,92.54,476.65,981.98,-1,-1,-1,-1
573,5,1338.85,119.16,396.98,952.13,-1,-1,-1,-1
574,0,685.61,254.64,232.73,617.95,-1,-1,-1,-1
574,1,470.09,86.25,503.94,986.07,-1,-1,-1,-1
574,5,1349.01,122.60,369.49,945.48,-1,-1,-1,-1
575,0,668.58,261.07,229.59,609.61,-1,-1,-1,-1
575,1,505.70,78.24,519.43,985.70,-1,-1,-1,-1
575,5,1354.63,125.55,352.01,933.50,-1,-1,-1,-1
576,0,651.54,267.50,226.45,601.28,-1,-1,-1,-1
576,1,554.52,117.42,507.89,924.70,-1,-1,-1,-1
576,5,1357.92,116.41,342.49,945.12,-1,-1,-1,-1
577,1,577.72,73.72,507.43,988.62,-1,-1,-1,-1
577,5,1359.67,113.22,336.50,948.21,-1,-1,-1,-1
578,1,586.24,145.13,435.78,844.36,-1,-1,-1,-1
578,5,1356.73,117.81,323.54,941.26,-1,-1,-1,-1
579,0,524.31,207.34,303.28,729.94,-1,-1,-1,-1
579,1,658.70,85.74,426.15,950.58,-1,-1,-1,-1
579,5,1361.01,117.77,294.51,943.07,-1,-1,-1,-1
580,0,497.28,213.12,317.92,728.89,-1,-1,-1,-1
580,1,720.52,40.24,390.07,1027.02,-1,-1,-1,-1
580,5,1359.59,114.07,266.93,938.76,-1,-1,-1,-1
581,0,471.15,216.16,317.63,728.05,-1,-1,-1,-1
581,1,774.26,35.72,369.13,1042.10,-1,-1,-1,-1
581,5,1345.35,120.52,263.52,922.18,-1,-1,-1,-1
582,0,451.76,214.73,294.53,732.24,-1,-1,-1,-1
582,1,832.22,55.99,348.08,1017.73,-1,-1,-1,-1
582,5,1332.56,127.64,278.63,912.97,-1,-1,-1,-1
583,0,432.03,211.35,282.96,740.18,-1,-1,-1,-1
583,1,881.33,71.60,326.25,993.17,-1,-1,-1,-1
583,5,1322.25,123.58,294.43,922.85,-1,-1,-1,-1
584,0,404.56,201.79,284.35,759.13,-1,-1,-1,-1
584,1,931.22,38.35,318.13,1040.81,-1,-1,-1,-1
584,5,1310.55,131.18,318.97,916.33,-1,-1,-1,-1
585,0,380.34,194.31,281.99,782.15,-1,-1,-1,-1
585,1,967.32,26.49,334.76,1052.41,-1,-1,-1,-1
585,5,1301.66,145.27,320.32,887.35,-1,-1,-1,-1
586,0,357.54,189.64,286.06,801.18,-1,-1,-1,-1
586,1,989.21,37.22,371.91,1025.68,-1,-1,-1,-1
586,5,1295.02,152.81,301.64,857.41,-1,-1,-1,-1
587,0,341.12,182.98,284.95,835.23,-1,-1,-1,-1
587,1,1018.20,86.79,416.14,967.87,-1,-1,-1,-1
587,5,1284.99,168.27,278.63,801.38,-1,-1,-1,-1
588,0,328.32,186.87,282.75,841.39,-1,-1,-1,-1
588,1,1038.75,71.33,466.12,992.83,-1,-1,-1,-1
588,5,1281.84,183.79,265.66,764.08,-1,-1,-1,-1
589,0,309.50,183.55,287.80,853.53,-1,-1,-1,-1
589,1,1049.67,62.83,478.46,1002.25,-1,-1,-1,-1
589,5,1278.69,199.31,252.69,726.79,-1,-1,-1,-1
590,0,297.52,190.96,292.19,844.65,-1,-1,-1,-1
590,1,1076.91,57.60,464.67,1009.98,-1,-1,-1,-1
590,5,1275.54,214.84,239.72,689.49,-1,-1,-1,-1
591,0,283.94,182.01,299.63,870.51,-1,-1,-1,-1
591,1,1117.76,59.16,427.48,1010.51,-1,-1,-1,-1
591,5,1272.39,230.36,226.75,652.19,-1,-1,-1,-1
592,0,273.71,181.81,307.99,876.20,-1,-1,-1,-1
592,1,1146.18,62.33,441.49,1011.72,-1,-1,-1,-1
593,0,264.84,178.46,322.25,882.94,-1,-1,-1,-1
593,1,1180.77,63.54,451.08,1010.98,-1,-1,-1,-1
594,0,258.93,179.03,336.39,886.61,-1,-1,-1,-1
594,1,1214.79,60.40,451.79,1018.28,-1,-1,-1,-1
595,0,246.22,178.44,363.46,892.88,-1,-1,-1,-1
595,1,1240.92,100.37,449.30,962.66,-1,-1,-1,-1
595,5,1216.59,222.79,134.82,655.24,-1,-1,-1,-1
596,0,225.31,175.41,399.70,899.93,-1,-1,-1,-1
596,1,1254.52,81.46,436.40,993.78,-1,-1,-1,-1
596,5,1201.75,228.08,131.60,639.80,-1,-1,-1,-1
597,0,195.30,169.27,442.56,910.77,-1,-1,-1,-1
597,1,1251.53,87.31,450.00,984.60,-1,-1,-1,-1
597,5,1190.29,210.55,144.26,663.62,-1,-1,-1,-1
598,0,163.42,164.54,491.61,916.48,-1,-1,-1,-1
598,1,1292.09,98.77,400.47,968.73,-1,-1,-1,-1
598,5,1174.97,191.92,166.48,674.24,-1,-1,-1,-1
599,0,139.38,163.28,529.41,910.57,-1,-1,-1,-1
599,1,1320.10,101.90,365.33,968.70,-1,-1,-1,-1
599,5,1152.76,184.28,191.63,672.30,-1,-1,-1,-1
600,0,134.85,150.67,536.90,925.88,-1,-1,-1,-1
600,1,1342.33,125.83,329.00,915.48,-1,-1,-1,-1
600,5,1125.52,181.12,222.07,669.90,-1,-1,-1,-1
601,0,154.18,139.13,505.65,940.90,-1,-1,-1,-1
601,1,1351.68,137.11,307.91,886.35,-1,-1,-1,-1
601,5,1105.60,183.42,246.91,666.49,-1,-1,-1,-1
602,0,184.55,135.39,464.82,938.03,-1,-1,-1,-1
602,1,1343.79,140.39,305.22,881.92,-1,-1,-1,-1
602,5,1093.82,198.51,248.59,643.25,-1,-1,-1,-1
603,0,234.07,131.38,407.33,945.12,-1,-1,-1,-1
603,1,1334.52,128.32,300.56,887.37,-1,-1,-1,-1
603,5,1084.17,204.44,240.97,633.73,-1,-1,-1,-1
604,0,279.20,142.56,366.37,924.30,-1,-1,-1,-1
604,1,1321.42,114.93,301.76,895.34,-1,-1,-1,-1
604,5,1075.07,208.91,214.25,627.36,-1,-1,-1,-1
605,0,311.66,140.24,347.62,926.13,-1,-1,-1,-1
605,1,1313.03,112.79,299.75,885.53,-1,-1,-1,-1
605,5,1059.05,202.23,207.18,635.75,-1,-1,-1,-1
606,0,344.14,149.67,344.81,914.74,-1,-1,-1,-1
606,1,1313.46,112.02,299.39,878.44,-1,-1,-1,-1
606,5,1035.89,213.66,212.02,623.71,-1,-1,-1,-1
607,0,376.17,127.87,350.74,948.23,-1,-1,-1,-1
607,1,1325.71,120.33,277.93,862.99,-1,-1,-1,-1
607,5,1012.51,207.08,216.38,636.28,-1,-1,-1,-1
608,0,411.07,119.36,347.93,955.24,-1,-1,-1,-1
608,1,1329.88,124.93,270.00,848.85,-1,-1,-1,-1
608,5,982.69,204.96,231.47,640.68,-1,-1,-1,-1
609,0,441.41,108.97,352.61,962.36,-1,-1,-1,-1
609,1,1328.01,130.54,277.63,838.94,-1,-1,-1,-1
609,5,954.58,209.39,247.89,631.07,-1,-1,-1,-1
610,0,483.03,98.11,331.74,963.39,-1,-1,-1,-1
610,1,1325.49,129.84,268.68,844.96,-1,-1,-1,-1
610,5,930.73,208.55,259.55,630.84,-1,-1,-1,-1
611,0,516.57,79.20,337.37,991.52,-1,-1,-1,-1
611,1,1317.89,138.98,265.01,823.04,-1,-1,-1,-1
611,5,908.46,212.88,267.22,621.54,-1,-1,-1,-1
612,0,559.20,84.63,334.79,978.13,-1,-1,-1,-1
612,1,1303.10,145.04,256.91,802.49,-1,-1,-1,-1
612,5,891.63,216.76,253.19,611.08,-1,-1,-1,-1
613,0,596.64,76.93,330.11,982.08,-1,-1,-1,-1
613,1,1287.68,149.25,255.76,790.98,-1,-1,-1,-1
613,5,883.02,209.28,227.64,617.30,-1,-1,-1,-1
614,0,634.34,73.18,361.09,989.88,-1,-1,-1,-1
614,1,1253.92,150.45,273.59,786.68,-1,-1,-1,-1
614,5,889.46,213.81,168.12,596.90,-1,-1,-1,-1
615,0,688.70,82.01,356.46,961.75,-1,-1,-1,-1
615,1,1206.94,150.32,306.34,791.74,-1,-1,-1,-1
615,5,870.49,216.71,165.30,586.98,-1,-1,-1,-1
616,0,742.11,81.43,362.56,943.87,-1,-1,-1,-1
616,1,1174.50,148.40,327.40,797.37,-1,-1,-1,-1
616,5,851.53,219.60,162.49,577.05,-1,-1,-1,-1
617,0,782.59,63.26,380.81,970.98,-1,-1,-1,-1
617,1,1162.59,156.30,324.03,787.04,-1,-1,-1,-1
617,5,832.57,222.50,159.67,567.12,-1,-1,-1,-1
618,0,824.19,56.06,382.75,975.93,-1,-1,-1,-1
618,1,1150.86,170.01,322.06,763.14,-1,-1,-1,-1
618,5,751.18,227.16,175.01,582.58,-1,-1,-1,-1
619,0,865.80,48.86,384.69,980.87,-1,-1,-1,-1
619,1,1144.84,182.87,316.49,745.36,-1,-1,-1,-1
619,5,722.01,216.34,192.67,623.79,-1,-1,-1,-1
620,0,907.40,41.66,386.64,985.82,-1,-1,-1,-1
620,1,1164.46,192.34,277.40,691.87,-1,-1,-1,-1
620,5,690.50,221.46,225.03,629.98,-1,-1,-1,-1
621,0,913.60,44.78,477.77,1019.32,-1,-1,-1,-1
621,1,1168.26,192.17,278.48,672.51,-1,-1,-1,-1
621,5,669.27,230.59,236.43,617.41,-1,-1,-1,-1
622,0,954.63,37.56,483.58,1031.60,-1,-1,-1,-1
622,1,1186.30,217.86,240.38,529.65,-1,-1,-1,-1
622,5,651.60,236.52,231.44,609.30,-1,-1,-1,-1
623,0,995.66,30.34,489.39,1043.89,-1,-1,-1,-1
623,1,1197.70,246.03,203.92,449.28,-1,-1,-1,-1
623,5,637.32,241.00,217.64,600.68,-1,-1,-1,-1
624,0,1036.70,23.12,495.21,1056.18,-1,-1,-1,-1
624,1,1209.10,274.20,167.45,368.92,-1,-1,-1,-1
624,5,624.85,233.82,203.15,612.55,-1,-1,-1,-1
625,0,1077.73,15.89,501.02,1068.46,-1,-1,-1,-1
625,1,1220.51,302.37,130.98,288.55,-1,-1,-1,-1
625,5,602.25,228.51,206.01,622.54,-1,-1,-1,-1
626,0,1104.79,57.17,507.22,1011.85,-1,-1,-1,-1
626,1,1231.92,330.54,94.51,208.18,-1,-1,-1,-1
626,5,560.91,218.71,238.74,634.57,-1,-1,-1,-1
627,0,1118.39,69.76,511.81,1004.55,-1,-1,-1,-1
627,5,533.23,209.95,266.52,648.80,-1,-1,-1,-1
628,0,1158.15,73.91,509.49,999.86,-1,-1,-1,-1
628,1,1058.24,182.59,223.35,651.69,-1,-1,-1,-1
628,5,519.59,208.84,266.11,657.19,-1,-1,-1,-1
629,0,1229.68,69.53,439.67,1000.23,-1,-1,-1,-1
629,1,1026.92,174.71,249.31,667.39,-1,-1,-1,-1
629,5,514.23,206.20,256.68,665.69,-1,-1,-1,-1
630,0,1269.67,68.13,415.18,1001.26,-1,-1,-1,-1
630,1,1004.49,180.82,253.27,653.98,-1,-1,-1,-1
630,5,512.57,203.62,242.34,672.01,-1,-1,-1,-1
631,0,1306.89,72.64,404.22,1001.65,-1,-1,-1,-1
631,1,1005.77,185.38,219.75,639.08,-1,-1,-1,-1
631,5,504.77,213.49,236.15,649.40,-1,-1,-1,-1
632,0,1330.90,81.85,405.92,989.87,-1,-1,-1,-1
632,1,999.85,182.51,207.76,642.48,-1,-1,-1,-1
632,5,489.52,211.03,243.65,646.97,-1,-1,-1,-1
633,0,1354.77,91.41,405.90,981.19,-1,-1,-1,-1
633,1,984.79,182.26,207.25,638.33,-1,-1,-1,-1
633,5,461.57,208.00,263.35,653.14,-1,-1,-1,-1
634,0,1383.41,93.73,403.60,982.92,-1,-1,-1,-1
634,1,962.69,191.04,221.92,619.47,-1,-1,-1,-1
634,5,432.60,208.79,285.79,662.70,-1,-1,-1,-1
635,0,1401.88,90.39,430.39,988.40,-1,-1,-1,-1
635,1,943.19,201.00,236.91,604.82,-1,-1,-1,-1
635,5,412.69,216.68,294.17,663.53,-1,-1,-1,-1
636,0,1419.08,86.59,442.86,995.11,-1,-1,-1,-1
636,1,923.73,198.39,251.31,611.75,-1,-1,-1,-1
636,5,407.21,209.63,286.64,688.62,-1,-1,-1,-1
637,0,1428.79,86.52,462.59,995.87,-1,-1,-1,-1
637,1,904.72,198.35,268.69,616.96,-1,-1,-1,-1
637,5,405.53,204.98,278.37,708.80,-1,-1,-1,-1
638,0,1429.23,87.37,480.98,994.81,-1,-1,-1,-1
638,1,890.15,202.92,267.78,608.97,-1,-1,-1,-1
638,5,407.20,211.73,269.52,702.62,-1,-1,-1,-1
639,0,1425.11,89.30,493.34,985.80,-1,-1,-1,-1
639,1,872.05,211.55,252.94,589.62,-1,-1,-1,-1
639,5,412.59,210.99,257.98,706.05,-1,-1,-1,-1
640,0,1424.39,98.45,492.16,967.61,-1,-1,-1,-1
640,1,852.50,225.77,237.63,564.58,-1,-1,-1,-1
640,5,413.44,208.96,255.64,712.77,-1,-1,-1,-1
641,0,1430.52,112.33,476.98,952.08,-1,-1,-1,-1
641,1,820.27,214.00,271.51,578.33,-1,-1,-1,-1
641,5,416.87,200.09,250.89,734.93,-1,-1,-1,-1
642,0,1437.30,115.04,454.92,950.42,-1,-1,-1,-1
642,1,793.30,205.23,303.82,593.76,-1,-1,-1,-1
642,5,428.45,191.27,235.91,763.65,-1,-1,-1,-1
643,0,1452.12,125.67,415.06,931.61,-1,-1,-1,-1
643,1,767.43,203.29,339.14,600.45,-1,-1,-1,-1
643,5,439.29,173.95,221.37,812.72,-1,-1,-1,-1
644,0,1462.48,131.81,383.07,923.23,-1,-1,-1,-1
644,1,750.17,201.43,364.73,609.55,-1,-1,-1,-1
644,5,449.47,172.73,209.22,816.41,-1,-1,-1,-1
645,0,1460.07,129.49,374.81,929.78,-1,-1,-1,-1
645,1,741.92,203.84,375.90,610.94,-1,-1,-1,-1
645,5,457.79,168.98,205.31,833.68,-1,-1,-1,-1
646,0,1467.75,136.00,348.48,919.23,-1,-1,-1,-1
646,1,740.55,210.61,362.42,603.64,-1,-1,-1,-1
646,5,458.79,178.14,211.01,826.94,-1,-1,-1,-1
647,0,1466.14,137.82,332.65,911.98,-1,-1,-1,-1
647,1,740.03,212.50,334.73,605.04,-1,-1,-1,-1
647,5,449.32,182.74,240.20,825.52,-1,-1,-1,-1
648,0,1455.65,139.91,325.28,913.97,-1,-1,-1,-1
648,1,733.00,212.59,332.58,611.04,-1,-1,-1,-1
648,5,439.53,180.69,271.91,841.36,-1,-1,-1,-1
649,0,1441.93,138.85,325.76,911.48,-1,-1,-1,-1
649,1,721.77,207.23,318.88,619.96,-1,-1,-1,-1
649,5,428.18,181.84,302.60,844.79,-1,-1,-1,-1
650,0,1432.64,150.01,323.50,881.10,-1,-1,-1,-1
650,1,709.58,209.60,316.36,613.30,-1,-1,-1,-1
650,5,425.49,179.70,315.82,859.78,-1,-1,-1,-1
651,0,1417.76,163.60,323.71,851.81,-1,-1,-1,-1
651,1,701.08,204.99,295.72,612.09,-1,-1,-1,-1
651,5,426.75,176.41,324.10,873.20,-1,-1,-1,-1
652,0,1397.40,163.96,325.21,850.99,-1,-1,-1,-1
652,1,689.85,203.14,288.54,617.84,-1,-1,-1,-1
652,5,431.54,181.43,330.55,866.73,-1,-1,-1,-1
653,0,1370.69,168.69,334.61,824.70,-1,-1,-1,-1
653,1,680.76,202.16,292.10,621.31,-1,-1,-1,-1
653,5,444.80,172.80,325.82,889.68,-1,-1,-1,-1
654,0,1351.63,163.49,328.94,828.28,-1,-1,-1,-1
654,1,665.62,195.53,301.33,661.28,-1,-1,-1,-1
654,5,456.54,170.45,357.31,903.83,-1,-1,-1,-1
655,0,1350.45,166.00,306.32,804.34,-1,-1,-1,-1
655,1,647.94,209.55,332.57,601.55,-1,-1,-1,-1
655,5,473.05,174.83,437.56,898.56,-1,-1,-1,-1
656,0,1357.91,172.05,280.79,778.21,-1,-1,-1,-1
656,1,641.92,216.72,323.86,585.70,-1,-1,-1,-1
656,5,492.15,172.78,483.17,901.68,-1,-1,-1,-1
657,0,1362.91,174.38,264.56,763.93,-1,-1,-1,-1
657,1,635.91,223.90,315.15,569.85,-1,-1,-1,-1
657,5,519.44,160.56,466.47,917.81,-1,-1,-1,-1
658,0,1352.44,176.20,256.92,750.27,-1,-1,-1,-1
658,1,629.89,231.07,306.43,554.00,-1,-1,-1,-1
658,5,568.17,159.87,368.71,918.21,-1,-1,-1,-1
659,0,1328.92,180.23,282.89,735.28,-1,-1,-1,-1
659,1,623.88,238.25,297.71,538.15,-1,-1,-1,-1
659,5,586.58,153.45,333.64,923.68,-1,-1,-1,-1
660,0,1309.43,186.33,304.94,720.23,-1,-1,-1,-1
660,5,573.50,154.03,371.76,922.71,-1,-1,-1,-1
661,0,1297.92,190.54,315.65,708.73,-1,-1,-1,-1
661,5,569.71,152.75,401.48,922.21,-1,-1,-1,-1
662,0,1280.63,190.92,330.37,698.49,-1,-1,-1,-1
662,5,549.83,146.33,468.57,925.34,-1,-1,-1,-1
663,0,1267.57,190.73,319.17,689.84,-1,-1,-1,-1
663,1,529.47,149.68,237.03,821.58,-1,-1,-1,-1
663,5,586.77,146.12,483.81,929.39,-1,-1,-1,-1