43,0,7.87,260.97,258.65,590.54,-1,-1,-1,-1
44,0,6.77,254.36,262.33,599.23,-1,-1,-1,-1
45,0,9.18,259.16,262.47,586.61,-1,-1,-1,-1
46,0,12.88,254.67,261.92,590.04,-1,-1,-1,-1
47,0,16.11,251.76,258.39,600.40,-1,-1,-1,-1
48,0,28.29,245.18,242.69,615.82,-1,-1,-1,-1
49,0,35.22,247.25,234.78,613.70,-1,-1,-1,-1
50,0,43.37,249.94,224.18,614.91,-1,-1,-1,-1
51,0,44.58,246.10,225.42,633.78,-1,-1,-1,-1
52,0,43.29,249.55,237.84,636.86,-1,-1,-1,-1
53,0,44.45,250.62,248.92,641.06,-1,-1,-1,-1
54,0,39.65,257.59,262.59,632.86,-1,-1,-1,-1
55,0,34.64,251.08,288.60,642.84,-1,-1,-1,-1
56,0,25.64,244.34,327.71,656.89,-1,-1,-1,-1
57,0,20.34,241.03,354.19,667.04,-1,-1,-1,-1
58,0,25.63,237.77,364.07,677.56,-1,-1,-1,-1
59,0,53.62,238.56,332.62,688.82,-1,-1,-1,-1
60,0,90.71,237.47,282.88,694.51,-1,-1,-1,-1
61,0,111.78,237.43,257.79,695.81,-1,-1,-1,-1
62,0,135.07,237.72,243.22,696.28,-1,-1,-1,-1
63,0,146.58,226.16,254.75,723.36,-1,-1,-1,-1
64,0,140.34,219.60,301.70,738.72,-1,-1,-1,-1
65,0,142.66,212.41,346.01,761.20,-1,-1,-1,-1
66,0,132.25,215.65,391.16,763.22,-1,-1,-1,-1
67,0,130.93,220.90,409.22,767.54,-1,-1,-1,-1
68,0,142.25,219.72,410.23,782.98,-1,-1,-1,-1
69,0,149.40,216.39,406.98,798.65,-1,-1,-1,-1
70,0,170.37,202.88,370.18,826.12,-1,-1,-1,-1
71,0,189.35,192.86,338.00,855.24,-1,-1,-1,-1
72,0,205.32,183.40,309.32,876.90,-1,-1,-1,-1
73,0,214.09,178.70,294.43,890.71,-1,-1,-1,-1
74,0,220.51,183.74,293.68,878.64,-1,-1,-1,-1
75,0,232.23,182.31,290.61,875.46,-1,-1,-1,-1
76,0,241.41,180.74,296.24,879.61,-1,-1,-1,-1
77,0,258.69,179.61,289.70,877.84,-1,-1,-1,-1
78,0,275.41,169.98,277.73,886.22,-1,-1,-1,-1
79,0,281.33,158.67,287.59,905.22,-1,-1,-1,-1
80,0,280.03,160.25,315.31,902.43,-1,-1,-1,-1
81,0,264.27,163.39,371.30,905.21,-1,-1,-1,-1
82,0,244.44,146.91,448.88,926.79,-1,-1,-1,-1
83,0,227.59,149.10,536.53,920.37,-1,-1,-1,-1
84,0,240.10,146.68,538.85,924.31,-1,-1,-1,-1
85,0,252.62,144.25,541.17,928.26,-1,-1,-1,-1
86,0,269.83,142.69,566.17,930.18,-1,-1,-1,-1
87,0,332.92,143.74,483.18,923.47,-1,-1,-1,-1
88,0,396.17,139.52,410.40,926.53,-1,-1,-1,-1
89,0,438.26,129.15,391.23,936.24,-1,-1,-1,-1
90,0,481.54,104.97,389.96,970.85,-1,-1,-1,-1
91,0,505.22,118.90,451.38,956.62,-1,-1,-1,-1
92,0,531.95,115.72,453.37,960.83,-1,-1,-1,-1
93,0,558.68,112.53,455.37,965.05,-1,-1,-1,-1
94,0,585.42,109.35,457.36,969.26,-1,-1,-1,-1
95,0,638.32,141.13,559.58,862.56,-1,-1,-1,-1
96,0,705.74,113.20,498.73,926.30,-1,-1,-1,-1
97,0,750.18,120.05,469.54,936.37,-1,-1,-1,-1
98,0,788.78,111.23,444.65,951.97,-1,-1,-1,-1
99,0,827.29,104.88,437.41,963.31,-1,-1,-1,-1
100,0,852.81,112.86,448.60,959.37,-1,-1,-1,-1
101,0,883.76,124.73,448.02,945.28,-1,-1,-1,-1
102,0,909.60,124.77,444.91,950.59,-1,-1,-1,-1
103,0,935.93,126.02,445.18,947.46,-1,-1,-1,-1
104,0,956.17,125.02,439.38,946.56,-1,-1,-1,-1
105,0,968.02,130.19,447.93,933.75,-1,-1,-1,-1
106,0,1004.92,117.23,424.23,953.26,-1,-1,-1,-1
107,0,1042.50,124.22,400.05,943.66,-1,-1,-1,-1
108,0,1092.33,128.65,361.76,933.09,-1,-1,-1,-1
109,0,1125.20,134.46,341.21,927.52,-1,-1,-1,-1
110,0,1153.75,150.74,328.41,905.82,-1,-1,-1,-1
111,0,1175.17,148.08,315.52,918.56,-1,-1,-1,-1
112,0,1189.73,142.01,309.24,927.44,-1,-1,-1,-1
113,0,1195.02,140.63,316.67,917.70,-1,-1,-1,-1
114,0,1197.11,133.11,319.23,930.09,-1,-1,-1,-1
115,0,1197.63,135.18,331.74,922.07,-1,-1,-1,-1
116,0,1209.46,137.99,325.06,911.49,-1,-1,-1,-1
117,0,1218.78,145.08,335.27,888.86,-1,-1,-1,-1
118,0,1232.44,169.29,334.28,842.45,-1,-1,-1,-1
119,0,1251.83,183.89,324.52,795.51,-1,-1,-1,-1
120,0,1274.54,184.71,303.60,789.89,-1,-1,-1,-1
121,0,1288.36,193.48,279.87,763.67,-1,-1,-1,-1
122,0,1290.12,184.19,258.98,763.52,-1,-1,-1,-1
123,0,1293.97,188.34,242.73,740.72,-1,-1,-1,-1
124,0,1306.87,181.71,215.18,743.26,-1,-1,-1,-1
125,0,1316.32,165.42,199.75,765.73,-1,-1,-1,-1
126,0,1313.44,162.87,215.72,773.50,-1,-1,-1,-1
127,0,1302.61,173.24,253.98,761.80,-1,-1,-1,-1
128,0,1290.30,186.71,299.39,751.90,-1,-1,-1,-1
129,0,1271.44,197.86,341.15,728.66,-1,-1,-1,-1
130,0,1248.56,205.00,375.81,709.17,-1,-1,-1,-1
131,0,1233.20,203.71,388.40,700.50,-1,-1,-1,-1
132,0,1227.45,206.09,372.78,677.95,-1,-1,-1,-1
133,0,1221.72,210.00,357.77,657.22,-1,-1,-1,-1
134,0,1224.31,220.56,313.34,632.49,-1,-1,-1,-1
135,0,1233.61,217.69,253.75,628.37,-1,-1,-1,-1
136,0,1235.24,212.26,221.78,643.24,-1,-1,-1,-1
137,0,1229.61,213.01,214.62,639.77,-1,-1,-1,-1
138,0,1193.08,213.13,233.96,630.22,-1,-1,-1,-1
139,0,1157.91,208.69,244.65,617.18,-1,-1,-1,-1
140,0,1119.76,198.32,258.51,627.46,-1,-1,-1,-1
141,0,1094.77,196.03,270.54,622.57,-1,-1,-1,-1
142,0,1076.42,201.07,278.33,610.23,-1,-1,-1,-1
143,0,1067.17,200.80,278.21,615.82,-1,-1,-1,-1
143,1,8.01,236.63,232.01,599.79,-1,-1,-1,-1
144,0,1063.52,210.19,273.73,603.94,-1,-1,-1,-1
144,1,11.84,244.93,260.33,585.92,-1,-1,-1,-1
145,0,1062.56,223.10,262.83,590.18,-1,-1,-1,-1
145,1,14.62,246.30,285.07,582.20,-1,-1,-1,-1
146,0,1062.72,223.48,251.03,592.62,-1,-1,-1,-1
146,1,16.81,255.45,293.10,570.05,-1,-1,-1,-1
147,0,1058.44,227.43,248.50,587.31,-1,-1,-1,-1
147,1,20.99,249.34,301.16,580.52,-1,-1,-1,-1
148,0,1056.09,223.71,217.14,591.05,-1,-1,-1,-1
148,1,29.07,246.94,302.84,582.98,-1,-1,-1,-1
149,0,1049.56,226.61,196.68,586.25,-1,-1,-1,-1
149,1,35.47,249.17,299.21,575.72,-1,-1,-1,-1
150,0,1033.52,229.53,172.72,577.00,-1,-1,-1,-1
150,1,46.68,236.92,282.54,597.09,-1,-1,-1,-1
151,0,1012.46,230.79,162.28,574.06,-1,-1,-1,-1
151,1,57.48,226.45,270.13,617.00,-1,-1,-1,-1
152,0,976.53,229.20,188.96,570.07,-1,-1,-1,-1
152,1,69.27,219.54,261.20,634.21,-1,-1,-1,-1
153,0,938.89,231.25,219.93,580.64,-1,-1,-1,-1
153,1,81.30,216.15,249.87,648.32,-1,-1,-1,-1
154,0,917.94,238.95,235.78,570.95,-1,-1,-1,-1
154,1,91.85,220.55,241.29,651.37,-1,-1,-1,-1
155,0,903.14,238.70,243.72,567.55,-1,-1,-1,-1
155,1,96.07,219.14,243.12,658.64,-1,-1,-1,-1
156,0,880.92,235.18,248.33,574.88,-1,-1,-1,-1
156,1,95.99,215.68,252.29,667.19,-1,-1,-1,-1
157,0,848.56,227.42,263.91,591.57,-1,-1,-1,-1
157,1,95.72,215.84,255.35,667.73,-1,-1,-1,-1
158,0,815.22,224.50,274.00,607.32,-1,-1,-1,-1
158,1,93.61,209.43,259.76,678.74,-1,-1,-1,-1
159,0,787.02,222.88,274.80,608.53,-1,-1,-1,-1
159,1,91.42,208.54,268.31,683.86,-1,-1,-1,-1
160,0,767.47,221.60,267.69,616.95,-1,-1,-1,-1
160,1,90.25,203.90,269.36,692.58,-1,-1,-1,-1
161,0,756.65,220.60,254.33,625.93,-1,-1,-1,-1
161,1,91.43,200.38,280.77,703.20,-1,-1,-1,-1
162,0,738.07,220.19,269.62,633.58,-1,-1,-1,-1
162,1,96.08,196.64,279.23,720.25,-1,-1,-1,-1
163,0,723.46,223.24,282.95,636.83,-1,-1,-1,-1
163,1,99.75,197.97,273.17,726.47,-1,-1,-1,-1
164,0,713.45,225.49,272.10,644.74,-1,-1,-1,-1
164,1,99.29,201.37,278.42,727.48,-1,-1,-1,-1
165,0,689.88,214.95,274.15,668.97,-1,-1,-1,-1
165,1,93.96,195.53,284.48,736.96,-1,-1,-1,-1
166,0,662.28,215.04,278.04,665.01,-1,-1,-1,-1
166,1,83.57,183.61,308.00,755.04,-1,-1,-1,-1
167,0,632.78,211.26,270.80,677.16,-1,-1,-1,-1
167,1,86.70,180.83,309.86,757.04,-1,-1,-1,-1
168,0,607.44,204.90,269.16,682.53,-1,-1,-1,-1
168,1,89.47,179.81,319.26,760.24,-1,-1,-1,-1
169,0,592.98,203.21,268.16,684.44,-1,-1,-1,-1
169,1,90.85,177.00,325.46,764.26,-1,-1,-1,-1
170,0,584.30,210.28,264.28,666.70,-1,-1,-1,-1
170,1,87.00,172.84,338.58,775.52,-1,-1,-1,-1
171,0,574.10,215.37,265.21,663.80,-1,-1,-1,-1
171,1,82.21,166.50,355.08,793.73,-1,-1,-1,-1
172,0,567.98,220.84,263.82,660.23,-1,-1,-1,-1
172,1,91.67,164.49,359.07,802.88,-1,-1,-1,-1
173,0,560.70,221.94,262.80,665.92,-1,-1,-1,-1
173,1,106.67,171.46,368.24,798.55,-1,-1,-1,-1
174,0,552.44,218.93,263.29,678.10,-1,-1,-1,-1
174,1,126.71,173.71,361.74,796.06,-1,-1,-1,-1
175,0,540.55,222.35,256.31,677.70,-1,-1,-1,-1
175,1,136.77,173.40,375.94,793.18,-1,-1,-1,-1
176,0,528.23,219.53,243.97,677.96,-1,-1,-1,-1
176,1,150.75,160.03,368.49,816.85,-1,-1,-1,-1
177,0,519.90,215.79,230.05,685.25,-1,-1,-1,-1
177,1,145.36,154.87,398.39,821.38,-1,-1,-1,-1
178,0,507.87,210.00,217.45,693.62,-1,-1,-1,-1
178,1,158.52,155.15,403.35,827.06,-1,-1,-1,-1
179,0,494.79,212.55,215.97,702.76,-1,-1,-1,-1
179,1,185.51,156.11,359.68,841.44,-1,-1,-1,-1
180,0,480.72,215.85,219.13,695.97,-1,-1,-1,-1
180,1,202.06,161.44,338.42,857.59,-1,-1,-1,-1
181,0,471.68,222.06,219.99,681.87,-1,-1,-1,-1
181,1,229.09,158.81,302.08,879.58,-1,-1,-1,-1
182,0,456.70,225.50,228.82,674.03,-1,-1,-1,-1
182,1,257.29,161.05,288.00,894.94,-1,-1,-1,-1
183,0,451.29,212.84,222.99,694.08,-1,-1,-1,-1
183,1,268.03,166.66,302.63,891.45,-1,-1,-1,-1
184,0,437.84,210.76,224.55,698.99,-1,-1,-1,-1
184,1,280.45,153.37,345.92,905.66,-1,-1,-1,-1
185,0,424.40,208.67,226.11,703.90,-1,-1,-1,-1
185,1,293.79,149.87,350.07,905.03,-1,-1,-1,-1
186,0,410.95,206.58,227.67,708.81,-1,-1,-1,-1
186,1,311.66,143.57,341.55,913.06,-1,-1,-1,-1
187,0,397.51,204.49,229.22,713.72,-1,-1,-1,-1
187,1,334.47,131.64,337.74,935.81,-1,-1,-1,-1
188,1,351.26,145.16,327.40,923.94,-1,-1,-1,-1
189,1,349.84,135.34,342.64,943.26,-1,-1,-1,-1
190,1,327.36,135.06,388.03,942.69,-1,-1,-1,-1
191,1,342.72,152.71,382.01,911.47,-1,-1,-1,-1
192,1,356.73,159.23,377.88,901.59,-1,-1,-1,-1
193,0,229.73,225.51,316.01,735.68,-1,-1,-1,-1
193,1,370.73,165.75,373.76,891.71,-1,-1,-1,-1
194,0,225.72,217.01,317.67,766.64,-1,-1,-1,-1
194,1,384.74,172.27,369.63,881.83,-1,-1,-1,-1
195,0,219.00,222.93,316.55,768.22,-1,-1,-1,-1
195,1,398.75,178.79,365.51,871.96,-1,-1,-1,-1
196,0,202.78,226.84,326.43,767.62,-1,-1,-1,-1
196,3,596.92,88.36,376.43,985.77,-1,-1,-1,-1
197,0,171.17,223.96,355.56,775.14,-1,-1,-1,-1
197,3,637.54,101.07,370.35,955.38,-1,-1,-1,-1
198,0,135.01,216.52,384.53,788.79,-1,-1,-1,-1
198,3,676.07,88.54,380.39,971.32,-1,-1,-1,-1
199,0,104.84,211.64,389.56,800.45,-1,-1,-1,-1
199,3,694.24,85.92,423.95,971.58,-1,-1,-1,-1
200,0,87.73,205.59,374.47,821.98,-1,-1,-1,-1
200,3,715.27,73.70,456.78,981.83,-1,-1,-1,-1
201,0,72.24,202.87,361.23,843.10,-1,-1,-1,-1
201,3,746.13,67.56,475.69,995.15,-1,-1,-1,-1
202,0,51.60,202.98,369.97,850.39,-1,-1,-1,-1
202,3,794.85,65.93,469.76,1003.95,-1,-1,-1,-1
203,0,32.64,205.10,382.71,854.39,-1,-1,-1,-1
203,3,843.72,78.19,479.18,989.81,-1,-1,-1,-1
204,0,25.54,201.81,387.05,868.27,-1,-1,-1,-1
204,3,908.29,70.36,466.89,1005.63,-1,-1,-1,-1
205,0,10.24,196.71,402.30,876.14,-1,-1,-1,-1
205,3,978.78,71.22,456.87,1007.73,-1,-1,-1,-1
206,0,7.27,191.43,401.56,888.56,-1,-1,-1,-1
206,3,1012.56,80.99,483.16,976.73,-1,-1,-1,-1
207,0,-1.26,185.62,413.68,895.79,-1,-1,-1,-1
207,3,1044.40,66.28,494.93,990.34,-1,-1,-1,-1
208,0,12.22,192.12,394.58,879.10,-1,-1,-1,-1
208,3,1078.02,62.44,495.01,996.70,-1,-1,-1,-1
209,0,37.72,201.84,368.83,861.10,-1,-1,-1,-1
209,3,1107.66,65.14,499.55,997.68,-1,-1,-1,-1
210,0,75.56,195.34,332.74,878.22,-1,-1,-1,-1
210,3,1152.04,82.39,485.84,987.06,-1,-1,-1,-1
211,0,123.50,206.58,288.53,866.54,-1,-1,-1,-1
211,3,1202.98,96.77,457.64,976.57,-1,-1,-1,-1
212,0,135.77,212.89,298.56,856.41,-1,-1,-1,-1
212,3,1245.76,105.72,443.83,970.30,-1,-1,-1,-1
213,0,121.89,207.18,338.88,863.22,-1,-1,-1,-1
213,3,1275.45,107.91,433.61,962.60,-1,-1,-1,-1
214,0,115.59,203.32,364.20,870.55,-1,-1,-1,-1
214,3,1306.03,105.45,414.71,966.96,-1,-1,-1,-1
215,0,105.60,203.68,400.93,862.39,-1,-1,-1,-1
215,3,1324.69,98.21,407.68,973.38,-1,-1,-1,-1
216,0,117.49,194.59,419.14,872.01,-1,-1,-1,-1
216,3,1346.21,98.85,382.59,966.03,-1,-1,-1,-1
217,0,106.50,181.20,475.61,892.97,-1,-1,-1,-1
217,3,1367.88,103.31,351.83,967.59,-1,-1,-1,-1
218,0,115.06,169.18,511.68,907.13,-1,-1,-1,-1
218,3,1388.52,115.06,329.94,946.61,-1,-1,-1,-1
218,5,2.20,258.18,151.72,579.73,-1,-1,-1,-1
219,0,144.84,162.00,521.14,915.85,-1,-1,-1,-1
219,3,1402.78,134.26,313.15,895.15,-1,-1,-1,-1
219,5,3.36,251.66,156.98,594.37,-1,-1,-1,-1
220,0,178.42,166.61,518.23,904.16,-1,-1,-1,-1
220,3,1407.39,143.69,309.29,864.74,-1,-1,-1,-1
220,5,1.91,245.70,172.81,600.76,-1,-1,-1,-1
221,0,222.80,155.02,490.17,921.93,-1,-1,-1,-1
221,3,1416.96,152.81,293.34,819.83,-1,-1,-1,-1
221,5,3.27,242.17,196.52,605.89,-1,-1,-1,-1
222,0,265.29,151.71,466.81,924.61,-1,-1,-1,-1
222,3,1425.08,149.60,275.28,807.60,-1,-1,-1,-1
222,5,5.05,241.60,227.93,611.46,-1,-1,-1,-1
223,0,305.21,147.42,446.78,931.44,-1,-1,-1,-1
223,3,1426.05,144.34,269.33,798.78,-1,-1,-1,-1
223,5,6.37,241.43,262.25,617.86,-1,-1,-1,-1
224,0,336.57,149.07,437.66,929.20,-1,-1,-1,-1
224,3,1433.17,140.61,258.68,794.46,-1,-1,-1,-1
224,5,13.28,247.06,277.38,610.90,-1,-1,-1,-1
225,0,355.69,138.31,449.54,940.06,-1,-1,-1,-1
225,3,1441.39,140.41,250.93,789.75,-1,-1,-1,-1
225,5,19.65,242.33,274.82,618.80,-1,-1,-1,-1
226,0,373.86,129.93,465.96,950.46,-1,-1,-1,-1
226,3,1441.06,147.00,251.53,775.49,-1,-1,-1,-1
226,5,27.77,242.80,263.20,616.37,-1,-1,-1,-1
227,0,388.83,121.25,476.92,956.12,-1,-1,-1,-1
227,3,1446.41,161.11,248.28,744.52,-1,-1,-1,-1
227,5,33.68,240.48,259.06,619.13,-1,-1,-1,-1
228,0,402.23,122.45,506.26,955.57,-1,-1,-1,-1
228,3,1448.81,172.59,246.69,726.78,-1,-1,-1,-1
228,5,41.52,237.02,256.59,625.00,-1,-1,-1,-1
229,0,410.74,122.62,535.68,955.73,-1,-1,-1,-1
229,3,1453.81,171.85,242.99,723.91,-1,-1,-1,-1
229,5,47.98,239.52,254.57,616.15,-1,-1,-1,-1
230,0,424.67,122.65,547.42,955.89,-1,-1,-1,-1
230,3,1453.58,174.52,242.35,713.34,-1,-1,-1,-1
230,5,52.60,238.77,255.33,615.98,-1,-1,-1,-1
231,0,447.43,120.46,548.26,957.28,-1,-1,-1,-1
231,3,1455.51,172.75,236.55,710.83,-1,-1,-1,-1
231,5,55.77,235.17,265.04,624.45,-1,-1,-1,-1
232,0,470.18,118.27,549.10,958.68,-1,-1,-1,-1
232,3,1457.00,170.20,233.82,713.83,-1,-1,-1,-1
232,5,61.49,234.10,268.41,634.34,-1,-1,-1,-1
233,0,526.64,130.80,532.39,939.93,-1,-1,-1,-1
233,3,1451.96,167.89,241.48,716.35,-1,-1,-1,-1
233,5,65.45,231.03,270.70,654.30,-1,-1,-1,-1
234,0,582.50,126.21,499.13,947.23,-1,-1,-1,-1
234,3,1450.26,167.83,232.84,710.12,-1,-1,-1,-1
234,5,71.23,230.92,272.09,664.95,-1,-1,-1,-1
235,0,657.64,127.72,439.97,941.15,-1,-1,-1,-1
235,3,1445.02,171.82,231.83,701.76,-1,-1,-1,-1
235,5,72.98,231.70,273.41,677.77,-1,-1,-1,-1
236,0,740.94,122.64,371.77,937.01,-1,-1,-1,-1
236,3,1435.68,177.32,231.75,688.64,-1,-1,-1,-1
236,5,74.14,229.77,271.96,689.07,-1,-1,-1,-1
237,0,814.94,122.48,314.76,924.20,-1,-1,-1,-1
237,3,1425.56,191.69,220.09,658.17,-1,-1,-1,-1
237,5,76.31,228.01,269.40,693.92,-1,-1,-1,-1
238,0,855.82,126.19,317.49,918.11,-1,-1,-1,-1
238,3,1405.83,188.04,215.59,653.40,-1,-1,-1,-1
238,5,78.33,224.34,268.71,701.66,-1,-1,-1,-1
239,0,897.94,111.98,312.41,952.96,-1,-1,-1,-1
239,3,1380.22,190.18,227.24,642.43,-1,-1,-1,-1
239,5,80.00,223.48,268.35,699.67,-1,-1,-1,-1
240,0,927.52,110.57,337.42,963.61,-1,-1,-1,-1
240,3,1350.78,191.04,245.41,637.65,-1,-1,-1,-1
240,5,87.20,218.21,274.03,704.48,-1,-1,-1,-1
241,0,962.89,102.57,344.08,977.35,-1,-1,-1,-1
241,3,1325.11,203.20,267.62,620.67,-1,-1,-1,-1
241,5,89.39,212.53,277.19,713.12,-1,-1,-1,-1
242,0,1006.38,109.80,319.45,970.26,-1,-1,-1,-1
242,3,1290.93,199.63,297.37,625.26,-1,-1,-1,-1
242,5,95.64,206.57,265.18,726.52,-1,-1,-1,-1
243,0,1043.04,118.63,320.49,960.49,-1,-1,-1,-1
243,3,1275.66,206.67,280.21,612.00,-1,-1,-1,-1
243,5,101.77,206.24,260.82,736.86,-1,-1,-1,-1
244,0,1066.53,115.12,321.72,965.19,-1,-1,-1,-1
244,3,1263.52,206.82,236.96,596.31,-1,-1,-1,-1
244,5,108.67,198.08,260.95,763.75,-1,-1,-1,-1
245,0,1101.17,113.61,307.86,967.10,-1,-1,-1,-1
245,3,1248.58,210.47,232.36,584.73,-1,-1,-1,-1
245,5,111.38,203.36,267.93,765.41,-1,-1,-1,-1
246,0,1131.13,121.16,292.09,952.53,-1,-1,-1,-1
246,3,1233.65,214.12,227.76,573.15,-1,-1,-1,-1
246,5,106.25,202.42,280.62,774.13,-1,-1,-1,-1
247,0,1144.45,120.63,307.44,949.95,-1,-1,-1,-1
247,3,1218.71,217.77,223.17,561.57,-1,-1,-1,-1
247,5,95.01,198.86,298.09,785.31,-1,-1,-1,-1
248,0,1145.29,136.22,370.22,930.63,-1,-1,-1,-1
248,3,1203.77,221.41,218.57,549.99,-1,-1,-1,-1
248,5,82.84,196.36,327.11,784.04,-1,-1,-1,-1
249,0,1147.26,136.49,408.98,933.40,-1,-1,-1,-1
249,5,82.31,195.96,345.81,784.34,-1,-1,-1,-1
250,0,1149.82,148.46,416.69,920.88,-1,-1,-1,-1
250,5,81.15,185.46,366.69,801.14,-1,-1,-1,-1
251,0,1169.18,144.19,419.68,930.29,-1,-1,-1,-1
251,5,85.06,175.38,371.60,815.68,-1,-1,-1,-1
252,0,1209.86,147.95,391.57,924.52,-1,-1,-1,-1
252,5,104.88,173.19,366.26,821.62,-1,-1,-1,-1
253,0,1263.71,154.27,354.03,915.41,-1,-1,-1,-1
253,5,128.20,169.74,362.61,852.82,-1,-1,-1,-1
254,0,1293.72,148.44,354.41,920.84,-1,-1,-1,-1
254,5,149.87,157.51,351.21,893.38,-1,-1,-1,-1
254,6,1045.99,198.14,178.26,556.87,-1,-1,-1,-1
255,0,1280.51,150.83,476.41,924.46,-1,-1,-1,-1
255,5,176.05,160.48,318.09,900.73,-1,-1,-1,-1
255,6,1001.18,212.04,217.22,554.31,-1,-1,-1,-1
256,0,1310.62,151.58,476.96,925.48,-1,-1,-1,-1
256,5,185.90,161.73,323.92,901.79,-1,-1,-1,-1
256,6,972.04,211.54,217.05,565.08,-1,-1,-1,-1
257,0,1309.79,176.26,547.83,860.97,-1,-1,-1,-1
257,5,176.02,154.92,346.91,909.67,-1,-1,-1,-1
257,6,946.22,214.04,203.30,560.32,-1,-1,-1,-1
258,0,1354.63,177.89,501.01,853.82,-1,-1,-1,-1
258,5,171.51,149.86,372.54,915.17,-1,-1,-1,-1
258,6,915.67,209.93,191.21,572.98,-1,-1,-1,-1
259,0,1393.81,181.79,432.50,833.09,-1,-1,-1,-1
259,5,165.61,147.52,399.14,921.16,-1,-1,-1,-1
259,6,883.28,206.82,193.77,582.44,-1,-1,-1,-1
260,0,1421.66,174.92,361.89,836.06,-1,-1,-1,-1
260,5,162.02,153.63,415.62,912.43,-1,-1,-1,-1
260,6,853.39,209.60,208.14,569.69,-1,-1,-1,-1
261,0,1436.84,171.75,308.68,823.84,-1,-1,-1,-1
261,5,172.54,155.65,410.34,912.32,-1,-1,-1,-1
261,6,829.67,209.55,219.95,562.72,-1,-1,-1,-1
262,0,1443.63,177.99,264.91,804.82,-1,-1,-1,-1
262,5,186.05,157.95,402.14,909.59,-1,-1,-1,-1
262,6,801.83,220.88,236.33,545.99,-1,-1,-1,-1
263,0,1440.26,184.96,239.74,791.80,-1,-1,-1,-1
263,5,200.07,158.74,394.25,903.60,-1,-1,-1,-1
263,6,790.20,225.87,236.66,542.62,-1,-1,-1,-1
263,8,2.67,228.28,142.53,579.44,-1,-1,-1,-1
264,0,1428.72,188.03,234.02,776.35,-1,-1,-1,-1
264,5,215.95,150.29,385.35,921.91,-1,-1,-1,-1
264,6,777.63,228.70,235.07,546.18,-1,-1,-1,-1
264,8,2.27,230.41,150.11,575.42,-1,-1,-1,-1
265,0,1419.92,187.88,228.62,758.29,-1,-1,-1,-1
265,5,231.29,144.48,374.55,931.36,-1,-1,-1,-1
265,6,768.37,229.94,223.07,547.90,-1,-1,-1,-1
265,8,2.77,233.99,152.80,570.38,-1,-1,-1,-1
266,0,1405.75,192.54,231.18,745.88,-1,-1,-1,-1
266,5,251.79,132.98,360.29,947.11,-1,-1,-1,-1
266,6,754.31,234.23,193.70,535.29,-1,-1,-1,-1
266,8,2.36,226.28,157.40,584.29,-1,-1,-1,-1
267,0,1392.15,202.43,230.03,711.22,-1,-1,-1,-1
267,5,265.50,124.38,362.51,958.66,-1,-1,-1,-1
267,6,727.78,232.33,188.92,532.26,-1,-1,-1,-1
267,8,2.41,224.07,179.55,591.34,-1,-1,-1,-1
268,0,1386.50,192.97,218.94,699.79,-1,-1,-1,-1
268,5,277.91,118.55,369.67,958.60,-1,-1,-1,-1
268,6,704.97,228.43,186.25,534.01,-1,-1,-1,-1
268,8,3.35,222.61,196.73,593.44,-1,-1,-1,-1
269,0,1377.54,186.39,208.94,687.44,-1,-1,-1,-1
269,5,287.47,105.65,377.46,975.44,-1,-1,-1,-1
269,6,674.35,225.19,197.89,544.52,-1,-1,-1,-1
269,8,6.08,224.44,202.10,588.13,-1,-1,-1,-1
270,0,1360.98,182.88,208.26,691.27,-1,-1,-1,-1
270,5,286.01,109.44,400.07,960.50,-1,-1,-1,-1
270,6,650.46,222.15,212.17,563.13,-1,-1,-1,-1
270,8,7.87,228.06,208.29,583.73,-1,-1,-1,-1
271,0,1334.93,181.28,222.38,690.98,-1,-1,-1,-1
271,5,284.58,103.28,429.45,968.55,-1,-1,-1,-1
271,6,628.60,222.45,221.18,572.58,-1,-1,-1,-1
271,8,9.14,229.00,210.85,581.95,-1,-1,-1,-1
272,0,1296.77,194.95,251.72,664.56,-1,-1,-1,-1
272,5,280.50,100.81,481.85,975.30,-1,-1,-1,-1
272,6,619.23,231.74,201.75,558.42,-1,-1,-1,-1
272,8,9.35,229.12,203.87,578.49,-1,-1,-1,-1
273,0,1260.64,196.45,281.31,660.29,-1,-1,-1,-1
273,5,294.71,103.60,488.37,958.25,-1,-1,-1,-1
273,6,598.23,233.60,201.68,558.20,-1,-1,-1,-1
273,8,10.61,232.70,207.68,570.73,-1,-1,-1,-1
274,0,1240.22,198.76,299.05,660.77,-1,-1,-1,-1
274,5,323.62,102.19,487.36,961.63,-1,-1,-1,-1
274,6,577.24,235.45,201.61,557.99,-1,-1,-1,-1
274,8,11.68,225.23,212.15,587.48,-1,-1,-1,-1
275,0,1227.90,202.20,304.78,655.40,-1,-1,-1,-1
275,5,367.43,80.43,479.55,991.87,-1,-1,-1,-1
275,6,556.24,237.30,201.53,557.77,-1,-1,-1,-1
275,8,9.40,221.51,221.98,589.33,-1,-1,-1,-1
276,0,1217.52,204.82,292.90,648.82,-1,-1,-1,-1
276,5,430.01,83.46,430.62,982.30,-1,-1,-1,-1
276,6,535.24,239.15,201.46,557.56,-1,-1,-1,-1
276,8,13.32,219.72,215.73,592.15,-1,-1,-1,-1
277,0,1210.85,204.61,272.08,648.08,-1,-1,-1,-1
277,5,447.76,126.37,415.81,932.83,-1,-1,-1,-1
277,8,12.15,219.33,218.95,600.47,-1,-1,-1,-1
278,0,1193.09,203.24,250.38,646.19,-1,-1,-1,-1
278,5,425.54,83.46,478.43,992.77,-1,-1,-1,-1
278,8,11.75,220.42,221.80,597.94,-1,-1,-1,-1
279,0,1146.26,197.49,261.50,651.38,-1,-1,-1,-1
279,5,459.67,60.29,474.84,1016.50,-1,-1,-1,-1
279,8,12.37,219.81,225.01,597.22,-1,-1,-1,-1
280,0,1091.50,197.74,286.89,653.61,-1,-1,-1,-1
280,5,551.95,42.50,421.63,1039.90,-1,-1,-1,-1
280,8,17.71,219.50,219.41,597.70,-1,-1,-1,-1
281,0,1044.16,205.19,308.72,641.81,-1,-1,-1,-1
281,5,614.06,28.68,441.50,1055.61,-1,-1,-1,-1
281,8,21.86,220.96,212.84,588.90,-1,-1,-1,-1
282,0,1013.73,215.45,324.16,629.66,-1,-1,-1,-1
282,5,679.35,106.93,428.82,957.13,-1,-1,-1,-1
282,8,22.92,224.70,208.55,575.50,-1,-1,-1,-1
283,0,1030.31,221.05,284.51,622.03,-1,-1,-1,-1
283,5,746.91,78.91,414.92,993.57,-1,-1,-1,-1
283,8,23.76,226.91,208.32,576.25,-1,-1,-1,-1
283,9,295.98,203.49,283.70,664.24,-1,-1,-1,-1
284,0,1055.47,232.97,223.55,602.38,-1,-1,-1,-1
284,5,792.36,66.99,444.37,997.48,-1,-1,-1,-1
284,8,20.07,222.40,224.21,576.72,-1,-1,-1,-1
284,9,264.68,185.72,306.06,682.50,-1,-1,-1,-1
285,0,1038.79,239.65,218.82,589.66,-1,-1,-1,-1
285,5,835.53,57.35,427.85,1000.54,-1,-1,-1,-1
285,8,23.97,221.58,227.75,580.61,-1,-1,-1,-1
285,9,248.77,182.50,298.22,683.80,-1,-1,-1,-1
286,0,1022.11,246.33,214.08,576.93,-1,-1,-1,-1
286,5,862.88,57.98,432.94,1000.55,-1,-1,-1,-1
286,8,27.86,218.19,238.90,601.20,-1,-1,-1,-1
286,9,239.57,181.66,286.77,689.11,-1,-1,-1,-1
287,0,1005.43,253.01,209.35,564.21,-1,-1,-1,-1
287,5,878.35,54.15,438.32,1010.67,-1,-1,-1,-1
287,8,30.93,218.56,241.28,609.95,-1,-1,-1,-1
287,9,232.04,186.75,273.19,704.40,-1,-1,-1,-1
288,0,988.75,259.68,204.62,551.48,-1,-1,-1,-1
288,5,900.65,51.02,445.61,1020.09,-1,-1,-1,-1
288,8,29.65,225.27,239.46,606.63,-1,-1,-1,-1
288,9,222.59,188.65,278.55,730.17,-1,-1,-1,-1
289,5,918.18,52.81,452.63,1005.95,-1,-1,-1,-1
289,8,24.48,232.60,242.21,602.68,-1,-1,-1,-1
289,9,214.45,181.91,285.25,773.39,-1,-1,-1,-1
290,5,920.16,55.88,487.42,1006.87,-1,-1,-1,-1
290,8,19.39,240.30,240.72,606.80,-1,-1,-1,-1
290,9,193.03,177.46,296.28,793.78,-1,-1,-1,-1
291,5,951.61,55.10,487.07,1006.11,-1,-1,-1,-1
291,8,22.02,230.98,233.35,630.65,-1,-1,-1,-1
291,9,184.74,175.56,303.97,793.60,-1,-1,-1,-1
292,5,979.16,78.99,467.34,981.64,-1,-1,-1,-1
292,8,23.33,224.22,236.91,646.16,-1,-1,-1,-1
292,9,170.51,172.28,318.76,799.64,-1,-1,-1,-1
293,0,891.75,224.31,229.20,608.95,-1,-1,-1,-1
293,5,1047.99,66.11,422.69,1004.59,-1,-1,-1,-1
293,8,24.89,219.22,229.96,654.20,-1,-1,-1,-1
293,9,144.44,167.94,349.25,799.19,-1,-1,-1,-1
294,0,878.70,227.25,199.40,608.79,-1,-1,-1,-1
294,5,1115.34,71.37,366.69,996.32,-1,-1,-1,-1
294,8,27.09,205.46,242.22,718.31,-1,-1,-1,-1
294,9,109.70,161.47,400.51,820.58,-1,-1,-1,-1
295,0,857.07,233.12,193.10,594.35,-1,-1,-1,-1
295,5,1184.15,78.17,331.35,977.75,-1,-1,-1,-1
295,8,30.94,210.83,212.30,675.21,-1,-1,-1,-1
295,9,82.82,156.91,432.19,852.42,-1,-1,-1,-1
296,0,814.81,227.36,219.65,602.34,-1,-1,-1,-1
296,5,1219.95,83.64,331.41,974.88,-1,-1,-1,-1
296,8,27.15,221.56,199.95,592.62,-1,-1,-1,-1
296,9,71.85,157.59,438.47,861.06,-1,-1,-1,-1
297,0,755.14,230.69,272.37,609.58,-1,-1,-1,-1
297,5,1246.75,85.19,346.40,984.91,-1,-1,-1,-1
297,8,31.65,232.11,180.08,498.63,-1,-1,-1,-1
297,9,48.41,159.22,458.12,879.09,-1,-1,-1,-1
298,0,702.91,228.33,319.23,624.03,-1,-1,-1,-1
298,5,1261.96,91.98,394.69,976.74,-1,-1,-1,-1
298,8,28.92,212.24,186.23,552.93,-1,-1,-1,-1
298,9,46.50,161.61,456.51,880.17,-1,-1,-1,-1
299,0,666.37,229.23,349.30,635.58,-1,-1,-1,-1
299,5,1271.07,96.35,443.61,976.86,-1,-1,-1,-1
299,8,27.89,206.01,190.41,577.11,-1,-1,-1,-1
299,9,62.27,149.83,438.78,908.19,-1,-1,-1,-1
300,0,645.73,233.44,356.28,635.35,-1,-1,-1,-1
300,5,1297.76,88.67,450.74,990.64,-1,-1,-1,-1
300,8,25.62,199.47,192.63,583.79,-1,-1,-1,-1
300,9,41.99,139.77,460.06,928.47,-1,-1,-1,-1
301,0,645.89,230.07,321.52,640.91,-1,-1,-1,-1
301,5,1324.36,99.78,442.94,979.78,-1,-1,-1,-1
301,8,38.77,197.75,185.85,620.69,-1,-1,-1,-1
301,9,33.89,135.88,473.27,933.15,-1,-1,-1,-1
302,0,654.25,225.42,279.66,645.96,-1,-1,-1,-1
302,5,1362.75,105.86,406.15,973.62,-1,-1,-1,-1
302,8,33.96,200.66,223.72,647.64,-1,-1,-1,-1
302,9,45.78,145.84,457.76,921.56,-1,-1,-1,-1
303,0,664.32,219.14,235.56,653.37,-1,-1,-1,-1
303,5,1402.96,107.09,358.15,968.95,-1,-1,-1,-1
303,8,42.00,196.46,225.52,666.71,-1,-1,-1,-1
303,9,54.11,146.46,451.76,918.75,-1,-1,-1,-1
304,0,662.17,218.31,206.18,657.26,-1,-1,-1,-1
304,5,1444.94,95.74,310.62,984.93,-1,-1,-1,-1
304,8,43.63,195.58,228.68,674.92,-1,-1,-1,-1
304,9,60.00,149.27,455.08,910.70,-1,-1,-1,-1
305,0,640.44,213.79,209.64,678.85,-1,-1,-1,-1
305,5,1465.37,101.77,304.85,978.28,-1,-1,-1,-1
305,8,47.50,182.23,233.27,708.63,-1,-1,-1,-1
305,9,87.35,141.98,461.04,925.76,-1,-1,-1,-1
306,0,589.91,222.63,257.26,679.46,-1,-1,-1,-1
306,5,1474.78,90.23,319.17,992.41,-1,-1,-1,-1
306,8,48.61,163.93,251.75,770.80,-1,-1,-1,-1
306,9,124.82,136.44,442.28,920.54,-1,-1,-1,-1
307,0,557.70,221.40,287.22,694.58,-1,-1,-1,-1
307,5,1480.35,95.70,337.35,977.61,-1,-1,-1,-1
307,8,43.45,151.93,298.51,814.09,-1,-1,-1,-1
307,9,98.53,125.09,497.39,920.88,-1,-1,-1,-1
308,0,555.54,231.88,282.56,678.86,-1,-1,-1,-1
308,5,1477.40,112.45,365.47,945.76,-1,-1,-1,-1
308,8,37.41,143.54,326.47,848.14,-1,-1,-1,-1
308,9,114.04,106.13,499.56,927.23,-1,-1,-1,-1
309,0,554.09,242.28,276.71,663.56,-1,-1,-1,-1
309,5,1472.82,122.27,397.82,932.76,-1,-1,-1,-1
309,8,37.75,139.59,324.71,878.69,-1,-1,-1,-1
309,9,120.24,101.21,501.14,930.13,-1,-1,-1,-1
310,0,539.74,248.63,273.94,656.94,-1,-1,-1,-1
310,5,1471.38,123.81,411.27,927.22,-1,-1,-1,-1
310,8,34.47,146.49,342.85,893.54,-1,-1,-1,-1
310,9,126.43,96.28,502.72,933.03,-1,-1,-1,-1
311,0,525.39,254.98,271.18,650.32,-1,-1,-1,-1
311,5,1475.71,132.85,411.48,920.10,-1,-1,-1,-1
311,8,24.88,161.73,368.35,882.48,-1,-1,-1,-1
311,9,132.63,91.36,504.29,935.94,-1,-1,-1,-1
312,0,511.05,261.33,268.42,643.70,-1,-1,-1,-1
312,5,1485.01,133.26,395.10,913.77,-1,-1,-1,-1
312,8,17.00,170.17,397.09,881.37,-1,-1,-1,-1
312,9,138.83,86.44,505.87,938.84,-1,-1,-1,-1
313,0,496.70,267.68,265.66,637.08,-1,-1,-1,-1
313,5,1508.85,138.81,346.65,896.30,-1,-1,-1,-1
313,8,10.52,169.89,441.13,886.96,-1,-1,-1,-1
313,11,420.49,46.63,407.65,1024.48,-1,-1,-1,-1
314,5,1536.04,147.59,301.90,868.98,-1,-1,-1,-1
314,8,11.07,164.94,468.91,895.18,-1,-1,-1,-1
314,11,470.21,54.41,395.69,1013.36,-1,-1,-1,-1
315,5,1560.26,150.21,264.37,853.70,-1,-1,-1,-1
315,8,10.61,153.40,483.25,902.72,-1,-1,-1,-1
315,11,511.43,51.25,412.80,1011.25,-1,-1,-1,-1
316,0,404.40,218.26,273.03,722.47,-1,-1,-1,-1
316,5,1559.20,154.21,259.98,831.17,-1,-1,-1,-1
316,8,13.24,128.12,484.09,932.98,-1,-1,-1,-1
316,11,607.28,46.52,378.69,1025.82,-1,-1,-1,-1
317,0,381.04,216.28,281.72,734.51,-1,-1,-1,-1
317,5,1537.86,153.91,269.84,829.94,-1,-1,-1,-1
317,8,13.14,109.82,475.76,948.63,-1,-1,-1,-1
317,11,667.27,37.33,386.57,1040.74,-1,-1,-1,-1
318,0,378.27,214.55,285.86,741.87,-1,-1,-1,-1
318,5,1515.91,169.53,280.30,800.41,-1,-1,-1,-1
318,8,16.07,92.67,482.84,982.47,-1,-1,-1,-1
318,11,726.90,126.62,374.23,932.67,-1,-1,-1,-1
319,0,393.52,216.84,275.07,738.59,-1,-1,-1,-1
319,5,1504.44,170.16,281.31,783.51,-1,-1,-1,-1
319,8,24.68,94.56,483.44,981.97,-1,-1,-1,-1
319,11,776.07,67.44,374.34,1010.55,-1,-1,-1,-1
320,0,395.77,224.20,283.16,731.17,-1,-1,-1,-1
320,5,1507.68,176.25,262.32,752.02,-1,-1,-1,-1
320,8,40.33,95.28,475.32,980.17,-1,-1,-1,-1
320,11,816.78,44.87,373.56,1033.30,-1,-1,-1,-1
321,0,384.75,231.50,299.18,725.26,-1,-1,-1,-1
321,5,1504.59,170.43,243.73,749.12,-1,-1,-1,-1
321,8,56.43,96.68,485.04,977.34,-1,-1,-1,-1
321,11,872.09,31.15,372.19,1051.62,-1,-1,-1,-1
322,0,353.12,216.50,332.53,774.50,-1,-1,-1,-1
322,5,1489.23,162.34,243.67,757.79,-1,-1,-1,-1
322,8,82.07,108.75,505.19,966.16,-1,-1,-1,-1
322,11,911.55,41.83,395.37,1033.63,-1,-1,-1,-1
323,0,338.24,210.26,340.72,793.57,-1,-1,-1,-1
323,5,1476.40,164.55,232.43,738.05,-1,-1,-1,-1
323,8,107.62,134.68,538.06,936.50,-1,-1,-1,-1
323,11,956.75,41.31,420.16,1018.94,-1,-1,-1,-1
324,0,323.37,204.01,348.91,812.65,-1,-1,-1,-1
324,5,1462.74,164.35,232.58,724.57,-1,-1,-1,-1
324,8,158.58,125.23,514.24,952.25,-1,-1,-1,-1
324,11,993.87,29.49,447.73,1034.44,-1,-1,-1,-1
325,0,308.49,197.77,357.10,831.72,-1,-1,-1,-1
325,5,1439.50,165.17,247.02,723.76,-1,-1,-1,-1
325,8,199.78,134.93,503.94,939.90,-1,-1,-1,-1
325,11,1020.59,30.83,480.64,1025.55,-1,-1,-1,-1
326,0,293.62,191.52,365.29,850.79,-1,-1,-1,-1
326,5,1417.61,168.29,263.79,731.36,-1,-1,-1,-1
326,8,223.39,124.94,508.00,947.27,-1,-1,-1,-1
326,11,1051.92,61.36,505.17,991.39,-1,-1,-1,-1
327,5,1407.27,174.06,256.64,724.82,-1,-1,-1,-1
327,8,239.08,105.51,507.89,968.51,-1,-1,-1,-1
327,11,1092.24,54.85,513.78,1004.86,-1,-1,-1,-1
328,5,1419.02,239.15,237.73,648.11,-1,-1,-1,-1
328,8,258.63,100.60,512.50,977.23,-1,-1,-1,-1
328,9,224.84,58.49,546.16,987.50,-1,-1,-1,-1
328,11,1130.85,70.50,508.75,992.08,-1,-1,-1,-1
329,0,197.79,230.11,401.10,767.55,-1,-1,-1,-1
329,5,1416.41,258.87,225.18,613.87,-1,-1,-1,-1
329,8,278.17,95.69,517.11,985.95,-1,-1,-1,-1
329,9,230.66,56.38,547.86,990.56,-1,-1,-1,-1
329,11,1175.38,48.26,477.09,1027.62,-1,-1,-1,-1
330,0,179.18,214.63,350.42,791.02,-1,-1,-1,-1
330,5,1413.79,278.59,212.62,579.62,-1,-1,-1,-1
330,8,297.71,90.77,521.73,994.67,-1,-1,-1,-1
330,9,236.48,54.27,549.57,993.62,-1,-1,-1,-1
330,11,1218.69,56.27,464.43,1019.97,-1,-1,-1,-1
331,0,160.52,202.39,331.56,821.22,-1,-1,-1,-1
331,5,1411.17,298.31,200.06,545.37,-1,-1,-1,-1
331,8,317.25,85.86,526.34,1003.39,-1,-1,-1,-1
331,9,242.29,52.16,551.28,996.67,-1,-1,-1,-1
331,11,1266.74,57.62,481.93,1013.98,-1,-1,-1,-1
332,0,146.45,198.95,331.13,840.46,-1,-1,-1,-1
332,5,1408.55,318.03,187.50,511.13,-1,-1,-1,-1
332,9,248.11,50.05,552.99,999.73,-1,-1,-1,-1
332,11,1295.47,56.40,493.32,995.90,-1,-1,-1,-1
333,0,135.44,197.34,344.98,855.12,-1,-1,-1,-1
333,11,1309.54,59.43,509.62,995.99,-1,-1,-1,-1
334,0,132.48,199.45,353.43,847.78,-1,-1,-1,-1
334,11,1368.77,63.61,457.68,979.88,-1,-1,-1,-1
335,0,130.00,195.57,362.71,855.81,-1,-1,-1,-1
335,11,1399.13,66.00,431.27,985.98,-1,-1,-1,-1
336,0,129.90,190.79,374.88,860.54,-1,-1,-1,-1
336,11,1406.56,53.31,442.99,1013.12,-1,-1,-1,-1
336,14,1193.09,216.64,248.16,614.29,-1,-1,-1,-1
337,0,131.49,184.26,391.80,878.31,-1,-1,-1,-1
337,11,1413.65,77.05,437.42,974.34,-1,-1,-1,-1
337,14,1186.81,219.57,263.53,605.72,-1,-1,-1,-1
338,0,133.87,175.11,400.07,897.33,-1,-1,-1,-1
338,11,1433.08,89.31,412.95,947.36,-1,-1,-1,-1
338,14,1182.98,221.14,219.29,588.14,-1,-1,-1,-1
339,0,138.88,182.10,423.42,893.34,-1,-1,-1,-1
339,11,1447.48,104.23,399.63,925.88,-1,-1,-1,-1
339,14,1166.30,215.22,215.77,563.54,-1,-1,-1,-1
340,0,151.09,178.18,443.99,894.88,-1,-1,-1,-1
340,11,1455.63,96.39,396.79,948.11,-1,-1,-1,-1
340,14,1158.59,219.04,209.54,547.25,-1,-1,-1,-1
341,0,150.39,184.71,474.99,887.54,-1,-1,-1,-1
341,11,1470.05,91.58,372.49,946.19,-1,-1,-1,-1
341,14,1150.88,222.86,203.30,530.96,-1,-1,-1,-1
342,0,153.04,178.83,501.09,889.10,-1,-1,-1,-1
342,11,1477.63,95.40,356.17,938.55,-1,-1,-1,-1
342,14,1143.17,226.67,197.07,514.67,-1,-1,-1,-1
343,0,165.93,168.55,517.95,899.49,-1,-1,-1,-1
343,11,1484.31,96.50,348.59,946.15,-1,-1,-1,-1
343,14,1135.46,230.49,190.84,498.38,-1,-1,-1,-1
344,0,192.04,151.44,512.15,926.52,-1,-1,-1,-1
344,11,1500.50,113.20,319.61,918.90,-1,-1,-1,-1
345,0,219.57,145.91,497.78,930.58,-1,-1,-1,-1
345,11,1521.96,130.36,282.51,889.82,-1,-1,-1,-1
346,0,252.01,135.44,465.07,939.69,-1,-1,-1,-1
346,11,1520.80,144.03,275.84,843.94,-1,-1,-1,-1
347,0,300.85,150.37,416.95,920.46,-1,-1,-1,-1
347,11,1525.70,162.90,257.68,780.61,-1,-1,-1,-1
348,0,343.81,155.78,382.41,916.01,-1,-1,-1,-1
348,11,1537.64,172.53,231.15,687.92,-1,-1,-1,-1
349,0,383.88,151.37,358.14,922.48,-1,-1,-1,-1
349,11,1545.85,167.75,209.05,634.19,-1,-1,-1,-1
350,0,430.37,151.59,343.58,922.51,-1,-1,-1,-1
350,11,1559.09,185.77,189.16,573.88,-1,-1,-1,-1
350,16,890.28,222.48,251.06,567.30,-1,-1,-1,-1
351,0,447.61,159.60,420.66,910.01,-1,-1,-1,-1
351,11,1572.32,203.78,169.27,513.58,-1,-1,-1,-1
351,16,848.45,226.70,256.17,568.34,-1,-1,-1,-1
352,0,470.72,140.65,456.50,934.77,-1,-1,-1,-1
352,11,1585.56,221.80,149.39,453.27,-1,-1,-1,-1
352,16,827.52,239.40,246.55,539.82,-1,-1,-1,-1
353,0,495.17,124.67,480.36,956.40,-1,-1,-1,-1
353,11,1598.79,239.82,129.51,392.96,-1,-1,-1,-1
353,16,827.85,250.28,214.98,524.98,-1,-1,-1,-1
354,0,515.72,126.49,478.43,952.79,-1,-1,-1,-1
354,16,827.51,247.58,191.50,510.07,-1,-1,-1,-1
355,0,534.34,131.81,467.95,938.99,-1,-1,-1,-1
355,16,824.01,240.40,178.85,517.75,-1,-1,-1,-1
355,18,1337.26,-1.78,416.35,1047.80,-1,-1,-1,-1
356,0,555.45,132.76,462.11,942.05,-1,-1,-1,-1
356,16,825.78,242.24,161.47,487.83,-1,-1,-1,-1
356,18,1363.79,8.63,408.57,1033.63,-1,-1,-1,-1
357,0,577.40,180.56,456.50,886.10,-1,-1,-1,-1
357,16,823.63,241.97,155.32,452.40,-1,-1,-1,-1
357,18,1363.12,19.65,428.99,1029.19,-1,-1,-1,-1
358,0,589.53,169.05,461.48,903.35,-1,-1,-1,-1
358,16,814.58,247.47,147.16,428.61,-1,-1,-1,-1
358,18,1356.01,44.54,459.51,1009.03,-1,-1,-1,-1
359,0,613.47,146.69,442.21,928.75,-1,-1,-1,-1
359,16,805.54,252.97,138.99,404.83,-1,-1,-1,-1
359,18,1367.65,50.68,468.62,1008.51,-1,-1,-1,-1
360,0,631.37,136.24,436.41,941.24,-1,-1,-1,-1
360,16,796.49,258.47,130.83,381.05,-1,-1,-1,-1
360,18,1423.98,66.26,435.92,1000.95,-1,-1,-1,-1
361,0,640.80,130.28,436.39,945.73,-1,-1,-1,-1
361,16,787.44,263.97,122.66,357.26,-1,-1,-1,-1
361,18,1452.71,67.36,426.23,1007.14,-1,-1,-1,-1
362,0,672.48,122.99,415.45,955.09,-1,-1,-1,-1
362,18,1475.93,74.71,408.86,1003.03,-1,-1,-1,-1
362,20,1280.30,193.43,227.07,599.78,-1,-1,-1,-1
363,0,710.87,112.27,393.38,968.91,-1,-1,-1,-1
363,18,1508.55,57.63,386.34,1025.39,-1,-1,-1,-1
363,20,1254.39,201.07,239.64,589.61,-1,-1,-1,-1
364,0,779.76,97.92,339.68,985.38,-1,-1,-1,-1
364,18,1529.27,57.42,374.28,1021.83,-1,-1,-1,-1
364,20,1224.76,191.75,245.64,594.57,-1,-1,-1,-1
365,0,842.22,107.25,300.09,958.14,-1,-1,-1,-1
365,18,1544.53,116.86,367.43,944.79,-1,-1,-1,-1
365,20,1204.63,185.05,239.23,606.13,-1,-1,-1,-1
366,0,894.81,112.22,283.02,938.47,-1,-1,-1,-1
366,18,1550.17,75.59,348.44,984.87,-1,-1,-1,-1
366,20,1166.84,192.02,253.66,597.93,-1,-1,-1,-1
367,0,925.08,114.42,279.83,928.06,-1,-1,-1,-1
367,18,1565.57,124.32,340.43,916.93,-1,-1,-1,-1
367,20,1154.20,197.78,242.91,583.73,-1,-1,-1,-1
367,22,638.63,235.59,181.25,577.75,-1,-1,-1,-1
368,0,960.00,115.95,361.25,940.94,-1,-1,-1,-1
368,18,1574.81,143.28,321.76,903.80,-1,-1,-1,-1
368,20,1158.19,202.32,204.42,557.23,-1,-1,-1,-1
368,22,620.60,236.29,193.95,581.01,-1,-1,-1,-1
368,23,14.11,254.04,270.53,592.21,-1,-1,-1,-1
369,0,994.20,113.20,366.27,945.43,-1,-1,-1,-1
369,18,1572.08,136.77,317.71,922.70,-1,-1,-1,-1
369,20,1143.20,207.78,198.96,542.34,-1,-1,-1,-1
369,22,597.93,227.98,208.37,599.51,-1,-1,-1,-1
369,23,20.21,240.60,268.19,611.01,-1,-1,-1,-1
370,0,1024.89,114.89,368.24,950.70,-1,-1,-1,-1
370,18,1562.84,115.46,319.25,952.04,-1,-1,-1,-1
370,20,1128.21,213.24,193.51,527.45,-1,-1,-1,-1
370,22,579.02,223.52,215.97,608.57,-1,-1,-1,-1
370,23,19.23,231.22,277.40,636.80,-1,-1,-1,-1
371,0,1050.88,121.45,360.44,943.54,-1,-1,-1,-1
371,18,1567.22,112.62,322.55,961.93,-1,-1,-1,-1
371,20,1113.22,218.70,188.05,512.55,-1,-1,-1,-1
371,22,557.88,227.71,223.27,598.59,-1,-1,-1,-1
371,23,17.37,224.42,291.18,662.39,-1,-1,-1,-1
372,0,1050.82,119.61,384.39,949.97,-1,-1,-1,-1
372,18,1571.59,109.78,325.85,971.82,-1,-1,-1,-1
372,20,1098.23,224.15,182.59,497.66,-1,-1,-1,-1
372,22,543.53,231.03,223.74,598.16,-1,-1,-1,-1
372,23,23.41,225.26,302.32,673.50,-1,-1,-1,-1
373,0,1114.43,131.71,338.80,937.33,-1,-1,-1,-1
373,18,1575.97,106.94,329.15,981.71,-1,-1,-1,-1
373,22,531.31,233.81,222.14,596.50,-1,-1,-1,-1
373,23,31.76,221.67,304.46,698.97,-1,-1,-1,-1
374,0,1155.36,125.59,325.57,949.57,-1,-1,-1,-1
374,18,1580.35,104.10,332.46,991.60,-1,-1,-1,-1
374,22,516.15,237.78,223.92,603.44,-1,-1,-1,-1
374,23,32.37,221.30,314.72,711.58,-1,-1,-1,-1
375,0,1194.50,115.26,330.99,960.31,-1,-1,-1,-1
375,22,503.53,235.16,225.49,613.33,-1,-1,-1,-1
375,23,32.08,220.51,323.48,715.89,-1,-1,-1,-1
375,25,1465.84,130.87,285.51,796.12,-1,-1,-1,-1
376,0,1224.43,118.82,315.49,955.12,-1,-1,-1,-1
376,22,491.42,235.14,224.26,621.25,-1,-1,-1,-1
376,23,38.94,213.10,318.83,726.42,-1,-1,-1,-1
376,25,1451.51,129.57,282.79,789.71,-1,-1,-1,-1
377,0,1245.27,142.50,319.06,925.25,-1,-1,-1,-1
377,22,479.41,231.36,223.12,626.94,-1,-1,-1,-1
377,23,44.50,209.16,316.16,728.61,-1,-1,-1,-1
377,25,1448.39,130.77,263.59,786.98,-1,-1,-1,-1
377,26,931.39,216.98,222.49,551.84,-1,-1,-1,-1
378,0,1259.61,138.52,342.21,934.01,-1,-1,-1,-1
378,22,461.51,228.10,235.95,636.87,-1,-1,-1,-1
378,23,52.92,205.05,318.88,737.84,-1,-1,-1,-1
378,25,1461.24,119.16,218.24,802.40,-1,-1,-1,-1
378,26,918.18,219.82,208.71,536.03,-1,-1,-1,-1
379,0,1251.15,142.08,383.84,930.89,-1,-1,-1,-1
379,22,447.00,224.02,260.58,643.46,-1,-1,-1,-1
379,23,62.32,203.92,322.16,742.31,-1,-1,-1,-1
379,25,1448.11,113.52,218.21,802.30,-1,-1,-1,-1
379,26,904.54,217.29,194.61,546.81,-1,-1,-1,-1
380,0,1215.79,150.57,437.93,922.16,-1,-1,-1,-1
380,22,436.56,222.54,280.39,644.40,-1,-1,-1,-1
380,23,79.53,206.18,313.25,745.60,-1,-1,-1,-1
380,25,1434.98,107.89,218.18,802.21,-1,-1,-1,-1
380,26,887.43,205.77,189.28,569.99,-1,-1,-1,-1
381,0,1172.66,139.95,510.81,936.93,-1,-1,-1,-1
381,22,423.47,219.40,278.89,650.84,-1,-1,-1,-1
381,23,95.91,204.04,311.10,757.74,-1,-1,-1,-1
381,25,1421.86,102.25,218.16,802.11,-1,-1,-1,-1
381,26,873.80,208.81,186.18,568.70,-1,-1,-1,-1
382,0,1189.39,139.44,512.54,940.02,-1,-1,-1,-1
382,22,406.84,218.74,266.23,658.09,-1,-1,-1,-1
382,23,108.80,206.73,317.74,769.37,-1,-1,-1,-1
382,25,1408.73,96.61,218.13,802.02,-1,-1,-1,-1
382,26,856.64,212.07,191.74,567.91,-1,-1,-1,-1
383,0,1206.11,138.92,514.26,943.10,-1,-1,-1,-1
383,22,390.51,208.67,248.98,676.93,-1,-1,-1,-1
383,23,112.02,200.23,330.94,790.15,-1,-1,-1,-1
383,26,835.92,203.99,205.85,588.96,-1,-1,-1,-1
384,0,1222.84,138.41,515.99,946.18,-1,-1,-1,-1
384,22,374.86,214.19,240.08,685.02,-1,-1,-1,-1
384,23,117.47,191.82,338.58,813.74,-1,-1,-1,-1
384,26,813.98,209.34,212.45,590.63,-1,-1,-1,-1
385,0,1239.56,137.90,517.71,949.26,-1,-1,-1,-1
385,22,369.25,204.97,228.54,705.98,-1,-1,-1,-1
385,23,127.26,180.53,342.50,838.76,-1,-1,-1,-1
385,26,804.40,203.55,193.97,600.65,-1,-1,-1,-1
386,0,1300.17,141.50,545.46,926.12,-1,-1,-1,-1
386,22,363.54,218.99,217.76,664.16,-1,-1,-1,-1
386,23,136.71,174.95,362.48,848.31,-1,-1,-1,-1
386,26,787.45,205.31,183.58,609.01,-1,-1,-1,-1
387,0,1370.07,151.00,434.86,895.28,-1,-1,-1,-1
387,22,364.19,219.62,206.76,659.13,-1,-1,-1,-1
387,23,153.61,176.17,386.28,850.37,-1,-1,-1,-1
387,26,759.57,206.32,191.46,604.75,-1,-1,-1,-1
388,0,1429.78,154.75,332.72,884.42,-1,-1,-1,-1
388,22,342.92,209.42,220.42,669.54,-1,-1,-1,-1
388,23,180.93,173.19,379.97,880.43,-1,-1,-1,-1
388,26,730.00,214.73,199.58,586.87,-1,-1,-1,-1
389,0,1445.19,153.80,312.59,894.73,-1,-1,-1,-1
389,22,329.95,209.01,220.53,669.85,-1,-1,-1,-1
389,23,205.53,178.06,372.55,882.36,-1,-1,-1,-1
389,26,711.22,208.90,202.02,594.06,-1,-1,-1,-1
389,27,1206.88,145.58,254.16,662.27,-1,-1,-1,-1
390,0,1464.09,163.94,324.46,867.79,-1,-1,-1,-1
390,22,316.98,208.59,220.64,670.17,-1,-1,-1,-1
390,23,222.67,169.13,363.90,904.45,-1,-1,-1,-1
390,26,687.19,200.14,223.00,607.61,-1,-1,-1,-1
390,27,1176.78,140.83,269.84,665.96,-1,-1,-1,-1
391,0,1478.59,169.03,316.78,857.92,-1,-1,-1,-1
391,22,304.02,208.18,220.74,670.48,-1,-1,-1,-1
391,23,240.11,162.23,352.47,906.87,-1,-1,-1,-1
391,26,669.66,210.01,232.20,586.89,-1,-1,-1,-1
391,27,1145.60,147.70,291.79,658.90,-1,-1,-1,-1
392,0,1481.74,165.37,296.42,842.75,-1,-1,-1,-1
392,22,291.05,207.77,220.85,670.79,-1,-1,-1,-1
392,23,248.01,143.38,368.14,937.34,-1,-1,-1,-1
392,26,659.28,217.21,241.57,579.72,-1,-1,-1,-1
392,27,1123.35,155.14,308.93,651.71,-1,-1,-1,-1
393,0,1476.80,162.87,287.86,837.41,-1,-1,-1,-1
393,23,248.97,132.78,403.04,949.51,-1,-1,-1,-1
393,26,637.40,224.40,249.10,575.00,-1,-1,-1,-1
393,27,1106.63,164.15,320.86,642.73,-1,-1,-1,-1
394,0,1471.44,161.70,280.96,834.19,-1,-1,-1,-1
394,23,255.47,133.29,441.95,945.97,-1,-1,-1,-1
394,26,627.31,223.71,233.52,581.66,-1,-1,-1,-1
394,27,1095.93,179.25,332.21,626.87,-1,-1,-1,-1
395,0,1460.16,169.17,264.86,813.18,-1,-1,-1,-1
395,22,227.67,182.57,208.98,770.40,-1,-1,-1,-1
395,23,258.27,143.56,472.60,914.01,-1,-1,-1,-1
395,26,616.68,227.51,185.74,563.20,-1,-1,-1,-1
395,27,1096.22,173.55,315.59,636.49,-1,-1,-1,-1
396,0,1442.45,174.49,280.61,803.61,-1,-1,-1,-1
396,22,197.95,184.38,237.21,796.15,-1,-1,-1,-1
396,23,311.77,146.29,440.04,914.63,-1,-1,-1,-1
396,26,598.85,232.04,183.09,555.19,-1,-1,-1,-1
396,27,1101.85,168.88,283.50,635.52,-1,-1,-1,-1
397,0,1430.07,181.25,301.68,796.18,-1,-1,-1,-1
397,22,177.27,191.82,255.67,794.75,-1,-1,-1,-1
397,23,339.66,139.60,428.43,929.58,-1,-1,-1,-1
397,26,581.02,236.58,180.45,547.18,-1,-1,-1,-1
397,27,1104.93,168.96,255.16,635.05,-1,-1,-1,-1
398,0,1408.51,187.91,348.41,784.08,-1,-1,-1,-1
398,22,164.10,201.14,272.91,786.15,-1,-1,-1,-1
398,23,374.40,119.23,421.85,951.78,-1,-1,-1,-1
398,26,563.19,241.11,177.80,539.17,-1,-1,-1,-1
398,27,1099.04,176.64,221.93,617.70,-1,-1,-1,-1
399,0,1381.76,194.64,392.67,764.56,-1,-1,-1,-1
399,22,153.15,193.47,281.31,822.33,-1,-1,-1,-1
399,23,407.64,101.32,412.35,978.55,-1,-1,-1,-1
399,26,545.37,245.64,175.16,531.16,-1,-1,-1,-1
399,27,1071.40,179.97,202.11,609.66,-1,-1,-1,-1
400,0,1341.35,193.02,426.74,762.36,-1,-1,-1,-1
400,22,130.85,192.12,296.50,841.63,-1,-1,-1,-1
400,23,447.68,88.02,415.10,990.61,-1,-1,-1,-1
400,27,1032.45,184.83,210.95,594.19,-1,-1,-1,-1
401,0,1326.12,203.23,375.15,711.88,-1,-1,-1,-1
401,22,88.81,192.45,326.48,851.87,-1,-1,-1,-1
401,23,455.40,79.52,463.65,1001.96,-1,-1,-1,-1
401,27,950.41,184.07,276.81,591.26,-1,-1,-1,-1
402,0,1329.83,200.51,293.69,681.85,-1,-1,-1,-1
402,22,47.19,189.05,359.35,860.83,-1,-1,-1,-1
402,23,477.22,80.27,489.84,1000.63,-1,-1,-1,-1
402,27,945.61,182.18,254.41,594.84,-1,-1,-1,-1
403,0,1339.29,197.48,233.72,680.34,-1,-1,-1,-1
403,22,15.19,182.39,392.85,873.23,-1,-1,-1,-1
403,23,553.46,101.73,433.78,970.59,-1,-1,-1,-1
403,27,931.97,194.19,259.48,584.47,-1,-1,-1,-1
404,0,1330.98,192.84,216.46,678.06,-1,-1,-1,-1
404,22,-3.55,177.93,414.89,884.29,-1,-1,-1,-1
404,23,634.92,101.68,437.78,959.74,-1,-1,-1,-1
404,27,931.02,195.32,259.28,581.49,-1,-1,-1,-1
405,0,1310.21,189.44,225.41,670.47,-1,-1,-1,-1
405,22,-10.33,172.70,425.43,897.18,-1,-1,-1,-1
405,23,736.70,109.96,404.02,946.84,-1,-1,-1,-1
405,27,913.84,197.77,257.17,576.74,-1,-1,-1,-1
405,29,374.17,191.98,216.87,675.04,-1,-1,-1,-1
406,0,1267.21,198.08,272.95,657.22,-1,-1,-1,-1
406,22,-10.02,175.71,414.11,899.02,-1,-1,-1,-1
406,23,801.44,95.02,400.69,966.81,-1,-1,-1,-1
406,27,896.66,200.23,255.07,572.00,-1,-1,-1,-1
406,29,352.65,186.90,222.91,680.11,-1,-1,-1,-1
407,0,1229.76,213.89,308.57,634.19,-1,-1,-1,-1
407,22,-10.21,170.83,410.65,910.22,-1,-1,-1,-1
407,23,836.54,71.12,416.34,1004.09,-1,-1,-1,-1
407,27,879.48,202.68,252.96,567.25,-1,-1,-1,-1
407,29,342.11,182.25,224.44,687.13,-1,-1,-1,-1
408,0,1217.16,233.39,301.86,611.90,-1,-1,-1,-1
408,22,-2.90,176.12,392.37,896.30,-1,-1,-1,-1
408,23,840.35,119.05,521.64,947.59,-1,-1,-1,-1
408,27,862.30,205.14,250.85,562.51,-1,-1,-1,-1
408,29,329.26,185.27,231.87,681.66,-1,-1,-1,-1
409,0,1221.64,240.48,271.96,597.60,-1,-1,-1,-1
409,22,14.36,180.95,349.10,884.61,-1,-1,-1,-1
409,23,872.12,91.05,527.66,986.74,-1,-1,-1,-1
409,29,309.24,186.36,256.45,690.02,-1,-1,-1,-1
410,0,1235.31,266.13,223.23,555.12,-1,-1,-1,-1
410,22,23.45,179.63,332.91,880.61,-1,-1,-1,-1
410,23,916.16,86.31,532.30,995.38,-1,-1,-1,-1
410,27,856.56,266.39,185.95,508.56,-1,-1,-1,-1
410,29,294.41,194.13,269.48,687.96,-1,-1,-1,-1
411,0,1226.18,279.83,212.01,527.22,-1,-1,-1,-1
411,22,27.51,171.49,341.49,887.39,-1,-1,-1,-1
411,23,959.84,86.97,504.64,993.92,-1,-1,-1,-1
411,27,825.91,211.05,202.46,575.48,-1,-1,-1,-1
411,29,293.41,199.26,257.06,680.72,-1,-1,-1,-1
412,0,1217.04,293.54,200.78,499.32,-1,-1,-1,-1
412,22,22.43,171.68,341.58,887.58,-1,-1,-1,-1
412,23,1027.97,90.44,455.83,979.90,-1,-1,-1,-1
412,27,800.35,191.28,209.57,602.94,-1,-1,-1,-1
412,29,279.08,221.29,261.86,575.21,-1,-1,-1,-1
413,0,1207.91,307.25,189.56,471.43,-1,-1,-1,-1
413,22,17.34,171.87,341.66,887.76,-1,-1,-1,-1
413,23,1088.67,77.80,420.34,991.45,-1,-1,-1,-1
413,27,765.97,179.91,235.34,615.01,-1,-1,-1,-1
413,29,266.96,211.19,253.66,590.11,-1,-1,-1,-1
414,0,1198.78,320.96,178.34,443.53,-1,-1,-1,-1
414,22,12.26,172.06,341.74,887.95,-1,-1,-1,-1
414,23,1146.94,122.08,396.23,930.30,-1,-1,-1,-1
414,27,733.28,178.68,260.34,617.15,-1,-1,-1,-1
414,29,259.21,216.67,245.41,570.91,-1,-1,-1,-1
415,22,7.18,172.25,341.82,888.14,-1,-1,-1,-1
415,23,1158.78,115.27,440.23,941.11,-1,-1,-1,-1
415,27,714.64,185.86,269.96,612.05,-1,-1,-1,-1
415,29,251.46,222.14,237.17,551.71,-1,-1,-1,-1
416,23,1198.53,132.54,456.54,929.44,-1,-1,-1,-1
416,27,704.28,196.02,281.16,607.85,-1,-1,-1,-1
416,29,243.71,227.61,228.92,532.51,-1,-1,-1,-1
416,30,101.89,115.67,430.73,961.15,-1,-1,-1,-1
417,23,1257.47,126.49,432.04,942.21,-1,-1,-1,-1
417,27,702.79,194.95,279.84,615.03,-1,-1,-1,-1
417,29,235.95,233.09,220.67,513.31,-1,-1,-1,-1
417,30,115.99,94.86,438.32,986.64,-1,-1,-1,-1
418,23,1298.33,113.16,426.95,961.57,-1,-1,-1,-1
418,27,699.57,200.24,278.54,615.03,-1,-1,-1,-1
418,30,134.90,95.66,436.01,974.45,-1,-1,-1,-1
419,23,1337.05,112.81,445.17,953.98,-1,-1,-1,-1
419,27,690.40,201.26,254.12,620.01,-1,-1,-1,-1
419,30,146.24,92.80,464.22,979.96,-1,-1,-1,-1
419,32,1070.59,236.07,236.24,601.76,-1,-1,-1,-1
420,23,1370.06,90.33,458.74,978.48,-1,-1,-1,-1
420,27,672.04,199.47,239.09,627.68,-1,-1,-1,-1
420,30,145.54,114.41,506.17,951.49,-1,-1,-1,-1
420,32,1064.00,228.72,206.45,615.72,-1,-1,-1,-1
421,23,1394.58,78.29,458.02,990.77,-1,-1,-1,-1
421,27,656.99,189.68,225.36,643.53,-1,-1,-1,-1
421,30,167.57,111.79,514.35,958.51,-1,-1,-1,-1
421,32,1050.17,221.30,189.55,620.41,-1,-1,-1,-1
422,23,1422.37,84.63,452.83,973.07,-1,-1,-1,-1
422,27,647.39,189.68,217.51,642.04,-1,-1,-1,-1
422,30,184.34,103.39,522.09,964.35,-1,-1,-1,-1
422,32,1036.80,227.00,177.04,607.98,-1,-1,-1,-1
423,23,1462.31,104.35,418.78,950.81,-1,-1,-1,-1
423,27,640.57,180.03,213.89,661.96,-1,-1,-1,-1
423,30,201.54,100.81,522.83,965.72,-1,-1,-1,-1
423,32,1020.79,229.68,178.89,604.87,-1,-1,-1,-1
424,23,1515.87,108.54,377.72,954.64,-1,-1,-1,-1
424,27,640.26,188.55,205.13,649.75,-1,-1,-1,-1
424,30,287.56,105.04,476.78,952.54,-1,-1,-1,-1
424,32,996.95,224.22,193.03,607.63,-1,-1,-1,-1
425,23,1560.43,106.22,322.81,966.62,-1,-1,-1,-1
425,27,626.21,189.05,205.60,651.24,-1,-1,-1,-1
425,30,348.31,85.00,457.08,976.74,-1,-1,-1,-1
425,32,975.23,228.31,207.56,600.49,-1,-1,-1,-1
426,23,1565.05,112.60,321.58,947.66,-1,-1,-1,-1
426,27,612.15,189.55,206.07,652.72,-1,-1,-1,-1
426,30,399.15,65.65,425.57,998.29,-1,-1,-1,-1
426,32,960.36,235.68,213.40,589.95,-1,-1,-1,-1
427,23,1551.45,112.33,333.12,938.76,-1,-1,-1,-1
427,27,598.09,190.05,206.53,654.21,-1,-1,-1,-1
427,30,467.69,55.11,376.00,1009.75,-1,-1,-1,-1
427,32,950.19,239.53,221.34,583.27,-1,-1,-1,-1
427,35,117.31,146.41,388.75,912.54,-1,-1,-1,-1
428,23,1533.50,115.64,352.19,918.27,-1,-1,-1,-1
428,27,584.03,190.55,207.00,655.70,-1,-1,-1,-1
428,30,519.63,73.04,383.15,985.98,-1,-1,-1,-1
428,32,929.60,252.50,237.29,572.62,-1,-1,-1,-1
428,35,104.88,139.79,413.94,930.93,-1,-1,-1,-1
429,23,1524.64,126.31,353.62,897.32,-1,-1,-1,-1
429,30,550.09,57.21,416.80,1013.64,-1,-1,-1,-1
429,32,928.53,248.54,224.71,583.47,-1,-1,-1,-1
429,35,82.22,129.27,450.50,941.44,-1,-1,-1,-1
430,23,1516.27,128.56,358.61,887.80,-1,-1,-1,-1
430,30,584.50,49.81,420.94,1023.73,-1,-1,-1,-1
430,32,941.83,259.12,191.27,555.18,-1,-1,-1,-1
430,35,88.44,123.11,460.35,945.58,-1,-1,-1,-1
431,23,1511.42,133.80,346.58,865.85,-1,-1,-1,-1
431,30,618.92,42.41,425.08,1033.81,-1,-1,-1,-1
431,32,933.37,266.29,187.14,543.17,-1,-1,-1,-1
431,35,126.17,124.27,423.37,948.29,-1,-1,-1,-1
432,23,1511.25,135.53,319.41,857.93,-1,-1,-1,-1
432,30,641.93,28.95,476.77,1039.24,-1,-1,-1,-1
432,32,924.92,273.46,183.00,531.16,-1,-1,-1,-1
432,35,141.84,116.52,439.79,959.90,-1,-1,-1,-1
433,23,1521.86,144.91,264.87,823.23,-1,-1,-1,-1
433,30,691.73,26.16,462.79,1042.19,-1,-1,-1,-1
433,32,916.47,280.62,178.87,519.16,-1,-1,-1,-1
433,35,142.99,120.34,451.90,953.03,-1,-1,-1,-1
434,23,1519.68,154.98,233.97,766.73,-1,-1,-1,-1
434,30,755.34,8.03,455.66,1068.80,-1,-1,-1,-1
434,32,908.02,287.79,174.74,507.15,-1,-1,-1,-1
434,35,133.62,112.11,478.01,956.59,-1,-1,-1,-1
434,36,444.70,159.68,225.63,766.39,-1,-1,-1,-1
435,23,1508.56,158.09,218.23,762.53,-1,-1,-1,-1
435,27,470.53,166.13,219.18,755.20,-1,-1,-1,-1
435,30,803.35,10.80,473.79,1066.17,-1,-1,-1,-1
435,35,142.57,104.09,497.52,967.15,-1,-1,-1,-1
435,36,429.23,148.38,233.15,791.92,-1,-1,-1,-1
436,23,1468.57,154.01,242.25,759.23,-1,-1,-1,-1
436,27,454.13,162.81,222.60,767.00,-1,-1,-1,-1
436,30,825.78,36.92,493.98,1026.91,-1,-1,-1,-1
436,35,177.36,100.84,499.86,957.30,-1,-1,-1,-1
436,36,413.76,137.09,240.66,817.45,-1,-1,-1,-1
437,23,1438.00,161.59,257.57,736.65,-1,-1,-1,-1
437,27,437.73,159.50,226.02,778.81,-1,-1,-1,-1
437,30,853.83,52.04,489.98,1012.49,-1,-1,-1,-1
437,35,198.92,88.81,487.11,977.99,-1,-1,-1,-1
437,36,398.29,125.79,248.18,842.97,-1,-1,-1,-1
438,23,1417.08,163.83,263.91,724.15,-1,-1,-1,-1
438,27,421.34,156.18,229.44,790.62,-1,-1,-1,-1
438,30,953.04,31.95,440.21,1043.01,-1,-1,-1,-1
438,35,218.92,82.92,474.71,983.28,-1,-1,-1,-1
438,36,382.82,114.50,255.70,868.50,-1,-1,-1,-1
439,23,1398.61,164.19,278.17,720.95,-1,-1,-1,-1
439,27,404.94,152.87,232.86,802.42,-1,-1,-1,-1
439,30,1014.29,21.73,452.03,1054.78,-1,-1,-1,-1
439,35,226.95,91.16,486.80,969.72,-1,-1,-1,-1
440,23,1398.08,172.33,275.42,706.26,-1,-1,-1,-1
440,30,1060.81,16.37,455.51,1062.91,-1,-1,-1,-1
440,35,249.64,94.64,466.17,965.47,-1,-1,-1,-1
441,23,1390.17,175.29,270.67,694.10,-1,-1,-1,-1
441,30,1107.34,11.00,458.99,1071.04,-1,-1,-1,-1
441,35,253.75,75.45,482.01,978.04,-1,-1,-1,-1
441,37,728.76,258.20,226.58,557.65,-1,-1,-1,-1
442,23,1382.25,178.24,265.93,681.95,-1,-1,-1,-1
442,30,1114.69,112.84,539.14,942.00,-1,-1,-1,-1
442,35,261.53,70.88,506.22,973.32,-1,-1,-1,-1
442,37,696.45,239.65,226.12,591.30,-1,-1,-1,-1
443,23,1374.33,181.20,261.18,669.80,-1,-1,-1,-1
443,30,1171.89,132.37,521.06,910.38,-1,-1,-1,-1
443,35,276.22,67.50,506.33,973.50,-1,-1,-1,-1
443,37,694.82,238.50,194.39,597.23,-1,-1,-1,-1
444,23,1366.41,184.16,256.44,657.64,-1,-1,-1,-1
444,30,1205.09,69.72,517.18,995.15,-1,-1,-1,-1
444,35,290.91,64.12,506.44,973.68,-1,-1,-1,-1
444,37,694.10,244.75,173.04,580.86,-1,-1,-1,-1
445,30,1248.04,60.05,501.62,1003.70,-1,-1,-1,-1
445,35,340.13,63.17,504.06,1006.97,-1,-1,-1,-1
445,37,673.71,244.17,172.74,579.86,-1,-1,-1,-1
446,30,1281.54,67.07,501.12,996.91,-1,-1,-1,-1
446,35,403.90,56.56,478.19,1010.13,-1,-1,-1,-1
446,37,653.31,243.59,172.43,578.86,-1,-1,-1,-1
447,30,1300.15,73.23,500.47,991.33,-1,-1,-1,-1
447,35,446.36,50.91,490.99,1024.42,-1,-1,-1,-1
447,37,632.92,243.00,172.13,577.86,-1,-1,-1,-1
447,38,161.63,167.58,327.04,825.12,-1,-1,-1,-1
448,30,1339.66,74.58,499.77,989.94,-1,-1,-1,-1
448,35,518.02,35.72,472.68,1045.57,-1,-1,-1,-1
448,37,612.53,242.42,171.82,576.85,-1,-1,-1,-1
448,38,134.79,165.86,361.30,847.96,-1,-1,-1,-1
449,30,1370.89,53.89,506.73,1020.08,-1,-1,-1,-1
449,35,571.24,46.59,484.39,1031.06,-1,-1,-1,-1
449,38,107.65,156.36,390.46,869.72,-1,-1,-1,-1
450,30,1392.77,48.95,513.85,1023.49,-1,-1,-1,-1
450,35,614.48,62.20,507.81,1006.89,-1,-1,-1,-1
450,37,557.40,228.24,162.95,632.51,-1,-1,-1,-1
450,38,88.57,151.75,401.97,878.10,-1,-1,-1,-1
451,30,1421.68,56.13,501.72,1011.74,-1,-1,-1,-1
451,35,697.69,109.02,469.93,948.11,-1,-1,-1,-1
451,37,517.94,225.34,197.94,640.79,-1,-1,-1,-1
451,38,73.50,137.10,401.81,896.82,-1,-1,-1,-1
452,30,1441.99,61.72,483.68,1006.12,-1,-1,-1,-1
452,35,755.51,159.47,529.13,899.98,-1,-1,-1,-1
452,37,502.20,215.00,202.85,654.71,-1,-1,-1,-1
452,38,66.24,122.54,387.41,923.53,-1,-1,-1,-1
453,30,1460.51,66.13,466.32,997.37,-1,-1,-1,-1
453,35,813.02,109.58,506.04,966.66,-1,-1,-1,-1
453,37,472.84,221.08,234.32,646.54,-1,-1,-1,-1
453,38,59.84,118.18,381.87,935.37,-1,-1,-1,-1
454,30,1476.79,89.79,453.25,970.24,-1,-1,-1,-1
454,35,909.26,97.51,434.64,940.62,-1,-1,-1,-1
454,37,430.80,225.37,276.74,642.06,-1,-1,-1,-1
454,38,56.06,116.42,385.72,949.98,-1,-1,-1,-1
455,30,1494.34,100.39,433.36,959.83,-1,-1,-1,-1
455,35,962.08,72.23,449.33,991.44,-1,-1,-1,-1
455,37,406.93,222.02,291.11,650.75,-1,-1,-1,-1
455,38,60.69,119.38,383.91,953.88,-1,-1,-1,-1
456,30,1480.22,106.43,450.34,953.01,-1,-1,-1,-1
456,35,1022.35,70.00,465.52,991.85,-1,-1,-1,-1
456,37,403.37,224.33,287.45,660.08,-1,-1,-1,-1
456,38,79.76,129.87,370.03,936.43,-1,-1,-1,-1
457,30,1511.29,93.04,409.96,980.29,-1,-1,-1,-1
457,35,1038.10,47.06,510.17,1011.17,-1,-1,-1,-1
457,37,408.02,225.72,274.02,666.92,-1,-1,-1,-1
457,38,99.32,135.08,353.56,930.63,-1,-1,-1,-1
458,30,1510.96,105.80,407.87,955.85,-1,-1,-1,-1
458,35,1086.49,36.70,517.32,1025.30,-1,-1,-1,-1
458,37,404.56,232.92,287.41,657.88,-1,-1,-1,-1
458,38,121.91,126.45,360.98,947.81,-1,-1,-1,-1
459,30,1533.59,112.08,374.49,943.31,-1,-1,-1,-1
459,35,1143.10,6.71,503.54,1068.76,-1,-1,-1,-1
459,37,427.32,247.62,265.05,639.42,-1,-1,-1,-1
459,38,122.12,125.73,363.09,953.35,-1,-1,-1,-1
460,30,1543.32,123.34,350.43,931.15,-1,-1,-1,-1
460,35,1189.03,-9.41,515.01,1093.07,-1,-1,-1,-1
460,37,419.57,254.14,261.83,631.64,-1,-1,-1,-1
460,38,122.34,125.01,365.21,958.89,-1,-1,-1,-1
461,30,1519.70,121.76,372.52,934.89,-1,-1,-1,-1
461,35,1206.70,20.47,484.58,1051.79,-1,-1,-1,-1
461,37,411.83,260.67,258.60,623.86,-1,-1,-1,-1
461,38,122.56,124.28,367.32,964.43,-1,-1,-1,-1
462,30,1479.46,107.61,405.53,950.48,-1,-1,-1,-1
462,35,1244.40,83.37,463.54,972.73,-1,-1,-1,-1
462,37,404.09,267.20,255.38,616.08,-1,-1,-1,-1
462,38,122.77,123.56,369.44,969.97,-1,-1,-1,-1
462,41,876.01,210.86,253.56,605.70,-1,-1,-1,-1
463,30,1496.06,139.64,398.96,914.50,-1,-1,-1,-1
463,35,1294.43,99.15,449.54,943.32,-1,-1,-1,-1
463,37,396.35,273.72,252.15,608.29,-1,-1,-1,-1
463,41,855.46,213.15,257.81,618.20,-1,-1,-1,-1
464,30,1503.03,148.57,393.38,901.72,-1,-1,-1,-1
464,35,1344.45,114.93,435.54,913.91,-1,-1,-1,-1
464,41,835.30,215.39,260.13,622.36,-1,-1,-1,-1
465,30,1510.00,157.51,387.80,888.94,-1,-1,-1,-1
465,35,1394.48,130.71,421.53,884.50,-1,-1,-1,-1
465,41,812.15,213.74,244.13,621.75,-1,-1,-1,-1
466,30,1516.97,166.44,382.22,876.16,-1,-1,-1,-1
466,35,1444.51,146.49,407.53,855.09,-1,-1,-1,-1
466,41,798.25,216.94,220.66,605.43,-1,-1,-1,-1
467,30,1523.94,175.37,376.64,863.38,-1,-1,-1,-1
467,41,772.21,218.70,216.45,598.72,-1,-1,-1,-1
468,41,753.96,219.33,212.23,588.78,-1,-1,-1,-1
469,41,742.58,219.28,212.47,572.19,-1,-1,-1,-1
470,41,757.92,217.64,176.08,574.91,-1,-1,-1,-1
471,41,740.39,218.74,174.45,569.59,-1,-1,-1,-1
472,41,722.86,219.84,172.83,564.28,-1,-1,-1,-1
473,41,705.33,220.94,171.20,558.97,-1,-1,-1,-1
473,45,306.53,184.03,328.79,863.67,-1,-1,-1,-1
474,30,1469.75,104.92,450.56,955.36,-1,-1,-1,-1
474,41,687.79,222.04,169.57,553.66,-1,-1,-1,-1
474,45,317.18,178.91,349.09,874.02,-1,-1,-1,-1
475,30,1469.20,91.97,451.82,956.32,-1,-1,-1,-1
475,45,315.02,177.24,384.88,877.04,-1,-1,-1,-1
476,30,1471.43,83.69,449.40,964.71,-1,-1,-1,-1
476,45,317.33,195.78,412.17,861.97,-1,-1,-1,-1
476,48,1361.24,170.67,246.25,697.66,-1,-1,-1,-1
477,30,1481.63,98.71,437.86,958.83,-1,-1,-1,-1
477,45,335.47,194.22,420.00,861.33,-1,-1,-1,-1
477,48,1321.21,185.90,283.37,679.08,-1,-1,-1,-1
478,30,1475.56,98.09,445.86,972.13,-1,-1,-1,-1
478,45,374.74,192.39,382.75,858.62,-1,-1,-1,-1
478,48,1296.46,196.87,299.35,663.86,-1,-1,-1,-1
479,30,1522.89,103.34,388.27,965.66,-1,-1,-1,-1
479,45,417.18,186.97,342.69,867.66,-1,-1,-1,-1
479,48,1287.96,204.04,295.59,656.28,-1,-1,-1,-1
480,30,1489.77,115.71,426.01,938.64,-1,-1,-1,-1
480,45,451.49,171.99,307.29,874.30,-1,-1,-1,-1
480,48,1245.63,205.18,310.15,692.61,-1,-1,-1,-1
481,30,1493.44,131.32,419.20,887.15,-1,-1,-1,-1
481,45,462.22,171.06,315.01,879.87,-1,-1,-1,-1
481,48,1227.57,205.56,315.30,704.09,-1,-1,-1,-1
482,30,1490.87,138.04,423.92,851.46,-1,-1,-1,-1
482,45,456.50,169.66,361.69,885.41,-1,-1,-1,-1
482,48,1209.51,205.94,320.45,715.57,-1,-1,-1,-1
483,30,1492.56,139.74,419.58,830.02,-1,-1,-1,-1
483,45,512.62,182.63,341.08,868.43,-1,-1,-1,-1
483,48,1191.45,206.32,325.60,727.06,-1,-1,-1,-1
484,30,1518.56,143.92,387.38,779.79,-1,-1,-1,-1
484,45,546.36,190.50,340.74,854.37,-1,-1,-1,-1
484,48,1173.39,206.70,330.75,738.54,-1,-1,-1,-1
485,30,1544.86,150.89,346.54,739.82,-1,-1,-1,-1
485,45,575.37,188.98,335.17,864.67,-1,-1,-1,-1
486,30,1548.61,139.50,328.56,773.27,-1,-1,-1,-1
486,45,589.77,189.24,348.28,868.38,-1,-1,-1,-1
486,52,241.06,202.97,318.93,725.98,-1,-1,-1,-1
487,30,1534.02,163.32,327.49,729.74,-1,-1,-1,-1
487,45,612.87,183.71,354.12,874.12,-1,-1,-1,-1
487,52,218.01,208.99,319.24,721.68,-1,-1,-1,-1
488,30,1524.70,174.87,291.26,696.79,-1,-1,-1,-1
488,45,629.16,172.76,372.80,890.95,-1,-1,-1,-1
488,52,212.76,202.67,299.26,733.03,-1,-1,-1,-1
489,30,1514.41,174.23,272.65,699.60,-1,-1,-1,-1
489,45,660.51,148.96,372.40,926.24,-1,-1,-1,-1
489,52,213.91,201.11,283.16,735.06,-1,-1,-1,-1
490,30,1509.05,177.87,267.14,685.47,-1,-1,-1,-1
490,45,695.00,147.48,373.65,932.94,-1,-1,-1,-1
490,52,214.51,202.93,277.59,729.09,-1,-1,-1,-1
490,54,1014.37,205.87,208.29,609.38,-1,-1,-1,-1
491,30,1503.69,181.52,261.62,671.33,-1,-1,-1,-1
491,45,743.40,137.00,344.25,933.92,-1,-1,-1,-1
491,52,213.50,202.60,277.52,728.71,-1,-1,-1,-1
491,54,1000.59,207.50,189.84,601.11,-1,-1,-1,-1
491,55,1247.29,38.61,429.51,1030.62,-1,-1,-1,-1
492,30,1498.33,185.16,256.10,657.20,-1,-1,-1,-1
492,45,787.75,143.86,319.65,926.64,-1,-1,-1,-1
492,52,199.50,191.76,293.06,775.10,-1,-1,-1,-1
492,54,985.06,213.20,182.13,582.93,-1,-1,-1,-1
492,55,1251.46,40.59,410.18,1026.15,-1,-1,-1,-1
493,30,1492.97,188.80,250.58,643.07,-1,-1,-1,-1
493,45,814.14,134.68,327.19,939.97,-1,-1,-1,-1
493,52,191.54,187.63,299.63,799.12,-1,-1,-1,-1
493,54,968.04,204.48,187.95,580.33,-1,-1,-1,-1
493,55,1263.22,45.18,398.37,1019.36,-1,-1,-1,-1
494,45,831.25,132.79,339.41,944.01,-1,-1,-1,-1
494,52,184.94,188.97,300.46,810.58,-1,-1,-1,-1
494,54,954.69,203.91,185.73,573.48,-1,-1,-1,-1
494,55,1293.23,50.33,383.37,997.65,-1,-1,-1,-1
495,45,829.47,129.56,374.58,949.69,-1,-1,-1,-1
495,52,171.66,190.72,304.39,811.57,-1,-1,-1,-1
495,54,941.34,203.34,183.51,566.63,-1,-1,-1,-1
495,55,1324.11,42.80,362.95,1003.65,-1,-1,-1,-1
496,45,850.17,139.23,401.13,926.55,-1,-1,-1,-1
496,52,144.15,190.18,315.56,816.25,-1,-1,-1,-1
496,54,927.99,202.78,181.29,559.78,-1,-1,-1,-1
496,55,1295.25,52.09,419.43,985.17,-1,-1,-1,-1
497,45,861.22,134.58,431.05,931.45,-1,-1,-1,-1
497,52,116.87,183.23,330.14,835.00,-1,-1,-1,-1
497,54,914.64,202.21,179.07,552.93,-1,-1,-1,-1
497,55,1315.14,66.63,409.73,978.47,-1,-1,-1,-1
498,45,889.34,127.17,435.00,939.14,-1,-1,-1,-1
498,52,93.18,175.83,340.82,852.68,-1,-1,-1,-1
498,55,1340.91,78.56,394.04,971.40,-1,-1,-1,-1
499,45,926.65,112.34,437.26,953.52,-1,-1,-1,-1
499,52,78.53,172.13,350.62,861.71,-1,-1,-1,-1
499,55,1354.72,92.82,392.68,937.85,-1,-1,-1,-1
500,45,952.92,95.43,434.63,972.56,-1,-1,-1,-1
500,52,71.22,167.04,353.88,875.91,-1,-1,-1,-1
500,55,1374.80,99.28,385.75,942.07,-1,-1,-1,-1
501,45,978.05,85.56,439.62,990.44,-1,-1,-1,-1
501,52,70.32,164.37,353.43,881.46,-1,-1,-1,-1
501,55,1387.49,102.31,382.33,945.59,-1,-1,-1,-1
501,58,784.98,210.44,182.95,607.43,-1,-1,-1,-1
502,45,997.35,97.38,444.01,968.75,-1,-1,-1,-1
502,52,76.58,164.30,350.74,888.96,-1,-1,-1,-1
502,55,1394.95,93.33,385.93,945.39,-1,-1,-1,-1
502,58,744.95,217.33,215.47,596.67,-1,-1,-1,-1
503,45,1024.80,59.53,433.29,1012.57,-1,-1,-1,-1
503,52,88.15,157.87,346.05,899.58,-1,-1,-1,-1
503,55,1408.48,88.60,377.09,929.43,-1,-1,-1,-1
503,58,698.62,222.41,252.59,599.08,-1,-1,-1,-1
504,45,1044.34,55.57,439.36,1001.19,-1,-1,-1,-1
504,52,100.34,150.75,345.50,908.76,-1,-1,-1,-1
504,55,1426.38,91.39,356.17,913.70,-1,-1,-1,-1
504,58,652.01,223.87,293.28,598.55,-1,-1,-1,-1
505,45,1066.53,46.26,443.29,1013.09,-1,-1,-1,-1
505,52,114.21,139.87,344.00,921.32,-1,-1,-1,-1
505,55,1441.95,92.94,342.76,898.14,-1,-1,-1,-1
505,58,618.23,222.03,313.30,608.19,-1,-1,-1,-1
506,45,1084.85,49.51,450.28,1006.31,-1,-1,-1,-1
506,52,127.74,137.13,344.16,920.92,-1,-1,-1,-1
506,55,1452.08,96.57,336.21,888.33,-1,-1,-1,-1
506,58,588.62,229.82,329.66,604.20,-1,-1,-1,-1
507,45,1099.75,51.59,459.70,1007.39,-1,-1,-1,-1
507,52,132.67,137.39,353.92,917.29,-1,-1,-1,-1
507,55,1460.89,94.94,321.53,867.06,-1,-1,-1,-1
507,58,575.77,235.95,322.67,601.70,-1,-1,-1,-1
508,45,1137.17,59.24,457.02,1007.34,-1,-1,-1,-1
508,52,148.47,132.31,350.14,918.07,-1,-1,-1,-1
508,55,1462.00,100.09,329.22,861.36,-1,-1,-1,-1
508,58,574.09,228.44,281.32,610.22,-1,-1,-1,-1
509,45,1167.49,80.77,473.87,978.50,-1,-1,-1,-1
509,52,165.31,117.64,345.82,945.46,-1,-1,-1,-1
509,55,1477.15,109.53,317.24,859.34,-1,-1,-1,-1
509,58,570.23,218.59,232.34,626.14,-1,-1,-1,-1
510,45,1223.87,99.27,465.30,948.50,-1,-1,-1,-1
510,52,180.70,114.11,351.98,953.82,-1,-1,-1,-1
510,55,1486.66,112.25,314.49,851.89,-1,-1,-1,-1
510,58,561.68,208.45,201.07,642.76,-1,-1,-1,-1
510,61,974.56,198.11,202.09,613.90,-1,-1,-1,-1
511,45,1286.33,85.17,441.97,966.70,-1,-1,-1,-1
511,52,190.69,122.44,369.00,938.66,-1,-1,-1,-1
511,55,1496.17,114.97,311.74,844.44,-1,-1,-1,-1
511,58,542.92,210.90,193.99,646.79,-1,-1,-1,-1
511,61,945.04,195.24,229.04,616.29,-1,-1,-1,-1
512,45,1344.92,84.05,430.68,969.40,-1,-1,-1,-1
512,52,205.75,111.95,384.32,949.87,-1,-1,-1,-1
512,55,1505.68,117.69,308.99,837.00,-1,-1,-1,-1
512,58,530.44,211.68,189.88,645.98,-1,-1,-1,-1
512,61,926.69,193.90,238.43,613.60,-1,-1,-1,-1
513,45,1381.12,66.85,461.73,993.31,-1,-1,-1,-1
513,52,208.76,101.60,436.56,966.19,-1,-1,-1,-1
513,55,1515.19,120.41,306.24,829.55,-1,-1,-1,-1
513,58,525.89,206.74,182.10,647.73,-1,-1,-1,-1
513,61,909.02,199.89,255.88,605.41,-1,-1,-1,-1
514,45,1413.66,68.44,461.19,993.07,-1,-1,-1,-1
514,52,214.77,93.28,467.01,974.16,-1,-1,-1,-1
514,58,506.60,205.47,183.08,651.22,-1,-1,-1,-1
514,61,891.02,201.07,263.01,607.34,-1,-1,-1,-1
515,45,1428.57,63.42,476.31,1001.36,-1,-1,-1,-1
515,52,221.40,93.27,491.93,964.02,-1,-1,-1,-1
515,58,487.31,204.20,184.06,654.70,-1,-1,-1,-1
515,61,874.36,208.84,256.38,595.70,-1,-1,-1,-1
516,45,1443.94,81.45,486.77,983.32,-1,-1,-1,-1
516,52,250.53,91.29,489.67,966.84,-1,-1,-1,-1
516,58,468.02,202.93,185.04,658.19,-1,-1,-1,-1
516,61,864.15,205.46,228.70,596.40,-1,-1,-1,-1
517,45,1456.41,98.00,485.48,966.79,-1,-1,-1,-1
517,52,297.24,92.80,478.28,975.42,-1,-1,-1,-1
517,58,448.73,201.66,186.02,661.67,-1,-1,-1,-1
517,61,841.53,207.17,207.79,587.85,-1,-1,-1,-1
518,45,1482.32,101.44,461.30,971.43,-1,-1,-1,-1
518,52,325.42,118.58,477.30,945.70,-1,-1,-1,-1
518,61,806.81,210.86,206.75,553.09,-1,-1,-1,-1
519,45,1536.10,103.94,404.14,968.33,-1,-1,-1,-1
519,52,342.58,127.35,511.32,936.80,-1,-1,-1,-1
519,61,767.44,192.84,227.57,583.28,-1,-1,-1,-1
520,45,1569.34,107.08,371.49,963.41,-1,-1,-1,-1
520,52,385.96,125.33,530.56,939.11,-1,-1,-1,-1
520,58,347.13,191.80,217.33,723.11,-1,-1,-1,-1
520,61,768.71,194.57,209.10,575.00,-1,-1,-1,-1
520,64,1345.67,147.96,295.38,718.47,-1,-1,-1,-1
521,45,1569.33,85.45,375.10,988.46,-1,-1,-1,-1
521,52,473.60,95.94,472.63,982.14,-1,-1,-1,-1
521,58,317.13,185.88,231.13,768.30,-1,-1,-1,-1
521,61,749.16,192.37,208.43,573.13,-1,-1,-1,-1
521,64,1340.89,151.24,280.96,709.54,-1,-1,-1,-1
522,45,1558.51,78.15,388.17,1001.67,-1,-1,-1,-1
522,52,538.32,98.34,448.94,972.15,-1,-1,-1,-1
522,58,293.91,187.44,254.13,788.94,-1,-1,-1,-1
522,61,729.62,190.17,207.76,571.26,-1,-1,-1,-1
522,64,1326.35,151.19,266.04,691.54,-1,-1,-1,-1
523,45,1557.17,90.09,384.67,989.37,-1,-1,-1,-1
523,52,572.01,82.70,468.05,978.40,-1,-1,-1,-1
523,58,278.95,179.48,277.06,817.54,-1,-1,-1,-1
523,61,710.07,187.97,207.08,569.39,-1,-1,-1,-1
523,64,1309.39,160.36,254.52,665.43,-1,-1,-1,-1
524,45,1578.75,124.94,356.47,928.96,-1,-1,-1,-1
524,52,628.49,77.78,468.97,992.29,-1,-1,-1,-1
524,58,272.58,177.71,280.45,834.33,-1,-1,-1,-1
524,61,690.53,185.77,206.41,567.52,-1,-1,-1,-1
524,64,1272.93,158.07,255.67,656.66,-1,-1,-1,-1
525,45,1598.01,151.05,328.10,888.04,-1,-1,-1,-1
525,52,636.73,81.41,519.76,985.85,-1,-1,-1,-1
525,58,259.55,192.14,293.30,814.60,-1,-1,-1,-1
525,64,1230.56,160.37,268.08,645.37,-1,-1,-1,-1
526,45,1607.58,156.42,319.46,884.13,-1,-1,-1,-1
526,52,733.33,102.27,465.29,961.32,-1,-1,-1,-1
526,58,245.02,198.21,303.94,806.16,-1,-1,-1,-1
526,64,1185.53,152.55,295.20,654.05,-1,-1,-1,-1
527,45,1611.91,172.88,312.89,858.40,-1,-1,-1,-1
527,52,809.14,72.75,437.48,990.33,-1,-1,-1,-1
527,58,224.72,191.83,317.60,817.67,-1,-1,-1,-1
527,64,1155.71,155.36,308.61,648.55,-1,-1,-1,-1
528,45,1619.51,161.32,305.42,872.74,-1,-1,-1,-1
528,52,886.94,82.47,399.76,981.51,-1,-1,-1,-1
528,58,212.32,181.52,319.66,840.26,-1,-1,-1,-1
528,64,1143.68,149.37,299.93,659.81,-1,-1,-1,-1
529,45,1618.37,167.40,302.57,860.80,-1,-1,-1,-1
529,52,941.58,69.14,421.82,994.95,-1,-1,-1,-1
529,58,200.65,175.50,319.39,856.63,-1,-1,-1,-1
529,64,1121.53,147.39,301.02,662.19,-1,-1,-1,-1
529,66,511.35,190.21,282.28,635.19,-1,-1,-1,-1
530,45,1609.29,147.86,302.25,893.37,-1,-1,-1,-1
530,52,979.34,67.70,446.99,999.52,-1,-1,-1,-1
530,58,188.53,176.21,323.75,860.19,-1,-1,-1,-1
530,64,1099.37,145.41,302.11,664.57,-1,-1,-1,-1
530,66,488.69,204.94,308.95,629.39,-1,-1,-1,-1
531,45,1583.58,149.65,328.07,886.99,-1,-1,-1,-1
531,52,1030.50,55.76,440.90,1006.89,-1,-1,-1,-1
531,58,179.16,166.83,332.85,892.57,-1,-1,-1,-1
531,64,1077.22,143.43,303.20,666.95,-1,-1,-1,-1
531,66,483.53,220.80,295.47,617.62,-1,-1,-1,-1
532,45,1544.46,151.74,353.64,872.71,-1,-1,-1,-1
532,52,1083.28,37.47,417.86,1036.39,-1,-1,-1,-1
532,58,171.39,174.04,348.11,885.79,-1,-1,-1,-1
532,64,1055.07,141.46,304.29,669.33,-1,-1,-1,-1
532,66,481.71,213.68,258.60,631.16,-1,-1,-1,-1
533,45,1503.78,218.44,383.89,791.57,-1,-1,-1,-1
533,52,1096.53,32.71,451.15,1043.15,-1,-1,-1,-1
533,58,168.92,178.37,350.69,880.67,-1,-1,-1,-1
533,66,470.86,210.05,225.01,637.18,-1,-1,-1,-1
534,45,1490.53,182.76,377.82,841.73,-1,-1,-1,-1
534,52,1173.36,26.32,397.78,1047.92,-1,-1,-1,-1
534,58,162.75,179.64,368.89,879.57,-1,-1,-1,-1
534,64,1010.46,157.74,302.04,610.48,-1,-1,-1,-1
534,66,447.56,208.53,221.62,641.26,-1,-1,-1,-1
535,45,1489.90,186.51,373.69,839.80,-1,-1,-1,-1
535,52,1205.66,36.04,408.20,1031.95,-1,-1,-1,-1
535,58,155.92,173.20,387.25,893.16,-1,-1,-1,-1
535,64,1020.24,157.71,260.64,610.30,-1,-1,-1,-1
535,66,426.94,209.09,238.31,631.93,-1,-1,-1,-1
536,45,1483.32,188.19,373.52,839.37,-1,-1,-1,-1
536,52,1246.88,33.75,455.26,1036.08,-1,-1,-1,-1
536,58,147.74,163.06,409.08,913.69,-1,-1,-1,-1
536,64,1026.05,162.41,231.20,605.40,-1,-1,-1,-1
536,66,415.05,204.26,257.61,641.85,-1,-1,-1,-1
537,45,1476.75,189.87,373.34,838.94,-1,-1,-1,-1
537,52,1288.28,26.39,452.38,1048.09,-1,-1,-1,-1
537,58,142.29,157.24,431.13,921.93,-1,-1,-1,-1
537,64,1011.69,172.83,228.77,593.84,-1,-1,-1,-1
537,66,407.35,192.27,294.50,658.62,-1,-1,-1,-1
538,45,1470.18,191.55,373.16,838.51,-1,-1,-1,-1
538,52,1330.49,34.11,419.22,1030.96,-1,-1,-1,-1
538,58,146.84,172.46,429.94,892.25,-1,-1,-1,-1
538,64,986.81,193.51,240.42,568.74,-1,-1,-1,-1
538,66,404.00,211.07,317.72,581.43,-1,-1,-1,-1
539,45,1463.60,193.22,372.98,838.08,-1,-1,-1,-1
539,52,1363.87,47.87,410.84,1022.04,-1,-1,-1,-1
539,58,153.93,172.93,430.70,885.09,-1,-1,-1,-1
539,64,952.65,201.76,267.07,568.05,-1,-1,-1,-1
539,66,403.20,222.15,303.02,554.51,-1,-1,-1,-1
540,52,1378.71,48.11,447.06,1016.87,-1,-1,-1,-1
540,58,172.25,158.22,430.29,907.73,-1,-1,-1,-1
540,64,904.74,219.65,316.93,552.68,-1,-1,-1,-1
540,66,402.40,233.24,288.32,527.59,-1,-1,-1,-1
541,52,1410.67,50.60,435.00,1021.61,-1,-1,-1,-1
541,58,183.45,153.03,426.90,915.82,-1,-1,-1,-1
541,64,879.68,228.75,341.13,552.62,-1,-1,-1,-1
541,66,401.61,244.33,273.62,500.68,-1,-1,-1,-1
542,52,1442.97,71.15,428.56,988.45,-1,-1,-1,-1
542,58,202.10,144.78,415.68,929.26,-1,-1,-1,-1
542,64,861.58,242.22,358.47,542.63,-1,-1,-1,-1
542,66,400.81,255.42,258.92,473.76,-1,-1,-1,-1
543,52,1467.32,82.25,422.10,978.04,-1,-1,-1,-1
543,58,203.30,136.87,429.37,940.29,-1,-1,-1,-1
543,64,853.29,251.71,346.35,532.71,-1,-1,-1,-1
544,52,1480.10,87.31,431.54,979.02,-1,-1,-1,-1
544,58,192.33,120.98,457.60,955.14,-1,-1,-1,-1
544,64,832.44,263.89,338.46,507.99,-1,-1,-1,-1
545,52,1511.76,105.00,403.64,962.26,-1,-1,-1,-1
545,58,194.15,113.30,463.43,967.26,-1,-1,-1,-1
545,64,825.92,257.60,293.44,512.49,-1,-1,-1,-1
545,71,1264.84,238.22,228.76,627.42,-1,-1,-1,-1
546,52,1544.38,104.75,351.57,970.41,-1,-1,-1,-1
546,58,195.97,105.61,469.26,979.37,-1,-1,-1,-1
546,64,808.49,253.04,264.99,524.69,-1,-1,-1,-1
546,71,1259.55,231.46,215.25,615.56,-1,-1,-1,-1
547,52,1578.61,99.21,298.09,962.33,-1,-1,-1,-1
547,58,239.62,110.28,535.33,962.81,-1,-1,-1,-1
547,64,791.91,248.71,252.65,538.97,-1,-1,-1,-1
547,71,1243.73,219.66,215.36,615.26,-1,-1,-1,-1
548,52,1589.77,122.96,292.05,933.81,-1,-1,-1,-1
548,58,252.37,106.49,537.49,966.63,-1,-1,-1,-1
548,64,771.29,244.92,251.57,540.33,-1,-1,-1,-1
548,71,1220.71,215.91,220.36,603.64,-1,-1,-1,-1
549,52,1603.55,114.25,276.56,942.09,-1,-1,-1,-1
549,58,265.13,102.70,539.64,970.44,-1,-1,-1,-1
549,64,769.22,252.22,241.79,540.50,-1,-1,-1,-1
549,71,1209.09,205.54,211.41,612.05,-1,-1,-1,-1
550,52,1594.12,128.92,292.53,921.76,-1,-1,-1,-1
550,58,277.89,98.92,541.80,974.25,-1,-1,-1,-1
550,64,749.10,253.48,243.01,543.19,-1,-1,-1,-1
550,71,1195.00,209.87,209.16,604.61,-1,-1,-1,-1
551,52,1569.16,158.80,316.69,878.80,-1,-1,-1,-1
551,58,290.64,95.13,543.95,978.07,-1,-1,-1,-1
551,64,728.98,254.73,244.22,545.89,-1,-1,-1,-1
551,71,1172.92,217.81,228.56,592.52,-1,-1,-1,-1
552,52,1546.78,154.64,331.96,883.90,-1,-1,-1,-1
552,64,708.85,255.99,245.43,548.58,-1,-1,-1,-1
552,71,1154.53,223.56,249.11,586.93,-1,-1,-1,-1
552,73,191.37,111.16,408.65,914.16,-1,-1,-1,-1
553,52,1537.76,152.03,334.40,888.64,-1,-1,-1,-1
553,64,688.73,257.24,246.64,551.28,-1,-1,-1,-1
553,71,1136.16,227.32,259.69,589.89,-1,-1,-1,-1
553,73,190.46,103.41,406.98,920.72,-1,-1,-1,-1
553,74,665.78,57.96,468.85,1012.22,-1,-1,-1,-1
554,52,1521.82,175.34,352.57,864.80,-1,-1,-1,-1
554,71,1141.47,243.64,214.07,549.18,-1,-1,-1,-1
554,73,208.94,103.58,399.34,948.12,-1,-1,-1,-1
554,74,740.77,52.76,433.92,1021.35,-1,-1,-1,-1
555,52,1498.52,152.27,373.10,892.31,-1,-1,-1,-1
555,71,1152.37,243.14,173.52,530.83,-1,-1,-1,-1
555,73,226.66,108.67,389.55,956.45,-1,-1,-1,-1
555,74,793.87,65.60,447.34,1010.42,-1,-1,-1,-1
556,52,1481.74,158.11,381.86,881.60,-1,-1,-1,-1
556,71,1143.10,249.38,167.43,512.21,-1,-1,-1,-1
556,73,249.42,114.00,367.52,957.20,-1,-1,-1,-1
556,74,826.65,78.69,462.53,997.62,-1,-1,-1,-1
557,52,1472.53,156.01,338.69,850.71,-1,-1,-1,-1
557,71,1133.83,255.62,161.35,493.60,-1,-1,-1,-1
557,73,275.87,116.30,350.34,960.58,-1,-1,-1,-1
557,74,850.84,91.32,468.04,980.14,-1,-1,-1,-1
557,76,553.75,197.93,222.99,646.21,-1,-1,-1,-1
558,52,1455.10,181.30,300.59,768.96,-1,-1,-1,-1
558,71,1124.56,261.86,155.27,474.98,-1,-1,-1,-1
558,73,290.43,113.58,420.72,964.39,-1,-1,-1,-1
558,74,891.14,103.12,449.57,963.73,-1,-1,-1,-1
558,76,562.89,192.15,209.91,632.68,-1,-1,-1,-1
559,52,1436.20,179.69,283.64,739.31,-1,-1,-1,-1
559,71,1115.28,268.09,149.18,456.37,-1,-1,-1,-1
559,73,298.96,112.06,451.42,957.61,-1,-1,-1,-1
559,74,939.90,102.07,428.12,959.51,-1,-1,-1,-1
559,76,561.34,185.77,212.12,639.38,-1,-1,-1,-1
560,52,1416.27,172.98,276.61,731.31,-1,-1,-1,-1
560,73,291.14,108.25,461.64,961.38,-1,-1,-1,-1
560,74,1024.63,95.92,369.57,971.60,-1,-1,-1,-1
560,76,559.80,179.40,214.34,646.08,-1,-1,-1,-1
561,52,1400.02,165.86,268.81,730.22,-1,-1,-1,-1
561,73,269.93,88.31,494.05,990.30,-1,-1,-1,-1
561,74,1100.63,83.57,326.86,991.21,-1,-1,-1,-1
561,76,558.25,173.02,216.55,652.78,-1,-1,-1,-1
562,52,1385.82,158.58,270.14,735.11,-1,-1,-1,-1
562,73,257.84,74.49,534.55,968.11,-1,-1,-1,-1
562,74,1158.03,87.69,316.38,988.95,-1,-1,-1,-1
562,76,556.71,166.64,218.76,659.48,-1,-1,-1,-1
563,52,1405.55,159.32,231.12,726.52,-1,-1,-1,-1
563,73,269.96,71.58,533.71,966.57,-1,-1,-1,-1
563,74,1182.48,105.81,398.32,970.56,-1,-1,-1,-1
564,52,1393.78,156.88,228.86,719.45,-1,-1,-1,-1
564,73,339.33,71.58,506.42,974.58,-1,-1,-1,-1
564,74,1205.11,107.12,435.86,967.24,-1,-1,-1,-1
564,77,917.72,225.84,196.66,579.21,-1,-1,-1,-1
565,52,1382.01,154.43,226.61,712.38,-1,-1,-1,-1
565,58,507.83,85.39,412.23,987.58,-1,-1,-1,-1
565,73,356.68,68.08,507.36,976.36,-1,-1,-1,-1
565,74,1252.53,89.53,430.35,991.05,-1,-1,-1,-1
565,77,893.95,222.66,190.86,588.10,-1,-1,-1,-1
566,52,1370.24,151.99,224.36,705.31,-1,-1,-1,-1
566,58,537.24,82.63,436.62,987.74,-1,-1,-1,-1
566,73,374.03,64.59,508.29,978.14,-1,-1,-1,-1
566,74,1290.37,106.15,420.58,962.86,-1,-1,-1,-1
566,77,880.85,231.07,168.10,577.03,-1,-1,-1,-1
567,52,1358.47,149.55,222.11,698.24,-1,-1,-1,-1
567,58,568.61,72.82,453.57,1003.92,-1,-1,-1,-1
567,64,375.71,193.89,261.09,739.90,-1,-1,-1,-1
567,73,391.37,61.09,509.23,979.92,-1,-1,-1,-1
567,74,1300.30,107.75,428.00,963.78,-1,-1,-1,-1
567,77,860.48,231.85,169.38,581.45,-1,-1,-1,-1
568,58,604.61,77.52,478.94,1000.70,-1,-1,-1,-1
568,64,359.48,190.06,262.87,761.64,-1,-1,-1,-1
568,73,408.72,57.59,510.16,981.69,-1,-1,-1,-1
568,74,1310.14,110.38,428.11,961.57,-1,-1,-1,-1
568,77,840.11,232.63,170.66,585.87,-1,-1,-1,-1
569,58,626.62,75.62,480.48,1003.87,-1,-1,-1,-1
569,64,340.36,190.31,280.75,773.14,-1,-1,-1,-1
569,74,1322.22,109.44,432.52,957.35,-1,-1,-1,-1
569,77,819.74,233.41,171.94,590.28,-1,-1,-1,-1
570,58,648.62,73.73,482.02,1007.05,-1,-1,-1,-1
570,64,321.56,196.50,300.72,768.53,-1,-1,-1,-1
570,74,1399.31,107.26,367.53,957.32,-1,-1,-1,-1
570,77,799.37,234.19,173.23,594.70,-1,-1,-1,-1
571,52,1279.23,201.52,208.82,621.52,-1,-1,-1,-1
571,58,670.62,71.84,483.57,1010.22,-1,-1,-1,-1
571,64,308.35,195.96,323.21,774.78,-1,-1,-1,-1
571,74,1452.37,96.98,331.51,977.70,-1,-1,-1,-1
572,52,1265.95,202.32,205.73,632.84,-1,-1,-1,-1
572,58,692.63,69.94,485.11,1013.40,-1,-1,-1,-1
572,64,297.75,190.88,337.29,787.74,-1,-1,-1,-1
572,74,1488.33,94.34,311.29,972.33,-1,-1,-1,-1
572,77,719.47,282.11,215.90,558.63,-1,-1,-1,-1
573,52,1253.50,221.49,198.95,601.71,-1,-1,-1,-1
573,64,290.65,180.98,337.76,810.13,-1,-1,-1,-1
573,74,1508.96,100.01,299.61,955.32,-1,-1,-1,-1
573,77,680.37,253.58,241.35,596.39,-1,-1,-1,-1
574,52,1245.49,219.47,199.15,613.67,-1,-1,-1,-1
574,64,281.55,178.17,327.79,806.06,-1,-1,-1,-1
574,74,1529.24,106.81,282.28,947.45,-1,-1,-1,-1
574,77,655.61,232.08,258.76,641.47,-1,-1,-1,-1
575,52,1231.37,221.46,197.95,609.96,-1,-1,-1,-1
575,64,265.33,176.24,319.95,804.04,-1,-1,-1,-1
575,74,1544.52,115.20,273.29,935.82,-1,-1,-1,-1
575,77,629.61,225.21,280.77,658.06,-1,-1,-1,-1
576,52,1217.25,223.45,196.74,606.25,-1,-1,-1,-1
576,64,239.87,165.31,316.82,834.54,-1,-1,-1,-1
576,74,1546.21,119.14,277.49,932.53,-1,-1,-1,-1
576,77,600.43,224.60,303.45,671.68,-1,-1,-1,-1
577,52,1203.12,225.44,195.54,602.53,-1,-1,-1,-1
577,64,219.30,147.88,313.28,887.38,-1,-1,-1,-1
577,74,1546.14,115.30,275.42,947.38,-1,-1,-1,-1
577,77,579.17,221.86,301.73,683.40,-1,-1,-1,-1
578,52,1189.00,227.44,194.33,598.82,-1,-1,-1,-1
578,64,201.20,156.32,325.19,885.59,-1,-1,-1,-1
578,74,1540.03,128.79,284.46,924.16,-1,-1,-1,-1
578,77,559.23,231.71,302.10,674.20,-1,-1,-1,-1
578,82,1080.68,120.38,419.86,940.38,-1,-1,-1,-1
579,64,190.49,153.46,336.85,902.94,-1,-1,-1,-1
579,74,1533.57,136.20,291.15,899.50,-1,-1,-1,-1
579,77,546.27,235.55,307.27,672.11,-1,-1,-1,-1
579,82,1175.57,151.12,346.45,908.02,-1,-1,-1,-1
580,64,173.96,145.15,366.68,919.12,-1,-1,-1,-1
580,74,1538.82,146.84,288.59,879.52,-1,-1,-1,-1
580,77,548.02,225.39,268.23,687.64,-1,-1,-1,-1
580,82,1173.54,103.57,389.74,963.90,-1,-1,-1,-1
581,52,1064.12,221.74,268.36,577.80,-1,-1,-1,-1
581,64,170.62,135.57,388.80,940.39,-1,-1,-1,-1
581,74,1544.08,150.95,284.81,874.31,-1,-1,-1,-1
581,77,532.57,222.22,253.82,687.97,-1,-1,-1,-1
581,82,1153.88,93.72,450.40,984.11,-1,-1,-1,-1
582,52,1045.73,215.88,268.45,582.10,-1,-1,-1,-1
582,64,172.79,126.94,379.89,950.89,-1,-1,-1,-1
582,74,1548.44,158.17,277.98,852.72,-1,-1,-1,-1
582,77,508.67,214.57,247.92,698.34,-1,-1,-1,-1
582,82,1216.68,95.28,419.65,973.63,-1,-1,-1,-1
583,52,1043.32,232.69,231.92,557.93,-1,-1,-1,-1
583,64,166.67,121.59,408.89,961.69,-1,-1,-1,-1
583,74,1566.15,162.93,250.05,848.05,-1,-1,-1,-1
583,77,479.09,211.62,259.42,701.88,-1,-1,-1,-1
583,82,1259.63,122.51,404.70,946.97,-1,-1,-1,-1
584,52,1030.86,231.21,195.09,556.49,-1,-1,-1,-1
584,64,170.45,130.96,427.15,950.48,-1,-1,-1,-1
584,74,1571.34,169.74,233.61,832.57,-1,-1,-1,-1
584,77,454.89,213.32,275.93,688.81,-1,-1,-1,-1
584,82,1288.18,126.15,418.28,941.75,-1,-1,-1,-1
585,52,1018.21,232.55,171.97,552.62,-1,-1,-1,-1
585,64,175.13,131.81,444.87,948.09,-1,-1,-1,-1
585,74,1579.43,176.26,229.93,819.52,-1,-1,-1,-1
585,77,445.63,216.25,287.86,677.62,-1,-1,-1,-1
585,82,1299.48,112.68,462.00,953.88,-1,-1,-1,-1
586,52,992.30,236.38,170.15,552.88,-1,-1,-1,-1
586,64,189.44,145.58,432.03,922.63,-1,-1,-1,-1
586,74,1587.52,182.78,226.25,806.47,-1,-1,-1,-1
586,77,440.74,221.15,309.05,669.48,-1,-1,-1,-1
586,82,1315.92,124.85,465.23,928.09,-1,-1,-1,-1
587,52,962.55,232.95,192.02,558.61,-1,-1,-1,-1
587,64,199.76,129.78,398.51,944.36,-1,-1,-1,-1
587,74,1595.61,189.31,222.57,793.42,-1,-1,-1,-1
587,77,433.87,222.69,319.16,670.84,-1,-1,-1,-1
587,82,1328.98,118.83,445.47,914.15,-1,-1,-1,-1
588,52,926.71,223.92,221.17,566.11,-1,-1,-1,-1
588,64,211.11,106.64,385.72,972.78,-1,-1,-1,-1
588,74,1603.70,195.83,218.89,780.37,-1,-1,-1,-1
588,77,448.61,213.64,299.39,687.95,-1,-1,-1,-1
588,82,1317.90,100.92,467.82,932.45,-1,-1,-1,-1
589,52,888.04,233.86,261.20,553.13,-1,-1,-1,-1
589,64,202.89,103.07,464.48,959.69,-1,-1,-1,-1
589,77,454.20,216.68,278.17,687.32,-1,-1,-1,-1
589,82,1287.30,99.35,505.96,917.98,-1,-1,-1,-1
590,52,867.31,224.04,269.69,562.37,-1,-1,-1,-1
590,64,208.05,88.87,487.09,967.23,-1,-1,-1,-1
590,77,437.26,207.87,283.94,716.43,-1,-1,-1,-1
590,82,1252.65,95.15,527.60,917.46,-1,-1,-1,-1
591,52,864.17,225.18,260.07,556.82,-1,-1,-1,-1
591,64,219.83,74.89,471.83,980.70,-1,-1,-1,-1
591,77,424.66,202.25,289.42,730.25,-1,-1,-1,-1
591,82,1228.55,98.51,534.79,900.22,-1,-1,-1,-1
592,52,862.35,223.76,227.76,555.30,-1,-1,-1,-1
592,64,226.39,65.92,496.56,995.17,-1,-1,-1,-1
592,77,412.05,196.62,294.90,744.06,-1,-1,-1,-1
592,82,1218.36,105.24,510.61,905.49,-1,-1,-1,-1
593,52,844.03,223.09,227.21,553.95,-1,-1,-1,-1
593,64,231.29,56.88,502.03,1006.09,-1,-1,-1,-1
593,77,399.45,191.00,300.38,757.87,-1,-1,-1,-1
593,82,1218.53,119.64,479.94,895.36,-1,-1,-1,-1
594,52,825.72,222.42,226.67,552.60,-1,-1,-1,-1
594,64,236.19,47.83,507.50,1017.01,-1,-1,-1,-1
594,77,386.84,185.38,305.85,771.68,-1,-1,-1,-1
594,82,1246.87,131.79,412.87,883.34,-1,-1,-1,-1
595,52,807.40,221.75,226.12,551.26,-1,-1,-1,-1
595,64,241.08,38.79,512.97,1027.93,-1,-1,-1,-1
595,82,1272.90,147.75,363.42,848.69,-1,-1,-1,-1
596,52,793.79,199.11,215.20,588.71,-1,-1,-1,-1
596,64,245.98,29.75,518.45,1038.85,-1,-1,-1,-1
596,82,1282.00,149.23,337.29,834.31,-1,-1,-1,-1
597,52,773.65,193.36,218.19,596.87,-1,-1,-1,-1
597,82,1295.39,145.72,322.23,839.01,-1,-1,-1,-1
598,52,753.51,187.62,221.17,605.03,-1,-1,-1,-1
598,82,1299.43,132.87,315.45,860.77,-1,-1,-1,-1
599,52,733.37,181.88,224.16,613.20,-1,-1,-1,-1
599,82,1298.63,139.57,325.22,806.42,-1,-1,-1,-1
600,52,713.23,176.14,227.14,621.36,-1,-1,-1,-1
600,82,1299.33,141.45,326.67,765.18,-1,-1,-1,-1
601,77,208.52,207.44,398.09,822.42,-1,-1,-1,-1
601,82,1292.34,143.83,329.70,752.25,-1,-1,-1,-1
602,77,231.79,214.40,354.05,818.07,-1,-1,-1,-1
602,82,1261.10,141.35,350.65,773.40,-1,-1,-1,-1
603,77,256.58,209.65,316.14,831.69,-1,-1,-1,-1
603,82,1228.38,144.55,381.63,776.06,-1,-1,-1,-1
604,77,277.93,204.71,287.49,841.69,-1,-1,-1,-1
604,82,1263.88,161.16,332.57,738.33,-1,-1,-1,-1
605,77,300.58,200.45,269.89,847.34,-1,-1,-1,-1
605,82,1302.56,170.51,292.24,707.27,-1,-1,-1,-1
605,88,645.00,43.55,481.66,1022.37,-1,-1,-1,-1
606,52,601.94,214.20,194.05,607.64,-1,-1,-1,-1
606,77,294.31,199.50,272.28,854.87,-1,-1,-1,-1
606,82,1322.38,172.09,272.19,694.95,-1,-1,-1,-1
606,88,694.00,47.56,456.66,1020.31,-1,-1,-1,-1
607,52,578.10,221.21,194.21,591.05,-1,-1,-1,-1
607,77,288.04,198.55,274.67,862.40,-1,-1,-1,-1
607,82,1325.63,169.61,272.84,690.66,-1,-1,-1,-1
607,88,745.00,80.83,444.97,982.75,-1,-1,-1,-1
607,90,1144.68,213.87,211.56,564.66,-1,-1,-1,-1
608,52,539.59,223.81,221.25,594.71,-1,-1,-1,-1
608,77,281.77,197.60,277.07,869.94,-1,-1,-1,-1
608,82,1284.20,163.76,319.44,686.83,-1,-1,-1,-1
608,88,788.74,74.97,447.96,996.30,-1,-1,-1,-1
608,90,1154.02,217.23,181.07,549.67,-1,-1,-1,-1
609,52,518.93,226.54,220.58,592.91,-1,-1,-1,-1
609,77,275.50,196.64,279.46,877.47,-1,-1,-1,-1
609,82,1254.92,164.33,350.36,677.00,-1,-1,-1,-1
609,88,831.19,89.43,451.61,980.86,-1,-1,-1,-1
609,90,1145.29,216.59,179.72,545.58,-1,-1,-1,-1
610,52,498.28,229.27,219.92,591.12,-1,-1,-1,-1
610,82,1232.57,163.92,360.14,683.86,-1,-1,-1,-1
610,88,871.57,85.54,422.73,983.54,-1,-1,-1,-1
610,90,1136.57,215.96,178.37,541.48,-1,-1,-1,-1
610,92,361.35,205.18,401.54,862.52,-1,-1,-1,-1
611,52,477.62,232.00,219.25,589.32,-1,-1,-1,-1
611,82,1231.32,166.69,342.95,674.90,-1,-1,-1,-1
611,88,904.84,68.13,395.58,1007.95,-1,-1,-1,-1
611,90,1127.84,215.33,177.02,537.38,-1,-1,-1,-1
611,92,363.50,190.10,383.40,883.00,-1,-1,-1,-1
612,52,456.96,234.73,218.58,587.52,-1,-1,-1,-1
612,82,1236.27,169.33,319.23,664.95,-1,-1,-1,-1
612,88,943.25,71.98,373.45,999.93,-1,-1,-1,-1
612,90,1119.11,214.69,175.67,533.28,-1,-1,-1,-1
612,92,385.22,175.32,354.75,896.20,-1,-1,-1,-1
613,82,1256.95,180.54,282.28,649.75,-1,-1,-1,-1
613,88,967.98,62.30,388.52,1009.98,-1,-1,-1,-1
613,92,411.40,181.96,331.72,893.08,-1,-1,-1,-1
614,82,1284.39,175.89,236.76,659.12,-1,-1,-1,-1
614,88,989.93,57.57,437.26,1020.72,-1,-1,-1,-1
614,92,427.12,167.39,331.86,912.96,-1,-1,-1,-1
615,82,1301.49,176.30,200.30,647.72,-1,-1,-1,-1
615,88,1005.28,86.22,486.56,989.03,-1,-1,-1,-1
615,92,419.57,163.50,368.85,914.61,-1,-1,-1,-1
616,52,373.00,208.80,175.09,660.95,-1,-1,-1,-1
616,82,1299.30,177.25,198.42,641.69,-1,-1,-1,-1
616,88,1039.34,124.23,485.16,941.74,-1,-1,-1,-1
616,92,408.41,158.34,399.59,917.95,-1,-1,-1,-1
617,52,348.57,205.99,177.72,670.93,-1,-1,-1,-1
617,82,1297.12,178.20,196.54,635.66,-1,-1,-1,-1
617,88,1074.00,142.44,457.80,920.65,-1,-1,-1,-1
617,92,387.42,160.14,441.92,912.71,-1,-1,-1,-1
618,52,331.33,204.57,193.21,695.98,-1,-1,-1,-1
618,82,1294.94,179.15,194.66,629.63,-1,-1,-1,-1
618,88,1086.94,119.29,447.90,954.47,-1,-1,-1,-1
618,92,374.17,157.08,463.16,911.42,-1,-1,-1,-1
619,52,315.11,200.45,208.87,714.25,-1,-1,-1,-1
619,82,1292.75,180.10,192.78,623.60,-1,-1,-1,-1
619,88,1115.13,95.51,428.89,987.51,-1,-1,-1,-1
619,92,368.62,159.98,474.51,906.89,-1,-1,-1,-1
619,94,840.25,225.75,240.42,578.40,-1,-1,-1,-1
620,52,305.32,199.06,211.91,711.68,-1,-1,-1,-1
620,88,1161.01,87.58,391.02,991.70,-1,-1,-1,-1
620,92,378.23,164.67,461.99,903.22,-1,-1,-1,-1
620,94,811.89,228.86,263.48,580.54,-1,-1,-1,-1
621,52,298.24,195.46,213.59,713.07,-1,-1,-1,-1
621,88,1183.42,78.29,380.20,996.32,-1,-1,-1,-1
621,92,410.32,167.68,431.49,905.76,-1,-1,-1,-1
621,94,808.60,238.17,252.19,570.56,-1,-1,-1,-1
622,52,288.35,194.68,213.65,704.25,-1,-1,-1,-1
622,88,1196.44,82.15,381.72,990.44,-1,-1,-1,-1
622,92,416.56,156.95,447.17,911.79,-1,-1,-1,-1
622,94,807.27,248.75,232.23,548.93,-1,-1,-1,-1
623,52,271.20,198.14,237.44,716.02,-1,-1,-1,-1
623,88,1203.15,94.41,384.49,980.35,-1,-1,-1,-1
623,92,428.02,143.07,481.60,931.01,-1,-1,-1,-1
623,94,801.92,248.05,211.38,537.71,-1,-1,-1,-1
624,52,252.76,194.81,253.58,745.23,-1,-1,-1,-1
624,88,1260.09,98.45,338.85,970.56,-1,-1,-1,-1
624,92,441.32,130.84,510.58,939.44,-1,-1,-1,-1
624,94,787.95,246.70,214.89,475.79,-1,-1,-1,-1
625,52,230.50,197.87,270.65,762.18,-1,-1,-1,-1
625,88,1292.82,86.87,320.61,984.76,-1,-1,-1,-1
625,92,451.90,127.21,531.75,942.10,-1,-1,-1,-1
625,94,781.27,245.29,212.53,449.92,-1,-1,-1,-1
626,52,212.35,193.24,281.97,790.34,-1,-1,-1,-1
626,88,1314.64,87.97,316.19,981.90,-1,-1,-1,-1
626,92,473.14,121.27,541.58,952.43,-1,-1,-1,-1
626,94,773.56,254.01,198.56,420.32,-1,-1,-1,-1
626,96,1141.41,213.34,216.10,583.18,-1,-1,-1,-1
627,52,194.71,192.73,296.44,809.91,-1,-1,-1,-1
627,88,1322.41,96.44,325.24,966.24,-1,-1,-1,-1
627,92,508.18,119.06,515.36,957.01,-1,-1,-1,-1
627,94,765.86,262.73,184.59,390.73,-1,-1,-1,-1
627,96,1122.37,225.05,214.95,566.08,-1,-1,-1,-1
628,52,153.64,189.39,337.04,819.82,-1,-1,-1,-1
628,88,1321.52,108.28,339.72,930.84,-1,-1,-1,-1
628,92,569.91,107.61,489.76,972.27,-1,-1,-1,-1
628,94,758.16,271.45,170.61,361.14,-1,-1,-1,-1
628,96,1060.31,211.86,277.63,573.32,-1,-1,-1,-1
629,52,117.95,185.12,368.00,834.90,-1,-1,-1,-1
629,88,1311.41,115.20,361.97,906.54,-1,-1,-1,-1
629,92,627.92,127.17,456.97,949.53,-1,-1,-1,-1
629,94,750.46,280.17,156.64,331.54,-1,-1,-1,-1
629,96,1036.15,204.85,304.12,581.00,-1,-1,-1,-1
630,52,100.99,175.86,367.55,850.96,-1,-1,-1,-1
630,88,1310.15,107.95,374.21,903.05,-1,-1,-1,-1
630,92,677.14,162.88,445.98,907.98,-1,-1,-1,-1
630,96,1013.83,201.33,324.27,576.99,-1,-1,-1,-1
631,52,105.45,168.46,342.04,857.57,-1,-1,-1,-1
631,88,1324.51,107.96,362.76,880.52,-1,-1,-1,-1
631,92,709.06,174.15,436.41,888.47,-1,-1,-1,-1
631,96,998.87,190.93,343.69,606.91,-1,-1,-1,-1
632,52,126.09,167.81,306.97,865.30,-1,-1,-1,-1
632,88,1344.49,102.24,346.35,885.66,-1,-1,-1,-1
632,92,740.98,185.42,426.83,868.97,-1,-1,-1,-1
632,96,985.05,183.55,350.91,619.64,-1,-1,-1,-1
633,52,141.62,162.93,299.84,880.45,-1,-1,-1,-1
633,88,1360.29,109.01,336.64,859.10,-1,-1,-1,-1
633,92,772.89,196.69,417.26,849.46,-1,-1,-1,-1
633,96,971.23,176.17,358.14,632.37,-1,-1,-1,-1
634,52,159.32,171.26,283.86,873.84,-1,-1,-1,-1
634,88,1370.02,115.67,331.65,840.78,-1,-1,-1,-1
634,92,804.81,207.96,407.69,829.95,-1,-1,-1,-1
634,96,950.80,80.07,359.85,937.35,-1,-1,-1,-1
634,97,590.22,223.03,225.16,619.65,-1,-1,-1,-1
635,52,168.26,176.50,280.57,865.24,-1,-1,-1,-1
635,88,1372.99,117.53,327.11,832.16,-1,-1,-1,-1
635,96,923.13,84.90,418.62,980.89,-1,-1,-1,-1
635,97,569.84,222.36,220.99,619.38,-1,-1,-1,-1
636,52,169.72,230.23,303.63,818.03,-1,-1,-1,-1
636,88,1369.91,121.56,324.83,843.18,-1,-1,-1,-1
636,96,920.74,87.49,464.64,999.20,-1,-1,-1,-1
636,97,537.08,222.11,224.10,624.03,-1,-1,-1,-1
637,52,182.37,199.74,317.03,865.57,-1,-1,-1,-1
637,88,1372.13,130.81,314.81,839.67,-1,-1,-1,-1
637,96,900.57,68.17,490.98,1055.80,-1,-1,-1,-1
637,97,508.99,212.71,228.49,643.50,-1,-1,-1,-1
638,52,215.77,196.71,284.76,881.34,-1,-1,-1,-1
638,88,1388.71,129.60,280.75,847.31,-1,-1,-1,-1
638,96,880.39,48.86,517.33,1112.41,-1,-1,-1,-1
638,97,486.91,207.88,240.89,656.33,-1,-1,-1,-1
639,52,246.72,216.05,270.59,857.62,-1,-1,-1,-1
639,88,1393.76,129.06,281.20,848.69,-1,-1,-1,-1
639,96,860.22,29.55,543.67,1169.02,-1,-1,-1,-1
639,97,470.06,226.81,258.74,629.64,-1,-1,-1,-1
640,52,277.31,191.62,261.24,888.69,-1,-1,-1,-1
640,88,1398.80,128.52,281.64,850.08,-1,-1,-1,-1
640,96,840.05,10.24,570.02,1225.62,-1,-1,-1,-1
640,97,438.97,212.95,285.39,692.15,-1,-1,-1,-1
641,52,285.10,189.16,264.53,899.91,-1,-1,-1,-1
641,88,1403.85,127.99,282.09,851.46,-1,-1,-1,-1
641,97,433.46,231.94,276.59,651.73,-1,-1,-1,-1
641,99,1188.42,103.91,462.46,975.30,-1,-1,-1,-1
641,100,829.16,198.76,211.34,578.83,-1,-1,-1,-1
642,52,292.88,186.70,267.81,911.13,-1,-1,-1,-1
642,88,1408.90,127.45,282.54,852.84,-1,-1,-1,-1
642,97,418.18,236.52,275.35,648.81,-1,-1,-1,-1
642,99,1216.83,102.89,446.02,977.53,-1,-1,-1,-1
642,100,817.92,213.02,218.59,565.86,-1,-1,-1,-1
643,52,300.66,184.23,271.10,922.35,-1,-1,-1,-1
643,97,402.91,241.10,274.12,645.89,-1,-1,-1,-1
643,99,1240.45,122.63,428.77,949.10,-1,-1,-1,-1
643,100,810.00,211.42,207.08,577.05,-1,-1,-1,-1
644,52,308.45,181.77,274.38,933.56,-1,-1,-1,-1
644,97,387.64,245.68,272.88,642.96,-1,-1,-1,-1
644,99,1278.25,129.66,390.13,930.10,-1,-1,-1,-1
644,100,791.62,206.62,181.82,586.62,-1,-1,-1,-1
645,97,372.36,250.27,271.64,640.04,-1,-1,-1,-1
645,99,1271.44,128.11,400.85,935.56,-1,-1,-1,-1
645,100,751.21,213.30,205.62,572.46,-1,-1,-1,-1
645,102,343.98,146.28,353.60,920.47,-1,-1,-1,-1
646,99,1282.16,128.49,393.86,941.96,-1,-1,-1,-1
646,100,721.05,207.90,229.46,581.62,-1,-1,-1,-1
646,102,342.71,121.11,394.28,942.45,-1,-1,-1,-1
647,92,1196.85,172.88,287.37,707.10,-1,-1,-1,-1
647,99,1310.39,134.62,367.98,940.21,-1,-1,-1,-1
647,100,704.15,195.01,241.11,598.14,-1,-1,-1,-1
647,102,340.03,114.70,454.48,948.59,-1,-1,-1,-1
648,92,1200.46,174.30,285.16,689.57,-1,-1,-1,-1
648,97,323.98,235.45,201.96,689.46,-1,-1,-1,-1
648,99,1330.85,153.80,352.88,915.67,-1,-1,-1,-1
648,100,706.55,204.90,230.55,579.49,-1,-1,-1,-1
648,102,342.72,110.79,499.41,956.11,-1,-1,-1,-1
649,92,1211.70,173.64,275.90,693.26,-1,-1,-1,-1
649,97,313.88,210.04,197.82,714.23,-1,-1,-1,-1
649,99,1349.34,152.15,343.91,919.83,-1,-1,-1,-1
649,100,710.40,210.24,220.39,557.28,-1,-1,-1,-1
649,102,356.88,100.44,514.54,961.93,-1,-1,-1,-1