29,0,-1.01,257.37,147.10,615.28,-1,-1,-1,-1
30,0,-0.20,242.57,153.49,630.07,-1,-1,-1,-1
31,0,0.07,253.54,170.33,603.97,-1,-1,-1,-1
32,0,0.89,254.18,206.17,608.35,-1,-1,-1,-1
33,0,-1.05,258.91,255.44,601.06,-1,-1,-1,-1
34,0,3.32,258.95,276.15,598.67,-1,-1,-1,-1
35,0,10.15,257.71,282.09,600.97,-1,-1,-1,-1
36,0,17.11,264.60,283.21,595.06,-1,-1,-1,-1
37,0,25.30,266.59,281.34,592.49,-1,-1,-1,-1
38,0,34.96,257.55,270.26,606.51,-1,-1,-1,-1
39,0,37.49,246.29,271.01,624.99,-1,-1,-1,-1
40,0,36.93,248.55,278.40,623.24,-1,-1,-1,-1
41,0,44.98,245.92,267.59,637.13,-1,-1,-1,-1
42,0,46.81,238.37,266.96,655.46,-1,-1,-1,-1
43,0,53.51,243.19,261.05,654.15,-1,-1,-1,-1
44,0,54.76,244.70,261.81,660.04,-1,-1,-1,-1
45,0,56.02,239.45,257.15,681.29,-1,-1,-1,-1
46,0,52.42,240.61,264.35,685.64,-1,-1,-1,-1
47,0,48.89,238.90,268.34,688.58,-1,-1,-1,-1
48,0,42.13,234.57,278.62,695.30,-1,-1,-1,-1
49,0,37.41,232.96,286.40,697.41,-1,-1,-1,-1
50,0,32.86,225.64,304.21,711.43,-1,-1,-1,-1
51,0,30.67,222.49,321.49,725.10,-1,-1,-1,-1
52,0,33.45,219.72,331.91,737.14,-1,-1,-1,-1
53,0,42.53,217.36,331.29,749.93,-1,-1,-1,-1
54,0,49.44,213.90,332.31,760.48,-1,-1,-1,-1
55,0,58.83,214.06,323.62,759.46,-1,-1,-1,-1
56,0,68.15,212.68,314.96,761.81,-1,-1,-1,-1
57,0,72.91,209.35,314.25,769.74,-1,-1,-1,-1
58,0,79.09,200.10,311.36,791.33,-1,-1,-1,-1
59,0,82.96,194.07,307.12,808.23,-1,-1,-1,-1
60,0,79.83,182.85,321.64,850.14,-1,-1,-1,-1
61,0,77.87,184.45,332.46,860.21,-1,-1,-1,-1
62,0,76.19,188.04,335.04,853.18,-1,-1,-1,-1
63,0,71.64,190.36,341.78,856.29,-1,-1,-1,-1
64,0,66.61,190.29,347.00,857.17,-1,-1,-1,-1
65,0,61.80,189.66,356.94,853.27,-1,-1,-1,-1
66,0,55.68,175.48,373.65,882.73,-1,-1,-1,-1
67,0,48.89,170.73,391.88,895.00,-1,-1,-1,-1
68,0,50.82,166.48,391.47,906.65,-1,-1,-1,-1
69,0,43.18,158.26,404.58,918.72,-1,-1,-1,-1
70,0,56.91,157.03,389.15,922.90,-1,-1,-1,-1
71,0,74.44,161.39,371.91,918.31,-1,-1,-1,-1
72,0,89.75,162.75,366.42,917.65,-1,-1,-1,-1
73,0,115.03,162.21,355.73,913.63,-1,-1,-1,-1
74,0,138.62,154.05,353.69,925.02,-1,-1,-1,-1
75,0,157.01,139.71,352.59,943.59,-1,-1,-1,-1
76,0,177.34,133.51,345.83,950.34,-1,-1,-1,-1
77,0,189.24,129.97,399.08,950.43,-1,-1,-1,-1
78,0,202.27,131.22,441.48,939.73,-1,-1,-1,-1
79,0,224.59,117.44,468.04,959.20,-1,-1,-1,-1
80,0,251.37,112.27,450.10,963.21,-1,-1,-1,-1
81,0,263.03,126.98,441.99,943.22,-1,-1,-1,-1
82,0,279.26,128.06,427.72,935.17,-1,-1,-1,-1
83,0,303.44,106.02,402.97,964.60,-1,-1,-1,-1
84,0,328.42,89.80,389.29,982.76,-1,-1,-1,-1
85,0,354.40,79.28,391.88,991.74,-1,-1,-1,-1
86,0,381.01,75.55,390.66,990.17,-1,-1,-1,-1
87,0,409.22,85.83,382.10,970.32,-1,-1,-1,-1
88,0,443.57,87.18,367.49,969.45,-1,-1,-1,-1
89,0,474.14,90.96,383.66,974.48,-1,-1,-1,-1
90,0,518.36,89.34,377.22,977.68,-1,-1,-1,-1
91,0,559.51,89.56,369.41,983.67,-1,-1,-1,-1
92,0,610.47,112.37,349.57,952.64,-1,-1,-1,-1
93,0,660.27,100.80,323.25,973.99,-1,-1,-1,-1
94,0,707.48,178.88,310.87,871.03,-1,-1,-1,-1
95,0,747.03,149.82,336.87,898.79,-1,-1,-1,-1
96,0,782.40,119.60,348.89,943.83,-1,-1,-1,-1
97,0,808.23,99.23,375.23,975.35,-1,-1,-1,-1
98,0,819.14,279.58,440.14,738.51,-1,-1,-1,-1
99,0,874.29,350.10,402.74,672.85,-1,-1,-1,-1
100,0,904.28,205.93,400.95,865.16,-1,-1,-1,-1
101,0,951.46,145.89,370.00,949.17,-1,-1,-1,-1
102,0,1000.13,103.19,347.47,1000.11,-1,-1,-1,-1
103,0,1034.95,86.36,354.82,1006.55,-1,-1,-1,-1
104,0,1068.03,70.88,368.49,1014.84,-1,-1,-1,-1
105,0,1090.65,72.91,423.61,989.06,-1,-1,-1,-1
106,0,1099.00,71.91,489.30,983.44,-1,-1,-1,-1
107,0,1122.89,85.01,522.75,953.51,-1,-1,-1,-1
108,0,1166.58,86.01,515.03,939.35,-1,-1,-1,-1
108,1,7.97,253.05,220.31,584.51,-1,-1,-1,-1
109,0,1216.52,93.39,537.75,960.10,-1,-1,-1,-1
109,1,8.32,246.94,239.33,598.34,-1,-1,-1,-1
110,0,1264.23,113.80,513.79,934.65,-1,-1,-1,-1
110,1,10.31,242.42,253.41,604.89,-1,-1,-1,-1
111,0,1301.76,104.63,484.48,960.86,-1,-1,-1,-1
111,1,10.85,238.18,259.78,611.21,-1,-1,-1,-1
112,0,1334.01,109.18,453.08,951.09,-1,-1,-1,-1
112,1,11.84,236.74,262.44,610.23,-1,-1,-1,-1
113,0,1358.93,104.83,448.39,963.09,-1,-1,-1,-1
113,1,13.53,229.47,272.99,618.16,-1,-1,-1,-1
114,0,1387.77,103.43,439.70,968.50,-1,-1,-1,-1
114,1,15.23,226.37,293.14,623.28,-1,-1,-1,-1
115,0,1413.67,97.52,430.70,980.98,-1,-1,-1,-1
115,1,24.22,228.61,303.76,621.37,-1,-1,-1,-1
116,0,1430.56,108.68,425.02,961.54,-1,-1,-1,-1
116,1,34.55,226.45,306.16,629.32,-1,-1,-1,-1
117,0,1447.22,121.12,422.56,946.85,-1,-1,-1,-1
117,1,47.04,223.39,301.96,637.43,-1,-1,-1,-1
118,0,1463.35,117.09,415.82,953.70,-1,-1,-1,-1
118,1,59.80,218.65,293.28,646.51,-1,-1,-1,-1
119,0,1473.07,107.15,412.47,966.15,-1,-1,-1,-1
119,1,68.87,211.54,294.43,658.53,-1,-1,-1,-1
120,0,1477.57,105.13,405.49,964.70,-1,-1,-1,-1
120,1,82.10,209.53,288.64,664.79,-1,-1,-1,-1
121,0,1474.76,105.24,407.76,961.63,-1,-1,-1,-1
121,1,90.41,203.94,284.01,681.02,-1,-1,-1,-1
122,0,1460.56,112.71,407.42,951.73,-1,-1,-1,-1
122,1,98.16,200.44,283.13,697.71,-1,-1,-1,-1
123,0,1439.16,123.91,411.25,938.30,-1,-1,-1,-1
123,1,104.86,200.65,284.20,706.78,-1,-1,-1,-1
124,0,1420.42,126.10,422.51,944.38,-1,-1,-1,-1
124,1,109.21,198.72,287.54,721.91,-1,-1,-1,-1
125,0,1407.85,135.37,406.52,937.40,-1,-1,-1,-1
125,1,112.13,196.62,288.64,740.65,-1,-1,-1,-1
126,0,1403.76,141.38,380.07,932.54,-1,-1,-1,-1
126,1,113.02,194.85,294.67,751.46,-1,-1,-1,-1
127,0,1391.39,141.35,370.68,933.96,-1,-1,-1,-1
127,1,114.29,195.07,297.09,755.72,-1,-1,-1,-1
128,0,1376.12,144.32,366.25,931.44,-1,-1,-1,-1
128,1,113.75,193.20,301.95,761.24,-1,-1,-1,-1
129,0,1359.77,141.49,351.59,926.61,-1,-1,-1,-1
129,1,110.92,192.59,308.73,761.41,-1,-1,-1,-1
130,0,1353.50,140.89,325.28,926.35,-1,-1,-1,-1
130,1,107.26,186.56,317.39,772.46,-1,-1,-1,-1
131,0,1337.35,141.79,315.19,924.61,-1,-1,-1,-1
131,1,105.42,181.95,329.59,789.99,-1,-1,-1,-1
132,0,1326.40,148.06,304.25,910.87,-1,-1,-1,-1
132,1,105.90,176.96,340.51,807.81,-1,-1,-1,-1
133,0,1315.94,150.59,297.37,908.98,-1,-1,-1,-1
133,1,108.95,176.15,346.20,820.58,-1,-1,-1,-1
134,0,1309.31,149.80,293.15,912.59,-1,-1,-1,-1
134,1,110.67,175.11,349.95,830.59,-1,-1,-1,-1
135,0,1304.35,154.64,285.78,904.25,-1,-1,-1,-1
135,1,120.02,172.98,343.59,836.86,-1,-1,-1,-1
136,0,1300.54,163.70,277.55,882.01,-1,-1,-1,-1
136,1,138.51,172.19,325.24,838.54,-1,-1,-1,-1
137,0,1301.23,156.30,265.94,875.55,-1,-1,-1,-1
137,1,148.30,168.04,321.70,848.90,-1,-1,-1,-1
138,0,1297.28,159.51,262.98,848.87,-1,-1,-1,-1
138,1,156.88,159.04,325.77,866.01,-1,-1,-1,-1
139,0,1296.45,171.82,253.93,806.02,-1,-1,-1,-1
139,1,168.99,154.03,320.85,876.69,-1,-1,-1,-1
140,0,1295.75,173.02,241.37,791.61,-1,-1,-1,-1
140,1,175.51,148.53,327.19,886.82,-1,-1,-1,-1
141,0,1284.90,178.93,238.86,770.30,-1,-1,-1,-1
141,1,181.46,141.84,330.15,914.92,-1,-1,-1,-1
142,0,1268.15,183.13,242.83,753.17,-1,-1,-1,-1
142,1,189.91,147.18,340.23,904.78,-1,-1,-1,-1
143,0,1258.23,184.95,243.62,741.39,-1,-1,-1,-1
143,1,204.86,147.51,332.88,902.97,-1,-1,-1,-1
144,0,1246.71,160.70,249.36,784.17,-1,-1,-1,-1
144,1,215.97,141.98,331.50,911.23,-1,-1,-1,-1
145,0,1239.18,173.40,248.49,754.47,-1,-1,-1,-1
145,1,220.35,132.51,348.10,926.91,-1,-1,-1,-1
146,0,1226.68,183.77,239.33,717.61,-1,-1,-1,-1
146,1,230.62,126.39,355.05,937.71,-1,-1,-1,-1
147,0,1209.21,194.97,228.50,689.69,-1,-1,-1,-1
147,1,234.21,121.93,381.80,947.08,-1,-1,-1,-1
148,0,1196.29,191.91,215.64,694.94,-1,-1,-1,-1
148,1,256.48,117.46,375.86,952.10,-1,-1,-1,-1
149,0,1171.83,187.16,220.39,698.23,-1,-1,-1,-1
149,1,276.96,107.49,386.53,970.50,-1,-1,-1,-1
150,0,1151.12,183.97,218.44,702.72,-1,-1,-1,-1
150,1,312.32,105.62,375.68,972.86,-1,-1,-1,-1
151,0,1133.61,187.21,221.62,698.82,-1,-1,-1,-1
151,1,355.40,102.21,347.53,978.64,-1,-1,-1,-1
152,0,1111.50,194.99,234.41,682.91,-1,-1,-1,-1
152,1,395.57,103.35,316.10,971.68,-1,-1,-1,-1
153,0,1096.12,203.42,236.97,670.09,-1,-1,-1,-1
153,1,432.78,112.62,295.02,954.46,-1,-1,-1,-1
154,0,1085.38,210.09,236.33,659.97,-1,-1,-1,-1
154,1,464.49,104.20,281.47,967.26,-1,-1,-1,-1
155,0,1085.60,212.16,216.54,648.98,-1,-1,-1,-1
155,1,501.73,104.51,265.18,955.85,-1,-1,-1,-1
156,0,1086.81,205.71,194.08,645.41,-1,-1,-1,-1
156,1,533.85,83.85,279.63,979.97,-1,-1,-1,-1
157,0,1085.44,206.45,177.91,634.79,-1,-1,-1,-1
157,1,561.95,88.66,286.29,979.75,-1,-1,-1,-1
158,0,1075.18,207.41,173.48,631.46,-1,-1,-1,-1
158,1,584.21,86.74,314.39,979.31,-1,-1,-1,-1
159,0,1053.44,209.57,193.05,628.83,-1,-1,-1,-1
159,1,601.24,94.35,349.17,966.86,-1,-1,-1,-1
160,0,1027.28,207.53,217.47,627.52,-1,-1,-1,-1
160,1,645.73,119.55,342.09,936.80,-1,-1,-1,-1
161,0,1007.81,213.44,234.59,611.78,-1,-1,-1,-1
161,1,669.07,125.97,354.48,935.22,-1,-1,-1,-1
162,0,996.51,212.17,245.08,616.76,-1,-1,-1,-1
162,1,702.27,126.21,334.54,933.67,-1,-1,-1,-1
163,0,986.01,214.92,249.12,611.47,-1,-1,-1,-1
163,1,758.01,111.02,292.91,945.65,-1,-1,-1,-1
164,0,976.08,215.72,247.58,607.66,-1,-1,-1,-1
164,1,799.22,90.03,327.79,976.50,-1,-1,-1,-1
165,0,966.14,216.51,246.04,603.84,-1,-1,-1,-1
165,1,832.97,81.53,339.78,968.72,-1,-1,-1,-1
166,0,956.21,217.31,244.49,600.03,-1,-1,-1,-1
166,1,852.61,86.85,367.08,950.18,-1,-1,-1,-1
167,0,946.27,218.11,242.95,596.22,-1,-1,-1,-1
167,1,880.97,98.48,395.85,942.76,-1,-1,-1,-1
168,0,877.88,233.67,152.81,492.69,-1,-1,-1,-1
168,1,893.04,104.23,446.60,947.10,-1,-1,-1,-1
169,0,853.63,199.77,186.87,587.97,-1,-1,-1,-1
169,1,894.44,110.78,495.31,942.61,-1,-1,-1,-1
170,0,819.72,232.84,225.64,559.48,-1,-1,-1,-1
170,1,904.28,115.37,507.68,947.02,-1,-1,-1,-1
171,0,793.76,221.81,257.60,590.31,-1,-1,-1,-1
171,1,980.16,111.11,424.65,944.82,-1,-1,-1,-1
172,0,774.24,221.01,281.28,605.71,-1,-1,-1,-1
172,1,1033.66,96.82,367.31,974.94,-1,-1,-1,-1
173,0,771.46,222.51,276.14,615.46,-1,-1,-1,-1
173,1,1068.74,94.55,342.46,969.95,-1,-1,-1,-1
174,0,774.55,222.85,249.67,617.00,-1,-1,-1,-1
174,1,1096.11,91.94,335.26,969.95,-1,-1,-1,-1
175,0,776.45,221.58,227.36,616.17,-1,-1,-1,-1
175,1,1111.73,87.65,342.91,984.23,-1,-1,-1,-1
176,0,775.96,227.47,194.76,604.90,-1,-1,-1,-1
176,1,1128.36,94.27,347.32,977.60,-1,-1,-1,-1
177,0,754.04,224.61,189.83,616.43,-1,-1,-1,-1
177,1,1147.23,99.68,346.70,971.56,-1,-1,-1,-1
178,0,731.17,228.13,192.62,619.81,-1,-1,-1,-1
178,1,1165.86,98.00,341.69,978.47,-1,-1,-1,-1
179,0,702.16,225.88,211.38,631.19,-1,-1,-1,-1
179,1,1186.46,83.48,337.34,997.81,-1,-1,-1,-1
180,0,677.51,228.07,230.31,633.80,-1,-1,-1,-1
180,1,1203.72,90.81,331.97,984.63,-1,-1,-1,-1
181,0,650.81,226.22,251.69,649.80,-1,-1,-1,-1
181,1,1218.12,111.06,338.72,944.28,-1,-1,-1,-1
182,0,630.26,222.81,253.74,662.23,-1,-1,-1,-1
182,1,1233.31,123.81,352.66,907.35,-1,-1,-1,-1
183,0,622.96,225.79,237.45,661.80,-1,-1,-1,-1
183,1,1241.87,123.16,371.36,897.41,-1,-1,-1,-1
184,0,608.42,221.33,228.04,672.24,-1,-1,-1,-1
184,1,1239.35,123.60,387.26,897.78,-1,-1,-1,-1
185,0,600.73,226.53,209.32,666.69,-1,-1,-1,-1
185,1,1227.55,123.73,409.63,909.23,-1,-1,-1,-1
185,3,4.27,239.86,191.29,621.62,-1,-1,-1,-1
186,0,592.31,227.87,202.34,665.38,-1,-1,-1,-1
186,1,1221.74,126.61,418.04,910.39,-1,-1,-1,-1
186,3,6.23,238.86,209.25,620.75,-1,-1,-1,-1
187,0,579.41,229.75,205.03,661.64,-1,-1,-1,-1
187,1,1240.09,131.95,390.92,914.72,-1,-1,-1,-1
187,3,8.34,235.80,233.79,629.26,-1,-1,-1,-1
188,0,537.67,229.49,248.94,667.99,-1,-1,-1,-1
188,1,1260.64,131.01,351.90,914.85,-1,-1,-1,-1
188,3,7.10,241.46,273.70,617.52,-1,-1,-1,-1
189,0,505.67,231.63,277.89,672.87,-1,-1,-1,-1
189,1,1269.14,149.05,340.90,840.25,-1,-1,-1,-1
189,3,9.72,249.77,300.10,604.12,-1,-1,-1,-1
190,0,501.14,222.53,267.80,697.38,-1,-1,-1,-1
190,1,1281.61,142.98,318.73,837.00,-1,-1,-1,-1
190,3,15.99,255.56,304.36,599.62,-1,-1,-1,-1
191,0,494.84,219.98,268.19,707.50,-1,-1,-1,-1
191,1,1292.23,144.40,307.24,824.99,-1,-1,-1,-1
191,3,20.35,259.56,299.79,595.28,-1,-1,-1,-1
192,0,487.82,216.59,260.35,717.01,-1,-1,-1,-1
192,1,1300.50,150.50,297.04,802.96,-1,-1,-1,-1
192,3,25.96,252.92,288.98,605.80,-1,-1,-1,-1
193,0,479.87,216.65,259.87,725.28,-1,-1,-1,-1
193,1,1304.35,147.32,291.45,803.60,-1,-1,-1,-1
193,3,27.17,247.54,288.27,614.37,-1,-1,-1,-1
194,0,463.68,212.73,264.96,733.61,-1,-1,-1,-1
194,1,1306.79,146.70,286.53,801.76,-1,-1,-1,-1
194,3,34.15,245.88,282.52,615.50,-1,-1,-1,-1
195,0,447.29,209.96,268.13,739.56,-1,-1,-1,-1
195,1,1305.69,138.95,276.22,816.83,-1,-1,-1,-1
195,3,40.17,241.19,277.31,621.08,-1,-1,-1,-1
196,0,429.99,206.40,284.00,748.93,-1,-1,-1,-1
196,1,1306.33,144.91,272.52,805.04,-1,-1,-1,-1
196,3,45.25,235.60,268.07,632.59,-1,-1,-1,-1
197,0,415.46,204.98,291.48,764.72,-1,-1,-1,-1
197,1,1307.26,155.73,259.58,781.67,-1,-1,-1,-1
197,3,49.28,231.13,267.68,646.78,-1,-1,-1,-1
198,0,394.45,201.51,314.05,789.96,-1,-1,-1,-1
198,1,1304.10,163.65,251.72,750.33,-1,-1,-1,-1
198,3,53.95,228.26,266.04,662.06,-1,-1,-1,-1
199,0,383.77,197.44,320.08,810.23,-1,-1,-1,-1
199,1,1300.55,170.60,241.58,723.59,-1,-1,-1,-1
199,3,56.69,228.57,267.26,669.16,-1,-1,-1,-1
200,0,382.21,201.20,318.02,818.02,-1,-1,-1,-1
200,1,1300.82,172.34,221.55,712.73,-1,-1,-1,-1
200,3,58.43,227.45,268.67,682.35,-1,-1,-1,-1
201,0,386.79,202.12,310.48,823.36,-1,-1,-1,-1
201,1,1290.90,167.63,216.05,704.00,-1,-1,-1,-1
201,3,54.62,227.38,274.73,694.20,-1,-1,-1,-1
202,0,395.37,199.96,301.97,830.38,-1,-1,-1,-1
202,1,1274.61,163.76,222.11,705.47,-1,-1,-1,-1
202,3,48.42,227.45,282.56,700.91,-1,-1,-1,-1
203,0,403.00,198.06,298.64,833.83,-1,-1,-1,-1
203,1,1253.81,162.90,237.45,703.03,-1,-1,-1,-1
203,3,42.20,228.68,290.64,701.31,-1,-1,-1,-1
204,0,411.47,196.89,295.32,836.43,-1,-1,-1,-1
204,1,1231.85,166.47,257.51,695.74,-1,-1,-1,-1
204,3,36.43,226.86,300.37,702.87,-1,-1,-1,-1
205,0,418.91,188.99,296.09,856.70,-1,-1,-1,-1
205,1,1217.47,158.74,268.01,706.27,-1,-1,-1,-1
205,3,34.25,223.73,304.63,704.40,-1,-1,-1,-1
206,0,423.68,184.34,301.83,868.11,-1,-1,-1,-1
206,1,1207.66,148.72,267.43,718.55,-1,-1,-1,-1
206,3,33.10,220.79,307.21,706.88,-1,-1,-1,-1
207,0,426.26,179.79,313.88,882.43,-1,-1,-1,-1
207,1,1207.44,164.90,243.58,690.16,-1,-1,-1,-1
207,3,33.95,216.59,307.59,713.40,-1,-1,-1,-1
208,0,428.41,181.46,323.76,883.50,-1,-1,-1,-1
208,1,1204.29,173.15,218.04,667.80,-1,-1,-1,-1
208,3,33.62,215.53,314.65,720.11,-1,-1,-1,-1
209,0,429.46,175.73,323.67,897.84,-1,-1,-1,-1
209,1,1193.38,172.46,200.65,665.92,-1,-1,-1,-1
209,3,40.72,213.04,314.37,731.20,-1,-1,-1,-1
210,0,428.78,171.97,325.41,900.33,-1,-1,-1,-1
210,1,1178.60,173.00,187.17,663.42,-1,-1,-1,-1
210,3,42.37,211.08,315.95,741.11,-1,-1,-1,-1
211,0,428.97,170.95,327.33,900.65,-1,-1,-1,-1
211,1,1158.57,171.92,191.73,662.96,-1,-1,-1,-1
211,3,45.24,210.57,313.39,748.69,-1,-1,-1,-1
212,0,435.58,165.59,323.13,903.05,-1,-1,-1,-1
212,1,1144.70,172.37,189.57,660.67,-1,-1,-1,-1
212,3,49.84,212.60,311.44,749.29,-1,-1,-1,-1
213,0,436.28,166.27,336.82,898.20,-1,-1,-1,-1
213,1,1119.04,173.35,211.32,661.36,-1,-1,-1,-1
213,3,58.70,208.82,306.04,758.03,-1,-1,-1,-1
214,0,452.82,158.80,333.45,906.63,-1,-1,-1,-1
214,1,1099.98,173.57,227.13,664.64,-1,-1,-1,-1
214,3,66.59,204.57,303.33,765.08,-1,-1,-1,-1
215,0,471.11,152.42,338.83,913.89,-1,-1,-1,-1
215,1,1083.25,173.98,242.64,662.78,-1,-1,-1,-1
215,3,73.78,202.91,305.42,766.60,-1,-1,-1,-1
216,0,498.85,148.09,331.19,914.13,-1,-1,-1,-1
216,1,1081.89,182.12,224.83,647.99,-1,-1,-1,-1
216,3,82.47,200.97,307.65,771.25,-1,-1,-1,-1
217,0,518.99,149.91,333.15,913.61,-1,-1,-1,-1
217,1,1077.42,191.00,216.65,631.80,-1,-1,-1,-1
217,3,89.24,197.40,309.93,780.61,-1,-1,-1,-1
218,0,542.63,156.64,327.17,904.93,-1,-1,-1,-1
218,1,1069.96,199.65,193.87,610.69,-1,-1,-1,-1
218,3,93.13,196.21,314.22,792.75,-1,-1,-1,-1
219,0,568.89,154.47,312.55,906.38,-1,-1,-1,-1
219,1,1053.74,197.22,182.44,615.13,-1,-1,-1,-1
219,3,98.08,188.59,313.77,828.68,-1,-1,-1,-1
220,0,587.64,159.68,317.81,902.30,-1,-1,-1,-1
220,1,1031.17,198.29,180.67,608.13,-1,-1,-1,-1
220,3,96.87,187.96,323.01,845.67,-1,-1,-1,-1
221,0,617.18,177.50,310.99,882.02,-1,-1,-1,-1
221,1,1004.57,200.41,195.38,608.20,-1,-1,-1,-1
221,3,95.83,192.67,330.53,849.36,-1,-1,-1,-1
222,0,654.31,167.03,301.48,896.27,-1,-1,-1,-1
222,1,965.82,208.56,237.56,593.39,-1,-1,-1,-1
222,3,92.29,191.29,337.87,867.80,-1,-1,-1,-1
223,0,703.94,152.26,274.12,917.42,-1,-1,-1,-1
223,1,945.72,202.86,251.92,605.40,-1,-1,-1,-1
223,3,90.60,190.53,344.01,874.52,-1,-1,-1,-1
224,0,740.48,144.04,257.79,921.64,-1,-1,-1,-1
224,1,940.18,202.19,246.64,608.77,-1,-1,-1,-1
224,3,87.78,189.68,349.84,880.78,-1,-1,-1,-1
225,0,765.48,138.89,276.64,921.80,-1,-1,-1,-1
225,1,936.44,202.07,230.30,608.09,-1,-1,-1,-1
225,3,80.80,190.46,364.68,883.39,-1,-1,-1,-1
226,0,784.57,126.51,332.93,940.80,-1,-1,-1,-1
226,1,922.02,201.79,230.58,608.82,-1,-1,-1,-1
226,3,70.61,186.37,386.16,886.85,-1,-1,-1,-1
227,0,805.94,123.03,372.20,951.21,-1,-1,-1,-1
227,1,907.60,201.51,230.87,609.55,-1,-1,-1,-1
227,3,55.87,179.52,414.04,890.84,-1,-1,-1,-1
228,0,838.87,145.38,368.52,916.71,-1,-1,-1,-1
228,1,893.18,201.23,231.16,610.29,-1,-1,-1,-1
228,3,46.36,170.07,438.52,903.94,-1,-1,-1,-1
229,0,862.20,142.22,350.81,925.26,-1,-1,-1,-1
229,1,878.76,200.94,231.44,611.02,-1,-1,-1,-1
229,3,42.38,164.49,452.71,912.95,-1,-1,-1,-1
230,0,868.64,134.30,354.70,939.41,-1,-1,-1,-1
230,1,864.98,195.27,139.56,603.53,-1,-1,-1,-1
230,3,55.24,162.23,441.34,914.52,-1,-1,-1,-1
231,0,938.88,125.88,283.83,923.00,-1,-1,-1,-1
231,1,821.19,196.65,187.82,607.28,-1,-1,-1,-1
231,3,68.77,161.90,436.12,908.16,-1,-1,-1,-1
232,0,970.59,124.06,272.01,926.71,-1,-1,-1,-1
232,1,783.52,194.51,230.49,616.47,-1,-1,-1,-1
232,3,98.06,165.00,410.48,902.59,-1,-1,-1,-1
233,0,1010.18,116.34,263.62,937.80,-1,-1,-1,-1
233,1,760.73,198.88,251.66,615.82,-1,-1,-1,-1
233,3,125.30,167.01,397.29,894.90,-1,-1,-1,-1
234,0,1043.36,104.22,268.51,954.16,-1,-1,-1,-1
234,1,754.51,195.36,241.58,626.96,-1,-1,-1,-1
234,3,152.04,149.80,392.83,918.96,-1,-1,-1,-1
235,0,1055.01,98.73,339.73,970.92,-1,-1,-1,-1
235,1,749.19,197.67,221.62,627.65,-1,-1,-1,-1
235,3,179.88,139.62,387.92,931.12,-1,-1,-1,-1
236,0,1077.89,116.71,390.45,949.11,-1,-1,-1,-1
236,1,740.58,215.25,207.24,607.32,-1,-1,-1,-1
236,3,204.80,134.16,388.55,937.64,-1,-1,-1,-1
237,0,1106.52,120.73,424.94,951.08,-1,-1,-1,-1
237,1,726.65,208.01,200.86,619.54,-1,-1,-1,-1
237,3,218.09,127.84,408.70,942.21,-1,-1,-1,-1
238,0,1137.77,149.35,441.72,909.26,-1,-1,-1,-1
238,1,700.58,200.78,212.60,633.28,-1,-1,-1,-1
238,3,234.93,126.04,430.77,939.48,-1,-1,-1,-1
239,0,1174.46,142.06,406.33,927.03,-1,-1,-1,-1
239,1,677.81,202.36,222.94,636.85,-1,-1,-1,-1
239,3,254.22,124.58,443.54,939.05,-1,-1,-1,-1
240,0,1198.22,139.07,384.74,937.27,-1,-1,-1,-1
240,1,651.12,201.02,232.68,646.17,-1,-1,-1,-1
240,3,283.66,111.48,429.68,957.91,-1,-1,-1,-1
241,0,1224.30,136.67,357.52,935.56,-1,-1,-1,-1
241,1,642.45,204.29,226.27,649.64,-1,-1,-1,-1
241,3,307.38,115.22,419.48,954.69,-1,-1,-1,-1
242,0,1237.60,136.09,345.06,934.93,-1,-1,-1,-1
242,1,641.07,207.49,216.65,654.27,-1,-1,-1,-1
242,3,328.50,115.00,404.42,959.27,-1,-1,-1,-1
243,0,1250.97,129.89,331.31,946.74,-1,-1,-1,-1
243,1,642.39,208.08,204.92,659.04,-1,-1,-1,-1
243,3,354.36,109.18,394.53,966.36,-1,-1,-1,-1
244,0,1256.57,135.29,337.04,936.37,-1,-1,-1,-1
244,1,642.84,204.70,190.64,646.82,-1,-1,-1,-1
244,3,377.73,105.60,383.74,969.28,-1,-1,-1,-1
245,0,1262.97,139.12,353.44,934.72,-1,-1,-1,-1
245,1,653.75,229.02,159.27,536.58,-1,-1,-1,-1
245,3,397.87,96.82,385.29,976.30,-1,-1,-1,-1
246,0,1282.66,152.85,337.93,916.20,-1,-1,-1,-1
246,1,663.22,232.88,138.45,524.61,-1,-1,-1,-1
246,3,427.15,88.79,380.56,983.18,-1,-1,-1,-1
247,0,1296.38,155.92,332.46,911.62,-1,-1,-1,-1
247,1,658.75,245.05,129.70,491.46,-1,-1,-1,-1
247,3,466.14,82.53,383.06,985.62,-1,-1,-1,-1
248,0,1311.49,145.99,330.75,926.85,-1,-1,-1,-1
248,1,654.27,257.23,120.94,458.31,-1,-1,-1,-1
248,3,500.70,87.01,397.84,978.99,-1,-1,-1,-1
249,0,1327.79,142.06,329.41,928.38,-1,-1,-1,-1
249,1,649.79,269.40,112.19,425.16,-1,-1,-1,-1
249,3,539.39,83.62,394.92,980.25,-1,-1,-1,-1
250,0,1339.31,138.00,331.65,931.11,-1,-1,-1,-1
250,1,556.32,172.31,122.05,745.47,-1,-1,-1,-1
250,3,567.63,74.93,399.92,996.32,-1,-1,-1,-1
251,0,1339.72,144.68,342.45,912.89,-1,-1,-1,-1
251,1,525.65,162.88,151.93,784.05,-1,-1,-1,-1
251,3,586.27,88.83,411.50,976.56,-1,-1,-1,-1
252,0,1356.68,150.63,323.41,900.00,-1,-1,-1,-1
252,1,499.05,167.90,194.68,787.61,-1,-1,-1,-1
252,3,639.63,96.64,378.71,970.06,-1,-1,-1,-1
253,0,1361.42,151.57,316.90,893.23,-1,-1,-1,-1
253,1,486.03,176.17,221.86,780.57,-1,-1,-1,-1
253,3,697.91,87.91,340.97,972.65,-1,-1,-1,-1
254,0,1360.44,153.01,314.32,887.91,-1,-1,-1,-1
254,1,470.06,185.91,248.82,769.23,-1,-1,-1,-1
254,3,757.39,82.40,302.25,981.38,-1,-1,-1,-1
255,0,1362.62,154.78,303.43,882.85,-1,-1,-1,-1
255,1,454.70,189.46,265.09,766.96,-1,-1,-1,-1
255,3,807.88,54.26,289.90,1019.49,-1,-1,-1,-1
256,0,1355.24,160.98,302.69,867.94,-1,-1,-1,-1
256,1,430.44,186.32,293.10,775.78,-1,-1,-1,-1
256,3,846.20,47.82,307.69,1021.21,-1,-1,-1,-1
257,0,1351.81,173.13,285.96,837.29,-1,-1,-1,-1
257,1,418.57,182.32,305.53,784.70,-1,-1,-1,-1
257,3,884.90,37.16,330.56,1038.02,-1,-1,-1,-1
258,0,1343.98,181.39,271.46,806.53,-1,-1,-1,-1
258,1,407.03,175.16,317.06,804.05,-1,-1,-1,-1
258,3,927.14,32.51,347.79,1040.18,-1,-1,-1,-1
259,0,1336.64,184.44,255.51,782.47,-1,-1,-1,-1
259,1,399.59,169.94,325.92,828.29,-1,-1,-1,-1
259,3,969.33,49.64,366.04,1015.63,-1,-1,-1,-1
260,0,1322.56,182.13,253.84,780.77,-1,-1,-1,-1
260,1,400.61,165.78,321.48,845.07,-1,-1,-1,-1
260,3,1008.01,48.22,370.83,1018.47,-1,-1,-1,-1
261,0,1312.42,179.84,248.76,782.21,-1,-1,-1,-1
261,1,404.55,166.23,316.70,857.02,-1,-1,-1,-1
261,3,1044.07,49.78,370.69,1011.56,-1,-1,-1,-1
262,0,1308.34,179.07,237.29,783.84,-1,-1,-1,-1
262,1,409.83,163.21,312.69,858.57,-1,-1,-1,-1
262,3,1084.45,58.06,361.64,1004.51,-1,-1,-1,-1
263,0,1321.57,195.04,205.39,720.37,-1,-1,-1,-1
263,1,416.65,161.67,309.09,856.81,-1,-1,-1,-1
263,3,1113.01,65.39,379.66,991.17,-1,-1,-1,-1
264,0,1318.63,205.11,196.72,690.03,-1,-1,-1,-1
264,1,422.21,155.07,309.13,867.37,-1,-1,-1,-1
264,3,1152.37,56.25,377.67,1006.97,-1,-1,-1,-1
265,0,1315.69,215.18,188.06,659.68,-1,-1,-1,-1
265,1,426.35,148.24,311.25,881.21,-1,-1,-1,-1
265,3,1189.58,65.89,361.88,989.35,-1,-1,-1,-1
266,0,1312.75,225.25,179.40,629.33,-1,-1,-1,-1
266,1,434.12,143.31,309.70,892.17,-1,-1,-1,-1
266,3,1219.08,49.58,367.29,1021.07,-1,-1,-1,-1
267,0,1309.81,235.32,170.74,598.98,-1,-1,-1,-1
267,1,438.73,140.07,314.93,906.17,-1,-1,-1,-1
267,3,1235.22,54.41,418.36,1012.51,-1,-1,-1,-1
268,1,443.56,142.20,318.95,902.89,-1,-1,-1,-1
268,3,1257.80,51.54,448.78,1019.85,-1,-1,-1,-1
269,1,450.04,142.21,320.43,902.43,-1,-1,-1,-1
269,3,1276.27,49.93,484.23,1024.46,-1,-1,-1,-1
270,0,1250.12,268.50,155.58,584.89,-1,-1,-1,-1
270,1,453.86,142.43,330.31,907.15,-1,-1,-1,-1
270,3,1312.64,47.89,486.38,1028.94,-1,-1,-1,-1
271,0,1219.43,230.48,188.55,620.21,-1,-1,-1,-1
271,1,463.62,144.10,328.08,903.87,-1,-1,-1,-1
271,3,1323.06,61.79,510.43,1012.98,-1,-1,-1,-1
272,0,1184.62,216.07,241.05,641.71,-1,-1,-1,-1
272,1,469.70,133.77,327.97,928.76,-1,-1,-1,-1
272,3,1362.18,77.84,480.60,985.22,-1,-1,-1,-1
273,0,1162.64,205.09,270.70,659.74,-1,-1,-1,-1
273,1,480.11,133.73,323.53,924.05,-1,-1,-1,-1
273,3,1394.34,85.10,458.67,978.64,-1,-1,-1,-1
274,0,1154.22,208.00,267.28,652.81,-1,-1,-1,-1
274,1,491.34,122.23,324.83,943.08,-1,-1,-1,-1
274,3,1413.74,89.18,443.11,976.86,-1,-1,-1,-1
275,0,1149.38,214.60,248.23,628.78,-1,-1,-1,-1
275,1,505.20,111.26,329.57,960.84,-1,-1,-1,-1
275,3,1436.61,90.42,415.00,976.73,-1,-1,-1,-1
276,0,1136.74,219.63,226.55,612.41,-1,-1,-1,-1
276,1,520.42,103.25,336.67,976.10,-1,-1,-1,-1
276,3,1449.56,82.70,404.92,993.59,-1,-1,-1,-1
277,0,1118.16,212.06,215.90,623.71,-1,-1,-1,-1
277,1,534.64,101.49,339.80,976.47,-1,-1,-1,-1
277,3,1459.92,82.16,395.53,996.87,-1,-1,-1,-1
278,0,1095.61,210.44,211.26,624.63,-1,-1,-1,-1
278,1,560.93,97.60,325.40,978.99,-1,-1,-1,-1
278,3,1465.30,83.48,396.63,993.76,-1,-1,-1,-1
279,0,1068.58,202.37,223.80,641.07,-1,-1,-1,-1
279,1,588.88,99.67,304.26,971.83,-1,-1,-1,-1
279,3,1474.57,89.16,390.30,989.26,-1,-1,-1,-1
280,0,1036.50,206.22,248.89,630.65,-1,-1,-1,-1
280,1,611.78,105.95,297.23,961.47,-1,-1,-1,-1
280,3,1475.97,96.81,393.97,977.27,-1,-1,-1,-1
281,0,1013.38,218.36,265.65,609.34,-1,-1,-1,-1
281,1,631.70,104.60,296.28,957.37,-1,-1,-1,-1
281,3,1481.65,109.65,390.69,958.32,-1,-1,-1,-1
282,0,1005.76,218.60,257.62,612.96,-1,-1,-1,-1
282,1,661.95,108.83,279.22,952.21,-1,-1,-1,-1
282,3,1491.94,119.23,377.48,945.61,-1,-1,-1,-1
283,0,1001.31,221.88,243.48,608.90,-1,-1,-1,-1
283,1,690.17,105.33,272.31,954.80,-1,-1,-1,-1
283,3,1500.86,122.35,364.11,938.75,-1,-1,-1,-1
284,0,1001.90,217.69,216.55,611.19,-1,-1,-1,-1
284,1,723.72,110.71,276.93,944.44,-1,-1,-1,-1
284,3,1506.42,124.14,350.58,932.23,-1,-1,-1,-1
285,0,1002.19,221.49,177.53,597.50,-1,-1,-1,-1
285,1,754.43,102.06,292.33,963.82,-1,-1,-1,-1
285,3,1505.15,122.67,348.71,923.67,-1,-1,-1,-1
286,0,993.09,228.27,151.33,572.90,-1,-1,-1,-1
286,1,780.18,109.25,312.18,956.70,-1,-1,-1,-1
286,3,1504.30,123.71,338.55,906.45,-1,-1,-1,-1
287,0,978.00,233.65,147.40,558.07,-1,-1,-1,-1
287,1,810.42,109.21,317.77,962.15,-1,-1,-1,-1
287,3,1503.08,122.24,328.50,897.85,-1,-1,-1,-1
288,0,962.92,239.04,143.47,543.24,-1,-1,-1,-1
288,1,829.84,111.07,325.58,951.88,-1,-1,-1,-1
288,3,1502.35,132.51,317.08,873.43,-1,-1,-1,-1
289,0,947.83,244.42,139.54,528.41,-1,-1,-1,-1
289,1,846.83,118.54,326.95,938.75,-1,-1,-1,-1
289,3,1502.63,140.06,298.93,858.68,-1,-1,-1,-1
290,0,932.75,249.80,135.61,513.58,-1,-1,-1,-1
290,1,858.12,133.50,337.76,924.04,-1,-1,-1,-1
290,3,1498.63,139.50,279.14,855.20,-1,-1,-1,-1
291,1,865.03,107.15,354.98,960.98,-1,-1,-1,-1
291,3,1489.69,142.56,269.63,856.82,-1,-1,-1,-1
292,0,874.01,241.54,138.40,558.35,-1,-1,-1,-1
292,1,875.95,109.83,372.29,946.89,-1,-1,-1,-1
292,3,1475.04,157.29,268.27,826.35,-1,-1,-1,-1
293,0,853.23,235.84,157.50,572.52,-1,-1,-1,-1
293,1,889.08,93.97,376.97,972.30,-1,-1,-1,-1
293,3,1461.92,167.22,265.57,796.67,-1,-1,-1,-1
294,0,841.98,234.91,163.53,572.71,-1,-1,-1,-1
294,1,938.55,90.95,362.67,974.43,-1,-1,-1,-1
294,3,1451.83,177.99,254.78,762.62,-1,-1,-1,-1
295,0,836.28,228.67,150.10,590.33,-1,-1,-1,-1
295,1,983.06,98.01,364.04,961.22,-1,-1,-1,-1
295,3,1439.05,181.30,242.60,736.26,-1,-1,-1,-1
296,0,814.11,226.91,167.14,593.48,-1,-1,-1,-1
296,1,1029.61,103.75,330.04,951.33,-1,-1,-1,-1
296,3,1416.58,184.54,244.57,715.81,-1,-1,-1,-1
297,0,774.65,226.42,205.77,600.38,-1,-1,-1,-1
297,1,1058.14,105.32,336.15,953.94,-1,-1,-1,-1
297,3,1390.62,180.24,249.53,714.29,-1,-1,-1,-1
298,0,745.38,221.63,229.78,611.84,-1,-1,-1,-1
298,1,1077.99,116.31,358.45,937.44,-1,-1,-1,-1
298,3,1366.32,183.72,255.68,704.78,-1,-1,-1,-1
299,0,731.48,220.00,237.56,619.59,-1,-1,-1,-1
299,1,1094.80,122.63,383.97,934.64,-1,-1,-1,-1
299,3,1355.79,184.72,247.91,694.37,-1,-1,-1,-1
300,0,721.48,231.09,237.93,608.12,-1,-1,-1,-1
300,1,1116.34,132.23,389.58,921.58,-1,-1,-1,-1
300,3,1353.46,178.37,235.19,697.83,-1,-1,-1,-1
301,0,713.22,231.84,228.80,613.36,-1,-1,-1,-1
301,1,1140.25,131.32,369.75,931.42,-1,-1,-1,-1
301,3,1360.56,194.71,205.92,650.37,-1,-1,-1,-1
302,0,694.02,241.75,235.36,605.04,-1,-1,-1,-1
302,1,1156.96,120.81,368.01,943.99,-1,-1,-1,-1
302,3,1364.53,202.92,175.08,598.23,-1,-1,-1,-1
303,0,676.97,236.39,224.14,610.31,-1,-1,-1,-1
303,1,1167.72,130.08,370.64,917.57,-1,-1,-1,-1
303,3,1357.41,199.84,176.47,604.33,-1,-1,-1,-1
304,0,647.77,228.85,231.16,622.74,-1,-1,-1,-1
304,1,1174.16,111.17,385.90,956.37,-1,-1,-1,-1
304,3,1348.12,202.50,171.50,587.34,-1,-1,-1,-1
305,0,626.62,229.41,236.53,625.28,-1,-1,-1,-1
305,1,1182.35,107.03,376.35,968.14,-1,-1,-1,-1
305,3,1338.83,205.15,166.54,570.36,-1,-1,-1,-1
306,0,616.77,227.15,238.31,642.18,-1,-1,-1,-1
306,1,1191.69,111.69,363.33,953.60,-1,-1,-1,-1
306,3,1329.53,207.81,161.57,553.37,-1,-1,-1,-1
307,0,596.75,223.53,254.58,657.96,-1,-1,-1,-1
307,1,1198.75,108.88,356.39,959.30,-1,-1,-1,-1
307,3,1320.24,210.47,156.61,536.39,-1,-1,-1,-1
308,0,580.12,222.89,268.31,668.11,-1,-1,-1,-1
308,1,1206.83,115.95,351.47,945.71,-1,-1,-1,-1
309,0,575.37,221.65,260.49,675.32,-1,-1,-1,-1
309,1,1216.12,115.58,349.20,947.63,-1,-1,-1,-1
310,0,572.11,223.29,255.45,675.35,-1,-1,-1,-1
310,1,1224.21,126.03,348.44,927.56,-1,-1,-1,-1
311,0,568.87,220.01,251.79,685.29,-1,-1,-1,-1
311,1,1205.65,127.95,379.65,929.07,-1,-1,-1,-1
312,0,568.02,217.16,240.58,694.34,-1,-1,-1,-1
312,1,1221.97,129.26,366.43,928.64,-1,-1,-1,-1
312,3,1119.58,207.63,198.10,595.29,-1,-1,-1,-1
313,0,560.12,208.93,242.70,709.09,-1,-1,-1,-1
313,1,1239.63,132.99,352.18,911.70,-1,-1,-1,-1
313,3,1105.11,212.73,199.02,594.75,-1,-1,-1,-1
314,0,548.61,212.23,254.78,705.97,-1,-1,-1,-1
314,1,1246.51,138.54,348.66,888.31,-1,-1,-1,-1
314,3,1090.47,208.22,210.30,600.86,-1,-1,-1,-1
315,0,541.00,214.56,260.20,703.12,-1,-1,-1,-1
315,1,1254.08,139.02,340.87,872.53,-1,-1,-1,-1
315,3,1080.66,204.72,212.66,609.90,-1,-1,-1,-1
316,0,533.57,212.99,260.48,713.80,-1,-1,-1,-1
316,1,1260.15,141.41,327.16,862.96,-1,-1,-1,-1
316,3,1070.26,206.84,204.85,612.91,-1,-1,-1,-1
317,0,526.64,210.55,263.72,734.17,-1,-1,-1,-1
317,1,1263.63,142.34,306.29,853.34,-1,-1,-1,-1
317,3,1065.50,219.50,179.43,591.02,-1,-1,-1,-1
318,0,521.14,211.91,265.96,748.62,-1,-1,-1,-1
318,1,1259.90,143.50,296.47,835.09,-1,-1,-1,-1
318,3,1054.71,221.94,163.43,584.71,-1,-1,-1,-1
319,0,515.49,211.38,267.32,760.49,-1,-1,-1,-1
319,1,1255.70,144.17,281.06,824.04,-1,-1,-1,-1
319,3,1028.89,215.47,170.84,590.90,-1,-1,-1,-1
320,0,508.37,210.27,272.69,769.78,-1,-1,-1,-1
320,1,1245.80,149.16,274.24,799.83,-1,-1,-1,-1
320,3,1000.34,211.40,193.54,598.30,-1,-1,-1,-1
321,0,505.90,209.30,274.64,774.83,-1,-1,-1,-1
321,1,1235.19,149.76,271.88,790.00,-1,-1,-1,-1
321,3,967.76,210.26,223.58,602.71,-1,-1,-1,-1
322,0,504.96,200.76,278.28,789.84,-1,-1,-1,-1
322,1,1224.96,149.96,273.29,786.43,-1,-1,-1,-1
322,3,938.70,218.98,247.28,587.25,-1,-1,-1,-1
323,0,506.08,191.69,279.85,807.00,-1,-1,-1,-1
323,1,1212.69,152.50,277.86,782.02,-1,-1,-1,-1
323,3,918.33,223.34,262.10,587.25,-1,-1,-1,-1
324,0,508.34,185.80,282.69,819.60,-1,-1,-1,-1
324,1,1203.39,150.82,279.06,788.12,-1,-1,-1,-1
324,3,899.28,230.11,275.75,583.09,-1,-1,-1,-1
325,0,511.98,181.36,286.24,834.61,-1,-1,-1,-1
325,1,1195.05,152.68,276.53,785.64,-1,-1,-1,-1
325,3,891.33,225.69,265.01,592.74,-1,-1,-1,-1
326,0,518.77,179.11,286.39,844.93,-1,-1,-1,-1
326,1,1188.91,157.22,275.87,778.37,-1,-1,-1,-1
326,3,884.81,222.35,252.05,599.27,-1,-1,-1,-1
327,0,526.84,185.42,286.10,839.90,-1,-1,-1,-1
327,1,1186.22,160.96,267.47,767.49,-1,-1,-1,-1
327,3,882.44,231.98,225.27,583.36,-1,-1,-1,-1
328,0,539.31,185.86,280.18,852.67,-1,-1,-1,-1
328,1,1185.73,157.82,251.52,765.40,-1,-1,-1,-1
328,3,870.21,224.01,194.74,587.26,-1,-1,-1,-1
329,0,555.84,185.45,269.45,859.27,-1,-1,-1,-1
329,1,1184.78,163.85,242.38,755.94,-1,-1,-1,-1
329,3,857.16,220.27,170.60,593.61,-1,-1,-1,-1
330,0,572.49,186.38,264.58,865.12,-1,-1,-1,-1
330,1,1183.50,167.93,232.74,744.99,-1,-1,-1,-1
330,3,822.72,220.30,196.83,596.85,-1,-1,-1,-1
331,0,587.41,178.24,265.29,878.45,-1,-1,-1,-1
331,1,1181.22,172.94,224.38,730.02,-1,-1,-1,-1
331,3,802.80,219.54,209.71,592.25,-1,-1,-1,-1
332,0,599.39,175.95,269.12,883.81,-1,-1,-1,-1
332,1,1183.52,176.53,212.87,726.06,-1,-1,-1,-1
332,3,796.55,216.21,205.87,590.90,-1,-1,-1,-1
333,0,624.70,177.84,275.66,882.65,-1,-1,-1,-1
333,1,1176.43,174.69,211.93,722.84,-1,-1,-1,-1
333,3,780.26,215.58,205.56,590.00,-1,-1,-1,-1
334,0,640.68,175.85,294.71,878.88,-1,-1,-1,-1
334,1,1168.76,176.02,211.45,719.69,-1,-1,-1,-1
334,3,763.97,214.96,205.25,589.10,-1,-1,-1,-1
335,0,664.82,178.86,295.52,882.58,-1,-1,-1,-1
335,1,1158.49,173.14,209.95,716.11,-1,-1,-1,-1
335,3,747.68,214.33,204.93,588.20,-1,-1,-1,-1
336,0,685.28,165.61,286.18,909.61,-1,-1,-1,-1
336,1,1144.29,169.74,214.11,715.92,-1,-1,-1,-1
336,3,731.39,213.71,204.62,587.30,-1,-1,-1,-1
337,0,695.85,165.66,295.12,908.31,-1,-1,-1,-1
337,1,1131.92,172.43,219.65,710.54,-1,-1,-1,-1
338,0,706.30,188.36,291.55,879.42,-1,-1,-1,-1
338,1,1116.54,179.16,227.95,695.60,-1,-1,-1,-1
338,3,684.00,222.38,130.89,607.85,-1,-1,-1,-1
339,0,731.16,172.91,265.39,896.76,-1,-1,-1,-1
339,1,1103.32,179.75,234.74,691.98,-1,-1,-1,-1
339,3,659.43,223.57,137.79,605.29,-1,-1,-1,-1
340,0,758.62,176.18,247.61,880.59,-1,-1,-1,-1
340,1,1088.35,170.07,244.65,710.34,-1,-1,-1,-1
340,3,623.19,216.70,171.16,621.55,-1,-1,-1,-1
341,0,779.31,176.85,245.70,872.65,-1,-1,-1,-1
341,1,1084.47,175.37,246.96,700.13,-1,-1,-1,-1
341,3,598.10,207.88,193.00,642.68,-1,-1,-1,-1
342,0,801.72,160.94,247.56,887.95,-1,-1,-1,-1
342,1,1073.54,177.22,247.94,694.66,-1,-1,-1,-1
342,3,561.00,205.63,227.63,656.80,-1,-1,-1,-1
343,0,825.38,149.85,254.85,904.94,-1,-1,-1,-1
343,1,1071.36,181.09,228.41,685.13,-1,-1,-1,-1
343,3,520.09,212.66,272.66,658.53,-1,-1,-1,-1
344,0,836.71,136.58,291.91,933.29,-1,-1,-1,-1
344,1,1062.99,182.81,208.98,677.71,-1,-1,-1,-1
344,3,509.84,218.00,279.40,664.99,-1,-1,-1,-1
345,0,851.51,152.77,323.62,917.90,-1,-1,-1,-1
345,1,1055.20,179.26,197.49,681.72,-1,-1,-1,-1
345,3,503.36,220.57,281.23,673.67,-1,-1,-1,-1
346,0,861.41,139.65,355.31,939.22,-1,-1,-1,-1
346,1,1055.46,196.38,175.59,658.61,-1,-1,-1,-1
346,3,505.70,209.07,263.83,703.74,-1,-1,-1,-1
347,0,879.66,135.23,357.87,940.29,-1,-1,-1,-1
347,1,1063.04,238.42,151.67,597.67,-1,-1,-1,-1
347,3,493.94,216.62,259.75,691.88,-1,-1,-1,-1
348,0,902.34,146.07,349.28,926.54,-1,-1,-1,-1
348,1,1057.40,257.54,143.06,563.81,-1,-1,-1,-1
348,3,475.51,220.16,252.23,686.46,-1,-1,-1,-1
349,0,940.92,161.18,309.15,886.13,-1,-1,-1,-1
349,1,1051.76,276.65,134.46,529.95,-1,-1,-1,-1
349,3,455.86,218.95,255.54,689.43,-1,-1,-1,-1
350,0,963.87,148.84,298.53,915.63,-1,-1,-1,-1
350,1,1046.12,295.76,125.86,496.09,-1,-1,-1,-1
350,3,430.96,215.15,265.53,699.31,-1,-1,-1,-1
351,0,978.66,148.65,308.64,914.81,-1,-1,-1,-1
351,1,1040.47,314.88,117.25,462.22,-1,-1,-1,-1
351,3,400.70,205.97,282.39,724.26,-1,-1,-1,-1
352,0,1009.10,148.21,300.40,918.81,-1,-1,-1,-1
352,1,956.51,193.97,152.83,641.76,-1,-1,-1,-1
352,3,375.90,195.01,293.83,760.36,-1,-1,-1,-1
353,0,1006.93,159.61,333.66,899.60,-1,-1,-1,-1
353,1,934.66,189.20,161.63,647.75,-1,-1,-1,-1
353,3,358.14,191.57,294.09,782.54,-1,-1,-1,-1
354,0,1041.82,157.85,345.86,911.84,-1,-1,-1,-1
354,1,910.87,181.62,177.75,660.23,-1,-1,-1,-1
354,3,349.26,191.17,288.79,800.87,-1,-1,-1,-1
355,0,1054.85,156.18,379.34,914.83,-1,-1,-1,-1
355,1,900.17,180.44,179.05,659.59,-1,-1,-1,-1
355,3,341.14,186.95,287.64,827.39,-1,-1,-1,-1
356,0,1084.51,150.09,362.24,921.72,-1,-1,-1,-1
356,1,885.17,179.75,190.63,667.68,-1,-1,-1,-1
356,3,343.19,195.88,281.56,825.80,-1,-1,-1,-1
357,0,1090.83,149.24,365.63,925.78,-1,-1,-1,-1
357,1,868.27,182.62,209.01,667.31,-1,-1,-1,-1
357,3,349.82,197.70,270.74,827.34,-1,-1,-1,-1
358,0,1110.79,159.39,354.88,912.66,-1,-1,-1,-1
358,1,847.49,192.94,234.26,652.97,-1,-1,-1,-1
358,3,352.63,201.14,264.10,825.34,-1,-1,-1,-1
359,0,1142.29,150.12,324.25,924.67,-1,-1,-1,-1
359,1,833.44,194.43,250.55,657.34,-1,-1,-1,-1
359,3,351.36,199.35,267.32,828.39,-1,-1,-1,-1
360,0,1167.02,148.90,315.53,924.08,-1,-1,-1,-1
360,1,827.53,184.26,245.82,676.76,-1,-1,-1,-1
360,3,345.30,190.61,278.10,839.87,-1,-1,-1,-1
361,0,1191.56,150.49,314.49,919.25,-1,-1,-1,-1
361,1,821.60,188.95,244.72,669.79,-1,-1,-1,-1
361,3,339.25,183.42,286.51,853.63,-1,-1,-1,-1
362,0,1218.35,141.32,307.15,930.68,-1,-1,-1,-1
362,1,819.42,194.78,222.49,659.16,-1,-1,-1,-1
362,3,332.06,175.39,295.94,873.40,-1,-1,-1,-1
363,0,1231.86,136.01,311.59,941.20,-1,-1,-1,-1
363,1,812.68,195.22,198.03,660.20,-1,-1,-1,-1
363,3,322.72,171.47,308.43,883.23,-1,-1,-1,-1
364,0,1231.78,134.77,325.78,939.58,-1,-1,-1,-1
364,1,798.08,189.34,189.41,672.86,-1,-1,-1,-1
364,3,315.95,174.78,317.36,872.78,-1,-1,-1,-1
365,0,1236.00,145.83,334.56,920.68,-1,-1,-1,-1
365,1,780.21,181.13,189.78,684.80,-1,-1,-1,-1
365,3,312.74,174.24,322.54,879.85,-1,-1,-1,-1
366,0,1238.43,148.70,336.87,919.84,-1,-1,-1,-1
366,1,764.84,186.65,190.89,677.35,-1,-1,-1,-1
366,3,314.04,174.19,322.68,879.70,-1,-1,-1,-1
367,0,1247.45,150.85,316.48,910.85,-1,-1,-1,-1
367,1,744.25,182.21,201.36,690.24,-1,-1,-1,-1
367,3,317.62,165.40,324.38,900.58,-1,-1,-1,-1
368,0,1253.85,155.01,301.52,887.15,-1,-1,-1,-1
368,1,711.61,182.69,230.24,692.48,-1,-1,-1,-1
368,3,321.22,164.55,327.75,901.32,-1,-1,-1,-1
369,0,1258.08,161.12,288.74,856.25,-1,-1,-1,-1
369,1,690.32,183.75,247.27,698.38,-1,-1,-1,-1
369,3,328.46,157.67,328.37,908.46,-1,-1,-1,-1
370,0,1260.86,162.31,276.41,838.82,-1,-1,-1,-1
370,1,678.58,187.49,246.44,698.85,-1,-1,-1,-1
370,3,339.98,140.39,323.47,935.07,-1,-1,-1,-1
371,0,1262.36,165.78,269.58,817.46,-1,-1,-1,-1
371,1,673.14,180.01,233.53,715.58,-1,-1,-1,-1
371,3,351.80,141.29,327.39,928.85,-1,-1,-1,-1
372,0,1260.96,164.17,268.61,812.75,-1,-1,-1,-1
372,1,668.05,183.89,225.01,714.05,-1,-1,-1,-1
372,3,363.64,143.28,334.35,922.38,-1,-1,-1,-1
373,0,1261.16,161.57,265.13,815.93,-1,-1,-1,-1
373,1,664.00,186.14,210.48,713.30,-1,-1,-1,-1
373,3,382.23,134.95,345.02,933.62,-1,-1,-1,-1
374,0,1262.34,163.20,262.85,811.62,-1,-1,-1,-1
374,1,656.23,192.36,207.56,706.24,-1,-1,-1,-1
374,3,404.74,134.67,356.03,929.34,-1,-1,-1,-1
375,0,1260.87,166.81,265.63,806.54,-1,-1,-1,-1
375,1,657.79,221.60,194.36,571.12,-1,-1,-1,-1
375,3,430.28,137.94,370.51,920.02,-1,-1,-1,-1
376,0,1259.55,174.55,266.76,788.18,-1,-1,-1,-1
376,1,657.51,247.28,173.30,509.23,-1,-1,-1,-1
376,3,459.54,130.70,382.24,938.70,-1,-1,-1,-1
377,0,1259.72,175.30,262.36,784.37,-1,-1,-1,-1
377,1,657.24,272.96,152.24,447.34,-1,-1,-1,-1
377,3,491.07,124.72,365.94,944.90,-1,-1,-1,-1
378,0,1257.27,181.79,256.39,757.54,-1,-1,-1,-1
378,1,656.96,298.64,131.18,385.45,-1,-1,-1,-1
378,3,520.06,118.46,347.47,950.31,-1,-1,-1,-1
379,0,1254.14,175.27,251.82,769.79,-1,-1,-1,-1
379,1,656.68,324.32,110.12,323.56,-1,-1,-1,-1
379,3,544.14,113.56,338.98,947.32,-1,-1,-1,-1
380,0,1249.93,175.22,250.64,752.39,-1,-1,-1,-1
380,3,572.11,107.51,328.87,944.27,-1,-1,-1,-1
381,0,1245.02,177.22,247.20,735.68,-1,-1,-1,-1
381,3,584.00,123.34,356.99,926.31,-1,-1,-1,-1
382,0,1239.10,178.31,240.72,721.18,-1,-1,-1,-1
382,1,535.00,183.63,213.32,764.81,-1,-1,-1,-1
382,3,578.20,121.67,414.44,935.90,-1,-1,-1,-1
383,0,1231.59,166.36,230.84,735.81,-1,-1,-1,-1
383,1,512.84,174.94,233.03,790.64,-1,-1,-1,-1
383,3,654.00,107.52,373.43,959.11,-1,-1,-1,-1
384,0,1215.46,183.31,236.60,702.92,-1,-1,-1,-1
384,1,493.88,174.03,256.40,796.35,-1,-1,-1,-1
384,3,692.31,117.17,393.95,946.47,-1,-1,-1,-1
385,0,1206.06,192.22,241.94,687.40,-1,-1,-1,-1
385,1,487.16,179.31,265.83,787.42,-1,-1,-1,-1
385,3,726.83,134.32,395.32,921.10,-1,-1,-1,-1
386,0,1194.91,190.09,247.17,694.20,-1,-1,-1,-1
386,1,486.95,178.93,268.11,795.10,-1,-1,-1,-1
386,3,773.36,119.73,379.65,950.75,-1,-1,-1,-1
387,0,1186.82,197.99,244.14,676.70,-1,-1,-1,-1
387,1,482.78,172.24,280.64,823.35,-1,-1,-1,-1
387,3,831.60,113.71,343.68,961.50,-1,-1,-1,-1
388,0,1179.78,195.06,233.73,669.34,-1,-1,-1,-1
388,1,478.26,173.88,291.21,828.93,-1,-1,-1,-1
388,3,855.74,115.87,347.44,950.33,-1,-1,-1,-1
389,0,1172.66,195.20,220.26,662.29,-1,-1,-1,-1
389,1,472.63,177.22,299.33,825.81,-1,-1,-1,-1
389,3,909.66,95.61,315.43,981.89,-1,-1,-1,-1
390,0,1167.50,193.95,202.51,659.00,-1,-1,-1,-1
390,1,464.66,175.10,310.13,832.00,-1,-1,-1,-1
390,3,950.44,94.70,315.19,985.39,-1,-1,-1,-1
391,0,1166.81,185.91,177.72,655.34,-1,-1,-1,-1
391,1,457.69,168.08,317.31,845.99,-1,-1,-1,-1
391,3,986.71,97.21,331.13,981.65,-1,-1,-1,-1
392,0,1156.53,184.23,176.36,650.40,-1,-1,-1,-1
392,1,451.98,157.80,321.52,864.11,-1,-1,-1,-1
392,3,1017.00,78.86,351.64,1004.82,-1,-1,-1,-1
393,0,1146.26,182.56,175.00,645.46,-1,-1,-1,-1
393,1,447.14,150.90,325.31,872.64,-1,-1,-1,-1
393,3,1043.25,90.60,385.95,979.83,-1,-1,-1,-1
394,0,1135.98,180.88,173.65,640.52,-1,-1,-1,-1
394,1,445.77,148.26,329.27,881.88,-1,-1,-1,-1
394,3,1070.47,100.03,398.21,965.18,-1,-1,-1,-1
395,0,1125.70,179.21,172.29,635.58,-1,-1,-1,-1
395,1,447.51,140.61,330.83,908.65,-1,-1,-1,-1
395,3,1080.48,114.56,426.83,944.22,-1,-1,-1,-1
396,0,1069.96,216.42,180.66,594.75,-1,-1,-1,-1
396,1,453.66,142.38,331.12,914.89,-1,-1,-1,-1
396,3,1102.56,123.44,422.01,938.55,-1,-1,-1,-1
397,0,1057.39,217.22,197.48,611.36,-1,-1,-1,-1
397,1,462.75,141.96,326.40,924.04,-1,-1,-1,-1
397,3,1120.19,119.96,418.09,951.59,-1,-1,-1,-1
398,0,1056.33,220.36,171.56,610.79,-1,-1,-1,-1
398,1,477.57,135.52,314.40,940.25,-1,-1,-1,-1
398,3,1161.91,117.16,379.22,960.39,-1,-1,-1,-1
399,0,1041.40,226.52,167.81,595.33,-1,-1,-1,-1
399,1,496.67,131.99,301.08,948.16,-1,-1,-1,-1
399,3,1192.49,124.78,365.16,941.68,-1,-1,-1,-1
400,0,1027.29,221.64,162.13,605.94,-1,-1,-1,-1
400,1,514.23,129.59,293.34,950.81,-1,-1,-1,-1
400,3,1222.50,113.27,348.58,958.87,-1,-1,-1,-1
401,0,1003.04,221.14,176.31,601.07,-1,-1,-1,-1
401,1,531.76,129.04,285.27,947.77,-1,-1,-1,-1
401,3,1238.76,101.45,349.59,976.86,-1,-1,-1,-1
402,0,978.38,221.45,194.53,593.63,-1,-1,-1,-1
402,1,545.50,127.26,282.46,949.52,-1,-1,-1,-1
402,3,1255.68,105.67,342.58,965.53,-1,-1,-1,-1
403,0,948.99,224.73,219.61,592.04,-1,-1,-1,-1
403,1,561.19,127.06,286.67,939.19,-1,-1,-1,-1
403,3,1266.06,104.93,346.64,970.64,-1,-1,-1,-1
404,0,925.43,219.78,240.55,603.68,-1,-1,-1,-1
404,1,578.23,129.94,300.12,931.08,-1,-1,-1,-1
404,3,1281.78,111.13,344.49,965.58,-1,-1,-1,-1
405,0,909.94,226.27,248.29,597.63,-1,-1,-1,-1
405,1,593.56,135.78,305.71,920.56,-1,-1,-1,-1
405,3,1297.86,116.07,337.37,958.13,-1,-1,-1,-1
406,0,906.97,222.31,230.77,608.67,-1,-1,-1,-1
406,1,616.35,134.28,310.23,927.85,-1,-1,-1,-1
406,3,1310.69,135.27,332.32,925.36,-1,-1,-1,-1
407,0,911.95,226.96,197.94,601.90,-1,-1,-1,-1
407,1,636.74,130.66,327.14,940.17,-1,-1,-1,-1
407,3,1321.45,146.08,328.00,904.53,-1,-1,-1,-1
408,0,913.06,218.64,157.71,620.17,-1,-1,-1,-1
408,1,664.33,132.94,318.58,938.05,-1,-1,-1,-1
408,3,1331.68,153.47,323.81,888.95,-1,-1,-1,-1
409,0,898.70,215.01,147.09,623.14,-1,-1,-1,-1
409,1,685.08,141.33,327.07,922.88,-1,-1,-1,-1
409,3,1339.15,148.13,321.04,888.38,-1,-1,-1,-1
410,0,882.51,212.49,148.40,628.83,-1,-1,-1,-1
410,1,717.78,145.86,307.86,917.11,-1,-1,-1,-1
410,3,1347.12,150.98,314.31,870.39,-1,-1,-1,-1
411,0,866.32,209.96,149.72,634.52,-1,-1,-1,-1
411,1,761.28,138.89,273.19,914.96,-1,-1,-1,-1
411,3,1352.22,150.67,308.91,862.61,-1,-1,-1,-1
412,0,850.13,207.43,151.03,640.21,-1,-1,-1,-1
412,1,776.51,141.98,283.21,901.40,-1,-1,-1,-1
412,3,1356.97,150.36,298.12,856.18,-1,-1,-1,-1
413,0,833.94,204.90,152.35,645.90,-1,-1,-1,-1
413,1,792.24,130.93,295.78,924.34,-1,-1,-1,-1
413,3,1357.64,157.64,287.29,832.68,-1,-1,-1,-1
414,1,785.33,127.26,341.58,936.76,-1,-1,-1,-1
414,3,1354.82,168.49,275.04,801.52,-1,-1,-1,-1
415,0,789.27,226.50,126.44,597.20,-1,-1,-1,-1
415,1,780.76,127.37,394.25,935.71,-1,-1,-1,-1
415,3,1349.46,172.40,262.01,788.74,-1,-1,-1,-1
416,0,755.73,233.81,164.70,598.66,-1,-1,-1,-1
416,1,829.66,133.95,370.17,925.52,-1,-1,-1,-1
416,3,1340.55,178.11,254.04,769.59,-1,-1,-1,-1
417,0,726.93,234.57,185.24,602.38,-1,-1,-1,-1
417,1,870.08,135.73,361.80,917.47,-1,-1,-1,-1
417,3,1327.71,178.36,253.55,760.80,-1,-1,-1,-1
418,0,696.65,234.03,198.18,608.07,-1,-1,-1,-1
418,1,899.69,138.46,347.87,910.95,-1,-1,-1,-1
418,3,1315.11,181.21,253.36,748.59,-1,-1,-1,-1
419,0,675.32,229.02,205.49,621.87,-1,-1,-1,-1
419,1,920.74,140.43,329.90,909.85,-1,-1,-1,-1
419,3,1302.77,184.69,253.30,730.80,-1,-1,-1,-1
420,0,643.87,223.95,229.86,640.18,-1,-1,-1,-1
420,1,934.59,135.66,324.45,926.80,-1,-1,-1,-1
420,3,1290.45,181.63,249.00,724.83,-1,-1,-1,-1
421,0,612.97,220.01,255.18,654.91,-1,-1,-1,-1
421,1,963.04,141.27,298.54,910.75,-1,-1,-1,-1
421,3,1278.20,176.89,238.37,725.91,-1,-1,-1,-1
422,0,593.34,217.94,263.21,672.63,-1,-1,-1,-1
422,1,983.33,136.27,290.17,911.14,-1,-1,-1,-1
422,3,1258.31,175.32,239.80,726.07,-1,-1,-1,-1
423,0,584.42,211.80,259.92,696.19,-1,-1,-1,-1
423,1,997.00,130.57,296.10,899.99,-1,-1,-1,-1
423,3,1247.03,177.86,235.63,718.80,-1,-1,-1,-1
424,0,574.79,210.93,259.60,703.66,-1,-1,-1,-1
424,1,1009.50,132.34,304.52,907.16,-1,-1,-1,-1
424,3,1226.18,170.75,244.23,736.08,-1,-1,-1,-1
425,0,573.22,216.89,250.45,701.58,-1,-1,-1,-1
425,1,1021.20,131.01,312.00,918.46,-1,-1,-1,-1
425,3,1208.92,167.30,254.88,752.22,-1,-1,-1,-1
426,0,578.30,212.66,237.41,709.83,-1,-1,-1,-1
426,1,1036.63,121.05,323.02,935.47,-1,-1,-1,-1
426,3,1183.77,170.74,281.43,766.48,-1,-1,-1,-1
427,0,578.41,218.63,231.99,698.60,-1,-1,-1,-1
427,1,1045.25,136.71,370.13,899.91,-1,-1,-1,-1
427,3,1194.48,191.89,243.79,698.14,-1,-1,-1,-1
428,0,578.49,215.96,229.69,707.37,-1,-1,-1,-1
428,1,1063.94,136.29,363.15,918.43,-1,-1,-1,-1
428,3,1215.66,217.19,171.72,559.14,-1,-1,-1,-1
429,0,566.82,210.47,240.88,726.69,-1,-1,-1,-1
429,1,1085.32,131.05,327.23,929.07,-1,-1,-1,-1
429,3,1214.86,245.73,148.46,483.43,-1,-1,-1,-1
430,0,562.61,207.45,243.80,740.87,-1,-1,-1,-1
430,1,1096.07,139.32,314.22,909.47,-1,-1,-1,-1
430,3,1214.06,274.28,125.21,407.72,-1,-1,-1,-1
431,0,556.59,204.51,245.16,757.74,-1,-1,-1,-1
431,1,1104.97,140.47,314.47,896.12,-1,-1,-1,-1
431,3,1213.26,302.82,101.95,332.01,-1,-1,-1,-1
432,0,540.27,198.55,259.34,780.12,-1,-1,-1,-1
432,1,1109.96,137.99,326.05,890.04,-1,-1,-1,-1
432,3,1212.45,331.37,78.70,256.30,-1,-1,-1,-1
433,0,527.93,195.82,269.12,794.18,-1,-1,-1,-1
433,1,1112.71,136.22,340.11,893.46,-1,-1,-1,-1
434,0,521.57,198.79,272.15,795.08,-1,-1,-1,-1
434,1,1097.36,135.43,377.40,893.42,-1,-1,-1,-1
435,0,509.26,194.27,285.36,804.98,-1,-1,-1,-1
435,1,1087.56,129.58,401.18,908.16,-1,-1,-1,-1
435,3,1016.28,239.14,197.88,557.89,-1,-1,-1,-1
436,0,498.27,192.53,298.79,810.75,-1,-1,-1,-1
436,1,1100.97,130.99,395.95,903.05,-1,-1,-1,-1
436,3,996.98,233.16,195.16,570.44,-1,-1,-1,-1
437,0,493.80,184.51,305.39,829.59,-1,-1,-1,-1
437,1,1128.69,134.10,362.59,905.76,-1,-1,-1,-1
437,3,972.46,224.30,217.61,587.89,-1,-1,-1,-1
438,0,493.13,177.85,313.41,847.25,-1,-1,-1,-1
438,1,1145.41,138.25,342.40,882.46,-1,-1,-1,-1
438,3,956.36,216.19,231.49,607.68,-1,-1,-1,-1
439,0,498.80,172.26,310.88,869.52,-1,-1,-1,-1
439,1,1159.02,146.91,325.25,857.93,-1,-1,-1,-1
439,3,957.41,218.68,203.18,602.81,-1,-1,-1,-1
440,0,507.92,173.08,302.59,872.05,-1,-1,-1,-1
440,1,1166.88,145.67,312.40,846.36,-1,-1,-1,-1
440,3,955.51,210.55,191.00,612.70,-1,-1,-1,-1
441,0,520.95,175.36,292.70,875.42,-1,-1,-1,-1
441,1,1171.83,144.45,306.27,838.09,-1,-1,-1,-1
441,3,948.98,207.96,175.87,610.15,-1,-1,-1,-1
442,0,533.83,175.79,290.84,881.08,-1,-1,-1,-1
442,1,1176.34,139.12,295.36,851.12,-1,-1,-1,-1
442,3,930.00,214.50,180.06,594.07,-1,-1,-1,-1
443,0,554.63,172.78,282.88,888.41,-1,-1,-1,-1
443,1,1176.43,140.99,295.31,831.89,-1,-1,-1,-1
443,3,899.79,221.03,204.88,580.34,-1,-1,-1,-1
444,0,573.37,166.29,280.99,903.64,-1,-1,-1,-1
444,1,1175.51,141.07,291.71,825.79,-1,-1,-1,-1
444,3,864.80,224.93,237.85,574.44,-1,-1,-1,-1
445,0,588.38,165.09,279.27,905.61,-1,-1,-1,-1
445,1,1176.29,147.26,283.89,817.53,-1,-1,-1,-1
445,3,846.18,220.89,250.67,583.71,-1,-1,-1,-1
446,0,601.04,161.90,286.66,912.82,-1,-1,-1,-1
446,1,1179.13,155.81,272.89,805.78,-1,-1,-1,-1
446,3,834.14,217.52,259.31,594.34,-1,-1,-1,-1
447,0,610.07,163.12,287.48,908.05,-1,-1,-1,-1
447,1,1176.32,151.85,274.50,815.15,-1,-1,-1,-1
447,3,833.79,218.43,246.53,592.34,-1,-1,-1,-1
448,0,622.33,171.80,299.15,895.81,-1,-1,-1,-1
448,1,1176.44,150.10,271.04,818.55,-1,-1,-1,-1
448,3,820.37,217.65,247.28,594.11,-1,-1,-1,-1
449,0,633.62,171.82,331.86,899.91,-1,-1,-1,-1
449,1,1172.84,152.11,272.58,812.46,-1,-1,-1,-1
449,3,806.95,216.87,248.03,595.87,-1,-1,-1,-1
450,0,656.43,167.89,315.48,900.47,-1,-1,-1,-1
450,1,1171.92,149.77,263.97,817.46,-1,-1,-1,-1
450,3,793.53,216.08,248.78,597.63,-1,-1,-1,-1
451,0,683.40,164.19,292.97,908.27,-1,-1,-1,-1
451,1,1169.11,158.31,255.85,793.17,-1,-1,-1,-1
451,3,780.12,215.30,249.53,599.40,-1,-1,-1,-1
452,0,701.21,147.81,281.84,932.95,-1,-1,-1,-1
452,1,1168.25,161.97,245.93,774.36,-1,-1,-1,-1
453,0,717.57,156.12,282.89,913.24,-1,-1,-1,-1
453,1,1165.55,163.41,238.56,756.90,-1,-1,-1,-1
454,0,729.16,166.23,293.31,894.11,-1,-1,-1,-1
454,1,1158.58,175.47,240.06,729.73,-1,-1,-1,-1
454,3,665.09,201.74,210.40,656.49,-1,-1,-1,-1
455,0,780.67,165.10,251.64,885.71,-1,-1,-1,-1
455,1,1160.23,168.69,223.91,737.99,-1,-1,-1,-1
455,3,619.36,212.84,238.96,643.72,-1,-1,-1,-1
456,0,808.04,167.04,255.85,877.62,-1,-1,-1,-1
456,1,1153.99,166.33,217.90,732.15,-1,-1,-1,-1
456,3,595.36,223.17,254.21,629.81,-1,-1,-1,-1
457,0,830.14,154.85,253.01,898.31,-1,-1,-1,-1
457,1,1145.44,168.22,221.52,724.73,-1,-1,-1,-1
457,3,581.85,223.08,265.88,636.65,-1,-1,-1,-1
458,0,839.00,160.69,302.38,897.31,-1,-1,-1,-1
458,1,1135.54,177.34,222.23,705.87,-1,-1,-1,-1
458,3,573.80,221.27,267.99,643.83,-1,-1,-1,-1
459,0,850.53,166.88,349.49,894.11,-1,-1,-1,-1
459,1,1126.38,176.20,220.68,707.08,-1,-1,-1,-1
459,3,571.15,218.51,250.77,650.99,-1,-1,-1,-1
460,0,868.75,164.57,350.60,897.54,-1,-1,-1,-1
460,1,1118.38,176.71,222.18,708.51,-1,-1,-1,-1
460,3,572.63,217.24,226.24,657.37,-1,-1,-1,-1
461,0,881.59,158.10,357.30,911.25,-1,-1,-1,-1
461,1,1103.52,176.09,230.90,704.51,-1,-1,-1,-1
461,3,564.73,215.42,205.33,660.44,-1,-1,-1,-1
462,0,903.35,159.75,384.68,905.09,-1,-1,-1,-1
462,1,1083.01,168.99,242.06,725.44,-1,-1,-1,-1
462,3,549.80,216.10,198.95,652.73,-1,-1,-1,-1
463,0,942.20,156.03,369.82,909.24,-1,-1,-1,-1
463,1,1072.63,164.44,244.60,733.07,-1,-1,-1,-1
463,3,527.08,211.29,203.64,664.27,-1,-1,-1,-1
464,0,994.37,149.20,325.14,920.60,-1,-1,-1,-1
464,1,1062.26,159.89,247.15,740.69,-1,-1,-1,-1
464,3,498.39,204.00,218.53,686.59,-1,-1,-1,-1
465,0,1025.60,155.89,311.07,913.56,-1,-1,-1,-1
465,1,1051.89,155.34,249.70,748.32,-1,-1,-1,-1
465,3,463.86,205.90,248.17,700.41,-1,-1,-1,-1
466,0,1048.43,174.66,300.86,892.48,-1,-1,-1,-1
466,1,1041.51,150.79,252.24,755.95,-1,-1,-1,-1
466,3,447.70,209.03,254.91,710.61,-1,-1,-1,-1
467,0,1055.97,153.72,311.06,923.94,-1,-1,-1,-1
467,3,443.05,195.72,242.66,755.49,-1,-1,-1,-1
468,0,1022.13,154.63,410.53,923.48,-1,-1,-1,-1
468,3,430.29,200.34,245.15,760.25,-1,-1,-1,-1
469,0,1025.26,159.91,429.75,915.80,-1,-1,-1,-1
469,1,1000.00,189.77,188.84,651.85,-1,-1,-1,-1
469,3,419.42,205.36,245.31,756.15,-1,-1,-1,-1
470,0,1028.00,161.75,420.84,913.75,-1,-1,-1,-1
470,1,979.96,184.02,192.35,651.17,-1,-1,-1,-1
470,3,398.72,209.68,262.56,755.45,-1,-1,-1,-1
471,0,1070.08,160.90,378.73,914.56,-1,-1,-1,-1
471,1,968.75,183.91,204.69,653.42,-1,-1,-1,-1
471,3,378.15,208.81,274.53,758.05,-1,-1,-1,-1
472,0,1097.20,158.83,359.31,917.52,-1,-1,-1,-1
472,1,959.74,183.68,210.36,657.25,-1,-1,-1,-1
472,3,357.31,201.56,287.12,780.40,-1,-1,-1,-1
473,0,1133.52,145.85,329.71,935.60,-1,-1,-1,-1
473,1,950.63,194.81,209.99,645.27,-1,-1,-1,-1
473,3,338.36,196.39,299.54,796.31,-1,-1,-1,-1
474,0,1161.08,147.51,323.42,933.70,-1,-1,-1,-1
474,1,939.73,197.94,200.58,639.76,-1,-1,-1,-1
474,3,325.98,187.27,307.44,834.44,-1,-1,-1,-1
475,0,1185.01,146.97,320.65,927.61,-1,-1,-1,-1
475,1,933.67,193.15,189.13,650.52,-1,-1,-1,-1
475,3,320.19,182.44,308.12,858.79,-1,-1,-1,-1
476,0,1210.78,146.78,312.79,928.02,-1,-1,-1,-1
476,1,921.95,188.29,185.26,659.14,-1,-1,-1,-1
476,3,318.44,183.57,308.50,871.81,-1,-1,-1,-1
477,0,1218.41,141.33,323.68,934.11,-1,-1,-1,-1
477,1,915.40,184.90,180.10,669.03,-1,-1,-1,-1
477,3,327.14,186.36,298.98,878.77,-1,-1,-1,-1
478,0,1228.73,145.62,324.30,924.49,-1,-1,-1,-1
478,1,892.25,183.06,202.54,674.44,-1,-1,-1,-1
478,3,337.10,185.61,292.17,887.07,-1,-1,-1,-1
479,0,1234.27,148.54,323.25,915.58,-1,-1,-1,-1
479,1,873.80,185.89,214.35,675.31,-1,-1,-1,-1
479,3,346.18,182.06,290.38,887.58,-1,-1,-1,-1
480,0,1243.04,161.80,312.14,894.95,-1,-1,-1,-1
480,1,857.60,189.03,228.24,669.12,-1,-1,-1,-1
480,3,354.50,166.84,293.48,911.32,-1,-1,-1,-1
481,0,1248.69,158.93,305.21,901.82,-1,-1,-1,-1
481,1,847.63,190.35,236.42,666.05,-1,-1,-1,-1
481,3,362.58,157.79,295.94,924.10,-1,-1,-1,-1
482,0,1255.72,152.71,292.37,908.91,-1,-1,-1,-1
482,1,839.32,191.86,238.36,665.01,-1,-1,-1,-1
482,3,373.85,155.93,296.05,924.70,-1,-1,-1,-1
483,0,1258.36,160.56,288.46,871.83,-1,-1,-1,-1
483,1,835.21,192.16,224.21,667.46,-1,-1,-1,-1
483,3,384.28,155.53,302.29,923.57,-1,-1,-1,-1
484,0,1258.76,163.97,283.35,848.23,-1,-1,-1,-1
484,1,826.01,189.33,208.12,668.76,-1,-1,-1,-1
484,3,400.03,159.73,303.88,911.84,-1,-1,-1,-1
485,0,1256.01,170.18,278.08,829.85,-1,-1,-1,-1
485,1,820.43,191.01,192.57,665.53,-1,-1,-1,-1
485,3,414.60,158.49,306.53,909.25,-1,-1,-1,-1
486,0,1254.39,170.48,271.59,810.29,-1,-1,-1,-1
486,1,808.88,188.89,191.73,671.55,-1,-1,-1,-1
486,3,430.72,148.35,303.61,924.38,-1,-1,-1,-1
487,0,1253.27,163.44,264.56,814.63,-1,-1,-1,-1
487,1,793.12,182.91,191.39,682.43,-1,-1,-1,-1
487,3,449.87,150.55,303.50,919.73,-1,-1,-1,-1
488,0,1249.91,167.87,261.01,804.63,-1,-1,-1,-1
488,1,780.17,185.69,190.41,684.00,-1,-1,-1,-1
488,3,469.07,146.33,313.53,929.53,-1,-1,-1,-1
489,0,1247.83,170.98,259.39,811.16,-1,-1,-1,-1
489,1,760.14,183.47,202.45,684.86,-1,-1,-1,-1
489,3,494.37,133.82,313.62,947.35,-1,-1,-1,-1
490,0,1241.89,178.08,265.58,799.11,-1,-1,-1,-1
490,1,762.72,183.48,190.14,684.76,-1,-1,-1,-1
490,3,524.69,141.47,315.87,933.70,-1,-1,-1,-1
491,0,1239.37,186.66,263.15,785.21,-1,-1,-1,-1
491,1,769.65,200.54,161.09,621.02,-1,-1,-1,-1
491,3,554.77,132.85,326.90,946.25,-1,-1,-1,-1
492,0,1231.29,189.29,266.99,776.29,-1,-1,-1,-1
492,1,762.68,211.99,153.85,593.16,-1,-1,-1,-1
492,3,596.22,126.03,322.02,941.36,-1,-1,-1,-1
493,0,1226.59,194.97,262.42,746.69,-1,-1,-1,-1
493,1,755.71,223.44,146.61,565.30,-1,-1,-1,-1
493,3,640.70,118.20,315.68,947.74,-1,-1,-1,-1
494,0,1221.40,189.77,262.15,744.08,-1,-1,-1,-1
494,1,748.73,234.90,139.37,537.44,-1,-1,-1,-1
494,3,675.56,107.44,314.72,961.90,-1,-1,-1,-1
495,0,1218.95,198.94,245.84,706.80,-1,-1,-1,-1
495,1,741.76,246.35,132.13,509.58,-1,-1,-1,-1
495,3,700.28,107.78,333.83,959.57,-1,-1,-1,-1
496,0,1213.48,194.81,232.22,702.29,-1,-1,-1,-1
496,3,701.38,116.02,391.05,948.13,-1,-1,-1,-1
497,0,1206.52,189.07,221.39,705.00,-1,-1,-1,-1
497,1,665.20,177.98,176.16,712.33,-1,-1,-1,-1
497,3,707.07,127.22,430.25,934.10,-1,-1,-1,-1
498,0,1183.93,183.14,233.26,710.31,-1,-1,-1,-1
498,1,640.17,174.26,208.15,735.90,-1,-1,-1,-1
498,3,756.29,115.68,412.43,956.38,-1,-1,-1,-1
499,0,1171.14,192.60,236.39,687.16,-1,-1,-1,-1
499,1,620.29,176.01,233.23,743.82,-1,-1,-1,-1
499,3,780.24,122.06,416.34,952.90,-1,-1,-1,-1
500,0,1159.75,199.93,240.83,670.78,-1,-1,-1,-1
500,1,609.08,176.22,246.89,760.86,-1,-1,-1,-1
500,3,821.49,116.30,386.67,958.12,-1,-1,-1,-1
501,0,1151.80,201.34,250.52,669.41,-1,-1,-1,-1
501,1,599.65,173.53,252.96,777.25,-1,-1,-1,-1
501,3,883.05,113.44,335.17,952.46,-1,-1,-1,-1
502,0,1144.92,206.95,249.80,657.43,-1,-1,-1,-1
502,1,593.78,168.32,254.24,799.07,-1,-1,-1,-1
502,3,944.73,104.03,295.45,960.20,-1,-1,-1,-1
503,0,1138.64,209.64,246.08,647.62,-1,-1,-1,-1
503,1,590.17,171.77,255.43,795.78,-1,-1,-1,-1
503,3,979.62,96.60,333.52,976.19,-1,-1,-1,-1
504,0,1132.35,212.33,242.37,637.81,-1,-1,-1,-1
504,1,588.44,174.81,256.47,792.62,-1,-1,-1,-1
504,3,1016.90,90.57,336.19,987.25,-1,-1,-1,-1
505,0,1126.07,215.03,238.66,628.00,-1,-1,-1,-1
505,1,586.77,175.08,260.06,788.44,-1,-1,-1,-1
505,3,1054.80,85.31,334.32,995.15,-1,-1,-1,-1
506,0,1119.78,217.72,234.94,618.19,-1,-1,-1,-1
506,1,583.20,171.82,268.76,797.89,-1,-1,-1,-1
506,3,1074.33,93.28,356.06,982.66,-1,-1,-1,-1
507,1,578.35,170.77,279.53,801.42,-1,-1,-1,-1
507,3,1065.56,101.28,428.47,974.30,-1,-1,-1,-1
508,0,1045.38,232.66,148.43,566.61,-1,-1,-1,-1
508,1,577.28,170.71,284.27,802.97,-1,-1,-1,-1
508,3,1067.50,117.74,455.53,955.00,-1,-1,-1,-1
509,0,1012.86,223.10,191.06,588.48,-1,-1,-1,-1
509,1,576.90,165.04,286.87,818.54,-1,-1,-1,-1
509,3,1108.02,114.26,415.25,962.49,-1,-1,-1,-1
510,0,997.42,220.85,212.71,603.00,-1,-1,-1,-1
510,1,575.46,158.93,290.73,845.37,-1,-1,-1,-1
510,3,1129.22,114.25,399.98,959.84,-1,-1,-1,-1
511,0,985.97,226.25,226.25,605.52,-1,-1,-1,-1
511,1,574.45,154.42,291.19,860.96,-1,-1,-1,-1
511,3,1159.10,97.69,381.22,983.16,-1,-1,-1,-1
512,0,988.91,231.57,200.37,601.19,-1,-1,-1,-1
512,1,573.32,150.62,294.82,882.59,-1,-1,-1,-1
512,3,1196.81,100.06,357.20,976.48,-1,-1,-1,-1
513,0,987.44,232.30,183.25,587.98,-1,-1,-1,-1
513,1,571.54,148.82,296.77,899.21,-1,-1,-1,-1
513,3,1222.35,99.15,352.84,976.64,-1,-1,-1,-1
514,0,980.89,225.29,172.52,594.98,-1,-1,-1,-1
514,1,569.54,152.07,300.83,897.64,-1,-1,-1,-1
514,3,1241.74,103.83,360.72,970.55,-1,-1,-1,-1
515,0,962.34,229.65,177.76,583.81,-1,-1,-1,-1
515,1,569.50,153.01,297.42,899.14,-1,-1,-1,-1
515,3,1264.26,99.27,358.05,973.67,-1,-1,-1,-1
516,0,941.75,226.48,189.66,586.90,-1,-1,-1,-1
516,1,569.97,151.05,298.08,907.40,-1,-1,-1,-1
516,3,1283.58,108.89,360.06,959.74,-1,-1,-1,-1
517,0,916.69,232.68,209.24,573.41,-1,-1,-1,-1
517,1,571.48,143.14,299.64,913.31,-1,-1,-1,-1
517,3,1299.17,111.02,358.17,959.98,-1,-1,-1,-1
518,0,891.99,239.29,228.11,567.74,-1,-1,-1,-1
518,1,574.54,139.33,307.31,919.48,-1,-1,-1,-1
518,3,1313.99,127.02,350.16,933.43,-1,-1,-1,-1
519,0,877.18,240.45,240.50,577.22,-1,-1,-1,-1
519,1,579.84,139.22,315.84,921.20,-1,-1,-1,-1
519,3,1324.15,123.13,343.88,946.94,-1,-1,-1,-1
520,0,873.49,226.39,233.33,603.86,-1,-1,-1,-1
520,1,593.51,141.01,317.59,925.20,-1,-1,-1,-1
520,3,1336.11,135.93,332.67,923.04,-1,-1,-1,-1
521,0,866.97,223.59,227.57,609.53,-1,-1,-1,-1
521,1,615.09,139.80,311.23,929.17,-1,-1,-1,-1
521,3,1345.01,148.33,320.97,900.69,-1,-1,-1,-1
522,0,876.20,224.21,164.65,615.31,-1,-1,-1,-1
522,1,634.98,143.45,307.97,925.62,-1,-1,-1,-1
522,3,1347.99,154.64,316.32,870.57,-1,-1,-1,-1
523,0,862.58,223.39,150.87,617.94,-1,-1,-1,-1
523,1,655.54,140.37,308.09,930.25,-1,-1,-1,-1
523,3,1349.72,155.19,315.09,859.00,-1,-1,-1,-1
524,0,860.18,249.98,134.76,583.99,-1,-1,-1,-1
524,1,670.45,137.75,310.10,933.22,-1,-1,-1,-1
524,3,1350.53,153.91,311.77,854.58,-1,-1,-1,-1
525,0,847.58,258.56,131.93,571.86,-1,-1,-1,-1
525,1,688.55,145.67,301.78,922.22,-1,-1,-1,-1
525,3,1351.43,148.74,308.16,860.02,-1,-1,-1,-1
526,0,834.99,267.15,129.10,559.74,-1,-1,-1,-1
526,1,712.54,135.26,274.77,918.37,-1,-1,-1,-1
526,3,1353.54,147.91,297.83,854.48,-1,-1,-1,-1
527,0,822.40,275.73,126.27,547.61,-1,-1,-1,-1
527,1,737.37,130.01,262.05,910.08,-1,-1,-1,-1
527,3,1350.53,151.79,291.40,847.31,-1,-1,-1,-1
528,0,809.80,284.32,123.45,535.48,-1,-1,-1,-1
528,1,749.91,122.90,269.46,928.86,-1,-1,-1,-1
528,3,1345.75,162.50,285.66,830.46,-1,-1,-1,-1
529,1,739.54,111.71,321.04,951.80,-1,-1,-1,-1
529,3,1338.97,173.94,279.47,803.27,-1,-1,-1,-1
530,1,731.29,109.25,357.15,959.21,-1,-1,-1,-1
530,3,1334.29,179.04,264.51,783.71,-1,-1,-1,-1
531,0,711.67,220.76,153.92,625.87,-1,-1,-1,-1
531,1,773.00,102.74,319.16,973.66,-1,-1,-1,-1
531,3,1329.77,182.18,255.40,775.22,-1,-1,-1,-1
532,0,679.42,227.70,190.76,619.32,-1,-1,-1,-1
532,1,786.07,113.30,320.23,961.00,-1,-1,-1,-1
532,3,1320.96,180.07,249.43,773.13,-1,-1,-1,-1
533,0,647.13,229.42,211.75,618.39,-1,-1,-1,-1
533,1,822.14,119.57,296.40,949.47,-1,-1,-1,-1
533,3,1314.91,184.79,238.74,739.64,-1,-1,-1,-1
534,0,624.93,228.13,227.45,625.18,-1,-1,-1,-1
534,1,850.00,125.89,281.21,941.17,-1,-1,-1,-1
534,3,1310.20,185.17,222.99,716.61,-1,-1,-1,-1
535,0,605.07,221.37,253.23,650.87,-1,-1,-1,-1
535,1,888.76,133.52,263.70,931.95,-1,-1,-1,-1
535,3,1305.30,183.49,207.49,701.85,-1,-1,-1,-1
536,0,591.36,223.43,267.77,651.16,-1,-1,-1,-1
536,1,930.01,147.59,254.97,902.66,-1,-1,-1,-1
536,3,1290.46,178.16,207.08,696.67,-1,-1,-1,-1
537,0,580.36,226.13,267.87,656.19,-1,-1,-1,-1
537,1,962.07,149.52,253.99,868.23,-1,-1,-1,-1
537,3,1265.31,178.94,227.17,690.23,-1,-1,-1,-1
538,0,571.03,224.07,262.73,666.46,-1,-1,-1,-1
538,1,983.37,123.80,282.93,919.64,-1,-1,-1,-1
538,3,1242.25,175.55,242.82,688.50,-1,-1,-1,-1
539,0,560.85,222.46,259.74,677.43,-1,-1,-1,-1
539,1,998.35,120.19,306.22,921.36,-1,-1,-1,-1
539,3,1224.22,175.17,254.66,683.55,-1,-1,-1,-1
540,0,559.97,219.10,240.64,688.81,-1,-1,-1,-1
540,1,1020.91,125.06,297.52,916.70,-1,-1,-1,-1
540,3,1206.06,176.97,269.73,683.38,-1,-1,-1,-1
541,0,556.55,218.41,233.08,695.48,-1,-1,-1,-1
541,1,1038.95,132.37,287.07,917.23,-1,-1,-1,-1
541,3,1205.80,174.35,260.50,692.83,-1,-1,-1,-1
542,0,552.76,222.33,228.70,689.74,-1,-1,-1,-1
542,1,1039.24,137.04,360.20,910.68,-1,-1,-1,-1
542,3,1213.21,188.21,232.99,667.89,-1,-1,-1,-1
543,0,539.35,224.02,239.70,685.08,-1,-1,-1,-1
543,1,1054.58,137.65,381.93,912.07,-1,-1,-1,-1
543,3,1205.26,191.29,229.56,658.06,-1,-1,-1,-1
544,0,531.63,220.40,243.12,697.59,-1,-1,-1,-1
544,1,1081.51,132.16,363.77,913.66,-1,-1,-1,-1
544,3,1197.32,194.38,226.13,648.23,-1,-1,-1,-1
545,0,522.10,217.24,249.78,717.05,-1,-1,-1,-1
545,1,1111.11,133.15,327.60,900.31,-1,-1,-1,-1
545,3,1189.37,197.46,222.70,638.40,-1,-1,-1,-1
546,0,516.77,215.74,250.14,732.49,-1,-1,-1,-1
546,1,1124.22,125.98,314.43,909.58,-1,-1,-1,-1
546,3,1181.42,200.54,219.27,628.57,-1,-1,-1,-1
547,0,507.95,214.86,252.96,748.13,-1,-1,-1,-1
547,1,1117.85,119.08,331.55,917.81,-1,-1,-1,-1
548,0,496.84,219.21,258.45,752.49,-1,-1,-1,-1
548,1,1091.19,121.35,373.99,916.35,-1,-1,-1,-1
548,3,1061.30,247.79,164.91,554.07,-1,-1,-1,-1
549,0,486.20,215.53,264.55,767.27,-1,-1,-1,-1
549,1,1121.17,124.78,347.52,908.83,-1,-1,-1,-1
549,3,1030.69,221.08,189.49,584.27,-1,-1,-1,-1
550,0,477.13,210.39,267.65,778.57,-1,-1,-1,-1
550,1,1146.03,117.55,332.15,932.99,-1,-1,-1,-1
550,3,1004.11,205.76,219.24,610.38,-1,-1,-1,-1
551,0,462.97,204.31,284.72,790.31,-1,-1,-1,-1
551,1,1158.54,110.68,332.57,953.34,-1,-1,-1,-1
551,3,974.43,207.41,255.88,605.50,-1,-1,-1,-1
552,0,451.17,199.16,302.36,800.15,-1,-1,-1,-1
552,1,1173.83,118.77,334.20,948.00,-1,-1,-1,-1
552,3,959.72,209.66,265.35,607.66,-1,-1,-1,-1
553,0,441.90,197.39,319.84,804.37,-1,-1,-1,-1
553,1,1196.09,121.85,324.93,934.29,-1,-1,-1,-1
553,3,953.81,209.10,251.09,610.04,-1,-1,-1,-1
554,0,441.77,190.06,322.77,821.56,-1,-1,-1,-1
554,1,1212.45,129.57,327.63,912.27,-1,-1,-1,-1
554,3,951.65,205.47,219.45,615.94,-1,-1,-1,-1
555,0,441.19,187.51,326.68,832.62,-1,-1,-1,-1
555,1,1225.99,135.02,331.39,884.74,-1,-1,-1,-1
555,3,935.53,207.88,199.81,612.54,-1,-1,-1,-1
556,0,445.97,186.16,316.74,844.42,-1,-1,-1,-1
556,1,1229.80,134.67,346.71,877.77,-1,-1,-1,-1
556,3,909.83,213.59,190.49,598.71,-1,-1,-1,-1
557,0,454.22,185.55,308.32,853.76,-1,-1,-1,-1
557,1,1238.01,129.91,347.96,879.47,-1,-1,-1,-1
557,3,870.48,217.87,213.67,595.51,-1,-1,-1,-1
558,0,464.92,182.66,297.54,863.82,-1,-1,-1,-1
558,1,1248.65,130.26,336.02,869.78,-1,-1,-1,-1
558,3,825.91,223.43,249.73,581.52,-1,-1,-1,-1
559,0,475.46,179.23,290.22,870.19,-1,-1,-1,-1
559,1,1256.63,136.25,320.88,852.23,-1,-1,-1,-1
559,3,782.64,216.75,292.41,603.14,-1,-1,-1,-1
560,0,484.40,174.09,291.74,887.66,-1,-1,-1,-1
560,1,1257.53,138.85,306.17,834.54,-1,-1,-1,-1
560,3,757.21,218.12,303.03,614.48,-1,-1,-1,-1
561,0,494.17,173.60,288.87,896.54,-1,-1,-1,-1
561,1,1256.44,144.45,292.86,816.57,-1,-1,-1,-1
561,3,741.29,219.71,315.34,621.07,-1,-1,-1,-1
562,0,503.38,172.82,288.71,899.91,-1,-1,-1,-1
562,1,1255.09,148.81,279.94,795.99,-1,-1,-1,-1
562,3,749.59,222.97,270.60,621.58,-1,-1,-1,-1
563,0,511.73,169.26,290.24,908.40,-1,-1,-1,-1
563,1,1250.16,145.87,273.50,793.55,-1,-1,-1,-1
563,3,756.34,212.98,222.09,639.78,-1,-1,-1,-1
564,0,518.37,171.88,290.57,902.57,-1,-1,-1,-1
564,1,1243.44,146.63,269.55,789.24,-1,-1,-1,-1
564,3,757.40,210.80,182.25,641.95,-1,-1,-1,-1
565,0,522.29,170.14,297.36,899.37,-1,-1,-1,-1
565,1,1237.35,150.35,269.93,780.54,-1,-1,-1,-1
565,3,753.04,210.07,161.24,643.95,-1,-1,-1,-1
566,0,527.67,174.74,313.89,894.61,-1,-1,-1,-1
566,1,1231.80,149.89,261.60,781.30,-1,-1,-1,-1
566,3,746.87,218.87,142.56,605.01,-1,-1,-1,-1
567,0,538.96,181.36,316.44,890.45,-1,-1,-1,-1
567,1,1225.74,156.07,258.83,775.16,-1,-1,-1,-1
567,3,731.03,225.38,139.03,590.15,-1,-1,-1,-1
568,0,553.61,165.56,310.25,912.48,-1,-1,-1,-1
568,1,1216.05,164.78,265.04,761.31,-1,-1,-1,-1
568,3,715.19,231.89,135.51,575.30,-1,-1,-1,-1
569,0,566.92,158.26,308.74,908.38,-1,-1,-1,-1
569,1,1208.41,171.29,263.30,747.55,-1,-1,-1,-1
569,3,699.34,238.40,131.98,560.44,-1,-1,-1,-1
570,0,576.78,156.48,313.40,899.99,-1,-1,-1,-1
570,1,1203.36,170.88,254.07,748.47,-1,-1,-1,-1
570,3,683.50,244.91,128.45,545.58,-1,-1,-1,-1
571,0,585.36,156.48,328.43,895.80,-1,-1,-1,-1
571,1,1198.83,176.21,245.90,736.13,-1,-1,-1,-1
572,0,602.01,149.01,336.73,913.68,-1,-1,-1,-1
572,1,1194.58,166.88,229.01,745.62,-1,-1,-1,-1
573,0,618.59,139.36,340.85,927.05,-1,-1,-1,-1
573,1,1196.85,177.11,204.90,718.42,-1,-1,-1,-1
574,0,648.24,142.66,325.76,927.57,-1,-1,-1,-1
574,1,1187.17,182.50,199.62,698.46,-1,-1,-1,-1
574,3,569.34,197.07,172.71,716.08,-1,-1,-1,-1
575,0,673.88,163.60,318.05,901.43,-1,-1,-1,-1
575,1,1172.23,181.73,199.62,684.16,-1,-1,-1,-1
575,3,537.85,190.63,198.59,739.10,-1,-1,-1,-1
576,0,683.37,186.26,324.08,875.35,-1,-1,-1,-1
576,1,1159.83,182.83,198.47,672.56,-1,-1,-1,-1
576,3,514.49,194.50,222.07,736.47,-1,-1,-1,-1
577,0,704.15,192.20,313.05,869.61,-1,-1,-1,-1
577,1,1133.21,182.19,222.54,669.91,-1,-1,-1,-1
577,3,487.53,197.59,249.65,736.26,-1,-1,-1,-1
578,0,731.95,238.33,302.16,810.76,-1,-1,-1,-1
578,1,1103.54,180.82,252.92,672.43,-1,-1,-1,-1
578,3,469.07,193.76,261.43,760.23,-1,-1,-1,-1
579,0,780.23,199.13,271.09,858.50,-1,-1,-1,-1
579,1,1091.06,187.47,261.46,659.82,-1,-1,-1,-1
579,3,452.86,193.30,271.54,777.21,-1,-1,-1,-1
580,0,825.39,174.97,255.55,888.26,-1,-1,-1,-1
580,1,1086.77,188.14,260.64,659.70,-1,-1,-1,-1
580,3,442.52,195.63,276.97,798.34,-1,-1,-1,-1
581,0,856.91,162.83,258.72,904.66,-1,-1,-1,-1
581,1,1081.67,186.74,256.55,662.78,-1,-1,-1,-1
581,3,436.83,197.58,279.30,814.34,-1,-1,-1,-1
582,0,882.43,154.71,286.37,915.73,-1,-1,-1,-1
582,1,1075.93,184.90,236.40,662.76,-1,-1,-1,-1
582,3,434.02,200.53,276.11,823.04,-1,-1,-1,-1
583,0,911.86,127.66,306.96,947.31,-1,-1,-1,-1
583,1,1065.34,183.78,236.23,662.25,-1,-1,-1,-1
583,3,432.64,199.33,273.25,831.96,-1,-1,-1,-1
584,0,949.26,119.78,293.83,954.33,-1,-1,-1,-1
584,1,1054.75,182.66,236.05,661.73,-1,-1,-1,-1
584,3,426.08,198.14,281.10,838.42,-1,-1,-1,-1
585,0,971.69,124.60,304.09,938.75,-1,-1,-1,-1
585,1,1044.16,181.54,235.88,661.21,-1,-1,-1,-1
585,3,419.96,193.48,288.75,846.53,-1,-1,-1,-1
586,0,987.70,111.43,314.81,956.93,-1,-1,-1,-1
586,1,1033.57,180.43,235.70,660.70,-1,-1,-1,-1
586,3,415.68,188.03,295.23,855.45,-1,-1,-1,-1
587,0,995.96,104.16,325.13,966.65,-1,-1,-1,-1
587,3,413.73,186.41,299.69,854.35,-1,-1,-1,-1
588,0,995.35,107.01,350.52,958.72,-1,-1,-1,-1
588,1,951.48,179.05,226.36,665.48,-1,-1,-1,-1
588,3,411.21,183.91,308.60,865.96,-1,-1,-1,-1
589,0,1032.68,114.18,339.38,942.67,-1,-1,-1,-1
589,1,931.12,178.34,236.47,662.38,-1,-1,-1,-1
589,3,411.86,175.40,315.36,876.52,-1,-1,-1,-1
590,0,1085.99,109.62,308.72,951.66,-1,-1,-1,-1
590,1,910.83,181.70,247.25,661.41,-1,-1,-1,-1
590,3,410.03,172.82,332.39,876.07,-1,-1,-1,-1
591,0,1115.15,113.51,317.58,945.49,-1,-1,-1,-1
591,1,902.15,188.26,241.42,654.24,-1,-1,-1,-1
591,3,411.68,169.58,343.29,876.51,-1,-1,-1,-1
592,0,1138.21,120.80,345.56,940.20,-1,-1,-1,-1
592,1,899.21,199.75,216.83,638.36,-1,-1,-1,-1
592,3,415.97,165.47,351.30,885.78,-1,-1,-1,-1
593,0,1163.24,115.14,365.02,953.04,-1,-1,-1,-1
593,1,894.81,195.01,193.10,648.82,-1,-1,-1,-1
593,3,420.52,161.12,356.56,898.36,-1,-1,-1,-1
594,0,1175.63,128.09,405.89,937.37,-1,-1,-1,-1
594,1,878.26,196.36,188.48,647.50,-1,-1,-1,-1
594,3,427.52,152.25,346.51,914.79,-1,-1,-1,-1
595,0,1200.08,129.06,412.84,937.90,-1,-1,-1,-1
595,1,854.16,192.81,200.34,657.02,-1,-1,-1,-1
595,3,439.41,153.61,342.52,909.80,-1,-1,-1,-1
596,0,1222.02,130.17,402.88,941.87,-1,-1,-1,-1
596,1,826.24,185.72,216.82,674.28,-1,-1,-1,-1
596,3,458.16,141.78,330.35,926.34,-1,-1,-1,-1
597,0,1244.44,134.30,381.71,939.47,-1,-1,-1,-1
597,1,796.74,189.40,240.50,674.38,-1,-1,-1,-1
597,3,486.03,138.38,315.66,928.69,-1,-1,-1,-1
598,0,1258.34,129.77,369.44,943.92,-1,-1,-1,-1
598,1,779.43,193.75,250.24,668.60,-1,-1,-1,-1
598,3,506.34,131.22,316.16,939.63,-1,-1,-1,-1
599,0,1273.11,129.46,356.58,948.31,-1,-1,-1,-1
599,1,770.46,191.21,247.13,675.68,-1,-1,-1,-1
599,3,527.70,129.55,329.80,934.78,-1,-1,-1,-1
600,0,1284.00,127.99,344.26,947.35,-1,-1,-1,-1
600,1,773.63,190.74,219.58,683.57,-1,-1,-1,-1
600,3,562.32,126.41,312.35,945.76,-1,-1,-1,-1
601,0,1295.44,133.93,331.37,939.91,-1,-1,-1,-1
601,1,769.40,176.84,197.78,717.03,-1,-1,-1,-1
601,3,574.75,126.13,347.50,948.19,-1,-1,-1,-1
602,0,1304.51,139.73,321.28,928.16,-1,-1,-1,-1
602,1,752.18,169.78,202.73,735.04,-1,-1,-1,-1
602,3,599.76,122.83,347.69,955.30,-1,-1,-1,-1
603,0,1310.49,144.37,313.76,918.75,-1,-1,-1,-1
603,1,734.96,162.72,207.68,753.05,-1,-1,-1,-1
603,3,618.80,126.79,344.01,947.57,-1,-1,-1,-1
604,0,1314.17,150.79,310.59,900.11,-1,-1,-1,-1
604,1,717.73,155.67,212.63,771.07,-1,-1,-1,-1
604,3,637.16,127.43,334.61,943.38,-1,-1,-1,-1
605,0,1321.85,152.24,305.54,902.37,-1,-1,-1,-1
605,1,700.51,148.61,217.57,789.08,-1,-1,-1,-1
605,3,652.20,110.08,330.32,968.04,-1,-1,-1,-1
606,0,1330.38,160.55,302.43,879.66,-1,-1,-1,-1
606,1,662.71,209.32,197.97,692.82,-1,-1,-1,-1
606,3,666.55,121.80,335.77,932.43,-1,-1,-1,-1
607,0,1336.43,158.78,300.89,874.65,-1,-1,-1,-1
607,1,637.65,180.75,255.68,757.46,-1,-1,-1,-1
607,3,731.62,113.74,291.83,934.70,-1,-1,-1,-1
608,0,1340.20,155.28,299.41,869.92,-1,-1,-1,-1
608,1,619.60,175.47,263.38,765.37,-1,-1,-1,-1
608,3,775.03,100.26,300.75,952.11,-1,-1,-1,-1
609,0,1340.39,155.04,298.98,861.80,-1,-1,-1,-1
609,1,616.62,177.00,258.86,763.58,-1,-1,-1,-1
609,3,814.18,91.61,302.78,964.32,-1,-1,-1,-1
610,0,1341.76,153.89,291.11,850.56,-1,-1,-1,-1
610,1,604.39,181.50,256.71,753.12,-1,-1,-1,-1
610,3,849.73,97.00,312.24,961.96,-1,-1,-1,-1
611,0,1339.25,159.09,284.68,829.68,-1,-1,-1,-1
611,1,592.65,178.35,252.75,757.73,-1,-1,-1,-1
611,3,875.24,101.35,337.61,960.18,-1,-1,-1,-1
612,0,1337.43,160.37,274.10,823.07,-1,-1,-1,-1
612,1,572.82,178.98,258.37,756.98,-1,-1,-1,-1
612,3,904.59,108.04,356.43,952.23,-1,-1,-1,-1
613,0,1332.33,165.26,270.54,804.61,-1,-1,-1,-1
613,1,556.54,177.44,265.03,761.14,-1,-1,-1,-1
613,3,916.13,109.75,379.17,950.71,-1,-1,-1,-1
614,0,1329.29,170.42,260.83,788.02,-1,-1,-1,-1
614,1,535.95,170.34,279.40,773.62,-1,-1,-1,-1
614,3,933.94,103.14,387.56,967.38,-1,-1,-1,-1
615,0,1320.50,172.31,257.44,781.02,-1,-1,-1,-1
615,1,504.02,161.12,313.09,812.46,-1,-1,-1,-1
615,3,955.19,116.54,391.28,946.06,-1,-1,-1,-1
616,0,1310.48,174.53,255.36,768.79,-1,-1,-1,-1
616,1,481.67,155.10,332.69,843.64,-1,-1,-1,-1
616,3,985.68,122.75,375.55,936.61,-1,-1,-1,-1
617,0,1306.99,180.77,241.03,748.55,-1,-1,-1,-1
617,1,480.43,157.40,329.42,856.76,-1,-1,-1,-1
617,3,1034.76,125.24,349.47,937.41,-1,-1,-1,-1
618,0,1303.28,185.25,235.98,732.88,-1,-1,-1,-1
618,1,479.62,160.32,330.44,864.15,-1,-1,-1,-1
618,3,1089.73,112.78,363.10,954.73,-1,-1,-1,-1
619,0,1299.56,189.74,230.93,717.22,-1,-1,-1,-1
619,1,487.93,153.37,318.93,881.66,-1,-1,-1,-1
619,3,1131.39,115.81,388.99,946.48,-1,-1,-1,-1
620,0,1295.85,194.22,225.87,701.55,-1,-1,-1,-1
620,1,493.20,156.93,315.37,871.21,-1,-1,-1,-1
620,3,1165.56,111.17,402.81,948.33,-1,-1,-1,-1
621,0,1292.13,198.70,220.82,685.88,-1,-1,-1,-1
621,1,500.99,146.58,310.62,887.62,-1,-1,-1,-1
621,3,1192.85,107.49,429.13,959.26,-1,-1,-1,-1
622,1,508.48,142.58,306.16,886.23,-1,-1,-1,-1
622,3,1216.89,112.42,456.62,957.04,-1,-1,-1,-1
623,1,517.08,144.34,304.46,885.48,-1,-1,-1,-1
623,3,1229.81,137.27,479.65,930.11,-1,-1,-1,-1
624,0,1197.38,253.09,170.92,585.15,-1,-1,-1,-1
624,1,525.13,132.69,301.01,905.10,-1,-1,-1,-1
624,3,1238.86,145.50,481.37,924.13,-1,-1,-1,-1
625,0,1181.34,253.14,203.70,604.42,-1,-1,-1,-1
625,1,534.04,129.28,301.12,914.14,-1,-1,-1,-1
625,3,1258.06,145.32,451.40,929.14,-1,-1,-1,-1
626,0,1170.58,215.08,217.52,661.06,-1,-1,-1,-1
626,1,542.48,126.01,299.89,929.35,-1,-1,-1,-1
626,3,1285.96,137.39,411.70,939.62,-1,-1,-1,-1
627,0,1163.53,196.80,206.06,685.50,-1,-1,-1,-1
627,1,547.41,130.71,309.30,928.87,-1,-1,-1,-1
627,3,1313.77,137.65,379.16,929.15,-1,-1,-1,-1
628,0,1148.78,196.23,191.70,675.09,-1,-1,-1,-1
628,1,563.99,129.01,298.57,927.31,-1,-1,-1,-1
628,3,1342.47,139.65,358.05,910.11,-1,-1,-1,-1
629,0,1124.99,197.91,197.13,664.24,-1,-1,-1,-1
629,1,580.69,127.13,292.40,928.94,-1,-1,-1,-1
629,3,1360.15,124.51,351.56,934.20,-1,-1,-1,-1
630,0,1091.12,199.71,219.48,652.42,-1,-1,-1,-1
630,1,606.31,120.29,284.74,938.81,-1,-1,-1,-1
630,3,1371.39,121.22,358.04,942.18,-1,-1,-1,-1
631,0,1046.72,217.03,262.21,621.54,-1,-1,-1,-1
631,1,625.24,110.19,297.71,960.80,-1,-1,-1,-1
631,3,1382.27,129.95,357.62,918.43,-1,-1,-1,-1
632,0,1028.03,220.06,274.29,613.44,-1,-1,-1,-1
632,1,651.19,107.59,297.28,965.52,-1,-1,-1,-1
632,3,1388.37,130.63,354.60,915.54,-1,-1,-1,-1
633,0,1014.89,219.56,285.71,616.23,-1,-1,-1,-1
633,1,666.61,101.31,319.53,971.79,-1,-1,-1,-1
633,3,1393.71,131.71,355.92,912.59,-1,-1,-1,-1
634,0,1013.97,217.79,258.73,620.76,-1,-1,-1,-1
634,1,680.68,106.19,348.13,968.26,-1,-1,-1,-1
634,3,1401.39,142.00,346.00,894.37,-1,-1,-1,-1
635,0,1012.14,216.29,233.33,621.82,-1,-1,-1,-1
635,1,703.56,112.31,348.26,964.15,-1,-1,-1,-1
635,3,1404.81,147.77,339.58,879.77,-1,-1,-1,-1
636,0,1009.92,213.50,198.21,625.78,-1,-1,-1,-1
636,1,719.43,113.19,345.84,962.98,-1,-1,-1,-1
636,3,1409.92,151.65,326.03,863.94,-1,-1,-1,-1
637,0,1003.43,212.01,180.01,628.67,-1,-1,-1,-1
637,1,738.29,113.99,347.38,964.46,-1,-1,-1,-1
637,3,1413.30,151.69,307.26,853.05,-1,-1,-1,-1
638,0,992.08,207.59,159.48,643.28,-1,-1,-1,-1
638,1,760.78,114.10,347.53,961.13,-1,-1,-1,-1
638,3,1414.19,153.45,295.12,835.77,-1,-1,-1,-1
639,0,987.69,239.11,149.74,595.62,-1,-1,-1,-1
639,1,801.32,112.89,320.81,958.27,-1,-1,-1,-1
639,3,1415.53,154.91,279.81,819.66,-1,-1,-1,-1
640,0,974.29,248.88,145.42,578.57,-1,-1,-1,-1
640,1,846.13,118.11,300.69,944.11,-1,-1,-1,-1
640,3,1412.93,155.31,267.92,806.54,-1,-1,-1,-1
641,0,960.89,258.64,141.11,561.52,-1,-1,-1,-1
641,1,867.19,107.44,325.71,963.82,-1,-1,-1,-1
641,3,1406.42,158.91,261.05,789.65,-1,-1,-1,-1
642,0,947.49,268.41,136.79,544.46,-1,-1,-1,-1
642,1,878.27,113.82,348.68,960.69,-1,-1,-1,-1
642,3,1389.25,165.18,268.73,773.57,-1,-1,-1,-1
643,0,934.09,278.18,132.48,527.41,-1,-1,-1,-1
643,1,880.75,118.37,371.05,953.21,-1,-1,-1,-1
643,3,1369.81,167.27,278.37,771.22,-1,-1,-1,-1
644,0,867.10,215.76,134.20,616.92,-1,-1,-1,-1
644,1,889.70,105.23,379.96,973.59,-1,-1,-1,-1
644,3,1361.46,172.50,272.38,759.95,-1,-1,-1,-1
645,0,845.33,206.03,152.53,640.28,-1,-1,-1,-1
645,1,923.04,116.09,357.84,956.92,-1,-1,-1,-1
645,3,1352.45,176.53,268.97,746.29,-1,-1,-1,-1
646,0,823.10,212.84,161.66,628.34,-1,-1,-1,-1
646,1,960.37,110.35,324.98,952.45,-1,-1,-1,-1
646,3,1342.38,180.33,263.81,732.39,-1,-1,-1,-1
647,0,795.24,209.98,177.48,636.53,-1,-1,-1,-1
647,1,988.63,107.29,310.31,955.73,-1,-1,-1,-1
647,3,1329.63,177.64,259.70,724.10,-1,-1,-1,-1
648,0,760.77,209.90,208.46,643.81,-1,-1,-1,-1
648,1,1021.55,103.55,298.95,951.35,-1,-1,-1,-1
648,3,1313.98,183.28,255.25,698.55,-1,-1,-1,-1
649,0,734.56,207.68,228.10,657.58,-1,-1,-1,-1
649,1,1052.42,109.88,286.09,938.85,-1,-1,-1,-1
649,3,1303.02,184.60,248.29,689.19,-1,-1,-1,-1
650,0,705.64,211.48,250.79,657.87,-1,-1,-1,-1
650,1,1080.48,119.15,300.01,920.79,-1,-1,-1,-1
650,3,1294.84,176.59,221.65,685.78,-1,-1,-1,-1
651,0,684.63,214.06,263.51,660.15,-1,-1,-1,-1
651,1,1100.12,116.63,335.67,905.94,-1,-1,-1,-1
651,3,1302.11,190.50,172.28,597.68,-1,-1,-1,-1
652,0,677.99,210.90,256.49,672.55,-1,-1,-1,-1
652,1,1117.39,108.61,363.53,916.96,-1,-1,-1,-1
652,3,1294.06,203.17,159.28,552.64,-1,-1,-1,-1
653,0,676.37,215.08,228.92,669.45,-1,-1,-1,-1
653,1,1143.49,126.31,363.59,844.45,-1,-1,-1,-1
653,3,1286.01,215.84,146.29,507.60,-1,-1,-1,-1
654,0,675.07,217.93,202.29,665.83,-1,-1,-1,-1
654,1,1160.77,107.56,376.47,910.00,-1,-1,-1,-1
654,3,1277.96,228.50,133.29,462.56,-1,-1,-1,-1