18,1,3.90,285.99,80.07,563.26,-1,-1,-1,-1
19,1,1.94,295.36,80.23,564.03,-1,-1,-1,-1
20,1,1.45,303.01,81.59,572.88,-1,-1,-1,-1
21,1,0.74,303.40,83.86,588.46,-1,-1,-1,-1
24,1,11.69,261.57,89.48,615.46,-1,-1,-1,-1
25,1,14.59,259.44,91.61,614.52,-1,-1,-1,-1
26,1,19.17,265.70,94.17,609.49,-1,-1,-1,-1
27,1,24.49,258.26,98.26,607.31,-1,-1,-1,-1
28,1,26.10,255.03,102.38,604.78,-1,-1,-1,-1
29,1,24.99,247.74,107.85,612.15,-1,-1,-1,-1
30,1,25.31,245.09,112.03,609.67,-1,-1,-1,-1
31,1,24.84,240.89,117.43,614.36,-1,-1,-1,-1
32,1,29.57,235.76,123.68,614.74,-1,-1,-1,-1
33,1,35.89,235.66,132.37,619.95,-1,-1,-1,-1
34,1,44.59,238.57,139.40,612.41,-1,-1,-1,-1
35,1,48.16,239.71,149.37,618.64,-1,-1,-1,-1
36,1,50.29,242.39,158.59,622.30,-1,-1,-1,-1
37,1,56.18,245.85,166.57,622.67,-1,-1,-1,-1
38,1,65.04,245.81,174.56,621.43,-1,-1,-1,-1
39,1,69.34,244.74,181.72,620.22,-1,-1,-1,-1
40,1,75.43,242.47,189.70,624.68,-1,-1,-1,-1
41,1,78.15,237.71,198.72,636.55,-1,-1,-1,-1
42,1,77.56,234.37,208.46,652.43,-1,-1,-1,-1
43,1,75.44,233.18,217.19,664.99,-1,-1,-1,-1
44,1,74.02,232.20,224.33,674.17,-1,-1,-1,-1
45,1,72.41,232.30,231.44,685.15,-1,-1,-1,-1
46,1,70.12,232.58,236.38,690.61,-1,-1,-1,-1
47,1,66.10,230.05,242.07,699.61,-1,-1,-1,-1
48,1,59.60,221.27,248.49,709.69,-1,-1,-1,-1
49,1,54.61,214.98,254.68,718.20,-1,-1,-1,-1
50,1,52.42,209.96,260.51,724.85,-1,-1,-1,-1
51,1,55.75,205.32,268.88,732.30,-1,-1,-1,-1
52,1,56.87,205.34,278.48,743.53,-1,-1,-1,-1
53,1,59.73,204.98,284.94,747.89,-1,-1,-1,-1
54,1,61.44,204.53,290.04,751.03,-1,-1,-1,-1
55,1,62.75,202.78,294.84,754.25,-1,-1,-1,-1
56,1,69.40,196.24,303.08,766.75,-1,-1,-1,-1
57,1,73.95,185.19,309.63,775.44,-1,-1,-1,-1
58,1,76.68,182.13,315.92,785.22,-1,-1,-1,-1
59,1,79.79,182.01,321.92,798.95,-1,-1,-1,-1
60,1,79.16,181.69,327.24,811.20,-1,-1,-1,-1
61,1,75.77,181.80,333.41,828.32,-1,-1,-1,-1
62,1,68.30,180.27,345.42,863.38,-1,-1,-1,-1
63,1,64.83,180.49,350.02,878.40,-1,-1,-1,-1
64,1,61.78,182.11,354.35,890.33,-1,-1,-1,-1
65,1,60.46,175.31,352.31,879.78,-1,-1,-1,-1
66,1,56.16,166.60,358.18,888.59,-1,-1,-1,-1
67,1,48.91,159.09,369.30,914.81,-1,-1,-1,-1
68,1,50.55,147.71,371.38,911.51,-1,-1,-1,-1
69,1,49.40,145.47,379.57,931.15,-1,-1,-1,-1
70,1,59.04,138.74,383.74,936.48,-1,-1,-1,-1
71,1,68.30,137.92,386.38,938.05,-1,-1,-1,-1
72,1,79.87,142.35,388.46,937.20,-1,-1,-1,-1
73,1,99.37,143.74,385.14,925.55,-1,-1,-1,-1
74,1,109.15,132.01,393.37,943.20,-1,-1,-1,-1
75,1,125.22,126.48,396.05,948.93,-1,-1,-1,-1
76,1,138.50,119.70,399.54,955.11,-1,-1,-1,-1
77,1,153.73,112.83,407.64,973.52,-1,-1,-1,-1
78,1,166.42,110.64,413.82,985.50,-1,-1,-1,-1
79,1,181.80,111.68,413.29,981.42,-1,-1,-1,-1
80,1,202.38,103.12,411.44,970.38,-1,-1,-1,-1
81,1,227.33,113.19,406.01,951.83,-1,-1,-1,-1
82,1,230.74,116.83,412.57,960.78,-1,-1,-1,-1
83,1,245.05,98.87,419.64,977.10,-1,-1,-1,-1
84,1,268.66,82.34,422.78,986.80,-1,-1,-1,-1
85,1,291.71,85.75,427.58,1000.57,-1,-1,-1,-1
86,1,313.11,66.82,431.22,1011.48,-1,-1,-1,-1
87,1,330.67,59.04,430.55,1012.03,-1,-1,-1,-1
88,1,356.43,64.59,437.81,1031.91,-1,-1,-1,-1
89,1,389.12,68.15,434.75,1028.50,-1,-1,-1,-1
90,1,432.57,71.71,434.24,1027.72,-1,-1,-1,-1
91,1,485.51,77.86,422.78,1002.98,-1,-1,-1,-1
92,1,521.67,82.15,414.33,985.54,-1,-1,-1,-1
93,1,558.13,80.54,425.69,1022.47,-1,-1,-1,-1
94,1,602.29,77.53,423.94,1027.88,-1,-1,-1,-1
95,1,653.11,69.15,418.20,1022.47,-1,-1,-1,-1
96,1,696.53,61.37,418.05,1030.02,-1,-1,-1,-1
97,1,729.63,68.83,410.33,1021.29,-1,-1,-1,-1
98,1,764.24,62.30,405.32,1018.06,-1,-1,-1,-1
99,1,805.30,64.05,403.92,1023.55,-1,-1,-1,-1
100,1,855.11,67.87,403.52,1027.36,-1,-1,-1,-1
101,1,883.04,65.97,401.85,1028.95,-1,-1,-1,-1
102,1,927.04,76.75,397.97,1030.41,-1,-1,-1,-1
103,1,966.40,77.56,394.48,1025.75,-1,-1,-1,-1
103,2,4.77,289.21,103.07,531.35,-1,-1,-1,-1
104,1,1004.08,75.98,389.76,1009.19,-1,-1,-1,-1
104,2,3.96,241.33,112.15,577.39,-1,-1,-1,-1
105,1,1059.37,66.28,393.56,1005.28,-1,-1,-1,-1
105,2,8.44,237.33,117.55,602.10,-1,-1,-1,-1
106,1,1104.79,97.96,388.23,959.33,-1,-1,-1,-1
106,2,17.25,227.07,119.94,606.14,-1,-1,-1,-1
107,1,1125.91,78.34,409.26,987.72,-1,-1,-1,-1
107,2,25.52,219.56,125.46,620.73,-1,-1,-1,-1
108,1,1154.29,72.14,418.81,986.21,-1,-1,-1,-1
108,2,34.73,219.02,130.32,624.03,-1,-1,-1,-1
109,1,1185.18,84.64,421.02,980.50,-1,-1,-1,-1
109,2,38.93,214.24,136.03,628.34,-1,-1,-1,-1
110,1,1214.29,88.66,428.64,989.31,-1,-1,-1,-1
110,2,42.24,212.01,142.76,634.22,-1,-1,-1,-1
111,1,1253.22,88.23,432.03,992.44,-1,-1,-1,-1
111,2,46.16,210.10,149.93,639.79,-1,-1,-1,-1
112,1,1275.73,88.38,434.13,992.77,-1,-1,-1,-1
112,2,48.49,209.21,157.18,641.43,-1,-1,-1,-1
113,1,1297.72,74.33,446.12,1022.48,-1,-1,-1,-1
113,2,53.81,207.86,164.41,641.97,-1,-1,-1,-1
114,1,1331.01,72.04,441.19,1012.02,-1,-1,-1,-1
114,2,64.32,204.05,173.86,647.32,-1,-1,-1,-1
115,1,1361.80,65.61,441.80,1010.60,-1,-1,-1,-1
115,2,72.87,200.85,183.77,654.40,-1,-1,-1,-1
116,1,1385.44,71.28,438.74,1003.14,-1,-1,-1,-1
116,2,79.89,198.13,193.78,662.31,-1,-1,-1,-1
117,1,1403.82,74.66,438.29,1001.24,-1,-1,-1,-1
117,2,86.84,201.96,200.33,663.26,-1,-1,-1,-1
118,1,1423.23,84.98,442.74,1011.81,-1,-1,-1,-1
118,2,94.53,200.05,208.97,671.25,-1,-1,-1,-1
119,1,1445.42,90.24,443.00,1011.75,-1,-1,-1,-1
119,2,103.00,197.27,215.80,675.23,-1,-1,-1,-1
120,1,1449.95,77.20,440.17,1002.36,-1,-1,-1,-1
120,2,110.88,192.38,221.89,679.75,-1,-1,-1,-1
121,1,1446.99,83.03,435.25,988.72,-1,-1,-1,-1
121,2,115.28,189.95,227.48,686.25,-1,-1,-1,-1
122,1,1442.87,80.34,435.11,987.29,-1,-1,-1,-1
122,2,117.59,188.42,233.65,693.85,-1,-1,-1,-1
123,1,1431.57,86.12,433.10,986.04,-1,-1,-1,-1
123,2,120.08,185.80,243.05,714.66,-1,-1,-1,-1
124,1,1413.99,88.58,432.10,985.37,-1,-1,-1,-1
124,2,120.82,182.24,251.58,734.54,-1,-1,-1,-1
125,1,1398.86,98.27,428.81,981.05,-1,-1,-1,-1
125,2,121.53,180.83,258.32,749.57,-1,-1,-1,-1
126,1,1382.60,107.19,425.93,976.75,-1,-1,-1,-1
126,2,122.34,179.62,264.60,761.58,-1,-1,-1,-1
127,1,1365.49,113.88,422.61,971.62,-1,-1,-1,-1
127,2,121.56,179.93,269.50,769.81,-1,-1,-1,-1
128,1,1355.00,119.08,416.81,964.77,-1,-1,-1,-1
128,2,121.78,180.10,272.95,773.24,-1,-1,-1,-1
129,1,1338.95,122.46,413.46,966.18,-1,-1,-1,-1
129,2,122.50,178.87,276.06,775.68,-1,-1,-1,-1
130,1,1321.62,119.53,405.43,959.55,-1,-1,-1,-1
130,2,123.66,173.27,280.29,781.12,-1,-1,-1,-1
131,1,1309.89,127.58,398.13,952.61,-1,-1,-1,-1
131,2,126.58,167.04,284.69,786.28,-1,-1,-1,-1
132,1,1297.79,137.46,388.26,941.03,-1,-1,-1,-1
132,2,125.44,160.68,294.30,805.72,-1,-1,-1,-1
133,1,1294.51,145.39,376.80,926.57,-1,-1,-1,-1
133,2,129.37,160.95,302.79,823.19,-1,-1,-1,-1
134,1,1292.73,158.48,367.24,914.87,-1,-1,-1,-1
134,2,135.78,164.24,308.29,832.79,-1,-1,-1,-1
135,1,1291.53,165.61,360.19,907.87,-1,-1,-1,-1
135,2,138.81,164.77,312.97,840.44,-1,-1,-1,-1
136,1,1288.06,165.61,350.88,892.21,-1,-1,-1,-1
136,2,145.63,160.80,317.96,851.99,-1,-1,-1,-1
137,1,1280.15,157.34,340.94,875.13,-1,-1,-1,-1
137,2,148.43,152.46,324.31,866.27,-1,-1,-1,-1
138,1,1274.20,153.07,333.04,861.39,-1,-1,-1,-1
138,2,152.45,142.84,330.71,880.10,-1,-1,-1,-1
139,1,1271.80,155.33,321.62,836.64,-1,-1,-1,-1
139,2,157.55,135.44,338.64,898.87,-1,-1,-1,-1
140,1,1265.89,156.49,314.20,822.59,-1,-1,-1,-1
140,2,156.90,129.56,349.20,925.47,-1,-1,-1,-1
141,1,1258.36,162.41,304.94,801.60,-1,-1,-1,-1
141,2,161.72,127.30,353.55,934.64,-1,-1,-1,-1
142,1,1245.00,162.43,302.50,798.15,-1,-1,-1,-1
142,2,173.55,126.06,359.15,947.92,-1,-1,-1,-1
143,1,1233.87,163.46,298.07,788.34,-1,-1,-1,-1
143,2,181.51,122.22,363.73,961.03,-1,-1,-1,-1
144,1,1228.54,166.80,295.95,785.14,-1,-1,-1,-1
144,2,188.58,121.13,365.51,967.01,-1,-1,-1,-1
145,1,1223.02,177.31,287.98,766.97,-1,-1,-1,-1
145,2,200.45,119.77,364.57,967.08,-1,-1,-1,-1
146,1,1211.59,180.69,280.93,749.32,-1,-1,-1,-1
146,2,216.03,110.80,365.00,963.51,-1,-1,-1,-1
147,1,1196.12,179.72,275.69,736.59,-1,-1,-1,-1
147,2,226.71,102.37,371.85,978.21,-1,-1,-1,-1
148,1,1177.23,181.74,269.47,720.82,-1,-1,-1,-1
148,2,246.57,98.80,375.08,985.15,-1,-1,-1,-1
149,1,1165.68,183.42,266.10,712.33,-1,-1,-1,-1
149,2,260.92,92.76,373.06,974.92,-1,-1,-1,-1
150,1,1146.82,186.96,262.31,705.32,-1,-1,-1,-1
150,2,284.26,91.80,378.71,983.39,-1,-1,-1,-1
151,1,1132.95,189.38,259.56,701.14,-1,-1,-1,-1
151,2,306.96,91.66,380.62,985.45,-1,-1,-1,-1
152,1,1120.34,191.89,258.02,698.43,-1,-1,-1,-1
152,2,333.49,88.30,384.80,993.38,-1,-1,-1,-1
153,1,1107.74,196.86,254.98,691.04,-1,-1,-1,-1
153,2,359.87,92.33,388.51,1008.46,-1,-1,-1,-1
154,1,1095.93,202.40,251.36,682.32,-1,-1,-1,-1
154,2,393.67,82.56,391.40,1025.45,-1,-1,-1,-1
155,1,1087.40,205.35,247.20,672.06,-1,-1,-1,-1
155,2,421.69,80.72,386.89,1022.18,-1,-1,-1,-1
156,1,1078.10,206.37,242.62,661.79,-1,-1,-1,-1
156,2,453.60,75.39,387.37,1032.55,-1,-1,-1,-1
157,1,1066.52,203.59,235.92,650.80,-1,-1,-1,-1
157,2,499.59,73.30,378.21,1023.54,-1,-1,-1,-1
158,1,1058.23,204.25,231.81,644.77,-1,-1,-1,-1
158,2,523.55,76.30,376.92,1026.91,-1,-1,-1,-1
159,1,1049.57,202.86,228.67,643.43,-1,-1,-1,-1
159,2,564.71,79.40,373.14,1011.75,-1,-1,-1,-1
160,1,1034.24,208.30,224.71,633.48,-1,-1,-1,-1
160,2,591.45,83.58,375.79,1018.99,-1,-1,-1,-1
161,1,1018.24,210.20,221.94,623.81,-1,-1,-1,-1
161,2,628.99,87.45,377.46,1024.18,-1,-1,-1,-1
162,1,1007.81,211.18,221.61,620.34,-1,-1,-1,-1
162,2,654.72,83.01,376.59,1027.09,-1,-1,-1,-1
163,1,995.47,218.27,222.00,619.27,-1,-1,-1,-1
163,2,688.29,87.09,367.78,1014.00,-1,-1,-1,-1
164,1,982.05,217.48,222.15,618.19,-1,-1,-1,-1
164,2,729.78,80.04,362.23,1007.90,-1,-1,-1,-1
165,1,968.39,223.59,218.24,613.39,-1,-1,-1,-1
165,2,778.01,79.64,357.32,998.08,-1,-1,-1,-1
166,2,812.71,68.00,360.13,1009.50,-1,-1,-1,-1
167,2,835.50,61.54,364.23,1021.16,-1,-1,-1,-1
168,2,868.83,63.82,360.06,1008.78,-1,-1,-1,-1
169,2,903.22,67.75,359.64,1010.11,-1,-1,-1,-1
170,2,933.03,84.88,358.65,1008.61,-1,-1,-1,-1
170,3,869.92,215.04,206.57,594.34,-1,-1,-1,-1
171,2,959.41,82.85,359.27,1010.00,-1,-1,-1,-1
171,3,855.35,220.29,208.35,598.05,-1,-1,-1,-1
172,2,987.14,67.59,363.24,1017.19,-1,-1,-1,-1
172,1,834.00,221.19,220.98,612.36,-1,-1,-1,-1
173,2,1022.10,86.24,355.60,991.14,-1,-1,-1,-1
173,1,815.82,225.19,223.30,611.24,-1,-1,-1,-1
174,2,1050.56,82.38,355.14,990.26,-1,-1,-1,-1
174,1,800.80,228.28,225.25,610.39,-1,-1,-1,-1
175,2,1076.47,79.87,357.12,992.24,-1,-1,-1,-1
175,1,781.79,225.40,226.17,610.63,-1,-1,-1,-1
176,2,1088.74,72.36,359.96,997.01,-1,-1,-1,-1
176,1,769.50,224.11,227.14,612.30,-1,-1,-1,-1
177,2,1112.18,79.97,358.82,987.62,-1,-1,-1,-1
177,1,753.02,225.07,226.53,612.54,-1,-1,-1,-1
178,2,1131.18,78.02,363.65,995.67,-1,-1,-1,-1
178,1,728.27,222.18,224.20,611.50,-1,-1,-1,-1
179,2,1154.68,93.43,360.59,980.49,-1,-1,-1,-1
179,1,707.21,220.57,228.96,627.00,-1,-1,-1,-1
180,2,1170.66,95.82,366.72,995.24,-1,-1,-1,-1
180,1,686.00,220.34,234.52,640.40,-1,-1,-1,-1
181,2,1187.56,98.15,362.36,982.34,-1,-1,-1,-1
181,1,674.26,221.34,236.37,647.24,-1,-1,-1,-1
181,4,4.27,241.74,136.84,613.14,-1,-1,-1,-1
182,2,1207.89,113.44,357.64,967.10,-1,-1,-1,-1
182,1,660.84,223.10,238.70,653.20,-1,-1,-1,-1
182,4,7.81,232.18,141.83,633.93,-1,-1,-1,-1
183,2,1226.22,111.80,356.76,965.57,-1,-1,-1,-1
183,1,646.07,224.14,241.20,659.49,-1,-1,-1,-1
183,4,9.23,237.11,139.34,620.34,-1,-1,-1,-1
184,2,1238.28,106.18,358.12,967.48,-1,-1,-1,-1
184,1,628.66,220.46,244.73,668.75,-1,-1,-1,-1
184,4,13.27,237.29,138.80,613.03,-1,-1,-1,-1
185,2,1246.27,110.52,357.68,960.58,-1,-1,-1,-1
185,1,608.91,214.86,246.35,676.07,-1,-1,-1,-1
185,4,20.39,235.63,138.72,603.24,-1,-1,-1,-1
186,2,1252.05,109.45,359.11,958.57,-1,-1,-1,-1
186,1,592.78,213.32,247.36,681.64,-1,-1,-1,-1
186,4,25.73,228.64,145.09,618.28,-1,-1,-1,-1
187,2,1254.95,110.51,360.98,959.30,-1,-1,-1,-1
187,1,582.42,212.40,246.26,680.78,-1,-1,-1,-1
187,4,28.84,223.40,149.70,622.57,-1,-1,-1,-1
188,2,1258.71,120.36,358.34,948.39,-1,-1,-1,-1
188,1,567.56,209.88,248.76,689.11,-1,-1,-1,-1
188,4,35.12,227.24,153.07,615.64,-1,-1,-1,-1
189,2,1266.52,124.91,350.89,927.15,-1,-1,-1,-1
189,1,545.19,202.84,252.35,692.53,-1,-1,-1,-1
189,4,39.75,228.54,160.13,621.29,-1,-1,-1,-1
190,2,1272.97,126.34,341.43,901.92,-1,-1,-1,-1
190,1,522.89,203.15,259.42,705.45,-1,-1,-1,-1
190,4,44.08,227.02,167.67,627.54,-1,-1,-1,-1
191,2,1281.38,132.62,327.59,865.14,-1,-1,-1,-1
191,1,508.93,205.54,264.66,717.28,-1,-1,-1,-1
191,4,49.94,227.55,175.46,633.33,-1,-1,-1,-1
192,2,1287.48,133.78,321.27,847.47,-1,-1,-1,-1
192,1,492.62,206.63,270.58,732.31,-1,-1,-1,-1
192,4,56.66,228.10,181.89,634.43,-1,-1,-1,-1
193,2,1292.93,134.19,314.84,834.62,-1,-1,-1,-1
193,1,478.06,201.98,271.78,736.45,-1,-1,-1,-1
193,4,63.65,225.18,188.32,636.90,-1,-1,-1,-1
194,2,1293.29,133.32,312.52,832.32,-1,-1,-1,-1
194,1,469.36,201.34,271.23,736.29,-1,-1,-1,-1
194,4,66.20,222.23,194.57,639.99,-1,-1,-1,-1
195,2,1293.47,136.35,308.88,826.03,-1,-1,-1,-1
195,1,452.95,197.16,275.47,748.04,-1,-1,-1,-1
195,4,73.07,222.87,200.44,642.34,-1,-1,-1,-1
196,2,1295.15,137.66,304.76,818.97,-1,-1,-1,-1
196,1,444.19,195.63,276.12,747.54,-1,-1,-1,-1
196,4,78.22,221.37,205.59,644.08,-1,-1,-1,-1
197,2,1292.24,141.52,299.07,809.59,-1,-1,-1,-1
197,1,429.00,187.35,283.55,763.22,-1,-1,-1,-1
197,4,80.05,220.86,213.09,654.74,-1,-1,-1,-1
198,2,1287.46,147.79,289.11,788.13,-1,-1,-1,-1
198,1,415.20,182.48,294.01,787.34,-1,-1,-1,-1
198,4,81.30,216.17,222.64,670.31,-1,-1,-1,-1
199,2,1281.14,152.23,279.86,767.23,-1,-1,-1,-1
199,1,403.52,183.74,301.82,804.69,-1,-1,-1,-1
199,4,80.15,212.94,232.80,690.29,-1,-1,-1,-1
200,2,1273.59,154.61,271.10,746.93,-1,-1,-1,-1
200,1,395.65,185.73,308.60,819.10,-1,-1,-1,-1
200,4,79.03,212.01,239.94,702.43,-1,-1,-1,-1
201,2,1269.17,158.48,265.54,735.27,-1,-1,-1,-1
201,1,394.37,187.09,312.21,825.60,-1,-1,-1,-1
201,4,77.36,214.89,246.50,713.53,-1,-1,-1,-1
202,2,1262.60,158.31,261.91,727.91,-1,-1,-1,-1
202,1,394.15,183.29,315.58,831.65,-1,-1,-1,-1
202,4,74.17,214.77,252.35,722.44,-1,-1,-1,-1
203,2,1253.60,157.87,258.66,720.80,-1,-1,-1,-1
203,1,395.48,181.19,316.72,830.19,-1,-1,-1,-1
203,4,67.68,204.93,258.30,730.78,-1,-1,-1,-1
204,2,1246.03,159.32,257.12,715.84,-1,-1,-1,-1
204,1,396.21,180.62,318.44,829.30,-1,-1,-1,-1
204,4,63.47,199.77,262.06,733.20,-1,-1,-1,-1
205,2,1237.01,163.72,253.48,708.55,-1,-1,-1,-1
205,1,400.45,179.92,323.17,838.98,-1,-1,-1,-1
205,4,61.66,196.58,265.14,734.65,-1,-1,-1,-1
206,2,1228.22,169.48,250.98,701.34,-1,-1,-1,-1
206,1,400.30,178.11,333.59,865.77,-1,-1,-1,-1
206,4,59.72,192.91,268.31,736.32,-1,-1,-1,-1
207,2,1214.01,173.82,248.49,693.79,-1,-1,-1,-1
207,1,403.86,170.03,339.38,880.84,-1,-1,-1,-1
207,4,59.95,190.97,270.96,737.12,-1,-1,-1,-1
208,2,1199.85,176.11,245.40,685.66,-1,-1,-1,-1
208,1,409.34,166.14,340.49,882.88,-1,-1,-1,-1
208,4,60.27,188.83,274.16,739.24,-1,-1,-1,-1
209,2,1184.42,173.44,242.02,678.80,-1,-1,-1,-1
209,1,414.17,161.89,342.21,882.23,-1,-1,-1,-1
209,4,64.80,188.62,280.18,747.30,-1,-1,-1,-1
210,2,1166.89,176.32,238.26,674.28,-1,-1,-1,-1
210,1,416.58,159.51,348.47,893.06,-1,-1,-1,-1
210,4,68.13,188.48,286.73,757.00,-1,-1,-1,-1
211,2,1147.56,174.65,236.39,673.27,-1,-1,-1,-1
211,1,419.81,157.14,353.62,900.49,-1,-1,-1,-1
211,4,71.07,187.31,291.62,763.46,-1,-1,-1,-1
212,2,1137.35,174.06,234.00,671.29,-1,-1,-1,-1
212,1,420.34,151.64,361.00,914.23,-1,-1,-1,-1
212,4,76.12,185.89,295.58,768.57,-1,-1,-1,-1
213,2,1126.27,180.26,231.04,668.54,-1,-1,-1,-1
213,1,423.42,146.27,367.84,927.29,-1,-1,-1,-1
213,4,82.74,184.77,299.02,773.04,-1,-1,-1,-1
214,2,1112.30,183.32,229.47,663.88,-1,-1,-1,-1
214,1,426.20,138.34,374.36,940.60,-1,-1,-1,-1
214,4,87.61,180.86,302.45,779.16,-1,-1,-1,-1
215,2,1097.45,184.61,229.88,661.74,-1,-1,-1,-1
215,1,436.26,137.38,376.02,943.26,-1,-1,-1,-1
215,4,93.77,175.99,305.23,784.70,-1,-1,-1,-1
216,2,1084.41,187.02,229.31,657.05,-1,-1,-1,-1
216,1,448.71,123.08,381.67,961.32,-1,-1,-1,-1
216,4,99.76,176.97,306.34,785.94,-1,-1,-1,-1
217,2,1071.82,189.26,226.32,650.68,-1,-1,-1,-1
217,1,466.03,122.81,382.91,969.05,-1,-1,-1,-1
217,4,104.08,178.30,307.46,789.51,-1,-1,-1,-1
218,2,1061.25,193.24,224.71,646.61,-1,-1,-1,-1
218,1,483.34,122.89,384.23,972.39,-1,-1,-1,-1
218,4,105.00,177.56,310.09,796.59,-1,-1,-1,-1
219,2,1044.12,188.50,221.43,641.11,-1,-1,-1,-1
219,1,509.93,132.39,386.66,976.03,-1,-1,-1,-1
219,4,106.76,175.49,314.40,807.94,-1,-1,-1,-1
220,2,1026.11,188.03,219.49,638.53,-1,-1,-1,-1
220,1,537.25,130.66,384.39,971.41,-1,-1,-1,-1
220,4,104.11,179.88,324.48,838.23,-1,-1,-1,-1
221,2,1005.63,192.30,216.72,630.29,-1,-1,-1,-1
221,1,560.02,126.85,386.74,978.85,-1,-1,-1,-1
221,4,104.70,181.67,329.05,855.32,-1,-1,-1,-1
222,2,987.43,193.84,216.72,628.48,-1,-1,-1,-1
222,1,591.94,125.07,385.25,983.13,-1,-1,-1,-1
222,4,107.36,181.78,336.13,877.59,-1,-1,-1,-1
223,2,968.74,194.55,216.56,626.09,-1,-1,-1,-1
223,1,626.45,122.06,376.87,963.74,-1,-1,-1,-1
223,4,109.02,178.20,341.26,894.53,-1,-1,-1,-1
224,2,955.32,196.12,216.94,624.36,-1,-1,-1,-1
224,1,670.64,124.97,373.24,960.99,-1,-1,-1,-1
224,4,112.92,173.55,344.57,903.92,-1,-1,-1,-1
225,2,945.51,200.20,216.64,620.42,-1,-1,-1,-1
225,1,697.72,121.68,373.71,967.71,-1,-1,-1,-1
225,4,115.58,169.18,346.65,909.38,-1,-1,-1,-1
226,2,933.17,200.94,216.74,620.42,-1,-1,-1,-1
226,1,723.82,119.64,368.81,961.74,-1,-1,-1,-1
226,4,117.20,163.09,350.11,917.44,-1,-1,-1,-1
227,2,908.89,213.85,212.90,606.09,-1,-1,-1,-1
227,1,748.83,111.47,370.97,974.90,-1,-1,-1,-1
227,4,118.56,156.15,351.82,920.37,-1,-1,-1,-1
228,1,780.02,116.41,370.93,976.42,-1,-1,-1,-1
228,4,125.87,149.52,355.68,927.93,-1,-1,-1,-1
229,1,806.44,117.11,370.71,980.93,-1,-1,-1,-1
229,4,131.57,147.08,358.20,932.72,-1,-1,-1,-1
230,1,827.24,128.60,368.83,979.30,-1,-1,-1,-1
230,4,136.70,144.99,359.39,933.93,-1,-1,-1,-1
231,1,848.50,125.21,372.17,987.54,-1,-1,-1,-1
231,4,143.96,140.45,362.04,937.81,-1,-1,-1,-1
232,1,890.04,102.38,373.81,1002.54,-1,-1,-1,-1
232,4,154.46,142.36,364.04,939.56,-1,-1,-1,-1
232,2,810.04,193.45,220.51,627.39,-1,-1,-1,-1
233,1,918.03,102.77,371.75,1005.90,-1,-1,-1,-1
233,4,160.79,144.07,364.95,937.22,-1,-1,-1,-1
233,2,789.60,198.68,219.68,624.36,-1,-1,-1,-1
234,1,955.24,106.43,367.95,996.99,-1,-1,-1,-1
234,4,173.45,135.46,368.55,946.08,-1,-1,-1,-1
234,2,775.78,202.47,221.44,624.52,-1,-1,-1,-1
235,1,994.85,102.50,369.90,1002.42,-1,-1,-1,-1
235,4,185.39,124.61,373.69,962.40,-1,-1,-1,-1
235,2,764.01,205.99,222.74,624.51,-1,-1,-1,-1
236,1,1023.94,101.74,370.87,1000.01,-1,-1,-1,-1
236,4,197.29,121.20,379.13,975.14,-1,-1,-1,-1
236,2,753.36,207.36,222.07,623.22,-1,-1,-1,-1
237,1,1052.43,106.59,369.95,992.73,-1,-1,-1,-1
237,4,214.00,114.94,384.67,985.37,-1,-1,-1,-1
237,2,736.57,204.96,221.39,624.08,-1,-1,-1,-1
238,1,1081.93,110.24,372.48,988.85,-1,-1,-1,-1
238,4,231.24,94.46,385.67,982.49,-1,-1,-1,-1
238,2,721.27,208.64,218.28,616.66,-1,-1,-1,-1
239,1,1103.06,116.03,376.55,990.73,-1,-1,-1,-1
239,4,249.66,100.63,392.08,991.81,-1,-1,-1,-1
239,2,704.34,203.37,220.50,623.05,-1,-1,-1,-1
240,1,1131.90,119.70,376.24,980.46,-1,-1,-1,-1
240,4,267.00,98.12,398.77,1002.03,-1,-1,-1,-1
240,2,684.25,199.04,225.51,635.79,-1,-1,-1,-1
241,1,1160.14,122.05,371.31,960.96,-1,-1,-1,-1
241,4,282.13,103.63,400.77,1003.29,-1,-1,-1,-1
241,2,665.91,198.62,230.48,650.17,-1,-1,-1,-1
242,1,1182.77,131.32,370.49,953.61,-1,-1,-1,-1
242,4,302.42,105.87,398.68,993.89,-1,-1,-1,-1
242,2,651.58,198.40,235.54,666.72,-1,-1,-1,-1
243,1,1196.17,127.94,374.32,960.09,-1,-1,-1,-1
243,4,315.36,105.46,400.07,994.94,-1,-1,-1,-1
243,2,642.62,200.12,238.64,678.07,-1,-1,-1,-1
244,1,1210.29,124.76,374.49,957.74,-1,-1,-1,-1
244,4,338.63,110.61,397.76,987.89,-1,-1,-1,-1
244,2,630.75,197.06,240.19,687.42,-1,-1,-1,-1
245,1,1225.12,128.27,371.03,945.04,-1,-1,-1,-1
245,4,366.45,97.63,400.03,993.23,-1,-1,-1,-1
245,2,616.84,192.10,239.25,690.51,-1,-1,-1,-1
246,1,1245.35,136.68,368.84,935.23,-1,-1,-1,-1
246,4,401.35,100.09,398.70,987.67,-1,-1,-1,-1
246,2,602.17,203.07,235.55,683.27,-1,-1,-1,-1
247,1,1260.23,141.96,368.65,933.01,-1,-1,-1,-1
247,4,431.28,84.57,405.47,1004.97,-1,-1,-1,-1
248,1,1274.72,140.85,369.99,934.75,-1,-1,-1,-1
248,4,461.04,72.40,406.00,1008.34,-1,-1,-1,-1
249,1,1286.74,142.10,373.86,942.42,-1,-1,-1,-1
249,4,491.51,62.90,412.16,1022.51,-1,-1,-1,-1
250,1,1300.19,142.90,374.18,942.26,-1,-1,-1,-1
250,4,517.89,63.30,414.57,1025.65,-1,-1,-1,-1
251,1,1309.91,139.88,374.13,942.61,-1,-1,-1,-1
251,4,554.30,67.78,413.56,1021.82,-1,-1,-1,-1
251,2,533.74,205.21,255.02,729.08,-1,-1,-1,-1
252,1,1317.20,139.90,372.84,939.59,-1,-1,-1,-1
252,4,571.87,66.43,413.53,1020.26,-1,-1,-1,-1
252,2,528.09,197.53,262.38,742.09,-1,-1,-1,-1
253,1,1321.18,140.21,370.13,934.42,-1,-1,-1,-1
253,4,614.16,63.43,411.69,1023.14,-1,-1,-1,-1
253,2,509.68,191.88,273.47,771.39,-1,-1,-1,-1
254,1,1322.88,140.07,366.63,927.41,-1,-1,-1,-1
254,4,660.94,56.16,411.95,1033.82,-1,-1,-1,-1
254,2,488.45,187.75,275.50,776.02,-1,-1,-1,-1
255,1,1328.40,143.76,350.79,887.47,-1,-1,-1,-1
255,4,709.47,41.67,412.01,1040.18,-1,-1,-1,-1
255,2,470.84,176.05,278.22,777.55,-1,-1,-1,-1
256,1,1321.74,150.42,349.91,890.85,-1,-1,-1,-1
256,4,746.33,37.46,409.04,1044.36,-1,-1,-1,-1
256,2,456.81,170.03,282.30,780.96,-1,-1,-1,-1
257,1,1319.53,154.39,339.67,867.64,-1,-1,-1,-1
257,4,789.11,33.94,408.58,1051.78,-1,-1,-1,-1
257,2,449.14,160.88,286.50,784.96,-1,-1,-1,-1
258,1,1311.43,153.50,334.05,857.86,-1,-1,-1,-1
258,4,839.94,27.55,407.32,1051.61,-1,-1,-1,-1
258,2,440.52,156.19,291.83,794.19,-1,-1,-1,-1
259,1,1306.42,161.13,322.24,831.60,-1,-1,-1,-1
259,4,877.71,21.35,409.25,1059.17,-1,-1,-1,-1
259,2,432.03,153.75,300.91,816.45,-1,-1,-1,-1
260,1,1300.32,163.40,313.44,812.01,-1,-1,-1,-1
260,4,920.58,23.98,408.39,1057.22,-1,-1,-1,-1
260,2,425.22,152.84,309.32,839.19,-1,-1,-1,-1
261,1,1288.74,165.79,308.29,801.67,-1,-1,-1,-1
261,4,952.35,28.68,405.72,1050.75,-1,-1,-1,-1
261,2,419.69,151.89,316.37,857.37,-1,-1,-1,-1
262,1,1279.09,169.12,302.82,789.64,-1,-1,-1,-1
262,4,991.94,34.74,402.08,1038.65,-1,-1,-1,-1
262,2,417.46,152.63,319.21,862.93,-1,-1,-1,-1
263,1,1271.11,170.59,301.53,793.20,-1,-1,-1,-1
263,4,1022.74,42.40,399.61,1034.62,-1,-1,-1,-1
263,2,416.22,150.35,322.56,870.86,-1,-1,-1,-1
264,1,1263.04,168.61,298.78,795.50,-1,-1,-1,-1
264,4,1079.24,66.58,392.78,1019.42,-1,-1,-1,-1
264,2,416.11,145.69,327.32,882.62,-1,-1,-1,-1
265,4,1133.36,69.97,398.11,1034.72,-1,-1,-1,-1
265,2,419.18,141.51,330.02,890.31,-1,-1,-1,-1
266,4,1165.55,49.88,398.84,1035.35,-1,-1,-1,-1
266,2,421.89,137.26,332.76,896.75,-1,-1,-1,-1
267,4,1199.22,39.79,401.50,1035.09,-1,-1,-1,-1
267,2,423.76,132.19,336.58,904.52,-1,-1,-1,-1
268,4,1235.32,45.17,404.98,1036.00,-1,-1,-1,-1
268,2,425.54,128.93,343.60,921.58,-1,-1,-1,-1
269,4,1265.73,36.04,409.77,1042.47,-1,-1,-1,-1
269,2,430.43,124.13,352.31,944.22,-1,-1,-1,-1
270,4,1292.50,37.16,412.37,1038.50,-1,-1,-1,-1
270,2,435.99,121.06,356.77,952.27,-1,-1,-1,-1
271,4,1317.82,39.90,417.80,1040.14,-1,-1,-1,-1
271,2,439.88,117.21,359.89,956.05,-1,-1,-1,-1
271,6,1211.75,182.47,236.76,687.29,-1,-1,-1,-1
272,4,1342.66,48.44,416.53,1029.58,-1,-1,-1,-1
272,2,444.06,113.90,362.63,961.03,-1,-1,-1,-1
272,1,1188.28,185.50,258.13,682.54,-1,-1,-1,-1
273,4,1362.82,60.82,416.02,1021.83,-1,-1,-1,-1
273,2,449.92,107.61,366.09,969.54,-1,-1,-1,-1
273,1,1174.98,195.63,254.80,666.70,-1,-1,-1,-1
274,4,1380.11,64.71,418.92,1025.31,-1,-1,-1,-1
274,2,460.00,113.31,365.01,969.45,-1,-1,-1,-1
274,1,1163.20,202.21,251.32,654.88,-1,-1,-1,-1
275,4,1396.72,65.84,419.22,1020.38,-1,-1,-1,-1
275,2,470.27,102.58,366.06,976.56,-1,-1,-1,-1
275,1,1148.77,207.05,248.35,645.05,-1,-1,-1,-1
276,4,1412.48,68.36,418.84,1016.82,-1,-1,-1,-1
276,2,484.43,93.49,369.37,986.71,-1,-1,-1,-1
276,1,1131.92,210.11,245.02,635.64,-1,-1,-1,-1
277,4,1427.32,68.00,417.18,1014.54,-1,-1,-1,-1
277,2,503.74,94.22,366.10,983.47,-1,-1,-1,-1
277,1,1109.42,212.00,243.31,634.89,-1,-1,-1,-1
278,4,1435.67,67.60,414.21,1007.89,-1,-1,-1,-1
278,2,514.87,96.03,364.41,981.89,-1,-1,-1,-1
278,1,1094.04,215.18,240.33,630.97,-1,-1,-1,-1
279,4,1444.41,77.71,409.89,999.03,-1,-1,-1,-1
279,2,528.86,96.96,365.46,989.28,-1,-1,-1,-1
279,1,1075.71,214.46,237.89,629.81,-1,-1,-1,-1
280,4,1450.83,83.63,409.25,1000.83,-1,-1,-1,-1
280,2,550.07,99.27,364.12,993.20,-1,-1,-1,-1
280,1,1060.53,210.77,233.85,625.76,-1,-1,-1,-1
281,4,1461.25,86.58,404.93,993.47,-1,-1,-1,-1
281,2,573.39,101.67,363.58,994.81,-1,-1,-1,-1
281,1,1044.42,214.72,231.34,620.53,-1,-1,-1,-1
282,4,1468.81,90.44,402.45,990.63,-1,-1,-1,-1
282,2,600.47,94.81,362.57,1004.27,-1,-1,-1,-1
282,1,1031.16,219.45,229.44,615.71,-1,-1,-1,-1
283,4,1475.76,98.86,396.53,980.81,-1,-1,-1,-1
283,2,630.05,89.24,358.19,998.64,-1,-1,-1,-1
283,1,1016.66,221.15,227.09,608.97,-1,-1,-1,-1
284,4,1479.35,109.21,386.80,961.89,-1,-1,-1,-1
284,2,656.85,86.89,358.33,1008.21,-1,-1,-1,-1
284,1,1000.97,221.27,226.27,606.82,-1,-1,-1,-1
285,4,1484.68,112.16,373.94,931.79,-1,-1,-1,-1
285,2,687.72,82.23,352.65,1002.39,-1,-1,-1,-1
285,1,988.55,223.49,222.60,599.14,-1,-1,-1,-1
286,4,1482.06,112.14,370.30,928.33,-1,-1,-1,-1
286,2,716.41,84.35,353.66,1008.31,-1,-1,-1,-1
286,1,973.71,225.55,216.83,589.48,-1,-1,-1,-1
287,4,1481.70,115.10,361.98,913.88,-1,-1,-1,-1
287,2,747.35,82.27,348.81,997.42,-1,-1,-1,-1
287,1,950.90,220.11,213.77,588.13,-1,-1,-1,-1
288,4,1477.03,116.51,354.95,903.80,-1,-1,-1,-1
288,2,765.35,84.46,347.37,999.96,-1,-1,-1,-1
288,1,941.31,233.65,206.41,571.05,-1,-1,-1,-1
289,4,1472.01,119.37,349.82,897.71,-1,-1,-1,-1
289,2,791.35,94.56,334.85,967.20,-1,-1,-1,-1
289,1,936.39,235.60,203.09,569.51,-1,-1,-1,-1
290,4,1467.80,126.69,342.83,887.46,-1,-1,-1,-1
290,2,820.35,91.10,341.84,986.38,-1,-1,-1,-1
291,4,1461.16,136.27,334.21,873.35,-1,-1,-1,-1
291,2,858.44,100.89,340.46,982.84,-1,-1,-1,-1
292,4,1454.20,143.80,324.89,856.02,-1,-1,-1,-1
292,2,903.72,103.56,336.64,969.50,-1,-1,-1,-1
293,4,1447.87,151.50,313.21,831.58,-1,-1,-1,-1
293,2,935.26,94.10,342.00,989.17,-1,-1,-1,-1
293,1,852.73,229.78,206.70,579.89,-1,-1,-1,-1
294,4,1440.46,152.39,307.22,820.80,-1,-1,-1,-1
294,2,955.20,90.04,344.93,1000.07,-1,-1,-1,-1
294,1,840.47,227.36,209.06,587.61,-1,-1,-1,-1
295,4,1427.18,155.68,293.95,789.89,-1,-1,-1,-1
295,2,978.90,85.03,350.18,1012.31,-1,-1,-1,-1
295,1,823.07,222.65,214.27,601.57,-1,-1,-1,-1
296,4,1411.37,158.38,285.81,774.84,-1,-1,-1,-1
296,2,997.46,74.90,351.57,1009.86,-1,-1,-1,-1
296,1,805.87,214.61,218.77,617.21,-1,-1,-1,-1
297,4,1394.68,158.35,280.14,760.82,-1,-1,-1,-1
297,2,1017.77,72.62,358.44,1020.71,-1,-1,-1,-1
297,1,792.02,214.60,215.86,609.00,-1,-1,-1,-1
298,4,1373.10,156.14,278.84,758.36,-1,-1,-1,-1
298,2,1037.27,73.54,361.50,1018.71,-1,-1,-1,-1
298,1,767.42,219.49,218.11,611.00,-1,-1,-1,-1
299,4,1358.39,155.02,277.36,757.08,-1,-1,-1,-1
299,2,1061.46,82.12,361.47,1012.32,-1,-1,-1,-1
299,1,750.49,222.59,220.27,613.92,-1,-1,-1,-1
300,4,1350.34,155.26,275.22,757.26,-1,-1,-1,-1
300,2,1073.98,85.72,363.98,1012.69,-1,-1,-1,-1
300,1,740.23,224.14,222.06,616.67,-1,-1,-1,-1
301,4,1344.98,156.80,271.66,757.32,-1,-1,-1,-1
301,2,1088.25,87.19,366.81,1014.61,-1,-1,-1,-1
301,1,726.99,222.18,221.96,617.49,-1,-1,-1,-1
302,4,1294.72,145.56,278.29,775.27,-1,-1,-1,-1
302,2,1112.87,97.03,365.18,1004.72,-1,-1,-1,-1
302,1,710.19,223.18,223.47,622.64,-1,-1,-1,-1
303,4,1284.92,157.57,272.40,755.28,-1,-1,-1,-1
303,2,1133.50,104.25,355.73,970.95,-1,-1,-1,-1
303,1,693.81,224.69,223.79,621.74,-1,-1,-1,-1
304,2,1152.15,113.57,354.67,961.58,-1,-1,-1,-1
304,1,672.85,224.35,225.64,625.71,-1,-1,-1,-1
305,2,1170.70,123.26,353.89,953.01,-1,-1,-1,-1
305,1,655.74,221.73,227.23,628.89,-1,-1,-1,-1
306,2,1178.52,121.05,354.64,949.94,-1,-1,-1,-1
306,1,644.50,220.83,229.42,632.98,-1,-1,-1,-1
307,2,1181.28,106.73,363.39,968.71,-1,-1,-1,-1
307,1,629.59,217.53,236.89,652.06,-1,-1,-1,-1
308,2,1188.35,103.17,366.13,971.47,-1,-1,-1,-1
308,1,616.03,216.56,242.24,665.38,-1,-1,-1,-1
309,2,1195.60,106.45,366.59,970.21,-1,-1,-1,-1
309,1,604.74,213.54,249.49,682.45,-1,-1,-1,-1
310,2,1204.06,122.72,362.20,956.53,-1,-1,-1,-1
310,1,595.20,212.34,254.20,693.56,-1,-1,-1,-1
310,4,1176.79,189.60,229.62,637.80,-1,-1,-1,-1
311,2,1214.26,126.60,357.37,944.62,-1,-1,-1,-1
311,1,586.73,214.30,256.75,699.42,-1,-1,-1,-1
311,4,1164.08,192.34,222.59,617.76,-1,-1,-1,-1
312,2,1228.44,128.02,352.82,935.16,-1,-1,-1,-1
312,1,577.70,211.96,256.92,698.64,-1,-1,-1,-1
312,4,1147.31,199.23,223.08,617.01,-1,-1,-1,-1
313,2,1233.35,127.93,348.97,926.33,-1,-1,-1,-1
313,1,566.51,212.40,256.94,698.53,-1,-1,-1,-1
313,4,1129.20,205.30,219.33,605.29,-1,-1,-1,-1
314,2,1234.89,127.03,347.99,924.43,-1,-1,-1,-1
314,1,556.11,210.58,257.58,698.97,-1,-1,-1,-1
314,4,1108.87,207.25,220.99,609.47,-1,-1,-1,-1
315,2,1234.52,130.11,346.08,919.72,-1,-1,-1,-1
315,1,546.65,206.76,261.46,707.70,-1,-1,-1,-1
315,4,1093.49,207.58,222.70,614.23,-1,-1,-1,-1
316,2,1235.77,134.62,342.23,910.24,-1,-1,-1,-1
316,1,539.23,201.09,267.83,721.25,-1,-1,-1,-1
316,4,1081.79,204.32,222.82,615.69,-1,-1,-1,-1
317,2,1235.21,137.40,338.39,904.42,-1,-1,-1,-1
317,1,527.83,198.18,275.55,738.52,-1,-1,-1,-1
317,4,1062.44,203.95,219.14,609.52,-1,-1,-1,-1
318,2,1231.33,135.16,332.54,892.54,-1,-1,-1,-1
318,1,517.25,196.13,283.96,759.59,-1,-1,-1,-1
318,4,1042.04,202.34,218.70,613.95,-1,-1,-1,-1
319,2,1230.02,135.18,327.17,880.64,-1,-1,-1,-1
319,1,508.43,199.13,291.26,779.41,-1,-1,-1,-1
319,4,1021.97,198.62,217.66,615.26,-1,-1,-1,-1
320,2,1225.88,136.46,323.20,872.12,-1,-1,-1,-1
320,1,503.83,198.82,294.23,787.12,-1,-1,-1,-1
320,4,1001.47,197.81,216.98,615.51,-1,-1,-1,-1
321,2,1221.90,141.44,310.42,838.90,-1,-1,-1,-1
321,1,500.19,191.75,297.72,795.70,-1,-1,-1,-1
321,4,982.58,203.17,216.62,609.84,-1,-1,-1,-1
322,2,1213.70,141.88,306.19,827.40,-1,-1,-1,-1
322,1,497.83,188.24,299.94,798.88,-1,-1,-1,-1
322,4,967.00,201.70,217.53,610.23,-1,-1,-1,-1
323,2,1203.88,140.31,303.23,819.01,-1,-1,-1,-1
323,1,496.32,186.95,302.19,801.27,-1,-1,-1,-1
323,4,947.61,206.81,217.09,605.36,-1,-1,-1,-1
324,2,1198.80,143.31,297.08,801.51,-1,-1,-1,-1
324,1,496.62,183.34,305.51,806.02,-1,-1,-1,-1
324,4,928.71,213.40,217.87,603.46,-1,-1,-1,-1
325,2,1193.19,145.67,294.10,793.35,-1,-1,-1,-1
325,1,498.95,181.89,306.97,808.06,-1,-1,-1,-1
325,4,913.15,212.65,218.42,603.07,-1,-1,-1,-1
326,2,1188.01,147.58,293.31,789.62,-1,-1,-1,-1
326,1,501.98,178.43,312.45,822.10,-1,-1,-1,-1
326,4,895.40,214.63,216.50,595.83,-1,-1,-1,-1
327,2,1184.45,148.38,294.16,790.42,-1,-1,-1,-1
327,1,503.81,176.49,316.27,831.79,-1,-1,-1,-1
327,4,883.07,211.99,217.71,599.09,-1,-1,-1,-1
328,2,1177.31,147.16,295.58,797.26,-1,-1,-1,-1
328,1,509.21,177.75,319.38,838.30,-1,-1,-1,-1
328,4,863.23,217.13,215.18,594.26,-1,-1,-1,-1
329,2,1170.37,148.93,293.85,796.45,-1,-1,-1,-1
329,1,520.04,174.71,321.08,847.04,-1,-1,-1,-1
329,4,840.92,214.32,214.20,595.11,-1,-1,-1,-1
330,2,1164.81,152.68,291.31,793.12,-1,-1,-1,-1
330,1,529.08,174.64,325.24,857.15,-1,-1,-1,-1
330,4,818.77,208.36,217.02,605.30,-1,-1,-1,-1
331,2,1159.11,158.32,285.09,779.28,-1,-1,-1,-1
331,1,543.49,167.68,332.79,876.12,-1,-1,-1,-1
331,4,798.51,210.52,218.66,609.47,-1,-1,-1,-1
332,2,1154.92,165.06,275.66,754.48,-1,-1,-1,-1
332,1,551.72,159.07,336.44,888.37,-1,-1,-1,-1
332,4,779.68,216.53,218.22,605.61,-1,-1,-1,-1
333,2,1150.86,166.84,271.17,743.38,-1,-1,-1,-1
333,1,562.85,159.79,338.77,901.11,-1,-1,-1,-1
333,4,766.89,214.08,218.96,606.18,-1,-1,-1,-1
334,2,1144.15,170.17,266.86,732.59,-1,-1,-1,-1
334,1,583.84,164.67,336.49,901.24,-1,-1,-1,-1
334,4,757.08,217.50,216.91,595.73,-1,-1,-1,-1
335,2,1137.24,168.97,264.08,726.74,-1,-1,-1,-1
335,1,610.78,157.46,334.46,894.13,-1,-1,-1,-1
336,2,1129.31,165.81,262.39,724.33,-1,-1,-1,-1
336,1,628.16,154.04,338.86,909.17,-1,-1,-1,-1
337,2,1120.06,167.84,259.69,724.01,-1,-1,-1,-1
337,1,644.29,160.46,334.21,906.36,-1,-1,-1,-1
338,2,1112.63,168.83,257.90,724.35,-1,-1,-1,-1
338,1,656.92,166.49,330.95,903.40,-1,-1,-1,-1
339,2,1103.02,173.59,254.25,716.01,-1,-1,-1,-1
339,1,667.95,164.78,331.26,908.62,-1,-1,-1,-1
340,2,1094.39,178.49,252.56,711.14,-1,-1,-1,-1
340,1,690.41,145.25,336.74,929.51,-1,-1,-1,-1
340,4,626.71,212.46,224.41,632.43,-1,-1,-1,-1
341,2,1085.84,181.22,250.29,704.68,-1,-1,-1,-1
341,1,715.16,136.68,337.84,938.40,-1,-1,-1,-1
341,4,603.10,209.12,223.68,639.93,-1,-1,-1,-1
342,2,1080.19,183.59,247.40,696.41,-1,-1,-1,-1
342,1,733.52,134.49,337.57,941.63,-1,-1,-1,-1
342,4,587.36,207.14,224.67,644.72,-1,-1,-1,-1
343,2,1070.09,181.31,244.08,687.65,-1,-1,-1,-1
343,1,755.74,127.82,340.32,953.17,-1,-1,-1,-1
343,4,569.84,207.15,227.57,647.94,-1,-1,-1,-1
344,2,1059.87,180.13,242.36,686.13,-1,-1,-1,-1
344,1,772.82,131.82,341.41,959.62,-1,-1,-1,-1
344,4,550.74,209.81,232.71,653.31,-1,-1,-1,-1
345,2,1047.39,184.00,239.11,682.23,-1,-1,-1,-1
345,1,795.79,136.82,336.79,948.96,-1,-1,-1,-1
345,4,530.92,205.76,240.74,666.92,-1,-1,-1,-1
346,2,1036.52,184.68,236.11,675.51,-1,-1,-1,-1
346,1,815.09,135.79,336.26,945.67,-1,-1,-1,-1
346,4,516.30,201.97,248.55,681.47,-1,-1,-1,-1
347,2,1015.20,184.49,235.26,681.00,-1,-1,-1,-1
347,1,848.36,131.82,329.02,926.34,-1,-1,-1,-1
347,4,501.23,203.11,253.52,691.26,-1,-1,-1,-1
348,2,1009.42,187.06,231.78,681.64,-1,-1,-1,-1
348,1,876.94,142.63,321.08,904.26,-1,-1,-1,-1
348,4,481.41,198.91,259.32,705.64,-1,-1,-1,-1
349,1,898.18,141.65,324.31,917.36,-1,-1,-1,-1
349,4,461.02,194.28,262.60,715.47,-1,-1,-1,-1
350,1,914.75,136.84,327.73,931.20,-1,-1,-1,-1
350,4,448.91,190.34,264.02,718.15,-1,-1,-1,-1
351,1,935.62,134.73,329.36,935.66,-1,-1,-1,-1
351,4,430.81,185.70,268.37,725.03,-1,-1,-1,-1
352,1,961.81,137.80,321.65,912.37,-1,-1,-1,-1
352,4,412.04,187.08,274.40,738.88,-1,-1,-1,-1
353,1,990.42,143.55,324.48,920.64,-1,-1,-1,-1
353,4,387.98,184.76,291.01,783.55,-1,-1,-1,-1
354,1,1021.48,141.56,325.32,923.01,-1,-1,-1,-1
354,4,372.26,181.57,300.00,808.11,-1,-1,-1,-1
354,2,918.99,188.73,220.84,653.54,-1,-1,-1,-1
355,1,1049.04,141.66,323.55,913.03,-1,-1,-1,-1
355,4,360.34,181.45,303.88,819.62,-1,-1,-1,-1
355,2,903.68,192.24,218.91,651.21,-1,-1,-1,-1
356,1,1066.38,141.21,323.50,906.25,-1,-1,-1,-1
356,4,353.70,179.90,306.33,827.95,-1,-1,-1,-1
356,2,895.37,192.66,219.03,654.91,-1,-1,-1,-1
357,1,1078.51,138.25,329.98,921.37,-1,-1,-1,-1
357,4,344.33,179.88,309.49,839.07,-1,-1,-1,-1
357,2,885.37,194.56,219.65,654.96,-1,-1,-1,-1
358,1,1097.68,142.49,334.59,930.79,-1,-1,-1,-1
358,4,337.86,180.83,311.47,847.15,-1,-1,-1,-1
358,2,870.16,191.86,223.68,660.44,-1,-1,-1,-1
359,1,1117.70,132.49,337.69,934.23,-1,-1,-1,-1
359,4,333.65,175.36,311.21,847.05,-1,-1,-1,-1
359,2,855.77,194.24,226.46,660.37,-1,-1,-1,-1
360,1,1138.98,139.00,338.66,930.59,-1,-1,-1,-1
360,4,327.09,169.58,312.42,850.83,-1,-1,-1,-1
360,2,842.70,193.37,229.15,662.79,-1,-1,-1,-1
361,1,1161.32,142.16,338.07,926.85,-1,-1,-1,-1
361,4,321.46,164.97,313.32,854.72,-1,-1,-1,-1
361,2,831.65,194.98,231.05,665.95,-1,-1,-1,-1
362,1,1172.81,144.55,342.38,937.53,-1,-1,-1,-1
362,4,318.89,161.87,314.78,858.75,-1,-1,-1,-1
362,2,823.28,196.54,232.68,670.77,-1,-1,-1,-1
363,1,1185.21,144.83,343.02,938.05,-1,-1,-1,-1
363,4,311.40,158.45,323.63,882.21,-1,-1,-1,-1
363,2,809.61,195.40,231.83,669.58,-1,-1,-1,-1
364,1,1197.77,144.10,343.75,935.90,-1,-1,-1,-1
364,4,303.74,158.42,333.17,907.66,-1,-1,-1,-1
364,2,790.93,193.23,232.17,671.93,-1,-1,-1,-1
365,1,1203.03,137.51,347.37,940.70,-1,-1,-1,-1
365,4,301.46,155.63,338.81,919.25,-1,-1,-1,-1
365,2,773.27,192.01,233.55,675.74,-1,-1,-1,-1
366,1,1210.53,145.26,347.46,936.12,-1,-1,-1,-1
366,4,301.63,153.76,343.22,925.33,-1,-1,-1,-1
366,2,755.13,191.56,232.25,672.72,-1,-1,-1,-1
367,1,1214.16,150.58,346.24,929.11,-1,-1,-1,-1
367,4,301.35,152.29,348.48,934.06,-1,-1,-1,-1
367,2,745.31,191.62,232.34,674.14,-1,-1,-1,-1
368,1,1217.75,151.78,344.66,920.93,-1,-1,-1,-1
368,4,307.53,149.09,348.34,930.62,-1,-1,-1,-1
368,2,727.21,191.24,233.78,676.32,-1,-1,-1,-1
369,1,1225.16,153.96,338.88,902.57,-1,-1,-1,-1
369,4,313.42,144.73,350.37,933.58,-1,-1,-1,-1
369,2,707.43,192.43,235.51,677.69,-1,-1,-1,-1
370,1,1233.03,155.06,325.68,865.14,-1,-1,-1,-1
370,4,316.41,133.09,357.62,949.60,-1,-1,-1,-1
370,2,692.47,192.85,238.46,684.62,-1,-1,-1,-1
371,1,1236.09,154.64,319.43,847.59,-1,-1,-1,-1
371,4,323.74,127.20,360.24,955.36,-1,-1,-1,-1
371,2,683.14,193.15,239.91,688.42,-1,-1,-1,-1
372,1,1238.89,155.64,316.08,839.27,-1,-1,-1,-1
372,4,343.23,129.70,363.16,964.54,-1,-1,-1,-1
372,2,667.44,190.03,242.35,701.39,-1,-1,-1,-1
373,1,1240.76,158.91,312.71,832.99,-1,-1,-1,-1
373,4,354.40,124.65,360.78,958.31,-1,-1,-1,-1
373,2,660.41,189.63,240.50,703.98,-1,-1,-1,-1
374,1,1241.10,161.96,310.41,829.16,-1,-1,-1,-1
374,4,365.87,117.44,366.13,970.98,-1,-1,-1,-1
374,2,649.55,189.94,238.73,700.78,-1,-1,-1,-1
375,1,1242.00,165.29,308.13,826.34,-1,-1,-1,-1
375,4,384.57,118.48,368.66,977.76,-1,-1,-1,-1
375,2,630.05,190.87,240.00,699.86,-1,-1,-1,-1
376,1,1244.37,170.93,303.27,815.38,-1,-1,-1,-1
376,4,422.20,112.44,372.11,978.82,-1,-1,-1,-1
376,2,612.32,174.75,244.12,710.86,-1,-1,-1,-1
377,1,1244.61,171.67,300.19,808.83,-1,-1,-1,-1
377,4,443.54,109.43,381.07,994.49,-1,-1,-1,-1
378,1,1244.32,171.96,293.22,790.96,-1,-1,-1,-1
378,4,480.50,110.37,375.48,976.06,-1,-1,-1,-1
379,1,1241.80,174.83,287.19,775.03,-1,-1,-1,-1
379,4,504.46,106.31,381.02,995.01,-1,-1,-1,-1
380,1,1236.40,178.56,278.25,749.69,-1,-1,-1,-1
380,4,522.41,101.96,385.75,1013.70,-1,-1,-1,-1
381,1,1233.81,182.53,271.78,730.74,-1,-1,-1,-1
381,4,534.93,107.23,386.69,1021.06,-1,-1,-1,-1
382,1,1227.06,176.79,271.84,728.23,-1,-1,-1,-1
382,4,552.19,116.58,367.75,973.95,-1,-1,-1,-1
383,1,1219.68,176.82,270.51,723.67,-1,-1,-1,-1
383,4,558.99,131.99,346.80,917.69,-1,-1,-1,-1
384,1,1211.23,184.15,267.47,716.39,-1,-1,-1,-1
384,4,642.12,107.65,364.21,967.48,-1,-1,-1,-1
384,2,516.37,162.41,276.64,797.97,-1,-1,-1,-1
385,1,1203.18,189.11,262.64,705.42,-1,-1,-1,-1
385,4,697.90,100.93,372.18,993.11,-1,-1,-1,-1
385,2,504.54,157.64,282.33,810.86,-1,-1,-1,-1
386,1,1195.59,191.41,260.87,700.84,-1,-1,-1,-1
386,4,733.76,95.22,375.25,1000.66,-1,-1,-1,-1
386,2,501.27,159.44,284.14,811.72,-1,-1,-1,-1
387,1,1185.58,190.27,260.41,696.20,-1,-1,-1,-1
387,4,769.95,93.98,377.15,1002.59,-1,-1,-1,-1
387,2,492.86,154.85,292.78,832.00,-1,-1,-1,-1
388,1,1175.37,195.12,255.45,682.86,-1,-1,-1,-1
388,4,808.19,95.86,377.96,1008.77,-1,-1,-1,-1
388,2,483.44,153.92,299.47,848.25,-1,-1,-1,-1
389,1,1160.16,200.87,250.68,671.90,-1,-1,-1,-1
389,4,847.78,96.41,372.80,1002.62,-1,-1,-1,-1
389,2,476.29,152.89,305.05,858.76,-1,-1,-1,-1
390,1,1145.42,202.75,247.01,662.69,-1,-1,-1,-1
390,4,882.01,86.27,371.37,1005.29,-1,-1,-1,-1
390,2,470.41,154.11,308.16,858.32,-1,-1,-1,-1
391,1,1133.26,197.55,246.56,665.60,-1,-1,-1,-1
391,4,912.13,84.57,368.12,1002.51,-1,-1,-1,-1
391,2,461.51,151.11,313.73,864.85,-1,-1,-1,-1
392,1,1117.35,209.37,240.61,653.89,-1,-1,-1,-1
392,4,943.41,79.75,369.28,1012.23,-1,-1,-1,-1
392,2,455.26,147.47,323.00,884.22,-1,-1,-1,-1
393,4,985.35,83.16,366.86,1002.22,-1,-1,-1,-1
393,2,448.61,142.88,330.25,898.69,-1,-1,-1,-1
394,4,1020.79,81.25,370.15,1007.52,-1,-1,-1,-1
394,2,444.68,136.37,336.79,912.20,-1,-1,-1,-1
395,4,1053.51,91.42,370.00,996.67,-1,-1,-1,-1
395,2,445.98,134.24,339.28,913.52,-1,-1,-1,-1
396,4,1088.07,102.31,366.13,978.30,-1,-1,-1,-1
396,2,449.11,130.62,343.82,925.23,-1,-1,-1,-1
397,4,1127.27,113.07,361.64,965.22,-1,-1,-1,-1
397,2,452.87,131.87,345.60,932.27,-1,-1,-1,-1
397,9,1050.88,202.91,229.97,647.43,-1,-1,-1,-1
398,4,1146.93,107.37,365.95,974.07,-1,-1,-1,-1
398,2,457.06,128.25,347.93,940.31,-1,-1,-1,-1
398,9,1039.50,203.47,231.09,650.40,-1,-1,-1,-1
399,4,1165.34,99.29,369.73,984.12,-1,-1,-1,-1
399,2,465.84,131.55,347.83,945.32,-1,-1,-1,-1
399,1,1017.24,209.82,227.41,620.00,-1,-1,-1,-1
400,4,1187.39,96.50,374.03,995.16,-1,-1,-1,-1
400,2,478.55,134.43,346.10,945.41,-1,-1,-1,-1
400,1,1000.77,212.47,225.51,617.20,-1,-1,-1,-1
401,4,1209.96,103.67,369.42,983.41,-1,-1,-1,-1
401,2,491.71,129.65,345.28,947.25,-1,-1,-1,-1
401,1,984.07,214.63,225.21,618.19,-1,-1,-1,-1
402,4,1227.15,97.82,367.47,976.12,-1,-1,-1,-1
402,2,508.92,126.18,345.84,953.22,-1,-1,-1,-1
402,1,968.37,209.59,226.31,620.71,-1,-1,-1,-1
403,4,1236.70,99.80,368.93,977.41,-1,-1,-1,-1
403,2,518.47,118.07,349.94,970.21,-1,-1,-1,-1
403,1,959.31,207.26,227.09,622.02,-1,-1,-1,-1
404,4,1251.47,104.93,368.12,972.83,-1,-1,-1,-1
404,2,537.60,118.70,348.06,969.00,-1,-1,-1,-1
404,1,947.34,212.42,225.39,615.66,-1,-1,-1,-1
405,4,1265.00,112.41,363.68,961.86,-1,-1,-1,-1
405,2,556.52,115.19,347.12,964.16,-1,-1,-1,-1
405,1,931.90,219.38,225.57,614.32,-1,-1,-1,-1
406,4,1280.65,121.19,359.05,952.23,-1,-1,-1,-1
406,2,579.44,111.12,347.29,964.37,-1,-1,-1,-1
406,1,918.08,218.35,225.52,618.65,-1,-1,-1,-1
407,4,1290.55,119.44,356.80,948.65,-1,-1,-1,-1
407,2,592.83,111.84,349.81,971.01,-1,-1,-1,-1
407,1,903.04,213.14,225.28,623.32,-1,-1,-1,-1
408,4,1296.12,121.04,354.82,947.18,-1,-1,-1,-1
408,2,603.34,110.68,350.25,970.41,-1,-1,-1,-1
408,1,891.87,210.95,225.15,629.68,-1,-1,-1,-1
409,4,1308.93,131.07,347.26,928.99,-1,-1,-1,-1
409,2,624.84,109.18,349.46,976.72,-1,-1,-1,-1
409,1,873.53,213.03,219.56,625.95,-1,-1,-1,-1
410,4,1320.16,135.19,339.14,907.77,-1,-1,-1,-1
410,2,650.50,104.01,346.74,975.00,-1,-1,-1,-1
410,1,855.10,217.21,215.69,624.70,-1,-1,-1,-1
411,4,1327.09,136.96,332.48,892.06,-1,-1,-1,-1
411,2,688.05,101.50,341.60,970.43,-1,-1,-1,-1
411,1,847.23,224.38,213.23,629.89,-1,-1,-1,-1
412,4,1330.78,140.51,325.35,875.31,-1,-1,-1,-1
412,2,723.23,113.75,338.39,969.02,-1,-1,-1,-1
413,4,1330.56,142.31,320.25,864.78,-1,-1,-1,-1
413,2,748.81,110.75,333.90,956.40,-1,-1,-1,-1
414,4,1324.83,145.93,318.73,864.03,-1,-1,-1,-1
415,4,1319.70,149.13,316.85,864.65,-1,-1,-1,-1
415,1,761.85,226.40,211.03,617.02,-1,-1,-1,-1
415,2,810.09,109.79,336.01,967.68,-1,-1,-1,-1
416,4,1316.10,155.96,310.08,849.93,-1,-1,-1,-1
416,1,740.82,226.06,212.11,618.30,-1,-1,-1,-1
416,2,833.52,108.80,334.96,968.97,-1,-1,-1,-1
417,4,1311.63,160.60,299.08,821.36,-1,-1,-1,-1
417,1,724.96,222.92,214.35,625.46,-1,-1,-1,-1
417,2,856.91,106.18,336.97,973.37,-1,-1,-1,-1
418,4,1305.36,166.93,285.11,786.41,-1,-1,-1,-1
418,1,707.04,219.13,217.09,632.06,-1,-1,-1,-1
418,2,878.12,102.40,338.13,975.84,-1,-1,-1,-1
419,4,1295.31,167.04,277.91,767.59,-1,-1,-1,-1
419,1,689.11,217.36,218.83,634.83,-1,-1,-1,-1
419,2,886.49,104.64,341.83,985.57,-1,-1,-1,-1
420,4,1288.02,170.33,273.75,757.39,-1,-1,-1,-1
420,1,677.27,215.92,222.14,641.43,-1,-1,-1,-1
420,2,895.18,106.65,343.14,988.58,-1,-1,-1,-1
421,4,1277.17,170.77,269.37,746.84,-1,-1,-1,-1
421,1,663.29,214.86,228.23,657.63,-1,-1,-1,-1
421,2,910.50,113.08,340.04,973.81,-1,-1,-1,-1
422,4,1262.58,167.12,269.01,746.24,-1,-1,-1,-1
422,1,650.22,214.16,235.78,675.48,-1,-1,-1,-1
422,2,930.15,109.03,339.40,976.31,-1,-1,-1,-1
423,4,1251.22,170.17,264.54,735.12,-1,-1,-1,-1
423,1,635.63,212.56,240.88,685.88,-1,-1,-1,-1
423,2,946.50,113.65,334.89,959.58,-1,-1,-1,-1
424,4,1239.87,174.33,262.18,728.86,-1,-1,-1,-1
424,1,624.36,211.30,245.80,695.22,-1,-1,-1,-1
424,2,965.84,111.06,333.20,956.97,-1,-1,-1,-1
425,4,1221.66,178.84,260.57,724.69,-1,-1,-1,-1
425,1,611.66,211.49,247.42,697.66,-1,-1,-1,-1
425,2,984.35,106.11,337.27,967.15,-1,-1,-1,-1
426,4,1211.64,180.06,262.22,730.79,-1,-1,-1,-1
426,1,604.47,211.18,248.16,697.41,-1,-1,-1,-1
426,2,991.91,102.76,339.62,972.77,-1,-1,-1,-1
427,4,1195.75,177.17,266.16,746.66,-1,-1,-1,-1
427,1,594.00,208.89,250.91,703.73,-1,-1,-1,-1
427,2,1002.75,106.35,335.38,957.62,-1,-1,-1,-1
428,4,1173.41,176.30,259.78,733.11,-1,-1,-1,-1
428,1,586.23,206.45,253.58,709.99,-1,-1,-1,-1
428,2,1017.81,105.62,337.03,959.25,-1,-1,-1,-1
429,1,576.90,203.33,258.14,723.07,-1,-1,-1,-1
429,2,1040.33,111.82,337.02,954.01,-1,-1,-1,-1
430,1,563.91,202.43,263.93,738.55,-1,-1,-1,-1
430,2,1049.76,112.86,339.29,961.25,-1,-1,-1,-1
431,1,550.15,196.58,271.77,758.21,-1,-1,-1,-1
431,2,1063.83,121.43,336.13,951.87,-1,-1,-1,-1
432,1,537.79,195.70,280.80,782.84,-1,-1,-1,-1
432,2,1083.87,126.65,333.45,941.04,-1,-1,-1,-1
433,1,525.13,196.97,286.40,797.48,-1,-1,-1,-1
433,2,1101.21,133.53,329.91,932.48,-1,-1,-1,-1
434,1,518.11,195.31,288.73,801.99,-1,-1,-1,-1
434,2,1117.05,136.44,329.90,929.50,-1,-1,-1,-1
434,11,1065.25,199.46,204.68,643.94,-1,-1,-1,-1
435,1,512.29,190.70,291.14,807.58,-1,-1,-1,-1
435,2,1128.44,128.28,331.74,933.67,-1,-1,-1,-1
435,11,1056.32,200.91,199.18,624.98,-1,-1,-1,-1
436,1,508.03,184.56,293.67,810.32,-1,-1,-1,-1
436,2,1141.01,122.60,331.68,931.39,-1,-1,-1,-1
436,11,1042.73,208.03,194.16,606.10,-1,-1,-1,-1
437,1,506.06,181.60,296.20,811.10,-1,-1,-1,-1
437,2,1137.13,118.07,339.36,947.54,-1,-1,-1,-1
437,11,1027.53,209.22,196.77,609.60,-1,-1,-1,-1
438,1,504.91,177.50,300.83,819.01,-1,-1,-1,-1
438,2,1138.36,124.28,337.06,937.38,-1,-1,-1,-1
438,11,1006.79,210.06,201.87,621.48,-1,-1,-1,-1
439,1,505.42,173.73,308.74,833.46,-1,-1,-1,-1
439,2,1142.79,131.23,334.70,927.39,-1,-1,-1,-1
439,11,992.14,209.05,201.92,617.35,-1,-1,-1,-1
440,1,508.68,172.14,315.31,843.57,-1,-1,-1,-1
440,2,1148.40,130.60,331.85,917.68,-1,-1,-1,-1
440,11,967.42,202.86,200.29,609.11,-1,-1,-1,-1
441,1,509.58,171.78,321.99,853.18,-1,-1,-1,-1
441,2,1152.93,134.04,326.84,901.47,-1,-1,-1,-1
441,11,950.14,201.42,202.54,613.30,-1,-1,-1,-1
442,1,513.41,174.51,328.43,862.85,-1,-1,-1,-1
442,2,1158.38,137.60,317.29,873.92,-1,-1,-1,-1
442,11,930.05,201.43,202.36,610.06,-1,-1,-1,-1
443,1,523.31,174.12,333.68,872.78,-1,-1,-1,-1
443,2,1162.83,141.73,309.87,852.17,-1,-1,-1,-1
443,11,910.02,200.34,203.26,609.84,-1,-1,-1,-1
444,1,534.22,167.80,341.37,891.62,-1,-1,-1,-1
444,2,1163.78,142.81,306.53,840.62,-1,-1,-1,-1
444,11,891.31,206.14,205.01,609.27,-1,-1,-1,-1
445,1,550.62,163.62,343.93,901.38,-1,-1,-1,-1
445,2,1163.30,144.44,304.29,831.92,-1,-1,-1,-1
445,11,868.79,213.06,207.17,607.95,-1,-1,-1,-1
446,1,561.20,156.59,348.46,914.20,-1,-1,-1,-1
446,2,1163.08,145.57,302.98,825.80,-1,-1,-1,-1
446,11,857.03,212.82,207.59,601.36,-1,-1,-1,-1
447,1,577.58,151.01,350.31,918.33,-1,-1,-1,-1
447,2,1163.07,146.41,302.55,823.28,-1,-1,-1,-1
447,11,838.46,217.80,209.06,597.39,-1,-1,-1,-1
448,1,579.36,137.90,358.46,940.55,-1,-1,-1,-1
448,2,1161.75,145.91,302.27,823.32,-1,-1,-1,-1
448,11,813.44,219.81,211.35,598.97,-1,-1,-1,-1
449,1,589.17,135.94,357.07,937.48,-1,-1,-1,-1
449,2,1159.27,144.77,303.67,828.60,-1,-1,-1,-1
449,11,792.81,217.28,215.46,606.82,-1,-1,-1,-1
450,1,612.77,143.21,355.92,932.39,-1,-1,-1,-1
450,2,1157.76,145.26,302.89,828.72,-1,-1,-1,-1
450,11,774.35,212.47,214.88,607.95,-1,-1,-1,-1
451,1,628.69,142.15,356.98,933.37,-1,-1,-1,-1
451,2,1152.07,146.82,300.58,825.66,-1,-1,-1,-1
452,1,645.46,137.33,361.20,943.70,-1,-1,-1,-1
452,2,1149.32,154.27,293.38,808.81,-1,-1,-1,-1
453,1,658.15,138.89,359.60,939.70,-1,-1,-1,-1
453,2,1145.79,157.63,287.18,793.66,-1,-1,-1,-1
454,1,671.82,146.37,353.54,927.23,-1,-1,-1,-1
454,2,1140.09,156.39,282.59,783.10,-1,-1,-1,-1
455,1,697.65,136.92,356.20,939.09,-1,-1,-1,-1
455,2,1133.88,158.79,274.99,765.75,-1,-1,-1,-1
455,11,668.93,212.15,220.38,618.79,-1,-1,-1,-1
456,1,731.28,122.96,362.65,964.05,-1,-1,-1,-1
456,2,1130.37,158.36,269.45,752.94,-1,-1,-1,-1
456,11,643.87,206.65,225.91,635.84,-1,-1,-1,-1
457,1,751.81,120.91,362.66,969.16,-1,-1,-1,-1
457,2,1125.99,156.37,264.98,748.44,-1,-1,-1,-1
457,11,622.51,213.13,227.22,640.16,-1,-1,-1,-1
458,1,768.07,120.87,362.07,968.95,-1,-1,-1,-1
458,2,1122.06,160.75,259.53,738.15,-1,-1,-1,-1
458,11,610.24,215.95,228.81,642.25,-1,-1,-1,-1
459,1,792.83,119.43,360.47,967.23,-1,-1,-1,-1
459,11,593.76,214.43,234.32,652.90,-1,-1,-1,-1
460,1,814.07,126.31,362.68,973.52,-1,-1,-1,-1
460,11,578.12,212.83,239.18,664.72,-1,-1,-1,-1
460,2,1105.05,167.37,256.66,732.02,-1,-1,-1,-1
461,1,825.50,132.31,363.71,975.25,-1,-1,-1,-1
461,11,564.76,212.26,238.39,663.00,-1,-1,-1,-1
461,2,1096.86,166.15,257.45,732.61,-1,-1,-1,-1
462,1,846.69,133.83,364.57,978.11,-1,-1,-1,-1
462,11,546.63,210.48,238.42,663.42,-1,-1,-1,-1
462,2,1086.71,173.66,255.61,728.00,-1,-1,-1,-1
463,1,885.49,124.70,352.57,952.64,-1,-1,-1,-1
463,11,526.75,208.29,239.25,667.32,-1,-1,-1,-1
463,2,1075.60,170.81,252.34,726.90,-1,-1,-1,-1
464,1,932.85,132.80,343.37,931.14,-1,-1,-1,-1
464,11,506.38,205.74,241.34,671.22,-1,-1,-1,-1
465,1,961.31,134.69,349.40,953.20,-1,-1,-1,-1
465,11,481.31,196.99,249.51,690.31,-1,-1,-1,-1
466,1,983.60,132.55,351.19,958.67,-1,-1,-1,-1
466,11,465.01,199.01,254.68,702.02,-1,-1,-1,-1
467,11,447.19,195.52,261.50,718.42,-1,-1,-1,-1
468,11,425.61,196.90,276.33,759.78,-1,-1,-1,-1
468,1,1010.04,127.57,350.00,950.73,-1,-1,-1,-1
469,11,406.70,194.40,283.53,781.33,-1,-1,-1,-1
469,1,1032.19,137.66,341.14,923.06,-1,-1,-1,-1
470,11,395.04,193.31,287.52,792.80,-1,-1,-1,-1
470,1,1052.24,144.11,343.40,925.31,-1,-1,-1,-1
470,12,1011.58,178.39,209.19,653.27,-1,-1,-1,-1
471,11,383.96,187.43,290.96,801.03,-1,-1,-1,-1
471,1,1073.60,147.04,343.36,923.27,-1,-1,-1,-1
471,12,1009.97,166.51,235.49,733.52,-1,-1,-1,-1
472,11,370.37,179.25,294.85,810.38,-1,-1,-1,-1
472,1,1091.97,147.87,346.45,931.37,-1,-1,-1,-1
472,12,984.63,173.69,228.18,709.00,-1,-1,-1,-1
473,11,355.49,169.80,298.28,817.20,-1,-1,-1,-1
473,1,1114.30,137.41,348.60,936.53,-1,-1,-1,-1
473,12,962.96,183.23,223.41,694.00,-1,-1,-1,-1
474,11,345.06,165.67,302.53,825.11,-1,-1,-1,-1
474,1,1137.60,139.07,349.73,934.91,-1,-1,-1,-1
474,12,949.19,189.75,220.32,683.46,-1,-1,-1,-1
475,11,336.93,165.48,310.17,842.88,-1,-1,-1,-1
475,1,1159.09,139.00,352.75,942.49,-1,-1,-1,-1
475,12,932.60,189.73,215.39,665.40,-1,-1,-1,-1
476,11,331.86,165.18,314.37,851.62,-1,-1,-1,-1
476,1,1167.97,137.82,355.40,948.94,-1,-1,-1,-1
476,12,921.51,190.95,214.73,660.65,-1,-1,-1,-1
477,11,329.79,164.94,318.50,859.78,-1,-1,-1,-1
477,1,1180.68,138.64,352.57,939.28,-1,-1,-1,-1
477,12,908.85,190.09,215.67,661.02,-1,-1,-1,-1
478,11,329.45,167.44,324.09,874.30,-1,-1,-1,-1
478,1,1190.11,134.86,354.21,938.83,-1,-1,-1,-1
478,12,897.62,189.80,216.42,659.63,-1,-1,-1,-1
479,11,329.13,165.58,332.14,900.09,-1,-1,-1,-1
479,1,1194.46,140.07,351.93,930.37,-1,-1,-1,-1
479,12,880.37,192.18,219.81,663.79,-1,-1,-1,-1
480,11,338.40,161.67,333.86,907.74,-1,-1,-1,-1
480,1,1200.55,148.56,353.29,930.70,-1,-1,-1,-1
480,12,865.86,191.91,224.40,670.99,-1,-1,-1,-1
481,11,345.91,157.69,337.31,920.40,-1,-1,-1,-1
481,1,1209.51,156.07,351.32,925.52,-1,-1,-1,-1
481,12,857.64,193.59,226.43,672.19,-1,-1,-1,-1
482,11,352.39,149.17,339.26,925.79,-1,-1,-1,-1
482,1,1213.92,158.49,349.08,920.21,-1,-1,-1,-1
482,12,850.75,194.19,228.87,674.17,-1,-1,-1,-1
483,11,360.53,142.91,344.32,941.76,-1,-1,-1,-1
483,1,1220.85,158.78,342.24,902.54,-1,-1,-1,-1
483,12,841.65,193.33,230.49,674.50,-1,-1,-1,-1
484,11,371.25,139.47,345.92,949.32,-1,-1,-1,-1
484,1,1229.33,159.77,329.48,868.26,-1,-1,-1,-1
484,12,828.77,193.85,232.36,679.30,-1,-1,-1,-1
485,11,386.95,140.50,345.84,950.17,-1,-1,-1,-1
485,1,1233.30,159.54,322.95,851.18,-1,-1,-1,-1
485,12,812.72,192.13,232.46,678.47,-1,-1,-1,-1
486,11,398.95,139.07,346.11,949.64,-1,-1,-1,-1
486,1,1235.65,159.44,319.15,840.60,-1,-1,-1,-1
486,12,802.30,190.76,233.25,678.36,-1,-1,-1,-1
487,11,414.95,137.82,345.89,946.42,-1,-1,-1,-1
487,1,1236.77,160.98,315.42,830.87,-1,-1,-1,-1
487,12,788.35,183.74,237.02,691.41,-1,-1,-1,-1
488,11,435.35,147.89,347.14,946.25,-1,-1,-1,-1
488,1,1235.92,162.70,314.26,828.81,-1,-1,-1,-1
488,12,774.81,180.70,238.13,696.94,-1,-1,-1,-1
489,11,457.55,148.77,349.08,947.84,-1,-1,-1,-1
489,1,1234.95,167.68,312.89,826.51,-1,-1,-1,-1
489,12,762.63,182.71,237.88,697.84,-1,-1,-1,-1
490,11,486.45,141.08,348.60,948.98,-1,-1,-1,-1
490,1,1234.64,174.08,309.29,817.65,-1,-1,-1,-1
490,12,749.32,183.89,239.39,705.15,-1,-1,-1,-1
491,11,511.21,123.10,357.43,977.50,-1,-1,-1,-1
491,1,1230.97,178.65,303.82,804.34,-1,-1,-1,-1
491,12,739.44,181.59,236.84,701.75,-1,-1,-1,-1
492,11,538.86,112.28,359.73,986.09,-1,-1,-1,-1
492,1,1228.37,181.29,298.90,790.96,-1,-1,-1,-1
492,12,737.22,181.86,230.22,686.06,-1,-1,-1,-1
493,11,588.95,118.69,352.81,967.37,-1,-1,-1,-1
493,1,1220.62,181.55,293.18,776.79,-1,-1,-1,-1
494,11,620.36,106.52,354.54,980.26,-1,-1,-1,-1
494,1,1214.26,185.19,285.36,755.86,-1,-1,-1,-1
495,11,640.27,107.21,357.72,987.44,-1,-1,-1,-1
495,1,1208.60,187.05,282.38,746.88,-1,-1,-1,-1
496,11,659.44,105.65,362.01,994.77,-1,-1,-1,-1
496,1,1202.00,189.52,274.68,725.59,-1,-1,-1,-1
497,11,680.89,111.45,367.08,996.24,-1,-1,-1,-1
497,1,1191.10,189.21,271.00,716.61,-1,-1,-1,-1
498,11,715.32,106.50,370.89,1001.57,-1,-1,-1,-1
498,1,1182.03,190.32,265.82,703.26,-1,-1,-1,-1
499,11,770.11,111.45,366.38,984.66,-1,-1,-1,-1
499,1,1170.24,191.74,263.17,696.75,-1,-1,-1,-1
499,12,631.71,173.86,254.12,750.85,-1,-1,-1,-1
500,11,800.58,106.65,370.30,993.68,-1,-1,-1,-1
500,1,1162.66,199.12,259.47,688.20,-1,-1,-1,-1
500,12,623.29,171.06,259.87,760.86,-1,-1,-1,-1
501,11,830.96,109.88,371.85,1001.32,-1,-1,-1,-1
501,1,1151.55,206.08,255.70,679.87,-1,-1,-1,-1
501,12,616.19,170.54,267.42,779.58,-1,-1,-1,-1
502,11,867.94,106.62,369.43,1004.69,-1,-1,-1,-1
502,1,1142.15,209.00,252.73,672.61,-1,-1,-1,-1
502,12,606.76,169.73,274.91,801.50,-1,-1,-1,-1
503,11,906.93,99.96,363.56,999.42,-1,-1,-1,-1
503,1,1127.88,212.27,247.87,658.09,-1,-1,-1,-1
503,12,598.68,169.03,276.29,804.61,-1,-1,-1,-1
504,11,950.79,96.01,357.30,985.85,-1,-1,-1,-1
504,1,1113.93,216.43,236.40,628.51,-1,-1,-1,-1
504,12,593.74,167.73,275.89,801.76,-1,-1,-1,-1
505,11,984.33,98.61,360.73,999.84,-1,-1,-1,-1
505,12,592.46,167.86,274.70,798.98,-1,-1,-1,-1
506,11,1015.76,93.08,362.03,1004.09,-1,-1,-1,-1
506,12,587.46,163.70,278.00,805.72,-1,-1,-1,-1
507,11,1041.50,91.62,367.79,1012.60,-1,-1,-1,-1
507,12,584.25,164.95,279.31,806.35,-1,-1,-1,-1
508,11,1066.81,94.55,370.21,1006.61,-1,-1,-1,-1
508,12,579.25,160.42,283.67,815.04,-1,-1,-1,-1
509,11,1093.59,95.15,369.78,1001.66,-1,-1,-1,-1
509,12,576.68,158.16,285.16,815.81,-1,-1,-1,-1
509,14,1031.16,206.71,226.46,626.88,-1,-1,-1,-1
510,11,1119.37,94.72,372.50,1001.20,-1,-1,-1,-1
510,12,573.66,155.24,288.61,822.49,-1,-1,-1,-1
510,1,1013.44,220.29,231.19,613.63,-1,-1,-1,-1
511,11,1143.38,90.47,373.05,997.99,-1,-1,-1,-1
511,12,568.47,153.63,297.13,847.47,-1,-1,-1,-1
511,1,997.30,221.00,233.31,620.27,-1,-1,-1,-1
512,11,1171.45,96.42,372.67,988.65,-1,-1,-1,-1
512,12,564.23,150.79,305.45,871.19,-1,-1,-1,-1
512,1,983.71,225.86,232.22,618.31,-1,-1,-1,-1
513,11,1196.99,96.16,372.94,985.24,-1,-1,-1,-1
513,12,559.66,147.89,312.84,891.08,-1,-1,-1,-1
513,1,974.72,224.68,230.57,616.67,-1,-1,-1,-1
514,11,1215.71,100.05,370.84,976.09,-1,-1,-1,-1
514,12,556.16,147.98,316.67,900.37,-1,-1,-1,-1
514,1,965.07,216.37,227.81,610.73,-1,-1,-1,-1
515,11,1232.48,94.25,375.89,989.90,-1,-1,-1,-1
515,12,553.65,144.05,320.66,910.94,-1,-1,-1,-1
515,1,950.46,215.58,225.78,607.55,-1,-1,-1,-1
516,11,1251.14,94.34,374.84,986.06,-1,-1,-1,-1
516,12,553.51,141.07,323.53,918.66,-1,-1,-1,-1
516,1,938.38,218.05,222.94,603.63,-1,-1,-1,-1
517,11,1266.49,99.10,372.31,978.97,-1,-1,-1,-1
517,12,556.46,138.91,325.62,927.34,-1,-1,-1,-1
517,1,924.39,224.05,219.49,596.02,-1,-1,-1,-1
518,11,1279.93,98.67,371.14,978.02,-1,-1,-1,-1
518,12,559.82,134.13,328.38,936.72,-1,-1,-1,-1
518,1,912.68,225.49,218.16,592.96,-1,-1,-1,-1
519,11,1291.47,105.81,366.31,967.88,-1,-1,-1,-1
519,12,565.82,132.48,328.97,939.16,-1,-1,-1,-1
519,1,896.28,227.75,220.27,598.25,-1,-1,-1,-1
520,11,1297.96,113.28,362.14,960.96,-1,-1,-1,-1
520,12,572.70,127.72,330.09,944.80,-1,-1,-1,-1
520,1,885.43,229.44,221.70,600.87,-1,-1,-1,-1
521,11,1305.73,122.87,358.81,956.72,-1,-1,-1,-1
521,12,581.71,122.48,331.67,953.16,-1,-1,-1,-1
521,1,873.24,231.79,221.60,601.28,-1,-1,-1,-1
522,11,1316.03,124.09,355.85,953.38,-1,-1,-1,-1
522,12,593.26,119.56,332.35,960.20,-1,-1,-1,-1
522,1,858.90,227.53,223.29,613.11,-1,-1,-1,-1
523,11,1326.23,128.85,344.32,922.83,-1,-1,-1,-1
523,12,602.30,117.65,333.27,972.70,-1,-1,-1,-1
523,1,842.42,220.02,224.00,624.24,-1,-1,-1,-1
524,11,1331.33,130.11,338.56,909.39,-1,-1,-1,-1
524,12,618.18,110.06,333.25,983.38,-1,-1,-1,-1
524,1,823.61,225.51,221.17,626.51,-1,-1,-1,-1
525,11,1334.74,131.60,331.75,892.51,-1,-1,-1,-1
525,12,637.41,105.53,329.43,974.74,-1,-1,-1,-1
525,1,812.73,231.07,217.85,628.07,-1,-1,-1,-1
526,11,1335.46,133.73,325.38,877.11,-1,-1,-1,-1
526,12,659.59,108.43,327.80,971.63,-1,-1,-1,-1
526,1,809.94,243.66,211.89,619.91,-1,-1,-1,-1
527,11,1334.76,135.79,320.19,864.10,-1,-1,-1,-1
527,12,687.35,103.17,327.49,969.77,-1,-1,-1,-1
528,11,1330.79,138.78,317.37,859.40,-1,-1,-1,-1
528,12,701.78,103.13,320.83,948.90,-1,-1,-1,-1
529,11,1324.47,143.00,314.92,857.36,-1,-1,-1,-1
529,12,723.40,115.60,313.20,923.77,-1,-1,-1,-1
530,11,1317.97,151.55,309.54,846.59,-1,-1,-1,-1
530,12,749.41,110.19,321.06,950.91,-1,-1,-1,-1
530,1,708.82,236.20,211.09,619.88,-1,-1,-1,-1
531,11,1313.30,157.85,299.64,822.06,-1,-1,-1,-1
531,12,769.30,107.99,329.35,978.68,-1,-1,-1,-1
531,1,689.25,227.39,214.90,638.77,-1,-1,-1,-1
532,11,1309.71,166.51,293.25,807.11,-1,-1,-1,-1
532,12,782.11,108.63,332.42,991.13,-1,-1,-1,-1
532,1,682.08,224.40,213.90,640.02,-1,-1,-1,-1
533,11,1301.99,170.34,286.84,792.43,-1,-1,-1,-1
533,12,804.93,106.32,333.44,992.82,-1,-1,-1,-1
533,1,671.19,224.94,213.52,632.35,-1,-1,-1,-1
534,11,1295.79,171.06,274.26,760.40,-1,-1,-1,-1
534,12,830.08,103.00,332.09,989.34,-1,-1,-1,-1
534,1,656.00,222.42,216.09,632.38,-1,-1,-1,-1
535,11,1285.60,174.51,264.50,737.62,-1,-1,-1,-1
535,12,852.66,99.38,333.29,997.55,-1,-1,-1,-1
535,1,642.69,220.36,220.64,637.51,-1,-1,-1,-1
536,11,1274.49,174.53,258.67,725.88,-1,-1,-1,-1
536,12,878.27,94.75,327.99,983.56,-1,-1,-1,-1
536,1,627.19,216.52,229.25,655.37,-1,-1,-1,-1
537,11,1264.05,176.39,255.51,717.49,-1,-1,-1,-1
537,12,900.28,98.23,327.82,986.67,-1,-1,-1,-1
537,1,613.15,212.98,238.64,674.49,-1,-1,-1,-1
538,11,1252.16,173.36,254.07,712.86,-1,-1,-1,-1
538,12,927.00,93.93,330.24,998.31,-1,-1,-1,-1
538,1,600.76,210.65,245.21,685.39,-1,-1,-1,-1
539,11,1237.10,179.74,249.16,698.21,-1,-1,-1,-1
539,12,945.40,86.55,336.79,1015.99,-1,-1,-1,-1
539,1,588.10,212.25,250.55,694.53,-1,-1,-1,-1
540,11,1229.81,182.04,248.58,696.36,-1,-1,-1,-1
540,12,961.35,90.43,339.14,1019.25,-1,-1,-1,-1
540,1,579.32,214.68,253.31,699.50,-1,-1,-1,-1
541,11,1219.98,187.30,245.97,690.43,-1,-1,-1,-1
541,12,978.81,90.38,332.76,1001.67,-1,-1,-1,-1
541,1,568.72,209.90,254.96,701.51,-1,-1,-1,-1
542,11,1206.30,183.87,245.13,690.74,-1,-1,-1,-1
542,12,992.95,95.81,327.47,988.19,-1,-1,-1,-1
542,1,556.38,213.63,256.15,701.48,-1,-1,-1,-1
543,12,1034.09,101.86,321.46,958.06,-1,-1,-1,-1
543,1,545.67,206.42,259.55,708.42,-1,-1,-1,-1
544,12,1053.78,109.02,327.48,964.87,-1,-1,-1,-1
544,1,538.81,203.44,261.38,709.76,-1,-1,-1,-1
545,12,1065.75,109.13,333.23,977.54,-1,-1,-1,-1
545,1,526.51,204.51,266.41,719.75,-1,-1,-1,-1
546,12,1082.97,106.66,333.32,975.58,-1,-1,-1,-1
546,1,513.12,200.28,274.61,740.90,-1,-1,-1,-1
547,12,1100.98,111.63,327.70,956.37,-1,-1,-1,-1
547,1,501.98,198.41,280.42,756.52,-1,-1,-1,-1
548,12,1123.34,122.68,328.67,953.67,-1,-1,-1,-1
548,1,492.04,198.74,285.92,773.44,-1,-1,-1,-1
549,12,1141.91,120.42,331.39,960.42,-1,-1,-1,-1
549,1,482.51,193.66,289.08,781.52,-1,-1,-1,-1
549,15,1054.51,200.63,206.93,615.94,-1,-1,-1,-1
550,12,1154.46,115.73,336.16,969.23,-1,-1,-1,-1
550,1,472.11,191.26,293.40,794.46,-1,-1,-1,-1
550,15,1034.11,201.90,206.15,612.49,-1,-1,-1,-1
551,12,1163.05,110.11,337.17,962.63,-1,-1,-1,-1
551,1,464.95,188.59,294.70,796.53,-1,-1,-1,-1
551,11,1010.93,201.17,224.23,626.12,-1,-1,-1,-1
552,12,1167.57,111.37,339.14,961.04,-1,-1,-1,-1
552,1,460.13,185.25,300.68,808.68,-1,-1,-1,-1
552,11,990.28,206.24,225.46,622.48,-1,-1,-1,-1
553,12,1179.40,117.03,336.30,952.73,-1,-1,-1,-1
553,1,454.67,183.06,305.07,816.36,-1,-1,-1,-1
553,11,973.22,209.97,225.15,618.37,-1,-1,-1,-1
554,12,1197.58,119.92,332.29,936.35,-1,-1,-1,-1
554,1,449.89,180.69,310.08,826.04,-1,-1,-1,-1
554,11,953.48,207.37,222.46,612.89,-1,-1,-1,-1
555,12,1214.48,119.50,327.71,919.51,-1,-1,-1,-1
555,1,448.77,179.10,312.60,827.29,-1,-1,-1,-1
555,11,930.31,203.84,219.22,610.32,-1,-1,-1,-1
556,12,1225.70,120.85,324.68,909.40,-1,-1,-1,-1
556,1,449.85,178.23,318.38,836.91,-1,-1,-1,-1
556,11,905.93,199.90,216.88,608.62,-1,-1,-1,-1
557,12,1226.82,119.95,326.80,911.73,-1,-1,-1,-1
557,1,450.46,179.17,322.07,840.22,-1,-1,-1,-1
557,11,882.17,200.37,216.95,609.54,-1,-1,-1,-1
558,12,1229.74,114.55,328.10,909.11,-1,-1,-1,-1
558,1,451.62,177.57,329.11,854.58,-1,-1,-1,-1
558,11,860.67,202.53,217.53,608.69,-1,-1,-1,-1
559,12,1235.32,121.86,322.54,894.12,-1,-1,-1,-1
559,1,452.61,173.52,336.39,868.79,-1,-1,-1,-1
559,11,837.25,209.68,218.90,607.90,-1,-1,-1,-1
560,12,1242.11,137.82,315.49,872.62,-1,-1,-1,-1
560,1,456.68,169.50,340.85,878.08,-1,-1,-1,-1
560,11,817.62,213.12,222.12,612.31,-1,-1,-1,-1
561,12,1244.19,148.20,311.01,858.90,-1,-1,-1,-1
561,1,464.62,167.18,342.73,878.70,-1,-1,-1,-1
561,11,796.73,213.37,227.26,621.48,-1,-1,-1,-1
562,12,1241.43,144.89,308.63,852.16,-1,-1,-1,-1
562,1,471.52,166.14,345.39,883.00,-1,-1,-1,-1
562,11,785.10,211.67,229.08,623.03,-1,-1,-1,-1
563,12,1243.51,141.69,297.27,817.50,-1,-1,-1,-1
563,1,476.22,162.11,353.35,904.19,-1,-1,-1,-1
563,11,768.48,211.62,232.58,632.37,-1,-1,-1,-1
564,12,1239.07,141.26,292.00,799.98,-1,-1,-1,-1
564,1,483.03,158.66,358.52,919.05,-1,-1,-1,-1
564,11,751.70,209.90,234.89,642.58,-1,-1,-1,-1
565,12,1234.20,143.46,288.31,790.45,-1,-1,-1,-1
565,1,490.29,155.07,357.14,923.06,-1,-1,-1,-1
565,11,724.30,205.56,234.31,647.90,-1,-1,-1,-1
566,12,1229.00,143.36,287.24,786.88,-1,-1,-1,-1
566,1,497.08,148.80,352.85,914.04,-1,-1,-1,-1
566,11,706.23,203.54,233.07,648.42,-1,-1,-1,-1
567,12,1223.10,142.91,287.81,788.80,-1,-1,-1,-1
567,1,509.12,152.94,348.69,905.64,-1,-1,-1,-1
567,11,678.76,197.99,241.22,679.66,-1,-1,-1,-1
568,12,1214.69,144.05,286.42,785.37,-1,-1,-1,-1
568,1,524.27,156.20,342.85,891.71,-1,-1,-1,-1
568,11,667.42,208.70,234.98,665.08,-1,-1,-1,-1
569,12,1205.92,150.81,284.61,780.67,-1,-1,-1,-1
569,1,528.44,146.40,358.30,931.57,-1,-1,-1,-1
570,12,1197.11,157.26,283.26,776.90,-1,-1,-1,-1
570,1,531.64,133.32,365.92,956.08,-1,-1,-1,-1
571,12,1191.49,161.94,281.31,772.28,-1,-1,-1,-1
571,1,534.04,124.83,369.60,968.47,-1,-1,-1,-1
572,12,1183.63,164.19,276.17,758.32,-1,-1,-1,-1
572,1,550.36,112.40,368.22,963.04,-1,-1,-1,-1
573,12,1177.05,166.05,269.85,742.35,-1,-1,-1,-1
573,1,566.75,127.49,359.63,940.29,-1,-1,-1,-1
574,12,1165.24,163.09,263.56,725.63,-1,-1,-1,-1
574,1,587.51,137.82,351.03,919.72,-1,-1,-1,-1
574,11,545.00,211.85,247.35,699.77,-1,-1,-1,-1
575,12,1149.79,171.11,255.71,707.44,-1,-1,-1,-1
575,1,627.03,130.79,365.16,956.10,-1,-1,-1,-1
575,11,531.86,210.68,245.93,701.66,-1,-1,-1,-1
576,12,1137.25,175.22,250.83,696.70,-1,-1,-1,-1
576,1,650.78,123.41,371.24,977.18,-1,-1,-1,-1
576,11,514.81,201.71,250.68,714.44,-1,-1,-1,-1
577,12,1130.15,177.61,247.13,691.43,-1,-1,-1,-1
577,1,673.54,118.01,371.20,983.85,-1,-1,-1,-1
577,11,503.71,191.24,255.17,725.51,-1,-1,-1,-1
578,12,1119.13,177.58,244.32,685.04,-1,-1,-1,-1
578,1,693.53,112.27,375.94,998.38,-1,-1,-1,-1
578,11,492.40,185.87,260.35,735.58,-1,-1,-1,-1
579,12,1104.83,179.65,243.71,682.50,-1,-1,-1,-1
579,1,721.98,112.62,374.59,997.86,-1,-1,-1,-1
579,11,474.57,183.77,274.88,772.58,-1,-1,-1,-1
580,12,1093.86,180.80,244.18,681.88,-1,-1,-1,-1
580,1,753.78,109.55,367.21,988.06,-1,-1,-1,-1
580,11,459.82,179.37,284.91,799.35,-1,-1,-1,-1
581,12,1083.84,183.60,243.12,678.32,-1,-1,-1,-1
581,1,787.41,107.15,364.08,990.16,-1,-1,-1,-1
581,11,448.34,181.56,289.98,810.65,-1,-1,-1,-1
582,12,1076.80,183.70,241.88,676.39,-1,-1,-1,-1
582,1,810.27,105.59,359.23,985.11,-1,-1,-1,-1
582,11,441.02,182.95,294.79,822.17,-1,-1,-1,-1
583,12,1058.04,185.67,238.30,671.18,-1,-1,-1,-1
583,1,839.46,105.84,359.17,987.38,-1,-1,-1,-1
583,11,433.92,183.12,298.26,831.57,-1,-1,-1,-1
584,12,1045.32,194.14,225.32,638.25,-1,-1,-1,-1
584,1,871.59,99.73,358.12,992.59,-1,-1,-1,-1
584,11,427.58,180.22,301.06,836.79,-1,-1,-1,-1
585,1,898.66,108.80,357.14,993.69,-1,-1,-1,-1
585,11,419.09,173.37,305.43,846.39,-1,-1,-1,-1
586,1,930.61,113.71,354.18,986.82,-1,-1,-1,-1
586,11,411.49,166.88,309.62,854.45,-1,-1,-1,-1
587,1,957.55,115.92,352.45,980.77,-1,-1,-1,-1
587,11,406.03,159.37,314.96,865.16,-1,-1,-1,-1
588,1,969.73,118.75,351.60,975.39,-1,-1,-1,-1
588,11,406.01,155.35,317.22,867.39,-1,-1,-1,-1
589,1,998.40,118.32,340.85,946.16,-1,-1,-1,-1
589,11,404.20,152.77,323.38,882.07,-1,-1,-1,-1
590,1,1041.38,115.29,346.83,958.18,-1,-1,-1,-1
590,11,400.53,147.18,331.28,904.69,-1,-1,-1,-1
590,12,935.19,189.22,235.17,662.15,-1,-1,-1,-1
591,1,1076.05,108.12,351.50,968.72,-1,-1,-1,-1
591,11,402.73,146.65,338.95,923.49,-1,-1,-1,-1
591,12,916.52,190.91,237.34,666.35,-1,-1,-1,-1
592,1,1100.84,102.47,355.07,971.91,-1,-1,-1,-1
592,11,405.19,146.81,343.09,930.61,-1,-1,-1,-1
592,12,905.51,193.15,236.99,665.05,-1,-1,-1,-1
593,1,1119.81,103.65,362.96,985.65,-1,-1,-1,-1
593,11,411.91,145.32,345.49,931.50,-1,-1,-1,-1
593,12,888.17,188.92,235.42,664.14,-1,-1,-1,-1
594,1,1139.58,99.47,367.38,981.24,-1,-1,-1,-1
594,11,415.74,142.80,352.02,946.79,-1,-1,-1,-1
594,12,875.78,192.24,231.80,656.66,-1,-1,-1,-1
595,1,1157.37,101.73,370.90,975.30,-1,-1,-1,-1
595,11,426.70,143.44,351.29,941.32,-1,-1,-1,-1
595,12,857.54,189.11,232.81,663.09,-1,-1,-1,-1
596,1,1171.93,116.29,375.99,976.70,-1,-1,-1,-1
596,11,435.47,140.66,353.51,944.73,-1,-1,-1,-1
596,12,838.19,189.57,233.17,664.87,-1,-1,-1,-1
597,1,1190.37,122.41,378.69,975.29,-1,-1,-1,-1
597,11,445.87,136.36,355.19,948.04,-1,-1,-1,-1
597,12,815.10,189.04,238.76,677.19,-1,-1,-1,-1
598,1,1209.80,115.81,378.09,966.64,-1,-1,-1,-1
598,11,467.91,129.62,358.99,962.22,-1,-1,-1,-1
598,12,795.86,187.22,246.46,695.87,-1,-1,-1,-1
599,1,1225.74,123.08,376.22,958.03,-1,-1,-1,-1
599,11,484.70,121.16,360.07,968.45,-1,-1,-1,-1
599,12,785.87,187.66,248.96,701.55,-1,-1,-1,-1
600,1,1240.52,120.05,378.78,963.05,-1,-1,-1,-1
600,11,501.80,117.01,360.03,972.85,-1,-1,-1,-1
600,12,777.39,190.86,243.86,686.78,-1,-1,-1,-1
601,1,1255.30,124.65,374.57,953.65,-1,-1,-1,-1
601,11,515.43,114.73,360.13,977.06,-1,-1,-1,-1
601,12,766.12,183.46,244.18,691.61,-1,-1,-1,-1
602,1,1268.67,136.75,369.96,942.53,-1,-1,-1,-1
602,11,540.85,107.10,355.86,970.12,-1,-1,-1,-1
602,12,741.15,180.90,250.81,717.87,-1,-1,-1,-1
603,1,1277.30,144.11,365.02,932.89,-1,-1,-1,-1
603,11,572.74,113.17,361.68,983.51,-1,-1,-1,-1
604,1,1283.41,146.73,361.62,927.22,-1,-1,-1,-1
604,11,591.87,125.19,364.25,983.82,-1,-1,-1,-1
605,1,1288.83,148.06,358.99,923.73,-1,-1,-1,-1
605,11,615.88,121.64,364.44,985.78,-1,-1,-1,-1
606,1,1294.69,148.73,357.00,922.90,-1,-1,-1,-1
606,11,636.73,121.00,364.52,992.00,-1,-1,-1,-1
607,1,1303.77,147.14,352.15,915.07,-1,-1,-1,-1
607,11,661.62,127.94,348.68,950.82,-1,-1,-1,-1
608,1,1311.53,144.51,345.96,898.95,-1,-1,-1,-1
608,11,717.91,108.94,357.96,984.24,-1,-1,-1,-1
608,12,634.13,184.64,258.84,740.02,-1,-1,-1,-1
609,1,1314.69,143.26,338.29,878.50,-1,-1,-1,-1
609,11,757.99,99.44,362.99,998.34,-1,-1,-1,-1
609,12,618.99,185.65,262.45,747.87,-1,-1,-1,-1
610,1,1312.69,141.00,335.54,870.91,-1,-1,-1,-1
610,11,786.86,92.11,366.27,1010.50,-1,-1,-1,-1
610,12,606.88,181.76,265.80,755.75,-1,-1,-1,-1
611,1,1308.76,140.82,333.19,866.80,-1,-1,-1,-1
611,11,816.71,89.48,365.58,1012.79,-1,-1,-1,-1
611,12,591.53,177.99,267.74,758.31,-1,-1,-1,-1
612,1,1305.74,142.40,329.75,860.86,-1,-1,-1,-1
612,11,849.53,87.28,365.14,1009.47,-1,-1,-1,-1
612,12,575.81,168.35,271.72,764.59,-1,-1,-1,-1
613,1,1303.21,150.94,320.18,838.08,-1,-1,-1,-1
613,11,884.80,89.61,366.27,1012.54,-1,-1,-1,-1
613,12,562.80,162.22,274.43,768.54,-1,-1,-1,-1
614,1,1299.60,157.18,315.60,827.61,-1,-1,-1,-1
614,11,905.00,89.74,366.82,1012.24,-1,-1,-1,-1
614,12,551.88,159.40,279.29,779.60,-1,-1,-1,-1
615,1,1296.00,162.70,312.06,821.58,-1,-1,-1,-1
615,11,935.18,98.21,364.42,1003.52,-1,-1,-1,-1
615,12,543.30,158.09,283.48,789.49,-1,-1,-1,-1
616,1,1291.29,161.36,308.40,816.41,-1,-1,-1,-1
616,11,967.91,91.62,364.46,1002.88,-1,-1,-1,-1
616,12,528.22,153.26,292.18,812.10,-1,-1,-1,-1
617,1,1286.17,168.00,298.45,793.38,-1,-1,-1,-1
617,11,1002.57,96.59,364.69,1007.98,-1,-1,-1,-1
617,12,514.64,151.93,301.18,835.64,-1,-1,-1,-1
618,1,1275.08,166.29,296.11,791.30,-1,-1,-1,-1
618,11,1031.89,86.57,366.29,1018.63,-1,-1,-1,-1
618,12,508.42,151.76,306.20,844.41,-1,-1,-1,-1
619,1,1267.72,169.59,284.46,768.20,-1,-1,-1,-1
619,11,1074.60,84.78,360.75,1007.49,-1,-1,-1,-1
619,12,502.69,149.35,313.22,860.10,-1,-1,-1,-1
620,11,1141.51,111.36,338.67,942.69,-1,-1,-1,-1
620,12,498.99,144.98,319.45,875.02,-1,-1,-1,-1
621,11,1157.31,94.50,351.40,972.01,-1,-1,-1,-1
621,12,498.86,141.03,324.05,885.43,-1,-1,-1,-1
622,11,1171.14,88.03,362.80,1000.20,-1,-1,-1,-1
622,12,500.52,138.36,324.46,885.27,-1,-1,-1,-1
623,11,1200.28,90.08,365.27,994.85,-1,-1,-1,-1
623,12,502.71,132.71,325.26,886.23,-1,-1,-1,-1
624,11,1222.34,94.88,367.21,987.92,-1,-1,-1,-1
624,12,504.68,127.85,329.74,897.10,-1,-1,-1,-1
625,11,1248.44,99.60,368.91,988.14,-1,-1,-1,-1
625,12,504.74,128.63,336.06,918.65,-1,-1,-1,-1
626,12,509.12,127.46,339.40,928.51,-1,-1,-1,-1
626,17,1167.02,204.24,252.34,681.78,-1,-1,-1,-1
626,1,1261.64,108.83,360.99,962.32,-1,-1,-1,-1
627,12,513.84,126.86,344.42,943.67,-1,-1,-1,-1
627,17,1155.45,204.52,254.26,686.88,-1,-1,-1,-1
627,1,1276.39,99.73,371.64,990.13,-1,-1,-1,-1
628,12,520.33,125.41,347.63,955.22,-1,-1,-1,-1
628,17,1142.00,199.24,251.61,679.92,-1,-1,-1,-1
628,1,1295.45,92.17,373.07,995.83,-1,-1,-1,-1
629,12,542.91,127.04,344.81,951.51,-1,-1,-1,-1
629,17,1114.35,199.83,245.76,666.04,-1,-1,-1,-1
629,1,1318.48,90.25,369.70,991.89,-1,-1,-1,-1
630,12,560.83,115.76,342.98,955.44,-1,-1,-1,-1
630,17,1094.81,205.40,241.75,656.31,-1,-1,-1,-1
630,1,1336.12,90.78,366.20,985.73,-1,-1,-1,-1
631,12,576.58,111.78,344.91,966.34,-1,-1,-1,-1
631,17,1076.10,205.64,237.96,646.44,-1,-1,-1,-1
631,1,1349.86,99.29,364.06,977.48,-1,-1,-1,-1
632,12,597.94,103.13,345.22,973.00,-1,-1,-1,-1
632,17,1060.09,208.23,235.62,639.08,-1,-1,-1,-1
632,1,1361.15,106.59,359.64,964.09,-1,-1,-1,-1
633,12,612.88,98.16,346.79,980.48,-1,-1,-1,-1
633,17,1048.39,211.64,235.00,636.04,-1,-1,-1,-1
633,1,1366.29,111.34,358.65,962.04,-1,-1,-1,-1
634,12,636.23,90.25,348.96,983.75,-1,-1,-1,-1
634,17,1036.13,217.38,232.83,629.13,-1,-1,-1,-1
634,1,1376.46,121.66,353.64,950.52,-1,-1,-1,-1
635,12,656.95,92.92,350.39,984.78,-1,-1,-1,-1
635,17,1021.15,216.03,232.26,628.58,-1,-1,-1,-1
635,1,1384.11,129.92,343.64,924.86,-1,-1,-1,-1
636,12,678.57,98.80,348.51,980.87,-1,-1,-1,-1
636,17,1005.38,212.78,230.29,625.23,-1,-1,-1,-1
636,1,1389.33,133.94,335.90,905.48,-1,-1,-1,-1
637,12,696.73,96.62,346.88,986.67,-1,-1,-1,-1
637,17,985.66,211.36,228.39,630.15,-1,-1,-1,-1
637,1,1392.97,137.34,328.57,888.72,-1,-1,-1,-1
638,12,714.68,91.21,346.49,994.44,-1,-1,-1,-1
638,17,971.17,214.74,222.86,622.61,-1,-1,-1,-1
638,1,1394.07,138.64,323.56,877.14,-1,-1,-1,-1
639,12,745.70,84.14,345.03,1000.07,-1,-1,-1,-1
639,17,951.66,217.19,221.11,623.95,-1,-1,-1,-1
639,1,1395.27,139.61,317.31,862.18,-1,-1,-1,-1
640,12,781.59,90.00,335.30,974.85,-1,-1,-1,-1
640,17,933.89,214.13,220.03,619.56,-1,-1,-1,-1
640,1,1393.23,141.48,310.21,847.75,-1,-1,-1,-1
641,12,818.03,83.85,334.70,981.70,-1,-1,-1,-1
641,1,1386.70,141.99,304.58,839.67,-1,-1,-1,-1
642,12,848.08,85.16,331.83,978.49,-1,-1,-1,-1
642,1,1379.81,146.21,297.89,826.25,-1,-1,-1,-1
643,12,880.65,92.82,331.52,975.39,-1,-1,-1,-1
643,1,1367.20,153.86,290.90,810.35,-1,-1,-1,-1
643,17,860.68,202.80,217.85,611.90,-1,-1,-1,-1
644,12,903.39,91.91,333.59,983.52,-1,-1,-1,-1
644,1,1360.13,158.31,287.00,801.96,-1,-1,-1,-1
644,17,845.28,219.92,213.61,601.64,-1,-1,-1,-1
645,12,924.59,90.78,337.74,992.48,-1,-1,-1,-1
645,1,1349.85,159.75,280.05,781.83,-1,-1,-1,-1
645,17,830.82,219.41,216.92,612.22,-1,-1,-1,-1
646,12,944.08,88.15,342.75,1007.87,-1,-1,-1,-1
646,1,1343.29,169.09,271.52,758.90,-1,-1,-1,-1
646,17,811.67,210.93,219.47,627.31,-1,-1,-1,-1
647,12,968.90,78.23,345.41,1013.22,-1,-1,-1,-1
647,1,1329.51,170.99,266.14,745.53,-1,-1,-1,-1
647,17,796.30,207.73,217.82,624.19,-1,-1,-1,-1
648,12,993.33,82.99,341.74,1001.02,-1,-1,-1,-1
648,1,1313.74,169.13,262.42,734.54,-1,-1,-1,-1
648,17,777.62,204.06,223.81,644.10,-1,-1,-1,-1
649,12,1011.64,75.71,343.01,1008.05,-1,-1,-1,-1
649,1,1296.56,171.64,257.17,722.11,-1,-1,-1,-1
649,17,756.78,206.69,226.69,650.60,-1,-1,-1,-1
650,12,1032.19,84.19,341.18,1006.94,-1,-1,-1,-1
650,1,1285.14,173.61,253.73,713.47,-1,-1,-1,-1
650,17,744.76,210.87,229.37,653.16,-1,-1,-1,-1
651,12,1059.15,78.21,342.00,1010.95,-1,-1,-1,-1
651,1,1267.59,166.11,255.57,725.47,-1,-1,-1,-1
651,17,730.84,215.23,232.53,656.99,-1,-1,-1,-1
652,12,1094.22,83.40,336.74,990.16,-1,-1,-1,-1
652,1,1241.56,200.01,243.07,690.46,-1,-1,-1,-1
652,17,715.41,216.78,236.95,665.09,-1,-1,-1,-1
653,12,1118.04,90.53,342.78,996.38,-1,-1,-1,-1
653,17,697.62,216.04,241.33,674.79,-1,-1,-1,-1
654,12,1138.08,88.68,344.02,991.55,-1,-1,-1,-1
654,17,680.05,212.61,244.23,685.54,-1,-1,-1,-1
655,12,1153.14,89.39,341.05,974.84,-1,-1,-1,-1
655,17,661.21,206.14,247.74,701.27,-1,-1,-1,-1