29,0,5.05,243.12,247.53,582.39,-1,-1,-1,-1
30,0,5.68,247.30,239.69,571.48,-1,-1,-1,-1
31,0,4.87,239.94,237.01,581.83,-1,-1,-1,-1
32,0,6.07,241.12,239.79,589.01,-1,-1,-1,-1
33,0,11.52,237.59,232.51,595.95,-1,-1,-1,-1
34,0,13.41,238.90,229.97,595.92,-1,-1,-1,-1
35,0,11.91,250.07,243.18,581.49,-1,-1,-1,-1
36,0,5.41,253.05,288.77,578.05,-1,-1,-1,-1
37,0,13.09,256.80,314.61,569.78,-1,-1,-1,-1
38,0,22.42,260.66,323.41,562.82,-1,-1,-1,-1
39,0,32.12,256.42,325.17,572.02,-1,-1,-1,-1
40,0,44.27,245.08,315.74,590.28,-1,-1,-1,-1
41,0,58.98,242.71,311.53,595.64,-1,-1,-1,-1
42,0,73.63,238.99,307.83,602.78,-1,-1,-1,-1
43,0,86.11,238.54,307.56,605.31,-1,-1,-1,-1
44,0,105.39,237.84,299.81,605.94,-1,-1,-1,-1
45,0,118.80,239.10,317.68,604.42,-1,-1,-1,-1
46,0,140.19,242.56,320.17,600.40,-1,-1,-1,-1
47,0,164.26,243.80,308.88,600.28,-1,-1,-1,-1
48,0,198.56,247.51,281.36,600.91,-1,-1,-1,-1
49,0,231.24,241.76,256.70,607.71,-1,-1,-1,-1
50,0,256.60,242.06,243.18,604.93,-1,-1,-1,-1
51,0,276.63,243.86,233.16,600.93,-1,-1,-1,-1
52,0,302.84,238.59,233.58,606.85,-1,-1,-1,-1
53,0,321.71,241.29,249.07,605.12,-1,-1,-1,-1
54,0,343.04,250.86,268.13,590.36,-1,-1,-1,-1
55,0,362.94,250.42,269.95,591.11,-1,-1,-1,-1
56,0,383.58,248.27,263.07,588.44,-1,-1,-1,-1
57,0,389.79,247.51,271.37,591.13,-1,-1,-1,-1
58,0,411.93,244.56,264.41,592.10,-1,-1,-1,-1
59,0,442.26,248.30,248.98,585.80,-1,-1,-1,-1
60,0,460.50,238.89,241.64,595.90,-1,-1,-1,-1
61,0,483.37,230.75,223.63,599.39,-1,-1,-1,-1
62,0,503.52,228.50,210.68,605.13,-1,-1,-1,-1
63,0,523.44,224.31,196.51,615.30,-1,-1,-1,-1
64,0,539.21,233.36,221.76,597.79,-1,-1,-1,-1
65,0,552.18,239.21,251.31,581.67,-1,-1,-1,-1
66,0,572.17,239.61,257.19,587.28,-1,-1,-1,-1
67,0,590.75,247.39,254.83,576.62,-1,-1,-1,-1
68,0,607.32,251.05,244.93,570.01,-1,-1,-1,-1
69,0,632.42,236.19,223.42,587.20,-1,-1,-1,-1
70,0,649.45,227.94,208.77,594.88,-1,-1,-1,-1
71,0,653.14,217.64,214.97,611.01,-1,-1,-1,-1
72,0,659.88,219.06,223.19,619.13,-1,-1,-1,-1
73,0,664.38,221.05,237.57,617.68,-1,-1,-1,-1
74,0,673.87,219.71,257.88,626.66,-1,-1,-1,-1
75,0,687.94,221.74,263.04,635.90,-1,-1,-1,-1
76,0,708.31,218.26,254.25,649.72,-1,-1,-1,-1
77,0,731.09,225.78,242.20,644.47,-1,-1,-1,-1
78,0,756.84,224.22,233.88,649.13,-1,-1,-1,-1
79,0,776.01,215.24,230.60,655.82,-1,-1,-1,-1
80,0,793.75,214.34,242.07,657.47,-1,-1,-1,-1
81,0,821.68,205.98,258.47,676.66,-1,-1,-1,-1
82,0,840.28,211.33,291.50,670.97,-1,-1,-1,-1
83,0,866.30,213.26,290.40,676.22,-1,-1,-1,-1
84,0,881.85,212.91,293.48,688.45,-1,-1,-1,-1
85,0,900.47,215.83,279.90,689.97,-1,-1,-1,-1
86,0,920.57,212.11,261.27,701.73,-1,-1,-1,-1
87,0,948.56,205.70,235.53,710.85,-1,-1,-1,-1
88,0,985.44,204.88,205.99,709.04,-1,-1,-1,-1
89,0,1016.21,200.60,187.15,725.30,-1,-1,-1,-1
90,0,1041.20,184.51,194.69,761.63,-1,-1,-1,-1
91,0,1054.05,176.33,238.22,779.29,-1,-1,-1,-1
92,0,1062.17,177.96,260.81,771.21,-1,-1,-1,-1
93,0,1071.13,187.00,280.94,771.40,-1,-1,-1,-1
94,0,1085.42,180.63,281.72,783.88,-1,-1,-1,-1
95,0,1109.26,176.40,267.48,794.95,-1,-1,-1,-1
96,0,1149.91,172.91,233.27,799.23,-1,-1,-1,-1
97,0,1178.04,161.57,217.55,812.99,-1,-1,-1,-1
98,0,1206.63,164.15,218.10,806.92,-1,-1,-1,-1
99,0,1225.80,148.04,227.98,832.94,-1,-1,-1,-1
100,0,1240.64,155.85,269.68,821.92,-1,-1,-1,-1
101,0,1254.24,168.00,296.87,806.32,-1,-1,-1,-1
102,0,1278.63,186.17,296.09,784.45,-1,-1,-1,-1
103,0,1315.90,193.16,282.28,769.99,-1,-1,-1,-1
104,0,1342.78,193.71,277.42,753.68,-1,-1,-1,-1
105,0,1361.26,187.92,268.09,752.76,-1,-1,-1,-1
106,0,1371.66,175.08,270.63,783.76,-1,-1,-1,-1
107,0,1376.89,178.80,278.30,778.13,-1,-1,-1,-1
108,0,1374.40,178.81,279.18,778.30,-1,-1,-1,-1
109,0,1374.03,181.93,261.65,770.20,-1,-1,-1,-1
110,0,1368.71,182.38,258.78,770.58,-1,-1,-1,-1
111,0,1365.44,192.41,253.48,751.31,-1,-1,-1,-1
112,0,1365.62,196.91,246.15,735.92,-1,-1,-1,-1
113,0,1354.83,197.98,245.63,717.85,-1,-1,-1,-1
114,0,1337.11,196.64,248.72,698.40,-1,-1,-1,-1
115,0,1327.66,190.12,241.89,706.23,-1,-1,-1,-1
116,0,1319.14,187.92,239.35,709.70,-1,-1,-1,-1
117,0,1310.05,188.87,239.35,692.98,-1,-1,-1,-1
118,0,1290.74,198.09,254.01,666.53,-1,-1,-1,-1
119,0,1268.94,208.71,278.14,645.59,-1,-1,-1,-1
120,0,1256.65,210.16,281.54,638.63,-1,-1,-1,-1
121,0,1252.15,207.89,283.11,635.82,-1,-1,-1,-1
122,0,1244.11,194.62,268.76,655.68,-1,-1,-1,-1
123,0,1238.70,196.44,236.88,646.82,-1,-1,-1,-1
124,0,1227.30,198.14,202.36,640.55,-1,-1,-1,-1
125,0,1201.84,203.17,190.20,630.08,-1,-1,-1,-1
126,0,1156.51,187.45,217.25,653.82,-1,-1,-1,-1
127,0,1118.81,188.07,244.00,651.56,-1,-1,-1,-1
128,0,1077.44,200.23,278.91,638.26,-1,-1,-1,-1
129,0,1050.32,192.07,299.93,659.02,-1,-1,-1,-1
130,0,1031.07,202.08,300.76,643.89,-1,-1,-1,-1
131,0,1032.48,204.67,268.90,644.55,-1,-1,-1,-1
132,0,1035.85,208.73,224.64,641.08,-1,-1,-1,-1
133,0,1034.75,215.25,192.36,630.36,-1,-1,-1,-1
134,0,1017.21,201.39,176.78,657.65,-1,-1,-1,-1
135,0,1003.50,204.34,170.89,659.18,-1,-1,-1,-1
136,0,981.04,206.49,186.83,673.13,-1,-1,-1,-1
137,0,964.03,210.58,208.14,683.81,-1,-1,-1,-1
138,0,946.20,209.35,230.02,702.14,-1,-1,-1,-1
139,0,939.63,199.04,220.70,723.62,-1,-1,-1,-1
140,0,916.28,190.55,221.30,738.14,-1,-1,-1,-1
141,0,911.14,190.54,205.40,753.28,-1,-1,-1,-1
142,0,899.77,188.71,203.96,759.69,-1,-1,-1,-1
143,0,881.74,185.45,216.12,773.45,-1,-1,-1,-1
144,0,858.50,186.37,231.19,774.98,-1,-1,-1,-1
145,0,839.62,186.73,242.80,787.86,-1,-1,-1,-1
146,0,821.08,180.07,254.14,817.10,-1,-1,-1,-1
147,0,814.78,173.40,244.28,860.39,-1,-1,-1,-1
148,0,815.48,175.84,229.81,867.75,-1,-1,-1,-1
148,1,5.05,261.50,180.65,541.64,-1,-1,-1,-1
149,0,808.50,178.73,229.53,857.90,-1,-1,-1,-1
149,1,4.95,248.65,205.08,554.67,-1,-1,-1,-1
150,0,804.64,175.48,228.20,854.34,-1,-1,-1,-1
150,1,7.57,234.86,215.22,575.81,-1,-1,-1,-1
151,0,794.54,171.09,229.35,863.56,-1,-1,-1,-1
151,1,12.85,229.96,234.14,586.97,-1,-1,-1,-1
152,0,783.42,163.32,237.68,881.23,-1,-1,-1,-1
152,1,21.84,234.04,264.94,579.92,-1,-1,-1,-1
153,0,769.35,163.31,251.97,891.34,-1,-1,-1,-1
153,1,32.19,246.98,284.72,561.49,-1,-1,-1,-1
154,0,756.20,156.91,270.31,905.02,-1,-1,-1,-1
154,1,60.06,237.41,269.16,570.14,-1,-1,-1,-1
155,0,736.60,154.59,291.90,920.96,-1,-1,-1,-1
155,1,92.97,234.82,244.44,573.91,-1,-1,-1,-1
156,0,717.64,154.37,295.09,927.45,-1,-1,-1,-1
156,1,117.09,233.90,229.58,572.18,-1,-1,-1,-1
157,0,702.55,165.09,291.72,909.93,-1,-1,-1,-1
157,1,136.38,236.62,221.63,564.74,-1,-1,-1,-1
158,0,681.36,167.40,292.70,902.01,-1,-1,-1,-1
158,1,160.93,233.92,218.59,567.47,-1,-1,-1,-1
159,0,663.70,160.73,286.11,907.40,-1,-1,-1,-1
159,1,188.34,236.37,223.64,563.65,-1,-1,-1,-1
160,0,632.05,158.86,291.29,905.61,-1,-1,-1,-1
160,1,205.35,237.12,260.12,557.67,-1,-1,-1,-1
161,0,603.04,153.28,274.33,901.06,-1,-1,-1,-1
161,1,229.90,239.62,268.33,557.84,-1,-1,-1,-1
162,0,584.53,147.16,261.04,917.45,-1,-1,-1,-1
162,1,243.34,236.12,269.94,563.47,-1,-1,-1,-1
163,0,553.96,148.60,273.46,915.02,-1,-1,-1,-1
163,1,263.36,234.80,261.05,569.28,-1,-1,-1,-1
164,0,524.30,145.29,293.83,924.07,-1,-1,-1,-1
164,1,289.68,231.44,243.96,571.80,-1,-1,-1,-1
165,0,479.23,145.73,334.30,929.64,-1,-1,-1,-1
165,1,302.84,228.93,232.39,567.81,-1,-1,-1,-1
166,0,457.35,150.22,339.59,920.72,-1,-1,-1,-1
166,1,317.58,227.50,208.43,561.35,-1,-1,-1,-1
167,0,426.85,167.94,346.42,905.46,-1,-1,-1,-1
167,1,331.14,225.28,182.42,559.96,-1,-1,-1,-1
168,0,391.81,183.20,330.90,891.60,-1,-1,-1,-1
168,1,344.88,224.49,181.71,557.81,-1,-1,-1,-1
169,0,366.97,174.92,318.04,903.36,-1,-1,-1,-1
169,1,358.62,223.69,181.01,555.66,-1,-1,-1,-1
170,0,341.36,167.85,311.31,909.82,-1,-1,-1,-1
170,1,372.35,222.89,180.31,553.52,-1,-1,-1,-1
171,0,315.04,171.01,320.72,905.53,-1,-1,-1,-1
171,1,386.09,222.09,179.61,551.37,-1,-1,-1,-1
172,0,289.28,167.82,333.45,902.59,-1,-1,-1,-1
173,0,262.40,164.58,360.11,906.49,-1,-1,-1,-1
174,0,243.75,174.39,370.97,894.25,-1,-1,-1,-1
175,0,227.43,180.71,369.93,880.52,-1,-1,-1,-1
176,0,211.23,179.93,367.31,887.12,-1,-1,-1,-1
177,0,187.87,182.81,380.72,881.54,-1,-1,-1,-1
178,0,168.43,177.22,393.74,888.25,-1,-1,-1,-1
178,2,544.69,215.76,243.98,609.61,-1,-1,-1,-1
179,0,157.27,175.96,403.81,882.50,-1,-1,-1,-1
179,2,555.60,218.01,241.02,603.36,-1,-1,-1,-1
180,0,156.82,174.66,418.05,887.88,-1,-1,-1,-1
180,2,578.76,220.43,218.29,591.59,-1,-1,-1,-1
181,0,170.47,175.72,410.03,879.71,-1,-1,-1,-1
181,2,600.36,218.55,195.27,591.76,-1,-1,-1,-1
182,0,209.16,184.59,377.60,856.28,-1,-1,-1,-1
182,2,620.20,219.90,185.14,584.94,-1,-1,-1,-1
183,0,249.01,183.76,345.33,838.49,-1,-1,-1,-1
183,2,637.21,223.14,194.95,572.24,-1,-1,-1,-1
184,0,280.45,178.75,324.30,834.24,-1,-1,-1,-1
184,2,659.55,219.81,194.47,583.75,-1,-1,-1,-1
185,0,317.10,181.07,299.27,820.12,-1,-1,-1,-1
185,2,679.78,225.23,198.59,578.97,-1,-1,-1,-1
186,0,342.09,184.15,283.07,807.41,-1,-1,-1,-1
186,2,688.64,224.79,223.34,580.23,-1,-1,-1,-1
187,0,363.69,187.35,266.81,796.90,-1,-1,-1,-1
187,2,699.14,226.90,230.45,573.78,-1,-1,-1,-1
188,0,395.03,192.00,241.14,776.79,-1,-1,-1,-1
188,2,721.51,227.18,217.52,572.95,-1,-1,-1,-1
189,0,419.46,185.93,229.90,778.55,-1,-1,-1,-1
189,2,739.84,222.16,203.15,576.08,-1,-1,-1,-1
190,0,443.35,183.67,226.17,778.57,-1,-1,-1,-1
190,2,762.59,216.52,189.78,574.97,-1,-1,-1,-1
191,0,456.15,178.73,250.18,776.79,-1,-1,-1,-1
191,2,788.87,214.99,178.10,568.64,-1,-1,-1,-1
192,0,468.46,183.13,296.68,774.27,-1,-1,-1,-1
192,2,807.58,207.10,177.45,577.40,-1,-1,-1,-1
193,0,483.52,191.68,332.26,765.58,-1,-1,-1,-1
193,2,819.26,205.81,180.07,586.31,-1,-1,-1,-1
194,0,502.34,190.56,351.38,772.94,-1,-1,-1,-1
194,2,830.30,211.27,188.31,577.86,-1,-1,-1,-1
195,0,516.96,179.24,349.38,797.65,-1,-1,-1,-1
195,2,842.20,214.74,197.50,569.10,-1,-1,-1,-1
196,0,539.29,181.86,323.15,792.57,-1,-1,-1,-1
196,2,855.01,219.80,201.29,559.21,-1,-1,-1,-1
197,0,549.81,189.65,311.73,779.82,-1,-1,-1,-1
197,2,865.98,221.87,205.97,565.47,-1,-1,-1,-1
198,0,585.46,180.83,271.29,791.67,-1,-1,-1,-1
198,2,879.17,221.08,203.93,568.78,-1,-1,-1,-1
199,0,610.08,165.36,254.04,813.39,-1,-1,-1,-1
199,2,890.12,217.82,207.62,576.04,-1,-1,-1,-1
200,0,641.00,171.06,229.04,804.34,-1,-1,-1,-1
200,2,904.30,215.18,204.48,586.71,-1,-1,-1,-1
201,0,664.60,176.94,211.48,805.57,-1,-1,-1,-1
201,2,914.20,214.98,204.29,585.37,-1,-1,-1,-1
202,0,686.98,177.06,199.37,812.84,-1,-1,-1,-1
202,2,927.01,213.75,210.76,585.62,-1,-1,-1,-1
203,0,705.53,170.70,212.83,839.21,-1,-1,-1,-1
203,2,943.04,207.51,213.60,599.77,-1,-1,-1,-1
204,0,723.29,176.77,250.82,838.81,-1,-1,-1,-1
204,2,962.30,207.51,207.60,592.85,-1,-1,-1,-1
205,0,743.82,179.79,259.60,847.60,-1,-1,-1,-1
205,2,989.40,216.16,192.95,577.23,-1,-1,-1,-1
206,0,767.74,184.25,244.97,836.31,-1,-1,-1,-1
206,2,1021.00,216.01,171.92,577.99,-1,-1,-1,-1
207,0,803.43,172.98,226.70,860.72,-1,-1,-1,-1
207,2,1048.45,216.94,164.17,574.30,-1,-1,-1,-1
208,0,833.89,169.54,217.40,869.66,-1,-1,-1,-1
208,2,1069.97,212.57,163.66,579.29,-1,-1,-1,-1
209,0,854.51,175.79,217.41,863.86,-1,-1,-1,-1
209,2,1088.75,200.93,161.77,592.91,-1,-1,-1,-1
210,0,866.56,181.28,243.44,853.43,-1,-1,-1,-1
210,2,1091.91,195.68,203.73,591.60,-1,-1,-1,-1
211,0,878.63,173.43,280.50,867.50,-1,-1,-1,-1
211,2,1102.82,193.26,222.46,588.62,-1,-1,-1,-1
212,0,889.49,172.84,319.65,868.88,-1,-1,-1,-1
212,2,1121.86,191.83,219.70,595.10,-1,-1,-1,-1
213,0,895.69,173.23,338.63,868.49,-1,-1,-1,-1
213,2,1135.91,191.59,213.63,597.19,-1,-1,-1,-1
214,0,909.81,182.65,339.18,863.78,-1,-1,-1,-1
214,2,1151.45,196.20,209.84,592.42,-1,-1,-1,-1
215,0,928.60,212.84,322.71,824.10,-1,-1,-1,-1
215,2,1168.49,197.17,201.10,591.53,-1,-1,-1,-1
216,0,945.62,214.89,322.29,826.92,-1,-1,-1,-1
216,2,1179.37,196.19,204.97,596.20,-1,-1,-1,-1
217,0,948.24,213.28,356.02,817.69,-1,-1,-1,-1
217,2,1183.11,190.67,218.86,614.36,-1,-1,-1,-1
218,0,950.69,199.80,388.67,839.41,-1,-1,-1,-1
218,2,1200.89,192.19,212.77,620.39,-1,-1,-1,-1
219,0,954.66,193.49,415.69,838.09,-1,-1,-1,-1
219,2,1213.89,191.24,218.90,641.56,-1,-1,-1,-1
220,0,962.34,188.32,430.13,837.22,-1,-1,-1,-1
220,2,1230.87,197.27,215.67,641.46,-1,-1,-1,-1
221,0,975.88,194.41,419.53,823.79,-1,-1,-1,-1
221,2,1245.51,199.81,212.90,632.07,-1,-1,-1,-1
222,0,992.39,196.11,390.38,822.35,-1,-1,-1,-1
222,2,1263.69,194.31,211.43,638.16,-1,-1,-1,-1
223,0,1006.58,191.06,374.78,828.51,-1,-1,-1,-1
223,2,1273.69,196.70,218.51,632.25,-1,-1,-1,-1
224,0,1017.54,192.81,377.30,818.07,-1,-1,-1,-1
224,2,1275.66,183.44,234.16,657.22,-1,-1,-1,-1
225,0,1025.93,196.06,378.15,805.94,-1,-1,-1,-1
225,2,1276.95,177.82,249.44,664.91,-1,-1,-1,-1
226,0,1025.92,196.18,390.89,792.62,-1,-1,-1,-1
226,2,1279.22,167.54,268.61,687.86,-1,-1,-1,-1
227,0,1044.39,202.65,374.17,776.75,-1,-1,-1,-1
227,2,1285.47,169.87,283.49,697.46,-1,-1,-1,-1
228,0,1064.88,207.50,356.80,759.67,-1,-1,-1,-1
228,2,1297.07,165.82,275.02,715.28,-1,-1,-1,-1
229,0,1082.60,220.28,335.02,730.01,-1,-1,-1,-1
229,2,1315.31,160.42,264.09,739.79,-1,-1,-1,-1
230,0,1088.30,223.85,323.89,716.03,-1,-1,-1,-1
230,2,1324.05,164.06,263.90,740.31,-1,-1,-1,-1
231,0,1087.43,229.00,314.44,699.79,-1,-1,-1,-1
231,2,1332.56,165.08,264.31,731.38,-1,-1,-1,-1
232,0,1087.77,229.32,302.68,704.73,-1,-1,-1,-1
232,2,1343.03,167.74,262.64,724.82,-1,-1,-1,-1
233,0,1080.71,218.40,295.45,721.51,-1,-1,-1,-1
233,2,1353.46,166.02,257.74,725.68,-1,-1,-1,-1
234,0,1075.84,232.34,282.40,688.46,-1,-1,-1,-1
234,2,1362.37,159.92,248.78,735.09,-1,-1,-1,-1
235,0,1063.84,241.33,282.44,666.60,-1,-1,-1,-1
235,2,1369.16,150.19,237.01,753.74,-1,-1,-1,-1
236,0,1045.71,240.57,287.45,660.12,-1,-1,-1,-1
236,2,1370.16,151.00,231.90,758.26,-1,-1,-1,-1
237,0,1038.00,237.21,277.34,646.58,-1,-1,-1,-1
237,2,1369.68,147.29,222.47,771.18,-1,-1,-1,-1
238,0,1030.45,239.16,266.84,638.60,-1,-1,-1,-1
238,2,1368.63,148.62,211.64,787.06,-1,-1,-1,-1
239,0,1019.39,228.47,262.36,655.98,-1,-1,-1,-1
239,2,1358.80,150.92,213.44,798.25,-1,-1,-1,-1
240,0,1009.99,225.57,260.21,657.50,-1,-1,-1,-1
240,2,1337.29,150.52,231.48,802.74,-1,-1,-1,-1
241,0,1001.06,229.50,265.76,650.12,-1,-1,-1,-1
241,2,1324.17,154.87,238.99,787.36,-1,-1,-1,-1
242,0,997.95,226.00,266.17,658.31,-1,-1,-1,-1
242,2,1303.95,153.79,253.71,774.72,-1,-1,-1,-1
243,0,995.69,228.49,266.81,654.84,-1,-1,-1,-1
243,2,1287.06,150.94,260.56,782.51,-1,-1,-1,-1
244,0,1000.57,232.66,259.39,637.31,-1,-1,-1,-1
244,2,1266.97,150.01,257.42,783.38,-1,-1,-1,-1
245,0,1003.11,232.11,250.03,627.52,-1,-1,-1,-1
245,2,1250.07,143.83,251.35,800.81,-1,-1,-1,-1
246,0,1004.24,232.46,244.15,621.55,-1,-1,-1,-1
246,2,1228.40,142.79,261.79,804.37,-1,-1,-1,-1
247,0,1003.99,231.71,235.82,605.90,-1,-1,-1,-1
247,2,1195.11,150.07,294.02,799.65,-1,-1,-1,-1
248,0,1000.73,237.09,234.25,585.04,-1,-1,-1,-1
248,2,1172.43,153.03,309.25,797.58,-1,-1,-1,-1
249,0,991.87,233.33,227.04,582.44,-1,-1,-1,-1
249,2,1156.15,156.28,305.46,789.52,-1,-1,-1,-1
250,0,977.15,204.95,279.88,642.22,-1,-1,-1,-1
250,2,1127.14,152.27,295.00,796.88,-1,-1,-1,-1
251,0,970.35,220.91,250.90,604.54,-1,-1,-1,-1
251,2,1123.41,142.90,257.58,817.11,-1,-1,-1,-1
252,0,956.35,192.13,300.98,659.17,-1,-1,-1,-1
252,2,1097.52,154.72,252.74,792.24,-1,-1,-1,-1
253,0,948.56,179.04,310.38,679.72,-1,-1,-1,-1
253,2,1080.30,158.39,236.72,776.85,-1,-1,-1,-1
254,0,940.77,165.95,319.78,700.28,-1,-1,-1,-1
254,2,1031.71,152.77,272.68,785.26,-1,-1,-1,-1
255,0,932.98,152.87,329.18,720.83,-1,-1,-1,-1
255,2,1008.43,146.36,277.97,796.08,-1,-1,-1,-1
256,0,925.19,139.78,338.58,741.38,-1,-1,-1,-1
256,2,975.94,147.58,308.89,793.04,-1,-1,-1,-1
257,2,972.78,161.46,290.96,773.79,-1,-1,-1,-1
257,3,907.74,217.57,182.48,572.10,-1,-1,-1,-1
258,2,945.80,168.40,284.28,754.85,-1,-1,-1,-1
258,3,897.90,222.00,166.00,561.05,-1,-1,-1,-1
259,2,918.90,173.24,270.94,748.17,-1,-1,-1,-1
259,3,889.64,228.10,167.78,533.43,-1,-1,-1,-1
260,2,891.24,168.16,270.98,755.30,-1,-1,-1,-1
260,3,880.27,230.79,163.53,519.93,-1,-1,-1,-1
261,2,861.07,168.98,279.12,750.10,-1,-1,-1,-1
261,3,870.89,233.49,159.28,506.43,-1,-1,-1,-1
262,2,835.52,165.42,292.03,759.34,-1,-1,-1,-1
262,3,816.29,220.16,193.05,550.12,-1,-1,-1,-1
263,2,808.96,179.48,308.81,747.63,-1,-1,-1,-1
263,3,800.13,216.60,194.09,553.10,-1,-1,-1,-1
264,2,782.25,172.57,341.12,767.11,-1,-1,-1,-1
264,3,783.98,213.05,195.13,556.07,-1,-1,-1,-1
265,2,769.66,162.76,343.34,788.74,-1,-1,-1,-1
265,3,767.82,209.49,196.18,559.05,-1,-1,-1,-1
266,2,758.49,182.95,315.05,758.29,-1,-1,-1,-1
266,3,751.67,205.93,197.22,562.02,-1,-1,-1,-1
267,2,754.45,186.55,268.08,741.80,-1,-1,-1,-1
268,2,748.71,175.21,241.87,758.58,-1,-1,-1,-1
269,2,732.76,170.55,232.93,783.33,-1,-1,-1,-1
270,2,715.66,165.62,230.70,786.21,-1,-1,-1,-1
271,2,696.08,165.80,237.71,780.00,-1,-1,-1,-1
272,2,659.39,180.17,274.38,755.74,-1,-1,-1,-1
273,2,639.54,187.62,292.02,746.48,-1,-1,-1,-1
274,2,621.86,190.45,312.07,742.13,-1,-1,-1,-1
275,2,601.00,192.47,337.16,741.00,-1,-1,-1,-1
276,2,578.23,183.72,318.28,751.20,-1,-1,-1,-1
277,2,563.32,177.93,284.95,754.11,-1,-1,-1,-1
278,2,542.56,175.21,265.29,757.85,-1,-1,-1,-1
279,2,513.53,171.01,261.92,755.42,-1,-1,-1,-1
279,5,762.14,223.30,218.86,592.98,-1,-1,-1,-1
280,2,489.52,172.60,258.11,748.52,-1,-1,-1,-1
280,5,767.58,223.60,214.04,601.54,-1,-1,-1,-1
281,2,470.59,172.78,266.11,752.10,-1,-1,-1,-1
281,5,770.99,227.77,214.93,606.97,-1,-1,-1,-1
282,2,450.94,173.02,281.84,764.87,-1,-1,-1,-1
282,5,772.41,226.13,218.31,617.25,-1,-1,-1,-1
283,2,428.87,171.96,304.14,788.79,-1,-1,-1,-1
283,5,777.62,224.72,214.75,631.97,-1,-1,-1,-1
284,2,411.32,181.67,311.51,782.84,-1,-1,-1,-1
284,5,780.51,221.58,215.01,654.78,-1,-1,-1,-1
285,2,393.34,181.42,282.26,785.96,-1,-1,-1,-1
285,5,780.70,221.37,218.22,664.53,-1,-1,-1,-1
286,2,363.90,181.58,266.67,792.99,-1,-1,-1,-1
286,5,783.50,222.90,221.73,663.79,-1,-1,-1,-1
287,2,338.07,185.71,270.97,786.93,-1,-1,-1,-1
287,5,787.32,225.84,222.92,654.47,-1,-1,-1,-1
288,2,309.52,178.71,278.01,798.90,-1,-1,-1,-1
288,5,791.73,213.81,222.40,678.60,-1,-1,-1,-1
289,2,261.88,170.02,304.86,804.63,-1,-1,-1,-1
289,5,796.03,204.51,221.29,702.15,-1,-1,-1,-1
290,2,242.35,169.78,304.29,792.98,-1,-1,-1,-1
290,5,793.78,208.72,234.60,696.22,-1,-1,-1,-1
291,2,236.17,167.88,293.24,798.89,-1,-1,-1,-1
291,5,796.64,210.92,244.87,695.16,-1,-1,-1,-1
292,2,228.44,159.28,297.31,824.14,-1,-1,-1,-1
292,5,801.91,216.91,249.12,685.76,-1,-1,-1,-1
293,2,214.88,156.56,309.70,848.46,-1,-1,-1,-1
293,5,810.44,207.15,250.46,711.61,-1,-1,-1,-1
294,2,181.26,151.48,343.06,883.09,-1,-1,-1,-1
294,5,815.69,206.30,245.22,720.15,-1,-1,-1,-1
295,2,160.36,162.85,342.69,877.89,-1,-1,-1,-1
295,5,829.74,198.85,229.35,736.96,-1,-1,-1,-1
296,2,146.49,159.34,334.92,894.35,-1,-1,-1,-1
296,5,837.54,204.39,233.05,734.92,-1,-1,-1,-1
297,2,121.87,151.04,352.91,913.50,-1,-1,-1,-1
297,5,847.96,213.50,239.12,723.13,-1,-1,-1,-1
298,2,98.32,148.02,374.20,920.34,-1,-1,-1,-1
298,5,851.62,198.94,243.06,746.80,-1,-1,-1,-1
299,2,71.18,139.42,394.66,927.89,-1,-1,-1,-1
299,5,867.95,189.62,242.70,766.48,-1,-1,-1,-1
300,2,74.51,126.96,377.07,945.82,-1,-1,-1,-1
300,5,881.20,193.82,241.73,761.34,-1,-1,-1,-1
301,2,59.22,130.74,382.95,938.58,-1,-1,-1,-1
301,5,895.80,187.26,241.02,795.49,-1,-1,-1,-1
302,2,49.01,134.62,384.04,926.36,-1,-1,-1,-1
302,5,903.81,198.57,251.41,791.97,-1,-1,-1,-1
303,2,27.96,136.62,399.09,922.24,-1,-1,-1,-1
303,5,913.22,187.37,259.09,820.93,-1,-1,-1,-1
304,2,4.08,140.65,439.40,919.13,-1,-1,-1,-1
304,5,923.39,181.78,265.67,839.98,-1,-1,-1,-1
305,2,-2.66,129.20,440.93,942.38,-1,-1,-1,-1
305,5,942.66,166.73,262.78,879.56,-1,-1,-1,-1
306,2,1.93,127.05,449.72,942.37,-1,-1,-1,-1
306,5,956.24,161.42,273.81,897.37,-1,-1,-1,-1
307,2,0.20,124.17,512.91,942.79,-1,-1,-1,-1
307,5,967.97,166.14,290.09,892.94,-1,-1,-1,-1
308,2,14.93,118.73,519.66,947.47,-1,-1,-1,-1
308,5,978.58,159.33,305.31,901.98,-1,-1,-1,-1
309,2,17.80,109.79,506.39,953.32,-1,-1,-1,-1
309,5,991.36,151.09,334.28,913.16,-1,-1,-1,-1
310,2,19.84,99.89,486.44,965.20,-1,-1,-1,-1
310,5,1002.92,151.79,356.10,918.11,-1,-1,-1,-1
311,2,19.25,99.54,506.83,961.90,-1,-1,-1,-1
311,5,1017.41,143.11,367.41,933.60,-1,-1,-1,-1
312,2,25.11,93.33,491.70,972.52,-1,-1,-1,-1
312,5,1037.42,148.39,353.20,924.95,-1,-1,-1,-1
313,2,17.76,83.16,464.79,989.03,-1,-1,-1,-1
313,5,1043.05,147.17,349.91,931.58,-1,-1,-1,-1
314,2,11.71,78.28,435.05,994.49,-1,-1,-1,-1
314,5,1049.29,156.89,342.21,920.04,-1,-1,-1,-1
315,2,4.44,79.77,446.09,988.82,-1,-1,-1,-1
315,5,1046.70,156.16,346.54,915.94,-1,-1,-1,-1
316,2,0.91,71.15,478.46,1000.92,-1,-1,-1,-1
316,5,1071.77,148.52,324.70,925.94,-1,-1,-1,-1
317,2,5.54,54.14,504.05,1021.63,-1,-1,-1,-1
317,5,1067.10,129.85,335.05,951.62,-1,-1,-1,-1
318,2,3.65,63.69,530.95,1003.21,-1,-1,-1,-1
318,5,1061.45,135.13,346.73,935.78,-1,-1,-1,-1
319,2,5.60,61.79,530.78,1002.80,-1,-1,-1,-1
319,5,1079.40,139.67,332.80,932.30,-1,-1,-1,-1
320,2,7.55,59.90,530.61,1002.40,-1,-1,-1,-1
320,5,1096.95,145.59,302.74,919.99,-1,-1,-1,-1
321,2,9.50,58.00,530.44,1001.99,-1,-1,-1,-1
321,5,1107.33,155.62,272.28,894.76,-1,-1,-1,-1
322,2,32.30,72.71,531.02,985.69,-1,-1,-1,-1
322,5,1105.77,154.85,262.43,897.20,-1,-1,-1,-1
323,2,63.02,57.99,489.57,1001.52,-1,-1,-1,-1
323,5,1102.67,141.43,258.60,907.28,-1,-1,-1,-1
324,2,108.93,48.74,474.78,1014.97,-1,-1,-1,-1
324,5,1097.24,132.47,262.45,919.22,-1,-1,-1,-1
325,2,137.74,40.42,451.19,1022.71,-1,-1,-1,-1
325,5,1092.99,129.12,263.53,917.13,-1,-1,-1,-1
326,2,163.76,36.28,451.60,1028.84,-1,-1,-1,-1
326,5,1092.97,130.29,261.07,911.75,-1,-1,-1,-1
327,2,185.11,35.10,479.12,1022.40,-1,-1,-1,-1
327,5,1092.49,143.16,253.09,878.81,-1,-1,-1,-1
328,2,212.54,36.81,518.33,1003.95,-1,-1,-1,-1
328,5,1086.94,163.23,245.53,831.32,-1,-1,-1,-1
329,2,235.00,37.11,514.80,997.02,-1,-1,-1,-1
329,5,1081.46,165.64,239.26,830.36,-1,-1,-1,-1
330,2,257.46,37.41,511.26,990.10,-1,-1,-1,-1
330,5,1074.42,162.27,231.44,833.18,-1,-1,-1,-1
331,2,354.20,14.32,486.08,1050.34,-1,-1,-1,-1
331,5,1062.02,168.19,235.00,809.80,-1,-1,-1,-1
332,2,423.24,28.68,441.85,1033.67,-1,-1,-1,-1
332,5,1046.65,162.69,235.22,799.67,-1,-1,-1,-1
333,2,508.25,13.79,368.33,1057.27,-1,-1,-1,-1
333,5,1032.97,165.99,239.46,783.02,-1,-1,-1,-1
334,2,552.17,12.83,368.28,1058.51,-1,-1,-1,-1
334,5,1014.81,163.05,248.09,782.66,-1,-1,-1,-1
335,2,603.22,18.31,372.92,1050.87,-1,-1,-1,-1
335,5,998.45,168.08,248.41,775.47,-1,-1,-1,-1
335,9,401.41,234.79,203.83,564.73,-1,-1,-1,-1
336,2,659.66,49.08,377.24,1006.71,-1,-1,-1,-1
336,5,976.84,166.97,257.05,777.22,-1,-1,-1,-1
336,9,419.28,234.20,228.04,562.40,-1,-1,-1,-1
337,2,710.89,40.63,435.31,1002.61,-1,-1,-1,-1
337,5,939.49,159.19,284.62,783.28,-1,-1,-1,-1
337,9,431.99,243.41,239.46,551.13,-1,-1,-1,-1
338,2,740.11,26.47,464.71,1024.08,-1,-1,-1,-1
338,5,933.57,147.43,276.98,788.17,-1,-1,-1,-1
338,9,436.45,247.63,259.78,550.75,-1,-1,-1,-1
339,2,785.82,24.08,465.73,1026.25,-1,-1,-1,-1
339,5,914.05,127.72,270.46,780.86,-1,-1,-1,-1
339,9,448.41,250.43,268.04,549.62,-1,-1,-1,-1
340,2,821.36,2.85,418.71,1071.05,-1,-1,-1,-1
340,5,900.48,121.81,269.86,779.11,-1,-1,-1,-1
340,9,470.85,248.62,257.32,550.03,-1,-1,-1,-1
341,2,854.07,0.78,400.17,1078.76,-1,-1,-1,-1
341,5,886.92,115.91,269.25,777.36,-1,-1,-1,-1
341,9,496.99,243.65,236.82,552.68,-1,-1,-1,-1
342,2,885.29,11.15,390.29,1056.35,-1,-1,-1,-1
342,5,873.36,110.01,268.64,775.61,-1,-1,-1,-1
342,9,530.45,241.61,213.66,556.23,-1,-1,-1,-1
343,2,922.47,90.77,386.69,958.77,-1,-1,-1,-1
343,5,859.79,104.10,268.04,773.86,-1,-1,-1,-1
343,9,557.25,235.87,198.28,558.72,-1,-1,-1,-1
344,2,930.52,181.06,419.54,857.88,-1,-1,-1,-1
344,9,583.78,232.63,191.09,564.13,-1,-1,-1,-1
345,2,956.64,86.43,447.41,963.36,-1,-1,-1,-1
345,5,849.25,180.73,235.70,716.63,-1,-1,-1,-1
345,9,603.83,234.91,198.25,557.00,-1,-1,-1,-1
346,2,1010.97,53.88,453.86,1003.93,-1,-1,-1,-1
346,5,820.63,205.20,275.38,692.06,-1,-1,-1,-1
346,9,617.25,235.05,224.68,558.45,-1,-1,-1,-1
347,2,1065.77,27.83,462.07,989.55,-1,-1,-1,-1
347,5,813.34,223.06,285.83,682.36,-1,-1,-1,-1
347,9,629.37,232.71,242.72,563.36,-1,-1,-1,-1
348,2,1120.81,7.74,465.27,1037.31,-1,-1,-1,-1
348,5,805.70,223.32,297.27,687.82,-1,-1,-1,-1
348,9,639.51,230.24,251.75,570.65,-1,-1,-1,-1
349,2,1146.76,11.58,470.14,1044.26,-1,-1,-1,-1
349,5,781.35,213.75,317.89,702.34,-1,-1,-1,-1
349,9,651.18,234.10,244.95,563.67,-1,-1,-1,-1
350,2,1182.96,-1.73,466.02,1073.72,-1,-1,-1,-1
350,5,737.27,225.04,325.06,683.67,-1,-1,-1,-1
350,9,668.26,235.15,229.34,556.84,-1,-1,-1,-1
351,2,1206.21,5.10,466.04,1069.17,-1,-1,-1,-1
351,5,720.84,223.60,291.24,685.16,-1,-1,-1,-1
351,9,686.33,236.03,228.06,553.73,-1,-1,-1,-1
352,2,1243.90,16.48,446.37,1056.01,-1,-1,-1,-1
352,5,708.48,206.65,256.30,703.39,-1,-1,-1,-1
352,9,704.40,236.90,226.78,550.61,-1,-1,-1,-1
353,2,1271.51,17.26,449.43,1059.20,-1,-1,-1,-1
353,5,693.25,185.25,246.01,748.11,-1,-1,-1,-1
353,9,722.47,237.77,225.50,547.50,-1,-1,-1,-1
354,2,1302.49,27.75,463.36,1049.09,-1,-1,-1,-1
354,5,661.23,197.87,276.51,724.21,-1,-1,-1,-1
354,9,740.54,238.65,224.22,544.38,-1,-1,-1,-1
355,2,1339.40,30.01,462.00,1045.96,-1,-1,-1,-1
355,5,641.16,203.56,298.04,709.46,-1,-1,-1,-1
355,9,801.73,241.56,178.96,529.40,-1,-1,-1,-1
356,2,1376.31,32.26,460.64,1042.84,-1,-1,-1,-1
356,5,631.61,213.82,293.69,699.28,-1,-1,-1,-1
356,9,804.98,239.92,214.40,531.01,-1,-1,-1,-1
357,2,1413.22,34.52,459.28,1039.71,-1,-1,-1,-1
357,5,621.51,208.43,278.13,704.83,-1,-1,-1,-1
357,9,812.07,235.45,234.49,540.42,-1,-1,-1,-1
358,2,1450.12,36.77,457.92,1036.58,-1,-1,-1,-1
358,5,612.99,209.05,242.48,706.89,-1,-1,-1,-1
358,9,825.18,234.50,236.69,539.11,-1,-1,-1,-1
359,2,1397.69,49.62,523.37,1009.06,-1,-1,-1,-1
359,5,587.03,213.27,230.09,689.52,-1,-1,-1,-1
359,9,843.59,231.25,230.33,544.10,-1,-1,-1,-1
360,2,1420.24,56.24,507.33,1007.45,-1,-1,-1,-1
360,5,566.19,209.54,219.78,700.85,-1,-1,-1,-1
360,9,868.75,234.55,207.38,537.50,-1,-1,-1,-1
361,2,1432.90,59.44,498.49,1003.21,-1,-1,-1,-1
361,5,547.35,206.21,222.22,705.99,-1,-1,-1,-1
361,9,894.90,241.73,181.51,520.09,-1,-1,-1,-1
362,2,1438.89,60.83,495.34,1000.94,-1,-1,-1,-1
362,5,525.65,207.80,231.17,706.41,-1,-1,-1,-1
362,9,918.09,242.56,172.32,516.99,-1,-1,-1,-1
363,2,1444.46,57.32,489.51,1005.57,-1,-1,-1,-1
363,5,496.62,210.95,246.82,705.10,-1,-1,-1,-1
363,9,937.12,240.51,171.63,516.46,-1,-1,-1,-1
364,2,1437.27,66.57,494.75,979.96,-1,-1,-1,-1
364,5,463.88,209.68,269.29,709.18,-1,-1,-1,-1
364,9,952.34,231.05,178.87,536.39,-1,-1,-1,-1
365,2,1423.31,57.82,510.68,1000.97,-1,-1,-1,-1
365,5,444.62,211.74,287.15,708.60,-1,-1,-1,-1
365,9,967.38,226.45,186.66,544.31,-1,-1,-1,-1
366,2,1431.75,60.70,484.72,991.73,-1,-1,-1,-1
366,5,432.23,215.85,307.40,710.17,-1,-1,-1,-1
366,9,968.03,228.74,225.53,546.45,-1,-1,-1,-1
367,2,1430.79,68.45,472.13,979.58,-1,-1,-1,-1
367,5,423.08,207.05,298.65,729.77,-1,-1,-1,-1
367,9,967.27,229.66,252.90,547.52,-1,-1,-1,-1
368,2,1420.54,67.03,480.76,979.27,-1,-1,-1,-1
368,5,422.11,203.67,257.88,740.39,-1,-1,-1,-1
368,9,984.01,229.76,245.82,547.84,-1,-1,-1,-1
369,2,1426.73,69.81,454.39,983.93,-1,-1,-1,-1
369,5,417.07,195.28,237.52,773.36,-1,-1,-1,-1
369,9,1005.34,228.85,228.13,552.11,-1,-1,-1,-1
370,2,1454.40,85.79,408.38,953.75,-1,-1,-1,-1
370,5,397.78,187.43,237.10,798.30,-1,-1,-1,-1
370,9,1032.09,230.51,205.10,548.13,-1,-1,-1,-1
371,2,1491.78,98.29,345.47,949.18,-1,-1,-1,-1
371,5,386.22,189.88,231.54,803.65,-1,-1,-1,-1
371,9,1061.85,230.51,190.73,542.79,-1,-1,-1,-1
372,2,1506.11,110.85,309.05,915.67,-1,-1,-1,-1
372,5,369.44,193.03,247.90,805.49,-1,-1,-1,-1
372,9,1091.28,224.39,175.13,555.30,-1,-1,-1,-1
373,2,1507.90,113.51,295.63,890.93,-1,-1,-1,-1
373,5,360.93,215.37,245.39,770.96,-1,-1,-1,-1
373,9,1103.73,221.12,177.16,558.61,-1,-1,-1,-1
374,2,1491.36,107.72,304.57,901.07,-1,-1,-1,-1
374,5,349.91,221.84,250.96,782.02,-1,-1,-1,-1
374,9,1112.93,220.11,190.82,560.38,-1,-1,-1,-1
375,2,1492.14,111.26,301.83,892.98,-1,-1,-1,-1
375,5,336.72,252.49,258.42,756.54,-1,-1,-1,-1
375,9,1118.28,218.85,224.10,565.74,-1,-1,-1,-1
376,2,1456.66,100.22,318.52,909.95,-1,-1,-1,-1
376,5,323.82,227.76,268.98,791.12,-1,-1,-1,-1
376,9,1123.28,217.53,252.17,572.45,-1,-1,-1,-1
377,2,1428.30,99.14,332.63,913.56,-1,-1,-1,-1
377,5,315.58,209.84,276.47,821.72,-1,-1,-1,-1
377,9,1128.38,216.22,258.50,577.34,-1,-1,-1,-1
378,2,1416.94,109.75,327.30,888.00,-1,-1,-1,-1
378,5,313.10,201.80,280.94,841.60,-1,-1,-1,-1
378,9,1139.96,215.37,249.78,584.30,-1,-1,-1,-1
379,2,1400.97,109.27,333.78,900.36,-1,-1,-1,-1
379,5,313.58,191.52,275.18,867.34,-1,-1,-1,-1
379,9,1161.55,214.19,231.13,588.31,-1,-1,-1,-1
380,2,1381.84,131.91,351.48,868.84,-1,-1,-1,-1
380,5,317.39,188.46,273.77,878.76,-1,-1,-1,-1
380,9,1186.31,216.01,209.31,586.82,-1,-1,-1,-1
381,2,1379.66,144.56,331.06,847.42,-1,-1,-1,-1
381,5,320.52,186.63,276.38,890.27,-1,-1,-1,-1
381,9,1204.31,217.07,193.87,584.78,-1,-1,-1,-1
382,2,1375.32,146.95,290.36,832.40,-1,-1,-1,-1
382,5,326.50,214.67,284.30,847.75,-1,-1,-1,-1
382,9,1217.22,215.38,190.47,586.25,-1,-1,-1,-1
383,2,1343.67,136.53,276.30,835.21,-1,-1,-1,-1
383,5,333.28,210.98,291.30,857.63,-1,-1,-1,-1
383,9,1224.47,203.65,199.74,607.19,-1,-1,-1,-1
384,2,1329.00,139.35,273.64,827.23,-1,-1,-1,-1
384,5,340.93,197.01,298.21,880.57,-1,-1,-1,-1
384,9,1230.45,191.75,211.16,623.08,-1,-1,-1,-1
385,2,1314.32,142.18,270.99,819.24,-1,-1,-1,-1
385,5,354.83,196.11,296.89,882.55,-1,-1,-1,-1
385,9,1241.52,185.29,215.24,635.15,-1,-1,-1,-1
386,2,1252.61,122.25,291.71,857.61,-1,-1,-1,-1
386,5,370.89,194.19,290.45,881.78,-1,-1,-1,-1
386,9,1252.58,178.84,219.33,647.22,-1,-1,-1,-1
387,2,1219.56,121.61,303.59,857.11,-1,-1,-1,-1
387,5,388.33,195.13,295.48,884.31,-1,-1,-1,-1
387,9,1263.65,172.38,223.41,659.28,-1,-1,-1,-1
388,2,1185.29,124.39,331.00,852.75,-1,-1,-1,-1
388,5,410.91,192.08,295.29,877.19,-1,-1,-1,-1
388,9,1274.72,165.93,227.50,671.35,-1,-1,-1,-1
389,2,1160.91,127.21,348.05,845.36,-1,-1,-1,-1
389,5,433.89,189.39,296.18,880.40,-1,-1,-1,-1
390,2,1140.43,145.14,356.87,821.10,-1,-1,-1,-1
390,5,453.85,192.04,295.50,877.21,-1,-1,-1,-1
390,9,1330.29,190.48,181.17,629.56,-1,-1,-1,-1
391,2,1134.76,159.23,317.53,795.25,-1,-1,-1,-1
391,5,472.56,179.70,296.83,887.19,-1,-1,-1,-1
391,9,1321.07,192.03,205.18,646.06,-1,-1,-1,-1
392,2,1132.75,153.52,271.38,785.88,-1,-1,-1,-1
392,5,490.64,160.59,301.65,912.45,-1,-1,-1,-1
392,9,1317.66,197.05,219.83,641.17,-1,-1,-1,-1
393,2,1109.76,155.72,245.98,784.25,-1,-1,-1,-1
393,5,518.89,148.63,301.06,924.96,-1,-1,-1,-1
393,9,1313.16,184.47,236.47,666.18,-1,-1,-1,-1
394,2,1083.35,152.66,237.10,778.90,-1,-1,-1,-1
394,5,544.41,157.64,313.83,907.78,-1,-1,-1,-1
394,9,1311.58,187.90,253.60,677.52,-1,-1,-1,-1
395,2,1059.95,137.01,243.21,798.34,-1,-1,-1,-1
395,5,584.81,141.01,311.36,934.39,-1,-1,-1,-1
395,9,1308.78,170.41,265.54,721.25,-1,-1,-1,-1
396,2,1031.94,125.83,247.16,808.98,-1,-1,-1,-1
396,5,618.98,119.93,311.78,961.88,-1,-1,-1,-1
396,9,1316.11,172.72,265.49,730.98,-1,-1,-1,-1
397,2,1009.57,129.26,257.73,797.57,-1,-1,-1,-1
397,5,646.80,111.59,309.83,971.48,-1,-1,-1,-1
397,9,1322.30,179.21,262.57,728.86,-1,-1,-1,-1
398,2,988.77,131.01,269.77,803.45,-1,-1,-1,-1
398,5,665.98,128.11,347.43,946.02,-1,-1,-1,-1
398,9,1331.78,182.19,254.59,728.26,-1,-1,-1,-1
399,2,982.45,135.85,258.32,802.43,-1,-1,-1,-1
399,5,701.92,128.69,330.35,947.28,-1,-1,-1,-1
399,9,1333.50,183.97,253.44,723.93,-1,-1,-1,-1
400,2,968.14,159.33,272.53,780.30,-1,-1,-1,-1
400,5,735.39,129.20,334.45,947.91,-1,-1,-1,-1
400,9,1330.14,187.56,255.42,717.78,-1,-1,-1,-1
401,2,958.62,187.02,236.71,766.71,-1,-1,-1,-1
401,5,765.84,132.17,325.27,942.80,-1,-1,-1,-1
401,9,1332.28,189.22,248.52,715.38,-1,-1,-1,-1
402,2,940.37,196.54,233.34,755.83,-1,-1,-1,-1
402,5,800.32,126.81,324.96,947.59,-1,-1,-1,-1
402,9,1332.59,184.47,240.70,721.47,-1,-1,-1,-1
403,2,922.11,206.07,229.97,744.96,-1,-1,-1,-1
403,5,824.57,122.69,317.41,950.15,-1,-1,-1,-1
403,9,1332.92,180.43,235.10,727.39,-1,-1,-1,-1
404,2,903.86,215.59,226.60,734.09,-1,-1,-1,-1
404,5,847.35,125.14,318.78,944.39,-1,-1,-1,-1
404,9,1336.42,168.90,226.88,745.94,-1,-1,-1,-1
405,2,885.61,225.11,223.23,723.21,-1,-1,-1,-1
405,5,855.67,124.13,340.50,948.98,-1,-1,-1,-1
405,9,1334.16,167.53,226.75,746.29,-1,-1,-1,-1
406,5,850.79,123.85,369.13,947.97,-1,-1,-1,-1
406,9,1310.07,165.26,251.91,753.26,-1,-1,-1,-1
407,5,828.96,131.00,426.51,936.49,-1,-1,-1,-1
407,9,1289.22,167.29,269.44,755.15,-1,-1,-1,-1
408,5,820.49,135.83,446.49,931.97,-1,-1,-1,-1
408,9,1278.30,171.55,276.28,751.14,-1,-1,-1,-1
409,5,888.39,138.96,378.62,934.62,-1,-1,-1,-1
409,9,1272.04,173.06,275.28,753.16,-1,-1,-1,-1
410,2,741.72,169.80,269.29,784.28,-1,-1,-1,-1
410,5,929.91,142.25,346.34,924.31,-1,-1,-1,-1
410,9,1269.57,177.67,271.37,748.65,-1,-1,-1,-1
411,2,724.22,172.34,261.74,780.06,-1,-1,-1,-1
411,5,955.48,144.99,330.93,919.18,-1,-1,-1,-1
411,9,1264.78,166.12,262.79,770.62,-1,-1,-1,-1
412,2,701.77,179.66,249.47,758.92,-1,-1,-1,-1
412,5,983.73,138.37,313.54,932.72,-1,-1,-1,-1
412,9,1259.17,162.95,239.22,771.67,-1,-1,-1,-1
413,2,685.22,178.34,229.78,762.31,-1,-1,-1,-1
413,5,1000.79,139.79,309.46,936.56,-1,-1,-1,-1
413,9,1248.41,160.26,233.04,770.92,-1,-1,-1,-1
414,2,653.34,162.33,232.66,786.76,-1,-1,-1,-1
414,5,1014.44,141.12,309.57,937.89,-1,-1,-1,-1
414,9,1242.66,156.33,206.49,779.35,-1,-1,-1,-1
415,2,608.39,160.98,252.83,780.59,-1,-1,-1,-1
415,5,1022.63,149.55,332.46,925.73,-1,-1,-1,-1
415,9,1236.24,159.22,181.89,785.65,-1,-1,-1,-1
416,2,571.41,153.30,274.67,792.54,-1,-1,-1,-1
416,5,1032.81,140.35,330.06,939.26,-1,-1,-1,-1
416,9,1227.19,158.81,168.46,785.79,-1,-1,-1,-1
417,2,542.47,166.28,292.39,768.95,-1,-1,-1,-1
417,5,1041.88,139.36,320.30,937.62,-1,-1,-1,-1
417,9,1217.74,177.18,158.66,699.53,-1,-1,-1,-1
418,2,523.15,165.84,309.54,788.34,-1,-1,-1,-1
418,5,1037.90,145.11,335.02,932.95,-1,-1,-1,-1
418,9,1231.66,183.82,134.22,710.97,-1,-1,-1,-1
419,2,507.17,163.09,326.39,813.27,-1,-1,-1,-1
419,5,1040.45,145.04,332.36,923.69,-1,-1,-1,-1
419,9,1223.44,190.53,131.45,696.42,-1,-1,-1,-1
420,2,492.68,160.42,335.07,829.69,-1,-1,-1,-1
420,5,1047.25,140.69,327.52,924.43,-1,-1,-1,-1
420,9,1215.22,197.24,128.68,681.87,-1,-1,-1,-1
421,2,488.20,164.78,327.12,829.89,-1,-1,-1,-1
421,5,1055.97,143.62,325.00,917.51,-1,-1,-1,-1
421,9,1206.99,203.96,125.92,667.32,-1,-1,-1,-1
422,2,476.55,162.27,301.01,836.43,-1,-1,-1,-1
422,5,1068.39,137.75,336.51,922.93,-1,-1,-1,-1
422,9,1198.77,210.67,123.15,652.77,-1,-1,-1,-1
423,2,458.34,170.63,265.74,824.84,-1,-1,-1,-1
423,5,1070.28,131.96,372.36,934.73,-1,-1,-1,-1
424,2,424.80,172.95,255.77,815.43,-1,-1,-1,-1
424,5,1040.39,134.08,421.29,935.64,-1,-1,-1,-1
425,2,379.91,168.07,278.50,830.17,-1,-1,-1,-1
425,5,1052.34,138.61,398.01,934.63,-1,-1,-1,-1
426,2,340.45,169.29,302.55,831.06,-1,-1,-1,-1
426,5,1096.36,127.56,357.58,941.72,-1,-1,-1,-1
427,2,312.71,171.97,310.38,822.49,-1,-1,-1,-1
427,5,1122.66,132.18,348.90,942.35,-1,-1,-1,-1
428,2,293.33,180.94,319.81,806.45,-1,-1,-1,-1
428,5,1159.14,127.10,327.32,946.56,-1,-1,-1,-1
429,2,276.71,191.13,319.91,788.97,-1,-1,-1,-1
429,5,1189.57,131.21,307.83,935.78,-1,-1,-1,-1
429,17,916.42,170.27,328.66,785.46,-1,-1,-1,-1
430,2,264.38,199.38,302.89,775.35,-1,-1,-1,-1
430,5,1211.49,140.97,293.93,923.28,-1,-1,-1,-1
430,17,923.25,167.12,296.37,786.47,-1,-1,-1,-1
431,2,238.20,209.88,301.77,743.91,-1,-1,-1,-1
431,5,1229.77,147.02,274.99,914.57,-1,-1,-1,-1
431,17,922.64,178.59,252.48,755.09,-1,-1,-1,-1
432,2,205.88,196.18,311.70,761.43,-1,-1,-1,-1
432,5,1237.77,162.02,267.12,895.44,-1,-1,-1,-1
432,17,908.40,172.49,228.43,763.22,-1,-1,-1,-1
433,2,182.43,197.21,334.13,741.30,-1,-1,-1,-1
433,5,1232.37,171.15,270.76,881.64,-1,-1,-1,-1
433,17,878.67,166.50,225.20,775.89,-1,-1,-1,-1
434,2,175.76,189.07,339.80,756.72,-1,-1,-1,-1
434,5,1226.19,191.44,267.72,833.60,-1,-1,-1,-1
434,17,858.38,164.49,215.09,777.82,-1,-1,-1,-1
435,2,173.13,185.21,344.23,734.30,-1,-1,-1,-1
435,5,1218.70,182.71,255.74,836.37,-1,-1,-1,-1
435,17,837.71,168.09,207.27,780.45,-1,-1,-1,-1
436,2,181.16,175.72,325.20,749.83,-1,-1,-1,-1
436,5,1206.39,178.54,257.96,831.44,-1,-1,-1,-1
436,17,804.66,172.97,225.29,773.49,-1,-1,-1,-1
437,2,195.26,178.02,290.67,756.21,-1,-1,-1,-1
437,5,1180.71,178.01,274.96,818.17,-1,-1,-1,-1
437,17,762.00,182.04,261.68,758.20,-1,-1,-1,-1
438,2,211.95,188.10,258.43,743.73,-1,-1,-1,-1
438,5,1164.77,184.45,272.47,795.25,-1,-1,-1,-1
438,17,738.22,182.07,278.15,751.06,-1,-1,-1,-1
439,2,227.34,208.92,250.93,693.59,-1,-1,-1,-1
439,5,1157.52,178.81,260.23,801.17,-1,-1,-1,-1
439,17,729.17,182.25,279.30,759.76,-1,-1,-1,-1
440,2,245.24,213.28,235.40,680.97,-1,-1,-1,-1
440,5,1148.35,173.59,252.25,783.12,-1,-1,-1,-1
440,17,721.88,183.95,277.54,762.32,-1,-1,-1,-1
441,2,264.24,227.88,215.99,637.08,-1,-1,-1,-1
441,5,1147.67,165.93,235.10,790.59,-1,-1,-1,-1
441,17,711.05,183.19,272.11,765.20,-1,-1,-1,-1
442,2,274.54,225.60,222.38,633.60,-1,-1,-1,-1
442,5,1155.74,167.20,209.55,783.62,-1,-1,-1,-1
442,17,695.66,174.94,264.20,771.18,-1,-1,-1,-1
443,2,280.87,228.45,221.96,626.57,-1,-1,-1,-1
443,5,1154.66,166.83,202.39,767.83,-1,-1,-1,-1
443,17,689.42,172.95,228.26,767.56,-1,-1,-1,-1
444,2,292.66,219.82,220.20,634.70,-1,-1,-1,-1
444,5,1143.12,166.86,208.61,773.03,-1,-1,-1,-1
444,17,673.46,172.20,208.10,766.13,-1,-1,-1,-1
445,2,303.38,209.31,218.53,647.30,-1,-1,-1,-1
445,5,1119.93,176.65,219.18,759.71,-1,-1,-1,-1
445,17,637.44,174.50,221.04,753.45,-1,-1,-1,-1
446,2,317.54,201.29,218.01,655.23,-1,-1,-1,-1
446,5,1110.54,183.03,210.11,734.61,-1,-1,-1,-1
446,17,595.93,176.85,249.50,758.27,-1,-1,-1,-1
447,2,324.91,197.47,228.14,655.83,-1,-1,-1,-1
447,5,1107.41,187.01,199.25,711.85,-1,-1,-1,-1
447,17,557.62,182.97,282.93,755.17,-1,-1,-1,-1
448,2,334.38,205.82,226.54,641.62,-1,-1,-1,-1
448,5,1105.57,186.34,190.65,699.81,-1,-1,-1,-1
448,17,517.19,183.22,321.91,759.75,-1,-1,-1,-1
449,2,353.24,213.38,215.63,624.62,-1,-1,-1,-1
449,5,1101.45,189.19,190.44,690.89,-1,-1,-1,-1
449,17,506.32,192.87,322.19,750.66,-1,-1,-1,-1
450,2,385.60,215.71,188.74,604.38,-1,-1,-1,-1
450,5,1097.92,196.64,190.12,677.46,-1,-1,-1,-1
450,17,478.64,194.19,348.18,758.13,-1,-1,-1,-1
451,2,409.77,231.19,162.92,563.63,-1,-1,-1,-1
451,5,1094.03,194.70,191.15,679.96,-1,-1,-1,-1
451,17,445.42,193.48,374.40,762.84,-1,-1,-1,-1
452,2,423.24,240.52,155.53,538.12,-1,-1,-1,-1
452,5,1087.31,211.26,196.49,651.55,-1,-1,-1,-1
452,17,437.01,193.86,358.97,761.92,-1,-1,-1,-1
453,2,436.70,249.86,148.14,512.60,-1,-1,-1,-1
453,5,1081.89,214.94,184.02,638.77,-1,-1,-1,-1
453,17,430.82,195.93,324.90,755.10,-1,-1,-1,-1
454,2,450.17,259.19,140.76,487.09,-1,-1,-1,-1
454,5,1071.39,213.46,176.15,639.08,-1,-1,-1,-1
454,17,399.47,194.92,312.60,752.35,-1,-1,-1,-1
455,2,463.64,268.52,133.37,461.58,-1,-1,-1,-1
455,5,1053.77,216.60,180.47,630.71,-1,-1,-1,-1
455,17,360.86,197.64,315.03,757.05,-1,-1,-1,-1
456,5,1026.94,216.53,195.82,628.80,-1,-1,-1,-1
456,17,323.25,189.51,328.24,780.88,-1,-1,-1,-1
457,5,1008.60,216.70,205.50,627.92,-1,-1,-1,-1
457,17,291.30,186.29,345.45,794.24,-1,-1,-1,-1
458,5,983.65,228.44,227.97,615.01,-1,-1,-1,-1
458,17,267.51,187.12,353.31,797.78,-1,-1,-1,-1
459,5,972.67,237.20,233.92,601.65,-1,-1,-1,-1
459,17,252.77,183.90,362.01,808.99,-1,-1,-1,-1
460,5,972.10,244.40,231.45,590.45,-1,-1,-1,-1
460,17,244.33,177.73,370.30,832.32,-1,-1,-1,-1
460,18,526.22,224.36,240.54,583.45,-1,-1,-1,-1
461,5,977.66,239.02,214.40,596.56,-1,-1,-1,-1
461,17,235.22,189.54,362.71,824.57,-1,-1,-1,-1
461,18,554.99,234.61,225.21,568.60,-1,-1,-1,-1
462,5,988.57,237.81,191.73,591.14,-1,-1,-1,-1
462,17,225.31,190.17,345.39,824.59,-1,-1,-1,-1
462,18,575.39,239.22,218.30,549.97,-1,-1,-1,-1
463,5,1002.13,234.09,169.83,595.17,-1,-1,-1,-1
463,17,217.84,185.37,322.91,833.00,-1,-1,-1,-1
463,18,588.80,235.73,213.23,551.62,-1,-1,-1,-1
464,5,1010.22,238.93,157.50,589.84,-1,-1,-1,-1
464,17,204.72,188.19,288.84,828.23,-1,-1,-1,-1
464,18,595.05,233.44,218.16,555.84,-1,-1,-1,-1
465,5,1006.58,241.29,159.69,571.73,-1,-1,-1,-1
465,17,184.42,181.48,258.20,836.95,-1,-1,-1,-1
465,18,609.41,237.06,217.53,539.85,-1,-1,-1,-1
466,5,998.17,226.78,168.65,589.21,-1,-1,-1,-1
466,17,164.23,169.05,242.75,850.60,-1,-1,-1,-1
466,18,630.83,235.95,205.64,546.43,-1,-1,-1,-1
467,5,986.82,233.64,180.38,576.05,-1,-1,-1,-1
467,17,140.14,160.83,250.07,872.03,-1,-1,-1,-1
467,18,646.27,233.48,201.33,552.05,-1,-1,-1,-1
468,5,979.61,236.07,189.35,585.94,-1,-1,-1,-1
468,17,113.09,163.34,266.32,879.45,-1,-1,-1,-1
468,18,668.84,232.75,196.68,556.93,-1,-1,-1,-1
469,5,972.18,238.52,202.21,583.50,-1,-1,-1,-1
469,17,93.21,170.08,280.17,875.46,-1,-1,-1,-1
469,18,687.01,235.29,193.42,552.48,-1,-1,-1,-1
470,5,966.88,235.22,201.38,577.20,-1,-1,-1,-1
470,17,60.07,178.63,310.59,868.08,-1,-1,-1,-1
470,18,704.15,236.78,187.81,545.03,-1,-1,-1,-1
471,5,958.29,234.44,200.26,584.03,-1,-1,-1,-1
471,17,29.76,182.22,330.49,863.11,-1,-1,-1,-1
471,18,725.01,241.48,171.62,514.95,-1,-1,-1,-1
472,5,940.26,222.98,210.37,615.11,-1,-1,-1,-1
472,17,6.57,173.11,339.81,878.24,-1,-1,-1,-1
472,18,741.37,236.90,173.16,521.05,-1,-1,-1,-1
473,5,922.71,218.50,222.29,627.88,-1,-1,-1,-1
473,17,-6.14,170.78,339.76,881.60,-1,-1,-1,-1
473,18,756.25,235.64,167.63,519.14,-1,-1,-1,-1
474,5,906.65,224.04,231.60,629.62,-1,-1,-1,-1
474,17,-12.33,173.47,343.59,883.32,-1,-1,-1,-1
474,18,771.44,227.09,163.70,531.77,-1,-1,-1,-1
475,5,898.44,221.13,229.19,642.80,-1,-1,-1,-1
475,17,-13.28,165.90,327.21,896.68,-1,-1,-1,-1
475,18,783.52,221.98,157.62,533.99,-1,-1,-1,-1
476,5,901.00,223.35,214.34,643.87,-1,-1,-1,-1
476,17,-14.61,159.49,316.93,912.04,-1,-1,-1,-1
476,18,799.52,224.46,147.84,525.03,-1,-1,-1,-1
477,5,893.69,220.24,210.15,672.75,-1,-1,-1,-1
477,17,-15.28,156.71,311.80,919.13,-1,-1,-1,-1
477,18,808.53,229.29,147.83,520.19,-1,-1,-1,-1
478,5,874.24,219.67,231.83,676.26,-1,-1,-1,-1
478,17,-14.93,153.76,309.58,922.14,-1,-1,-1,-1
478,18,821.26,229.75,146.88,516.89,-1,-1,-1,-1
479,5,857.75,215.18,245.10,674.79,-1,-1,-1,-1
479,17,-13.63,150.06,307.12,926.77,-1,-1,-1,-1
479,18,833.98,230.22,145.94,513.59,-1,-1,-1,-1
480,5,846.19,210.18,248.67,676.56,-1,-1,-1,-1
480,17,-13.36,141.62,315.58,936.52,-1,-1,-1,-1
480,18,846.70,230.68,145.00,510.29,-1,-1,-1,-1
481,5,844.86,209.42,239.80,685.62,-1,-1,-1,-1
481,17,-12.13,144.83,323.52,930.05,-1,-1,-1,-1
481,18,859.42,231.14,144.06,506.98,-1,-1,-1,-1
482,5,841.09,201.80,236.33,713.17,-1,-1,-1,-1
482,17,-9.48,135.94,329.73,941.52,-1,-1,-1,-1
483,5,839.38,192.57,233.66,749.70,-1,-1,-1,-1
483,17,-7.21,131.68,339.32,943.68,-1,-1,-1,-1
484,5,836.74,188.83,238.22,779.83,-1,-1,-1,-1
484,17,-3.62,131.25,350.77,939.46,-1,-1,-1,-1
485,5,835.08,189.89,243.95,804.09,-1,-1,-1,-1
485,17,0.29,123.32,374.44,947.17,-1,-1,-1,-1
486,5,830.03,196.53,269.26,796.07,-1,-1,-1,-1
486,17,4.67,107.79,396.16,967.08,-1,-1,-1,-1
487,5,834.03,189.25,243.87,824.66,-1,-1,-1,-1
487,17,16.04,104.96,410.40,967.10,-1,-1,-1,-1
488,5,837.59,190.12,227.63,839.48,-1,-1,-1,-1
488,17,24.44,101.56,424.98,963.89,-1,-1,-1,-1
489,5,832.68,204.23,232.62,802.86,-1,-1,-1,-1
489,17,38.71,99.11,427.16,965.10,-1,-1,-1,-1
490,5,829.37,193.13,232.70,817.33,-1,-1,-1,-1
490,17,58.14,105.87,437.51,957.06,-1,-1,-1,-1
491,5,813.50,188.31,243.18,816.55,-1,-1,-1,-1
491,17,86.07,112.95,425.12,953.75,-1,-1,-1,-1
491,19,996.66,222.46,213.68,541.04,-1,-1,-1,-1
492,5,791.87,194.51,263.78,806.45,-1,-1,-1,-1
492,17,101.72,112.87,429.36,959.29,-1,-1,-1,-1
492,19,1004.94,216.20,218.38,544.98,-1,-1,-1,-1
493,5,751.94,192.43,306.41,815.96,-1,-1,-1,-1
493,17,124.81,108.38,422.68,956.71,-1,-1,-1,-1
493,19,1019.19,209.60,223.80,548.96,-1,-1,-1,-1
494,5,714.90,190.92,341.51,821.97,-1,-1,-1,-1
494,17,150.99,102.40,412.35,962.14,-1,-1,-1,-1
494,19,1033.46,208.05,225.44,547.19,-1,-1,-1,-1
495,5,675.45,198.04,377.79,817.76,-1,-1,-1,-1
495,17,180.80,80.98,407.83,995.23,-1,-1,-1,-1
495,19,1037.70,210.54,232.25,540.50,-1,-1,-1,-1
496,5,653.42,207.99,379.31,806.63,-1,-1,-1,-1
496,17,197.62,98.31,437.45,971.86,-1,-1,-1,-1
496,19,1040.02,211.10,234.29,542.83,-1,-1,-1,-1
497,5,652.32,209.51,343.20,806.24,-1,-1,-1,-1
497,17,222.36,95.87,454.66,975.54,-1,-1,-1,-1
497,19,1042.06,216.53,231.51,538.35,-1,-1,-1,-1
498,5,652.89,216.65,303.72,792.68,-1,-1,-1,-1
498,17,248.34,91.73,455.63,974.27,-1,-1,-1,-1
498,19,1048.51,217.50,222.92,548.29,-1,-1,-1,-1
499,5,641.96,218.27,280.55,776.73,-1,-1,-1,-1
499,17,266.84,94.71,486.02,965.55,-1,-1,-1,-1
499,19,1058.80,220.93,214.47,558.47,-1,-1,-1,-1
500,5,650.25,202.01,244.21,792.14,-1,-1,-1,-1
500,17,294.51,92.97,490.87,970.44,-1,-1,-1,-1
500,19,1079.34,222.36,202.51,564.22,-1,-1,-1,-1
501,5,663.83,198.55,210.70,793.02,-1,-1,-1,-1
501,17,331.64,87.00,489.37,981.59,-1,-1,-1,-1
501,19,1104.50,224.75,190.64,562.69,-1,-1,-1,-1
502,5,650.78,197.37,210.81,793.54,-1,-1,-1,-1
502,17,378.58,85.16,477.00,989.97,-1,-1,-1,-1
502,19,1121.95,214.80,194.34,579.33,-1,-1,-1,-1
503,5,637.73,196.19,210.93,794.06,-1,-1,-1,-1
503,17,431.07,88.95,451.88,988.85,-1,-1,-1,-1
503,19,1139.73,207.46,196.71,577.34,-1,-1,-1,-1
504,5,624.69,195.01,211.05,794.57,-1,-1,-1,-1
504,17,484.90,75.49,437.84,1003.49,-1,-1,-1,-1
504,19,1154.77,194.51,200.90,593.10,-1,-1,-1,-1
505,5,611.64,193.83,211.16,795.09,-1,-1,-1,-1
505,17,519.37,79.95,434.03,989.07,-1,-1,-1,-1
505,19,1167.59,192.79,195.45,591.87,-1,-1,-1,-1
506,17,540.85,59.36,439.23,1006.00,-1,-1,-1,-1
506,19,1170.90,191.39,207.93,595.98,-1,-1,-1,-1
507,17,554.93,58.47,442.65,998.32,-1,-1,-1,-1
507,19,1174.44,193.05,218.11,599.52,-1,-1,-1,-1
508,5,520.61,197.27,257.69,802.83,-1,-1,-1,-1
508,17,635.64,40.01,366.57,1028.99,-1,-1,-1,-1
508,19,1175.32,194.89,227.94,603.47,-1,-1,-1,-1
509,5,496.76,192.43,262.25,826.67,-1,-1,-1,-1
509,17,695.04,39.27,329.82,1015.73,-1,-1,-1,-1
509,19,1189.76,195.84,225.75,602.32,-1,-1,-1,-1
510,5,487.11,190.73,232.96,836.68,-1,-1,-1,-1
510,17,740.50,24.19,326.33,1035.12,-1,-1,-1,-1
510,19,1209.77,207.93,206.26,583.56,-1,-1,-1,-1
511,5,474.30,178.21,217.80,866.75,-1,-1,-1,-1
511,17,785.19,32.56,328.33,1021.58,-1,-1,-1,-1
511,19,1227.51,202.89,199.17,590.66,-1,-1,-1,-1
512,5,453.18,182.33,228.53,861.11,-1,-1,-1,-1
512,17,821.30,47.33,336.49,1007.36,-1,-1,-1,-1
512,19,1241.54,193.75,209.46,605.90,-1,-1,-1,-1
513,5,425.31,188.80,246.13,846.61,-1,-1,-1,-1
513,17,861.90,45.31,333.48,1022.47,-1,-1,-1,-1
513,19,1251.07,195.72,225.20,604.60,-1,-1,-1,-1
514,5,402.83,186.07,263.00,844.80,-1,-1,-1,-1
514,17,890.74,60.42,337.64,1003.46,-1,-1,-1,-1
514,19,1260.04,195.58,237.95,602.52,-1,-1,-1,-1
515,5,384.85,183.38,281.01,847.96,-1,-1,-1,-1
515,17,911.48,65.99,346.61,998.72,-1,-1,-1,-1
515,19,1263.10,193.89,276.14,607.50,-1,-1,-1,-1
516,5,367.75,179.70,300.09,851.74,-1,-1,-1,-1
516,17,936.23,71.39,355.13,1000.91,-1,-1,-1,-1
516,19,1270.64,189.83,309.60,620.48,-1,-1,-1,-1
517,5,355.51,179.64,311.87,855.41,-1,-1,-1,-1
517,17,957.70,76.22,390.11,1000.33,-1,-1,-1,-1
517,19,1298.08,181.50,287.89,653.57,-1,-1,-1,-1
518,5,346.92,178.24,317.39,862.34,-1,-1,-1,-1
518,17,976.32,73.58,414.83,1005.29,-1,-1,-1,-1
518,19,1324.58,194.21,267.46,642.33,-1,-1,-1,-1
519,5,335.87,177.25,334.89,869.32,-1,-1,-1,-1
519,17,1002.72,68.44,406.98,1013.11,-1,-1,-1,-1
519,19,1348.85,199.73,254.08,633.83,-1,-1,-1,-1
520,5,336.41,173.46,350.61,880.19,-1,-1,-1,-1
520,17,1035.08,79.13,390.16,990.02,-1,-1,-1,-1
520,19,1369.64,189.18,243.34,645.15,-1,-1,-1,-1
521,5,338.63,168.40,384.01,892.08,-1,-1,-1,-1
521,17,1068.35,93.58,373.41,970.73,-1,-1,-1,-1
521,19,1379.46,175.20,237.59,662.85,-1,-1,-1,-1
522,5,351.13,159.40,399.30,909.56,-1,-1,-1,-1
522,17,1106.55,99.23,358.37,972.59,-1,-1,-1,-1
522,19,1393.70,170.65,215.37,657.26,-1,-1,-1,-1
523,5,364.37,160.44,407.91,915.72,-1,-1,-1,-1
523,17,1129.91,108.35,356.20,967.18,-1,-1,-1,-1
523,19,1393.18,166.56,212.30,670.15,-1,-1,-1,-1
524,5,388.51,164.58,380.43,912.84,-1,-1,-1,-1
524,17,1154.75,114.38,357.68,958.44,-1,-1,-1,-1
524,19,1400.88,168.29,193.44,674.70,-1,-1,-1,-1
525,5,415.27,168.17,352.15,905.52,-1,-1,-1,-1
525,17,1181.81,111.89,368.37,957.27,-1,-1,-1,-1
525,19,1409.29,165.46,195.22,680.96,-1,-1,-1,-1
526,5,433.43,168.27,335.10,905.60,-1,-1,-1,-1
526,17,1211.52,110.84,375.00,965.14,-1,-1,-1,-1
526,19,1417.70,162.62,197.00,687.21,-1,-1,-1,-1
527,5,492.99,162.03,290.56,910.34,-1,-1,-1,-1
527,17,1262.39,118.19,408.23,960.16,-1,-1,-1,-1
527,19,1426.10,159.78,198.79,693.47,-1,-1,-1,-1
528,5,542.66,165.42,271.50,897.61,-1,-1,-1,-1
528,17,1300.03,121.59,418.79,958.37,-1,-1,-1,-1
528,19,1434.51,156.95,200.57,699.72,-1,-1,-1,-1
529,5,583.18,150.53,272.84,919.78,-1,-1,-1,-1
529,17,1322.40,113.46,444.98,960.10,-1,-1,-1,-1
530,5,611.12,151.21,286.94,924.05,-1,-1,-1,-1
530,17,1311.62,105.19,501.92,970.02,-1,-1,-1,-1
531,5,628.59,156.29,358.82,921.46,-1,-1,-1,-1
531,17,1344.11,103.55,504.03,974.04,-1,-1,-1,-1
532,5,640.43,159.69,399.57,919.17,-1,-1,-1,-1
532,17,1376.60,101.91,506.14,978.05,-1,-1,-1,-1
533,5,663.46,160.47,391.79,919.28,-1,-1,-1,-1
533,17,1373.44,112.23,530.50,959.66,-1,-1,-1,-1
534,5,671.95,164.43,388.98,910.57,-1,-1,-1,-1
534,17,1405.66,125.83,515.03,933.89,-1,-1,-1,-1
535,5,691.50,171.91,367.43,891.30,-1,-1,-1,-1
535,17,1438.03,114.82,485.34,949.03,-1,-1,-1,-1
535,22,1184.29,168.55,295.90,755.50,-1,-1,-1,-1
536,5,723.13,176.71,340.26,876.99,-1,-1,-1,-1
536,17,1463.27,114.52,466.05,958.50,-1,-1,-1,-1
536,22,1162.16,173.54,268.03,749.53,-1,-1,-1,-1
537,5,761.48,172.21,310.00,875.56,-1,-1,-1,-1
537,17,1483.18,109.05,451.01,964.25,-1,-1,-1,-1
537,22,1133.02,174.69,243.82,758.68,-1,-1,-1,-1
538,5,796.92,178.07,289.64,855.96,-1,-1,-1,-1
538,17,1503.08,105.54,431.94,969.21,-1,-1,-1,-1
538,22,1081.18,162.15,262.97,774.79,-1,-1,-1,-1
539,5,811.94,160.99,309.39,890.82,-1,-1,-1,-1
539,17,1522.51,113.40,408.97,957.26,-1,-1,-1,-1
539,22,1056.99,159.83,265.50,769.08,-1,-1,-1,-1
540,5,834.83,161.17,329.07,888.89,-1,-1,-1,-1
540,17,1541.43,119.47,381.97,947.38,-1,-1,-1,-1
540,22,1046.74,169.39,261.48,756.73,-1,-1,-1,-1
541,5,870.54,161.48,345.73,878.93,-1,-1,-1,-1
541,17,1561.96,118.99,347.68,951.03,-1,-1,-1,-1
541,22,1016.18,173.32,282.16,758.27,-1,-1,-1,-1
542,5,884.38,163.31,398.39,867.15,-1,-1,-1,-1
542,17,1577.05,131.03,326.63,928.33,-1,-1,-1,-1
542,22,995.86,174.49,281.78,757.22,-1,-1,-1,-1
543,5,904.63,158.12,398.32,871.80,-1,-1,-1,-1
543,17,1581.10,130.09,318.81,936.66,-1,-1,-1,-1
543,22,975.53,175.67,281.40,756.18,-1,-1,-1,-1
544,5,939.88,167.65,358.26,859.97,-1,-1,-1,-1
544,17,1583.49,134.37,315.69,926.67,-1,-1,-1,-1
544,22,955.21,176.85,281.02,755.14,-1,-1,-1,-1
545,5,966.64,169.34,355.82,854.06,-1,-1,-1,-1
545,17,1586.35,141.63,309.68,886.94,-1,-1,-1,-1
545,22,928.19,158.47,308.95,864.61,-1,-1,-1,-1
546,5,993.40,171.03,353.38,848.15,-1,-1,-1,-1
546,17,1585.37,142.06,304.86,869.50,-1,-1,-1,-1
546,22,912.31,175.58,330.63,850.68,-1,-1,-1,-1
547,5,1020.16,172.72,350.93,842.24,-1,-1,-1,-1
547,17,1582.68,141.62,301.91,858.70,-1,-1,-1,-1
547,22,892.29,175.59,335.10,862.16,-1,-1,-1,-1
548,5,1046.92,174.41,348.49,836.32,-1,-1,-1,-1
548,17,1577.91,139.40,306.56,862.45,-1,-1,-1,-1
548,22,872.26,175.61,339.57,873.63,-1,-1,-1,-1
549,17,1569.92,137.86,313.68,859.95,-1,-1,-1,-1
549,22,852.24,175.62,344.04,885.10,-1,-1,-1,-1
550,17,1561.23,143.63,326.13,853.38,-1,-1,-1,-1
550,22,832.22,175.64,348.51,896.58,-1,-1,-1,-1
551,17,1556.89,146.88,328.93,853.68,-1,-1,-1,-1
551,23,988.63,214.15,279.07,785.02,-1,-1,-1,-1
551,24,704.75,167.27,346.82,738.22,-1,-1,-1,-1
552,17,1555.62,157.91,321.86,831.95,-1,-1,-1,-1
552,23,991.55,208.35,256.64,795.75,-1,-1,-1,-1
552,24,682.53,173.48,351.26,746.77,-1,-1,-1,-1
553,17,1554.82,164.02,307.49,813.31,-1,-1,-1,-1
553,23,989.92,214.28,244.65,782.59,-1,-1,-1,-1
553,24,677.19,180.98,307.03,749.86,-1,-1,-1,-1
554,17,1551.25,170.01,286.53,774.31,-1,-1,-1,-1
554,23,987.83,216.21,233.55,763.41,-1,-1,-1,-1
554,24,677.69,194.28,247.21,737.26,-1,-1,-1,-1
555,17,1548.30,171.45,273.97,748.39,-1,-1,-1,-1
555,23,982.37,214.30,227.04,762.45,-1,-1,-1,-1
555,24,657.48,187.68,232.93,757.84,-1,-1,-1,-1
556,17,1540.97,172.85,264.05,710.96,-1,-1,-1,-1
556,23,970.67,220.28,228.52,736.85,-1,-1,-1,-1
556,24,613.96,135.14,249.62,836.14,-1,-1,-1,-1
557,17,1519.66,167.08,270.43,723.55,-1,-1,-1,-1
557,23,941.86,220.13,248.46,717.09,-1,-1,-1,-1
557,24,571.08,135.50,269.09,829.30,-1,-1,-1,-1
558,17,1474.01,164.36,307.12,720.99,-1,-1,-1,-1
558,23,928.25,215.19,249.35,712.18,-1,-1,-1,-1
558,24,525.33,151.72,294.70,781.89,-1,-1,-1,-1
559,17,1431.14,166.22,337.31,721.70,-1,-1,-1,-1
559,23,907.60,212.06,252.41,711.81,-1,-1,-1,-1
559,24,493.06,170.40,318.61,745.00,-1,-1,-1,-1
560,17,1409.64,169.04,337.29,712.27,-1,-1,-1,-1
560,23,887.77,213.89,254.01,704.16,-1,-1,-1,-1
560,24,455.58,178.23,349.33,746.93,-1,-1,-1,-1
561,17,1387.84,180.98,343.34,687.42,-1,-1,-1,-1
561,23,866.67,217.28,261.95,694.03,-1,-1,-1,-1
561,24,436.22,182.06,360.03,764.78,-1,-1,-1,-1
562,17,1381.00,186.50,330.93,667.66,-1,-1,-1,-1
562,23,842.27,217.85,282.62,690.50,-1,-1,-1,-1
562,24,420.46,185.45,360.98,776.01,-1,-1,-1,-1
563,17,1378.20,190.35,312.82,653.67,-1,-1,-1,-1
563,23,830.30,226.54,284.71,667.68,-1,-1,-1,-1
563,24,404.00,190.39,335.31,765.39,-1,-1,-1,-1
564,17,1366.52,188.98,297.35,643.92,-1,-1,-1,-1
564,23,821.48,230.12,279.11,654.49,-1,-1,-1,-1
564,24,348.20,189.94,337.71,768.09,-1,-1,-1,-1
565,17,1354.91,188.42,293.42,638.94,-1,-1,-1,-1
565,23,809.48,224.22,268.04,647.88,-1,-1,-1,-1
565,24,315.08,181.97,347.06,775.02,-1,-1,-1,-1
566,17,1346.18,190.27,287.15,635.13,-1,-1,-1,-1
566,23,797.68,227.11,248.82,636.88,-1,-1,-1,-1
566,24,288.65,167.41,375.31,800.71,-1,-1,-1,-1
567,17,1339.35,190.24,281.51,632.57,-1,-1,-1,-1
567,23,780.93,225.43,228.25,638.75,-1,-1,-1,-1
567,24,257.55,146.89,400.60,837.85,-1,-1,-1,-1
568,17,1344.25,185.29,261.35,639.02,-1,-1,-1,-1
568,23,758.33,220.42,223.79,646.22,-1,-1,-1,-1
568,24,231.21,146.71,405.28,837.39,-1,-1,-1,-1
569,17,1357.26,189.84,233.02,626.05,-1,-1,-1,-1
569,23,728.88,214.39,238.96,654.68,-1,-1,-1,-1
569,24,212.08,136.84,392.32,864.58,-1,-1,-1,-1
570,17,1355.05,194.26,234.70,616.07,-1,-1,-1,-1
570,23,709.97,218.76,249.50,646.84,-1,-1,-1,-1
570,24,200.10,139.37,402.56,890.87,-1,-1,-1,-1
571,17,1341.89,196.47,245.02,612.73,-1,-1,-1,-1
571,23,692.68,228.15,258.10,642.14,-1,-1,-1,-1
571,24,201.33,142.75,392.65,901.43,-1,-1,-1,-1
572,17,1331.02,198.28,250.57,608.81,-1,-1,-1,-1
572,23,680.81,232.31,247.35,640.19,-1,-1,-1,-1
572,24,188.61,150.84,373.14,897.06,-1,-1,-1,-1
573,17,1325.29,208.20,245.93,596.27,-1,-1,-1,-1
573,23,656.51,235.95,227.41,632.29,-1,-1,-1,-1
573,24,168.67,144.74,370.88,912.62,-1,-1,-1,-1
574,17,1316.08,202.42,233.95,603.18,-1,-1,-1,-1
574,23,630.65,236.17,218.38,626.17,-1,-1,-1,-1
574,24,141.19,147.98,387.91,911.44,-1,-1,-1,-1
575,17,1305.36,203.56,203.52,587.36,-1,-1,-1,-1
575,23,603.58,233.95,211.50,635.63,-1,-1,-1,-1
575,24,121.69,145.57,394.89,907.13,-1,-1,-1,-1
576,17,1287.68,210.08,192.31,571.14,-1,-1,-1,-1
576,23,575.20,225.97,223.75,652.30,-1,-1,-1,-1
576,24,83.45,135.66,436.94,904.69,-1,-1,-1,-1
577,17,1272.44,215.96,176.10,558.68,-1,-1,-1,-1
577,23,531.04,231.42,263.12,653.23,-1,-1,-1,-1
577,24,52.04,113.08,470.79,943.50,-1,-1,-1,-1
578,17,1253.32,213.26,175.67,562.85,-1,-1,-1,-1
578,23,510.95,237.12,273.95,652.75,-1,-1,-1,-1
578,24,46.26,102.54,472.63,965.42,-1,-1,-1,-1
579,17,1228.47,208.71,195.96,568.76,-1,-1,-1,-1
579,23,501.74,239.95,271.22,653.76,-1,-1,-1,-1
579,24,37.78,103.02,486.41,968.07,-1,-1,-1,-1
580,17,1188.97,210.57,234.16,565.82,-1,-1,-1,-1
580,23,495.61,237.47,270.31,661.72,-1,-1,-1,-1
580,24,59.12,108.54,454.23,957.08,-1,-1,-1,-1
581,17,1170.14,207.49,246.31,573.51,-1,-1,-1,-1
581,23,483.37,235.79,271.41,666.19,-1,-1,-1,-1
581,24,83.76,106.26,411.74,965.21,-1,-1,-1,-1
582,17,1161.17,214.29,247.56,568.74,-1,-1,-1,-1
582,23,483.60,231.19,260.75,680.10,-1,-1,-1,-1
582,24,116.42,105.88,377.15,960.51,-1,-1,-1,-1
583,17,1157.29,219.46,241.04,562.30,-1,-1,-1,-1
583,23,485.55,228.25,249.11,693.92,-1,-1,-1,-1
583,24,143.46,107.01,386.12,946.01,-1,-1,-1,-1
584,17,1153.90,217.55,222.95,561.43,-1,-1,-1,-1
584,23,486.96,212.08,236.22,724.10,-1,-1,-1,-1
584,24,143.96,108.99,383.83,940.40,-1,-1,-1,-1
585,17,1150.69,215.48,204.50,561.34,-1,-1,-1,-1
585,23,484.12,214.28,234.71,728.72,-1,-1,-1,-1
585,24,144.46,110.97,381.55,934.80,-1,-1,-1,-1
586,17,1151.42,211.80,169.01,569.60,-1,-1,-1,-1
586,23,470.72,209.77,238.87,741.67,-1,-1,-1,-1
586,24,144.95,112.95,379.26,929.19,-1,-1,-1,-1
587,17,1137.71,210.48,157.18,568.89,-1,-1,-1,-1
587,23,457.31,205.26,243.04,754.61,-1,-1,-1,-1
587,24,145.45,114.93,376.98,923.59,-1,-1,-1,-1
588,17,1112.68,221.11,163.85,546.53,-1,-1,-1,-1
588,23,443.91,200.75,247.20,767.55,-1,-1,-1,-1
588,25,340.78,105.19,428.79,947.42,-1,-1,-1,-1
589,17,1092.49,218.81,166.19,554.25,-1,-1,-1,-1
589,23,430.51,196.24,251.36,780.49,-1,-1,-1,-1
589,25,365.61,105.67,417.91,951.95,-1,-1,-1,-1
590,17,1067.37,219.67,188.14,554.32,-1,-1,-1,-1
590,25,381.97,96.02,413.05,960.91,-1,-1,-1,-1
591,17,1049.03,223.59,201.64,548.79,-1,-1,-1,-1
591,25,429.13,112.69,386.03,945.76,-1,-1,-1,-1
592,17,1043.15,226.38,206.41,550.18,-1,-1,-1,-1
592,25,474.87,115.94,365.58,938.15,-1,-1,-1,-1
593,17,1039.06,234.63,201.20,540.88,-1,-1,-1,-1
593,25,518.35,102.03,380.15,928.74,-1,-1,-1,-1
594,17,1031.91,229.31,193.52,547.76,-1,-1,-1,-1
594,25,545.55,84.23,412.26,945.68,-1,-1,-1,-1
595,17,1030.21,230.16,168.52,545.45,-1,-1,-1,-1
595,25,564.33,73.84,435.42,953.20,-1,-1,-1,-1
596,17,1018.40,233.30,156.28,524.41,-1,-1,-1,-1
596,25,572.46,153.28,516.27,851.74,-1,-1,-1,-1
597,17,985.20,237.02,176.16,511.97,-1,-1,-1,-1
597,25,609.10,150.66,518.51,880.35,-1,-1,-1,-1
598,17,973.64,227.33,181.35,530.20,-1,-1,-1,-1
598,25,655.61,192.13,506.53,838.01,-1,-1,-1,-1
599,17,959.40,225.58,181.94,531.91,-1,-1,-1,-1
599,25,717.14,135.44,470.62,922.20,-1,-1,-1,-1
600,17,945.16,223.82,182.52,533.63,-1,-1,-1,-1
600,25,784.49,96.33,433.69,974.55,-1,-1,-1,-1
601,17,930.92,222.07,183.11,535.34,-1,-1,-1,-1
601,25,835.51,73.87,423.62,1006.44,-1,-1,-1,-1
602,17,916.69,220.32,183.69,537.05,-1,-1,-1,-1
602,25,879.64,63.91,416.59,1010.34,-1,-1,-1,-1
603,25,915.36,51.27,425.49,1031.92,-1,-1,-1,-1
604,17,885.66,221.84,205.77,598.22,-1,-1,-1,-1
604,25,951.08,38.63,434.38,1053.50,-1,-1,-1,-1
605,17,870.41,218.33,210.09,610.80,-1,-1,-1,-1
605,25,986.80,26.00,443.28,1075.08,-1,-1,-1,-1
606,17,855.16,214.82,214.42,623.38,-1,-1,-1,-1
606,25,1022.52,13.36,452.18,1096.66,-1,-1,-1,-1
606,31,866.38,217.19,318.83,741.63,-1,-1,-1,-1
607,17,869.07,222.02,202.26,605.37,-1,-1,-1,-1
607,25,1131.44,53.39,448.02,1020.13,-1,-1,-1,-1
607,31,905.09,229.17,302.27,707.61,-1,-1,-1,-1
608,17,859.15,222.61,184.00,598.24,-1,-1,-1,-1
608,25,1139.49,76.67,518.06,976.81,-1,-1,-1,-1
608,31,923.70,232.39,299.27,693.09,-1,-1,-1,-1
609,17,838.65,215.90,192.40,603.71,-1,-1,-1,-1
609,25,1207.42,85.52,519.51,958.89,-1,-1,-1,-1
609,31,937.78,230.04,307.92,692.40,-1,-1,-1,-1
610,17,821.06,217.00,210.55,624.95,-1,-1,-1,-1
610,25,1261.83,92.97,510.42,942.09,-1,-1,-1,-1
610,31,961.00,227.04,317.48,700.82,-1,-1,-1,-1
611,17,807.34,219.97,220.49,639.22,-1,-1,-1,-1
611,25,1278.98,84.26,550.90,936.12,-1,-1,-1,-1
611,31,981.79,229.07,334.53,700.29,-1,-1,-1,-1
612,17,798.06,220.45,221.38,650.55,-1,-1,-1,-1
612,25,1330.83,88.20,543.31,923.19,-1,-1,-1,-1
612,31,999.23,231.51,313.96,701.52,-1,-1,-1,-1
613,17,788.13,217.48,218.73,656.33,-1,-1,-1,-1
613,25,1382.67,92.15,535.72,910.26,-1,-1,-1,-1
613,31,1015.48,228.39,267.84,691.96,-1,-1,-1,-1
614,17,775.99,219.06,203.53,655.26,-1,-1,-1,-1
614,25,1434.51,96.10,528.13,897.33,-1,-1,-1,-1
614,31,1021.77,236.88,243.60,653.17,-1,-1,-1,-1
615,17,757.74,218.96,200.10,654.61,-1,-1,-1,-1
615,25,1403.71,48.93,536.97,1003.94,-1,-1,-1,-1
615,31,1018.26,233.51,243.94,638.12,-1,-1,-1,-1
616,17,735.06,218.71,204.80,664.88,-1,-1,-1,-1
616,25,1424.32,54.74,521.32,1006.27,-1,-1,-1,-1
616,31,1011.17,225.04,245.14,634.98,-1,-1,-1,-1
617,17,708.34,215.17,217.58,690.40,-1,-1,-1,-1
617,25,1459.20,78.58,488.84,986.01,-1,-1,-1,-1
617,31,1007.08,228.22,240.73,619.64,-1,-1,-1,-1
618,17,687.88,210.06,224.20,711.43,-1,-1,-1,-1
618,25,1509.05,73.60,436.71,1001.26,-1,-1,-1,-1
618,31,999.59,218.03,227.93,637.03,-1,-1,-1,-1
619,17,669.67,209.83,229.49,725.00,-1,-1,-1,-1
619,25,1553.73,82.21,389.36,994.94,-1,-1,-1,-1
619,31,991.29,221.44,223.42,629.61,-1,-1,-1,-1
620,17,650.41,212.69,239.46,724.79,-1,-1,-1,-1
620,25,1584.94,83.26,358.42,993.12,-1,-1,-1,-1
620,31,981.89,226.27,221.93,620.37,-1,-1,-1,-1
621,17,633.70,214.02,245.99,731.35,-1,-1,-1,-1
621,25,1597.27,89.91,347.79,970.94,-1,-1,-1,-1
621,31,968.17,235.28,229.21,601.14,-1,-1,-1,-1
622,17,621.98,208.77,238.52,741.03,-1,-1,-1,-1
622,25,1606.83,94.96,336.03,959.34,-1,-1,-1,-1
622,31,958.63,244.28,224.01,585.58,-1,-1,-1,-1
623,17,610.36,201.41,226.64,755.38,-1,-1,-1,-1
623,25,1607.14,102.33,326.98,932.82,-1,-1,-1,-1
623,31,948.70,245.21,211.55,564.93,-1,-1,-1,-1
624,17,599.81,189.72,215.20,774.70,-1,-1,-1,-1
624,25,1605.67,102.45,307.79,908.35,-1,-1,-1,-1
624,31,940.17,247.24,201.84,549.63,-1,-1,-1,-1
625,17,593.09,186.93,205.84,783.25,-1,-1,-1,-1
625,25,1586.61,95.90,328.53,927.03,-1,-1,-1,-1
625,31,933.69,243.34,190.65,552.48,-1,-1,-1,-1
626,17,575.68,188.21,214.82,770.05,-1,-1,-1,-1
626,25,1566.40,104.60,349.92,921.22,-1,-1,-1,-1
626,31,927.11,229.70,188.90,565.44,-1,-1,-1,-1
627,17,558.51,180.02,223.73,785.99,-1,-1,-1,-1
627,25,1549.49,161.79,372.58,860.55,-1,-1,-1,-1
627,31,904.16,236.94,209.38,552.33,-1,-1,-1,-1
628,17,539.75,169.28,233.90,828.46,-1,-1,-1,-1
628,25,1527.91,154.38,396.15,878.99,-1,-1,-1,-1
628,31,875.30,237.84,233.76,548.51,-1,-1,-1,-1
629,17,511.73,170.06,256.61,847.25,-1,-1,-1,-1
629,25,1512.93,138.62,376.94,880.11,-1,-1,-1,-1
629,31,862.80,236.28,238.37,557.42,-1,-1,-1,-1
630,17,503.54,172.09,256.94,862.45,-1,-1,-1,-1
630,25,1500.80,139.02,329.95,853.03,-1,-1,-1,-1
630,31,836.26,239.68,246.46,553.82,-1,-1,-1,-1
631,17,489.00,175.23,267.89,868.66,-1,-1,-1,-1
631,25,1478.28,131.36,301.74,845.09,-1,-1,-1,-1
631,31,822.24,248.27,230.74,539.17,-1,-1,-1,-1
632,17,467.68,178.83,284.01,861.60,-1,-1,-1,-1
632,25,1446.57,128.49,310.37,851.12,-1,-1,-1,-1
632,31,815.43,233.93,196.57,561.81,-1,-1,-1,-1
633,17,447.54,179.27,292.07,869.08,-1,-1,-1,-1
633,25,1409.41,127.25,335.58,854.05,-1,-1,-1,-1
633,31,802.19,246.95,167.84,543.66,-1,-1,-1,-1
634,17,415.87,174.63,286.32,880.49,-1,-1,-1,-1
634,25,1376.52,130.39,362.12,842.96,-1,-1,-1,-1
634,31,782.47,249.92,162.72,543.34,-1,-1,-1,-1
635,17,387.78,173.44,292.64,874.48,-1,-1,-1,-1
635,25,1340.55,131.51,374.11,833.76,-1,-1,-1,-1
635,31,737.60,242.09,197.86,557.97,-1,-1,-1,-1
636,17,369.74,165.52,275.78,883.79,-1,-1,-1,-1
636,25,1293.95,141.10,412.58,824.37,-1,-1,-1,-1
636,31,681.73,237.11,246.60,567.86,-1,-1,-1,-1
637,17,350.84,155.35,272.78,904.85,-1,-1,-1,-1
637,25,1275.40,138.93,410.15,829.89,-1,-1,-1,-1
637,31,653.73,240.15,264.75,572.38,-1,-1,-1,-1
638,17,338.42,160.28,266.68,893.25,-1,-1,-1,-1
638,25,1251.41,137.57,427.35,836.26,-1,-1,-1,-1
638,31,646.08,241.03,258.67,582.55,-1,-1,-1,-1
639,17,328.13,160.74,269.43,896.25,-1,-1,-1,-1
639,25,1251.36,147.96,384.59,816.91,-1,-1,-1,-1
639,31,638.86,248.21,247.69,578.33,-1,-1,-1,-1
640,17,302.49,154.07,294.47,915.67,-1,-1,-1,-1
640,25,1238.33,153.00,337.91,799.59,-1,-1,-1,-1
640,31,625.53,244.02,236.80,590.59,-1,-1,-1,-1
641,17,288.30,155.63,308.70,920.04,-1,-1,-1,-1
641,25,1222.57,159.62,279.23,773.67,-1,-1,-1,-1
641,31,597.62,241.01,242.96,591.60,-1,-1,-1,-1
642,17,270.60,151.20,325.85,926.84,-1,-1,-1,-1
642,25,1164.61,145.96,295.05,788.86,-1,-1,-1,-1
642,31,574.37,224.09,244.55,623.97,-1,-1,-1,-1