30,0,3.65,263.76,162.19,590.01,-1,-1,-1,-1
31,0,3.28,256.81,183.23,603.09,-1,-1,-1,-1
32,0,4.41,253.54,217.17,601.70,-1,-1,-1,-1
33,0,9.90,257.94,238.01,592.08,-1,-1,-1,-1
34,0,10.28,261.48,285.67,578.76,-1,-1,-1,-1
35,0,24.30,261.44,309.19,575.52,-1,-1,-1,-1
36,0,40.46,263.89,316.47,572.28,-1,-1,-1,-1
37,0,53.51,268.20,311.30,567.21,-1,-1,-1,-1
38,0,72.05,269.85,297.10,567.14,-1,-1,-1,-1
39,0,86.91,254.81,277.93,589.49,-1,-1,-1,-1
40,0,98.35,245.26,266.63,603.41,-1,-1,-1,-1
41,0,104.86,241.70,265.04,612.96,-1,-1,-1,-1
42,0,114.50,242.86,257.66,619.76,-1,-1,-1,-1
43,0,121.22,240.58,253.98,634.59,-1,-1,-1,-1
44,0,129.55,246.54,250.52,630.76,-1,-1,-1,-1
45,0,129.66,251.06,256.13,636.31,-1,-1,-1,-1
46,0,131.59,250.87,258.57,648.55,-1,-1,-1,-1
47,0,127.43,248.08,270.61,659.41,-1,-1,-1,-1
48,0,125.16,246.29,279.74,663.49,-1,-1,-1,-1
49,0,119.08,238.13,293.93,677.59,-1,-1,-1,-1
50,0,114.89,231.24,304.32,688.49,-1,-1,-1,-1
51,0,111.09,232.61,312.19,689.35,-1,-1,-1,-1
52,0,105.94,224.68,325.24,712.03,-1,-1,-1,-1
53,0,103.73,222.45,333.10,724.56,-1,-1,-1,-1
54,0,104.29,225.77,335.66,732.03,-1,-1,-1,-1
55,0,106.52,222.50,334.97,755.28,-1,-1,-1,-1
56,0,110.88,219.04,331.85,770.32,-1,-1,-1,-1
57,0,115.76,219.11,329.80,773.81,-1,-1,-1,-1
58,0,121.48,217.63,324.59,776.69,-1,-1,-1,-1
59,0,123.06,214.20,325.94,795.58,-1,-1,-1,-1
60,0,124.86,209.12,325.80,822.09,-1,-1,-1,-1
61,0,124.09,202.45,332.28,852.09,-1,-1,-1,-1
62,0,123.17,199.78,339.54,865.47,-1,-1,-1,-1
63,0,121.57,204.19,349.15,863.16,-1,-1,-1,-1
64,0,120.56,206.00,356.41,864.36,-1,-1,-1,-1
65,0,121.62,195.07,363.07,879.13,-1,-1,-1,-1
66,0,116.66,184.04,377.16,890.76,-1,-1,-1,-1
67,0,113.57,168.49,387.40,909.87,-1,-1,-1,-1
68,0,113.59,159.91,396.79,921.05,-1,-1,-1,-1
69,0,117.85,157.85,398.65,920.98,-1,-1,-1,-1
70,0,128.37,156.31,397.35,919.95,-1,-1,-1,-1
71,0,142.55,152.43,392.62,922.87,-1,-1,-1,-1
72,0,169.20,165.42,381.43,904.16,-1,-1,-1,-1
73,0,197.38,168.67,363.82,900.53,-1,-1,-1,-1
74,0,219.80,159.48,367.56,912.37,-1,-1,-1,-1
75,0,245.81,145.65,379.29,933.27,-1,-1,-1,-1
76,0,269.95,131.76,413.14,950.48,-1,-1,-1,-1
77,0,293.50,126.74,441.55,952.22,-1,-1,-1,-1
78,0,327.26,120.65,456.02,955.69,-1,-1,-1,-1
79,0,354.09,117.16,470.41,952.88,-1,-1,-1,-1
80,0,392.38,109.63,464.89,962.81,-1,-1,-1,-1
81,0,428.65,117.68,466.62,944.17,-1,-1,-1,-1
82,0,463.63,115.84,454.42,948.51,-1,-1,-1,-1
83,0,499.05,122.08,427.37,936.21,-1,-1,-1,-1
84,0,540.17,106.66,381.08,957.42,-1,-1,-1,-1
85,0,566.57,91.10,361.00,978.89,-1,-1,-1,-1
86,0,599.06,84.03,358.25,976.96,-1,-1,-1,-1
87,0,646.61,86.53,324.96,968.64,-1,-1,-1,-1
88,0,673.81,82.89,357.39,981.00,-1,-1,-1,-1
89,0,710.24,86.95,353.06,980.78,-1,-1,-1,-1
90,0,742.62,89.75,366.31,981.38,-1,-1,-1,-1
91,0,790.38,104.57,367.50,958.22,-1,-1,-1,-1
92,0,856.34,92.89,345.04,976.17,-1,-1,-1,-1
93,0,903.52,86.80,340.00,980.90,-1,-1,-1,-1
94,0,949.07,79.14,332.21,980.18,-1,-1,-1,-1
95,0,1004.86,62.83,315.91,1009.27,-1,-1,-1,-1
96,0,1035.77,53.63,361.91,1024.84,-1,-1,-1,-1
97,0,1067.64,68.06,376.51,1004.86,-1,-1,-1,-1
98,0,1104.82,88.05,376.31,983.35,-1,-1,-1,-1
99,0,1139.46,96.68,374.45,975.16,-1,-1,-1,-1
100,0,1167.41,98.39,391.09,974.43,-1,-1,-1,-1
101,0,1195.94,95.86,394.82,981.33,-1,-1,-1,-1
102,0,1226.84,100.97,400.28,971.72,-1,-1,-1,-1
103,0,1264.00,107.03,405.62,955.42,-1,-1,-1,-1
104,0,1296.96,97.32,413.78,975.56,-1,-1,-1,-1
105,0,1317.18,96.04,443.75,973.47,-1,-1,-1,-1
106,0,1326.28,100.39,467.02,968.23,-1,-1,-1,-1
107,0,1325.07,109.25,497.33,949.59,-1,-1,-1,-1
108,0,1331.61,107.71,508.61,955.31,-1,-1,-1,-1
109,0,1341.77,115.32,523.60,940.57,-1,-1,-1,-1
110,0,1366.97,135.06,501.75,922.77,-1,-1,-1,-1
111,0,1395.83,132.21,476.48,935.03,-1,-1,-1,-1
112,0,1424.64,132.16,451.34,941.74,-1,-1,-1,-1
113,0,1445.35,132.05,433.68,942.86,-1,-1,-1,-1
114,0,1457.19,134.55,419.14,933.16,-1,-1,-1,-1
115,0,1466.80,133.53,406.07,930.11,-1,-1,-1,-1
116,0,1470.59,131.26,400.02,930.78,-1,-1,-1,-1
117,0,1478.01,136.92,389.39,916.90,-1,-1,-1,-1
118,0,1483.63,148.26,381.97,905.22,-1,-1,-1,-1
119,0,1494.19,158.33,364.18,892.16,-1,-1,-1,-1
120,0,1495.78,157.97,353.44,882.62,-1,-1,-1,-1
121,0,1500.01,161.90,338.47,868.17,-1,-1,-1,-1
122,0,1494.90,164.86,333.55,845.36,-1,-1,-1,-1
123,0,1487.33,170.47,330.93,821.40,-1,-1,-1,-1
124,0,1479.74,171.58,326.28,800.92,-1,-1,-1,-1
125,0,1473.04,179.14,319.25,778.96,-1,-1,-1,-1
125,1,-0.13,235.58,210.26,600.83,-1,-1,-1,-1
126,0,1463.18,189.07,308.51,758.07,-1,-1,-1,-1
126,1,0.96,227.65,220.41,614.89,-1,-1,-1,-1
127,0,1453.78,194.91,294.39,745.91,-1,-1,-1,-1
127,1,2.25,221.10,229.02,616.82,-1,-1,-1,-1
128,0,1442.51,200.10,282.27,726.14,-1,-1,-1,-1
128,1,0.17,223.19,243.45,617.35,-1,-1,-1,-1
129,0,1430.02,199.47,274.58,714.82,-1,-1,-1,-1
129,1,1.36,228.69,251.52,612.18,-1,-1,-1,-1
130,0,1413.91,192.05,266.11,712.57,-1,-1,-1,-1
130,1,6.90,234.33,255.25,612.98,-1,-1,-1,-1
131,0,1398.22,201.67,255.98,691.51,-1,-1,-1,-1
131,1,11.04,236.48,258.70,618.70,-1,-1,-1,-1
132,0,1382.54,200.10,251.67,691.15,-1,-1,-1,-1
132,1,16.71,230.80,263.16,636.82,-1,-1,-1,-1
133,0,1365.57,197.81,245.81,692.85,-1,-1,-1,-1
133,1,22.46,224.18,270.46,654.16,-1,-1,-1,-1
134,0,1346.37,204.36,249.75,681.37,-1,-1,-1,-1
134,1,26.07,219.23,277.93,664.87,-1,-1,-1,-1
135,0,1327.73,205.05,251.74,674.67,-1,-1,-1,-1
135,1,29.15,220.19,293.22,659.55,-1,-1,-1,-1
136,0,1305.04,198.52,258.47,683.82,-1,-1,-1,-1
136,1,30.93,216.50,311.91,666.40,-1,-1,-1,-1
137,0,1286.49,205.97,265.00,663.91,-1,-1,-1,-1
137,1,33.88,212.21,326.90,680.49,-1,-1,-1,-1
138,0,1274.07,209.75,261.63,658.70,-1,-1,-1,-1
138,1,43.66,211.81,327.71,689.86,-1,-1,-1,-1
139,0,1264.84,212.45,255.82,643.66,-1,-1,-1,-1
139,1,50.03,208.52,329.19,701.97,-1,-1,-1,-1
140,0,1265.44,214.86,224.79,624.35,-1,-1,-1,-1
140,1,58.45,205.67,325.78,714.58,-1,-1,-1,-1
141,0,1262.96,211.99,202.27,620.70,-1,-1,-1,-1
141,1,67.02,202.57,317.32,723.34,-1,-1,-1,-1
142,0,1248.74,218.31,193.47,600.05,-1,-1,-1,-1
142,1,71.84,197.54,315.51,730.95,-1,-1,-1,-1
143,0,1238.51,217.86,186.32,601.92,-1,-1,-1,-1
143,1,75.95,193.78,313.27,736.09,-1,-1,-1,-1
144,0,1195.97,218.77,224.81,595.61,-1,-1,-1,-1
144,1,84.55,180.84,309.54,766.58,-1,-1,-1,-1
145,0,1155.72,221.42,262.13,590.82,-1,-1,-1,-1
145,1,89.47,174.48,309.69,791.08,-1,-1,-1,-1
146,0,1133.72,215.11,282.23,600.11,-1,-1,-1,-1
146,1,92.73,166.58,310.19,822.12,-1,-1,-1,-1
147,0,1125.85,219.32,268.28,593.29,-1,-1,-1,-1
147,1,90.97,164.65,318.02,841.35,-1,-1,-1,-1
148,0,1128.85,228.43,233.34,575.37,-1,-1,-1,-1
148,1,88.44,163.00,324.25,865.41,-1,-1,-1,-1
149,0,1115.69,234.28,208.95,561.77,-1,-1,-1,-1
149,1,83.10,162.61,333.81,871.55,-1,-1,-1,-1
150,0,1099.94,227.85,178.12,569.93,-1,-1,-1,-1
150,1,75.82,157.52,347.26,887.56,-1,-1,-1,-1
151,0,1062.62,230.19,195.55,563.31,-1,-1,-1,-1
151,1,68.44,146.40,361.38,911.01,-1,-1,-1,-1
152,0,1027.67,227.76,221.21,565.17,-1,-1,-1,-1
152,1,52.05,132.91,389.67,936.16,-1,-1,-1,-1
153,0,1004.65,228.94,235.94,564.14,-1,-1,-1,-1
153,1,44.70,128.23,405.58,945.96,-1,-1,-1,-1
154,0,979.34,230.35,256.60,561.88,-1,-1,-1,-1
154,1,47.57,129.97,411.10,942.90,-1,-1,-1,-1
155,0,957.19,245.46,271.80,544.48,-1,-1,-1,-1
155,1,54.12,134.12,411.16,936.59,-1,-1,-1,-1
156,0,964.03,234.57,222.90,561.75,-1,-1,-1,-1
156,1,70.33,136.10,401.92,933.42,-1,-1,-1,-1
157,0,961.23,230.05,204.23,567.17,-1,-1,-1,-1
157,1,80.39,134.39,401.74,935.58,-1,-1,-1,-1
158,0,949.16,234.93,197.89,552.74,-1,-1,-1,-1
158,1,95.57,126.62,392.49,944.63,-1,-1,-1,-1
159,0,929.33,237.36,195.17,545.35,-1,-1,-1,-1
159,1,108.78,119.23,387.88,955.55,-1,-1,-1,-1
160,0,912.69,240.03,183.86,539.48,-1,-1,-1,-1
160,1,126.86,106.40,381.29,973.52,-1,-1,-1,-1
161,0,885.73,230.85,194.72,553.90,-1,-1,-1,-1
161,1,138.89,102.67,382.74,968.15,-1,-1,-1,-1
162,0,836.83,234.56,237.75,547.60,-1,-1,-1,-1
162,1,160.23,98.09,374.72,965.26,-1,-1,-1,-1
163,0,806.93,240.08,258.62,541.70,-1,-1,-1,-1
163,1,169.00,101.49,382.62,952.86,-1,-1,-1,-1
164,0,794.75,247.18,257.45,533.58,-1,-1,-1,-1
164,1,178.01,89.12,406.87,970.54,-1,-1,-1,-1
165,0,791.65,253.34,247.22,529.68,-1,-1,-1,-1
165,1,194.91,98.12,409.80,949.22,-1,-1,-1,-1
166,0,787.41,249.33,221.11,538.87,-1,-1,-1,-1
166,1,215.62,97.38,406.83,950.66,-1,-1,-1,-1
167,0,782.12,244.28,200.01,547.57,-1,-1,-1,-1
167,1,240.23,84.25,399.36,968.00,-1,-1,-1,-1
168,0,769.92,243.88,179.02,551.69,-1,-1,-1,-1
168,1,266.91,65.73,407.42,993.73,-1,-1,-1,-1
169,0,740.86,250.03,183.53,543.24,-1,-1,-1,-1
169,1,300.50,50.77,414.99,1021.43,-1,-1,-1,-1
170,0,707.78,251.41,205.51,540.06,-1,-1,-1,-1
170,1,350.88,51.54,411.40,1022.57,-1,-1,-1,-1
171,0,689.47,242.96,210.02,564.13,-1,-1,-1,-1
171,1,404.45,80.73,415.43,983.84,-1,-1,-1,-1
172,0,668.39,239.49,213.62,573.80,-1,-1,-1,-1
172,1,464.27,125.97,413.37,928.67,-1,-1,-1,-1
173,0,647.32,236.02,217.22,583.47,-1,-1,-1,-1
173,1,514.38,151.37,412.82,902.98,-1,-1,-1,-1
174,0,626.24,232.55,220.82,593.14,-1,-1,-1,-1
174,1,572.96,136.60,418.56,924.91,-1,-1,-1,-1
175,0,605.16,229.08,224.42,602.81,-1,-1,-1,-1
175,1,613.07,105.71,418.34,965.00,-1,-1,-1,-1
176,0,598.38,248.66,156.34,554.50,-1,-1,-1,-1
176,1,637.94,99.83,435.05,965.13,-1,-1,-1,-1
177,0,571.24,241.65,174.67,570.39,-1,-1,-1,-1
177,1,730.87,69.37,345.93,1001.69,-1,-1,-1,-1
178,0,540.41,235.89,195.17,586.91,-1,-1,-1,-1
178,1,769.60,56.12,353.20,1022.77,-1,-1,-1,-1
179,0,517.39,239.59,209.19,587.80,-1,-1,-1,-1
179,1,808.33,42.87,360.47,1043.86,-1,-1,-1,-1
180,0,482.11,233.12,241.37,607.45,-1,-1,-1,-1
180,1,853.10,50.64,387.63,1022.43,-1,-1,-1,-1
181,0,445.02,234.67,278.53,612.32,-1,-1,-1,-1
181,1,907.45,42.23,388.61,1035.63,-1,-1,-1,-1
182,0,421.66,240.55,290.62,611.52,-1,-1,-1,-1
182,1,951.68,57.29,395.65,1016.00,-1,-1,-1,-1
183,0,405.78,239.39,287.95,621.30,-1,-1,-1,-1
183,1,996.58,65.99,396.39,1001.79,-1,-1,-1,-1
184,0,405.09,237.86,254.18,631.20,-1,-1,-1,-1
184,1,1050.91,69.69,394.02,992.57,-1,-1,-1,-1
185,0,399.39,235.34,223.00,634.95,-1,-1,-1,-1
185,1,1091.76,49.57,407.48,1019.64,-1,-1,-1,-1
186,0,392.94,230.17,208.46,650.40,-1,-1,-1,-1
186,1,1129.30,32.58,416.80,1040.67,-1,-1,-1,-1
187,0,379.93,228.77,198.86,652.85,-1,-1,-1,-1
187,1,1158.47,40.13,429.67,1029.93,-1,-1,-1,-1
188,0,356.04,230.73,208.84,651.00,-1,-1,-1,-1
188,1,1202.51,36.95,430.80,1032.63,-1,-1,-1,-1
189,0,307.93,228.95,256.16,664.57,-1,-1,-1,-1
189,1,1181.79,46.16,498.71,1021.36,-1,-1,-1,-1
190,0,275.31,220.75,280.39,689.32,-1,-1,-1,-1
190,1,1221.58,46.48,497.53,1018.92,-1,-1,-1,-1
191,0,265.93,213.19,280.66,714.00,-1,-1,-1,-1
191,1,1246.49,66.58,534.70,989.05,-1,-1,-1,-1
192,0,251.73,218.53,292.61,716.00,-1,-1,-1,-1
192,1,1296.94,60.81,471.22,996.08,-1,-1,-1,-1
193,0,239.41,224.43,298.27,713.80,-1,-1,-1,-1
193,1,1331.82,67.98,448.00,980.42,-1,-1,-1,-1
194,0,225.68,229.86,287.76,710.36,-1,-1,-1,-1
194,1,1357.14,65.53,439.11,992.98,-1,-1,-1,-1
195,0,197.33,229.00,301.49,714.66,-1,-1,-1,-1
195,1,1387.41,61.56,414.15,999.33,-1,-1,-1,-1
196,0,146.27,222.75,349.90,725.40,-1,-1,-1,-1
196,1,1409.85,57.00,393.65,1010.05,-1,-1,-1,-1
197,0,98.99,223.20,391.85,735.47,-1,-1,-1,-1
197,1,1425.40,60.52,380.98,1005.42,-1,-1,-1,-1
198,0,68.92,221.53,417.92,748.93,-1,-1,-1,-1
198,1,1433.95,62.09,376.55,1011.19,-1,-1,-1,-1
199,0,36.52,209.81,442.41,790.48,-1,-1,-1,-1
199,1,1438.50,73.54,385.39,1000.19,-1,-1,-1,-1
200,0,22.23,211.65,440.91,804.66,-1,-1,-1,-1
200,1,1451.29,81.96,373.86,985.85,-1,-1,-1,-1
201,0,14.56,212.58,434.69,807.23,-1,-1,-1,-1
201,1,1466.99,90.96,367.77,974.21,-1,-1,-1,-1
202,0,17.91,210.20,412.92,823.40,-1,-1,-1,-1
202,1,1479.36,96.50,368.88,961.41,-1,-1,-1,-1
203,0,19.94,208.24,396.42,840.26,-1,-1,-1,-1
203,1,1488.09,102.13,370.86,947.95,-1,-1,-1,-1
204,0,16.45,203.96,375.99,851.88,-1,-1,-1,-1
204,1,1499.42,106.68,370.17,923.34,-1,-1,-1,-1
205,0,10.62,208.86,370.35,843.92,-1,-1,-1,-1
205,1,1504.98,100.63,370.73,930.27,-1,-1,-1,-1
206,0,5.70,194.97,359.38,871.78,-1,-1,-1,-1
206,1,1504.64,113.72,378.57,895.09,-1,-1,-1,-1
207,0,0.39,187.13,359.54,886.15,-1,-1,-1,-1
207,1,1511.06,120.04,367.71,877.37,-1,-1,-1,-1
208,0,-2.79,186.32,355.86,890.81,-1,-1,-1,-1
208,1,1513.25,126.89,362.99,868.29,-1,-1,-1,-1
209,0,-6.20,187.54,348.24,889.26,-1,-1,-1,-1
209,1,1516.18,140.85,350.18,835.53,-1,-1,-1,-1
210,0,-7.14,186.39,339.54,890.02,-1,-1,-1,-1
210,1,1524.21,147.92,319.83,792.41,-1,-1,-1,-1
211,0,-7.88,185.98,331.37,887.62,-1,-1,-1,-1
211,1,1523.43,147.31,305.60,785.42,-1,-1,-1,-1
212,0,-8.78,178.67,328.05,895.24,-1,-1,-1,-1
212,1,1519.35,148.58,298.89,775.16,-1,-1,-1,-1
213,0,-8.19,178.79,323.68,894.48,-1,-1,-1,-1
213,1,1514.61,149.94,292.35,767.14,-1,-1,-1,-1
214,0,-8.85,178.59,332.04,894.68,-1,-1,-1,-1
214,1,1508.20,150.01,288.50,762.71,-1,-1,-1,-1
215,0,-8.02,167.42,341.60,906.41,-1,-1,-1,-1
215,1,1502.57,152.45,286.52,757.57,-1,-1,-1,-1
216,0,-6.64,159.39,347.41,913.55,-1,-1,-1,-1
216,1,1494.91,153.35,281.42,752.17,-1,-1,-1,-1
217,0,-5.37,146.97,356.33,928.94,-1,-1,-1,-1
217,1,1487.25,153.46,273.19,752.03,-1,-1,-1,-1
218,0,-3.00,134.39,360.94,945.31,-1,-1,-1,-1
218,1,1479.26,159.10,266.13,736.28,-1,-1,-1,-1
219,0,-3.88,134.47,386.51,940.87,-1,-1,-1,-1
219,1,1471.28,168.87,260.46,716.93,-1,-1,-1,-1
220,0,-1.98,127.65,400.71,950.04,-1,-1,-1,-1
220,1,1466.43,175.82,254.93,697.11,-1,-1,-1,-1
221,0,1.72,120.90,411.92,954.44,-1,-1,-1,-1
221,1,1462.96,174.19,243.03,678.58,-1,-1,-1,-1
222,0,0.10,109.05,454.03,966.43,-1,-1,-1,-1
222,1,1461.95,173.00,226.12,667.59,-1,-1,-1,-1
223,0,3.76,98.29,487.75,975.64,-1,-1,-1,-1
223,1,1462.73,176.30,207.82,653.08,-1,-1,-1,-1
224,0,7.84,88.10,527.48,986.73,-1,-1,-1,-1
224,1,1452.40,175.84,200.47,643.47,-1,-1,-1,-1
225,0,17.59,79.15,532.80,996.59,-1,-1,-1,-1
225,1,1426.25,172.53,215.17,643.37,-1,-1,-1,-1
226,0,27.33,70.21,538.12,1006.46,-1,-1,-1,-1
226,1,1393.79,171.51,240.45,637.82,-1,-1,-1,-1
227,0,37.07,61.27,543.44,1016.32,-1,-1,-1,-1
227,1,1376.71,172.90,248.02,631.29,-1,-1,-1,-1
228,0,46.81,52.33,548.77,1026.19,-1,-1,-1,-1
228,1,1369.82,180.72,233.94,616.45,-1,-1,-1,-1
229,0,100.58,259.83,189.76,444.14,-1,-1,-1,-1
229,1,1367.15,187.69,209.79,596.63,-1,-1,-1,-1
230,0,69.64,241.27,203.84,541.32,-1,-1,-1,-1
230,1,1363.81,187.30,181.99,589.67,-1,-1,-1,-1
231,0,65.48,225.04,225.09,591.32,-1,-1,-1,-1
231,1,1345.59,185.51,171.05,591.54,-1,-1,-1,-1
232,0,60.99,216.05,253.10,622.70,-1,-1,-1,-1
232,1,1311.51,187.60,186.55,586.58,-1,-1,-1,-1
233,0,70.07,214.57,271.91,648.93,-1,-1,-1,-1
233,1,1282.40,181.64,202.08,594.63,-1,-1,-1,-1
234,0,88.21,218.92,271.02,659.31,-1,-1,-1,-1
234,1,1240.82,190.97,239.54,578.16,-1,-1,-1,-1
235,0,103.42,216.99,271.16,682.35,-1,-1,-1,-1
235,1,1218.48,203.65,254.87,562.55,-1,-1,-1,-1
236,0,113.04,217.27,274.29,695.51,-1,-1,-1,-1
236,1,1203.36,205.79,260.87,560.55,-1,-1,-1,-1
236,6,499.96,53.55,399.91,1006.87,-1,-1,-1,-1
237,0,121.70,220.29,283.44,697.73,-1,-1,-1,-1
237,1,1196.92,206.50,247.93,560.20,-1,-1,-1,-1
237,6,570.15,41.90,373.23,1031.32,-1,-1,-1,-1
238,0,130.15,220.75,287.95,699.07,-1,-1,-1,-1
238,1,1197.64,216.45,213.42,539.47,-1,-1,-1,-1
238,6,623.59,30.59,374.52,1033.49,-1,-1,-1,-1
239,0,135.86,218.04,289.89,707.26,-1,-1,-1,-1
239,1,1196.24,215.21,170.47,535.56,-1,-1,-1,-1
239,6,690.52,17.72,369.97,1037.29,-1,-1,-1,-1
240,0,140.29,211.38,291.42,724.43,-1,-1,-1,-1
240,1,1182.21,220.69,160.45,527.70,-1,-1,-1,-1
240,6,742.77,17.75,372.74,1027.88,-1,-1,-1,-1
241,0,142.59,208.76,294.45,743.30,-1,-1,-1,-1
241,1,1160.66,221.95,158.60,520.95,-1,-1,-1,-1
241,6,784.93,16.47,394.73,1029.31,-1,-1,-1,-1
242,0,148.82,209.99,292.22,757.81,-1,-1,-1,-1
242,1,1135.98,214.33,170.88,534.43,-1,-1,-1,-1
242,6,841.27,33.54,403.65,1015.76,-1,-1,-1,-1
243,0,150.71,210.55,297.11,776.22,-1,-1,-1,-1
243,1,1116.90,212.65,171.53,536.50,-1,-1,-1,-1
243,6,901.70,32.83,411.80,1021.58,-1,-1,-1,-1
244,0,152.04,212.75,300.28,789.93,-1,-1,-1,-1
244,1,1097.81,210.97,172.19,538.57,-1,-1,-1,-1
244,6,943.80,29.58,424.45,1030.07,-1,-1,-1,-1
245,0,151.51,213.98,304.75,798.70,-1,-1,-1,-1
245,1,1078.73,209.29,172.84,540.65,-1,-1,-1,-1
245,6,995.20,32.74,438.02,1033.32,-1,-1,-1,-1
246,0,150.75,209.94,307.13,811.91,-1,-1,-1,-1
246,1,1059.64,207.61,173.49,542.72,-1,-1,-1,-1
246,6,1044.88,61.76,465.71,1006.01,-1,-1,-1,-1
247,0,148.58,203.07,311.13,825.02,-1,-1,-1,-1
247,6,1103.81,70.55,460.88,995.58,-1,-1,-1,-1
248,0,143.57,197.71,321.50,830.80,-1,-1,-1,-1
248,6,1162.74,79.34,456.05,985.15,-1,-1,-1,-1
249,0,136.65,187.87,335.23,846.69,-1,-1,-1,-1
249,1,1009.42,231.85,139.24,528.16,-1,-1,-1,-1
249,6,1221.67,88.13,451.23,974.72,-1,-1,-1,-1
250,0,133.86,177.56,346.59,870.91,-1,-1,-1,-1
250,1,977.48,226.30,158.99,526.30,-1,-1,-1,-1
250,6,1280.60,96.92,446.40,964.29,-1,-1,-1,-1
251,0,137.00,172.03,349.37,888.07,-1,-1,-1,-1
251,1,945.76,227.69,181.57,521.50,-1,-1,-1,-1
252,0,143.27,169.73,348.66,892.23,-1,-1,-1,-1
252,1,912.75,228.47,210.77,518.92,-1,-1,-1,-1
253,0,147.24,174.64,352.80,884.40,-1,-1,-1,-1
253,1,888.39,233.50,228.55,512.03,-1,-1,-1,-1
254,0,155.69,172.80,351.88,890.46,-1,-1,-1,-1
254,1,871.47,248.73,238.38,493.54,-1,-1,-1,-1
255,0,159.95,169.55,358.35,898.37,-1,-1,-1,-1
255,1,866.92,247.59,225.87,494.21,-1,-1,-1,-1
255,6,1342.88,70.78,530.62,1008.47,-1,-1,-1,-1
256,0,160.46,165.68,373.12,905.52,-1,-1,-1,-1
256,1,864.02,230.16,214.49,520.21,-1,-1,-1,-1
256,6,1369.28,65.06,525.68,1016.46,-1,-1,-1,-1
257,0,165.27,163.00,382.12,905.57,-1,-1,-1,-1
257,1,860.80,220.35,189.46,538.28,-1,-1,-1,-1
257,6,1390.76,67.50,516.29,1008.16,-1,-1,-1,-1
258,0,172.15,149.57,387.27,923.61,-1,-1,-1,-1
258,1,853.15,216.33,164.01,542.60,-1,-1,-1,-1
258,6,1409.73,72.36,507.84,1002.37,-1,-1,-1,-1
259,0,183.72,137.74,392.70,935.71,-1,-1,-1,-1
259,1,820.95,218.61,182.21,535.02,-1,-1,-1,-1
259,6,1430.49,88.57,485.54,975.61,-1,-1,-1,-1
260,0,195.96,137.81,392.24,929.17,-1,-1,-1,-1
260,1,776.71,223.58,212.83,531.22,-1,-1,-1,-1
260,6,1441.63,97.44,474.20,966.51,-1,-1,-1,-1
261,0,209.14,147.75,393.10,906.71,-1,-1,-1,-1
261,1,734.65,224.98,245.22,535.26,-1,-1,-1,-1
261,6,1449.33,112.15,468.83,950.09,-1,-1,-1,-1
262,0,225.46,141.30,393.89,917.67,-1,-1,-1,-1
262,1,702.76,226.30,267.56,543.17,-1,-1,-1,-1
262,6,1452.06,106.36,460.64,964.32,-1,-1,-1,-1
263,0,245.47,136.92,391.42,930.75,-1,-1,-1,-1
263,1,688.90,219.67,253.22,560.72,-1,-1,-1,-1
263,6,1444.70,104.13,468.51,973.20,-1,-1,-1,-1
264,0,269.28,128.04,386.67,945.73,-1,-1,-1,-1
264,1,679.75,217.58,237.68,568.16,-1,-1,-1,-1
264,6,1441.25,103.68,459.52,977.27,-1,-1,-1,-1
265,0,294.35,117.14,385.10,957.05,-1,-1,-1,-1
265,1,678.24,217.88,206.87,571.50,-1,-1,-1,-1
265,6,1430.93,100.83,447.76,981.22,-1,-1,-1,-1
266,0,328.24,110.18,382.85,955.44,-1,-1,-1,-1
266,1,679.29,213.95,177.17,585.53,-1,-1,-1,-1
266,6,1419.89,115.24,438.21,958.84,-1,-1,-1,-1
267,0,354.26,100.84,390.57,962.80,-1,-1,-1,-1
267,1,677.65,215.69,159.84,586.02,-1,-1,-1,-1
267,6,1409.76,115.01,428.46,959.18,-1,-1,-1,-1
268,0,387.13,95.47,402.68,968.31,-1,-1,-1,-1
268,1,674.87,219.53,146.29,579.72,-1,-1,-1,-1
268,6,1406.63,125.88,410.75,941.68,-1,-1,-1,-1
269,0,431.45,82.76,385.68,988.76,-1,-1,-1,-1
269,1,659.17,221.08,146.35,580.04,-1,-1,-1,-1
269,6,1401.45,134.67,389.78,928.68,-1,-1,-1,-1
270,0,470.11,101.55,379.92,964.61,-1,-1,-1,-1
270,1,643.46,222.63,146.41,580.37,-1,-1,-1,-1
270,6,1395.95,145.81,374.71,904.15,-1,-1,-1,-1
271,0,514.35,86.60,364.22,984.63,-1,-1,-1,-1
271,1,627.76,224.17,146.47,580.69,-1,-1,-1,-1
271,6,1392.66,159.56,350.90,877.79,-1,-1,-1,-1
272,0,548.12,82.76,368.81,992.70,-1,-1,-1,-1
272,1,612.06,225.72,146.54,581.02,-1,-1,-1,-1
272,6,1386.56,164.65,338.00,865.47,-1,-1,-1,-1
273,0,573.50,62.46,374.60,1019.75,-1,-1,-1,-1
273,6,1381.28,168.00,320.43,850.35,-1,-1,-1,-1
274,0,578.60,50.40,398.02,1033.94,-1,-1,-1,-1
274,1,558.57,221.07,133.34,601.91,-1,-1,-1,-1
274,6,1373.47,169.05,312.54,843.55,-1,-1,-1,-1
275,0,595.64,50.89,409.61,1025.31,-1,-1,-1,-1
275,1,528.96,221.68,174.11,603.18,-1,-1,-1,-1
275,6,1367.76,168.64,297.19,843.71,-1,-1,-1,-1
276,0,673.77,61.62,356.22,1005.61,-1,-1,-1,-1
276,1,500.74,219.97,199.39,610.77,-1,-1,-1,-1
276,6,1358.23,174.71,290.82,830.62,-1,-1,-1,-1
277,0,727.27,58.01,352.46,1005.14,-1,-1,-1,-1
277,1,455.77,211.24,250.34,634.29,-1,-1,-1,-1
277,6,1348.86,181.58,286.81,809.89,-1,-1,-1,-1
278,0,782.30,48.93,336.66,1018.93,-1,-1,-1,-1
278,1,420.21,205.59,284.65,654.31,-1,-1,-1,-1
278,6,1338.02,189.83,286.26,778.72,-1,-1,-1,-1
279,0,828.76,53.29,331.63,1008.08,-1,-1,-1,-1
279,1,389.64,207.76,311.53,657.02,-1,-1,-1,-1
279,6,1327.85,196.40,282.78,765.25,-1,-1,-1,-1
280,0,874.72,45.32,314.88,1025.39,-1,-1,-1,-1
280,1,372.61,207.08,316.65,667.13,-1,-1,-1,-1
280,6,1318.21,200.24,274.75,742.41,-1,-1,-1,-1
281,0,906.26,45.49,328.45,1019.22,-1,-1,-1,-1
281,1,367.52,208.92,301.30,661.72,-1,-1,-1,-1
281,6,1311.92,199.48,259.73,728.00,-1,-1,-1,-1
282,0,936.18,46.51,351.22,1017.59,-1,-1,-1,-1
282,1,380.67,203.91,266.31,673.96,-1,-1,-1,-1
282,6,1306.50,203.97,242.75,712.16,-1,-1,-1,-1
283,0,983.96,32.74,343.17,1037.74,-1,-1,-1,-1
283,1,381.05,201.50,254.08,684.84,-1,-1,-1,-1
283,6,1299.43,196.85,229.68,707.16,-1,-1,-1,-1
284,0,1019.39,21.19,356.53,1047.87,-1,-1,-1,-1
284,1,378.04,195.35,252.30,698.84,-1,-1,-1,-1
284,6,1291.88,197.05,224.51,692.11,-1,-1,-1,-1
285,0,1051.02,25.45,409.90,1033.62,-1,-1,-1,-1
285,1,371.91,194.02,253.31,704.95,-1,-1,-1,-1
285,6,1269.97,170.48,234.53,726.97,-1,-1,-1,-1
286,0,1099.91,17.56,413.01,1051.87,-1,-1,-1,-1
286,1,366.03,191.51,254.86,717.65,-1,-1,-1,-1
286,6,1255.39,159.99,237.34,735.70,-1,-1,-1,-1
287,0,1132.00,15.37,456.54,1051.52,-1,-1,-1,-1
287,1,358.96,188.28,260.15,734.39,-1,-1,-1,-1
287,6,1240.81,149.50,240.14,744.44,-1,-1,-1,-1
288,0,1177.51,11.25,458.29,1055.52,-1,-1,-1,-1
288,1,352.05,192.88,265.89,735.44,-1,-1,-1,-1
288,6,1226.23,139.01,242.95,753.17,-1,-1,-1,-1
289,0,1208.87,132.24,477.95,906.83,-1,-1,-1,-1
289,1,346.84,194.92,268.73,743.36,-1,-1,-1,-1
289,6,1211.65,128.52,245.75,761.91,-1,-1,-1,-1
290,0,1268.13,164.64,450.43,854.53,-1,-1,-1,-1
290,1,338.99,194.13,273.77,757.41,-1,-1,-1,-1
291,0,1327.40,197.03,422.90,802.22,-1,-1,-1,-1
291,1,326.17,185.49,278.25,784.54,-1,-1,-1,-1
291,6,1200.02,252.76,149.74,577.00,-1,-1,-1,-1
292,0,1386.67,229.43,395.37,749.91,-1,-1,-1,-1
292,1,308.29,187.78,292.43,789.68,-1,-1,-1,-1
292,6,1167.95,218.96,173.04,618.92,-1,-1,-1,-1
293,0,1318.21,66.06,515.70,1011.25,-1,-1,-1,-1
293,1,296.39,183.01,304.53,797.29,-1,-1,-1,-1
293,6,1136.69,217.15,190.92,618.50,-1,-1,-1,-1
294,0,1361.77,54.85,493.28,1016.90,-1,-1,-1,-1
294,1,282.60,181.33,318.38,803.31,-1,-1,-1,-1
294,6,1106.91,217.08,212.00,617.11,-1,-1,-1,-1
295,0,1390.19,46.39,497.53,1022.97,-1,-1,-1,-1
295,1,270.33,171.14,334.74,823.46,-1,-1,-1,-1
295,6,1076.50,210.90,238.61,627.07,-1,-1,-1,-1
296,0,1421.87,44.66,481.69,1025.88,-1,-1,-1,-1
296,1,262.18,161.40,346.01,859.24,-1,-1,-1,-1
296,6,1060.14,215.68,247.80,620.37,-1,-1,-1,-1
297,0,1445.30,46.41,473.02,1026.78,-1,-1,-1,-1
297,1,257.51,157.65,350.21,876.79,-1,-1,-1,-1
297,6,1044.15,223.37,256.47,610.44,-1,-1,-1,-1
298,0,1460.64,52.74,472.28,1013.02,-1,-1,-1,-1
298,1,260.11,159.04,345.03,882.64,-1,-1,-1,-1
298,6,1037.93,229.67,239.68,599.63,-1,-1,-1,-1
299,0,1481.05,55.21,461.07,1016.34,-1,-1,-1,-1
299,1,266.46,156.00,335.73,890.19,-1,-1,-1,-1
299,6,1034.76,237.66,208.39,573.72,-1,-1,-1,-1
300,0,1501.60,75.03,441.89,984.51,-1,-1,-1,-1
300,1,269.74,152.25,332.90,895.91,-1,-1,-1,-1
300,6,1019.49,229.44,192.38,579.51,-1,-1,-1,-1
301,0,1517.58,73.88,422.79,990.21,-1,-1,-1,-1
301,1,271.03,139.73,336.35,917.99,-1,-1,-1,-1
301,6,1003.03,234.20,177.03,564.10,-1,-1,-1,-1
302,0,1524.72,66.37,417.88,1007.52,-1,-1,-1,-1
302,1,273.69,135.46,339.46,929.31,-1,-1,-1,-1
302,6,988.83,234.85,170.37,567.27,-1,-1,-1,-1
303,0,1531.48,78.69,407.70,987.81,-1,-1,-1,-1
303,1,282.55,134.27,336.30,933.16,-1,-1,-1,-1
303,6,962.19,226.72,193.51,582.60,-1,-1,-1,-1
304,0,1542.92,80.90,393.93,988.34,-1,-1,-1,-1
304,1,287.41,132.07,344.51,936.95,-1,-1,-1,-1
304,6,928.02,229.06,228.28,575.00,-1,-1,-1,-1
305,0,1557.34,85.43,376.81,986.43,-1,-1,-1,-1
305,1,295.67,129.63,348.62,942.95,-1,-1,-1,-1
305,6,901.06,230.35,250.83,571.82,-1,-1,-1,-1
306,0,1568.41,91.27,364.17,979.75,-1,-1,-1,-1
306,1,310.32,128.83,339.96,942.86,-1,-1,-1,-1
306,6,879.63,229.85,260.71,581.21,-1,-1,-1,-1
307,0,1574.74,95.66,356.98,973.56,-1,-1,-1,-1
307,1,316.57,131.08,351.01,936.16,-1,-1,-1,-1
307,6,872.20,230.18,241.51,582.72,-1,-1,-1,-1
308,0,1577.52,95.57,353.54,975.43,-1,-1,-1,-1
308,1,329.80,120.89,348.48,939.97,-1,-1,-1,-1
308,6,864.68,233.41,221.79,574.92,-1,-1,-1,-1
309,0,1582.18,95.43,346.36,971.15,-1,-1,-1,-1
309,1,345.17,121.53,343.96,932.86,-1,-1,-1,-1
309,6,852.23,234.56,198.17,575.79,-1,-1,-1,-1
310,0,1582.48,100.82,344.28,955.58,-1,-1,-1,-1
310,1,363.23,108.05,349.42,953.78,-1,-1,-1,-1
310,6,836.55,235.81,184.43,569.01,-1,-1,-1,-1
311,0,1582.51,111.48,336.81,939.07,-1,-1,-1,-1
311,1,388.35,94.64,350.93,976.69,-1,-1,-1,-1
311,6,803.83,232.36,201.11,578.61,-1,-1,-1,-1
312,0,1576.30,117.54,337.03,931.17,-1,-1,-1,-1
312,1,415.17,79.63,349.15,994.79,-1,-1,-1,-1
312,6,770.56,227.21,221.53,594.74,-1,-1,-1,-1
313,0,1573.70,126.14,331.12,919.56,-1,-1,-1,-1
313,1,438.35,84.52,350.93,983.67,-1,-1,-1,-1
313,6,746.44,234.55,236.14,586.77,-1,-1,-1,-1
314,0,1562.08,137.35,332.25,891.02,-1,-1,-1,-1
314,1,468.04,80.95,342.96,989.25,-1,-1,-1,-1
314,6,738.14,238.38,236.24,589.12,-1,-1,-1,-1
315,0,1547.62,140.86,340.93,883.22,-1,-1,-1,-1
315,1,498.52,98.48,343.41,968.64,-1,-1,-1,-1
315,6,737.60,229.19,209.99,604.25,-1,-1,-1,-1
316,0,1539.20,151.91,336.48,860.29,-1,-1,-1,-1
316,1,520.70,93.82,372.25,977.12,-1,-1,-1,-1
316,6,719.16,226.54,212.67,611.97,-1,-1,-1,-1
317,0,1529.98,159.13,324.90,846.96,-1,-1,-1,-1
317,1,552.48,82.01,350.55,989.30,-1,-1,-1,-1
317,6,700.72,223.88,215.34,619.70,-1,-1,-1,-1
318,0,1514.51,164.39,323.75,833.60,-1,-1,-1,-1
318,1,597.15,79.28,311.72,986.65,-1,-1,-1,-1
318,6,682.27,221.23,218.02,627.43,-1,-1,-1,-1
319,0,1508.98,168.76,301.02,819.13,-1,-1,-1,-1
319,1,626.90,71.62,295.53,977.81,-1,-1,-1,-1
319,6,663.83,218.57,220.69,635.15,-1,-1,-1,-1
320,0,1498.20,170.76,288.31,811.46,-1,-1,-1,-1
320,1,626.10,91.19,338.45,945.52,-1,-1,-1,-1
321,0,1484.13,170.71,280.67,807.92,-1,-1,-1,-1
321,1,613.94,74.00,394.57,976.09,-1,-1,-1,-1
321,6,586.76,236.20,187.09,632.60,-1,-1,-1,-1
322,0,1468.82,176.49,274.93,799.26,-1,-1,-1,-1
322,1,677.55,74.29,362.48,981.86,-1,-1,-1,-1
322,6,540.34,230.46,243.60,653.20,-1,-1,-1,-1
323,0,1453.69,186.75,260.22,758.07,-1,-1,-1,-1
323,1,731.88,97.29,354.04,958.74,-1,-1,-1,-1
323,6,510.50,230.78,274.21,664.11,-1,-1,-1,-1
324,0,1440.25,181.55,239.74,741.40,-1,-1,-1,-1
324,1,783.67,106.76,343.05,951.93,-1,-1,-1,-1
324,6,492.20,231.30,285.84,672.40,-1,-1,-1,-1
325,0,1427.31,173.27,230.34,733.95,-1,-1,-1,-1
325,1,819.95,94.94,339.38,972.19,-1,-1,-1,-1
325,6,483.08,230.73,288.97,682.31,-1,-1,-1,-1
326,0,1410.40,158.14,222.57,748.83,-1,-1,-1,-1
326,1,846.06,93.06,345.65,968.41,-1,-1,-1,-1
326,6,479.28,226.90,277.83,694.25,-1,-1,-1,-1
327,0,1389.70,164.12,222.10,730.72,-1,-1,-1,-1
327,1,876.18,76.02,338.10,988.59,-1,-1,-1,-1
327,6,477.65,223.75,270.09,705.28,-1,-1,-1,-1
328,0,1366.19,168.26,228.14,711.32,-1,-1,-1,-1
328,1,925.55,70.06,321.30,988.17,-1,-1,-1,-1
328,6,473.54,221.89,263.85,705.24,-1,-1,-1,-1
329,0,1325.80,169.94,262.65,705.95,-1,-1,-1,-1
329,1,970.79,62.64,317.01,997.49,-1,-1,-1,-1
329,6,462.31,216.69,267.95,721.79,-1,-1,-1,-1
330,0,1292.36,176.86,288.18,699.08,-1,-1,-1,-1
330,1,993.86,74.11,369.52,980.50,-1,-1,-1,-1
330,6,440.13,211.99,282.79,743.26,-1,-1,-1,-1
331,0,1276.54,192.13,286.74,670.72,-1,-1,-1,-1
331,1,1028.04,142.06,456.77,846.06,-1,-1,-1,-1
331,6,434.80,214.22,276.24,753.87,-1,-1,-1,-1
332,0,1261.08,198.49,279.26,653.20,-1,-1,-1,-1
332,1,1116.14,182.65,410.19,770.00,-1,-1,-1,-1
332,6,421.32,216.65,281.50,762.33,-1,-1,-1,-1
333,0,1245.63,204.85,271.79,635.69,-1,-1,-1,-1
333,1,1117.03,100.29,472.79,922.45,-1,-1,-1,-1
333,6,402.51,215.14,292.29,778.24,-1,-1,-1,-1
334,0,1230.17,211.21,264.31,618.17,-1,-1,-1,-1
334,1,1137.78,79.57,494.24,971.44,-1,-1,-1,-1
334,6,382.58,212.91,304.08,794.13,-1,-1,-1,-1
335,0,1214.72,217.57,256.83,600.65,-1,-1,-1,-1
335,1,1155.29,70.04,512.68,993.59,-1,-1,-1,-1
335,6,359.84,207.16,322.23,808.99,-1,-1,-1,-1
336,1,1188.43,68.09,481.16,991.98,-1,-1,-1,-1
336,6,334.68,209.32,341.89,809.30,-1,-1,-1,-1
337,1,1215.60,85.38,434.26,974.28,-1,-1,-1,-1
337,6,318.62,210.67,351.88,808.83,-1,-1,-1,-1
338,1,1220.50,62.70,412.11,1013.54,-1,-1,-1,-1
338,6,305.09,206.96,364.12,819.20,-1,-1,-1,-1
339,0,1135.50,214.15,172.50,595.66,-1,-1,-1,-1
339,1,1202.57,56.98,432.77,1016.45,-1,-1,-1,-1
339,6,297.58,199.42,366.13,842.80,-1,-1,-1,-1
340,0,1105.85,210.53,213.71,607.81,-1,-1,-1,-1
340,1,1215.85,53.81,419.05,1024.85,-1,-1,-1,-1
340,6,295.33,196.31,362.25,855.85,-1,-1,-1,-1
341,0,1074.55,208.73,252.77,614.13,-1,-1,-1,-1
341,1,1224.70,69.19,411.30,1004.53,-1,-1,-1,-1
341,6,296.98,202.24,360.56,857.61,-1,-1,-1,-1
342,0,1059.41,210.76,262.79,615.80,-1,-1,-1,-1
342,1,1249.98,79.79,392.46,994.89,-1,-1,-1,-1
342,6,303.81,208.22,355.26,849.13,-1,-1,-1,-1
343,0,1054.80,209.30,244.07,619.96,-1,-1,-1,-1
343,1,1272.85,85.51,377.40,982.40,-1,-1,-1,-1
343,6,316.33,204.59,349.04,856.53,-1,-1,-1,-1
344,0,1050.96,217.81,207.67,599.08,-1,-1,-1,-1
344,1,1295.78,92.40,368.67,975.04,-1,-1,-1,-1
344,6,328.28,197.42,347.29,869.65,-1,-1,-1,-1
345,0,1040.10,208.83,167.61,607.00,-1,-1,-1,-1
345,1,1315.80,100.43,367.57,959.91,-1,-1,-1,-1
345,6,335.97,189.01,357.09,887.20,-1,-1,-1,-1
346,0,1020.08,209.02,162.53,599.61,-1,-1,-1,-1
346,1,1329.66,103.25,365.81,949.76,-1,-1,-1,-1
346,6,343.95,184.19,364.78,895.72,-1,-1,-1,-1
347,0,998.63,204.92,167.87,607.86,-1,-1,-1,-1
347,1,1340.50,109.03,369.30,938.98,-1,-1,-1,-1
347,6,349.71,180.36,379.24,897.25,-1,-1,-1,-1
348,0,959.48,206.79,203.64,605.86,-1,-1,-1,-1
348,1,1343.12,106.08,378.64,929.20,-1,-1,-1,-1
348,6,360.68,183.81,390.35,890.09,-1,-1,-1,-1
349,0,915.99,214.59,246.72,594.02,-1,-1,-1,-1
349,1,1345.12,101.53,387.74,925.86,-1,-1,-1,-1
349,6,370.54,184.78,404.11,881.62,-1,-1,-1,-1
350,0,886.83,218.29,271.28,595.92,-1,-1,-1,-1
350,1,1355.47,105.33,374.55,910.70,-1,-1,-1,-1
350,6,383.60,183.75,408.90,884.40,-1,-1,-1,-1
351,0,871.08,225.62,276.18,589.65,-1,-1,-1,-1
351,1,1363.07,112.24,359.06,883.86,-1,-1,-1,-1
351,6,396.78,181.42,410.74,890.90,-1,-1,-1,-1
352,0,864.31,232.42,264.45,573.86,-1,-1,-1,-1
352,1,1365.88,118.28,343.75,870.89,-1,-1,-1,-1
352,6,413.92,177.34,409.30,892.66,-1,-1,-1,-1
353,0,856.30,231.22,237.32,564.05,-1,-1,-1,-1
353,1,1365.68,123.04,334.39,862.12,-1,-1,-1,-1
353,6,439.01,177.01,390.15,885.48,-1,-1,-1,-1
354,0,848.51,241.89,197.45,547.56,-1,-1,-1,-1
354,1,1365.40,122.50,321.08,861.33,-1,-1,-1,-1
354,6,468.62,159.21,371.86,911.34,-1,-1,-1,-1
355,0,840.91,236.87,160.97,554.05,-1,-1,-1,-1
355,1,1364.21,131.17,313.01,844.11,-1,-1,-1,-1
355,6,491.64,146.47,361.46,931.26,-1,-1,-1,-1
356,0,822.89,229.70,143.70,566.36,-1,-1,-1,-1
356,1,1361.31,135.84,303.99,833.10,-1,-1,-1,-1
356,6,518.95,139.01,354.84,935.65,-1,-1,-1,-1
357,0,805.71,230.04,138.75,561.92,-1,-1,-1,-1
357,1,1354.15,133.66,301.28,828.10,-1,-1,-1,-1
357,6,544.69,136.78,365.06,939.56,-1,-1,-1,-1
358,0,783.91,229.39,138.69,561.81,-1,-1,-1,-1
358,1,1348.93,133.87,297.08,830.96,-1,-1,-1,-1
358,6,570.67,128.17,365.55,945.15,-1,-1,-1,-1
359,0,762.12,228.73,138.63,561.70,-1,-1,-1,-1
359,1,1342.14,136.72,300.37,822.34,-1,-1,-1,-1
359,6,597.15,124.96,361.37,949.58,-1,-1,-1,-1
360,0,740.33,228.08,138.58,561.59,-1,-1,-1,-1
360,1,1336.37,139.83,295.39,817.17,-1,-1,-1,-1
360,6,635.23,131.34,343.47,940.85,-1,-1,-1,-1
361,0,718.54,227.42,138.52,561.47,-1,-1,-1,-1
361,1,1331.73,147.14,282.19,795.88,-1,-1,-1,-1
361,6,659.48,114.01,352.77,964.74,-1,-1,-1,-1
362,1,1323.84,150.44,275.89,785.49,-1,-1,-1,-1
362,6,672.67,119.72,380.16,956.22,-1,-1,-1,-1
363,0,676.20,233.38,140.71,561.03,-1,-1,-1,-1
363,1,1316.59,155.44,267.99,776.18,-1,-1,-1,-1
363,6,689.77,111.46,396.32,967.22,-1,-1,-1,-1
364,0,653.17,227.58,159.66,579.53,-1,-1,-1,-1
364,1,1311.73,164.41,251.94,751.66,-1,-1,-1,-1
364,6,720.48,106.60,396.48,964.88,-1,-1,-1,-1
365,0,626.78,228.69,171.81,577.76,-1,-1,-1,-1
365,1,1308.00,173.16,234.25,726.70,-1,-1,-1,-1
365,6,801.58,101.87,328.22,958.04,-1,-1,-1,-1
366,0,609.52,221.63,170.74,592.44,-1,-1,-1,-1
366,1,1303.62,169.84,222.29,719.58,-1,-1,-1,-1
366,6,850.04,106.42,318.71,956.80,-1,-1,-1,-1
367,0,580.51,220.64,186.34,602.88,-1,-1,-1,-1
367,1,1300.26,171.03,203.37,712.28,-1,-1,-1,-1
367,6,889.43,137.45,329.84,917.24,-1,-1,-1,-1
368,0,543.11,224.99,218.11,601.40,-1,-1,-1,-1
368,1,1286.95,166.73,199.86,714.61,-1,-1,-1,-1
368,6,929.45,136.09,322.03,924.59,-1,-1,-1,-1
369,0,504.07,227.12,256.82,606.54,-1,-1,-1,-1
369,1,1260.50,160.73,215.07,720.79,-1,-1,-1,-1
369,6,954.29,133.45,340.48,930.14,-1,-1,-1,-1
370,0,479.80,226.72,274.38,619.33,-1,-1,-1,-1
370,1,1254.38,164.15,208.83,712.30,-1,-1,-1,-1
370,6,987.23,157.14,338.66,903.19,-1,-1,-1,-1
371,0,467.99,228.12,275.92,626.09,-1,-1,-1,-1
371,1,1250.86,161.04,201.59,724.23,-1,-1,-1,-1
371,6,1020.03,148.73,339.31,920.84,-1,-1,-1,-1
372,0,458.49,231.34,272.44,628.86,-1,-1,-1,-1
372,1,1239.37,157.90,202.48,727.52,-1,-1,-1,-1
372,6,1053.04,124.41,358.95,957.30,-1,-1,-1,-1
373,0,454.72,231.11,256.69,632.31,-1,-1,-1,-1
373,1,1227.87,154.75,203.37,730.81,-1,-1,-1,-1
373,6,1090.17,121.86,373.17,904.77,-1,-1,-1,-1
374,0,450.60,228.25,231.24,642.65,-1,-1,-1,-1
374,1,1216.38,151.61,204.26,734.10,-1,-1,-1,-1
374,6,1120.89,99.36,412.51,950.81,-1,-1,-1,-1
375,0,444.15,227.40,219.61,639.75,-1,-1,-1,-1
375,1,1204.89,148.46,205.15,737.39,-1,-1,-1,-1
375,6,1146.00,92.09,447.66,964.52,-1,-1,-1,-1
376,0,434.46,225.92,212.84,640.34,-1,-1,-1,-1
376,6,1168.00,88.39,478.35,951.84,-1,-1,-1,-1
377,0,417.82,226.49,216.26,638.20,-1,-1,-1,-1
377,6,1180.34,93.21,504.37,963.23,-1,-1,-1,-1
378,0,400.12,223.08,223.80,647.82,-1,-1,-1,-1
378,6,1174.50,93.52,535.58,974.18,-1,-1,-1,-1
379,0,377.94,218.86,238.62,674.12,-1,-1,-1,-1
379,1,1099.70,182.43,193.31,638.70,-1,-1,-1,-1
379,6,1204.36,89.00,540.14,982.40,-1,-1,-1,-1
380,0,359.21,218.07,249.17,689.52,-1,-1,-1,-1
380,1,1073.46,185.03,211.85,630.86,-1,-1,-1,-1
380,6,1205.26,105.07,522.67,954.89,-1,-1,-1,-1
381,0,346.17,218.23,254.59,703.50,-1,-1,-1,-1
381,1,1045.41,188.73,237.19,634.15,-1,-1,-1,-1
381,6,1250.20,109.69,457.48,959.51,-1,-1,-1,-1
382,0,328.83,218.38,265.84,715.41,-1,-1,-1,-1
382,1,1027.12,197.09,248.96,627.98,-1,-1,-1,-1
382,6,1285.52,122.08,419.23,949.47,-1,-1,-1,-1
383,0,311.56,218.45,274.48,725.06,-1,-1,-1,-1
383,1,1019.79,206.79,240.54,612.41,-1,-1,-1,-1
383,6,1312.14,122.44,401.89,950.93,-1,-1,-1,-1
384,0,294.75,218.94,282.49,729.46,-1,-1,-1,-1
384,1,1021.60,201.53,202.20,619.20,-1,-1,-1,-1
384,6,1336.77,124.42,388.11,953.12,-1,-1,-1,-1
385,0,283.72,217.89,283.36,734.91,-1,-1,-1,-1
385,1,1017.62,200.02,179.45,617.36,-1,-1,-1,-1
385,6,1350.62,133.58,381.92,942.66,-1,-1,-1,-1
386,0,271.40,211.28,286.50,748.51,-1,-1,-1,-1
386,1,1002.72,203.73,171.65,608.88,-1,-1,-1,-1
386,6,1369.65,139.73,378.56,933.65,-1,-1,-1,-1
387,0,250.59,206.04,301.26,764.87,-1,-1,-1,-1
387,1,982.54,211.02,171.56,590.66,-1,-1,-1,-1
387,6,1384.22,142.01,381.26,934.52,-1,-1,-1,-1
388,0,236.46,198.54,308.87,789.67,-1,-1,-1,-1
388,1,955.58,199.83,186.04,608.53,-1,-1,-1,-1
388,6,1397.12,147.72,386.30,929.74,-1,-1,-1,-1
389,0,225.79,192.67,314.48,817.99,-1,-1,-1,-1
389,1,920.12,201.05,218.16,602.91,-1,-1,-1,-1
389,6,1413.11,154.14,381.06,922.43,-1,-1,-1,-1
390,0,217.51,190.58,320.52,842.93,-1,-1,-1,-1
390,1,882.13,199.27,250.56,607.37,-1,-1,-1,-1
390,6,1428.91,147.02,370.56,932.57,-1,-1,-1,-1
391,0,214.09,189.52,322.08,857.90,-1,-1,-1,-1
391,1,862.28,207.82,257.47,593.93,-1,-1,-1,-1
391,6,1437.57,146.99,374.06,920.79,-1,-1,-1,-1
392,0,212.53,193.57,323.37,865.34,-1,-1,-1,-1
392,1,851.17,204.72,256.13,601.17,-1,-1,-1,-1
392,6,1430.15,138.75,391.27,927.13,-1,-1,-1,-1
393,0,210.70,190.51,331.17,877.14,-1,-1,-1,-1
393,1,845.24,200.42,248.96,606.48,-1,-1,-1,-1
393,6,1428.20,135.25,389.51,923.61,-1,-1,-1,-1
394,0,211.97,188.02,333.65,879.32,-1,-1,-1,-1
394,1,841.52,195.44,233.65,614.14,-1,-1,-1,-1
394,6,1422.78,134.76,393.79,914.52,-1,-1,-1,-1
395,0,210.18,180.46,342.35,890.85,-1,-1,-1,-1
395,1,842.86,193.29,192.54,626.50,-1,-1,-1,-1
395,6,1418.23,142.46,394.55,894.84,-1,-1,-1,-1
396,0,210.24,175.28,348.61,896.52,-1,-1,-1,-1
396,1,819.88,202.52,188.42,609.30,-1,-1,-1,-1
396,6,1419.43,150.52,382.46,871.87,-1,-1,-1,-1
397,0,212.76,166.47,350.48,912.05,-1,-1,-1,-1
397,1,791.09,208.51,196.22,597.40,-1,-1,-1,-1
397,6,1424.12,156.19,359.21,853.13,-1,-1,-1,-1
398,0,219.90,160.86,349.74,922.43,-1,-1,-1,-1
398,1,753.32,217.04,220.93,585.81,-1,-1,-1,-1
398,6,1428.35,164.08,329.52,843.55,-1,-1,-1,-1
399,0,219.18,161.26,357.52,913.27,-1,-1,-1,-1
399,1,725.66,222.29,235.12,580.05,-1,-1,-1,-1
399,6,1427.65,167.72,314.56,836.64,-1,-1,-1,-1
400,0,220.46,163.63,362.26,911.93,-1,-1,-1,-1
400,1,700.43,231.08,254.18,576.84,-1,-1,-1,-1
400,6,1425.68,178.14,297.31,799.60,-1,-1,-1,-1
401,0,220.84,170.07,369.01,896.83,-1,-1,-1,-1
401,1,691.19,220.98,249.94,596.13,-1,-1,-1,-1
401,6,1418.24,174.43,285.91,788.50,-1,-1,-1,-1
402,0,223.52,165.10,374.50,895.93,-1,-1,-1,-1
402,1,680.02,213.49,248.61,610.40,-1,-1,-1,-1
402,6,1404.92,175.43,282.16,770.53,-1,-1,-1,-1
403,0,233.61,158.37,368.36,904.76,-1,-1,-1,-1
403,1,671.00,221.81,233.87,599.07,-1,-1,-1,-1
403,6,1389.86,181.53,271.94,749.16,-1,-1,-1,-1
404,0,238.64,147.91,373.81,925.52,-1,-1,-1,-1
404,1,663.43,212.83,203.65,609.65,-1,-1,-1,-1
404,6,1372.30,177.29,272.35,755.29,-1,-1,-1,-1
405,0,246.83,132.61,377.77,942.54,-1,-1,-1,-1
405,1,647.50,205.14,192.09,624.59,-1,-1,-1,-1
405,6,1359.93,178.73,264.04,754.79,-1,-1,-1,-1
406,0,257.13,119.30,387.09,952.89,-1,-1,-1,-1
406,1,623.10,197.45,199.93,638.46,-1,-1,-1,-1
406,6,1333.85,188.00,277.25,731.49,-1,-1,-1,-1
407,0,273.50,113.76,391.68,957.12,-1,-1,-1,-1
407,1,611.21,199.69,196.95,632.37,-1,-1,-1,-1
407,6,1317.97,206.09,270.87,688.03,-1,-1,-1,-1
408,0,291.49,118.63,390.25,948.35,-1,-1,-1,-1
408,1,603.51,203.80,198.77,621.85,-1,-1,-1,-1
408,6,1304.34,203.16,268.36,685.07,-1,-1,-1,-1
409,0,309.60,111.70,423.10,959.05,-1,-1,-1,-1
409,1,595.09,211.14,199.93,605.69,-1,-1,-1,-1
409,6,1294.23,201.25,262.93,683.36,-1,-1,-1,-1
410,0,347.44,108.40,412.80,958.78,-1,-1,-1,-1
410,1,583.37,197.24,197.58,622.53,-1,-1,-1,-1
410,6,1296.80,200.09,237.91,674.54,-1,-1,-1,-1
411,0,384.78,110.24,377.04,953.03,-1,-1,-1,-1
411,1,568.80,194.61,198.46,625.35,-1,-1,-1,-1
411,6,1296.57,202.91,218.90,652.23,-1,-1,-1,-1
412,0,426.44,101.08,343.54,968.75,-1,-1,-1,-1
412,1,554.22,191.97,199.34,628.17,-1,-1,-1,-1
412,6,1289.70,197.30,206.56,653.17,-1,-1,-1,-1
413,0,451.45,91.43,333.46,979.84,-1,-1,-1,-1
413,1,539.64,189.34,200.22,630.99,-1,-1,-1,-1
413,6,1281.77,195.17,201.46,653.81,-1,-1,-1,-1
414,0,475.02,90.42,338.77,977.45,-1,-1,-1,-1
414,1,525.07,186.70,201.10,633.81,-1,-1,-1,-1
414,6,1262.44,193.97,211.66,653.46,-1,-1,-1,-1
415,0,487.95,82.98,366.77,985.36,-1,-1,-1,-1
415,6,1214.89,188.77,255.57,656.20,-1,-1,-1,-1
416,0,481.05,75.44,421.15,987.78,-1,-1,-1,-1
416,1,448.47,193.91,222.56,671.70,-1,-1,-1,-1
416,6,1185.26,196.80,283.66,639.77,-1,-1,-1,-1
417,0,545.93,62.63,387.68,1006.01,-1,-1,-1,-1
417,1,418.89,180.32,233.31,701.82,-1,-1,-1,-1
417,6,1175.57,206.94,284.41,628.36,-1,-1,-1,-1
418,0,607.84,57.36,374.01,1017.09,-1,-1,-1,-1
418,1,407.35,184.66,236.92,711.53,-1,-1,-1,-1
418,6,1167.30,203.93,274.67,631.06,-1,-1,-1,-1
419,0,674.29,54.75,354.64,1015.13,-1,-1,-1,-1
419,1,399.34,190.40,237.56,717.61,-1,-1,-1,-1
419,6,1162.35,213.66,250.24,609.36,-1,-1,-1,-1
420,0,718.87,67.29,352.45,994.33,-1,-1,-1,-1
420,1,384.10,190.52,252.59,728.70,-1,-1,-1,-1
420,6,1155.71,210.32,227.10,613.43,-1,-1,-1,-1
421,0,771.15,53.39,337.60,1018.61,-1,-1,-1,-1
421,1,368.23,193.82,263.10,730.57,-1,-1,-1,-1
421,6,1141.40,213.49,204.60,606.33,-1,-1,-1,-1
422,0,811.47,62.00,344.97,999.47,-1,-1,-1,-1
422,1,350.20,195.94,268.10,731.43,-1,-1,-1,-1
422,6,1115.40,212.14,197.66,612.98,-1,-1,-1,-1
423,0,857.04,47.39,361.99,1025.04,-1,-1,-1,-1
423,1,330.30,197.11,275.02,734.53,-1,-1,-1,-1
423,6,1108.89,208.05,177.61,612.69,-1,-1,-1,-1
424,0,907.51,45.51,359.84,1024.34,-1,-1,-1,-1
424,1,299.50,185.51,297.53,758.48,-1,-1,-1,-1
424,6,1090.00,206.83,177.53,612.48,-1,-1,-1,-1
425,0,944.87,46.98,360.24,1017.93,-1,-1,-1,-1
425,1,274.27,180.09,317.61,776.05,-1,-1,-1,-1
425,6,1071.11,205.60,177.44,612.27,-1,-1,-1,-1
426,0,975.78,20.90,387.30,1056.18,-1,-1,-1,-1
426,1,249.54,181.71,340.06,789.90,-1,-1,-1,-1
426,6,1052.22,204.38,177.36,612.06,-1,-1,-1,-1
427,0,1003.17,35.39,443.28,1026.74,-1,-1,-1,-1
427,1,241.54,165.44,335.05,838.62,-1,-1,-1,-1
427,6,1033.33,203.15,177.28,611.85,-1,-1,-1,-1
428,0,1049.14,35.00,441.65,1022.92,-1,-1,-1,-1
428,1,231.61,170.20,343.59,846.17,-1,-1,-1,-1
429,0,1095.10,34.60,440.03,1019.10,-1,-1,-1,-1
429,1,235.87,172.96,332.76,848.95,-1,-1,-1,-1
429,6,1017.02,224.33,136.82,563.10,-1,-1,-1,-1
430,0,1141.06,34.21,438.41,1015.28,-1,-1,-1,-1
430,1,241.31,173.37,323.65,850.98,-1,-1,-1,-1
430,6,1004.00,229.61,138.95,558.73,-1,-1,-1,-1
431,0,1166.55,37.47,475.25,1035.53,-1,-1,-1,-1
431,1,247.43,169.16,316.44,858.06,-1,-1,-1,-1
431,6,978.86,238.62,154.11,551.67,-1,-1,-1,-1
432,0,1214.93,36.29,458.14,1041.23,-1,-1,-1,-1
432,1,245.12,168.83,320.94,852.73,-1,-1,-1,-1
432,6,954.22,241.20,167.74,552.60,-1,-1,-1,-1
433,0,1247.10,52.99,457.56,1013.98,-1,-1,-1,-1
433,1,248.80,161.17,318.82,865.79,-1,-1,-1,-1
433,6,924.59,237.98,193.93,551.71,-1,-1,-1,-1
434,0,1281.95,58.37,449.21,1009.25,-1,-1,-1,-1
434,1,249.93,153.52,322.65,885.73,-1,-1,-1,-1
434,6,887.50,234.62,229.11,559.08,-1,-1,-1,-1
435,0,1309.89,60.52,451.47,1003.57,-1,-1,-1,-1
435,1,250.41,149.89,328.98,892.81,-1,-1,-1,-1
435,6,866.99,234.93,237.99,559.83,-1,-1,-1,-1
436,0,1329.33,54.73,461.11,1014.77,-1,-1,-1,-1
436,1,251.98,147.81,332.45,902.33,-1,-1,-1,-1
436,6,855.00,240.49,240.31,554.83,-1,-1,-1,-1
437,0,1355.81,60.11,453.42,1008.64,-1,-1,-1,-1
437,1,253.96,144.06,338.66,917.97,-1,-1,-1,-1
437,6,849.01,238.78,233.76,559.64,-1,-1,-1,-1
438,0,1378.11,56.81,463.10,1015.98,-1,-1,-1,-1
438,1,254.68,142.69,348.00,925.38,-1,-1,-1,-1
438,6,842.92,234.67,214.06,565.93,-1,-1,-1,-1
439,0,1397.36,56.39,477.42,1019.10,-1,-1,-1,-1
439,1,258.79,141.94,348.06,928.87,-1,-1,-1,-1
439,6,841.98,226.31,178.06,584.56,-1,-1,-1,-1
440,0,1420.51,70.87,468.67,991.25,-1,-1,-1,-1
440,1,267.65,137.87,342.16,938.87,-1,-1,-1,-1
440,6,825.14,228.78,173.98,578.40,-1,-1,-1,-1
441,0,1438.46,84.83,464.96,980.12,-1,-1,-1,-1
441,1,275.53,135.51,341.50,937.72,-1,-1,-1,-1
441,6,797.61,230.39,183.97,573.47,-1,-1,-1,-1
442,0,1452.92,102.06,463.69,961.86,-1,-1,-1,-1
442,1,288.01,132.83,341.63,935.90,-1,-1,-1,-1
442,6,765.18,239.94,202.78,557.66,-1,-1,-1,-1
443,0,1470.06,104.51,452.71,965.80,-1,-1,-1,-1
443,1,305.09,130.23,348.96,936.65,-1,-1,-1,-1
443,6,749.63,234.63,204.17,574.08,-1,-1,-1,-1
444,0,1485.93,104.69,442.65,967.51,-1,-1,-1,-1
444,1,326.91,123.46,353.12,945.07,-1,-1,-1,-1
444,6,739.98,231.50,202.56,586.49,-1,-1,-1,-1
445,0,1501.46,106.04,429.71,969.93,-1,-1,-1,-1
445,1,349.02,123.54,374.18,950.82,-1,-1,-1,-1
445,6,728.67,232.88,206.01,590.94,-1,-1,-1,-1
446,0,1508.26,109.46,425.47,968.72,-1,-1,-1,-1
446,1,382.62,124.50,354.06,953.05,-1,-1,-1,-1
446,6,714.55,233.62,210.10,591.64,-1,-1,-1,-1
447,0,1514.83,117.65,415.06,954.84,-1,-1,-1,-1
447,1,417.03,131.13,331.25,942.83,-1,-1,-1,-1
447,6,698.14,233.05,208.51,595.32,-1,-1,-1,-1
448,0,1522.96,136.70,392.19,915.30,-1,-1,-1,-1
448,1,455.55,129.99,305.24,945.79,-1,-1,-1,-1
448,6,689.83,236.62,203.56,591.45,-1,-1,-1,-1
449,0,1519.12,144.81,377.03,900.50,-1,-1,-1,-1
449,1,482.19,115.79,336.87,962.97,-1,-1,-1,-1
449,6,687.64,226.26,198.71,604.99,-1,-1,-1,-1
450,0,1511.52,144.39,372.61,905.20,-1,-1,-1,-1
450,1,511.66,106.16,341.82,975.90,-1,-1,-1,-1
450,6,684.44,226.91,198.82,603.45,-1,-1,-1,-1
451,0,1503.63,154.34,364.13,880.77,-1,-1,-1,-1
451,1,534.41,100.53,359.38,972.72,-1,-1,-1,-1
451,6,673.12,226.01,199.71,606.20,-1,-1,-1,-1
452,0,1497.15,155.43,340.09,873.57,-1,-1,-1,-1
452,1,578.30,93.57,324.03,983.42,-1,-1,-1,-1
452,6,661.81,225.10,200.60,608.95,-1,-1,-1,-1
453,0,1481.84,153.93,325.78,878.66,-1,-1,-1,-1
453,1,607.15,89.57,317.52,986.67,-1,-1,-1,-1
453,6,650.50,224.20,201.49,611.70,-1,-1,-1,-1
454,0,1469.34,166.00,304.36,851.99,-1,-1,-1,-1
454,1,616.76,100.53,329.85,966.99,-1,-1,-1,-1
454,6,639.19,223.30,202.38,614.45,-1,-1,-1,-1
455,0,1451.03,166.16,293.57,844.65,-1,-1,-1,-1
455,1,619.39,126.81,345.01,921.78,-1,-1,-1,-1
456,0,1432.37,161.87,296.69,852.51,-1,-1,-1,-1
456,1,626.70,128.61,348.88,921.31,-1,-1,-1,-1
457,0,1417.51,165.92,285.00,844.59,-1,-1,-1,-1
457,1,626.66,115.83,364.97,941.07,-1,-1,-1,-1
457,6,585.30,235.32,230.02,645.04,-1,-1,-1,-1
458,0,1406.06,173.22,277.40,824.11,-1,-1,-1,-1
458,1,679.67,99.18,317.86,970.84,-1,-1,-1,-1
458,6,577.39,225.46,226.43,662.17,-1,-1,-1,-1
459,0,1390.71,178.88,271.53,804.85,-1,-1,-1,-1
459,1,747.23,93.78,279.62,976.92,-1,-1,-1,-1
459,6,561.32,221.21,240.23,677.30,-1,-1,-1,-1
460,0,1377.05,184.74,278.89,793.39,-1,-1,-1,-1
460,1,794.93,101.64,269.87,940.23,-1,-1,-1,-1
460,6,547.36,224.53,253.90,673.87,-1,-1,-1,-1
461,0,1359.74,177.40,286.55,815.67,-1,-1,-1,-1
461,1,832.38,101.64,297.05,938.22,-1,-1,-1,-1
461,6,533.07,226.82,266.50,669.59,-1,-1,-1,-1
462,0,1347.19,191.19,283.03,787.35,-1,-1,-1,-1
462,1,863.80,102.93,344.24,943.04,-1,-1,-1,-1
462,6,521.95,227.32,273.89,679.86,-1,-1,-1,-1
463,0,1334.59,209.56,256.29,726.21,-1,-1,-1,-1
463,1,890.64,102.27,385.72,956.78,-1,-1,-1,-1
463,6,511.38,228.44,276.69,690.42,-1,-1,-1,-1
464,0,1317.16,202.77,231.50,710.47,-1,-1,-1,-1
464,1,918.10,102.04,407.11,957.75,-1,-1,-1,-1
464,6,499.54,226.51,280.74,700.30,-1,-1,-1,-1
465,0,1303.48,200.34,217.21,695.39,-1,-1,-1,-1
465,1,948.77,104.47,401.11,965.48,-1,-1,-1,-1
465,6,484.91,224.13,290.31,706.17,-1,-1,-1,-1
466,0,1287.53,191.31,205.75,701.22,-1,-1,-1,-1
466,1,974.14,106.17,404.09,970.04,-1,-1,-1,-1
466,6,469.54,220.39,303.23,715.57,-1,-1,-1,-1
467,0,1263.16,192.55,210.27,688.64,-1,-1,-1,-1
467,1,999.43,116.06,395.85,953.19,-1,-1,-1,-1
467,6,462.10,217.64,301.30,719.46,-1,-1,-1,-1
468,0,1246.19,199.17,205.62,659.68,-1,-1,-1,-1
468,1,1033.70,125.18,345.14,934.05,-1,-1,-1,-1
468,6,457.97,219.12,295.88,723.90,-1,-1,-1,-1
469,0,1219.34,179.16,231.35,697.47,-1,-1,-1,-1
469,1,1051.20,121.48,343.18,941.26,-1,-1,-1,-1
469,6,456.28,215.94,292.83,737.92,-1,-1,-1,-1
470,0,1199.28,170.52,233.63,704.42,-1,-1,-1,-1
470,1,1059.40,115.49,361.87,950.38,-1,-1,-1,-1
470,6,457.82,209.37,290.06,760.54,-1,-1,-1,-1
471,0,1179.22,161.89,235.92,711.36,-1,-1,-1,-1
471,1,1078.56,103.85,362.52,972.49,-1,-1,-1,-1
471,6,464.43,208.82,284.91,773.51,-1,-1,-1,-1
472,0,1159.17,153.26,238.21,718.30,-1,-1,-1,-1
472,1,1102.48,106.02,347.55,968.96,-1,-1,-1,-1
472,6,470.92,205.09,286.89,785.92,-1,-1,-1,-1
473,0,1139.11,144.63,240.49,725.24,-1,-1,-1,-1
473,1,1120.00,132.04,343.22,935.36,-1,-1,-1,-1
473,6,478.60,204.18,289.97,793.19,-1,-1,-1,-1
474,1,1123.11,137.41,354.12,925.91,-1,-1,-1,-1
474,6,487.94,201.05,297.06,801.05,-1,-1,-1,-1
475,0,1104.95,274.54,155.03,533.76,-1,-1,-1,-1
475,1,1117.63,138.30,379.69,924.94,-1,-1,-1,-1
475,6,495.15,197.25,316.11,810.44,-1,-1,-1,-1
476,0,1075.43,230.34,168.99,592.84,-1,-1,-1,-1
476,1,1145.67,136.19,362.39,916.84,-1,-1,-1,-1
476,6,501.63,190.42,340.22,833.58,-1,-1,-1,-1
477,0,1051.26,227.70,185.91,597.11,-1,-1,-1,-1
477,1,1172.17,124.12,349.87,934.03,-1,-1,-1,-1
477,6,510.69,184.59,344.20,858.35,-1,-1,-1,-1
478,0,1025.97,215.80,212.73,605.65,-1,-1,-1,-1
478,1,1179.35,104.98,365.25,961.24,-1,-1,-1,-1
478,6,517.54,184.99,352.92,864.41,-1,-1,-1,-1
479,0,1001.18,215.97,237.29,606.57,-1,-1,-1,-1
479,1,1185.43,112.18,378.50,943.17,-1,-1,-1,-1
479,6,532.48,189.11,335.59,867.27,-1,-1,-1,-1
480,0,973.56,228.95,264.62,588.44,-1,-1,-1,-1
480,1,1195.88,117.45,374.44,922.53,-1,-1,-1,-1
480,6,546.75,194.05,310.70,864.49,-1,-1,-1,-1
481,0,958.31,241.31,269.34,578.67,-1,-1,-1,-1
481,1,1200.23,122.91,374.30,904.85,-1,-1,-1,-1
481,6,562.70,188.58,282.52,878.54,-1,-1,-1,-1
482,0,954.76,237.89,256.53,588.73,-1,-1,-1,-1
482,1,1206.67,122.18,366.91,910.31,-1,-1,-1,-1
482,6,572.76,177.17,260.22,898.58,-1,-1,-1,-1
483,0,952.22,238.24,234.45,585.07,-1,-1,-1,-1
483,1,1209.50,132.44,354.51,886.89,-1,-1,-1,-1
483,6,579.61,176.08,265.68,894.23,-1,-1,-1,-1
484,0,938.39,236.38,212.59,569.27,-1,-1,-1,-1
484,1,1214.95,136.22,339.03,878.69,-1,-1,-1,-1
484,6,590.20,175.70,275.59,883.30,-1,-1,-1,-1
485,0,924.08,226.72,188.35,577.49,-1,-1,-1,-1
485,1,1221.28,133.82,319.21,878.66,-1,-1,-1,-1
485,6,604.68,179.50,276.49,879.22,-1,-1,-1,-1
486,0,895.76,226.32,186.91,567.94,-1,-1,-1,-1
486,1,1225.22,133.33,305.55,869.26,-1,-1,-1,-1
486,6,617.71,177.83,293.18,888.40,-1,-1,-1,-1
487,0,869.83,219.44,194.99,579.99,-1,-1,-1,-1
487,1,1224.86,130.95,299.71,870.02,-1,-1,-1,-1
487,6,629.21,175.42,310.19,896.21,-1,-1,-1,-1
488,0,857.38,220.49,192.81,570.37,-1,-1,-1,-1
488,1,1223.05,134.79,297.76,856.62,-1,-1,-1,-1
488,6,634.50,174.15,356.33,903.38,-1,-1,-1,-1
489,0,852.04,229.95,186.96,545.88,-1,-1,-1,-1
489,1,1220.43,147.35,296.41,823.31,-1,-1,-1,-1
489,6,657.92,171.88,354.31,909.12,-1,-1,-1,-1
490,0,836.73,233.53,182.66,533.34,-1,-1,-1,-1
490,1,1216.08,147.17,292.82,821.17,-1,-1,-1,-1
490,6,680.51,165.04,351.44,918.64,-1,-1,-1,-1
491,0,821.43,237.11,178.36,520.80,-1,-1,-1,-1
491,1,1210.42,150.88,296.96,812.59,-1,-1,-1,-1
491,6,699.57,163.51,347.31,915.68,-1,-1,-1,-1
492,0,806.13,240.70,174.06,508.26,-1,-1,-1,-1
492,1,1205.46,154.46,293.74,799.79,-1,-1,-1,-1
492,6,726.59,163.28,320.68,909.43,-1,-1,-1,-1
493,0,790.82,244.28,169.75,495.72,-1,-1,-1,-1
493,1,1201.87,155.84,290.21,794.30,-1,-1,-1,-1
493,6,749.56,161.89,301.60,899.40,-1,-1,-1,-1
494,1,1198.47,162.41,285.42,778.64,-1,-1,-1,-1
494,6,757.06,170.35,315.86,879.03,-1,-1,-1,-1
495,1,1197.54,168.55,272.91,760.10,-1,-1,-1,-1
495,6,750.23,164.54,347.54,891.08,-1,-1,-1,-1
496,0,727.90,227.35,161.88,575.72,-1,-1,-1,-1
496,1,1194.99,168.67,264.67,756.10,-1,-1,-1,-1
496,6,754.73,174.17,358.31,880.70,-1,-1,-1,-1
497,0,702.80,225.21,170.92,585.11,-1,-1,-1,-1
497,1,1196.21,175.45,247.30,729.98,-1,-1,-1,-1
497,6,800.63,176.68,361.09,889.07,-1,-1,-1,-1
498,0,675.62,223.31,185.52,593.55,-1,-1,-1,-1
498,1,1195.05,174.02,234.39,725.90,-1,-1,-1,-1
498,6,841.81,168.90,355.22,906.61,-1,-1,-1,-1
499,0,625.39,221.65,232.37,609.19,-1,-1,-1,-1
499,1,1189.44,169.38,228.64,728.80,-1,-1,-1,-1
499,6,871.03,167.07,349.55,912.99,-1,-1,-1,-1
500,0,592.88,221.58,258.76,620.84,-1,-1,-1,-1
500,1,1188.09,173.56,214.46,715.99,-1,-1,-1,-1
500,6,890.68,167.17,362.26,912.81,-1,-1,-1,-1
501,0,579.40,225.16,263.63,624.07,-1,-1,-1,-1
501,1,1184.67,176.21,208.58,710.36,-1,-1,-1,-1
501,6,907.26,163.93,370.13,917.97,-1,-1,-1,-1
502,0,573.17,230.03,259.02,625.34,-1,-1,-1,-1
502,1,1172.27,184.85,212.08,692.29,-1,-1,-1,-1
502,6,929.14,161.75,384.66,913.36,-1,-1,-1,-1
503,0,562.37,239.52,257.14,620.02,-1,-1,-1,-1
503,1,1166.63,185.92,208.94,684.86,-1,-1,-1,-1
503,6,966.28,168.43,344.32,902.41,-1,-1,-1,-1
504,0,552.92,240.92,246.95,619.39,-1,-1,-1,-1
504,1,1146.37,174.81,229.45,715.39,-1,-1,-1,-1
504,6,991.65,161.88,352.91,908.90,-1,-1,-1,-1
505,0,539.40,236.30,239.18,629.44,-1,-1,-1,-1
505,1,1137.21,169.67,232.14,723.82,-1,-1,-1,-1
505,6,1007.52,164.36,371.08,899.86,-1,-1,-1,-1
506,0,520.23,233.06,240.13,638.22,-1,-1,-1,-1
506,1,1128.05,164.52,234.82,732.25,-1,-1,-1,-1
506,6,1020.90,159.44,382.54,900.91,-1,-1,-1,-1
507,0,495.77,223.78,250.09,657.13,-1,-1,-1,-1
507,1,1118.88,159.38,237.50,740.67,-1,-1,-1,-1
507,6,1033.19,155.71,382.36,901.26,-1,-1,-1,-1
508,0,469.83,214.39,264.92,684.04,-1,-1,-1,-1
508,1,1109.72,154.23,240.19,749.10,-1,-1,-1,-1
508,6,1048.05,156.58,377.33,898.46,-1,-1,-1,-1
509,0,452.48,209.23,266.26,708.53,-1,-1,-1,-1
509,6,1059.53,155.90,375.65,893.23,-1,-1,-1,-1
510,0,438.16,211.08,270.94,715.13,-1,-1,-1,-1
510,6,1067.40,159.76,375.59,882.67,-1,-1,-1,-1
511,0,432.23,216.33,268.92,715.79,-1,-1,-1,-1
511,6,1067.53,165.74,380.00,883.12,-1,-1,-1,-1
512,0,431.45,217.27,264.14,731.37,-1,-1,-1,-1
512,6,1065.33,175.36,381.76,856.17,-1,-1,-1,-1
513,0,428.57,221.17,264.36,736.80,-1,-1,-1,-1
513,1,1026.00,327.91,168.47,482.77,-1,-1,-1,-1
513,6,1053.30,170.79,393.40,851.84,-1,-1,-1,-1
514,0,425.99,218.75,265.47,745.89,-1,-1,-1,-1
514,1,1005.69,225.10,201.53,600.26,-1,-1,-1,-1
514,6,1066.44,171.49,373.52,839.79,-1,-1,-1,-1
515,0,424.46,219.51,265.58,745.85,-1,-1,-1,-1
515,1,992.21,202.75,208.35,631.98,-1,-1,-1,-1
515,6,1074.86,171.67,361.39,838.70,-1,-1,-1,-1
516,0,421.68,214.69,265.13,750.67,-1,-1,-1,-1
516,1,984.65,197.63,205.58,640.50,-1,-1,-1,-1
516,6,1086.54,166.49,352.71,846.41,-1,-1,-1,-1
517,0,416.31,208.32,272.65,759.22,-1,-1,-1,-1
517,1,969.20,192.34,204.43,637.77,-1,-1,-1,-1
517,6,1104.23,161.50,330.68,855.10,-1,-1,-1,-1
518,0,411.96,202.40,278.50,772.12,-1,-1,-1,-1
518,1,958.30,186.48,198.03,647.80,-1,-1,-1,-1
518,6,1117.67,165.71,326.37,848.66,-1,-1,-1,-1
519,0,406.23,194.80,287.44,796.92,-1,-1,-1,-1
519,1,934.86,193.56,197.85,622.56,-1,-1,-1,-1
519,6,1130.76,167.87,320.75,844.95,-1,-1,-1,-1
520,0,402.56,191.84,292.77,811.16,-1,-1,-1,-1
520,1,927.95,195.60,190.08,618.11,-1,-1,-1,-1
520,6,1137.60,172.38,318.47,835.15,-1,-1,-1,-1
521,0,396.98,190.95,303.13,818.62,-1,-1,-1,-1
521,1,909.68,198.83,198.21,618.91,-1,-1,-1,-1
521,6,1151.43,182.59,305.27,808.49,-1,-1,-1,-1
522,0,393.23,188.00,313.15,846.24,-1,-1,-1,-1
522,1,879.53,204.32,227.98,615.71,-1,-1,-1,-1
522,6,1160.35,185.37,294.22,793.58,-1,-1,-1,-1
523,0,392.65,193.88,319.61,854.03,-1,-1,-1,-1
523,1,864.58,205.65,236.67,620.81,-1,-1,-1,-1
523,6,1167.35,189.00,286.06,779.12,-1,-1,-1,-1
524,0,394.77,191.21,322.69,865.37,-1,-1,-1,-1
524,1,848.03,206.21,247.91,621.16,-1,-1,-1,-1
524,6,1172.62,188.35,278.01,771.00,-1,-1,-1,-1
525,0,401.77,190.84,318.65,871.58,-1,-1,-1,-1
525,1,837.68,209.83,252.94,623.34,-1,-1,-1,-1
525,6,1175.32,189.00,271.64,763.40,-1,-1,-1,-1
526,0,411.08,188.27,312.41,875.61,-1,-1,-1,-1
526,1,838.59,210.67,223.48,617.22,-1,-1,-1,-1
526,6,1175.30,188.20,263.90,759.34,-1,-1,-1,-1
527,0,422.19,180.99,308.67,884.88,-1,-1,-1,-1
527,1,828.58,207.99,204.14,623.22,-1,-1,-1,-1
527,6,1175.01,186.55,254.72,757.85,-1,-1,-1,-1
528,0,434.34,178.45,303.36,877.62,-1,-1,-1,-1
528,1,815.28,199.21,191.05,641.38,-1,-1,-1,-1
528,6,1172.18,178.46,247.54,768.27,-1,-1,-1,-1
529,0,446.91,169.23,294.66,888.30,-1,-1,-1,-1
529,1,802.09,198.97,188.16,638.22,-1,-1,-1,-1
529,6,1165.30,176.31,247.58,766.47,-1,-1,-1,-1
530,0,460.49,152.37,300.56,916.81,-1,-1,-1,-1
530,1,785.95,195.31,192.03,643.05,-1,-1,-1,-1
530,6,1159.81,191.44,247.67,731.39,-1,-1,-1,-1
531,0,476.64,150.06,314.67,920.39,-1,-1,-1,-1
531,1,762.51,193.40,207.09,640.47,-1,-1,-1,-1
531,6,1159.78,199.88,238.59,704.92,-1,-1,-1,-1
532,0,499.48,147.83,316.32,924.81,-1,-1,-1,-1
532,1,750.34,202.14,206.77,626.86,-1,-1,-1,-1
532,6,1159.21,191.47,229.95,715.32,-1,-1,-1,-1
533,0,520.21,149.92,330.22,924.10,-1,-1,-1,-1
533,1,748.49,208.09,194.65,623.31,-1,-1,-1,-1
533,6,1156.33,196.85,222.46,694.41,-1,-1,-1,-1
534,0,536.13,150.33,343.51,923.59,-1,-1,-1,-1
534,1,735.91,210.96,193.19,618.70,-1,-1,-1,-1
534,6,1148.73,192.48,217.63,693.83,-1,-1,-1,-1
535,0,561.88,151.38,331.16,919.18,-1,-1,-1,-1
535,1,723.33,213.82,191.73,614.09,-1,-1,-1,-1
535,6,1140.65,192.86,211.34,693.66,-1,-1,-1,-1
536,0,580.80,149.56,317.46,919.71,-1,-1,-1,-1
536,1,710.75,216.69,190.27,609.48,-1,-1,-1,-1
536,6,1130.69,193.18,211.11,694.62,-1,-1,-1,-1
537,0,599.86,144.34,307.63,922.00,-1,-1,-1,-1
537,1,698.17,219.56,188.81,604.86,-1,-1,-1,-1
537,6,1111.14,196.94,219.93,680.66,-1,-1,-1,-1
538,0,614.36,142.25,302.12,923.42,-1,-1,-1,-1
538,6,1091.52,202.23,229.04,674.77,-1,-1,-1,-1
539,0,632.60,150.90,312.05,908.29,-1,-1,-1,-1
539,6,1077.58,209.96,234.12,663.24,-1,-1,-1,-1
540,0,644.53,151.10,321.43,905.32,-1,-1,-1,-1
540,6,1064.97,209.70,241.31,666.66,-1,-1,-1,-1
541,0,611.00,151.28,390.65,886.72,-1,-1,-1,-1
541,6,1058.05,212.41,239.23,661.04,-1,-1,-1,-1
542,0,690.29,139.86,327.24,919.58,-1,-1,-1,-1
542,1,562.68,201.10,276.07,687.34,-1,-1,-1,-1
542,6,1054.47,217.31,227.36,647.87,-1,-1,-1,-1
543,0,739.73,155.25,308.63,908.38,-1,-1,-1,-1
543,1,552.03,200.79,271.64,690.49,-1,-1,-1,-1
543,6,1055.06,219.09,209.36,632.65,-1,-1,-1,-1
544,0,771.30,149.20,326.16,917.97,-1,-1,-1,-1
544,1,551.13,197.12,257.80,695.31,-1,-1,-1,-1
544,6,1054.45,220.35,192.48,619.22,-1,-1,-1,-1
545,0,790.86,147.84,361.91,911.08,-1,-1,-1,-1
545,1,555.82,197.65,240.38,700.78,-1,-1,-1,-1
545,6,1049.83,212.52,178.96,634.25,-1,-1,-1,-1
546,0,811.77,149.35,386.07,918.98,-1,-1,-1,-1
546,1,551.71,193.76,241.62,711.64,-1,-1,-1,-1
546,6,1054.86,205.80,159.12,635.12,-1,-1,-1,-1
547,0,846.32,141.87,381.76,912.94,-1,-1,-1,-1
547,1,545.74,192.11,245.92,714.87,-1,-1,-1,-1
547,6,1046.07,202.81,159.19,635.57,-1,-1,-1,-1
548,0,869.43,128.68,394.58,934.66,-1,-1,-1,-1
548,1,540.99,193.53,248.46,716.20,-1,-1,-1,-1
548,6,1037.29,199.82,159.27,636.03,-1,-1,-1,-1
549,0,890.75,118.18,406.02,945.14,-1,-1,-1,-1
549,1,535.37,193.13,253.51,718.93,-1,-1,-1,-1
549,6,1028.51,196.84,159.35,636.49,-1,-1,-1,-1
550,0,933.36,112.57,394.31,955.68,-1,-1,-1,-1
550,1,529.34,189.22,258.73,728.33,-1,-1,-1,-1
550,6,1019.72,193.85,159.42,636.94,-1,-1,-1,-1
551,0,953.21,105.98,441.22,959.18,-1,-1,-1,-1
551,1,521.15,184.97,265.94,742.75,-1,-1,-1,-1
552,0,964.07,93.29,483.57,978.85,-1,-1,-1,-1
552,1,514.06,183.07,270.74,758.50,-1,-1,-1,-1
552,6,953.09,254.52,185.79,563.45,-1,-1,-1,-1
553,0,990.93,90.87,494.90,977.75,-1,-1,-1,-1
553,1,507.10,179.65,276.86,773.34,-1,-1,-1,-1
553,6,942.21,256.10,171.47,569.61,-1,-1,-1,-1
554,0,1033.40,92.25,479.60,978.10,-1,-1,-1,-1
554,1,499.81,181.63,282.50,772.25,-1,-1,-1,-1
554,6,920.75,233.85,170.22,601.40,-1,-1,-1,-1
555,0,1088.07,100.64,446.43,971.87,-1,-1,-1,-1
555,1,493.62,180.81,285.78,772.78,-1,-1,-1,-1
555,6,903.56,224.58,167.67,614.06,-1,-1,-1,-1
556,0,1133.66,110.13,419.75,961.64,-1,-1,-1,-1
556,1,488.91,182.48,289.23,773.79,-1,-1,-1,-1
556,6,878.11,223.67,186.87,614.28,-1,-1,-1,-1
557,0,1169.34,120.16,393.71,949.42,-1,-1,-1,-1
557,1,486.42,175.55,289.61,791.52,-1,-1,-1,-1
557,6,835.85,221.01,226.79,621.32,-1,-1,-1,-1
558,0,1199.18,129.17,373.46,937.33,-1,-1,-1,-1
558,1,485.02,166.84,291.01,815.32,-1,-1,-1,-1
558,6,807.64,220.55,246.60,623.54,-1,-1,-1,-1
559,0,1223.15,125.85,360.97,948.04,-1,-1,-1,-1
559,1,484.76,166.08,292.72,830.36,-1,-1,-1,-1
559,6,790.19,222.96,250.27,620.03,-1,-1,-1,-1
560,0,1239.26,136.19,362.93,930.88,-1,-1,-1,-1
560,1,489.54,164.42,290.94,845.80,-1,-1,-1,-1
560,6,781.89,223.62,240.14,620.54,-1,-1,-1,-1
561,0,1253.79,137.92,355.81,917.06,-1,-1,-1,-1
561,1,495.30,165.97,290.03,854.18,-1,-1,-1,-1
561,6,779.52,222.14,230.02,625.51,-1,-1,-1,-1
562,0,1265.48,140.02,355.68,906.73,-1,-1,-1,-1
562,1,503.94,164.35,288.74,865.06,-1,-1,-1,-1
562,6,778.72,220.38,209.25,627.12,-1,-1,-1,-1
563,0,1274.82,138.73,361.53,916.13,-1,-1,-1,-1
563,1,514.85,162.17,287.60,872.54,-1,-1,-1,-1
563,6,769.92,222.47,196.01,620.08,-1,-1,-1,-1
564,0,1283.80,135.14,360.92,920.84,-1,-1,-1,-1
564,1,528.81,157.12,281.67,887.26,-1,-1,-1,-1
564,6,763.19,220.36,179.37,628.00,-1,-1,-1,-1
565,0,1289.77,142.04,358.40,907.95,-1,-1,-1,-1
565,1,536.21,153.49,307.73,894.92,-1,-1,-1,-1
565,6,759.75,219.70,164.41,633.12,-1,-1,-1,-1
566,0,1296.60,152.74,353.27,892.16,-1,-1,-1,-1
566,1,547.90,152.14,339.58,902.42,-1,-1,-1,-1
566,6,750.78,215.94,163.28,638.57,-1,-1,-1,-1
567,0,1299.45,153.37,348.82,888.70,-1,-1,-1,-1
567,1,559.63,148.83,360.27,899.87,-1,-1,-1,-1
567,6,737.21,213.95,164.39,643.05,-1,-1,-1,-1
568,0,1303.29,155.12,341.49,892.82,-1,-1,-1,-1
568,1,576.99,143.28,358.36,906.39,-1,-1,-1,-1
568,6,723.64,211.95,165.49,647.52,-1,-1,-1,-1
569,0,1307.67,157.36,333.52,893.47,-1,-1,-1,-1
569,1,594.67,130.23,345.03,938.82,-1,-1,-1,-1
569,6,710.07,209.95,166.60,652.00,-1,-1,-1,-1
570,0,1312.18,166.48,320.83,869.97,-1,-1,-1,-1
570,1,612.35,138.27,329.33,926.87,-1,-1,-1,-1
570,6,696.51,207.95,167.71,656.47,-1,-1,-1,-1
571,0,1316.59,169.93,304.52,854.03,-1,-1,-1,-1
571,1,632.54,141.91,311.12,922.50,-1,-1,-1,-1
572,0,1319.53,167.36,288.97,844.68,-1,-1,-1,-1
572,1,644.92,144.90,299.36,921.95,-1,-1,-1,-1
573,0,1316.21,173.40,279.03,815.77,-1,-1,-1,-1
573,1,641.14,145.44,312.95,926.23,-1,-1,-1,-1
574,0,1315.79,175.14,265.89,790.66,-1,-1,-1,-1
574,1,631.33,147.37,342.16,919.61,-1,-1,-1,-1
575,0,1315.93,177.09,248.96,770.71,-1,-1,-1,-1
575,1,622.15,143.46,379.78,920.82,-1,-1,-1,-1
575,6,604.64,214.63,206.12,682.16,-1,-1,-1,-1
576,0,1311.78,178.33,240.85,754.82,-1,-1,-1,-1
576,1,669.33,175.54,343.83,882.91,-1,-1,-1,-1
576,6,576.12,208.13,233.96,694.82,-1,-1,-1,-1
577,0,1301.55,175.96,238.59,756.88,-1,-1,-1,-1
577,1,722.61,156.50,335.08,917.16,-1,-1,-1,-1
577,6,564.08,211.69,244.10,695.38,-1,-1,-1,-1
578,0,1283.50,177.52,248.20,755.89,-1,-1,-1,-1
578,1,755.51,148.63,357.22,925.99,-1,-1,-1,-1
578,6,558.01,211.82,250.29,703.40,-1,-1,-1,-1
579,0,1270.32,187.16,249.99,734.48,-1,-1,-1,-1
579,1,776.81,135.59,385.48,946.32,-1,-1,-1,-1
579,6,548.71,211.79,258.89,713.36,-1,-1,-1,-1
580,0,1252.89,194.80,257.03,715.50,-1,-1,-1,-1
580,1,802.85,136.01,392.17,941.56,-1,-1,-1,-1
580,6,535.82,209.31,271.23,725.90,-1,-1,-1,-1
581,0,1240.76,198.28,258.75,702.13,-1,-1,-1,-1
581,1,839.10,134.93,373.00,944.66,-1,-1,-1,-1
581,6,528.70,209.68,271.37,732.34,-1,-1,-1,-1
582,0,1229.67,198.50,253.44,686.16,-1,-1,-1,-1
582,1,885.25,132.52,316.27,942.93,-1,-1,-1,-1
582,6,517.47,213.59,281.42,730.09,-1,-1,-1,-1
583,0,1216.75,197.81,237.02,672.68,-1,-1,-1,-1
583,1,924.01,126.04,279.76,946.51,-1,-1,-1,-1
583,6,508.85,214.86,292.36,730.52,-1,-1,-1,-1
584,0,1205.56,200.24,219.43,660.37,-1,-1,-1,-1
584,1,958.99,129.59,260.01,931.36,-1,-1,-1,-1
584,6,507.60,218.17,291.37,728.68,-1,-1,-1,-1
585,0,1195.69,192.58,208.59,672.04,-1,-1,-1,-1
585,1,984.76,119.43,248.90,939.10,-1,-1,-1,-1
585,6,507.12,218.73,290.77,732.28,-1,-1,-1,-1
586,0,1176.24,185.46,204.56,681.88,-1,-1,-1,-1
586,1,1005.02,116.96,258.60,950.39,-1,-1,-1,-1
586,6,510.25,215.19,285.62,747.29,-1,-1,-1,-1
587,0,1173.54,184.82,180.61,691.25,-1,-1,-1,-1
587,1,1018.38,123.01,294.75,943.89,-1,-1,-1,-1
587,6,515.42,211.68,276.81,762.23,-1,-1,-1,-1
588,0,1157.46,179.64,182.15,697.33,-1,-1,-1,-1
588,1,1029.25,123.37,337.41,944.90,-1,-1,-1,-1
588,6,518.53,208.95,273.56,774.71,-1,-1,-1,-1
589,0,1141.37,174.46,183.69,703.40,-1,-1,-1,-1
589,1,1048.82,115.41,339.86,956.06,-1,-1,-1,-1
589,6,523.48,207.24,269.18,785.37,-1,-1,-1,-1
590,0,1125.29,169.29,185.23,709.48,-1,-1,-1,-1
590,1,1061.93,115.64,340.56,951.39,-1,-1,-1,-1
590,6,528.35,208.30,265.35,788.39,-1,-1,-1,-1
591,0,1109.20,164.11,186.77,715.56,-1,-1,-1,-1
591,1,1080.38,122.49,321.03,935.50,-1,-1,-1,-1
591,6,532.05,205.55,266.54,793.18,-1,-1,-1,-1
592,1,1093.00,129.23,320.42,921.81,-1,-1,-1,-1
592,6,535.24,204.12,271.40,794.17,-1,-1,-1,-1
593,1,1094.50,152.50,349.20,888.35,-1,-1,-1,-1
593,6,537.89,197.97,282.73,803.93,-1,-1,-1,-1
594,1,1096.53,153.39,370.10,876.19,-1,-1,-1,-1
594,6,542.91,189.76,294.81,821.38,-1,-1,-1,-1
595,1,1101.92,154.86,386.04,877.19,-1,-1,-1,-1
595,6,547.92,180.15,307.05,844.94,-1,-1,-1,-1
596,0,1039.01,201.30,159.09,596.23,-1,-1,-1,-1
596,1,1134.51,141.28,365.05,901.25,-1,-1,-1,-1
596,6,552.66,177.15,319.25,861.15,-1,-1,-1,-1
597,0,1024.96,205.49,155.03,581.15,-1,-1,-1,-1
597,1,1146.35,135.39,373.86,900.32,-1,-1,-1,-1
597,6,561.67,175.60,323.27,861.64,-1,-1,-1,-1
598,0,988.58,209.55,195.34,595.00,-1,-1,-1,-1
598,1,1166.02,131.17,360.09,899.27,-1,-1,-1,-1
598,6,573.22,179.73,322.50,870.52,-1,-1,-1,-1
599,0,955.54,212.99,228.11,597.13,-1,-1,-1,-1
599,1,1180.85,135.43,347.74,880.80,-1,-1,-1,-1
599,6,583.49,178.96,329.70,876.52,-1,-1,-1,-1
600,0,921.79,222.88,260.46,588.14,-1,-1,-1,-1
600,1,1191.00,133.67,337.07,896.66,-1,-1,-1,-1
600,6,597.83,180.49,312.35,872.43,-1,-1,-1,-1
601,0,909.08,223.43,266.03,589.72,-1,-1,-1,-1
601,1,1197.62,131.25,328.26,912.33,-1,-1,-1,-1
601,6,605.63,179.97,301.30,881.83,-1,-1,-1,-1
602,0,900.53,233.96,268.52,573.05,-1,-1,-1,-1
602,1,1203.85,126.91,322.74,916.68,-1,-1,-1,-1
602,6,612.40,170.44,284.93,900.11,-1,-1,-1,-1
603,0,898.24,234.40,250.57,571.30,-1,-1,-1,-1
603,1,1208.07,141.23,321.91,870.24,-1,-1,-1,-1
603,6,619.44,160.29,279.45,920.20,-1,-1,-1,-1
604,0,899.89,228.95,216.82,570.38,-1,-1,-1,-1
604,1,1213.82,138.65,315.12,867.73,-1,-1,-1,-1
604,6,627.63,150.63,289.60,933.77,-1,-1,-1,-1
605,0,897.45,226.62,163.32,571.06,-1,-1,-1,-1
605,1,1216.04,138.69,311.05,864.74,-1,-1,-1,-1
605,6,639.11,146.33,296.16,937.22,-1,-1,-1,-1
606,0,878.71,221.12,147.27,577.67,-1,-1,-1,-1
606,1,1217.35,143.17,310.91,853.70,-1,-1,-1,-1
606,6,651.72,156.31,312.58,921.54,-1,-1,-1,-1
607,0,861.77,222.72,141.50,574.51,-1,-1,-1,-1
607,1,1216.02,141.15,310.25,856.49,-1,-1,-1,-1
607,6,665.56,165.21,330.48,909.48,-1,-1,-1,-1
608,0,843.07,221.96,141.40,574.26,-1,-1,-1,-1
608,1,1216.16,148.12,311.92,836.76,-1,-1,-1,-1
608,6,677.93,151.55,346.99,928.72,-1,-1,-1,-1
609,0,824.37,221.20,141.29,574.01,-1,-1,-1,-1
609,1,1218.16,155.14,306.51,819.77,-1,-1,-1,-1
609,6,702.71,153.43,324.61,919.72,-1,-1,-1,-1
610,0,805.67,220.44,141.19,573.76,-1,-1,-1,-1
610,1,1220.45,163.48,299.90,796.19,-1,-1,-1,-1
610,6,721.52,156.80,315.20,910.33,-1,-1,-1,-1
611,0,786.97,219.68,141.08,573.50,-1,-1,-1,-1
611,1,1224.48,168.29,282.78,778.15,-1,-1,-1,-1
611,6,730.38,144.15,311.05,927.49,-1,-1,-1,-1
612,1,1226.76,172.88,266.07,755.45,-1,-1,-1,-1
612,6,731.14,158.13,322.56,914.33,-1,-1,-1,-1
613,1,1227.84,174.42,253.41,737.90,-1,-1,-1,-1
613,6,731.29,162.07,331.06,909.60,-1,-1,-1,-1
614,0,712.75,222.31,176.12,610.65,-1,-1,-1,-1
614,1,1225.43,177.24,242.28,721.18,-1,-1,-1,-1
614,6,725.32,172.60,339.94,900.93,-1,-1,-1,-1
615,0,686.27,227.02,199.38,604.74,-1,-1,-1,-1
615,1,1224.35,177.77,225.43,713.39,-1,-1,-1,-1
615,6,734.55,177.22,337.66,894.90,-1,-1,-1,-1
616,0,666.02,227.76,192.86,611.00,-1,-1,-1,-1
616,1,1211.46,174.23,224.72,716.76,-1,-1,-1,-1
616,6,820.90,175.10,269.05,895.10,-1,-1,-1,-1
617,0,636.45,223.57,203.09,621.84,-1,-1,-1,-1
617,1,1191.83,174.03,236.68,715.02,-1,-1,-1,-1
617,6,859.05,162.64,266.31,911.64,-1,-1,-1,-1
618,0,607.87,219.12,213.84,632.63,-1,-1,-1,-1
618,1,1177.80,160.36,242.93,741.42,-1,-1,-1,-1
618,6,869.88,175.28,345.27,899.20,-1,-1,-1,-1
619,0,570.32,216.74,236.93,647.87,-1,-1,-1,-1
619,1,1167.58,154.56,247.37,749.69,-1,-1,-1,-1
619,6,897.87,165.57,356.55,914.29,-1,-1,-1,-1
620,0,538.01,214.60,257.06,662.14,-1,-1,-1,-1
620,1,1155.17,160.95,250.33,738.09,-1,-1,-1,-1
620,6,922.16,175.14,353.47,903.79,-1,-1,-1,-1
621,0,518.55,221.64,267.93,661.35,-1,-1,-1,-1
621,1,1147.81,165.01,230.72,726.01,-1,-1,-1,-1
621,6,940.14,163.47,367.84,919.24,-1,-1,-1,-1
622,0,506.74,226.39,272.81,664.16,-1,-1,-1,-1
622,1,1136.00,163.50,223.18,724.18,-1,-1,-1,-1
622,6,953.26,165.22,377.09,912.30,-1,-1,-1,-1
623,0,502.45,219.65,263.66,682.19,-1,-1,-1,-1
623,1,1125.50,163.38,221.97,720.34,-1,-1,-1,-1
623,6,980.17,155.51,358.16,916.31,-1,-1,-1,-1
624,0,502.17,222.19,247.66,680.96,-1,-1,-1,-1
624,1,1115.00,163.27,220.76,716.50,-1,-1,-1,-1
624,6,1007.93,152.72,351.92,912.12,-1,-1,-1,-1
625,0,499.86,223.31,232.92,682.08,-1,-1,-1,-1
625,1,1104.50,163.16,219.55,712.66,-1,-1,-1,-1
625,6,1025.81,149.57,366.70,917.84,-1,-1,-1,-1
626,0,494.24,217.56,223.63,696.25,-1,-1,-1,-1
626,1,1094.00,163.05,218.35,708.82,-1,-1,-1,-1
626,6,1033.96,142.11,380.63,920.57,-1,-1,-1,-1
627,0,481.42,216.10,225.46,695.53,-1,-1,-1,-1
627,6,1046.94,151.75,390.74,904.32,-1,-1,-1,-1
628,0,468.48,214.55,230.01,696.57,-1,-1,-1,-1
628,6,1052.66,157.68,401.65,896.34,-1,-1,-1,-1
629,0,451.16,210.67,241.26,713.92,-1,-1,-1,-1
629,6,1058.45,163.10,399.44,885.98,-1,-1,-1,-1
630,0,438.57,207.05,246.65,732.55,-1,-1,-1,-1
630,1,1035.47,191.63,134.41,631.79,-1,-1,-1,-1
630,6,1056.26,160.35,403.97,894.85,-1,-1,-1,-1
631,0,422.69,205.05,259.66,748.11,-1,-1,-1,-1
631,1,1019.74,205.87,153.94,612.57,-1,-1,-1,-1
631,6,1070.97,166.52,381.12,891.84,-1,-1,-1,-1
632,0,410.60,202.21,269.47,767.59,-1,-1,-1,-1
632,1,992.43,202.90,169.77,613.86,-1,-1,-1,-1
632,6,1090.10,159.35,352.41,890.94,-1,-1,-1,-1
633,0,403.57,199.45,274.69,787.12,-1,-1,-1,-1
633,1,972.95,193.73,180.33,635.47,-1,-1,-1,-1
633,6,1097.75,158.32,338.79,880.16,-1,-1,-1,-1
634,0,395.31,201.33,283.56,792.64,-1,-1,-1,-1
634,1,953.40,191.16,188.84,641.85,-1,-1,-1,-1
634,6,1113.85,157.82,317.05,867.17,-1,-1,-1,-1
635,0,385.56,194.14,291.30,805.36,-1,-1,-1,-1
635,1,933.04,192.97,199.98,631.51,-1,-1,-1,-1
635,6,1120.23,156.70,313.06,864.86,-1,-1,-1,-1
636,0,375.27,196.25,305.47,809.27,-1,-1,-1,-1
636,1,907.49,193.36,214.94,637.66,-1,-1,-1,-1
636,6,1127.04,157.53,310.57,859.72,-1,-1,-1,-1
637,0,363.36,193.09,320.50,819.79,-1,-1,-1,-1
637,1,879.16,203.91,247.71,625.92,-1,-1,-1,-1
637,6,1135.04,164.16,305.91,840.20,-1,-1,-1,-1
638,0,357.15,185.00,321.60,835.01,-1,-1,-1,-1
638,1,867.31,206.67,253.55,626.85,-1,-1,-1,-1
638,6,1135.60,166.68,313.28,837.27,-1,-1,-1,-1
639,0,351.56,181.76,325.28,847.06,-1,-1,-1,-1
639,1,859.62,204.90,247.64,631.90,-1,-1,-1,-1
639,6,1140.50,171.72,313.80,832.89,-1,-1,-1,-1
640,0,347.77,179.49,327.22,863.71,-1,-1,-1,-1
640,1,849.46,204.94,248.03,632.38,-1,-1,-1,-1
640,6,1151.21,173.53,302.33,821.08,-1,-1,-1,-1
641,0,347.70,176.39,327.50,879.24,-1,-1,-1,-1
641,1,848.99,201.79,219.45,640.85,-1,-1,-1,-1
641,6,1159.64,179.81,301.61,798.07,-1,-1,-1,-1
642,0,353.58,171.21,322.37,893.35,-1,-1,-1,-1
642,1,836.08,198.83,202.75,645.68,-1,-1,-1,-1
642,6,1173.16,174.50,289.87,797.98,-1,-1,-1,-1
643,0,363.01,175.99,317.63,885.00,-1,-1,-1,-1
643,1,823.79,196.13,188.99,653.33,-1,-1,-1,-1
643,6,1185.43,178.86,277.81,779.41,-1,-1,-1,-1
644,0,374.25,178.49,312.07,880.06,-1,-1,-1,-1
644,1,803.97,199.96,195.52,645.03,-1,-1,-1,-1
644,6,1195.57,178.52,266.01,771.00,-1,-1,-1,-1
645,0,389.52,178.15,311.99,877.63,-1,-1,-1,-1
645,1,781.29,202.83,207.84,637.07,-1,-1,-1,-1
645,6,1202.56,181.86,255.66,751.58,-1,-1,-1,-1
646,0,404.82,176.01,315.71,878.18,-1,-1,-1,-1
646,1,743.19,210.14,243.28,626.33,-1,-1,-1,-1
646,6,1205.07,185.92,244.90,737.48,-1,-1,-1,-1
647,0,418.78,166.24,320.91,902.20,-1,-1,-1,-1
647,1,724.98,206.11,248.73,639.86,-1,-1,-1,-1
647,6,1200.26,188.76,237.34,725.64,-1,-1,-1,-1
648,0,430.98,162.48,339.30,911.22,-1,-1,-1,-1
648,1,712.50,216.87,245.64,622.78,-1,-1,-1,-1
648,6,1192.35,192.45,234.91,712.94,-1,-1,-1,-1
649,0,444.82,171.15,350.74,900.86,-1,-1,-1,-1
649,1,707.47,207.86,237.43,636.49,-1,-1,-1,-1
649,6,1179.16,180.00,240.31,735.32,-1,-1,-1,-1
650,0,459.22,164.65,374.37,911.93,-1,-1,-1,-1
650,1,699.68,201.72,229.72,651.81,-1,-1,-1,-1
650,6,1169.85,188.18,245.84,718.71,-1,-1,-1,-1
651,0,473.79,141.43,397.54,940.43,-1,-1,-1,-1
651,1,696.55,196.66,202.14,650.90,-1,-1,-1,-1
651,6,1161.74,191.67,244.21,709.05,-1,-1,-1,-1
652,0,498.42,130.62,396.10,952.65,-1,-1,-1,-1
652,1,681.25,194.17,203.42,655.10,-1,-1,-1,-1
652,6,1147.60,196.90,246.08,691.65,-1,-1,-1,-1
653,0,520.54,126.25,403.34,957.32,-1,-1,-1,-1
653,1,665.94,191.67,204.70,659.30,-1,-1,-1,-1
653,6,1128.84,202.53,240.76,677.81,-1,-1,-1,-1
654,0,543.80,127.82,398.14,948.31,-1,-1,-1,-1
654,1,650.64,189.18,205.99,663.51,-1,-1,-1,-1
654,6,1111.26,203.14,238.55,672.99,-1,-1,-1,-1
655,0,571.07,138.34,378.60,931.13,-1,-1,-1,-1
655,1,635.34,186.68,207.27,667.71,-1,-1,-1,-1
655,6,1082.47,199.99,246.15,680.88,-1,-1,-1,-1
656,0,592.82,130.38,369.77,940.84,-1,-1,-1,-1
656,6,1065.03,203.49,244.31,677.85,-1,-1,-1,-1
657,0,604.31,133.37,375.69,935.08,-1,-1,-1,-1
657,1,573.69,199.01,208.59,668.17,-1,-1,-1,-1
657,6,1050.01,208.25,241.89,667.39,-1,-1,-1,-1
658,0,615.38,138.13,375.96,930.24,-1,-1,-1,-1
658,1,555.41,184.44,256.76,700.26,-1,-1,-1,-1
658,6,1036.87,210.11,244.36,662.11,-1,-1,-1,-1
659,0,680.24,141.13,320.06,921.41,-1,-1,-1,-1
659,1,558.46,191.40,231.97,695.09,-1,-1,-1,-1
659,6,1027.47,207.08,247.30,659.83,-1,-1,-1,-1
660,0,743.91,126.48,290.85,932.37,-1,-1,-1,-1
660,1,554.50,194.56,222.48,697.62,-1,-1,-1,-1
660,6,1028.40,208.37,234.90,657.95,-1,-1,-1,-1
661,0,787.96,107.97,296.03,960.44,-1,-1,-1,-1
661,1,543.08,189.63,224.84,709.77,-1,-1,-1,-1
661,6,1032.07,212.82,215.61,649.05,-1,-1,-1,-1
662,0,821.19,91.47,336.36,982.10,-1,-1,-1,-1
662,1,530.36,183.21,234.15,724.39,-1,-1,-1,-1
662,6,1038.61,215.87,185.65,624.29,-1,-1,-1,-1
663,0,856.87,89.13,354.95,982.08,-1,-1,-1,-1
663,1,519.30,186.63,240.13,726.97,-1,-1,-1,-1
663,6,1050.41,227.36,154.26,596.54,-1,-1,-1,-1
664,0,872.56,94.39,403.73,975.09,-1,-1,-1,-1
664,1,511.10,190.66,244.60,730.00,-1,-1,-1,-1
664,6,1044.09,235.10,148.94,576.12,-1,-1,-1,-1
665,0,898.94,110.29,427.10,951.51,-1,-1,-1,-1
665,1,503.12,190.14,247.93,744.71,-1,-1,-1,-1
665,6,1037.78,242.84,143.63,555.71,-1,-1,-1,-1
666,0,927.73,109.05,412.43,956.81,-1,-1,-1,-1
666,1,490.88,187.44,255.59,753.44,-1,-1,-1,-1
666,6,1031.46,250.58,138.32,535.30,-1,-1,-1,-1
667,0,951.70,116.90,403.78,951.57,-1,-1,-1,-1
667,1,476.21,188.99,267.78,765.57,-1,-1,-1,-1
667,6,1025.14,258.32,133.01,514.88,-1,-1,-1,-1
668,0,953.57,122.52,413.48,935.31,-1,-1,-1,-1
668,1,460.85,191.77,278.79,767.33,-1,-1,-1,-1
669,0,985.15,120.91,383.06,944.08,-1,-1,-1,-1
669,1,445.74,189.42,292.48,774.06,-1,-1,-1,-1
669,6,937.43,225.10,219.48,605.28,-1,-1,-1,-1
670,0,1008.35,127.15,362.43,938.88,-1,-1,-1,-1
670,1,435.87,186.72,299.96,781.55,-1,-1,-1,-1
670,6,922.93,219.17,227.70,615.38,-1,-1,-1,-1
671,0,1068.02,121.60,325.25,951.70,-1,-1,-1,-1
671,1,425.26,182.38,309.56,794.16,-1,-1,-1,-1
671,6,917.50,220.88,211.75,607.66,-1,-1,-1,-1
672,0,1108.72,114.55,318.88,955.15,-1,-1,-1,-1
672,1,415.77,177.83,316.00,807.82,-1,-1,-1,-1
672,6,913.22,229.19,186.26,588.29,-1,-1,-1,-1
673,0,1137.16,104.29,316.90,968.01,-1,-1,-1,-1
673,1,411.65,173.87,315.66,818.00,-1,-1,-1,-1
673,6,904.02,228.21,178.55,591.92,-1,-1,-1,-1