28,0,0.13,262.35,201.65,585.68,-1,-1,-1,-1
29,0,0.37,259.18,210.54,587.12,-1,-1,-1,-1
30,0,1.02,257.82,224.66,592.41,-1,-1,-1,-1
31,0,-0.17,255.23,244.50,601.54,-1,-1,-1,-1
32,0,2.97,254.81,254.79,610.02,-1,-1,-1,-1
33,0,5.25,259.47,264.41,609.59,-1,-1,-1,-1
34,0,14.95,259.30,250.27,616.87,-1,-1,-1,-1
35,0,19.98,261.20,246.99,617.02,-1,-1,-1,-1
36,0,17.49,257.39,258.21,622.15,-1,-1,-1,-1
37,0,16.78,254.48,269.52,626.99,-1,-1,-1,-1
38,0,16.08,252.45,289.27,632.63,-1,-1,-1,-1
39,0,26.43,251.53,283.77,634.76,-1,-1,-1,-1
40,0,35.37,235.74,282.02,669.20,-1,-1,-1,-1
41,0,48.68,228.34,264.99,693.38,-1,-1,-1,-1
42,0,64.12,227.93,243.53,698.84,-1,-1,-1,-1
43,0,71.17,221.58,235.85,710.53,-1,-1,-1,-1
44,0,77.95,222.44,238.70,710.30,-1,-1,-1,-1
45,0,86.63,223.96,262.55,707.72,-1,-1,-1,-1
46,0,98.85,223.84,279.72,707.16,-1,-1,-1,-1
47,0,115.53,220.07,289.95,712.88,-1,-1,-1,-1
48,0,130.35,222.45,301.22,716.12,-1,-1,-1,-1
49,0,142.24,217.04,301.44,728.37,-1,-1,-1,-1
50,0,151.45,219.92,292.99,726.47,-1,-1,-1,-1
51,0,159.93,219.70,281.44,729.71,-1,-1,-1,-1
52,0,164.61,218.27,285.13,735.13,-1,-1,-1,-1
53,0,170.88,215.68,286.55,739.45,-1,-1,-1,-1
54,0,187.89,209.29,276.99,754.99,-1,-1,-1,-1
55,0,207.76,209.58,268.27,759.02,-1,-1,-1,-1
56,0,225.21,210.59,281.02,757.01,-1,-1,-1,-1
57,0,238.55,210.79,314.32,751.65,-1,-1,-1,-1
58,0,253.62,209.16,335.11,750.46,-1,-1,-1,-1
59,0,272.58,202.34,349.71,757.11,-1,-1,-1,-1
60,0,294.96,197.36,343.76,763.49,-1,-1,-1,-1
61,0,309.69,193.48,336.85,772.99,-1,-1,-1,-1
62,0,324.07,190.75,317.01,792.21,-1,-1,-1,-1
63,0,343.69,193.71,285.68,803.82,-1,-1,-1,-1
64,0,357.53,186.12,259.46,819.59,-1,-1,-1,-1
65,0,359.57,183.23,260.17,826.30,-1,-1,-1,-1
66,0,355.28,174.93,270.60,841.90,-1,-1,-1,-1
67,0,343.88,165.75,293.72,866.35,-1,-1,-1,-1
68,0,332.88,156.98,320.14,883.61,-1,-1,-1,-1
69,0,324.41,151.02,344.51,907.82,-1,-1,-1,-1
70,0,324.22,146.48,357.25,922.28,-1,-1,-1,-1
71,0,322.68,158.33,360.56,909.05,-1,-1,-1,-1
72,0,327.06,159.35,346.50,907.78,-1,-1,-1,-1
73,0,325.65,159.84,341.53,902.97,-1,-1,-1,-1
74,0,314.13,161.42,354.74,909.86,-1,-1,-1,-1
75,0,310.60,149.84,353.28,930.35,-1,-1,-1,-1
76,0,299.41,151.77,369.60,927.50,-1,-1,-1,-1
77,0,294.94,153.40,382.58,922.58,-1,-1,-1,-1
78,0,295.78,143.37,391.67,934.03,-1,-1,-1,-1
79,0,308.65,137.84,383.19,941.43,-1,-1,-1,-1
80,0,325.13,132.92,376.96,948.45,-1,-1,-1,-1
81,0,352.42,137.10,362.86,940.28,-1,-1,-1,-1
82,0,388.88,144.20,336.81,920.50,-1,-1,-1,-1
83,0,422.91,133.48,312.17,939.81,-1,-1,-1,-1
84,0,458.15,101.63,294.73,982.03,-1,-1,-1,-1
85,0,504.55,98.57,259.76,982.45,-1,-1,-1,-1
86,0,520.40,89.92,262.88,994.32,-1,-1,-1,-1
87,0,554.17,95.83,312.43,975.32,-1,-1,-1,-1
88,0,579.59,110.56,331.60,952.16,-1,-1,-1,-1
89,0,608.91,114.30,344.24,948.82,-1,-1,-1,-1
90,0,633.58,110.35,376.19,960.38,-1,-1,-1,-1
91,0,668.44,121.73,402.17,948.32,-1,-1,-1,-1
92,0,714.57,139.93,405.35,925.61,-1,-1,-1,-1
93,0,756.96,132.97,412.96,938.39,-1,-1,-1,-1
94,0,788.47,130.75,427.97,944.93,-1,-1,-1,-1
95,0,820.87,125.75,426.60,944.43,-1,-1,-1,-1
96,0,853.25,120.38,430.89,950.31,-1,-1,-1,-1
97,0,888.30,123.06,423.62,942.98,-1,-1,-1,-1
98,0,926.01,127.37,400.12,934.66,-1,-1,-1,-1
99,0,952.03,128.21,404.72,939.00,-1,-1,-1,-1
100,0,975.19,134.50,408.51,933.82,-1,-1,-1,-1
101,0,1003.24,139.44,401.47,925.27,-1,-1,-1,-1
102,0,1020.07,126.50,398.40,941.18,-1,-1,-1,-1
103,0,1038.51,124.77,387.25,945.38,-1,-1,-1,-1
104,0,1062.60,119.49,362.97,957.28,-1,-1,-1,-1
105,0,1075.76,111.40,351.94,969.87,-1,-1,-1,-1
106,0,1104.17,108.41,314.96,974.04,-1,-1,-1,-1
107,0,1113.45,121.80,306.82,951.29,-1,-1,-1,-1
108,0,1124.21,129.95,290.73,927.75,-1,-1,-1,-1
109,0,1140.47,136.33,270.90,927.90,-1,-1,-1,-1
110,0,1149.45,141.54,262.03,920.26,-1,-1,-1,-1
111,0,1156.27,133.99,261.83,933.23,-1,-1,-1,-1
112,0,1170.31,128.44,251.57,939.38,-1,-1,-1,-1
113,0,1160.25,139.44,294.51,923.57,-1,-1,-1,-1
114,0,1154.10,131.18,325.25,934.30,-1,-1,-1,-1
115,0,1158.34,128.44,337.06,936.19,-1,-1,-1,-1
116,0,1160.99,131.67,349.04,925.47,-1,-1,-1,-1
117,0,1171.26,139.56,348.93,915.14,-1,-1,-1,-1
118,0,1188.91,147.62,336.69,901.78,-1,-1,-1,-1
118,2,3.21,246.67,168.49,577.56,-1,-1,-1,-1
119,0,1215.61,157.59,313.21,876.26,-1,-1,-1,-1
119,2,2.05,241.86,189.94,589.17,-1,-1,-1,-1
120,0,1236.73,159.51,298.44,871.54,-1,-1,-1,-1
120,2,3.05,233.91,207.95,599.78,-1,-1,-1,-1
121,0,1252.80,170.76,289.76,851.96,-1,-1,-1,-1
121,2,0.78,234.48,237.14,596.36,-1,-1,-1,-1
122,0,1272.27,171.84,278.94,848.78,-1,-1,-1,-1
122,2,0.81,232.49,263.93,596.08,-1,-1,-1,-1
123,0,1288.68,168.94,273.49,838.29,-1,-1,-1,-1
123,2,-0.27,229.01,303.20,597.32,-1,-1,-1,-1
124,0,1301.66,166.77,268.85,824.00,-1,-1,-1,-1
124,2,7.73,235.49,320.24,591.37,-1,-1,-1,-1
125,0,1308.26,168.17,267.26,808.17,-1,-1,-1,-1
125,2,14.92,238.62,339.08,590.85,-1,-1,-1,-1
126,0,1310.36,171.88,269.25,789.59,-1,-1,-1,-1
126,2,22.61,242.75,353.51,590.47,-1,-1,-1,-1
127,0,1312.20,173.42,258.82,783.57,-1,-1,-1,-1
127,2,35.56,238.54,347.01,595.64,-1,-1,-1,-1
128,0,1309.46,177.80,253.90,768.63,-1,-1,-1,-1
128,2,53.06,235.46,323.41,600.80,-1,-1,-1,-1
129,0,1306.35,184.34,245.83,750.74,-1,-1,-1,-1
129,2,69.13,229.05,296.91,611.46,-1,-1,-1,-1
130,0,1300.46,189.36,243.84,736.31,-1,-1,-1,-1
130,2,78.39,216.00,278.18,631.86,-1,-1,-1,-1
131,0,1296.24,183.30,239.71,745.61,-1,-1,-1,-1
131,2,91.92,210.88,255.65,645.57,-1,-1,-1,-1
132,0,1287.47,185.23,244.63,729.16,-1,-1,-1,-1
132,2,105.58,210.02,236.66,657.63,-1,-1,-1,-1
133,0,1279.02,186.05,243.80,716.11,-1,-1,-1,-1
133,2,116.04,209.00,223.82,666.92,-1,-1,-1,-1
134,0,1271.77,186.94,236.52,708.32,-1,-1,-1,-1
134,2,121.97,210.13,218.80,677.18,-1,-1,-1,-1
135,0,1264.07,189.25,235.86,703.61,-1,-1,-1,-1
135,2,120.78,208.55,224.61,685.05,-1,-1,-1,-1
136,0,1257.87,190.99,233.53,704.10,-1,-1,-1,-1
136,2,123.16,208.03,225.95,689.75,-1,-1,-1,-1
137,0,1255.03,199.64,217.20,690.09,-1,-1,-1,-1
137,2,126.31,205.99,228.45,695.46,-1,-1,-1,-1
138,0,1248.66,208.53,218.98,671.53,-1,-1,-1,-1
138,2,129.03,205.16,232.18,697.90,-1,-1,-1,-1
139,0,1241.88,219.70,219.49,651.22,-1,-1,-1,-1
139,2,131.76,198.47,240.23,704.98,-1,-1,-1,-1
140,0,1235.98,225.61,217.29,637.14,-1,-1,-1,-1
140,2,140.17,194.39,234.97,724.09,-1,-1,-1,-1
141,0,1230.80,217.05,203.11,638.66,-1,-1,-1,-1
141,2,135.74,197.37,255.32,713.40,-1,-1,-1,-1
142,0,1220.68,212.12,189.97,635.09,-1,-1,-1,-1
142,2,122.45,196.58,278.63,717.77,-1,-1,-1,-1
143,0,1209.03,214.36,184.64,623.91,-1,-1,-1,-1
143,2,105.41,203.04,308.79,721.19,-1,-1,-1,-1
144,0,1192.23,213.00,189.24,621.04,-1,-1,-1,-1
144,2,82.64,197.66,346.24,734.60,-1,-1,-1,-1
145,0,1175.94,214.70,196.13,615.13,-1,-1,-1,-1
145,2,70.05,194.57,371.12,740.87,-1,-1,-1,-1
146,0,1153.63,213.97,216.66,612.56,-1,-1,-1,-1
146,2,58.85,194.43,411.41,743.61,-1,-1,-1,-1
147,0,1133.88,210.41,232.39,612.18,-1,-1,-1,-1
147,2,63.76,189.08,441.49,755.30,-1,-1,-1,-1
148,0,1121.91,215.97,241.64,598.74,-1,-1,-1,-1
148,2,76.57,185.50,450.42,764.27,-1,-1,-1,-1
149,0,1114.36,215.17,246.00,597.33,-1,-1,-1,-1
149,2,99.90,180.31,439.36,782.46,-1,-1,-1,-1
150,0,1108.88,218.12,237.86,590.09,-1,-1,-1,-1
150,2,127.98,179.73,415.20,793.20,-1,-1,-1,-1
151,0,1105.31,219.39,210.49,583.19,-1,-1,-1,-1
151,2,151.30,173.80,399.10,809.02,-1,-1,-1,-1
152,0,1098.25,219.45,179.79,574.44,-1,-1,-1,-1
152,2,165.17,169.31,399.70,818.32,-1,-1,-1,-1
153,0,1080.46,220.17,173.50,568.06,-1,-1,-1,-1
153,2,181.54,169.28,381.18,823.52,-1,-1,-1,-1
154,0,1071.01,211.32,163.51,585.34,-1,-1,-1,-1
154,2,195.41,169.58,363.34,823.49,-1,-1,-1,-1
155,0,1058.84,214.97,162.54,581.75,-1,-1,-1,-1
155,2,217.13,168.81,321.73,821.77,-1,-1,-1,-1
156,0,1038.67,220.23,180.15,577.64,-1,-1,-1,-1
156,2,229.42,167.10,297.63,824.83,-1,-1,-1,-1
157,0,1028.05,230.71,183.18,567.35,-1,-1,-1,-1
157,2,232.88,161.39,292.01,833.15,-1,-1,-1,-1
158,0,1019.07,222.37,191.31,581.32,-1,-1,-1,-1
158,2,228.77,155.65,307.25,852.30,-1,-1,-1,-1
159,0,1004.17,231.69,210.68,565.25,-1,-1,-1,-1
159,2,231.76,161.19,324.29,844.40,-1,-1,-1,-1
160,0,982.37,233.77,223.85,559.95,-1,-1,-1,-1
160,2,251.71,161.98,306.63,843.78,-1,-1,-1,-1
161,0,963.07,232.64,222.13,558.32,-1,-1,-1,-1
161,2,255.18,159.85,293.23,850.99,-1,-1,-1,-1
162,0,949.33,233.10,221.03,556.01,-1,-1,-1,-1
162,2,253.55,159.24,288.46,854.91,-1,-1,-1,-1
163,0,938.39,233.55,213.95,547.86,-1,-1,-1,-1
163,2,248.88,153.70,292.79,882.70,-1,-1,-1,-1
164,0,922.68,232.42,207.79,547.27,-1,-1,-1,-1
164,2,241.21,154.96,307.10,891.75,-1,-1,-1,-1
165,0,900.02,233.91,210.99,541.38,-1,-1,-1,-1
165,2,236.30,150.13,319.06,909.36,-1,-1,-1,-1
166,0,878.33,233.93,221.08,542.88,-1,-1,-1,-1
166,2,230.66,153.99,328.64,909.32,-1,-1,-1,-1
167,0,858.85,235.90,235.70,541.81,-1,-1,-1,-1
167,2,218.88,141.32,345.87,933.15,-1,-1,-1,-1
168,0,851.67,235.82,240.75,545.94,-1,-1,-1,-1
168,2,212.35,138.18,365.45,937.75,-1,-1,-1,-1
169,0,852.43,230.23,234.95,556.88,-1,-1,-1,-1
169,2,211.07,137.38,388.52,942.10,-1,-1,-1,-1
170,0,849.08,240.12,232.34,544.12,-1,-1,-1,-1
170,2,212.73,134.08,412.71,946.67,-1,-1,-1,-1
171,0,852.14,243.47,203.88,541.72,-1,-1,-1,-1
171,2,223.20,145.65,429.54,925.36,-1,-1,-1,-1
172,0,849.03,253.27,182.12,525.07,-1,-1,-1,-1
172,2,237.04,149.81,434.99,919.86,-1,-1,-1,-1
173,0,835.63,252.13,175.37,522.86,-1,-1,-1,-1
173,2,254.24,146.06,439.72,923.96,-1,-1,-1,-1
174,0,816.38,242.99,181.90,534.02,-1,-1,-1,-1
174,2,268.03,139.43,447.47,929.92,-1,-1,-1,-1
175,0,799.04,239.76,180.75,541.84,-1,-1,-1,-1
175,2,278.71,118.84,453.59,952.68,-1,-1,-1,-1
176,0,755.51,242.73,220.59,540.54,-1,-1,-1,-1
176,2,286.89,105.59,464.94,972.71,-1,-1,-1,-1
177,0,733.61,238.09,228.98,550.49,-1,-1,-1,-1
177,2,295.60,88.02,474.98,995.82,-1,-1,-1,-1
178,0,723.80,234.96,221.33,557.54,-1,-1,-1,-1
178,2,304.64,86.37,473.17,991.50,-1,-1,-1,-1
179,0,710.50,227.96,216.20,576.71,-1,-1,-1,-1
179,2,313.14,71.36,492.91,1010.04,-1,-1,-1,-1
180,0,709.14,232.10,187.95,570.88,-1,-1,-1,-1
180,2,327.98,63.69,492.71,1017.02,-1,-1,-1,-1
181,0,692.92,230.91,189.28,574.93,-1,-1,-1,-1
181,2,341.92,42.41,489.04,1041.65,-1,-1,-1,-1
182,0,676.70,229.72,190.61,578.99,-1,-1,-1,-1
182,2,351.54,46.10,498.58,1034.05,-1,-1,-1,-1
183,0,660.48,228.52,191.94,583.04,-1,-1,-1,-1
183,2,365.31,48.79,508.05,1023.04,-1,-1,-1,-1
184,0,644.27,227.33,193.26,587.09,-1,-1,-1,-1
184,2,388.89,33.82,489.68,1039.63,-1,-1,-1,-1
185,2,412.01,21.96,485.93,1055.33,-1,-1,-1,-1
186,2,446.73,12.80,486.66,1062.61,-1,-1,-1,-1
187,2,485.91,1.31,478.72,1077.08,-1,-1,-1,-1
188,2,520.08,-2.06,472.66,1079.23,-1,-1,-1,-1
189,2,556.89,-4.95,469.07,1082.30,-1,-1,-1,-1
190,0,537.36,232.68,239.84,598.04,-1,-1,-1,-1
190,2,596.82,2.90,464.47,1065.40,-1,-1,-1,-1
191,0,524.67,252.01,220.97,571.59,-1,-1,-1,-1
191,2,641.60,12.84,462.90,1052.04,-1,-1,-1,-1
192,0,517.06,248.51,190.47,577.05,-1,-1,-1,-1
192,2,673.71,8.45,476.08,1060.81,-1,-1,-1,-1
193,0,503.28,238.95,181.38,598.40,-1,-1,-1,-1
193,2,704.40,1.92,482.71,1073.06,-1,-1,-1,-1
194,0,474.90,230.73,202.41,616.72,-1,-1,-1,-1
194,2,741.45,3.37,482.58,1068.95,-1,-1,-1,-1
195,0,439.30,237.70,240.07,615.05,-1,-1,-1,-1
195,2,765.84,6.66,494.71,1062.05,-1,-1,-1,-1
196,0,409.31,235.90,255.84,625.18,-1,-1,-1,-1
196,2,800.89,10.01,497.38,1044.99,-1,-1,-1,-1
197,0,394.96,233.78,247.84,633.65,-1,-1,-1,-1
197,2,829.55,18.27,506.29,1035.61,-1,-1,-1,-1
198,0,375.58,240.76,247.86,629.59,-1,-1,-1,-1
198,2,865.21,22.10,501.81,1026.39,-1,-1,-1,-1
199,0,369.29,234.47,234.44,644.06,-1,-1,-1,-1
199,2,900.87,25.93,497.33,1017.17,-1,-1,-1,-1
200,0,366.62,229.84,211.57,655.02,-1,-1,-1,-1
200,2,936.54,29.76,492.84,1007.95,-1,-1,-1,-1
201,0,355.24,230.26,208.12,649.99,-1,-1,-1,-1
201,2,967.75,0.87,487.70,1070.60,-1,-1,-1,-1
202,0,341.00,230.95,211.84,652.80,-1,-1,-1,-1
202,2,1008.39,5.62,476.07,1048.29,-1,-1,-1,-1
203,0,312.75,230.03,236.20,663.68,-1,-1,-1,-1
203,2,1042.71,8.71,464.65,1041.03,-1,-1,-1,-1
204,0,284.99,227.15,261.86,680.27,-1,-1,-1,-1
204,2,1088.98,7.68,433.31,1044.17,-1,-1,-1,-1
205,0,273.05,226.25,258.90,696.59,-1,-1,-1,-1
205,2,1122.05,0.23,412.36,1065.50,-1,-1,-1,-1
206,0,264.47,220.08,256.22,723.71,-1,-1,-1,-1
206,2,1149.02,-2.80,395.22,1075.53,-1,-1,-1,-1
207,0,246.19,217.71,270.54,736.03,-1,-1,-1,-1
207,2,1160.04,-2.09,408.74,1078.68,-1,-1,-1,-1
208,0,228.00,214.42,283.77,748.13,-1,-1,-1,-1
208,2,1168.25,7.83,423.55,1066.98,-1,-1,-1,-1
209,0,210.64,212.78,305.14,752.83,-1,-1,-1,-1
209,2,1170.94,11.25,435.16,1061.33,-1,-1,-1,-1
210,0,198.32,211.25,326.07,754.83,-1,-1,-1,-1
210,2,1163.31,18.42,456.79,1052.48,-1,-1,-1,-1
211,0,194.24,208.74,331.62,757.31,-1,-1,-1,-1
211,2,1170.58,19.58,457.88,1054.53,-1,-1,-1,-1
212,0,185.92,206.50,337.80,767.78,-1,-1,-1,-1
212,2,1168.61,21.47,475.45,1055.64,-1,-1,-1,-1
213,0,181.12,203.02,335.61,782.27,-1,-1,-1,-1
213,2,1175.89,38.66,477.89,1028.62,-1,-1,-1,-1
214,0,183.99,200.83,320.72,795.56,-1,-1,-1,-1
214,2,1187.83,52.30,466.00,1005.85,-1,-1,-1,-1
215,0,190.10,201.16,299.70,803.58,-1,-1,-1,-1
215,2,1188.96,55.05,467.79,1003.89,-1,-1,-1,-1
216,0,200.67,204.44,277.67,800.09,-1,-1,-1,-1
216,2,1200.67,60.87,445.65,996.71,-1,-1,-1,-1
217,0,205.41,207.61,269.94,797.43,-1,-1,-1,-1
217,2,1207.25,63.94,437.05,1002.44,-1,-1,-1,-1
218,0,211.48,209.92,263.69,793.91,-1,-1,-1,-1
218,2,1207.91,70.52,444.09,993.27,-1,-1,-1,-1
219,0,222.69,209.48,253.02,798.23,-1,-1,-1,-1
219,2,1212.13,67.34,443.21,1005.28,-1,-1,-1,-1
220,0,227.56,210.51,263.13,806.58,-1,-1,-1,-1
220,2,1217.46,59.59,448.17,1020.73,-1,-1,-1,-1
220,4,6.58,266.72,204.78,563.09,-1,-1,-1,-1
221,0,238.71,209.03,260.16,813.74,-1,-1,-1,-1
221,2,1218.23,52.12,464.60,1031.43,-1,-1,-1,-1
221,4,4.93,265.57,199.78,558.64,-1,-1,-1,-1
222,0,243.45,200.90,266.95,837.45,-1,-1,-1,-1
222,2,1223.08,66.02,486.14,1014.92,-1,-1,-1,-1
222,4,5.86,254.10,209.69,584.64,-1,-1,-1,-1
223,0,250.50,200.00,283.43,847.58,-1,-1,-1,-1
223,2,1238.88,80.95,456.82,992.29,-1,-1,-1,-1
223,4,7.00,250.43,216.58,589.50,-1,-1,-1,-1
224,0,260.20,202.26,295.81,848.98,-1,-1,-1,-1
224,2,1254.59,102.72,431.43,954.38,-1,-1,-1,-1
224,4,8.25,251.05,223.88,590.89,-1,-1,-1,-1
225,0,270.10,192.40,307.17,868.09,-1,-1,-1,-1
225,2,1271.43,112.71,426.57,930.09,-1,-1,-1,-1
225,4,7.73,245.63,233.92,607.12,-1,-1,-1,-1
226,0,279.68,184.60,311.70,881.78,-1,-1,-1,-1
226,2,1285.09,119.13,446.65,918.47,-1,-1,-1,-1
226,4,5.42,245.62,245.15,617.48,-1,-1,-1,-1
227,0,283.17,181.47,321.15,887.58,-1,-1,-1,-1
227,2,1305.78,113.38,424.56,929.67,-1,-1,-1,-1
227,4,8.04,244.35,248.12,626.13,-1,-1,-1,-1
228,0,291.62,173.99,317.30,901.30,-1,-1,-1,-1
228,2,1324.47,110.29,394.59,931.90,-1,-1,-1,-1
228,4,14.42,242.93,244.02,632.92,-1,-1,-1,-1
229,0,296.17,174.31,313.41,899.53,-1,-1,-1,-1
229,2,1333.58,105.39,371.51,940.64,-1,-1,-1,-1
229,4,18.27,243.05,241.51,631.50,-1,-1,-1,-1
230,0,305.08,182.11,299.90,888.15,-1,-1,-1,-1
230,2,1341.92,105.54,340.77,928.63,-1,-1,-1,-1
230,4,21.74,239.37,240.41,644.07,-1,-1,-1,-1
231,0,313.33,172.47,289.94,900.71,-1,-1,-1,-1
231,2,1345.99,105.70,312.71,917.34,-1,-1,-1,-1
231,4,26.39,242.14,239.97,634.28,-1,-1,-1,-1
232,0,318.59,169.99,290.94,904.57,-1,-1,-1,-1
232,2,1345.20,104.43,284.89,924.44,-1,-1,-1,-1
232,4,31.10,243.44,243.66,630.11,-1,-1,-1,-1
233,0,321.72,168.36,299.89,904.07,-1,-1,-1,-1
233,2,1329.06,120.54,282.42,898.77,-1,-1,-1,-1
233,4,34.89,240.15,249.50,636.97,-1,-1,-1,-1
234,0,327.09,164.26,312.36,913.02,-1,-1,-1,-1
234,2,1318.03,132.67,271.48,881.82,-1,-1,-1,-1
234,4,40.99,234.35,253.59,643.71,-1,-1,-1,-1
235,0,334.87,166.92,320.84,904.05,-1,-1,-1,-1
235,2,1302.33,146.82,255.91,851.69,-1,-1,-1,-1
235,4,47.48,228.66,255.28,653.54,-1,-1,-1,-1
236,0,340.76,166.69,329.52,906.36,-1,-1,-1,-1
236,2,1282.90,154.67,248.97,825.24,-1,-1,-1,-1
236,4,51.09,227.53,268.62,660.00,-1,-1,-1,-1
237,0,351.84,165.47,341.11,908.52,-1,-1,-1,-1
237,2,1263.65,156.83,237.64,805.97,-1,-1,-1,-1
237,4,57.68,221.45,271.24,676.11,-1,-1,-1,-1
238,0,360.84,164.00,372.53,911.75,-1,-1,-1,-1
238,2,1237.96,161.66,243.44,783.25,-1,-1,-1,-1
238,4,63.89,224.12,275.48,679.33,-1,-1,-1,-1
239,0,374.81,151.91,402.76,928.88,-1,-1,-1,-1
239,2,1215.78,161.67,250.03,773.21,-1,-1,-1,-1
239,4,71.80,225.51,273.85,687.06,-1,-1,-1,-1
240,0,397.88,150.76,417.18,926.45,-1,-1,-1,-1
240,2,1196.55,167.40,250.93,758.83,-1,-1,-1,-1
240,4,79.43,226.62,273.97,693.92,-1,-1,-1,-1
241,0,415.85,151.93,435.74,926.18,-1,-1,-1,-1
241,2,1182.26,166.61,253.11,761.67,-1,-1,-1,-1
241,4,90.19,226.95,266.43,697.63,-1,-1,-1,-1
242,0,425.91,131.48,445.95,948.71,-1,-1,-1,-1
242,2,1169.56,168.40,260.52,755.46,-1,-1,-1,-1
242,4,96.16,225.19,265.49,703.73,-1,-1,-1,-1
243,0,428.08,143.89,456.05,926.97,-1,-1,-1,-1
243,2,1159.14,168.05,266.04,758.76,-1,-1,-1,-1
243,4,104.15,220.07,263.58,713.68,-1,-1,-1,-1
244,0,438.26,149.32,457.88,913.76,-1,-1,-1,-1
244,2,1153.98,174.00,254.62,746.71,-1,-1,-1,-1
244,4,113.02,218.21,260.62,715.08,-1,-1,-1,-1
245,0,470.45,149.62,440.89,911.39,-1,-1,-1,-1
245,2,1148.05,171.53,246.53,740.54,-1,-1,-1,-1
245,4,120.75,213.74,262.28,724.93,-1,-1,-1,-1
246,0,518.24,136.60,417.78,928.71,-1,-1,-1,-1
246,2,1145.18,177.22,238.18,719.91,-1,-1,-1,-1
246,4,127.85,208.19,264.80,741.45,-1,-1,-1,-1
247,0,576.87,132.09,380.97,935.87,-1,-1,-1,-1
247,2,1143.00,184.88,232.01,691.47,-1,-1,-1,-1
247,4,141.89,205.55,257.46,755.17,-1,-1,-1,-1
248,0,625.09,130.56,360.04,942.44,-1,-1,-1,-1
248,2,1141.71,187.75,229.51,675.50,-1,-1,-1,-1
248,4,154.74,203.80,259.22,756.25,-1,-1,-1,-1
249,0,657.85,133.24,354.37,942.72,-1,-1,-1,-1
249,2,1139.53,190.05,229.73,669.43,-1,-1,-1,-1
249,4,170.89,194.20,261.32,776.69,-1,-1,-1,-1
250,0,691.65,129.99,348.47,944.91,-1,-1,-1,-1
250,2,1138.21,191.14,226.66,662.70,-1,-1,-1,-1
250,4,187.83,201.69,254.69,764.62,-1,-1,-1,-1
251,0,728.13,138.30,342.21,927.64,-1,-1,-1,-1
251,2,1136.81,187.15,223.93,667.55,-1,-1,-1,-1
251,4,208.22,200.85,239.59,778.20,-1,-1,-1,-1
252,0,765.07,139.49,334.56,921.18,-1,-1,-1,-1
252,2,1139.48,189.59,218.03,662.94,-1,-1,-1,-1
252,4,214.56,199.28,241.95,774.32,-1,-1,-1,-1
253,0,794.05,128.56,329.02,941.64,-1,-1,-1,-1
253,2,1141.25,190.19,212.26,661.73,-1,-1,-1,-1
253,4,216.66,195.31,249.04,781.00,-1,-1,-1,-1
254,0,824.68,123.22,330.26,951.32,-1,-1,-1,-1
254,2,1145.95,184.71,200.48,659.83,-1,-1,-1,-1
254,4,216.23,194.87,261.60,789.58,-1,-1,-1,-1
255,0,853.72,135.48,341.39,939.45,-1,-1,-1,-1
255,2,1149.04,183.21,193.88,647.35,-1,-1,-1,-1
255,4,217.52,185.14,275.19,814.76,-1,-1,-1,-1
256,0,879.25,124.32,341.67,953.00,-1,-1,-1,-1
256,2,1154.88,188.70,176.63,620.24,-1,-1,-1,-1
256,4,220.97,179.99,281.75,829.91,-1,-1,-1,-1
257,0,901.63,127.60,351.20,942.39,-1,-1,-1,-1
257,2,1162.22,187.48,156.56,621.03,-1,-1,-1,-1
257,4,217.91,182.47,290.77,822.86,-1,-1,-1,-1
258,0,915.98,133.08,359.41,933.44,-1,-1,-1,-1
258,2,1158.43,185.33,158.23,643.18,-1,-1,-1,-1
258,4,217.82,181.38,291.19,832.75,-1,-1,-1,-1
259,0,932.23,130.83,372.41,942.22,-1,-1,-1,-1
259,2,1158.05,192.43,150.77,600.15,-1,-1,-1,-1
259,4,212.57,176.98,297.68,854.97,-1,-1,-1,-1
260,0,955.13,118.30,387.01,961.27,-1,-1,-1,-1
260,2,1157.00,196.86,146.62,583.71,-1,-1,-1,-1
260,4,201.62,177.93,310.33,863.55,-1,-1,-1,-1
261,0,973.51,116.48,413.89,960.61,-1,-1,-1,-1
261,2,1155.95,201.30,142.48,567.28,-1,-1,-1,-1
261,4,187.70,178.71,325.99,874.39,-1,-1,-1,-1
262,0,1007.21,118.15,396.06,954.45,-1,-1,-1,-1
262,2,1154.90,205.74,138.34,550.84,-1,-1,-1,-1
262,4,185.90,178.03,329.02,886.79,-1,-1,-1,-1
263,0,1044.62,128.82,379.31,942.14,-1,-1,-1,-1
263,2,1153.85,210.18,134.20,534.40,-1,-1,-1,-1
263,4,184.68,181.94,333.03,881.71,-1,-1,-1,-1
264,0,1081.29,125.59,372.59,948.29,-1,-1,-1,-1
264,2,1084.41,197.00,126.14,585.36,-1,-1,-1,-1
264,4,188.33,177.35,330.87,883.10,-1,-1,-1,-1
265,0,1094.61,128.76,398.08,941.69,-1,-1,-1,-1
265,2,1060.92,207.43,144.12,540.98,-1,-1,-1,-1
265,4,187.67,169.02,340.27,890.68,-1,-1,-1,-1
266,0,1138.57,131.52,376.83,941.94,-1,-1,-1,-1
266,2,1036.06,201.27,170.21,568.94,-1,-1,-1,-1
266,4,189.73,150.27,348.74,920.65,-1,-1,-1,-1
267,0,1193.91,130.44,337.15,942.39,-1,-1,-1,-1
267,2,1015.41,201.47,199.21,580.64,-1,-1,-1,-1
267,4,192.15,137.18,361.95,938.38,-1,-1,-1,-1
268,0,1240.08,126.63,305.53,947.46,-1,-1,-1,-1
268,2,987.42,201.23,232.83,589.38,-1,-1,-1,-1
268,4,196.87,135.45,390.09,938.59,-1,-1,-1,-1
269,0,1282.22,132.53,273.94,932.98,-1,-1,-1,-1
269,2,972.02,195.95,244.30,614.25,-1,-1,-1,-1
269,4,218.33,140.86,394.15,932.96,-1,-1,-1,-1
270,0,1313.05,124.87,252.51,948.93,-1,-1,-1,-1
270,2,951.87,202.25,254.08,611.93,-1,-1,-1,-1
270,4,246.96,135.73,383.71,934.14,-1,-1,-1,-1
271,0,1338.96,131.82,234.03,930.29,-1,-1,-1,-1
271,2,937.14,211.82,241.63,594.62,-1,-1,-1,-1
271,4,280.56,136.62,358.16,933.35,-1,-1,-1,-1
272,0,1347.70,128.97,240.15,933.54,-1,-1,-1,-1
272,2,919.55,218.07,235.38,581.79,-1,-1,-1,-1
272,4,306.07,135.65,347.53,935.22,-1,-1,-1,-1
273,0,1353.46,137.81,236.58,915.11,-1,-1,-1,-1
273,2,898.31,217.47,229.30,584.24,-1,-1,-1,-1
273,4,339.58,141.26,328.31,926.95,-1,-1,-1,-1
274,0,1352.04,131.33,245.23,914.47,-1,-1,-1,-1
274,2,878.30,209.61,225.62,597.75,-1,-1,-1,-1
274,4,365.08,130.61,320.71,942.34,-1,-1,-1,-1
275,0,1351.92,129.41,244.89,904.50,-1,-1,-1,-1
275,2,857.56,211.77,229.51,594.27,-1,-1,-1,-1
275,4,384.32,126.86,316.26,940.96,-1,-1,-1,-1
276,0,1350.04,133.80,246.23,882.76,-1,-1,-1,-1
276,2,838.02,204.06,237.93,605.64,-1,-1,-1,-1
276,4,409.43,116.86,303.40,949.71,-1,-1,-1,-1
277,0,1351.36,146.14,245.20,855.31,-1,-1,-1,-1
277,2,823.10,205.14,240.93,602.04,-1,-1,-1,-1
277,4,427.61,107.00,295.76,960.82,-1,-1,-1,-1
278,0,1351.86,150.14,243.01,851.98,-1,-1,-1,-1
278,2,815.90,214.82,233.66,586.77,-1,-1,-1,-1
278,4,448.40,100.24,287.68,965.94,-1,-1,-1,-1
279,0,1349.63,149.19,240.33,853.84,-1,-1,-1,-1
279,2,805.65,214.39,228.81,593.19,-1,-1,-1,-1
279,4,461.37,88.42,284.82,986.18,-1,-1,-1,-1
280,0,1345.33,167.80,237.63,817.54,-1,-1,-1,-1
280,2,805.29,208.90,198.18,603.12,-1,-1,-1,-1
280,4,469.19,84.35,295.59,988.45,-1,-1,-1,-1
281,0,1337.76,177.31,237.81,789.38,-1,-1,-1,-1
281,2,795.48,215.03,175.19,594.75,-1,-1,-1,-1
281,4,496.38,84.90,288.09,981.93,-1,-1,-1,-1
282,0,1329.42,179.04,244.03,780.59,-1,-1,-1,-1
282,2,785.12,209.80,155.72,598.86,-1,-1,-1,-1
282,4,515.25,73.83,306.52,998.42,-1,-1,-1,-1
283,0,1323.86,183.85,248.50,758.54,-1,-1,-1,-1
283,2,768.01,209.44,155.98,599.92,-1,-1,-1,-1
283,4,524.12,81.69,348.40,986.64,-1,-1,-1,-1
284,0,1321.19,185.16,244.22,738.45,-1,-1,-1,-1
284,2,750.89,209.07,156.24,600.98,-1,-1,-1,-1
284,4,538.21,92.55,362.58,970.67,-1,-1,-1,-1
285,0,1320.67,191.50,224.31,718.25,-1,-1,-1,-1
285,2,733.78,208.70,156.50,602.03,-1,-1,-1,-1
285,4,550.34,89.18,385.53,973.67,-1,-1,-1,-1
286,0,1319.24,194.62,213.38,699.58,-1,-1,-1,-1
286,2,716.67,208.33,156.77,603.09,-1,-1,-1,-1
286,4,566.15,78.14,397.50,990.11,-1,-1,-1,-1
287,0,1317.69,190.79,213.40,702.38,-1,-1,-1,-1
287,4,585.65,69.02,402.56,1004.09,-1,-1,-1,-1
288,0,1312.13,191.37,218.77,701.49,-1,-1,-1,-1
288,4,604.28,64.93,408.11,1005.38,-1,-1,-1,-1
289,0,1305.20,194.79,208.94,688.69,-1,-1,-1,-1
289,4,617.81,62.77,424.35,1002.04,-1,-1,-1,-1
290,0,1295.70,191.11,200.90,688.84,-1,-1,-1,-1
290,2,593.63,246.03,183.05,567.14,-1,-1,-1,-1
290,4,638.58,54.89,423.17,1013.93,-1,-1,-1,-1
291,0,1286.83,188.94,202.42,689.28,-1,-1,-1,-1
291,2,565.22,227.87,210.94,598.77,-1,-1,-1,-1
291,4,655.90,61.33,424.25,993.06,-1,-1,-1,-1
292,0,1280.96,179.52,210.75,693.36,-1,-1,-1,-1
292,2,532.95,211.97,249.41,630.89,-1,-1,-1,-1
292,4,707.12,64.42,388.55,993.66,-1,-1,-1,-1
293,0,1273.42,193.80,219.70,659.79,-1,-1,-1,-1
293,2,512.51,204.81,268.17,648.88,-1,-1,-1,-1
293,4,746.23,68.10,368.80,990.73,-1,-1,-1,-1
294,0,1270.10,208.31,218.96,631.52,-1,-1,-1,-1
294,2,495.80,207.72,283.86,654.25,-1,-1,-1,-1
294,4,799.55,62.19,332.21,982.96,-1,-1,-1,-1
295,0,1261.29,215.30,227.23,619.95,-1,-1,-1,-1
295,2,478.74,210.51,295.33,657.67,-1,-1,-1,-1
295,4,849.90,32.31,304.45,1029.96,-1,-1,-1,-1
296,0,1256.48,215.57,226.48,615.85,-1,-1,-1,-1
296,2,470.08,206.98,294.34,670.25,-1,-1,-1,-1
296,4,888.04,25.46,295.39,1039.21,-1,-1,-1,-1
297,0,1251.64,220.18,213.09,604.92,-1,-1,-1,-1
297,2,454.91,199.06,294.79,677.33,-1,-1,-1,-1
297,4,907.14,25.39,335.29,1046.59,-1,-1,-1,-1
298,0,1237.00,221.96,214.72,599.32,-1,-1,-1,-1
298,2,435.37,194.87,298.45,685.23,-1,-1,-1,-1
298,4,933.81,26.58,376.26,1049.32,-1,-1,-1,-1
299,0,1224.62,226.11,213.84,560.84,-1,-1,-1,-1
299,2,419.63,194.60,291.33,690.17,-1,-1,-1,-1
299,4,964.72,48.16,397.90,1016.93,-1,-1,-1,-1
300,0,1221.63,232.02,205.21,530.00,-1,-1,-1,-1
300,2,407.49,194.82,288.16,691.67,-1,-1,-1,-1
300,4,992.17,40.07,398.65,1029.65,-1,-1,-1,-1
301,0,1226.92,208.20,191.53,580.70,-1,-1,-1,-1
301,2,385.89,192.51,296.95,698.99,-1,-1,-1,-1
301,4,1020.51,60.28,402.17,998.81,-1,-1,-1,-1
302,0,1218.29,199.62,194.61,590.04,-1,-1,-1,-1
302,2,369.19,190.04,301.98,706.21,-1,-1,-1,-1
302,4,1048.96,78.32,403.05,981.90,-1,-1,-1,-1
303,0,1209.67,191.04,197.68,599.39,-1,-1,-1,-1
303,2,349.13,184.56,308.07,730.90,-1,-1,-1,-1
303,4,1075.66,70.05,405.21,998.40,-1,-1,-1,-1
304,0,1201.04,182.46,200.75,608.73,-1,-1,-1,-1
304,2,323.81,186.09,326.81,744.14,-1,-1,-1,-1
304,4,1113.51,68.98,390.30,999.21,-1,-1,-1,-1
305,0,1192.42,173.88,203.83,618.07,-1,-1,-1,-1
305,2,290.30,181.62,357.36,770.03,-1,-1,-1,-1
305,4,1139.01,68.80,390.67,1000.43,-1,-1,-1,-1
306,2,265.71,179.37,376.70,782.97,-1,-1,-1,-1
306,4,1156.16,69.14,400.53,1006.44,-1,-1,-1,-1
307,0,1148.44,205.37,132.81,591.47,-1,-1,-1,-1
307,2,254.33,181.05,382.12,785.39,-1,-1,-1,-1
307,4,1162.45,65.30,416.94,1014.94,-1,-1,-1,-1
308,0,1113.13,219.94,164.73,575.70,-1,-1,-1,-1
308,2,260.15,178.62,366.42,789.85,-1,-1,-1,-1
308,4,1186.00,49.01,414.16,1035.88,-1,-1,-1,-1
309,0,1078.83,224.93,201.88,578.42,-1,-1,-1,-1
309,2,282.14,177.75,338.08,791.05,-1,-1,-1,-1
309,4,1225.61,53.91,395.16,1028.05,-1,-1,-1,-1
310,0,1060.26,223.97,222.40,585.30,-1,-1,-1,-1
310,2,304.60,176.18,314.18,788.75,-1,-1,-1,-1
310,4,1255.74,47.30,395.82,1030.88,-1,-1,-1,-1
311,0,1052.89,223.92,218.45,588.90,-1,-1,-1,-1
311,2,322.29,170.12,299.09,806.32,-1,-1,-1,-1
311,4,1289.72,75.69,399.09,990.70,-1,-1,-1,-1
312,0,1053.53,225.78,192.28,585.07,-1,-1,-1,-1
312,2,331.11,168.95,299.68,817.26,-1,-1,-1,-1
312,4,1322.89,85.19,396.76,984.99,-1,-1,-1,-1
313,0,1040.13,227.12,192.22,584.93,-1,-1,-1,-1
313,2,337.85,168.13,301.52,825.00,-1,-1,-1,-1
313,4,1356.97,95.33,380.31,968.64,-1,-1,-1,-1
314,0,1040.60,232.43,158.28,577.11,-1,-1,-1,-1
314,2,341.60,161.66,298.42,864.13,-1,-1,-1,-1
314,4,1385.42,94.94,373.27,977.08,-1,-1,-1,-1
315,0,1022.82,230.15,156.17,578.16,-1,-1,-1,-1
315,2,340.18,159.15,309.23,880.84,-1,-1,-1,-1
315,4,1401.27,101.07,383.97,969.75,-1,-1,-1,-1
316,0,983.43,227.83,190.18,583.64,-1,-1,-1,-1
316,2,340.03,157.67,315.50,880.43,-1,-1,-1,-1
316,4,1417.24,99.72,403.19,971.28,-1,-1,-1,-1
317,0,939.37,225.84,230.58,593.80,-1,-1,-1,-1
317,2,342.81,155.61,313.52,881.38,-1,-1,-1,-1
317,4,1441.87,97.17,408.51,979.95,-1,-1,-1,-1
318,0,914.06,226.52,249.00,601.53,-1,-1,-1,-1
318,2,348.10,143.71,309.82,907.32,-1,-1,-1,-1
318,4,1457.76,90.66,415.45,989.45,-1,-1,-1,-1
319,0,904.87,230.16,245.42,603.67,-1,-1,-1,-1
319,2,355.09,136.13,310.87,924.73,-1,-1,-1,-1
319,4,1470.32,92.61,421.88,985.02,-1,-1,-1,-1
320,0,894.22,230.99,243.11,605.25,-1,-1,-1,-1
320,2,366.92,127.13,307.85,948.99,-1,-1,-1,-1
320,4,1485.17,101.24,412.58,972.98,-1,-1,-1,-1
321,0,877.63,236.74,245.19,572.93,-1,-1,-1,-1
321,2,380.80,134.20,296.88,936.94,-1,-1,-1,-1
321,4,1503.91,107.30,393.72,965.05,-1,-1,-1,-1
322,0,868.63,240.21,231.15,548.44,-1,-1,-1,-1
322,2,397.43,133.86,291.18,936.39,-1,-1,-1,-1
322,4,1514.83,108.84,381.80,962.07,-1,-1,-1,-1
323,0,860.20,233.05,224.47,567.62,-1,-1,-1,-1
323,2,412.94,128.86,286.79,946.43,-1,-1,-1,-1
323,4,1521.78,123.01,369.28,943.90,-1,-1,-1,-1
324,0,849.39,219.56,217.13,603.92,-1,-1,-1,-1
324,2,429.18,121.03,285.85,959.47,-1,-1,-1,-1
324,4,1524.81,121.60,354.44,945.84,-1,-1,-1,-1
325,0,831.93,218.18,220.63,619.17,-1,-1,-1,-1
325,2,442.55,119.70,291.92,962.74,-1,-1,-1,-1
325,4,1524.83,119.44,342.97,948.38,-1,-1,-1,-1
326,0,799.71,223.03,231.79,621.40,-1,-1,-1,-1
326,2,459.06,123.02,297.00,946.10,-1,-1,-1,-1
326,4,1520.87,126.43,338.00,930.06,-1,-1,-1,-1
327,0,778.63,227.72,232.11,626.98,-1,-1,-1,-1
327,2,486.57,124.01,300.56,938.80,-1,-1,-1,-1
327,4,1518.08,117.82,332.85,935.56,-1,-1,-1,-1
328,0,762.91,216.22,228.07,644.76,-1,-1,-1,-1
328,2,513.53,106.41,296.30,962.92,-1,-1,-1,-1
328,4,1513.47,120.57,329.83,921.99,-1,-1,-1,-1
329,0,759.57,219.66,207.68,643.32,-1,-1,-1,-1
329,2,535.00,88.44,298.31,990.17,-1,-1,-1,-1
329,4,1512.47,124.94,318.08,906.76,-1,-1,-1,-1
330,0,751.26,233.46,218.60,624.37,-1,-1,-1,-1
330,2,555.96,80.46,301.24,1001.45,-1,-1,-1,-1
330,4,1510.46,122.30,314.46,916.55,-1,-1,-1,-1
331,0,737.67,238.54,216.83,619.33,-1,-1,-1,-1
331,2,574.71,78.32,321.97,1003.13,-1,-1,-1,-1
331,4,1506.10,133.14,308.00,893.00,-1,-1,-1,-1
332,0,724.08,243.61,215.06,614.29,-1,-1,-1,-1
332,2,605.37,86.46,305.54,984.53,-1,-1,-1,-1
332,4,1500.83,141.60,302.70,880.06,-1,-1,-1,-1
333,0,710.49,248.69,213.29,609.24,-1,-1,-1,-1
333,2,638.43,103.21,311.16,965.41,-1,-1,-1,-1
333,4,1495.73,152.58,290.94,859.78,-1,-1,-1,-1
334,0,696.90,253.77,211.52,604.20,-1,-1,-1,-1
334,2,658.19,89.17,373.05,974.46,-1,-1,-1,-1
334,4,1486.32,167.27,282.20,833.91,-1,-1,-1,-1
335,0,653.02,254.70,152.74,670.09,-1,-1,-1,-1
335,2,665.64,120.18,437.20,927.63,-1,-1,-1,-1
335,4,1476.25,174.79,271.33,816.11,-1,-1,-1,-1
336,0,614.98,240.56,185.54,710.13,-1,-1,-1,-1
336,2,684.03,162.75,483.46,877.34,-1,-1,-1,-1
336,4,1464.35,177.82,271.02,806.18,-1,-1,-1,-1
337,0,582.69,236.01,225.31,717.21,-1,-1,-1,-1
337,2,717.15,116.91,500.52,938.60,-1,-1,-1,-1
337,4,1455.53,184.61,266.32,769.71,-1,-1,-1,-1
338,0,565.86,237.72,238.68,721.33,-1,-1,-1,-1
338,2,757.76,143.05,503.79,919.51,-1,-1,-1,-1
338,4,1448.16,188.00,263.74,740.69,-1,-1,-1,-1
339,0,563.26,227.12,230.72,737.94,-1,-1,-1,-1
339,2,796.16,163.72,511.94,896.58,-1,-1,-1,-1
339,4,1438.17,185.58,260.69,723.49,-1,-1,-1,-1
340,0,571.76,209.46,203.37,775.82,-1,-1,-1,-1
340,2,824.09,147.45,530.62,916.25,-1,-1,-1,-1
340,4,1428.15,185.35,256.45,707.12,-1,-1,-1,-1
341,0,569.59,195.80,196.13,792.86,-1,-1,-1,-1
341,2,867.42,119.84,514.41,947.52,-1,-1,-1,-1
341,4,1409.73,185.67,258.98,697.65,-1,-1,-1,-1
342,0,552.64,200.31,212.17,772.35,-1,-1,-1,-1
342,2,904.30,92.52,497.09,989.01,-1,-1,-1,-1
342,4,1388.68,185.17,266.68,690.21,-1,-1,-1,-1
343,0,532.51,188.25,224.13,791.74,-1,-1,-1,-1
343,2,940.34,79.53,469.56,1007.02,-1,-1,-1,-1
343,4,1357.32,188.79,282.70,681.71,-1,-1,-1,-1
344,0,515.94,194.77,238.27,783.62,-1,-1,-1,-1
344,2,973.92,70.64,443.25,1015.17,-1,-1,-1,-1
344,4,1338.02,192.62,282.77,678.42,-1,-1,-1,-1
345,0,504.31,189.91,244.87,797.45,-1,-1,-1,-1
345,2,997.98,67.84,425.92,1016.13,-1,-1,-1,-1
345,4,1322.83,192.18,285.61,677.93,-1,-1,-1,-1
346,0,496.30,189.52,244.32,813.93,-1,-1,-1,-1
346,2,1016.27,83.93,416.78,987.71,-1,-1,-1,-1
346,4,1311.10,192.70,291.85,677.39,-1,-1,-1,-1
347,0,488.45,180.60,250.93,851.93,-1,-1,-1,-1
347,2,1039.61,101.25,418.26,968.12,-1,-1,-1,-1
347,4,1319.67,187.99,248.03,685.76,-1,-1,-1,-1
348,0,479.36,179.47,256.29,864.41,-1,-1,-1,-1
348,2,1066.78,106.82,412.52,956.53,-1,-1,-1,-1
348,4,1330.25,190.06,192.74,666.70,-1,-1,-1,-1
349,0,472.16,175.84,257.66,873.50,-1,-1,-1,-1
349,2,1098.45,98.25,398.86,973.97,-1,-1,-1,-1
349,4,1316.85,190.77,190.63,659.46,-1,-1,-1,-1
350,0,465.96,171.38,259.85,890.50,-1,-1,-1,-1
350,2,1130.77,95.28,386.73,976.95,-1,-1,-1,-1
350,4,1303.45,191.48,188.52,652.21,-1,-1,-1,-1
351,0,464.85,162.92,264.67,913.72,-1,-1,-1,-1
351,2,1169.75,92.18,370.01,979.99,-1,-1,-1,-1
351,4,1290.05,192.19,186.42,644.96,-1,-1,-1,-1
352,0,457.68,160.78,279.62,922.99,-1,-1,-1,-1
352,2,1191.50,95.55,372.77,964.78,-1,-1,-1,-1
352,4,1276.65,192.90,184.31,637.71,-1,-1,-1,-1
353,0,447.63,163.44,287.77,915.71,-1,-1,-1,-1
353,2,1204.88,102.90,391.58,952.39,-1,-1,-1,-1
354,0,443.32,171.22,289.87,897.84,-1,-1,-1,-1
354,2,1226.48,94.31,391.13,967.58,-1,-1,-1,-1
354,4,1185.77,197.39,187.60,615.52,-1,-1,-1,-1
355,0,457.15,177.38,271.17,887.09,-1,-1,-1,-1
355,2,1261.91,95.93,369.50,960.63,-1,-1,-1,-1
355,4,1165.04,203.80,190.81,613.07,-1,-1,-1,-1
356,0,467.25,185.93,265.19,875.24,-1,-1,-1,-1
356,2,1289.78,92.98,359.25,960.41,-1,-1,-1,-1
356,4,1146.11,209.33,213.01,608.48,-1,-1,-1,-1
357,0,496.55,163.48,237.22,906.87,-1,-1,-1,-1
357,2,1311.89,109.59,345.73,926.47,-1,-1,-1,-1
357,4,1124.52,210.05,241.42,617.61,-1,-1,-1,-1
358,0,511.92,136.64,249.59,945.04,-1,-1,-1,-1
358,2,1330.14,99.78,332.04,942.08,-1,-1,-1,-1
358,4,1110.72,214.65,234.18,609.07,-1,-1,-1,-1
359,0,518.55,117.56,275.16,968.49,-1,-1,-1,-1
359,2,1347.26,94.14,310.28,954.44,-1,-1,-1,-1
359,4,1093.80,214.10,228.56,617.95,-1,-1,-1,-1
360,0,518.37,115.64,316.96,965.15,-1,-1,-1,-1
360,2,1357.47,99.77,299.71,947.31,-1,-1,-1,-1
360,4,1078.42,213.99,214.13,619.01,-1,-1,-1,-1
361,0,519.76,130.99,350.20,937.34,-1,-1,-1,-1
361,2,1359.32,102.07,290.34,934.14,-1,-1,-1,-1
361,4,1063.39,206.65,202.25,634.37,-1,-1,-1,-1
362,0,531.85,123.58,368.40,946.49,-1,-1,-1,-1
362,2,1352.99,107.66,290.39,921.59,-1,-1,-1,-1
362,4,1040.66,209.19,210.32,624.89,-1,-1,-1,-1
363,0,540.27,119.70,393.62,943.49,-1,-1,-1,-1
363,2,1341.24,111.79,292.15,925.07,-1,-1,-1,-1
363,4,1007.14,217.96,242.99,598.25,-1,-1,-1,-1
364,0,564.89,116.44,395.36,952.09,-1,-1,-1,-1
364,2,1325.30,113.50,294.85,921.03,-1,-1,-1,-1
364,4,966.23,215.64,289.16,602.78,-1,-1,-1,-1
365,0,614.98,110.21,377.14,964.53,-1,-1,-1,-1
365,2,1302.31,122.43,311.87,901.53,-1,-1,-1,-1
365,4,954.64,219.74,283.30,595.46,-1,-1,-1,-1
366,0,665.03,104.43,362.67,972.41,-1,-1,-1,-1
366,2,1281.17,126.84,326.37,887.43,-1,-1,-1,-1
366,4,938.22,222.23,280.57,589.69,-1,-1,-1,-1
367,0,702.34,105.55,379.43,958.49,-1,-1,-1,-1
367,2,1265.35,141.71,335.23,847.02,-1,-1,-1,-1
367,4,921.80,224.71,277.84,583.91,-1,-1,-1,-1
368,0,745.69,111.36,372.09,951.82,-1,-1,-1,-1
368,2,1258.19,146.36,330.94,821.15,-1,-1,-1,-1
368,4,905.38,227.20,275.11,578.14,-1,-1,-1,-1
369,0,786.08,105.77,379.08,958.54,-1,-1,-1,-1
369,2,1262.48,149.80,312.86,800.77,-1,-1,-1,-1
369,4,888.96,229.68,272.38,572.37,-1,-1,-1,-1
370,0,821.69,115.54,369.03,945.52,-1,-1,-1,-1
370,2,1261.84,151.29,304.80,787.64,-1,-1,-1,-1
371,0,837.66,119.73,378.90,943.40,-1,-1,-1,-1
371,2,1260.58,152.10,293.63,779.09,-1,-1,-1,-1
372,0,860.28,163.52,380.42,892.87,-1,-1,-1,-1
372,2,1261.42,154.70,279.29,769.62,-1,-1,-1,-1
372,4,766.92,211.41,227.73,629.86,-1,-1,-1,-1
373,0,880.77,153.08,391.52,910.33,-1,-1,-1,-1
373,2,1266.08,154.07,259.40,769.46,-1,-1,-1,-1
373,4,742.14,221.63,237.07,613.02,-1,-1,-1,-1
374,0,884.09,152.69,417.97,911.77,-1,-1,-1,-1
374,2,1268.83,158.26,248.02,756.47,-1,-1,-1,-1
374,4,725.05,224.23,247.28,615.62,-1,-1,-1,-1
375,0,899.43,144.49,434.85,924.89,-1,-1,-1,-1
375,2,1273.12,168.17,234.49,727.68,-1,-1,-1,-1
375,4,707.42,231.04,266.01,613.88,-1,-1,-1,-1
376,0,925.72,137.94,439.70,937.42,-1,-1,-1,-1
376,2,1280.26,175.27,214.58,695.28,-1,-1,-1,-1
376,4,707.56,228.54,216.47,614.37,-1,-1,-1,-1
377,0,958.64,137.31,450.04,932.55,-1,-1,-1,-1
377,2,1282.32,179.82,198.90,677.20,-1,-1,-1,-1
377,4,691.74,230.77,231.05,613.99,-1,-1,-1,-1
378,0,1029.57,125.16,415.52,953.09,-1,-1,-1,-1
378,2,1280.81,176.00,206.57,694.02,-1,-1,-1,-1
378,4,684.27,222.13,200.30,629.68,-1,-1,-1,-1
379,0,1078.89,118.34,421.66,958.69,-1,-1,-1,-1
379,2,1278.12,175.40,205.37,690.06,-1,-1,-1,-1
379,4,665.71,214.58,186.78,643.04,-1,-1,-1,-1
380,0,1119.23,118.88,454.12,946.41,-1,-1,-1,-1
380,2,1275.43,174.81,204.18,686.10,-1,-1,-1,-1
380,4,635.01,208.99,189.18,651.15,-1,-1,-1,-1
381,0,1169.02,125.07,427.48,945.07,-1,-1,-1,-1
381,2,1272.74,174.21,202.99,682.14,-1,-1,-1,-1
381,4,592.33,209.56,219.70,649.59,-1,-1,-1,-1
382,0,1203.30,126.68,413.15,947.72,-1,-1,-1,-1
382,2,1270.05,173.62,201.79,678.17,-1,-1,-1,-1
382,4,555.23,212.87,251.05,657.38,-1,-1,-1,-1
383,0,1245.14,158.69,333.88,874.66,-1,-1,-1,-1
383,4,523.11,221.86,280.88,657.34,-1,-1,-1,-1
384,0,1286.22,155.77,284.29,778.60,-1,-1,-1,-1
384,2,1193.91,180.94,194.11,631.32,-1,-1,-1,-1
384,4,506.18,226.96,283.27,659.59,-1,-1,-1,-1
385,0,1284.31,139.05,293.77,824.55,-1,-1,-1,-1
385,2,1168.03,180.45,206.06,641.80,-1,-1,-1,-1
385,4,491.39,219.28,283.69,674.19,-1,-1,-1,-1
386,0,1308.20,110.51,300.40,901.93,-1,-1,-1,-1
386,2,1148.96,180.02,220.95,643.05,-1,-1,-1,-1
386,4,467.42,222.73,294.03,672.19,-1,-1,-1,-1
387,0,1341.24,81.36,304.26,968.78,-1,-1,-1,-1
387,2,1126.31,181.09,246.35,645.99,-1,-1,-1,-1
387,4,450.69,216.79,282.74,687.09,-1,-1,-1,-1
388,0,1360.68,75.33,323.69,991.23,-1,-1,-1,-1
388,2,1105.58,184.34,265.48,637.71,-1,-1,-1,-1
388,4,436.14,203.35,263.43,711.64,-1,-1,-1,-1
389,0,1376.30,77.85,340.13,991.94,-1,-1,-1,-1
389,2,1087.13,188.91,280.49,632.38,-1,-1,-1,-1
389,4,423.89,197.86,247.25,726.29,-1,-1,-1,-1
390,0,1392.45,76.24,349.24,1001.66,-1,-1,-1,-1
390,2,1071.08,196.28,289.03,624.68,-1,-1,-1,-1
390,4,411.31,195.15,241.35,734.49,-1,-1,-1,-1
391,0,1405.10,89.48,355.09,981.05,-1,-1,-1,-1
391,2,1056.61,202.18,292.41,617.88,-1,-1,-1,-1
391,4,396.89,196.12,240.17,739.25,-1,-1,-1,-1
392,0,1427.97,100.49,339.56,970.96,-1,-1,-1,-1
392,2,1039.68,204.03,299.72,618.34,-1,-1,-1,-1
392,4,393.80,192.03,227.97,755.68,-1,-1,-1,-1
393,0,1453.80,107.70,321.36,960.23,-1,-1,-1,-1
393,2,1027.51,206.32,283.71,614.71,-1,-1,-1,-1
393,4,390.38,192.62,219.59,752.09,-1,-1,-1,-1
394,0,1485.99,113.56,293.42,954.50,-1,-1,-1,-1
394,2,1008.82,215.42,270.34,599.02,-1,-1,-1,-1
394,4,381.35,189.98,217.62,754.39,-1,-1,-1,-1
395,0,1509.45,116.70,286.40,943.33,-1,-1,-1,-1
395,2,989.17,202.91,254.55,616.27,-1,-1,-1,-1
395,4,361.99,186.18,250.27,764.96,-1,-1,-1,-1
396,0,1533.18,122.68,281.15,933.45,-1,-1,-1,-1
396,2,970.91,217.30,230.62,572.05,-1,-1,-1,-1
396,4,338.78,186.17,290.55,768.25,-1,-1,-1,-1
397,0,1542.45,130.47,301.81,930.54,-1,-1,-1,-1
397,2,947.37,223.53,220.22,545.15,-1,-1,-1,-1
397,4,317.07,186.05,309.62,774.62,-1,-1,-1,-1
398,0,1545.25,139.96,329.33,925.94,-1,-1,-1,-1
398,2,916.72,217.76,230.77,578.31,-1,-1,-1,-1
398,4,295.40,181.75,325.04,788.74,-1,-1,-1,-1
399,0,1538.95,150.07,353.33,915.17,-1,-1,-1,-1
399,2,887.05,217.05,261.01,597.61,-1,-1,-1,-1
399,4,280.68,177.75,331.07,808.41,-1,-1,-1,-1
400,0,1533.34,155.28,366.63,905.70,-1,-1,-1,-1
400,2,866.09,211.38,291.33,619.69,-1,-1,-1,-1
400,4,272.61,172.88,328.91,827.29,-1,-1,-1,-1
401,0,1522.52,162.99,373.45,889.30,-1,-1,-1,-1
401,2,862.85,215.29,282.85,623.95,-1,-1,-1,-1
401,4,271.25,173.40,318.32,833.15,-1,-1,-1,-1
402,0,1495.96,161.58,391.33,889.48,-1,-1,-1,-1
402,2,863.13,216.94,254.20,623.62,-1,-1,-1,-1
402,4,273.10,176.56,306.45,842.38,-1,-1,-1,-1
403,0,1474.08,167.46,388.88,867.61,-1,-1,-1,-1
403,2,862.43,212.69,217.13,637.61,-1,-1,-1,-1
403,4,279.28,174.38,291.28,854.72,-1,-1,-1,-1
404,0,1448.80,172.51,366.92,839.83,-1,-1,-1,-1
404,2,851.62,211.72,198.99,639.04,-1,-1,-1,-1
404,4,289.28,171.52,272.84,859.71,-1,-1,-1,-1
405,0,1414.68,167.61,361.68,842.59,-1,-1,-1,-1
405,2,829.95,213.20,194.62,634.52,-1,-1,-1,-1
405,4,291.53,164.06,269.22,884.22,-1,-1,-1,-1
406,0,1390.19,177.12,352.95,825.58,-1,-1,-1,-1
406,2,797.66,212.45,210.97,632.62,-1,-1,-1,-1
406,4,300.14,157.23,258.03,895.23,-1,-1,-1,-1
407,0,1380.42,179.74,334.56,811.54,-1,-1,-1,-1
407,2,770.08,213.03,220.47,635.93,-1,-1,-1,-1
407,4,300.03,150.65,276.36,898.27,-1,-1,-1,-1
408,0,1387.51,184.64,305.70,792.48,-1,-1,-1,-1
408,2,747.66,210.32,234.53,642.62,-1,-1,-1,-1
408,4,309.01,135.22,291.00,924.07,-1,-1,-1,-1
409,0,1398.58,192.11,273.36,771.60,-1,-1,-1,-1
409,2,735.48,209.71,225.86,643.80,-1,-1,-1,-1
409,4,323.92,126.31,311.43,947.82,-1,-1,-1,-1
410,0,1409.31,198.81,238.66,748.75,-1,-1,-1,-1
410,2,719.79,210.33,235.19,640.43,-1,-1,-1,-1
410,4,341.32,118.78,330.54,963.48,-1,-1,-1,-1
411,0,1416.01,182.25,214.62,755.81,-1,-1,-1,-1
411,2,708.14,212.41,227.86,631.93,-1,-1,-1,-1
411,4,360.75,127.73,345.60,948.01,-1,-1,-1,-1
412,0,1405.69,176.57,213.75,747.46,-1,-1,-1,-1
412,2,695.65,206.26,215.77,638.98,-1,-1,-1,-1
412,4,377.99,137.92,363.00,929.82,-1,-1,-1,-1
413,0,1394.29,174.48,215.00,741.63,-1,-1,-1,-1
413,2,687.32,210.86,208.01,634.37,-1,-1,-1,-1
413,4,396.86,135.84,368.76,937.92,-1,-1,-1,-1
414,0,1379.08,173.75,218.90,733.48,-1,-1,-1,-1
414,2,679.61,207.91,193.93,624.26,-1,-1,-1,-1
414,4,418.99,141.45,375.25,927.14,-1,-1,-1,-1
415,0,1355.30,187.86,237.90,703.71,-1,-1,-1,-1
415,2,664.43,209.19,192.25,618.89,-1,-1,-1,-1
415,4,447.56,149.74,382.32,917.89,-1,-1,-1,-1
416,0,1305.52,189.10,286.19,695.25,-1,-1,-1,-1
416,2,649.26,210.48,190.57,613.51,-1,-1,-1,-1
416,4,485.07,142.13,360.49,928.31,-1,-1,-1,-1
417,0,1278.58,197.04,313.90,682.93,-1,-1,-1,-1
417,2,634.09,211.76,188.89,608.14,-1,-1,-1,-1
417,4,535.01,142.43,324.95,912.97,-1,-1,-1,-1
418,0,1266.25,203.80,306.06,671.40,-1,-1,-1,-1
418,2,618.92,213.05,187.21,602.76,-1,-1,-1,-1
418,4,567.80,142.35,316.70,890.81,-1,-1,-1,-1
419,0,1257.09,203.25,305.85,669.16,-1,-1,-1,-1
419,2,569.23,208.72,170.95,629.79,-1,-1,-1,-1
419,4,588.17,131.64,321.95,919.22,-1,-1,-1,-1
420,0,1254.12,204.21,286.01,664.06,-1,-1,-1,-1
420,2,532.72,201.60,199.20,651.51,-1,-1,-1,-1
420,4,619.50,113.37,341.97,954.44,-1,-1,-1,-1
421,0,1247.98,199.76,254.77,668.80,-1,-1,-1,-1
421,2,490.16,209.00,252.72,645.47,-1,-1,-1,-1
421,4,633.91,114.04,404.91,959.07,-1,-1,-1,-1
422,0,1232.00,205.47,225.70,658.69,-1,-1,-1,-1
422,2,467.08,210.07,269.94,649.09,-1,-1,-1,-1
422,4,660.17,126.67,425.52,944.78,-1,-1,-1,-1
423,0,1192.20,198.93,230.10,662.99,-1,-1,-1,-1
423,2,448.83,207.46,278.15,656.70,-1,-1,-1,-1
423,4,684.41,142.41,441.06,929.44,-1,-1,-1,-1
424,0,1160.44,198.31,238.85,656.05,-1,-1,-1,-1
424,2,434.04,201.16,284.26,674.48,-1,-1,-1,-1
424,4,708.77,133.79,441.84,944.63,-1,-1,-1,-1
425,0,1133.40,199.38,249.47,649.04,-1,-1,-1,-1
425,2,414.20,194.56,300.03,685.48,-1,-1,-1,-1
425,4,752.36,135.73,432.81,940.36,-1,-1,-1,-1
426,0,1115.05,199.92,257.10,646.30,-1,-1,-1,-1
426,2,396.09,186.22,312.01,723.83,-1,-1,-1,-1
426,4,840.07,131.53,361.08,937.93,-1,-1,-1,-1
427,0,1123.31,199.73,232.02,652.48,-1,-1,-1,-1
427,2,389.14,187.36,306.84,735.94,-1,-1,-1,-1
427,4,924.14,121.13,301.25,944.91,-1,-1,-1,-1
428,0,1124.64,161.85,216.70,729.49,-1,-1,-1,-1
428,2,378.86,187.69,315.82,742.30,-1,-1,-1,-1
428,4,983.59,111.85,306.27,953.26,-1,-1,-1,-1
429,0,1103.69,143.43,227.09,764.55,-1,-1,-1,-1
429,2,373.08,181.03,314.48,757.36,-1,-1,-1,-1
429,4,1030.07,111.08,308.70,953.41,-1,-1,-1,-1
430,0,1082.74,125.02,237.48,799.61,-1,-1,-1,-1
430,2,370.06,180.33,312.54,762.38,-1,-1,-1,-1
430,4,1058.18,100.90,322.78,968.13,-1,-1,-1,-1
431,0,1061.79,106.61,247.87,834.67,-1,-1,-1,-1
431,2,387.20,183.24,286.19,756.09,-1,-1,-1,-1
431,4,1073.40,100.94,363.25,968.11,-1,-1,-1,-1
432,0,1081.99,217.77,151.93,583.75,-1,-1,-1,-1
432,2,370.07,176.11,302.23,766.07,-1,-1,-1,-1
432,4,1084.86,118.04,400.60,948.57,-1,-1,-1,-1
433,0,1063.94,215.47,178.85,577.47,-1,-1,-1,-1
433,2,357.41,168.49,308.54,774.61,-1,-1,-1,-1
433,4,1093.42,151.21,423.41,913.81,-1,-1,-1,-1
434,0,1046.11,214.92,193.51,591.75,-1,-1,-1,-1
434,2,339.42,163.08,323.96,783.07,-1,-1,-1,-1
434,4,1098.78,159.26,435.30,908.81,-1,-1,-1,-1
435,0,1015.81,220.61,220.95,591.63,-1,-1,-1,-1
435,2,336.58,160.02,323.91,788.73,-1,-1,-1,-1
435,4,1142.58,143.65,409.93,933.06,-1,-1,-1,-1
436,0,993.19,220.87,236.70,597.40,-1,-1,-1,-1
436,2,336.91,152.69,321.50,832.13,-1,-1,-1,-1
436,4,1208.96,130.52,361.94,947.51,-1,-1,-1,-1
437,0,982.95,229.58,242.87,590.78,-1,-1,-1,-1
437,2,342.62,152.42,315.20,851.61,-1,-1,-1,-1
437,4,1268.42,123.35,329.68,946.23,-1,-1,-1,-1
438,0,975.38,236.04,260.67,585.62,-1,-1,-1,-1
438,2,349.83,158.57,308.04,846.12,-1,-1,-1,-1
438,4,1319.30,110.35,330.81,959.18,-1,-1,-1,-1
439,0,968.65,235.27,265.12,587.13,-1,-1,-1,-1
439,2,351.95,167.60,314.26,841.27,-1,-1,-1,-1
439,4,1351.46,103.35,374.82,965.60,-1,-1,-1,-1
440,0,978.61,223.63,219.01,606.70,-1,-1,-1,-1
440,2,356.09,168.38,315.30,849.63,-1,-1,-1,-1
440,4,1384.75,107.80,386.17,964.11,-1,-1,-1,-1
441,0,972.17,218.58,186.24,620.71,-1,-1,-1,-1
441,2,349.49,163.12,328.35,864.94,-1,-1,-1,-1
441,4,1403.21,114.54,403.24,947.31,-1,-1,-1,-1
442,0,956.63,228.49,167.06,597.82,-1,-1,-1,-1
442,2,343.23,158.72,340.44,883.19,-1,-1,-1,-1
442,4,1438.43,108.40,382.41,957.40,-1,-1,-1,-1
443,0,934.97,227.67,169.11,596.34,-1,-1,-1,-1
443,2,340.58,149.97,346.52,904.38,-1,-1,-1,-1
443,4,1467.00,118.43,354.92,948.81,-1,-1,-1,-1
444,0,901.60,226.96,195.34,593.58,-1,-1,-1,-1
444,2,343.45,147.30,339.49,912.22,-1,-1,-1,-1
444,4,1480.81,127.95,332.90,935.45,-1,-1,-1,-1
445,0,872.43,227.11,217.72,600.11,-1,-1,-1,-1
445,2,347.24,135.70,330.26,933.31,-1,-1,-1,-1
445,4,1479.95,130.30,327.83,932.50,-1,-1,-1,-1
446,0,850.42,226.86,236.13,598.96,-1,-1,-1,-1
446,2,358.13,133.29,317.79,938.73,-1,-1,-1,-1
446,4,1471.16,133.99,325.85,917.22,-1,-1,-1,-1
447,0,828.26,224.88,253.33,608.46,-1,-1,-1,-1
447,2,366.49,135.73,325.07,935.47,-1,-1,-1,-1
447,4,1462.90,137.79,322.37,907.78,-1,-1,-1,-1
448,0,806.76,230.78,265.58,605.42,-1,-1,-1,-1
448,2,385.30,136.22,330.13,934.07,-1,-1,-1,-1
448,4,1451.08,130.07,327.61,908.70,-1,-1,-1,-1
449,0,795.17,233.87,256.09,606.29,-1,-1,-1,-1
449,2,408.86,122.49,341.50,957.22,-1,-1,-1,-1
449,4,1443.74,121.03,321.28,916.11,-1,-1,-1,-1
450,0,777.65,234.77,249.33,606.14,-1,-1,-1,-1
450,2,443.32,116.31,307.02,964.71,-1,-1,-1,-1
450,4,1442.80,129.02,309.69,897.06,-1,-1,-1,-1
451,0,745.73,217.96,261.58,636.08,-1,-1,-1,-1
451,2,471.33,114.83,312.49,962.38,-1,-1,-1,-1
451,4,1448.34,130.08,291.00,897.95,-1,-1,-1,-1
452,0,714.85,216.98,259.38,643.26,-1,-1,-1,-1
452,2,495.56,149.72,353.60,912.23,-1,-1,-1,-1
452,4,1436.96,146.77,301.28,870.46,-1,-1,-1,-1
453,0,721.97,232.65,219.90,620.08,-1,-1,-1,-1
453,2,527.24,144.69,357.87,919.02,-1,-1,-1,-1
453,4,1426.84,166.99,298.53,841.87,-1,-1,-1,-1
454,0,703.40,236.59,218.36,615.74,-1,-1,-1,-1
454,2,559.88,152.78,359.97,904.94,-1,-1,-1,-1
454,4,1413.82,173.48,287.31,815.84,-1,-1,-1,-1
455,0,684.83,240.53,216.81,611.40,-1,-1,-1,-1
455,2,588.98,117.92,360.70,958.20,-1,-1,-1,-1
455,4,1405.10,175.25,264.05,798.84,-1,-1,-1,-1
456,0,666.26,244.47,215.27,607.05,-1,-1,-1,-1
456,2,593.46,107.42,393.85,971.92,-1,-1,-1,-1
456,4,1391.49,171.29,246.65,793.29,-1,-1,-1,-1
457,0,647.69,248.41,213.73,602.71,-1,-1,-1,-1
457,2,616.38,135.57,401.39,926.34,-1,-1,-1,-1
457,4,1371.82,142.34,228.63,824.40,-1,-1,-1,-1
458,0,613.29,221.86,201.14,674.95,-1,-1,-1,-1
458,2,625.07,131.56,414.63,909.59,-1,-1,-1,-1
458,4,1346.75,153.23,235.48,785.95,-1,-1,-1,-1
459,0,592.43,215.62,219.79,677.17,-1,-1,-1,-1
459,2,670.29,117.48,382.31,940.33,-1,-1,-1,-1
459,4,1321.11,164.63,250.40,753.83,-1,-1,-1,-1
460,0,576.42,220.58,227.11,658.88,-1,-1,-1,-1
460,2,723.69,113.92,350.93,955.35,-1,-1,-1,-1
460,4,1299.75,168.52,263.85,742.61,-1,-1,-1,-1
461,0,560.44,217.42,232.41,659.96,-1,-1,-1,-1
461,2,759.60,104.82,365.07,951.36,-1,-1,-1,-1
461,4,1279.12,177.78,273.07,726.29,-1,-1,-1,-1
462,0,537.14,222.64,254.58,649.59,-1,-1,-1,-1
462,2,788.40,98.88,371.57,958.81,-1,-1,-1,-1
462,4,1260.99,181.25,280.67,725.86,-1,-1,-1,-1
463,0,506.92,234.45,286.94,634.87,-1,-1,-1,-1
463,2,798.69,104.79,418.44,951.02,-1,-1,-1,-1
463,4,1250.74,192.37,277.07,710.69,-1,-1,-1,-1
464,0,494.63,229.58,295.55,647.10,-1,-1,-1,-1
464,2,821.95,93.20,429.43,967.96,-1,-1,-1,-1
464,4,1238.36,200.91,274.66,692.76,-1,-1,-1,-1
465,0,486.52,227.24,300.26,656.77,-1,-1,-1,-1
465,2,857.31,123.14,421.45,931.87,-1,-1,-1,-1
465,4,1221.72,211.85,268.22,659.02,-1,-1,-1,-1
466,0,483.68,222.54,285.01,665.84,-1,-1,-1,-1
466,2,895.18,138.35,403.06,905.62,-1,-1,-1,-1
466,4,1208.74,215.70,258.24,645.01,-1,-1,-1,-1
467,0,481.32,218.36,276.38,681.97,-1,-1,-1,-1
467,2,918.23,133.18,406.72,924.59,-1,-1,-1,-1
467,4,1204.83,208.83,242.10,648.74,-1,-1,-1,-1
468,0,485.05,216.38,249.43,688.33,-1,-1,-1,-1
468,2,939.24,147.08,428.98,909.22,-1,-1,-1,-1
468,4,1218.09,209.95,200.45,620.49,-1,-1,-1,-1
469,0,489.30,224.11,210.57,675.59,-1,-1,-1,-1
469,2,974.15,147.78,413.82,916.20,-1,-1,-1,-1
469,4,1207.11,214.04,194.75,602.90,-1,-1,-1,-1
470,0,482.91,222.13,181.66,686.54,-1,-1,-1,-1
470,2,1009.71,146.62,387.55,922.52,-1,-1,-1,-1
470,4,1196.12,218.12,189.06,585.31,-1,-1,-1,-1
471,0,463.30,212.68,182.41,712.85,-1,-1,-1,-1
471,2,1040.94,120.20,386.82,960.99,-1,-1,-1,-1
471,4,1185.14,222.20,183.37,567.72,-1,-1,-1,-1
472,0,444.71,206.67,190.96,740.60,-1,-1,-1,-1
472,2,1051.31,110.92,411.33,973.91,-1,-1,-1,-1
472,4,1174.15,226.29,177.68,550.13,-1,-1,-1,-1
473,0,427.76,211.15,206.04,750.90,-1,-1,-1,-1
473,2,1066.54,115.55,411.34,955.75,-1,-1,-1,-1
474,0,395.54,219.13,241.54,755.42,-1,-1,-1,-1
474,2,1086.59,119.70,398.74,946.80,-1,-1,-1,-1
474,4,1085.24,210.92,183.09,579.83,-1,-1,-1,-1
475,0,375.00,225.71,264.72,757.14,-1,-1,-1,-1
475,2,1110.07,119.56,374.38,944.05,-1,-1,-1,-1
475,4,1077.21,219.58,178.81,564.22,-1,-1,-1,-1
476,0,359.66,221.13,275.09,765.72,-1,-1,-1,-1
476,2,1121.44,131.15,366.82,927.21,-1,-1,-1,-1
476,4,1070.15,229.81,163.28,536.29,-1,-1,-1,-1
477,0,341.11,212.56,287.20,783.33,-1,-1,-1,-1
477,2,1152.82,125.39,341.57,931.76,-1,-1,-1,-1
477,4,1053.10,216.63,164.49,559.95,-1,-1,-1,-1
478,0,324.50,206.03,295.50,793.31,-1,-1,-1,-1
478,2,1159.86,120.66,363.61,932.41,-1,-1,-1,-1
478,4,1031.20,206.74,173.31,575.98,-1,-1,-1,-1
479,0,301.62,199.28,317.13,810.69,-1,-1,-1,-1
479,2,1175.87,104.34,379.01,955.89,-1,-1,-1,-1
479,4,1007.62,212.82,189.97,565.09,-1,-1,-1,-1
480,0,286.50,194.19,331.14,828.92,-1,-1,-1,-1
480,2,1200.22,99.25,381.68,962.71,-1,-1,-1,-1
480,4,986.89,219.05,205.87,555.63,-1,-1,-1,-1
481,0,274.27,191.45,340.55,848.24,-1,-1,-1,-1
481,2,1225.28,101.35,373.77,957.46,-1,-1,-1,-1
481,4,949.40,225.71,241.93,552.25,-1,-1,-1,-1
482,0,263.28,191.88,350.29,860.51,-1,-1,-1,-1
482,2,1248.79,103.44,365.25,952.96,-1,-1,-1,-1
482,4,933.39,229.41,250.84,553.41,-1,-1,-1,-1
483,0,255.51,191.07,348.11,870.35,-1,-1,-1,-1
483,2,1274.45,106.44,347.19,942.15,-1,-1,-1,-1
483,4,910.92,231.78,265.81,552.49,-1,-1,-1,-1
484,0,236.43,198.55,371.27,863.03,-1,-1,-1,-1
484,2,1296.50,110.73,329.38,929.80,-1,-1,-1,-1
484,4,900.21,234.06,259.81,552.34,-1,-1,-1,-1
485,0,226.56,194.15,372.71,872.41,-1,-1,-1,-1
485,2,1314.75,127.43,327.14,895.56,-1,-1,-1,-1
485,4,889.96,233.85,242.67,550.90,-1,-1,-1,-1
486,0,207.75,185.12,399.87,882.61,-1,-1,-1,-1
486,2,1330.89,133.82,320.85,882.63,-1,-1,-1,-1
486,4,882.75,234.27,234.52,549.18,-1,-1,-1,-1
487,0,206.52,176.15,404.85,891.96,-1,-1,-1,-1
487,2,1345.63,135.47,315.37,867.57,-1,-1,-1,-1
487,4,870.89,230.34,219.75,555.96,-1,-1,-1,-1
488,0,204.04,165.79,423.89,904.83,-1,-1,-1,-1
488,2,1357.01,137.82,310.40,852.50,-1,-1,-1,-1
488,4,852.15,227.54,200.06,559.29,-1,-1,-1,-1
489,0,211.03,161.17,437.01,910.25,-1,-1,-1,-1
489,2,1369.26,141.77,297.80,823.92,-1,-1,-1,-1
489,4,823.94,230.17,198.51,556.66,-1,-1,-1,-1
490,0,219.10,168.20,440.68,893.18,-1,-1,-1,-1
490,2,1376.43,139.79,286.74,817.55,-1,-1,-1,-1
490,4,792.15,230.24,215.79,557.63,-1,-1,-1,-1
491,0,226.10,166.46,449.60,897.57,-1,-1,-1,-1
491,2,1379.35,143.46,276.52,817.48,-1,-1,-1,-1
491,4,751.64,233.35,247.98,553.90,-1,-1,-1,-1
492,0,241.95,164.13,458.60,907.38,-1,-1,-1,-1
492,2,1385.26,141.44,259.88,825.12,-1,-1,-1,-1
492,4,720.98,237.30,282.69,556.78,-1,-1,-1,-1
493,0,268.08,156.90,449.06,921.27,-1,-1,-1,-1
493,2,1394.36,148.35,233.17,812.86,-1,-1,-1,-1
493,4,708.52,236.91,280.45,568.19,-1,-1,-1,-1
494,0,302.11,157.07,438.66,923.26,-1,-1,-1,-1
494,2,1397.26,158.64,223.56,793.13,-1,-1,-1,-1
494,4,707.09,233.59,261.62,577.22,-1,-1,-1,-1
495,0,335.31,157.17,431.16,920.49,-1,-1,-1,-1
495,2,1393.87,156.91,226.68,787.48,-1,-1,-1,-1
495,4,698.02,225.64,246.35,595.51,-1,-1,-1,-1
496,0,366.62,152.26,443.28,927.96,-1,-1,-1,-1
496,2,1389.87,162.33,226.74,754.28,-1,-1,-1,-1
496,4,678.28,221.41,251.36,607.60,-1,-1,-1,-1
497,0,398.51,166.23,429.09,906.50,-1,-1,-1,-1
497,2,1376.23,162.88,234.71,736.49,-1,-1,-1,-1
497,4,658.55,217.18,256.37,619.68,-1,-1,-1,-1
498,0,420.90,157.81,435.82,914.13,-1,-1,-1,-1
498,2,1335.86,164.29,272.65,720.30,-1,-1,-1,-1
498,4,638.81,212.96,261.38,631.77,-1,-1,-1,-1
499,0,449.57,148.02,446.41,921.53,-1,-1,-1,-1
499,2,1301.46,160.26,308.60,709.56,-1,-1,-1,-1
499,4,619.08,208.73,266.39,643.85,-1,-1,-1,-1
500,0,498.71,146.55,423.84,918.47,-1,-1,-1,-1
500,2,1269.92,160.03,344.11,701.54,-1,-1,-1,-1
501,0,510.11,144.16,474.01,927.20,-1,-1,-1,-1
501,2,1261.21,167.11,352.18,689.04,-1,-1,-1,-1
501,4,512.67,218.39,269.59,632.28,-1,-1,-1,-1
502,0,582.14,153.25,432.94,917.49,-1,-1,-1,-1
502,2,1263.44,172.77,342.99,683.81,-1,-1,-1,-1
502,4,473.61,226.76,292.66,629.83,-1,-1,-1,-1
503,0,632.56,155.85,400.54,918.71,-1,-1,-1,-1
503,2,1260.09,175.22,327.45,679.57,-1,-1,-1,-1
503,4,458.07,231.13,293.09,641.01,-1,-1,-1,-1
504,0,694.30,149.16,339.06,919.88,-1,-1,-1,-1
504,2,1257.03,170.82,309.30,689.33,-1,-1,-1,-1
504,4,447.05,231.96,297.93,644.60,-1,-1,-1,-1
505,0,771.69,148.23,271.56,916.96,-1,-1,-1,-1
505,2,1248.27,171.23,291.01,683.82,-1,-1,-1,-1
505,4,463.40,232.78,260.71,650.49,-1,-1,-1,-1
506,0,811.21,134.77,274.73,938.17,-1,-1,-1,-1
506,2,1231.27,177.86,261.61,664.52,-1,-1,-1,-1
506,4,475.37,229.18,234.15,657.63,-1,-1,-1,-1
507,0,822.19,137.81,330.94,936.48,-1,-1,-1,-1
507,2,1201.88,175.00,243.52,664.86,-1,-1,-1,-1
507,4,478.40,220.27,222.95,672.90,-1,-1,-1,-1
508,0,830.85,145.65,353.58,922.11,-1,-1,-1,-1
508,2,1171.35,174.38,243.56,673.35,-1,-1,-1,-1
508,4,472.73,212.06,224.60,684.38,-1,-1,-1,-1
509,0,820.55,208.25,473.25,846.11,-1,-1,-1,-1
509,2,1157.44,173.08,237.82,666.47,-1,-1,-1,-1
509,4,462.59,205.58,229.98,698.23,-1,-1,-1,-1
510,0,842.29,201.88,496.59,858.77,-1,-1,-1,-1
510,2,1140.69,175.59,255.45,659.92,-1,-1,-1,-1
510,4,453.55,203.03,230.87,717.42,-1,-1,-1,-1
511,0,855.33,179.21,548.04,882.37,-1,-1,-1,-1
511,2,1111.93,177.32,291.63,659.77,-1,-1,-1,-1
511,4,443.94,204.66,234.22,729.46,-1,-1,-1,-1
512,0,874.69,169.79,574.18,879.94,-1,-1,-1,-1
512,2,1106.03,186.70,283.43,605.35,-1,-1,-1,-1
512,4,443.39,201.80,226.50,747.11,-1,-1,-1,-1
513,0,897.14,147.50,581.35,909.68,-1,-1,-1,-1
513,2,1096.76,195.56,271.32,579.42,-1,-1,-1,-1
513,4,445.23,199.15,219.29,761.43,-1,-1,-1,-1
514,0,921.52,136.10,568.16,934.84,-1,-1,-1,-1
514,2,1087.49,204.42,259.21,553.49,-1,-1,-1,-1
514,4,444.02,194.62,216.23,776.36,-1,-1,-1,-1
515,0,950.28,129.87,533.60,948.11,-1,-1,-1,-1
515,2,1078.22,213.28,247.09,527.57,-1,-1,-1,-1
515,4,444.11,188.46,208.24,787.53,-1,-1,-1,-1
516,0,980.55,161.24,492.66,909.46,-1,-1,-1,-1
516,2,1068.95,222.14,234.97,501.64,-1,-1,-1,-1
516,4,442.32,184.29,202.87,797.56,-1,-1,-1,-1
517,0,1001.57,162.85,462.53,912.03,-1,-1,-1,-1
517,2,996.83,269.94,183.58,513.27,-1,-1,-1,-1
517,4,437.99,181.51,203.37,803.24,-1,-1,-1,-1
518,0,1011.99,166.64,454.46,902.68,-1,-1,-1,-1
518,2,994.76,300.04,166.04,483.57,-1,-1,-1,-1
518,4,426.55,183.90,214.46,802.51,-1,-1,-1,-1
519,0,1004.54,166.84,495.36,903.58,-1,-1,-1,-1
519,2,955.33,287.07,219.72,506.47,-1,-1,-1,-1
519,4,414.58,179.69,225.16,813.18,-1,-1,-1,-1
520,0,1020.76,160.13,505.89,912.94,-1,-1,-1,-1
520,2,929.40,252.98,250.36,558.89,-1,-1,-1,-1
520,4,401.10,180.38,238.90,809.88,-1,-1,-1,-1
521,0,1046.60,167.24,483.73,905.49,-1,-1,-1,-1
521,2,907.55,229.70,261.84,590.12,-1,-1,-1,-1
521,4,384.75,178.22,260.78,820.88,-1,-1,-1,-1
522,0,1060.51,164.35,481.58,911.08,-1,-1,-1,-1
522,2,899.03,211.31,248.38,609.19,-1,-1,-1,-1
522,4,368.94,170.02,283.19,856.25,-1,-1,-1,-1
523,0,1116.37,159.59,427.55,913.28,-1,-1,-1,-1
523,2,889.71,212.48,234.80,593.44,-1,-1,-1,-1
523,4,357.51,166.56,303.72,885.96,-1,-1,-1,-1
524,0,1146.50,162.16,419.58,901.78,-1,-1,-1,-1
524,2,880.09,199.58,220.57,608.86,-1,-1,-1,-1
524,4,356.24,169.23,308.87,889.68,-1,-1,-1,-1
525,0,1170.61,156.82,423.37,915.56,-1,-1,-1,-1
525,2,860.63,198.42,219.80,605.64,-1,-1,-1,-1
525,4,358.79,178.55,304.97,881.56,-1,-1,-1,-1
526,0,1199.56,158.60,411.48,903.31,-1,-1,-1,-1
526,2,838.78,194.37,222.42,610.04,-1,-1,-1,-1
526,4,347.16,176.26,313.70,891.18,-1,-1,-1,-1
527,0,1219.53,162.25,405.01,889.72,-1,-1,-1,-1
527,2,815.92,191.21,231.69,610.08,-1,-1,-1,-1
527,4,335.89,165.38,320.08,909.73,-1,-1,-1,-1
528,0,1234.55,165.54,409.81,884.97,-1,-1,-1,-1
528,2,782.55,200.92,259.15,599.20,-1,-1,-1,-1
528,4,318.01,160.31,334.61,909.20,-1,-1,-1,-1
529,0,1262.11,165.34,382.95,889.49,-1,-1,-1,-1
529,2,751.31,200.74,278.08,610.50,-1,-1,-1,-1
529,4,335.41,143.99,311.36,929.64,-1,-1,-1,-1
530,0,1268.45,167.38,391.15,888.87,-1,-1,-1,-1
530,2,729.09,210.08,284.17,607.96,-1,-1,-1,-1
530,4,349.99,139.25,302.00,935.64,-1,-1,-1,-1
531,0,1273.71,171.00,390.12,888.76,-1,-1,-1,-1
531,2,720.25,210.16,265.85,615.45,-1,-1,-1,-1
531,4,355.98,131.83,315.83,943.22,-1,-1,-1,-1
532,0,1280.37,173.90,372.53,883.54,-1,-1,-1,-1
532,2,714.79,204.99,238.28,624.77,-1,-1,-1,-1
532,4,362.25,130.56,332.37,944.34,-1,-1,-1,-1
533,0,1288.74,174.43,350.67,869.13,-1,-1,-1,-1
533,2,711.27,199.73,203.37,637.02,-1,-1,-1,-1
533,4,367.57,129.66,357.34,943.36,-1,-1,-1,-1
534,0,1292.80,179.30,330.53,830.90,-1,-1,-1,-1
534,2,691.03,193.80,197.14,647.43,-1,-1,-1,-1
534,4,373.48,134.15,391.26,931.74,-1,-1,-1,-1
535,0,1291.61,177.77,324.00,817.32,-1,-1,-1,-1
535,2,683.41,204.61,182.33,634.31,-1,-1,-1,-1
535,4,379.27,125.68,416.28,939.93,-1,-1,-1,-1
536,0,1294.77,179.62,312.41,803.76,-1,-1,-1,-1
536,2,692.45,222.03,149.94,607.13,-1,-1,-1,-1
536,4,381.46,123.59,435.16,940.47,-1,-1,-1,-1
537,0,1300.43,175.75,302.75,800.70,-1,-1,-1,-1
537,2,692.05,238.22,146.42,551.31,-1,-1,-1,-1
537,4,390.47,127.59,461.42,929.12,-1,-1,-1,-1
538,0,1306.38,179.96,294.45,785.13,-1,-1,-1,-1
538,2,681.99,253.66,137.88,519.26,-1,-1,-1,-1
538,4,417.16,119.72,462.45,941.84,-1,-1,-1,-1
539,0,1317.35,182.22,280.49,782.00,-1,-1,-1,-1
539,2,671.94,269.11,129.35,487.21,-1,-1,-1,-1
539,4,468.13,109.80,437.53,960.73,-1,-1,-1,-1
540,0,1322.15,186.12,272.31,776.37,-1,-1,-1,-1
540,2,661.89,284.55,120.82,455.16,-1,-1,-1,-1
540,4,511.59,99.64,412.76,968.54,-1,-1,-1,-1
541,0,1325.96,191.68,263.22,768.25,-1,-1,-1,-1
541,2,651.83,300.00,112.29,423.11,-1,-1,-1,-1
541,4,533.96,96.52,402.95,970.56,-1,-1,-1,-1
542,0,1329.73,182.36,253.06,781.02,-1,-1,-1,-1
542,4,546.86,96.54,414.76,969.14,-1,-1,-1,-1
543,0,1333.01,173.63,242.28,787.51,-1,-1,-1,-1
543,2,539.92,189.61,186.61,535.17,-1,-1,-1,-1
543,4,550.68,99.50,480.87,971.72,-1,-1,-1,-1
544,0,1336.07,183.19,232.15,762.46,-1,-1,-1,-1
544,2,520.56,169.24,206.23,629.57,-1,-1,-1,-1
544,4,594.72,106.49,492.70,967.36,-1,-1,-1,-1
545,0,1339.86,187.38,219.55,742.58,-1,-1,-1,-1
545,2,502.77,149.85,235.68,699.67,-1,-1,-1,-1
545,4,642.05,107.45,507.93,959.66,-1,-1,-1,-1
546,0,1335.32,199.29,221.68,702.06,-1,-1,-1,-1
546,2,496.59,130.47,253.52,780.97,-1,-1,-1,-1
546,4,718.02,106.65,466.42,966.34,-1,-1,-1,-1
547,0,1335.55,198.32,213.27,694.26,-1,-1,-1,-1
547,2,492.01,130.28,270.74,811.65,-1,-1,-1,-1
547,4,768.17,107.28,444.26,966.29,-1,-1,-1,-1
548,0,1326.77,202.98,217.09,677.16,-1,-1,-1,-1
548,2,499.44,143.05,260.95,815.93,-1,-1,-1,-1
548,4,811.99,107.00,416.52,962.75,-1,-1,-1,-1
549,0,1316.84,206.60,214.95,664.97,-1,-1,-1,-1
549,2,509.91,157.96,245.35,816.99,-1,-1,-1,-1
549,4,857.13,94.73,382.05,977.07,-1,-1,-1,-1
550,0,1287.90,211.82,238.00,650.72,-1,-1,-1,-1
550,2,517.36,171.52,237.03,803.04,-1,-1,-1,-1
550,4,892.48,82.22,376.93,994.78,-1,-1,-1,-1
551,0,1272.96,213.44,246.33,643.14,-1,-1,-1,-1
551,2,523.38,173.29,231.03,810.98,-1,-1,-1,-1
551,4,918.83,87.38,395.55,984.42,-1,-1,-1,-1
552,0,1271.36,212.64,240.55,645.36,-1,-1,-1,-1
552,2,519.39,165.14,265.54,832.58,-1,-1,-1,-1
552,4,954.92,91.93,406.51,974.79,-1,-1,-1,-1
553,0,1272.73,206.93,235.52,649.92,-1,-1,-1,-1
553,2,518.58,168.04,275.80,826.68,-1,-1,-1,-1
553,4,986.26,81.56,417.96,992.38,-1,-1,-1,-1
554,0,1273.89,205.33,220.00,640.22,-1,-1,-1,-1
554,2,509.47,159.47,300.69,846.51,-1,-1,-1,-1
554,4,1019.93,96.28,430.25,974.58,-1,-1,-1,-1
555,0,1268.74,204.29,218.34,635.41,-1,-1,-1,-1
555,2,488.99,157.79,350.91,856.11,-1,-1,-1,-1
555,4,1052.76,96.57,430.38,975.74,-1,-1,-1,-1
556,0,1263.60,203.26,216.68,630.61,-1,-1,-1,-1
556,2,479.05,150.40,370.02,890.12,-1,-1,-1,-1
556,4,1097.27,101.11,414.59,969.96,-1,-1,-1,-1
557,0,1258.45,202.23,215.02,625.80,-1,-1,-1,-1
557,2,463.19,142.03,396.51,914.16,-1,-1,-1,-1
557,4,1144.71,99.37,392.36,976.53,-1,-1,-1,-1
558,0,1253.30,201.19,213.35,620.99,-1,-1,-1,-1
558,2,458.06,143.84,410.40,920.79,-1,-1,-1,-1
558,4,1173.69,96.72,387.43,980.16,-1,-1,-1,-1
559,2,459.76,143.16,411.76,929.30,-1,-1,-1,-1
559,4,1179.71,101.50,411.49,975.75,-1,-1,-1,-1
560,0,1130.12,227.11,217.01,584.73,-1,-1,-1,-1
560,2,470.08,145.09,396.38,925.74,-1,-1,-1,-1
560,4,1160.90,105.63,464.06,967.27,-1,-1,-1,-1
561,0,1089.48,222.79,230.16,592.41,-1,-1,-1,-1
561,2,480.53,133.87,394.81,947.75,-1,-1,-1,-1
561,4,1196.96,95.36,444.07,983.33,-1,-1,-1,-1
562,0,1060.76,218.87,262.31,603.67,-1,-1,-1,-1
562,2,498.15,125.36,387.16,960.67,-1,-1,-1,-1
562,4,1232.39,97.64,424.63,977.62,-1,-1,-1,-1
563,0,1042.41,223.90,279.42,596.83,-1,-1,-1,-1
563,2,518.93,126.17,382.55,952.90,-1,-1,-1,-1
563,4,1270.34,103.75,396.01,967.01,-1,-1,-1,-1
564,0,1044.18,223.51,260.19,602.94,-1,-1,-1,-1
564,2,536.63,123.98,369.45,947.92,-1,-1,-1,-1
564,4,1296.38,108.30,377.22,964.66,-1,-1,-1,-1
565,0,1048.57,219.00,233.34,611.36,-1,-1,-1,-1
565,2,556.47,123.29,351.65,944.94,-1,-1,-1,-1
565,4,1307.34,122.91,370.39,943.05,-1,-1,-1,-1
566,0,1050.12,218.20,194.41,604.36,-1,-1,-1,-1
566,2,583.36,121.11,316.01,942.49,-1,-1,-1,-1
566,4,1326.76,137.10,348.04,925.38,-1,-1,-1,-1
567,0,1038.15,213.42,171.07,599.83,-1,-1,-1,-1
567,2,608.09,111.74,290.56,954.32,-1,-1,-1,-1
567,4,1340.28,143.16,332.17,914.68,-1,-1,-1,-1
568,0,1011.04,222.67,172.72,583.59,-1,-1,-1,-1
568,2,642.37,101.91,255.88,963.03,-1,-1,-1,-1
568,4,1344.83,131.09,329.35,935.12,-1,-1,-1,-1
569,0,980.93,225.86,191.46,577.47,-1,-1,-1,-1
569,2,659.92,92.57,265.41,974.24,-1,-1,-1,-1
569,4,1350.35,131.69,325.35,926.07,-1,-1,-1,-1
570,0,955.47,218.82,210.53,592.86,-1,-1,-1,-1
570,2,670.79,85.17,293.55,982.20,-1,-1,-1,-1
570,4,1350.58,132.47,325.44,919.10,-1,-1,-1,-1
571,0,946.15,223.91,214.86,582.21,-1,-1,-1,-1
571,2,696.54,72.20,303.89,998.42,-1,-1,-1,-1
571,4,1347.50,138.77,324.20,899.76,-1,-1,-1,-1
572,0,953.41,242.71,189.21,554.52,-1,-1,-1,-1
572,2,728.08,70.81,319.15,991.42,-1,-1,-1,-1
572,4,1343.89,142.76,319.09,893.14,-1,-1,-1,-1
573,0,941.42,250.20,184.34,540.28,-1,-1,-1,-1
573,2,752.88,56.62,350.63,1001.87,-1,-1,-1,-1
573,4,1336.01,145.98,320.38,886.57,-1,-1,-1,-1
574,0,929.43,257.70,179.47,526.04,-1,-1,-1,-1
574,2,785.72,41.87,360.76,1017.39,-1,-1,-1,-1
574,4,1328.03,154.20,320.81,873.84,-1,-1,-1,-1
575,0,917.44,265.19,174.60,511.80,-1,-1,-1,-1
575,2,799.98,41.66,402.09,1025.83,-1,-1,-1,-1
575,4,1322.25,164.84,318.37,850.01,-1,-1,-1,-1
576,0,905.45,272.69,169.74,497.55,-1,-1,-1,-1
576,2,819.38,47.72,434.97,1018.95,-1,-1,-1,-1
576,4,1322.55,174.07,305.55,842.66,-1,-1,-1,-1
577,0,836.98,430.21,177.50,387.30,-1,-1,-1,-1
577,2,827.36,86.12,479.10,964.32,-1,-1,-1,-1
577,4,1318.31,179.58,290.43,836.76,-1,-1,-1,-1
578,0,823.63,461.99,161.58,352.52,-1,-1,-1,-1
578,2,842.27,153.72,495.47,867.12,-1,-1,-1,-1
578,4,1308.44,184.02,288.30,818.36,-1,-1,-1,-1
579,0,810.28,493.76,145.66,317.75,-1,-1,-1,-1
579,2,894.42,174.51,463.91,873.67,-1,-1,-1,-1
579,4,1300.24,185.14,280.77,781.74,-1,-1,-1,-1
580,0,796.93,525.53,129.73,282.97,-1,-1,-1,-1
580,2,950.91,200.58,456.95,857.49,-1,-1,-1,-1
580,4,1309.66,184.98,251.52,745.62,-1,-1,-1,-1
581,0,783.59,557.30,113.80,248.20,-1,-1,-1,-1
581,2,996.47,175.27,477.24,894.87,-1,-1,-1,-1
581,4,1297.23,190.12,248.33,722.53,-1,-1,-1,-1
582,2,1038.82,170.00,463.76,901.85,-1,-1,-1,-1
582,4,1305.64,191.48,228.58,697.13,-1,-1,-1,-1
582,7,746.84,220.28,294.53,644.23,-1,-1,-1,-1
583,2,1064.27,163.50,464.95,913.76,-1,-1,-1,-1
583,4,1312.04,178.63,211.85,746.56,-1,-1,-1,-1
583,7,724.20,228.16,283.69,638.70,-1,-1,-1,-1
584,2,1092.84,152.68,469.37,928.77,-1,-1,-1,-1
584,4,1313.10,190.18,215.74,678.39,-1,-1,-1,-1
584,7,697.44,222.07,275.08,653.37,-1,-1,-1,-1
585,2,1121.18,141.09,460.20,942.75,-1,-1,-1,-1
585,4,1313.37,196.24,207.35,652.07,-1,-1,-1,-1
585,7,679.02,219.09,245.97,671.66,-1,-1,-1,-1
586,2,1152.71,113.00,451.66,978.03,-1,-1,-1,-1
586,4,1313.64,202.29,198.97,625.76,-1,-1,-1,-1
586,7,662.90,221.95,222.88,676.26,-1,-1,-1,-1
587,2,1186.84,88.16,443.81,1006.04,-1,-1,-1,-1
587,4,1313.91,208.35,190.59,599.44,-1,-1,-1,-1
587,7,639.31,224.35,225.45,682.18,-1,-1,-1,-1
588,2,1222.16,91.24,436.78,986.03,-1,-1,-1,-1
588,4,1314.18,214.41,182.21,573.12,-1,-1,-1,-1
588,7,608.63,221.17,250.10,698.66,-1,-1,-1,-1
589,2,1244.50,91.14,434.04,975.42,-1,-1,-1,-1
589,7,589.32,221.04,259.33,710.07,-1,-1,-1,-1
590,2,1256.68,94.81,440.73,972.16,-1,-1,-1,-1
590,4,1227.37,184.82,147.40,637.11,-1,-1,-1,-1
590,7,571.63,221.50,255.80,715.71,-1,-1,-1,-1
591,2,1284.41,96.75,409.10,958.66,-1,-1,-1,-1
591,4,1199.79,177.18,158.81,659.91,-1,-1,-1,-1
591,7,549.93,218.61,248.83,720.45,-1,-1,-1,-1
592,2,1299.31,92.63,419.01,967.16,-1,-1,-1,-1
592,4,1167.99,181.94,184.03,650.40,-1,-1,-1,-1
592,7,534.66,214.88,224.76,723.81,-1,-1,-1,-1
593,2,1322.04,96.50,393.36,937.01,-1,-1,-1,-1
593,4,1131.59,186.77,223.71,645.30,-1,-1,-1,-1
593,7,511.58,208.36,218.11,733.06,-1,-1,-1,-1
594,2,1345.35,101.39,332.43,909.13,-1,-1,-1,-1
594,4,1100.29,195.99,253.11,634.76,-1,-1,-1,-1
594,7,469.98,203.55,246.80,739.75,-1,-1,-1,-1
595,2,1361.76,101.47,279.38,893.33,-1,-1,-1,-1
595,4,1089.84,186.81,249.15,652.52,-1,-1,-1,-1
595,7,443.08,198.96,259.16,753.06,-1,-1,-1,-1
596,2,1364.84,111.40,255.11,883.79,-1,-1,-1,-1
596,4,1069.66,195.68,263.51,643.50,-1,-1,-1,-1
596,7,426.96,200.24,261.77,760.94,-1,-1,-1,-1
597,2,1366.57,112.57,236.57,894.60,-1,-1,-1,-1
597,4,1056.64,204.14,250.07,632.63,-1,-1,-1,-1
597,7,415.81,202.27,256.58,760.77,-1,-1,-1,-1
598,2,1351.85,108.18,239.69,917.74,-1,-1,-1,-1
598,4,1039.67,212.64,242.19,621.13,-1,-1,-1,-1
598,7,395.45,200.61,251.37,761.09,-1,-1,-1,-1
599,2,1336.78,117.40,246.04,896.53,-1,-1,-1,-1
599,4,1026.12,213.92,234.56,619.47,-1,-1,-1,-1
599,7,376.08,198.15,254.65,770.22,-1,-1,-1,-1
600,2,1327.41,120.02,237.17,881.11,-1,-1,-1,-1
600,4,1009.78,203.62,221.47,632.01,-1,-1,-1,-1
600,7,360.05,196.09,261.68,781.63,-1,-1,-1,-1
601,2,1304.52,119.01,251.36,877.26,-1,-1,-1,-1
601,4,992.71,211.37,199.95,620.85,-1,-1,-1,-1
601,7,340.06,192.33,281.20,805.35,-1,-1,-1,-1
602,2,1274.90,118.87,279.21,877.05,-1,-1,-1,-1
602,4,967.82,214.06,204.32,613.41,-1,-1,-1,-1
602,7,319.89,186.73,306.10,826.39,-1,-1,-1,-1
603,2,1245.11,128.21,309.86,859.23,-1,-1,-1,-1
603,4,942.35,218.06,220.05,600.96,-1,-1,-1,-1
603,7,310.71,183.86,322.09,842.07,-1,-1,-1,-1
604,2,1226.42,137.24,325.39,844.76,-1,-1,-1,-1
604,4,913.09,221.86,242.72,586.71,-1,-1,-1,-1
604,7,312.56,186.05,329.01,850.58,-1,-1,-1,-1
605,2,1217.20,138.80,329.45,838.05,-1,-1,-1,-1
605,4,875.79,225.73,275.21,579.90,-1,-1,-1,-1
605,7,322.20,185.39,330.59,864.08,-1,-1,-1,-1
606,2,1217.36,143.42,313.76,824.51,-1,-1,-1,-1
606,4,847.11,231.83,292.46,567.06,-1,-1,-1,-1
606,7,336.81,181.91,322.11,877.79,-1,-1,-1,-1
607,2,1216.86,149.65,304.59,811.61,-1,-1,-1,-1
607,4,827.55,232.39,307.31,562.87,-1,-1,-1,-1
607,7,347.32,177.54,318.35,888.57,-1,-1,-1,-1
608,2,1210.55,155.68,290.17,790.82,-1,-1,-1,-1
608,4,806.05,238.03,312.21,548.71,-1,-1,-1,-1
608,7,362.75,175.62,306.75,895.78,-1,-1,-1,-1
609,2,1205.61,154.80,278.45,775.94,-1,-1,-1,-1
609,4,785.81,230.63,295.47,554.51,-1,-1,-1,-1
609,7,378.68,172.01,294.45,897.43,-1,-1,-1,-1
610,2,1203.82,154.72,259.67,776.15,-1,-1,-1,-1
610,4,762.75,225.24,274.94,562.12,-1,-1,-1,-1
610,7,396.62,174.38,290.19,895.46,-1,-1,-1,-1
611,2,1200.94,158.29,234.88,764.80,-1,-1,-1,-1
611,4,733.70,223.15,270.63,559.27,-1,-1,-1,-1
611,7,416.65,178.96,283.42,889.55,-1,-1,-1,-1
612,2,1179.61,153.45,234.30,752.77,-1,-1,-1,-1
612,4,702.89,213.56,274.20,571.66,-1,-1,-1,-1
612,7,436.64,181.10,274.73,884.57,-1,-1,-1,-1
613,2,1161.86,148.21,237.23,745.61,-1,-1,-1,-1
613,4,688.56,214.53,266.95,570.78,-1,-1,-1,-1
613,7,452.34,184.84,271.63,880.63,-1,-1,-1,-1
614,2,1141.17,143.22,248.49,751.71,-1,-1,-1,-1
614,4,680.64,212.11,259.82,575.42,-1,-1,-1,-1
614,7,471.10,177.64,267.30,894.70,-1,-1,-1,-1
615,2,1119.13,145.69,270.36,747.59,-1,-1,-1,-1
615,4,694.38,221.19,238.25,567.64,-1,-1,-1,-1
615,7,492.00,170.73,273.54,908.36,-1,-1,-1,-1
616,2,1108.34,151.70,278.82,733.13,-1,-1,-1,-1
616,4,710.00,227.01,214.29,559.86,-1,-1,-1,-1
616,7,520.59,178.41,266.88,893.10,-1,-1,-1,-1
617,2,1111.04,158.61,273.34,723.69,-1,-1,-1,-1
617,4,719.87,228.47,198.31,566.70,-1,-1,-1,-1
617,7,543.27,163.39,282.66,905.37,-1,-1,-1,-1
618,2,1110.07,164.51,284.12,717.68,-1,-1,-1,-1
618,4,709.15,229.16,198.55,567.40,-1,-1,-1,-1
618,7,576.46,141.83,295.62,931.41,-1,-1,-1,-1
619,2,1104.12,171.82,280.05,711.18,-1,-1,-1,-1
619,4,698.43,229.85,198.79,568.10,-1,-1,-1,-1
619,7,612.66,145.12,291.26,924.95,-1,-1,-1,-1
620,2,1108.38,179.96,260.87,696.85,-1,-1,-1,-1
620,4,687.71,230.54,199.02,568.79,-1,-1,-1,-1
620,7,634.90,132.27,325.10,945.02,-1,-1,-1,-1
621,2,1113.91,179.95,221.39,690.63,-1,-1,-1,-1
621,4,623.88,240.24,163.15,550.71,-1,-1,-1,-1
621,7,639.77,163.20,387.57,904.09,-1,-1,-1,-1
622,2,1100.96,174.76,216.33,693.07,-1,-1,-1,-1
622,4,584.09,239.44,178.53,555.57,-1,-1,-1,-1
622,7,667.76,185.57,391.98,880.26,-1,-1,-1,-1
623,2,1092.18,177.87,202.66,683.64,-1,-1,-1,-1
623,4,542.48,234.23,219.18,571.36,-1,-1,-1,-1
623,7,702.42,215.50,362.16,843.59,-1,-1,-1,-1
624,2,1064.32,174.39,212.66,684.47,-1,-1,-1,-1
624,4,504.76,228.10,258.50,591.81,-1,-1,-1,-1
624,7,738.82,176.15,338.19,901.62,-1,-1,-1,-1
625,2,1041.98,176.15,219.58,695.28,-1,-1,-1,-1
625,4,471.05,233.35,290.63,594.48,-1,-1,-1,-1
625,7,771.62,169.26,324.80,903.75,-1,-1,-1,-1
626,2,1024.98,175.37,227.52,692.07,-1,-1,-1,-1
626,4,452.65,238.90,303.82,595.46,-1,-1,-1,-1
626,7,813.56,172.11,292.29,887.88,-1,-1,-1,-1
627,2,1020.78,177.94,222.44,680.07,-1,-1,-1,-1
627,4,437.16,237.56,309.09,611.71,-1,-1,-1,-1
627,7,859.70,175.93,276.95,874.14,-1,-1,-1,-1
628,2,1008.94,167.86,228.65,730.50,-1,-1,-1,-1
628,4,430.89,242.12,297.09,612.10,-1,-1,-1,-1
628,7,889.15,149.63,298.05,907.80,-1,-1,-1,-1
629,2,993.96,159.94,234.85,750.36,-1,-1,-1,-1
629,4,428.59,239.00,271.64,622.37,-1,-1,-1,-1
629,7,913.67,128.75,315.17,939.51,-1,-1,-1,-1
630,2,978.98,152.01,241.04,770.21,-1,-1,-1,-1
630,4,429.39,239.69,245.63,621.26,-1,-1,-1,-1
630,7,928.34,117.23,331.26,953.14,-1,-1,-1,-1
631,2,964.00,144.09,247.23,790.07,-1,-1,-1,-1
631,4,424.99,233.38,233.01,632.87,-1,-1,-1,-1
631,7,943.55,125.62,355.66,937.42,-1,-1,-1,-1
632,2,949.02,136.17,253.42,809.93,-1,-1,-1,-1
632,4,418.08,222.14,226.41,648.95,-1,-1,-1,-1
632,7,954.17,141.17,383.59,924.23,-1,-1,-1,-1
633,2,948.32,212.93,175.78,584.84,-1,-1,-1,-1
633,4,405.73,221.55,230.79,649.46,-1,-1,-1,-1
633,7,965.32,133.10,394.10,936.61,-1,-1,-1,-1
634,2,922.62,198.80,182.09,573.43,-1,-1,-1,-1
634,4,390.75,221.90,234.25,651.44,-1,-1,-1,-1
634,7,981.51,100.70,389.67,977.41,-1,-1,-1,-1
635,2,904.00,194.80,195.12,581.47,-1,-1,-1,-1
635,4,375.78,221.62,239.38,662.05,-1,-1,-1,-1
635,7,1010.24,108.77,370.39,964.07,-1,-1,-1,-1
636,2,881.51,186.78,216.27,602.74,-1,-1,-1,-1
636,4,366.54,210.59,235.17,694.73,-1,-1,-1,-1
636,7,1064.48,115.94,319.80,951.69,-1,-1,-1,-1
637,2,855.76,189.00,238.99,604.11,-1,-1,-1,-1
637,4,367.01,204.89,219.41,718.07,-1,-1,-1,-1
637,7,1104.63,126.05,294.52,938.89,-1,-1,-1,-1
638,2,832.30,192.97,265.98,608.45,-1,-1,-1,-1
638,4,366.32,195.55,221.71,740.44,-1,-1,-1,-1
638,7,1163.04,126.90,250.56,932.82,-1,-1,-1,-1
639,2,820.65,200.60,263.84,601.96,-1,-1,-1,-1
639,4,367.03,191.54,214.68,748.24,-1,-1,-1,-1
639,7,1198.56,131.82,250.94,922.87,-1,-1,-1,-1
640,2,815.96,207.52,246.09,599.95,-1,-1,-1,-1
640,4,367.77,193.05,204.72,754.41,-1,-1,-1,-1
640,7,1222.57,127.29,257.87,929.95,-1,-1,-1,-1
641,2,811.75,215.15,212.38,591.23,-1,-1,-1,-1
641,4,364.51,193.60,197.29,762.96,-1,-1,-1,-1
641,7,1238.83,129.39,268.51,927.61,-1,-1,-1,-1
642,2,796.75,205.55,194.83,613.30,-1,-1,-1,-1
642,4,353.45,188.23,202.73,788.88,-1,-1,-1,-1
642,7,1250.64,136.46,280.43,922.98,-1,-1,-1,-1
643,2,776.67,201.92,187.29,616.95,-1,-1,-1,-1
643,4,334.92,191.37,221.31,775.98,-1,-1,-1,-1
643,7,1263.29,137.29,290.66,926.34,-1,-1,-1,-1
644,2,754.73,201.73,189.07,617.38,-1,-1,-1,-1
644,4,314.41,192.48,245.60,779.77,-1,-1,-1,-1
644,7,1278.29,135.71,298.62,934.70,-1,-1,-1,-1
645,2,719.89,210.72,212.90,600.28,-1,-1,-1,-1
645,4,296.93,189.53,263.81,795.76,-1,-1,-1,-1
645,7,1293.79,123.25,306.07,951.45,-1,-1,-1,-1
646,2,689.47,215.85,232.12,598.85,-1,-1,-1,-1
646,4,279.96,184.05,282.58,828.00,-1,-1,-1,-1
646,7,1311.31,123.00,314.19,951.21,-1,-1,-1,-1
647,2,675.52,223.49,238.98,587.62,-1,-1,-1,-1
647,4,265.65,181.54,299.71,852.97,-1,-1,-1,-1
647,7,1332.08,134.60,308.54,926.10,-1,-1,-1,-1
648,2,662.40,225.17,238.26,590.55,-1,-1,-1,-1
648,4,255.65,183.92,310.26,862.28,-1,-1,-1,-1
648,7,1352.95,130.58,297.38,931.52,-1,-1,-1,-1
649,2,657.91,230.51,221.47,590.98,-1,-1,-1,-1
649,4,245.87,180.88,319.92,880.90,-1,-1,-1,-1
649,7,1361.37,130.80,309.72,929.04,-1,-1,-1,-1
650,2,649.62,234.45,224.06,586.05,-1,-1,-1,-1
650,4,241.18,180.57,322.41,892.71,-1,-1,-1,-1
650,7,1366.70,134.66,321.90,919.06,-1,-1,-1,-1
651,2,625.15,229.53,273.95,585.29,-1,-1,-1,-1
651,4,232.63,179.23,329.01,892.62,-1,-1,-1,-1
651,7,1373.81,142.95,325.22,905.22,-1,-1,-1,-1
652,2,606.84,224.24,313.08,590.54,-1,-1,-1,-1
652,4,224.28,177.09,338.20,888.26,-1,-1,-1,-1
652,7,1378.93,149.97,338.83,892.72,-1,-1,-1,-1
653,2,591.60,219.48,326.42,600.19,-1,-1,-1,-1
653,4,230.71,173.15,341.01,890.04,-1,-1,-1,-1
653,7,1374.57,154.49,361.37,883.20,-1,-1,-1,-1
654,2,579.30,214.98,331.57,609.18,-1,-1,-1,-1
654,4,246.39,160.62,345.69,915.34,-1,-1,-1,-1
654,7,1363.68,153.97,375.78,875.94,-1,-1,-1,-1
655,2,575.06,216.47,314.57,609.92,-1,-1,-1,-1
655,4,259.45,151.99,359.51,930.88,-1,-1,-1,-1
655,7,1355.26,151.29,386.19,874.51,-1,-1,-1,-1
656,2,577.97,214.22,271.26,626.68,-1,-1,-1,-1
656,4,297.02,149.95,357.77,934.76,-1,-1,-1,-1
656,7,1347.22,153.10,398.09,852.80,-1,-1,-1,-1
657,2,575.27,211.81,240.44,625.19,-1,-1,-1,-1
657,4,325.84,158.59,369.62,923.73,-1,-1,-1,-1
657,7,1348.08,152.35,403.47,838.24,-1,-1,-1,-1
658,2,575.70,213.91,211.42,596.20,-1,-1,-1,-1
658,4,343.55,172.30,375.82,903.25,-1,-1,-1,-1
658,7,1360.14,150.92,396.67,828.87,-1,-1,-1,-1
659,2,583.16,227.53,181.99,496.57,-1,-1,-1,-1
659,4,366.57,178.44,377.36,896.54,-1,-1,-1,-1
659,7,1377.58,160.45,380.96,805.99,-1,-1,-1,-1
660,2,580.50,244.84,163.47,446.03,-1,-1,-1,-1
660,4,406.75,164.89,345.72,913.66,-1,-1,-1,-1
660,7,1384.17,163.12,368.84,799.07,-1,-1,-1,-1
661,2,577.83,262.15,144.95,395.50,-1,-1,-1,-1
661,4,447.02,151.03,313.66,926.13,-1,-1,-1,-1
661,7,1381.45,169.61,361.39,796.54,-1,-1,-1,-1
662,2,575.17,279.45,126.43,344.97,-1,-1,-1,-1
662,4,474.19,145.06,300.15,925.47,-1,-1,-1,-1
662,7,1378.45,175.06,348.78,788.16,-1,-1,-1,-1
663,2,572.51,296.76,107.91,294.44,-1,-1,-1,-1
663,4,476.93,135.17,326.21,929.17,-1,-1,-1,-1
663,7,1375.36,232.69,331.05,702.30,-1,-1,-1,-1
664,4,495.27,130.00,356.19,938.96,-1,-1,-1,-1
664,7,1363.73,218.93,319.63,714.08,-1,-1,-1,-1
665,2,446.81,168.90,211.84,762.91,-1,-1,-1,-1
665,4,536.14,127.28,345.18,936.98,-1,-1,-1,-1
665,7,1353.07,202.87,316.06,734.54,-1,-1,-1,-1
666,2,420.89,160.11,232.52,794.45,-1,-1,-1,-1
666,4,568.67,119.98,355.13,952.29,-1,-1,-1,-1
666,7,1345.01,230.77,306.99,686.95,-1,-1,-1,-1
667,2,404.19,164.69,239.49,794.37,-1,-1,-1,-1
667,4,600.42,128.12,354.58,944.15,-1,-1,-1,-1
667,7,1335.67,213.64,294.70,698.05,-1,-1,-1,-1
668,2,394.35,176.69,234.85,773.81,-1,-1,-1,-1
668,4,612.83,112.31,378.38,963.39,-1,-1,-1,-1
668,7,1325.51,203.14,285.14,705.59,-1,-1,-1,-1
669,2,387.47,185.12,225.65,753.76,-1,-1,-1,-1
669,4,644.90,103.76,384.01,975.84,-1,-1,-1,-1
669,7,1315.67,197.38,274.40,703.04,-1,-1,-1,-1
670,2,377.91,189.46,224.41,741.61,-1,-1,-1,-1
670,4,677.39,115.70,387.73,952.34,-1,-1,-1,-1
670,7,1307.70,200.18,260.02,697.19,-1,-1,-1,-1
671,2,369.21,185.35,232.40,754.78,-1,-1,-1,-1
671,4,711.10,113.90,375.18,955.06,-1,-1,-1,-1
671,7,1295.23,197.45,260.46,696.60,-1,-1,-1,-1
672,2,369.95,187.45,220.95,766.18,-1,-1,-1,-1
672,4,750.33,97.83,367.96,978.12,-1,-1,-1,-1
672,7,1280.19,198.08,259.25,698.34,-1,-1,-1,-1
673,2,373.61,180.24,214.44,783.83,-1,-1,-1,-1
673,4,796.79,94.64,360.73,978.80,-1,-1,-1,-1
673,7,1265.65,206.66,256.95,676.86,-1,-1,-1,-1
674,2,367.16,174.55,227.50,801.00,-1,-1,-1,-1
674,4,846.47,94.19,342.51,978.59,-1,-1,-1,-1
674,7,1254.55,223.36,246.43,648.33,-1,-1,-1,-1